4095
0
0
0
0
0
0
0
4095
0
0
0
0
0
0
0
4095
0
0
0
0
0
0
0
4095
0
0
0
0
0
0
0
4095
0
0
0
0
0
0
0
4095
0
0
0
0
0
0
0
4095
0
0
0
0
0
0
0
4095
0
0
0
0
0
0
0
4095
0
0
0
0
0
0
0
4095
0
0
0
0
0
0
0
4095
0
0
0
0
0
0
0
4095
0
0
0
0
0
0
0
4095
0
0
0
0
0
0
0
4095
0
0
0
0
0
0
0
4095
0
0
0
0
0
0
0
4095
0
0
0
0
0
0
0
4095
0
0
0
0
0
0
0
4095
0
0
0
0
0
0
0
4095
0
0
0
0
0
0
0
4095
0
0
0
0
0
0
0
4095
0
0
0
0
0
0
0
4095
0
0
0
0
0
0
0
4095
0
0
0
0
0
0
0
4092
4092
0
0
0
0
0
0
4092
4092
0
0
0
0
0
0
0
0
0
0
0
0
0
0
4092
4092
0
0
0
0
0
0
4092
4092
0
0
0
0
0
0
0
0
0
0
0
0
0
0
4092
4092
0
0
0
0
0
0
4091
4092
0
0
0
0
0
0
1
1
0
0
0
0
0
0
4093
4091
0
0
0
0
0
0
4088
4090
0
0
0
0
0
0
4
5
0
0
0
0
0
0
4092
4090
0
0
0
0
0
0
4086
4088
0
0
0
0
0
0
9
10
0
0
0
0
0
0
4091
4087
0
0
0
0
0
0
4082
4086
0
0
0
0
0
0
14
16
0
0
0
0
0
0
4089
4084
0
0
0
0
0
0
4078
4081
0
0
0
0
0
0
20
21
0
0
0
0
0
0
4088
4082
0
0
0
0
0
0
4072
4077
0
0
0
0
0
0
28
29
0
0
0
0
0
0
4085
4076
0
0
0
0
0
0
4067
4074
0
0
0
0
0
0
36
37
0
0
0
0
0
0
4083
4074
0
0
0
0
0
0
4061
4069
0
0
0
0
0
0
46
47
0
0
0
0
0
0
4082
4070
0
0
0
0
0
0
4053
4063
0
0
0
0
0
0
56
57
0
0
0
0
0
0
4079
4065
0
0
0
0
0
0
4045
4057
0
0
0
0
0
0
68
69
0
0
0
0
0
0
4075
4059
0
0
0
0
0
0
4037
4050
0
0
0
0
0
0
78
81
0
0
0
0
0
0
4071
4052
0
0
0
0
0
0
4029
4045
0
0
0
0
0
0
92
93
0
0
0
0
0
0
4068
4045
0
0
0
0
0
0
4018
4037
0
0
0
0
0
0
104
108
0
0
0
0
0
0
4065
4040
0
0
0
0
0
0
4006
4029
0
0
0
0
0
0
120
123
0
0
0
0
0
0
4061
4031
0
0
0
0
0
0
3995
4020
0
0
0
0
0
0
136
139
0
0
0
0
0
0
4057
4025
0
0
0
0
0
0
3984
4012
0
0
0
0
0
0
153
157
0
0
0
0
0
0
4052
4016
0
0
0
0
0
0
3971
4002
0
0
0
0
0
0
168
174
0
0
0
0
0
0
4048
4008
0
0
0
0
0
0
3958
3993
0
0
0
0
0
0
187
192
0
0
0
0
0
0
4041
3999
0
0
0
0
0
0
3944
3982
0
0
0
0
0
0
208
214
0
0
0
0
0
0
4037
3989
0
0
0
0
0
0
3928
3971
0
0
0
0
0
0
226
233
0
0
0
0
0
0
4032
3980
0
0
0
0
0
0
3913
3960
0
0
0
0
0
0
247
255
0
0
0
0
0
0
4026
3970
0
0
0
0
0
0
3897
3947
0
0
0
0
0
0
269
276
0
0
0
0
0
0
4022
3958
0
0
0
0
0
0
3881
3936
0
0
0
0
0
0
292
301
0
0
0
0
0
0
4014
3947
0
0
0
0
0
0
3864
3923
0
0
0
0
0
0
316
326
0
0
0
0
0
0
4010
3937
0
0
0
0
0
0
3845
3909
0
0
0
0
0
0
339
350
0
0
0
0
0
0
4002
3924
0
0
0
0
0
0
3826
3894
0
0
0
0
0
0
365
377
0
0
0
0
0
0
3996
3912
0
0
0
0
0
0
3810
3883
0
0
0
0
0
0
391
404
0
0
0
0
0
0
3988
3899
0
0
0
0
0
0
3788
3866
0
0
0
0
0
0
419
431
0
0
0
0
0
0
3981
3886
0
0
0
0
0
0
3768
3852
0
0
0
0
0
0
446
459
0
0
0
0
0
0
3974
3873
0
0
0
0
0
0
3747
3837
0
0
0
0
0
0
475
490
0
0
0
0
0
0
3967
3859
0
0
0
0
0
0
3725
3821
0
0
0
0
0
0
504
519
0
0
0
0
0
0
3959
3844
0
0
0
0
0
0
3705
3805
0
0
0
0
0
0
535
551
0
0
0
0
0
0
3951
3830
0
0
0
0
0
0
3682
3789
0
0
0
0
0
0
565
583
0
0
0
0
0
0
3943
3814
0
0
0
0
0
0
3657
3769
0
0
0
0
0
0
597
615
0
0
0
0
0
0
3934
3799
0
0
0
0
0
0
3634
3753
0
0
0
0
0
0
630
649
0
0
0
0
0
0
3927
3784
0
0
0
0
0
0
3610
3735
0
0
0
0
0
0
662
682
0
0
0
0
0
0
3916
3767
0
0
0
0
0
0
3585
3716
0
0
0
0
0
0
696
717
0
0
0
0
0
0
3908
3750
0
0
0
0
0
0
3560
3697
0
0
0
0
0
0
732
753
0
0
0
0
0
0
3899
3734
0
0
0
0
0
0
3532
3677
0
0
0
0
0
0
767
789
0
0
0
0
0
0
3890
3717
0
0
0
0
0
0
3508
3660
0
0
0
0
0
0
803
826
0
0
0
0
0
0
3879
3699
0
0
0
0
0
0
3480
3640
0
0
0
0
0
0
839
864
0
0
0
0
0
0
3871
3682
0
0
0
0
0
0
3453
3619
0
0
0
0
0
0
877
902
0
0
0
0
0
0
3860
3663
0
0
0
0
0
0
3424
3597
0
0
0
0
0
0
915
941
0
0
0
0
0
0
3850
3645
0
0
0
0
0
0
3397
3576
0
0
0
0
0
0
953
981
0
0
0
0
0
0
3841
3626
0
0
0
0
0
0
3367
3555
0
0
0
0
0
0
993
1022
0
0
0
0
0
0
3831
3607
0
0
0
0
0
0
3338
3532
0
0
0
0
0
0
1033
1064
0
0
0
0
0
0
3820
3588
0
0
0
0
0
0
3309
3511
0
0
0
0
0
0
1074
1105
0
0
0
0
0
0
3810
3569
0
0
0
0
0
0
3276
3489
0
0
0
0
0
0
1116
1146
0
0
0
0
0
0
3799
3549
0
0
0
0
0
0
3247
3466
0
0
0
0
0
0
1156
1189
0
0
0
0
0
0
3788
3529
0
0
0
0
0
0
3216
3442
0
0
0
0
0
0
1198
1233
0
0
0
0
0
0
3777
3509
0
0
0
0
0
0
3184
3419
0
0
0
0
0
0
1242
1277
0
0
0
0
0
0
3764
3488
0
0
0
0
0
0
3152
3396
0
0
0
0
0
0
1286
1322
0
0
0
0
0
0
3753
3467
0
0
0
0
0
0
3120
3372
0
0
0
0
0
0
1328
1366
0
0
0
0
0
0
3742
3445
0
0
0
0
0
0
3088
3349
0
0
0
0
0
0
1372
1412
0
0
0
0
0
0
3731
3424
0
0
0
0
0
0
3054
3323
0
0
0
0
0
0
1418
1458
0
0
0
0
0
0
3718
3402
0
0
0
0
0
0
3021
3299
0
0
0
0
0
0
1462
1505
0
0
0
0
0
0
3708
3381
0
0
0
0
0
0
2987
3274
0
0
0
0
0
0
1508
1552
0
0
0
0
0
0
3695
3359
0
0
0
0
0
0
2952
3248
0
0
0
0
0
0
1554
1599
0
0
0
0
0
0
3684
3338
0
0
0
0
0
0
2920
3225
0
0
0
0
0
0
1602
1647
0
0
0
0
0
0
3670
3314
0
0
0
0
0
0
2885
3198
0
0
0
0
0
0
1648
1694
0
0
0
0
0
0
3660
3293
0
0
0
0
0
0
2852
3173
0
0
0
0
0
0
1694
1742
0
0
0
0
0
0
3646
3269
0
0
0
0
0
0
2815
3146
0
0
0
0
0
0
1743
1792
0
0
0
0
0
0
3633
3246
0
0
0
0
0
0
2780
3120
0
0
0
0
0
0
1791
1840
0
0
0
0
0
0
3621
3222
0
0
0
0
0
0
2744
3092
0
0
0
0
0
0
1838
1891
0
0
0
0
0
0
3609
3201
0
0
0
0
0
0
2708
3066
0
0
0
0
0
0
1887
1940
0
0
0
0
0
0
3596
3177
0
0
0
0
0
0
2671
3040
0
0
0
0
0
0
1936
1990
0
0
0
0
0
0
3582
3152
0
0
0
0
0
0
2635
3013
0
0
0
0
0
0
1985
2041
0
0
0
0
0
0
3570
3129
0
0
0
0
0
0
2600
2986
0
0
0
0
0
0
2036
2093
0
0
0
0
0
0
3558
3105
0
0
0
0
0
0
2561
2959
0
0
0
0
0
0
2085
2143
0
0
0
0
0
0
3544
3081
0
0
0
0
0
0
2525
2931
0
0
0
0
0
0
2135
2195
0
0
0
0
0
0
3531
3058
0
0
0
0
0
0
2489
2904
0
0
0
0
0
0
2184
2245
0
0
0
0
0
0
3518
3033
0
0
0
0
0
0
2451
2877
0
0
0
0
0
0
2236
2298
0
0
0
0
0
0
3505
3010
0
0
0
0
0
0
2413
2849
0
0
0
0
0
0
2286
2350
0
0
0
0
0
0
3491
2984
0
0
0
0
0
0
2376
2821
0
0
0
0
0
0
2337
2401
0
0
0
0
0
0
3478
2960
0
0
0
0
0
0
2339
2794
0
0
0
0
0
0
2386
2454
0
0
0
0
0
0
3465
2936
0
0
0
0
0
0
2302
2767
0
0
0
0
0
0
2437
2505
0
0
0
0
0
0
3451
2911
0
0
0
0
0
0
2265
2737
0
0
0
0
0
0
2488
2558
0
0
0
0
0
0
3437
2886
0
0
0
0
0
0
2225
2710
0
0
0
0
0
0
2539
2611
0
0
0
0
0
0
3425
2862
0
0
0
0
0
0
2189
2682
0
0
0
0
0
0
2590
2663
0
0
0
0
0
0
3411
2838
0
0
0
0
0
0
2151
2653
0
0
0
0
0
0
2642
2715
0
0
0
0
0
0
3397
2813
0
0
0
0
0
0
2114
2627
0
0
0
0
0
0
2693
2770
0
0
0
0
0
0
3384
2788
0
0
0
0
0
0
2076
2598
0
0
0
0
0
0
2743
2821
0
0
0
0
0
0
3371
2765
0
0
0
0
0
0
2036
2569
0
0
0
0
0
0
2795
2873
0
0
0
0
0
0
3357
2738
0
0
0
0
0
0
1999
2541
0
0
0
0
0
0
2847
2926
0
0
0
0
0
0
3343
2713
0
0
0
0
0
0
1962
2515
0
0
0
0
0
0
2897
2978
0
0
0
0
0
0
3331
2690
0
0
0
0
0
0
1923
2487
0
0
0
0
0
0
2950
3032
0
0
0
0
0
0
3317
2665
0
0
0
0
0
0
1887
2459
0
0
0
0
0
0
2999
3083
0
0
0
0
0
0
3304
2642
0
0
0
0
0
0
1849
2430
0
0
0
0
0
0
3050
3134
0
0
0
0
0
0
3291
2617
0
0
0
0
0
0
1811
2402
0
0
0
0
0
0
3100
3187
0
0
0
0
0
0
3277
2591
0
0
0
0
0
0
1405
3145
0
0
0
0
0
0
3151
3234
0
0
0
0
0
0
3290
2599
0
0
0
0
0
0
1368
3118
0
0
0
0
0
0
3201
3285
0
0
0
0
0
0
3277
2573
0
0
0
0
0
0
1330
3090
0
0
0
0
0
0
3251
3336
0
0
0
0
0
0
3454
2438
0
0
0
0
0
0
139
2447
0
0
0
0
0
0
3317
3390
0
0
0
0
0
0
3442
2415
0
0
0
0
0
0
101
2420
0
0
0
0
0
0
3366
3441
0
0
0
0
0
0
3428
2391
0
0
0
0
0
0
64
2392
0
0
0
0
0
0
3417
3492
0
0
0
0
0
0
3416
2367
0
0
0
0
0
0
29
2366
0
0
0
0
0
0
3467
3543
0
0
0
0
0
0
3403
2344
0
0
0
0
0
0
4088
2340
0
0
0
0
0
0
3516
3593
0
0
0
0
0
0
3390
2319
0
0
0
0
0
0
4053
2313
0
0
0
0
0
0
3565
3645
0
0
0
0
0
0
3377
2296
0
0
0
0
0
0
4016
2286
0
0
0
0
0
0
3613
3694
0
0
0
0
0
0
3364
2273
0
0
0
0
0
0
3733
212
0
0
0
0
0
0
3634
1593
0
0
0
0
0
0
3630
2351
0
0
0
0
0
0
3693
186
0
0
0
0
0
0
3681
1642
0
0
0
0
0
0
3616
2328
0
0
0
0
0
0
3658
159
0
0
0
0
0
0
3730
1692
0
0
0
0
0
0
3604
2304
0
0
0
0
0
0
3624
133
0
0
0
0
0
0
3777
1739
0
0
0
0
0
0
3592
2281
0
0
0
0
0
0
3588
107
0
0
0
0
0
0
3822
1787
0
0
0
0
0
0
3579
2260
0
0
0
0
0
0
3555
83
0
0
0
0
0
0
3869
1835
0
0
0
0
0
0
3568
2239
0
0
0
0
0
0
3521
58
0
0
0
0
0
0
3915
1882
0
0
0
0
0
0
3556
2215
0
0
0
0
0
0
3487
34
0
0
0
0
0
0
3960
1928
0
0
0
0
0
0
3544
2193
0
0
0
0
0
0
3454
8
0
0
0
0
0
0
4006
1974
0
0
0
0
0
0
3533
2173
0
0
0
0
0
0
3419
4079
0
0
0
0
0
0
4052
2021
0
0
0
0
0
0
3521
2151
0
0
0
0
0
0
3387
4055
0
0
0
0
0
0
0
2067
0
0
0
0
0
0
3508
2129
0
0
0
0
0
0
3356
4030
0
0
0
0
0
0
43
2111
0
0
0
0
0
0
3497
2109
0
0
0
0
0
0
3322
4008
0
0
0
0
0
0
85
2155
0
0
0
0
0
0
3487
2089
0
0
0
0
0
0
3292
3985
0
0
0
0
0
0
128
2199
0
0
0
0
0
0
3476
2068
0
0
0
0
0
0
3261
3962
0
0
0
0
0
0
169
2242
0
0
0
0
0
0
3464
2047
0
0
0
0
0
0
3228
3939
0
0
0
0
0
0
212
2285
0
0
0
0
0
0
3453
2027
0
0
0
0
0
0
3198
3915
0
0
0
0
0
0
253
2328
0
0
0
0
0
0
3444
2008
0
0
0
0
0
0
3168
3893
0
0
0
0
0
0
294
2369
0
0
0
0
0
0
3433
1989
0
0
0
0
0
0
3016
4006
0
0
0
0
0
0
2191
2755
0
0
0
0
0
0
2632
2220
0
0
0
0
0
0
2993
3980
0
0
0
0
0
0
2229
2794
0
0
0
0
0
0
2620
2201
0
0
0
0
0
0
2964
3960
0
0
0
0
0
0
2268
2834
0
0
0
0
0
0
2610
2181
0
0
0
0
0
0
2936
3938
0
0
0
0
0
0
2307
2873
0
0
0
0
0
0
2600
2163
0
0
0
0
0
0
2909
3919
0
0
0
0
0
0
2342
2911
0
0
0
0
0
0
2591
2146
0
0
0
0
0
0
2881
3899
0
0
0
0
0
0
2378
2949
0
0
0
0
0
0
2581
2127
0
0
0
0
0
0
2856
3881
0
0
0
0
0
0
2416
2986
0
0
0
0
0
0
2571
2111
0
0
0
0
0
0
2828
3859
0
0
0
0
0
0
2450
3021
0
0
0
0
0
0
2562
2093
0
0
0
0
0
0
2802
3840
0
0
0
0
0
0
2486
3058
0
0
0
0
0
0
2553
2077
0
0
0
0
0
0
2777
3822
0
0
0
0
0
0
2518
3090
0
0
0
0
0
0
2545
2061
0
0
0
0
0
0
2753
3803
0
0
0
0
0
0
2551
3125
0
0
0
0
0
0
2537
2045
0
0
0
0
0
0
2730
3786
0
0
0
0
0
0
2584
3159
0
0
0
0
0
0
2528
2030
0
0
0
0
0
0
2706
3768
0
0
0
0
0
0
2614
3190
0
0
0
0
0
0
2520
2016
0
0
0
0
0
0
2683
3751
0
0
0
0
0
0
2647
3223
0
0
0
0
0
0
2511
1999
0
0
0
0
0
0
2661
3734
0
0
0
0
0
0
2677
3253
0
0
0
0
0
0
2505
1987
0
0
0
0
0
0
2640
3719
0
0
0
0
0
0
2706
3284
0
0
0
0
0
0
2497
1973
0
0
0
0
0
0
2617
3703
0
0
0
0
0
0
2733
3311
0
0
0
0
0
0
2490
1960
0
0
0
0
0
0
2596
3687
0
0
0
0
0
0
2762
3341
0
0
0
0
0
0
2482
1946
0
0
0
0
0
0
2576
3672
0
0
0
0
0
0
2789
3368
0
0
0
0
0
0
2475
1934
0
0
0
0
0
0
2558
3658
0
0
0
0
0
0
2814
3395
0
0
0
0
0
0
2468
1921
0
0
0
0
0
0
2537
3643
0
0
0
0
0
0
2840
3421
0
0
0
0
0
0
2462
1909
0
0
0
0
0
0
2521
3631
0
0
0
0
0
0
2864
3446
0
0
0
0
0
0
2455
1897
0
0
0
0
0
0
2503
3619
0
0
0
0
0
0
2887
3469
0
0
0
0
0
0
2449
1886
0
0
0
0
0
0
2487
3606
0
0
0
0
0
0
2910
3492
0
0
0
0
0
0
2444
1876
0
0
0
0
0
0
2470
3595
0
0
0
0
0
0
2931
3514
0
0
0
0
0
0
2439
1866
0
0
0
0
0
0
2454
3582
0
0
0
0
0
0
2951
3536
0
0
0
0
0
0
2433
1855
0
0
0
0
0
0
2440
3571
0
0
0
0
0
0
2972
3557
0
0
0
0
0
0
2428
1847
0
0
0
0
0
0
2425
3561
0
0
0
0
0
0
2992
3576
0
0
0
0
0
0
2423
1838
0
0
0
0
0
0
2411
3550
0
0
0
0
0
0
3010
3593
0
0
0
0
0
0
2418
1829
0
0
0
0
0
0
2398
3541
0
0
0
0
0
0
3025
3612
0
0
0
0
0
0
2414
1821
0
0
0
0
0
0
2386
3532
0
0
0
0
0
0
3044
3629
0
0
0
0
0
0
2410
1814
0
0
0
0
0
0
2375
3523
0
0
0
0
0
0
3058
3644
0
0
0
0
0
0
2406
1806
0
0
0
0
0
0
2364
3517
0
0
0
0
0
0
3074
3660
0
0
0
0
0
0
2402
1799
0
0
0
0
0
0
2353
3508
0
0
0
0
0
0
3087
3674
0
0
0
0
0
0
2398
1793
0
0
0
0
0
0
2344
3500
0
0
0
0
0
0
3099
3687
0
0
0
0
0
0
2395
1787
0
0
0
0
0
0
2335
3494
0
0
0
0
0
0
3111
3698
0
0
0
0
0
0
2392
1782
0
0
0
0
0
0
2327
3488
0
0
0
0
0
0
3119
3708
0
0
0
0
0
0
2389
1776
0
0
0
0
0
0
2318
3483
0
0
0
0
0
0
3130
3719
0
0
0
0
0
0
2388
1772
0
0
0
0
0
0
2313
3477
0
0
0
0
0
0
3141
3729
0
0
0
0
0
0
2385
1768
0
0
0
0
0
0
2307
3473
0
0
0
0
0
0
3147
3735
0
0
0
0
0
0
2383
1763
0
0
0
0
0
0
2301
3469
0
0
0
0
0
0
3154
3742
0
0
0
0
0
0
2381
1762
0
0
0
0
0
0
2296
3466
0
0
0
0
0
0
3161
3750
0
0
0
0
0
0
2380
1759
0
0
0
0
0
0
2293
3463
0
0
0
0
0
0
3166
3755
0
0
0
0
0
0
2378
1756
0
0
0
0
0
0
2290
3461
0
0
0
0
0
0
3169
3757
0
0
0
0
0
0
2377
1754
0
0
0
0
0
0
2287
3458
0
0
0
0
0
0
3172
3760
0
0
0
0
0
0
2377
1753
0
0
0
0
0
0
2285
3458
0
0
0
0
0
0
3175
3764
0
0
0
0
0
0
2377
1753
0
0
0
0
0
0
2286
3459
0
0
0
0
0
0
3175
3764
0
0
0
0
0
0
2377
1753
0
0
0
0
0
0
2286
3459
0
0
0
0
0
0
3175
3764
0
0
0
0
0
0
2377
1753
0
0
0
0
0
0
2286
3459
0
0
0
0
0
0
3175
3764
0
0
0
0
0
0
2377
1753
0
0
0
0
0
0
2285
3458
0
0
0
0
0
0
3174
3762
0
0
0
0
0
0
2377
1753
0
0
0
0
0
0
2287
3458
0
0
0
0
0
0
3170
3759
0
0
0
0
0
0
2378
1755
0
0
0
0
0
0
2290
3461
0
0
0
0
0
0
3167
3756
0
0
0
0
0
0
2379
1756
0
0
0
0
0
0
2293
3463
0
0
0
0
0
0
3163
3751
0
0
0
0
0
0
2380
1760
0
0
0
0
0
0
2296
3466
0
0
0
0
0
0
3157
3744
0
0
0
0
0
0
2382
1764
0
0
0
0
0
0
2301
3469
0
0
0
0
0
0
3150
3738
0
0
0
0
0
0
2383
1765
0
0
0
0
0
0
2305
3473
0
0
0
0
0
0
3142
3730
0
0
0
0
0
0
2385
1769
0
0
0
0
0
0
2312
3478
0
0
0
0
0
0
3135
3721
0
0
0
0
0
0
2387
1774
0
0
0
0
0
0
2319
3484
0
0
0
0
0
0
3125
3713
0
0
0
0
0
0
2390
1778
0
0
0
0
0
0
2328
3490
0
0
0
0
0
0
3114
3701
0
0
0
0
0
0
2393
1784
0
0
0
0
0
0
2334
3495
0
0
0
0
0
0
3104
3690
0
0
0
0
0
0
2396
1790
0
0
0
0
0
0
2343
3501
0
0
0
0
0
0
3091
3677
0
0
0
0
0
0
2398
1794
0
0
0
0
0
0
2353
3509
0
0
0
0
0
0
3079
3664
0
0
0
0
0
0
2403
1801
0
0
0
0
0
0
2363
3515
0
0
0
0
0
0
3065
3649
0
0
0
0
0
0
2407
1809
0
0
0
0
0
0
2374
3524
0
0
0
0
0
0
3049
3634
0
0
0
0
0
0
2410
1816
0
0
0
0
0
0
2386
3532
0
0
0
0
0
0
3033
3618
0
0
0
0
0
0
2415
1825
0
0
0
0
0
0
2398
3541
0
0
0
0
0
0
3015
3600
0
0
0
0
0
0
2419
1832
0
0
0
0
0
0
2409
3550
0
0
0
0
0
0
2999
3581
0
0
0
0
0
0
2425
1840
0
0
0
0
0
0
2423
3560
0
0
0
0
0
0
2980
3562
0
0
0
0
0
0
2429
1850
0
0
0
0
0
0
2438
3573
0
0
0
0
0
0
2960
3542
0
0
0
0
0
0
2435
1859
0
0
0
0
0
0
2454
3583
0
0
0
0
0
0
2939
3522
0
0
0
0
0
0
2439
1870
0
0
0
0
0
0
2469
3593
0
0
0
0
0
0
2920
3500
0
0
0
0
0
0
2445
1881
0
0
0
0
0
0
2484
3605
0
0
0
0
0
0
2895
3476
0
0
0
0
0
0
2452
1891
0
0
0
0
0
0
2501
3619
0
0
0
0
0
0
2874
3453
0
0
0
0
0
0
2457
1902
0
0
0
0
0
0
2520
3632
0
0
0
0
0
0
2849
3428
0
0
0
0
0
0
2464
1914
0
0
0
0
0
0
2537
3645
0
0
0
0
0
0
2824
3403
0
0
0
0
0
0
2471
1926
0
0
0
0
0
0
2556
3658
0
0
0
0
0
0
2799
3376
0
0
0
0
0
0
2476
1938
0
0
0
0
0
0
2576
3672
0
0
0
0
0
0
2772
3348
0
0
0
0
0
0
2484
1951
0
0
0
0
0
0
2595
3687
0
0
0
0
0
0
2744
3320
0
0
0
0
0
0
2492
1965
0
0
0
0
0
0
2617
3704
0
0
0
0
0
0
2716
3291
0
0
0
0
0
0
2498
1977
0
0
0
0
0
0
2638
3720
0
0
0
0
0
0
2689
3263
0
0
0
0
0
0
2506
1992
0
0
0
0
0
0
2660
3735
0
0
0
0
0
0
2658
3232
0
0
0
0
0
0
2513
2006
0
0
0
0
0
0
2681
3750
0
0
0
0
0
0
2628
3201
0
0
0
0
0
0
2521
2021
0
0
0
0
0
0
2704
3767
0
0
0
0
0
0
2596
3168
0
0
0
0
0
0
2530
2036
0
0
0
0
0
0
2728
3785
0
0
0
0
0
0
2565
3136
0
0
0
0
0
0
2538
2051
0
0
0
0
0
0
2752
3803
0
0
0
0
0
0
2532
3102
0
0
0
0
0
0
2548
2068
0
0
0
0
0
0
2776
3823
0
0
0
0
0
0
2499
3068
0
0
0
0
0
0
2557
2084
0
0
0
0
0
0
2801
3839
0
0
0
0
0
0
2464
3032
0
0
0
0
0
0
2564
2099
0
0
0
0
0
0
2827
3861
0
0
0
0
0
0
2429
2996
0
0
0
0
0
0
2575
2118
0
0
0
0
0
0
2853
3878
0
0
0
0
0
0
2393
2958
0
0
0
0
0
0
2584
2135
0
0
0
0
0
0
2880
3899
0
0
0
0
0
0
2358
2922
0
0
0
0
0
0
2594
2153
0
0
0
0
0
0
2908
3920
0
0
0
0
0
0
2321
2885
0
0
0
0
0
0
2602
2170
0
0
0
0
0
0
2935
3939
0
0
0
0
0
0
2282
2845
0
0
0
0
0
0
2613
2189
0
0
0
0
0
0
2962
3960
0
0
0
0
0
0
2245
2807
0
0
0
0
0
0
2624
2206
0
0
0
0
0
0
2991
3982
0
0
0
0
0
0
2206
2767
0
0
0
0
0
0
2633
2225
0
0
0
0
0
0
3021
4003
0
0
0
0
0
0
244
2357
0
0
0
0
0
0
3437
1997
0
0
0
0
0
0
3167
3894
0
0
0
0
0
0
269
2341
0
0
0
0
0
0
3446
2015
0
0
0
0
0
0
3197
3916
0
0
0
0
0
0
228
2299
0
0
0
0
0
0
3457
2035
0
0
0
0
0
0
3228
3938
0
0
0
0
0
0
186
2255
0
0
0
0
0
0
3468
2056
0
0
0
0
0
0
3258
3960
0
0
0
0
0
0
145
2212
0
0
0
0
0
0
3479
2076
0
0
0
0
0
0
3289
3984
0
0
0
0
0
0
102
2168
0
0
0
0
0
0
3490
2096
0
0
0
0
0
0
3322
4008
0
0
0
0
0
0
61
2125
0
0
0
0
0
0
3501
2117
0
0
0
0
0
0
3353
4031
0
0
0
0
0
0
17
2080
0
0
0
0
0
0
3512
2137
0
0
0
0
0
0
3386
4054
0
0
0
0
0
0
4068
2035
0
0
0
0
0
0
3524
2160
0
0
0
0
0
0
3418
4080
0
0
0
0
0
0
4024
1989
0
0
0
0
0
0
3536
2180
0
0
0
0
0
0
3451
8
0
0
0
0
0
0
3978
1942
0
0
0
0
0
0
3547
2203
0
0
0
0
0
0
3485
33
0
0
0
0
0
0
3934
1897
0
0
0
0
0
0
3560
2224
0
0
0
0
0
0
3518
58
0
0
0
0
0
0
3888
1850
0
0
0
0
0
0
3570
2246
0
0
0
0
0
0
3552
81
0
0
0
0
0
0
3841
1802
0
0
0
0
0
0
3584
2269
0
0
0
0
0
0
3587
108
0
0
0
0
0
0
3795
1754
0
0
0
0
0
0
3595
2290
0
0
0
0
0
0
3622
134
0
0
0
0
0
0
3748
1707
0
0
0
0
0
0
3608
2313
0
0
0
0
0
0
3657
160
0
0
0
0
0
0
3700
1656
0
0
0
0
0
0
3620
2336
0
0
0
0
0
0
3693
187
0
0
0
0
0
0
3652
1607
0
0
0
0
0
0
3632
2359
0
0
0
0
0
0
3726
212
0
0
0
0
0
0
3605
1558
0
0
0
0
0
0
3397
2258
0
0
0
0
0
0
4013
2286
0
0
0
0
0
0
3583
3659
0
0
0
0
0
0
3381
2306
0
0
0
0
0
0
4049
2313
0
0
0
0
0
0
3533
3609
0
0
0
0
0
0
3393
2329
0
0
0
0
0
0
4085
2339
0
0
0
0
0
0
3486
3559
0
0
0
0
0
0
3404
2351
0
0
0
0
0
0
25
2365
0
0
0
0
0
0
3435
3508
0
0
0
0
0
0
3417
2374
0
0
0
0
0
0
64
2394
0
0
0
0
0
0
3387
3457
0
0
0
0
0
0
3432
2399
0
0
0
0
0
0
99
2420
0
0
0
0
0
0
3338
3406
0
0
0
0
0
0
3444
2423
0
0
0
0
0
0
137
2448
0
0
0
0
0
0
3286
3355
0
0
0
0
0
0
3458
2448
0
0
0
0
0
0
174
2476
0
0
0
0
0
0
3236
3302
0
0
0
0
0
0
3281
2584
0
0
0
0
0
0
1365
3118
0
0
0
0
0
0
3172
3249
0
0
0
0
0
0
3295
2609
0
0
0
0
0
0
1404
3146
0
0
0
0
0
0
3120
3196
0
0
0
0
0
0
3282
2603
0
0
0
0
0
0
1809
2403
0
0
0
0
0
0
3071
3152
0
0
0
0
0
0
3296
2627
0
0
0
0
0
0
1846
2431
0
0
0
0
0
0
3019
3099
0
0
0
0
0
0
3308
2651
0
0
0
0
0
0
1884
2458
0
0
0
0
0
0
2969
3047
0
0
0
0
0
0
3322
2675
0
0
0
0
0
0
1922
2486
0
0
0
0
0
0
2917
2994
0
0
0
0
0
0
3335
2700
0
0
0
0
0
0
1959
2515
0
0
0
0
0
0
2867
2942
0
0
0
0
0
0
3348
2725
0
0
0
0
0
0
1997
2543
0
0
0
0
0
0
2816
2888
0
0
0
0
0
0
3362
2750
0
0
0
0
0
0
2035
2569
0
0
0
0
0
0
2764
2837
0
0
0
0
0
0
3375
2773
0
0
0
0
0
0
2072
2598
0
0
0
0
0
0
2714
2784
0
0
0
0
0
0
3389
2798
0
0
0
0
0
0
2111
2626
0
0
0
0
0
0
2661
2731
0
0
0
0
0
0
3403
2823
0
0
0
0
0
0
2148
2654
0
0
0
0
0
0
2610
2679
0
0
0
0
0
0
3415
2848
0
0
0
0
0
0
2186
2681
0
0
0
0
0
0
2560
2627
0
0
0
0
0
0
3429
2872
0
0
0
0
0
0
2224
2710
0
0
0
0
0
0
2507
2574
0
0
0
0
0
0
3443
2897
0
0
0
0
0
0
2262
2739
0
0
0
0
0
0
2458
2522
0
0
0
0
0
0
3455
2921
0
0
0
0
0
0
2300
2766
0
0
0
0
0
0
2407
2470
0
0
0
0
0
0
3469
2945
0
0
0
0
0
0
2337
2795
0
0
0
0
0
0
2357
2418
0
0
0
0
0
0
3482
2969
0
0
0
0
0
0
2374
2822
0
0
0
0
0
0
2306
2366
0
0
0
0
0
0
3495
2994
0
0
0
0
0
0
2412
2850
0
0
0
0
0
0
2255
2314
0
0
0
0
0
0
3508
3018
0
0
0
0
0
0
2448
2875
0
0
0
0
0
0
2204
2261
0
0
0
0
0
0
3521
3042
0
0
0
0
0
0
2487
2905
0
0
0
0
0
0
2154
2210
0
0
0
0
0
0
3534
3066
0
0
0
0
0
0
2523
2931
0
0
0
0
0
0
2104
2160
0
0
0
0
0
0
3547
3090
0
0
0
0
0
0
2560
2959
0
0
0
0
0
0
2056
2108
0
0
0
0
0
0
3560
3113
0
0
0
0
0
0
2596
2986
0
0
0
0
0
0
2006
2057
0
0
0
0
0
0
3574
3138
0
0
0
0
0
0
2633
3013
0
0
0
0
0
0
1956
2007
0
0
0
0
0
0
3586
3162
0
0
0
0
0
0
2670
3041
0
0
0
0
0
0
1907
1955
0
0
0
0
0
0
3598
3185
0
0
0
0
0
0
2706
3067
0
0
0
0
0
0
1858
1906
0
0
0
0
0
0
3611
3207
0
0
0
0
0
0
2742
3093
0
0
0
0
0
0
1809
1857
0
0
0
0
0
0
3624
3231
0
0
0
0
0
0
2777
3119
0
0
0
0
0
0
1761
1807
0
0
0
0
0
0
3637
3255
0
0
0
0
0
0
2812
3146
0
0
0
0
0
0
1714
1759
0
0
0
0
0
0
3649
3278
0
0
0
0
0
0
2848
3172
0
0
0
0
0
0
1666
1709
0
0
0
0
0
0
3662
3300
0
0
0
0
0
0
2883
3199
0
0
0
0
0
0
1620
1661
0
0
0
0
0
0
3674
3322
0
0
0
0
0
0
2917
3223
0
0
0
0
0
0
1572
1612
0
0
0
0
0
0
3686
3346
0
0
0
0
0
0
2951
3248
0
0
0
0
0
0
1525
1565
0
0
0
0
0
0
3700
3367
0
0
0
0
0
0
2986
3274
0
0
0
0
0
0
1481
1519
0
0
0
0
0
0
3710
3389
0
0
0
0
0
0
3020
3300
0
0
0
0
0
0
1435
1472
0
0
0
0
0
0
3722
3411
0
0
0
0
0
0
3053
3324
0
0
0
0
0
0
1391
1426
0
0
0
0
0
0
3734
3433
0
0
0
0
0
0
3087
3349
0
0
0
0
0
0
1347
1381
0
0
0
0
0
0
3745
3454
0
0
0
0
0
0
3119
3372
0
0
0
0
0
0
1303
1335
0
0
0
0
0
0
3757
3475
0
0
0
0
0
0
3150
3396
0
0
0
0
0
0
1260
1290
0
0
0
0
0
0
3768
3496
0
0
0
0
0
0
3182
3419
0
0
0
0
0
0
1215
1246
0
0
0
0
0
0
3779
3516
0
0
0
0
0
0
3213
3442
0
0
0
0
0
0
1174
1204
0
0
0
0
0
0
3790
3537
0
0
0
0
0
0
3245
3465
0
0
0
0
0
0
1132
1160
0
0
0
0
0
0
3801
3557
0
0
0
0
0
0
3274
3488
0
0
0
0
0
0
1089
1116
0
0
0
0
0
0
3812
3576
0
0
0
0
0
0
3305
3511
0
0
0
0
0
0
1048
1074
0
0
0
0
0
0
3822
3595
0
0
0
0
0
0
3335
3533
0
0
0
0
0
0
1009
1036
0
0
0
0
0
0
3833
3615
0
0
0
0
0
0
3365
3555
0
0
0
0
0
0
968
993
0
0
0
0
0
0
3843
3635
0
0
0
0
0
0
3393
3576
0
0
0
0
0
0
930
953
0
0
0
0
0
0
3854
3651
0
0
0
0
0
0
3422
3598
0
0
0
0
0
0
892
915
0
0
0
0
0
0
3864
3671
0
0
0
0
0
0
3451
3619
0
0
0
0
0
0
854
876
0
0
0
0
0
0
3873
3689
0
0
0
0
0
0
3477
3638
0
0
0
0
0
0
818
838
0
0
0
0
0
0
3884
3707
0
0
0
0
0
0
3505
3658
0
0
0
0
0
0
781
801
0
0
0
0
0
0
3892
3723
0
0
0
0
0
0
3532
3678
0
0
0
0
0
0
745
764
0
0
0
0
0
0
3903
3742
0
0
0
0
0
0
3557
3698
0
0
0
0
0
0
710
728
0
0
0
0
0
0
3911
3758
0
0
0
0
0
0
3582
3716
0
0
0
0
0
0
677
694
0
0
0
0
0
0
3919
3773
0
0
0
0
0
0
3608
3735
0
0
0
0
0
0
644
660
0
0
0
0
0
0
3927
3788
0
0
0
0
0
0
3632
3752
0
0
0
0
0
0
611
626
0
0
0
0
0
0
3937
3805
0
0
0
0
0
0
3657
3770
0
0
0
0
0
0
578
592
0
0
0
0
0
0
3944
3819
0
0
0
0
0
0
3679
3787
0
0
0
0
0
0
548
561
0
0
0
0
0
0
3953
3836
0
0
0
0
0
0
3702
3803
0
0
0
0
0
0
515
529
0
0
0
0
0
0
3961
3850
0
0
0
0
0
0
3725
3821
0
0
0
0
0
0
488
499
0
0
0
0
0
0
3969
3864
0
0
0
0
0
0
3746
3837
0
0
0
0
0
0
457
467
0
0
0
0
0
0
3976
3877
0
0
0
0
0
0
3767
3853
0
0
0
0
0
0
430
441
0
0
0
0
0
0
3983
3890
0
0
0
0
0
0
3787
3867
0
0
0
0
0
0
403
413
0
0
0
0
0
0
3991
3903
0
0
0
0
0
0
3808
3882
0
0
0
0
0
0
375
384
0
0
0
0
0
0
3997
3916
0
0
0
0
0
0
3826
3895
0
0
0
0
0
0
350
358
0
0
0
0
0
0
4004
3928
0
0
0
0
0
0
3844
3910
0
0
0
0
0
0
326
334
0
0
0
0
0
0
4011
3940
0
0
0
0
0
0
3863
3922
0
0
0
0
0
0
301
309
0
0
0
0
0
0
4017
3951
0
0
0
0
0
0
3881
3935
0
0
0
0
0
0
278
285
0
0
0
0
0
0
4022
3963
0
0
0
0
0
0
3897
3949
0
0
0
0
0
0
257
263
0
0
0
0
0
0
4028
3973
0
0
0
0
0
0
3912
3960
0
0
0
0
0
0
235
241
0
0
0
0
0
0
4034
3984
0
0
0
0
0
0
3928
3972
0
0
0
0
0
0
215
220
0
0
0
0
0
0
4038
3992
0
0
0
0
0
0
3943
3982
0
0
0
0
0
0
194
199
0
0
0
0
0
0
4044
4003
0
0
0
0
0
0
3957
3993
0
0
0
0
0
0
174
179
0
0
0
0
0
0
4049
4012
0
0
0
0
0
0
3970
4002
0
0
0
0
0
0
158
161
0
0
0
0
0
0
4052
4018
0
0
0
0
0
0
3984
4012
0
0
0
0
0
0
141
143
0
0
0
0
0
0
4058
4028
0
0
0
0
0
0
3995
4022
0
0
0
0
0
0
125
128
0
0
0
0
0
0
4063
4036
0
0
0
0
0
0
4006
4029
0
0
0
0
0
0
111
113
0
0
0
0
0
0
4066
4042
0
0
0
0
0
0
4017
4037
0
0
0
0
0
0
95
97
0
0
0
0
0
0
4069
4048
0
0
0
0
0
0
4027
4045
0
0
0
0
0
0
84
84
0
0
0
0
0
0
4073
4054
0
0
0
0
0
0
4037
4051
0
0
0
0
0
0
70
72
0
0
0
0
0
0
4077
4061
0
0
0
0
0
0
4045
4057
0
0
0
0
0
0
60
61
0
0
0
0
0
0
4078
4066
0
0
0
0
0
0
4053
4064
0
0
0
0
0
0
48
50
0
0
0
0
0
0
4082
4071
0
0
0
0
0
0
4060
4069
0
0
0
0
0
0
40
40
0
0
0
0
0
0
4084
4074
0
0
0
0
0
0
4067
4074
0
0
0
0
0
0
31
31
0
0
0
0
0
0
4086
4078
0
0
0
0
0
0
4072
4077
0
0
0
0
0
0
24
24
0
0
0
0
0
0
4088
4082
0
0
0
0
0
0
4078
4082
0
0
0
0
0
0
17
17
0
0
0
0
0
0
4089
4085
0
0
0
0
0
0
4081
4085
0
0
0
0
0
0
11
11
0
0
0
0
0
0
4091
4087
0
0
0
0
0
0
4086
4088
0
0
0
0
0
0
7
8
0
0
0
0
0
0
4092
4091
0
0
0
0
0
0
4088
4090
0
0
0
0
0
0
1
1
0
0
0
0
0
0
4093
4091
0
0
0
0
0
0
4091
4092
0
0
0
0
0
0
0
0
0
0
0
0
0
0
4092
4092
0
0
0
0
0
0
4092
4092
0
0
0
0
0
0
0
0
0
0
0
0
0
0
4092
4092
0
0
0
0
0
0
4092
4092
0
0
0
0
0
0
0
0
0
0
0
0
0
0
4095
4095
0
0
0
0
0
0
0
4095
0
0
0
0
0
0
4095
0
0
0
0
0
0
0
4095
0
0
0
0
0
0
0
4095
0
0
0
0
0
0
0
4095
0
0
0
0
0
0
0
4095
0
0
0
0
0
0
0
4095
0
0
0
0
0
0
0
4095
0
0
0
0
0
0
0
4095
0
0
0
0
0
0
0
4095
0
0
0
0
0
0
0
4095
0
0
0
0
0
0
0
4095
0
0
0
0
0
0
0
4095
0
0
0
0
0
0
0
4095
0
0
0
0
0
0
0
4095
0
0
0
0
0
0
0
4095
0
0
0
0
0
0
0
4095
0
0
0
0
0
0
0
4095
0
0
0
0
0
0
0
4095
0
0
0
0
0
0
0
4095
0
0
0
0
0
0
0
4095
0
0
0
0
0
0
0
4095
0
0
0
0
0
0
0
4095
0
0
0
0
0
0
0
4095
0
0
0
0
0
0
0
4095
0
0
0
0
0
0
0
4095
0
0
0
0
0
0
0
4095
0
0
0
0
0
0
0
4095
0
0
0
0
0
0
0
4095
0
0
0
0
0
0
0
4095
0
0
0
0
0
0
0
4095
0
0
0
0
0
0
0
4095
0
0
0
0
0
0
0
4095
0
0
0
0
0
0
0
4095
0
0
0
0
0
0
0
4095
0
0
0
0
0
0
0
4095
0
0
0
0
0
0
0
4095
0
0
0
0
0
0
0
4095
0
0
0
0
0
0
0
4095
0
0
0
0
0
0
0
4095
0
0
0
0
0
0
0
4095
0
0
0
0
0
0
0
4095
0
0
0
0
0
0
0
4095
0
0
0
0
0
0
0
4095
0
0
0
0
0
0
0
4095
0
0
0
0
0
0
0
4095
0
0
0
0
0
0
0
4095
0
0
0
0
0
0
0
4095
0
0
0
0
0
0
0
4095
0
0
0
0
0
0
0
4095
0
0
0
0
0
0
0
4095
0
0
0
0
0
0
0
4095
0
0
0
0
0
0
0
4095
0
0
0
0
0
0
0
4095
0
0
0
0
0
0
0
4095
0
0
0
0
0
0
0
4095
0
0
0
0
0
0
0
4095
0
0
0
0
0
0
0
4095
0
0
0
0
0
0
0
4095
0
0
0
0
0
0
0
4095
0
0
0
0
0
0
0
4095
0
0
0
0
0
0
0
4095
0
0
0
0
0
0
0
4095
0
0
0
0
0
0
0
4095
0
0
0
0
0
0
0
4095
0
0
0
0
0
0
0
4095
0
0
0
0
0
0
0
4095
0
0
0
0
0
0
0
4095
0
0
0
0
0
0
0
4095
0
0
0
0
0
0
0
4095
0
0
0
0
0
0
0
4095
0
0
0
0
0
0
0
4095
0
0
0
0
0
0
0
4095
0
0
0
0
0
0
0
4095
0
0
0
0
0
0
0
4095
0
0
0
0
0
0
0
4095
0
0
0
0
0
0
0
4095
0
0
0
0
0
0
0
4095
0
0
0
0
0
0
0
4095
0
0
0
0
0
0
0
4095
0
0
0
0
0
0
0
4095
0
0
0
0
0
0
0
4095
0
0
0
0
0
0
0
4095
0
0
0
0
0
0
0
4095
0
0
0
0
0
0
0
4095
0
0
0
0
0
0
0
4095
0
0
0
0
0
0
0
4095
0
0
0
0
0
0
0
4095
0
0
0
0
0
0
0
4095
0
0
0
0
0
0
0
4095
0
0
0
0
0
0
0
4095
0
0
0
0
0
0
0
4095
0
0
0
0
0
0
0
4095
0
0
0
0
0
0
0
4095
0
0
0
0
0
0
0
4095
0
0
0
0
0
0
0
4095
0
0
0
0
0
0
0
4095
0
0
0
0
0
0
0
4095
0
0
0
0
0
0
0
4095
0
0
0
0
0
0
0
4095
0
0
0
0
0
0
0
4095
0
0
0
0
0
0
0
4095
0
0
0
0
0
0
0
4095
0
0
0
0
0
0
0
4095
0
0
0
0
0
0
0
4095
0
0
0
0
0
0
0
4095
0
0
0
0
0
0
0
4095
0
0
0
0
0
0
0
4095
0
0
0
0
0
0
0
4095
0
0
0
0
0
0
0
4095
0
0
0
0
0
0
0
4095
0
0
0
0
0
0
0
4095
0
0
0
0
0
0
0
4095
0
0
0
0
0
0
0
4095
0
0
0
0
0
0
0
4095
0
0
0
0
0
0
0
4095
0
0
0
0
0
0
0
4095
0
0
0
0
0
0
0
4095
0
0
0
0
0
0
0
4095
0
0
0
0
0
0
0
4095
0
0
0
0
0
0
0
4095
0
0
0
0
0
0
0
4095
0
0
0
0
0
0
0
4095
0
0
0
0
0
0
0
4095
0
0
0
0
0
0
0
4095
0
0
0
0
0
0
0
4095
0
0
0
0
0
0
0
4095
0
0
0
0
0
0
0
4095
0
0
0
0
0
0
0
4095
0
0
0
0
0
0
0
4095
0
0
0
0
0
0
0
4095
0
0
0
0
0
0
0
4095
0
0
0
0
0
0
0
4095
0
0
0
0
0
0
0
4095
0
0
0
0
0
0
0
4095
0
0
0
0
0
0
0
4095
0
0
0
0
0
0
0
4095
0
0
0
0
0
0
0
4095
0
0
0
0
0
0
0
4095
0
0
0
0
0
0
0
4095
0
0
0
0
0
0
0
4095
0
0
0
0
0
0
0
4095
0
0
0
0
0
0
0
4095
0
0
0
0
0
0
0
4095
0
0
0
0
0
0
0
4095
0
0
0
0
0
0
0
4095
0
0
0
0
0
0
0
4095
0
0
0
0
0
0
0
4095
0
0
0
0
0
0
0
4095
0
0
0
0
0
0
0
4095
0
0
0
0
0
0
0
4095
0
0
0
0
0
0
0
4095
0
0
0
0
0
0
0
4095
0
0
0
0
0
0
0
4095
0
0
0
0
0
0
0
4095
0
0
0
0
0
0
0
4095
0
0
0
0
0
0
0
4095
0
0
0
0
0
0
0
4095
0
0
0
0
0
0
0
4095
0
0
0
0
0
0
0
4095
0
0
0
0
0
0
0
4095
0
0
0
0
0
0
0
4095
0
0
0
0
0
0
0
4095
0
0
0
0
0
0
0
4095
0
0
0
0
0
0
0
4095
0
0
0
0
0
0
0
4095
0
0
0
0
0
0
0
4095
0
0
0
0
0
0
0
4095
0
0
0
0
0
0
0
4095
0
0
0
0
0
0
0
4095
0
0
0
0
0
0
0
4095
0
0
0
0
0
0
0
4095
0
0
0
0
0
0
0
4095
0
0
0
0
0
0
0
4095
0
0
0
0
0
0
0
4095
0
0
0
0
0
0
0
4095
0
0
0
0
0
0
0
4095
0
0
0
0
0
0
0
4095
0
0
0
0
0
0
0
4095
0
0
0
0
0
0
0
4095
0
0
0
0
0
0
0
4095
0
0
0
0
0
0
0
4095
0
0
0
0
0
0
0
4095
0
0
0
0
0
0
0
4095
0
0
0
0
0
0
0
4095
0
0
0
0
0
0
0
4095
0
0
0
0
0
0
0
4095
0
0
0
0
0
0
0
4095
0
0
0
0
0
0
0
4095
0
0
0
0
0
0
0
4095
0
0
0
0
0
0
0
4095
0
0
0
0
0
0
0
4095
0
0
0
0
0
0
0
4095
0
0
0
0
0
0
0
4095
0
0
0
0
0
0
0
4095
0
0
0
0
0
0
0
4095
0
0
0
0
0
0
0
4095
0
0
0
0
0
0
0
4095
0
0
0
0
0
0
0
4095
0
0
0
0
0
0
0
4095
0
0
0
0
0
0
0
4095
0
0
0
0
0
0
0
4095
0
0
0
0
0
0
0
4095
0
0
0
0
0
0
0
4095
0
0
0
0
0
0
0
4095
0
0
0
0
0
0
0
4095
0
0
0
0
0
0
0
4095
0
0
0
0
0
0
0
4095
0
0
0
0
0
0
0
4095
0
0
0
0
0
0
0
4095
0
0
0
0
0
0
0
4095
0
0
0
0
0
0
0
4095
0
0
0
0
0
0
0
4095
0
0
0
0
0
0
0
4095
0
0
0
0
0
0
0
4095
0
0
0
0
0
0
0
4095
0
0
0
0
0
0
0
4095
0
0
0
0
0
0
0
4095
0
0
0
0
0
0
0
4095
0
0
0
0
0
0
0
4095
0
0
0
0
0
0
0
4095
0
0
0
0
0
0
0
4095
0
0
0
0
0
0
0
4095
0
0
0
0
0
0
0
4095
0
0
0
0
0
0
0
4095
0
0
0
0
0
0
0
4095
0
0
0
0
0
0
0
4095
0
0
0
0
0
0
0
4095
0
0
0
0
0
0
0
4095
0
0
0
0
0
0
0
4095
0
0
0
0
0
0
0
4095
0
0
0
0
0
0
0
4095
0
0
0
0
0
0
0
4095
0
0
0
0
0
0
0
4095
0
0
0
0
0
0
0
4095
0
0
0
0
0
0
0
4095
0
0
0
0
0
0
0
4095
0
0
0
0
0
0
0
4095
0
0
0
0
0
0
0
4095
0
0
0
0
0
0
0
4095
0
0
0
0
0
0
0
4095
0
0
0
0
0
0
0
4095
0
0
0
0
0
0
0
4095
0
0
0
0
0
0
0
4095
0
0
0
0
0
0
0
4095
0
0
0
0
0
0
0
4095
0
0
0
0
0
0
0
4095
0
0
0
0
0
0
0
4095
0
0
0
0
0
0
0
4095
0
0
0
0
0
0
0
4095
0
0
0
0
0
0
0
4095
0
0
0
0
0
0
0
4095
0
0
0
0
0
0
0
4095
0
0
0
0
0
0
0
4095
0
0
0
0
0
0
0
4095
0
0
0
0
0
0
0
4095
0
0
0
0
0
0
0
4095
0
0
0
0
0
0
0
4095
0
0
0
0
0
0
0
4095
0
0
0
0
0
0
0
4095
0
0
0
0
0
0
0
4095
0
0
0
0
0
0
0
4095
0
0
0
0
0
0
0
4095
0
0
0
0
0
0
0
4095
0
0
0
0
0
0
0
4095
0
0
0
0
0
0
0
4095
0
0
0
0
0
0
0
4095
0
0
0
0
0
0
0
4095
0
0
0
0
0
0
0
4095
0
0
0
0
0
0
0
4095
0
0
0
0
0
0
0
4095
0
0
0
0
0
0
0
4095
0
0
0
0
0
0
0
4095
0
0
0
0
0
0
0
4095
0
0
0
0
0
0
0
4095
0
0
0
0
0
0
0
4095
0
0
0
0
0
0
0
4095
0
0
0
0
0
0
0
4095
0
0
0
0
0
0
0
4095
0
0
0
0
0
0
0
4095
0
0
0
0
0
0
0
4095
0
0
0
0
0
0
0
4095
0
0
0
0
0
0
0
4095
0
0
0
0
0
0
0
4095
0
0
0
0
0
0
0
4095
0
0
0
0
0
0
0
4095
0
0
0
0
0
0
0
4095
0
0
0
0
0
0
0
4095
0
0
0
0
0
0
0
4095
0
0
0
0
0
0
0
4095
0
0
0
0
0
0
0
4095
0
0
0
0
0
0
0
4095
0
0
0
0
0
0
0
4095
0
0
0
0
0
0
0
4095
0
0
0
0
0
0
0
4095
0
0
0
0
0
0
0
4095
0
0
0
0
0
0
0
4095
0
0
0
0
0
0
0
4095
0
0
0
0
0
0
0
4095
0
0
0
0
0
0
0
4095
0
0
0
0
0
0
0
4095
0
0
0
0
0
0
0
4095
0
0
0
0
0
0
0
4095
0
0
0
0
0
0
0
4095
0
0
0
0
0
0
0
4095
0
0
0
0
0
0
0
4095
0
0
0
0
0
0
0
4095
0
0
0
0
0
0
0
4095
0
0
0
0
0
0
0
4095
0
0
0
0
0
0
0
4095
0
0
0
0
0
0
0
4095
0
0
0
0
0
0
0
4095
0
0
0
0
0
0
0
4095
0
0
0
0
0
0
0
4095
0
0
0
0
0
0
0
4095
0
0
0
0
0
0
0
4095
0
0
0
0
0
0
0
4095
0
0
0
0
0
0
0
4095
0
0
0
0
0
0
0
4095
0
0
0
0
0
0
0
4095
0
0
0
0
0
0
0
4095
0
0
0
0
0
0
0
4095
0
0
0
0
0
0
0
4095
0
0
0
0
0
0
0
4095
0
0
0
0
0
0
0
4095
0
0
0
0
0
0
0
4095
0
0
0
0
0
0
0
4095
0
0
0
0
0
0
0
4095
0
0
0
0
0
0
0
4095
0
0
0
0
0
0
0
4095
0
0
0
0
0
0
0
4095
0
0
0
0
0
0
0
4095
0
0
0
0
0
0
0
4095
0
0
0
0
0
0
0
4095
0
0
0
0
0
0
0
4095
0
0
0
0
0
0
0
4095
0
0
0
0
0
0
0
4095
0
0
0
0
0
0
0
4095
0
0
0
0
0
0
0
4095
0
0
0
0
0
0
0
4095
0
0
0
0
0
0
0
4095
0
0
0
0
0
0
0
4095
0
0
0
0
0
0
0
4095
0
0
0
0
0
0
0
4095
0
0
0
0
0
0
0
4095
0
0
0
0
0
0
0
4095
0
0
0
0
0
0
0
4095
0
0
0
0
0
0
0
4095
0
0
0
0
0
0
0
4095
0
0
0
0
0
0
0
4095
0
0
0
0
0
0
0
4095
0
0
0
0
0
0
0
4095
0
0
0
0
0
0
0
4095
0
0
0
0
0
0
0
4095
0
0
0
0
0
0
0
4095
0
0
0
0
0
0
0
4095
0
0
0
0
0
0
0
4095
0
0
0
0
0
0
0
4095
0
0
0
0
0
0
0
4095
0
0
0
0
0
0
0
4095
0
0
0
0
0
0
0
4095
0
0
0
0
0
0
0
4095
0
0
0
0
0
0
0
4095
0
0
0
0
0
0
0
4095
0
0
0
0
0
0
0
4095
0
0
0
0
0
0
0
4095
0
0
0
0
0
0
0
4095
0
0
0
0
0
0
0
4095
0
0
0
0
0
0
0
4095
0
0
0
0
0
0
0
4095
0
0
0
0
0
0
0
4095
0
0
0
0
0
0
0
4095
0
0
0
0
0
0
0
4095
0
0
0
0
0
0
0
4095
0
0
0
0
0
0
0
4095
0
0
0
0
0
0
0
4095
0
0
0
0
0
0
0
4095
0
0
0
0
0
0
0
4095
0
0
0
0
0
0
0
4095
0
0
0
0
0
0
0
4095
0
0
0
0
0
0
0
4095
0
0
0
0
0
0
0
4095
0
0
0
0
0
0
0
4095
0
0
0
0
0
0
0
4095
0
0
0
0
0
0
0
4095
0
0
0
0
0
0
0
4095
0
0
0
0
0
0
0
4095
0
0
0
0
0
0
0
4095
0
0
0
0
0
0
0
4095
0
0
0
0
0
0
0
4095
0
0
0
0
0
0
0
4095
0
0
0
0
0
0
0
4095
0
0
0
0
0
0
0
4095
0
0
0
0
0
0
0
4095
0
0
0
0
0
0
0
4095
0
0
0
0
0
0
0
4095
0
0
0
0
0
0
0
4095
0
0
0
0
0
0
0
4095
0
0
0
0
0
0
0
4095
0
0
0
0
0
0
0
4095
0
0
0
0
0
0
0
4095
0
0
0
0
0
0
0
4095
0
0
0
0
0
0
0
4095
0
0
0
0
0
0
0
4095
0
0
0
0
0
0
0
4095
0
0
0
0
0
0
0
4095
0
0
0
0
0
0
0
4095
0
0
0
0
0
0
0
4095
0
0
0
0
0
0
0
4095
0
0
0
0
0
0
0
4095
0
0
0
0
0
0
0
4095
0
0
0
0
0
0
0
4095
0
0
0
0
0
0
0
4095
0
0
0
0
0
0
0
4095
0
0
0
0
0
0
0
4095
0
0
0
0
0
0
0
4095
0
0
0
0
0
0
0
4095
0
0
0
0
0
0
0
4095
0
0
0
0
0
0
0
4095
0
0
0
0
0
0
0
4095
0
0
0
0
0
0
0
4095
0
0
0
0
0
0
0
4095
0
0
0
0
0
0
0
4095
0
0
0
0
0
0
0
4095
0
0
0
0
0
0
0
4095
0
0
0
0
0
0
0
4095
0
0
0
0
0
0
0
4095
0
0
0
0
0
0
0
4095
0
0
0
0
0
0
0
4095
0
0
0
0
0
0
0
4095
0
0
0
0
0
0
0
4095
0
0
0
0
0
0
0
4095
0
0
0
0
0
0
0
4095
0
0
0
0
0
0
0
4095
0
0
0
0
0
0
0
4095
0
0
0
0
0
0
0
4095
0
0
0
0
0
0
0
4095
0
0
0
0
0
0
0
4095
0
0
0
0
0
0
0
4095
0
0
0
0
0
0
0
4095
0
0
0
0
0
0
0
4095
0
0
0
0
0
0
0
4095
0
0
0
0
0
0
0
4095
0
0
0
0
0
0
0
4095
0
0
0
0
0
0
0
4095
0
0
0
0
0
0
0
4095
0
0
0
0
0
0
0
4095
0
0
0
0
0
0
0
4095
0
0
0
0
0
0
0
4095
0
0
0
0
0
0
0
4095
0
0
0
0
0
0
0
4095
0
0
0
0
0
0
0
4095
0
0
0
0
0
0
0
4095
0
0
0
0
0
0
0
4095
0
0
0
0
0
0
0
4095
0
0
0
0
0
0
0
4095
0
0
0
0
0
0
0
4095
0
0
0
0
0
0
0
4095
0
0
0
0
0
0
0
4095
0
0
0
0
0
0
0
4095
0
0
0
0
0
0
0
4095
0
0
0
0
0
0
0
4095
0
0
0
0
0
0
0
4095
0
0
0
0
0
0
0
4095
0
0
0
0
0
0
0
4095
0
0
0
0
0
0
0
4095
0
0
0
0
0
0
0
4095
0
0
0
0
0
0
0
4095
0
0
0
0
0
0
0
4095
0
0
0
0
0
0
0
4095
0
0
0
0
0
0
0
4095
0
0
0
0
0
0
0
4095
0
0
0
0
0
0
0
4095
0
0
0
0
0
0
0
4095
0
0
0
0
0
0
0
4095
0
0
0
0
0
0
0
4095
0
0
0
0
0
0
0
4095
0
0
0
0
0
0
0
4095
0
0
0
0
0
0
0
4095
0
0
0
0
0
0
0
4095
0
0
0
0
0
0
0
4095
0
0
0
0
0
0
0
4095
0
0
0
0
0
0
0
4095
0
0
0
0
0
0
0
4095
0
0
0
0
0
0
0
4095
0
0
0
0
0
0
0
4095
0
0
0
0
0
0
0
4095
0
0
0
0
0
0
0
4095
0
0
0
0
0
0
0
4095
0
0
0
0
0
0
0
4095
0
0
0
0
0
0
0
4095
0
0
0
0
0
0
0
4095
0
0
0
0
0
0
0
4095
0
0
0
0
0
0
0
4095
0
0
0
0
0
0
0
4095
0
0
0
0
0
0
0
4095
0
0
0
0
0
0
0
4095
0
0
0
0
0
0
0
4095
0
0
0
0
0
0
0
4095
0
0
0
0
0
0
0
4095
0
0
0
0
0
0
0
4095
0
0
0
0
0
0
0
4095
0
0
0
0
0
0
0
4095
0
0
0
0
0
0
0
4095
0
0
0
0
0
0
0
4095
0
0
0
0
0
0
0
4095
0
0
0
0
0
0
0
4095
0
0
0
0
0
0
0
4095
0
0
0
0
0
0
0
4095
0
0
0
0
0
0
0
4095
0
0
0
0
0
0
0
4095
0
0
0
0
0
0
0
4095
0
0
0
0
0
0
0
4095
0
0
0
0
0
0
0
4095
0
0
0
0
0
0
0
4095
0
0
0
0
0
0
0
4095
0
0
0
0
0
0
0
4095
0
0
0
0
0
0
0
4095
0
0
0
0
0
0
0
4095
0
0
0
0
0
0
0
4095
0
0
0
0
0
0
0
4095
0
0
0
0
0
0
0
4095
0
0
0
0
0
0
0
4095
0
0
0
0
0
0
0
4095
0
0
0
0
0
0
0
4095
0
0
0
0
0
0
0
4095
0
0
0
0
0
0
0
4095
0
0
0
0
0
0
0
4095
0
0
0
0
0
0
0
4095
0
0
0
0
0
0
0
4095
0
0
0
0
0
0
0
4095
0
0
0
0
0
0
0
4095
0
0
0
0
0
0
0
4095
0
0
0
0
0
0
0
4095
0
0
0
0
0
0
0
4095
0
0
0
0
0
0
0
4095
0
0
0
0
0
0
0
4095
0
0
0
0
0
0
0
4095
0
0
0
0
0
0
0
4095
0
0
0
0
0
0
0
4095
0
0
0
0
0
0
0
4095
0
0
0
0
0
0
0
4095
0
0
0
0
0
0
0
4095
0
0
0
0
0
0
0
4095
0
0
0
0
0
0
0
4095
0
0
0
0
0
0
0
4095
0
0
0
0
0
0
0
4095
0
0
0
0
0
0
0
4095
0
0
0
0
0
0
0
4095
0
0
0
0
0
0
0
4095
0
0
0
0
0
0
0
4095
0
0
0
0
0
0
0
4095
0
0
0
0
0
0
0
4095
0
0
0
0
0
0
0
4095
0
0
0
0
0
0
0
4095
0
0
0
0
0
0
0
4095
0
0
0
0
0
0
0
4095
0
0
0
0
0
0
0
4095
0
0
0
0
0
0
0
4095
0
0
0
0
0
0
0
4095
0
0
0
0
0
0
0
4095
0
0
0
0
0
0
0
4095
0
0
0
0
0
0
0
4095
0
0
0
0
0
0
0
4095
0
0
0
0
0
0
0
4095
0
0
0
0
0
0
0
4095
0
0
0
0
0
0
0
4095
0
0
0
0
0
0
0
4095
0
0
0
0
0
0
0
4095
0
0
0
0
0
0
0
4095
0
0
0
0
0
0
0
4095
0
0
0
0
0
0
0
4095
0
0
0
0
0
0
0
4095
0
0
0
0
0
0
0
4095
0
0
0
0
0
0
0
4095
0
0
0
0
0
0
0
4095
0
0
0
0
0
0
0
4095
0
0
0
0
0
0
0
4095
0
0
0
0
0
0
0
4095
0
0
0
0
0
0
0
4095
0
0
0
0
0
0
0
4095
0
0
0
0
0
0
0
4095
0
0
0
0
0
0
0
4095
0
0
0
0
0
0
0
4095
0
0
0
0
0
0
0
4095
0
0
0
0
0
0
0
4095
0
0
0
0
0
0
0
4095
0
0
0
0
0
0
0
4095
0
0
0
0
0
0
0
4095
0
0
0
0
0
0
0
4095
0
0
0
0
0
0
0
4095
0
0
0
0
0
0
0
4095
0
0
0
0
0
0
0
4095
0
0
0
0
0
0
0
4095
0
0
0
0
0
0
0
4095
0
0
0
0
0
0
0
4095
0
0
0
0
0
0
0
4095
0
0
0
0
0
0
0
4095
0
0
0
0
0
0
0
4095
0
0
0
0
0
0
0
4095
0
0
0
0
0
0
0
4095
0
0
0
0
0
0
0
4095
0
0
0
0
0
0
0
4095
0
0
0
0
0
0
0
4095
0
0
0
0
0
0
0
4095
0
0
0
0
0
0
0
4095
0
0
0
0
0
0
0
4095
0
0
0
0
0
0
0
4095
0
0
0
0
0
0
0
4095
0
0
0
0
0
0
0
4095
0
0
0
0
0
0
0
4095
0
0
0
0
0
0
0
4095
0
0
0
0
0
0
0
4095
0
0
0
0
0
0
0
4095
0
0
0
0
0
0
0
4095
0
0
0
0
0
0
0
4095
0
0
0
0
0
0
0
4095
0
0
0
0
0
0
0
4095
0
0
0
0
0
0
0
4095
0
0
0
0
0
0
0
4095
0
0
0
0
0
0
0
4095
0
0
0
0
0
0
0
4095
0
0
0
0
0
0
0
4095
0
0
0
0
0
0
0
4095
0
0
0
0
0
0
0
4095
0
0
0
0
0
0
0
4095
0
0
0
0
0
0
0
4095
0
0
0
0
0
0
0
4095
0
0
0
0
0
0
0
4095
0
0
0
0
0
0
0
4095
0
0
0
0
0
0
0
4095
0
0
0
0
0
0
0
4095
0
0
0
0
0
0
0
4095
0
0
0
0
0
0
0
4095
0
0
0
0
0
0
0
4095
0
0
0
0
0
0
0
4095
0
0
0
0
0
0
0
4095
0
0
0
0
0
0
0
4095
0
0
0
0
0
0
0
4095
0
0
0
0
0
0
0
4095
0
0
0
0
0
0
0
4095
0
0
0
0
0
0
0
4095
0
0
0
0
0
0
0
4095
0
0
0
0
0
0
0
4095
0
0
0
0
0
0
0
4095
0
0
0
0
0
0
0
4095
0
0
0
0
0
0
0
4095
0
0
0
0
0
0
0
4095
0
0
0
0
0
0
0
4095
0
0
0
0
0
0
0
4095
0
0
0
0
0
0
0
4095
0
0
0
0
0
0
0
4095
0
0
0
0
0
0
0
4095
0
0
0
0
0
0
0
4095
0
0
0
0
0
0
0
4095
0
0
0
0
0
0
0
4095
0
0
0
0
0
0
0
4095
0
0
0
0
0
0
0
4095
0
0
0
0
0
0
0
4095
0
0
0
0
0
0
0
4095
0
0
0
0
0
0
0
4095
0
0
0
0
0
0
0
4095
0
0
0
0
0
0
0
4095
0
0
0
0
0
0
0
4095
0
0
0
0
0
0
0
4095
0
0
0
0
0
0
0
4095
0
0
0
0
0
0
0
4095
0
0
0
0
0
0
0
4095
0
0
0
0
0
0
0
4095
0
0
0
0
0
0
0
4095
0
0
0
0
0
0
0
4095
0
0
0
0
0
0
0
4095
0
0
0
0
0
0
0
4095
0
0
0
0
0
0
0
4095
0
0
0
0
0
0
0
4095
0
0
0
0
0
0
0
4095
0
0
0
0
0
0
0
4095
0
0
0
0
0
0
0
4095
0
0
0
0
0
0
0
4095
0
0
0
0
0
0
0
4095
0
0
0
0
0
0
0
4095
0
0
0
0
0
0
0
4095
0
0
0
0
0
0
0
4095
0
0
0
0
0
0
0
4095
0
0
0
0
0
0
0
4095
0
0
0
0
0
0
0
4095
0
0
0
0
0
0
0
4095
0
0
0
0
0
0
0
4095
0
0
0
0
0
0
0
4095
0
0
0
0
0
0
0
4095
0
0
0
0
0
0
0
4095
0
0
0
0
0
0
0
4095
0
0
0
0
0
0
0
4095
0
0
0
0
0
0
0
4095
0
0
0
0
0
0
0
4095
0
0
0
0
0
0
0
4095
0
0
0
0
0
0
0
4095
0
0
0
0
0
0
0
4095
0
0
0
0
0
0
0
4095
0
0
0
0
0
0
0
4095
0
0
0
0
0
0
0
4095
0
0
0
0
0
0
0
4095
0
0
0
0
0
0
0
4095
0
0
0
0
0
0
0
4095
0
0
0
0
0
0
0
4095
0
0
0
0
0
0
0
4095
0
0
0
0
0
0
0
4095
0
0
0
0
0
0
0
4095
0
0
0
0
0
0
0
4095
0
0
0
0
0
0
0
4095
0
0
0
0
0
0
0
4095
0
0
0
0
0
0
0
4095
0
0
0
0
0
0
0
4095
0
0
0
0
0
0
0
4095
0
0
0
0
0
0
0
4095
0
0
0
0
0
0
0
4095
0
0
0
0
0
0
0
4095
0
0
0
0
0
0
0
4095
0
0
0
0
0
0
0
4095
0
0
0
0
0
0
0
4095
0
0
0
0
0
0
0
4095
0
0
0
0
0
0
0
4095
0
0
0
0
0
0
0
4095
0
0
0
0
0
0
0
4095
0
0
0
0
0
0
0
4095
0
0
0
0
0
0
0
4095
0
0
0
0
0
0
0
4095
0
0
0
0
0
0
0
4095
0
0
0
0
0
0
0
4095
0
0
0
0
0
0
0
4095
0
0
0
0
0
0
0
4095
0
0
0
0
0
0
0
4095
0
0
0
0
0
0
0
4095
0
0
0
0
0
0
0
4095
0
0
0
0
0
0
0
4095
0
0
0
0
0
0
0
4095
0
0
0
0
0
0
0
4095
0
0
0
0
0
0
0
4095
0
0
0
0
0
0
0
4095
0
0
0
0
0
0
0
4095
0
0
0
0
0
0
0
4095
0
0
0
0
0
0
0
4095
0
0
0
0
0
0
0
4095
0
0
0
0
0
0
0
4095
0
0
0
0
0
0
0
4095
0
0
0
0
0
0
0
4095
0
0
0
0
0
0
0
4095
0
0
0
0
0
0
0
4095
0
0
0
0
0
0
0
4095
0
0
0
0
0
0
0
4095
0
0
0
0
0
0
0
4095
0
0
0
0
0
0
0
4095
0
0
0
0
0
0
0
4095
0
0
0
0
0
0
0
4095
0
0
0
0
0
0
0
4095
0
0
0
0
0
0
0
4095
0
0
0
0
0
0
0
4095
0
0
0
0
0
0
0
4095
0
0
0
0
0
0
0
4095
0
0
0
0
0
0
0
4095
0
0
0
0
0
0
0
4095
0
0
0
0
0
0
0
4095
0
0
0
0
0
0
0
4095
0
0
0
0
0
0
0
4095
0
0
0
0
0
0
0
4095
0
0
0
0
0
0
0
4095
0
0
0
0
0
0
0
4095
0
0
0
0
0
0
0
4095
0
0
0
0
0
0
0
4095
0
0
0
0
0
0
0
4095
0
0
0
0
0
0
0
4095
0
0
0
0
0
0
0
4095
0
0
0
0
0
0
0
4095
0
0
0
0
0
0
0
4095
0
0
0
0
0
0
0
4095
0
0
0
0
0
0
0
4095
0
0
0
0
0
0
0
4095
0
0
0
0
0
0
0
4095
0
0
0
0
0
0
0
4095
0
0
0
0
0
0
0
4095
0
0
0
0
0
0
0
4095
0
0
0
0
0
0
0
4095
0
0
0
0
0
0
0
4095
0
0
0
0
0
0
0
4095
0
0
0
0
0
0
0
4095
0
0
0
0
0
0
0
4095
0
0
0
0
0
0
0
4095
0
0
0
0
0
0
0
4095
0
0
0
0
0
0
0
4095
0
0
0
0
0
0
0
4095
0
0
0
0
0
0
0
4095
0
0
0
0
0
0
0
4095
0
0
0
0
0
0
0
4095
0
0
0
0
0
0
0
4095
0
0
0
0
0
0
0
4095
0
0
0
0
0
0
0
4095
0
0
0
0
0
0
0
4095
0
0
0
0
0
0
0
4095
0
0
0
0
0
0
0
4095
0
0
0
0
0
0
0
4095
0
0
0
0
0
0
0
4095
0
0
0
0
0
0
0
4095
0
0
0
0
0
0
0
4095
0
0
0
0
0
0
0
4095
0
0
0
0
0
0
0
4095
0
0
0
0
0
0
0
4095
0
0
0
0
0
0
0
4095
0
0
0
0
0
0
0
4095
0
0
0
0
0
0
0
4095
0
0
0
0
0
0
0
4095
0
0
0
0
0
0
0
4095
0
0
0
0
0
0
0
4095
0
0
0
0
0
0
0
4095
0
0
0
0
0
0
0
4095
0
0
0
0
0
0
0
4095
0
0
0
0
0
0
0
4095
0
0
0
0
0
0
0
4095
0
0
0
0
0
0
0
4095
0
0
0
0
0
0
0
4095
0
0
0
0
0
0
0
4095
0
0
0
0
0
0
0
4095
0
0
0
0
0
0
0
4095
0
0
0
0
0
0
0
4095
0
0
0
0
0
0
0
4095
0
0
0
0
0
0
0
4095
0
0
0
0
0
0
0
4095
0
0
0
0
0
0
0
4095
0
0
0
0
0
0
0
4095
0
0
0
0
0
0
0
4095
0
0
0
0
0
0
0
4095
0
0
0
0
0
0
0
4095
0
0
0
0
0
0
0
4095
0
0
0
0
0
0
0
4095
0
0
0
0
0
0
0
4095
0
0
0
0
0
0
0
4095
0
0
0
0
0
0
0
4095
0
0
0
0
0
0
0
4095
0
0
0
0
0
0
0
4095
0
0
0
0
0
0
0
4095
0
0
0
0
0
0
0
4095
0
0
0
0
0
0
0
4095
0
0
0
0
0
0
0
4095
0
0
0
0
0
0
0
4095
0
0
0
0
0
0
0
4095
0
0
0
0
0
0
0
4095
0
0
0
0
0
0
0
4095
0
0
0
0
0
0
0
4095
0
0
0
0
0
0
0
4095
0
0
0
0
0
0
0
4095
0
0
0
0
0
0
0
4095
0
0
0
0
0
0
0
4095
0
0
0
0
0
0
0
4095
0
0
0
0
0
0
0
4095
0
0
0
0
0
0
0
4095
0
0
0
0
0
0
0
4095
0
0
0
0
0
0
0
4095
0
0
0
0
0
0
0
4095
0
0
0
0
0
0
0
4095
0
0
0
0
0
0
0
4095
0
0
0
0
0
0
0
4095
0
0
0
0
0
0
0
4095
0
0
0
0
0
0
0
4095
0
0
0
0
0
0
0
4095
0
0
0
0
0
0
0
4095
0
0
0
0
0
0
0
4095
0
0
0
0
0
0
0
4095
0
0
0
0
0
0
0
4095
0
0
0
0
0
0
0
4095
0
0
0
0
0
0
0
4095
0
0
0
0
0
0
0
4095
0
0
0
0
0
0
0
4095
0
0
0
0
0
0
0
4095
0
0
0
0
0
0
0
4095
0
0
0
0
0
0
0
4095
0
0
0
0
0
0
0
4095
0
0
0
0
0
0
0
4095
0
0
0
0
0
0
0
4095
0
0
0
0
0
0
0
4095
0
0
0
0
0
0
0
4095
0
0
0
0
0
0
0
4095
0
0
0
0
0
0
0
4095
0
0
0
0
0
0
0
4095
0
0
0
0
0
0
0
4095
0
0
0
0
0
0
0
4095
0
0
0
0
0
0
0
4095
0
0
0
0
0
0
0
4095
0
0
0
0
0
0
0
4095
0
0
0
0
0
0
0
4095
0
0
0
0
0
0
0
4095
0
0
0
0
0
0
0
4095
0
0
0
0
0
0
0
4095
0
0
0
0
0
0
0
4095
0
0
0
0
0
0
0
4095
0
0
0
0
0
0
0
4095
0
0
0
0
0
0
0
4095
0
0
0
0
0
0
0
4095
0
0
0
0
0
0
0
4095
0
0
0
0
0
0
0
4095
0
0
0
0
0
0
0
4095
0
0
0
0
0
0
0
4095
0
0
0
0
0
0
0
4095
0
0
0
0
0
0
0
4095
0
0
0
0
0
0
0
4095
0
0
0
0
0
0
0
4095
0
0
0
0
0
0
0
4095
0
0
0
0
0
0
0
4095
0
0
0
0
0
0
0
4095
0
0
0
0
0
0
0
4095
0
0
0
0
0
0
0
4095
0
0
0
0
0
0
0
4095
0
0
0
0
0
0
0
4095
0
0
0
0
0
0
0
4095
0
0
0
0
0
0
0
4095
0
0
0
0
0
0
0
4095
0
0
0
0
0
0
0
4095
0
0
0
0
0
0
0
4095
0
0
0
0
0
0
0
4095
0
0
0
0
0
0
0
4095
0
0
0
0
0
0
0
4095
0
0
0
0
0
0
0
4095
0
0
0
0
0
0
0
4095
0
0
0
0
0
0
0
4095
0
0
0
0
0
0
0
4095
0
0
0
0
0
0
0
4095
0
0
0
0
0
0
0
4095
0
0
0
0
0
0
0
4095
0
0
0
0
0
0
0
4095
0
0
0
0
0
0
0
4095
0
0
0
0
0
0
0
4095
0
0
0
0
0
0
0
4095
0
0
0
0
0
0
0
4095
0
0
0
0
0
0
0
4095
0
0
0
0
0
0
0
4095
0
0
0
0
0
0
0
4095
0
0
0
0
0
0
0
4095
0
0
0
0
0
0
0
4095
0
0
0
0
0
0
0
4095
0
0
0
0
0
0
0
4095
0
0
0
0
0
0
0
4095
0
0
0
0
0
0
0
4095
0
0
0
0
0
0
0
4095
0
0
0
0
0
0
0
4095
0
0
0
0
0
0
0
4095
0
0
0
0
0
0
0
4095
0
0
0
0
0
0
0
4095
0
0
0
0
0
0
0
4095
0
0
0
0
0
0
0
4095
0
0
0
0
0
0
0
4095
0
0
0
0
0
0
0
4095
0
0
0
0
0
0
0
4095
0
0
0
0
0
0
0
4095
0
0
0
0
0
0
0
4095
0
0
0
0
0
0
0
4095
0
0
0
0
0
0
0
4095
0
0
0
0
0
0
0
4095
0
0
0
0
0
0
0
4095
0
0
0
0
0
0
0
4095
0
0
0
0
0
0
0
4095
0
0
0
0
0
0
0
4095
0
0
0
0
0
0
0
4095
0
0
0
0
0
0
0
4095
0
0
0
0
0
0
0
4095
0
0
0
0
0
0
0
4095
0
0
0
0
0
0
0
4095
0
0
0
0
0
0
0
4095
0
0
0
0
0
0
0
4095
0
0
0
0
0
0
0
4095
0
0
0
0
0
0
0
4095
0
0
0
0
0
0
0
4095
0
0
0
0
0
0
0
4095
0
0
0
0
0
0
0
4095
0
0
0
0
0
0
0
4095
0
0
0
0
0
0
0
4095
0
0
0
0
0
0
0
4095
0
0
0
0
0
0
0
4095
0
0
0
0
0
0
0
4095
0
0
0
0
0
0
0
4095
0
0
0
0
0
0
0
4095
0
0
0
0
0
0
0
4095
0
0
0
0
0
0
0
4095
0
0
0
0
0
0
0
4095
0
0
0
0
0
0
0
