0
0
0
0
0
0
0
0
0
0
0
0
0
0
0
0
0
0
0
0
0
0
0
0
0
0
0
0
0
0
0
0
0
0
0
0
0
0
0
0
0
0
0
0
0
0
0
0
0
0
0
0
0
0
0
0
0
0
0
0
0
0
0
0
0
0
0
0
0
0
0
0
0
0
0
0
0
0
0
0
0
0
0
0
0
0
0
0
0
0
0
0
0
0
0
0
0
0
0
0
0
0
0
0
0
0
0
0
0
0
0
0
0
0
0
0
0
0
0
0
0
0
0
0
0
0
0
0
0
0
0
0
0
0
0
0
0
0
0
0
0
0
0
0
0
0
0
0
0
0
0
0
0
0
0
0
0
0
0
0
0
0
0
0
0
0
0
0
0
0
0
0
0
0
0
0
0
0
0
0
0
0
0
0
4094
4093
0
0
0
0
0
0
4093
4094
0
0
0
0
0
0
4095
4095
0
0
0
0
0
0
4094
4093
0
0
0
0
0
0
4094
4094
0
0
0
0
0
0
4095
4094
0
0
0
0
0
0
4093
4093
0
0
0
0
0
0
4093
4093
0
0
0
0
0
0
4094
4094
0
0
0
0
0
0
4093
4093
0
0
0
0
0
0
4094
4093
0
0
0
0
0
0
4095
4095
0
0
0
0
0
0
4093
4095
0
0
0
0
0
0
4092
4092
0
0
0
0
0
0
4095
4092
0
0
0
0
0
0
4095
0
0
0
0
0
0
0
4091
4094
0
0
0
0
0
0
4092
4090
0
0
0
0
0
0
0
4092
0
0
0
0
0
0
4095
2
0
0
0
0
0
0
4089
4095
0
0
0
0
0
0
4093
4088
0
0
0
0
0
0
4
4094
0
0
0
0
0
0
4094
4
0
0
0
0
0
0
4087
4093
0
0
0
0
0
0
4092
4086
0
0
0
0
0
0
6
0
0
0
0
0
0
0
4094
6
0
0
0
0
0
0
4085
4090
0
0
0
0
0
0
4095
4085
0
0
0
0
0
0
8
3
0
0
0
0
0
0
4092
8
0
0
0
0
0
0
4082
4087
0
0
0
0
0
0
3
4085
0
0
0
0
0
0
9
7
0
0
0
0
0
0
4087
7
0
0
0
0
0
0
4082
4082
0
0
0
0
0
0
7
4084
0
0
0
0
0
0
9
12
0
0
0
0
0
0
4081
6
0
0
0
0
0
0
4082
4077
0
0
0
0
0
0
12
4086
0
0
0
0
0
0
9
19
0
0
0
0
0
0
4075
1
0
0
0
0
0
0
4084
4072
0
0
0
0
0
0
19
4091
0
0
0
0
0
0
6
23
0
0
0
0
0
0
4071
4094
0
0
0
0
0
0
4088
4068
0
0
0
0
0
0
25
3
0
0
0
0
0
0
4095
25
0
0
0
0
0
0
4065
4086
0
0
0
0
0
0
4095
4064
0
0
0
0
0
0
29
10
0
0
0
0
0
0
4088
28
0
0
0
0
0
0
4061
4076
0
0
0
0
0
0
7
4062
0
0
0
0
0
0
31
21
0
0
0
0
0
0
4079
28
0
0
0
0
0
0
4060
4066
0
0
0
0
0
0
18
4066
0
0
0
0
0
0
32
32
0
0
0
0
0
0
4067
22
0
0
0
0
0
0
4060
4054
0
0
0
0
0
0
31
4072
0
0
0
0
0
0
27
42
0
0
0
0
0
0
4056
15
0
0
0
0
0
0
4065
4045
0
0
0
0
0
0
43
4082
0
0
0
0
0
0
21
52
0
0
0
0
0
0
4043
3
0
0
0
0
0
0
4075
4036
0
0
0
0
0
0
52
0
0
0
0
0
0
0
11
59
0
0
0
0
0
0
4033
4084
0
0
0
0
0
0
4089
4032
0
0
0
0
0
0
61
16
0
0
0
0
0
0
4090
60
0
0
0
0
0
0
4027
4066
0
0
0
0
0
0
8
4030
0
0
0
0
0
0
66
35
0
0
0
0
0
0
4075
60
0
0
0
0
0
0
4025
4047
0
0
0
0
0
0
27
4035
0
0
0
0
0
0
66
54
0
0
0
0
0
0
4054
52
0
0
0
0
0
0
4027
4027
0
0
0
0
0
0
49
4045
0
0
0
0
0
0
61
73
0
0
0
0
0
0
4032
38
0
0
0
0
0
0
4035
4010
0
0
0
0
0
0
68
4061
0
0
0
0
0
0
49
89
0
0
0
0
0
0
4012
18
0
0
0
0
0
0
4051
3996
0
0
0
0
0
0
89
4085
0
0
0
0
0
0
31
101
0
0
0
0
0
0
3996
4091
0
0
0
0
0
0
4071
3986
0
0
0
0
0
0
101
13
0
0
0
0
0
0
8
107
0
0
0
0
0
0
3985
4063
0
0
0
0
0
0
2
3985
0
0
0
0
0
0
112
44
0
0
0
0
0
0
4074
105
0
0
0
0
0
0
3978
4031
0
0
0
0
0
0
31
3991
0
0
0
0
0
0
113
75
0
0
0
0
0
0
4043
95
0
0
0
0
0
0
3981
4001
0
0
0
0
0
0
64
4005
0
0
0
0
0
0
107
106
0
0
0
0
0
0
4011
76
0
0
0
0
0
0
3992
3972
0
0
0
0
0
0
95
4028
0
0
0
0
0
0
90
131
0
0
0
0
0
0
3980
48
0
0
0
0
0
0
4013
3949
0
0
0
0
0
0
126
4059
0
0
0
0
0
0
66
152
0
0
0
0
0
0
3953
13
0
0
0
0
0
0
4042
3933
0
0
0
0
0
0
149
3
0
0
0
0
0
0
32
162
0
0
0
0
0
0
3934
4068
0
0
0
0
0
0
4078
3926
0
0
0
0
0
0
165
45
0
0
0
0
0
0
4087
164
0
0
0
0
0
0
3922
4023
0
0
0
0
0
0
25
3931
0
0
0
0
0
0
170
90
0
0
0
0
0
0
4042
152
0
0
0
0
0
0
3922
3978
0
0
0
0
0
0
72
3949
0
0
0
0
0
0
165
134
0
0
0
0
0
0
3996
129
0
0
0
0
0
0
3934
3935
0
0
0
0
0
0
117
3978
0
0
0
0
0
0
146
175
0
0
0
0
0
0
3950
92
0
0
0
0
0
0
3959
3900
0
0
0
0
0
0
162
4020
0
0
0
0
0
0
114
206
0
0
0
0
0
0
3911
48
0
0
0
0
0
0
3997
3874
0
0
0
0
0
0
196
4070
0
0
0
0
0
0
71
225
0
0
0
0
0
0
3879
4087
0
0
0
0
0
0
4045
3861
0
0
0
0
0
0
223
33
0
0
0
0
0
0
19
232
0
0
0
0
0
0
3860
4028
0
0
0
0
0
0
6
3862
0
0
0
0
0
0
237
95
0
0
0
0
0
0
4053
220
0
0
0
0
0
0
3854
3965
0
0
0
0
0
0
67
3879
0
0
0
0
0
0
233
156
0
0
0
0
0
0
3993
196
0
0
0
0
0
0
3865
3906
0
0
0
0
0
0
131
3914
0
0
0
0
0
0
215
212
0
0
0
0
0
0
3930
155
0
0
0
0
0
0
3892
3855
0
0
0
0
0
0
191
3964
0
0
0
0
0
0
179
259
0
0
0
0
0
0
3873
97
0
0
0
0
0
0
3936
3814
0
0
0
0
0
0
242
4027
0
0
0
0
0
0
126
291
0
0
0
0
0
0
3826
27
0
0
0
0
0
0
3995
3790
0
0
0
0
0
0
282
5
0
0
0
0
0
0
61
306
0
0
0
0
0
0
3793
4046
0
0
0
0
0
0
4066
3784
0
0
0
0
0
0
307
85
0
0
0
0
0
0
4081
302
0
0
0
0
0
0
3780
3966
0
0
0
0
0
0
49
3799
0
0
0
0
0
0
311
164
0
0
0
0
0
0
4002
277
0
0
0
0
0
0
3785
3887
0
0
0
0
0
0
130
3836
0
0
0
0
0
0
295
241
0
0
0
0
0
0
3920
230
0
0
0
0
0
0
3812
3816
0
0
0
0
0
0
209
3892
0
0
0
0
0
0
256
305
0
0
0
0
0
0
3845
164
0
0
0
0
0
0
3860
3758
0
0
0
0
0
0
281
3967
0
0
0
0
0
0
198
354
0
0
0
0
0
0
3779
81
0
0
0
0
0
0
3928
3719
0
0
0
0
0
0
337
4055
0
0
0
0
0
0
123
384
0
0
0
0
0
0
3731
4083
0
0
0
0
0
0
4012
3702
0
0
0
0
0
0
376
57
0
0
0
0
0
0
32
388
0
0
0
0
0
0
3703
3983
0
0
0
0
0
0
11
3710
0
0
0
0
0
0
393
159
0
0
0
0
0
0
4029
367
0
0
0
0
0
0
3701
3883
0
0
0
0
0
0
112
3744
0
0
0
0
0
0
382
256
0
0
0
0
0
0
3927
319
0
0
0
0
0
0
3723
3791
0
0
0
0
0
0
213
3804
0
0
0
0
0
0
346
343
0
0
0
0
0
0
3830
248
0
0
0
0
0
0
3772
3712
0
0
0
0
0
0
305
3887
0
0
0
0
0
0
285
412
0
0
0
0
0
0
3745
155
0
0
0
0
0
0
3846
3652
0
0
0
0
0
0
383
3989
0
0
0
0
0
0
201
458
0
0
0
0
0
0
3676
44
0
0
0
0
0
0
3940
3620
0
0
0
0
0
0
440
10
0
0
0
0
0
0
97
476
0
0
0
0
0
0
3631
4020
0
0
0
0
0
0
4051
3616
0
0
0
0
0
0
472
132
0
0
0
0
0
0
4076
464
0
0
0
0
0
0
3613
3897
0
0
0
0
0
0
75
3645
0
0
0
0
0
0
473
251
0
0
0
0
0
0
3955
420
0
0
0
0
0
0
3627
3780
0
0
0
0
0
0
197
3703
0
0
0
0
0
0
443
363
0
0
0
0
0
0
3835
348
0
0
0
0
0
0
3672
3678
0
0
0
0
0
0
312
3792
0
0
0
0
0
0
384
455
0
0
0
0
0
0
3724
243
0
0
0
0
0
0
3749
3599
0
0
0
0
0
0
415
3905
0
0
0
0
0
0
293
524
0
0
0
0
0
0
3634
122
0
0
0
0
0
0
3851
3543
0
0
0
0
0
0
495
4037
0
0
0
0
0
0
179
560
0
0
0
0
0
0
3567
4078
0
0
0
0
0
0
3975
3525
0
0
0
0
0
0
545
84
0
0
0
0
0
0
47
562
0
0
0
0
0
0
3531
3933
0
0
0
0
0
0
17
3541
0
0
0
0
0
0
563
227
0
0
0
0
0
0
4002
526
0
0
0
0
0
0
3531
3793
0
0
0
0
0
0
162
3596
0
0
0
0
0
0
545
365
0
0
0
0
0
0
3858
455
0
0
0
0
0
0
3569
3664
0
0
0
0
0
0
301
3684
0
0
0
0
0
0
490
484
0
0
0
0
0
0
3724
350
0
0
0
0
0
0
3642
3557
0
0
0
0
0
0
428
3805
0
0
0
0
0
0
400
577
0
0
0
0
0
0
3607
216
0
0
0
0
0
0
3747
3480
0
0
0
0
0
0
534
3951
0
0
0
0
0
0
279
636
0
0
0
0
0
0
3516
62
0
0
0
0
0
0
3881
3440
0
0
0
0
0
0
606
14
0
0
0
0
0
0
135
656
0
0
0
0
0
0
3459
3993
0
0
0
0
0
0
4035
3440
0
0
0
0
0
0
646
180
0
0
0
0
0
0
4070
635
0
0
0
0
0
0
3440
3827
0
0
0
0
0
0
102
3482
0
0
0
0
0
0
645
344
0
0
0
0
0
0
3905
569
0
0
0
0
0
0
3463
3670
0
0
0
0
0
0
266
3568
0
0
0
0
0
0
598
489
0
0
0
0
0
0
3745
465
0
0
0
0
0
0
3529
3536
0
0
0
0
0
0
420
3691
0
0
0
0
0
0
513
610
0
0
0
0
0
0
3600
326
0
0
0
0
0
0
3635
3432
0
0
0
0
0
0
552
3844
0
0
0
0
0
0
390
696
0
0
0
0
0
0
3484
161
0
0
0
0
0
0
3774
3367
0
0
0
0
0
0
654
4020
0
0
0
0
0
0
238
739
0
0
0
0
0
0
3400
4074
0
0
0
0
0
0
3937
3347
0
0
0
0
0
0
715
110
0
0
0
0
0
0
65
737
0
0
0
0
0
0
3359
3885
0
0
0
0
0
0
23
3375
0
0
0
0
0
0
734
297
0
0
0
0
0
0
3975
685
0
0
0
0
0
0
3365
3703
0
0
0
0
0
0
210
3450
0
0
0
0
0
0
705
472
0
0
0
0
0
0
3790
587
0
0
0
0
0
0
3417
3539
0
0
0
0
0
0
388
3567
0
0
0
0
0
0
629
621
0
0
0
0
0
0
3620
449
0
0
0
0
0
0
3514
3407
0
0
0
0
0
0
548
3724
0
0
0
0
0
0
510
735
0
0
0
0
0
0
3473
276
0
0
0
0
0
0
3654
3314
0
0
0
0
0
0
678
3911
0
0
0
0
0
0
353
806
0
0
0
0
0
0
3362
78
0
0
0
0
0
0
3826
3268
0
0
0
0
0
0
767
18
0
0
0
0
0
0
170
826
0
0
0
0
0
0
3295
3966
0
0
0
0
0
0
4020
3273
0
0
0
0
0
0
811
228
0
0
0
0
0
0
4064
795
0
0
0
0
0
0
3276
3760
0
0
0
0
0
0
129
3333
0
0
0
0
0
0
803
428
0
0
0
0
0
0
3860
710
0
0
0
0
0
0
3311
3569
0
0
0
0
0
0
331
3441
0
0
0
0
0
0
742
607
0
0
0
0
0
0
3662
576
0
0
0
0
0
0
3397
3405
0
0
0
0
0
0
518
3595
0
0
0
0
0
0
632
752
0
0
0
0
0
0
3488
401
0
0
0
0
0
0
3528
3282
0
0
0
0
0
0
678
3788
0
0
0
0
0
0
478
852
0
0
0
0
0
0
3347
198
0
0
0
0
0
0
3702
3206
0
0
0
0
0
0
798
4003
0
0
0
0
0
0
289
899
0
0
0
0
0
0
3250
4069
0
0
0
0
0
0
3903
3186
0
0
0
0
0
0
869
135
0
0
0
0
0
0
78
893
0
0
0
0
0
0
3206
3842
0
0
0
0
0
0
29
3225
0
0
0
0
0
0
886
360
0
0
0
0
0
0
3951
825
0
0
0
0
0
0
3217
3625
0
0
0
0
0
0
252
3320
0
0
0
0
0
0
847
566
0
0
0
0
0
0
3730
704
0
0
0
0
0
0
3285
3433
0
0
0
0
0
0
464
3465
0
0
0
0
0
0
752
742
0
0
0
0
0
0
3529
536
0
0
0
0
0
0
3405
3276
0
0
0
0
0
0
651
3654
0
0
0
0
0
0
606
872
0
0
0
0
0
0
3358
328
0
0
0
0
0
0
3572
3169
0
0
0
0
0
0
802
3877
0
0
0
0
0
0
419
952
0
0
0
0
0
0
3231
95
0
0
0
0
0
0
3777
3119
0
0
0
0
0
0
904
22
0
0
0
0
0
0
200
972
0
0
0
0
0
0
3156
3944
0
0
0
0
0
0
4006
3131
0
0
0
0
0
0
949
266
0
0
0
0
0
0
4059
929
0
0
0
0
0
0
3139
3704
0
0
0
0
0
0
150
3205
0
0
0
0
0
0
938
500
0
0
0
0
0
0
3820
825
0
0
0
0
0
0
3183
3483
0
0
0
0
0
0
385
3336
0
0
0
0
0
0
862
704
0
0
0
0
0
0
3593
667
0
0
0
0
0
0
3286
3297
0
0
0
0
0
0
600
3518
0
0
0
0
0
0
731
867
0
0
0
0
0
0
3395
464
0
0
0
0
0
0
3444
3159
0
0
0
0
0
0
780
3741
0
0
0
0
0
0
550
980
0
0
0
0
0
0
3238
228
0
0
0
0
0
0
3645
3076
0
0
0
0
0
0
912
3989
0
0
0
0
0
0
331
1028
0
0
0
0
0
0
3131
4066
0
0
0
0
0
0
3877
3058
0
0
0
0
0
0
990
155
0
0
0
0
0
0
89
1016
0
0
0
0
0
0
3084
3807
0
0
0
0
0
0
32
3107
0
0
0
0
0
0
1006
407
0
0
0
0
0
0
3931
935
0
0
0
0
0
0
3099
3562
0
0
0
0
0
0
284
3217
0
0
0
0
0
0
957
640
0
0
0
0
0
0
3685
796
0
0
0
0
0
0
3181
3347
0
0
0
0
0
0
521
3385
0
0
0
0
0
0
845
833
0
0
0
0
0
0
3460
602
0
0
0
0
0
0
3321
3177
0
0
0
0
0
0
729
3601
0
0
0
0
0
0
679
978
0
0
0
0
0
0
3272
366
0
0
0
0
0
0
3512
3062
0
0
0
0
0
0
896
3852
0
0
0
0
0
0
466
1061
0
0
0
0
0
0
3134
106
0
0
0
0
0
0
3741
3011
0
0
0
0
0
0
1003
24
0
0
0
0
0
0
222
1078
0
0
0
0
0
0
3056
3929
0
0
0
0
0
0
3998
3029
0
0
0
0
0
0
1050
294
0
0
0
0
0
0
4057
1028
0
0
0
0
0
0
3041
3664
0
0
0
0
0
0
165
3114
0
0
0
0
0
0
1032
550
0
0
0
0
0
0
3794
908
0
0
0
0
0
0
3094
3422
0
0
0
0
0
0
422
3263
0
0
0
0
0
0
946
773
0
0
0
0
0
0
3547
733
0
0
0
0
0
0
3212
3224
0
0
0
0
0
0
655
3465
0
0
0
0
0
0
798
947
0
0
0
0
0
0
3333
507
0
0
0
0
0
0
3386
3075
0
0
0
0
0
0
849
3710
0
0
0
0
0
0
599
1065
0
0
0
0
0
0
3163
246
0
0
0
0
0
0
3606
2992
0
0
0
0
0
0
988
3980
0
0
0
0
0
0
360
1114
0
0
0
0
0
0
3053
4065
0
0
0
0
0
0
3859
2976
0
0
0
0
0
0
1069
166
0
0
0
0
0
0
96
1094
0
0
0
0
0
0
3007
3786
0
0
0
0
0
0
34
3031
0
0
0
0
0
0
1080
439
0
0
0
0
0
0
3919
1003
0
0
0
0
0
0
3029
3524
0
0
0
0
0
0
306
3156
0
0
0
0
0
0
1024
686
0
0
0
0
0
0
3656
849
0
0
0
0
0
0
3120
3296
0
0
0
0
0
0
556
3337
0
0
0
0
0
0
900
888
0
0
0
0
0
0
3418
640
0
0
0
0
0
0
3272
3119
0
0
0
0
0
0
776
3572
0
0
0
0
0
0
721
1037
0
0
0
0
0
0
3222
388
0
0
0
0
0
0
3478
3001
0
0
0
0
0
0
947
3838
0
0
0
0
0
0
494
1122
0
0
0
0
0
0
3080
111
0
0
0
0
0
0
3722
2953
0
0
0
0
0
0
1057
25
0
0
0
0
0
0
235
1136
0
0
0
0
0
0
3001
3920
0
0
0
0
0
0
3993
2976
0
0
0
0
0
0
1102
309
0
0
0
0
0
0
4055
1077
0
0
0
0
0
0
2991
3644
0
0
0
0
0
0
173
3068
0
0
0
0
0
0
1078
575
0
0
0
0
0
0
3781
949
0
0
0
0
0
0
3051
3394
0
0
0
0
0
0
442
3228
0
0
0
0
0
0
983
802
0
0
0
0
0
0
3525
761
0
0
0
0
0
0
3177
3190
0
0
0
0
0
0
680
3441
0
0
0
0
0
0
828
981
0
0
0
0
0
0
3305
524
0
0
0
0
0
0
3359
3040
0
0
0
0
0
0
876
3697
0
0
0
0
0
0
618
1099
0
0
0
0
0
0
3134
254
0
0
0
0
0
0
3592
2959
0
0
0
0
0
0
1017
3977
0
0
0
0
0
0
370
1146
0
0
0
0
0
0
3024
4063
0
0
0
0
0
0
3854
2948
0
0
0
0
0
0
1095
170
0
0
0
0
0
0
99
1121
0
0
0
0
0
0
2982
3779
0
0
0
0
0
0
34
3007
0
0
0
0
0
0
1103
447
0
0
0
0
0
0
3917
1025
0
0
0
0
0
0
3008
3513
0
0
0
0
0
0
310
3139
0
0
0
0
0
0
1041
697
0
0
0
0
0
0
3648
863
0
0
0
0
0
0
3105
3285
0
0
0
0
0
0
565
3328
0
0
0
0
0
0
912
899
0
0
0
0
0
0
3410
648
0
0
0
0
0
0
3263
3109
0
0
0
0
0
0
784
3566
0
0
0
0
0
0
729
1047
0
0
0
0
0
0
3215
391
0
0
0
0
0
0
3473
2994
0
0
0
0
0
0
952
3837
0
0
0
0
0
0
496
1127
0
0
0
0
0
0
3077
112
0
0
0
0
0
0
3721
2949
0
0
0
0
0
0
1060
26
0
0
0
0
0
0
235
1137
0
0
0
0
0
0
3001
3920
0
0
0
0
0
0
3992
2976
0
0
0
0
0
0
1100
309
0
0
0
0
0
0
4055
1073
0
0
0
0
0
0
2995
3646
0
0
0
0
0
0
172
3073
0
0
0
0
0
0
1071
572
0
0
0
0
0
0
3783
942
0
0
0
0
0
0
3059
3400
0
0
0
0
0
0
436
3235
0
0
0
0
0
0
973
796
0
0
0
0
0
0
3531
753
0
0
0
0
0
0
3188
3200
0
0
0
0
0
0
670
3449
0
0
0
0
0
0
817
969
0
0
0
0
0
0
3317
517
0
0
0
0
0
0
3372
3056
0
0
0
0
0
0
862
3704
0
0
0
0
0
0
607
1079
0
0
0
0
0
0
3152
249
0
0
0
0
0
0
3601
2980
0
0
0
0
0
0
997
3980
0
0
0
0
0
0
362
1121
0
0
0
0
0
0
3049
4064
0
0
0
0
0
0
3860
2974
0
0
0
0
0
0
1068
166
0
0
0
0
0
0
96
1092
0
0
0
0
0
0
3010
3786
0
0
0
0
0
0
34
3037
0
0
0
0
0
0
1073
435
0
0
0
0
0
0
3921
995
0
0
0
0
0
0
3041
3531
0
0
0
0
0
0
300
3167
0
0
0
0
0
0
1007
674
0
0
0
0
0
0
3663
834
0
0
0
0
0
0
3138
3312
0
0
0
0
0
0
545
3354
0
0
0
0
0
0
880
868
0
0
0
0
0
0
3435
624
0
0
0
0
0
0
3295
3146
0
0
0
0
0
0
752
3585
0
0
0
0
0
0
700
1006
0
0
0
0
0
0
3252
376
0
0
0
0
0
0
3499
3040
0
0
0
0
0
0
911
3847
0
0
0
0
0
0
475
1079
0
0
0
0
0
0
3122
107
0
0
0
0
0
0
3738
3001
0
0
0
0
0
0
1010
24
0
0
0
0
0
0
224
1082
0
0
0
0
0
0
3055
3929
0
0
0
0
0
0
3996
3031
0
0
0
0
0
0
1044
293
0
0
0
0
0
0
4057
1018
0
0
0
0
0
0
3053
3670
0
0
0
0
0
0
163
3128
0
0
0
0
0
0
1015
541
0
0
0
0
0
0
3800
891
0
0
0
0
0
0
3118
3440
0
0
0
0
0
0
411
3284
0
0
0
0
0
0
918
750
0
0
0
0
0
0
3565
708
0
0
0
0
0
0
3241
3254
0
0
0
0
0
0
629
3489
0
0
0
0
0
0
766
908
0
0
0
0
0
0
3366
484
0
0
0
0
0
0
3417
3124
0
0
0
0
0
0
806
3730
0
0
0
0
0
0
567
1008
0
0
0
0
0
0
3215
233
0
0
0
0
0
0
3635
3057
0
0
0
0
0
0
928
3987
0
0
0
0
0
0
337
1043
0
0
0
0
0
0
3122
4066
0
0
0
0
0
0
3876
3054
0
0
0
0
0
0
990
154
0
0
0
0
0
0
88
1012
0
0
0
0
0
0
3091
3809
0
0
0
0
0
0
31
3117
0
0
0
0
0
0
990
400
0
0
0
0
0
0
3935
917
0
0
0
0
0
0
3124
3575
0
0
0
0
0
0
276
3242
0
0
0
0
0
0
927
620
0
0
0
0
0
0
3698
766
0
0
0
0
0
0
3217
3377
0
0
0
0
0
0
499
3417
0
0
0
0
0
0
806
795
0
0
0
0
0
0
3493
571
0
0
0
0
0
0
3363
3227
0
0
0
0
0
0
685
3629
0
0
0
0
0
0
638
916
0
0
0
0
0
0
3326
341
0
0
0
0
0
0
3552
3135
0
0
0
0
0
0
827
3870
0
0
0
0
0
0
431
978
0
0
0
0
0
0
3211
95
0
0
0
0
0
0
3771
3104
0
0
0
0
0
0
914
22
0
0
0
0
0
0
201
976
0
0
0
0
0
0
3155
3945
0
0
0
0
0
0
4006
3136
0
0
0
0
0
0
941
264
0
0
0
0
0
0
4061
916
0
0
0
0
0
0
3158
3713
0
0
0
0
0
0
146
3227
0
0
0
0
0
0
908
484
0
0
0
0
0
0
3831
797
0
0
0
0
0
0
3219
3508
0
0
0
0
0
0
367
3371
0
0
0
0
0
0
819
668
0
0
0
0
0
0
3622
632
0
0
0
0
0
0
3335
3345
0
0
0
0
0
0
560
3555
0
0
0
0
0
0
680
807
0
0
0
0
0
0
3447
429
0
0
0
0
0
0
3494
3233
0
0
0
0
0
0
713
3770
0
0
0
0
0
0
502
892
0
0
0
0
0
0
3317
206
0
0
0
0
0
0
3688
3178
0
0
0
0
0
0
818
4000
0
0
0
0
0
0
296
918
0
0
0
0
0
0
3239
4070
0
0
0
0
0
0
3902
3181
0
0
0
0
0
0
869
135
0
0
0
0
0
0
77
886
0
0
0
0
0
0
3216
3845
0
0
0
0
0
0
27
3240
0
0
0
0
0
0
865
350
0
0
0
0
0
0
3955
799
0
0
0
0
0
0
3248
3641
0
0
0
0
0
0
240
3352
0
0
0
0
0
0
804
538
0
0
0
0
0
0
3751
666
0
0
0
0
0
0
3333
3472
0
0
0
0
0
0
433
3507
0
0
0
0
0
0
698
687
0
0
0
0
0
0
3574
494
0
0
0
0
0
0
3463
3346
0
0
0
0
0
0
591
3694
0
0
0
0
0
0
549
788
0
0
0
0
0
0
3433
294
0
0
0
0
0
0
3629
3270
0
0
0
0
0
0
710
3900
0
0
0
0
0
0
369
839
0
0
0
0
0
0
3340
83
0
0
0
0
0
0
3817
3248
0
0
0
0
0
0
780
18
0
0
0
0
0
0
173
834
0
0
0
0
0
0
3293
3966
0
0
0
0
0
0
4020
3279
0
0
0
0
0
0
798
223
0
0
0
0
0
0
4067
778
0
0
0
0
0
0
3300
3770
0
0
0
0
0
0
123
3360
0
0
0
0
0
0
767
409
0
0
0
0
0
0
3872
672
0
0
0
0
0
0
3357
3601
0
0
0
0
0
0
309
3485
0
0
0
0
0
0
688
562
0
0
0
0
0
0
3698
531
0
0
0
0
0
0
3457
3465
0
0
0
0
0
0
469
3642
0
0
0
0
0
0
570
675
0
0
0
0
0
0
3554
359
0
0
0
0
0
0
3593
3375
0
0
0
0
0
0
595
3825
0
0
0
0
0
0
417
742
0
0
0
0
0
0
3449
170
0
0
0
0
0
0
3757
3334
0
0
0
0
0
0
677
4015
0
0
0
0
0
0
245
759
0
0
0
0
0
0
3388
4074
0
0
0
0
0
0
3935
3338
0
0
0
0
0
0
717
111
0
0
0
0
0
0
63
730
0
0
0
0
0
0
3372
3889
0
0
0
0
0
0
21
3393
0
0
0
0
0
0
708
286
0
0
0
0
0
0
3981
654
0
0
0
0
0
0
3402
3724
0
0
0
0
0
0
195
3488
0
0
0
0
0
0
656
438
0
0
0
0
0
0
3814
541
0
0
0
0
0
0
3476
3589
0
0
0
0
0
0
351
3618
0
0
0
0
0
0
566
556
0
0
0
0
0
0
3673
400
0
0
0
0
0
0
3583
3489
0
0
0
0
0
0
478
3772
0
0
0
0
0
0
442
635
0
0
0
0
0
0
3563
237
0
0
0
0
0
0
3721
3432
0
0
0
0
0
0
569
3939
0
0
0
0
0
0
295
671
0
0
0
0
0
0
3490
66
0
0
0
0
0
0
3874
3418
0
0
0
0
0
0
622
15
0
0
0
0
0
0
137
663
0
0
0
0
0
0
3459
3993
0
0
0
0
0
0
4034
3445
0
0
0
0
0
0
634
177
0
0
0
0
0
0
4072
616
0
0
0
0
0
0
3467
3838
0
0
0
0
0
0
97
3515
0
0
0
0
0
0
605
322
0
0
0
0
0
0
3919
528
0
0
0
0
0
0
3514
3706
0
0
0
0
0
0
241
3616
0
0
0
0
0
0
540
440
0
0
0
0
0
0
3784
414
0
0
0
0
0
0
3596
3603
0
0
0
0
0
0
363
3741
0
0
0
0
0
0
443
525
0
0
0
0
0
0
3675
278
0
0
0
0
0
0
3706
3537
0
0
0
0
0
0
460
3885
0
0
0
0
0
0
323
573
0
0
0
0
0
0
3596
132
0
0
0
0
0
0
3832
3507
0
0
0
0
0
0
522
4035
0
0
0
0
0
0
188
582
0
0
0
0
0
0
3551
4077
0
0
0
0
0
0
3973
3517
0
0
0
0
0
0
546
84
0
0
0
0
0
0
48
556
0
0
0
0
0
0
3544
3938
0
0
0
0
0
0
15
3560
0
0
0
0
0
0
537
218
0
0
0
0
0
0
4008
494
0
0
0
0
0
0
3571
3815
0
0
0
0
0
0
147
3637
0
0
0
0
0
0
493
329
0
0
0
0
0
0
3884
406
0
0
0
0
0
0
3630
3714
0
0
0
0
0
0
262
3736
0
0
0
0
0
0
422
415
0
0
0
0
0
0
3780
298
0
0
0
0
0
0
3714
3643
0
0
0
0
0
0
354
3853
0
0
0
0
0
0
328
472
0
0
0
0
0
0
3700
174
0
0
0
0
0
0
3816
3603
0
0
0
0
0
0
420
3980
0
0
0
0
0
0
217
494
0
0
0
0
0
0
3650
48
0
0
0
0
0
0
3931
3598
0
0
0
0
0
0
455
10
0
0
0
0
0
0
100
485
0
0
0
0
0
0
3630
4020
0
0
0
0
0
0
4050
3622
0
0
0
0
0
0
458
127
0
0
0
0
0
0
4078
447
0
0
0
0
0
0
3639
3908
0
0
0
0
0
0
69
3676
0
0
0
0
0
0
435
231
0
0
0
0
0
0
3969
380
0
0
0
0
0
0
3679
3816
0
0
0
0
0
0
172
3752
0
0
0
0
0
0
384
313
0
0
0
0
0
0
3872
294
0
0
0
0
0
0
3739
3745
0
0
0
0
0
0
258
3844
0
0
0
0
0
0
313
370
0
0
0
0
0
0
3797
196
0
0
0
0
0
0
3820
3701
0
0
0
0
0
0
322
3947
0
0
0
0
0
0
226
402
0
0
0
0
0
0
3745
91
0
0
0
0
0
0
3912
3685
0
0
0
0
0
0
363
4052
0
0
0
0
0
0
131
405
0
0
0
0
0
0
3718
4083
0
0
0
0
0
0
4010
3694
0
0
0
0
0
0
377
58
0
0
0
0
0
0
32
383
0
0
0
0
0
0
3716
3986
0
0
0
0
0
0
9
3728
0
0
0
0
0
0
366
147
0
0
0
0
0
0
4036
338
0
0
0
0
0
0
3738
3904
0
0
0
0
0
0
99
3783
0
0
0
0
0
0
334
222
0
0
0
0
0
0
3952
274
0
0
0
0
0
0
3780
3838
0
0
0
0
0
0
175
3852
0
0
0
0
0
0
282
278
0
0
0
0
0
0
3884
199
0
0
0
0
0
0
3838
3793
0
0
0
0
0
0
235
3933
0
0
0
0
0
0
217
312
0
0
0
0
0
0
3833
115
0
0
0
0
0
0
3911
3770
0
0
0
0
0
0
276
4018
0
0
0
0
0
0
141
323
0
0
0
0
0
0
3803
31
0
0
0
0
0
0
3988
3770
0
0
0
0
0
0
295
5
0
0
0
0
0
0
65
313
0
0
0
0
0
0
3792
4046
0
0
0
0
0
0
4065
3789
0
0
0
0
0
0
294
81
0
0
0
0
0
0
4084
284
0
0
0
0
0
0
3803
3976
0
0
0
0
0
0
44
3827
0
0
0
0
0
0
276
146
0
0
0
0
0
0
4015
240
0
0
0
0
0
0
3831
3918
0
0
0
0
0
0
107
3878
0
0
0
0
0
0
241
196
0
0
0
0
0
0
3955
184
0
0
0
0
0
0
3873
3876
0
0
0
0
0
0
160
3938
0
0
0
0
0
0
192
229
0
0
0
0
0
0
3911
120
0
0
0
0
0
0
3926
3852
0
0
0
0
0
0
197
4003
0
0
0
0
0
0
137
244
0
0
0
0
0
0
3882
55
0
0
0
0
0
0
3982
3844
0
0
0
0
0
0
219
4068
0
0
0
0
0
0
77
243
0
0
0
0
0
0
3868
4088
0
0
0
0
0
0
4043
3855
0
0
0
0
0
0
224
33
0
0
0
0
0
0
19
226
0
0
0
0
0
0
3870
4030
0
0
0
0
0
0
5
3879
0
0
0
0
0
0
215
85
0
0
0
0
0
0
4060
197
0
0
0
0
0
0
3886
3983
0
0
0
0
0
0
56
3913
0
0
0
0
0
0
193
127
0
0
0
0
0
0
4011
156
0
0
0
0
0
0
3914
3947
0
0
0
0
0
0
99
3956
0
0
0
0
0
0
160
157
0
0
0
0
0
0
3974
111
0
0
0
0
0
0
3950
3924
0
0
0
0
0
0
132
4004
0
0
0
0
0
0
120
173
0
0
0
0
0
0
3949
63
0
0
0
0
0
0
3991
3914
0
0
0
0
0
0
152
4051
0
0
0
0
0
0
77
177
0
0
0
0
0
0
3936
16
0
0
0
0
0
0
4036
3918
0
0
0
0
0
0
160
3
0
0
0
0
0
0
32
167
0
0
0
0
0
0
3932
4069
0
0
0
0
0
0
4080
3932
0
0
0
0
0
0
155
41
0
0
0
0
0
0
4090
150
0
0
0
0
0
0
3940
4031
0
0
0
0
0
0
21
3954
0
0
0
0
0
0
142
74
0
0
0
0
0
0
4053
124
0
0
0
0
0
0
3958
4003
0
0
0
0
0
0
55
3984
0
0
0
0
0
0
121
98
0
0
0
0
0
0
4024
91
0
0
0
0
0
0
3983
3985
0
0
0
0
0
0
78
4016
0
0
0
0
0
0
95
113
0
0
0
0
0
0
4002
58
0
0
0
0
0
0
4011
3975
0
0
0
0
0
0
95
4050
0
0
0
0
0
0
67
118
0
0
0
0
0
0
3991
25
0
0
0
0
0
0
4040
3975
0
0
0
0
0
0
103
4082
0
0
0
0
0
0
36
115
0
0
0
0
0
0
3987
4092
0
0
0
0
0
0
4070
3982
0
0
0
0
0
0
103
14
0
0
0
0
0
0
7
103
0
0
0
0
0
0
3991
4065
0
0
0
0
0
0
2
3996
0
0
0
0
0
0
96
38
0
0
0
0
0
0
4079
86
0
0
0
0
0
0
4001
4044
0
0
0
0
0
0
24
4014
0
0
0
0
0
0
83
55
0
0
0
0
0
0
4059
67
0
0
0
0
0
0
4016
4031
0
0
0
0
0
0
41
4035
0
0
0
0
0
0
66
65
0
0
0
0
0
0
4044
46
0
0
0
0
0
0
4035
4024
0
0
0
0
0
0
53
4057
0
0
0
0
0
0
48
69
0
0
0
0
0
0
4034
23
0
0
0
0
0
0
4053
4022
0
0
0
0
0
0
58
4077
0
0
0
0
0
0
27
68
0
0
0
0
0
0
4032
4
0
0
0
0
0
0
4071
4026
0
0
0
0
0
0
59
0
0
0
0
0
0
0
11
61
0
0
0
0
0
0
4033
4084
0
0
0
0
0
0
4087
4033
0
0
0
0
0
0
56
15
0
0
0
0
0
0
4093
53
0
0
0
0
0
0
4040
4072
0
0
0
0
0
0
6
4044
0
0
0
0
0
0
48
24
0
0
0
0
0
0
4080
42
0
0
0
0
0
0
4048
4063
0
0
0
0
0
0
16
4057
0
0
0
0
0
0
39
31
0
0
0
0
0
0
4071
28
0
0
0
0
0
0
4058
4059
0
0
0
0
0
0
23
4069
0
0
0
0
0
0
28
33
0
0
0
0
0
0
4067
16
0
0
0
0
0
0
4068
4058
0
0
0
0
0
0
26
4080
0
0
0
0
0
0
18
33
0
0
0
0
0
0
4064
6
0
0
0
0
0
0
4079
4061
0
0
0
0
0
0
27
4090
0
0
0
0
0
0
8
29
0
0
0
0
0
0
4065
4093
0
0
0
0
0
0
4087
4064
0
0
0
0
0
0
24
1
0
0
0
0
0
0
0
24
0
0
0
0
0
0
4069
4087
0
0
0
0
0
0
4094
4070
0
0
0
0
0
0
19
6
0
0
0
0
0
0
4091
17
0
0
0
0
0
0
4074
4084
0
0
0
0
0
0
2
4076
0
0
0
0
0
0
16
10
0
0
0
0
0
0
4087
12
0
0
0
0
0
0
4078
4080
0
0
0
0
0
0
6
4083
0
0
0
0
0
0
11
10
0
0
0
0
0
0
4085
8
0
0
0
0
0
0
4083
4081
0
0
0
0
0
0
7
4087
0
0
0
0
0
0
5
9
0
0
0
0
0
0
4084
2
0
0
0
0
0
0
4088
4083
0
0
0
0
0
0
7
4091
0
0
0
0
0
0
2
8
0
0
0
0
0
0
4085
4094
0
0
0
0
0
0
4089
4084
0
0
0
0
0
0
5
4093
0
0
0
0
0
0
4095
5
0
0
0
0
0
0
4087
4093
0
0
0
0
0
0
4092
4087
0
0
0
0
0
0
4
0
0
0
0
0
0
0
4094
3
0
0
0
0
0
0
4088
4092
0
0
0
0
0
0
4094
4090
0
0
0
0
0
0
1
4095
0
0
0
0
0
0
4093
1
0
0
0
0
0
0
4090
4091
0
0
0
0
0
0
4094
4091
0
0
0
0
0
0
4095
4095
0
0
0
0
0
0
4093
0
0
0
0
0
0
0
4092
4092
0
0
0
0
0
0
4095
4092
0
0
0
0
0
0
4094
4095
0
0
0
0
0
0
4093
4094
0
0
0
0
0
0
4094
4093
0
0
0
0
0
0
4095
4094
0
0
0
0
0
0
4094
4094
0
0
0
0
0
0
4093
4093
0
0
0
0
0
0
4093
4094
0
0
0
0
0
0
4094
4094
0
0
0
0
0
0
4094
4094
0
0
0
0
0
0
4094
4094
0
0
0
0
0
0
4094
4093
0
0
0
0
0
0
4094
4095
0
0
0
0
0
0
0
0
0
0
0
0
0
0
0
4095
0
0
0
0
0
0
4095
0
0
0
0
0
0
0
0
0
0
0
0
0
0
0
4095
4095
0
0
0
0
0
0
0
0
0
0
0
0
0
0
0
4095
0
0
0
0
0
0
0
0
0
0
0
0
0
0
0
0
0
0
0
0
0
0
0
0
0
0
0
0
0
0
0
0
0
0
0
0
0
0
0
0
0
0
0
0
0
0
0
0
0
0
0
0
0
0
0
0
0
0
0
0
0
0
0
0
0
0
0
0
0
0
0
0
0
0
0
0
0
0
0
0
0
0
0
0
0
0
0
0
0
0
0
0
0
0
0
0
0
0
0
0
0
0
0
0
0
0
0
0
0
0
0
0
0
0
0
0
0
0
0
0
0
0
0
0
0
0
0
0
0
0
0
0
0
0
0
0
0
0
0
0
0
0
0
0
0
0
0
0
0
0
0
0
0
0
0
0
0
0
0
0
0
0
0
0
0
0
0
0
0
0
0
0
0
0
0
0
0
0
0
0
0
0
0
0
0
0
0
0
0
0
0
0
0
0
0
0
0
0
0
0
0
0
0
0
0
0
0
0
0
0
0
0
0
0
0
0
0
0
0
0
0
0
0
0
0
0
0
0
0
0
0
0
0
0
0
0
0
0
0
0
0
0
0
0
0
0
0
0
0
0
0
0
0
0
0
0
0
0
0
0
0
0
0
0
0
0
0
0
0
0
0
0
0
0
0
0
0
0
0
0
0
0
0
0
0
0
0
0
0
0
0
0
0
0
0
0
0
0
0
0
0
0
0
0
0
0
0
0
0
0
0
0
0
0
0
0
0
0
0
0
0
0
0
0
0
0
0
0
0
0
0
0
0
0
0
0
0
0
0
0
0
0
0
0
0
0
0
0
0
0
0
0
0
0
0
0
0
0
0
0
0
0
0
0
0
0
0
0
0
0
0
0
0
0
0
0
0
0
0
0
0
0
0
0
0
0
0
0
0
0
0
0
0
0
0
0
0
0
0
0
0
0
0
0
0
0
0
0
0
0
0
0
0
0
0
0
0
0
0
0
0
0
0
0
0
0
0
0
0
0
0
0
0
0
0
0
0
0
0
0
0
0
0
0
0
0
0
0
0
0
0
0
0
0
0
0
0
0
0
0
0
0
0
0
0
0
0
0
0
0
0
0
0
0
0
0
0
0
0
0
0
0
0
0
0
0
0
0
0
0
0
0
0
0
0
0
0
0
0
0
0
0
0
0
0
0
0
0
0
0
0
0
0
0
0
0
0
0
0
0
0
0
0
0
0
0
0
0
0
0
0
0
0
0
0
0
0
0
0
0
0
0
0
0
0
0
0
0
0
0
0
0
0
0
0
0
0
0
0
0
0
0
0
0
0
0
0
0
0
0
0
0
0
0
0
0
0
0
0
0
0
0
0
0
0
0
0
0
0
0
0
0
0
0
0
0
0
0
0
0
0
0
0
0
0
0
0
0
0
0
0
0
0
0
0
0
0
0
0
0
0
0
0
0
0
0
0
0
0
0
0
0
0
0
0
0
0
0
0
0
0
0
0
0
0
0
0
0
0
0
0
0
0
0
0
0
0
0
0
0
0
0
0
0
0
0
0
0
0
0
0
0
0
0
0
0
0
0
0
0
0
0
0
0
0
0
0
0
0
0
0
0
0
0
0
0
0
0
0
0
0
0
0
0
0
0
0
0
0
0
0
0
0
0
0
0
0
0
0
0
0
0
0
0
0
0
0
0
0
0
0
0
0
0
0
0
0
0
0
0
0
0
0
0
0
0
0
0
0
0
0
0
0
0
0
0
0
0
0
0
0
0
0
0
0
0
0
0
0
0
0
0
0
0
0
0
0
0
0
0
0
0
0
0
0
0
0
0
0
0
0
0
0
0
0
0
0
0
0
0
0
0
0
0
0
0
0
0
0
0
0
0
0
0
0
0
0
0
0
0
0
0
0
0
0
0
0
0
0
0
0
0
0
0
0
0
0
0
0
0
0
0
0
0
0
0
0
0
0
0
0
0
0
0
0
0
0
0
0
0
0
0
0
0
0
0
0
0
0
0
0
0
0
0
0
0
0
0
0
0
0
0
0
0
0
0
0
0
0
0
0
0
0
0
0
0
0
0
0
0
0
0
0
0
0
0
0
0
0
0
0
0
0
0
0
0
0
0
0
0
0
0
0
0
0
0
0
0
0
0
0
0
0
0
0
0
0
0
0
0
0
0
0
0
0
0
0
0
0
0
0
0
0
0
0
0
0
0
0
0
0
0
0
0
0
0
0
0
0
0
0
0
0
0
0
0
0
0
0
0
0
0
0
0
0
0
0
0
0
0
0
0
0
0
0
0
0
0
0
0
0
0
0
0
0
0
0
0
0
0
0
0
0
0
0
0
0
0
0
0
0
0
0
0
0
0
0
0
0
0
0
0
0
0
0
0
0
0
0
0
0
0
0
0
0
0
0
0
0
0
0
0
0
0
0
0
0
0
0
0
0
0
0
0
0
0
0
0
0
0
0
0
0
0
0
0
0
0
0
0
0
0
0
0
0
0
0
0
0
0
0
0
0
0
0
0
0
0
0
0
0
0
0
0
0
0
0
0
0
0
0
0
0
0
0
0
0
0
0
0
0
0
0
0
0
0
0
0
0
0
0
0
0
0
0
0
0
0
0
0
0
0
0
0
0
0
0
0
0
0
0
0
0
0
0
0
0
0
0
0
0
0
0
0
0
0
0
0
0
0
0
0
0
0
0
0
0
0
0
0
0
0
0
0
0
0
0
0
0
0
0
0
0
0
0
0
0
0
0
0
0
0
0
0
0
0
0
0
0
0
0
0
0
0
0
0
0
0
0
0
0
0
0
0
0
0
0
0
0
0
0
0
0
0
0
0
0
0
0
0
0
0
0
0
0
0
0
0
0
0
0
0
0
0
0
0
0
0
0
0
0
0
0
0
0
0
0
0
0
0
0
0
0
0
0
0
0
0
0
0
0
0
0
0
0
0
0
0
0
0
0
0
0
0
0
0
0
0
0
0
0
0
0
0
0
0
0
0
0
0
0
0
0
0
0
0
0
0
0
0
0
0
0
0
0
0
0
0
0
0
0
0
0
0
0
0
0
0
0
0
0
0
0
0
0
0
0
0
0
0
0
0
0
0
0
0
0
0
0
0
0
0
0
0
0
0
0
0
0
0
0
0
0
0
0
0
0
0
0
0
0
0
0
0
0
0
0
0
0
0
0
0
0
0
0
0
0
0
0
0
0
0
0
0
0
0
0
0
0
0
0
0
0
0
0
0
0
0
0
0
0
0
0
0
0
0
0
0
0
0
0
0
0
0
0
0
0
0
0
0
0
0
0
0
0
0
0
0
0
0
0
0
0
0
0
0
0
0
0
0
0
0
0
0
0
0
0
0
0
0
0
0
0
0
0
0
0
0
0
0
0
0
0
0
0
0
0
0
0
0
0
0
0
0
0
0
0
0
0
0
0
0
0
0
0
0
0
0
0
0
0
0
0
0
0
0
0
0
0
0
0
0
0
0
0
0
0
0
0
0
0
0
0
0
0
0
0
0
0
0
0
0
0
0
0
0
0
0
0
0
0
0
0
0
0
0
0
0
0
0
0
0
0
0
0
0
0
0
0
0
0
0
0
0
0
0
0
0
0
0
0
0
0
0
0
0
0
0
0
0
0
0
0
0
0
0
0
0
0
0
0
0
0
0
0
0
0
0
0
0
0
0
0
0
0
0
0
0
0
0
0
0
0
0
0
0
0
0
0
0
0
0
0
0
0
0
0
0
0
0
0
0
0
0
0
0
0
0
0
0
0
0
0
0
0
0
0
0
0
0
0
0
0
0
0
0
0
0
0
0
0
0
0
0
0
0
0
0
0
0
0
0
0
0
0
0
0
0
0
0
0
0
0
0
0
0
0
0
0
0
0
0
0
0
0
0
0
0
0
0
0
0
0
0
0
0
0
0
0
0
0
0
0
0
0
0
0
0
0
0
0
0
0
0
0
0
0
0
0
0
0
0
0
0
0
0
0
0
0
0
0
0
0
0
0
0
0
0
0
0
0
0
0
0
0
0
0
0
0
0
0
0
0
0
0
0
0
0
0
0
0
0
0
0
0
0
0
0
0
0
0
0
0
0
0
0
0
0
0
0
0
0
0
0
0
0
0
0
0
0
0
0
0
0
0
0
0
0
0
0
0
0
0
0
0
0
0
0
0
0
0
0
0
0
0
0
0
0
0
0
0
0
0
0
0
0
0
0
0
0
0
0
0
0
0
0
0
0
0
0
0
0
0
0
0
0
0
0
0
0
0
0
0
0
0
0
0
0
0
0
0
0
0
0
0
0
0
0
0
0
0
0
0
0
0
0
0
0
0
0
0
0
0
0
0
0
0
0
0
0
0
0
0
0
0
0
0
0
0
0
0
0
0
0
0
0
0
0
0
0
0
0
0
0
0
0
0
0
0
0
0
0
0
0
0
0
0
0
0
0
0
0
0
0
0
0
0
0
0
0
0
0
0
0
0
0
0
0
0
0
0
0
0
0
0
0
0
0
0
0
0
0
0
0
0
0
0
0
0
0
0
0
0
0
0
0
0
0
0
0
0
0
0
0
0
0
0
0
0
0
0
0
0
0
0
0
0
0
0
0
0
0
0
0
0
0
0
0
0
0
0
0
0
0
0
0
0
0
0
0
0
0
0
0
0
0
0
0
0
0
0
0
0
0
0
0
0
0
0
0
0
0
0
0
0
0
0
0
0
0
0
0
0
0
0
0
0
0
0
0
0
0
0
0
0
0
0
0
0
0
0
0
0
0
0
0
0
0
0
0
0
0
0
0
0
0
0
0
0
0
0
0
0
0
0
0
0
0
0
0
0
0
0
0
0
0
0
0
0
0
0
0
0
0
0
0
0
0
0
0
0
0
0
0
0
0
0
0
0
0
0
0
0
0
0
0
0
0
0
0
0
0
0
0
0
0
0
0
0
0
0
0
0
0
0
0
0
0
0
0
0
0
0
0
0
0
0
0
0
0
0
0
0
0
0
0
0
0
0
0
0
0
0
0
0
0
0
0
0
0
0
0
0
0
0
0
0
0
0
0
0
0
0
0
0
0
0
0
0
0
0
0
0
0
0
0
0
0
0
0
0
0
0
0
0
0
0
0
0
0
0
0
0
0
0
0
0
0
0
0
0
0
0
0
0
0
0
0
0
0
0
0
0
0
0
0
0
0
0
0
0
0
0
0
0
0
0
0
0
0
0
0
0
0
0
0
0
0
0
0
0
0
0
0
0
0
0
0
0
0
0
0
0
0
0
0
0
0
0
0
0
0
0
0
0
0
0
0
0
0
0
0
0
0
0
0
0
0
0
0
0
0
0
0
0
0
0
0
0
0
0
0
0
0
0
0
0
0
0
0
0
0
0
0
0
0
0
0
0
0
0
0
0
0
0
0
0
0
0
0
0
0
0
0
0
0
0
0
0
0
0
0
0
0
0
0
0
0
0
0
0
0
0
0
0
0
0
0
0
0
0
0
0
0
0
0
0
0
0
0
0
0
0
0
0
0
0
0
0
0
0
0
0
0
0
0
0
0
0
0
0
0
0
0
0
0
0
0
0
0
0
0
0
0
0
0
0
0
0
0
0
0
0
0
0
0
0
0
0
0
0
0
0
0
0
0
0
0
0
0
0
0
0
0
0
0
0
0
0
0
0
0
0
0
0
0
0
0
0
0
0
0
0
0
0
0
0
0
0
0
0
0
0
0
0
0
0
0
0
0
0
0
0
0
0
0
0
0
0
0
0
0
0
0
0
0
0
0
0
0
0
0
0
0
0
0
0
0
0
0
0
0
0
0
0
0
0
0
0
0
0
0
0
0
0
0
0
0
0
0
0
0
0
0
0
0
0
0
0
0
0
0
0
0
0
0
0
0
0
0
0
0
0
0
0
0
0
0
0
0
0
0
0
0
0
0
0
0
0
0
0
0
0
0
0
0
0
0
0
0
0
0
0
0
0
0
0
0
0
0
0
0
0
0
0
0
0
0
0
0
0
0
0
0
0
0
0
0
0
0
0
0
0
0
0
0
0
0
0
0
0
0
0
0
0
0
0
0
0
0
0
0
0
0
0
0
0
0
0
0
0
0
0
0
0
0
0
0
0
0
0
0
0
0
0
0
0
0
0
0
0
0
0
0
0
0
0
0
0
0
0
0
0
0
0
0
0
0
0
0
0
0
0
0
0
0
0
0
0
0
0
0
0
0
0
0
0
0
0
0
0
0
0
0
0
0
0
0
0
0
0
0
0
0
0
0
0
0
0
0
0
0
0
0
0
0
0
0
0
0
0
0
0
0
0
0
0
0
0
0
0
0
0
0
0
0
0
0
0
0
0
0
0
0
0
0
0
0
0
0
0
0
0
0
0
0
0
0
0
0
0
0
0
0
0
0
0
0
0
0
0
0
0
0
0
0
0
0
0
0
0
0
0
0
0
0
0
0
0
0
0
0
0
0
0
0
0
0
0
0
0
0
0
0
0
0
0
0
0
0
0
0
0
0
0
0
0
0
0
0
0
0
0
0
0
0
0
0
0
0
0
0
0
0
0
0
0
0
0
0
0
0
0
0
0
0
0
0
0
0
0
0
0
0
0
0
0
0
0
0
0
0
0
0
0
0
0
0
0
0
0
0
0
0
0
0
0
0
0
0
0
0
0
0
0
0
0
0
0
0
0
0
0
0
0
0
0
0
0
0
0
0
0
0
0
0
0
0
0
0
0
0
0
0
0
0
0
0
0
0
0
0
0
0
0
0
0
0
0
0
0
0
0
0
0
0
0
0
0
0
0
0
0
0
0
0
0
0
0
0
0
0
0
0
0
0
0
0
0
0
0
0
0
0
0
0
0
0
0
0
0
0
0
0
0
0
0
0
0
0
0
0
0
0
0
0
0
0
0
0
0
0
0
0
0
0
0
0
0
0
0
0
0
0
0
0
0
0
0
0
0
0
0
0
0
0
0
0
0
0
0
0
0
0
0
0
0
0
0
0
0
0
0
0
0
0
0
0
0
0
0
0
0
0
0
0
0
0
0
0
0
0
0
0
0
0
0
0
0
0
0
0
0
0
0
0
0
0
0
0
0
0
0
0
0
0
0
0
0
0
0
0
0
0
0
0
0
0
0
0
0
0
0
0
0
0
0
0
0
0
0
0
0
0
0
0
0
0
0
0
0
0
0
0
0
0
0
0
0
0
0
0
0
0
0
0
0
0
0
0
0
0
0
0
0
0
0
0
0
0
0
0
0
0
0
0
0
0
0
0
0
0
0
0
0
0
0
0
0
0
0
0
0
0
0
0
0
0
0
0
0
0
0
0
0
0
0
0
0
0
0
0
0
0
0
0
0
0
0
0
0
0
0
0
0
0
0
0
0
0
0
0
0
0
0
0
0
0
0
0
0
0
0
0
0
0
0
0
0
0
0
0
0
0
0
0
0
0
0
0
0
0
0
0
0
0
0
0
0
0
0
0
0
0
0
0
0
0
0
0
0
0
0
0
0
0
0
0
0
0
0
0
0
0
0
0
0
0
0
0
0
0
0
0
0
0
0
0
0
0
0
0
0
0
0
0
0
0
0
0
0
0
0
0
0
0
0
0
0
0
0
0
0
0
0
0
0
0
0
0
0
0
0
0
0
0
0
0
0
0
0
0
0
0
0
0
0
0
0
0
0
0
0
0
0
0
0
0
0
0
0
0
0
0
0
0
0
0
0
0
0
0
0
0
0
0
0
0
0
0
0
0
0
0
0
0
0
0
0
0
0
0
0
0
0
0
0
0
0
0
0
0
0
0
0
0
0
0
0
0
0
0
0
0
0
0
0
0
0
0
0
0
0
0
0
0
0
0
0
0
0
0
0
0
0
0
0
0
0
0
0
0
0
0
0
0
0
0
0
0
0
0
0
0
0
0
0
0
0
0
0
0
0
0
0
0
0
0
0
0
0
0
0
0
0
0
0
0
0
0
0
0
0
0
0
0
0
0
0
0
0
0
0
0
0
0
0
0
0
0
0
0
0
0
0
0
0
0
0
0
0
0
0
0
0
0
0
0
0
0
0
0
0
0
0
0
0
0
0
0
0
0
0
0
0
0
0
0
0
0
0
0
0
0
0
0
0
0
0
0
0
0
0
0
0
0
0
0
0
0
0
0
0
0
0
0
0
0
0
0
0
0
0
0
0
0
0
0
0
0
0
0
0
0
0
0
0
0
0
0
0
0
0
0
0
0
0
0
0
0
0
0
0
0
0
0
0
0
0
0
0
0
0
0
0
0
0
0
0
0
0
0
0
0
0
0
0
0
0
0
0
0
0
0
0
0
0
0
0
0
0
0
0
0
0
0
0
0
0
0
0
0
0
0
0
0
0
0
0
0
0
0
0
0
0
0
0
0
0
0
0
0
0
0
0
0
0
0
0
0
0
0
0
0
0
0
0
0
0
0
0
0
0
0
0
0
0
0
0
0
0
0
0
0
0
0
0
0
0
0
0
0
0
0
0
0
0
0
0
0
0
0
0
0
0
0
0
0
0
0
0
0
0
0
0
0
0
0
0
0
0
0
0
0
0
0
0
0
0
0
0
0
0
0
0
0
0
0
0
0
0
0
0
0
0
0
0
0
0
0
0
0
0
0
0
0
0
0
0
0
0
0
0
0
0
0
0
0
0
0
0
0
0
0
0
0
0
0
0
0
0
0
0
0
0
0
0
0
0
0
0
0
0
0
0
0
0
0
0
0
0
0
0
0
0
0
0
0
0
0
0
0
0
0
0
0
0
0
0
0
0
0
0
0
0
0
0
0
0
0
0
0
0
0
0
0
0
0
0
0
0
0
0
0
0
0
0
0
0
0
0
0
0
0
0
0
0
0
0
0
0
0
0
0
0
0
0
0
0
0
0
0
0
0
0
0
0
0
0
0
0
0
0
0
0
0
0
0
0
0
0
0
0
0
0
0
0
0
0
0
0
0
0
0
0
0
0
0
0
0
0
0
0
0
0
0
0
0
0
0
0
0
0
0
0
0
0
0
0
0
0
0
0
0
0
0
0
0
0
0
0
0
0
0
0
0
0
0
0
0
0
0
0
0
0
0
0
0
0
0
0
0
0
0
0
0
0
0
0
0
0
0
0
0
0
0
0
0
0
0
0
0
0
0
0
0
0
0
0
0
0
0
0
0
0
0
0
0
0
0
0
0
0
0
0
0
0
0
0
0
0
0
0
0
0
0
0
0
0
0
0
0
0
0
0
0
0
0
0
0
0
0
0
0
0
0
0
0
0
0
0
0
0
0
0
0
0
0
0
0
0
0
0
0
0
0
0
0
0
0
0
0
0
0
0
0
0
0
0
0
0
0
0
0
0
0
0
0
0
0
0
0
0
0
0
0
0
0
0
0
0
0
0
0
0
0
0
0
0
0
0
0
0
0
0
0
0
0
0
0
0
0
0
0
0
0
0
0
0
0
0
0
0
0
0
0
0
0
0
0
0
0
0
0
0
0
0
0
0
0
0
0
0
0
0
0
0
0
0
0
0
0
0
0
0
0
0
0
0
0
0
0
0
0
0
0
0
0
0
0
0
0
0
0
0
0
0
0
0
0
0
0
0
0
0
0
0
0
0
0
0
0
0
0
0
0
0
0
0
0
0
0
0
0
0
0
0
0
0
0
0
0
0
0
0
0
0
0
0
0
0
0
0
0
0
0
0
0
0
0
0
0
0
0
0
0
0
0
0
0
0
0
0
0
0
0
0
0
0
0
0
0
0
0
0
0
0
0
0
0
0
0
0
0
0
0
0
0
0
0
0
0
0
0
0
0
0
0
0
0
0
0
0
0
0
0
0
0
0
0
0
0
0
0
0
0
0
0
0
0
0
0
0
0
0
0
0
0
0
0
0
0
0
0
0
0
0
0
0
0
0
0
0
0
0
0
0
0
0
0
0
0
0
0
0
0
0
0
0
0
0
0
0
0
0
0
0
0
0
0
0
0
0
0
0
0
0
0
0
0
0
0
0
0
0
0
0
0
0
0
0
0
0
0
0
0
0
0
0
0
0
0
0
0
0
0
0
0
0
0
0
0
0
0
0
0
0
0
0
0
0
0
0
0
0
0
0
0
0
0
0
0
0
0
0
0
0
0
0
0
0
0
0
0
0
0
0
0
0
0
0
0
0
0
0
0
0
0
0
0
0
0
0
0
0
0
0
0
0
0
0
0
0
0
0
0
0
0
0
0
0
0
0
0
0
0
0
0
0
0
0
0
0
0
0
0
0
0
0
0
0
0
0
0
0
0
0
0
0
0
0
0
0
0
0
0
0
0
0
0
0
0
0
0
0
0
0
0
0
0
0
0
0
0
0
0
0
0
0
0
0
0
0
0
0
0
0
0
0
0
0
0
0
0
0
0
0
0
0
0
0
0
0
0
0
0
0
0
0
0
0
0
0
0
0
0
0
0
0
0
0
0
0
0
0
0
0
0
0
0
0
0
0
0
0
0
0
0
0
0
0
0
0
0
0
0
0
0
0
0
0
0
0
0
0
0
0
0
0
0
0
0
0
0
0
0
0
0
0
0
0
0
0
0
0
0
0
0
0
0
0
0
0
0
0
0
0
0
0
0
0
0
0
0
0
0
0
0
0
0
0
0
0
0
0
0
0
0
0
0
0
0
0
0
0
0
0
0
0
0
0
0
0
0
0
0
0
0
0
0
0
0
0
0
0
0
0
0
0
0
0
0
0
0
0
0
0
0
0
0
0
0
0
0
0
0
0
0
0
0
0
0
0
0
0
0
0
0
0
0
0
0
0
0
0
0
0
0
0
0
0
0
0
0
0
0
0
0
0
0
0
0
0
0
0
0
0
0
0
0
0
0
0
0
0
0
0
0
0
0
0
0
0
0
0
0
0
0
0
0
0
0
0
0
0
0
0
0
0
0
0
0
0
0
0
0
0
0
0
0
0
0
0
0
0
0
0
0
0
0
0
0
0
0
0
0
0
0
0
0
0
0
0
0
0
0
0
0
0
0
0
0
0
0
0
0
0
0
0
0
0
0
0
0
0
0
0
0
0
0
0
0
0
0
0
0
0
0
0
0
0
0
0
0
0
0
0
0
0
0
0
0
0
0
0
0
0
0
0
0
0
0
0
0
0
0
0
0
0
0
0
0
0
0
0
0
0
0
0
0
0
0
0
0
0
0
0
0
0
0
0
0
0
0
0
0
0
0
0
0
0
0
0
0
0
0
0
0
0
0
0
0
0
0
0
0
0
0
0
0
0
0
0
0
0
0
0
0
0
0
0
0
0
0
0
0
0
0
0
0
0
0
0
0
0
0
0
0
0
0
0
0
0
0
0
0
0
0
0
0
0
0
0
0
0
0
0
0
0
0
0
0
0
0
0
0
0
0
0
0
0
0
0
0
0
0
0
0
0
0
0
0
0
0
0
0
0
0
0
0
0
0
0
0
0
0
0
0
0
0
0
0
0
0
0
0
0
0
0
0
0
0
0
0
0
0
0
0
0
0
0
0
0
0
0
0
0
0
0
0
0
0
0
0
0
0
0
0
0
0
0
0
0
0
0
0
0
0
0
0
0
0
0
0
0
0
0
0
0
0
0
0
0
0
0
0
0
0
0
0
0
0
0
0
0
0
0
0
0
0
0
0
0
0
0
0
0
0
0
0
0
0
0
0
0
0
0
0
0
0
0
0
0
0
0
0
0
0
0
0
0
0
0
0
0
0
0
0
0
0
0
0
0
0
0
0
0
0
0
0
0
0
0
0
0
0
0
0
0
0
0
0
0
0
0
0
0
0
0
0
0
0
0
0
0
0
0
0
0
0
0
0
0
0
0
0
0
0
0
0
0
0
0
0
0
0
0
0
0
0
0
0
0
0
0
0
0
0
0
0
0
0
0
0
0
0
0
0
0
0
0
0
0
0
0
0
0
0
0
0
0
0
0
0
0
0
0
0
0
0
0
0
0
0
0
0
0
0
0
0
0
0
0
0
0
0
0
0
0
0
0
0
0
0
0
0
0
0
0
0
0
0
0
0
0
0
0
0
0
0
0
0
0
0
0
0
0
0
0
0
0
0
0
0
0
0
0
0
0
0
0
0
0
0
0
0
0
0
0
0
0
0
0
0
0
0
0
0
0
0
0
0
0
0
0
0
0
0
0
0
0
0
0
0
0
0
0
0
0
0
0
0
0
0
0
0
0
0
0
0
0
0
0
0
0
0
0
0
0
0
0
0
0
0
0
0
0
0
0
0
0
0
0
0
0
0
0
0
0
0
0
0
0
0
0
0
0
0
0
0
0
0
0
0
0
0
0
0
0
0
0
0
0
0
0
0
0
0
0
0
0
0
0
0
0
0
0
0
0
0
0
0
0
0
0
0
0
0
0
0
0
0
0
0
0
0
0
0
0
0
0
0
0
0
0
0
0
0
0
0
0
0
0
0
0
0
0
0
0
0
0
0
0
0
0
0
0
0
0
0
0
0
0
0
0
0
0
0
0
0
0
0
0
0
0
0
0
0
0
0
0
0
0
0
0
0
0
0
0
0
0
0
0
0
0
0
0
0
0
0
0
0
0
0
0
0
0
0
0
0
0
0
0
0
0
0
0
0
0
0
0
0
0
0
0
0
0
0
0
0
0
0
0
0
0
0
0
0
0
0
0
0
0
0
0
0
0
0
0
0
0
0
0
0
0
0
0
0
0
0
0
0
0
0
0
0
0
0
0
0
0
0
0
0
0
0
0
0
0
0
0
0
0
0
0
0
0
0
0
0
0
0
0
0
0
0
0
0
0
0
0
0
0
0
0
0
0
0
0
0
0
0
0
0
0
0
0
0
0
0
0
0
0
0
0
0
0
0
0
0
0
0
0
0
0
0
0
0
0
0
0
0
0
0
0
0
0
0
0
0
0
0
0
0
0
0
0
0
0
0
0
0
0
0
0
0
0
0
0
0
0
0
0
0
0
0
0
0
0
0
0
0
0
0
0
0
0
0
0
0
0
0
0
0
0
0
0
0
0
0
0
0
0
0
0
0
0
0
0
0
0
0
0
0
0
0
0
0
0
0
0
0
0
0
0
0
0
0
0
0
0
0
0
0
0
0
0
0
0
0
0
0
0
0
0
0
0
0
0
0
0
0
0
0
0
0
0
0
0
0
0
0
0
0
0
0
0
0
0
0
0
0
0
0
0
0
0
0
0
0
0
0
0
0
0
0
0
0
0
0
0
0
0
0
0
0
0
0
0
0
0
0
0
0
0
0
0
0
0
0
0
0
0
0
0
0
0
0
0
0
0
0
0
0
0
0
0
0
0
0
0
0
0
0
0
0
0
0
0
0
0
0
0
0
0
0
0
0
0
0
0
0
0
0
0
0
0
0
0
0
0
0
0
0
0
0
0
0
0
0
0
0
0
0
0
0
0
0
0
0
0
0
0
0
0
0
0
0
0
0
0
0
0
0
0
0
0
0
0
0
0
0
0
0
0
0
0
0
0
0
0
0
0
0
0
0
0
0
0
0
0
0
0
0
0
0
0
0
0
0
0
0
0
0
0
0
0
0
0
0
0
0
0
0
0
0
0
0
0
0
0
0
0
0
0
0
0
0
0
0
0
0
0
0
0
0
0
0
0
0
0
0
0
0
0
0
0
0
0
0
0
0
0
0
0
0
0
0
0
0
0
0
0
0
0
0
0
0
0
0
0
0
0
0
0
0
0
0
0
0
0
0
0
0
0
0
0
0
0
0
0
0
0
0
0
0
0
0
0
0
0
0
0
0
0
0
0
0
0
0
0
0
0
0
0
0
0
0
0
0
0
0
0
0
0
0
0
0
0
0
0
0
0
0
0
0
0
0
0
0
0
0
0
0
0
0
0
0
0
0
0
0
0
0
0
0
0
0
0
0
0
0
0
0
0
0
0
0
0
0
0
0
0
0
0
0
0
0
0
0
0
0
0
0
0
0
0
0
0
0
0
0
0
0
0
0
0
0
0
0
0
0
0
0
0
0
0
0
0
0
0
0
0
0
0
0
0
0
0
0
0
0
0
0
0
0
0
0
0
0
0
0
0
0
0
0
0
0
0
0
0
0
0
0
0
0
0
0
0
0
0
0
0
0
0
0
0
0
0
0
0
0
0
0
0
0
0
0
0
0
0
0
0
0
0
0
0
0
0
0
0
0
0
0
0
0
0
0
0
0
0
0
0
0
0
0
0
0
0
0
0
0
0
0
0
0
0
0
0
0
0
0
0
0
0
0
0
0
0
0
0
0
0
0
0
0
0
0
0
0
0
0
0
0
0
0
0
0
0
0
0
0
0
0
0
0
0
0
0
0
0
0
0
0
0
0
0
0
0
0
0
0
0
0
0
0
0
0
0
0
0
0
0
0
0
0
0
0
0
0
0
0
0
0
0
0
0
0
0
0
0
0
0
0
0
0
0
0
0
0
0
0
0
0
0
0
0
0
0
0
0
0
0
0
0
0
0
0
0
0
0
0
0
0
0
0
0
0
0
0
0
0
0
0
0
0
0
0
0
0
0
0
0
0
0
0
0
0
0
0
0
0
0
0
0
0
0
0
0
0
0
0
0
0
0
0
0
0
0
0
0
0
0
0
0
0
0
0
0
0
0
0
0
0
0
0
0
0
0
0
0
0
0
0
0
0
0
0
0
0
0
0
0
0
0
0
0
0
0
0
0
0
0
0
0
0
0
0
0
0
0
0
0
0
0
0
0
0
0
0
0
0
0
0
0
0
0
0
0
0
0
0
0
0
0
0
0
0
0
0
0
0
0
0
0
0
0
0
0
0
0
0
0
0
0
0
0
0
0
0
0
0
0
0
0
0
0
0
0
0
0
0
0
0
0
0
0
0
0
0
0
0
0
0
0
0
0
0
0
0
0
0
0
0
0
0
0
0
0
0
0
0
0
0
0
0
0
0
0
0
0
0
0
0
0
0
0
0
0
0
0
0
0
0
0
0
0
0
0
0
0
0
0
0
0
0
0
0
0
0
0
0
0
0
0
0
0
0
0
0
0
0
0
0
0
0
0
0
0
0
0
0
0
0
0
0
0
0
0
0
0
0
0
0
0
0
0
0
0
0
0
0
0
0
0
0
0
0
0
0
0
0
0
0
0
0
0
0
0
0
0
0
0
0
0
0
0
0
0
0
0
0
0
0
0
0
0
0
0
0
0
0
0
0
0
0
0
0
0
0
0
0
0
0
0
0
0
0
0
0
0
0
0
0
0
0
0
0
0
0
0
0
0
0
0
0
0
0
0
0
0
0
0
0
0
0
0
0
0
0
0
0
0
0
0
0
0
0
0
0
0
0
0
0
0
0
0
0
0
0
0
0
0
0
0
0
0
0
0
0
0
0
0
0
0
0
0
0
0
0
0
0
0
0
0
0
0
0
0
0
0
0
0
0
0
0
0
0
0
0
0
0
0
0
0
0
0
0
0
0
0
0
0
0
0
0
0
0
0
0
0
0
0
0
0
0
0
0
0
0
0
0
0
0
0
0
0
0
0
0
0
0
0
0
0
0
0
0
0
0
0
0
0
0
0
0
0
0
0
0
0
0
0
0
0
0
0
0
0
0
0
0
0
0
0
0
0
0
0
0
0
0
0
0
0
0
0
0
0
0
0
0
0
0
0
0
0
0
0
0
0
0
0
0
0
0
0
0
0
0
0
0
0
0
0
0
0
0
0
0
0
0
0
0
0
0
0
0
0
0
0
0
0
0
0
0
0
0
0
0
0
0
0
0
0
0
0
0
0
0
0
0
0
0
0
0
0
0
0
0
0
0
0
0
0
0
0
0
0
0
0
0
0
0
0
0
0
0
0
0
0
0
0
0
0
0
0
0
0
0
0
0
0
0
0
0
0
0
0
0
0
0
0
0
0
0
0
0
0
0
0
0
0
0
0
0
0
0
0
0
0
0
0
0
0
0
0
0
0
0
0
0
0
0
0
0
0
0
0
0
0
0
0
0
0
0
0
0
0
0
0
0
0
0
0
0
0
0
0
0
0
0
0
0
0
0
0
0
0
0
0
0
0
0
0
0
0
0
0
0
0
0
0
0
0
0
0
0
0
0
0
0
0
0
0
0
0
0
0
0
0
0
0
0
0
0
0
0
0
0
0
0
0
0
0
0
0
0
0
0
0
0
0
0
0
0
0
0
0
0
0
0
0
0
0
0
0
0
0
0
0
0
0
0
0
0
0
0
0
0
0
0
0
0
0
0
0
0
0
0
0
0
0
0
0
0
0
0
0
0
0
0
0
0
0
0
0
0
0
0
0
0
0
0
0
0
0
0
0
0
0
0
0
0
0
0
0
0
0
0
0
0
0
0
0
0
0
0
0
0
0
0
0
0
0
0
0
0
0
0
0
0
0
0
0
0
0
0
0
0
0
0
0
0
0
0
0
0
0
0
0
0
0
0
0
0
0
0
0
0
0
0
0
0
0
0
0
0
0
0
0
0
0
0
0
0
0
0
0
0
0
0
0
0
0
0
0
0
0
0
0
0
0
0
0
0
0
0
0
0
0
0
0
0
0
0
0
0
0
0
0
0
0
0
0
0
0
0
0
0
0
0
0
0
0
0
0
0
0
0
0
0
0
0
0
0
0
0
0
0
0
0
0
0
0
0
0
0
0
0
0
0
0
0
0
0
0
0
0
0
0
0
0
0
0
0
0
0
0
0
0
0
0
0
0
0
0
0
0
0
0
0
0
0
0
0
0
0
0
0
0
0
0
0
0
0
0
0
0
0
0
0
0
0
0
0
0
0
0
0
0
0
0
0
0
0
0
0
0
0
0
0
0
0
0
0
0
0
0
0
0
0
0
0
0
0
0
0
0
0
0
0
0
0
0
0
0
0
0
0
0
0
0
0
0
0
0
0
0
0
0
0
0
0
0
0
0
0
0
0
0
0
0
0
0
0
0
0
0
0
0
0
0
0
0
0
0
0
0
0
0
0
0
0
0
0
0
0
0
0
0
0
0
0
0
0
0
0
0
0
0
0
0
0
0
0
0
0
0
0
0
0
0
0
0
0
0
0
0
0
0
0
0
0
0
0
0
0
0
0
0
0
0
0
0
0
0
0
0
0
0
0
0
0
0
0
0
0
0
0
0
0
0
0
0
0
0
0
0
0
0
0
0
0
0
0
0
0
0
0
0
0
0
0
0
0
0
0
0
0
0
0
0
0
0
0
0
0
0
0
0
0
0
0
0
0
0
0
0
0
0
0
0
0
0
0
0
0
0
0
0
0
0
0
0
0
0
0
0
0
0
0
0
0
0
0
0
0
0
0
0
0
0
0
0
0
0
0
0
0
0
0
0
0
0
0
0
0
0
0
0
0
0
0
0
0
0
0
0
0
0
0
0
0
0
0
0
0
0
0
0
0
0
0
0
0
0
0
0
0
0
0
0
0
0
0
0
0
0
0
0
0
0
0
0
0
0
0
0
0
0
0
0
0
0
0
0
0
0
0
0
0
0
0
0
0
0
0
0
0
0
0
0
0
0
0
0
0
0
0
0
0
0
0
0
0
0
0
0
0
0
0
0
0
0
0
0
0
0
0
0
0
0
0
0
0
0
0
0
0
0
0
0
0
0
0
0
0
0
0
0
0
0
0
0
0
0
0
