0
4095
0
0
0
0
0
0
0
4095
0
0
0
0
0
0
0
4095
0
0
0
0
0
0
0
4095
0
0
0
0
0
0
0
4095
0
0
0
0
0
0
0
4095
0
0
0
0
0
0
0
4095
0
0
0
0
0
0
0
4095
0
0
0
0
0
0
0
4095
0
0
0
0
0
0
0
4095
0
0
0
0
0
0
0
4095
0
0
0
0
0
0
0
4095
0
0
0
0
0
0
0
4095
0
0
0
0
0
0
0
4095
0
0
0
0
0
0
0
4095
0
0
0
0
0
0
0
4095
0
0
0
0
0
0
0
4095
0
0
0
0
0
0
0
4095
0
0
0
0
0
0
0
4095
0
0
0
0
0
0
0
4095
0
0
0
0
0
0
0
4095
0
0
0
0
0
0
0
4095
0
0
0
0
0
0
0
4095
0
0
0
0
0
0
4092
4092
0
0
0
0
0
0
4094
4093
0
0
0
0
0
0
4094
4095
0
0
0
0
0
0
4092
4092
0
0
0
0
0
0
0
4095
0
0
0
0
0
0
4093
4094
0
0
0
0
0
0
4093
4091
0
0
0
0
0
0
0
0
0
0
0
0
0
0
4090
4091
0
0
0
0
0
0
4095
4093
0
0
0
0
0
0
4094
1
0
0
0
0
0
0
4088
4087
0
0
0
0
0
0
5
3
0
0
0
0
0
0
4090
4095
0
0
0
0
0
0
4091
4087
0
0
0
0
0
0
7
9
0
0
0
0
0
0
4083
4086
0
0
0
0
0
0
2
4092
0
0
0
0
0
0
4
10
0
0
0
0
0
0
4078
4076
0
0
0
0
0
0
14
8
0
0
0
0
0
0
4087
0
0
0
0
0
0
0
4083
4075
0
0
0
0
0
0
20
21
0
0
0
0
0
0
4070
4078
0
0
0
0
0
0
5
4087
0
0
0
0
0
0
11
23
0
0
0
0
0
0
4063
4062
0
0
0
0
0
0
26
16
0
0
0
0
0
0
4083
7
0
0
0
0
0
0
4072
4058
0
0
0
0
0
0
38
39
0
0
0
0
0
0
4055
4071
0
0
0
0
0
0
7
4079
0
0
0
0
0
0
25
43
0
0
0
0
0
0
4041
4042
0
0
0
0
0
0
44
25
0
0
0
0
0
0
4083
17
0
0
0
0
0
0
4056
4035
0
0
0
0
0
0
61
60
0
0
0
0
0
0
4038
4063
0
0
0
0
0
0
7
4067
0
0
0
0
0
0
44
68
0
0
0
0
0
0
4014
4018
0
0
0
0
0
0
62
30
0
0
0
0
0
0
4085
32
0
0
0
0
0
0
4034
4007
0
0
0
0
0
0
92
86
0
0
0
0
0
0
4020
4059
0
0
0
0
0
0
3
4048
0
0
0
0
0
0
70
101
0
0
0
0
0
0
3983
3992
0
0
0
0
0
0
81
33
0
0
0
0
0
0
4092
55
0
0
0
0
0
0
4005
3971
0
0
0
0
0
0
127
113
0
0
0
0
0
0
4001
4057
0
0
0
0
0
0
4089
4021
0
0
0
0
0
0
103
138
0
0
0
0
0
0
3946
3965
0
0
0
0
0
0
98
32
0
0
0
0
0
0
8
84
0
0
0
0
0
0
3969
3931
0
0
0
0
0
0
165
140
0
0
0
0
0
0
3985
4061
0
0
0
0
0
0
4072
3988
0
0
0
0
0
0
143
182
0
0
0
0
0
0
3907
3938
0
0
0
0
0
0
112
25
0
0
0
0
0
0
29
121
0
0
0
0
0
0
3926
3886
0
0
0
0
0
0
205
166
0
0
0
0
0
0
3972
4073
0
0
0
0
0
0
4049
3947
0
0
0
0
0
0
190
230
0
0
0
0
0
0
3864
3912
0
0
0
0
0
0
123
11
0
0
0
0
0
0
56
167
0
0
0
0
0
0
3874
3835
0
0
0
0
0
0
248
189
0
0
0
0
0
0
3963
4091
0
0
0
0
0
0
4017
3897
0
0
0
0
0
0
244
283
0
0
0
0
0
0
3820
3891
0
0
0
0
0
0
131
4086
0
0
0
0
0
0
92
221
0
0
0
0
0
0
3817
3780
0
0
0
0
0
0
292
210
0
0
0
0
0
0
3959
19
0
0
0
0
0
0
3975
3839
0
0
0
0
0
0
304
337
0
0
0
0
0
0
3777
3874
0
0
0
0
0
0
129
4054
0
0
0
0
0
0
139
284
0
0
0
0
0
0
3754
3726
0
0
0
0
0
0
334
225
0
0
0
0
0
0
3965
57
0
0
0
0
0
0
3925
3774
0
0
0
0
0
0
371
393
0
0
0
0
0
0
3735
3861
0
0
0
0
0
0
119
4013
0
0
0
0
0
0
195
354
0
0
0
0
0
0
3685
3670
0
0
0
0
0
0
374
230
0
0
0
0
0
0
3979
103
0
0
0
0
0
0
3864
3699
0
0
0
0
0
0
443
449
0
0
0
0
0
0
3697
3859
0
0
0
0
0
0
102
3960
0
0
0
0
0
0
260
429
0
0
0
0
0
0
3611
3615
0
0
0
0
0
0
411
230
0
0
0
0
0
0
4002
159
0
0
0
0
0
0
3792
3619
0
0
0
0
0
0
518
503
0
0
0
0
0
0
3663
3865
0
0
0
0
0
0
71
3897
0
0
0
0
0
0
336
512
0
0
0
0
0
0
3535
3563
0
0
0
0
0
0
440
219
0
0
0
0
0
0
4039
229
0
0
0
0
0
0
3713
3533
0
0
0
0
0
0
593
552
0
0
0
0
0
0
3638
3882
0
0
0
0
0
0
29
3822
0
0
0
0
0
0
421
600
0
0
0
0
0
0
3458
3516
0
0
0
0
0
0
462
196
0
0
0
0
0
0
4086
309
0
0
0
0
0
0
3623
3443
0
0
0
0
0
0
671
597
0
0
0
0
0
0
3619
3911
0
0
0
0
0
0
4071
3735
0
0
0
0
0
0
516
692
0
0
0
0
0
0
3380
3473
0
0
0
0
0
0
477
161
0
0
0
0
0
0
51
400
0
0
0
0
0
0
3526
3351
0
0
0
0
0
0
748
634
0
0
0
0
0
0
3612
3952
0
0
0
0
0
0
4005
3640
0
0
0
0
0
0
617
785
0
0
0
0
0
0
3306
3442
0
0
0
0
0
0
477
111
0
0
0
0
0
0
125
503
0
0
0
0
0
0
3419
3257
0
0
0
0
0
0
821
661
0
0
0
0
0
0
3618
4008
0
0
0
0
0
0
3923
3533
0
0
0
0
0
0
724
878
0
0
0
0
0
0
3235
3419
0
0
0
0
0
0
466
48
0
0
0
0
0
0
213
615
0
0
0
0
0
0
3308
3165
0
0
0
0
0
0
889
678
0
0
0
0
0
0
3636
4079
0
0
0
0
0
0
3830
3417
0
0
0
0
0
0
840
970
0
0
0
0
0
0
3170
3409
0
0
0
0
0
0
441
4067
0
0
0
0
0
0
313
735
0
0
0
0
0
0
3192
3076
0
0
0
0
0
0
950
682
0
0
0
0
0
0
3668
69
0
0
0
0
0
0
3722
3291
0
0
0
0
0
0
958
1058
0
0
0
0
0
0
3114
3412
0
0
0
0
0
0
401
3973
0
0
0
0
0
0
427
863
0
0
0
0
0
0
3073
2990
0
0
0
0
0
0
1000
671
0
0
0
0
0
0
3715
169
0
0
0
0
0
0
3603
3161
0
0
0
0
0
0
1077
1139
0
0
0
0
0
0
3069
3431
0
0
0
0
0
0
344
3864
0
0
0
0
0
0
552
998
0
0
0
0
0
0
2953
2913
0
0
0
0
0
0
1040
643
0
0
0
0
0
0
3780
285
0
0
0
0
0
0
3471
3025
0
0
0
0
0
0
1197
1213
0
0
0
0
0
0
3034
3466
0
0
0
0
0
0
271
3740
0
0
0
0
0
0
689
1134
0
0
0
0
0
0
2835
2845
0
0
0
0
0
0
1068
601
0
0
0
0
0
0
3862
416
0
0
0
0
0
0
3328
2886
0
0
0
0
0
0
1313
1275
0
0
0
0
0
0
3014
3517
0
0
0
0
0
0
181
3604
0
0
0
0
0
0
837
1273
0
0
0
0
0
0
2720
2788
0
0
0
0
0
0
1080
539
0
0
0
0
0
0
3962
560
0
0
0
0
0
0
3177
2746
0
0
0
0
0
0
1425
1325
0
0
0
0
0
0
3010
3589
0
0
0
0
0
0
73
3454
0
0
0
0
0
0
991
1412
0
0
0
0
0
0
2612
2746
0
0
0
0
0
0
1075
457
0
0
0
0
0
0
4078
716
0
0
0
0
0
0
3018
2608
0
0
0
0
0
0
1528
1358
0
0
0
0
0
0
3023
3679
0
0
0
0
0
0
4044
3292
0
0
0
0
0
0
1154
1549
0
0
0
0
0
0
2513
2720
0
0
0
0
0
0
1054
360
0
0
0
0
0
0
115
884
0
0
0
0
0
0
2853
2476
0
0
0
0
0
0
1624
1378
0
0
0
0
0
0
3055
3788
0
0
0
0
0
0
3902
3119
0
0
0
0
0
0
1320
1678
0
0
0
0
0
0
2421
2710
0
0
0
0
0
0
1010
238
0
0
0
0
0
0
265
1059
0
0
0
0
0
0
2685
2349
0
0
0
0
0
0
1709
1377
0
0
0
0
0
0
3109
3918
0
0
0
0
0
0
3743
2939
0
0
0
0
0
0
1488
1800
0
0
0
0
0
0
2345
2720
0
0
0
0
0
0
948
101
0
0
0
0
0
0
430
1242
0
0
0
0
0
0
2517
2230
0
0
0
0
0
0
1779
1357
0
0
0
0
0
0
3181
4064
0
0
0
0
0
0
3571
2752
0
0
0
0
0
0
1657
1914
0
0
0
0
0
0
2283
2751
0
0
0
0
0
0
863
4040
0
0
0
0
0
0
611
1432
0
0
0
0
0
0
2350
2125
0
0
0
0
0
0
1832
1316
0
0
0
0
0
0
3276
134
0
0
0
0
0
0
3385
2563
0
0
0
0
0
0
1823
2014
0
0
0
0
0
0
2238
2803
0
0
0
0
0
0
759
3867
0
0
0
0
0
0
803
1622
0
0
0
0
0
0
2186
2032
0
0
0
0
0
0
1866
1251
0
0
0
0
0
0
3393
317
0
0
0
0
0
0
3187
2370
0
0
0
0
0
0
1983
2098
0
0
0
0
0
0
2214
2878
0
0
0
0
0
0
631
3675
0
0
0
0
0
0
1006
1814
0
0
0
0
0
0
2029
1958
0
0
0
0
0
0
1880
1164
0
0
0
0
0
0
3529
513
0
0
0
0
0
0
2979
2181
0
0
0
0
0
0
2134
2163
0
0
0
0
0
0
2211
2978
0
0
0
0
0
0
482
3470
0
0
0
0
0
0
1216
2001
0
0
0
0
0
0
1883
1901
0
0
0
0
0
0
1871
1053
0
0
0
0
0
0
3687
727
0
0
0
0
0
0
2764
1996
0
0
0
0
0
0
2276
2210
0
0
0
0
0
0
2230
3100
0
0
0
0
0
0
313
3252
0
0
0
0
0
0
1435
2184
0
0
0
0
0
0
1749
1867
0
0
0
0
0
0
1842
919
0
0
0
0
0
0
3868
951
0
0
0
0
0
0
2544
1818
0
0
0
0
0
0
2403
2233
0
0
0
0
0
0
2272
3245
0
0
0
0
0
0
124
3023
0
0
0
0
0
0
1655
2356
0
0
0
0
0
0
1628
1852
0
0
0
0
0
0
1786
762
0
0
0
0
0
0
4066
1184
0
0
0
0
0
0
2322
1650
0
0
0
0
0
0
2513
2232
0
0
0
0
0
0
2342
3416
0
0
0
0
0
0
4013
2785
0
0
0
0
0
0
1878
2520
0
0
0
0
0
0
1527
1865
0
0
0
0
0
0
1705
582
0
0
0
0
0
0
186
1424
0
0
0
0
0
0
2101
1494
0
0
0
0
0
0
2606
2209
0
0
0
0
0
0
2435
3605
0
0
0
0
0
0
3789
2543
0
0
0
0
0
0
2097
2666
0
0
0
0
0
0
1446
1904
0
0
0
0
0
0
1598
380
0
0
0
0
0
0
418
1668
0
0
0
0
0
0
1883
1355
0
0
0
0
0
0
2676
2157
0
0
0
0
0
0
2555
3817
0
0
0
0
0
0
3549
2297
0
0
0
0
0
0
2312
2797
0
0
0
0
0
0
1386
1968
0
0
0
0
0
0
1465
159
0
0
0
0
0
0
664
1914
0
0
0
0
0
0
1674
1236
0
0
0
0
0
0
2724
2079
0
0
0
0
0
0
2700
4049
0
0
0
0
0
0
3297
2053
0
0
0
0
0
0
2517
2906
0
0
0
0
0
0
1351
2060
0
0
0
0
0
0
1306
4013
0
0
0
0
0
0
920
2157
0
0
0
0
0
0
1474
1137
0
0
0
0
0
0
2746
1973
0
0
0
0
0
0
2873
203
0
0
0
0
0
0
3038
1813
0
0
0
0
0
0
2712
2995
0
0
0
0
0
0
1342
2180
0
0
0
0
0
0
1124
3757
0
0
0
0
0
0
1186
2395
0
0
0
0
0
0
1285
1060
0
0
0
0
0
0
2741
1839
0
0
0
0
0
0
3065
465
0
0
0
0
0
0
2768
1577
0
0
0
0
0
0
2892
3058
0
0
0
0
0
0
1360
2327
0
0
0
0
0
0
917
3487
0
0
0
0
0
0
1456
2625
0
0
0
0
0
0
1113
1009
0
0
0
0
0
0
2709
1678
0
0
0
0
0
0
3283
741
0
0
0
0
0
0
2495
1353
0
0
0
0
0
0
3054
3094
0
0
0
0
0
0
1407
2502
0
0
0
0
0
0
689
3206
0
0
0
0
0
0
1730
2843
0
0
0
0
0
0
961
988
0
0
0
0
0
0
2648
1491
0
0
0
0
0
0
3522
1025
0
0
0
0
0
0
2222
1142
0
0
0
0
0
0
3195
3101
0
0
0
0
0
0
1481
2701
0
0
0
0
0
0
439
2917
0
0
0
0
0
0
2003
3045
0
0
0
0
0
0
831
994
0
0
0
0
0
0
2558
1278
0
0
0
0
0
0
3781
1318
0
0
0
0
0
0
1952
948
0
0
0
0
0
0
3315
3081
0
0
0
0
0
0
1588
2928
0
0
0
0
0
0
172
2624
0
0
0
0
0
0
2271
3231
0
0
0
0
0
0
724
1031
0
0
0
0
0
0
2437
1040
0
0
0
0
0
0
4056
1613
0
0
0
0
0
0
1687
774
0
0
0
0
0
0
3409
3028
0
0
0
0
0
0
1724
3176
0
0
0
0
0
0
3984
2328
0
0
0
0
0
0
2530
3395
0
0
0
0
0
0
643
1099
0
0
0
0
0
0
2288
781
0
0
0
0
0
0
250
1908
0
0
0
0
0
0
1432
622
0
0
0
0
0
0
3475
2945
0
0
0
0
0
0
1887
3445
0
0
0
0
0
0
3688
2035
0
0
0
0
0
0
2781
3534
0
0
0
0
0
0
591
1197
0
0
0
0
0
0
2110
503
0
0
0
0
0
0
551
2198
0
0
0
0
0
0
1187
494
0
0
0
0
0
0
3417
2953
0
0
0
0
0
0
2379
1999
0
0
0
0
0
0
3432
1698
0
0
0
0
0
0
3019
3647
0
0
0
0
0
0
664
1206
0
0
0
0
0
0
1604
1940
0
0
0
0
0
0
551
3257
0
0
0
0
0
0
934
415
0
0
0
0
0
0
3424
2501
0
0
0
0
0
0
2475
2253
0
0
0
0
0
0
3378
691
0
0
0
0
0
0
3429
3414
0
0
0
0
0
0
685
1664
0
0
0
0
0
0
1494
1679
0
0
0
0
0
0
867
3533
0
0
0
0
0
0
559
645
0
0
0
0
0
0
3388
2335
0
0
0
0
0
0
983
2307
0
0
0
0
0
0
3014
399
0
0
0
0
0
0
3626
3468
0
0
0
0
0
0
726
1855
0
0
0
0
0
0
2976
1621
0
0
0
0
0
0
1232
3814
0
0
0
0
0
0
373
606
0
0
0
0
0
0
3364
2290
0
0
0
0
0
0
1244
2636
0
0
0
0
0
0
2698
150
0
0
0
0
0
0
3799
3490
0
0
0
0
0
0
764
1912
0
0
0
0
0
0
2702
1286
0
0
0
0
0
0
2273
128
0
0
0
0
0
0
231
610
0
0
0
0
0
0
3275
2059
0
0
0
0
0
0
1225
609
0
0
0
0
0
0
1610
3896
0
0
0
0
0
0
3926
3470
0
0
0
0
0
0
1175
419
0
0
0
0
0
0
2762
3262
0
0
0
0
0
0
2634
298
0
0
0
0
0
0
100
637
0
0
0
0
0
0
2847
3538
0
0
0
0
0
0
1480
992
0
0
0
0
0
0
1304
3689
0
0
0
0
0
0
3951
3548
0
0
0
0
0
0
1308
691
0
0
0
0
0
0
2449
2929
0
0
0
0
0
0
2932
495
0
0
0
0
0
0
89
574
0
0
0
0
0
0
2794
3133
0
0
0
0
0
0
1544
2048
0
0
0
0
0
0
987
3524
0
0
0
0
0
0
4038
3471
0
0
0
0
0
0
1383
1104
0
0
0
0
0
0
2379
1874
0
0
0
0
0
0
3244
646
0
0
0
0
0
0
16
974
0
0
0
0
0
0
2731
2880
0
0
0
0
0
0
1879
2379
0
0
0
0
0
0
708
3368
0
0
0
0
0
0
0
3054
0
0
0
0
0
0
1462
1367
0
0
0
0
0
0
2041
1548
0
0
0
0
0
0
3942
3857
0
0
0
0
0
0
12
1075
0
0
0
0
0
0
2523
2562
0
0
0
0
0
0
2218
2698
0
0
0
0
0
0
18
174
0
0
0
0
0
0
4083
2937
0
0
0
0
0
0
4043
1430
0
0
0
0
0
0
1650
1211
0
0
0
0
0
0
96
3965
0
0
0
0
0
0
6
1237
0
0
0
0
0
0
4018
2795
0
0
0
0
0
0
2732
3078
0
0
0
0
0
0
3878
84
0
0
0
0
0
0
4074
2761
0
0
0
0
0
0
201
1464
0
0
0
0
0
0
1185
863
0
0
0
0
0
0
321
4039
0
0
0
0
0
0
4094
1265
0
0
0
0
0
0
3754
2445
0
0
0
0
0
0
3075
3368
0
0
0
0
0
0
3664
24
0
0
0
0
0
0
3898
3017
0
0
0
0
0
0
462
1825
0
0
0
0
0
0
115
415
0
0
0
0
0
0
504
4071
0
0
0
0
0
0
224
1185
0
0
0
0
0
0
3478
2084
0
0
0
0
0
0
48
3806
0
0
0
0
0
0
3495
9
0
0
0
0
0
0
3821
2782
0
0
0
0
0
0
761
2180
0
0
0
0
0
0
3871
155
0
0
0
0
0
0
679
4080
0
0
0
0
0
0
626
3792
0
0
0
0
0
0
3222
1682
0
0
0
0
0
0
2121
218
0
0
0
0
0
0
3383
42
0
0
0
0
0
0
3402
163
0
0
0
0
0
0
1027
2584
0
0
0
0
0
0
1803
3755
0
0
0
0
0
0
678
53
0
0
0
0
0
0
747
4068
0
0
0
0
0
0
2898
1327
0
0
0
0
0
0
2445
442
0
0
0
0
0
0
3348
4060
0
0
0
0
0
0
3264
3972
0
0
0
0
0
0
1392
3100
0
0
0
0
0
0
1483
3551
0
0
0
0
0
0
792
4089
0
0
0
0
0
0
907
266
0
0
0
0
0
0
2788
87
0
0
0
0
0
0
2782
613
0
0
0
0
0
0
3981
211
0
0
0
0
0
0
3108
3678
0
0
0
0
0
0
1472
77
0
0
0
0
0
0
1158
3391
0
0
0
0
0
0
143
3826
0
0
0
0
0
0
1080
570
0
0
0
0
0
0
2442
3839
0
0
0
0
0
0
3076
778
0
0
0
0
0
0
3919
630
0
0
0
0
0
0
3024
3405
0
0
0
0
0
0
1519
2155
0
0
0
0
0
0
826
3290
0
0
0
0
0
0
183
3388
0
0
0
0
0
0
1179
851
0
0
0
0
0
0
2394
1769
0
0
0
0
0
0
3561
560
0
0
0
0
0
0
3907
771
0
0
0
0
0
0
2791
3066
0
0
0
0
0
0
1869
2479
0
0
0
0
0
0
399
3474
0
0
0
0
0
0
181
3232
0
0
0
0
0
0
1329
1316
0
0
0
0
0
0
2036
1457
0
0
0
0
0
0
3810
660
0
0
0
0
0
0
3914
947
0
0
0
0
0
0
269
2860
0
0
0
0
0
0
2277
2809
0
0
0
0
0
0
165
3395
0
0
0
0
0
0
157
3041
0
0
0
0
0
0
3957
1405
0
0
0
0
0
0
1636
1133
0
0
0
0
0
0
196
4092
0
0
0
0
0
0
3982
1137
0
0
0
0
0
0
4085
2506
0
0
0
0
0
0
2626
3096
0
0
0
0
0
0
3792
4074
0
0
0
0
0
0
106
2998
0
0
0
0
0
0
148
1461
0
0
0
0
0
0
1168
809
0
0
0
0
0
0
385
21
0
0
0
0
0
0
4023
1210
0
0
0
0
0
0
3790
2450
0
0
0
0
0
0
3089
3408
0
0
0
0
0
0
3618
4066
0
0
0
0
0
0
15
2752
0
0
0
0
0
0
454
1817
0
0
0
0
0
0
106
391
0
0
0
0
0
0
529
3
0
0
0
0
0
0
203
1170
0
0
0
0
0
0
3487
2086
0
0
0
0
0
0
51
3813
0
0
0
0
0
0
3491
6
0
0
0
0
0
0
3818
2781
0
0
0
0
0
0
766
2180
0
0
0
0
0
0
2141
4002
0
0
0
0
0
0
610
4034
0
0
0
0
0
0
651
3810
0
0
0
0
0
0
3208
1686
0
0
0
0
0
0
2105
185
0
0
0
0
0
0
3425
88
0
0
0
0
0
0
3356
132
0
0
0
0
0
0
1046
2575
0
0
0
0
0
0
1831
3809
0
0
0
0
0
0
706
3957
0
0
0
0
0
0
823
14
0
0
0
0
0
0
2839
1182
0
0
0
0
0
0
2406
360
0
0
0
0
0
0
3442
61
0
0
0
0
0
0
3176
3916
0
0
0
0
0
0
1419
3074
0
0
0
0
0
0
1541
3651
0
0
0
0
0
0
4045
3803
0
0
0
0
0
0
996
318
0
0
0
0
0
0
2498
851
0
0
0
0
0
0
2684
509
0
0
0
0
0
0
25
353
0
0
0
0
0
0
2983
3609
0
0
0
0
0
0
1500
27
0
0
0
0
0
0
1251
3539
0
0
0
0
0
0
4072
3663
0
0
0
0
0
0
1222
646
0
0
0
0
0
0
2725
2169
0
0
0
0
0
0
3009
553
0
0
0
0
0
0
18
507
0
0
0
0
0
0
2747
3277
0
0
0
0
0
0
1534
2070
0
0
0
0
0
0
960
3490
0
0
0
0
0
0
4064
3494
0
0
0
0
0
0
1373
1100
0
0
0
0
0
0
2379
1875
0
0
0
0
0
0
3235
633
0
0
0
0
0
0
39
997
0
0
0
0
0
0
2707
2869
0
0
0
0
0
0
1880
2357
0
0
0
0
0
0
489
59
0
0
0
0
0
0
3998
3007
0
0
0
0
0
0
1516
1389
0
0
0
0
0
0
2045
1598
0
0
0
0
0
0
3697
4050
0
0
0
0
0
0
120
1187
0
0
0
0
0
0
2434
2838
0
0
0
0
0
0
2329
2667
0
0
0
0
0
0
307
33
0
0
0
0
0
0
3929
2787
0
0
0
0
0
0
1798
1420
0
0
0
0
0
0
1600
1300
0
0
0
0
0
0
4029
3758
0
0
0
0
0
0
385
1113
0
0
0
0
0
0
2156
2493
0
0
0
0
0
0
2645
2905
0
0
0
0
0
0
4083
337
0
0
0
0
0
0
3648
2851
0
0
0
0
0
0
2080
1761
0
0
0
0
0
0
3649
814
0
0
0
0
0
0
21
3712
0
0
0
0
0
0
502
1365
0
0
0
0
0
0
1857
2162
0
0
0
0
0
0
588
3375
0
0
0
0
0
0
4009
400
0
0
0
0
0
0
3519
2592
0
0
0
0
0
0
681
1989
0
0
0
0
0
0
3304
600
0
0
0
0
0
0
128
3657
0
0
0
0
0
0
645
1633
0
0
0
0
0
0
3252
1940
0
0
0
0
0
0
925
3577
0
0
0
0
0
0
550
637
0
0
0
0
0
0
3380
2327
0
0
0
0
0
0
992
2305
0
0
0
0
0
0
3030
434
0
0
0
0
0
0
3571
3405
0
0
0
0
0
0
797
1905
0
0
0
0
0
0
3249
3990
0
0
0
0
0
0
1238
3678
0
0
0
0
0
0
495
734
0
0
0
0
0
0
3197
2038
0
0
0
0
0
0
997
249
0
0
0
0
0
0
2729
349
0
0
0
0
0
0
3609
3292
0
0
0
0
0
0
896
2319
0
0
0
0
0
0
2932
3699
0
0
0
0
0
0
1739
3068
0
0
0
0
0
0
495
843
0
0
0
0
0
0
3090
1928
0
0
0
0
0
0
3171
843
0
0
0
0
0
0
2289
1000
0
0
0
0
0
0
3429
3471
0
0
0
0
0
0
1095
2318
0
0
0
0
0
0
764
3112
0
0
0
0
0
0
1904
3128
0
0
0
0
0
0
667
697
0
0
0
0
0
0
2880
1619
0
0
0
0
0
0
3475
1107
0
0
0
0
0
0
2087
930
0
0
0
0
0
0
3409
3306
0
0
0
0
0
0
1327
2619
0
0
0
0
0
0
464
2857
0
0
0
0
0
0
2095
3184
0
0
0
0
0
0
701
874
0
0
0
0
0
0
2642
1319
0
0
0
0
0
0
3772
1351
0
0
0
0
0
0
1909
888
0
0
0
0
0
0
3358
3119
0
0
0
0
0
0
1571
2920
0
0
0
0
0
0
173
2624
0
0
0
0
0
0
2254
3208
0
0
0
0
0
0
765
1069
0
0
0
0
0
0
2392
1020
0
0
0
0
0
0
4057
1571
0
0
0
0
0
0
1762
880
0
0
0
0
0
0
3280
2913
0
0
0
0
0
0
1826
3217
0
0
0
0
0
0
3991
2418
0
0
0
0
0
0
2390
3203
0
0
0
0
0
0
855
1283
0
0
0
0
0
0
2133
728
0
0
0
0
0
0
231
1765
0
0
0
0
0
0
1644
901
0
0
0
0
0
0
3179
2692
0
0
0
0
0
0
2087
3503
0
0
0
0
0
0
3729
2237
0
0
0
0
0
0
2494
3167
0
0
0
0
0
0
971
1513
0
0
0
0
0
0
1869
445
0
0
0
0
0
0
483
1931
0
0
0
0
0
0
1554
949
0
0
0
0
0
0
3051
2457
0
0
0
0
0
0
2353
3781
0
0
0
0
0
0
3485
2084
0
0
0
0
0
0
2568
3105
0
0
0
0
0
0
1109
1752
0
0
0
0
0
0
1602
173
0
0
0
0
0
0
719
2073
0
0
0
0
0
0
1493
1025
0
0
0
0
0
0
2903
2214
0
0
0
0
0
0
2621
4046
0
0
0
0
0
0
3261
1958
0
0
0
0
0
0
2615
3017
0
0
0
0
0
0
1268
2000
0
0
0
0
0
0
1337
4012
0
0
0
0
0
0
932
2184
0
0
0
0
0
0
1461
1124
0
0
0
0
0
0
2736
1964
0
0
0
0
0
0
2884
199
0
0
0
0
0
0
3058
1860
0
0
0
0
0
0
2635
2908
0
0
0
0
0
0
1443
2253
0
0
0
0
0
0
1075
3774
0
0
0
0
0
0
1122
2266
0
0
0
0
0
0
1456
1246
0
0
0
0
0
0
2555
1713
0
0
0
0
0
0
3143
427
0
0
0
0
0
0
2881
1792
0
0
0
0
0
0
2626
2774
0
0
0
0
0
0
1632
2504
0
0
0
0
0
0
819
3554
0
0
0
0
0
0
1289
2322
0
0
0
0
0
0
1476
1387
0
0
0
0
0
0
2358
1458
0
0
0
0
0
0
3392
638
0
0
0
0
0
0
2726
1750
0
0
0
0
0
0
2593
2625
0
0
0
0
0
0
1831
2754
0
0
0
0
0
0
575
3354
0
0
0
0
0
0
1431
2351
0
0
0
0
0
0
1522
1546
0
0
0
0
0
0
2155
1212
0
0
0
0
0
0
3631
826
0
0
0
0
0
0
2597
1735
0
0
0
0
0
0
2535
2459
0
0
0
0
0
0
2039
2999
0
0
0
0
0
0
342
3177
0
0
0
0
0
0
1549
2353
0
0
0
0
0
0
1592
1719
0
0
0
0
0
0
1944
970
0
0
0
0
0
0
3857
992
0
0
0
0
0
0
2492
1744
0
0
0
0
0
0
2456
2280
0
0
0
0
0
0
2252
3236
0
0
0
0
0
0
124
3024
0
0
0
0
0
0
1638
2329
0
0
0
0
0
0
1680
1901
0
0
0
0
0
0
1730
738
0
0
0
0
0
0
4068
1134
0
0
0
0
0
0
2414
1779
0
0
0
0
0
0
2357
2092
0
0
0
0
0
0
2466
3464
0
0
0
0
0
0
4021
2895
0
0
0
0
0
0
1706
2287
0
0
0
0
0
0
1787
2093
0
0
0
0
0
0
1516
517
0
0
0
0
0
0
163
1251
0
0
0
0
0
0
2360
1835
0
0
0
0
0
0
2243
1900
0
0
0
0
0
0
2680
3678
0
0
0
0
0
0
3838
2790
0
0
0
0
0
0
1748
2219
0
0
0
0
0
0
1910
2290
0
0
0
0
0
0
1302
309
0
0
0
0
0
0
336
1343
0
0
0
0
0
0
2330
1911
0
0
0
0
0
0
2113
1702
0
0
0
0
0
0
2891
3878
0
0
0
0
0
0
3675
2709
0
0
0
0
0
0
1766
2134
0
0
0
0
0
0
2047
2488
0
0
0
0
0
0
1095
118
0
0
0
0
0
0
490
1413
0
0
0
0
0
0
2322
2003
0
0
0
0
0
0
1972
1503
0
0
0
0
0
0
3094
4060
0
0
0
0
0
0
3531
2650
0
0
0
0
0
0
1763
2033
0
0
0
0
0
0
2193
2686
0
0
0
0
0
0
896
4039
0
0
0
0
0
0
622
1460
0
0
0
0
0
0
2337
2113
0
0
0
0
0
0
1821
1307
0
0
0
0
0
0
3292
132
0
0
0
0
0
0
3408
2614
0
0
0
0
0
0
1738
1919
0
0
0
0
0
0
2348
2881
0
0
0
0
0
0
705
3884
0
0
0
0
0
0
734
1483
0
0
0
0
0
0
2371
2234
0
0
0
0
0
0
1663
1114
0
0
0
0
0
0
3475
277
0
0
0
0
0
0
3307
2602
0
0
0
0
0
0
1695
1791
0
0
0
0
0
0
2506
3068
0
0
0
0
0
0
526
3747
0
0
0
0
0
0
826
1488
0
0
0
0
0
0
2421
2365
0
0
0
0
0
0
1502
928
0
0
0
0
0
0
3648
404
0
0
0
0
0
0
3227
2610
0
0
0
0
0
0
1637
1656
0
0
0
0
0
0
2668
3250
0
0
0
0
0
0
361
3630
0
0
0
0
0
0
895
1470
0
0
0
0
0
0
2488
2503
0
0
0
0
0
0
1339
753
0
0
0
0
0
0
3807
512
0
0
0
0
0
0
3168
2635
0
0
0
0
0
0
1563
1515
0
0
0
0
0
0
2831
3421
0
0
0
0
0
0
209
3533
0
0
0
0
0
0
945
1437
0
0
0
0
0
0
2569
2648
0
0
0
0
0
0
1179
587
0
0
0
0
0
0
3951
599
0
0
0
0
0
0
3127
2676
0
0
0
0
0
0
1476
1371
0
0
0
0
0
0
2990
3580
0
0
0
0
0
0
74
3455
0
0
0
0
0
0
975
1386
0
0
0
0
0
0
2661
2792
0
0
0
0
0
0
1022
434
0
0
0
0
0
0
4077
666
0
0
0
0
0
0
3107
2733
0
0
0
0
0
0
1380
1224
0
0
0
0
0
0
3145
3727
0
0
0
0
0
0
4051
3397
0
0
0
0
0
0
987
1323
0
0
0
0
0
0
2761
2937
0
0
0
0
0
0
871
296
0
0
0
0
0
0
93
716
0
0
0
0
0
0
3103
2803
0
0
0
0
0
0
1276
1080
0
0
0
0
0
0
3292
3857
0
0
0
0
0
0
3949
3358
0
0
0
0
0
0
982
1248
0
0
0
0
0
0
2869
3082
0
0
0
0
0
0
727
172
0
0
0
0
0
0
186
746
0
0
0
0
0
0
3114
2882
0
0
0
0
0
0
1165
937
0
0
0
0
0
0
3433
3976
0
0
0
0
0
0
3865
3336
0
0
0
0
0
0
962
1163
0
0
0
0
0
0
2980
3221
0
0
0
0
0
0
593
62
0
0
0
0
0
0
263
761
0
0
0
0
0
0
3142
2971
0
0
0
0
0
0
1053
803
0
0
0
0
0
0
3561
4076
0
0
0
0
0
0
3795
3329
0
0
0
0
0
0
931
1073
0
0
0
0
0
0
3094
3354
0
0
0
0
0
0
468
4064
0
0
0
0
0
0
324
759
0
0
0
0
0
0
3180
3064
0
0
0
0
0
0
941
674
0
0
0
0
0
0
3682
66
0
0
0
0
0
0
3741
3336
0
0
0
0
0
0
885
976
0
0
0
0
0
0
3207
3478
0
0
0
0
0
0
356
3987
0
0
0
0
0
0
369
745
0
0
0
0
0
0
3230
3163
0
0
0
0
0
0
829
556
0
0
0
0
0
0
3787
136
0
0
0
0
0
0
3705
3358
0
0
0
0
0
0
831
877
0
0
0
0
0
0
3318
3593
0
0
0
0
0
0
253
3924
0
0
0
0
0
0
398
718
0
0
0
0
0
0
3288
3262
0
0
0
0
0
0
717
442
0
0
0
0
0
0
3881
191
0
0
0
0
0
0
3683
3391
0
0
0
0
0
0
771
778
0
0
0
0
0
0
3424
3697
0
0
0
0
0
0
167
3877
0
0
0
0
0
0
413
680
0
0
0
0
0
0
3353
3360
0
0
0
0
0
0
613
344
0
0
0
0
0
0
3962
231
0
0
0
0
0
0
3674
3432
0
0
0
0
0
0
703
681
0
0
0
0
0
0
3526
3792
0
0
0
0
0
0
92
3844
0
0
0
0
0
0
417
635
0
0
0
0
0
0
3422
3456
0
0
0
0
0
0
515
256
0
0
0
0
0
0
4032
259
0
0
0
0
0
0
3677
3482
0
0
0
0
0
0
633
587
0
0
0
0
0
0
3623
3875
0
0
0
0
0
0
31
3822
0
0
0
0
0
0
409
581
0
0
0
0
0
0
3495
3550
0
0
0
0
0
0
424
180
0
0
0
0
0
0
4087
273
0
0
0
0
0
0
3688
3535
0
0
0
0
0
0
559
496
0
0
0
0
0
0
3709
3945
0
0
0
0
0
0
4076
3814
0
0
0
0
0
0
391
525
0
0
0
0
0
0
3567
3636
0
0
0
0
0
0
341
115
0
0
0
0
0
0
35
278
0
0
0
0
0
0
3710
3595
0
0
0
0
0
0
488
413
0
0
0
0
0
0
3788
4003
0
0
0
0
0
0
4039
3816
0
0
0
0
0
0
367
465
0
0
0
0
0
0
3638
3718
0
0
0
0
0
0
266
62
0
0
0
0
0
0
66
271
0
0
0
0
0
0
3739
3655
0
0
0
0
0
0
418
336
0
0
0
0
0
0
3857
4051
0
0
0
0
0
0
4013
3826
0
0
0
0
0
0
335
405
0
0
0
0
0
0
3708
3790
0
0
0
0
0
0
201
20
0
0
0
0
0
0
88
257
0
0
0
0
0
0
3773
3716
0
0
0
0
0
0
351
266
0
0
0
0
0
0
3917
4088
0
0
0
0
0
0
3996
3844
0
0
0
0
0
0
299
345
0
0
0
0
0
0
3774
3857
0
0
0
0
0
0
147
4085
0
0
0
0
0
0
99
235
0
0
0
0
0
0
3810
3774
0
0
0
0
0
0
287
205
0
0
0
0
0
0
3968
18
0
0
0
0
0
0
3988
3866
0
0
0
0
0
0
260
288
0
0
0
0
0
0
3834
3913
0
0
0
0
0
0
102
4063
0
0
0
0
0
0
103
211
0
0
0
0
0
0
3850
3831
0
0
0
0
0
0
229
153
0
0
0
0
0
0
4009
36
0
0
0
0
0
0
3988
3895
0
0
0
0
0
0
221
234
0
0
0
0
0
0
3889
3962
0
0
0
0
0
0
65
4050
0
0
0
0
0
0
100
182
0
0
0
0
0
0
3889
3883
0
0
0
0
0
0
177
108
0
0
0
0
0
0
4040
44
0
0
0
0
0
0
3994
3924
0
0
0
0
0
0
181
182
0
0
0
0
0
0
3937
4001
0
0
0
0
0
0
36
4043
0
0
0
0
0
0
92
152
0
0
0
0
0
0
3929
3931
0
0
0
0
0
0
133
73
0
0
0
0
0
0
4065
48
0
0
0
0
0
0
4005
3954
0
0
0
0
0
0
144
139
0
0
0
0
0
0
3977
4032
0
0
0
0
0
0
17
4044
0
0
0
0
0
0
80
122
0
0
0
0
0
0
3965
3972
0
0
0
0
0
0
94
46
0
0
0
0
0
0
4081
44
0
0
0
0
0
0
4019
3985
0
0
0
0
0
0
108
101
0
0
0
0
0
0
4014
4057
0
0
0
0
0
0
4
4049
0
0
0
0
0
0
64
92
0
0
0
0
0
0
3998
4007
0
0
0
0
0
0
64
26
0
0
0
0
0
0
4093
39
0
0
0
0
0
0
4034
4012
0
0
0
0
0
0
77
68
0
0
0
0
0
0
4040
4073
0
0
0
0
0
0
4091
4056
0
0
0
0
0
0
48
65
0
0
0
0
0
0
4027
4037
0
0
0
0
0
0
39
11
0
0
0
0
0
0
1
31
0
0
0
0
0
0
4049
4037
0
0
0
0
0
0
50
42
0
0
0
0
0
0
4061
4084
0
0
0
0
0
0
4087
4065
0
0
0
0
0
0
33
41
0
0
0
0
0
0
4051
4059
0
0
0
0
0
0
21
4
0
0
0
0
0
0
3
20
0
0
0
0
0
0
4066
4059
0
0
0
0
0
0
30
23
0
0
0
0
0
0
4076
4090
0
0
0
0
0
0
4087
4075
0
0
0
0
0
0
20
24
0
0
0
0
0
0
4069
4074
0
0
0
0
0
0
8
4093
0
0
0
0
0
0
3
13
0
0
0
0
0
0
4077
4074
0
0
0
0
0
0
13
9
0
0
0
0
0
0
4086
4094
0
0
0
0
0
0
4090
4084
0
0
0
0
0
0
8
10
0
0
0
0
0
0
4083
4087
0
0
0
0
0
0
2
4093
0
0
0
0
0
0
0
3
0
0
0
0
0
0
4087
4087
0
0
0
0
0
0
2
1
0
0
0
0
0
0
4092
4095
0
0
0
0
0
0
4093
4091
0
0
0
0
0
0
1
1
0
0
0
0
0
0
4092
4091
0
0
0
0
0
0
4094
4093
0
0
0
0
0
0
4095
0
0
0
0
0
0
0
4092
4092
0
0
0
0
0
0
4095
4095
0
0
0
0
0
0
4093
4094
0
0
0
0
0
0
4092
4092
0
0
0
0
0
0
0
0
0
0
0
0
0
0
4094
4095
0
0
0
0
0
0
4095
4095
0
0
0
0
0
0
4095
4095
0
0
0
0
0
0
0
4095
0
0
0
0
0
0
0
4095
0
0
0
0
0
0
0
4095
0
0
0
0
0
0
0
4095
0
0
0
0
0
0
0
4095
0
0
0
0
0
0
0
4095
0
0
0
0
0
0
0
4095
0
0
0
0
0
0
0
4095
0
0
0
0
0
0
0
4095
0
0
0
0
0
0
0
4095
0
0
0
0
0
0
0
4095
0
0
0
0
0
0
0
4095
0
0
0
0
0
0
0
4095
0
0
0
0
0
0
0
4095
0
0
0
0
0
0
0
4095
0
0
0
0
0
0
0
4095
0
0
0
0
0
0
0
4095
0
0
0
0
0
0
0
4095
0
0
0
0
0
0
0
4095
0
0
0
0
0
0
0
4095
0
0
0
0
0
0
0
4095
0
0
0
0
0
0
0
4095
0
0
0
0
0
0
0
4095
0
0
0
0
0
0
0
4095
0
0
0
0
0
0
0
4095
0
0
0
0
0
0
0
4095
0
0
0
0
0
0
0
4095
0
0
0
0
0
0
0
4095
0
0
0
0
0
0
0
4095
0
0
0
0
0
0
0
4095
0
0
0
0
0
0
0
4095
0
0
0
0
0
0
0
4095
0
0
0
0
0
0
0
4095
0
0
0
0
0
0
0
4095
0
0
0
0
0
0
0
4095
0
0
0
0
0
0
0
4095
0
0
0
0
0
0
0
4095
0
0
0
0
0
0
0
4095
0
0
0
0
0
0
0
4095
0
0
0
0
0
0
0
4095
0
0
0
0
0
0
0
4095
0
0
0
0
0
0
0
4095
0
0
0
0
0
0
0
4095
0
0
0
0
0
0
0
4095
0
0
0
0
0
0
0
4095
0
0
0
0
0
0
0
4095
0
0
0
0
0
0
0
4095
0
0
0
0
0
0
0
4095
0
0
0
0
0
0
0
4095
0
0
0
0
0
0
0
4095
0
0
0
0
0
0
0
4095
0
0
0
0
0
0
0
4095
0
0
0
0
0
0
0
4095
0
0
0
0
0
0
0
4095
0
0
0
0
0
0
0
4095
0
0
0
0
0
0
0
4095
0
0
0
0
0
0
0
4095
0
0
0
0
0
0
0
4095
0
0
0
0
0
0
0
4095
0
0
0
0
0
0
0
4095
0
0
0
0
0
0
0
4095
0
0
0
0
0
0
0
4095
0
0
0
0
0
0
0
4095
0
0
0
0
0
0
0
4095
0
0
0
0
0
0
0
4095
0
0
0
0
0
0
0
4095
0
0
0
0
0
0
0
4095
0
0
0
0
0
0
0
4095
0
0
0
0
0
0
0
4095
0
0
0
0
0
0
0
4095
0
0
0
0
0
0
0
4095
0
0
0
0
0
0
0
4095
0
0
0
0
0
0
0
4095
0
0
0
0
0
0
0
4095
0
0
0
0
0
0
0
4095
0
0
0
0
0
0
0
4095
0
0
0
0
0
0
0
4095
0
0
0
0
0
0
0
4095
0
0
0
0
0
0
0
4095
0
0
0
0
0
0
0
4095
0
0
0
0
0
0
0
4095
0
0
0
0
0
0
0
4095
0
0
0
0
0
0
0
4095
0
0
0
0
0
0
0
4095
0
0
0
0
0
0
0
4095
0
0
0
0
0
0
0
4095
0
0
0
0
0
0
0
4095
0
0
0
0
0
0
0
4095
0
0
0
0
0
0
0
4095
0
0
0
0
0
0
0
4095
0
0
0
0
0
0
0
4095
0
0
0
0
0
0
0
4095
0
0
0
0
0
0
0
4095
0
0
0
0
0
0
0
4095
0
0
0
0
0
0
0
4095
0
0
0
0
0
0
0
4095
0
0
0
0
0
0
0
4095
0
0
0
0
0
0
0
4095
0
0
0
0
0
0
0
4095
0
0
0
0
0
0
0
4095
0
0
0
0
0
0
0
4095
0
0
0
0
0
0
0
4095
0
0
0
0
0
0
0
4095
0
0
0
0
0
0
0
4095
0
0
0
0
0
0
0
4095
0
0
0
0
0
0
0
4095
0
0
0
0
0
0
0
4095
0
0
0
0
0
0
0
4095
0
0
0
0
0
0
0
4095
0
0
0
0
0
0
0
4095
0
0
0
0
0
0
0
4095
0
0
0
0
0
0
0
4095
0
0
0
0
0
0
0
4095
0
0
0
0
0
0
0
4095
0
0
0
0
0
0
0
4095
0
0
0
0
0
0
0
4095
0
0
0
0
0
0
0
4095
0
0
0
0
0
0
0
4095
0
0
0
0
0
0
0
4095
0
0
0
0
0
0
0
4095
0
0
0
0
0
0
0
4095
0
0
0
0
0
0
0
4095
0
0
0
0
0
0
0
4095
0
0
0
0
0
0
0
4095
0
0
0
0
0
0
0
4095
0
0
0
0
0
0
0
4095
0
0
0
0
0
0
0
4095
0
0
0
0
0
0
0
4095
0
0
0
0
0
0
0
4095
0
0
0
0
0
0
0
4095
0
0
0
0
0
0
0
4095
0
0
0
0
0
0
0
4095
0
0
0
0
0
0
0
4095
0
0
0
0
0
0
0
4095
0
0
0
0
0
0
0
4095
0
0
0
0
0
0
0
4095
0
0
0
0
0
0
0
4095
0
0
0
0
0
0
0
4095
0
0
0
0
0
0
0
4095
0
0
0
0
0
0
0
4095
0
0
0
0
0
0
0
4095
0
0
0
0
0
0
0
4095
0
0
0
0
0
0
0
4095
0
0
0
0
0
0
0
4095
0
0
0
0
0
0
0
4095
0
0
0
0
0
0
0
4095
0
0
0
0
0
0
0
4095
0
0
0
0
0
0
0
4095
0
0
0
0
0
0
0
4095
0
0
0
0
0
0
0
4095
0
0
0
0
0
0
0
4095
0
0
0
0
0
0
0
4095
0
0
0
0
0
0
0
4095
0
0
0
0
0
0
0
4095
0
0
0
0
0
0
0
4095
0
0
0
0
0
0
0
4095
0
0
0
0
0
0
0
4095
0
0
0
0
0
0
0
4095
0
0
0
0
0
0
0
4095
0
0
0
0
0
0
0
4095
0
0
0
0
0
0
0
4095
0
0
0
0
0
0
0
4095
0
0
0
0
0
0
0
4095
0
0
0
0
0
0
0
4095
0
0
0
0
0
0
0
4095
0
0
0
0
0
0
0
4095
0
0
0
0
0
0
0
4095
0
0
0
0
0
0
0
4095
0
0
0
0
0
0
0
4095
0
0
0
0
0
0
0
4095
0
0
0
0
0
0
0
4095
0
0
0
0
0
0
0
4095
0
0
0
0
0
0
0
4095
0
0
0
0
0
0
0
4095
0
0
0
0
0
0
0
4095
0
0
0
0
0
0
0
4095
0
0
0
0
0
0
0
4095
0
0
0
0
0
0
0
4095
0
0
0
0
0
0
0
4095
0
0
0
0
0
0
0
4095
0
0
0
0
0
0
0
4095
0
0
0
0
0
0
0
4095
0
0
0
0
0
0
0
4095
0
0
0
0
0
0
0
4095
0
0
0
0
0
0
0
4095
0
0
0
0
0
0
0
4095
0
0
0
0
0
0
0
4095
0
0
0
0
0
0
0
4095
0
0
0
0
0
0
0
4095
0
0
0
0
0
0
0
4095
0
0
0
0
0
0
0
4095
0
0
0
0
0
0
0
4095
0
0
0
0
0
0
0
4095
0
0
0
0
0
0
0
4095
0
0
0
0
0
0
0
4095
0
0
0
0
0
0
0
4095
0
0
0
0
0
0
0
4095
0
0
0
0
0
0
0
4095
0
0
0
0
0
0
0
4095
0
0
0
0
0
0
0
4095
0
0
0
0
0
0
0
4095
0
0
0
0
0
0
0
4095
0
0
0
0
0
0
0
4095
0
0
0
0
0
0
0
4095
0
0
0
0
0
0
0
4095
0
0
0
0
0
0
0
4095
0
0
0
0
0
0
0
4095
0
0
0
0
0
0
0
4095
0
0
0
0
0
0
0
4095
0
0
0
0
0
0
0
4095
0
0
0
0
0
0
0
4095
0
0
0
0
0
0
0
4095
0
0
0
0
0
0
0
4095
0
0
0
0
0
0
0
4095
0
0
0
0
0
0
0
4095
0
0
0
0
0
0
0
4095
0
0
0
0
0
0
0
4095
0
0
0
0
0
0
0
4095
0
0
0
0
0
0
0
4095
0
0
0
0
0
0
0
4095
0
0
0
0
0
0
0
4095
0
0
0
0
0
0
0
4095
0
0
0
0
0
0
0
4095
0
0
0
0
0
0
0
4095
0
0
0
0
0
0
0
4095
0
0
0
0
0
0
0
4095
0
0
0
0
0
0
0
4095
0
0
0
0
0
0
0
4095
0
0
0
0
0
0
0
4095
0
0
0
0
0
0
0
4095
0
0
0
0
0
0
0
4095
0
0
0
0
0
0
0
4095
0
0
0
0
0
0
0
4095
0
0
0
0
0
0
0
4095
0
0
0
0
0
0
0
4095
0
0
0
0
0
0
0
4095
0
0
0
0
0
0
0
4095
0
0
0
0
0
0
0
4095
0
0
0
0
0
0
0
4095
0
0
0
0
0
0
0
4095
0
0
0
0
0
0
0
4095
0
0
0
0
0
0
0
4095
0
0
0
0
0
0
0
4095
0
0
0
0
0
0
0
4095
0
0
0
0
0
0
0
4095
0
0
0
0
0
0
0
4095
0
0
0
0
0
0
0
4095
0
0
0
0
0
0
0
4095
0
0
0
0
0
0
0
4095
0
0
0
0
0
0
0
4095
0
0
0
0
0
0
0
4095
0
0
0
0
0
0
0
4095
0
0
0
0
0
0
0
4095
0
0
0
0
0
0
0
4095
0
0
0
0
0
0
0
4095
0
0
0
0
0
0
0
4095
0
0
0
0
0
0
0
4095
0
0
0
0
0
0
0
4095
0
0
0
0
0
0
0
4095
0
0
0
0
0
0
0
4095
0
0
0
0
0
0
0
4095
0
0
0
0
0
0
0
4095
0
0
0
0
0
0
0
4095
0
0
0
0
0
0
0
4095
0
0
0
0
0
0
0
4095
0
0
0
0
0
0
0
4095
0
0
0
0
0
0
0
4095
0
0
0
0
0
0
0
4095
0
0
0
0
0
0
0
4095
0
0
0
0
0
0
0
4095
0
0
0
0
0
0
0
4095
0
0
0
0
0
0
0
4095
0
0
0
0
0
0
0
4095
0
0
0
0
0
0
0
4095
0
0
0
0
0
0
0
4095
0
0
0
0
0
0
0
4095
0
0
0
0
0
0
0
4095
0
0
0
0
0
0
0
4095
0
0
0
0
0
0
0
4095
0
0
0
0
0
0
0
4095
0
0
0
0
0
0
0
4095
0
0
0
0
0
0
0
4095
0
0
0
0
0
0
0
4095
0
0
0
0
0
0
0
4095
0
0
0
0
0
0
0
4095
0
0
0
0
0
0
0
4095
0
0
0
0
0
0
0
4095
0
0
0
0
0
0
0
4095
0
0
0
0
0
0
0
4095
0
0
0
0
0
0
0
4095
0
0
0
0
0
0
0
4095
0
0
0
0
0
0
0
4095
0
0
0
0
0
0
0
4095
0
0
0
0
0
0
0
4095
0
0
0
0
0
0
0
4095
0
0
0
0
0
0
0
4095
0
0
0
0
0
0
0
4095
0
0
0
0
0
0
0
4095
0
0
0
0
0
0
0
4095
0
0
0
0
0
0
0
4095
0
0
0
0
0
0
0
4095
0
0
0
0
0
0
0
4095
0
0
0
0
0
0
0
4095
0
0
0
0
0
0
0
4095
0
0
0
0
0
0
0
4095
0
0
0
0
0
0
0
4095
0
0
0
0
0
0
0
4095
0
0
0
0
0
0
0
4095
0
0
0
0
0
0
0
4095
0
0
0
0
0
0
0
4095
0
0
0
0
0
0
0
4095
0
0
0
0
0
0
0
4095
0
0
0
0
0
0
0
4095
0
0
0
0
0
0
0
4095
0
0
0
0
0
0
0
4095
0
0
0
0
0
0
0
4095
0
0
0
0
0
0
0
4095
0
0
0
0
0
0
0
4095
0
0
0
0
0
0
0
4095
0
0
0
0
0
0
0
4095
0
0
0
0
0
0
0
4095
0
0
0
0
0
0
0
4095
0
0
0
0
0
0
0
4095
0
0
0
0
0
0
0
4095
0
0
0
0
0
0
0
4095
0
0
0
0
0
0
0
4095
0
0
0
0
0
0
0
4095
0
0
0
0
0
0
0
4095
0
0
0
0
0
0
0
4095
0
0
0
0
0
0
0
4095
0
0
0
0
0
0
0
4095
0
0
0
0
0
0
0
4095
0
0
0
0
0
0
0
4095
0
0
0
0
0
0
0
4095
0
0
0
0
0
0
0
4095
0
0
0
0
0
0
0
4095
0
0
0
0
0
0
0
4095
0
0
0
0
0
0
0
4095
0
0
0
0
0
0
0
4095
0
0
0
0
0
0
0
4095
0
0
0
0
0
0
0
4095
0
0
0
0
0
0
0
4095
0
0
0
0
0
0
0
4095
0
0
0
0
0
0
0
4095
0
0
0
0
0
0
0
4095
0
0
0
0
0
0
0
4095
0
0
0
0
0
0
0
4095
0
0
0
0
0
0
0
4095
0
0
0
0
0
0
0
4095
0
0
0
0
0
0
0
4095
0
0
0
0
0
0
0
4095
0
0
0
0
0
0
0
4095
0
0
0
0
0
0
0
4095
0
0
0
0
0
0
0
4095
0
0
0
0
0
0
0
4095
0
0
0
0
0
0
0
4095
0
0
0
0
0
0
0
4095
0
0
0
0
0
0
0
4095
0
0
0
0
0
0
0
4095
0
0
0
0
0
0
0
4095
0
0
0
0
0
0
0
4095
0
0
0
0
0
0
0
4095
0
0
0
0
0
0
0
4095
0
0
0
0
0
0
0
4095
0
0
0
0
0
0
0
4095
0
0
0
0
0
0
0
4095
0
0
0
0
0
0
0
4095
0
0
0
0
0
0
0
4095
0
0
0
0
0
0
0
4095
0
0
0
0
0
0
0
4095
0
0
0
0
0
0
0
4095
0
0
0
0
0
0
0
4095
0
0
0
0
0
0
0
4095
0
0
0
0
0
0
0
4095
0
0
0
0
0
0
0
4095
0
0
0
0
0
0
0
4095
0
0
0
0
0
0
0
4095
0
0
0
0
0
0
0
4095
0
0
0
0
0
0
0
4095
0
0
0
0
0
0
0
4095
0
0
0
0
0
0
0
4095
0
0
0
0
0
0
0
4095
0
0
0
0
0
0
0
4095
0
0
0
0
0
0
0
4095
0
0
0
0
0
0
0
4095
0
0
0
0
0
0
0
4095
0
0
0
0
0
0
0
4095
0
0
0
0
0
0
0
4095
0
0
0
0
0
0
0
4095
0
0
0
0
0
0
0
4095
0
0
0
0
0
0
0
4095
0
0
0
0
0
0
0
4095
0
0
0
0
0
0
0
4095
0
0
0
0
0
0
0
4095
0
0
0
0
0
0
0
4095
0
0
0
0
0
0
0
4095
0
0
0
0
0
0
0
4095
0
0
0
0
0
0
0
4095
0
0
0
0
0
0
0
4095
0
0
0
0
0
0
0
4095
0
0
0
0
0
0
0
4095
0
0
0
0
0
0
0
4095
0
0
0
0
0
0
0
4095
0
0
0
0
0
0
0
4095
0
0
0
0
0
0
0
4095
0
0
0
0
0
0
0
4095
0
0
0
0
0
0
0
4095
0
0
0
0
0
0
0
4095
0
0
0
0
0
0
0
4095
0
0
0
0
0
0
0
4095
0
0
0
0
0
0
0
4095
0
0
0
0
0
0
0
4095
0
0
0
0
0
0
0
4095
0
0
0
0
0
0
0
4095
0
0
0
0
0
0
0
4095
0
0
0
0
0
0
0
4095
0
0
0
0
0
0
0
4095
0
0
0
0
0
0
0
4095
0
0
0
0
0
0
0
4095
0
0
0
0
0
0
0
4095
0
0
0
0
0
0
0
4095
0
0
0
0
0
0
0
4095
0
0
0
0
0
0
0
4095
0
0
0
0
0
0
0
4095
0
0
0
0
0
0
0
4095
0
0
0
0
0
0
0
4095
0
0
0
0
0
0
0
4095
0
0
0
0
0
0
0
4095
0
0
0
0
0
0
0
4095
0
0
0
0
0
0
0
4095
0
0
0
0
0
0
0
4095
0
0
0
0
0
0
0
4095
0
0
0
0
0
0
0
4095
0
0
0
0
0
0
0
4095
0
0
0
0
0
0
0
4095
0
0
0
0
0
0
0
4095
0
0
0
0
0
0
0
4095
0
0
0
0
0
0
0
4095
0
0
0
0
0
0
0
4095
0
0
0
0
0
0
0
4095
0
0
0
0
0
0
0
4095
0
0
0
0
0
0
0
4095
0
0
0
0
0
0
0
4095
0
0
0
0
0
0
0
4095
0
0
0
0
0
0
0
4095
0
0
0
0
0
0
0
4095
0
0
0
0
0
0
0
4095
0
0
0
0
0
0
0
4095
0
0
0
0
0
0
0
4095
0
0
0
0
0
0
0
4095
0
0
0
0
0
0
0
4095
0
0
0
0
0
0
0
4095
0
0
0
0
0
0
0
4095
0
0
0
0
0
0
0
4095
0
0
0
0
0
0
0
4095
0
0
0
0
0
0
0
4095
0
0
0
0
0
0
0
4095
0
0
0
0
0
0
0
4095
0
0
0
0
0
0
0
4095
0
0
0
0
0
0
0
4095
0
0
0
0
0
0
0
4095
0
0
0
0
0
0
0
4095
0
0
0
0
0
0
0
4095
0
0
0
0
0
0
0
4095
0
0
0
0
0
0
0
4095
0
0
0
0
0
0
0
4095
0
0
0
0
0
0
0
4095
0
0
0
0
0
0
0
4095
0
0
0
0
0
0
0
4095
0
0
0
0
0
0
0
4095
0
0
0
0
0
0
0
4095
0
0
0
0
0
0
0
4095
0
0
0
0
0
0
0
4095
0
0
0
0
0
0
0
4095
0
0
0
0
0
0
0
4095
0
0
0
0
0
0
0
4095
0
0
0
0
0
0
0
4095
0
0
0
0
0
0
0
4095
0
0
0
0
0
0
0
4095
0
0
0
0
0
0
0
4095
0
0
0
0
0
0
0
4095
0
0
0
0
0
0
0
4095
0
0
0
0
0
0
0
4095
0
0
0
0
0
0
0
4095
0
0
0
0
0
0
0
4095
0
0
0
0
0
0
0
4095
0
0
0
0
0
0
0
4095
0
0
0
0
0
0
0
4095
0
0
0
0
0
0
0
4095
0
0
0
0
0
0
0
4095
0
0
0
0
0
0
0
4095
0
0
0
0
0
0
0
4095
0
0
0
0
0
0
0
4095
0
0
0
0
0
0
0
4095
0
0
0
0
0
0
0
4095
0
0
0
0
0
0
0
4095
0
0
0
0
0
0
0
4095
0
0
0
0
0
0
0
4095
0
0
0
0
0
0
0
4095
0
0
0
0
0
0
0
4095
0
0
0
0
0
0
0
4095
0
0
0
0
0
0
0
4095
0
0
0
0
0
0
0
4095
0
0
0
0
0
0
0
4095
0
0
0
0
0
0
0
4095
0
0
0
0
0
0
0
4095
0
0
0
0
0
0
0
4095
0
0
0
0
0
0
0
4095
0
0
0
0
0
0
0
4095
0
0
0
0
0
0
0
4095
0
0
0
0
0
0
0
4095
0
0
0
0
0
0
0
4095
0
0
0
0
0
0
0
4095
0
0
0
0
0
0
0
4095
0
0
0
0
0
0
0
4095
0
0
0
0
0
0
0
4095
0
0
0
0
0
0
0
4095
0
0
0
0
0
0
0
4095
0
0
0
0
0
0
0
4095
0
0
0
0
0
0
0
4095
0
0
0
0
0
0
0
4095
0
0
0
0
0
0
0
4095
0
0
0
0
0
0
0
4095
0
0
0
0
0
0
0
4095
0
0
0
0
0
0
0
4095
0
0
0
0
0
0
0
4095
0
0
0
0
0
0
0
4095
0
0
0
0
0
0
0
4095
0
0
0
0
0
0
0
4095
0
0
0
0
0
0
0
4095
0
0
0
0
0
0
0
4095
0
0
0
0
0
0
0
4095
0
0
0
0
0
0
0
4095
0
0
0
0
0
0
0
4095
0
0
0
0
0
0
0
4095
0
0
0
0
0
0
0
4095
0
0
0
0
0
0
0
4095
0
0
0
0
0
0
0
4095
0
0
0
0
0
0
0
4095
0
0
0
0
0
0
0
4095
0
0
0
0
0
0
0
4095
0
0
0
0
0
0
0
4095
0
0
0
0
0
0
0
4095
0
0
0
0
0
0
0
4095
0
0
0
0
0
0
0
4095
0
0
0
0
0
0
0
4095
0
0
0
0
0
0
0
4095
0
0
0
0
0
0
0
4095
0
0
0
0
0
0
0
4095
0
0
0
0
0
0
0
4095
0
0
0
0
0
0
0
4095
0
0
0
0
0
0
0
4095
0
0
0
0
0
0
0
4095
0
0
0
0
0
0
0
4095
0
0
0
0
0
0
0
4095
0
0
0
0
0
0
0
4095
0
0
0
0
0
0
0
4095
0
0
0
0
0
0
0
4095
0
0
0
0
0
0
0
4095
0
0
0
0
0
0
0
4095
0
0
0
0
0
0
0
4095
0
0
0
0
0
0
0
4095
0
0
0
0
0
0
0
4095
0
0
0
0
0
0
0
4095
0
0
0
0
0
0
0
4095
0
0
0
0
0
0
0
4095
0
0
0
0
0
0
0
4095
0
0
0
0
0
0
0
4095
0
0
0
0
0
0
0
4095
0
0
0
0
0
0
0
4095
0
0
0
0
0
0
0
4095
0
0
0
0
0
0
0
4095
0
0
0
0
0
0
0
4095
0
0
0
0
0
0
0
4095
0
0
0
0
0
0
0
4095
0
0
0
0
0
0
0
4095
0
0
0
0
0
0
0
4095
0
0
0
0
0
0
0
4095
0
0
0
0
0
0
0
4095
0
0
0
0
0
0
0
4095
0
0
0
0
0
0
0
4095
0
0
0
0
0
0
0
4095
0
0
0
0
0
0
0
4095
0
0
0
0
0
0
0
4095
0
0
0
0
0
0
0
4095
0
0
0
0
0
0
0
4095
0
0
0
0
0
0
0
4095
0
0
0
0
0
0
0
4095
0
0
0
0
0
0
0
4095
0
0
0
0
0
0
0
4095
0
0
0
0
0
0
0
4095
0
0
0
0
0
0
0
4095
0
0
0
0
0
0
0
4095
0
0
0
0
0
0
0
4095
0
0
0
0
0
0
0
4095
0
0
0
0
0
0
0
4095
0
0
0
0
0
0
0
4095
0
0
0
0
0
0
0
4095
0
0
0
0
0
0
0
4095
0
0
0
0
0
0
0
4095
0
0
0
0
0
0
0
4095
0
0
0
0
0
0
0
4095
0
0
0
0
0
0
0
4095
0
0
0
0
0
0
0
4095
0
0
0
0
0
0
0
4095
0
0
0
0
0
0
0
4095
0
0
0
0
0
0
0
4095
0
0
0
0
0
0
0
4095
0
0
0
0
0
0
0
4095
0
0
0
0
0
0
0
4095
0
0
0
0
0
0
0
4095
0
0
0
0
0
0
0
4095
0
0
0
0
0
0
0
4095
0
0
0
0
0
0
0
4095
0
0
0
0
0
0
0
4095
0
0
0
0
0
0
0
4095
0
0
0
0
0
0
0
4095
0
0
0
0
0
0
0
4095
0
0
0
0
0
0
0
4095
0
0
0
0
0
0
0
4095
0
0
0
0
0
0
0
4095
0
0
0
0
0
0
0
4095
0
0
0
0
0
0
0
4095
0
0
0
0
0
0
0
4095
0
0
0
0
0
0
0
4095
0
0
0
0
0
0
0
4095
0
0
0
0
0
0
0
4095
0
0
0
0
0
0
0
4095
0
0
0
0
0
0
0
4095
0
0
0
0
0
0
0
4095
0
0
0
0
0
0
0
4095
0
0
0
0
0
0
0
4095
0
0
0
0
0
0
0
4095
0
0
0
0
0
0
0
4095
0
0
0
0
0
0
0
4095
0
0
0
0
0
0
0
4095
0
0
0
0
0
0
0
4095
0
0
0
0
0
0
0
4095
0
0
0
0
0
0
0
4095
0
0
0
0
0
0
0
4095
0
0
0
0
0
0
0
4095
0
0
0
0
0
0
0
4095
0
0
0
0
0
0
0
4095
0
0
0
0
0
0
0
4095
0
0
0
0
0
0
0
4095
0
0
0
0
0
0
0
4095
0
0
0
0
0
0
0
4095
0
0
0
0
0
0
0
4095
0
0
0
0
0
0
0
4095
0
0
0
0
0
0
0
4095
0
0
0
0
0
0
0
4095
0
0
0
0
0
0
0
4095
0
0
0
0
0
0
0
4095
0
0
0
0
0
0
0
4095
0
0
0
0
0
0
0
4095
0
0
0
0
0
0
0
4095
0
0
0
0
0
0
0
4095
0
0
0
0
0
0
0
4095
0
0
0
0
0
0
0
4095
0
0
0
0
0
0
0
4095
0
0
0
0
0
0
0
4095
0
0
0
0
0
0
0
4095
0
0
0
0
0
0
0
4095
0
0
0
0
0
0
0
4095
0
0
0
0
0
0
0
4095
0
0
0
0
0
0
0
4095
0
0
0
0
0
0
0
4095
0
0
0
0
0
0
0
4095
0
0
0
0
0
0
0
4095
0
0
0
0
0
0
0
4095
0
0
0
0
0
0
0
4095
0
0
0
0
0
0
0
4095
0
0
0
0
0
0
0
4095
0
0
0
0
0
0
0
4095
0
0
0
0
0
0
0
4095
0
0
0
0
0
0
0
4095
0
0
0
0
0
0
0
4095
0
0
0
0
0
0
0
4095
0
0
0
0
0
0
0
4095
0
0
0
0
0
0
0
4095
0
0
0
0
0
0
0
4095
0
0
0
0
0
0
0
4095
0
0
0
0
0
0
0
4095
0
0
0
0
0
0
0
4095
0
0
0
0
0
0
0
4095
0
0
0
0
0
0
0
4095
0
0
0
0
0
0
0
4095
0
0
0
0
0
0
0
4095
0
0
0
0
0
0
0
4095
0
0
0
0
0
0
0
4095
0
0
0
0
0
0
0
4095
0
0
0
0
0
0
0
4095
0
0
0
0
0
0
0
4095
0
0
0
0
0
0
0
4095
0
0
0
0
0
0
0
4095
0
0
0
0
0
0
0
4095
0
0
0
0
0
0
0
4095
0
0
0
0
0
0
0
4095
0
0
0
0
0
0
0
4095
0
0
0
0
0
0
0
4095
0
0
0
0
0
0
0
4095
0
0
0
0
0
0
0
4095
0
0
0
0
0
0
0
4095
0
0
0
0
0
0
0
4095
0
0
0
0
0
0
0
4095
0
0
0
0
0
0
0
4095
0
0
0
0
0
0
0
4095
0
0
0
0
0
0
0
4095
0
0
0
0
0
0
0
4095
0
0
0
0
0
0
0
4095
0
0
0
0
0
0
0
4095
0
0
0
0
0
0
0
4095
0
0
0
0
0
0
0
4095
0
0
0
0
0
0
0
4095
0
0
0
0
0
0
0
4095
0
0
0
0
0
0
0
4095
0
0
0
0
0
0
0
4095
0
0
0
0
0
0
0
4095
0
0
0
0
0
0
0
4095
0
0
0
0
0
0
0
4095
0
0
0
0
0
0
0
4095
0
0
0
0
0
0
0
4095
0
0
0
0
0
0
0
4095
0
0
0
0
0
0
0
4095
0
0
0
0
0
0
0
4095
0
0
0
0
0
0
0
4095
0
0
0
0
0
0
0
4095
0
0
0
0
0
0
0
4095
0
0
0
0
0
0
0
4095
0
0
0
0
0
0
0
4095
0
0
0
0
0
0
0
4095
0
0
0
0
0
0
0
4095
0
0
0
0
0
0
0
4095
0
0
0
0
0
0
0
4095
0
0
0
0
0
0
0
4095
0
0
0
0
0
0
0
4095
0
0
0
0
0
0
0
4095
0
0
0
0
0
0
0
4095
0
0
0
0
0
0
0
4095
0
0
0
0
0
0
0
4095
0
0
0
0
0
0
0
4095
0
0
0
0
0
0
0
4095
0
0
0
0
0
0
0
4095
0
0
0
0
0
0
0
4095
0
0
0
0
0
0
0
4095
0
0
0
0
0
0
0
4095
0
0
0
0
0
0
0
4095
0
0
0
0
0
0
0
4095
0
0
0
0
0
0
0
4095
0
0
0
0
0
0
0
4095
0
0
0
0
0
0
0
4095
0
0
0
0
0
0
0
4095
0
0
0
0
0
0
0
4095
0
0
0
0
0
0
0
4095
0
0
0
0
0
0
0
4095
0
0
0
0
0
0
0
4095
0
0
0
0
0
0
0
4095
0
0
0
0
0
0
0
4095
0
0
0
0
0
0
0
4095
0
0
0
0
0
0
0
4095
0
0
0
0
0
0
0
4095
0
0
0
0
0
0
0
4095
0
0
0
0
0
0
0
4095
0
0
0
0
0
0
0
4095
0
0
0
0
0
0
0
4095
0
0
0
0
0
0
0
4095
0
0
0
0
0
0
0
4095
0
0
0
0
0
0
0
4095
0
0
0
0
0
0
0
4095
0
0
0
0
0
0
0
4095
0
0
0
0
0
0
0
4095
0
0
0
0
0
0
0
4095
0
0
0
0
0
0
0
4095
0
0
0
0
0
0
0
4095
0
0
0
0
0
0
0
4095
0
0
0
0
0
0
0
4095
0
0
0
0
0
0
0
4095
0
0
0
0
0
0
0
4095
0
0
0
0
0
0
0
4095
0
0
0
0
0
0
0
4095
0
0
0
0
0
0
0
4095
0
0
0
0
0
0
0
4095
0
0
0
0
0
0
0
4095
0
0
0
0
0
0
0
4095
0
0
0
0
0
0
0
4095
0
0
0
0
0
0
0
4095
0
0
0
0
0
0
0
4095
0
0
0
0
0
0
0
4095
0
0
0
0
0
0
0
4095
0
0
0
0
0
0
0
4095
0
0
0
0
0
0
0
4095
0
0
0
0
0
0
0
4095
0
0
0
0
0
0
0
4095
0
0
0
0
0
0
0
4095
0
0
0
0
0
0
0
4095
0
0
0
0
0
0
0
4095
0
0
0
0
0
0
0
4095
0
0
0
0
0
0
0
4095
0
0
0
0
0
0
0
4095
0
0
0
0
0
0
0
4095
0
0
0
0
0
0
0
4095
0
0
0
0
0
0
0
4095
0
0
0
0
0
0
0
4095
0
0
0
0
0
0
0
4095
0
0
0
0
0
0
0
4095
0
0
0
0
0
0
0
4095
0
0
0
0
0
0
0
4095
0
0
0
0
0
0
0
4095
0
0
0
0
0
0
0
4095
0
0
0
0
0
0
0
4095
0
0
0
0
0
0
0
4095
0
0
0
0
0
0
0
4095
0
0
0
0
0
0
0
4095
0
0
0
0
0
0
0
4095
0
0
0
0
0
0
0
4095
0
0
0
0
0
0
0
4095
0
0
0
0
0
0
0
4095
0
0
0
0
0
0
0
4095
0
0
0
0
0
0
0
4095
0
0
0
0
0
0
0
4095
0
0
0
0
0
0
0
4095
0
0
0
0
0
0
0
4095
0
0
0
0
0
0
0
4095
0
0
0
0
0
0
0
4095
0
0
0
0
0
0
0
4095
0
0
0
0
0
0
0
4095
0
0
0
0
0
0
0
4095
0
0
0
0
0
0
0
4095
0
0
0
0
0
0
0
4095
0
0
0
0
0
0
0
4095
0
0
0
0
0
0
0
4095
0
0
0
0
0
0
0
4095
0
0
0
0
0
0
0
4095
0
0
0
0
0
0
0
4095
0
0
0
0
0
0
0
4095
0
0
0
0
0
0
0
4095
0
0
0
0
0
0
0
4095
0
0
0
0
0
0
0
4095
0
0
0
0
0
0
0
4095
0
0
0
0
0
0
0
4095
0
0
0
0
0
0
0
4095
0
0
0
0
0
0
0
4095
0
0
0
0
0
0
0
4095
0
0
0
0
0
0
0
4095
0
0
0
0
0
0
0
4095
0
0
0
0
0
0
0
4095
0
0
0
0
0
0
0
4095
0
0
0
0
0
0
0
4095
0
0
0
0
0
0
0
4095
0
0
0
0
0
0
0
4095
0
0
0
0
0
0
0
4095
0
0
0
0
0
0
0
4095
0
0
0
0
0
0
0
4095
0
0
0
0
0
0
0
4095
0
0
0
0
0
0
0
4095
0
0
0
0
0
0
0
4095
0
0
0
0
0
0
0
4095
0
0
0
0
0
0
0
4095
0
0
0
0
0
0
0
4095
0
0
0
0
0
0
0
4095
0
0
0
0
0
0
0
4095
0
0
0
0
0
0
0
4095
0
0
0
0
0
0
0
4095
0
0
0
0
0
0
0
4095
0
0
0
0
0
0
0
4095
0
0
0
0
0
0
0
4095
0
0
0
0
0
0
0
4095
0
0
0
0
0
0
0
4095
0
0
0
0
0
0
0
4095
0
0
0
0
0
0
0
4095
0
0
0
0
0
0
0
4095
0
0
0
0
0
0
0
4095
0
0
0
0
0
0
0
4095
0
0
0
0
0
0
0
4095
0
0
0
0
0
0
0
4095
0
0
0
0
0
0
0
4095
0
0
0
0
0
0
0
4095
0
0
0
0
0
0
0
4095
0
0
0
0
0
0
0
4095
0
0
0
0
0
0
0
4095
0
0
0
0
0
0
0
4095
0
0
0
0
0
0
0
4095
0
0
0
0
0
0
0
4095
0
0
0
0
0
0
0
4095
0
0
0
0
0
0
0
4095
0
0
0
0
0
0
0
4095
0
0
0
0
0
0
0
4095
0
0
0
0
0
0
0
4095
0
0
0
0
0
0
0
4095
0
0
0
0
0
0
0
4095
0
0
0
0
0
0
0
4095
0
0
0
0
0
0
0
4095
0
0
0
0
0
0
0
4095
0
0
0
0
0
0
0
4095
0
0
0
0
0
0
0
4095
0
0
0
0
0
0
0
4095
0
0
0
0
0
0
0
4095
0
0
0
0
0
0
0
4095
0
0
0
0
0
0
0
4095
0
0
0
0
0
0
0
4095
0
0
0
0
0
0
0
4095
0
0
0
0
0
0
0
4095
0
0
0
0
0
0
0
4095
0
0
0
0
0
0
0
4095
0
0
0
0
0
0
0
4095
0
0
0
0
0
0
0
4095
0
0
0
0
0
0
0
4095
0
0
0
0
0
0
0
4095
0
0
0
0
0
0
0
4095
0
0
0
0
0
0
0
4095
0
0
0
0
0
0
0
4095
0
0
0
0
0
0
0
4095
0
0
0
0
0
0
0
4095
0
0
0
0
0
0
0
4095
0
0
0
0
0
0
0
4095
0
0
0
0
0
0
0
4095
0
0
0
0
0
0
0
4095
0
0
0
0
0
0
0
4095
0
0
0
0
0
0
0
4095
0
0
0
0
0
0
0
4095
0
0
0
0
0
0
0
4095
0
0
0
0
0
0
0
4095
0
0
0
0
0
0
0
4095
0
0
0
0
0
0
0
4095
0
0
0
0
0
0
0
4095
0
0
0
0
0
0
0
4095
0
0
0
0
0
0
0
4095
0
0
0
0
0
0
0
4095
0
0
0
0
0
0
0
4095
0
0
0
0
0
0
0
4095
0
0
0
0
0
0
0
4095
0
0
0
0
0
0
0
4095
0
0
0
0
0
0
0
4095
0
0
0
0
0
0
0
4095
0
0
0
0
0
0
0
4095
0
0
0
0
0
0
0
4095
0
0
0
0
0
0
0
4095
0
0
0
0
0
0
0
4095
0
0
0
0
0
0
0
4095
0
0
0
0
0
0
0
4095
0
0
0
0
0
0
0
4095
0
0
0
0
0
0
0
4095
0
0
0
0
0
0
0
4095
0
0
0
0
0
0
0
4095
0
0
0
0
0
0
0
4095
0
0
0
0
0
0
0
4095
0
0
0
0
0
0
0
4095
0
0
0
0
0
0
0
4095
0
0
0
0
0
0
0
4095
0
0
0
0
0
0
0
4095
0
0
0
0
0
0
0
4095
0
0
0
0
0
0
0
4095
0
0
0
0
0
0
0
4095
0
0
0
0
0
0
0
4095
0
0
0
0
0
0
0
4095
0
0
0
0
0
0
0
4095
0
0
0
0
0
0
0
4095
0
0
0
0
0
0
0
4095
0
0
0
0
0
0
0
4095
0
0
0
0
0
0
0
4095
0
0
0
0
0
0
0
4095
0
0
0
0
0
0
0
4095
0
0
0
0
0
0
0
4095
0
0
0
0
0
0
0
4095
0
0
0
0
0
0
0
4095
0
0
0
0
0
0
0
4095
0
0
0
0
0
0
0
4095
0
0
0
0
0
0
0
4095
0
0
0
0
0
0
0
4095
0
0
0
0
0
0
0
4095
0
0
0
0
0
0
0
4095
0
0
0
0
0
0
0
4095
0
0
0
0
0
0
0
4095
0
0
0
0
0
0
0
4095
0
0
0
0
0
0
0
4095
0
0
0
0
0
0
0
4095
0
0
0
0
0
0
0
4095
0
0
0
0
0
0
0
4095
0
0
0
0
0
0
0
4095
0
0
0
0
0
0
