0
0
0
0
0
0
0
0
0
0
0
0
0
0
0
0
0
0
0
0
0
0
0
0
0
0
0
0
0
0
0
0
0
0
0
0
0
0
0
0
0
0
0
0
0
0
0
0
0
0
0
0
0
0
0
0
0
0
0
0
0
0
0
0
0
0
0
0
0
0
0
0
0
0
0
0
0
0
0
0
0
0
0
0
0
0
0
0
0
0
0
0
0
0
0
0
0
0
0
0
0
0
0
0
0
0
0
0
0
0
0
0
0
0
0
0
0
0
0
0
0
0
0
0
0
0
0
0
0
0
0
0
0
0
0
0
0
0
0
0
0
0
0
0
0
0
0
0
0
0
0
0
0
0
0
0
0
0
0
0
0
0
0
0
0
0
0
0
0
0
0
0
0
0
0
0
0
0
0
0
0
0
0
0
4094
4094
0
0
0
0
0
0
4094
4095
0
0
0
0
0
0
4095
4094
0
0
0
0
0
0
4094
4095
0
0
0
0
0
0
4095
4095
0
0
0
0
0
0
4094
4094
0
0
0
0
0
0
4095
4095
0
0
0
0
0
0
4095
4094
0
0
0
0
0
0
4094
4095
0
0
0
0
0
0
4094
4093
0
0
0
0
0
0
4094
0
0
0
0
0
0
0
4095
4093
0
0
0
0
0
0
4093
4095
0
0
0
0
0
0
4094
4093
0
0
0
0
0
0
4094
4095
0
0
0
0
0
0
4093
4092
0
0
0
0
0
0
4094
0
0
0
0
0
0
0
4094
4093
0
0
0
0
0
0
4094
0
0
0
0
0
0
0
4093
4092
0
0
0
0
0
0
4095
1
0
0
0
0
0
0
4092
4090
0
0
0
0
0
0
0
2
0
0
0
0
0
0
4091
4090
0
0
0
0
0
0
2
2
0
0
0
0
0
0
4089
4088
0
0
0
0
0
0
3
3
0
0
0
0
0
0
4087
4089
0
0
0
0
0
0
4
3
0
0
0
0
0
0
4087
4090
0
0
0
0
0
0
5
2
0
0
0
0
0
0
4086
4091
0
0
0
0
0
0
6
2
0
0
0
0
0
0
4086
4092
0
0
0
0
0
0
8
4095
0
0
0
0
0
0
4084
4093
0
0
0
0
0
0
7
4094
0
0
0
0
0
0
4082
4095
0
0
0
0
0
0
7
4090
0
0
0
0
0
0
4083
2
0
0
0
0
0
0
9
4090
0
0
0
0
0
0
4083
3
0
0
0
0
0
0
8
4086
0
0
0
0
0
0
4083
7
0
0
0
0
0
0
6
4084
0
0
0
0
0
0
4086
10
0
0
0
0
0
0
5
4080
0
0
0
0
0
0
4088
14
0
0
0
0
0
0
2
4076
0
0
0
0
0
0
4091
17
0
0
0
0
0
0
4095
4073
0
0
0
0
0
0
4094
19
0
0
0
0
0
0
4091
4071
0
0
0
0
0
0
2
22
0
0
0
0
0
0
4087
4068
0
0
0
0
0
0
6
24
0
0
0
0
0
0
4082
4067
0
0
0
0
0
0
12
27
0
0
0
0
0
0
4078
4065
0
0
0
0
0
0
17
27
0
0
0
0
0
0
4072
4065
0
0
0
0
0
0
22
26
0
0
0
0
0
0
4068
4066
0
0
0
0
0
0
25
24
0
0
0
0
0
0
4063
4068
0
0
0
0
0
0
31
22
0
0
0
0
0
0
4058
4072
0
0
0
0
0
0
34
18
0
0
0
0
0
0
4055
4076
0
0
0
0
0
0
37
12
0
0
0
0
0
0
4054
4082
0
0
0
0
0
0
38
7
0
0
0
0
0
0
4051
4088
0
0
0
0
0
0
39
4095
0
0
0
0
0
0
4052
0
0
0
0
0
0
0
38
4087
0
0
0
0
0
0
4054
8
0
0
0
0
0
0
36
4080
0
0
0
0
0
0
4057
16
0
0
0
0
0
0
32
4069
0
0
0
0
0
0
4061
27
0
0
0
0
0
0
27
4060
0
0
0
0
0
0
4067
36
0
0
0
0
0
0
20
4051
0
0
0
0
0
0
4076
44
0
0
0
0
0
0
12
4042
0
0
0
0
0
0
4083
52
0
0
0
0
0
0
3
4036
0
0
0
0
0
0
4094
60
0
0
0
0
0
0
4088
4027
0
0
0
0
0
0
8
65
0
0
0
0
0
0
4077
4023
0
0
0
0
0
0
20
70
0
0
0
0
0
0
4065
4021
0
0
0
0
0
0
33
72
0
0
0
0
0
0
4053
4019
0
0
0
0
0
0
44
72
0
0
0
0
0
0
4042
4020
0
0
0
0
0
0
56
69
0
0
0
0
0
0
4030
4023
0
0
0
0
0
0
66
65
0
0
0
0
0
0
4020
4029
0
0
0
0
0
0
75
57
0
0
0
0
0
0
4013
4040
0
0
0
0
0
0
82
48
0
0
0
0
0
0
4005
4050
0
0
0
0
0
0
87
34
0
0
0
0
0
0
4002
4062
0
0
0
0
0
0
91
22
0
0
0
0
0
0
3999
4077
0
0
0
0
0
0
91
5
0
0
0
0
0
0
4000
4094
0
0
0
0
0
0
88
4083
0
0
0
0
0
0
4005
15
0
0
0
0
0
0
83
4066
0
0
0
0
0
0
4013
35
0
0
0
0
0
0
75
4048
0
0
0
0
0
0
4023
54
0
0
0
0
0
0
62
4028
0
0
0
0
0
0
4035
70
0
0
0
0
0
0
48
4011
0
0
0
0
0
0
4051
89
0
0
0
0
0
0
32
3995
0
0
0
0
0
0
4068
104
0
0
0
0
0
0
12
3981
0
0
0
0
0
0
4089
118
0
0
0
0
0
0
4088
3968
0
0
0
0
0
0
14
128
0
0
0
0
0
0
4066
3959
0
0
0
0
0
0
37
134
0
0
0
0
0
0
4045
3954
0
0
0
0
0
0
58
138
0
0
0
0
0
0
4021
3952
0
0
0
0
0
0
80
138
0
0
0
0
0
0
4001
3956
0
0
0
0
0
0
100
133
0
0
0
0
0
0
3980
3963
0
0
0
0
0
0
119
123
0
0
0
0
0
0
3965
3974
0
0
0
0
0
0
135
110
0
0
0
0
0
0
3949
3990
0
0
0
0
0
0
146
92
0
0
0
0
0
0
3939
4010
0
0
0
0
0
0
155
70
0
0
0
0
0
0
3933
4033
0
0
0
0
0
0
160
45
0
0
0
0
0
0
3931
4059
0
0
0
0
0
0
161
17
0
0
0
0
0
0
3932
4087
0
0
0
0
0
0
155
4084
0
0
0
0
0
0
3941
22
0
0
0
0
0
0
146
4055
0
0
0
0
0
0
3953
54
0
0
0
0
0
0
131
4022
0
0
0
0
0
0
3970
86
0
0
0
0
0
0
110
3991
0
0
0
0
0
0
3991
115
0
0
0
0
0
0
88
3963
0
0
0
0
0
0
4016
142
0
0
0
0
0
0
60
3936
0
0
0
0
0
0
4046
168
0
0
0
0
0
0
28
3913
0
0
0
0
0
0
4078
188
0
0
0
0
0
0
4092
3893
0
0
0
0
0
0
16
204
0
0
0
0
0
0
4057
3880
0
0
0
0
0
0
50
215
0
0
0
0
0
0
4022
3872
0
0
0
0
0
0
86
221
0
0
0
0
0
0
3989
3870
0
0
0
0
0
0
119
219
0
0
0
0
0
0
3956
3875
0
0
0
0
0
0
151
212
0
0
0
0
0
0
3925
3886
0
0
0
0
0
0
180
198
0
0
0
0
0
0
3899
3903
0
0
0
0
0
0
205
177
0
0
0
0
0
0
3876
3927
0
0
0
0
0
0
222
148
0
0
0
0
0
0
3861
3957
0
0
0
0
0
0
235
117
0
0
0
0
0
0
3849
3991
0
0
0
0
0
0
244
79
0
0
0
0
0
0
3846
4032
0
0
0
0
0
0
243
38
0
0
0
0
0
0
3850
4075
0
0
0
0
0
0
237
4090
0
0
0
0
0
0
3860
23
0
0
0
0
0
0
222
4045
0
0
0
0
0
0
3878
70
0
0
0
0
0
0
200
3998
0
0
0
0
0
0
3903
116
0
0
0
0
0
0
172
3954
0
0
0
0
0
0
3934
159
0
0
0
0
0
0
138
3910
0
0
0
0
0
0
3971
199
0
0
0
0
0
0
100
3874
0
0
0
0
0
0
4013
236
0
0
0
0
0
0
54
3839
0
0
0
0
0
0
4060
266
0
0
0
0
0
0
8
3812
0
0
0
0
0
0
11
290
0
0
0
0
0
0
4054
3791
0
0
0
0
0
0
61
306
0
0
0
0
0
0
4005
3779
0
0
0
0
0
0
111
314
0
0
0
0
0
0
3955
3775
0
0
0
0
0
0
158
312
0
0
0
0
0
0
3908
3781
0
0
0
0
0
0
204
304
0
0
0
0
0
0
3866
3796
0
0
0
0
0
0
243
283
0
0
0
0
0
0
3828
3820
0
0
0
0
0
0
279
256
0
0
0
0
0
0
3796
3851
0
0
0
0
0
0
305
219
0
0
0
0
0
0
3773
3893
0
0
0
0
0
0
325
173
0
0
0
0
0
0
3759
3942
0
0
0
0
0
0
336
123
0
0
0
0
0
0
3754
3994
0
0
0
0
0
0
336
67
0
0
0
0
0
0
3757
4053
0
0
0
0
0
0
329
8
0
0
0
0
0
0
3771
17
0
0
0
0
0
0
309
4042
0
0
0
0
0
0
3794
78
0
0
0
0
0
0
281
3980
0
0
0
0
0
0
3825
142
0
0
0
0
0
0
245
3919
0
0
0
0
0
0
3868
200
0
0
0
0
0
0
200
3861
0
0
0
0
0
0
3916
256
0
0
0
0
0
0
147
3808
0
0
0
0
0
0
3971
306
0
0
0
0
0
0
90
3764
0
0
0
0
0
0
4032
347
0
0
0
0
0
0
26
3725
0
0
0
0
0
0
1
381
0
0
0
0
0
0
4058
3698
0
0
0
0
0
0
66
403
0
0
0
0
0
0
3992
3681
0
0
0
0
0
0
131
414
0
0
0
0
0
0
3927
3675
0
0
0
0
0
0
195
414
0
0
0
0
0
0
3865
3681
0
0
0
0
0
0
254
403
0
0
0
0
0
0
3809
3698
0
0
0
0
0
0
306
379
0
0
0
0
0
0
3759
3728
0
0
0
0
0
0
354
345
0
0
0
0
0
0
3718
3769
0
0
0
0
0
0
390
298
0
0
0
0
0
0
3685
3820
0
0
0
0
0
0
417
242
0
0
0
0
0
0
3664
3881
0
0
0
0
0
0
432
177
0
0
0
0
0
0
3655
3949
0
0
0
0
0
0
436
107
0
0
0
0
0
0
3659
4022
0
0
0
0
0
0
424
29
0
0
0
0
0
0
3674
5
0
0
0
0
0
0
405
4047
0
0
0
0
0
0
3703
83
0
0
0
0
0
0
369
3968
0
0
0
0
0
0
3742
162
0
0
0
0
0
0
324
3890
0
0
0
0
0
0
3793
238
0
0
0
0
0
0
268
3817
0
0
0
0
0
0
3854
308
0
0
0
0
0
0
204
3749
0
0
0
0
0
0
3922
372
0
0
0
0
0
0
131
3692
0
0
0
0
0
0
3997
424
0
0
0
0
0
0
53
3642
0
0
0
0
0
0
4077
469
0
0
0
0
0
0
4068
3605
0
0
0
0
0
0
63
498
0
0
0
0
0
0
3987
3581
0
0
0
0
0
0
145
515
0
0
0
0
0
0
3907
3572
0
0
0
0
0
0
223
518
0
0
0
0
0
0
3829
3576
0
0
0
0
0
0
299
505
0
0
0
0
0
0
3757
3597
0
0
0
0
0
0
365
478
0
0
0
0
0
0
3695
3632
0
0
0
0
0
0
424
436
0
0
0
0
0
0
3642
3680
0
0
0
0
0
0
469
381
0
0
0
0
0
0
3601
3741
0
0
0
0
0
0
506
315
0
0
0
0
0
0
3574
3814
0
0
0
0
0
0
526
236
0
0
0
0
0
0
3559
3895
0
0
0
0
0
0
533
152
0
0
0
0
0
0
3563
3985
0
0
0
0
0
0
523
60
0
0
0
0
0
0
3578
4078
0
0
0
0
0
0
498
4061
0
0
0
0
0
0
3610
78
0
0
0
0
0
0
460
3966
0
0
0
0
0
0
3656
174
0
0
0
0
0
0
407
3870
0
0
0
0
0
0
3715
265
0
0
0
0
0
0
341
3781
0
0
0
0
0
0
3786
352
0
0
0
0
0
0
265
3699
0
0
0
0
0
0
3867
428
0
0
0
0
0
0
179
3627
0
0
0
0
0
0
3955
495
0
0
0
0
0
0
87
3565
0
0
0
0
0
0
4051
550
0
0
0
0
0
0
4087
3520
0
0
0
0
0
0
52
589
0
0
0
0
0
0
3991
3489
0
0
0
0
0
0
149
611
0
0
0
0
0
0
3894
3476
0
0
0
0
0
0
244
616
0
0
0
0
0
0
3801
3478
0
0
0
0
0
0
332
603
0
0
0
0
0
0
3715
3499
0
0
0
0
0
0
413
575
0
0
0
0
0
0
3639
3537
0
0
0
0
0
0
483
528
0
0
0
0
0
0
3575
3591
0
0
0
0
0
0
542
467
0
0
0
0
0
0
3524
3660
0
0
0
0
0
0
585
390
0
0
0
0
0
0
3491
3743
0
0
0
0
0
0
612
301
0
0
0
0
0
0
3471
3836
0
0
0
0
0
0
622
203
0
0
0
0
0
0
3470
3940
0
0
0
0
0
0
615
98
0
0
0
0
0
0
3486
4047
0
0
0
0
0
0
590
4082
0
0
0
0
0
0
3520
65
0
0
0
0
0
0
547
3971
0
0
0
0
0
0
3570
173
0
0
0
0
0
0
488
3862
0
0
0
0
0
0
3636
282
0
0
0
0
0
0
416
3758
0
0
0
0
0
0
3717
383
0
0
0
0
0
0
329
3661
0
0
0
0
0
0
3808
473
0
0
0
0
0
0
232
3575
0
0
0
0
0
0
3909
553
0
0
0
0
0
0
127
3503
0
0
0
0
0
0
4016
617
0
0
0
0
0
0
17
3446
0
0
0
0
0
0
33
665
0
0
0
0
0
0
4001
3408
0
0
0
0
0
0
144
694
0
0
0
0
0
0
3892
3389
0
0
0
0
0
0
252
705
0
0
0
0
0
0
3786
3389
0
0
0
0
0
0
355
694
0
0
0
0
0
0
3686
3408
0
0
0
0
0
0
449
664
0
0
0
0
0
0
3597
3448
0
0
0
0
0
0
530
614
0
0
0
0
0
0
3523
3507
0
0
0
0
0
0
599
548
0
0
0
0
0
0
3463
3583
0
0
0
0
0
0
651
464
0
0
0
0
0
0
3419
3674
0
0
0
0
0
0
685
365
0
0
0
0
0
0
3396
3778
0
0
0
0
0
0
700
257
0
0
0
0
0
0
3390
3891
0
0
0
0
0
0
695
140
0
0
0
0
0
0
3404
4012
0
0
0
0
0
0
670
17
0
0
0
0
0
0
3439
41
0
0
0
0
0
0
626
3988
0
0
0
0
0
0
3492
165
0
0
0
0
0
0
565
3865
0
0
0
0
0
0
3563
285
0
0
0
0
0
0
485
3746
0
0
0
0
0
0
3650
400
0
0
0
0
0
0
391
3636
0
0
0
0
0
0
3750
504
0
0
0
0
0
0
285
3540
0
0
0
0
0
0
3860
593
0
0
0
0
0
0
171
3456
0
0
0
0
0
0
3978
670
0
0
0
0
0
0
51
3390
0
0
0
0
0
0
5
725
0
0
0
0
0
0
4024
3345
0
0
0
0
0
0
129
761
0
0
0
0
0
0
3901
3319
0
0
0
0
0
0
250
776
0
0
0
0
0
0
3782
3315
0
0
0
0
0
0
363
770
0
0
0
0
0
0
3672
3333
0
0
0
0
0
0
469
740
0
0
0
0
0
0
3572
3372
0
0
0
0
0
0
562
689
0
0
0
0
0
0
3486
3433
0
0
0
0
0
0
640
620
0
0
0
0
0
0
3418
3512
0
0
0
0
0
0
702
532
0
0
0
0
0
0
3366
3609
0
0
0
0
0
0
740
428
0
0
0
0
0
0
3337
3720
0
0
0
0
0
0
761
311
0
0
0
0
0
0
3326
3841
0
0
0
0
0
0
761
184
0
0
0
0
0
0
3338
3972
0
0
0
0
0
0
736
50
0
0
0
0
0
0
3371
11
0
0
0
0
0
0
694
4011
0
0
0
0
0
0
3425
145
0
0
0
0
0
0
630
3879
0
0
0
0
0
0
3500
278
0
0
0
0
0
0
548
3749
0
0
0
0
0
0
3589
403
0
0
0
0
0
0
449
3628
0
0
0
0
0
0
3696
517
0
0
0
0
0
0
338
3520
0
0
0
0
0
0
3812
618
0
0
0
0
0
0
216
3428
0
0
0
0
0
0
3938
701
0
0
0
0
0
0
87
3354
0
0
0
0
0
0
4069
766
0
0
0
0
0
0
4050
3300
0
0
0
0
0
0
105
809
0
0
0
0
0
0
3920
3269
0
0
0
0
0
0
235
829
0
0
0
0
0
0
3792
3260
0
0
0
0
0
0
360
827
0
0
0
0
0
0
3671
3274
0
0
0
0
0
0
474
800
0
0
0
0
0
0
3563
3312
0
0
0
0
0
0
576
750
0
0
0
0
0
0
3469
3373
0
0
0
0
0
0
661
679
0
0
0
0
0
0
3390
3452
0
0
0
0
0
0
730
590
0
0
0
0
0
0
3333
3551
0
0
0
0
0
0
778
482
0
0
0
0
0
0
3297
3667
0
0
0
0
0
0
803
360
0
0
0
0
0
0
3283
3794
0
0
0
0
0
0
806
229
0
0
0
0
0
0
3292
3930
0
0
0
0
0
0
786
89
0
0
0
0
0
0
3321
4071
0
0
0
0
0
0
744
4043
0
0
0
0
0
0
3375
119
0
0
0
0
0
0
681
3901
0
0
0
0
0
0
3447
258
0
0
0
0
0
0
598
3765
0
0
0
0
0
0
3538
390
0
0
0
0
0
0
498
3636
0
0
0
0
0
0
3646
514
0
0
0
0
0
0
384
3520
0
0
0
0
0
0
3769
622
0
0
0
0
0
0
258
3421
0
0
0
0
0
0
3896
711
0
0
0
0
0
0
124
3338
0
0
0
0
0
0
4033
784
0
0
0
0
0
0
4082
3278
0
0
0
0
0
0
75
833
0
0
0
0
0
0
3945
3241
0
0
0
0
0
0
211
859
0
0
0
0
0
0
3811
3227
0
0
0
0
0
0
342
861
0
0
0
0
0
0
3684
3237
0
0
0
0
0
0
463
838
0
0
0
0
0
0
3570
3272
0
0
0
0
0
0
571
792
0
0
0
0
0
0
3469
3329
0
0
0
0
0
0
663
722
0
0
0
0
0
0
3387
3409
0
0
0
0
0
0
739
633
0
0
0
0
0
0
3322
3507
0
0
0
0
0
0
791
526
0
0
0
0
0
0
3280
3623
0
0
0
0
0
0
822
404
0
0
0
0
0
0
3261
3751
0
0
0
0
0
0
829
269
0
0
0
0
0
0
3264
3890
0
0
0
0
0
0
813
128
0
0
0
0
0
0
3293
4035
0
0
0
0
0
0
774
4076
0
0
0
0
0
0
3341
85
0
0
0
0
0
0
715
3932
0
0
0
0
0
0
3413
229
0
0
0
0
0
0
633
3791
0
0
0
0
0
0
3503
367
0
0
0
0
0
0
536
3660
0
0
0
0
0
0
3610
493
0
0
0
0
0
0
421
3538
0
0
0
0
0
0
3730
607
0
0
0
0
0
0
295
3433
0
0
0
0
0
0
3862
703
0
0
0
0
0
0
160
3346
0
0
0
0
0
0
4000
779
0
0
0
0
0
0
21
3280
0
0
0
0
0
0
42
833
0
0
0
0
0
0
3977
3238
0
0
0
0
0
0
181
864
0
0
0
0
0
0
3841
3219
0
0
0
0
0
0
314
871
0
0
0
0
0
0
3713
3225
0
0
0
0
0
0
438
853
0
0
0
0
0
0
3594
3255
0
0
0
0
0
0
550
810
0
0
0
0
0
0
3489
3309
0
0
0
0
0
0
647
746
0
0
0
0
0
0
3401
3385
0
0
0
0
0
0
724
661
0
0
0
0
0
0
3334
3480
0
0
0
0
0
0
781
556
0
0
0
0
0
0
3287
3594
0
0
0
0
0
0
817
435
0
0
0
0
0
0
3264
3720
0
0
0
0
0
0
830
304
0
0
0
0
0
0
3263
3854
0
0
0
0
0
0
816
162
0
0
0
0
0
0
3285
3998
0
0
0
0
0
0
783
18
0
0
0
0
0
0
3333
50
0
0
0
0
0
0
728
3968
0
0
0
0
0
0
3398
192
0
0
0
0
0
0
650
3826
0
0
0
0
0
0
3483
330
0
0
0
0
0
0
557
3693
0
0
0
0
0
0
3587
458
0
0
0
0
0
0
445
3571
0
0
0
0
0
0
3702
574
0
0
0
0
0
0
322
3464
0
0
0
0
0
0
3830
672
0
0
0
0
0
0
192
3374
0
0
0
0
0
0
3964
752
0
0
0
0
0
0
56
3307
0
0
0
0
0
0
7
811
0
0
0
0
0
0
4014
3258
0
0
0
0
0
0
144
845
0
0
0
0
0
0
3878
3236
0
0
0
0
0
0
276
856
0
0
0
0
0
0
3750
3238
0
0
0
0
0
0
401
843
0
0
0
0
0
0
3631
3263
0
0
0
0
0
0
513
807
0
0
0
0
0
0
3527
3310
0
0
0
0
0
0
611
747
0
0
0
0
0
0
3439
3382
0
0
0
0
0
0
690
666
0
0
0
0
0
0
3367
3470
0
0
0
0
0
0
750
568
0
0
0
0
0
0
3317
3578
0
0
0
0
0
0
788
454
0
0
0
0
0
0
3290
3698
0
0
0
0
0
0
805
329
0
0
0
0
0
0
3285
3830
0
0
0
0
0
0
798
191
0
0
0
0
0
0
3302
3967
0
0
0
0
0
0
769
53
0
0
0
0
0
0
3341
12
0
0
0
0
0
0
720
4006
0
0
0
0
0
0
3403
151
0
0
0
0
0
0
649
3871
0
0
0
0
0
0
3483
286
0
0
0
0
0
0
562
3738
0
0
0
0
0
0
3578
411
0
0
0
0
0
0
457
3619
0
0
0
0
0
0
3689
526
0
0
0
0
0
0
342
3512
0
0
0
0
0
0
3810
625
0
0
0
0
0
0
216
3423
0
0
0
0
0
0
3938
705
0
0
0
0
0
0
86
3353
0
0
0
0
0
0
4069
764
0
0
0
0
0
0
4050
3305
0
0
0
0
0
0
106
801
0
0
0
0
0
0
3919
3277
0
0
0
0
0
0
233
816
0
0
0
0
0
0
3796
3275
0
0
0
0
0
0
353
808
0
0
0
0
0
0
3679
3293
0
0
0
0
0
0
463
778
0
0
0
0
0
0
3578
3335
0
0
0
0
0
0
558
725
0
0
0
0
0
0
3490
3399
0
0
0
0
0
0
638
653
0
0
0
0
0
0
3419
3481
0
0
0
0
0
0
699
562
0
0
0
0
0
0
3368
3577
0
0
0
0
0
0
740
456
0
0
0
0
0
0
3338
3691
0
0
0
0
0
0
759
340
0
0
0
0
0
0
3329
3813
0
0
0
0
0
0
758
215
0
0
0
0
0
0
3342
3942
0
0
0
0
0
0
734
83
0
0
0
0
0
0
3375
4074
0
0
0
0
0
0
689
4044
0
0
0
0
0
0
3428
110
0
0
0
0
0
0
628
3915
0
0
0
0
0
0
3501
238
0
0
0
0
0
0
548
3791
0
0
0
0
0
0
3588
359
0
0
0
0
0
0
454
3676
0
0
0
0
0
0
3689
468
0
0
0
0
0
0
347
3574
0
0
0
0
0
0
3800
561
0
0
0
0
0
0
231
3488
0
0
0
0
0
0
3918
639
0
0
0
0
0
0
111
3418
0
0
0
0
0
0
4041
699
0
0
0
0
0
0
4083
3369
0
0
0
0
0
0
69
739
0
0
0
0
0
0
3962
3341
0
0
0
0
0
0
187
756
0
0
0
0
0
0
3845
3332
0
0
0
0
0
0
300
753
0
0
0
0
0
0
3738
3348
0
0
0
0
0
0
404
728
0
0
0
0
0
0
3639
3381
0
0
0
0
0
0
495
684
0
0
0
0
0
0
3555
3436
0
0
0
0
0
0
572
621
0
0
0
0
0
0
3487
3508
0
0
0
0
0
0
630
539
0
0
0
0
0
0
3437
3596
0
0
0
0
0
0
671
445
0
0
0
0
0
0
3406
3698
0
0
0
0
0
0
694
339
0
0
0
0
0
0
3394
3808
0
0
0
0
0
0
695
223
0
0
0
0
0
0
3401
3924
0
0
0
0
0
0
678
106
0
0
0
0
0
0
3429
4046
0
0
0
0
0
0
642
4080
0
0
0
0
0
0
3473
71
0
0
0
0
0
0
587
3959
0
0
0
0
0
0
3535
188
0
0
0
0
0
0
517
3845
0
0
0
0
0
0
3612
300
0
0
0
0
0
0
433
3739
0
0
0
0
0
0
3702
399
0
0
0
0
0
0
340
3644
0
0
0
0
0
0
3802
488
0
0
0
0
0
0
235
3563
0
0
0
0
0
0
3908
563
0
0
0
0
0
0
125
3496
0
0
0
0
0
0
4019
619
0
0
0
0
0
0
15
3449
0
0
0
0
0
0
34
658
0
0
0
0
0
0
4002
3422
0
0
0
0
0
0
141
677
0
0
0
0
0
0
3896
3410
0
0
0
0
0
0
244
677
0
0
0
0
0
0
3797
3420
0
0
0
0
0
0
339
658
0
0
0
0
0
0
3707
3446
0
0
0
0
0
0
424
622
0
0
0
0
0
0
3629
3492
0
0
0
0
0
0
493
568
0
0
0
0
0
0
3565
3555
0
0
0
0
0
0
551
500
0
0
0
0
0
0
3517
3629
0
0
0
0
0
0
590
417
0
0
0
0
0
0
3486
3718
0
0
0
0
0
0
612
324
0
0
0
0
0
0
3473
3815
0
0
0
0
0
0
617
223
0
0
0
0
0
0
3477
3918
0
0
0
0
0
0
603
119
0
0
0
0
0
0
3499
4025
0
0
0
0
0
0
574
12
0
0
0
0
0
0
3537
38
0
0
0
0
0
0
530
4002
0
0
0
0
0
0
3588
141
0
0
0
0
0
0
471
3900
0
0
0
0
0
0
3654
239
0
0
0
0
0
0
398
3804
0
0
0
0
0
0
3730
329
0
0
0
0
0
0
318
3720
0
0
0
0
0
0
3816
408
0
0
0
0
0
0
228
3647
0
0
0
0
0
0
3909
476
0
0
0
0
0
0
134
3588
0
0
0
0
0
0
4005
529
0
0
0
0
0
0
37
3541
0
0
0
0
0
0
6
565
0
0
0
0
0
0
4037
3514
0
0
0
0
0
0
100
585
0
0
0
0
0
0
3944
3502
0
0
0
0
0
0
190
588
0
0
0
0
0
0
3857
3507
0
0
0
0
0
0
274
575
0
0
0
0
0
0
3779
3528
0
0
0
0
0
0
348
546
0
0
0
0
0
0
3709
3564
0
0
0
0
0
0
411
502
0
0
0
0
0
0
3653
3616
0
0
0
0
0
0
461
445
0
0
0
0
0
0
3610
3679
0
0
0
0
0
0
498
376
0
0
0
0
0
0
3580
3753
0
0
0
0
0
0
520
297
0
0
0
0
0
0
3566
3835
0
0
0
0
0
0
525
211
0
0
0
0
0
0
3566
3923
0
0
0
0
0
0
518
123
0
0
0
0
0
0
3580
4013
0
0
0
0
0
0
495
32
0
0
0
0
0
0
3611
9
0
0
0
0
0
0
460
4037
0
0
0
0
0
0
3653
98
0
0
0
0
0
0
410
3950
0
0
0
0
0
0
3708
182
0
0
0
0
0
0
351
3868
0
0
0
0
0
0
3771
260
0
0
0
0
0
0
284
3794
0
0
0
0
0
0
3842
328
0
0
0
0
0
0
211
3732
0
0
0
0
0
0
3919
386
0
0
0
0
0
0
132
3680
0
0
0
0
0
0
3999
433
0
0
0
0
0
0
51
3640
0
0
0
0
0
0
4080
465
0
0
0
0
0
0
4067
3615
0
0
0
0
0
0
65
484
0
0
0
0
0
0
3988
3602
0
0
0
0
0
0
140
489
0
0
0
0
0
0
3914
3605
0
0
0
0
0
0
211
480
0
0
0
0
0
0
3848
3620
0
0
0
0
0
0
273
460
0
0
0
0
0
0
3789
3648
0
0
0
0
0
0
328
424
0
0
0
0
0
0
3741
3689
0
0
0
0
0
0
370
377
0
0
0
0
0
0
3702
3739
0
0
0
0
0
0
402
323
0
0
0
0
0
0
3676
3798
0
0
0
0
0
0
423
259
0
0
0
0
0
0
3662
3865
0
0
0
0
0
0
430
190
0
0
0
0
0
0
3662
3936
0
0
0
0
0
0
425
118
0
0
0
0
0
0
3672
4008
0
0
0
0
0
0
408
44
0
0
0
0
0
0
3695
4085
0
0
0
0
0
0
379
4065
0
0
0
0
0
0
3728
61
0
0
0
0
0
0
343
3994
0
0
0
0
0
0
3770
130
0
0
0
0
0
0
297
3928
0
0
0
0
0
0
3820
194
0
0
0
0
0
0
242
3868
0
0
0
0
0
0
3877
251
0
0
0
0
0
0
183
3815
0
0
0
0
0
0
3938
297
0
0
0
0
0
0
121
3773
0
0
0
0
0
0
4002
337
0
0
0
0
0
0
55
3738
0
0
0
0
0
0
4067
364
0
0
0
0
0
0
4087
3716
0
0
0
0
0
0
35
382
0
0
0
0
0
0
4024
3704
0
0
0
0
0
0
96
388
0
0
0
0
0
0
3965
3705
0
0
0
0
0
0
152
382
0
0
0
0
0
0
3912
3715
0
0
0
0
0
0
204
366
0
0
0
0
0
0
3864
3737
0
0
0
0
0
0
246
339
0
0
0
0
0
0
3825
3766
0
0
0
0
0
0
282
304
0
0
0
0
0
0
3794
3806
0
0
0
0
0
0
307
262
0
0
0
0
0
0
3774
3852
0
0
0
0
0
0
325
214
0
0
0
0
0
0
3762
3903
0
0
0
0
0
0
332
161
0
0
0
0
0
0
3759
3957
0
0
0
0
0
0
329
103
0
0
0
0
0
0
3765
4014
0
0
0
0
0
0
318
47
0
0
0
0
0
0
3783
4072
0
0
0
0
0
0
297
4086
0
0
0
0
0
0
3806
33
0
0
0
0
0
0
270
4032
0
0
0
0
0
0
3837
85
0
0
0
0
0
0
235
3980
0
0
0
0
0
0
3875
135
0
0
0
0
0
0
193
3932
0
0
0
0
0
0
3918
180
0
0
0
0
0
0
149
3891
0
0
0
0
0
0
3964
218
0
0
0
0
0
0
103
3859
0
0
0
0
0
0
4014
246
0
0
0
0
0
0
53
3831
0
0
0
0
0
0
4061
268
0
0
0
0
0
0
4
3814
0
0
0
0
0
0
14
283
0
0
0
0
0
0
4053
3806
0
0
0
0
0
0
61
287
0
0
0
0
0
0
4009
3804
0
0
0
0
0
0
102
284
0
0
0
0
0
0
3969
3812
0
0
0
0
0
0
142
273
0
0
0
0
0
0
3932
3826
0
0
0
0
0
0
173
254
0
0
0
0
0
0
3902
3848
0
0
0
0
0
0
200
230
0
0
0
0
0
0
3879
3875
0
0
0
0
0
0
221
199
0
0
0
0
0
0
3864
3909
0
0
0
0
0
0
233
164
0
0
0
0
0
0
3854
3947
0
0
0
0
0
0
239
126
0
0
0
0
0
0
3852
3986
0
0
0
0
0
0
238
85
0
0
0
0
0
0
3857
4027
0
0
0
0
0
0
229
43
0
0
0
0
0
0
3867
4069
0
0
0
0
0
0
216
3
0
0
0
0
0
0
3885
13
0
0
0
0
0
0
195
4058
0
0
0
0
0
0
3907
51
0
0
0
0
0
0
172
4022
0
0
0
0
0
0
3932
87
0
0
0
0
0
0
143
3988
0
0
0
0
0
0
3964
118
0
0
0
0
0
0
112
3958
0
0
0
0
0
0
3995
145
0
0
0
0
0
0
79
3933
0
0
0
0
0
0
4029
167
0
0
0
0
0
0
44
3916
0
0
0
0
0
0
4064
184
0
0
0
0
0
0
10
3903
0
0
0
0
0
0
1
192
0
0
0
0
0
0
4073
3896
0
0
0
0
0
0
34
197
0
0
0
0
0
0
4042
3895
0
0
0
0
0
0
63
194
0
0
0
0
0
0
4015
3900
0
0
0
0
0
0
89
186
0
0
0
0
0
0
3990
3910
0
0
0
0
0
0
111
173
0
0
0
0
0
0
3970
3924
0
0
0
0
0
0
129
157
0
0
0
0
0
0
3953
3943
0
0
0
0
0
0
143
137
0
0
0
0
0
0
3943
3965
0
0
0
0
0
0
151
113
0
0
0
0
0
0
3936
3990
0
0
0
0
0
0
157
88
0
0
0
0
0
0
3935
4017
0
0
0
0
0
0
155
60
0
0
0
0
0
0
3938
4044
0
0
0
0
0
0
151
34
0
0
0
0
0
0
3946
4071
0
0
0
0
0
0
141
6
0
0
0
0
0
0
3956
1
0
0
0
0
0
0
129
4078
0
0
0
0
0
0
3970
25
0
0
0
0
0
0
111
4053
0
0
0
0
0
0
3988
49
0
0
0
0
0
0
94
4031
0
0
0
0
0
0
4006
69
0
0
0
0
0
0
73
4013
0
0
0
0
0
0
4028
87
0
0
0
0
0
0
52
3997
0
0
0
0
0
0
4048
100
0
0
0
0
0
0
32
3986
0
0
0
0
0
0
4072
110
0
0
0
0
0
0
12
3979
0
0
0
0
0
0
4092
115
0
0
0
0
0
0
4086
3974
0
0
0
0
0
0
14
118
0
0
0
0
0
0
4066
3973
0
0
0
0
0
0
32
116
0
0
0
0
0
0
4050
3977
0
0
0
0
0
0
49
113
0
0
0
0
0
0
4036
3983
0
0
0
0
0
0
62
105
0
0
0
0
0
0
4023
3992
0
0
0
0
0
0
73
94
0
0
0
0
0
0
4014
4003
0
0
0
0
0
0
81
81
0
0
0
0
0
0
4007
4016
0
0
0
0
0
0
85
67
0
0
0
0
0
0
4004
4030
0
0
0
0
0
0
87
52
0
0
0
0
0
0
4002
4046
0
0
0
0
0
0
88
37
0
0
0
0
0
0
4006
4062
0
0
0
0
0
0
82
20
0
0
0
0
0
0
4009
4077
0
0
0
0
0
0
78
6
0
0
0
0
0
0
4016
4093
0
0
0
0
0
0
71
4087
0
0
0
0
0
0
4025
10
0
0
0
0
0
0
62
4075
0
0
0
0
0
0
4035
23
0
0
0
0
0
0
52
4063
0
0
0
0
0
0
4045
33
0
0
0
0
0
0
40
4054
0
0
0
0
0
0
4057
42
0
0
0
0
0
0
30
4046
0
0
0
0
0
0
4068
49
0
0
0
0
0
0
18
4040
0
0
0
0
0
0
4078
54
0
0
0
0
0
0
7
4037
0
0
0
0
0
0
4090
56
0
0
0
0
0
0
4092
4034
0
0
0
0
0
0
4
57
0
0
0
0
0
0
4083
4035
0
0
0
0
0
0
13
56
0
0
0
0
0
0
4074
4036
0
0
0
0
0
0
19
53
0
0
0
0
0
0
4067
4039
0
0
0
0
0
0
27
48
0
0
0
0
0
0
4062
4045
0
0
0
0
0
0
31
44
0
0
0
0
0
0
4059
4052
0
0
0
0
0
0
35
38
0
0
0
0
0
0
4055
4056
0
0
0
0
0
0
37
30
0
0
0
0
0
0
4055
4065
0
0
0
0
0
0
36
23
0
0
0
0
0
0
4054
4071
0
0
0
0
0
0
36
16
0
0
0
0
0
0
4056
4079
0
0
0
0
0
0
34
9
0
0
0
0
0
0
4058
4086
0
0
0
0
0
0
32
2
0
0
0
0
0
0
4062
4092
0
0
0
0
0
0
28
4093
0
0
0
0
0
0
4065
1
0
0
0
0
0
0
24
4088
0
0
0
0
0
0
4069
6
0
0
0
0
0
0
20
4083
0
0
0
0
0
0
4074
10
0
0
0
0
0
0
13
4078
0
0
0
0
0
0
4080
15
0
0
0
0
0
0
9
4076
0
0
0
0
0
0
4084
16
0
0
0
0
0
0
6
4075
0
0
0
0
0
0
4088
17
0
0
0
0
0
0
1
4073
0
0
0
0
0
0
4092
17
0
0
0
0
0
0
4094
4075
0
0
0
0
0
0
4095
16
0
0
0
0
0
0
4091
4076
0
0
0
0
0
0
2
15
0
0
0
0
0
0
4089
4077
0
0
0
0
0
0
4
15
0
0
0
0
0
0
4086
4077
0
0
0
0
0
0
5
12
0
0
0
0
0
0
4085
4079
0
0
0
0
0
0
6
10
0
0
0
0
0
0
4085
4082
0
0
0
0
0
0
8
8
0
0
0
0
0
0
4084
4086
0
0
0
0
0
0
7
6
0
0
0
0
0
0
4084
4087
0
0
0
0
0
0
5
3
0
0
0
0
0
0
4084
4089
0
0
0
0
0
0
6
2
0
0
0
0
0
0
4086
4091
0
0
0
0
0
0
6
1
0
0
0
0
0
0
4087
4093
0
0
0
0
0
0
5
4095
0
0
0
0
0
0
4087
4092
0
0
0
0
0
0
3
4094
0
0
0
0
0
0
4088
4094
0
0
0
0
0
0
2
4093
0
0
0
0
0
0
4090
4094
0
0
0
0
0
0
0
4092
0
0
0
0
0
0
4091
0
0
0
0
0
0
0
0
4092
0
0
0
0
0
0
4092
4095
0
0
0
0
0
0
4095
4092
0
0
0
0
0
0
4092
4095
0
0
0
0
0
0
4094
4092
0
0
0
0
0
0
4094
4095
0
0
0
0
0
0
4095
4093
0
0
0
0
0
0
4094
4094
0
0
0
0
0
0
4094
4093
0
0
0
0
0
0
4093
4095
0
0
0
0
0
0
4094
4094
0
0
0
0
0
0
4095
0
0
0
0
0
0
0
4094
4093
0
0
0
0
0
0
4095
4095
0
0
0
0
0
0
4094
4094
0
0
0
0
0
0
4095
4095
0
0
0
0
0
0
4094
4094
0
0
0
0
0
0
4095
4095
0
0
0
0
0
0
4094
4094
0
0
0
0
0
0
4095
4094
0
0
0
0
0
0
4095
0
0
0
0
0
0
0
0
0
0
0
0
0
0
0
0
4095
0
0
0
0
0
0
4095
4095
0
0
0
0
0
0
0
0
0
0
0
0
0
0
0
4095
0
0
0
0
0
0
0
0
0
0
0
0
0
0
0
0
0
0
0
0
0
0
0
0
0
0
0
0
0
0
0
0
0
0
0
0
0
0
0
0
0
0
0
0
0
0
0
0
0
0
0
0
0
0
0
0
0
0
0
0
0
0
0
0
0
0
0
0
0
0
0
0
0
0
0
0
0
0
0
0
0
0
0
0
0
0
0
0
0
0
0
0
0
0
0
0
0
0
0
0
0
0
0
0
0
0
0
0
0
0
0
0
0
0
0
0
0
0
0
0
0
0
0
0
0
0
0
0
0
0
0
0
0
0
0
0
0
0
0
0
0
0
0
0
0
0
0
0
0
0
0
0
0
0
0
0
0
0
0
0
0
0
0
0
0
0
0
0
0
0
0
0
0
0
0
0
0
0
0
0
0
0
0
0
0
0
0
0
0
0
0
0
0
0
0
0
0
0
0
0
0
0
0
0
0
0
0
0
0
0
0
0
0
0
0
0
0
0
0
0
0
0
0
0
0
0
0
0
0
0
0
0
0
0
0
0
0
0
0
0
0
0
0
0
0
0
0
0
0
0
0
0
0
0
0
0
0
0
0
0
0
0
0
0
0
0
0
0
0
0
0
0
0
0
0
0
0
0
0
0
0
0
0
0
0
0
0
0
0
0
0
0
0
0
0
0
0
0
0
0
0
0
0
0
0
0
0
0
0
0
0
0
0
0
0
0
0
0
0
0
0
0
0
0
0
0
0
0
0
0
0
0
0
0
0
0
0
0
0
0
0
0
0
0
0
0
0
0
0
0
0
0
0
0
0
0
0
0
0
0
0
0
0
0
0
0
0
0
0
0
0
0
0
0
0
0
0
0
0
0
0
0
0
0
0
0
0
0
0
0
0
0
0
0
0
0
0
0
0
0
0
0
0
0
0
0
0
0
0
0
0
0
0
0
0
0
0
0
0
0
0
0
0
0
0
0
0
0
0
0
0
0
0
0
0
0
0
0
0
0
0
0
0
0
0
0
0
0
0
0
0
0
0
0
0
0
0
0
0
0
0
0
0
0
0
0
0
0
0
0
0
0
0
0
0
0
0
0
0
0
0
0
0
0
0
0
0
0
0
0
0
0
0
0
0
0
0
0
0
0
0
0
0
0
0
0
0
0
0
0
0
0
0
0
0
0
0
0
0
0
0
0
0
0
0
0
0
0
0
0
0
0
0
0
0
0
0
0
0
0
0
0
0
0
0
0
0
0
0
0
0
0
0
0
0
0
0
0
0
0
0
0
0
0
0
0
0
0
0
0
0
0
0
0
0
0
0
0
0
0
0
0
0
0
0
0
0
0
0
0
0
0
0
0
0
0
0
0
0
0
0
0
0
0
0
0
0
0
0
0
0
0
0
0
0
0
0
0
0
0
0
0
0
0
0
0
0
0
0
0
0
0
0
0
0
0
0
0
0
0
0
0
0
0
0
0
0
0
0
0
0
0
0
0
0
0
0
0
0
0
0
0
0
0
0
0
0
0
0
0
0
0
0
0
0
0
0
0
0
0
0
0
0
0
0
0
0
0
0
0
0
0
0
0
0
0
0
0
0
0
0
0
0
0
0
0
0
0
0
0
0
0
0
0
0
0
0
0
0
0
0
0
0
0
0
0
0
0
0
0
0
0
0
0
0
0
0
0
0
0
0
0
0
0
0
0
0
0
0
0
0
0
0
0
0
0
0
0
0
0
0
0
0
0
0
0
0
0
0
0
0
0
0
0
0
0
0
0
0
0
0
0
0
0
0
0
0
0
0
0
0
0
0
0
0
0
0
0
0
0
0
0
0
0
0
0
0
0
0
0
0
0
0
0
0
0
0
0
0
0
0
0
0
0
0
0
0
0
0
0
0
0
0
0
0
0
0
0
0
0
0
0
0
0
0
0
0
0
0
0
0
0
0
0
0
0
0
0
0
0
0
0
0
0
0
0
0
0
0
0
0
0
0
0
0
0
0
0
0
0
0
0
0
0
0
0
0
0
0
0
0
0
0
0
0
0
0
0
0
0
0
0
0
0
0
0
0
0
0
0
0
0
0
0
0
0
0
0
0
0
0
0
0
0
0
0
0
0
0
0
0
0
0
0
0
0
0
0
0
0
0
0
0
0
0
0
0
0
0
0
0
0
0
0
0
0
0
0
0
0
0
0
0
0
0
0
0
0
0
0
0
0
0
0
0
0
0
0
0
0
0
0
0
0
0
0
0
0
0
0
0
0
0
0
0
0
0
0
0
0
0
0
0
0
0
0
0
0
0
0
0
0
0
0
0
0
0
0
0
0
0
0
0
0
0
0
0
0
0
0
0
0
0
0
0
0
0
0
0
0
0
0
0
0
0
0
0
0
0
0
0
0
0
0
0
0
0
0
0
0
0
0
0
0
0
0
0
0
0
0
0
0
0
0
0
0
0
0
0
0
0
0
0
0
0
0
0
0
0
0
0
0
0
0
0
0
0
0
0
0
0
0
0
0
0
0
0
0
0
0
0
0
0
0
0
0
0
0
0
0
0
0
0
0
0
0
0
0
0
0
0
0
0
0
0
0
0
0
0
0
0
0
0
0
0
0
0
0
0
0
0
0
0
0
0
0
0
0
0
0
0
0
0
0
0
0
0
0
0
0
0
0
0
0
0
0
0
0
0
0
0
0
0
0
0
0
0
0
0
0
0
0
0
0
0
0
0
0
0
0
0
0
0
0
0
0
0
0
0
0
0
0
0
0
0
0
0
0
0
0
0
0
0
0
0
0
0
0
0
0
0
0
0
0
0
0
0
0
0
0
0
0
0
0
0
0
0
0
0
0
0
0
0
0
0
0
0
0
0
0
0
0
0
0
0
0
0
0
0
0
0
0
0
0
0
0
0
0
0
0
0
0
0
0
0
0
0
0
0
0
0
0
0
0
0
0
0
0
0
0
0
0
0
0
0
0
0
0
0
0
0
0
0
0
0
0
0
0
0
0
0
0
0
0
0
0
0
0
0
0
0
0
0
0
0
0
0
0
0
0
0
0
0
0
0
0
0
0
0
0
0
0
0
0
0
0
0
0
0
0
0
0
0
0
0
0
0
0
0
0
0
0
0
0
0
0
0
0
0
0
0
0
0
0
0
0
0
0
0
0
0
0
0
0
0
0
0
0
0
0
0
0
0
0
0
0
0
0
0
0
0
0
0
0
0
0
0
0
0
0
0
0
0
0
0
0
0
0
0
0
0
0
0
0
0
0
0
0
0
0
0
0
0
0
0
0
0
0
0
0
0
0
0
0
0
0
0
0
0
0
0
0
0
0
0
0
0
0
0
0
0
0
0
0
0
0
0
0
0
0
0
0
0
0
0
0
0
0
0
0
0
0
0
0
0
0
0
0
0
0
0
0
0
0
0
0
0
0
0
0
0
0
0
0
0
0
0
0
0
0
0
0
0
0
0
0
0
0
0
0
0
0
0
0
0
0
0
0
0
0
0
0
0
0
0
0
0
0
0
0
0
0
0
0
0
0
0
0
0
0
0
0
0
0
0
0
0
0
0
0
0
0
0
0
0
0
0
0
0
0
0
0
0
0
0
0
0
0
0
0
0
0
0
0
0
0
0
0
0
0
0
0
0
0
0
0
0
0
0
0
0
0
0
0
0
0
0
0
0
0
0
0
0
0
0
0
0
0
0
0
0
0
0
0
0
0
0
0
0
0
0
0
0
0
0
0
0
0
0
0
0
0
0
0
0
0
0
0
0
0
0
0
0
0
0
0
0
0
0
0
0
0
0
0
0
0
0
0
0
0
0
0
0
0
0
0
0
0
0
0
0
0
0
0
0
0
0
0
0
0
0
0
0
0
0
0
0
0
0
0
0
0
0
0
0
0
0
0
0
0
0
0
0
0
0
0
0
0
0
0
0
0
0
0
0
0
0
0
0
0
0
0
0
0
0
0
0
0
0
0
0
0
0
0
0
0
0
0
0
0
0
0
0
0
0
0
0
0
0
0
0
0
0
0
0
0
0
0
0
0
0
0
0
0
0
0
0
0
0
0
0
0
0
0
0
0
0
0
0
0
0
0
0
0
0
0
0
0
0
0
0
0
0
0
0
0
0
0
0
0
0
0
0
0
0
0
0
0
0
0
0
0
0
0
0
0
0
0
0
0
0
0
0
0
0
0
0
0
0
0
0
0
0
0
0
0
0
0
0
0
0
0
0
0
0
0
0
0
0
0
0
0
0
0
0
0
0
0
0
0
0
0
0
0
0
0
0
0
0
0
0
0
0
0
0
0
0
0
0
0
0
0
0
0
0
0
0
0
0
0
0
0
0
0
0
0
0
0
0
0
0
0
0
0
0
0
0
0
0
0
0
0
0
0
0
0
0
0
0
0
0
0
0
0
0
0
0
0
0
0
0
0
0
0
0
0
0
0
0
0
0
0
0
0
0
0
0
0
0
0
0
0
0
0
0
0
0
0
0
0
0
0
0
0
0
0
0
0
0
0
0
0
0
0
0
0
0
0
0
0
0
0
0
0
0
0
0
0
0
0
0
0
0
0
0
0
0
0
0
0
0
0
0
0
0
0
0
0
0
0
0
0
0
0
0
0
0
0
0
0
0
0
0
0
0
0
0
0
0
0
0
0
0
0
0
0
0
0
0
0
0
0
0
0
0
0
0
0
0
0
0
0
0
0
0
0
0
0
0
0
0
0
0
0
0
0
0
0
0
0
0
0
0
0
0
0
0
0
0
0
0
0
0
0
0
0
0
0
0
0
0
0
0
0
0
0
0
0
0
0
0
0
0
0
0
0
0
0
0
0
0
0
0
0
0
0
0
0
0
0
0
0
0
0
0
0
0
0
0
0
0
0
0
0
0
0
0
0
0
0
0
0
0
0
0
0
0
0
0
0
0
0
0
0
0
0
0
0
0
0
0
0
0
0
0
0
0
0
0
0
0
0
0
0
0
0
0
0
0
0
0
0
0
0
0
0
0
0
0
0
0
0
0
0
0
0
0
0
0
0
0
0
0
0
0
0
0
0
0
0
0
0
0
0
0
0
0
0
0
0
0
0
0
0
0
0
0
0
0
0
0
0
0
0
0
0
0
0
0
0
0
0
0
0
0
0
0
0
0
0
0
0
0
0
0
0
0
0
0
0
0
0
0
0
0
0
0
0
0
0
0
0
0
0
0
0
0
0
0
0
0
0
0
0
0
0
0
0
0
0
0
0
0
0
0
0
0
0
0
0
0
0
0
0
0
0
0
0
0
0
0
0
0
0
0
0
0
0
0
0
0
0
0
0
0
0
0
0
0
0
0
0
0
0
0
0
0
0
0
0
0
0
0
0
0
0
0
0
0
0
0
0
0
0
0
0
0
0
0
0
0
0
0
0
0
0
0
0
0
0
0
0
0
0
0
0
0
0
0
0
0
0
0
0
0
0
0
0
0
0
0
0
0
0
0
0
0
0
0
0
0
0
0
0
0
0
0
0
0
0
0
0
0
0
0
0
0
0
0
0
0
0
0
0
0
0
0
0
0
0
0
0
0
0
0
0
0
0
0
0
0
0
0
0
0
0
0
0
0
0
0
0
0
0
0
0
0
0
0
0
0
0
0
0
0
0
0
0
0
0
0
0
0
0
0
0
0
0
0
0
0
0
0
0
0
0
0
0
0
0
0
0
0
0
0
0
0
0
0
0
0
0
0
0
0
0
0
0
0
0
0
0
0
0
0
0
0
0
0
0
0
0
0
0
0
0
0
0
0
0
0
0
0
0
0
0
0
0
0
0
0
0
0
0
0
0
0
0
0
0
0
0
0
0
0
0
0
0
0
0
0
0
0
0
0
0
0
0
0
0
0
0
0
0
0
0
0
0
0
0
0
0
0
0
0
0
0
0
0
0
0
0
0
0
0
0
0
0
0
0
0
0
0
0
0
0
0
0
0
0
0
0
0
0
0
0
0
0
0
0
0
0
0
0
0
0
0
0
0
0
0
0
0
0
0
0
0
0
0
0
0
0
0
0
0
0
0
0
0
0
0
0
0
0
0
0
0
0
0
0
0
0
0
0
0
0
0
0
0
0
0
0
0
0
0
0
0
0
0
0
0
0
0
0
0
0
0
0
0
0
0
0
0
0
0
0
0
0
0
0
0
0
0
0
0
0
0
0
0
0
0
0
0
0
0
0
0
0
0
0
0
0
0
0
0
0
0
0
0
0
0
0
0
0
0
0
0
0
0
0
0
0
0
0
0
0
0
0
0
0
0
0
0
0
0
0
0
0
0
0
0
0
0
0
0
0
0
0
0
0
0
0
0
0
0
0
0
0
0
0
0
0
0
0
0
0
0
0
0
0
0
0
0
0
0
0
0
0
0
0
0
0
0
0
0
0
0
0
0
0
0
0
0
0
0
0
0
0
0
0
0
0
0
0
0
0
0
0
0
0
0
0
0
0
0
0
0
0
0
0
0
0
0
0
0
0
0
0
0
0
0
0
0
0
0
0
0
0
0
0
0
0
0
0
0
0
0
0
0
0
0
0
0
0
0
0
0
0
0
0
0
0
0
0
0
0
0
0
0
0
0
0
0
0
0
0
0
0
0
0
0
0
0
0
0
0
0
0
0
0
0
0
0
0
0
0
0
0
0
0
0
0
0
0
0
0
0
0
0
0
0
0
0
0
0
0
0
0
0
0
0
0
0
0
0
0
0
0
0
0
0
0
0
0
0
0
0
0
0
0
0
0
0
0
0
0
0
0
0
0
0
0
0
0
0
0
0
0
0
0
0
0
0
0
0
0
0
0
0
0
0
0
0
0
0
0
0
0
0
0
0
0
0
0
0
0
0
0
0
0
0
0
0
0
0
0
0
0
0
0
0
0
0
0
0
0
0
0
0
0
0
0
0
0
0
0
0
0
0
0
0
0
0
0
0
0
0
0
0
0
0
0
0
0
0
0
0
0
0
0
0
0
0
0
0
0
0
0
0
0
0
0
0
0
0
0
0
0
0
0
0
0
0
0
0
0
0
0
0
0
0
0
0
0
0
0
0
0
0
0
0
0
0
0
0
0
0
0
0
0
0
0
0
0
0
0
0
0
0
0
0
0
0
0
0
0
0
0
0
0
0
0
0
0
0
0
0
0
0
0
0
0
0
0
0
0
0
0
0
0
0
0
0
0
0
0
0
0
0
0
0
0
0
0
0
0
0
0
0
0
0
0
0
0
0
0
0
0
0
0
0
0
0
0
0
0
0
0
0
0
0
0
0
0
0
0
0
0
0
0
0
0
0
0
0
0
0
0
0
0
0
0
0
0
0
0
0
0
0
0
0
0
0
0
0
0
0
0
0
0
0
0
0
0
0
0
0
0
0
0
0
0
0
0
0
0
0
0
0
0
0
0
0
0
0
0
0
0
0
0
0
0
0
0
0
0
0
0
0
0
0
0
0
0
0
0
0
0
0
0
0
0
0
0
0
0
0
0
0
0
0
0
0
0
0
0
0
0
0
0
0
0
0
0
0
0
0
0
0
0
0
0
0
0
0
0
0
0
0
0
0
0
0
0
0
0
0
0
0
0
0
0
0
0
0
0
0
0
0
0
0
0
0
0
0
0
0
0
0
0
0
0
0
0
0
0
0
0
0
0
0
0
0
0
0
0
0
0
0
0
0
0
0
0
0
0
0
0
0
0
0
0
0
0
0
0
0
0
0
0
0
0
0
0
0
0
0
0
0
0
0
0
0
0
0
0
0
0
0
0
0
0
0
0
0
0
0
0
0
0
0
0
0
0
0
0
0
0
0
0
0
0
0
0
0
0
0
0
0
0
0
0
0
0
0
0
0
0
0
0
0
0
0
0
0
0
0
0
0
0
0
0
0
0
0
0
0
0
0
0
0
0
0
0
0
0
0
0
0
0
0
0
0
0
0
0
0
0
0
0
0
0
0
0
0
0
0
0
0
0
0
0
0
0
0
0
0
0
0
0
0
0
0
0
0
0
0
0
0
0
0
0
0
0
0
0
0
0
0
0
0
0
0
0
0
0
0
0
0
0
0
0
0
0
0
0
0
0
0
0
0
0
0
0
0
0
0
0
0
0
0
0
0
0
0
0
0
0
0
0
0
0
0
0
0
0
0
0
0
0
0
0
0
0
0
0
0
0
0
0
0
0
0
0
0
0
0
0
0
0
0
0
0
0
0
0
0
0
0
0
0
0
0
0
0
0
0
0
0
0
0
0
0
0
0
0
0
0
0
0
0
0
0
0
0
0
0
0
0
0
0
0
0
0
0
0
0
0
0
0
0
0
0
0
0
0
0
0
0
0
0
0
0
0
0
0
0
0
0
0
0
0
0
0
0
0
0
0
0
0
0
0
0
0
0
0
0
0
0
0
0
0
0
0
0
0
0
0
0
0
0
0
0
0
0
0
0
0
0
0
0
0
0
0
0
0
0
0
0
0
0
0
0
0
0
0
0
0
0
0
0
0
0
0
0
0
0
0
0
0
0
0
0
0
0
0
0
0
0
0
0
0
0
0
0
0
0
0
0
0
0
0
0
0
0
0
0
0
0
0
0
0
0
0
0
0
0
0
0
0
0
0
0
0
0
0
0
0
0
0
0
0
0
0
0
0
0
0
0
0
0
0
0
0
0
0
0
0
0
0
0
0
0
0
0
0
0
0
0
0
0
0
0
0
0
0
0
0
0
0
0
0
0
0
0
0
0
0
0
0
0
0
0
0
0
0
0
0
0
0
0
0
0
0
0
0
0
0
0
0
0
0
0
0
0
0
0
0
0
0
0
0
0
0
0
0
0
0
0
0
0
0
0
0
0
0
0
0
0
0
0
0
0
0
0
0
0
0
0
0
0
0
0
0
0
0
0
0
0
0
0
0
0
0
0
0
0
0
0
0
0
0
0
0
0
0
0
0
0
0
0
0
0
0
0
0
0
0
0
0
0
0
0
0
0
0
0
0
0
0
0
0
0
0
0
0
0
0
0
0
0
0
0
0
0
0
0
0
0
0
0
0
0
0
0
0
0
0
0
0
0
0
0
0
0
0
0
0
0
0
0
0
0
0
0
0
0
0
0
0
0
0
0
0
0
0
0
0
0
0
0
0
0
0
0
0
0
0
0
0
0
0
0
0
0
0
0
0
0
0
0
0
0
0
0
0
0
0
0
0
0
0
0
0
0
0
0
0
0
0
0
0
0
0
0
0
0
0
0
0
0
0
0
0
0
0
0
0
0
0
0
0
0
0
0
0
0
0
0
0
0
0
0
0
0
0
0
0
0
0
0
0
0
0
0
0
0
0
0
0
0
0
0
0
0
0
0
0
0
0
0
0
0
0
0
0
0
0
0
0
0
0
0
0
0
0
0
0
0
0
0
0
0
0
0
0
0
0
0
0
0
0
0
0
0
0
0
0
0
0
0
0
0
0
0
0
0
0
0
0
0
0
0
0
0
0
0
0
0
0
0
0
0
0
0
0
0
0
0
0
0
0
0
0
0
0
0
0
0
0
0
0
0
0
0
0
0
0
0
0
0
0
0
0
0
0
0
0
0
0
0
0
0
0
0
0
0
0
0
0
0
0
0
0
0
0
0
0
0
0
0
0
0
0
0
0
0
0
0
0
0
0
0
0
0
0
0
0
0
0
0
0
0
0
0
0
0
0
0
0
0
0
0
0
0
0
0
0
0
0
0
0
0
0
0
0
0
0
0
0
0
0
0
0
0
0
0
0
0
0
0
0
0
0
0
0
0
0
0
0
0
0
0
0
0
0
0
0
0
0
0
0
0
0
0
0
0
0
0
0
0
0
0
0
0
0
0
0
0
0
0
0
0
0
0
0
0
0
0
0
0
0
0
0
0
0
0
0
0
0
0
0
0
0
0
0
0
0
0
0
0
0
0
0
0
0
0
0
0
0
0
0
0
0
0
0
0
0
0
0
0
0
0
0
0
0
0
0
0
0
0
0
0
0
0
0
0
0
0
0
0
0
0
0
0
0
0
0
0
0
0
0
0
0
0
0
0
0
0
0
0
0
0
0
0
0
0
0
0
0
0
0
0
0
0
0
0
0
0
0
0
0
0
0
0
0
0
0
0
0
0
0
0
0
0
0
0
0
0
0
0
0
0
0
0
0
0
0
0
0
0
0
0
0
0
0
0
0
0
0
0
0
0
0
0
0
0
0
0
0
0
0
0
0
0
0
0
0
0
0
0
0
0
0
0
0
0
0
0
0
0
0
0
0
0
0
0
0
0
0
0
0
0
0
0
0
0
0
0
0
0
0
0
0
0
0
0
0
0
0
0
0
0
0
0
0
0
0
0
0
0
0
0
0
0
0
0
0
0
0
0
0
0
0
0
0
0
0
0
0
0
0
0
0
0
0
0
0
0
0
0
0
0
0
0
0
0
0
0
0
0
0
0
0
0
0
0
0
0
0
0
0
0
0
0
0
0
0
0
0
0
0
0
0
0
0
0
0
0
0
0
0
0
0
0
0
0
0
0
0
0
0
0
0
0
0
0
0
0
0
0
0
0
0
0
0
0
0
0
0
0
0
0
0
0
0
0
0
0
0
0
0
0
0
0
0
0
0
0
0
0
0
0
0
0
0
0
0
0
0
0
0
0
0
0
0
0
0
0
0
0
0
0
0
0
0
0
0
0
0
0
0
0
0
0
0
0
0
0
0
0
0
0
0
0
0
0
0
0
0
0
0
0
0
0
0
0
0
0
0
0
0
0
0
0
0
0
0
0
0
0
0
0
0
0
0
0
0
0
0
0
0
0
0
0
0
0
0
0
0
0
0
0
0
0
0
0
0
0
0
0
0
0
0
0
0
0
0
0
0
0
0
0
0
0
0
0
0
0
0
0
0
0
0
0
0
0
0
0
0
0
0
0
0
0
0
0
0
0
0
0
0
0
0
0
0
0
0
0
0
0
0
0
0
0
0
0
0
0
0
0
0
0
0
0
0
0
0
0
0
0
0
0
0
0
0
0
0
0
0
0
0
0
0
0
0
0
0
0
0
0
0
0
0
0
0
0
0
0
0
0
0
0
0
0
0
0
0
0
0
0
0
0
0
0
0
0
0
0
0
0
0
0
0
0
0
0
0
0
0
0
0
0
0
0
0
0
0
0
0
0
0
0
0
0
0
0
0
0
0
0
0
0
0
0
0
0
0
0
0
0
0
0
0
0
0
0
0
0
0
0
0
0
0
0
0
0
0
0
0
0
0
0
0
0
0
0
0
0
0
0
0
0
0
0
0
0
0
0
0
0
0
0
0
0
0
0
0
0
0
0
0
0
0
0
0
0
0
0
0
0
0
0
0
0
0
0
0
0
0
0
0
0
0
0
0
0
0
0
0
0
0
0
0
0
0
0
0
0
0
0
0
0
0
0
0
0
0
0
0
0
0
0
0
0
0
0
0
0
0
0
0
0
0
0
0
0
0
0
0
0
0
0
0
0
0
0
0
0
0
0
0
0
0
0
0
0
0
0
0
0
0
0
0
0
0
0
0
0
0
0
0
0
0
0
0
0
0
0
0
0
0
0
0
0
0
0
0
0
0
0
0
0
0
0
0
0
0
0
0
0
0
0
0
0
0
0
0
0
0
0
0
0
0
0
0
0
0
0
0
0
0
0
0
0
0
0
0
0
0
0
0
0
0
0
0
0
0
0
0
0
0
0
0
0
0
0
0
0
0
0
0
0
0
0
0
0
0
0
0
0
0
0
0
0
0
0
0
0
0
0
0
0
0
0
0
0
0
0
0
0
0
0
0
0
0
0
0
0
0
0
0
0
0
0
0
0
0
0
0
0
0
0
0
0
0
0
0
0
0
0
0
0
0
0
0
0
0
0
0
0
0
0
0
0
0
0
0
0
0
0
0
0
0
0
0
0
0
0
0
0
0
0
0
0
0
0
0
0
0
0
0
0
0
0
0
0
0
0
0
0
0
0
0
0
0
0
0
0
0
0
0
0
0
0
0
0
0
0
0
0
0
0
0
0
0
0
0
0
0
0
0
0
0
0
0
0
0
0
0
0
0
0
0
0
0
0
0
0
0
0
0
0
0
0
0
0
0
0
0
0
0
0
0
0
0
0
0
0
0
0
0
0
0
0
0
0
0
0
0
0
0
0
0
0
0
0
0
0
0
0
0
0
0
0
0
0
0
0
0
0
0
0
0
0
0
0
0
0
0
0
0
0
0
0
0
0
0
0
0
0
0
0
0
0
0
0
0
0
0
0
0
0
0
0
0
0
0
0
0
0
0
0
0
0
0
0
0
0
0
0
0
0
0
0
0
0
0
0
0
0
0
0
0
0
0
0
0
0
0
0
0
0
0
0
0
0
0
0
0
0
0
0
0
0
0
0
0
0
0
0
0
0
0
0
0
0
0
0
0
0
0
0
0
0
0
0
0
0
0
0
0
0
0
0
0
0
0
0
0
0
0
0
0
0
0
0
0
0
0
0
0
0
0
0
0
0
0
0
0
0
0
0
0
0
0
0
0
0
0
0
0
0
0
0
0
0
0
0
0
0
0
0
0
0
0
0
0
0
0
0
0
0
0
0
0
0
0
0
0
0
0
0
0
0
0
0
0
0
0
0
0
0
0
0
0
0
0
0
0
0
0
0
0
0
0
0
0
0
0
0
0
0
0
0
0
0
0
0
0
0
0
0
0
0
0
0
0
0
0
0
0
0
0
0
0
0
0
0
0
0
0
0
0
0
0
0
0
0
0
0
0
0
0
0
0
0
0
0
0
0
0
0
0
0
0
0
0
0
0
0
0
0
0
0
0
0
0
0
0
0
0
0
0
0
0
0
0
0
0
0
0
0
0
0
0
0
0
0
0
0
0
0
0
0
0
0
0
0
0
0
0
0
0
0
0
0
0
0
0
0
0
0
0
0
0
0
0
0
0
0
0
0
0
0
0
0
0
0
0
0
0
0
0
0
0
0
0
0
0
0
0
0
0
0
0
0
0
0
0
0
0
0
0
0
0
0
0
0
0
0
0
0
0
0
0
0
0
0
0
0
0
0
0
0
0
0
0
0
0
0
0
0
0
0
0
0
0
0
0
0
0
0
0
0
0
0
0
0
0
0
0
0
0
0
0
0
0
0
0
0
0
0
0
0
0
0
0
0
0
0
0
0
0
0
0
0
0
0
0
0
0
0
0
0
0
0
0
0
0
0
0
0
0
0
0
0
0
0
0
0
0
0
0
0
0
0
0
0
0
0
0
0
0
0
0
0
0
0
0
0
0
0
0
0
0
0
0
0
0
0
0
0
0
0
0
0
0
0
0
0
0
0
0
0
0
0
0
0
0
0
0
0
0
0
0
0
0
0
0
0
0
0
0
0
0
0
0
0
0
0
0
0
0
0
0
0
0
0
0
0
0
0
0
0
0
0
0
0
0
0
0
0
0
0
0
0
0
0
0
0
0
0
0
0
0
0
0
0
0
0
0
0
0
0
0
0
0
0
0
0
0
0
0
0
0
0
0
0
0
0
0
0
0
0
0
0
0
0
0
0
0
0
0
0
0
0
0
0
0
0
0
0
0
0
0
0
0
0
0
0
0
0
0
0
0
0
0
0
0
0
0
0
0
0
0
0
0
0
0
0
0
0
0
0
0
0
0
0
0
0
0
0
0
0
0
0
0
0
0
0
0
0
0
0
0
0
0
0
0
0
0
0
0
0
0
0
0
0
0
0
0
0
0
0
0
0
0
0
0
0
0
0
0
0
0
0
0
0
0
0
0
0
0
0
0
0
0
0
0
0
0
0
0
0
0
0
0
0
0
0
0
0
0
0
0
0
0
0
0
0
0
0
0
0
0
0
0
0
0
0
0
0
0
0
0
0
0
0
0
0
0
0
0
0
0
0
0
0
0
0
0
0
0
0
0
0
0
0
0
0
0
0
0
0
0
0
0
0
0
0
0
0
0
0
0
0
0
0
0
0
0
0
0
0
0
0
0
0
0
0
0
0
0
0
0
0
0
0
0
0
0
0
0
0
0
0
0
0
0
0
0
0
0
0
0
0
0
0
0
0
0
0
0
0
0
0
0
0
0
0
0
0
0
0
0
0
0
0
0
0
0
0
0
0
0
0
0
0
0
0
0
0
0
0
0
0
0
0
0
0
0
0
0
0
0
0
0
0
0
0
0
0
0
0
0
0
0
0
0
0
0
0
0
0
0
0
0
0
0
0
0
0
0
0
0
0
0
0
0
0
0
0
0
0
0
0
0
0
0
0
0
0
0
0
0
0
0
0
0
0
0
0
0
0
0
0
0
0
0
0
0
0
0
0
0
0
0
0
0
0
0
0
0
0
0
0
0
0
0
0
0
0
0
0
0
0
0
0
0
0
0
0
0
0
0
0
0
0
0
0
0
0
0
0
0
0
0
0
0
0
0
0
0
0
0
0
0
0
0
0
0
0
0
0
0
0
0
0
0
0
0
0
0
0
0
0
0
0
0
0
0
0
0
0
0
0
0
0
0
0
0
0
0
0
0
0
0
0
0
0
0
0
0
0
0
0
0
0
0
0
0
0
0
0
0
0
0
0
0
0
0
0
0
0
0
0
0
0
0
0
0
0
0
0
0
0
0
0
0
0
0
0
0
0
0
0
0
0
0
0
0
0
0
0
0
0
0
0
0
0
0
0
0
0
0
0
0
0
0
0
0
0
0
0
0
0
0
0
0
0
0
0
0
0
0
0
0
0
0
0
0
0
0
0
0
0
0
0
0
0
0
0
0
0
0
0
0
0
0
0
0
0
0
0
0
0
0
0
0
0
0
0
0
0
0
0
0
0
0
0
0
0
0
0
0
0
0
0
0
0
0
0
0
0
0
0
0
0
0
0
0
0
0
0
0
0
0
0
0
0
0
0
0
0
0
0
0
0
0
0
0
0
0
0
0
0
0
0
0
0
0
0
0
0
0
0
0
0
0
0
0
0
0
0
0
0
0
0
0
0
0
0
0
0
0
0
0
0
0
0
0
0
0
0
0
0
0
0
0
0
0
0
0
0
0
0
0
0
0
0
0
0
0
0
0
0
0
0
0
0
0
0
0
0
0
0
0
0
0
0
0
0
0
0
0
0
0
0
0
0
0
0
0
0
0
0
0
0
0
0
0
0
0
0
0
0
0
0
0
0
0
0
0
0
0
0
0
0
0
0
0
0
0
0
0
0
0
0
0
0
0
0
0
0
0
0
0
0
0
0
0
0
0
0
0
0
0
0
0
0
0
0
0
0
0
0
0
0
0
0
0
0
0
0
0
0
0
0
0
0
0
0
0
0
0
0
0
0
0
0
0
0
0
0
0
0
0
0
0
0
0
0
0
0
0
0
0
0
0
0
0
0
0
0
0
0
0
0
0
0
0
0
0
0
0
0
0
0
0
0
0
0
0
0
0
0
0
0
0
0
0
0
0
0
0
0
0
0
0
0
0
0
0
0
0
0
0
0
0
0
0
0
0
0
0
0
0
0
0
0
0
0
0
0
0
0
0
0
0
0
0
0
0
0
0
0
0
0
0
0
0
0
0
0
0
0
0
0
0
0
0
0
0
0
0
0
0
0
0
0
0
0
0
0
0
0
0
0
0
0
0
0
0
0
0
0
0
0
0
0
0
0
0
0
0
0
0
0
0
0
0
0
0
0
0
0
0
0
0
0
0
0
0
0
0
0
0
0
0
0
0
0
0
0
0
0
0
0
0
0
0
0
0
0
0
0
0
0
0
0
0
0
0
0
0
0
0
0
0
0
0
0
0
0
0
0
0
0
0
0
0
0
0
0
0
0
0
0
0
0
0
0
0
0
0
0
0
0
0
0
0
0
0
0
0
0
0
0
0
0
0
0
0
0
0
0
0
0
0
0
0
0
0
0
0
0
0
0
0
0
0
0
0
0
0
0
0
0
0
0
0
0
0
0
0
0
0
0
0
0
0
0
0
0
0
0
0
0
0
0
0
0
0
0
0
0
0
0
0
0
0
0
0
0
0
0
0
0
0
0
0
0
0
0
0
0
0
0
0
0
0
0
0
0
0
0
0
0
0
0
0
0
0
0
0
0
0
0
0
0
0
0
0
0
0
0
0
0
0
0
0
0
0
0
0
0
0
0
0
0
0
0
0
0
0
0
0
0
0
0
0
0
0
0
0
0
0
0
0
0
0
0
0
0
0
0
0
0
0
0
0
0
0
0
0
0
0
0
0
0
0
0
0
0
0
0
0
0
0
0
0
0
0
0
0
0
0
0
0
0
0
0
0
0
0
0
0
0
0
0
0
0
0
0
0
0
0
0
0
0
0
0
0
0
0
0
0
0
0
0
0
0
0
0
0
0
0
0
0
0
0
0
0
0
0
0
0
0
0
0
0
0
0
0
0
0
0
0
0
0
0
0
0
0
0
0
0
0
0
0
0
0
0
0
0
0
0
0
0
0
0
0
0
0
0
0
0
0
0
0
0
0
0
0
0
0
0
0
0
0
0
0
0
0
0
0
0
0
0
0
0
0
0
0
0
0
0
0
0
0
0
0
0
0
0
0
0
0
0
0
0
0
0
0
0
0
0
0
0
0
0
0
0
0
0
0
0
0
0
0
0
0
0
0
0
0
0
0
0
0
0
0
0
0
0
0
0
0
0
0
0
0
0
0
0
0
0
0
0
0
0
0
0
0
0
0
0
0
0
0
0
0
0
0
0
0
0
0
0
0
0
0
0
0
0
0
0
0
0
0
0
0
0
0
0
0
0
0
0
0
0
0
0
0
0
0
0
0
0
0
0
0
0
0
0
0
0
0
0
0
0
0
0
0
0
0
0
0
0
0
0
0
0
0
0
0
0
0
0
0
0
0
0
0
0
0
0
0
0
0
0
0
0
0
0
0
0
0
0
0
0
0
0
0
0
0
0
0
0
0
0
0
0
0
0
0
0
0
0
0
0
0
0
0
0
0
0
0
0
0
0
0
0
0
0
0
0
0
0
0
0
0
0
0
0
0
0
0
0
0
0
0
0
0
0
0
0
0
0
0
0
0
0
0
0
0
0
0
0
0
0
0
0
0
0
0
0
0
0
0
0
0
0
0
0
0
0
0
0
0
0
0
0
0
0
0
0
0
0
0
0
0
0
0
0
0
0
0
0
0
0
0
0
0
0
0
0
0
0
0
0
0
0
0
0
0
0
0
0
0
0
0
0
0
0
0
0
0
0
0
0
0
0
0
0
0
0
0
0
0
0
0
0
0
0
0
0
0
0
0
0
0
0
0
0
0
0
0
0
0
0
0
0
0
0
0
0
0
0
0
0
0
0
0
0
0
0
0
0
0
0
0
0
0
0
0
0
0
0
0
0
0
0
0
0
0
0
0
0
0
0
0
0
0
0
0
0
0
0
0
0
0
0
0
0
0
0
0
0
0
0
0
0
0
0
0
0
0
0
0
0
0
0
0
0
0
0
0
0
0
0
0
0
0
0
0
0
0
0
0
0
0
0
0
0
0
0
0
0
0
0
0
0
0
0
0
0
0
0
0
0
0
0
0
0
0
0
0
0
0
0
0
0
0
0
0
0
0
0
0
0
0
0
0
0
0
0
0
0
0
0
0
0
0
0
0
0
0
0
0
0
0
0
0
0
0
0
0
0
0
0
0
0
