0
0
0
0
0
0
0
0
0
0
0
0
0
0
0
0
0
0
0
0
0
0
0
0
0
0
0
0
0
0
0
0
0
0
0
0
0
0
0
0
0
0
0
0
0
0
0
0
0
0
0
0
0
0
0
0
0
0
0
0
0
0
0
0
0
0
0
0
0
0
0
0
0
0
0
0
0
0
0
0
0
0
0
0
0
0
0
0
0
0
0
0
0
0
0
0
0
0
0
0
0
0
0
0
0
0
0
0
0
0
0
0
0
0
0
0
0
0
0
0
0
0
0
0
0
0
0
0
0
0
0
0
0
0
0
0
0
0
0
0
0
0
0
0
0
0
0
0
0
0
0
0
0
0
0
0
0
0
0
0
0
0
0
0
0
0
0
0
0
0
0
0
0
0
0
0
0
0
0
0
0
0
0
0
4092
4092
0
0
0
0
0
0
4093
4092
0
0
0
0
0
0
4095
4095
0
0
0
0
0
0
4092
4093
0
0
0
0
0
0
4093
4092
0
0
0
0
0
0
0
4094
0
0
0
0
0
0
4095
0
0
0
0
0
0
0
4089
4091
0
0
0
0
0
0
4093
4090
0
0
0
0
0
0
1
1
0
0
0
0
0
0
4092
4095
0
0
0
0
0
0
4088
4086
0
0
0
0
0
0
5
1
0
0
0
0
0
0
1
6
0
0
0
0
0
0
4081
4084
0
0
0
0
0
0
3
4090
0
0
0
0
0
0
10
12
0
0
0
0
0
0
4080
4089
0
0
0
0
0
0
4086
4077
0
0
0
0
0
0
19
13
0
0
0
0
0
0
4092
9
0
0
0
0
0
0
4068
4067
0
0
0
0
0
0
14
4095
0
0
0
0
0
0
16
26
0
0
0
0
0
0
4061
4073
0
0
0
0
0
0
4088
4070
0
0
0
0
0
0
36
32
0
0
0
0
0
0
4076
4
0
0
0
0
0
0
4058
4049
0
0
0
0
0
0
37
15
0
0
0
0
0
0
13
38
0
0
0
0
0
0
4039
4049
0
0
0
0
0
0
10
4071
0
0
0
0
0
0
53
59
0
0
0
0
0
0
4049
4082
0
0
0
0
0
0
4056
4031
0
0
0
0
0
0
68
45
0
0
0
0
0
0
4094
40
0
0
0
0
0
0
4015
4016
0
0
0
0
0
0
41
4090
0
0
0
0
0
0
60
85
0
0
0
0
0
0
4010
4047
0
0
0
0
0
0
4071
4022
0
0
0
0
0
0
101
87
0
0
0
0
0
0
4058
24
0
0
0
0
0
0
3999
3980
0
0
0
0
0
0
89
32
0
0
0
0
0
0
50
101
0
0
0
0
0
0
3966
3998
0
0
0
0
0
0
12
4034
0
0
0
0
0
0
126
133
0
0
0
0
0
0
4003
4080
0
0
0
0
0
0
4003
3953
0
0
0
0
0
0
143
89
0
0
0
0
0
0
13
97
0
0
0
0
0
0
3928
3939
0
0
0
0
0
0
73
4072
0
0
0
0
0
0
133
175
0
0
0
0
0
0
3938
4016
0
0
0
0
0
0
4035
3945
0
0
0
0
0
0
195
160
0
0
0
0
0
0
4045
64
0
0
0
0
0
0
3909
3883
0
0
0
0
0
0
152
43
0
0
0
0
0
0
108
195
0
0
0
0
0
0
3867
3934
0
0
0
0
0
0
5
3970
0
0
0
0
0
0
232
234
0
0
0
0
0
0
3954
4092
0
0
0
0
0
0
3920
3844
0
0
0
0
0
0
238
135
0
0
0
0
0
0
46
186
0
0
0
0
0
0
3812
3843
0
0
0
0
0
0
102
4034
0
0
0
0
0
0
238
295
0
0
0
0
0
0
3850
3992
0
0
0
0
0
0
3974
3837
0
0
0
0
0
0
318
244
0
0
0
0
0
0
4041
128
0
0
0
0
0
0
3784
3760
0
0
0
0
0
0
222
41
0
0
0
0
0
0
198
324
0
0
0
0
0
0
3747
3868
0
0
0
0
0
0
4075
3878
0
0
0
0
0
0
371
354
0
0
0
0
0
0
3909
28
0
0
0
0
0
0
3804
3703
0
0
0
0
0
0
350
180
0
0
0
0
0
0
105
305
0
0
0
0
0
0
3666
3734
0
0
0
0
0
0
119
3970
0
0
0
0
0
0
375
439
0
0
0
0
0
0
3759
3978
0
0
0
0
0
0
3882
3694
0
0
0
0
0
0
463
336
0
0
0
0
0
0
4056
225
0
0
0
0
0
0
3629
3615
0
0
0
0
0
0
290
22
0
0
0
0
0
0
320
481
0
0
0
0
0
0
3612
3804
0
0
0
0
0
0
4022
3748
0
0
0
0
0
0
539
488
0
0
0
0
0
0
3874
87
0
0
0
0
0
0
3653
3535
0
0
0
0
0
0
466
211
0
0
0
0
0
0
195
459
0
0
0
0
0
0
3497
3619
0
0
0
0
0
0
118
3874
0
0
0
0
0
0
549
609
0
0
0
0
0
0
3667
3986
0
0
0
0
0
0
3756
3519
0
0
0
0
0
0
623
423
0
0
0
0
0
0
3
360
0
0
0
0
0
0
3440
3455
0
0
0
0
0
0
348
4069
0
0
0
0
0
0
479
671
0
0
0
0
0
0
3467
3751
0
0
0
0
0
0
3937
3585
0
0
0
0
0
0
730
628
0
0
0
0
0
0
3854
176
0
0
0
0
0
0
3468
3343
0
0
0
0
0
0
585
221
0
0
0
0
0
0
320
648
0
0
0
0
0
0
3311
3506
0
0
0
0
0
0
92
3743
0
0
0
0
0
0
754
795
0
0
0
0
0
0
3583
4019
0
0
0
0
0
0
3591
3311
0
0
0
0
0
0
796
499
0
0
0
0
0
0
78
528
0
0
0
0
0
0
3228
3287
0
0
0
0
0
0
386
3986
0
0
0
0
0
0
676
883
0
0
0
0
0
0
3323
3719
0
0
0
0
0
0
3816
3384
0
0
0
0
0
0
941
768
0
0
0
0
0
0
3864
306
0
0
0
0
0
0
3248
3133
0
0
0
0
0
0
693
205
0
0
0
0
0
0
486
872
0
0
0
0
0
0
3111
3403
0
0
0
0
0
0
29
3570
0
0
0
0
0
0
987
989
0
0
0
0
0
0
3520
4088
0
0
0
0
0
0
3390
3078
0
0
0
0
0
0
968
554
0
0
0
0
0
0
190
735
0
0
0
0
0
0
2993
3118
0
0
0
0
0
0
400
3868
0
0
0
0
0
0
907
1118
0
0
0
0
0
0
3185
3713
0
0
0
0
0
0
3655
3149
0
0
0
0
0
0
1165
900
0
0
0
0
0
0
3905
472
0
0
0
0
0
0
2999
2911
0
0
0
0
0
0
785
155
0
0
0
0
0
0
689
1122
0
0
0
0
0
0
2911
3320
0
0
0
0
0
0
4029
3363
0
0
0
0
0
0
1244
1187
0
0
0
0
0
0
3482
98
0
0
0
0
0
0
3151
2822
0
0
0
0
0
0
1136
586
0
0
0
0
0
0
342
976
0
0
0
0
0
0
2743
2960
0
0
0
0
0
0
379
3708
0
0
0
0
0
0
1169
1365
0
0
0
0
0
0
3064
3741
0
0
0
0
0
0
3454
2886
0
0
0
0
0
0
1394
1012
0
0
0
0
0
0
3984
678
0
0
0
0
0
0
2722
2684
0
0
0
0
0
0
851
66
0
0
0
0
0
0
930
1396
0
0
0
0
0
0
2713
3262
0
0
0
0
0
0
3889
3116
0
0
0
0
0
0
1516
1375
0
0
0
0
0
0
3475
245
0
0
0
0
0
0
2877
2551
0
0
0
0
0
0
1286
581
0
0
0
0
0
0
534
1251
0
0
0
0
0
0
2486
2816
0
0
0
0
0
0
321
3508
0
0
0
0
0
0
1460
1616
0
0
0
0
0
0
2968
3810
0
0
0
0
0
0
3212
2595
0
0
0
0
0
0
1620
1098
0
0
0
0
0
0
13
926
0
0
0
0
0
0
2429
2466
0
0
0
0
0
0
885
4031
0
0
0
0
0
0
1210
1688
0
0
0
0
0
0
2532
3239
0
0
0
0
0
0
3706
2835
0
0
0
0
0
0
1796
1548
0
0
0
0
0
0
3509
435
0
0
0
0
0
0
2577
2274
0
0
0
0
0
0
1413
537
0
0
0
0
0
0
771
1555
0
0
0
0
0
0
2232
2699
0
0
0
0
0
0
219
3265
0
0
0
0
0
0
1772
1866
0
0
0
0
0
0
2905
3922
0
0
0
0
0
0
2933
2284
0
0
0
0
0
0
1835
1152
0
0
0
0
0
0
180
1209
0
0
0
0
0
0
2124
2259
0
0
0
0
0
0
878
3853
0
0
0
0
0
0
1521
1990
0
0
0
0
0
0
2371
3255
0
0
0
0
0
0
3478
2522
0
0
0
0
0
0
2081
1699
0
0
0
0
0
0
3587
670
0
0
0
0
0
0
2249
1996
0
0
0
0
0
0
1508
446
0
0
0
0
0
0
1051
1882
0
0
0
0
0
0
1985
2613
0
0
0
0
0
0
69
2981
0
0
0
0
0
0
2097
2102
0
0
0
0
0
0
2880
4080
0
0
0
0
0
0
2616
1962
0
0
0
0
0
0
2026
1164
0
0
0
0
0
0
396
1528
0
0
0
0
0
0
1816
2079
0
0
0
0
0
0
825
3631
0
0
0
0
0
0
1858
2292
0
0
0
0
0
0
2243
3318
0
0
0
0
0
0
3207
2182
0
0
0
0
0
0
2354
1816
0
0
0
0
0
0
3715
947
0
0
0
0
0
0
1906
1731
0
0
0
0
0
0
1564
311
0
0
0
0
0
0
1365
2222
0
0
0
0
0
0
1761
2568
0
0
0
0
0
0
3967
2662
0
0
0
0
0
0
2430
2316
0
0
0
0
0
0
2903
191
0
0
0
0
0
0
2270
1634
0
0
0
0
0
0
2191
1130
0
0
0
0
0
0
657
1876
0
0
0
0
0
0
1514
1926
0
0
0
0
0
0
724
3363
0
0
0
0
0
0
2215
2586
0
0
0
0
0
0
2153
3429
0
0
0
0
0
0
2894
1825
0
0
0
0
0
0
2611
1894
0
0
0
0
0
0
3892
1265
0
0
0
0
0
0
1553
1484
0
0
0
0
0
0
1575
124
0
0
0
0
0
0
1715
2569
0
0
0
0
0
0
1566
2572
0
0
0
0
0
0
3721
2311
0
0
0
0
0
0
2757
2501
0
0
0
0
0
0
2974
445
0
0
0
0
0
0
1904
1314
0
0
0
0
0
0
2314
1046
0
0
0
0
0
0
960
2241
0
0
0
0
0
0
1226
1815
0
0
0
0
0
0
574
3054
0
0
0
0
0
0
2586
2865
0
0
0
0
0
0
2108
3592
0
0
0
0
0
0
2546
1461
0
0
0
0
0
0
2840
1925
0
0
0
0
0
0
21
1614
0
0
0
0
0
0
1202
1266
0
0
0
0
0
0
1534
3984
0
0
0
0
0
0
2089
2915
0
0
0
0
0
0
1405
2625
0
0
0
0
0
0
3429
1935
0
0
0
0
0
0
3073
2648
0
0
0
0
0
0
3099
742
0
0
0
0
0
0
1518
1008
0
0
0
0
0
0
2393
909
0
0
0
0
0
0
1302
2621
0
0
0
0
0
0
964
1750
0
0
0
0
0
0
368
2705
0
0
0
0
0
0
2957
3114
0
0
0
0
0
0
2115
3809
0
0
0
0
0
0
2168
1094
0
0
0
0
0
0
3034
406
0
0
0
0
0
0
822
2346
0
0
0
0
0
0
854
1088
0
0
0
0
0
0
3990
3188
0
0
0
0
0
0
2486
3251
0
0
0
0
0
0
1335
110
0
0
0
0
0
0
2772
1907
0
0
0
0
0
0
3503
2760
0
0
0
0
0
0
1277
1942
0
0
0
0
0
0
1489
585
0
0
0
0
0
0
878
2791
0
0
0
0
0
0
2005
2646
0
0
0
0
0
0
600
3225
0
0
0
0
0
0
3636
2010
0
0
0
0
0
0
2960
3466
0
0
0
0
0
0
3768
465
0
0
0
0
0
0
1784
962
0
0
0
0
0
0
3277
365
0
0
0
0
0
0
1491
2377
0
0
0
0
0
0
765
802
0
0
0
0
0
0
3289
2511
0
0
0
0
0
0
2875
3331
0
0
0
0
0
0
2772
819
0
0
0
0
0
0
1850
1158
0
0
0
0
0
0
3767
1306
0
0
0
0
0
0
1486
2322
0
0
0
0
0
0
1103
338
0
0
0
0
0
0
804
2587
0
0
0
0
0
0
2407
3025
0
0
0
0
0
0
458
3242
0
0
0
0
0
0
2986
1977
0
0
0
0
0
0
3444
3648
0
0
0
0
0
0
340
1126
0
0
0
0
0
0
1368
627
0
0
0
0
0
0
1878
3779
0
0
0
0
0
0
1855
2791
0
0
0
0
0
0
474
2216
0
0
0
0
0
0
3109
2142
0
0
0
0
0
0
3277
3610
0
0
0
0
0
0
2812
1002
0
0
0
0
0
0
1449
761
0
0
0
0
0
0
3943
1323
0
0
0
0
0
0
1770
2723
0
0
0
0
0
0
592
122
0
0
0
0
0
0
716
2291
0
0
0
0
0
0
2459
3526
0
0
0
0
0
0
1822
3893
0
0
0
0
0
0
2633
1557
0
0
0
0
0
0
3764
2269
0
0
0
0
0
0
492
1483
0
0
0
0
0
0
951
318
0
0
0
0
0
0
1875
3626
0
0
0
0
0
0
2252
3203
0
0
0
0
0
0
264
2164
0
0
0
0
0
0
2847
1744
0
0
0
0
0
0
3811
3861
0
0
0
0
0
0
2865
1271
0
0
0
0
0
0
1393
237
0
0
0
0
0
0
17
1254
0
0
0
0
0
0
2449
2777
0
0
0
0
0
0
247
4059
0
0
0
0
0
0
20
1605
0
0
0
0
0
0
2892
3860
0
0
0
0
0
0
1742
4051
0
0
0
0
0
0
2245
1132
0
0
0
0
0
0
4005
2357
0
0
0
0
0
0
728
1872
0
0
0
0
0
0
399
36
0
0
0
0
0
0
1857
3379
0
0
0
0
0
0
2306
3745
0
0
0
0
0
0
57
2196
0
0
0
0
0
0
2186
1691
0
0
0
0
0
0
82
4051
0
0
0
0
0
0
3529
1940
0
0
0
0
0
0
956
3976
0
0
0
0
0
0
2731
579
0
0
0
0
0
0
2826
3209
0
0
0
0
0
0
4028
1362
0
0
0
0
0
0
3932
1223
0
0
0
0
0
0
3315
65
0
0
0
0
0
0
1769
137
0
0
0
0
0
0
1831
716
0
0
0
0
0
0
150
2362
0
0
0
0
0
0
1016
2289
0
0
0
0
0
0
5
3907
0
0
0
0
0
0
1775
3079
0
0
0
0
0
0
2742
31
0
0
0
0
0
0
1402
2838
0
0
0
0
0
0
1825
1252
0
0
0
0
0
0
425
2688
0
0
0
0
0
0
3681
2308
0
0
0
0
0
0
518
3645
0
0
0
0
0
0
2738
425
0
0
0
0
0
0
3233
3640
0
0
0
0
0
0
3800
1299
0
0
0
0
0
0
3670
814
0
0
0
0
0
0
3867
330
0
0
0
0
0
0
1815
412
0
0
0
0
0
0
1762
174
0
0
0
0
0
0
336
2301
0
0
0
0
0
0
1703
2358
0
0
0
0
0
0
3739
3735
0
0
0
0
0
0
1082
2387
0
0
0
0
0
0
3189
383
0
0
0
0
0
0
1312
2996
0
0
0
0
0
0
1429
813
0
0
0
0
0
0
727
2763
0
0
0
0
0
0
3917
2709
0
0
0
0
0
0
92
3358
0
0
0
0
0
0
2730
178
0
0
0
0
0
0
3665
4058
0
0
0
0
0
0
3579
1323
0
0
0
0
0
0
3005
748
0
0
0
0
0
0
156
536
0
0
0
0
0
0
2474
1083
0
0
0
0
0
0
1309
3894
0
0
0
0
0
0
3061
1628
0
0
0
0
0
0
2088
2805
0
0
0
0
0
0
3409
1028
0
0
0
0
0
0
903
1999
0
0
0
0
0
0
3628
699
0
0
0
0
0
0
1331
3178
0
0
0
0
0
0
1005
383
0
0
0
0
0
0
935
2799
0
0
0
0
0
0
110
3134
0
0
0
0
0
0
93
3459
0
0
0
0
0
0
2652
3976
0
0
0
0
0
0
2248
4047
0
0
0
0
0
0
3421
1418
0
0
0
0
0
0
2643
1802
0
0
0
0
0
0
536
680
0
0
0
0
0
0
2645
1451
0
0
0
0
0
0
907
3516
0
0
0
0
0
0
3124
1438
0
0
0
0
0
0
2459
3270
0
0
0
0
0
0
3125
981
0
0
0
0
0
0
497
1569
0
0
0
0
0
0
4054
966
0
0
0
0
0
0
1004
3593
0
0
0
0
0
0
557
4063
0
0
0
0
0
0
784
3112
0
0
0
0
0
0
797
3211
0
0
0
0
0
0
3814
3276
0
0
0
0
0
0
1962
3280
0
0
0
0
0
0
2706
315
0
0
0
0
0
0
725
2122
0
0
0
0
0
0
2237
1349
0
0
0
0
0
0
850
3359
0
0
0
0
0
0
2858
1862
0
0
0
0
0
0
469
3219
0
0
0
0
0
0
3075
1228
0
0
0
0
0
0
2899
3700
0
0
0
0
0
0
2939
975
0
0
0
0
0
0
179
1131
0
0
0
0
0
0
496
1191
0
0
0
0
0
0
1110
3920
0
0
0
0
0
0
469
3537
0
0
0
0
0
0
922
2991
0
0
0
0
0
0
1182
3664
0
0
0
0
0
0
3473
3158
0
0
0
0
0
0
1755
2890
0
0
0
0
0
0
3154
638
0
0
0
0
0
0
692
2340
0
0
0
0
0
0
1806
909
0
0
0
0
0
0
1111
3375
0
0
0
0
0
0
3150
2293
0
0
0
0
0
0
52
2973
0
0
0
0
0
0
3002
928
0
0
0
0
0
0
3355
11
0
0
0
0
0
0
2770
1064
0
0
0
0
0
0
3910
679
0
0
0
0
0
0
860
1342
0
0
0
0
0
0
1831
542
0
0
0
0
0
0
1510
3740
0
0
0
0
0
0
3581
2250
0
0
0
0
0
0
1606
2617
0
0
0
0
0
0
3159
514
0
0
0
0
0
0
1516
2465
0
0
0
0
0
0
3540
951
0
0
0
0
0
0
774
2579
0
0
0
0
0
0
1400
463
0
0
0
0
0
0
1270
3348
0
0
0
0
0
0
3634
2753
0
0
0
0
0
0
3624
2778
0
0
0
0
0
0
3231
436
0
0
0
0
0
0
3447
522
0
0
0
0
0
0
3012
849
0
0
0
0
0
0
3162
592
0
0
0
0
0
0
625
1082
0
0
0
0
0
0
2071
946
0
0
0
0
0
0
1067
3436
0
0
0
0
0
0
3582
2004
0
0
0
0
0
0
2048
3050
0
0
0
0
0
0
2925
532
0
0
0
0
0
0
1198
2022
0
0
0
0
0
0
3943
1167
0
0
0
0
0
0
880
2908
0
0
0
0
0
0
941
72
0
0
0
0
0
0
1409
3227
0
0
0
0
0
0
4018
3208
0
0
0
0
0
0
3281
2656
0
0
0
0
0
0
3027
44
0
0
0
0
0
0
3897
849
0
0
0
0
0
0
2977
1065
0
0
0
0
0
0
2730
148
0
0
0
0
0
0
890
3699
0
0
0
0
0
0
2338
1386
0
0
0
0
0
0
645
3186
0
0
0
0
0
0
3463
1737
0
0
0
0
0
0
2505
3460
0
0
0
0
0
0
2796
592
0
0
0
0
0
0
832
1568
0
0
0
0
0
0
353
1334
0
0
0
0
0
0
1050
3278
0
0
0
0
0
0
850
3674
0
0
0
0
0
0
1132
3410
0
0
0
0
0
0
688
3291
0
0
0
0
0
0
3539
2949
0
0
0
0
0
0
2209
3373
0
0
0
0
0
0
2837
576
0
0
0
0
0
0
420
1897
0
0
0
0
0
0
2273
1220
0
0
0
0
0
0
1120
3642
0
0
0
0
0
0
2682
1838
0
0
0
0
0
0
305
2963
0
0
0
0
0
0
3326
1385
0
0
0
0
0
0
2921
3859
0
0
0
0
0
0
2689
744
0
0
0
0
0
0
287
1102
0
0
0
0
0
0
673
1420
0
0
0
0
0
0
918
3826
0
0
0
0
0
0
403
3369
0
0
0
0
0
0
1135
3164
0
0
0
0
0
0
1131
3728
0
0
0
0
0
0
3303
2965
0
0
0
0
0
0
1892
2931
0
0
0
0
0
0
3243
796
0
0
0
0
0
0
521
2220
0
0
0
0
0
0
1812
825
0
0
0
0
0
0
1261
3525
0
0
0
0
0
0
3069
2292
0
0
0
0
0
0
4053
2838
0
0
0
0
0
0
3123
995
0
0
0
0
0
0
3008
232
0
0
0
0
0
0
2651
960
0
0
0
0
0
0
3602
1026
0
0
0
0
0
0
937
1442
0
0
0
0
0
0
1756
512
0
0
0
0
0
0
4075
3122
0
0
0
0
0
0
3662
2313
0
0
0
0
0
0
1594
2645
0
0
0
0
0
0
3103
454
0
0
0
0
0
0
1552
2472
0
0
0
0
0
0
3565
991
0
0
0
0
0
0
739
2556
0
0
0
0
0
0
1399
446
0
0
0
0
0
0
1291
3365
0
0
0
0
0
0
3628
2754
0
0
0
0
0
0
3621
2774
0
0
0
0
0
0
3228
435
0
0
0
0
0
0
3442
512
0
0
0
0
0
0
3034
867
0
0
0
0
0
0
3155
599
0
0
0
0
0
0
594
1045
0
0
0
0
0
0
2104
957
0
0
0
0
0
0
1090
3481
0
0
0
0
0
0
3523
1960
0
0
0
0
0
0
2054
3019
0
0
0
0
0
0
2996
605
0
0
0
0
0
0
1149
2018
0
0
0
0
0
0
3885
1080
0
0
0
0
0
0
972
2964
0
0
0
0
0
0
955
143
0
0
0
0
0
0
1294
3123
0
0
0
0
0
0
4069
3187
0
0
0
0
0
0
3384
2788
0
0
0
0
0
0
2913
4089
0
0
0
0
0
0
3847
731
0
0
0
0
0
0
3134
1191
0
0
0
0
0
0
2697
208
0
0
0
0
0
0
736
931
0
0
0
0
0
0
2487
1413
0
0
0
0
0
0
745
3356
0
0
0
0
0
0
3323
1572
0
0
0
0
0
0
2461
3374
0
0
0
0
0
0
2958
819
0
0
0
0
0
0
580
1564
0
0
0
0
0
0
196
1113
0
0
0
0
0
0
890
3534
0
0
0
0
0
0
902
3847
0
0
0
0
0
0
881
3191
0
0
0
0
0
0
772
3230
0
0
0
0
0
0
3761
3215
0
0
0
0
0
0
1999
3294
0
0
0
0
0
0
2720
340
0
0
0
0
0
0
707
2111
0
0
0
0
0
0
2238
1349
0
0
0
0
0
0
836
3341
0
0
0
0
0
0
2875
1864
0
0
0
0
0
0
497
3263
0
0
0
0
0
0
3018
1192
0
0
0
0
0
0
2891
3652
0
0
0
0
0
0
3031
1063
0
0
0
0
0
0
131
1143
0
0
0
0
0
0
402
1067
0
0
0
0
0
0
1228
3979
0
0
0
0
0
0
516
3657
0
0
0
0
0
0
751
2849
0
0
0
0
0
0
1226
3603
0
0
0
0
0
0
3652
3362
0
0
0
0
0
0
1602
2844
0
0
0
0
0
0
3040
433
0
0
0
0
0
0
933
2511
0
0
0
0
0
0
1799
1045
0
0
0
0
0
0
844
3106
0
0
0
0
0
0
3451
2305
0
0
0
0
0
0
259
3273
0
0
0
0
0
0
3076
618
0
0
0
0
0
0
3296
3873
0
0
0
0
0
0
3474
1013
0
0
0
0
0
0
3780
754
0
0
0
0
0
0
4094
608
0
0
0
0
0
0
1607
326
0
0
0
0
0
0
1674
4079
0
0
0
0
0
0
550
2463
0
0
0
0
0
0
1673
2432
0
0
0
0
0
0
3585
3572
0
0
0
0
0
0
1180
2407
0
0
0
0
0
0
3259
495
0
0
0
0
0
0
1214
2933
0
0
0
0
0
0
1427
769
0
0
0
0
0
0
784
2816
0
0
0
0
0
0
3898
2710
0
0
0
0
0
0
82
3349
0
0
0
0
0
0
2722
173
0
0
0
0
0
0
3657
4034
0
0
0
0
0
0
3636
1372
0
0
0
0
0
0
3331
402
0
0
0
0
0
0
75
434
0
0
0
0
0
0
2013
767
0
0
0
0
0
0
1379
4016
0
0
0
0
0
0
2899
1507
0
0
0
0
0
0
2059
2738
0
0
0
0
0
0
3607
1235
0
0
0
0
0
0
629
1978
0
0
0
0
0
0
3466
453
0
0
0
0
0
0
1222
3475
0
0
0
0
0
0
1046
579
0
0
0
0
0
0
267
2873
0
0
0
0
0
0
245
3078
0
0
0
0
0
0
380
3825
0
0
0
0
0
0
2334
3833
0
0
0
0
0
0
2109
3720
0
0
0
0
0
0
3856
1766
0
0
0
0
0
0
2553
1969
0
0
0
0
0
0
109
203
0
0
0
0
0
0
2986
1538
0
0
0
0
0
0
1183
3987
0
0
0
0
0
0
2599
1083
0
0
0
0
0
0
2455
2961
0
0
0
0
0
0
3697
1542
0
0
0
0
0
0
187
1593
0
0
0
0
0
0
3613
352
0
0
0
0
0
0
1583
3912
0
0
0
0
0
0
704
447
0
0
0
0
0
0
82
2505
0
0
0
0
0
0
680
1905
0
0
0
0
0
0
305
4022
0
0
0
0
0
0
1924
3404
0
0
0
0
0
0
2328
3790
0
0
0
0
0
0
27
2177
0
0
0
0
0
0
2189
1693
0
0
0
0
0
0
58
4023
0
0
0
0
0
0
3560
1945
0
0
0
0
0
0
1004
4054
0
0
0
0
0
0
2629
512
0
0
0
0
0
0
2812
3124
0
0
0
0
0
0
95
1516
0
0
0
0
0
0
3849
1248
0
0
0
0
0
0
3149
3939
0
0
0
0
0
0
1978
240
0
0
0
0
0
0
1914
928
0
0
0
0
0
0
3940
2109
0
0
0
0
0
0
1097
2180
0
0
0
0
0
0
321
174
0
0
0
0
0
0
1501
2999
0
0
0
0
0
0
2537
3759
0
0
0
0
0
0
4064
2735
0
0
0
0
0
0
1814
1499
0
0
0
0
0
0
3695
4074
0
0
0
0
0
0
3990
2309
0
0
0
0
0
0
1436
431
0
0
0
0
0
0
2255
89
0
0
0
0
0
0
1628
2676
0
0
0
0
0
0
301
1893
0
0
0
0
0
0
3429
2448
0
0
0
0
0
0
3194
3722
0
0
0
0
0
0
2386
652
0
0
0
0
0
0
1725
887
0
0
0
0
0
0
3659
1702
0
0
0
0
0
0
1439
2428
0
0
0
0
0
0
396
461
0
0
0
0
0
0
937
2614
0
0
0
0
0
0
2688
3670
0
0
0
0
0
0
313
3154
0
0
0
0
0
0
2981
1914
0
0
0
0
0
0
3523
3720
0
0
0
0
0
0
314
1127
0
0
0
0
0
0
1354
612
0
0
0
0
0
0
1867
3772
0
0
0
0
0
0
1845
2756
0
0
0
0
0
0
550
2284
0
0
0
0
0
0
3078
2174
0
0
0
0
0
0
3157
3466
0
0
0
0
0
0
2940
1044
0
0
0
0
0
0
1542
940
0
0
0
0
0
0
3710
1152
0
0
0
0
0
0
1789
2592
0
0
0
0
0
0
875
415
0
0
0
0
0
0
524
2277
0
0
0
0
0
0
2229
3179
0
0
0
0
0
0
686
3564
0
0
0
0
0
0
2741
1802
0
0
0
0
0
0
3308
3352
0
0
0
0
0
0
668
1423
0
0
0
0
0
0
1359
839
0
0
0
0
0
0
1329
3373
0
0
0
0
0
0
2053
2736
0
0
0
0
0
0
472
2821
0
0
0
0
0
0
2718
1982
0
0
0
0
0
0
2714
3542
0
0
0
0
0
0
3298
1430
0
0
0
0
0
0
1967
1393
0
0
0
0
0
0
3407
726
0
0
0
0
0
0
549
2190
0
0
0
0
0
0
1200
775
0
0
0
0
0
0
167
3460
0
0
0
0
0
0
2653
2845
0
0
0
0
0
0
1207
3965
0
0
0
0
0
0
2855
1418
0
0
0
0
0
0
3423
2830
0
0
0
0
0
0
3089
747
0
0
0
0
0
0
1772
733
0
0
0
0
0
0
2431
965
0
0
0
0
0
0
1330
2677
0
0
0
0
0
0
928
1725
0
0
0
0
0
0
371
2708
0
0
0
0
0
0
2928
3079
0
0
0
0
0
0
2155
3814
0
0
0
0
0
0
2230
1192
0
0
0
0
0
0
2908
1823
0
0
0
0
0
0
282
1888
0
0
0
0
0
0
1059
1272
0
0
0
0
0
0
1337
3730
0
0
0
0
0
0
2280
2977
0
0
0
0
0
0
1547
2857
0
0
0
0
0
0
3197
1806
0
0
0
0
0
0
2994
2442
0
0
0
0
0
0
3376
950
0
0
0
0
0
0
1514
1168
0
0
0
0
0
0
2085
618
0
0
0
0
0
0
1429
2556
0
0
0
0
0
0
1262
2109
0
0
0
0
0
0
94
2625
0
0
0
0
0
0
2741
2741
0
0
0
0
0
0
2531
4076
0
0
0
0
0
0
2219
1389
0
0
0
0
0
0
2543
1458
0
0
0
0
0
0
489
1886
0
0
0
0
0
0
1314
1640
0
0
0
0
0
0
997
3538
0
0
0
0
0
0
2205
2714
0
0
0
0
0
0
1926
3188
0
0
0
0
0
0
3070
1892
0
0
0
0
0
0
2683
2067
0
0
0
0
0
0
3666
1062
0
0
0
0
0
0
1669
1478
0
0
0
0
0
0
1712
339
0
0
0
0
0
0
1472
2393
0
0
0
0
0
0
1610
2474
0
0
0
0
0
0
3963
2593
0
0
0
0
0
0
2516
2396
0
0
0
0
0
0
2876
195
0
0
0
0
0
0
2257
1620
0
0
0
0
0
0
2178
1122
0
0
0
0
0
0
643
1835
0
0
0
0
0
0
1597
2001
0
0
0
0
0
0
693
3397
0
0
0
0
0
0
2086
2431
0
0
0
0
0
0
2289
3478
0
0
0
0
0
0
2996
2021
0
0
0
0
0
0
2360
1708
0
0
0
0
0
0
3912
1126
0
0
0
0
0
0
1858
1801
0
0
0
0
0
0
1369
109
0
0
0
0
0
0
1466
2193
0
0
0
0
0
0
1956
2807
0
0
0
0
0
0
3785
2611
0
0
0
0
0
0
2267
2052
0
0
0
0
0
0
3185
359
0
0
0
0
0
0
2342
1874
0
0
0
0
0
0
1825
824
0
0
0
0
0
0
745
1739
0
0
0
0
0
0
1892
2347
0
0
0
0
0
0
434
3309
0
0
0
0
0
0
1930
2134
0
0
0
0
0
0
2631
3725
0
0
0
0
0
0
2969
2184
0
0
0
0
0
0
2035
1377
0
0
0
0
0
0
14
1139
0
0
0
0
0
0
2079
2126
0
0
0
0
0
0
1054
4019
0
0
0
0
0
0
1415
1972
0
0
0
0
0
0
2295
3111
0
0
0
0
0
0
3656
2673
0
0
0
0
0
0
1998
1718
0
0
0
0
0
0
3455
473
0
0
0
0
0
0
2465
2144
0
0
0
0
0
0
1493
566
0
0
0
0
0
0
799
1609
0
0
0
0
0
0
2196
2674
0
0
0
0
0
0
221
3266
0
0
0
0
0
0
1743
1832
0
0
0
0
0
0
2943
3929
0
0
0
0
0
0
2989
2377
0
0
0
0
0
0
1715
1073
0
0
0
0
0
0
164
1107
0
0
0
0
0
0
2316
2443
0
0
0
0
0
0
781
3881
0
0
0
0
0
0
1325
1731
0
0
0
0
0
0
2616
3376
0
0
0
0
0
0
3576
2772
0
0
0
0
0
0
1721
1402
0
0
0
0
0
0
3681
544
0
0
0
0
0
0
2619
2421
0
0
0
0
0
0
1185
351
0
0
0
0
0
0
810
1449
0
0
0
0
0
0
2494
2973
0
0
0
0
0
0
51
3266
0
0
0
0
0
0
1537
1537
0
0
0
0
0
0
3220
4085
0
0
0
0
0
0
3048
2589
0
0
0
0
0
0
1408
807
0
0
0
0
0
0
270
1041
0
0
0
0
0
0
2565
2744
0
0
0
0
0
0
545
3791
0
0
0
0
0
0
1203
1481
0
0
0
0
0
0
2914
3601
0
0
0
0
0
0
3539
2902
0
0
0
0
0
0
1447
1113
0
0
0
0
0
0
3862
569
0
0
0
0
0
0
2795
2696
0
0
0
0
0
0
911
180
0
0
0
0
0
0
780
1266
0
0
0
0
0
0
2781
3238
0
0
0
0
0
0
4024
3304
0
0
0
0
0
0
1317
1254
0
0
0
0
0
0
3458
100
0
0
0
0
0
0
3139
2809
0
0
0
0
0
0
1125
579
0
0
0
0
0
0
329
943
0
0
0
0
0
0
2814
3020
0
0
0
0
0
0
352
3738
0
0
0
0
0
0
1057
1231
0
0
0
0
0
0
3181
3783
0
0
0
0
0
0
3540
3050
0
0
0
0
0
0
1182
855
0
0
0
0
0
0
4003
559
0
0
0
0
0
0
2985
2957
0
0
0
0
0
0
673
51
0
0
0
0
0
0
718
1076
0
0
0
0
0
0
3049
3466
0
0
0
0
0
0
3943
3374
0
0
0
0
0
0
1096
992
0
0
0
0
0
0
3656
171
0
0
0
0
0
0
3255
3032
0
0
0
0
0
0
867
391
0
0
0
0
0
0
351
823
0
0
0
0
0
0
3055
3270
0
0
0
0
0
0
203
3725
0
0
0
0
0
0
899
994
0
0
0
0
0
0
3416
3923
0
0
0
0
0
0
3576
3214
0
0
0
0
0
0
932
629
0
0
0
0
0
0
5
518
0
0
0
0
0
0
3180
3201
0
0
0
0
0
0
474
4059
0
0
0
0
0
0
632
882
0
0
0
0
0
0
3294
3657
0
0
0
0
0
0
3899
3464
0
0
0
0
0
0
877
754
0
0
0
0
0
0
3813
205
0
0
0
0
0
0
3386
3247
0
0
0
0
0
0
643
242
0
0
0
0
0
0
341
689
0
0
0
0
0
0
3283
3488
0
0
0
0
0
0
93
3743
0
0
0
0
0
0
733
769
0
0
0
0
0
0
3612
4023
0
0
0
0
0
0
3635
3381
0
0
0
0
0
0
706
441
0
0
0
0
0
0
67
453
0
0
0
0
0
0
3369
3421
0
0
0
0
0
0
314
4008
0
0
0
0
0
0
529
691
0
0
0
0
0
0
3504
3809
0
0
0
0
0
0
3889
3571
0
0
0
0
0
0
674
548
0
0
0
0
0
0
3933
210
0
0
0
0
0
0
3523
3448
0
0
0
0
0
0
454
133
0
0
0
0
0
0
307
550
0
0
0
0
0
0
3489
3671
0
0
0
0
0
0
19
3784
0
0
0
0
0
0
569
569
0
0
0
0
0
0
3771
4090
0
0
0
0
0
0
3712
3543
0
0
0
0
0
0
509
292
0
0
0
0
0
0
94
372
0
0
0
0
0
0
3548
3613
0
0
0
0
0
0
191
3986
0
0
0
0
0
0
420
517
0
0
0
0
0
0
3685
3922
0
0
0
0
0
0
3902
3684
0
0
0
0
0
0
490
377
0
0
0
0
0
0
4016
189
0
0
0
0
0
0
3661
3628
0
0
0
0
0
0
299
58
0
0
0
0
0
0
252
412
0
0
0
0
0
0
3668
3817
0
0
0
0
0
0
4071
3841
0
0
0
0
0
0
416
395
0
0
0
0
0
0
3893
29
0
0
0
0
0
0
3797
3694
0
0
0
0
0
0
344
175
0
0
0
0
0
0
98
284
0
0
0
0
0
0
3709
3772
0
0
0
0
0
0
103
3989
0
0
0
0
0
0
308
359
0
0
0
0
0
0
3828
4004
0
0
0
0
0
0
3935
3796
0
0
0
0
0
0
332
239
0
0
0
0
0
0
4069
155
0
0
0
0
0
0
3788
3780
0
0
0
0
0
0
181
12
0
0
0
0
0
0
191
286
0
0
0
0
0
0
3817
3928
0
0
0
0
0
0
4054
3907
0
0
0
0
0
0
280
253
0
0
0
0
0
0
3983
41
0
0
0
0
0
0
3885
3829
0
0
0
0
0
0
211
94
0
0
0
0
0
0
83
197
0
0
0
0
0
0
3846
3898
0
0
0
0
0
0
47
4008
0
0
0
0
0
0
205
227
0
0
0
0
0
0
3939
4055
0
0
0
0
0
0
3978
3899
0
0
0
0
0
0
202
135
0
0
0
0
0
0
4095
110
0
0
0
0
0
0
3900
3905
0
0
0
0
0
0
96
4086
0
0
0
0
0
0
127
177
0
0
0
0
0
0
3933
4006
0
0
0
0
0
0
4056
3970
0
0
0
0
0
0
165
143
0
0
0
0
0
0
4041
36
0
0
0
0
0
0
3964
3937
0
0
0
0
0
0
114
41
0
0
0
0
0
0
57
118
0
0
0
0
0
0
3955
3989
0
0
0
0
0
0
13
4035
0
0
0
0
0
0
116
122
0
0
0
0
0
0
4016
4082
0
0
0
0
0
0
4022
3982
0
0
0
0
0
0
104
65
0
0
0
0
0
0
7
64
0
0
0
0
0
0
3990
3998
0
0
0
0
0
0
43
4082
0
0
0
0
0
0
70
91
0
0
0
0
0
0
4017
4057
0
0
0
0
0
0
4068
4028
0
0
0
0
0
0
79
63
0
0
0
0
0
0
4074
23
0
0
0
0
0
0
4027
4019
0
0
0
0
0
0
47
12
0
0
0
0
0
0
29
55
0
0
0
0
0
0
4033
4050
0
0
0
0
0
0
4095
4062
0
0
0
0
0
0
51
50
0
0
0
0
0
0
4065
4093
0
0
0
0
0
0
4061
4046
0
0
0
0
0
0
39
21
0
0
0
0
0
0
6
27
0
0
0
0
0
0
4055
4059
0
0
0
0
0
0
10
4087
0
0
0
0
0
0
25
31
0
0
0
0
0
0
4069
4083
0
0
0
0
0
0
4082
4070
0
0
0
0
0
0
24
17
0
0
0
0
0
0
4089
8
0
0
0
0
0
0
4074
4073
0
0
0
0
0
0
10
1
0
0
0
0
0
0
8
15
0
0
0
0
0
0
4078
4083
0
0
0
0
0
0
4094
4086
0
0
0
0
0
0
9
8
0
0
0
0
0
0
4089
4095
0
0
0
0
0
0
4086
4085
0
0
0
0
0
0
4
2
0
0
0
0
0
0
4095
1
0
0
0
0
0
0
4087
4089
0
0
0
0
0
0
0
4093
0
0
0
0
0
0
1
1
0
0
0
0
0
0
4092
4093
0
0
0
0
0
0
4092
4093
0
0
0
0
0
0
4095
4095
0
0
0
0
0
0
4093
4095
0
0
0
0
0
0
4093
4092
0
0
0
0
0
0
4095
4092
0
0
0
0
0
0
4095
0
0
0
0
0
0
0
4093
4095
0
0
0
0
0
0
0
4095
0
0
0
0
0
0
0
0
0
0
0
0
0
0
0
0
0
0
0
0
0
0
4095
0
0
0
0
0
0
0
0
0
0
0
0
0
0
0
0
0
0
0
0
0
0
0
0
0
0
0
0
0
0
0
0
0
0
0
0
0
0
0
0
0
0
0
0
0
0
0
0
0
0
0
0
0
0
0
0
0
0
0
0
0
0
0
0
0
0
0
0
0
0
0
0
0
0
0
0
0
0
0
0
0
0
0
0
0
0
0
0
0
0
0
0
0
0
0
0
0
0
0
0
0
0
0
0
0
0
0
0
0
0
0
0
0
0
0
0
0
0
0
0
0
0
0
0
0
0
0
0
0
0
0
0
0
0
0
0
0
0
0
0
0
0
0
0
0
0
0
0
0
0
0
0
0
0
0
0
0
0
0
0
0
0
0
0
0
0
0
0
0
0
0
0
0
0
0
0
0
0
0
0
0
0
0
0
0
0
0
0
0
0
0
0
0
0
0
0
0
0
0
0
0
0
0
0
0
0
0
0
0
0
0
0
0
0
0
0
0
0
0
0
0
0
0
0
0
0
0
0
0
0
0
0
0
0
0
0
0
0
0
0
0
0
0
0
0
0
0
0
0
0
0
0
0
0
0
0
0
0
0
0
0
0
0
0
0
0
0
0
0
0
0
0
0
0
0
0
0
0
0
0
0
0
0
0
0
0
0
0
0
0
0
0
0
0
0
0
0
0
0
0
0
0
0
0
0
0
0
0
0
0
0
0
0
0
0
0
0
0
0
0
0
0
0
0
0
0
0
0
0
0
0
0
0
0
0
0
0
0
0
0
0
0
0
0
0
0
0
0
0
0
0
0
0
0
0
0
0
0
0
0
0
0
0
0
0
0
0
0
0
0
0
0
0
0
0
0
0
0
0
0
0
0
0
0
0
0
0
0
0
0
0
0
0
0
0
0
0
0
0
0
0
0
0
0
0
0
0
0
0
0
0
0
0
0
0
0
0
0
0
0
0
0
0
0
0
0
0
0
0
0
0
0
0
0
0
0
0
0
0
0
0
0
0
0
0
0
0
0
0
0
0
0
0
0
0
0
0
0
0
0
0
0
0
0
0
0
0
0
0
0
0
0
0
0
0
0
0
0
0
0
0
0
0
0
0
0
0
0
0
0
0
0
0
0
0
0
0
0
0
0
0
0
0
0
0
0
0
0
0
0
0
0
0
0
0
0
0
0
0
0
0
0
0
0
0
0
0
0
0
0
0
0
0
0
0
0
0
0
0
0
0
0
0
0
0
0
0
0
0
0
0
0
0
0
0
0
0
0
0
0
0
0
0
0
0
0
0
0
0
0
0
0
0
0
0
0
0
0
0
0
0
0
0
0
0
0
0
0
0
0
0
0
0
0
0
0
0
0
0
0
0
0
0
0
0
0
0
0
0
0
0
0
0
0
0
0
0
0
0
0
0
0
0
0
0
0
0
0
0
0
0
0
0
0
0
0
0
0
0
0
0
0
0
0
0
0
0
0
0
0
0
0
0
0
0
0
0
0
0
0
0
0
0
0
0
0
0
0
0
0
0
0
0
0
0
0
0
0
0
0
0
0
0
0
0
0
0
0
0
0
0
0
0
0
0
0
0
0
0
0
0
0
0
0
0
0
0
0
0
0
0
0
0
0
0
0
0
0
0
0
0
0
0
0
0
0
0
0
0
0
0
0
0
0
0
0
0
0
0
0
0
0
0
0
0
0
0
0
0
0
0
0
0
0
0
0
0
0
0
0
0
0
0
0
0
0
0
0
0
0
0
0
0
0
0
0
0
0
0
0
0
0
0
0
0
0
0
0
0
0
0
0
0
0
0
0
0
0
0
0
0
0
0
0
0
0
0
0
0
0
0
0
0
0
0
0
0
0
0
0
0
0
0
0
0
0
0
0
0
0
0
0
0
0
0
0
0
0
0
0
0
0
0
0
0
0
0
0
0
0
0
0
0
0
0
0
0
0
0
0
0
0
0
0
0
0
0
0
0
0
0
0
0
0
0
0
0
0
0
0
0
0
0
0
0
0
0
0
0
0
0
0
0
0
0
0
0
0
0
0
0
0
0
0
0
0
0
0
0
0
0
0
0
0
0
0
0
0
0
0
0
0
0
0
0
0
0
0
0
0
0
0
0
0
0
0
0
0
0
0
0
0
0
0
0
0
0
0
0
0
0
0
0
0
0
0
0
0
0
0
0
0
0
0
0
0
0
0
0
0
0
0
0
0
0
0
0
0
0
0
0
0
0
0
0
0
0
0
0
0
0
0
0
0
0
0
0
0
0
0
0
0
0
0
0
0
0
0
0
0
0
0
0
0
0
0
0
0
0
0
0
0
0
0
0
0
0
0
0
0
0
0
0
0
0
0
0
0
0
0
0
0
0
0
0
0
0
0
0
0
0
0
0
0
0
0
0
0
0
0
0
0
0
0
0
0
0
0
0
0
0
0
0
0
0
0
0
0
0
0
0
0
0
0
0
0
0
0
0
0
0
0
0
0
0
0
0
0
0
0
0
0
0
0
0
0
0
0
0
0
0
0
0
0
0
0
0
0
0
0
0
0
0
0
0
0
0
0
0
0
0
0
0
0
0
0
0
0
0
0
0
0
0
0
0
0
0
0
0
0
0
0
0
0
0
0
0
0
0
0
0
0
0
0
0
0
0
0
0
0
0
0
0
0
0
0
0
0
0
0
0
0
0
0
0
0
0
0
0
0
0
0
0
0
0
0
0
0
0
0
0
0
0
0
0
0
0
0
0
0
0
0
0
0
0
0
0
0
0
0
0
0
0
0
0
0
0
0
0
0
0
0
0
0
0
0
0
0
0
0
0
0
0
0
0
0
0
0
0
0
0
0
0
0
0
0
0
0
0
0
0
0
0
0
0
0
0
0
0
0
0
0
0
0
0
0
0
0
0
0
0
0
0
0
0
0
0
0
0
0
0
0
0
0
0
0
0
0
0
0
0
0
0
0
0
0
0
0
0
0
0
0
0
0
0
0
0
0
0
0
0
0
0
0
0
0
0
0
0
0
0
0
0
0
0
0
0
0
0
0
0
0
0
0
0
0
0
0
0
0
0
0
0
0
0
0
0
0
0
0
0
0
0
0
0
0
0
0
0
0
0
0
0
0
0
0
0
0
0
0
0
0
0
0
0
0
0
0
0
0
0
0
0
0
0
0
0
0
0
0
0
0
0
0
0
0
0
0
0
0
0
0
0
0
0
0
0
0
0
0
0
0
0
0
0
0
0
0
0
0
0
0
0
0
0
0
0
0
0
0
0
0
0
0
0
0
0
0
0
0
0
0
0
0
0
0
0
0
0
0
0
0
0
0
0
0
0
0
0
0
0
0
0
0
0
0
0
0
0
0
0
0
0
0
0
0
0
0
0
0
0
0
0
0
0
0
0
0
0
0
0
0
0
0
0
0
0
0
0
0
0
0
0
0
0
0
0
0
0
0
0
0
0
0
0
0
0
0
0
0
0
0
0
0
0
0
0
0
0
0
0
0
0
0
0
0
0
0
0
0
0
0
0
0
0
0
0
0
0
0
0
0
0
0
0
0
0
0
0
0
0
0
0
0
0
0
0
0
0
0
0
0
0
0
0
0
0
0
0
0
0
0
0
0
0
0
0
0
0
0
0
0
0
0
0
0
0
0
0
0
0
0
0
0
0
0
0
0
0
0
0
0
0
0
0
0
0
0
0
0
0
0
0
0
0
0
0
0
0
0
0
0
0
0
0
0
0
0
0
0
0
0
0
0
0
0
0
0
0
0
0
0
0
0
0
0
0
0
0
0
0
0
0
0
0
0
0
0
0
0
0
0
0
0
0
0
0
0
0
0
0
0
0
0
0
0
0
0
0
0
0
0
0
0
0
0
0
0
0
0
0
0
0
0
0
0
0
0
0
0
0
0
0
0
0
0
0
0
0
0
0
0
0
0
0
0
0
0
0
0
0
0
0
0
0
0
0
0
0
0
0
0
0
0
0
0
0
0
0
0
0
0
0
0
0
0
0
0
0
0
0
0
0
0
0
0
0
0
0
0
0
0
0
0
0
0
0
0
0
0
0
0
0
0
0
0
0
0
0
0
0
0
0
0
0
0
0
0
0
0
0
0
0
0
0
0
0
0
0
0
0
0
0
0
0
0
0
0
0
0
0
0
0
0
0
0
0
0
0
0
0
0
0
0
0
0
0
0
0
0
0
0
0
0
0
0
0
0
0
0
0
0
0
0
0
0
0
0
0
0
0
0
0
0
0
0
0
0
0
0
0
0
0
0
0
0
0
0
0
0
0
0
0
0
0
0
0
0
0
0
0
0
0
0
0
0
0
0
0
0
0
0
0
0
0
0
0
0
0
0
0
0
0
0
0
0
0
0
0
0
0
0
0
0
0
0
0
0
0
0
0
0
0
0
0
0
0
0
0
0
0
0
0
0
0
0
0
0
0
0
0
0
0
0
0
0
0
0
0
0
0
0
0
0
0
0
0
0
0
0
0
0
0
0
0
0
0
0
0
0
0
0
0
0
0
0
0
0
0
0
0
0
0
0
0
0
0
0
0
0
0
0
0
0
0
0
0
0
0
0
0
0
0
0
0
0
0
0
0
0
0
0
0
0
0
0
0
0
0
0
0
0
0
0
0
0
0
0
0
0
0
0
0
0
0
0
0
0
0
0
0
0
0
0
0
0
0
0
0
0
0
0
0
0
0
0
0
0
0
0
0
0
0
0
0
0
0
0
0
0
0
0
0
0
0
0
0
0
0
0
0
0
0
0
0
0
0
0
0
0
0
0
0
0
0
0
0
0
0
0
0
0
0
0
0
0
0
0
0
0
0
0
0
0
0
0
0
0
0
0
0
0
0
0
0
0
0
0
0
0
0
0
0
0
0
0
0
0
0
0
0
0
0
0
0
0
0
0
0
0
0
0
0
0
0
0
0
0
0
0
0
0
0
0
0
0
0
0
0
0
0
0
0
0
0
0
0
0
0
0
0
0
0
0
0
0
0
0
0
0
0
0
0
0
0
0
0
0
0
0
0
0
0
0
0
0
0
0
0
0
0
0
0
0
0
0
0
0
0
0
0
0
0
0
0
0
0
0
0
0
0
0
0
0
0
0
0
0
0
0
0
0
0
0
0
0
0
0
0
0
0
0
0
0
0
0
0
0
0
0
0
0
0
0
0
0
0
0
0
0
0
0
0
0
0
0
0
0
0
0
0
0
0
0
0
0
0
0
0
0
0
0
0
0
0
0
0
0
0
0
0
0
0
0
0
0
0
0
0
0
0
0
0
0
0
0
0
0
0
0
0
0
0
0
0
0
0
0
0
0
0
0
0
0
0
0
0
0
0
0
0
0
0
0
0
0
0
0
0
0
0
0
0
0
0
0
0
0
0
0
0
0
0
0
0
0
0
0
0
0
0
0
0
0
0
0
0
0
0
0
0
0
0
0
0
0
0
0
0
0
0
0
0
0
0
0
0
0
0
0
0
0
0
0
0
0
0
0
0
0
0
0
0
0
0
0
0
0
0
0
0
0
0
0
0
0
0
0
0
0
0
0
0
0
0
0
0
0
0
0
0
0
0
0
0
0
0
0
0
0
0
0
0
0
0
0
0
0
0
0
0
0
0
0
0
0
0
0
0
0
0
0
0
0
0
0
0
0
0
0
0
0
0
0
0
0
0
0
0
0
0
0
0
0
0
0
0
0
0
0
0
0
0
0
0
0
0
0
0
0
0
0
0
0
0
0
0
0
0
0
0
0
0
0
0
0
0
0
0
0
0
0
0
0
0
0
0
0
0
0
0
0
0
0
0
0
0
0
0
0
0
0
0
0
0
0
0
0
0
0
0
0
0
0
0
0
0
0
0
0
0
0
0
0
0
0
0
0
0
0
0
0
0
0
0
0
0
0
0
0
0
0
0
0
0
0
0
0
0
0
0
0
0
0
0
0
0
0
0
0
0
0
0
0
0
0
0
0
0
0
0
0
0
0
0
0
0
0
0
0
0
0
0
0
0
0
0
0
0
0
0
0
0
0
0
0
0
0
0
0
0
0
0
0
0
0
0
0
0
0
0
0
0
0
0
0
0
0
0
0
0
0
0
0
0
0
0
0
0
0
0
0
0
0
0
0
0
0
0
0
0
0
0
0
0
0
0
0
0
0
0
0
0
0
0
0
0
0
0
0
0
0
0
0
0
0
0
0
0
0
0
0
0
0
0
0
0
0
0
0
0
0
0
0
0
0
0
0
0
0
0
0
0
0
0
0
0
0
0
0
0
0
0
0
0
0
0
0
0
0
0
0
0
0
0
0
0
0
0
0
0
0
0
0
0
0
0
0
0
0
0
0
0
0
0
0
0
0
0
0
0
0
0
0
0
0
0
0
0
0
0
0
0
0
0
0
0
0
0
0
0
0
0
0
0
0
0
0
0
0
0
0
0
0
0
0
0
0
0
0
0
0
0
0
0
0
0
0
0
0
0
0
0
0
0
0
0
0
0
0
0
0
0
0
0
0
0
0
0
0
0
0
0
0
0
0
0
0
0
0
0
0
0
0
0
0
0
0
0
0
0
0
0
0
0
0
0
0
0
0
0
0
0
0
0
0
0
0
0
0
0
0
0
0
0
0
0
0
0
0
0
0
0
0
0
0
0
0
0
0
0
0
0
0
0
0
0
0
0
0
0
0
0
0
0
0
0
0
0
0
0
0
0
0
0
0
0
0
0
0
0
0
0
0
0
0
0
0
0
0
0
0
0
0
0
0
0
0
0
0
0
0
0
0
0
0
0
0
0
0
0
0
0
0
0
0
0
0
0
0
0
0
0
0
0
0
0
0
0
0
0
0
0
0
0
0
0
0
0
0
0
0
0
0
0
0
0
0
0
0
0
0
0
0
0
0
0
0
0
0
0
0
0
0
0
0
0
0
0
0
0
0
0
0
0
0
0
0
0
0
0
0
0
0
0
0
0
0
0
0
0
0
0
0
0
0
0
0
0
0
0
0
0
0
0
0
0
0
0
0
0
0
0
0
0
0
0
0
0
0
0
0
0
0
0
0
0
0
0
0
0
0
0
0
0
0
0
0
0
0
0
0
0
0
0
0
0
0
0
0
0
0
0
0
0
0
0
0
0
0
0
0
0
0
0
0
0
0
0
0
0
0
0
0
0
0
0
0
0
0
0
0
0
0
0
0
0
0
0
0
0
0
0
0
0
0
0
0
0
0
0
0
0
0
0
0
0
0
0
0
0
0
0
0
0
0
0
0
0
0
0
0
0
0
0
0
0
0
0
0
0
0
0
0
0
0
0
0
0
0
0
0
0
0
0
0
0
0
0
0
0
0
0
0
0
0
0
0
0
0
0
0
0
0
0
0
0
0
0
0
0
0
0
0
0
0
0
0
0
0
0
0
0
0
0
0
0
0
0
0
0
0
0
0
0
0
0
0
0
0
0
0
0
0
0
0
0
0
0
0
0
0
0
0
0
0
0
0
0
0
0
0
0
0
0
0
0
0
0
0
0
0
0
0
0
0
0
0
0
0
0
0
0
0
0
0
0
0
0
0
0
0
0
0
0
0
0
0
0
0
0
0
0
0
0
0
0
0
0
0
0
0
0
0
0
0
0
0
0
0
0
0
0
0
0
0
0
0
0
0
0
0
0
0
0
0
0
0
0
0
0
0
0
0
0
0
0
0
0
0
0
0
0
0
0
0
0
0
0
0
0
0
0
0
0
0
0
0
0
0
0
0
0
0
0
0
0
0
0
0
0
0
0
0
0
0
0
0
0
0
0
0
0
0
0
0
0
0
0
0
0
0
0
0
0
0
0
0
0
0
0
0
0
0
0
0
0
0
0
0
0
0
0
0
0
0
0
0
0
0
0
0
0
0
0
0
0
0
0
0
0
0
0
0
0
0
0
0
0
0
0
0
0
0
0
0
0
0
0
0
0
0
0
0
0
0
0
0
0
0
0
0
0
0
0
0
0
0
0
0
0
0
0
0
0
0
0
0
0
0
0
0
0
0
0
0
0
0
0
0
0
0
0
0
0
0
0
0
0
0
0
0
0
0
0
0
0
0
0
0
0
0
0
0
0
0
0
0
0
0
0
0
0
0
0
0
0
0
0
0
0
0
0
0
0
0
0
0
0
0
0
0
0
0
0
0
0
0
0
0
0
0
0
0
0
0
0
0
0
0
0
0
0
0
0
0
0
0
0
0
0
0
0
0
0
0
0
0
0
0
0
0
0
0
0
0
0
0
0
0
0
0
0
0
0
0
0
0
0
0
0
0
0
0
0
0
0
0
0
0
0
0
0
0
0
0
0
0
0
0
0
0
0
0
0
0
0
0
0
0
0
0
0
0
0
0
0
0
0
0
0
0
0
0
0
0
0
0
0
0
0
0
0
0
0
0
0
0
0
0
0
0
0
0
0
0
0
0
0
0
0
0
0
0
0
0
0
0
0
0
0
0
0
0
0
0
0
0
0
0
0
0
0
0
0
0
0
0
0
0
0
0
0
0
0
0
0
0
0
0
0
0
0
0
0
0
0
0
0
0
0
0
0
0
0
0
0
0
0
0
0
0
0
0
0
0
0
0
0
0
0
0
0
0
0
0
0
0
0
0
0
0
0
0
0
0
0
0
0
0
0
0
0
0
0
0
0
0
0
0
0
0
0
0
0
0
0
0
0
0
0
0
0
0
0
0
0
0
0
0
0
0
0
0
0
0
0
0
0
0
0
0
0
0
0
0
0
0
0
0
0
0
0
0
0
0
0
0
0
0
0
0
0
0
0
0
0
0
0
0
0
0
0
0
0
0
0
0
0
0
0
0
0
0
0
0
0
0
0
0
0
0
0
0
0
0
0
0
0
0
0
0
0
0
0
0
0
0
0
0
0
0
0
0
0
0
0
0
0
0
0
0
0
0
0
0
0
0
0
0
0
0
0
0
0
0
0
0
0
0
0
0
0
0
0
0
0
0
0
0
0
0
0
0
0
0
0
0
0
0
0
0
0
0
0
0
0
0
0
0
0
0
0
0
0
0
0
0
0
0
0
0
0
0
0
0
0
0
0
0
0
0
0
0
0
0
0
0
0
0
0
0
0
0
0
0
0
0
0
0
0
0
0
0
0
0
0
0
0
0
0
0
0
0
0
0
0
0
0
0
0
0
0
0
0
0
0
0
0
0
0
0
0
0
0
0
0
0
0
0
0
0
0
0
0
0
0
0
0
0
0
0
0
0
0
0
0
0
0
0
0
0
0
0
0
0
0
0
0
0
0
0
0
0
0
0
0
0
0
0
0
0
0
0
0
0
0
0
0
0
0
0
0
0
0
0
0
0
0
0
0
0
0
0
0
0
0
0
0
0
0
0
0
0
0
0
0
0
0
0
0
0
0
0
0
0
0
0
0
0
0
0
0
0
0
0
0
0
0
0
0
0
0
0
0
0
0
0
0
0
0
0
0
0
0
0
0
0
0
0
0
0
0
0
0
0
0
0
0
0
0
0
0
0
0
0
0
0
0
0
0
0
0
0
0
0
0
0
0
0
0
0
0
0
0
0
0
0
0
0
0
0
0
0
0
0
0
0
0
0
0
0
0
0
0
0
0
0
0
0
0
0
0
0
0
0
0
0
0
0
0
0
0
0
0
0
0
0
0
0
0
0
0
0
0
0
0
0
0
0
0
0
0
0
0
0
0
0
0
0
0
0
0
0
0
0
0
0
0
0
0
0
0
0
0
0
0
0
0
0
0
0
0
0
0
0
0
0
0
0
0
0
0
0
0
0
0
0
0
0
0
0
0
0
0
0
0
0
0
0
0
0
0
0
0
0
0
0
0
0
0
0
0
0
0
0
0
0
0
0
0
0
0
0
0
0
0
0
0
0
0
0
0
0
0
0
0
0
0
0
0
0
0
0
0
0
0
0
0
0
0
0
0
0
0
0
0
0
0
0
0
0
0
0
0
0
0
0
0
0
0
0
0
0
0
0
0
0
0
0
0
0
0
0
0
0
0
0
0
0
0
0
0
0
0
0
0
0
0
0
0
0
0
0
0
0
0
0
0
0
0
0
0
0
0
0
0
0
0
0
0
0
0
0
0
0
0
0
0
0
0
0
0
0
0
0
0
0
0
0
0
0
0
0
0
0
0
0
0
0
0
0
0
0
0
0
0
0
0
0
0
0
0
0
0
0
0
0
0
0
0
0
0
0
0
0
0
0
0
0
0
0
0
0
0
0
0
0
0
0
0
0
0
0
0
0
0
0
0
0
0
0
0
0
0
0
0
0
0
0
0
0
0
0
0
0
0
0
0
0
0
0
0
0
0
0
0
0
0
0
0
0
0
0
0
0
0
0
0
0
0
0
0
0
0
0
0
0
0
0
0
0
0
0
0
0
0
0
0
0
0
0
0
0
0
0
0
0
0
0
0
0
0
0
0
0
0
0
0
0
0
0
0
0
0
0
0
0
0
0
0
0
0
0
0
0
0
0
0
0
0
0
0
0
0
0
0
0
0
0
0
0
0
0
0
0
0
0
0
0
0
0
0
0
0
0
0
0
0
0
0
0
0
0
0
0
0
0
0
0
0
0
0
0
0
0
0
0
0
0
0
0
0
0
0
0
0
0
0
0
0
0
0
0
0
0
0
0
0
0
0
0
0
0
0
0
0
0
0
0
0
0
0
0
0
0
0
0
0
0
0
0
0
0
0
0
0
0
0
0
0
0
0
0
0
0
0
0
0
0
0
0
0
0
0
0
0
0
0
0
0
0
0
0
0
0
0
0
0
0
0
0
0
0
0
0
0
0
0
0
0
0
0
0
0
0
0
0
0
0
0
0
0
0
0
0
0
0
0
0
0
0
0
0
0
0
0
0
0
0
0
0
0
0
0
0
0
0
0
0
0
0
0
0
0
0
0
0
0
0
0
0
0
0
0
0
0
0
0
0
0
0
0
0
0
0
0
0
0
0
0
0
0
0
0
0
0
0
0
0
0
0
0
0
0
0
0
0
0
0
0
0
0
0
0
0
0
0
0
0
0
0
0
0
0
0
0
0
0
0
0
0
0
0
0
0
0
0
0
0
0
0
0
0
0
0
0
0
0
0
0
0
0
0
0
0
0
0
0
0
0
0
0
0
0
0
0
0
0
0
0
0
0
0
0
0
0
0
0
0
0
0
0
0
0
0
0
0
0
0
0
0
0
0
0
0
0
0
0
0
0
0
0
0
0
0
0
0
0
0
0
0
0
0
0
0
0
0
0
0
0
0
0
0
0
0
0
0
0
0
0
0
0
0
0
0
0
0
0
0
0
0
0
0
0
0
0
0
0
0
0
0
0
0
0
0
0
0
0
0
0
0
0
0
0
0
0
0
0
0
0
0
0
0
0
0
0
0
0
0
0
0
0
0
0
0
0
0
0
0
0
0
0
0
0
0
0
0
0
0
0
0
0
0
0
0
0
0
0
0
0
0
0
0
0
0
0
0
0
0
0
0
0
0
0
0
0
0
0
0
0
0
0
0
0
0
0
0
0
0
0
0
0
0
0
0
0
0
0
0
0
0
0
0
0
0
0
0
0
0
0
0
0
0
0
0
0
0
0
0
0
0
0
0
0
0
0
0
0
0
0
0
0
0
0
0
0
0
0
0
0
0
0
0
0
0
0
0
0
0
0
0
0
0
0
0
0
0
0
0
0
0
0
0
0
0
0
0
0
0
0
0
0
0
0
0
0
0
0
0
0
0
0
0
0
0
0
0
0
0
0
0
0
0
0
0
0
0
0
0
0
0
0
0
0
0
0
0
0
0
0
0
0
0
0
0
0
0
0
0
0
0
0
0
0
0
0
0
0
0
0
0
0
0
0
0
0
0
0
0
0
0
0
0
0
0
0
0
0
0
0
0
0
0
0
0
0
0
0
0
0
0
0
0
0
0
0
0
0
0
0
0
0
0
0
0
0
0
0
0
0
0
0
0
0
0
0
0
0
0
0
0
0
0
0
0
0
0
0
0
0
0
0
0
0
0
0
0
0
0
0
0
0
0
0
0
0
0
0
0
0
0
0
0
0
0
0
0
0
0
0
0
0
0
0
0
0
0
0
0
0
0
0
0
0
0
0
0
0
0
0
0
0
0
0
0
0
0
0
0
0
0
0
0
0
0
0
0
0
0
0
0
0
0
0
0
0
0
0
0
0
0
0
0
0
0
0
0
0
0
0
0
0
0
0
0
0
0
0
0
0
0
0
0
0
0
0
0
0
0
0
0
0
0
0
0
0
0
0
0
0
0
0
0
0
0
0
0
0
0
0
0
0
0
0
0
0
0
0
0
0
0
0
0
0
0
0
0
0
0
0
0
0
0
0
0
0
0
0
0
0
0
0
0
0
0
0
0
0
0
0
0
0
0
0
0
0
0
0
0
0
0
0
0
0
0
0
0
0
0
0
0
0
0
0
0
0
0
0
0
0
0
0
0
0
0
0
0
0
0
0
0
0
0
0
0
0
0
0
0
0
0
0
0
0
0
0
0
0
0
0
0
0
0
0
0
0
0
0
0
0
0
0
0
0
0
0
0
0
0
0
0
0
0
0
0
0
0
0
0
0
0
0
0
0
0
0
0
0
0
0
0
0
0
0
0
0
0
0
0
0
0
0
0
0
0
0
0
0
0
0
0
0
0
0
0
0
0
0
0
0
0
0
0
0
0
0
0
0
0
0
0
0
0
0
0
0
0
0
0
0
0
0
0
0
0
0
0
0
0
0
0
0
0
0
0
0
0
0
0
0
0
0
0
0
0
0
0
0
0
0
0
0
0
0
0
0
0
0
0
0
0
0
0
0
0
0
0
0
0
0
0
0
0
0
0
0
0
0
0
0
0
0
0
0
0
0
0
0
0
0
0
0
0
0
0
0
0
0
0
0
0
0
0
0
0
0
0
0
0
0
0
0
0
0
0
0
0
0
0
0
0
0
0
0
0
0
0
0
0
0
0
0
0
0
0
0
0
0
0
0
0
0
0
0
0
0
0
0
0
0
0
0
0
0
0
0
0
0
0
0
0
0
0
0
0
0
0
0
0
0
0
0
0
0
0
0
0
0
0
0
0
0
0
0
0
0
0
0
0
0
0
0
0
0
0
0
0
0
0
0
0
0
0
0
0
0
0
0
0
0
0
0
0
0
0
0
0
0
0
0
0
0
0
0
0
0
0
0
0
0
0
0
0
0
0
0
0
0
0
0
0
0
0
0
0
0
0
0
0
0
0
0
0
0
0
0
0
0
0
0
0
0
0
0
0
0
0
0
0
0
0
0
0
0
0
0
0
0
0
0
0
0
0
0
0
0
0
0
0
0
0
0
0
0
0
0
0
0
0
0
0
0
0
0
0
0
0
0
0
0
0
0
0
0
0
0
0
0
0
0
0
0
0
0
0
0
0
0
0
0
0
0
0
0
0
0
0
0
0
0
0
0
0
0
0
0
0
0
0
0
0
0
0
0
0
0
0
0
0
0
0
0
0
0
0
0
0
0
0
0
0
0
0
0
0
0
0
0
0
0
0
0
0
0
0
0
0
0
0
0
0
0
0
0
0
0
0
0
0
0
0
0
0
0
0
0
0
0
0
0
0
0
0
0
0
0
0
0
0
0
0
0
0
0
0
0
0
0
0
0
0
0
0
0
0
0
0
0
0
0
0
0
0
0
0
0
0
0
0
0
0
0
0
0
0
0
0
0
0
0
0
0
0
0
0
0
0
0
0
0
0
0
0
0
0
0
0
0
0
0
0
0
0
0
0
0
0
0
0
0
0
0
0
0
0
0
0
0
0
0
0
0
0
0
0
0
0
0
0
0
0
0
0
0
0
0
0
0
0
0
0
0
0
0
0
0
0
0
0
0
0
0
0
0
0
0
0
0
0
0
0
0
0
0
0
0
0
0
0
0
0
0
0
0
0
0
0
0
0
0
0
0
0
0
0
0
0
0
0
0
0
0
0
0
0
0
0
0
0
0
0
0
0
0
0
0
0
0
0
0
0
0
0
0
0
0
0
0
0
0
0
0
0
0
0
0
0
0
0
0
0
0
0
0
0
0
0
0
0
0
0
0
0
0
0
0
0
0
0
0
0
0
0
0
0
0
0
0
0
0
0
0
0
0
0
0
0
0
0
0
0
0
0
0
0
0
0
0
0
0
0
0
0
0
0
0
0
0
0
0
0
0
0
0
0
0
0
0
0
0
0
0
0
0
0
0
0
0
0
0
0
0
0
0
0
0
0
0
0
0
0
0
0
0
0
0
0
0
0
0
0
0
0
0
0
0
0
0
0
0
0
0
0
0
0
0
0
0
0
0
0
0
0
0
0
0
0
0
0
0
0
0
0
0
0
0
0
0
0
0
0
0
0
0
0
0
0
0
0
0
0
0
0
0
0
0
0
0
0
0
0
0
0
0
0
0
0
0
0
0
0
0
0
0
0
0
0
0
0
0
0
0
0
0
0
0
0
0
0
0
0
0
0
0
0
0
0
0
0
0
0
0
0
0
0
0
0
0
0
0
0
0
0
0
0
0
0
0
0
0
0
0
0
0
0
0
0
0
0
0
0
0
0
0
0
0
0
0
0
0
0
0
0
0
0
0
0
0
0
0
0
0
0
0
0
0
0
0
0
0
0
0
0
0
0
0
0
0
0
0
0
0
0
0
0
0
0
0
0
0
0
0
0
0
0
0
0
0
0
0
0
0
0
0
0
0
0
0
0
0
0
0
0
0
0
0
0
0
0
0
0
0
0
0
0
0
0
0
0
0
0
0
0
0
0
0
0
0
0
0
0
0
0
0
0
0
0
0
0
0
0
0
0
0
0
0
0
0
0
0
0
0
0
0
0
0
0
0
0
0
0
0
0
0
0
0
0
0
0
0
0
0
0
0
0
0
0
0
0
0
0
0
0
0
0
0
0
0
0
0
0
0
0
0
0
0
0
0
0
0
0
0
0
0
0
0
0
0
0
0
0
0
0
0
0
0
0
0
0
0
0
0
0
0
0
0
0
0
0
0
0
0
0
0
0
0
0
0
0
0
0
0
0
0
0
0
0
0
0
0
0
0
0
0
0
0
0
0
0
0
0
0
0
0
0
0
0
0
0
0
0
0
0
0
0
0
0
0
0
0
0
0
0
0
0
0
0
0
0
0
0
0
0
0
0
0
0
0
0
0
0
0
0
0
0
0
0
0
0
0
0
0
0
0
0
0
0
0
0
0
0
0
0
0
0
0
0
0
0
0
0
0
0
0
0
0
0
0
0
0
0
0
0
0
0
0
0
0
0
0
0
0
0
0
0
0
0
0
0
0
0
0
0
0
0
0
0
0
0
0
0
0
0
0
0
0
0
0
0
0
0
0
0
0
0
0
0
0
0
0
0
0
0
0
0
0
0
0
0
0
0
0
0
0
0
0
0
0
0
0
0
0
0
0
0
0
0
0
0
0
0
0
0
0
0
0
0
0
0
0
0
0
0
0
0
0
0
0
0
0
0
0
0
0
0
0
0
0
0
0
0
0
0
0
0
0
0
0
0
0
0
0
0
0
0
0
0
0
0
0
0
0
0
0
0
0
0
0
0
0
0
0
0
0
0
0
0
0
0
0
0
0
0
0
0
0
0
0
0
0
0
0
0
0
0
0
0
0
0
0
0
0
0
0
0
0
0
0
0
0
0
0
0
0
0
0
0
0
0
0
0
0
0
0
0
0
0
0
0
0
0
0
0
0
0
0
0
0
0
0
0
0
0
0
0
0
0
0
0
0
0
0
0
0
0
0
0
0
0
0
0
0
0
0
0
0
0
0
0
0
0
0
0
0
0
0
0
0
0
0
0
0
0
0
0
0
0
0
0
0
0
0
0
0
0
0
0
0
0
0
0
0
0
0
0
0
0
0
0
0
0
0
0
0
0
0
0
0
0
0
0
0
0
0
0
0
0
0
0
0
0
0
0
0
0
0
0
0
0
0
0
0
0
0
0
0
0
0
0
0
0
0
0
0
0
0
0
0
0
0
0
0
0
0
0
0
0
0
0
0
0
0
0
0
0
0
0
0
0
0
0
0
0
0
0
0
0
0
0
0
0
0
0
0
0
0
0
0
0
0
0
0
0
0
0
0
0
0
0
0
0
0
0
0
0
0
0
0
0
0
0
0
0
0
0
0
0
0
0
0
0
0
0
0
0
0
0
0
0
0
0
0
0
0
0
0
0
0
0
0
0
0
0
0
0
0
0
0
0
0
0
0
0
0
0
0
0
0
0
0
0
0
0
0
0
0
0
0
0
0
0
0
0
0
0
0
0
0
0
0
0
0
0
0
0
0
0
0
0
0
0
0
0
0
0
0
0
0
0
0
0
0
0
0
0
0
0
0
0
0
0
0
0
0
0
0
0
0
0
0
0
0
0
0
0
0
0
0
0
0
0
0
0
0
0
0
0
0
0
0
0
0
0
0
0
0
0
0
0
0
0
0
0
0
0
0
0
0
0
0
0
0
0
0
0
0
0
0
0
0
0
0
0
0
0
0
0
0
0
0
0
0
0
0
0
0
0
0
0
0
0
0
0
0
0
0
0
0
0
0
0
0
0
0
0
0
0
0
0
0
0
0
0
0
0
0
0
0
0
0
0
0
0
0
0
0
0
0
0
0
0
0
0
0
0
0
0
0
0
0
0
0
0
0
0
0
0
0
0
0
0
0
0
0
0
0
0
0
0
0
0
0
0
0
0
0
0
0
0
0
0
0
0
0
0
0
0
0
0
0
0
0
0
0
0
0
0
0
0
0
0
0
0
0
0
0
0
0
0
0
0
0
0
0
0
0
0
0
0
0
0
0
0
0
0
0
0
0
0
0
0
0
0
0
0
0
0
0
0
0
0
0
0
0
0
0
0
0
0
0
0
0
0
0
0
0
0
0
0
0
0
0
0
0
0
0
0
0
0
0
0
0
0
0
0
0
0
0
0
0
0
0
0
0
0
0
0
0
0
0
0
0
0
0
0
0
0
0
0
0
0
0
0
0
0
0
0
0
0
0
0
0
0
0
0
0
0
0
0
0
0
0
0
0
0
0
0
0
0
0
0
0
0
0
0
0
0
0
0
0
0
0
0
0
0
0
0
0
0
0
0
0
0
0
0
0
0
0
0
0
0
0
0
0
0
0
0
0
0
0
0
0
0
0
0
0
0
0
0
0
0
0
0
0
0
0
0
0
0
0
0
0
0
0
0
0
0
0
0
0
0
0
0
0
0
0
0
0
0
0
0
0
0
0
0
0
0
0
0
0
0
0
0
0
0
0
0
0
0
0
0
0
0
0
0
0
0
0
0
0
0
0
0
0
0
0
0
0
0
0
0
0
0
0
0
0
0
0
0
0
0
0
0
0
0
0
0
0
0
0
0
0
0
0
0
0
0
0
0
0
0
0
0
0
0
0
0
0
0
0
0
0
0
0
0
0
0
0
0
0
0
0
0
0
0
0
0
0
0
0
0
0
0
0
0
0
0
0
0
0
0
0
0
0
0
0
0
0
0
0
0
0
0
0
0
0
0
0
0
0
0
0
0
0
0
0
0
0
0
0
0
0
0
0
0
0
0
0
0
0
0
0
0
0
0
0
0
0
0
0
0
0
0
0
0
0
0
0
0
0
0
0
0
0
0
0
0
0
0
0
0
0
