0
0
0
0
0
0
0
0
0
0
0
0
0
0
0
0
0
0
0
0
0
0
0
0
0
0
0
0
0
0
0
0
0
0
0
0
0
0
0
0
0
0
0
0
0
0
0
0
0
0
0
0
0
0
0
0
0
0
0
0
0
0
0
0
0
0
0
0
0
0
0
0
0
0
0
0
0
0
0
0
0
0
0
0
0
0
0
0
0
0
0
0
0
0
0
0
0
0
0
0
0
0
0
0
0
0
0
0
0
0
0
0
0
0
0
0
0
0
0
0
0
0
0
0
0
0
0
0
0
0
0
0
0
0
0
0
0
0
0
0
0
0
0
0
0
0
0
0
0
0
0
0
0
0
0
0
0
0
0
0
0
0
0
0
0
0
0
0
0
0
0
0
0
0
0
0
0
0
0
0
0
0
0
0
4092
4092
0
0
0
0
0
0
4095
4095
0
0
0
0
0
0
4092
4092
0
0
0
0
0
0
4095
4095
0
0
0
0
0
0
4092
4093
0
0
0
0
0
0
4094
4094
0
0
0
0
0
0
4094
4095
0
0
0
0
0
0
4093
4092
0
0
0
0
0
0
4095
0
0
0
0
0
0
0
4090
4089
0
0
0
0
0
0
2
3
0
0
0
0
0
0
4088
4087
0
0
0
0
0
0
4
4
0
0
0
0
0
0
4086
4088
0
0
0
0
0
0
5
2
0
0
0
0
0
0
4088
4093
0
0
0
0
0
0
1
4091
0
0
0
0
0
0
4094
4
0
0
0
0
0
0
4089
4081
0
0
0
0
0
0
8
14
0
0
0
0
0
0
4078
4074
0
0
0
0
0
0
17
20
0
0
0
0
0
0
4071
4071
0
0
0
0
0
0
23
19
0
0
0
0
0
0
4069
4076
0
0
0
0
0
0
18
7
0
0
0
0
0
0
4079
4092
0
0
0
0
0
0
3
4083
0
0
0
0
0
0
2
20
0
0
0
0
0
0
4077
4063
0
0
0
0
0
0
25
39
0
0
0
0
0
0
4055
4046
0
0
0
0
0
0
43
48
0
0
0
0
0
0
4043
4045
0
0
0
0
0
0
48
39
0
0
0
0
0
0
4046
4063
0
0
0
0
0
0
34
12
0
0
0
0
0
0
4071
1
0
0
0
0
0
0
2
4068
0
0
0
0
0
0
13
43
0
0
0
0
0
0
4058
4030
0
0
0
0
0
0
54
76
0
0
0
0
0
0
4021
4006
0
0
0
0
0
0
82
85
0
0
0
0
0
0
4006
4013
0
0
0
0
0
0
82
63
0
0
0
0
0
0
4019
4050
0
0
0
0
0
0
52
12
0
0
0
0
0
0
4063
14
0
0
0
0
0
0
4092
4043
0
0
0
0
0
0
31
79
0
0
0
0
0
0
4027
3986
0
0
0
0
0
0
93
123
0
0
0
0
0
0
3976
3959
0
0
0
0
0
0
129
130
0
0
0
0
0
0
3959
3975
0
0
0
0
0
0
122
86
0
0
0
0
0
0
3988
4039
0
0
0
0
0
0
70
7
0
0
0
0
0
0
4062
36
0
0
0
0
0
0
4077
4006
0
0
0
0
0
0
61
128
0
0
0
0
0
0
3985
3930
0
0
0
0
0
0
144
184
0
0
0
0
0
0
3918
3901
0
0
0
0
0
0
187
181
0
0
0
0
0
0
3906
3936
0
0
0
0
0
0
166
111
0
0
0
0
0
0
3960
4036
0
0
0
0
0
0
82
4087
0
0
0
0
0
0
4067
70
0
0
0
0
0
0
4054
3956
0
0
0
0
0
0
103
190
0
0
0
0
0
0
3929
3857
0
0
0
0
0
0
210
256
0
0
0
0
0
0
3848
3833
0
0
0
0
0
0
253
235
0
0
0
0
0
0
3848
3899
0
0
0
0
0
0
210
128
0
0
0
0
0
0
3933
4040
0
0
0
0
0
0
87
4060
0
0
0
0
0
0
4083
118
0
0
0
0
0
0
4017
3891
0
0
0
0
0
0
157
267
0
0
0
0
0
0
3859
3776
0
0
0
0
0
0
287
336
0
0
0
0
0
0
3770
3763
0
0
0
0
0
0
327
291
0
0
0
0
0
0
3786
3864
0
0
0
0
0
0
255
139
0
0
0
0
0
0
3912
4056
0
0
0
0
0
0
85
4020
0
0
0
0
0
0
17
181
0
0
0
0
0
0
3965
3810
0
0
0
0
0
0
228
358
0
0
0
0
0
0
3775
3683
0
0
0
0
0
0
377
423
0
0
0
0
0
0
3683
3689
0
0
0
0
0
0
404
344
0
0
0
0
0
0
3724
3836
0
0
0
0
0
0
292
137
0
0
0
0
0
0
3900
4085
0
0
0
0
0
0
69
3962
0
0
0
0
0
0
60
261
0
0
0
0
0
0
3897
3714
0
0
0
0
0
0
314
462
0
0
0
0
0
0
3679
3580
0
0
0
0
0
0
475
515
0
0
0
0
0
0
3589
3615
0
0
0
0
0
0
485
393
0
0
0
0
0
0
3667
3819
0
0
0
0
0
0
323
123
0
0
0
0
0
0
3899
36
0
0
0
0
0
0
37
3887
0
0
0
0
0
0
120
359
0
0
0
0
0
0
3814
3602
0
0
0
0
0
0
415
577
0
0
0
0
0
0
3569
3470
0
0
0
0
0
0
585
611
0
0
0
0
0
0
3489
3544
0
0
0
0
0
0
562
431
0
0
0
0
0
0
3615
3813
0
0
0
0
0
0
344
93
0
0
0
0
0
0
3912
101
0
0
0
0
0
0
4086
3794
0
0
0
0
0
0
196
472
0
0
0
0
0
0
3714
3479
0
0
0
0
0
0
530
703
0
0
0
0
0
0
3448
3355
0
0
0
0
0
0
702
704
0
0
0
0
0
0
3390
3481
0
0
0
0
0
0
639
460
0
0
0
0
0
0
3572
3824
0
0
0
0
0
0
351
43
0
0
0
0
0
0
3943
186
0
0
0
0
0
0
4021
3682
0
0
0
0
0
0
292
603
0
0
0
0
0
0
3595
3341
0
0
0
0
0
0
659
836
0
0
0
0
0
0
3318
3240
0
0
0
0
0
0
820
793
0
0
0
0
0
0
3292
3427
0
0
0
0
0
0
706
473
0
0
0
0
0
0
3541
3854
0
0
0
0
0
0
342
4070
0
0
0
0
0
0
3992
289
0
0
0
0
0
0
3936
3551
0
0
0
0
0
0
405
748
0
0
0
0
0
0
3462
3192
0
0
0
0
0
0
801
974
0
0
0
0
0
0
3180
3124
0
0
0
0
0
0
941
875
0
0
0
0
0
0
3198
3387
0
0
0
0
0
0
764
469
0
0
0
0
0
0
3524
3903
0
0
0
0
0
0
314
3977
0
0
0
0
0
0
4060
414
0
0
0
0
0
0
3829
3401
0
0
0
0
0
0
538
908
0
0
0
0
0
0
3312
3035
0
0
0
0
0
0
953
1112
0
0
0
0
0
0
3038
3014
0
0
0
0
0
0
1060
944
0
0
0
0
0
0
3113
3362
0
0
0
0
0
0
807
444
0
0
0
0
0
0
3526
3976
0
0
0
0
0
0
266
3864
0
0
0
0
0
0
57
561
0
0
0
0
0
0
3704
3236
0
0
0
0
0
0
689
1079
0
0
0
0
0
0
3151
2875
0
0
0
0
0
0
1113
1249
0
0
0
0
0
0
2897
2915
0
0
0
0
0
0
1173
999
0
0
0
0
0
0
3039
3358
0
0
0
0
0
0
833
396
0
0
0
0
0
0
3549
4071
0
0
0
0
0
0
195
3726
0
0
0
0
0
0
169
726
0
0
0
0
0
0
3557
3056
0
0
0
0
0
0
855
1258
0
0
0
0
0
0
2979
2712
0
0
0
0
0
0
1277
1381
0
0
0
0
0
0
2755
2825
0
0
0
0
0
0
1278
1037
0
0
0
0
0
0
2981
3376
0
0
0
0
0
0
842
324
0
0
0
0
0
0
3595
97
0
0
0
0
0
0
100
3567
0
0
0
0
0
0
304
910
0
0
0
0
0
0
3392
2863
0
0
0
0
0
0
1037
1444
0
0
0
0
0
0
2796
2550
0
0
0
0
0
0
1442
1503
0
0
0
0
0
0
2620
2753
0
0
0
0
0
0
1370
1052
0
0
0
0
0
0
2940
3419
0
0
0
0
0
0
827
225
0
0
0
0
0
0
3663
243
0
0
0
0
0
0
4078
3387
0
0
0
0
0
0
464
1112
0
0
0
0
0
0
3208
2660
0
0
0
0
0
0
1232
1631
0
0
0
0
0
0
2608
2396
0
0
0
0
0
0
1606
1612
0
0
0
0
0
0
2496
2701
0
0
0
0
0
0
1446
1043
0
0
0
0
0
0
2921
3489
0
0
0
0
0
0
787
100
0
0
0
0
0
0
3759
413
0
0
0
0
0
0
3934
3187
0
0
0
0
0
0
643
1325
0
0
0
0
0
0
3008
2450
0
0
0
0
0
0
1435
1815
0
0
0
0
0
0
2420
2251
0
0
0
0
0
0
1762
1702
0
0
0
0
0
0
2383
2671
0
0
0
0
0
0
1502
1008
0
0
0
0
0
0
2926
3587
0
0
0
0
0
0
722
4043
0
0
0
0
0
0
3880
607
0
0
0
0
0
0
3766
2967
0
0
0
0
0
0
842
1551
0
0
0
0
0
0
2793
2239
0
0
0
0
0
0
1644
1995
0
0
0
0
0
0
2234
2121
0
0
0
0
0
0
1910
1774
0
0
0
0
0
0
2288
2666
0
0
0
0
0
0
1535
943
0
0
0
0
0
0
2956
3713
0
0
0
0
0
0
627
3863
0
0
0
0
0
0
4030
823
0
0
0
0
0
0
3576
2732
0
0
0
0
0
0
1058
1783
0
0
0
0
0
0
2570
2030
0
0
0
0
0
0
1856
2164
0
0
0
0
0
0
2053
2008
0
0
0
0
0
0
2045
1821
0
0
0
0
0
0
2213
2691
0
0
0
0
0
0
1544
850
0
0
0
0
0
0
3016
3869
0
0
0
0
0
0
506
3660
0
0
0
0
0
0
108
1059
0
0
0
0
0
0
3363
2485
0
0
0
0
0
0
1290
2019
0
0
0
0
0
0
2338
1825
0
0
0
0
0
0
2067
2320
0
0
0
0
0
0
1882
1915
0
0
0
0
0
0
2161
1840
0
0
0
0
0
0
2162
2746
0
0
0
0
0
0
1525
725
0
0
0
0
0
0
3103
4054
0
0
0
0
0
0
356
3431
0
0
0
0
0
0
306
1311
0
0
0
0
0
0
3131
2231
0
0
0
0
0
0
1535
2254
0
0
0
0
0
0
2104
1630
0
0
0
0
0
0
2270
2455
0
0
0
0
0
0
1725
1849
0
0
0
0
0
0
2256
1829
0
0
0
0
0
0
2136
2832
0
0
0
0
0
0
1475
569
0
0
0
0
0
0
3221
169
0
0
0
0
0
0
177
3181
0
0
0
0
0
0
530
1578
0
0
0
0
0
0
2883
1970
0
0
0
0
0
0
1786
2483
0
0
0
0
0
0
1868
1449
0
0
0
0
0
0
2466
2569
0
0
0
0
0
0
1586
1812
0
0
0
0
0
0
2326
1786
0
0
0
0
0
0
2143
2953
0
0
0
0
0
0
1394
380
0
0
0
0
0
0
3372
409
0
0
0
0
0
0
4067
2910
0
0
0
0
0
0
775
1856
0
0
0
0
0
0
2622
1710
0
0
0
0
0
0
2043
2705
0
0
0
0
0
0
1641
1289
0
0
0
0
0
0
2647
2656
0
0
0
0
0
0
1468
1806
0
0
0
0
0
0
2368
1710
0
0
0
0
0
0
2180
3108
0
0
0
0
0
0
1282
164
0
0
0
0
0
0
3550
671
0
0
0
0
0
0
3837
2626
0
0
0
0
0
0
1038
2137
0
0
0
0
0
0
2349
1455
0
0
0
0
0
0
2300
2910
0
0
0
0
0
0
1421
1151
0
0
0
0
0
0
2809
2714
0
0
0
0
0
0
1377
1835
0
0
0
0
0
0
2380
1598
0
0
0
0
0
0
2250
3293
0
0
0
0
0
0
1138
4015
0
0
0
0
0
0
3759
953
0
0
0
0
0
0
3581
2329
0
0
0
0
0
0
1315
2420
0
0
0
0
0
0
2072
1210
0
0
0
0
0
0
2553
3097
0
0
0
0
0
0
1214
1038
0
0
0
0
0
0
2951
2741
0
0
0
0
0
0
1314
1898
0
0
0
0
0
0
2359
1451
0
0
0
0
0
0
2353
3512
0
0
0
0
0
0
960
3743
0
0
0
0
0
0
3996
1254
0
0
0
0
0
0
3307
2027
0
0
0
0
0
0
1605
2701
0
0
0
0
0
0
1792
976
0
0
0
0
0
0
2796
3260
0
0
0
0
0
0
1027
959
0
0
0
0
0
0
3066
2731
0
0
0
0
0
0
1282
1998
0
0
0
0
0
0
2303
1269
0
0
0
0
0
0
2488
3760
0
0
0
0
0
0
752
3451
0
0
0
0
0
0
160
1567
0
0
0
0
0
0
3016
1720
0
0
0
0
0
0
1900
2972
0
0
0
0
0
0
1517
763
0
0
0
0
0
0
3028
3397
0
0
0
0
0
0
861
911
0
0
0
0
0
0
3151
2684
0
0
0
0
0
0
1285
2134
0
0
0
0
0
0
2213
1052
0
0
0
0
0
0
2660
4035
0
0
0
0
0
0
514
3136
0
0
0
0
0
0
443
1890
0
0
0
0
0
0
2710
1416
0
0
0
0
0
0
2201
3232
0
0
0
0
0
0
1248
571
0
0
0
0
0
0
3313
3593
0
0
0
0
0
0
726
901
0
0
0
0
0
0
3373
2959
0
0
0
0
0
0
937
731
0
0
0
0
0
0
2351
2386
0
0
0
0
0
0
1286
511
0
0
0
0
0
0
4077
2201
0
0
0
0
0
0
965
2831
0
0
0
0
0
0
1788
1273
0
0
0
0
0
0
2345
3239
0
0
0
0
0
0
1052
553
0
0
0
0
0
0
3511
3669
0
0
0
0
0
0
447
567
0
0
0
0
0
0
3477
2800
0
0
0
0
0
0
1014
941
0
0
0
0
0
0
3799
1869
0
0
0
0
0
0
1793
1443
0
0
0
0
0
0
3804
1873
0
0
0
0
0
0
1909
3015
0
0
0
0
0
0
1623
1221
0
0
0
0
0
0
2645
3463
0
0
0
0
0
0
815
422
0
0
0
0
0
0
3843
3763
0
0
0
0
0
0
374
633
0
0
0
0
0
0
3759
154
0
0
0
0
0
0
1161
1217
0
0
0
0
0
0
3605
1565
0
0
0
0
0
0
2057
1782
0
0
0
0
0
0
2870
1669
0
0
0
0
0
0
2223
3342
0
0
0
0
0
0
1305
953
0
0
0
0
0
0
2996
3743
0
0
0
0
0
0
601
325
0
0
0
0
0
0
3979
4058
0
0
0
0
0
0
243
776
0
0
0
0
0
0
3702
4053
0
0
0
0
0
0
3794
1730
0
0
0
0
0
0
3104
627
0
0
0
0
0
0
2331
2123
0
0
0
0
0
0
2543
1323
0
0
0
0
0
0
2415
3410
0
0
0
0
0
0
987
705
0
0
0
0
0
0
3259
3902
0
0
0
0
0
0
241
205
0
0
0
0
0
0
4077
4015
0
0
0
0
0
0
4035
3406
0
0
0
0
0
0
3571
3783
0
0
0
0
0
0
3978
2033
0
0
0
0
0
0
2845
282
0
0
0
0
0
0
3269
2342
0
0
0
0
0
0
2217
976
0
0
0
0
0
0
2752
3704
0
0
0
0
0
0
611
397
0
0
0
0
0
0
3498
4025
0
0
0
0
0
0
79
3980
0
0
0
0
0
0
136
3891
0
0
0
0
0
0
4072
3592
0
0
0
0
0
0
955
3276
0
0
0
0
0
0
134
2346
0
0
0
0
0
0
2557
4015
0
0
0
0
0
0
3600
2702
0
0
0
0
0
0
2013
884
0
0
0
0
0
0
3089
3977
0
0
0
0
0
0
327
210
0
0
0
0
0
0
3884
77
0
0
0
0
0
0
3913
3763
0
0
0
0
0
0
457
1275
0
0
0
0
0
0
85
3847
0
0
0
0
0
0
616
2916
0
0
0
0
0
0
621
3324
0
0
0
0
0
0
1960
2043
0
0
0
0
0
0
3910
3028
0
0
0
0
0
0
1662
569
0
0
0
0
0
0
3173
3599
0
0
0
0
0
0
42
44
0
0
0
0
0
0
4070
424
0
0
0
0
0
0
3729
3862
0
0
0
0
0
0
445
1108
0
0
0
0
0
0
2683
248
0
0
0
0
0
0
375
2605
0
0
0
0
0
0
902
3692
0
0
0
0
0
0
1001
1810
0
0
0
0
0
0
157
3386
0
0
0
0
0
0
1316
273
0
0
0
0
0
0
3555
3903
0
0
0
0
0
0
3900
4027
0
0
0
0
0
0
129
428
0
0
0
0
0
0
3675
3968
0
0
0
0
0
0
392
900
0
0
0
0
0
0
2835
539
0
0
0
0
0
0
3992
1628
0
0
0
0
0
0
1194
4059
0
0
0
0
0
0
653
1434
0
0
0
0
0
0
1988
3247
0
0
0
0
0
0
1003
4077
0
0
0
0
0
0
3843
4081
0
0
0
0
0
0
48
3752
0
0
0
0
0
0
254
382
0
0
0
0
0
0
3362
2505
0
0
0
0
0
0
192
531
0
0
0
0
0
0
3021
860
0
0
0
0
0
0
3720
960
0
0
0
0
0
0
1616
312
0
0
0
0
0
0
293
1065
0
0
0
0
0
0
2349
3566
0
0
0
0
0
0
602
3747
0
0
0
0
0
0
9
128
0
0
0
0
0
0
3965
3420
0
0
0
0
0
0
424
263
0
0
0
0
0
0
3391
2691
0
0
0
0
0
0
1670
14
0
0
0
0
0
0
3281
1189
0
0
0
0
0
0
3419
576
0
0
0
0
0
0
2590
556
0
0
0
0
0
0
4032
702
0
0
0
0
0
0
2702
3859
0
0
0
0
0
0
531
70
0
0
0
0
0
0
263
242
0
0
0
0
0
0
3818
3431
0
0
0
0
0
0
905
1990
0
0
0
0
0
0
3504
2957
0
0
0
0
0
0
1500
3799
0
0
0
0
0
0
3947
2242
0
0
0
0
0
0
3116
197
0
0
0
0
0
0
3253
2550
0
0
0
0
0
0
3842
638
0
0
0
0
0
0
3053
33
0
0
0
0
0
0
245
3994
0
0
0
0
0
0
636
362
0
0
0
0
0
0
3718
3488
0
0
0
0
0
0
904
1823
0
0
0
0
0
0
3613
3221
0
0
0
0
0
0
1292
3462
0
0
0
0
0
0
139
2624
0
0
0
0
0
0
2771
3901
0
0
0
0
0
0
3625
2920
0
0
0
0
0
0
3478
323
0
0
0
0
0
0
3451
356
0
0
0
0
0
0
4084
3865
0
0
0
0
0
0
182
820
0
0
0
0
0
0
3550
3633
0
0
0
0
0
0
860
1619
0
0
0
0
0
0
2223
3845
0
0
0
0
0
0
1019
3120
0
0
0
0
0
0
456
3317
0
0
0
0
0
0
1695
3686
0
0
0
0
0
0
3984
3284
0
0
0
0
0
0
1509
270
0
0
0
0
0
0
3725
571
0
0
0
0
0
0
3854
3777
0
0
0
0
0
0
315
791
0
0
0
0
0
0
3525
3774
0
0
0
0
0
0
772
1373
0
0
0
0
0
0
2411
74
0
0
0
0
0
0
510
2119
0
0
0
0
0
0
774
3701
0
0
0
0
0
0
1325
3304
0
0
0
0
0
0
119
3379
0
0
0
0
0
0
1161
10
0
0
0
0
0
0
3766
101
0
0
0
0
0
0
3473
3660
0
0
0
0
0
0
403
718
0
0
0
0
0
0
3101
2107
0
0
0
0
0
0
604
1056
0
0
0
0
0
0
2632
422
0
0
0
0
0
0
36
1667
0
0
0
0
0
0
1125
2
0
0
0
0
0
0
650
1325
0
0
0
0
0
0
448
3654
0
0
0
0
0
0
840
3886
0
0
0
0
0
0
4016
218
0
0
0
0
0
0
3317
3363
0
0
0
0
0
0
543
565
0
0
0
0
0
0
3160
2327
0
0
0
0
0
0
2053
511
0
0
0
0
0
0
2921
773
0
0
0
0
0
0
3809
971
0
0
0
0
0
0
2206
215
0
0
0
0
0
0
288
966
0
0
0
0
0
0
2411
3695
0
0
0
0
0
0
501
3594
0
0
0
0
0
0
135
288
0
0
0
0
0
0
3823
3265
0
0
0
0
0
0
566
400
0
0
0
0
0
0
3262
2585
0
0
0
0
0
0
1777
86
0
0
0
0
0
0
3203
1155
0
0
0
0
0
0
3465
573
0
0
0
0
0
0
2577
592
0
0
0
0
0
0
4015
641
0
0
0
0
0
0
2745
3939
0
0
0
0
0
0
232
3451
0
0
0
0
0
0
485
377
0
0
0
0
0
0
3750
3354
0
0
0
0
0
0
833
1814
0
0
0
0
0
0
3437
2907
0
0
0
0
0
0
1546
3828
0
0
0
0
0
0
3917
2231
0
0
0
0
0
0
3131
194
0
0
0
0
0
0
3252
2564
0
0
0
0
0
0
3835
619
0
0
0
0
0
0
3066
55
0
0
0
0
0
0
232
3978
0
0
0
0
0
0
646
372
0
0
0
0
0
0
3714
3485
0
0
0
0
0
0
900
1820
0
0
0
0
0
0
3622
3228
0
0
0
0
0
0
1280
3456
0
0
0
0
0
0
151
2625
0
0
0
0
0
0
2765
3908
0
0
0
0
0
0
3622
2902
0
0
0
0
0
0
1881
592
0
0
0
0
0
0
3316
237
0
0
0
0
0
0
30
3924
0
0
0
0
0
0
124
754
0
0
0
0
0
0
3619
3700
0
0
0
0
0
0
785
1554
0
0
0
0
0
0
2293
3893
0
0
0
0
0
0
960
3093
0
0
0
0
0
0
496
3318
0
0
0
0
0
0
1680
3716
0
0
0
0
0
0
3970
3223
0
0
0
0
0
0
1557
363
0
0
0
0
0
0
3645
453
0
0
0
0
0
0
3963
3912
0
0
0
0
0
0
184
649
0
0
0
0
0
0
3664
3907
0
0
0
0
0
0
635
1260
0
0
0
0
0
0
2535
153
0
0
0
0
0
0
479
2646
0
0
0
0
0
0
847
3702
0
0
0
0
0
0
1012
1756
0
0
0
0
0
0
185
3469
0
0
0
0
0
0
1259
174
0
0
0
0
0
0
3628
4004
0
0
0
0
0
0
3821
3933
0
0
0
0
0
0
204
506
0
0
0
0
0
0
3312
2299
0
0
0
0
0
0
404
903
0
0
0
0
0
0
2804
521
0
0
0
0
0
0
4008
1634
0
0
0
0
0
0
1190
4060
0
0
0
0
0
0
652
1435
0
0
0
0
0
0
1984
3236
0
0
0
0
0
0
1016
6
0
0
0
0
0
0
3812
4042
0
0
0
0
0
0
95
3807
0
0
0
0
0
0
191
317
0
0
0
0
0
0
3435
2569
0
0
0
0
0
0
113
474
0
0
0
0
0
0
3093
896
0
0
0
0
0
0
3665
952
0
0
0
0
0
0
1640
279
0
0
0
0
0
0
305
1142
0
0
0
0
0
0
2289
3445
0
0
0
0
0
0
780
3995
0
0
0
0
0
0
3959
4037
0
0
0
0
0
0
51
3922
0
0
0
0
0
0
271
342
0
0
0
0
0
0
3605
2872
0
0
0
0
0
0
3962
123
0
0
0
0
0
0
3573
1333
0
0
0
0
0
0
3323
584
0
0
0
0
0
0
2920
2079
0
0
0
0
0
0
22
906
0
0
0
0
0
0
2570
3615
0
0
0
0
0
0
742
370
0
0
0
0
0
0
4082
4001
0
0
0
0
0
0
47
3776
0
0
0
0
0
0
262
59
0
0
0
0
0
0
3800
3187
0
0
0
0
0
0
1208
3620
0
0
0
0
0
0
3930
1990
0
0
0
0
0
0
2884
268
0
0
0
0
0
0
3264
2382
0
0
0
0
0
0
2198
921
0
0
0
0
0
0
2785
3759
0
0
0
0
0
0
577
351
0
0
0
0
0
0
3522
4053
0
0
0
0
0
0
69
3971
0
0
0
0
0
0
128
3883
0
0
0
0
0
0
4094
3609
0
0
0
0
0
0
920
3257
0
0
0
0
0
0
166
2353
0
0
0
0
0
0
2239
2421
0
0
0
0
0
0
3558
2618
0
0
0
0
0
0
1911
735
0
0
0
0
0
0
2763
3220
0
0
0
0
0
0
434
360
0
0
0
0
0
0
3550
3928
0
0
0
0
0
0
2
3952
0
0
0
0
0
0
4050
3585
0
0
0
0
0
0
244
3952
0
0
0
0
0
0
448
2836
0
0
0
0
0
0
497
2700
0
0
0
0
0
0
1901
2115
0
0
0
0
0
0
1386
2618
0
0
0
0
0
0
1688
570
0
0
0
0
0
0
2942
3264
0
0
0
0
0
0
972
279
0
0
0
0
0
0
3722
3821
0
0
0
0
0
0
114
101
0
0
0
0
0
0
4080
702
0
0
0
0
0
0
544
234
0
0
0
0
0
0
137
2184
0
0
0
0
0
0
1159
3621
0
0
0
0
0
0
1594
1848
0
0
0
0
0
0
1673
2819
0
0
0
0
0
0
1842
1329
0
0
0
0
0
0
3111
3285
0
0
0
0
0
0
921
378
0
0
0
0
0
0
3814
3868
0
0
0
0
0
0
264
375
0
0
0
0
0
0
3859
380
0
0
0
0
0
0
995
641
0
0
0
0
0
0
3918
1841
0
0
0
0
0
0
1787
1444
0
0
0
0
0
0
3806
1874
0
0
0
0
0
0
1900
2997
0
0
0
0
0
0
1649
1263
0
0
0
0
0
0
2590
3391
0
0
0
0
0
0
899
520
0
0
0
0
0
0
3732
3649
0
0
0
0
0
0
507
750
0
0
0
0
0
0
3620
52
0
0
0
0
0
0
1289
1284
0
0
0
0
0
0
3209
4037
0
0
0
0
0
0
2065
1691
0
0
0
0
0
0
3519
1663
0
0
0
0
0
0
1895
2496
0
0
0
0
0
0
1335
985
0
0
0
0
0
0
2652
3315
0
0
0
0
0
0
781
443
0
0
0
0
0
0
3365
3252
0
0
0
0
0
0
695
1048
0
0
0
0
0
0
2891
1848
0
0
0
0
0
0
1937
3156
0
0
0
0
0
0
1319
4002
0
0
0
0
0
0
3708
1095
0
0
0
0
0
0
3511
2086
0
0
0
0
0
0
1485
2734
0
0
0
0
0
0
1829
863
0
0
0
0
0
0
2836
3439
0
0
0
0
0
0
921
729
0
0
0
0
0
0
3223
2992
0
0
0
0
0
0
1081
1713
0
0
0
0
0
0
2535
1558
0
0
0
0
0
0
2237
3472
0
0
0
0
0
0
1015
3725
0
0
0
0
0
0
3989
1312
0
0
0
0
0
0
3278
1950
0
0
0
0
0
0
1652
2780
0
0
0
0
0
0
1743
910
0
0
0
0
0
0
2832
3301
0
0
0
0
0
0
1013
945
0
0
0
0
0
0
3054
2718
0
0
0
0
0
0
1316
2023
0
0
0
0
0
0
2258
1243
0
0
0
0
0
0
2534
3769
0
0
0
0
0
0
726
3476
0
0
0
0
0
0
152
1495
0
0
0
0
0
0
3074
1848
0
0
0
0
0
0
1784
2789
0
0
0
0
0
0
1694
994
0
0
0
0
0
0
2796
3137
0
0
0
0
0
0
1134
1181
0
0
0
0
0
0
2861
2435
0
0
0
0
0
0
1564
2329
0
0
0
0
0
0
1978
941
0
0
0
0
0
0
2823
4041
0
0
0
0
0
0
452
3255
0
0
0
0
0
0
385
1643
0
0
0
0
0
0
2900
1784
0
0
0
0
0
0
1883
2764
0
0
0
0
0
0
1677
1104
0
0
0
0
0
0
2727
2946
0
0
0
0
0
0
1279
1429
0
0
0
0
0
0
2652
2150
0
0
0
0
0
0
1820
2628
0
0
0
0
0
0
1698
654
0
0
0
0
0
0
3101
193
0
0
0
0
0
0
200
3067
0
0
0
0
0
0
589
1756
0
0
0
0
0
0
2760
1756
0
0
0
0
0
0
1948
2706
0
0
0
0
0
0
1695
1245
0
0
0
0
0
0
2631
2740
0
0
0
0
0
0
1447
1686
0
0
0
0
0
0
2428
1865
0
0
0
0
0
0
2077
2916
0
0
0
0
0
0
1426
390
0
0
0
0
0
0
3362
411
0
0
0
0
0
0
4068
2913
0
0
0
0
0
0
764
1832
0
0
0
0
0
0
2653
1763
0
0
0
0
0
0
1979
2618
0
0
0
0
0
0
1743
1408
0
0
0
0
0
0
2508
2516
0
0
0
0
0
0
1631
1949
0
0
0
0
0
0
2198
1585
0
0
0
0
0
0
2335
3187
0
0
0
0
0
0
1165
150
0
0
0
0
0
0
3604
601
0
0
0
0
0
0
3866
2792
0
0
0
0
0
0
911
1878
0
0
0
0
0
0
2577
1801
0
0
0
0
0
0
1978
2502
0
0
0
0
0
0
1817
1589
0
0
0
0
0
0
2367
2284
0
0
0
0
0
0
1829
2212
0
0
0
0
0
0
1962
1316
0
0
0
0
0
0
2589
3440
0
0
0
0
0
0
918
4031
0
0
0
0
0
0
3826
760
0
0
0
0
0
0
3691
2703
0
0
0
0
0
0
1025
1888
0
0
0
0
0
0
2532
1867
0
0
0
0
0
0
1950
2363
0
0
0
0
0
0
1918
1787
0
0
0
0
0
0
2206
2047
0
0
0
0
0
0
2037
2469
0
0
0
0
0
0
1726
1061
0
0
0
0
0
0
2831
3670
0
0
0
0
0
0
687
3844
0
0
0
0
0
0
4023
886
0
0
0
0
0
0
3545
2648
0
0
0
0
0
0
1111
1868
0
0
0
0
0
0
2517
1958
0
0
0
0
0
0
1893
2206
0
0
0
0
0
0
2037
1992
0
0
0
0
0
0
2031
1808
0
0
0
0
0
0
2249
2719
0
0
0
0
0
0
1493
822
0
0
0
0
0
0
3062
3878
0
0
0
0
0
0
477
3687
0
0
0
0
0
0
98
980
0
0
0
0
0
0
3427
2623
0
0
0
0
0
0
1165
1821
0
0
0
0
0
0
2530
2073
0
0
0
0
0
0
1816
2036
0
0
0
0
0
0
2176
2206
0
0
0
0
0
0
1849
1572
0
0
0
0
0
0
2462
2955
0
0
0
0
0
0
1270
603
0
0
0
0
0
0
3280
4060
0
0
0
0
0
0
289
3558
0
0
0
0
0
0
244
1045
0
0
0
0
0
0
3338
2628
0
0
0
0
0
0
1192
1750
0
0
0
0
0
0
2568
2206
0
0
0
0
0
0
1717
1855
0
0
0
0
0
0
2326
2420
0
0
0
0
0
0
1661
1346
0
0
0
0
0
0
2673
3178
0
0
0
0
0
0
1056
407
0
0
0
0
0
0
3478
118
0
0
0
0
0
0
123
3459
0
0
0
0
0
0
363
1082
0
0
0
0
0
0
3274
2657
0
0
0
0
0
0
1192
1658
0
0
0
0
0
0
2628
2355
0
0
0
0
0
0
1602
1668
0
0
0
0
0
0
2486
2632
0
0
0
0
0
0
1470
1128
0
0
0
0
0
0
2878
3383
0
0
0
0
0
0
856
233
0
0
0
0
0
0
3654
245
0
0
0
0
0
0
4078
3389
0
0
0
0
0
0
455
1090
0
0
0
0
0
0
3238
2711
0
0
0
0
0
0
1169
1547
0
0
0
0
0
0
2708
2510
0
0
0
0
0
0
1472
1476
0
0
0
0
0
0
2651
2838
0
0
0
0
0
0
1282
923
0
0
0
0
0
0
3071
3567
0
0
0
0
0
0
675
87
0
0
0
0
0
0
3811
346
0
0
0
0
0
0
3963
3345
0
0
0
0
0
0
521
1074
0
0
0
0
0
0
3228
2783
0
0
0
0
0
0
1125
1423
0
0
0
0
0
0
2803
2674
0
0
0
0
0
0
1336
1290
0
0
0
0
0
0
2818
3034
0
0
0
0
0
0
1099
737
0
0
0
0
0
0
3252
3728
0
0
0
0
0
0
510
4059
0
0
0
0
0
0
3946
420
0
0
0
0
0
0
3871
3325
0
0
0
0
0
0
563
1038
0
0
0
0
0
0
3236
2873
0
0
0
0
0
0
1063
1289
0
0
0
0
0
0
2910
2839
0
0
0
0
0
0
1194
1107
0
0
0
0
0
0
2985
3218
0
0
0
0
0
0
926
569
0
0
0
0
0
0
3418
3867
0
0
0
0
0
0
365
3961
0
0
0
0
0
0
4057
469
0
0
0
0
0
0
3802
3330
0
0
0
0
0
0
583
981
0
0
0
0
0
0
3268
2976
0
0
0
0
0
0
987
1150
0
0
0
0
0
0
3026
3003
0
0
0
0
0
0
1049
934
0
0
0
0
0
0
3145
3387
0
0
0
0
0
0
764
419
0
0
0
0
0
0
3569
3985
0
0
0
0
0
0
241
3887
0
0
0
0
0
0
49
494
0
0
0
0
0
0
3757
3353
0
0
0
0
0
0
582
909
0
0
0
0
0
0
3315
3087
0
0
0
0
0
0
899
1008
0
0
0
0
0
0
3148
3162
0
0
0
0
0
0
906
770
0
0
0
0
0
0
3297
3539
0
0
0
0
0
0
616
292
0
0
0
0
0
0
3700
4077
0
0
0
0
0
0
137
3836
0
0
0
0
0
0
116
499
0
0
0
0
0
0
3732
3395
0
0
0
0
0
0
564
828
0
0
0
0
0
0
3374
3205
0
0
0
0
0
0
803
868
0
0
0
0
0
0
3269
3315
0
0
0
0
0
0
768
622
0
0
0
0
0
0
3437
3672
0
0
0
0
0
0
483
186
0
0
0
0
0
0
3812
52
0
0
0
0
0
0
55
3806
0
0
0
0
0
0
162
486
0
0
0
0
0
0
3726
3450
0
0
0
0
0
0
531
737
0
0
0
0
0
0
3444
3322
0
0
0
0
0
0
703
733
0
0
0
0
0
0
3391
3454
0
0
0
0
0
0
638
490
0
0
0
0
0
0
3568
3786
0
0
0
0
0
0
365
99
0
0
0
0
0
0
3906
102
0
0
0
0
0
0
4087
3795
0
0
0
0
0
0
189
456
0
0
0
0
0
0
3735
3515
0
0
0
0
0
0
484
640
0
0
0
0
0
0
3521
3440
0
0
0
0
0
0
602
604
0
0
0
0
0
0
3506
3583
0
0
0
0
0
0
517
372
0
0
0
0
0
0
3683
3882
0
0
0
0
0
0
268
33
0
0
0
0
0
0
3982
135
0
0
0
0
0
0
4042
3800
0
0
0
0
0
0
202
417
0
0
0
0
0
0
3758
3587
0
0
0
0
0
0
429
543
0
0
0
0
0
0
3603
3553
0
0
0
0
0
0
503
485
0
0
0
0
0
0
3617
3697
0
0
0
0
0
0
408
273
0
0
0
0
0
0
3784
3959
0
0
0
0
0
0
185
4081
0
0
0
0
0
0
4039
149
0
0
0
0
0
0
4014
3818
0
0
0
0
0
0
198
367
0
0
0
0
0
0
3792
3664
0
0
0
0
0
0
369
449
0
0
0
0
0
0
3683
3659
0
0
0
0
0
0
408
378
0
0
0
0
0
0
3716
3795
0
0
0
0
0
0
311
190
0
0
0
0
0
0
3868
4018
0
0
0
0
0
0
119
4050
0
0
0
0
0
0
4081
152
0
0
0
0
0
0
4000
3847
0
0
0
0
0
0
185
312
0
0
0
0
0
0
3831
3738
0
0
0
0
0
0
308
358
0
0
0
0
0
0
3762
3755
0
0
0
0
0
0
319
284
0
0
0
0
0
0
3805
3878
0
0
0
0
0
0
227
124
0
0
0
0
0
0
3938
4061
0
0
0
0
0
0
70
4034
0
0
0
0
0
0
11
141
0
0
0
0
0
0
3997
3882
0
0
0
0
0
0
162
254
0
0
0
0
0
0
3875
3812
0
0
0
0
0
0
246
277
0
0
0
0
0
0
3836
3842
0
0
0
0
0
0
242
204
0
0
0
0
0
0
3882
3946
0
0
0
0
0
0
158
74
0
0
0
0
0
0
3993
4090
0
0
0
0
0
0
33
4029
0
0
0
0
0
0
26
122
0
0
0
0
0
0
4004
3923
0
0
0
0
0
0
134
199
0
0
0
0
0
0
3922
3882
0
0
0
0
0
0
186
200
0
0
0
0
0
0
3903
3914
0
0
0
0
0
0
173
138
0
0
0
0
0
0
3946
3999
0
0
0
0
0
0
105
39
0
0
0
0
0
0
4033
10
0
0
0
0
0
0
10
4034
0
0
0
0
0
0
30
98
0
0
0
0
0
0
4018
3963
0
0
0
0
0
0
103
144
0
0
0
0
0
0
3967
3943
0
0
0
0
0
0
132
137
0
0
0
0
0
0
3962
3974
0
0
0
0
0
0
114
87
0
0
0
0
0
0
4001
4040
0
0
0
0
0
0
63
15
0
0
0
0
0
0
4061
15
0
0
0
0
0
0
4094
4044
0
0
0
0
0
0
29
73
0
0
0
0
0
0
4037
4002
0
0
0
0
0
0
73
96
0
0
0
0
0
0
4008
3997
0
0
0
0
0
0
85
85
0
0
0
0
0
0
4009
4020
0
0
0
0
0
0
69
48
0
0
0
0
0
0
4039
4065
0
0
0
0
0
0
33
2
0
0
0
0
0
0
4080
15
0
0
0
0
0
0
4087
4057
0
0
0
0
0
0
22
47
0
0
0
0
0
0
4055
4036
0
0
0
0
0
0
43
57
0
0
0
0
0
0
4042
4037
0
0
0
0
0
0
48
47
0
0
0
0
0
0
4047
4055
0
0
0
0
0
0
35
23
0
0
0
0
0
0
4066
4082
0
0
0
0
0
0
14
4092
0
0
0
0
0
0
4088
10
0
0
0
0
0
0
4087
4073
0
0
0
0
0
0
12
24
0
0
0
0
0
0
4072
4064
0
0
0
0
0
0
21
26
0
0
0
0
0
0
4068
4067
0
0
0
0
0
0
21
19
0
0
0
0
0
0
4073
4078
0
0
0
0
0
0
14
7
0
0
0
0
0
0
4083
4090
0
0
0
0
0
0
2
4091
0
0
0
0
0
0
4093
3
0
0
0
0
0
0
4091
4086
0
0
0
0
0
0
3
8
0
0
0
0
0
0
4086
4084
0
0
0
0
0
0
4
6
0
0
0
0
0
0
4085
4085
0
0
0
0
0
0
2
3
0
0
0
0
0
0
4088
4090
0
0
0
0
0
0
0
4095
0
0
0
0
0
0
4090
4092
0
0
0
0
0
0
4094
4094
0
0
0
0
0
0
4094
4095
0
0
0
0
0
0
4093
4092
0
0
0
0
0
0
4095
0
0
0
0
0
0
0
4092
4092
0
0
0
0
0
0
4095
4095
0
0
0
0
0
0
4092
4092
0
0
0
0
0
0
4095
4095
0
0
0
0
0
0
4094
4095
0
0
0
0
0
0
4095
4095
0
0
0
0
0
0
4095
0
0
0
0
0
0
0
4095
0
0
0
0
0
0
0
4095
0
0
0
0
0
0
0
4095
0
0
0
0
0
0
0
4095
0
0
0
0
0
0
0
4095
0
0
0
0
0
0
0
4095
0
0
0
0
0
0
0
4095
0
0
0
0
0
0
0
4095
0
0
0
0
0
0
0
4095
0
0
0
0
0
0
0
4095
0
0
0
0
0
0
0
4095
0
0
0
0
0
0
0
4095
0
0
0
0
0
0
0
4095
0
0
0
0
0
0
0
4095
0
0
0
0
0
0
0
4095
0
0
0
0
0
0
0
4095
0
0
0
0
0
0
0
4095
0
0
0
0
0
0
0
4095
0
0
0
0
0
0
0
4095
0
0
0
0
0
0
0
4095
0
0
0
0
0
0
0
4095
0
0
0
0
0
0
0
4095
0
0
0
0
0
0
0
4095
0
0
0
0
0
0
0
4095
0
0
0
0
0
0
0
4095
0
0
0
0
0
0
0
4095
0
0
0
0
0
0
0
4095
0
0
0
0
0
0
0
4095
0
0
0
0
0
0
0
4095
0
0
0
0
0
0
0
4095
0
0
0
0
0
0
0
4095
0
0
0
0
0
0
0
4095
0
0
0
0
0
0
0
4095
0
0
0
0
0
0
0
4095
0
0
0
0
0
0
0
4095
0
0
0
0
0
0
0
4095
0
0
0
0
0
0
0
4095
0
0
0
0
0
0
0
4095
0
0
0
0
0
0
0
4095
0
0
0
0
0
0
0
4095
0
0
0
0
0
0
0
4095
0
0
0
0
0
0
0
4095
0
0
0
0
0
0
0
4095
0
0
0
0
0
0
0
4095
0
0
0
0
0
0
0
4095
0
0
0
0
0
0
0
4095
0
0
0
0
0
0
0
4095
0
0
0
0
0
0
0
4095
0
0
0
0
0
0
0
4095
0
0
0
0
0
0
0
4095
0
0
0
0
0
0
0
4095
0
0
0
0
0
0
0
4095
0
0
0
0
0
0
0
4095
0
0
0
0
0
0
0
4095
0
0
0
0
0
0
0
4095
0
0
0
0
0
0
0
4095
0
0
0
0
0
0
0
4095
0
0
0
0
0
0
0
4095
0
0
0
0
0
0
0
4095
0
0
0
0
0
0
0
4095
0
0
0
0
0
0
0
4095
0
0
0
0
0
0
0
4095
0
0
0
0
0
0
0
4095
0
0
0
0
0
0
0
4095
0
0
0
0
0
0
0
4095
0
0
0
0
0
0
0
4095
0
0
0
0
0
0
0
4095
0
0
0
0
0
0
0
4095
0
0
0
0
0
0
0
4095
0
0
0
0
0
0
0
4095
0
0
0
0
0
0
0
4095
0
0
0
0
0
0
0
4095
0
0
0
0
0
0
0
4095
0
0
0
0
0
0
0
4095
0
0
0
0
0
0
0
4095
0
0
0
0
0
0
0
4095
0
0
0
0
0
0
0
4095
0
0
0
0
0
0
0
4095
0
0
0
0
0
0
0
4095
0
0
0
0
0
0
0
4095
0
0
0
0
0
0
0
4095
0
0
0
0
0
0
0
4095
0
0
0
0
0
0
0
4095
0
0
0
0
0
0
0
4095
0
0
0
0
0
0
0
4095
0
0
0
0
0
0
0
4095
0
0
0
0
0
0
0
4095
0
0
0
0
0
0
0
4095
0
0
0
0
0
0
0
4095
0
0
0
0
0
0
0
4095
0
0
0
0
0
0
0
4095
0
0
0
0
0
0
0
4095
0
0
0
0
0
0
0
4095
0
0
0
0
0
0
0
4095
0
0
0
0
0
0
0
4095
0
0
0
0
0
0
0
4095
0
0
0
0
0
0
0
4095
0
0
0
0
0
0
0
4095
0
0
0
0
0
0
0
4095
0
0
0
0
0
0
0
4095
0
0
0
0
0
0
0
4095
0
0
0
0
0
0
0
4095
0
0
0
0
0
0
0
4095
0
0
0
0
0
0
0
4095
0
0
0
0
0
0
0
4095
0
0
0
0
0
0
0
4095
0
0
0
0
0
0
0
4095
0
0
0
0
0
0
0
4095
0
0
0
0
0
0
0
4095
0
0
0
0
0
0
0
4095
0
0
0
0
0
0
0
4095
0
0
0
0
0
0
0
4095
0
0
0
0
0
0
0
4095
0
0
0
0
0
0
0
4095
0
0
0
0
0
0
0
4095
0
0
0
0
0
0
0
4095
0
0
0
0
0
0
0
4095
0
0
0
0
0
0
0
4095
0
0
0
0
0
0
0
4095
0
0
0
0
0
0
0
4095
0
0
0
0
0
0
0
4095
0
0
0
0
0
0
0
4095
0
0
0
0
0
0
0
4095
0
0
0
0
0
0
0
4095
0
0
0
0
0
0
0
4095
0
0
0
0
0
0
0
4095
0
0
0
0
0
0
0
4095
0
0
0
0
0
0
0
4095
0
0
0
0
0
0
0
4095
0
0
0
0
0
0
0
4095
0
0
0
0
0
0
0
4095
0
0
0
0
0
0
0
4095
0
0
0
0
0
0
0
4095
0
0
0
0
0
0
0
4095
0
0
0
0
0
0
0
4095
0
0
0
0
0
0
0
4095
0
0
0
0
0
0
0
4095
0
0
0
0
0
0
0
4095
0
0
0
0
0
0
0
4095
0
0
0
0
0
0
0
4095
0
0
0
0
0
0
0
4095
0
0
0
0
0
0
0
4095
0
0
0
0
0
0
0
4095
0
0
0
0
0
0
0
4095
0
0
0
0
0
0
0
4095
0
0
0
0
0
0
0
4095
0
0
0
0
0
0
0
4095
0
0
0
0
0
0
0
4095
0
0
0
0
0
0
0
4095
0
0
0
0
0
0
0
4095
0
0
0
0
0
0
0
4095
0
0
0
0
0
0
0
4095
0
0
0
0
0
0
0
4095
0
0
0
0
0
0
0
4095
0
0
0
0
0
0
0
4095
0
0
0
0
0
0
0
4095
0
0
0
0
0
0
0
4095
0
0
0
0
0
0
0
4095
0
0
0
0
0
0
0
4095
0
0
0
0
0
0
0
4095
0
0
0
0
0
0
0
4095
0
0
0
0
0
0
0
4095
0
0
0
0
0
0
0
4095
0
0
0
0
0
0
0
4095
0
0
0
0
0
0
0
4095
0
0
0
0
0
0
0
4095
0
0
0
0
0
0
0
4095
0
0
0
0
0
0
0
4095
0
0
0
0
0
0
0
4095
0
0
0
0
0
0
0
4095
0
0
0
0
0
0
0
4095
0
0
0
0
0
0
0
4095
0
0
0
0
0
0
0
4095
0
0
0
0
0
0
0
4095
0
0
0
0
0
0
0
4095
0
0
0
0
0
0
0
4095
0
0
0
0
0
0
0
4095
0
0
0
0
0
0
0
4095
0
0
0
0
0
0
0
4095
0
0
0
0
0
0
0
4095
0
0
0
0
0
0
0
4095
0
0
0
0
0
0
0
4095
0
0
0
0
0
0
0
4095
0
0
0
0
0
0
0
4095
0
0
0
0
0
0
0
4095
0
0
0
0
0
0
0
4095
0
0
0
0
0
0
0
4095
0
0
0
0
0
0
0
4095
0
0
0
0
0
0
0
4095
0
0
0
0
0
0
0
4095
0
0
0
0
0
0
0
4095
0
0
0
0
0
0
0
4095
0
0
0
0
0
0
0
4095
0
0
0
0
0
0
0
4095
0
0
0
0
0
0
0
4095
0
0
0
0
0
0
0
4095
0
0
0
0
0
0
0
4095
0
0
0
0
0
0
0
4095
0
0
0
0
0
0
0
4095
0
0
0
0
0
0
0
4095
0
0
0
0
0
0
0
4095
0
0
0
0
0
0
0
4095
0
0
0
0
0
0
0
4095
0
0
0
0
0
0
0
4095
0
0
0
0
0
0
0
4095
0
0
0
0
0
0
0
4095
0
0
0
0
0
0
0
4095
0
0
0
0
0
0
0
4095
0
0
0
0
0
0
0
4095
0
0
0
0
0
0
0
4095
0
0
0
0
0
0
0
4095
0
0
0
0
0
0
0
4095
0
0
0
0
0
0
0
4095
0
0
0
0
0
0
0
4095
0
0
0
0
0
0
0
4095
0
0
0
0
0
0
0
4095
0
0
0
0
0
0
0
4095
0
0
0
0
0
0
0
4095
0
0
0
0
0
0
0
4095
0
0
0
0
0
0
0
4095
0
0
0
0
0
0
0
4095
0
0
0
0
0
0
0
4095
0
0
0
0
0
0
0
4095
0
0
0
0
0
0
0
4095
0
0
0
0
0
0
0
4095
0
0
0
0
0
0
0
4095
0
0
0
0
0
0
0
4095
0
0
0
0
0
0
0
4095
0
0
0
0
0
0
0
4095
0
0
0
0
0
0
0
4095
0
0
0
0
0
0
0
4095
0
0
0
0
0
0
0
4095
0
0
0
0
0
0
0
4095
0
0
0
0
0
0
0
4095
0
0
0
0
0
0
0
4095
0
0
0
0
0
0
0
4095
0
0
0
0
0
0
0
4095
0
0
0
0
0
0
0
4095
0
0
0
0
0
0
0
4095
0
0
0
0
0
0
0
4095
0
0
0
0
0
0
0
4095
0
0
0
0
0
0
0
4095
0
0
0
0
0
0
0
4095
0
0
0
0
0
0
0
4095
0
0
0
0
0
0
0
4095
0
0
0
0
0
0
0
4095
0
0
0
0
0
0
0
4095
0
0
0
0
0
0
0
4095
0
0
0
0
0
0
0
4095
0
0
0
0
0
0
0
4095
0
0
0
0
0
0
0
4095
0
0
0
0
0
0
0
4095
0
0
0
0
0
0
0
4095
0
0
0
0
0
0
0
4095
0
0
0
0
0
0
0
4095
0
0
0
0
0
0
0
4095
0
0
0
0
0
0
0
4095
0
0
0
0
0
0
0
4095
0
0
0
0
0
0
0
4095
0
0
0
0
0
0
0
4095
0
0
0
0
0
0
0
4095
0
0
0
0
0
0
0
4095
0
0
0
0
0
0
0
4095
0
0
0
0
0
0
0
4095
0
0
0
0
0
0
0
4095
0
0
0
0
0
0
0
4095
0
0
0
0
0
0
0
4095
0
0
0
0
0
0
0
4095
0
0
0
0
0
0
0
4095
0
0
0
0
0
0
0
4095
0
0
0
0
0
0
0
4095
0
0
0
0
0
0
0
4095
0
0
0
0
0
0
0
4095
0
0
0
0
0
0
0
4095
0
0
0
0
0
0
0
4095
0
0
0
0
0
0
0
4095
0
0
0
0
0
0
0
4095
0
0
0
0
0
0
0
4095
0
0
0
0
0
0
0
4095
0
0
0
0
0
0
0
4095
0
0
0
0
0
0
0
4095
0
0
0
0
0
0
0
4095
0
0
0
0
0
0
0
4095
0
0
0
0
0
0
0
4095
0
0
0
0
0
0
0
4095
0
0
0
0
0
0
0
4095
0
0
0
0
0
0
0
4095
0
0
0
0
0
0
0
4095
0
0
0
0
0
0
0
4095
0
0
0
0
0
0
0
4095
0
0
0
0
0
0
0
4095
0
0
0
0
0
0
0
4095
0
0
0
0
0
0
0
4095
0
0
0
0
0
0
0
4095
0
0
0
0
0
0
0
4095
0
0
0
0
0
0
0
4095
0
0
0
0
0
0
0
4095
0
0
0
0
0
0
0
4095
0
0
0
0
0
0
0
4095
0
0
0
0
0
0
0
4095
0
0
0
0
0
0
0
4095
0
0
0
0
0
0
0
4095
0
0
0
0
0
0
0
4095
0
0
0
0
0
0
0
4095
0
0
0
0
0
0
0
4095
0
0
0
0
0
0
0
4095
0
0
0
0
0
0
0
4095
0
0
0
0
0
0
0
4095
0
0
0
0
0
0
0
4095
0
0
0
0
0
0
0
4095
0
0
0
0
0
0
0
4095
0
0
0
0
0
0
0
4095
0
0
0
0
0
0
0
4095
0
0
0
0
0
0
0
4095
0
0
0
0
0
0
0
4095
0
0
0
0
0
0
0
4095
0
0
0
0
0
0
0
4095
0
0
0
0
0
0
0
4095
0
0
0
0
0
0
0
4095
0
0
0
0
0
0
0
4095
0
0
0
0
0
0
0
4095
0
0
0
0
0
0
0
4095
0
0
0
0
0
0
0
4095
0
0
0
0
0
0
0
4095
0
0
0
0
0
0
0
4095
0
0
0
0
0
0
0
4095
0
0
0
0
0
0
0
4095
0
0
0
0
0
0
0
4095
0
0
0
0
0
0
0
4095
0
0
0
0
0
0
0
4095
0
0
0
0
0
0
0
4095
0
0
0
0
0
0
0
4095
0
0
0
0
0
0
0
4095
0
0
0
0
0
0
0
4095
0
0
0
0
0
0
0
4095
0
0
0
0
0
0
0
4095
0
0
0
0
0
0
0
4095
0
0
0
0
0
0
0
4095
0
0
0
0
0
0
0
4095
0
0
0
0
0
0
0
4095
0
0
0
0
0
0
0
4095
0
0
0
0
0
0
0
4095
0
0
0
0
0
0
0
4095
0
0
0
0
0
0
0
4095
0
0
0
0
0
0
0
4095
0
0
0
0
0
0
0
4095
0
0
0
0
0
0
0
4095
0
0
0
0
0
0
0
4095
0
0
0
0
0
0
0
4095
0
0
0
0
0
0
0
4095
0
0
0
0
0
0
0
4095
0
0
0
0
0
0
0
4095
0
0
0
0
0
0
0
4095
0
0
0
0
0
0
0
4095
0
0
0
0
0
0
0
4095
0
0
0
0
0
0
0
4095
0
0
0
0
0
0
0
4095
0
0
0
0
0
0
0
4095
0
0
0
0
0
0
0
4095
0
0
0
0
0
0
0
4095
0
0
0
0
0
0
0
4095
0
0
0
0
0
0
0
4095
0
0
0
0
0
0
0
4095
0
0
0
0
0
0
0
4095
0
0
0
0
0
0
0
4095
0
0
0
0
0
0
0
4095
0
0
0
0
0
0
0
4095
0
0
0
0
0
0
0
4095
0
0
0
0
0
0
0
4095
0
0
0
0
0
0
0
4095
0
0
0
0
0
0
0
4095
0
0
0
0
0
0
0
4095
0
0
0
0
0
0
0
4095
0
0
0
0
0
0
0
4095
0
0
0
0
0
0
0
4095
0
0
0
0
0
0
0
4095
0
0
0
0
0
0
0
4095
0
0
0
0
0
0
0
4095
0
0
0
0
0
0
0
4095
0
0
0
0
0
0
0
4095
0
0
0
0
0
0
0
4095
0
0
0
0
0
0
0
4095
0
0
0
0
0
0
0
4095
0
0
0
0
0
0
0
4095
0
0
0
0
0
0
0
4095
0
0
0
0
0
0
0
4095
0
0
0
0
0
0
0
4095
0
0
0
0
0
0
0
4095
0
0
0
0
0
0
0
4095
0
0
0
0
0
0
0
4095
0
0
0
0
0
0
0
4095
0
0
0
0
0
0
0
4095
0
0
0
0
0
0
0
4095
0
0
0
0
0
0
0
4095
0
0
0
0
0
0
0
4095
0
0
0
0
0
0
0
4095
0
0
0
0
0
0
0
4095
0
0
0
0
0
0
0
4095
0
0
0
0
0
0
0
4095
0
0
0
0
0
0
0
4095
0
0
0
0
0
0
0
4095
0
0
0
0
0
0
0
4095
0
0
0
0
0
0
0
4095
0
0
0
0
0
0
0
4095
0
0
0
0
0
0
0
4095
0
0
0
0
0
0
0
4095
0
0
0
0
0
0
0
4095
0
0
0
0
0
0
0
4095
0
0
0
0
0
0
0
4095
0
0
0
0
0
0
0
4095
0
0
0
0
0
0
0
4095
0
0
0
0
0
0
0
4095
0
0
0
0
0
0
0
4095
0
0
0
0
0
0
0
4095
0
0
0
0
0
0
0
4095
0
0
0
0
0
0
0
4095
0
0
0
0
0
0
0
4095
0
0
0
0
0
0
0
4095
0
0
0
0
0
0
0
4095
0
0
0
0
0
0
0
4095
0
0
0
0
0
0
0
4095
0
0
0
0
0
0
0
4095
0
0
0
0
0
0
0
4095
0
0
0
0
0
0
0
4095
0
0
0
0
0
0
0
4095
0
0
0
0
0
0
0
4095
0
0
0
0
0
0
0
4095
0
0
0
0
0
0
0
4095
0
0
0
0
0
0
0
4095
0
0
0
0
0
0
0
4095
0
0
0
0
0
0
0
4095
0
0
0
0
0
0
0
4095
0
0
0
0
0
0
0
4095
0
0
0
0
0
0
0
4095
0
0
0
0
0
0
0
4095
0
0
0
0
0
0
0
4095
0
0
0
0
0
0
0
4095
0
0
0
0
0
0
0
4095
0
0
0
0
0
0
0
4095
0
0
0
0
0
0
0
4095
0
0
0
0
0
0
0
4095
0
0
0
0
0
0
0
4095
0
0
0
0
0
0
0
4095
0
0
0
0
0
0
0
4095
0
0
0
0
0
0
0
4095
0
0
0
0
0
0
0
4095
0
0
0
0
0
0
0
4095
0
0
0
0
0
0
0
4095
0
0
0
0
0
0
0
4095
0
0
0
0
0
0
0
4095
0
0
0
0
0
0
0
4095
0
0
0
0
0
0
0
4095
0
0
0
0
0
0
0
4095
0
0
0
0
0
0
0
4095
0
0
0
0
0
0
0
4095
0
0
0
0
0
0
0
4095
0
0
0
0
0
0
0
4095
0
0
0
0
0
0
0
4095
0
0
0
0
0
0
0
4095
0
0
0
0
0
0
0
4095
0
0
0
0
0
0
0
4095
0
0
0
0
0
0
0
4095
0
0
0
0
0
0
0
4095
0
0
0
0
0
0
0
4095
0
0
0
0
0
0
0
4095
0
0
0
0
0
0
0
4095
0
0
0
0
0
0
0
4095
0
0
0
0
0
0
0
4095
0
0
0
0
0
0
0
4095
0
0
0
0
0
0
0
4095
0
0
0
0
0
0
0
4095
0
0
0
0
0
0
0
4095
0
0
0
0
0
0
0
4095
0
0
0
0
0
0
0
4095
0
0
0
0
0
0
0
4095
0
0
0
0
0
0
0
4095
0
0
0
0
0
0
0
4095
0
0
0
0
0
0
0
4095
0
0
0
0
0
0
0
4095
0
0
0
0
0
0
0
4095
0
0
0
0
0
0
0
4095
0
0
0
0
0
0
0
4095
0
0
0
0
0
0
0
4095
0
0
0
0
0
0
0
4095
0
0
0
0
0
0
0
4095
0
0
0
0
0
0
0
4095
0
0
0
0
0
0
0
4095
0
0
0
0
0
0
0
4095
0
0
0
0
0
0
0
4095
0
0
0
0
0
0
0
4095
0
0
0
0
0
0
0
4095
0
0
0
0
0
0
0
4095
0
0
0
0
0
0
0
4095
0
0
0
0
0
0
0
4095
0
0
0
0
0
0
0
4095
0
0
0
0
0
0
0
4095
0
0
0
0
0
0
0
4095
0
0
0
0
0
0
0
4095
0
0
0
0
0
0
0
4095
0
0
0
0
0
0
0
4095
0
0
0
0
0
0
0
4095
0
0
0
0
0
0
0
4095
0
0
0
0
0
0
0
4095
0
0
0
0
0
0
0
4095
0
0
0
0
0
0
0
4095
0
0
0
0
0
0
0
4095
0
0
0
0
0
0
0
4095
0
0
0
0
0
0
0
4095
0
0
0
0
0
0
0
4095
0
0
0
0
0
0
0
4095
0
0
0
0
0
0
0
4095
0
0
0
0
0
0
0
4095
0
0
0
0
0
0
0
4095
0
0
0
0
0
0
0
4095
0
0
0
0
0
0
0
4095
0
0
0
0
0
0
0
4095
0
0
0
0
0
0
0
4095
0
0
0
0
0
0
0
4095
0
0
0
0
0
0
0
4095
0
0
0
0
0
0
0
4095
0
0
0
0
0
0
0
4095
0
0
0
0
0
0
0
4095
0
0
0
0
0
0
0
4095
0
0
0
0
0
0
0
4095
0
0
0
0
0
0
0
4095
0
0
0
0
0
0
0
4095
0
0
0
0
0
0
0
4095
0
0
0
0
0
0
0
4095
0
0
0
0
0
0
0
4095
0
0
0
0
0
0
0
4095
0
0
0
0
0
0
0
4095
0
0
0
0
0
0
0
4095
0
0
0
0
0
0
0
4095
0
0
0
0
0
0
0
4095
0
0
0
0
0
0
0
4095
0
0
0
0
0
0
0
4095
0
0
0
0
0
0
0
4095
0
0
0
0
0
0
0
4095
0
0
0
0
0
0
0
4095
0
0
0
0
0
0
0
4095
0
0
0
0
0
0
0
4095
0
0
0
0
0
0
0
4095
0
0
0
0
0
0
0
4095
0
0
0
0
0
0
0
4095
0
0
0
0
0
0
0
4095
0
0
0
0
0
0
0
4095
0
0
0
0
0
0
0
4095
0
0
0
0
0
0
0
4095
0
0
0
0
0
0
0
4095
0
0
0
0
0
0
0
4095
0
0
0
0
0
0
0
4095
0
0
0
0
0
0
0
4095
0
0
0
0
0
0
0
4095
0
0
0
0
0
0
0
4095
0
0
0
0
0
0
0
4095
0
0
0
0
0
0
0
4095
0
0
0
0
0
0
0
4095
0
0
0
0
0
0
0
4095
0
0
0
0
0
0
0
4095
0
0
0
0
0
0
0
4095
0
0
0
0
0
0
0
4095
0
0
0
0
0
0
0
4095
0
0
0
0
0
0
0
4095
0
0
0
0
0
0
0
4095
0
0
0
0
0
0
0
4095
0
0
0
0
0
0
0
4095
0
0
0
0
0
0
0
4095
0
0
0
0
0
0
0
4095
0
0
0
0
0
0
0
4095
0
0
0
0
0
0
0
4095
0
0
0
0
0
0
0
4095
0
0
0
0
0
0
0
4095
0
0
0
0
0
0
0
4095
0
0
0
0
0
0
0
4095
0
0
0
0
0
0
0
4095
0
0
0
0
0
0
0
4095
0
0
0
0
0
0
0
4095
0
0
0
0
0
0
0
4095
0
0
0
0
0
0
0
4095
0
0
0
0
0
0
0
4095
0
0
0
0
0
0
0
4095
0
0
0
0
0
0
0
4095
0
0
0
0
0
0
0
4095
0
0
0
0
0
0
0
4095
0
0
0
0
0
0
0
4095
0
0
0
0
0
0
0
4095
0
0
0
0
0
0
0
4095
0
0
0
0
0
0
0
4095
0
0
0
0
0
0
0
4095
0
0
0
0
0
0
0
4095
0
0
0
0
0
0
0
4095
0
0
0
0
0
0
0
4095
0
0
0
0
0
0
0
4095
0
0
0
0
0
0
0
4095
0
0
0
0
0
0
0
4095
0
0
0
0
0
0
0
4095
0
0
0
0
0
0
0
4095
0
0
0
0
0
0
0
4095
0
0
0
0
0
0
0
4095
0
0
0
0
0
0
0
4095
0
0
0
0
0
0
0
4095
0
0
0
0
0
0
0
4095
0
0
0
0
0
0
0
4095
0
0
0
0
0
0
0
4095
0
0
0
0
0
0
0
4095
0
0
0
0
0
0
0
4095
0
0
0
0
0
0
0
4095
0
0
0
0
0
0
0
4095
0
0
0
0
0
0
0
4095
0
0
0
0
0
0
0
4095
0
0
0
0
0
0
0
4095
0
0
0
0
0
0
0
4095
0
0
0
0
0
0
0
4095
0
0
0
0
0
0
0
4095
0
0
0
0
0
0
0
4095
0
0
0
0
0
0
0
4095
0
0
0
0
0
0
0
4095
0
0
0
0
0
0
0
4095
0
0
0
0
0
0
0
4095
0
0
0
0
0
0
0
4095
0
0
0
0
0
0
0
4095
0
0
0
0
0
0
0
4095
0
0
0
0
0
0
0
4095
0
0
0
0
0
0
0
4095
0
0
0
0
0
0
0
4095
0
0
0
0
0
0
0
4095
0
0
0
0
0
0
0
4095
0
0
0
0
0
0
0
4095
0
0
0
0
0
0
0
4095
0
0
0
0
0
0
0
4095
0
0
0
0
0
0
0
4095
0
0
0
0
0
0
0
4095
0
0
0
0
0
0
0
4095
0
0
0
0
0
0
0
4095
0
0
0
0
0
0
0
4095
0
0
0
0
0
0
0
4095
0
0
0
0
0
0
0
4095
0
0
0
0
0
0
0
4095
0
0
0
0
0
0
0
4095
0
0
0
0
0
0
0
4095
0
0
0
0
0
0
0
4095
0
0
0
0
0
0
0
4095
0
0
0
0
0
0
0
4095
0
0
0
0
0
0
0
4095
0
0
0
0
0
0
0
4095
0
0
0
0
0
0
0
4095
0
0
0
0
0
0
0
4095
0
0
0
0
0
0
0
4095
0
0
0
0
0
0
0
4095
0
0
0
0
0
0
0
4095
0
0
0
0
0
0
0
4095
0
0
0
0
0
0
0
4095
0
0
0
0
0
0
0
4095
0
0
0
0
0
0
0
4095
0
0
0
0
0
0
0
4095
0
0
0
0
0
0
0
4095
0
0
0
0
0
0
0
4095
0
0
0
0
0
0
0
4095
0
0
0
0
0
0
0
4095
0
0
0
0
0
0
0
4095
0
0
0
0
0
0
0
4095
0
0
0
0
0
0
0
4095
0
0
0
0
0
0
0
4095
0
0
0
0
0
0
0
4095
0
0
0
0
0
0
0
4095
0
0
0
0
0
0
0
4095
0
0
0
0
0
0
0
4095
0
0
0
0
0
0
0
4095
0
0
0
0
0
0
0
4095
0
0
0
0
0
0
0
4095
0
0
0
0
0
0
0
4095
0
0
0
0
0
0
0
4095
0
0
0
0
0
0
0
4095
0
0
0
0
0
0
0
4095
0
0
0
0
0
0
0
4095
0
0
0
0
0
0
0
4095
0
0
0
0
0
0
0
4095
0
0
0
0
0
0
0
4095
0
0
0
0
0
0
0
4095
0
0
0
0
0
0
0
4095
0
0
0
0
0
0
0
4095
0
0
0
0
0
0
0
4095
0
0
0
0
0
0
0
4095
0
0
0
0
0
0
0
4095
0
0
0
0
0
0
0
4095
0
0
0
0
0
0
0
4095
0
0
0
0
0
0
0
4095
0
0
0
0
0
0
0
4095
0
0
0
0
0
0
0
4095
0
0
0
0
0
0
0
4095
0
0
0
0
0
0
0
4095
0
0
0
0
0
0
0
4095
0
0
0
0
0
0
0
4095
0
0
0
0
0
0
0
4095
0
0
0
0
0
0
0
4095
0
0
0
0
0
0
0
4095
0
0
0
0
0
0
0
4095
0
0
0
0
0
0
0
4095
0
0
0
0
0
0
0
4095
0
0
0
0
0
0
0
4095
0
0
0
0
0
0
0
4095
0
0
0
0
0
0
0
4095
0
0
0
0
0
0
0
4095
0
0
0
0
0
0
0
4095
0
0
0
0
0
0
0
4095
0
0
0
0
0
0
0
4095
0
0
0
0
0
0
0
4095
0
0
0
0
0
0
0
4095
0
0
0
0
0
0
0
4095
0
0
0
0
0
0
0
4095
0
0
0
0
0
0
0
4095
0
0
0
0
0
0
0
4095
0
0
0
0
0
0
0
4095
0
0
0
0
0
0
0
4095
0
0
0
0
0
0
0
4095
0
0
0
0
0
0
0
4095
0
0
0
0
0
0
0
4095
0
0
0
0
0
0
0
4095
0
0
0
0
0
0
0
4095
0
0
0
0
0
0
0
4095
0
0
0
0
0
0
0
4095
0
0
0
0
0
0
0
4095
0
0
0
0
0
0
0
4095
0
0
0
0
0
0
0
4095
0
0
0
0
0
0
0
4095
0
0
0
0
0
0
0
4095
0
0
0
0
0
0
0
4095
0
0
0
0
0
0
0
4095
0
0
0
0
0
0
0
4095
0
0
0
0
0
0
0
4095
0
0
0
0
0
0
0
4095
0
0
0
0
0
0
0
4095
0
0
0
0
0
0
0
4095
0
0
0
0
0
0
0
4095
0
0
0
0
0
0
0
4095
0
0
0
0
0
0
0
4095
0
0
0
0
0
0
0
4095
0
0
0
0
0
0
0
4095
0
0
0
0
0
0
0
4095
0
0
0
0
0
0
0
4095
0
0
0
0
0
0
0
4095
0
0
0
0
0
0
0
4095
0
0
0
0
0
0
0
4095
0
0
0
0
0
0
0
4095
0
0
0
0
0
0
0
4095
0
0
0
0
0
0
0
4095
0
0
0
0
0
0
0
4095
0
0
0
0
0
0
0
4095
0
0
0
0
0
0
0
4095
0
0
0
0
0
0
0
4095
0
0
0
0
0
0
0
4095
0
0
0
0
0
0
0
4095
0
0
0
0
0
0
0
4095
0
0
0
0
0
0
0
4095
0
0
0
0
0
0
0
4095
0
0
0
0
0
0
0
4095
0
0
0
0
0
0
0
4095
0
0
0
0
0
0
0
4095
0
0
0
0
0
0
0
4095
0
0
0
0
0
0
0
4095
0
0
0
0
0
0
0
4095
0
0
0
0
0
0
0
4095
0
0
0
0
0
0
0
4095
0
0
0
0
0
0
0
4095
0
0
0
0
0
0
0
4095
0
0
0
0
0
0
0
4095
0
0
0
0
0
0
0
4095
0
0
0
0
0
0
0
4095
0
0
0
0
0
0
0
4095
0
0
0
0
0
0
0
4095
0
0
0
0
0
0
0
4095
0
0
0
0
0
0
0
4095
0
0
0
0
0
0
0
4095
0
0
0
0
0
0
0
4095
0
0
0
0
0
0
0
4095
0
0
0
0
0
0
0
4095
0
0
0
0
0
0
0
4095
0
0
0
0
0
0
0
4095
0
0
0
0
0
0
0
4095
0
0
0
0
0
0
0
4095
0
0
0
0
0
0
0
4095
0
0
0
0
0
0
0
4095
0
0
0
0
0
0
0
4095
0
0
0
0
0
0
0
4095
0
0
0
0
0
0
0
4095
0
0
0
0
0
0
0
4095
0
0
0
0
0
0
0
4095
0
0
0
0
0
0
0
4095
0
0
0
0
0
0
0
4095
0
0
0
0
0
0
0
4095
0
0
0
0
0
0
0
4095
0
0
0
0
0
0
0
4095
0
0
0
0
0
0
0
4095
0
0
0
0
0
0
0
4095
0
0
0
0
0
0
0
4095
0
0
0
0
0
0
0
4095
0
0
0
0
0
0
0
4095
0
0
0
0
0
0
0
4095
0
0
0
0
0
0
0
4095
0
0
0
0
0
0
0
4095
0
0
0
0
0
0
0
4095
0
0
0
0
0
0
0
4095
0
0
0
0
0
0
0
4095
0
0
0
0
0
0
0
4095
0
0
0
0
0
0
0
4095
0
0
0
0
0
0
0
4095
0
0
0
0
0
0
0
4095
0
0
0
0
0
0
0
4095
0
0
0
0
0
0
0
4095
0
0
0
0
0
0
0
4095
0
0
0
0
0
0
0
4095
0
0
0
0
0
0
0
4095
0
0
0
0
0
0
0
4095
0
0
0
0
0
0
0
4095
0
0
0
0
0
0
0
4095
0
0
0
0
0
0
0
4095
0
0
0
0
0
0
0
4095
0
0
0
0
0
0
0
4095
0
0
0
0
0
0
0
4095
0
0
0
0
0
0
0
4095
0
0
0
0
0
0
0
4095
0
0
0
0
0
0
0
4095
0
0
0
0
0
0
0
4095
0
0
0
0
0
0
0
4095
0
0
0
0
0
0
0
4095
0
0
0
0
0
0
0
4095
0
0
0
0
0
0
0
4095
0
0
0
0
0
0
0
4095
0
0
0
0
0
0
0
4095
0
0
0
0
0
0
0
4095
0
0
0
0
0
0
0
4095
0
0
0
0
0
0
0
4095
0
0
0
0
0
0
0
4095
0
0
0
0
0
0
0
4095
0
0
0
0
0
0
0
4095
0
0
0
0
0
0
0
4095
0
0
0
0
0
0
0
4095
0
0
0
0
0
0
0
4095
0
0
0
0
0
0
0
4095
0
0
0
0
0
0
0
4095
0
0
0
0
0
0
0
4095
0
0
0
0
0
0
0
4095
0
0
0
0
0
0
0
4095
0
0
0
0
0
0
0
4095
0
0
0
0
0
0
0
4095
0
0
0
0
0
0
0
4095
0
0
0
0
0
0
0
4095
0
0
0
0
0
0
0
4095
0
0
0
0
0
0
0
4095
0
0
0
0
0
0
0
4095
0
0
0
0
0
0
0
4095
0
0
0
0
0
0
0
4095
0
0
0
0
0
0
0
4095
0
0
0
0
0
0
0
4095
0
0
0
0
0
0
0
4095
0
0
0
0
0
0
0
4095
0
0
0
0
0
0
0
4095
0
0
0
0
0
0
0
4095
0
0
0
0
0
0
0
4095
0
0
0
0
0
0
0
4095
0
0
0
0
0
0
0
4095
0
0
0
0
0
0
0
4095
0
0
0
0
0
0
0
4095
0
0
0
0
0
0
0
4095
0
0
0
0
0
0
0
4095
0
0
0
0
0
0
0
4095
0
0
0
0
0
0
0
4095
0
0
0
0
0
0
0
4095
0
0
0
0
0
0
0
4095
0
0
0
0
0
0
0
4095
0
0
0
0
0
0
0
4095
0
0
0
0
0
0
0
4095
0
0
0
0
0
0
0
4095
0
0
0
0
0
0
0
4095
0
0
0
0
0
0
0
4095
0
0
0
0
0
0
0
4095
0
0
0
0
0
0
0
4095
0
0
0
0
0
0
0
4095
0
0
0
0
0
0
0
4095
0
0
0
0
0
0
0
4095
0
0
0
0
0
0
0
4095
0
0
0
0
0
0
0
4095
0
0
0
0
0
0
0
4095
0
0
0
0
0
0
0
4095
0
0
0
0
0
0
0
4095
0
0
0
0
0
0
0
4095
0
0
0
0
0
0
0
4095
0
0
0
0
0
0
0
4095
0
0
0
0
0
0
0
4095
0
0
0
0
0
0
0
4095
0
0
0
0
0
0
0
4095
0
0
0
0
0
0
0
4095
0
0
0
0
0
0
0
4095
0
0
0
0
0
0
0
4095
0
0
0
0
0
0
0
4095
0
0
0
0
0
0
0
4095
0
0
0
0
0
0
0
4095
0
0
0
0
0
0
0
4095
0
0
0
0
0
0
0
4095
0
0
0
0
0
0
0
4095
0
0
0
0
0
0
0
4095
0
0
0
0
0
0
0
4095
0
0
0
0
0
0
0
4095
0
0
0
0
0
0
0
4095
0
0
0
0
0
0
0
4095
0
0
0
0
0
0
0
4095
0
0
0
0
0
0
0
4095
0
0
0
0
0
0
0
4095
0
0
0
0
0
0
0
4095
0
0
0
0
0
0
0
4095
0
0
0
0
0
0
0
4095
0
0
0
0
0
0
0
4095
0
0
0
0
0
0
0
4095
0
0
0
0
0
0
0
4095
0
0
0
0
0
0
0
4095
0
0
0
0
0
0
0
4095
0
0
0
0
0
0
0
4095
0
0
0
0
0
0
0
4095
0
0
0
0
0
0
0
4095
0
0
0
0
0
0
0
4095
0
0
0
0
0
0
0
4095
0
0
0
0
0
0
0
4095
0
0
0
0
0
0
0
4095
0
0
0
0
0
0
0
4095
0
0
0
0
0
0
0
4095
0
0
0
0
0
0
0
4095
0
0
0
0
0
0
0
4095
0
0
0
0
0
0
0
4095
0
0
0
0
0
0
0
4095
0
0
0
0
0
0
0
4095
0
0
0
0
0
0
0
4095
0
0
0
0
0
0
0
4095
0
0
0
0
0
0
0
4095
0
0
0
0
0
0
0
4095
0
0
0
0
0
0
0
4095
0
0
0
0
0
0
0
4095
0
0
0
0
0
0
0
4095
0
0
0
0
0
0
0
4095
0
0
0
0
0
0
0
4095
0
0
0
0
0
0
0
4095
0
0
0
0
0
0
0
4095
0
0
0
0
0
0
0
4095
0
0
0
0
0
0
0
4095
0
0
0
0
0
0
0
4095
0
0
0
0
0
0
0
4095
0
0
0
0
0
0
0
4095
0
0
0
0
0
0
0
4095
0
0
0
0
0
0
0
4095
0
0
0
0
0
0
0
4095
0
0
0
0
0
0
0
4095
0
0
0
0
0
0
0
4095
0
0
0
0
0
0
0
4095
0
0
0
0
0
0
0
4095
0
0
0
0
0
0
0
4095
0
0
0
0
0
0
0
4095
0
0
0
0
0
0
0
4095
0
0
0
0
0
0
0
4095
0
0
0
0
0
0
0
4095
0
0
0
0
0
0
0
4095
0
0
0
0
0
0
0
4095
0
0
0
0
0
0
0
4095
0
0
0
0
0
0
0
4095
0
0
0
0
0
0
0
4095
0
0
0
0
0
0
0
4095
0
0
0
0
0
0
0
4095
0
0
0
0
0
0
0
4095
0
0
0
0
0
0
0
4095
0
0
0
0
0
0
0
4095
0
0
0
0
0
0
0
4095
0
0
0
0
0
0
0
4095
0
0
0
0
0
0
0
4095
0
0
0
0
0
0
0
4095
0
0
0
0
0
0
0
4095
0
0
0
0
0
0
0
4095
0
0
0
0
0
0
0
4095
0
0
0
0
0
0
0
4095
0
0
0
0
0
0
0
4095
0
0
0
0
0
0
0
4095
0
0
0
0
0
0
0
4095
0
0
0
0
0
0
0
