0
0
0
0
0
0
0
0
0
0
0
0
0
0
0
0
0
0
0
0
0
0
0
0
0
0
0
0
0
0
0
0
0
0
0
0
0
0
0
0
0
0
0
0
0
0
0
0
0
0
0
0
0
0
0
0
0
0
0
0
0
0
0
0
0
0
0
0
0
0
0
0
0
0
0
0
0
0
0
0
0
0
0
0
0
0
0
0
0
0
0
0
0
0
0
0
0
0
0
0
0
0
0
0
0
0
0
0
0
0
0
0
0
0
0
0
0
0
0
0
0
0
0
0
0
0
0
0
0
0
0
0
0
0
0
0
0
0
0
0
0
0
0
0
0
0
0
0
0
0
0
0
0
0
0
0
0
0
0
0
0
0
0
0
0
0
0
0
0
0
0
0
0
0
0
0
0
0
0
0
0
0
0
0
4084
4082
0
0
0
0
0
0
4067
4065
0
0
0
0
0
0
4058
4056
0
0
0
0
0
0
4054
4053
0
0
0
0
0
0
4058
4058
0
0
0
0
0
0
4064
4064
0
0
0
0
0
0
4067
4067
0
0
0
0
0
0
4063
4063
0
0
0
0
0
0
4065
4066
0
0
0
0
0
0
4065
4064
0
0
0
0
0
0
4067
4066
0
0
0
0
0
0
4070
4071
0
0
0
0
0
0
4067
4066
0
0
0
0
0
0
4060
4059
0
0
0
0
0
0
4071
4073
0
0
0
0
0
0
4073
4072
0
0
0
0
0
0
4047
4046
0
0
0
0
0
0
4067
4070
0
0
0
0
0
0
4086
4088
0
0
0
0
0
0
4061
4057
0
0
0
0
0
0
4059
4058
0
0
0
0
0
0
4091
4093
0
0
0
0
0
0
4063
4060
0
0
0
0
0
0
4041
4041
0
0
0
0
0
0
3
9
0
0
0
0
0
0
1
4094
0
0
0
0
0
0
4026
4019
0
0
0
0
0
0
4062
4069
0
0
0
0
0
0
16
19
0
0
0
0
0
0
4032
4022
0
0
0
0
0
0
4028
4031
0
0
0
0
0
0
29
39
0
0
0
0
0
0
4076
4068
0
0
0
0
0
0
4012
4007
0
0
0
0
0
0
17
29
0
0
0
0
0
0
16
10
0
0
0
0
0
0
3981
3969
0
0
0
0
0
0
4057
4070
0
0
0
0
0
0
57
63
0
0
0
0
0
0
4015
3997
0
0
0
0
0
0
4002
4007
0
0
0
0
0
0
72
86
0
0
0
0
0
0
4071
4054
0
0
0
0
0
0
3951
3943
0
0
0
0
0
0
36
56
0
0
0
0
0
0
48
41
0
0
0
0
0
0
3935
3917
0
0
0
0
0
0
4059
4079
0
0
0
0
0
0
115
122
0
0
0
0
0
0
3979
3952
0
0
0
0
0
0
3960
3970
0
0
0
0
0
0
129
153
0
0
0
0
0
0
4087
4061
0
0
0
0
0
0
3894
3881
0
0
0
0
0
0
67
99
0
0
0
0
0
0
92
82
0
0
0
0
0
0
3875
3845
0
0
0
0
0
0
4041
4071
0
0
0
0
0
0
172
184
0
0
0
0
0
0
3945
3908
0
0
0
0
0
0
3926
3940
0
0
0
0
0
0
205
240
0
0
0
0
0
0
4094
4056
0
0
0
0
0
0
3817
3802
0
0
0
0
0
0
103
151
0
0
0
0
0
0
151
139
0
0
0
0
0
0
3821
3781
0
0
0
0
0
0
4052
4091
0
0
0
0
0
0
255
271
0
0
0
0
0
0
3907
3853
0
0
0
0
0
0
3866
3881
0
0
0
0
0
0
258
306
0
0
0
0
0
0
2
4052
0
0
0
0
0
0
3746
3727
0
0
0
0
0
0
155
214
0
0
0
0
0
0
194
174
0
0
0
0
0
0
3717
3664
0
0
0
0
0
0
4031
4085
0
0
0
0
0
0
350
374
0
0
0
0
0
0
3880
3811
0
0
0
0
0
0
3814
3835
0
0
0
0
0
0
357
415
0
0
0
0
0
0
2
4037
0
0
0
0
0
0
3635
3611
0
0
0
0
0
0
193
271
0
0
0
0
0
0
253
228
0
0
0
0
0
0
3625
3559
0
0
0
0
0
0
4028
4095
0
0
0
0
0
0
443
470
0
0
0
0
0
0
3801
3714
0
0
0
0
0
0
3733
3761
0
0
0
0
0
0
446
519
0
0
0
0
0
0
4
4026
0
0
0
0
0
0
3537
3507
0
0
0
0
0
0
261
360
0
0
0
0
0
0
341
311
0
0
0
0
0
0
3532
3447
0
0
0
0
0
0
4004
4087
0
0
0
0
0
0
544
579
0
0
0
0
0
0
3757
3651
0
0
0
0
0
0
3674
3707
0
0
0
0
0
0
569
658
0
0
0
0
0
0
25
4028
0
0
0
0
0
0
3416
3377
0
0
0
0
0
0
300
416
0
0
0
0
0
0
393
360
0
0
0
0
0
0
3417
3319
0
0
0
0
0
0
4017
20
0
0
0
0
0
0
675
713
0
0
0
0
0
0
3671
3542
0
0
0
0
0
0
3568
3604
0
0
0
0
0
0
658
768
0
0
0
0
0
0
29
4017
0
0
0
0
0
0
3300
3257
0
0
0
0
0
0
387
527
0
0
0
0
0
0
499
456
0
0
0
0
0
0
3300
3182
0
0
0
0
0
0
3992
13
0
0
0
0
0
0
794
842
0
0
0
0
0
0
3606
3453
0
0
0
0
0
0
3479
3527
0
0
0
0
0
0
791
919
0
0
0
0
0
0
38
4007
0
0
0
0
0
0
3169
3117
0
0
0
0
0
0
461
625
0
0
0
0
0
0
594
544
0
0
0
0
0
0
3174
3037
0
0
0
0
0
0
3989
30
0
0
0
0
0
0
941
997
0
0
0
0
0
0
3538
3361
0
0
0
0
0
0
3393
3448
0
0
0
0
0
0
929
1080
0
0
0
0
0
0
69
4017
0
0
0
0
0
0
3034
2971
0
0
0
0
0
0
525
712
0
0
0
0
0
0
668
609
0
0
0
0
0
0
3025
2866
0
0
0
0
0
0
3970
37
0
0
0
0
0
0
1108
1174
0
0
0
0
0
0
3488
3282
0
0
0
0
0
0
3302
3360
0
0
0
0
0
0
1056
1226
0
0
0
0
0
0
59
3984
0
0
0
0
0
0
2857
2789
0
0
0
0
0
0
604
823
0
0
0
0
0
0
786
721
0
0
0
0
0
0
2889
2707
0
0
0
0
0
0
3956
45
0
0
0
0
0
0
1259
1334
0
0
0
0
0
0
3406
3174
0
0
0
0
0
0
3206
3277
0
0
0
0
0
0
1232
1426
0
0
0
0
0
0
96
3997
0
0
0
0
0
0
2709
2631
0
0
0
0
0
0
694
942
0
0
0
0
0
0
902
827
0
0
0
0
0
0
2742
2535
0
0
0
0
0
0
3939
48
0
0
0
0
0
0
1401
1484
0
0
0
0
0
0
3293
3032
0
0
0
0
0
0
3085
3164
0
0
0
0
0
0
1379
1599
0
0
0
0
0
0
111
3989
0
0
0
0
0
0
2556
2467
0
0
0
0
0
0
783
1059
0
0
0
0
0
0
1015
932
0
0
0
0
0
0
2582
2351
0
0
0
0
0
0
3924
58
0
0
0
0
0
0
1575
1667
0
0
0
0
0
0
3200
2906
0
0
0
0
0
0
2953
3040
0
0
0
0
0
0
1531
1776
0
0
0
0
0
0
122
3976
0
0
0
0
0
0
2371
2272
0
0
0
0
0
0
873
1182
0
0
0
0
0
0
1136
1042
0
0
0
0
0
0
2417
2160
0
0
0
0
0
0
3907
65
0
0
0
0
0
0
1745
1847
0
0
0
0
0
0
3108
2784
0
0
0
0
0
0
2838
2936
0
0
0
0
0
0
1712
1984
0
0
0
0
0
0
155
3984
0
0
0
0
0
0
2209
2099
0
0
0
0
0
0
968
1307
0
0
0
0
0
0
1250
1147
0
0
0
0
0
0
2239
1955
0
0
0
0
0
0
3883
70
0
0
0
0
0
0
1931
2046
0
0
0
0
0
0
3028
2670
0
0
0
0
0
0
2723
2828
0
0
0
0
0
0
1872
2170
0
0
0
0
0
0
158
3960
0
0
0
0
0
0
2010
1889
0
0
0
0
0
0
1050
1424
0
0
0
0
0
0
1375
1265
0
0
0
0
0
0
2079
1768
0
0
0
0
0
0
3874
86
0
0
0
0
0
0
2122
2248
0
0
0
0
0
0
2930
2538
0
0
0
0
0
0
2588
2706
0
0
0
0
0
0
2056
2384
0
0
0
0
0
0
195
3968
0
0
0
0
0
0
1832
1701
0
0
0
0
0
0
1157
1564
0
0
0
0
0
0
1499
1377
0
0
0
0
0
0
1896
1555
0
0
0
0
0
0
3846
86
0
0
0
0
0
0
2303
2438
0
0
0
0
0
0
2818
2392
0
0
0
0
0
0
2452
2579
0
0
0
0
0
0
2223
2576
0
0
0
0
0
0
183
3930
0
0
0
0
0
0
1632
1490
0
0
0
0
0
0
1263
1705
0
0
0
0
0
0
1645
1511
0
0
0
0
0
0
1706
1337
0
0
0
0
0
0
3821
88
0
0
0
0
0
0
2494
2642
0
0
0
0
0
0
2732
2274
0
0
0
0
0
0
2350
2490
0
0
0
0
0
0
2434
2815
0
0
0
0
0
0
219
3936
0
0
0
0
0
0
1433
1278
0
0
0
0
0
0
1351
1828
0
0
0
0
0
0
1763
1620
0
0
0
0
0
0
1526
1132
0
0
0
0
0
0
3821
117
0
0
0
0
0
0
2698
2855
0
0
0
0
0
0
2615
2118
0
0
0
0
0
0
2182
2330
0
0
0
0
0
0
2589
3003
0
0
0
0
0
0
238
3930
0
0
0
0
0
0
1252
1086
0
0
0
0
0
0
1461
1973
0
0
0
0
0
0
1898
1745
0
0
0
0
0
0
1346
921
0
0
0
0
0
0
3799
123
0
0
0
0
0
0
2897
3066
0
0
0
0
0
0
2521
1989
0
0
0
0
0
0
2064
2224
0
0
0
0
0
0
2790
3232
0
0
0
0
0
0
265
3928
0
0
0
0
0
0
1053
874
0
0
0
0
0
0
1559
2107
0
0
0
0
0
0
2024
1858
0
0
0
0
0
0
1137
683
0
0
0
0
0
0
3762
116
0
0
0
0
0
0
3090
3272
0
0
0
0
0
0
2421
1854
0
0
0
0
0
0
1930
2098
0
0
0
0
0
0
2962
3432
0
0
0
0
0
0
266
3900
0
0
0
0
0
0
846
657
0
0
0
0
0
0
1660
2245
0
0
0
0
0
0
2167
1994
0
0
0
0
0
0
970
488
0
0
0
0
0
0
3766
149
0
0
0
0
0
0
3305
3499
0
0
0
0
0
0
2332
1730
0
0
0
0
0
0
1809
1989
0
0
0
0
0
0
3161
3660
0
0
0
0
0
0
293
3895
0
0
0
0
0
0
636
437
0
0
0
0
0
0
1767
2390
0
0
0
0
0
0
2314
2130
0
0
0
0
0
0
795
281
0
0
0
0
0
0
3741
151
0
0
0
0
0
0
3497
3701
0
0
0
0
0
0
2217
1576
0
0
0
0
0
0
1650
1841
0
0
0
0
0
0
3342
3871
0
0
0
0
0
0
323
3897
0
0
0
0
0
0
451
239
0
0
0
0
0
0
1872
2531
0
0
0
0
0
0
2448
2252
0
0
0
0
0
0
601
59
0
0
0
0
0
0
3714
152
0
0
0
0
0
0
3678
3894
0
0
0
0
0
0
2106
1430
0
0
0
0
0
0
1518
1721
0
0
0
0
0
0
3525
4083
0
0
0
0
0
0
336
3883
0
0
0
0
0
0
255
33
0
0
0
0
0
0
1976
2666
0
0
0
0
0
0
2573
2368
0
0
0
0
0
0
428
3955
0
0
0
0
0
0
3710
175
0
0
0
0
0
0
3885
14
0
0
0
0
0
0
2007
1295
0
0
0
0
0
0
1381
1595
0
0
0
0
0
0
3707
198
0
0
0
0
0
0
365
3884
0
0
0
0
0
0
73
3933
0
0
0
0
0
0
2065
2790
0
0
0
0
0
0
2692
2474
0
0
0
0
0
0
230
3726
0
0
0
0
0
0
3668
164
0
0
0
0
0
0
4069
213
0
0
0
0
0
0
1917
1172
0
0
0
0
0
0
1271
1494
0
0
0
0
0
0
3888
404
0
0
0
0
0
0
368
3860
0
0
0
0
0
0
3966
3720
0
0
0
0
0
0
2162
2924
0
0
0
0
0
0
2833
2606
0
0
0
0
0
0
60
3529
0
0
0
0
0
0
3656
178
0
0
0
0
0
0
167
417
0
0
0
0
0
0
1827
1047
0
0
0
0
0
0
1135
1366
0
0
0
0
0
0
4052
598
0
0
0
0
0
0
390
3855
0
0
0
0
0
0
3789
3534
0
0
0
0
0
0
2276
3070
0
0
0
0
0
0
2968
2729
0
0
0
0
0
0
3983
3327
0
0
0
0
0
0
3633
183
0
0
0
0
0
0
352
613
0
0
0
0
0
0
1736
924
0
0
0
0
0
0
1013
1253
0
0
0
0
0
0
119
786
0
0
0
0
0
0
400
3838
0
0
0
0
0
0
3598
3335
0
0
0
0
0
0
2366
3194
0
0
0
0
0
0
3090
2841
0
0
0
0
0
0
3809
3125
0
0
0
0
0
0
3595
170
0
0
0
0
0
0
507
780
0
0
0
0
0
0
1638
798
0
0
0
0
0
0
912
1161
0
0
0
0
0
0
310
1002
0
0
0
0
0
0
429
3842
0
0
0
0
0
0
3425
3149
0
0
0
0
0
0
2450
3311
0
0
0
0
0
0
3217
2962
0
0
0
0
0
0
3667
2959
0
0
0
0
0
0
3598
195
0
0
0
0
0
0
685
967
0
0
0
0
0
0
1548
674
0
0
0
0
0
0
781
1041
0
0
0
0
0
0
461
1180
0
0
0
0
0
0
452
3841
0
0
0
0
0
0
3269
2981
0
0
0
0
0
0
2533
3420
0
0
0
0
0
0
3302
3037
0
0
0
0
0
0
3488
2758
0
0
0
0
0
0
3583
211
0
0
0
0
0
0
879
1170
0
0
0
0
0
0
1473
566
0
0
0
0
0
0
662
929
0
0
0
0
0
0
594
1337
0
0
0
0
0
0
448
3813
0
0
0
0
0
0
3085
2790
0
0
0
0
0
0
2609
3526
0
0
0
0
0
0
3426
3154
0
0
0
0
0
0
3358
2604
0
0
0
0
0
0
3574
221
0
0
0
0
0
0
1028
1329
0
0
0
0
0
0
1396
463
0
0
0
0
0
0
10
4036
0
0
0
0
0
0
747
1512
0
0
0
0
0
0
1715
2984
0
0
0
0
0
0
2944
2641
0
0
0
0
0
0
924
2618
0
0
0
0
0
0
2
65
0
0
0
0
0
0
3102
2750
0
0
0
0
0
0
2307
1049
0
0
0
0
0
0
3042
2886
0
0
0
0
0
0
3080
1374
0
0
0
0
0
0
1711
1704
0
0
0
0
0
0
1027
1388
0
0
0
0
0
0
2081
3473
0
0
0
0
0
0
917
1065
0
0
0
0
0
0
1664
3301
0
0
0
0
0
0
2374
2382
0
0
0
0
0
0
2536
2147
0
0
0
0
0
0
1956
572
0
0
0
0
0
0
3118
3007
0
0
0
0
0
0
2303
655
0
0
0
0
0
0
1788
1776
0
0
0
0
0
0
1576
1975
0
0
0
0
0
0
2035
3397
0
0
0
0
0
0
835
938
0
0
0
0
0
0
1694
3363
0
0
0
0
0
0
2277
2286
0
0
0
0
0
0
2440
2032
0
0
0
0
0
0
2002
648
0
0
0
0
0
0
3262
3160
0
0
0
0
0
0
2301
619
0
0
0
0
0
0
535
3599
0
0
0
0
0
0
1643
2060
0
0
0
0
0
0
2008
1114
0
0
0
0
0
0
708
809
0
0
0
0
0
0
2790
236
0
0
0
0
0
0
3538
467
0
0
0
0
0
0
1230
190
0
0
0
0
0
0
1998
2902
0
0
0
0
0
0
498
731
0
0
0
0
0
0
1232
3775
0
0
0
0
0
0
2136
1190
0
0
0
0
0
0
2855
3904
0
0
0
0
0
0
2351
1284
0
0
0
0
0
0
3478
3244
0
0
0
0
0
0
2094
3698
0
0
0
0
0
0
1943
2882
0
0
0
0
0
0
1341
322
0
0
0
0
0
0
1669
2743
0
0
0
0
0
0
771
977
0
0
0
0
0
0
1904
292
0
0
0
0
0
0
1891
952
0
0
0
0
0
0
2727
3753
0
0
0
0
0
0
2357
1286
0
0
0
0
0
0
2634
2079
0
0
0
0
0
0
2193
3810
0
0
0
0
0
0
3415
2274
0
0
0
0
0
0
1220
185
0
0
0
0
0
0
3983
1714
0
0
0
0
0
0
1439
1996
0
0
0
0
0
0
1680
481
0
0
0
0
0
0
592
1734
0
0
0
0
0
0
642
1221
0
0
0
0
0
0
58
2320
0
0
0
0
0
0
255
3839
0
0
0
0
0
0
2364
3573
0
0
0
0
0
0
3804
2806
0
0
0
0
0
0
3354
2769
0
0
0
0
0
0
572
2327
0
0
0
0
0
0
3820
239
0
0
0
0
0
0
1225
4088
0
0
0
0
0
0
204
1204
0
0
0
0
0
0
662
1291
0
0
0
0
0
0
3471
1708
0
0
0
0
0
0
360
3928
0
0
0
0
0
0
2839
4080
0
0
0
0
0
0
3808
2798
0
0
0
0
0
0
3345
2708
0
0
0
0
0
0
517
2293
0
0
0
0
0
0
3717
153
0
0
0
0
0
0
1224
4072
0
0
0
0
0
0
211
1223
0
0
0
0
0
0
723
1361
0
0
0
0
0
0
3519
1738
0
0
0
0
0
0
272
3838
0
0
0
0
0
0
2840
4093
0
0
0
0
0
0
3854
2837
0
0
0
0
0
0
3268
2623
0
0
0
0
0
0
506
2293
0
0
0
0
0
0
3803
238
0
0
0
0
0
0
1178
4013
0
0
0
0
0
0
142
1157
0
0
0
0
0
0
777
1426
0
0
0
0
0
0
3518
1727
0
0
0
0
0
0
201
3764
0
0
0
0
0
0
2875
46
0
0
0
0
0
0
3916
2898
0
0
0
0
0
0
3233
2577
0
0
0
0
0
0
500
2293
0
0
0
0
0
0
3844
281
0
0
0
0
0
0
1133
3962
0
0
0
0
0
0
117
1140
0
0
0
0
0
0
858
1513
0
0
0
0
0
0
3540
1741
0
0
0
0
0
0
152
3710
0
0
0
0
0
0
2886
63
0
0
0
0
0
0
3925
2906
0
0
0
0
0
0
3174
2514
0
0
0
0
0
0
496
2297
0
0
0
0
0
0
959
2523
0
0
0
0
0
0
1134
3953
0
0
0
0
0
0
121
3381
0
0
0
0
0
0
879
1541
0
0
0
0
0
0
3180
2722
0
0
0
0
0
0
3051
1486
0
0
0
0
0
0
1501
2861
0
0
0
0
0
0
3918
653
0
0
0
0
0
0
3230
2037
0
0
0
0
0
0
835
1295
0
0
0
0
0
0
2557
234
0
0
0
0
0
0
2528
1164
0
0
0
0
0
0
1175
443
0
0
0
0
0
0
797
1992
0
0
0
0
0
0
3632
3050
0
0
0
0
0
0
1463
3786
0
0
0
0
0
0
922
2306
0
0
0
0
0
0
2879
3609
0
0
0
0
0
0
3344
2183
0
0
0
0
0
0
402
981
0
0
0
0
0
0
2738
392
0
0
0
0
0
0
3093
1707
0
0
0
0
0
0
1032
298
0
0
0
0
0
0
698
1859
0
0
0
0
0
0
3617
3045
0
0
0
0
0
0
1284
3631
0
0
0
0
0
0
993
2376
0
0
0
0
0
0
3011
3744
0
0
0
0
0
0
3321
2157
0
0
0
0
0
0
416
987
0
0
0
0
0
0
2738
393
0
0
0
0
0
0
3042
1659
0
0
0
0
0
0
1037
304
0
0
0
0
0
0
717
1882
0
0
0
0
0
0
3621
3048
0
0
0
0
0
0
1298
3643
0
0
0
0
0
0
990
2373
0
0
0
0
0
0
2999
3732
0
0
0
0
0
0
3321
2157
0
0
0
0
0
0
419
992
0
0
0
0
0
0
2744
399
0
0
0
0
0
0
3054
1671
0
0
0
0
0
0
1041
308
0
0
0
0
0
0
709
1872
0
0
0
0
0
0
3619
3047
0
0
0
0
0
0
1304
3649
0
0
0
0
0
0
982
2363
0
0
0
0
0
0
2994
3728
0
0
0
0
0
0
3338
2174
0
0
0
0
0
0
410
980
0
0
0
0
0
0
2716
372
0
0
0
0
0
0
3065
1687
0
0
0
0
0
0
1061
327
0
0
0
0
0
0
705
1866
0
0
0
0
0
0
3627
3054
0
0
0
0
0
0
1308
3651
0
0
0
0
0
0
934
2309
0
0
0
0
0
0
2934
3669
0
0
0
0
0
0
3333
2176
0
0
0
0
0
0
409
979
0
0
0
0
0
0
2709
364
0
0
0
0
0
0
3106
1733
0
0
0
0
0
0
1099
361
0
0
0
0
0
0
667
1821
0
0
0
0
0
0
3612
3045
0
0
0
0
0
0
1337
3685
0
0
0
0
0
0
924
2295
0
0
0
0
0
0
2934
3672
0
0
0
0
0
0
3391
2239
0
0
0
0
0
0
419
980
0
0
0
0
0
0
1496
2216
0
0
0
0
0
0
3096
1732
0
0
0
0
0
0
1087
2208
0
0
0
0
0
0
640
1790
0
0
0
0
0
0
3989
2082
0
0
0
0
0
0
2558
1836
0
0
0
0
0
0
2315
3598
0
0
0
0
0
0
2939
1825
0
0
0
0
0
0
3343
2724
0
0
0
0
0
0
71
1972
0
0
0
0
0
0
3981
399
0
0
0
0
0
0
1733
457
0
0
0
0
0
0
35
1048
0
0
0
0
0
0
679
1292
0
0
0
0
0
0
3525
1748
0
0
0
0
0
0
86
3672
0
0
0
0
0
0
2885
42
0
0
0
0
0
0
3971
2960
0
0
0
0
0
0
3282
2638
0
0
0
0
0
0
516
2289
0
0
0
0
0
0
3747
182
0
0
0
0
0
0
1174
4023
0
0
0
0
0
0
202
1212
0
0
0
0
0
0
714
1352
0
0
0
0
0
0
3526
1749
0
0
0
0
0
0
325
3891
0
0
0
0
0
0
2790
4032
0
0
0
0
0
0
3803
2792
0
0
0
0
0
0
3367
2737
0
0
0
0
0
0
510
2281
0
0
0
0
0
0
3673
104
0
0
0
0
0
0
1272
37
0
0
0
0
0
0
257
1266
0
0
0
0
0
0
638
1263
0
0
0
0
0
0
3530
1764
0
0
0
0
0
0
399
3971
0
0
0
0
0
0
2745
3974
0
0
0
0
0
0
3764
2760
0
0
0
0
0
0
3458
2840
0
0
0
0
0
0
524
2281
0
0
0
0
0
0
3592
16
0
0
0
0
0
0
1309
88
0
0
0
0
0
0
305
1306
0
0
0
0
0
0
530
1141
0
0
0
0
0
0
3507
1756
0
0
0
0
0
0
495
4074
0
0
0
0
0
0
2710
3922
0
0
0
0
0
0
3707
2705
0
0
0
0
0
0
3538
2931
0
0
0
0
0
0
513
2259
0
0
0
0
0
0
3491
4007
0
0
0
0
0
0
1369
166
0
0
0
0
0
0
370
1368
0
0
0
0
0
0
440
1037
0
0
0
0
0
0
3509
1774
0
0
0
0
0
0
604
91
0
0
0
0
0
0
2647
3838
0
0
0
0
0
0
3625
2629
0
0
0
0
0
0
3646
3057
0
0
0
0
0
0
532
2261
0
0
0
0
0
0
2828
2992
0
0
0
0
0
0
1426
243
0
0
0
0
0
0
1694
608
0
0
0
0
0
0
330
912
0
0
0
0
0
0
1713
742
0
0
0
0
0
0
1271
1110
0
0
0
0
0
0
2467
4063
0
0
0
0
0
0
2290
3376
0
0
0
0
0
0
1536
502
0
0
0
0
0
0
2334
3299
0
0
0
0
0
0
429
636
0
0
0
0
0
0
1614
26
0
0
0
0
0
0
2113
1168
0
0
0
0
0
0
2431
3453
0
0
0
0
0
0
2385
1348
0
0
0
0
0
0
3684
3481
0
0
0
0
0
0
1975
3533
0
0
0
0
0
0
1884
2830
0
0
0
0
0
0
1587
607
0
0
0
0
0
0
1630
2661
0
0
0
0
0
0
471
662
0
0
0
0
0
0
2112
566
0
0
0
0
0
0
3307
3372
0
0
0
0
0
0
2374
3340
0
0
0
0
0
0
2359
3588
0
0
0
0
0
0
3620
3435
0
0
0
0
0
0
923
2606
0
0
0
0
0
0
693
633
0
0
0
0
0
0
2816
2469
0
0
0
0
0
0
1686
445
0
0
0
0
0
0
3206
3061
0
0
0
0
0
0
3144
1474
0
0
0
0
0
0
1723
1704
0
0
0
0
0
0
1162
1500
0
0
0
0
0
0
2048
3451
0
0
0
0
0
0
902
1049
0
0
0
0
0
0
1596
3213
0
0
0
0
0
0
2267
2293
0
0
0
0
0
0
2740
2374
0
0
0
0
0
0
2003
586
0
0
0
0
0
0
2872
2751
0
0
0
0
0
0
2473
870
0
0
0
0
0
0
1992
1964
0
0
0
0
0
0
1248
1603
0
0
0
0
0
0
2034
3448
0
0
0
0
0
0
1235
1358
0
0
0
0
0
0
1453
3048
0
0
0
0
0
0
1437
1126
0
0
0
0
0
0
2890
2550
0
0
0
0
0
0
3271
3866
0
0
0
0
0
0
2736
2603
0
0
0
0
0
0
832
4094
0
0
0
0
0
0
2627
2933
0
0
0
0
0
0
937
1693
0
0
0
0
0
0
756
174
0
0
0
0
0
0
3261
2935
0
0
0
0
0
0
3157
3977
0
0
0
0
0
0
3161
2908
0
0
0
0
0
0
3170
2427
0
0
0
0
0
0
3617
238
0
0
0
0
0
0
694
1015
0
0
0
0
0
0
1605
718
0
0
0
0
0
0
934
1182
0
0
0
0
0
0
353
1067
0
0
0
0
0
0
413
3803
0
0
0
0
0
0
3364
3083
0
0
0
0
0
0
2381
3251
0
0
0
0
0
0
3225
2970
0
0
0
0
0
0
3764
3063
0
0
0
0
0
0
3583
171
0
0
0
0
0
0
593
866
0
0
0
0
0
0
1656
805
0
0
0
0
0
0
861
1112
0
0
0
0
0
0
230
920
0
0
0
0
0
0
455
3881
0
0
0
0
0
0
3548
3278
0
0
0
0
0
0
2343
3175
0
0
0
0
0
0
3093
2845
0
0
0
0
0
0
3863
3187
0
0
0
0
0
0
3585
148
0
0
0
0
0
0
405
672
0
0
0
0
0
0
1744
927
0
0
0
0
0
0
994
1235
0
0
0
0
0
0
69
734
0
0
0
0
0
0
450
3902
0
0
0
0
0
0
3737
3475
0
0
0
0
0
0
2246
3044
0
0
0
0
0
0
2962
2725
0
0
0
0
0
0
4038
3389
0
0
0
0
0
0
3611
150
0
0
0
0
0
0
239
493
0
0
0
0
0
0
1850
1066
0
0
0
0
0
0
1128
1359
0
0
0
0
0
0
3997
534
0
0
0
0
0
0
407
3884
0
0
0
0
0
0
3897
3646
0
0
0
0
0
0
2142
2907
0
0
0
0
0
0
2840
2613
0
0
0
0
0
0
115
3590
0
0
0
0
0
0
3624
135
0
0
0
0
0
0
40
286
0
0
0
0
0
0
1941
1191
0
0
0
0
0
0
1256
1476
0
0
0
0
0
0
3818
330
0
0
0
0
0
0
397
3901
0
0
0
0
0
0
4093
3854
0
0
0
0
0
0
2055
2787
0
0
0
0
0
0
2720
2501
0
0
0
0
0
0
292
3795
0
0
0
0
0
0
3642
125
0
0
0
0
0
0
3952
90
0
0
0
0
0
0
2044
1329
0
0
0
0
0
0
1389
1599
0
0
0
0
0
0
3645
127
0
0
0
0
0
0
377
3906
0
0
0
0
0
0
179
4048
0
0
0
0
0
0
1946
2644
0
0
0
0
0
0
2588
2383
0
0
0
0
0
0
486
4017
0
0
0
0
0
0
3666
120
0
0
0
0
0
0
3749
3971
0
0
0
0
0
0
2140
1460
0
0
0
0
0
0
1522
1720
0
0
0
0
0
0
3456
4005
0
0
0
0
0
0
349
3906
0
0
0
0
0
0
358
142
0
0
0
0
0
0
1832
2496
0
0
0
0
0
0
2450
2257
0
0
0
0
0
0
671
136
0
0
0
0
0
0
3687
115
0
0
0
0
0
0
3565
3773
0
0
0
0
0
0
2234
1587
0
0
0
0
0
0
1634
1825
0
0
0
0
0
0
3276
3799
0
0
0
0
0
0
349
3937
0
0
0
0
0
0
579
373
0
0
0
0
0
0
1741
2366
0
0
0
0
0
0
2312
2128
0
0
0
0
0
0
848
340
0
0
0
0
0
0
3704
104
0
0
0
0
0
0
3374
3577
0
0
0
0
0
0
2363
1752
0
0
0
0
0
0
1792
1969
0
0
0
0
0
0
3090
3580
0
0
0
0
0
0
310
3925
0
0
0
0
0
0
762
571
0
0
0
0
0
0
1648
2241
0
0
0
0
0
0
2203
2031
0
0
0
0
0
0
1055
576
0
0
0
0
0
0
3729
97
0
0
0
0
0
0
3157
3343
0
0
0
0
0
0
2426
1854
0
0
0
0
0
0
1909
2078
0
0
0
0
0
0
2907
3370
0
0
0
0
0
0
307
3953
0
0
0
0
0
0
982
801
0
0
0
0
0
0
1546
2102
0
0
0
0
0
0
2053
1890
0
0
0
0
0
0
1223
773
0
0
0
0
0
0
3737
77
0
0
0
0
0
0
2956
3132
0
0
0
0
0
0
2543
2006
0
0
0
0
0
0
2053
2211
0
0
0
0
0
0
2720
3153
0
0
0
0
0
0
281
3955
0
0
0
0
0
0
1175
1004
0
0
0
0
0
0
1446
1966
0
0
0
0
0
0
1921
1767
0
0
0
0
0
0
1406
985
0
0
0
0
0
0
3755
66
0
0
0
0
0
0
2759
2922
0
0
0
0
0
0
2641
2141
0
0
0
0
0
0
2188
2335
0
0
0
0
0
0
2536
2939
0
0
0
0
0
0
261
3963
0
0
0
0
0
0
1365
1207
0
0
0
0
0
0
1341
1827
0
0
0
0
0
0
1799
1657
0
0
0
0
0
0
1602
1210
0
0
0
0
0
0
3782
64
0
0
0
0
0
0
2567
2718
0
0
0
0
0
0
2749
2283
0
0
0
0
0
0
2320
2459
0
0
0
0
0
0
2357
2732
0
0
0
0
0
0
247
3976
0
0
0
0
0
0
1565
1416
0
0
0
0
0
0
1227
1677
0
0
0
0
0
0
1653
1523
0
0
0
0
0
0
1786
1425
0
0
0
0
0
0
3810
65
0
0
0
0
0
0
2379
2519
0
0
0
0
0
0
2848
2416
0
0
0
0
0
0
2443
2568
0
0
0
0
0
0
2157
2503
0
0
0
0
0
0
211
3969
0
0
0
0
0
0
1746
1610
0
0
0
0
0
0
1131
1544
0
0
0
0
0
0
1514
1394
0
0
0
0
0
0
1960
1628
0
0
0
0
0
0
3825
53
0
0
0
0
0
0
2194
2324
0
0
0
0
0
0
2957
2558
0
0
0
0
0
0
2572
2686
0
0
0
0
0
0
1970
2292
0
0
0
0
0
0
206
3994
0
0
0
0
0
0
1958
1834
0
0
0
0
0
0
1053
1431
0
0
0
0
0
0
1394
1282
0
0
0
0
0
0
2126
1818
0
0
0
0
0
0
3824
25
0
0
0
0
0
0
1990
2111
0
0
0
0
0
0
3046
2683
0
0
0
0
0
0
2711
2817
0
0
0
0
0
0
1816
2107
0
0
0
0
0
0
176
3987
0
0
0
0
0
0
2117
2003
0
0
0
0
0
0
940
1288
0
0
0
0
0
0
1277
1177
0
0
0
0
0
0
2322
2043
0
0
0
0
0
0
3871
42
0
0
0
0
0
0
1814
1922
0
0
0
0
0
0
3136
2806
0
0
0
0
0
0
2832
2929
0
0
0
0
0
0
1643
1907
0
0
0
0
0
0
161
4002
0
0
0
0
0
0
2317
2214
0
0
0
0
0
0
860
1173
0
0
0
0
0
0
1151
1059
0
0
0
0
0
0
2478
2226
0
0
0
0
0
0
3882
31
0
0
0
0
0
0
1640
1739
0
0
0
0
0
0
3239
2943
0
0
0
0
0
0
2965
3051
0
0
0
0
0
0
1484
1720
0
0
0
0
0
0
134
3996
0
0
0
0
0
0
2459
2366
0
0
0
0
0
0
747
1034
0
0
0
0
0
0
1044
962
0
0
0
0
0
0
2656
2429
0
0
0
0
0
0
3909
29
0
0
0
0
0
0
1462
1549
0
0
0
0
0
0
3305
3037
0
0
0
0
0
0
3053
3133
0
0
0
0
0
0
1319
1533
0
0
0
0
0
0
133
4022
0
0
0
0
0
0
2653
2570
0
0
0
0
0
0
676
928
0
0
0
0
0
0
910
836
0
0
0
0
0
0
2790
2589
0
0
0
0
0
0
3918
18
0
0
0
0
0
0
1311
1389
0
0
0
0
0
0
3413
3174
0
0
0
0
0
0
3181
3249
0
0
0
0
0
0
1167
1357
0
0
0
0
0
0
117
4029
0
0
0
0
0
0
2820
2746
0
0
0
0
0
0
597
818
0
0
0
0
0
0
796
731
0
0
0
0
0
0
2933
2754
0
0
0
0
0
0
3917
4089
0
0
0
0
0
0
1131
1200
0
0
0
0
0
0
3475
3267
0
0
0
0
0
0
3287
3348
0
0
0
0
0
0
1025
1191
0
0
0
0
0
0
97
4031
0
0
0
0
0
0
2971
2905
0
0
0
0
0
0
509
704
0
0
0
0
0
0
699
642
0
0
0
0
0
0
3086
2930
0
0
0
0
0
0
3950
4
0
0
0
0
0
0
992
1054
0
0
0
0
0
0
3567
3384
0
0
0
0
0
0
3382
3434
0
0
0
0
0
0
874
1018
0
0
0
0
0
0
74
4031
0
0
0
0
0
0
3120
3067
0
0
0
0
0
0
455
623
0
0
0
0
0
0
616
565
0
0
0
0
0
0
3221
3086
0
0
0
0
0
0
3954
4083
0
0
0
0
0
0
842
893
0
0
0
0
0
0
3624
3470
0
0
0
0
0
0
3486
3532
0
0
0
0
0
0
756
881
0
0
0
0
0
0
74
4051
0
0
0
0
0
0
3263
3212
0
0
0
0
0
0
364
507
0
0
0
0
0
0
505
464
0
0
0
0
0
0
3348
3233
0
0
0
0
0
0
3978
4089
0
0
0
0
0
0
726
770
0
0
0
0
0
0
3704
3569
0
0
0
0
0
0
3561
3597
0
0
0
0
0
0
610
715
0
0
0
0
0
0
39
4036
0
0
0
0
0
0
3388
3347
0
0
0
0
0
0
305
426
0
0
0
0
0
0
424
389
0
0
0
0
0
0
3462
3365
0
0
0
0
0
0
3985
4077
0
0
0
0
0
0
585
623
0
0
0
0
0
0
3761
3651
0
0
0
0
0
0
3665
3699
0
0
0
0
0
0
536
623
0
0
0
0
0
0
47
4057
0
0
0
0
0
0
3491
3456
0
0
0
0
0
0
230
331
0
0
0
0
0
0
336
309
0
0
0
0
0
0
3580
3501
0
0
0
0
0
0
4012
4088
0
0
0
0
0
0
489
518
0
0
0
0
0
0
3813
3721
0
0
0
0
0
0
3713
3739
0
0
0
0
0
0
404
474
0
0
0
0
0
0
20
4051
0
0
0
0
0
0
3617
3590
0
0
0
0
0
0
193
273
0
0
0
0
0
0
266
243
0
0
0
0
0
0
3664
3601
0
0
0
0
0
0
4004
4066
0
0
0
0
0
0
378
404
0
0
0
0
0
0
3879
3807
0
0
0
0
0
0
3804
3825
0
0
0
0
0
0
330
387
0
0
0
0
0
0
21
4063
0
0
0
0
0
0
3705
3683
0
0
0
0
0
0
132
197
0
0
0
0
0
0
200
184
0
0
0
0
0
0
3759
3709
0
0
0
0
0
0
4020
4068
0
0
0
0
0
0
286
305
0
0
0
0
0
0
3919
3862
0
0
0
0
0
0
3859
3875
0
0
0
0
0
0
238
281
0
0
0
0
0
0
6
4059
0
0
0
0
0
0
3782
3766
0
0
0
0
0
0
96
144
0
0
0
0
0
0
147
133
0
0
0
0
0
0
3837
3800
0
0
0
0
0
0
4042
4076
0
0
0
0
0
0
206
218
0
0
0
0
0
0
3953
3912
0
0
0
0
0
0
3911
3925
0
0
0
0
0
0
173
204
0
0
0
0
0
0
2
4067
0
0
0
0
0
0
3865
3852
0
0
0
0
0
0
58
93
0
0
0
0
0
0
100
92
0
0
0
0
0
0
3909
3882
0
0
0
0
0
0
4043
4067
0
0
0
0
0
0
132
143
0
0
0
0
0
0
3996
3968
0
0
0
0
0
0
3968
3976
0
0
0
0
0
0
106
127
0
0
0
0
0
0
4086
4066
0
0
0
0
0
0
3934
3924
0
0
0
0
0
0
34
56
0
0
0
0
0
0
58
52
0
0
0
0
0
0
3960
3944
0
0
0
0
0
0
4058
4074
0
0
0
0
0
0
81
87
0
0
0
0
0
0
4020
4002
0
0
0
0
0
0
3998
4002
0
0
0
0
0
0
50
64
0
0
0
0
0
0
4081
4068
0
0
0
0
0
0
3985
3981
0
0
0
0
0
0
12
27
0
0
0
0
0
0
28
23
0
0
0
0
0
0
3996
3985
0
0
0
0
0
0
4050
4060
0
0
0
0
0
0
28
31
0
0
0
0
0
0
4035
4026
0
0
0
0
0
0
4029
4034
0
0
0
0
0
0
30
37
0
0
0
0
0
0
4086
4078
0
0
0
0
0
0
4027
4023
0
0
0
0
0
0
4084
4091
0
0
0
0
0
0
4094
4092
0
0
0
0
0
0
4037
4032
0
0
0
0
0
0
4058
4061
0
0
0
0
0
0
4085
4086
0
0
0
0
0
0
4048
4045
0
0
0
0
0
0
4054
4055
0
0
0
0
0
0
4089
4092
0
0
0
0
0
0
4072
4070
0
0
0
0
0
0
4053
4053
0
0
0
0
0
0
4080
4082
0
0
0
0
0
0
4079
4077
0
0
0
0
0
0
4052
4051
0
0
0
0
0
0
4060
4062
0
0
0
0
0
0
4075
4075
0
0
0
0
0
0
4063
4064
0
0
0
0
0
0
4065
4066
0
0
0
0
0
0
4074
4076
0
0
0
0
0
0
4073
4071
0
0
0
0
0
0
4061
4059
0
0
0
0
0
0
4055
4054
0
0
0
0
0
0
4058
4058
0
0
0
0
0
0
4063
4063
0
0
0
0
0
0
4064
4064
0
0
0
0
0
0
4068
4068
0
0
0
0
0
0
4071
4072
0
0
0
0
0
0
4083
4085
0
0
0
0
0
0
3
5
0
0
0
0
0
0
10
10
0
0
0
0
0
0
7
6
0
0
0
0
0
0
4095
4094
0
0
0
0
0
0
4091
4091
0
0
0
0
0
0
4092
4092
0
0
0
0
0
0
4095
4095
0
0
0
0
0
0
1
1
0
0
0
0
0
0
1
1
0
0
0
0
0
0
0
0
0
0
0
0
0
0
4095
4095
0
0
0
0
0
0
4095
4095
0
0
0
0
0
0
4095
4095
0
0
0
0
0
0
0
0
0
0
0
0
0
0
0
0
0
0
0
0
0
0
0
0
0
0
0
0
0
0
4095
4095
0
0
0
0
0
0
4095
4095
0
0
0
0
0
0
4095
4095
0
0
0
0
0
0
4095
0
0
0
0
0
0
0
0
0
0
0
0
0
0
0
0
0
0
0
0
0
0
0
0
0
0
0
0
0
0
0
4095
4095
0
0
0
0
0
0
4095
4095
0
0
0
0
0
0
4095
4095
0
0
0
0
0
0
0
0
0
0
0
0
0
0
0
0
0
0
0
0
0
0
0
0
0
0
0
0
0
0
4095
4095
0
0
0
0
0
0
4095
4095
0
0
0
0
0
0
4095
4095
0
0
0
0
0
0
0
0
0
0
0
0
0
0
0
0
0
0
0
0
0
0
0
0
0
0
0
0
0
0
0
0
0
0
0
0
0
0
4095
4095
0
0
0
0
0
0
4095
4095
0
0
0
0
0
0
0
0
0
0
0
0
0
0
0
0
0
0
0
0
0
0
0
0
0
0
0
0
0
0
0
0
0
0
0
0
0
0
4095
4095
0
0
0
0
0
0
4095
4095
0
0
0
0
0
0
0
0
0
0
0
0
0
0
0
0
0
0
0
0
0
0
0
0
0
0
0
0
0
0
0
0
0
0
0
0
0
0
0
0
0
0
0
0
0
0
0
0
0
0
0
0
0
0
0
0
0
0
0
0
0
0
0
0
0
0
0
0
0
0
0
0
0
0
0
0
0
0
0
0
0
0
0
0
0
0
0
0
0
0
0
0
0
0
0
0
0
0
0
0
0
0
0
0
0
0
0
0
0
0
0
0
0
0
0
0
0
0
0
0
0
0
0
0
0
0
0
0
0
0
0
0
0
0
0
0
0
0
0
0
0
0
0
0
0
0
0
0
0
0
0
0
0
0
0
0
0
0
0
0
0
0
0
0
0
0
0
0
0
0
0
0
0
0
0
0
0
0
0
0
0
0
0
0
0
0
0
0
0
0
0
0
0
0
0
0
0
0
0
0
0
0
0
0
0
0
0
0
0
0
0
0
0
0
0
0
0
0
0
0
0
0
0
0
0
0
0
0
0
0
0
0
0
0
0
0
0
0
0
0
0
0
0
0
0
0
0
0
0
0
0
0
0
0
0
0
0
0
0
0
0
0
0
0
0
0
0
0
0
0
0
0
0
0
0
0
0
0
0
0
0
0
0
0
0
0
0
0
0
0
0
0
0
0
0
0
0
0
0
0
0
0
0
0
0
0
0
0
0
0
0
0
0
0
0
0
0
0
0
0
0
0
0
0
0
0
0
0
0
0
0
0
0
0
0
0
0
0
0
0
0
0
0
0
0
0
0
0
0
0
0
0
0
0
0
0
0
0
0
0
0
0
0
0
0
0
0
0
0
0
0
0
0
0
0
0
0
0
0
0
0
0
0
0
0
0
0
0
0
0
0
0
0
0
0
0
0
0
0
0
0
0
0
0
0
0
0
0
0
0
0
0
0
0
0
0
0
0
0
0
0
0
0
0
0
0
0
0
0
0
0
0
0
0
0
0
0
0
0
0
0
0
0
0
0
0
0
0
0
0
0
0
0
0
0
0
0
0
0
0
0
0
0
0
0
0
0
0
0
0
0
0
0
0
0
0
0
0
0
0
0
0
0
0
0
0
0
0
0
0
0
0
0
0
0
0
0
0
0
0
0
0
0
0
0
0
0
0
0
0
0
0
0
0
0
0
0
0
0
0
0
0
0
0
0
0
0
0
0
0
0
0
0
0
0
0
0
0
0
0
0
0
0
0
0
0
0
0
0
0
0
0
0
0
0
0
0
0
0
0
0
0
0
0
0
0
0
0
0
0
0
0
0
0
0
0
0
0
0
0
0
0
0
0
0
0
0
0
0
0
0
0
0
0
0
0
0
0
0
0
0
0
0
0
0
0
0
0
0
0
0
0
0
0
0
0
0
0
0
0
0
0
0
0
0
0
0
0
0
0
0
0
0
0
0
0
0
0
0
0
0
0
0
0
0
0
0
0
0
0
0
0
0
0
0
0
0
0
0
0
0
0
0
0
0
0
0
0
0
0
0
0
0
0
0
0
0
0
0
0
0
0
0
0
0
0
0
0
0
0
0
0
0
0
0
0
0
0
0
0
0
0
0
0
0
0
0
0
0
0
0
0
0
0
0
0
0
0
0
0
0
0
0
0
0
0
0
0
0
0
0
0
0
0
0
0
0
0
0
0
0
0
0
0
0
0
0
0
0
0
0
0
0
0
0
0
0
0
0
0
0
0
0
0
0
0
0
0
0
0
0
0
0
0
0
0
0
0
0
0
0
0
0
0
0
0
0
0
0
0
0
0
0
0
0
0
0
0
0
0
0
0
0
0
0
0
0
0
0
0
0
0
0
0
0
0
0
0
0
0
0
0
0
0
0
0
0
0
0
0
0
0
0
0
0
0
0
0
0
0
0
0
0
0
0
0
0
0
0
0
0
0
0
0
0
0
0
0
0
0
0
0
0
0
0
0
0
0
0
0
0
0
0
0
0
0
0
0
0
0
0
0
0
0
0
0
0
0
0
0
0
0
0
0
0
0
0
0
0
0
0
0
0
0
0
0
0
0
0
0
0
0
0
0
0
0
0
0
0
0
0
0
0
0
0
0
0
0
0
0
0
0
0
0
0
0
0
0
0
0
0
0
0
0
0
0
0
0
0
0
0
0
0
0
0
0
0
0
0
0
0
0
0
0
0
0
0
0
0
0
0
0
0
0
0
0
0
0
0
0
0
0
0
0
0
0
0
0
0
0
0
0
0
0
0
0
0
0
0
0
0
0
0
0
0
0
0
0
0
0
0
0
0
0
0
0
0
0
0
0
0
0
0
0
0
0
0
0
0
0
0
0
0
0
0
0
0
0
0
0
0
0
0
0
0
0
0
0
0
0
0
0
0
0
0
0
0
0
0
0
0
0
0
0
0
0
0
0
0
0
0
0
0
0
0
0
0
0
0
0
0
0
0
0
0
0
0
0
0
0
0
0
0
0
0
0
0
0
0
0
0
0
0
0
0
0
0
0
0
0
0
0
0
0
0
0
0
0
0
0
0
0
0
0
0
0
0
0
0
0
0
0
0
0
0
0
0
0
0
0
0
0
0
0
0
0
0
0
0
0
0
0
0
0
0
0
0
0
0
0
0
0
0
0
0
0
0
0
0
0
0
0
0
0
0
0
0
0
0
0
0
0
0
0
0
0
0
0
0
0
0
0
0
0
0
0
0
0
0
0
0
0
0
0
0
0
0
0
0
0
0
0
0
0
0
0
0
0
0
0
0
0
0
0
0
0
0
0
0
0
0
0
0
0
0
0
0
0
0
0
0
0
0
0
0
0
0
0
0
0
0
0
0
0
0
0
0
0
0
0
0
0
0
0
0
0
0
0
0
0
0
0
0
0
0
0
0
0
0
0
0
0
0
0
0
0
0
0
0
0
0
0
0
0
0
0
0
0
0
0
0
0
0
0
0
0
0
0
0
0
0
0
0
0
0
0
0
0
0
0
0
0
0
0
0
0
0
0
0
0
0
0
0
0
0
0
0
0
0
0
0
0
0
0
0
0
0
0
0
0
0
0
0
0
0
0
0
0
0
0
0
0
0
0
0
0
0
0
0
0
0
0
0
0
0
0
0
0
0
0
0
0
0
0
0
0
0
0
0
0
0
0
0
0
0
0
0
0
0
0
0
0
0
0
0
0
0
0
0
0
0
0
0
0
0
0
0
0
0
0
0
0
0
0
0
0
0
0
0
0
0
0
0
0
0
0
0
0
0
0
0
0
0
0
0
0
0
0
0
0
0
0
0
0
0
0
0
0
0
0
0
0
0
0
0
0
0
0
0
0
0
0
0
0
0
0
0
0
0
0
0
0
0
0
0
0
0
0
0
0
0
0
0
0
0
0
0
0
0
0
0
0
0
0
0
0
0
0
0
0
0
0
0
0
0
0
0
0
0
0
0
0
0
0
0
0
0
0
0
0
0
0
0
0
0
0
0
0
0
0
0
0
0
0
0
0
0
0
0
0
0
0
0
0
0
0
0
0
0
0
0
0
0
0
0
0
0
0
0
0
0
0
0
0
0
0
0
0
0
0
0
0
0
0
0
0
0
0
0
0
0
0
0
0
0
0
0
0
0
0
0
0
0
0
0
0
0
0
0
0
0
0
0
0
0
0
0
0
0
0
0
0
0
0
0
0
0
0
0
0
0
0
0
0
0
0
0
0
0
0
0
0
0
0
0
0
0
0
0
0
0
0
0
0
0
0
0
0
0
0
0
0
0
0
0
0
0
0
0
0
0
0
0
0
0
0
0
0
0
0
0
0
0
0
0
0
0
0
0
0
0
0
0
0
0
0
0
0
0
0
0
0
0
0
0
0
0
0
0
0
0
0
0
0
0
0
0
0
0
0
0
0
0
0
0
0
0
0
0
0
0
0
0
0
0
0
0
0
0
0
0
0
0
0
0
0
0
0
0
0
0
0
0
0
0
0
0
0
0
0
0
0
0
0
0
0
0
0
0
0
0
0
0
0
0
0
0
0
0
0
0
0
0
0
0
0
0
0
0
0
0
0
0
0
0
0
0
0
0
0
0
0
0
0
0
0
0
0
0
0
0
0
0
0
0
0
0
0
0
0
0
0
0
0
0
0
0
0
0
0
0
0
0
0
0
0
0
0
0
0
0
0
0
0
0
0
0
0
0
0
0
0
0
0
0
0
0
0
0
0
0
0
0
0
0
0
0
0
0
0
0
0
0
0
0
0
0
0
0
0
0
0
0
0
0
0
0
0
0
0
0
0
0
0
0
0
0
0
0
0
0
0
0
0
0
0
0
0
0
0
0
0
0
0
0
0
0
0
0
0
0
0
0
0
0
0
0
0
0
0
0
0
0
0
0
0
0
0
0
0
0
0
0
0
0
0
0
0
0
0
0
0
0
0
0
0
0
0
0
0
0
0
0
0
0
0
0
0
0
0
0
0
0
0
0
0
0
0
0
0
0
0
0
0
0
0
0
0
0
0
0
0
0
0
0
0
0
0
0
0
0
0
0
0
0
0
0
0
0
0
0
0
0
0
0
0
0
0
0
0
0
0
0
0
0
0
0
0
0
0
0
0
0
0
0
0
0
0
0
0
0
0
0
0
0
0
0
0
0
0
0
0
0
0
0
0
0
0
0
0
0
0
0
0
0
0
0
0
0
0
0
0
0
0
0
0
0
0
0
0
0
0
0
0
0
0
0
0
0
0
0
0
0
0
0
0
0
0
0
0
0
0
0
0
0
0
0
0
0
0
0
0
0
0
0
0
0
0
0
0
0
0
0
0
0
0
0
0
0
0
0
0
0
0
0
0
0
0
0
0
0
0
0
0
0
0
0
0
0
0
0
0
0
0
0
0
0
0
0
0
0
0
0
0
0
0
0
0
0
0
0
0
0
0
0
0
0
0
0
0
0
0
0
0
0
0
0
0
0
0
0
0
0
0
0
0
0
0
0
0
0
0
0
0
0
0
0
0
0
0
0
0
0
0
0
0
0
0
0
0
0
0
0
0
0
0
0
0
0
0
0
0
0
0
0
0
0
0
0
0
0
0
0
0
0
0
0
0
0
0
0
0
0
0
0
0
0
0
0
0
0
0
0
0
0
0
0
0
0
0
0
0
0
0
0
0
0
0
0
0
0
0
0
0
0
0
0
0
0
0
0
0
0
0
0
0
0
0
0
0
0
0
0
0
0
0
0
0
0
0
0
0
0
0
0
0
0
0
0
0
0
0
0
0
0
0
0
0
0
0
0
0
0
0
0
0
0
0
0
0
0
0
0
0
0
0
0
0
0
0
0
0
0
0
0
0
0
0
0
0
0
0
0
0
0
0
0
0
0
0
0
0
0
0
0
0
0
0
0
0
0
0
0
0
0
0
0
0
0
0
0
0
0
0
0
0
0
0
0
0
0
0
0
0
0
0
0
0
0
0
0
0
0
0
0
0
0
0
0
0
0
0
0
0
0
0
0
0
0
0
0
0
0
0
0
0
0
0
0
0
0
0
0
0
0
0
0
0
0
0
0
0
0
0
0
0
0
0
0
0
0
0
0
0
0
0
0
0
0
0
0
0
0
0
0
0
0
0
0
0
0
0
0
0
0
0
0
0
0
0
0
0
0
0
0
0
0
0
0
0
0
0
0
0
0
0
0
0
0
0
0
0
0
0
0
0
0
0
0
0
0
0
0
0
0
0
0
0
0
0
0
0
0
0
0
0
0
0
0
0
0
0
0
0
0
0
0
0
0
0
0
0
0
0
0
0
0
0
0
0
0
0
0
0
0
0
0
0
0
0
0
0
0
0
0
0
0
0
0
0
0
0
0
0
0
0
0
0
0
0
0
0
0
0
0
0
0
0
0
0
0
0
0
0
0
0
0
0
0
0
0
0
0
0
0
0
0
0
0
0
0
0
0
0
0
0
0
0
0
0
0
0
0
0
0
0
0
0
0
0
0
0
0
0
0
0
0
0
0
0
0
0
0
0
0
0
0
0
0
0
0
0
0
0
0
0
0
0
0
0
0
0
0
0
0
0
0
0
0
0
0
0
0
0
0
0
0
0
0
0
0
0
0
0
0
0
0
0
0
0
0
0
0
0
0
0
0
0
0
0
0
0
0
0
0
0
0
0
0
0
0
0
0
0
0
0
0
0
0
0
0
0
0
0
0
0
0
0
0
0
0
0
0
0
0
0
0
0
0
0
0
0
0
0
0
0
0
0
0
0
0
0
0
0
0
0
0
0
0
0
0
0
0
0
0
0
0
0
0
0
0
0
0
0
0
0
0
0
0
0
0
0
0
0
0
0
0
0
0
0
0
0
0
0
0
0
0
0
0
0
0
0
0
0
0
0
0
0
0
0
0
0
0
0
0
0
0
0
0
0
0
0
0
0
0
0
0
0
0
0
0
0
0
0
0
0
0
0
0
0
0
0
0
0
0
0
0
0
0
0
0
0
0
0
0
0
0
0
0
0
0
0
0
0
0
0
0
0
0
0
0
0
0
0
0
0
0
0
0
0
0
0
0
0
0
0
0
0
0
0
0
0
0
0
0
0
0
0
0
0
0
0
0
0
0
0
0
0
0
0
0
0
0
0
0
0
0
0
0
0
0
0
0
0
0
0
0
0
0
0
0
0
0
0
0
0
0
0
0
0
0
0
0
0
0
0
0
0
0
0
0
0
0
0
0
0
0
0
0
0
0
0
0
0
0
0
0
0
0
0
0
0
0
0
0
0
0
0
0
0
0
0
0
0
0
0
0
0
0
0
0
0
0
0
0
0
0
0
0
0
0
0
0
0
0
0
0
0
0
0
0
0
0
0
0
0
0
0
0
0
0
0
0
0
0
0
0
0
0
0
0
0
0
0
0
0
0
0
0
0
0
0
0
0
0
0
0
0
0
0
0
0
0
0
0
0
0
0
0
0
0
0
0
0
0
0
0
0
0
0
0
0
0
0
0
0
0
0
0
0
0
0
0
0
0
0
0
0
0
0
0
0
0
0
0
0
0
0
0
0
0
0
0
0
0
0
0
0
0
0
0
0
0
0
0
0
0
0
0
0
0
0
0
0
0
0
0
0
0
0
0
0
0
0
0
0
0
0
0
0
0
0
0
0
0
0
0
0
0
0
0
0
0
0
0
0
0
0
0
0
0
0
0
0
0
0
0
0
0
0
0
0
0
0
0
0
0
0
0
0
0
0
0
0
0
0
0
0
0
0
0
0
0
0
0
0
0
0
0
0
0
0
0
0
0
0
0
0
0
0
0
0
0
0
0
0
0
0
0
0
0
0
0
0
0
0
0
0
0
0
0
0
0
0
0
0
0
0
0
0
0
0
0
0
0
0
0
0
0
0
0
0
0
0
0
0
0
0
0
0
0
0
0
0
0
0
0
0
0
0
0
0
0
0
0
0
0
0
0
0
0
0
0
0
0
0
0
0
0
0
0
0
0
0
0
0
0
0
0
0
0
0
0
0
0
0
0
0
0
0
0
0
0
0
0
0
0
0
0
0
0
0
0
0
0
0
0
0
0
0
0
0
0
0
0
0
0
0
0
0
0
0
0
0
0
0
0
0
0
0
0
0
0
0
0
0
0
0
0
0
0
0
0
0
0
0
0
0
0
0
0
0
0
0
0
0
0
0
0
0
0
0
0
0
0
0
0
0
0
0
0
0
0
0
0
0
0
0
0
0
0
0
0
0
0
0
0
0
0
0
0
0
0
0
0
0
0
0
0
0
0
0
0
0
0
0
0
0
0
0
0
0
0
0
0
0
0
0
0
0
0
0
0
0
0
0
0
0
0
0
0
0
0
0
0
0
0
0
0
0
0
0
0
0
0
0
0
0
0
0
0
0
0
0
0
0
0
0
0
0
0
0
0
0
0
0
0
0
0
0
0
0
0
0
0
0
0
0
0
0
0
0
0
0
0
0
0
0
0
0
0
0
0
0
0
0
0
0
0
0
0
0
0
0
0
0
0
0
0
0
0
0
0
0
0
0
0
0
0
0
0
0
0
0
0
0
0
0
0
0
0
0
0
0
0
0
0
0
0
0
0
0
0
0
0
0
0
0
0
0
0
0
0
0
0
0
0
0
0
0
0
0
0
0
0
0
0
0
0
0
0
0
0
0
0
0
0
0
0
0
0
0
0
0
0
0
0
0
0
0
0
0
0
0
0
0
0
0
0
0
0
0
0
0
0
0
0
0
0
0
0
0
0
0
0
0
0
0
0
0
0
0
0
0
0
0
0
0
0
0
0
0
0
0
0
0
0
0
0
0
0
0
0
0
0
0
0
0
0
0
0
0
0
0
0
0
0
0
0
0
0
0
0
0
0
0
0
0
0
0
0
0
0
0
0
0
0
0
0
0
0
0
0
0
0
0
0
0
0
0
0
0
0
0
0
0
0
0
0
0
0
0
0
0
0
0
0
0
0
0
0
0
0
0
0
0
0
0
0
0
0
0
0
0
0
0
0
0
0
0
0
0
0
0
0
0
0
0
0
0
0
0
0
0
0
0
0
0
0
0
0
0
0
0
0
0
0
0
0
0
0
0
0
0
0
0
0
0
0
0
0
0
0
0
0
0
0
0
0
0
0
0
0
0
0
0
0
0
0
0
0
0
0
0
0
0
0
0
0
0
0
0
0
0
0
0
0
0
0
0
0
0
0
0
0
0
0
0
0
0
0
0
0
0
0
0
0
0
0
0
0
0
0
0
0
0
0
0
0
0
0
0
0
0
0
0
0
0
0
0
0
0
0
0
0
0
0
0
0
0
0
0
0
0
0
0
0
0
0
0
0
0
0
0
0
0
0
0
0
0
0
0
0
0
0
0
0
0
0
0
0
0
0
0
0
0
0
0
0
0
0
0
0
0
0
0
0
0
0
0
0
0
0
0
0
0
0
0
0
0
0
0
0
0
0
0
0
0
0
0
0
0
0
0
0
0
0
0
0
0
0
0
0
0
0
0
0
0
0
0
0
0
0
0
0
0
0
0
0
0
0
0
0
0
0
0
0
0
0
0
0
0
0
0
0
0
0
0
0
0
0
0
0
0
0
0
0
0
0
0
0
0
0
0
0
0
0
0
0
0
0
0
0
0
0
0
0
0
0
0
0
0
0
0
0
0
0
0
0
0
0
0
0
0
0
0
0
0
0
0
0
0
0
0
0
0
0
0
0
0
0
0
0
0
0
0
0
0
0
0
0
0
0
0
0
0
0
0
0
0
0
0
0
0
0
0
0
0
0
0
0
0
0
0
0
0
0
0
0
0
0
0
0
0
0
0
0
0
0
0
0
0
0
0
0
0
0
0
0
0
0
0
0
0
0
0
0
0
0
0
0
0
0
0
0
0
0
0
0
0
0
0
0
0
0
0
0
0
0
0
0
0
0
0
0
0
0
0
0
0
0
0
0
0
0
0
0
0
0
0
0
0
0
0
0
0
0
0
0
0
0
0
0
0
0
0
0
0
0
0
0
0
0
0
0
0
0
0
0
0
0
0
0
0
0
0
0
0
0
0
0
0
0
0
0
0
0
0
0
0
0
0
0
0
0
0
0
0
0
0
0
0
0
0
0
0
0
0
0
0
0
0
0
0
0
0
0
0
0
0
0
0
0
0
0
0
0
0
0
0
0
0
0
0
0
0
0
0
0
0
0
0
0
0
0
0
0
0
0
0
0
0
0
0
0
0
0
0
0
0
0
0
0
0
0
0
0
0
0
0
0
0
0
0
0
0
0
0
0
0
0
0
0
0
0
0
0
0
0
0
0
0
0
0
0
0
0
0
0
0
0
0
0
0
0
0
0
0
0
0
0
0
0
0
0
0
0
0
0
0
0
0
0
0
0
0
0
0
0
0
0
0
0
0
0
0
0
0
0
0
0
0
0
0
0
0
0
0
0
0
0
0
0
0
0
0
0
0
0
0
0
0
0
0
0
0
0
0
0
0
0
0
0
0
0
0
0
0
0
0
0
0
0
0
0
0
0
0
0
0
0
0
0
0
0
0
0
0
0
0
0
0
0
0
0
0
0
0
0
0
0
0
0
0
0
0
0
0
0
0
0
0
0
0
0
0
0
0
0
0
0
0
0
0
0
0
0
0
0
0
0
0
0
0
0
0
0
0
0
0
0
0
0
0
0
0
0
0
0
0
0
0
0
0
0
0
0
0
0
0
0
0
0
0
0
0
0
0
0
0
0
0
0
0
0
0
0
0
0
0
0
0
0
0
0
0
0
0
0
0
0
0
0
0
0
0
0
0
0
0
0
0
0
0
0
0
0
0
0
0
0
0
0
0
0
0
0
0
0
0
0
0
0
0
0
0
0
0
0
0
0
0
0
0
0
0
0
0
0
0
0
0
0
0
0
0
0
0
0
0
0
0
0
0
0
0
0
0
0
0
0
0
0
0
0
0
0
0
0
0
0
0
0
0
0
0
0
0
0
0
0
0
0
0
0
0
0
0
0
0
0
0
0
0
0
0
0
0
0
0
0
0
0
0
0
0
0
0
0
0
0
0
0
0
0
0
0
0
0
0
0
0
0
0
0
0
0
0
0
0
0
0
0
0
0
0
0
0
0
0
0
0
0
0
0
0
0
0
0
0
0
0
0
0
0
0
0
0
0
0
0
0
0
0
0
0
0
0
0
0
0
0
0
0
0
0
0
0
0
0
0
0
0
0
0
0
0
0
0
0
0
0
0
0
0
0
0
0
0
0
0
0
0
0
0
0
0
0
0
0
0
0
0
0
0
0
0
0
0
0
0
0
0
0
0
0
0
0
0
0
0
0
0
0
0
0
0
0
0
0
0
0
0
0
0
0
0
0
0
0
0
0
0
0
0
0
0
0
0
0
0
0
0
0
0
0
0
0
0
0
0
0
0
0
0
0
0
0
0
0
0
0
0
0
0
0
0
0
0
0
0
0
0
0
0
0
0
0
0
0
0
0
0
0
0
0
0
0
0
0
0
0
0
0
0
0
0
0
0
0
0
0
0
0
0
0
0
0
0
0
0
0
0
0
0
0
0
0
0
0
0
0
0
0
0
0
0
0
0
0
0
0
0
0
0
0
0
0
0
0
0
0
0
0
0
0
0
0
0
0
0
0
0
0
0
0
0
0
0
0
0
0
0
0
0
0
0
0
0
0
0
0
0
0
0
0
0
0
0
0
0
0
0
0
0
0
0
0
0
0
0
0
0
0
0
0
0
0
0
0
0
0
0
0
0
0
0
0
0
0
0
0
0
0
0
0
0
0
0
0
0
0
0
0
0
0
0
0
0
0
0
0
0
0
0
0
0
0
0
0
0
0
0
0
0
0
0
0
0
0
0
0
0
0
0
0
0
0
0
0
0
0
0
0
0
0
0
0
0
0
0
0
0
0
0
0
0
0
0
0
0
0
0
0
0
0
0
0
0
0
0
0
0
0
0
0
0
0
0
0
0
0
0
0
0
0
0
0
0
0
0
0
0
0
0
0
0
0
0
0
0
0
0
0
0
0
0
0
0
0
0
0
0
0
0
0
0
0
0
0
0
0
0
0
0
0
0
0
0
0
0
0
0
0
0
0
0
0
0
0
0
0
0
0
0
0
0
0
0
0
0
0
0
0
0
0
0
0
0
0
0
0
0
0
0
0
0
0
0
0
0
0
0
0
0
0
0
0
0
0
0
0
0
0
0
0
0
0
0
0
0
0
0
0
0
0
0
0
0
0
0
0
0
0
0
0
0
0
0
0
0
0
0
0
0
0
0
0
0
0
0
0
0
0
0
0
0
0
0
0
0
0
0
0
0
0
0
0
0
0
0
0
0
0
0
0
0
0
0
0
0
0
0
0
0
0
0
0
0
0
0
0
0
0
0
0
0
0
0
0
0
0
0
0
0
0
0
0
0
0
0
0
0
0
0
0
0
0
0
0
0
0
0
0
0
0
0
0
0
0
0
0
0
0
0
0
0
0
0
0
0
0
0
0
0
0
0
0
0
0
0
0
0
0
0
0
0
0
0
0
0
0
0
0
0
0
0
0
0
0
0
0
0
0
0
0
0
0
0
0
0
0
0
0
0
0
0
0
0
0
0
0
0
0
0
0
0
0
0
0
0
0
0
0
0
0
0
0
0
0
0
0
0
0
0
0
0
0
0
0
0
0
0
0
0
0
0
0
0
0
0
0
0
0
0
0
0
0
0
0
0
0
0
0
0
0
0
0
0
0
0
0
0
0
0
0
0
0
0
0
0
0
0
0
0
0
0
0
0
0
0
0
0
0
0
0
0
0
0
0
0
0
0
0
0
0
0
0
0
0
0
0
0
0
0
0
0
0
0
0
0
0
0
0
0
0
0
0
0
0
0
0
0
0
0
0
0
0
0
0
0
0
0
0
0
0
0
0
0
0
0
0
0
0
0
0
0
0
0
0
0
0
0
0
0
0
0
0
0
0
0
0
0
0
0
0
0
0
0
0
0
0
0
0
0
0
0
0
0
0
0
0
0
0
0
0
0
0
0
0
0
0
0
0
0
0
0
0
0
0
0
0
0
0
0
0
0
0
0
0
0
0
0
0
0
0
0
0
0
0
0
0
0
0
0
0
0
0
0
0
0
0
0
0
0
0
0
0
0
0
0
0
0
0
0
0
0
0
0
0
0
0
0
0
0
0
0
0
0
0
0
0
0
0
0
0
0
0
0
0
0
0
0
0
0
0
0
0
0
0
0
0
0
0
0
0
0
0
0
0
0
0
0
0
0
0
0
0
0
0
0
0
0
0
0
0
0
0
0
0
0
0
0
0
0
0
0
0
0
0
0
0
0
0
0
0
0
0
0
0
0
0
0
0
0
0
0
0
0
0
0
0
0
0
0
0
0
0
0
0
0
0
0
0
0
0
0
0
0
0
0
0
0
0
0
0
0
0
0
0
0
0
0
0
0
0
0
0
0
0
0
0
0
0
0
0
0
0
0
0
0
0
0
0
0
0
0
0
0
0
0
0
0
0
0
0
0
0
0
0
0
0
0
0
0
0
0
0
0
0
0
0
0
0
0
0
0
0
0
0
0
0
0
0
0
0
0
0
0
0
0
0
0
0
0
0
0
0
0
0
0
0
0
0
0
0
0
0
0
0
0
0
0
0
0
0
0
0
0
0
0
0
0
0
0
0
0
0
0
0
0
0
0
0
0
0
0
0
0
0
0
0
0
0
0
0
0
0
0
0
0
0
0
0
0
0
0
0
0
0
0
0
0
0
0
0
0
0
0
0
0
0
0
0
0
0
0
0
0
0
0
0
0
0
0
0
0
0
0
0
0
0
0
0
0
0
0
0
0
0
0
0
0
0
0
0
0
0
0
0
0
0
0
0
0
0
0
0
0
0
0
0
0
0
0
0
0
0
0
0
0
0
0
0
0
0
0
0
0
0
0
0
0
0
0
0
0
0
0
0
0
0
0
0
0
0
0
0
0
0
0
0
0
0
0
0
0
0
0
0
0
0
0
0
0
0
0
0
0
0
0
0
0
0
0
0
0
0
0
0
0
0
0
0
0
0
0
0
0
0
0
0
0
0
0
0
0
0
0
0
0
0
0
0
0
0
0
0
0
0
0
0
0
0
0
0
0
0
0
0
0
0
0
0
0
0
0
0
0
0
0
0
0
0
0
0
0
0
0
0
0
0
0
0
0
0
0
0
0
0
0
0
0
0
0
0
0
0
0
0
0
0
0
0
0
0
0
0
0
0
0
0
0
0
0
0
0
0
0
0
0
0
0
0
0
0
0
0
0
0
0
0
0
0
0
0
0
0
0
0
0
0
0
0
0
0
0
0
0
0
0
0
0
0
0
0
0
0
0
0
0
0
0
0
0
0
0
0
0
0
0
0
0
0
0
0
0
0
0
0
0
0
0
0
0
0
0
0
0
0
0
0
0
0
0
0
0
0
0
0
0
0
0
0
0
0
0
0
0
0
0
0
0
0
0
0
0
0
0
0
0
0
0
0
0
0
0
0
0
0
0
0
0
0
0
0
0
0
0
0
0
0
0
0
0
0
0
0
0
0
0
0
0
0
0
0
0
0
0
0
0
0
0
0
0
0
0
0
0
0
0
0
0
0
0
0
0
0
0
0
0
0
0
0
0
0
0
0
0
0
0
0
0
0
0
0
0
0
0
0
0
0
0
0
0
0
0
0
0
0
0
0
0
0
0
0
0
0
0
0
0
0
0
0
0
0
0
0
0
0
0
0
0
0
0
0
0
0
0
0
0
0
0
0
0
0
0
0
0
0
0
0
0
0
0
0
0
0
0
0
0
0
0
0
0
0
0
0
0
0
0
0
0
0
0
0
0
0
0
0
0
0
0
0
0
0
0
0
0
0
0
0
0
0
0
0
0
0
0
0
0
0
0
0
0
0
0
0
0
0
0
0
0
0
0
0
0
0
0
0
0
0
0
0
0
0
0
0
0
0
0
0
0
0
0
0
0
0
0
0
0
0
0
0
0
0
0
0
0
0
0
0
0
0
0
0
0
0
0
0
0
0
0
0
0
0
0
0
0
0
0
0
0
0
0
0
0
0
0
0
0
0
0
0
0
0
0
0
0
0
0
0
0
0
0
0
0
0
0
0
0
0
0
0
0
0
0
0
0
0
0
0
0
0
0
0
0
0
0
0
0
0
0
0
0
0
0
0
0
0
0
0
0
0
0
0
0
0
0
0
0
0
0
0
0
0
0
0
0
0
0
0
0
0
0
0
0
0
0
0
0
0
0
0
0
0
0
0
0
0
0
0
0
0
0
0
0
0
0
0
0
0
0
0
0
0
0
0
0
0
0
0
0
0
0
0
0
0
0
0
0
0
0
0
0
0
0
0
0
0
0
0
0
0
0
0
0
0
0
0
0
0
0
0
0
0
0
0
0
0
0
0
0
0
0
0
0
0
0
0
0
0
0
0
0
0
0
0
0
0
0
0
0
0
0
0
0
0
0
0
0
0
0
0
0
0
0
0
0
0
0
0
0
0
0
0
0
0
0
0
0
0
0
0
0
0
0
0
0
0
0
0
0
0
0
0
0
0
0
0
0
0
0
0
0
0
0
0
0
0
0
0
0
0
0
0
0
0
0
0
0
0
0
0
0
0
0
0
0
0
0
0
0
0
0
0
0
0
0
0
0
0
0
0
0
0
0
0
0
0
0
0
0
0
0
0
0
0
0
0
0
0
0
0
0
0
0
0
0
0
0
0
0
0
0
0
0
0
0
0
0
0
0
0
0
0
0
0
0
0
0
0
0
0
0
0
0
0
0
0
0
0
0
0
0
0
0
0
0
0
0
0
0
0
0
0
0
0
0
0
0
0
0
0
0
0
0
0
0
0
0
0
0
0
0
0
0
0
0
0
0
0
0
0
0
0
0
0
0
0
0
0
0
0
0
0
0
0
0
0
0
0
0
0
0
0
0
0
0
0
0
0
0
0
0
0
0
0
0
0
0
0
0
0
0
0
0
0
0
0
0
0
0
0
0
0
0
0
0
0
0
0
0
0
0
0
0
0
0
0
0
0
0
0
0
0
0
0
0
0
0
0
0
0
0
0
0
0
0
0
0
0
0
0
0
0
0
0
0
0
0
0
0
0
0
0
0
0
0
0
0
0
0
0
0
0
0
0
0
0
0
0
0
0
0
0
0
0
0
0
0
0
0
0
0
0
0
0
0
0
0
0
0
0
0
0
0
0
0
0
0
0
0
0
0
0
0
0
0
0
0
0
0
0
0
0
0
0
0
0
0
0
0
0
0
0
0
0
0
0
0
0
0
0
0
0
0
0
0
0
0
0
0
0
0
0
0
0
0
0
0
0
0
0
0
0
0
0
0
0
0
0
0
0
0
0
0
0
0
0
0
0
0
0
0
0
0
0
0
0
0
0
0
0
0
0
0
0
0
0
0
0
0
0
0
0
0
0
0
0
0
0
0
0
0
0
0
0
0
0
0
0
0
0
0
0
0
0
0
0
0
0
0
0
0
0
0
0
0
0
0
0
0
0
0
0
0
0
0
0
0
0
0
0
0
0
0
0
0
0
0
0
0
0
0
0
0
0
0
0
0
0
0
0
0
0
0
0
0
0
0
0
0
0
0
0
0
0
0
0
0
0
0
0
0
0
0
0
0
0
0
0
0
0
0
0
0
0
0
0
0
0
0
0
0
0
0
0
0
0
0
0
0
0
0
0
0
0
0
0
0
0
0
0
0
0
0
0
0
0
0
0
0
0
0
0
0
0
0
0
0
0
0
0
0
0
0
0
0
0
0
0
0
0
0
0
0
0
0
0
0
0
0
0
0
0
0
0
0
0
0
0
0
0
0
0
0
0
0
0
0
0
0
0
0
0
0
0
0
0
0
0
0
0
0
0
0
0
0
0
0
0
0
0
0
0
0
0
0
0
0
0
0
0
0
0
0
0
0
0
0
0
0
0
0
0
0
0
0
0
0
0
0
0
0
0
0
0
0
0
0
0
0
0
0
0
0
0
0
0
0
0
0
0
0
0
0
0
0
0
0
0
0
0
0
0
0
0
0
0
0
0
0
0
0
0
0
0
0
0
0
0
0
0
0
0
0
0
0
0
0
0
0
0
0
0
0
0
0
0
0
0
0
0
0
0
0
0
0
0
0
0
0
0
0
0
0
0
0
0
0
0
0
0
0
0
0
0
0
0
0
0
0
0
0
0
0
0
0
0
0
0
0
0
0
0
0
0
0
0
0
0
0
0
0
0
0
0
0
0
0
0
0
0
0
0
0
0
0
0
0
0
0
0
0
0
0
0
0
0
0
0
0
0
0
0
0
0
0
0
0
0
0
0
0
0
0
0
0
0
0
0
0
0
0
0
0
0
0
0
0
0
0
0
0
0
0
0
0
0
0
0
0
0
0
0
0
0
0
0
0
0
0
0
