0
0
0
0
0
0
0
0
0
0
0
0
0
0
0
0
0
0
0
0
0
0
0
0
0
0
0
0
0
0
0
0
0
0
0
0
0
0
0
0
0
0
0
0
0
0
0
0
0
0
0
0
0
0
0
0
0
0
0
0
0
0
0
0
0
0
0
0
0
0
0
0
0
0
0
0
0
0
0
0
0
0
0
0
0
0
0
0
0
0
0
0
0
0
0
0
0
0
0
0
0
0
0
0
0
0
0
0
0
0
0
0
0
0
0
0
0
0
0
0
0
0
0
0
0
0
0
0
0
0
0
0
0
0
0
0
0
0
0
0
0
0
0
0
0
0
0
0
0
0
0
0
0
0
0
0
0
0
0
0
0
0
0
0
0
0
0
0
0
0
0
0
0
0
0
0
0
0
0
0
0
0
0
0
4092
4094
0
0
0
0
0
0
4092
4094
0
0
0
0
0
0
4093
4092
0
0
0
0
0
0
4093
4092
0
0
0
0
0
0
4093
4092
0
0
0
0
0
0
4095
4093
0
0
0
0
0
0
4095
4093
0
0
0
0
0
0
4094
4094
0
0
0
0
0
0
4094
4095
0
0
0
0
0
0
4095
1
0
0
0
0
0
0
4090
4093
0
0
0
0
0
0
4090
4093
0
0
0
0
0
0
4090
4090
0
0
0
0
0
0
4092
4089
0
0
0
0
0
0
0
4088
0
0
0
0
0
0
2
4090
0
0
0
0
0
0
5
4094
0
0
0
0
0
0
4
3
0
0
0
0
0
0
4095
5
0
0
0
0
0
0
4091
7
0
0
0
0
0
0
4085
2
0
0
0
0
0
0
4082
4092
0
0
0
0
0
0
4083
4084
0
0
0
0
0
0
4090
4080
0
0
0
0
0
0
2
4080
0
0
0
0
0
0
11
4086
0
0
0
0
0
0
15
4095
0
0
0
0
0
0
12
10
0
0
0
0
0
0
2
16
0
0
0
0
0
0
4086
18
0
0
0
0
0
0
4074
8
0
0
0
0
0
0
4070
4091
0
0
0
0
0
0
4072
4076
0
0
0
0
0
0
4086
4066
0
0
0
0
0
0
8
4068
0
0
0
0
0
0
22
4077
0
0
0
0
0
0
30
1
0
0
0
0
0
0
24
20
0
0
0
0
0
0
7
32
0
0
0
0
0
0
4081
33
0
0
0
0
0
0
4061
17
0
0
0
0
0
0
4051
4088
0
0
0
0
0
0
4059
4064
0
0
0
0
0
0
4082
4049
0
0
0
0
0
0
13
4049
0
0
0
0
0
0
39
4068
0
0
0
0
0
0
50
3
0
0
0
0
0
0
40
35
0
0
0
0
0
0
13
53
0
0
0
0
0
0
4071
52
0
0
0
0
0
0
4040
28
0
0
0
0
0
0
4028
4086
0
0
0
0
0
0
4041
4048
0
0
0
0
0
0
4075
4025
0
0
0
0
0
0
24
4029
0
0
0
0
0
0
61
4057
0
0
0
0
0
0
74
5
0
0
0
0
0
0
60
51
0
0
0
0
0
0
19
78
0
0
0
0
0
0
4062
74
0
0
0
0
0
0
4020
41
0
0
0
0
0
0
4002
4083
0
0
0
0
0
0
4019
4030
0
0
0
0
0
0
4069
3998
0
0
0
0
0
0
34
4002
0
0
0
0
0
0
83
4041
0
0
0
0
0
0
104
10
0
0
0
0
0
0
83
71
0
0
0
0
0
0
27
107
0
0
0
0
0
0
4053
103
0
0
0
0
0
0
3992
57
0
0
0
0
0
0
3970
4080
0
0
0
0
0
0
3996
4009
0
0
0
0
0
0
4059
3967
0
0
0
0
0
0
45
3974
0
0
0
0
0
0
112
4026
0
0
0
0
0
0
137
12
0
0
0
0
0
0
109
94
0
0
0
0
0
0
36
140
0
0
0
0
0
0
4039
134
0
0
0
0
0
0
3965
74
0
0
0
0
0
0
3934
4077
0
0
0
0
0
0
3966
3984
0
0
0
0
0
0
4050
3931
0
0
0
0
0
0
58
3939
0
0
0
0
0
0
144
4008
0
0
0
0
0
0
175
17
0
0
0
0
0
0
139
120
0
0
0
0
0
0
47
179
0
0
0
0
0
0
4026
170
0
0
0
0
0
0
3931
93
0
0
0
0
0
0
3894
4072
0
0
0
0
0
0
3936
3957
0
0
0
0
0
0
4040
3891
0
0
0
0
0
0
73
3902
0
0
0
0
0
0
179
3986
0
0
0
0
0
0
217
21
0
0
0
0
0
0
173
149
0
0
0
0
0
0
57
220
0
0
0
0
0
0
4010
209
0
0
0
0
0
0
3893
114
0
0
0
0
0
0
3851
4067
0
0
0
0
0
0
3900
3928
0
0
0
0
0
0
4028
3848
0
0
0
0
0
0
89
3862
0
0
0
0
0
0
217
3965
0
0
0
0
0
0
265
27
0
0
0
0
0
0
209
180
0
0
0
0
0
0
69
265
0
0
0
0
0
0
3992
250
0
0
0
0
0
0
3854
138
0
0
0
0
0
0
3803
4062
0
0
0
0
0
0
3862
3895
0
0
0
0
0
0
4016
3801
0
0
0
0
0
0
106
3816
0
0
0
0
0
0
258
3941
0
0
0
0
0
0
314
33
0
0
0
0
0
0
246
210
0
0
0
0
0
0
82
314
0
0
0
0
0
0
3975
297
0
0
0
0
0
0
3810
163
0
0
0
0
0
0
3751
4056
0
0
0
0
0
0
3822
3861
0
0
0
0
0
0
4002
3749
0
0
0
0
0
0
127
3770
0
0
0
0
0
0
303
3915
0
0
0
0
0
0
368
39
0
0
0
0
0
0
289
249
0
0
0
0
0
0
96
368
0
0
0
0
0
0
3955
347
0
0
0
0
0
0
3762
190
0
0
0
0
0
0
3695
4050
0
0
0
0
0
0
3779
3823
0
0
0
0
0
0
3988
3696
0
0
0
0
0
0
146
3718
0
0
0
0
0
0
351
3886
0
0
0
0
0
0
424
44
0
0
0
0
0
0
334
286
0
0
0
0
0
0
110
424
0
0
0
0
0
0
3934
399
0
0
0
0
0
0
3715
218
0
0
0
0
0
0
3638
4042
0
0
0
0
0
0
3733
3783
0
0
0
0
0
0
3972
3637
0
0
0
0
0
0
167
3664
0
0
0
0
0
0
402
3859
0
0
0
0
0
0
485
51
0
0
0
0
0
0
381
326
0
0
0
0
0
0
126
482
0
0
0
0
0
0
3911
454
0
0
0
0
0
0
3663
247
0
0
0
0
0
0
3576
4035
0
0
0
0
0
0
3686
3742
0
0
0
0
0
0
3956
3577
0
0
0
0
0
0
190
3607
0
0
0
0
0
0
455
3827
0
0
0
0
0
0
547
59
0
0
0
0
0
0
430
370
0
0
0
0
0
0
142
545
0
0
0
0
0
0
3889
512
0
0
0
0
0
0
3608
278
0
0
0
0
0
0
3511
4029
0
0
0
0
0
0
3636
3698
0
0
0
0
0
0
3939
3514
0
0
0
0
0
0
214
3549
0
0
0
0
0
0
508
3795
0
0
0
0
0
0
614
66
0
0
0
0
0
0
481
414
0
0
0
0
0
0
159
607
0
0
0
0
0
0
3865
571
0
0
0
0
0
0
3553
311
0
0
0
0
0
0
3444
4020
0
0
0
0
0
0
3582
3652
0
0
0
0
0
0
3922
3449
0
0
0
0
0
0
239
3488
0
0
0
0
0
0
564
3761
0
0
0
0
0
0
680
74
0
0
0
0
0
0
533
459
0
0
0
0
0
0
177
674
0
0
0
0
0
0
3838
633
0
0
0
0
0
0
3495
345
0
0
0
0
0
0
3375
4013
0
0
0
0
0
0
3529
3607
0
0
0
0
0
0
3905
3382
0
0
0
0
0
0
263
3425
0
0
0
0
0
0
625
3728
0
0
0
0
0
0
751
81
0
0
0
0
0
0
587
507
0
0
0
0
0
0
194
743
0
0
0
0
0
0
3814
696
0
0
0
0
0
0
3435
380
0
0
0
0
0
0
3303
4004
0
0
0
0
0
0
3473
3560
0
0
0
0
0
0
3886
3312
0
0
0
0
0
0
290
3360
0
0
0
0
0
0
686
3693
0
0
0
0
0
0
824
88
0
0
0
0
0
0
645
554
0
0
0
0
0
0
214
814
0
0
0
0
0
0
3787
762
0
0
0
0
0
0
3374
416
0
0
0
0
0
0
3230
3997
0
0
0
0
0
0
3418
3510
0
0
0
0
0
0
3867
3240
0
0
0
0
0
0
316
3294
0
0
0
0
0
0
747
3657
0
0
0
0
0
0
896
96
0
0
0
0
0
0
702
604
0
0
0
0
0
0
234
886
0
0
0
0
0
0
3762
830
0
0
0
0
0
0
3311
452
0
0
0
0
0
0
3154
3987
0
0
0
0
0
0
3360
3461
0
0
0
0
0
0
3848
3169
0
0
0
0
0
0
344
3228
0
0
0
0
0
0
811
3621
0
0
0
0
0
0
972
106
0
0
0
0
0
0
760
654
0
0
0
0
0
0
250
957
0
0
0
0
0
0
3733
896
0
0
0
0
0
0
3247
489
0
0
0
0
0
0
3080
3978
0
0
0
0
0
0
3299
3409
0
0
0
0
0
0
3829
3095
0
0
0
0
0
0
371
3160
0
0
0
0
0
0
874
3584
0
0
0
0
0
0
1048
115
0
0
0
0
0
0
818
705
0
0
0
0
0
0
271
1033
0
0
0
0
0
0
3705
965
0
0
0
0
0
0
3183
525
0
0
0
0
0
0
3003
3971
0
0
0
0
0
0
3241
3359
0
0
0
0
0
0
3808
3020
0
0
0
0
0
0
398
3090
0
0
0
0
0
0
938
3547
0
0
0
0
0
0
1125
124
0
0
0
0
0
0
879
757
0
0
0
0
0
0
290
1107
0
0
0
0
0
0
3677
1035
0
0
0
0
0
0
3119
563
0
0
0
0
0
0
2927
3962
0
0
0
0
0
0
3181
3307
0
0
0
0
0
0
3789
2944
0
0
0
0
0
0
426
3019
0
0
0
0
0
0
1003
3509
0
0
0
0
0
0
1202
133
0
0
0
0
0
0
939
809
0
0
0
0
0
0
310
1181
0
0
0
0
0
0
3649
1104
0
0
0
0
0
0
3054
600
0
0
0
0
0
0
2850
3954
0
0
0
0
0
0
3120
3254
0
0
0
0
0
0
3770
2870
0
0
0
0
0
0
454
2950
0
0
0
0
0
0
1070
3471
0
0
0
0
0
0
1279
142
0
0
0
0
0
0
998
860
0
0
0
0
0
0
329
1257
0
0
0
0
0
0
3621
1172
0
0
0
0
0
0
2987
637
0
0
0
0
0
0
2772
3944
0
0
0
0
0
0
3061
3203
0
0
0
0
0
0
3750
2795
0
0
0
0
0
0
481
2881
0
0
0
0
0
0
1134
3435
0
0
0
0
0
0
1356
150
0
0
0
0
0
0
1058
912
0
0
0
0
0
0
350
1330
0
0
0
0
0
0
3593
1241
0
0
0
0
0
0
2923
675
0
0
0
0
0
0
2696
3935
0
0
0
0
0
0
3001
3152
0
0
0
0
0
0
3729
2720
0
0
0
0
0
0
508
2811
0
0
0
0
0
0
1197
3396
0
0
0
0
0
0
1432
158
0
0
0
0
0
0
1118
963
0
0
0
0
0
0
370
1406
0
0
0
0
0
0
3566
1311
0
0
0
0
0
0
2860
712
0
0
0
0
0
0
2618
3927
0
0
0
0
0
0
2942
3101
0
0
0
0
0
0
3709
2646
0
0
0
0
0
0
537
2743
0
0
0
0
0
0
1261
3359
0
0
0
0
0
0
1507
166
0
0
0
0
0
0
1176
1013
0
0
0
0
0
0
388
1479
0
0
0
0
0
0
3539
1379
0
0
0
0
0
0
2796
749
0
0
0
0
0
0
2545
3919
0
0
0
0
0
0
2884
3051
0
0
0
0
0
0
3693
2575
0
0
0
0
0
0
565
2677
0
0
0
0
0
0
1326
3324
0
0
0
0
0
0
1583
175
0
0
0
0
0
0
1233
1064
0
0
0
0
0
0
408
1552
0
0
0
0
0
0
3511
1446
0
0
0
0
0
0
2733
784
0
0
0
0
0
0
2471
3909
0
0
0
0
0
0
2827
3000
0
0
0
0
0
0
3673
2503
0
0
0
0
0
0
592
2610
0
0
0
0
0
0
1387
3287
0
0
0
0
0
0
1656
184
0
0
0
0
0
0
1291
1112
0
0
0
0
0
0
426
1621
0
0
0
0
0
0
3485
1511
0
0
0
0
0
0
2672
818
0
0
0
0
0
0
2398
3901
0
0
0
0
0
0
2772
2952
0
0
0
0
0
0
3654
2433
0
0
0
0
0
0
617
2546
0
0
0
0
0
0
1447
3252
0
0
0
0
0
0
1727
193
0
0
0
0
0
0
1346
1161
0
0
0
0
0
0
445
1692
0
0
0
0
0
0
3460
1575
0
0
0
0
0
0
2612
853
0
0
0
0
0
0
2327
3894
0
0
0
0
0
0
2716
2906
0
0
0
0
0
0
3636
2365
0
0
0
0
0
0
642
2481
0
0
0
0
0
0
1505
3218
0
0
0
0
0
0
1798
201
0
0
0
0
0
0
1398
1205
0
0
0
0
0
0
462
1757
0
0
0
0
0
0
3433
1637
0
0
0
0
0
0
2554
887
0
0
0
0
0
0
2258
3884
0
0
0
0
0
0
2663
2860
0
0
0
0
0
0
3618
2299
0
0
0
0
0
0
667
2421
0
0
0
0
0
0
1562
3185
0
0
0
0
0
0
1864
208
0
0
0
0
0
0
1451
1251
0
0
0
0
0
0
478
1821
0
0
0
0
0
0
3409
1696
0
0
0
0
0
0
2498
919
0
0
0
0
0
0
2191
3877
0
0
0
0
0
0
2611
2815
0
0
0
0
0
0
3602
2234
0
0
0
0
0
0
692
2364
0
0
0
0
0
0
1617
3154
0
0
0
0
0
0
1929
214
0
0
0
0
0
0
1501
1294
0
0
0
0
0
0
496
1884
0
0
0
0
0
0
3387
1754
0
0
0
0
0
0
2446
950
0
0
0
0
0
0
2129
3870
0
0
0
0
0
0
2562
2773
0
0
0
0
0
0
3586
2174
0
0
0
0
0
0
714
2307
0
0
0
0
0
0
1670
3124
0
0
0
0
0
0
1990
222
0
0
0
0
0
0
1547
1335
0
0
0
0
0
0
509
1943
0
0
0
0
0
0
3364
1809
0
0
0
0
0
0
2395
978
0
0
0
0
0
0
2068
3863
0
0
0
0
0
0
2517
2734
0
0
0
0
0
0
3570
2116
0
0
0
0
0
0
735
2253
0
0
0
0
0
0
1719
3095
0
0
0
0
0
0
2050
230
0
0
0
0
0
0
1594
1375
0
0
0
0
0
0
526
2000
0
0
0
0
0
0
3344
1861
0
0
0
0
0
0
2345
1007
0
0
0
0
0
0
2010
3856
0
0
0
0
0
0
2472
2695
0
0
0
0
0
0
3557
2061
0
0
0
0
0
0
755
2202
0
0
0
0
0
0
1767
3068
0
0
0
0
0
0
2104
235
0
0
0
0
0
0
1638
1413
0
0
0
0
0
0
540
2055
0
0
0
0
0
0
3324
1911
0
0
0
0
0
0
2301
1035
0
0
0
0
0
0
1956
3850
0
0
0
0
0
0
2431
2658
0
0
0
0
0
0
3543
2010
0
0
0
0
0
0
774
2155
0
0
0
0
0
0
1811
3043
0
0
0
0
0
0
2158
241
0
0
0
0
0
0
1677
1447
0
0
0
0
0
0
552
2103
0
0
0
0
0
0
3304
1955
0
0
0
0
0
0
2256
1058
0
0
0
0
0
0
1906
3845
0
0
0
0
0
0
2392
2625
0
0
0
0
0
0
3529
1961
0
0
0
0
0
0
792
2110
0
0
0
0
0
0
1852
3019
0
0
0
0
0
0
2205
246
0
0
0
0
0
0
1715
1480
0
0
0
0
0
0
564
2150
0
0
0
0
0
0
3287
1998
0
0
0
0
0
0
2217
1080
0
0
0
0
0
0
1861
3840
0
0
0
0
0
0
2356
2593
0
0
0
0
0
0
3518
1916
0
0
0
0
0
0
808
2069
0
0
0
0
0
0
1890
2996
0
0
0
0
0
0
2251
251
0
0
0
0
0
0
1749
1509
0
0
0
0
0
0
576
2193
0
0
0
0
0
0
3271
2038
0
0
0
0
0
0
2181
1103
0
0
0
0
0
0
1816
3833
0
0
0
0
0
0
2323
2566
0
0
0
0
0
0
3506
1874
0
0
0
0
0
0
825
2032
0
0
0
0
0
0
1926
2977
0
0
0
0
0
0
2292
257
0
0
0
0
0
0
1780
1535
0
0
0
0
0
0
586
2232
0
0
0
0
0
0
3258
2074
0
0
0
0
0
0
2148
1121
0
0
0
0
0
0
1779
3829
0
0
0
0
0
0
2294
2540
0
0
0
0
0
0
3498
1838
0
0
0
0
0
0
837
1998
0
0
0
0
0
0
1956
2959
0
0
0
0
0
0
2328
260
0
0
0
0
0
0
1808
1560
0
0
0
0
0
0
595
2267
0
0
0
0
0
0
3245
2105
0
0
0
0
0
0
2118
1137
0
0
0
0
0
0
1745
3826
0
0
0
0
0
0
2267
2517
0
0
0
0
0
0
3489
1807
0
0
0
0
0
0
850
1969
0
0
0
0
0
0
1983
2942
0
0
0
0
0
0
2359
263
0
0
0
0
0
0
1833
1581
0
0
0
0
0
0
602
2297
0
0
0
0
0
0
3233
2133
0
0
0
0
0
0
2093
1152
0
0
0
0
0
0
1715
3823
0
0
0
0
0
0
2245
2498
0
0
0
0
0
0
3482
1778
0
0
0
0
0
0
859
1942
0
0
0
0
0
0
2008
2931
0
0
0
0
0
0
2387
268
0
0
0
0
0
0
1853
1600
0
0
0
0
0
0
610
2322
0
0
0
0
0
0
3224
2157
0
0
0
0
0
0
2071
1164
0
0
0
0
0
0
1688
3818
0
0
0
0
0
0
2226
2481
0
0
0
0
0
0
3476
1754
0
0
0
0
0
0
870
1922
0
0
0
0
0
0
2027
2919
0
0
0
0
0
0
2410
270
0
0
0
0
0
0
1870
1614
0
0
0
0
0
0
614
2343
0
0
0
0
0
0
3216
2175
0
0
0
0
0
0
2054
1175
0
0
0
0
0
0
1668
3817
0
0
0
0
0
0
2209
2466
0
0
0
0
0
0
3472
1737
0
0
0
0
0
0
875
1904
0
0
0
0
0
0
2043
2908
0
0
0
0
0
0
2427
271
0
0
0
0
0
0
1884
1626
0
0
0
0
0
0
619
2360
0
0
0
0
0
0
3209
2190
0
0
0
0
0
0
2038
1182
0
0
0
0
0
0
1653
3814
0
0
0
0
0
0
2198
2457
0
0
0
0
0
0
3467
1720
0
0
0
0
0
0
880
1891
0
0
0
0
0
0
2055
2903
0
0
0
0
0
0
2443
275
0
0
0
0
0
0
1895
1635
0
0
0
0
0
0
622
2372
0
0
0
0
0
0
3205
2201
0
0
0
0
0
0
2029
1188
0
0
0
0
0
0
1643
3813
0
0
0
0
0
0
2189
2449
0
0
0
0
0
0
3465
1712
0
0
0
0
0
0
885
1882
0
0
0
0
0
0
2063
2899
0
0
0
0
0
0
2451
275
0
0
0
0
0
0
1901
1641
0
0
0
0
0
0
624
2381
0
0
0
0
0
0
3203
2209
0
0
0
0
0
0
2023
1190
0
0
0
0
0
0
1634
3812
0
0
0
0
0
0
2184
2445
0
0
0
0
0
0
3464
1706
0
0
0
0
0
0
888
1879
0
0
0
0
0
0
2066
2896
0
0
0
0
0
0
2454
276
0
0
0
0
0
0
1903
1642
0
0
0
0
0
0
625
2382
0
0
0
0
0
0
3201
2208
0
0
0
0
0
0
2022
1192
0
0
0
0
0
0
1634
3812
0
0
0
0
0
0
2185
2445
0
0
0
0
0
0
3464
1706
0
0
0
0
0
0
888
1879
0
0
0
0
0
0
2066
2896
0
0
0
0
0
0
2454
277
0
0
0
0
0
0
1903
1642
0
0
0
0
0
0
624
2380
0
0
0
0
0
0
3201
2207
0
0
0
0
0
0
2025
1192
0
0
0
0
0
0
1637
3814
0
0
0
0
0
0
2188
2448
0
0
0
0
0
0
3465
1709
0
0
0
0
0
0
885
1882
0
0
0
0
0
0
2062
2900
0
0
0
0
0
0
2447
275
0
0
0
0
0
0
1898
1638
0
0
0
0
0
0
623
2374
0
0
0
0
0
0
3204
2201
0
0
0
0
0
0
2029
1187
0
0
0
0
0
0
1644
3813
0
0
0
0
0
0
2193
2453
0
0
0
0
0
0
3466
1718
0
0
0
0
0
0
881
1891
0
0
0
0
0
0
2054
2904
0
0
0
0
0
0
2437
274
0
0
0
0
0
0
1889
1630
0
0
0
0
0
0
619
2364
0
0
0
0
0
0
3208
2189
0
0
0
0
0
0
2042
1181
0
0
0
0
0
0
1657
3814
0
0
0
0
0
0
2205
2462
0
0
0
0
0
0
3471
1732
0
0
0
0
0
0
876
1904
0
0
0
0
0
0
2041
2912
0
0
0
0
0
0
2422
273
0
0
0
0
0
0
1877
1620
0
0
0
0
0
0
616
2349
0
0
0
0
0
0
3214
2176
0
0
0
0
0
0
2055
1171
0
0
0
0
0
0
1675
3817
0
0
0
0
0
0
2220
2475
0
0
0
0
0
0
3476
1751
0
0
0
0
0
0
870
1922
0
0
0
0
0
0
2024
2920
0
0
0
0
0
0
2403
271
0
0
0
0
0
0
1861
1607
0
0
0
0
0
0
608
2326
0
0
0
0
0
0
3223
2156
0
0
0
0
0
0
2075
1160
0
0
0
0
0
0
1698
3819
0
0
0
0
0
0
2237
2490
0
0
0
0
0
0
3482
1773
0
0
0
0
0
0
862
1943
0
0
0
0
0
0
2004
2933
0
0
0
0
0
0
2378
268
0
0
0
0
0
0
1842
1590
0
0
0
0
0
0
602
2302
0
0
0
0
0
0
3231
2132
0
0
0
0
0
0
2095
1147
0
0
0
0
0
0
1725
3822
0
0
0
0
0
0
2258
2508
0
0
0
0
0
0
3488
1800
0
0
0
0
0
0
852
1969
0
0
0
0
0
0
1980
2947
0
0
0
0
0
0
2348
264
0
0
0
0
0
0
1818
1569
0
0
0
0
0
0
596
2272
0
0
0
0
0
0
3242
2105
0
0
0
0
0
0
2122
1133
0
0
0
0
0
0
1758
3826
0
0
0
0
0
0
2282
2529
0
0
0
0
0
0
3497
1831
0
0
0
0
0
0
840
1998
0
0
0
0
0
0
1952
2963
0
0
0
0
0
0
2314
260
0
0
0
0
0
0
1790
1546
0
0
0
0
0
0
586
2238
0
0
0
0
0
0
3255
2074
0
0
0
0
0
0
2151
1116
0
0
0
0
0
0
1791
3829
0
0
0
0
0
0
2311
2554
0
0
0
0
0
0
3506
1866
0
0
0
0
0
0
826
2031
0
0
0
0
0
0
1920
2982
0
0
0
0
0
0
2278
257
0
0
0
0
0
0
1761
1521
0
0
0
0
0
0
575
2201
0
0
0
0
0
0
3269
2038
0
0
0
0
0
0
2187
1096
0
0
0
0
0
0
1832
3834
0
0
0
0
0
0
2343
2581
0
0
0
0
0
0
3516
1907
0
0
0
0
0
0
811
2069
0
0
0
0
0
0
1884
3002
0
0
0
0
0
0
2234
252
0
0
0
0
0
0
1728
1493
0
0
0
0
0
0
565
2159
0
0
0
0
0
0
3284
1998
0
0
0
0
0
0
2223
1075
0
0
0
0
0
0
1876
3839
0
0
0
0
0
0
2378
2611
0
0
0
0
0
0
3529
1951
0
0
0
0
0
0
795
2110
0
0
0
0
0
0
1847
3025
0
0
0
0
0
0
2189
246
0
0
0
0
0
0
1692
1462
0
0
0
0
0
0
553
2115
0
0
0
0
0
0
3302
1955
0
0
0
0
0
0
2262
1050
0
0
0
0
0
0
1925
3844
0
0
0
0
0
0
2415
2643
0
0
0
0
0
0
3542
1999
0
0
0
0
0
0
778
2156
0
0
0
0
0
0
1805
3049
0
0
0
0
0
0
2137
240
0
0
0
0
0
0
1653
1427
0
0
0
0
0
0
538
2065
0
0
0
0
0
0
3321
1911
0
0
0
0
0
0
2305
1026
0
0
0
0
0
0
1977
3851
0
0
0
0
0
0
2455
2678
0
0
0
0
0
0
3556
2049
0
0
0
0
0
0
758
2202
0
0
0
0
0
0
1762
3075
0
0
0
0
0
0
2085
235
0
0
0
0
0
0
1612
1393
0
0
0
0
0
0
527
2013
0
0
0
0
0
0
3340
1859
0
0
0
0
0
0
2352
1000
0
0
0
0
0
0
2033
3857
0
0
0
0
0
0
2499
2715
0
0
0
0
0
0
3571
2104
0
0
0
0
0
0
739
2253
0
0
0
0
0
0
1713
3103
0
0
0
0
0
0
2028
228
0
0
0
0
0
0
1567
1353
0
0
0
0
0
0
511
1957
0
0
0
0
0
0
3362
1809
0
0
0
0
0
0
2401
971
0
0
0
0
0
0
2091
3863
0
0
0
0
0
0
2545
2755
0
0
0
0
0
0
3585
2161
0
0
0
0
0
0
717
2307
0
0
0
0
0
0
1663
3132
0
0
0
0
0
0
1968
221
0
0
0
0
0
0
1520
1313
0
0
0
0
0
0
496
1897
0
0
0
0
0
0
3384
1753
0
0
0
0
0
0
2453
942
0
0
0
0
0
0
2152
3871
0
0
0
0
0
0
2592
2795
0
0
0
0
0
0
3601
2221
0
0
0
0
0
0
694
2364
0
0
0
0
0
0
1611
3163
0
0
0
0
0
0
1906
215
0
0
0
0
0
0
1471
1271
0
0
0
0
0
0
479
1835
0
0
0
0
0
0
3406
1695
0
0
0
0
0
0
2506
911
0
0
0
0
0
0
2217
3877
0
0
0
0
0
0
2644
2840
0
0
0
0
0
0
3618
2283
0
0
0
0
0
0
671
2422
0
0
0
0
0
0
1555
3195
0
0
0
0
0
0
1839
206
0
0
0
0
0
0
1421
1228
0
0
0
0
0
0
463
1772
0
0
0
0
0
0
3431
1637
0
0
0
0
0
0
2563
877
0
0
0
0
0
0
2282
3885
0
0
0
0
0
0
2695
2885
0
0
0
0
0
0
3636
2351
0
0
0
0
0
0
646
2483
0
0
0
0
0
0
1497
3227
0
0
0
0
0
0
1771
201
0
0
0
0
0
0
1366
1180
0
0
0
0
0
0
445
1705
0
0
0
0
0
0
3456
1574
0
0
0
0
0
0
2621
844
0
0
0
0
0
0
2353
3893
0
0
0
0
0
0
2749
2930
0
0
0
0
0
0
3654
2418
0
0
0
0
0
0
621
2545
0
0
0
0
0
0
1438
3262
0
0
0
0
0
0
1701
191
0
0
0
0
0
0
1311
1133
0
0
0
0
0
0
427
1637
0
0
0
0
0
0
3481
1510
0
0
0
0
0
0
2681
810
0
0
0
0
0
0
2424
3901
0
0
0
0
0
0
2805
2979
0
0
0
0
0
0
3670
2487
0
0
0
0
0
0
596
2611
0
0
0
0
0
0
1379
3298
0
0
0
0
0
0
1628
184
0
0
0
0
0
0
1256
1085
0
0
0
0
0
0
408
1566
0
0
0
0
0
0
3507
1445
0
0
0
0
0
0
2742
775
0
0
0
0
0
0
2498
3910
0
0
0
0
0
0
2860
3026
0
0
0
0
0
0
3689
2558
0
0
0
0
0
0
569
2677
0
0
0
0
0
0
1316
3332
0
0
0
0
0
0
1554
175
0
0
0
0
0
0
1198
1036
0
0
0
0
0
0
390
1494
0
0
0
0
0
0
3532
1377
0
0
0
0
0
0
2805
738
0
0
0
0
0
0
2572
3918
0
0
0
0
0
0
2919
3077
0
0
0
0
0
0
3711
2633
0
0
0
0
0
0
541
2745
0
0
0
0
0
0
1253
3369
0
0
0
0
0
0
1480
166
0
0
0
0
0
0
1140
986
0
0
0
0
0
0
370
1421
0
0
0
0
0
0
3562
1310
0
0
0
0
0
0
2869
701
0
0
0
0
0
0
2647
3928
0
0
0
0
0
0
2978
3129
0
0
0
0
0
0
3729
2705
0
0
0
0
0
0
513
2813
0
0
0
0
0
0
1189
3406
0
0
0
0
0
0
1404
158
0
0
0
0
0
0
1081
935
0
0
0
0
0
0
350
1347
0
0
0
0
0
0
3590
1242
0
0
0
0
0
0
2932
664
0
0
0
0
0
0
2725
3935
0
0
0
0
0
0
3037
3179
0
0
0
0
0
0
3749
2778
0
0
0
0
0
0
486
2882
0
0
0
0
0
0
1126
3445
0
0
0
0
0
0
1327
149
0
0
0
0
0
0
1022
884
0
0
0
0
0
0
331
1273
0
0
0
0
0
0
3618
1173
0
0
0
0
0
0
2997
628
0
0
0
0
0
0
2801
3944
0
0
0
0
0
0
3098
3232
0
0
0
0
0
0
3768
2853
0
0
0
0
0
0
457
2952
0
0
0
0
0
0
1059
3481
0
0
0
0
0
0
1251
141
0
0
0
0
0
0
962
832
0
0
0
0
0
0
312
1197
0
0
0
0
0
0
3647
1103
0
0
0
0
0
0
3063
589
0
0
0
0
0
0
2878
3952
0
0
0
0
0
0
3157
3283
0
0
0
0
0
0
3788
2928
0
0
0
0
0
0
431
3022
0
0
0
0
0
0
994
3519
0
0
0
0
0
0
1173
131
0
0
0
0
0
0
902
780
0
0
0
0
0
0
291
1123
0
0
0
0
0
0
3672
1032
0
0
0
0
0
0
3127
553
0
0
0
0
0
0
2955
3962
0
0
0
0
0
0
3219
3335
0
0
0
0
0
0
3807
3003
0
0
0
0
0
0
402
3091
0
0
0
0
0
0
931
3556
0
0
0
0
0
0
1096
123
0
0
0
0
0
0
843
730
0
0
0
0
0
0
272
1048
0
0
0
0
0
0
3701
963
0
0
0
0
0
0
3192
514
0
0
0
0
0
0
3033
3970
0
0
0
0
0
0
3278
3387
0
0
0
0
0
0
3827
3077
0
0
0
0
0
0
376
3160
0
0
0
0
0
0
866
3593
0
0
0
0
0
0
1020
115
0
0
0
0
0
0
784
678
0
0
0
0
0
0
253
975
0
0
0
0
0
0
3730
896
0
0
0
0
0
0
3257
478
0
0
0
0
0
0
3108
3978
0
0
0
0
0
0
3335
3437
0
0
0
0
0
0
3847
3152
0
0
0
0
0
0
348
3228
0
0
0
0
0
0
802
3630
0
0
0
0
0
0
945
106
0
0
0
0
0
0
725
628
0
0
0
0
0
0
233
901
0
0
0
0
0
0
3757
828
0
0
0
0
0
0
3321
441
0
0
0
0
0
0
3183
3988
0
0
0
0
0
0
3394
3489
0
0
0
0
0
0
3867
3226
0
0
0
0
0
0
320
3296
0
0
0
0
0
0
739
3667
0
0
0
0
0
0
869
97
0
0
0
0
0
0
666
576
0
0
0
0
0
0
215
828
0
0
0
0
0
0
3783
761
0
0
0
0
0
0
3382
405
0
0
0
0
0
0
3258
3996
0
0
0
0
0
0
3451
3538
0
0
0
0
0
0
3885
3296
0
0
0
0
0
0
294
3361
0
0
0
0
0
0
677
3703
0
0
0
0
0
0
796
89
0
0
0
0
0
0
610
528
0
0
0
0
0
0
196
758
0
0
0
0
0
0
3809
696
0
0
0
0
0
0
3442
369
0
0
0
0
0
0
3329
4004
0
0
0
0
0
0
3506
3585
0
0
0
0
0
0
3904
3366
0
0
0
0
0
0
268
3426
0
0
0
0
0
0
617
3737
0
0
0
0
0
0
725
81
0
0
0
0
0
0
555
480
0
0
0
0
0
0
177
690
0
0
0
0
0
0
3834
631
0
0
0
0
0
0
3503
336
0
0
0
0
0
0
3400
4014
0
0
0
0
0
0
3560
3632
0
0
0
0
0
0
3920
3434
0
0
0
0
0
0
242
3490
0
0
0
0
0
0
558
3771
0
0
0
0
0
0
655
73
0
0
0
0
0
0
502
435
0
0
0
0
0
0
160
624
0
0
0
0
0
0
3860
570
0
0
0
0
0
0
3561
303
0
0
0
0
0
0
3469
4020
0
0
0
0
0
0
3616
3679
0
0
0
0
0
0
3938
3499
0
0
0
0
0
0
218
3550
0
0
0
0
0
0
502
3804
0
0
0
0
0
0
589
66
0
0
0
0
0
0
448
389
0
0
0
0
0
0
144
558
0
0
0
0
0
0
3885
510
0
0
0
0
0
0
3616
270
0
0
0
0
0
0
3534
4029
0
0
0
0
0
0
3666
3723
0
0
0
0
0
0
3956
3564
0
0
0
0
0
0
194
3609
0
0
0
0
0
0
447
3835
0
0
0
0
0
0
524
58
0
0
0
0
0
0
400
346
0
0
0
0
0
0
127
496
0
0
0
0
0
0
3907
452
0
0
0
0
0
0
3669
238
0
0
0
0
0
0
3598
4035
0
0
0
0
0
0
3714
3765
0
0
0
0
0
0
3971
3625
0
0
0
0
0
0
171
3665
0
0
0
0
0
0
395
3866
0
0
0
0
0
0
461
51
0
0
0
0
0
0
351
304
0
0
0
0
0
0
110
435
0
0
0
0
0
0
3930
397
0
0
0
0
0
0
3721
209
0
0
0
0
0
0
3658
4043
0
0
0
0
0
0
3761
3805
0
0
0
0
0
0
3986
3682
0
0
0
0
0
0
150
3718
0
0
0
0
0
0
344
3894
0
0
0
0
0
0
402
45
0
0
0
0
0
0
307
266
0
0
0
0
0
0
95
379
0
0
0
0
0
0
3952
347
0
0
0
0
0
0
3770
182
0
0
0
0
0
0
3716
4049
0
0
0
0
0
0
3806
3844
0
0
0
0
0
0
4002
3739
0
0
0
0
0
0
128
3769
0
0
0
0
0
0
297
3922
0
0
0
0
0
0
347
38
0
0
0
0
0
0
264
229
0
0
0
0
0
0
83
325
0
0
0
0
0
0
3970
296
0
0
0
0
0
0
3817
156
0
0
0
0
0
0
3770
4056
0
0
0
0
0
0
3847
3880
0
0
0
0
0
0
4014
3789
0
0
0
0
0
0
108
3816
0
0
0
0
0
0
254
3947
0
0
0
0
0
0
293
32
0
0
0
0
0
0
223
193
0
0
0
0
0
0
70
275
0
0
0
0
0
0
3990
251
0
0
0
0
0
0
3859
132
0
0
0
0
0
0
3820
4061
0
0
0
0
0
0
3886
3913
0
0
0
0
0
0
4027
3838
0
0
0
0
0
0
93
3862
0
0
0
0
0
0
212
3972
0
0
0
0
0
0
247
27
0
0
0
0
0
0
187
162
0
0
0
0
0
0
57
229
0
0
0
0
0
0
4008
209
0
0
0
0
0
0
3899
108
0
0
0
0
0
0
3868
4066
0
0
0
0
0
0
3922
3944
0
0
0
0
0
0
4040
3883
0
0
0
0
0
0
76
3903
0
0
0
0
0
0
173
3991
0
0
0
0
0
0
201
21
0
0
0
0
0
0
151
132
0
0
0
0
0
0
46
188
0
0
0
0
0
0
4022
169
0
0
0
0
0
0
3935
87
0
0
0
0
0
0
3909
4070
0
0
0
0
0
0
3954
3972
0
0
0
0
0
0
4050
3924
0
0
0
0
0
0
60
3940
0
0
0
0
0
0
139
4013
0
0
0
0
0
0
161
17
0
0
0
0
0
0
121
104
0
0
0
0
0
0
36
149
0
0
0
0
0
0
4036
134
0
0
0
0
0
0
3967
68
0
0
0
0
0
0
3949
4077
0
0
0
0
0
0
3983
3998
0
0
0
0
0
0
4059
3959
0
0
0
0
0
0
47
3972
0
0
0
0
0
0
109
4030
0
0
0
0
0
0
125
11
0
0
0
0
0
0
93
80
0
0
0
0
0
0
28
113
0
0
0
0
0
0
4050
103
0
0
0
0
0
0
3997
52
0
0
0
0
0
0
3983
4080
0
0
0
0
0
0
4011
4022
0
0
0
0
0
0
4067
3994
0
0
0
0
0
0
35
4003
0
0
0
0
0
0
80
4047
0
0
0
0
0
0
93
9
0
0
0
0
0
0
68
60
0
0
0
0
0
0
20
83
0
0
0
0
0
0
4061
73
0
0
0
0
0
0
4022
38
0
0
0
0
0
0
4012
4083
0
0
0
0
0
0
4033
4041
0
0
0
0
0
0
4074
4020
0
0
0
0
0
0
25
4028
0
0
0
0
0
0
57
4060
0
0
0
0
0
0
64
4
0
0
0
0
0
0
47
40
0
0
0
0
0
0
12
57
0
0
0
0
0
0
4070
50
0
0
0
0
0
0
4043
24
0
0
0
0
0
0
4038
4088
0
0
0
0
0
0
4052
4057
0
0
0
0
0
0
4080
4043
0
0
0
0
0
0
16
4050
0
0
0
0
0
0
37
4071
0
0
0
0
0
0
42
3
0
0
0
0
0
0
30
25
0
0
0
0
0
0
6
37
0
0
0
0
0
0
4079
31
0
0
0
0
0
0
4061
14
0
0
0
0
0
0
4058
4088
0
0
0
0
0
0
4068
4071
0
0
0
0
0
0
4087
4064
0
0
0
0
0
0
9
4068
0
0
0
0
0
0
20
4081
0
0
0
0
0
0
25
2
0
0
0
0
0
0
17
14
0
0
0
0
0
0
2
20
0
0
0
0
0
0
4085
17
0
0
0
0
0
0
4076
7
0
0
0
0
0
0
4074
4091
0
0
0
0
0
0
4080
4082
0
0
0
0
0
0
4090
4077
0
0
0
0
0
0
4
4080
0
0
0
0
0
0
10
4087
0
0
0
0
0
0
9
4094
0
0
0
0
0
0
6
5
0
0
0
0
0
0
0
7
0
0
0
0
0
0
4088
5
0
0
0
0
0
0
4086
1
0
0
0
0
0
0
4084
4091
0
0
0
0
0
0
4088
4089
0
0
0
0
0
0
4091
4087
0
0
0
0
0
0
0
4088
0
0
0
0
0
0
2
4091
0
0
0
0
0
0
1
4094
0
0
0
0
0
0
4095
4095
0
0
0
0
0
0
4094
4095
0
0
0
0
0
0
4092
4095
0
0
0
0
0
0
4092
4095
0
0
0
0
0
0
4092
4094
0
0
0
0
0
0
4094
4091
0
0
0
0
0
0
4093
4092
0
0
0
0
0
0
4093
4092
0
0
0
0
0
0
4095
4093
0
0
0
0
0
0
4095
4093
0
0
0
0
0
0
4094
4094
0
0
0
0
0
0
4094
4094
0
0
0
0
0
0
4094
4095
0
0
0
0
0
0
0
4095
0
0
0
0
0
0
4095
0
0
0
0
0
0
0
4095
4095
0
0
0
0
0
0
0
0
0
0
0
0
0
0
4095
0
0
0
0
0
0
0
0
0
0
0
0
0
0
0
0
0
0
0
0
0
0
0
0
0
0
0
0
0
0
0
0
0
0
0
0
0
0
0
0
0
0
0
0
0
0
0
0
0
0
0
0
0
0
0
0
0
0
0
0
0
0
0
0
0
0
0
0
0
0
0
0
0
0
0
0
0
0
0
0
0
0
0
0
0
0
0
0
0
0
0
0
0
0
0
0
0
0
0
0
0
0
0
0
0
0
0
0
0
0
0
0
0
0
0
0
0
0
0
0
0
0
0
0
0
0
0
0
0
0
0
0
0
0
0
0
0
0
0
0
0
0
0
0
0
0
0
0
0
0
0
0
0
0
0
0
0
0
0
0
0
0
0
0
0
0
0
0
0
0
0
0
0
0
0
0
0
0
0
0
0
0
0
0
0
0
0
0
0
0
0
0
0
0
0
0
0
0
0
0
0
0
0
0
0
0
0
0
0
0
0
0
0
0
0
0
0
0
0
0
0
0
0
0
0
0
0
0
0
0
0
0
0
0
0
0
0
0
0
0
0
0
0
0
0
0
0
0
0
0
0
0
0
0
0
0
0
0
0
0
0
0
0
0
0
0
0
0
0
0
0
0
0
0
0
0
0
0
0
0
0
0
0
0
0
0
0
0
0
0
0
0
0
0
0
0
0
0
0
0
0
0
0
0
0
0
0
0
0
0
0
0
0
0
0
0
0
0
0
0
0
0
0
0
0
0
0
0
0
0
0
0
0
0
0
0
0
0
0
0
0
0
0
0
0
0
0
0
0
0
0
0
0
0
0
0
0
0
0
0
0
0
0
0
0
0
0
0
0
0
0
0
0
0
0
0
0
0
0
0
0
0
0
0
0
0
0
0
0
0
0
0
0
0
0
0
0
0
0
0
0
0
0
0
0
0
0
0
0
0
0
0
0
0
0
0
0
0
0
0
0
0
0
0
0
0
0
0
0
0
0
0
0
0
0
0
0
0
0
0
0
0
0
0
0
0
0
0
0
0
0
0
0
0
0
0
0
0
0
0
0
0
0
0
0
0
0
0
0
0
0
0
0
0
0
0
0
0
0
0
0
0
0
0
0
0
0
0
0
0
0
0
0
0
0
0
0
0
0
0
0
0
0
0
0
0
0
0
0
0
0
0
0
0
0
0
0
0
0
0
0
0
0
0
0
0
0
0
0
0
0
0
0
0
0
0
0
0
0
0
0
0
0
0
0
0
0
0
0
0
0
0
0
0
0
0
0
0
0
0
0
0
0
0
0
0
0
0
0
0
0
0
0
0
0
0
0
0
0
0
0
0
0
0
0
0
0
0
0
0
0
0
0
0
0
0
0
0
0
0
0
0
0
0
0
0
0
0
0
0
0
0
0
0
0
0
0
0
0
0
0
0
0
0
0
0
0
0
0
0
0
0
0
0
0
0
0
0
0
0
0
0
0
0
0
0
0
0
0
0
0
0
0
0
0
0
0
0
0
0
0
0
0
0
0
0
0
0
0
0
0
0
0
0
0
0
0
0
0
0
0
0
0
0
0
0
0
0
0
0
0
0
0
0
0
0
0
0
0
0
0
0
0
0
0
0
0
0
0
0
0
0
0
0
0
0
0
0
0
0
0
0
0
0
0
0
0
0
0
0
0
0
0
0
0
0
0
0
0
0
0
0
0
0
0
0
0
0
0
0
0
0
0
0
0
0
0
0
0
0
0
0
0
0
0
0
0
0
0
0
0
0
0
0
0
0
0
0
0
0
0
0
0
0
0
0
0
0
0
0
0
0
0
0
0
0
0
0
0
0
0
0
0
0
0
0
0
0
0
0
0
0
0
0
0
0
0
0
0
0
0
0
0
0
0
0
0
0
0
0
0
0
0
0
0
0
0
0
0
0
0
0
0
0
0
0
0
0
0
0
0
0
0
0
0
0
0
0
0
0
0
0
0
0
0
0
0
0
0
0
0
0
0
0
0
0
0
0
0
0
0
0
0
0
0
0
0
0
0
0
0
0
0
0
0
0
0
0
0
0
0
0
0
0
0
0
0
0
0
0
0
0
0
0
0
0
0
0
0
0
0
0
0
0
0
0
0
0
0
0
0
0
0
0
0
0
0
0
0
0
0
0
0
0
0
0
0
0
0
0
0
0
0
0
0
0
0
0
0
0
0
0
0
0
0
0
0
0
0
0
0
0
0
0
0
0
0
0
0
0
0
0
0
0
0
0
0
0
0
0
0
0
0
0
0
0
0
0
0
0
0
0
0
0
0
0
0
0
0
0
0
0
0
0
0
0
0
0
0
0
0
0
0
0
0
0
0
0
0
0
0
0
0
0
0
0
0
0
0
0
0
0
0
0
0
0
0
0
0
0
0
0
0
0
0
0
0
0
0
0
0
0
0
0
0
0
0
0
0
0
0
0
0
0
0
0
0
0
0
0
0
0
0
0
0
0
0
0
0
0
0
0
0
0
0
0
0
0
0
0
0
0
0
0
0
0
0
0
0
0
0
0
0
0
0
0
0
0
0
0
0
0
0
0
0
0
0
0
0
0
0
0
0
0
0
0
0
0
0
0
0
0
0
0
0
0
0
0
0
0
0
0
0
0
0
0
0
0
0
0
0
0
0
0
0
0
0
0
0
0
0
0
0
0
0
0
0
0
0
0
0
0
0
0
0
0
0
0
0
0
0
0
0
0
0
0
0
0
0
0
0
0
0
0
0
0
0
0
0
0
0
0
0
0
0
0
0
0
0
0
0
0
0
0
0
0
0
0
0
0
0
0
0
0
0
0
0
0
0
0
0
0
0
0
0
0
0
0
0
0
0
0
0
0
0
0
0
0
0
0
0
0
0
0
0
0
0
0
0
0
0
0
0
0
0
0
0
0
0
0
0
0
0
0
0
0
0
0
0
0
0
0
0
0
0
0
0
0
0
0
0
0
0
0
0
0
0
0
0
0
0
0
0
0
0
0
0
0
0
0
0
0
0
0
0
0
0
0
0
0
0
0
0
0
0
0
0
0
0
0
0
0
0
0
0
0
0
0
0
0
0
0
0
0
0
0
0
0
0
0
0
0
0
0
0
0
0
0
0
0
0
0
0
0
0
0
0
0
0
0
0
0
0
0
0
0
0
0
0
0
0
0
0
0
0
0
0
0
0
0
0
0
0
0
0
0
0
0
0
0
0
0
0
0
0
0
0
0
0
0
0
0
0
0
0
0
0
0
0
0
0
0
0
0
0
0
0
0
0
0
0
0
0
0
0
0
0
0
0
0
0
0
0
0
0
0
0
0
0
0
0
0
0
0
0
0
0
0
0
0
0
0
0
0
0
0
0
0
0
0
0
0
0
0
0
0
0
0
0
0
0
0
0
0
0
0
0
0
0
0
0
0
0
0
0
0
0
0
0
0
0
0
0
0
0
0
0
0
0
0
0
0
0
0
0
0
0
0
0
0
0
0
0
0
0
0
0
0
0
0
0
0
0
0
0
0
0
0
0
0
0
0
0
0
0
0
0
0
0
0
0
0
0
0
0
0
0
0
0
0
0
0
0
0
0
0
0
0
0
0
0
0
0
0
0
0
0
0
0
0
0
0
0
0
0
0
0
0
0
0
0
0
0
0
0
0
0
0
0
0
0
0
0
0
0
0
0
0
0
0
0
0
0
0
0
0
0
0
0
0
0
0
0
0
0
0
0
0
0
0
0
0
0
0
0
0
0
0
0
0
0
0
0
0
0
0
0
0
0
0
0
0
0
0
0
0
0
0
0
0
0
0
0
0
0
0
0
0
0
0
0
0
0
0
0
0
0
0
0
0
0
0
0
0
0
0
0
0
0
0
0
0
0
0
0
0
0
0
0
0
0
0
0
0
0
0
0
0
0
0
0
0
0
0
0
0
0
0
0
0
0
0
0
0
0
0
0
0
0
0
0
0
0
0
0
0
0
0
0
0
0
0
0
0
0
0
0
0
0
0
0
0
0
0
0
0
0
0
0
0
0
0
0
0
0
0
0
0
0
0
0
0
0
0
0
0
0
0
0
0
0
0
0
0
0
0
0
0
0
0
0
0
0
0
0
0
0
0
0
0
0
0
0
0
0
0
0
0
0
0
0
0
0
0
0
0
0
0
0
0
0
0
0
0
0
0
0
0
0
0
0
0
0
0
0
0
0
0
0
0
0
0
0
0
0
0
0
0
0
0
0
0
0
0
0
0
0
0
0
0
0
0
0
0
0
0
0
0
0
0
0
0
0
0
0
0
0
0
0
0
0
0
0
0
0
0
0
0
0
0
0
0
0
0
0
0
0
0
0
0
0
0
0
0
0
0
0
0
0
0
0
0
0
0
0
0
0
0
0
0
0
0
0
0
0
0
0
0
0
0
0
0
0
0
0
0
0
0
0
0
0
0
0
0
0
0
0
0
0
0
0
0
0
0
0
0
0
0
0
0
0
0
0
0
0
0
0
0
0
0
0
0
0
0
0
0
0
0
0
0
0
0
0
0
0
0
0
0
0
0
0
0
0
0
0
0
0
0
0
0
0
0
0
0
0
0
0
0
0
0
0
0
0
0
0
0
0
0
0
0
0
0
0
0
0
0
0
0
0
0
0
0
0
0
0
0
0
0
0
0
0
0
0
0
0
0
0
0
0
0
0
0
0
0
0
0
0
0
0
0
0
0
0
0
0
0
0
0
0
0
0
0
0
0
0
0
0
0
0
0
0
0
0
0
0
0
0
0
0
0
0
0
0
0
0
0
0
0
0
0
0
0
0
0
0
0
0
0
0
0
0
0
0
0
0
0
0
0
0
0
0
0
0
0
0
0
0
0
0
0
0
0
0
0
0
0
0
0
0
0
0
0
0
0
0
0
0
0
0
0
0
0
0
0
0
0
0
0
0
0
0
0
0
0
0
0
0
0
0
0
0
0
0
0
0
0
0
0
0
0
0
0
0
0
0
0
0
0
0
0
0
0
0
0
0
0
0
0
0
0
0
0
0
0
0
0
0
0
0
0
0
0
0
0
0
0
0
0
0
0
0
0
0
0
0
0
0
0
0
0
0
0
0
0
0
0
0
0
0
0
0
0
0
0
0
0
0
0
0
0
0
0
0
0
0
0
0
0
0
0
0
0
0
0
0
0
0
0
0
0
0
0
0
0
0
0
0
0
0
0
0
0
0
0
0
0
0
0
0
0
0
0
0
0
0
0
0
0
0
0
0
0
0
0
0
0
0
0
0
0
0
0
0
0
0
0
0
0
0
0
0
0
0
0
0
0
0
0
0
0
0
0
0
0
0
0
0
0
0
0
0
0
0
0
0
0
0
0
0
0
0
0
0
0
0
0
0
0
0
0
0
0
0
0
0
0
0
0
0
0
0
0
0
0
0
0
0
0
0
0
0
0
0
0
0
0
0
0
0
0
0
0
0
0
0
0
0
0
0
0
0
0
0
0
0
0
0
0
0
0
0
0
0
0
0
0
0
0
0
0
0
0
0
0
0
0
0
0
0
0
0
0
0
0
0
0
0
0
0
0
0
0
0
0
0
0
0
0
0
0
0
0
0
0
0
0
0
0
0
0
0
0
0
0
0
0
0
0
0
0
0
0
0
0
0
0
0
0
0
0
0
0
0
0
0
0
0
0
0
0
0
0
0
0
0
0
0
0
0
0
0
0
0
0
0
0
0
0
0
0
0
0
0
0
0
0
0
0
0
0
0
0
0
0
0
0
0
0
0
0
0
0
0
0
0
0
0
0
0
0
0
0
0
0
0
0
0
0
0
0
0
0
0
0
0
0
0
0
0
0
0
0
0
0
0
0
0
0
0
0
0
0
0
0
0
0
0
0
0
0
0
0
0
0
0
0
0
0
0
0
0
0
0
0
0
0
0
0
0
0
0
0
0
0
0
0
0
0
0
0
0
0
0
0
0
0
0
0
0
0
0
0
0
0
0
0
0
0
0
0
0
0
0
0
0
0
0
0
0
0
0
0
0
0
0
0
0
0
0
0
0
0
0
0
0
0
0
0
0
0
0
0
0
0
0
0
0
0
0
0
0
0
0
0
0
0
0
0
0
0
0
0
0
0
0
0
0
0
0
0
0
0
0
0
0
0
0
0
0
0
0
0
0
0
0
0
0
0
0
0
0
0
0
0
0
0
0
0
0
0
0
0
0
0
0
0
0
0
0
0
0
0
0
0
0
0
0
0
0
0
0
0
0
0
0
0
0
0
0
0
0
0
0
0
0
0
0
0
0
0
0
0
0
0
0
0
0
0
0
0
0
0
0
0
0
0
0
0
0
0
0
0
0
0
0
0
0
0
0
0
0
0
0
0
0
0
0
0
0
0
0
0
0
0
0
0
0
0
0
0
0
0
0
0
0
0
0
0
0
0
0
0
0
0
0
0
0
0
0
0
0
0
0
0
0
0
0
0
0
0
0
0
0
0
0
0
0
0
0
0
0
0
0
0
0
0
0
0
0
0
0
0
0
0
0
0
0
0
0
0
0
0
0
0
0
0
0
0
0
0
0
0
0
0
0
0
0
0
0
0
0
0
0
0
0
0
0
0
0
0
0
0
0
0
0
0
0
0
0
0
0
0
0
0
0
0
0
0
0
0
0
0
0
0
0
0
0
0
0
0
0
0
0
0
0
0
0
0
0
0
0
0
0
0
0
0
0
0
0
0
0
0
0
0
0
0
0
0
0
0
0
0
0
0
0
0
0
0
0
0
0
0
0
0
0
0
0
0
0
0
0
0
0
0
0
0
0
0
0
0
0
0
0
0
0
0
0
0
0
0
0
0
0
0
0
0
0
0
0
0
0
0
0
0
0
0
0
0
0
0
0
0
0
0
0
0
0
0
0
0
0
0
0
0
0
0
0
0
0
0
0
0
0
0
0
0
0
0
0
0
0
0
0
0
0
0
0
0
0
0
0
0
0
0
0
0
0
0
0
0
0
0
0
0
0
0
0
0
0
0
0
0
0
0
0
0
0
0
0
0
0
0
0
0
0
0
0
0
0
0
0
0
0
0
0
0
0
0
0
0
0
0
0
0
0
0
0
0
0
0
0
0
0
0
0
0
0
0
0
0
0
0
0
0
0
0
0
0
0
0
0
0
0
0
0
0
0
0
0
0
0
0
0
0
0
0
0
0
0
0
0
0
0
0
0
0
0
0
0
0
0
0
0
0
0
0
0
0
0
0
0
0
0
0
0
0
0
0
0
0
0
0
0
0
0
0
0
0
0
0
0
0
0
0
0
0
0
0
0
0
0
0
0
0
0
0
0
0
0
0
0
0
0
0
0
0
0
0
0
0
0
0
0
0
0
0
0
0
0
0
0
0
0
0
0
0
0
0
0
0
0
0
0
0
0
0
0
0
0
0
0
0
0
0
0
0
0
0
0
0
0
0
0
0
0
0
0
0
0
0
0
0
0
0
0
0
0
0
0
0
0
0
0
0
0
0
0
0
0
0
0
0
0
0
0
0
0
0
0
0
0
0
0
0
0
0
0
0
0
0
0
0
0
0
0
0
0
0
0
0
0
0
0
0
0
0
0
0
0
0
0
0
0
0
0
0
0
0
0
0
0
0
0
0
0
0
0
0
0
0
0
0
0
0
0
0
0
0
0
0
0
0
0
0
0
0
0
0
0
0
0
0
0
0
0
0
0
0
0
0
0
0
0
0
0
0
0
0
0
0
0
0
0
0
0
0
0
0
0
0
0
0
0
0
0
0
0
0
0
0
0
0
0
0
0
0
0
0
0
0
0
0
0
0
0
0
0
0
0
0
0
0
0
0
0
0
0
0
0
0
0
0
0
0
0
0
0
0
0
0
0
0
0
0
0
0
0
0
0
0
0
0
0
0
0
0
0
0
0
0
0
0
0
0
0
0
0
0
0
0
0
0
0
0
0
0
0
0
0
0
0
0
0
0
0
0
0
0
0
0
0
0
0
0
0
0
0
0
0
0
0
0
0
0
0
0
0
0
0
0
0
0
0
0
0
0
0
0
0
0
0
0
0
0
0
0
0
0
0
0
0
0
0
0
0
0
0
0
0
0
0
0
0
0
0
0
0
0
0
0
0
0
0
0
0
0
0
0
0
0
0
0
0
0
0
0
0
0
0
0
0
0
0
0
0
0
0
0
0
0
0
0
0
0
0
0
0
0
0
0
0
0
0
0
0
0
0
0
0
0
0
0
0
0
0
0
0
0
0
0
0
0
0
0
0
0
0
0
0
0
0
0
0
0
0
0
0
0
0
0
0
0
0
0
0
0
0
0
0
0
0
0
0
0
0
0
0
0
0
0
0
0
0
0
0
0
0
0
0
0
0
0
0
0
0
0
0
0
0
0
0
0
0
0
0
0
0
0
0
0
0
0
0
0
0
0
0
0
0
0
0
0
0
0
0
0
0
0
0
0
0
0
0
0
0
0
0
0
0
0
0
0
0
0
0
0
0
0
0
0
0
0
0
0
0
0
0
0
0
0
0
0
0
0
0
0
0
0
0
0
0
0
0
0
0
0
0
0
0
0
0
0
0
0
0
0
0
0
0
0
0
0
0
0
0
0
0
0
0
0
0
0
0
0
0
0
0
0
0
0
0
0
0
0
0
0
0
0
0
0
0
0
0
0
0
0
0
0
0
0
0
0
0
0
0
0
0
0
0
0
0
0
0
0
0
0
0
0
0
0
0
0
0
0
0
0
0
0
0
0
0
0
0
0
0
0
0
0
0
0
0
0
0
0
0
0
0
0
0
0
0
0
0
0
0
0
0
0
0
0
0
0
0
0
0
0
0
0
0
0
0
0
0
0
0
0
0
0
0
0
0
0
0
0
0
0
0
0
0
0
0
0
0
0
0
0
0
0
0
0
0
0
0
0
0
0
0
0
0
0
0
0
0
0
0
0
0
0
0
0
0
0
0
0
0
0
0
0
0
0
0
0
0
0
0
0
0
0
0
0
0
0
0
0
0
0
0
0
0
0
0
0
0
0
0
0
0
0
0
0
0
0
0
0
0
0
0
0
0
0
0
0
0
0
0
0
0
0
0
0
0
0
0
0
0
0
0
0
0
0
0
0
0
0
0
0
0
0
0
0
0
0
0
0
0
0
0
0
0
0
0
0
0
0
0
0
0
0
0
0
0
0
0
0
0
0
0
0
0
0
0
0
0
0
0
0
0
0
0
0
0
0
0
0
0
0
0
0
0
0
0
0
0
0
0
0
0
0
0
0
0
0
0
0
0
0
0
0
0
0
0
0
0
0
0
0
0
0
0
0
0
0
0
0
0
0
0
0
0
0
0
0
0
0
0
0
0
0
0
0
0
0
0
0
0
0
0
0
0
0
0
0
0
0
0
0
0
0
0
0
0
0
0
0
0
0
0
0
0
0
0
0
0
0
0
0
0
0
0
0
0
0
0
0
0
0
0
0
0
0
0
0
0
0
0
0
0
0
0
0
0
0
0
0
0
0
0
0
0
0
0
0
0
0
0
0
0
0
0
0
0
0
0
0
0
0
0
0
0
0
0
0
0
0
0
0
0
0
0
0
0
0
0
0
0
0
0
0
0
0
0
0
0
0
0
0
0
0
0
0
0
0
0
0
0
0
0
0
0
0
0
0
0
0
0
0
0
0
0
0
0
0
0
0
0
0
0
0
0
0
0
0
0
0
0
0
0
0
0
0
0
0
0
0
0
0
0
0
0
0
0
0
0
0
0
0
0
0
0
0
0
0
0
0
0
0
0
0
0
0
0
0
0
0
0
0
0
0
0
0
0
0
0
0
0
0
0
0
0
0
0
0
0
0
0
0
0
0
0
0
0
0
0
0
0
0
0
0
0
0
0
0
0
0
0
0
0
0
0
0
0
0
0
0
0
0
0
0
0
0
0
0
0
0
0
0
0
0
0
0
0
0
0
0
0
0
0
0
0
0
0
0
0
0
0
0
0
0
0
0
0
0
0
0
0
0
0
0
0
0
0
0
0
0
0
0
0
0
0
0
0
0
0
0
0
0
0
0
0
0
0
0
0
0
0
0
0
0
0
0
0
0
0
0
0
0
0
0
0
0
0
0
0
0
0
0
0
0
0
0
0
0
0
0
0
0
0
0
0
0
0
0
0
0
0
0
0
0
0
0
0
0
0
0
0
0
0
0
0
0
0
0
0
0
0
0
0
0
0
0
0
0
0
0
0
0
0
0
0
0
0
0
0
0
0
0
0
0
0
0
0
0
0
0
0
0
0
0
0
0
0
0
0
0
0
0
0
0
0
0
0
0
0
0
0
0
0
0
0
0
0
0
0
0
0
0
0
0
0
0
0
0
0
0
0
0
0
0
0
0
0
0
0
0
0
0
0
0
0
0
0
0
0
0
0
0
0
0
0
0
0
0
0
0
0
0
0
0
0
0
0
0
0
0
0
0
0
0
0
0
0
0
0
0
0
0
0
0
0
0
0
0
0
0
0
0
0
0
0
0
0
0
0
0
0
0
0
0
0
0
0
0
0
0
0
0
0
0
0
0
0
0
0
0
0
0
0
0
0
0
0
0
0
0
0
0
0
0
0
0
0
0
0
0
0
0
0
0
0
0
0
0
0
0
0
0
0
0
0
0
0
0
0
0
0
0
0
0
0
0
0
0
0
0
0
0
0
0
0
0
0
0
0
0
0
0
0
0
0
0
0
0
0
0
0
0
0
0
0
0
0
0
0
0
0
0
0
0
0
0
0
0
0
0
0
0
0
0
0
0
0
0
0
0
0
0
0
0
0
0
0
0
0
0
0
0
0
0
0
0
0
0
0
0
0
0
0
0
0
0
0
0
0
0
0
0
0
0
0
0
0
0
0
0
0
0
0
0
0
0
0
0
0
0
0
0
0
0
0
0
0
0
0
0
0
0
0
0
0
0
0
0
0
0
0
0
0
0
0
0
0
0
0
0
0
0
0
0
0
0
0
0
0
0
0
0
0
0
0
0
0
0
0
0
0
0
0
0
0
0
0
0
0
0
0
0
0
0
0
0
0
0
0
0
0
0
0
0
0
0
0
0
0
0
0
0
0
0
0
0
0
0
0
0
0
0
0
0
0
0
0
0
0
0
0
0
0
0
0
0
0
0
0
0
0
0
0
0
0
0
0
0
0
0
0
0
0
0
0
0
0
0
0
0
0
0
0
0
0
0
0
0
0
0
0
0
0
0
0
0
0
0
0
0
0
0
0
0
0
0
0
0
0
0
0
0
0
0
0
0
0
0
0
0
0
0
0
0
0
0
0
0
0
0
0
0
0
0
0
0
0
0
0
0
0
0
0
0
0
0
0
0
0
0
0
0
0
0
0
0
0
0
0
0
0
0
0
0
0
0
0
0
0
0
0
0
0
0
0
0
0
0
0
0
0
0
0
0
0
0
0
0
0
0
0
0
0
0
0
0
0
0
0
0
0
0
0
0
0
0
0
0
0
0
0
0
0
0
0
0
0
0
0
0
0
0
0
0
0
0
0
0
0
0
0
0
0
0
0
0
0
0
0
0
0
0
0
0
0
0
0
0
0
0
0
0
0
0
0
0
0
0
0
0
0
0
0
0
0
0
0
0
0
0
0
0
0
0
0
0
0
0
0
0
0
0
0
0
0
0
0
0
0
0
0
0
0
0
0
0
0
0
0
0
0
0
0
0
0
0
0
0
0
0
0
0
0
0
0
0
0
0
0
0
0
0
0
0
0
0
0
0
0
0
0
0
0
0
0
0
0
0
0
0
0
0
0
0
0
0
0
0
0
0
0
0
0
0
0
0
0
0
0
0
0
0
0
0
0
0
0
0
0
0
0
0
0
0
0
0
0
0
0
0
0
0
0
0
0
0
0
0
0
0
0
0
0
0
0
0
0
0
0
0
0
0
0
0
0
0
0
0
0
0
0
0
0
0
0
0
0
0
0
0
0
0
0
0
0
0
0
0
0
0
0
0
0
0
0
0
0
0
0
0
0
0
0
0
0
0
0
0
0
0
0
0
0
0
0
0
0
0
0
0
0
0
0
0
0
0
0
0
0
0
0
0
0
0
0
0
0
0
0
0
0
0
0
0
0
0
0
0
0
0
0
0
0
0
0
0
0
0
0
0
0
0
0
0
0
0
0
0
0
0
0
0
0
0
0
0
0
0
0
0
0
0
0
0
0
0
0
0
0
0
0
0
0
0
0
0
0
0
0
0
0
0
0
0
0
0
0
0
0
0
0
0
0
0
0
0
0
0
0
0
0
0
0
0
0
0
0
0
0
0
0
0
0
0
0
0
0
0
0
0
0
0
0
0
0
0
0
0
0
0
0
0
0
0
0
0
0
0
0
0
0
0
0
0
0
0
0
0
0
0
0
0
0
0
0
0
0
0
0
0
0
0
0
0
0
0
0
0
0
0
0
0
0
0
0
0
0
0
0
0
0
0
0
0
0
0
0
0
0
0
0
0
0
0
0
0
0
0
0
0
0
0
0
0
0
0
0
0
0
0
0
0
0
0
0
0
0
0
0
0
0
0
0
0
0
0
0
0
0
0
0
0
0
0
0
0
0
0
0
0
0
0
0
0
0
0
0
0
0
0
0
0
0
0
0
0
0
0
0
0
0
0
0
0
0
0
0
0
0
0
0
0
0
0
0
0
0
0
0
0
0
0
0
0
0
0
0
0
0
0
0
0
0
0
0
0
0
0
0
0
0
0
0
0
0
0
0
0
0
0
0
0
0
0
0
0
0
0
0
0
0
0
0
0
0
0
0
0
0
0
0
0
0
0
0
0
0
0
0
0
0
0
0
0
0
0
0
0
0
0
0
0
0
0
0
0
0
0
0
0
0
0
0
0
0
0
0
0
0
0
0
0
0
0
0
0
0
0
0
0
0
0
0
0
0
0
0
0
0
0
0
0
0
0
0
0
0
0
0
0
0
0
0
0
0
0
0
0
0
0
0
0
0
0
0
0
0
0
0
0
0
0
0
0
0
0
0
0
0
0
0
0
0
0
0
0
0
0
0
0
0
0
0
0
0
0
0
0
0
0
0
0
0
0
0
0
0
0
0
0
0
0
0
0
0
0
0
0
0
0
0
0
0
0
0
0
0
0
0
0
0
0
0
0
0
0
0
0
0
0
0
0
0
0
0
0
0
0
0
0
0
0
0
0
0
0
0
0
0
0
0
0
0
0
0
0
0
0
0
0
0
0
0
0
0
0
0
0
0
0
0
0
0
0
0
0
0
0
0
0
0
0
0
0
0
0
0
0
0
0
0
0
0
0
0
0
0
0
0
0
0
0
0
0
0
0
0
0
0
0
0
0
0
0
0
0
0
0
0
0
0
0
0
0
0
0
0
0
0
0
0
0
0
0
0
0
0
0
0
0
0
0
0
0
0
0
0
0
0
0
0
0
0
0
0
0
0
0
0
0
0
0
0
0
0
0
0
0
0
0
0
0
0
0
0
0
0
0
0
0
0
0
0
0
0
0
0
0
0
0
0
0
0
0
0
0
0
0
0
0
0
0
0
0
0
0
0
0
0
0
0
0
0
0
0
0
0
0
0
0
0
0
0
0
0
0
0
0
0
0
0
0
0
0
0
0
0
0
0
0
0
0
0
0
0
0
0
0
0
0
0
0
0
0
0
0
0
0
0
0
0
0
0
0
0
0
0
0
0
0
0
0
0
0
0
0
0
0
0
0
0
0
0
0
0
0
0
0
0
0
0
0
0
0
0
0
0
0
0
0
0
0
0
0
0
0
0
0
0
0
0
0
0
0
0
0
0
0
0
0
0
0
0
0
0
0
0
0
0
0
0
0
0
0
0
0
0
0
0
0
0
0
0
0
0
0
0
0
0
0
0
0
0
0
0
0
0
0
0
0
0
0
0
0
0
0
0
0
0
0
0
0
0
0
0
0
0
0
0
0
0
0
0
0
0
0
0
0
0
0
0
0
0
0
0
0
0
0
0
0
0
0
0
0
0
0
0
0
0
0
0
0
0
0
0
0
0
0
0
0
0
0
0
0
0
0
0
0
0
0
0
0
0
0
0
0
0
0
0
0
0
0
0
0
0
0
0
0
0
0
0
0
0
0
0
0
0
0
0
0
0
0
0
0
0
0
0
0
0
0
0
0
0
0
0
0
0
0
0
0
0
0
0
0
0
0
0
0
0
0
0
0
0
0
0
0
0
0
0
0
0
0
0
0
0
0
0
0
0
0
0
0
0
0
0
0
0
0
0
0
0
0
0
0
0
0
0
0
0
0
0
0
0
0
0
0
0
0
0
0
0
0
0
0
0
0
0
0
0
0
0
0
0
0
0
0
0
0
0
0
0
0
0
0
0
0
0
0
0
0
0
0
0
0
0
0
0
0
0
0
0
0
0
0
0
0
0
0
0
0
0
0
0
0
0
0
0
0
0
0
0
0
0
0
0
0
0
0
0
0
0
0
0
0
0
0
0
0
0
0
0
0
0
0
0
0
0
0
0
0
0
0
0
0
0
0
0
0
0
0
0
0
0
0
0
0
0
0
0
0
0
0
0
0
0
0
0
0
0
0
0
0
0
0
0
0
0
0
0
0
0
0
0
0
0
0
0
0
0
0
0
0
0
0
0
0
0
0
0
0
0
0
0
0
0
0
0
0
0
0
0
0
0
0
0
0
0
0
0
0
0
0
0
0
0
0
0
0
0
0
0
0
0
0
0
0
0
0
0
0
0
0
0
0
0
0
0
0
0
0
0
0
0
0
0
0
0
0
0
0
0
0
0
0
0
0
0
0
0
0
0
0
0
0
0
0
0
0
0
0
0
0
0
0
0
0
0
0
0
0
0
0
0
0
0
0
0
0
0
0
0
0
0
0
0
0
0
0
0
0
0
0
0
0
0
0
0
0
0
0
0
0
0
0
0
0
0
0
0
0
0
0
0
0
0
0
0
0
0
0
0
0
0
0
0
0
0
0
0
0
0
0
0
0
0
0
0
0
0
0
0
0
0
0
0
0
0
0
0
0
0
0
0
0
0
0
0
0
0
0
0
0
0
0
0
0
0
0
0
0
0
0
0
0
0
0
0
0
0
0
0
0
0
0
0
0
0
0
0
0
0
0
0
0
0
0
0
0
0
0
0
0
0
0
0
0
0
0
0
0
0
0
0
0
0
0
0
0
0
0
0
0
0
0
0
0
0
0
0
0
0
0
0
0
0
0
0
0
0
0
0
0
0
0
0
0
0
0
0
0
0
0
0
0
0
0
0
0
0
0
0
0
0
0
0
0
0
0
0
0
0
0
0
0
0
0
0
0
0
0
0
0
0
0
0
0
0
0
0
0
0
0
0
0
0
0
0
0
0
0
0
0
0
0
0
0
0
0
0
0
0
0
0
0
0
0
0
0
0
0
0
0
0
0
0
0
0
0
0
0
0
0
0
0
0
0
0
0
0
0
0
0
0
0
0
0
0
0
0
0
0
0
0
0
0
0
0
0
0
0
0
0
0
0
0
0
0
0
0
0
0
0
0
0
0
0
0
0
0
0
0
0
0
0
0
0
0
0
0
0
0
0
0
0
0
0
0
0
0
0
0
0
0
0
0
0
0
0
0
0
0
0
0
0
0
0
0
0
0
0
0
0
0
0
0
0
0
0
0
0
0
0
0
0
0
0
0
0
0
0
0
0
0
0
0
0
0
0
0
0
0
0
0
0
0
0
0
0
0
0
0
0
0
0
0
0
0
0
0
0
0
0
0
0
0
0
0
0
0
0
0
0
0
0
0
0
0
0
0
0
0
0
0
0
0
0
0
0
0
0
0
0
0
0
0
0
0
0
0
0
0
0
0
0
0
0
0
0
0
0
0
0
0
0
0
0
0
0
0
0
0
0
0
0
0
0
0
0
0
0
0
0
0
0
0
0
0
0
0
0
0
0
0
0
0
0
0
0
0
0
0
0
0
0
0
0
0
0
0
0
0
0
0
0
0
0
0
0
0
0
0
0
0
0
0
0
0
0
0
0
0
0
0
0
0
0
0
0
0
0
0
0
0
0
0
0
0
0
0
0
0
0
0
0
0
0
0
0
0
0
0
0
0
0
0
0
0
0
0
0
0
0
0
0
0
0
0
0
0
0
0
0
0
0
0
0
0
0
0
0
0
0
0
0
0
0
0
0
0
0
0
0
0
0
0
0
0
0
0
0
0
0
0
0
0
0
0
0
0
0
0
0
0
0
0
0
0
0
0
0
0
0
0
0
0
0
0
0
0
0
0
0
0
0
0
0
0
0
0
0
0
0
0
0
0
0
0
0
0
0
0
0
0
0
0
0
0
0
0
0
0
0
0
0
0
0
0
0
0
0
0
0
0
0
0
0
0
0
0
0
0
0
0
0
0
0
0
0
0
0
0
0
0
0
0
0
0
0
0
0
0
0
0
0
0
0
0
0
0
0
0
0
0
0
0
0
0
0
0
0
0
0
0
0
0
0
0
0
0
0
0
0
0
0
0
0
0
0
0
0
0
0
0
0
0
0
0
0
0
0
0
0
0
0
0
0
0
0
0
0
0
0
0
0
0
0
0
0
0
0
0
0
0
0
0
0
0
0
0
0
0
0
0
0
0
0
0
0
0
0
0
0
0
0
0
0
0
0
0
0
0
0
0
0
0
0
0
0
0
0
0
0
0
0
0
0
0
0
0
0
0
0
0
0
0
0
0
0
0
0
0
0
0
0
0
0
0
0
0
0
0
0
0
0
0
0
0
0
0
0
0
0
0
0
0
0
0
0
0
0
0
0
0
0
0
0
0
0
0
0
0
0
0
0
0
0
0
0
0
0
0
0
0
0
0
0
0
0
0
0
0
0
0
0
0
0
0
0
0
0
0
0
0
0
0
0
0
0
0
0
0
0
0
0
0
0
0
0
0
0
0
0
0
0
0
0
0
0
0
0
0
0
0
0
0
0
0
0
0
0
0
0
0
0
0
0
0
0
0
0
0
0
0
0
0
0
0
0
0
0
0
0
0
0
0
0
0
0
0
0
0
0
0
0
0
0
0
0
0
0
0
0
0
0
0
0
0
0
0
0
0
0
0
0
0
0
0
0
0
0
0
0
0
0
0
0
0
0
0
0
0
0
0
0
0
0
0
0
0
0
0
0
0
0
0
0
0
0
0
0
0
0
0
0
0
0
0
0
0
0
0
0
0
0
0
0
0
0
0
0
0
0
0
0
0
0
0
0
0
0
0
0
0
0
0
0
0
0
0
0
0
0
0
0
0
0
0
0
0
0
0
0
0
0
0
0
0
0
0
0
0
0
0
0
0
0
0
0
0
0
0
0
0
0
0
0
0
0
0
0
0
0
0
0
0
0
0
0
0
0
0
0
0
0
0
0
0
0
0
0
0
0
0
0
0
0
0
0
0
0
0
0
0
0
0
0
0
0
0
0
0
0
0
0
0
0
0
0
0
0
0
0
0
0
0
0
0
0
0
0
0
0
0
0
0
0
0
0
0
0
0
0
0
0
0
0
0
0
0
0
0
0
0
0
0
0
0
0
0
0
0
0
0
0
0
0
0
0
0
0
0
0
0
0
0
0
0
0
0
0
0
0
0
0
0
0
0
0
0
0
0
0
0
0
0
0
0
0
0
0
0
0
0
0
0
0
0
0
0
0
0
