0
0
0
0
0
0
0
0
0
0
0
0
0
0
0
0
0
0
0
0
0
0
0
0
0
0
0
0
0
0
0
0
0
0
0
0
0
0
0
0
0
0
0
0
0
0
0
0
0
0
0
0
0
0
0
0
0
0
0
0
0
0
0
0
0
0
0
0
0
0
0
0
0
0
0
0
0
0
0
0
0
0
0
0
0
0
0
0
0
0
0
0
0
0
0
0
0
0
0
0
0
0
0
0
0
0
0
0
0
0
0
0
0
0
0
0
0
0
0
0
0
0
0
0
0
0
0
0
0
0
0
0
0
0
0
0
0
0
0
0
0
0
0
0
0
0
0
0
0
0
0
0
0
0
0
0
0
0
0
0
0
0
0
0
0
0
0
0
0
0
0
0
0
0
0
0
0
0
0
0
0
0
0
0
4094
4093
0
0
0
0
0
0
4094
4095
0
0
0
0
0
0
4094
4093
0
0
0
0
0
0
4094
4095
0
0
0
0
0
0
4094
4093
0
0
0
0
0
0
4094
4095
0
0
0
0
0
0
4094
4093
0
0
0
0
0
0
4093
0
0
0
0
0
0
0
4094
4091
0
0
0
0
0
0
4092
0
0
0
0
0
0
0
4095
4091
0
0
0
0
0
0
4092
1
0
0
0
0
0
0
0
4092
0
0
0
0
0
0
4092
3
0
0
0
0
0
0
2
4090
0
0
0
0
0
0
4090
2
0
0
0
0
0
0
2
4089
0
0
0
0
0
0
4087
3
0
0
0
0
0
0
4
4088
0
0
0
0
0
0
4086
2
0
0
0
0
0
0
8
4088
0
0
0
0
0
0
4082
3
0
0
0
0
0
0
10
4088
0
0
0
0
0
0
4078
2
0
0
0
0
0
0
12
4088
0
0
0
0
0
0
4076
1
0
0
0
0
0
0
15
4089
0
0
0
0
0
0
4072
0
0
0
0
0
0
0
21
4093
0
0
0
0
0
0
4068
4094
0
0
0
0
0
0
25
4093
0
0
0
0
0
0
4063
4091
0
0
0
0
0
0
29
1
0
0
0
0
0
0
4059
4088
0
0
0
0
0
0
34
6
0
0
0
0
0
0
4053
4084
0
0
0
0
0
0
37
9
0
0
0
0
0
0
4050
4079
0
0
0
0
0
0
44
15
0
0
0
0
0
0
4045
4073
0
0
0
0
0
0
48
20
0
0
0
0
0
0
4040
4067
0
0
0
0
0
0
53
27
0
0
0
0
0
0
4036
4060
0
0
0
0
0
0
57
35
0
0
0
0
0
0
4032
4053
0
0
0
0
0
0
61
42
0
0
0
0
0
0
4028
4046
0
0
0
0
0
0
65
51
0
0
0
0
0
0
4023
4035
0
0
0
0
0
0
68
60
0
0
0
0
0
0
4022
4028
0
0
0
0
0
0
70
69
0
0
0
0
0
0
4020
4016
0
0
0
0
0
0
70
78
0
0
0
0
0
0
4020
4007
0
0
0
0
0
0
71
89
0
0
0
0
0
0
4021
3997
0
0
0
0
0
0
69
98
0
0
0
0
0
0
4022
3987
0
0
0
0
0
0
66
108
0
0
0
0
0
0
4026
3978
0
0
0
0
0
0
62
117
0
0
0
0
0
0
4031
3968
0
0
0
0
0
0
57
128
0
0
0
0
0
0
4036
3959
0
0
0
0
0
0
51
136
0
0
0
0
0
0
4042
3950
0
0
0
0
0
0
44
145
0
0
0
0
0
0
4051
3942
0
0
0
0
0
0
34
152
0
0
0
0
0
0
4061
3935
0
0
0
0
0
0
21
157
0
0
0
0
0
0
4073
3930
0
0
0
0
0
0
10
163
0
0
0
0
0
0
4088
3927
0
0
0
0
0
0
4093
167
0
0
0
0
0
0
7
3923
0
0
0
0
0
0
4076
168
0
0
0
0
0
0
24
3922
0
0
0
0
0
0
4057
168
0
0
0
0
0
0
42
3923
0
0
0
0
0
0
4040
167
0
0
0
0
0
0
62
3927
0
0
0
0
0
0
4020
163
0
0
0
0
0
0
82
3932
0
0
0
0
0
0
3998
156
0
0
0
0
0
0
103
3938
0
0
0
0
0
0
3975
149
0
0
0
0
0
0
126
3947
0
0
0
0
0
0
3955
138
0
0
0
0
0
0
149
3958
0
0
0
0
0
0
3930
124
0
0
0
0
0
0
172
3973
0
0
0
0
0
0
3905
110
0
0
0
0
0
0
197
3989
0
0
0
0
0
0
3883
94
0
0
0
0
0
0
220
4008
0
0
0
0
0
0
3858
72
0
0
0
0
0
0
244
4029
0
0
0
0
0
0
3836
50
0
0
0
0
0
0
268
4053
0
0
0
0
0
0
3812
26
0
0
0
0
0
0
290
4079
0
0
0
0
0
0
3790
4094
0
0
0
0
0
0
311
11
0
0
0
0
0
0
3770
4066
0
0
0
0
0
0
333
42
0
0
0
0
0
0
3749
4034
0
0
0
0
0
0
350
72
0
0
0
0
0
0
3732
4001
0
0
0
0
0
0
366
106
0
0
0
0
0
0
3717
3967
0
0
0
0
0
0
381
140
0
0
0
0
0
0
3703
3932
0
0
0
0
0
0
392
176
0
0
0
0
0
0
3692
3896
0
0
0
0
0
0
402
214
0
0
0
0
0
0
3684
3858
0
0
0
0
0
0
407
250
0
0
0
0
0
0
3680
3821
0
0
0
0
0
0
411
288
0
0
0
0
0
0
3679
3785
0
0
0
0
0
0
409
325
0
0
0
0
0
0
3682
3746
0
0
0
0
0
0
407
363
0
0
0
0
0
0
3687
3710
0
0
0
0
0
0
399
398
0
0
0
0
0
0
3697
3674
0
0
0
0
0
0
387
434
0
0
0
0
0
0
3711
3640
0
0
0
0
0
0
371
467
0
0
0
0
0
0
3730
3609
0
0
0
0
0
0
351
497
0
0
0
0
0
0
3753
3580
0
0
0
0
0
0
325
525
0
0
0
0
0
0
3779
3552
0
0
0
0
0
0
297
550
0
0
0
0
0
0
3809
3527
0
0
0
0
0
0
264
573
0
0
0
0
0
0
3844
3508
0
0
0
0
0
0
228
591
0
0
0
0
0
0
3884
3492
0
0
0
0
0
0
186
606
0
0
0
0
0
0
3926
3479
0
0
0
0
0
0
142
616
0
0
0
0
0
0
3971
3470
0
0
0
0
0
0
94
623
0
0
0
0
0
0
4021
3467
0
0
0
0
0
0
43
623
0
0
0
0
0
0
4075
3468
0
0
0
0
0
0
4085
619
0
0
0
0
0
0
34
3475
0
0
0
0
0
0
4027
608
0
0
0
0
0
0
92
3487
0
0
0
0
0
0
3969
595
0
0
0
0
0
0
152
3504
0
0
0
0
0
0
3907
574
0
0
0
0
0
0
212
3527
0
0
0
0
0
0
3847
549
0
0
0
0
0
0
277
3557
0
0
0
0
0
0
3783
518
0
0
0
0
0
0
339
3591
0
0
0
0
0
0
3718
479
0
0
0
0
0
0
403
3631
0
0
0
0
0
0
3655
436
0
0
0
0
0
0
466
3676
0
0
0
0
0
0
3593
389
0
0
0
0
0
0
530
3729
0
0
0
0
0
0
3530
335
0
0
0
0
0
0
589
3784
0
0
0
0
0
0
3471
276
0
0
0
0
0
0
648
3846
0
0
0
0
0
0
3413
213
0
0
0
0
0
0
704
3911
0
0
0
0
0
0
3358
144
0
0
0
0
0
0
757
3981
0
0
0
0
0
0
3308
73
0
0
0
0
0
0
805
4054
0
0
0
0
0
0
3262
4094
0
0
0
0
0
0
851
34
0
0
0
0
0
0
3218
4016
0
0
0
0
0
0
890
114
0
0
0
0
0
0
3181
3935
0
0
0
0
0
0
926
197
0
0
0
0
0
0
3149
3852
0
0
0
0
0
0
954
279
0
0
0
0
0
0
3123
3767
0
0
0
0
0
0
976
365
0
0
0
0
0
0
3105
3684
0
0
0
0
0
0
992
448
0
0
0
0
0
0
3093
3598
0
0
0
0
0
0
1000
534
0
0
0
0
0
0
3089
3515
0
0
0
0
0
0
1000
617
0
0
0
0
0
0
3090
3431
0
0
0
0
0
0
994
698
0
0
0
0
0
0
3103
3350
0
0
0
0
0
0
980
779
0
0
0
0
0
0
3122
3275
0
0
0
0
0
0
955
854
0
0
0
0
0
0
3149
3201
0
0
0
0
0
0
926
927
0
0
0
0
0
0
3183
3130
0
0
0
0
0
0
886
993
0
0
0
0
0
0
3226
3063
0
0
0
0
0
0
839
1056
0
0
0
0
0
0
3278
3005
0
0
0
0
0
0
784
1113
0
0
0
0
0
0
3337
2952
0
0
0
0
0
0
721
1162
0
0
0
0
0
0
3403
2906
0
0
0
0
0
0
650
1205
0
0
0
0
0
0
3478
2867
0
0
0
0
0
0
571
1239
0
0
0
0
0
0
3559
2837
0
0
0
0
0
0
488
1266
0
0
0
0
0
0
3648
2815
0
0
0
0
0
0
396
1282
0
0
0
0
0
0
3743
2801
0
0
0
0
0
0
298
1291
0
0
0
0
0
0
3841
2799
0
0
0
0
0
0
197
1289
0
0
0
0
0
0
3946
2804
0
0
0
0
0
0
90
1279
0
0
0
0
0
0
4055
2821
0
0
0
0
0
0
4075
1258
0
0
0
0
0
0
72
2846
0
0
0
0
0
0
3961
1226
0
0
0
0
0
0
186
2883
0
0
0
0
0
0
3844
1185
0
0
0
0
0
0
303
2928
0
0
0
0
0
0
3727
1135
0
0
0
0
0
0
421
2984
0
0
0
0
0
0
3609
1073
0
0
0
0
0
0
540
3050
0
0
0
0
0
0
3490
1001
0
0
0
0
0
0
659
3128
0
0
0
0
0
0
3373
921
0
0
0
0
0
0
773
3213
0
0
0
0
0
0
3259
832
0
0
0
0
0
0
886
3305
0
0
0
0
0
0
3147
733
0
0
0
0
0
0
996
3409
0
0
0
0
0
0
3039
627
0
0
0
0
0
0
1102
3519
0
0
0
0
0
0
2938
513
0
0
0
0
0
0
1202
3636
0
0
0
0
0
0
2841
392
0
0
0
0
0
0
1294
3760
0
0
0
0
0
0
2752
266
0
0
0
0
0
0
1381
3891
0
0
0
0
0
0
2670
134
0
0
0
0
0
0
1458
4023
0
0
0
0
0
0
2595
4092
0
0
0
0
0
0
1527
66
0
0
0
0
0
0
2532
3953
0
0
0
0
0
0
1587
206
0
0
0
0
0
0
2477
3811
0
0
0
0
0
0
1634
349
0
0
0
0
0
0
2434
3669
0
0
0
0
0
0
1673
492
0
0
0
0
0
0
2402
3525
0
0
0
0
0
0
1701
636
0
0
0
0
0
0
2380
3382
0
0
0
0
0
0
1715
778
0
0
0
0
0
0
2371
3241
0
0
0
0
0
0
1715
917
0
0
0
0
0
0
2376
3104
0
0
0
0
0
0
1706
1052
0
0
0
0
0
0
2393
2970
0
0
0
0
0
0
1682
1184
0
0
0
0
0
0
2423
2843
0
0
0
0
0
0
1646
1309
0
0
0
0
0
0
2465
2720
0
0
0
0
0
0
1598
1427
0
0
0
0
0
0
2520
2605
0
0
0
0
0
0
1536
1538
0
0
0
0
0
0
2589
2499
0
0
0
0
0
0
1462
1640
0
0
0
0
0
0
2669
2402
0
0
0
0
0
0
1375
1731
0
0
0
0
0
0
2763
2317
0
0
0
0
0
0
1275
1812
0
0
0
0
0
0
2867
2242
0
0
0
0
0
0
1166
1880
0
0
0
0
0
0
2982
2179
0
0
0
0
0
0
1045
1937
0
0
0
0
0
0
3108
2128
0
0
0
0
0
0
914
1981
0
0
0
0
0
0
3244
2092
0
0
0
0
0
0
774
2011
0
0
0
0
0
0
3389
2069
0
0
0
0
0
0
626
2027
0
0
0
0
0
0
3541
2061
0
0
0
0
0
0
469
2028
0
0
0
0
0
0
3700
2067
0
0
0
0
0
0
307
2014
0
0
0
0
0
0
3866
2088
0
0
0
0
0
0
138
1986
0
0
0
0
0
0
4035
2124
0
0
0
0
0
0
4064
1943
0
0
0
0
0
0
113
2174
0
0
0
0
0
0
3889
1884
0
0
0
0
0
0
289
2240
0
0
0
0
0
0
3712
1810
0
0
0
0
0
0
466
2320
0
0
0
0
0
0
3534
1723
0
0
0
0
0
0
641
2415
0
0
0
0
0
0
3359
1620
0
0
0
0
0
0
817
2524
0
0
0
0
0
0
3186
1506
0
0
0
0
0
0
990
2647
0
0
0
0
0
0
3016
1377
0
0
0
0
0
0
1157
2781
0
0
0
0
0
0
2851
1238
0
0
0
0
0
0
1317
2925
0
0
0
0
0
0
2692
1085
0
0
0
0
0
0
1473
3084
0
0
0
0
0
0
2540
923
0
0
0
0
0
0
1619
3250
0
0
0
0
0
0
2399
751
0
0
0
0
0
0
1758
3427
0
0
0
0
0
0
2266
572
0
0
0
0
0
0
1883
3609
0
0
0
0
0
0
2145
385
0
0
0
0
0
0
2000
3799
0
0
0
0
0
0
2037
194
0
0
0
0
0
0
2101
3993
0
0
0
0
0
0
1941
4092
0
0
0
0
0
0
2192
98
0
0
0
0
0
0
1859
3893
0
0
0
0
0
0
2266
297
0
0
0
0
0
0
1793
3692
0
0
0
0
0
0
2324
498
0
0
0
0
0
0
1740
3489
0
0
0
0
0
0
2367
698
0
0
0
0
0
0
1707
3291
0
0
0
0
0
0
2393
896
0
0
0
0
0
0
1688
3093
0
0
0
0
0
0
2402
1092
0
0
0
0
0
0
1687
2902
0
0
0
0
0
0
2396
1282
0
0
0
0
0
0
1704
2716
0
0
0
0
0
0
2368
1463
0
0
0
0
0
0
1738
2536
0
0
0
0
0
0
2327
1638
0
0
0
0
0
0
1789
2367
0
0
0
0
0
0
2266
1803
0
0
0
0
0
0
1858
2207
0
0
0
0
0
0
2190
1958
0
0
0
0
0
0
1943
2058
0
0
0
0
0
0
2097
2100
0
0
0
0
0
0
2044
1922
0
0
0
0
0
0
1987
2229
0
0
0
0
0
0
2164
1802
0
0
0
0
0
0
1860
2343
0
0
0
0
0
0
2296
1693
0
0
0
0
0
0
1720
2442
0
0
0
0
0
0
2444
1604
0
0
0
0
0
0
1564
2524
0
0
0
0
0
0
2606
1529
0
0
0
0
0
0
1398
2590
0
0
0
0
0
0
2780
1472
0
0
0
0
0
0
1216
2637
0
0
0
0
0
0
2965
1435
0
0
0
0
0
0
1026
2665
0
0
0
0
0
0
3162
1416
0
0
0
0
0
0
826
2676
0
0
0
0
0
0
3367
1415
0
0
0
0
0
0
618
2667
0
0
0
0
0
0
3579
1434
0
0
0
0
0
0
402
2638
0
0
0
0
0
0
3797
1472
0
0
0
0
0
0
182
2591
0
0
0
0
0
0
4019
1530
0
0
0
0
0
0
4053
2523
0
0
0
0
0
0
148
1606
0
0
0
0
0
0
3828
2439
0
0
0
0
0
0
375
1700
0
0
0
0
0
0
3602
2336
0
0
0
0
0
0
600
1812
0
0
0
0
0
0
3376
2213
0
0
0
0
0
0
824
1942
0
0
0
0
0
0
3153
2074
0
0
0
0
0
0
1046
2091
0
0
0
0
0
0
2936
1920
0
0
0
0
0
0
1260
2253
0
0
0
0
0
0
2724
1749
0
0
0
0
0
0
1467
2429
0
0
0
0
0
0
2521
1566
0
0
0
0
0
0
1666
2620
0
0
0
0
0
0
2326
1367
0
0
0
0
0
0
1854
2822
0
0
0
0
0
0
2143
1160
0
0
0
0
0
0
2033
3039
0
0
0
0
0
0
1973
940
0
0
0
0
0
0
2196
3261
0
0
0
0
0
0
1814
713
0
0
0
0
0
0
2345
3491
0
0
0
0
0
0
1673
479
0
0
0
0
0
0
2481
3730
0
0
0
0
0
0
1547
238
0
0
0
0
0
0
2598
3971
0
0
0
0
0
0
1438
4092
0
0
0
0
0
0
2699
120
0
0
0
0
0
0
1347
3846
0
0
0
0
0
0
2779
365
0
0
0
0
0
0
1276
3601
0
0
0
0
0
0
2843
611
0
0
0
0
0
0
1223
3357
0
0
0
0
0
0
2885
852
0
0
0
0
0
0
1192
3118
0
0
0
0
0
0
2905
1090
0
0
0
0
0
0
1178
2880
0
0
0
0
0
0
2908
1321
0
0
0
0
0
0
1188
2654
0
0
0
0
0
0
2888
1545
0
0
0
0
0
0
1218
2434
0
0
0
0
0
0
2848
1759
0
0
0
0
0
0
1268
2225
0
0
0
0
0
0
2788
1962
0
0
0
0
0
0
1339
2028
0
0
0
0
0
0
2705
2153
0
0
0
0
0
0
1431
1846
0
0
0
0
0
0
2604
2328
0
0
0
0
0
0
1540
1676
0
0
0
0
0
0
2485
2490
0
0
0
0
0
0
1669
1524
0
0
0
0
0
0
2346
2633
0
0
0
0
0
0
1818
1391
0
0
0
0
0
0
2189
2758
0
0
0
0
0
0
1982
1273
0
0
0
0
0
0
2018
2866
0
0
0
0
0
0
2163
1177
0
0
0
0
0
0
1830
2952
0
0
0
0
0
0
2359
1101
0
0
0
0
0
0
1628
3019
0
0
0
0
0
0
2566
1045
0
0
0
0
0
0
1413
3063
0
0
0
0
0
0
2785
1010
0
0
0
0
0
0
1188
3088
0
0
0
0
0
0
3017
998
0
0
0
0
0
0
953
3089
0
0
0
0
0
0
3257
1009
0
0
0
0
0
0
710
3068
0
0
0
0
0
0
3502
1040
0
0
0
0
0
0
459
3024
0
0
0
0
0
0
3754
1092
0
0
0
0
0
0
207
2961
0
0
0
0
0
0
4007
1166
0
0
0
0
0
0
4047
2875
0
0
0
0
0
0
169
1263
0
0
0
0
0
0
3791
2771
0
0
0
0
0
0
425
1380
0
0
0
0
0
0
3536
2643
0
0
0
0
0
0
679
1515
0
0
0
0
0
0
3282
2497
0
0
0
0
0
0
929
1670
0
0
0
0
0
0
3035
2333
0
0
0
0
0
0
1175
1844
0
0
0
0
0
0
2794
2153
0
0
0
0
0
0
1412
2033
0
0
0
0
0
0
2562
1954
0
0
0
0
0
0
1639
2237
0
0
0
0
0
0
2341
1744
0
0
0
0
0
0
1855
2455
0
0
0
0
0
0
2129
1520
0
0
0
0
0
0
2058
2685
0
0
0
0
0
0
1932
1284
0
0
0
0
0
0
2248
2927
0
0
0
0
0
0
1751
1037
0
0
0
0
0
0
2423
3178
0
0
0
0
0
0
1585
784
0
0
0
0
0
0
2580
3434
0
0
0
0
0
0
1436
523
0
0
0
0
0
0
2719
3695
0
0
0
0
0
0
1307
260
0
0
0
0
0
0
2839
3960
0
0
0
0
0
0
1197
4090
0
0
0
0
0
0
2939
132
0
0
0
0
0
0
1109
3824
0
0
0
0
0
0
3020
398
0
0
0
0
0
0
1040
3560
0
0
0
0
0
0
3075
660
0
0
0
0
0
0
991
3298
0
0
0
0
0
0
3112
921
0
0
0
0
0
0
967
3041
0
0
0
0
0
0
3126
1174
0
0
0
0
0
0
963
2791
0
0
0
0
0
0
3118
1419
0
0
0
0
0
0
982
2551
0
0
0
0
0
0
3088
1653
0
0
0
0
0
0
1025
2324
0
0
0
0
0
0
3034
1875
0
0
0
0
0
0
1088
2106
0
0
0
0
0
0
2960
2085
0
0
0
0
0
0
1173
1904
0
0
0
0
0
0
2865
2280
0
0
0
0
0
0
1279
1717
0
0
0
0
0
0
2751
2460
0
0
0
0
0
0
1402
1546
0
0
0
0
0
0
2617
2622
0
0
0
0
0
0
1546
1392
0
0
0
0
0
0
2463
2765
0
0
0
0
0
0
1708
1260
0
0
0
0
0
0
2293
2889
0
0
0
0
0
0
1887
1144
0
0
0
0
0
0
2106
2992
0
0
0
0
0
0
2082
1054
0
0
0
0
0
0
1902
3071
0
0
0
0
0
0
2291
984
0
0
0
0
0
0
1688
3131
0
0
0
0
0
0
2511
934
0
0
0
0
0
0
1460
3168
0
0
0
0
0
0
2743
909
0
0
0
0
0
0
1225
3184
0
0
0
0
0
0
2985
906
0
0
0
0
0
0
978
3174
0
0
0
0
0
0
3235
925
0
0
0
0
0
0
728
3145
0
0
0
0
0
0
3489
967
0
0
0
0
0
0
469
3091
0
0
0
0
0
0
3748
1031
0
0
0
0
0
0
211
3017
0
0
0
0
0
0
4007
1116
0
0
0
0
0
0
4045
2921
0
0
0
0
0
0
173
1225
0
0
0
0
0
0
3787
2804
0
0
0
0
0
0
431
1350
0
0
0
0
0
0
3530
2670
0
0
0
0
0
0
686
1494
0
0
0
0
0
0
3277
2515
0
0
0
0
0
0
935
1659
0
0
0
0
0
0
3030
2341
0
0
0
0
0
0
1178
1840
0
0
0
0
0
0
2791
2153
0
0
0
0
0
0
1411
2035
0
0
0
0
0
0
2564
1949
0
0
0
0
0
0
1635
2245
0
0
0
0
0
0
2349
1735
0
0
0
0
0
0
1842
2467
0
0
0
0
0
0
2144
1506
0
0
0
0
0
0
2039
2700
0
0
0
0
0
0
1957
1269
0
0
0
0
0
0
2221
2942
0
0
0
0
0
0
1782
1022
0
0
0
0
0
0
2385
3192
0
0
0
0
0
0
1628
771
0
0
0
0
0
0
2532
3447
0
0
0
0
0
0
1488
513
0
0
0
0
0
0
2662
3706
0
0
0
0
0
0
1370
254
0
0
0
0
0
0
2771
3965
0
0
0
0
0
0
1269
4088
0
0
0
0
0
0
2858
128
0
0
0
0
0
0
1193
3831
0
0
0
0
0
0
2928
386
0
0
0
0
0
0
1134
3575
0
0
0
0
0
0
2975
640
0
0
0
0
0
0
1097
3324
0
0
0
0
0
0
3002
888
0
0
0
0
0
0
1082
3079
0
0
0
0
0
0
3006
1127
0
0
0
0
0
0
1089
2843
0
0
0
0
0
0
2990
1361
0
0
0
0
0
0
1116
2617
0
0
0
0
0
0
2950
1579
0
0
0
0
0
0
1164
2403
0
0
0
0
0
0
2892
1788
0
0
0
0
0
0
1235
2202
0
0
0
0
0
0
2812
1982
0
0
0
0
0
0
1322
2016
0
0
0
0
0
0
2713
2160
0
0
0
0
0
0
1430
1845
0
0
0
0
0
0
2598
2324
0
0
0
0
0
0
1556
1690
0
0
0
0
0
0
2464
2469
0
0
0
0
0
0
1699
1554
0
0
0
0
0
0
2312
2596
0
0
0
0
0
0
1859
1437
0
0
0
0
0
0
2143
2701
0
0
0
0
0
0
2032
1339
0
0
0
0
0
0
1964
2790
0
0
0
0
0
0
2221
1263
0
0
0
0
0
0
1769
2857
0
0
0
0
0
0
2420
1207
0
0
0
0
0
0
1565
2903
0
0
0
0
0
0
2628
1169
0
0
0
0
0
0
1350
2929
0
0
0
0
0
0
2848
1156
0
0
0
0
0
0
1127
2933
0
0
0
0
0
0
3075
1161
0
0
0
0
0
0
899
2916
0
0
0
0
0
0
3306
1188
0
0
0
0
0
0
664
2879
0
0
0
0
0
0
3541
1236
0
0
0
0
0
0
429
2822
0
0
0
0
0
0
3778
1303
0
0
0
0
0
0
190
2745
0
0
0
0
0
0
4017
1390
0
0
0
0
0
0
4049
2649
0
0
0
0
0
0
158
1494
0
0
0
0
0
0
3815
2536
0
0
0
0
0
0
390
1615
0
0
0
0
0
0
3584
2406
0
0
0
0
0
0
618
1754
0
0
0
0
0
0
3358
2260
0
0
0
0
0
0
840
1910
0
0
0
0
0
0
3139
2097
0
0
0
0
0
0
1054
2077
0
0
0
0
0
0
2929
1922
0
0
0
0
0
0
1259
2258
0
0
0
0
0
0
2731
1736
0
0
0
0
0
0
1453
2451
0
0
0
0
0
0
2544
1538
0
0
0
0
0
0
1634
2652
0
0
0
0
0
0
2367
1330
0
0
0
0
0
0
1802
2863
0
0
0
0
0
0
2208
1120
0
0
0
0
0
0
1956
3080
0
0
0
0
0
0
2062
899
0
0
0
0
0
0
2095
3302
0
0
0
0
0
0
1931
674
0
0
0
0
0
0
2218
3528
0
0
0
0
0
0
1817
447
0
0
0
0
0
0
2322
3756
0
0
0
0
0
0
1721
220
0
0
0
0
0
0
2409
3983
0
0
0
0
0
0
1642
4089
0
0
0
0
0
0
2479
113
0
0
0
0
0
0
1583
3866
0
0
0
0
0
0
2528
334
0
0
0
0
0
0
1543
3646
0
0
0
0
0
0
2561
551
0
0
0
0
0
0
1517
3431
0
0
0
0
0
0
2574
762
0
0
0
0
0
0
1513
3224
0
0
0
0
0
0
2571
966
0
0
0
0
0
0
1527
3026
0
0
0
0
0
0
2549
1160
0
0
0
0
0
0
1559
2836
0
0
0
0
0
0
2507
1343
0
0
0
0
0
0
1609
2660
0
0
0
0
0
0
2447
1513
0
0
0
0
0
0
1676
2494
0
0
0
0
0
0
2373
1672
0
0
0
0
0
0
1759
2343
0
0
0
0
0
0
2282
1816
0
0
0
0
0
0
1858
2206
0
0
0
0
0
0
2177
1948
0
0
0
0
0
0
1970
2083
0
0
0
0
0
0
2058
2062
0
0
0
0
0
0
2097
1975
0
0
0
0
0
0
1924
2161
0
0
0
0
0
0
2236
1885
0
0
0
0
0
0
1778
2242
0
0
0
0
0
0
2387
1813
0
0
0
0
0
0
1623
2306
0
0
0
0
0
0
2547
1757
0
0
0
0
0
0
1456
2353
0
0
0
0
0
0
2718
1718
0
0
0
0
0
0
1284
2382
0
0
0
0
0
0
2893
1697
0
0
0
0
0
0
1103
2395
0
0
0
0
0
0
3077
1694
0
0
0
0
0
0
919
2392
0
0
0
0
0
0
3264
1707
0
0
0
0
0
0
731
2371
0
0
0
0
0
0
3455
1737
0
0
0
0
0
0
536
2330
0
0
0
0
0
0
3648
1785
0
0
0
0
0
0
343
2274
0
0
0
0
0
0
3841
1847
0
0
0
0
0
0
151
2205
0
0
0
0
0
0
4032
1924
0
0
0
0
0
0
4057
2121
0
0
0
0
0
0
128
2016
0
0
0
0
0
0
3871
2024
0
0
0
0
0
0
311
2120
0
0
0
0
0
0
3688
1912
0
0
0
0
0
0
491
2238
0
0
0
0
0
0
3511
1788
0
0
0
0
0
0
665
2367
0
0
0
0
0
0
3339
1653
0
0
0
0
0
0
832
2505
0
0
0
0
0
0
3178
1511
0
0
0
0
0
0
988
2653
0
0
0
0
0
0
3025
1358
0
0
0
0
0
0
1136
2809
0
0
0
0
0
0
2883
1199
0
0
0
0
0
0
1272
2972
0
0
0
0
0
0
2751
1034
0
0
0
0
0
0
1398
3139
0
0
0
0
0
0
2632
864
0
0
0
0
0
0
1512
3312
0
0
0
0
0
0
2526
692
0
0
0
0
0
0
1613
3486
0
0
0
0
0
0
2431
517
0
0
0
0
0
0
1699
3660
0
0
0
0
0
0
2349
340
0
0
0
0
0
0
1774
3836
0
0
0
0
0
0
2284
166
0
0
0
0
0
0
1832
4009
0
0
0
0
0
0
2230
4089
0
0
0
0
0
0
1877
85
0
0
0
0
0
0
2194
3920
0
0
0
0
0
0
1909
252
0
0
0
0
0
0
2171
3756
0
0
0
0
0
0
1925
414
0
0
0
0
0
0
2160
3596
0
0
0
0
0
0
1928
571
0
0
0
0
0
0
2165
3443
0
0
0
0
0
0
1917
721
0
0
0
0
0
0
2184
3298
0
0
0
0
0
0
1891
860
0
0
0
0
0
0
2215
3161
0
0
0
0
0
0
1853
993
0
0
0
0
0
0
2261
3036
0
0
0
0
0
0
1802
1114
0
0
0
0
0
0
2316
2918
0
0
0
0
0
0
1738
1226
0
0
0
0
0
0
2385
2811
0
0
0
0
0
0
1665
1325
0
0
0
0
0
0
2465
2719
0
0
0
0
0
0
1581
1415
0
0
0
0
0
0
2554
2634
0
0
0
0
0
0
1488
1492
0
0
0
0
0
0
2652
2564
0
0
0
0
0
0
1386
1556
0
0
0
0
0
0
2758
2505
0
0
0
0
0
0
1274
1607
0
0
0
0
0
0
2871
2461
0
0
0
0
0
0
1157
1647
0
0
0
0
0
0
2993
2430
0
0
0
0
0
0
1034
1671
0
0
0
0
0
0
3117
2409
0
0
0
0
0
0
908
1687
0
0
0
0
0
0
3247
2402
0
0
0
0
0
0
775
1686
0
0
0
0
0
0
3380
2408
0
0
0
0
0
0
643
1675
0
0
0
0
0
0
3514
2424
0
0
0
0
0
0
508
1653
0
0
0
0
0
0
3651
2455
0
0
0
0
0
0
373
1619
0
0
0
0
0
0
3785
2494
0
0
0
0
0
0
236
1572
0
0
0
0
0
0
3920
2544
0
0
0
0
0
0
102
1516
0
0
0
0
0
0
4052
2605
0
0
0
0
0
0
4068
1451
0
0
0
0
0
0
86
2676
0
0
0
0
0
0
3940
1376
0
0
0
0
0
0
210
2753
0
0
0
0
0
0
3818
1294
0
0
0
0
0
0
332
2840
0
0
0
0
0
0
3699
1204
0
0
0
0
0
0
447
2932
0
0
0
0
0
0
3587
1108
0
0
0
0
0
0
556
3032
0
0
0
0
0
0
3482
1006
0
0
0
0
0
0
658
3136
0
0
0
0
0
0
3384
901
0
0
0
0
0
0
751
3244
0
0
0
0
0
0
3294
792
0
0
0
0
0
0
838
3355
0
0
0
0
0
0
3211
679
0
0
0
0
0
0
916
3469
0
0
0
0
0
0
3138
564
0
0
0
0
0
0
984
3583
0
0
0
0
0
0
3074
448
0
0
0
0
0
0
1046
3701
0
0
0
0
0
0
3019
332
0
0
0
0
0
0
1096
3816
0
0
0
0
0
0
2973
217
0
0
0
0
0
0
1136
3928
0
0
0
0
0
0
2937
105
0
0
0
0
0
0
1166
4039
0
0
0
0
0
0
2909
4089
0
0
0
0
0
0
1189
54
0
0
0
0
0
0
2893
3983
0
0
0
0
0
0
1202
159
0
0
0
0
0
0
2885
3880
0
0
0
0
0
0
1206
259
0
0
0
0
0
0
2887
3783
0
0
0
0
0
0
1198
355
0
0
0
0
0
0
2897
3689
0
0
0
0
0
0
1185
445
0
0
0
0
0
0
2915
3603
0
0
0
0
0
0
1162
530
0
0
0
0
0
0
2944
3522
0
0
0
0
0
0
1133
607
0
0
0
0
0
0
2976
3448
0
0
0
0
0
0
1094
676
0
0
0
0
0
0
3018
3381
0
0
0
0
0
0
1047
738
0
0
0
0
0
0
3066
3322
0
0
0
0
0
0
998
795
0
0
0
0
0
0
3121
3271
0
0
0
0
0
0
941
842
0
0
0
0
0
0
3179
3227
0
0
0
0
0
0
879
883
0
0
0
0
0
0
3243
3191
0
0
0
0
0
0
813
913
0
0
0
0
0
0
3311
3163
0
0
0
0
0
0
744
939
0
0
0
0
0
0
3384
3144
0
0
0
0
0
0
671
953
0
0
0
0
0
0
3458
3131
0
0
0
0
0
0
593
961
0
0
0
0
0
0
3535
3128
0
0
0
0
0
0
518
962
0
0
0
0
0
0
3612
3131
0
0
0
0
0
0
439
956
0
0
0
0
0
0
3691
3141
0
0
0
0
0
0
361
942
0
0
0
0
0
0
3769
3158
0
0
0
0
0
0
283
922
0
0
0
0
0
0
3848
3181
0
0
0
0
0
0
205
897
0
0
0
0
0
0
3923
3209
0
0
0
0
0
0
129
863
0
0
0
0
0
0
3999
3245
0
0
0
0
0
0
55
826
0
0
0
0
0
0
4072
3284
0
0
0
0
0
0
4079
784
0
0
0
0
0
0
47
3329
0
0
0
0
0
0
4012
738
0
0
0
0
0
0
112
3377
0
0
0
0
0
0
3945
688
0
0
0
0
0
0
176
3429
0
0
0
0
0
0
3884
634
0
0
0
0
0
0
234
3483
0
0
0
0
0
0
3828
579
0
0
0
0
0
0
290
3541
0
0
0
0
0
0
3775
521
0
0
0
0
0
0
340
3599
0
0
0
0
0
0
3726
461
0
0
0
0
0
0
385
3658
0
0
0
0
0
0
3685
401
0
0
0
0
0
0
424
3719
0
0
0
0
0
0
3647
342
0
0
0
0
0
0
460
3779
0
0
0
0
0
0
3616
281
0
0
0
0
0
0
490
3841
0
0
0
0
0
0
3587
220
0
0
0
0
0
0
514
3899
0
0
0
0
0
0
3566
163
0
0
0
0
0
0
535
3958
0
0
0
0
0
0
3549
105
0
0
0
0
0
0
548
4014
0
0
0
0
0
0
3537
49
0
0
0
0
0
0
557
4068
0
0
0
0
0
0
3529
4091
0
0
0
0
0
0
562
23
0
0
0
0
0
0
3527
4042
0
0
0
0
0
0
563
73
0
0
0
0
0
0
3531
3994
0
0
0
0
0
0
558
120
0
0
0
0
0
0
3537
3949
0
0
0
0
0
0
549
162
0
0
0
0
0
0
3548
3909
0
0
0
0
0
0
536
200
0
0
0
0
0
0
3562
3870
0
0
0
0
0
0
519
237
0
0
0
0
0
0
3580
3837
0
0
0
0
0
0
500
267
0
0
0
0
0
0
3601
3808
0
0
0
0
0
0
477
294
0
0
0
0
0
0
3625
3784
0
0
0
0
0
0
451
318
0
0
0
0
0
0
3652
3762
0
0
0
0
0
0
424
338
0
0
0
0
0
0
3681
3744
0
0
0
0
0
0
395
352
0
0
0
0
0
0
3713
3732
0
0
0
0
0
0
363
366
0
0
0
0
0
0
3742
3721
0
0
0
0
0
0
332
374
0
0
0
0
0
0
3775
3715
0
0
0
0
0
0
298
377
0
0
0
0
0
0
3808
3713
0
0
0
0
0
0
264
378
0
0
0
0
0
0
3844
3714
0
0
0
0
0
0
232
376
0
0
0
0
0
0
3875
3716
0
0
0
0
0
0
198
370
0
0
0
0
0
0
3909
3724
0
0
0
0
0
0
165
362
0
0
0
0
0
0
3941
3734
0
0
0
0
0
0
134
352
0
0
0
0
0
0
3974
3745
0
0
0
0
0
0
102
338
0
0
0
0
0
0
4004
3761
0
0
0
0
0
0
73
323
0
0
0
0
0
0
4032
3775
0
0
0
0
0
0
44
306
0
0
0
0
0
0
4061
3795
0
0
0
0
0
0
17
287
0
0
0
0
0
0
4087
3813
0
0
0
0
0
0
4088
267
0
0
0
0
0
0
14
3834
0
0
0
0
0
0
4065
246
0
0
0
0
0
0
35
3854
0
0
0
0
0
0
4044
226
0
0
0
0
0
0
56
3877
0
0
0
0
0
0
4025
203
0
0
0
0
0
0
73
3898
0
0
0
0
0
0
4009
182
0
0
0
0
0
0
89
3920
0
0
0
0
0
0
3993
159
0
0
0
0
0
0
102
3941
0
0
0
0
0
0
3982
138
0
0
0
0
0
0
113
3963
0
0
0
0
0
0
3972
117
0
0
0
0
0
0
125
3985
0
0
0
0
0
0
3964
97
0
0
0
0
0
0
131
4004
0
0
0
0
0
0
3958
77
0
0
0
0
0
0
135
4023
0
0
0
0
0
0
3954
59
0
0
0
0
0
0
138
4041
0
0
0
0
0
0
3952
42
0
0
0
0
0
0
140
4059
0
0
0
0
0
0
3951
26
0
0
0
0
0
0
139
4073
0
0
0
0
0
0
3951
10
0
0
0
0
0
0
138
4088
0
0
0
0
0
0
3955
4093
0
0
0
0
0
0
135
5
0
0
0
0
0
0
3958
4080
0
0
0
0
0
0
130
16
0
0
0
0
0
0
3963
4069
0
0
0
0
0
0
125
26
0
0
0
0
0
0
3969
4060
0
0
0
0
0
0
118
34
0
0
0
0
0
0
3975
4054
0
0
0
0
0
0
112
41
0
0
0
0
0
0
3983
4048
0
0
0
0
0
0
104
47
0
0
0
0
0
0
3991
4042
0
0
0
0
0
0
96
50
0
0
0
0
0
0
4000
4039
0
0
0
0
0
0
88
54
0
0
0
0
0
0
4008
4037
0
0
0
0
0
0
79
55
0
0
0
0
0
0
4016
4036
0
0
0
0
0
0
70
56
0
0
0
0
0
0
4025
4036
0
0
0
0
0
0
62
55
0
0
0
0
0
0
4032
4035
0
0
0
0
0
0
53
54
0
0
0
0
0
0
4040
4038
0
0
0
0
0
0
47
53
0
0
0
0
0
0
4047
4038
0
0
0
0
0
0
39
49
0
0
0
0
0
0
4056
4043
0
0
0
0
0
0
33
47
0
0
0
0
0
0
4063
4046
0
0
0
0
0
0
26
43
0
0
0
0
0
0
4069
4049
0
0
0
0
0
0
20
40
0
0
0
0
0
0
4074
4053
0
0
0
0
0
0
14
36
0
0
0
0
0
0
4078
4057
0
0
0
0
0
0
10
31
0
0
0
0
0
0
4082
4060
0
0
0
0
0
0
7
27
0
0
0
0
0
0
4086
4064
0
0
0
0
0
0
4
24
0
0
0
0
0
0
4090
4070
0
0
0
0
0
0
1
19
0
0
0
0
0
0
4092
4073
0
0
0
0
0
0
4095
16
0
0
0
0
0
0
4092
4076
0
0
0
0
0
0
4092
12
0
0
0
0
0
0
4095
4080
0
0
0
0
0
0
4092
9
0
0
0
0
0
0
0
4084
0
0
0
0
0
0
4091
8
0
0
0
0
0
0
0
4084
0
0
0
0
0
0
4091
5
0
0
0
0
0
0
0
4088
0
0
0
0
0
0
4091
3
0
0
0
0
0
0
0
4089
0
0
0
0
0
0
4091
1
0
0
0
0
0
0
4095
4091
0
0
0
0
0
0
4091
4095
0
0
0
0
0
0
0
4093
0
0
0
0
0
0
4093
4095
0
0
0
0
0
0
0
4093
0
0
0
0
0
0
4092
4094
0
0
0
0
0
0
4095
4094
0
0
0
0
0
0
4093
4094
0
0
0
0
0
0
4095
4094
0
0
0
0
0
0
4093
4094
0
0
0
0
0
0
4095
4094
0
0
0
0
0
0
4093
4094
0
0
0
0
0
0
0
0
0
0
0
0
0
0
0
4095
0
0
0
0
0
0
4095
4095
0
0
0
0
0
0
0
0
0
0
0
0
0
0
0
0
0
0
0
0
0
0
0
0
0
0
0
0
0
0
0
0
0
0
0
0
0
0
0
0
0
0
0
0
0
0
0
0
0
0
0
0
0
0
0
0
0
0
0
0
0
0
0
0
0
0
0
0
0
0
0
0
0
0
0
0
0
0
0
0
0
0
0
0
0
0
0
0
0
0
0
0
0
0
0
0
0
0
0
0
0
0
0
0
0
0
0
0
0
0
0
0
0
0
0
0
0
0
0
0
0
0
0
0
0
0
0
0
0
0
0
0
0
0
0
0
0
0
0
0
0
0
0
0
0
0
0
0
0
0
0
0
0
0
0
0
0
0
0
0
0
0
0
0
0
0
0
0
0
0
0
0
0
0
0
0
0
0
0
0
0
0
0
0
0
0
0
0
0
0
0
0
0
0
0
0
0
0
0
0
0
0
0
0
0
0
0
0
0
0
0
0
0
0
0
0
0
0
0
0
0
0
0
0
0
0
0
0
0
0
0
0
0
0
0
0
0
0
0
0
0
0
0
0
0
0
0
0
0
0
0
0
0
0
0
0
0
0
0
0
0
0
0
0
0
0
0
0
0
0
0
0
0
0
0
0
0
0
0
0
0
0
0
0
0
0
0
0
0
0
0
0
0
0
0
0
0
0
0
0
0
0
0
0
0
0
0
0
0
0
0
0
0
0
0
0
0
0
0
0
0
0
0
0
0
0
0
0
0
0
0
0
0
0
0
0
0
0
0
0
0
0
0
0
0
0
0
0
0
0
0
0
0
0
0
0
0
0
0
0
0
0
0
0
0
0
0
0
0
0
0
0
0
0
0
0
0
0
0
0
0
0
0
0
0
0
0
0
0
0
0
0
0
0
0
0
0
0
0
0
0
0
0
0
0
0
0
0
0
0
0
0
0
0
0
0
0
0
0
0
0
0
0
0
0
0
0
0
0
0
0
0
0
0
0
0
0
0
0
0
0
0
0
0
0
0
0
0
0
0
0
0
0
0
0
0
0
0
0
0
0
0
0
0
0
0
0
0
0
0
0
0
0
0
0
0
0
0
0
0
0
0
0
0
0
0
0
0
0
0
0
0
0
0
0
0
0
0
0
0
0
0
0
0
0
0
0
0
0
0
0
0
0
0
0
0
0
0
0
0
0
0
0
0
0
0
0
0
0
0
0
0
0
0
0
0
0
0
0
0
0
0
0
0
0
0
0
0
0
0
0
0
0
0
0
0
0
0
0
0
0
0
0
0
0
0
0
0
0
0
0
0
0
0
0
0
0
0
0
0
0
0
0
0
0
0
0
0
0
0
0
0
0
0
0
0
0
0
0
0
0
0
0
0
0
0
0
0
0
0
0
0
0
0
0
0
0
0
0
0
0
0
0
0
0
0
0
0
0
0
0
0
0
0
0
0
0
0
0
0
0
0
0
0
0
0
0
0
0
0
0
0
0
0
0
0
0
0
0
0
0
0
0
0
0
0
0
0
0
0
0
0
0
0
0
0
0
0
0
0
0
0
0
0
0
0
0
0
0
0
0
0
0
0
0
0
0
0
0
0
0
0
0
0
0
0
0
0
0
0
0
0
0
0
0
0
0
0
0
0
0
0
0
0
0
0
0
0
0
0
0
0
0
0
0
0
0
0
0
0
0
0
0
0
0
0
0
0
0
0
0
0
0
0
0
0
0
0
0
0
0
0
0
0
0
0
0
0
0
0
0
0
0
0
0
0
0
0
0
0
0
0
0
0
0
0
0
0
0
0
0
0
0
0
0
0
0
0
0
0
0
0
0
0
0
0
0
0
0
0
0
0
0
0
0
0
0
0
0
0
0
0
0
0
0
0
0
0
0
0
0
0
0
0
0
0
0
0
0
0
0
0
0
0
0
0
0
0
0
0
0
0
0
0
0
0
0
0
0
0
0
0
0
0
0
0
0
0
0
0
0
0
0
0
0
0
0
0
0
0
0
0
0
0
0
0
0
0
0
0
0
0
0
0
0
0
0
0
0
0
0
0
0
0
0
0
0
0
0
0
0
0
0
0
0
0
0
0
0
0
0
0
0
0
0
0
0
0
0
0
0
0
0
0
0
0
0
0
0
0
0
0
0
0
0
0
0
0
0
0
0
0
0
0
0
0
0
0
0
0
0
0
0
0
0
0
0
0
0
0
0
0
0
0
0
0
0
0
0
0
0
0
0
0
0
0
0
0
0
0
0
0
0
0
0
0
0
0
0
0
0
0
0
0
0
0
0
0
0
0
0
0
0
0
0
0
0
0
0
0
0
0
0
0
0
0
0
0
0
0
0
0
0
0
0
0
0
0
0
0
0
0
0
0
0
0
0
0
0
0
0
0
0
0
0
0
0
0
0
0
0
0
0
0
0
0
0
0
0
0
0
0
0
0
0
0
0
0
0
0
0
0
0
0
0
0
0
0
0
0
0
0
0
0
0
0
0
0
0
0
0
0
0
0
0
0
0
0
0
0
0
0
0
0
0
0
0
0
0
0
0
0
0
0
0
0
0
0
0
0
0
0
0
0
0
0
0
0
0
0
0
0
0
0
0
0
0
0
0
0
0
0
0
0
0
0
0
0
0
0
0
0
0
0
0
0
0
0
0
0
0
0
0
0
0
0
0
0
0
0
0
0
0
0
0
0
0
0
0
0
0
0
0
0
0
0
0
0
0
0
0
0
0
0
0
0
0
0
0
0
0
0
0
0
0
0
0
0
0
0
0
0
0
0
0
0
0
0
0
0
0
0
0
0
0
0
0
0
0
0
0
0
0
0
0
0
0
0
0
0
0
0
0
0
0
0
0
0
0
0
0
0
0
0
0
0
0
0
0
0
0
0
0
0
0
0
0
0
0
0
0
0
0
0
0
0
0
0
0
0
0
0
0
0
0
0
0
0
0
0
0
0
0
0
0
0
0
0
0
0
0
0
0
0
0
0
0
0
0
0
0
0
0
0
0
0
0
0
0
0
0
0
0
0
0
0
0
0
0
0
0
0
0
0
0
0
0
0
0
0
0
0
0
0
0
0
0
0
0
0
0
0
0
0
0
0
0
0
0
0
0
0
0
0
0
0
0
0
0
0
0
0
0
0
0
0
0
0
0
0
0
0
0
0
0
0
0
0
0
0
0
0
0
0
0
0
0
0
0
0
0
0
0
0
0
0
0
0
0
0
0
0
0
0
0
0
0
0
0
0
0
0
0
0
0
0
0
0
0
0
0
0
0
0
0
0
0
0
0
0
0
0
0
0
0
0
0
0
0
0
0
0
0
0
0
0
0
0
0
0
0
0
0
0
0
0
0
0
0
0
0
0
0
0
0
0
0
0
0
0
0
0
0
0
0
0
0
0
0
0
0
0
0
0
0
0
0
0
0
0
0
0
0
0
0
0
0
0
0
0
0
0
0
0
0
0
0
0
0
0
0
0
0
0
0
0
0
0
0
0
0
0
0
0
0
0
0
0
0
0
0
0
0
0
0
0
0
0
0
0
0
0
0
0
0
0
0
0
0
0
0
0
0
0
0
0
0
0
0
0
0
0
0
0
0
0
0
0
0
0
0
0
0
0
0
0
0
0
0
0
0
0
0
0
0
0
0
0
0
0
0
0
0
0
0
0
0
0
0
0
0
0
0
0
0
0
0
0
0
0
0
0
0
0
0
0
0
0
0
0
0
0
0
0
0
0
0
0
0
0
0
0
0
0
0
0
0
0
0
0
0
0
0
0
0
0
0
0
0
0
0
0
0
0
0
0
0
0
0
0
0
0
0
0
0
0
0
0
0
0
0
0
0
0
0
0
0
0
0
0
0
0
0
0
0
0
0
0
0
0
0
0
0
0
0
0
0
0
0
0
0
0
0
0
0
0
0
0
0
0
0
0
0
0
0
0
0
0
0
0
0
0
0
0
0
0
0
0
0
0
0
0
0
0
0
0
0
0
0
0
0
0
0
0
0
0
0
0
0
0
0
0
0
0
0
0
0
0
0
0
0
0
0
0
0
0
0
0
0
0
0
0
0
0
0
0
0
0
0
0
0
0
0
0
0
0
0
0
0
0
0
0
0
0
0
0
0
0
0
0
0
0
0
0
0
0
0
0
0
0
0
0
0
0
0
0
0
0
0
0
0
0
0
0
0
0
0
0
0
0
0
0
0
0
0
0
0
0
0
0
0
0
0
0
0
0
0
0
0
0
0
0
0
0
0
0
0
0
0
0
0
0
0
0
0
0
0
0
0
0
0
0
0
0
0
0
0
0
0
0
0
0
0
0
0
0
0
0
0
0
0
0
0
0
0
0
0
0
0
0
0
0
0
0
0
0
0
0
0
0
0
0
0
0
0
0
0
0
0
0
0
0
0
0
0
0
0
0
0
0
0
0
0
0
0
0
0
0
0
0
0
0
0
0
0
0
0
0
0
0
0
0
0
0
0
0
0
0
0
0
0
0
0
0
0
0
0
0
0
0
0
0
0
0
0
0
0
0
0
0
0
0
0
0
0
0
0
0
0
0
0
0
0
0
0
0
0
0
0
0
0
0
0
0
0
0
0
0
0
0
0
0
0
0
0
0
0
0
0
0
0
0
0
0
0
0
0
0
0
0
0
0
0
0
0
0
0
0
0
0
0
0
0
0
0
0
0
0
0
0
0
0
0
0
0
0
0
0
0
0
0
0
0
0
0
0
0
0
0
0
0
0
0
0
0
0
0
0
0
0
0
0
0
0
0
0
0
0
0
0
0
0
0
0
0
0
0
0
0
0
0
0
0
0
0
0
0
0
0
0
0
0
0
0
0
0
0
0
0
0
0
0
0
0
0
0
0
0
0
0
0
0
0
0
0
0
0
0
0
0
0
0
0
0
0
0
0
0
0
0
0
0
0
0
0
0
0
0
0
0
0
0
0
0
0
0
0
0
0
0
0
0
0
0
0
0
0
0
0
0
0
0
0
0
0
0
0
0
0
0
0
0
0
0
0
0
0
0
0
0
0
0
0
0
0
0
0
0
0
0
0
0
0
0
0
0
0
0
0
0
0
0
0
0
0
0
0
0
0
0
0
0
0
0
0
0
0
0
0
0
0
0
0
0
0
0
0
0
0
0
0
0
0
0
0
0
0
0
0
0
0
0
0
0
0
0
0
0
0
0
0
0
0
0
0
0
0
0
0
0
0
0
0
0
0
0
0
0
0
0
0
0
0
0
0
0
0
0
0
0
0
0
0
0
0
0
0
0
0
0
0
0
0
0
0
0
0
0
0
0
0
0
0
0
0
0
0
0
0
0
0
0
0
0
0
0
0
0
0
0
0
0
0
0
0
0
0
0
0
0
0
0
0
0
0
0
0
0
0
0
0
0
0
0
0
0
0
0
0
0
0
0
0
0
0
0
0
0
0
0
0
0
0
0
0
0
0
0
0
0
0
0
0
0
0
0
0
0
0
0
0
0
0
0
0
0
0
0
0
0
0
0
0
0
0
0
0
0
0
0
0
0
0
0
0
0
0
0
0
0
0
0
0
0
0
0
0
0
0
0
0
0
0
0
0
0
0
0
0
0
0
0
0
0
0
0
0
0
0
0
0
0
0
0
0
0
0
0
0
0
0
0
0
0
0
0
0
0
0
0
0
0
0
0
0
0
0
0
0
0
0
0
0
0
0
0
0
0
0
0
0
0
0
0
0
0
0
0
0
0
0
0
0
0
0
0
0
0
0
0
0
0
0
0
0
0
0
0
0
0
0
0
0
0
0
0
0
0
0
0
0
0
0
0
0
0
0
0
0
0
0
0
0
0
0
0
0
0
0
0
0
0
0
0
0
0
0
0
0
0
0
0
0
0
0
0
0
0
0
0
0
0
0
0
0
0
0
0
0
0
0
0
0
0
0
0
0
0
0
0
0
0
0
0
0
0
0
0
0
0
0
0
0
0
0
0
0
0
0
0
0
0
0
0
0
0
0
0
0
0
0
0
0
0
0
0
0
0
0
0
0
0
0
0
0
0
0
0
0
0
0
0
0
0
0
0
0
0
0
0
0
0
0
0
0
0
0
0
0
0
0
0
0
0
0
0
0
0
0
0
0
0
0
0
0
0
0
0
0
0
0
0
0
0
0
0
0
0
0
0
0
0
0
0
0
0
0
0
0
0
0
0
0
0
0
0
0
0
0
0
0
0
0
0
0
0
0
0
0
0
0
0
0
0
0
0
0
0
0
0
0
0
0
0
0
0
0
0
0
0
0
0
0
0
0
0
0
0
0
0
0
0
0
0
0
0
0
0
0
0
0
0
0
0
0
0
0
0
0
0
0
0
0
0
0
0
0
0
0
0
0
0
0
0
0
0
0
0
0
0
0
0
0
0
0
0
0
0
0
0
0
0
0
0
0
0
0
0
0
0
0
0
0
0
0
0
0
0
0
0
0
0
0
0
0
0
0
0
0
0
0
0
0
0
0
0
0
0
0
0
0
0
0
0
0
0
0
0
0
0
0
0
0
0
0
0
0
0
0
0
0
0
0
0
0
0
0
0
0
0
0
0
0
0
0
0
0
0
0
0
0
0
0
0
0
0
0
0
0
0
0
0
0
0
0
0
0
0
0
0
0
0
0
0
0
0
0
0
0
0
0
0
0
0
0
0
0
0
0
0
0
0
0
0
0
0
0
0
0
0
0
0
0
0
0
0
0
0
0
0
0
0
0
0
0
0
0
0
0
0
0
0
0
0
0
0
0
0
0
0
0
0
0
0
0
0
0
0
0
0
0
0
0
0
0
0
0
0
0
0
0
0
0
0
0
0
0
0
0
0
0
0
0
0
0
0
0
0
0
0
0
0
0
0
0
0
0
0
0
0
0
0
0
0
0
0
0
0
0
0
0
0
0
0
0
0
0
0
0
0
0
0
0
0
0
0
0
0
0
0
0
0
0
0
0
0
0
0
0
0
0
0
0
0
0
0
0
0
0
0
0
0
0
0
0
0
0
0
0
0
0
0
0
0
0
0
0
0
0
0
0
0
0
0
0
0
0
0
0
0
0
0
0
0
0
0
0
0
0
0
0
0
0
0
0
0
0
0
0
0
0
0
0
0
0
0
0
0
0
0
0
0
0
0
0
0
0
0
0
0
0
0
0
0
0
0
0
0
0
0
0
0
0
0
0
0
0
0
0
0
0
0
0
0
0
0
0
0
0
0
0
0
0
0
0
0
0
0
0
0
0
0
0
0
0
0
0
0
0
0
0
0
0
0
0
0
0
0
0
0
0
0
0
0
0
0
0
0
0
0
0
0
0
0
0
0
0
0
0
0
0
0
0
0
0
0
0
0
0
0
0
0
0
0
0
0
0
0
0
0
0
0
0
0
0
0
0
0
0
0
0
0
0
0
0
0
0
0
0
0
0
0
0
0
0
0
0
0
0
0
0
0
0
0
0
0
0
0
0
0
0
0
0
0
0
0
0
0
0
0
0
0
0
0
0
0
0
0
0
0
0
0
0
0
0
0
0
0
0
0
0
0
0
0
0
0
0
0
0
0
0
0
0
0
0
0
0
0
0
0
0
0
0
0
0
0
0
0
0
0
0
0
0
0
0
0
0
0
0
0
0
0
0
0
0
0
0
0
0
0
0
0
0
0
0
0
0
0
0
0
0
0
0
0
0
0
0
0
0
0
0
0
0
0
0
0
0
0
0
0
0
0
0
0
0
0
0
0
0
0
0
0
0
0
0
0
0
0
0
0
0
0
0
0
0
0
0
0
0
0
0
0
0
0
0
0
0
0
0
0
0
0
0
0
0
0
0
0
0
0
0
0
0
0
0
0
0
0
0
0
0
0
0
0
0
0
0
0
0
0
0
0
0
0
0
0
0
0
0
0
0
0
0
0
0
0
0
0
0
0
0
0
0
0
0
0
0
0
0
0
0
0
0
0
0
0
0
0
0
0
0
0
0
0
0
0
0
0
0
0
0
0
0
0
0
0
0
0
0
0
0
0
0
0
0
0
0
0
0
0
0
0
0
0
0
0
0
0
0
0
0
0
0
0
0
0
0
0
0
0
0
0
0
0
0
0
0
0
0
0
0
0
0
0
0
0
0
0
0
0
0
0
0
0
0
0
0
0
0
0
0
0
0
0
0
0
0
0
0
0
0
0
0
0
0
0
0
0
0
0
0
0
0
0
0
0
0
0
0
0
0
0
0
0
0
0
0
0
0
0
0
0
0
0
0
0
0
0
0
0
0
0
0
0
0
0
0
0
0
0
0
0
0
0
0
0
0
0
0
0
0
0
0
0
0
0
0
0
0
0
0
0
0
0
0
0
0
0
0
0
0
0
0
0
0
0
0
0
0
0
0
0
0
0
0
0
0
0
0
0
0
0
0
0
0
0
0
0
0
0
0
0
0
0
0
0
0
0
0
0
0
0
0
0
0
0
0
0
0
0
0
0
0
0
0
0
0
0
0
0
0
0
0
0
0
0
0
0
0
0
0
0
0
0
0
0
0
0
0
0
0
0
0
0
0
0
0
0
0
0
0
0
0
0
0
0
0
0
0
0
0
0
0
0
0
0
0
0
0
0
0
0
0
0
0
0
0
0
0
0
0
0
0
0
0
0
0
0
0
0
0
0
0
0
0
0
0
0
0
0
0
0
0
0
0
0
0
0
0
0
0
0
0
0
0
0
0
0
0
0
0
0
0
0
0
0
0
0
0
0
0
0
0
0
0
0
0
0
0
0
0
0
0
0
0
0
0
0
0
0
0
0
0
0
0
0
0
0
0
0
0
0
0
0
0
0
0
0
0
0
0
0
0
0
0
0
0
0
0
0
0
0
0
0
0
0
0
0
0
0
0
0
0
0
0
0
0
0
0
0
0
0
0
0
0
0
0
0
0
0
0
0
0
0
0
0
0
0
0
0
0
0
0
0
0
0
0
0
0
0
0
0
0
0
0
0
0
0
0
0
0
0
0
0
0
0
0
0
0
0
0
0
0
0
0
0
0
0
0
0
0
0
0
0
0
0
0
0
0
0
0
0
0
0
0
0
0
0
0
0
0
0
0
0
0
0
0
0
0
0
0
0
0
0
0
0
0
0
0
0
0
0
0
0
0
0
0
0
0
0
0
0
0
0
0
0
0
0
0
0
0
0
0
0
0
0
0
0
0
0
0
0
0
0
0
0
0
0
0
0
0
0
0
0
0
0
0
0
0
0
0
0
0
0
0
0
0
0
0
0
0
0
0
0
0
0
0
0
0
0
0
0
0
0
0
0
0
0
0
0
0
0
0
0
0
0
0
0
0
0
0
0
0
0
0
0
0
0
0
0
0
0
0
0
0
0
0
0
0
0
0
0
0
0
0
0
0
0
0
0
0
0
0
0
0
0
0
0
0
0
0
0
0
0
0
0
0
0
0
0
0
0
0
0
0
0
0
0
0
0
0
0
0
0
0
0
0
0
0
0
0
0
0
0
0
0
0
0
0
0
0
0
0
0
0
0
0
0
0
0
0
0
0
0
0
0
0
0
0
0
0
0
0
0
0
0
0
0
0
0
0
0
0
0
0
0
0
0
0
0
0
0
0
0
0
0
0
0
0
0
0
0
0
0
0
0
0
0
0
0
0
0
0
0
0
0
0
0
0
0
0
0
0
0
0
0
0
0
0
0
0
0
0
0
0
0
0
0
0
0
0
0
0
0
0
0
0
0
0
0
0
0
0
0
0
0
0
0
0
0
0
0
0
0
0
0
0
0
0
0
0
0
0
0
0
0
0
0
0
0
0
0
0
0
0
0
0
0
0
0
0
0
0
0
0
0
0
0
0
0
0
0
0
0
0
0
0
0
0
0
0
0
0
0
0
0
0
0
0
0
0
0
0
0
0
0
0
0
0
0
0
0
0
0
0
0
0
0
0
0
0
0
0
0
0
0
0
0
0
0
0
0
0
0
0
0
0
0
0
0
0
0
0
0
0
0
0
0
0
0
0
0
0
0
0
0
0
0
0
0
0
0
0
0
0
0
0
0
0
0
0
0
0
0
0
0
0
0
0
0
0
0
0
0
0
0
0
0
0
0
0
0
0
0
0
0
0
0
0
0
0
0
0
0
0
0
0
0
0
0
0
0
0
0
0
0
0
0
0
0
0
0
0
0
0
0
0
0
0
0
0
0
0
0
0
0
0
0
0
0
0
0
0
0
0
0
0
0
0
0
0
0
0
0
0
0
0
0
0
0
0
0
0
0
0
0
0
0
0
0
0
0
0
0
0
0
0
0
0
0
0
0
0
0
0
0
0
0
0
0
0
0
0
0
0
0
0
0
0
0
0
0
0
0
0
0
0
0
0
0
0
0
0
0
0
0
0
0
0
0
0
0
0
0
0
0
0
0
0
0
0
0
0
0
0
0
0
0
0
0
0
0
0
0
0
0
0
0
0
0
0
0
0
0
0
0
0
0
0
0
0
0
0
0
0
0
0
0
0
0
0
0
0
0
0
0
0
0
0
0
0
0
0
0
0
0
0
0
0
0
0
0
0
0
0
0
0
0
0
0
0
0
0
0
0
0
0
0
0
0
0
0
0
0
0
0
0
0
0
0
0
0
0
0
0
0
0
0
0
0
0
0
0
0
0
0
0
0
0
0
0
0
0
0
0
0
0
0
0
0
0
0
0
0
0
0
0
0
0
0
0
0
0
0
0
0
0
0
0
0
0
0
0
0
0
0
0
0
0
0
0
0
0
0
0
0
0
0
0
0
0
0
0
0
0
0
0
0
0
0
0
0
0
0
0
0
0
0
0
0
0
0
0
0
0
0
0
0
0
0
0
0
0
0
0
0
0
0
0
0
0
0
0
0
0
0
0
0
0
0
0
0
0
0
0
0
0
0
0
0
0
0
0
0
0
0
0
0
0
0
0
0
0
0
0
0
0
0
0
0
0
0
0
0
0
0
0
0
0
0
0
0
0
0
0
0
0
0
0
0
0
0
0
0
0
0
0
0
0
0
0
0
0
0
0
0
0
0
0
0
0
0
0
0
0
0
0
0
0
0
0
0
0
0
0
0
0
0
0
0
0
0
0
0
0
0
0
0
0
0
0
0
0
0
0
0
0
0
0
0
0
0
0
0
0
0
0
0
0
0
0
0
0
0
0
0
0
0
0
0
0
0
0
0
0
0
0
0
0
0
0
0
0
0
0
0
0
0
0
0
0
0
0
0
0
0
0
0
0
0
0
0
0
0
0
0
0
0
0
0
0
0
0
0
0
0
0
0
0
0
0
0
0
0
0
0
0
0
0
0
0
0
0
0
0
0
0
0
0
0
0
0
0
0
0
0
0
0
0
0
0
0
0
0
0
0
0
0
0
0
0
0
0
0
0
0
0
0
0
0
0
0
0
0
0
0
0
0
0
0
0
0
0
0
0
0
0
0
0
0
0
0
0
0
0
0
0
0
0
0
0
0
0
0
0
0
0
0
0
0
0
0
0
0
0
0
0
0
0
0
0
0
0
0
0
0
0
0
0
0
0
0
0
0
0
0
0
0
0
0
0
0
0
0
0
0
0
0
0
0
0
0
0
0
0
0
0
0
0
0
0
0
0
0
0
0
0
0
0
0
0
0
0
0
0
0
0
0
0
0
0
0
0
0
0
0
0
0
0
0
0
0
0
0
0
0
0
0
0
0
0
0
0
0
0
0
0
0
0
0
0
0
0
0
0
0
0
0
0
0
0
0
0
0
0
0
0
0
0
0
0
0
0
0
0
0
0
0
0
0
0
0
0
0
0
0
0
0
0
0
0
0
0
0
0
0
0
0
0
0
0
0
0
0
0
0
0
0
0
0
0
0
0
0
0
0
0
0
0
0
0
0
0
0
0
0
0
0
0
0
0
0
0
0
0
0
0
0
0
0
0
0
0
0
0
0
0
0
0
0
0
0
0
0
0
0
0
0
0
0
0
0
0
0
0
0
0
0
0
0
0
0
0
0
0
0
0
0
0
0
0
0
0
0
0
0
0
0
0
0
0
0
0
0
0
0
0
0
0
0
0
0
0
0
0
0
0
0
0
0
0
0
0
0
0
0
0
0
0
0
0
0
0
0
0
0
0
0
0
0
0
0
0
0
0
0
0
0
0
0
0
0
0
0
0
0
0
0
0
0
0
0
0
0
0
0
0
0
0
0
0
0
0
0
0
0
0
0
0
0
0
0
0
0
0
0
0
0
0
0
0
0
0
0
0
0
0
0
0
0
0
0
0
0
0
0
0
0
0
0
0
0
0
0
0
0
0
0
0
0
0
0
0
0
0
0
0
0
0
0
0
0
0
0
0
0
0
0
0
0
0
0
0
0
0
0
0
0
0
0
0
0
0
0
0
0
0
0
0
0
0
0
0
0
0
0
0
0
0
0
0
0
0
0
0
0
0
0
0
0
0
0
0
0
0
0
0
0
0
0
0
0
0
0
0
0
0
0
0
0
0
0
0
0
0
0
0
0
0
0
0
0
0
0
0
0
0
0
0
0
0
0
0
0
0
0
0
0
0
0
0
0
0
0
0
0
0
0
0
0
0
0
0
0
0
0
0
0
0
0
0
0
0
0
0
0
0
0
0
0
0
0
0
0
0
0
0
0
0
0
0
0
0
0
0
0
0
0
0
0
0
0
0
0
0
0
0
0
0
0
0
0
0
0
0
0
0
0
0
0
0
0
0
0
0
0
0
0
0
0
0
0
0
0
0
0
0
0
0
0
0
0
0
0
0
0
0
0
0
0
0
0
0
0
0
0
0
0
0
0
0
0
0
0
0
0
0
0
0
0
0
0
0
0
0
0
0
0
0
0
0
0
0
0
0
0
0
0
0
0
0
0
0
0
0
0
0
0
0
0
0
0
0
0
0
0
0
0
0
0
0
0
0
0
0
0
0
0
0
0
0
0
0
0
0
0
0
0
0
0
0
0
0
0
0
0
0
0
0
0
0
0
0
0
0
0
0
0
0
0
0
0
0
0
0
0
0
0
0
0
0
0
0
0
0
0
0
0
0
0
0
0
0
0
0
0
0
0
0
0
0
0
0
0
0
0
0
0
0
0
0
0
0
0
0
0
0
0
0
0
0
0
0
0
0
0
0
0
0
0
0
0
0
0
0
0
0
0
0
0
0
0
0
0
0
0
0
0
0
0
0
0
0
0
0
0
0
0
0
0
0
0
0
0
0
0
0
0
0
0
0
0
0
0
0
0
0
0
0
0
0
0
0
0
0
0
0
0
0
0
0
0
0
0
0
0
0
0
0
0
0
0
0
0
0
0
0
0
0
0
0
0
0
0
0
0
0
0
0
0
0
0
0
0
0
0
0
0
0
0
0
0
0
0
0
0
0
0
0
0
0
0
0
0
0
0
0
0
0
0
0
0
0
0
0
0
0
0
0
0
0
0
0
0
0
0
0
0
0
0
0
0
0
0
0
0
0
0
0
0
0
0
0
0
0
0
0
0
0
0
0
0
0
0
0
0
0
0
0
0
0
0
0
0
0
0
0
0
0
0
0
0
0
0
0
0
0
0
0
0
0
0
0
0
0
0
0
0
0
0
0
0
0
0
0
0
0
0
0
0
0
0
0
0
0
0
0
0
0
0
0
0
0
0
0
0
0
0
0
0
0
0
0
0
0
0
0
0
0
0
0
0
0
0
0
0
0
0
0
0
0
0
0
0
0
0
0
0
0
0
0
0
0
0
0
0
0
0
0
0
0
0
0
0
0
0
0
0
0
0
0
0
0
0
0
0
0
0
0
0
0
0
0
0
0
0
0
0
0
0
0
0
0
0
0
0
0
0
0
0
0
0
0
0
0
0
0
0
0
0
0
0
0
0
0
0
0
0
0
0
0
0
0
0
0
0
0
0
0
0
0
0
0
0
0
0
0
0
0
0
0
0
0
0
0
0
0
0
0
0
0
0
0
0
0
0
0
0
0
0
0
0
0
0
0
0
0
0
0
0
0
0
0
0
0
0
0
0
0
0
0
0
0
0
0
0
0
0
0
0
0
0
0
0
0
0
0
0
0
0
0
0
0
0
0
0
0
0
0
0
0
0
0
0
0
0
0
0
0
0
0
0
0
0
0
0
0
0
0
0
0
0
0
0
0
0
0
0
0
0
0
0
0
0
0
0
0
0
0
0
0
0
0
0
0
0
0
0
0
0
0
0
0
0
0
0
0
0
0
0
0
0
0
0
0
0
0
0
0
0
0
0
0
0
0
0
0
0
0
0
0
0
0
0
0
0
0
0
0
0
0
0
0
0
0
0
0
0
0
0
0
0
0
0
0
0
0
0
0
0
0
0
0
0
0
0
0
0
0
0
0
0
0
0
0
0
0
0
0
0
0
0
0
0
0
0
0
0
0
0
0
0
0
0
0
0
0
0
0
0
0
0
0
0
0
0
0
0
0
0
0
0
0
0
0
0
0
0
0
0
0
0
0
0
0
0
0
0
0
0
0
0
0
0
0
0
0
0
0
0
0
0
0
0
0
0
0
0
0
0
0
0
0
0
0
0
0
0
0
0
0
0
0
0
0
0
0
0
0
0
0
0
0
0
0
0
0
0
0
0
0
0
0
0
0
0
0
0
0
0
0
0
0
0
0
0
0
0
0
0
0
0
0
0
0
0
0
0
0
0
0
0
0
0
0
0
0
0
0
0
0
0
0
0
0
0
0
0
0
0
0
0
0
0
0
0
0
0
0
0
0
0
0
0
0
0
0
0
0
0
0
0
0
0
0
0
0
0
0
0
0
0
0
0
0
0
0
0
0
0
0
0
0
0
0
0
0
0
0
0
0
0
0
0
0
0
0
0
0
0
0
0
0
0
0
0
0
0
0
0
0
0
0
0
0
0
0
0
0
0
0
0
0
0
0
0
0
0
0
0
0
0
0
0
0
0
0
0
0
0
0
0
0
0
0
0
0
0
0
0
0
0
0
0
0
0
0
0
0
0
0
0
0
0
0
0
0
0
0
0
0
0
0
0
0
0
0
0
0
0
0
0
0
0
0
0
0
0
0
0
0
0
0
0
0
0
0
0
0
0
0
0
0
0
0
0
0
0
0
0
0
0
0
0
0
0
0
0
0
0
0
0
0
0
0
0
0
0
0
0
0
0
0
0
0
0
0
0
0
0
0
0
0
0
0
0
0
0
0
0
0
0
0
0
0
0
0
0
0
0
0
0
0
0
0
0
0
0
0
0
0
0
0
0
0
0
0
0
0
0
0
0
0
0
0
0
0
0
0
0
0
0
0
0
0
0
0
0
0
0
0
0
0
0
0
0
0
0
0
0
0
0
0
0
0
0
0
0
0
0
0
0
0
0
0
0
0
0
0
0
0
0
0
0
0
0
0
0
0
0
0
0
0
0
0
0
0
0
0
0
0
0
0
0
0
0
0
0
0
0
0
0
0
0
0
0
0
0
0
0
0
0
0
0
0
0
0
0
0
0
0
0
0
0
0
0
0
0
0
0
0
0
0
0
0
0
0
0
0
0
0
0
0
0
0
0
0
0
0
0
0
0
0
0
0
0
0
0
0
0
0
0
0
0
0
0
0
0
0
0
0
0
0
0
0
0
0
0
0
0
0
0
0
0
0
0
0
0
0
0
0
0
0
0
0
0
0
0
0
0
0
0
0
0
0
0
0
0
0
0
0
0
0
0
0
0
0
0
0
0
0
0
0
0
0
0
0
0
0
0
0
0
0
0
0
0
0
0
0
0
0
0
0
0
0
0
0
0
0
0
0
0
0
0
0
0
0
0
0
0
0
0
0
0
0
0
0
0
0
0
0
0
0
0
0
0
0
0
0
0
0
0
0
0
0
0
0
0
0
0
0
0
0
0
0
0
0
0
0
0
0
0
0
0
0
0
0
0
0
0
0
0
0
0
0
0
0
0
0
0
0
0
0
0
0
0
0
0
0
0
0
0
0
0
0
0
0
0
0
0
0
0
0
0
0
0
0
0
0
0
0
0
0
0
0
0
0
0
0
0
0
0
0
0
0
0
0
0
0
0
0
0
0
0
0
0
0
0
0
0
0
0
0
0
0
0
0
0
0
0
0
0
0
0
0
0
0
0
0
0
0
0
0
0
0
0
0
0
0
0
0
0
0
0
0
0
0
0
0
0
0
0
0
0
0
0
0
0
0
0
0
0
0
0
0
0
0
0
0
0
0
0
0
0
0
0
0
0
0
0
0
0
0
0
0
0
0
0
0
0
0
0
0
0
0
0
0
0
0
0
0
0
0
0
0
0
0
0
0
0
0
0
0
0
0
0
0
0
0
0
0
0
0
0
0
0
0
0
0
0
0
0
0
0
0
0
0
0
0
0
0
0
0
0
0
0
0
0
0
0
0
0
0
0
0
0
0
0
0
0
0
0
0
0
0
0
0
0
0
0
0
0
0
0
0
0
0
0
0
0
0
0
0
0
0
0
0
0
0
0
0
0
0
0
0
0
0
0
0
0
0
0
0
0
0
0
0
0
0
0
0
0
0
0
0
0
0
0
0
0
0
0
0
0
0
0
0
0
0
0
0
0
0
0
0
0
0
0
0
0
0
0
0
0
0
0
0
0
0
0
0
0
0
0
0
0
0
0
0
0
0
0
0
0
0
0
0
0
0
0
0
0
0
0
0
0
0
0
0
0
0
0
0
0
0
0
0
0
0
0
0
0
0
0
0
0
0
0
0
0
0
0
0
0
0
0
0
0
0
0
0
0
0
0
0
0
0
0
0
0
0
0
0
0
0
0
0
0
0
0
0
0
0
0
0
0
0
0
0
0
0
0
0
0
0
0
0
0
0
0
0
0
0
0
0
0
0
0
0
0
0
0
0
0
0
0
0
0
0
0
0
0
0
0
0
0
0
0
0
0
0
0
0
0
0
0
0
0
0
0
0
0
0
0
0
0
0
0
0
0
0
0
0
0
0
0
0
0
0
0
0
0
0
0
0
0
0
0
0
0
0
0
0
0
0
0
0
0
0
0
0
0
0
0
0
0
0
0
0
0
0
0
0
0
0
0
0
0
0
0
0
0
0
0
0
0
0
0
0
0
0
0
0
0
0
0
0
0
0
0
0
0
0
0
0
0
0
0
0
0
0
0
0
0
0
0
0
0
0
0
0
0
0
0
0
0
0
0
0
0
0
0
0
0
0
0
0
0
0
0
0
0
0
0
0
0
0
0
0
0
0
0
0
0
0
0
0
0
0
0
0
0
0
0
0
0
0
0
0
0
0
0
0
0
0
0
0
0
0
0
0
0
0
0
0
0
0
0
0
0
0
0
0
0
0
0
0
0
0
0
0
0
0
0
0
0
0
0
0
0
0
0
0
0
0
0
0
0
0
0
0
0
0
0
0
0
0
0
0
0
0
0
0
0
0
0
0
0
0
0
0
0
0
0
0
0
0
0
0
0
0
0
0
0
0
0
0
0
0
0
0
0
0
0
0
0
0
0
0
0
0
0
0
0
0
0
0
0
0
0
0
0
0
0
0
0
0
0
0
0
0
0
0
0
0
0
0
0
0
0
0
0
0
0
0
0
0
0
0
0
0
0
0
0
0
0
0
0
0
0
0
0
0
0
0
0
0
0
0
0
0
0
0
0
0
0
0
0
0
0
0
0
0
0
0
0
0
0
0
0
0
0
0
0
0
0
0
0
0
0
0
0
0
0
0
0
0
0
