0
0
0
0
0
0
0
0
0
0
0
0
0
0
0
0
0
0
0
0
0
0
0
0
0
0
0
0
0
0
0
0
0
0
0
0
0
0
0
0
0
0
0
0
0
0
0
0
0
0
0
0
0
0
0
0
0
0
0
0
0
0
0
0
0
0
0
0
0
0
0
0
0
0
0
0
0
0
0
0
0
0
0
0
0
0
0
0
0
0
0
0
0
0
0
0
0
0
0
0
0
0
0
0
0
0
0
0
0
0
0
0
0
0
0
0
0
0
0
0
0
0
0
0
0
0
0
0
0
0
0
0
0
0
0
0
0
0
0
0
0
0
0
0
0
0
0
0
0
0
0
0
0
0
0
0
0
0
0
0
0
0
0
0
0
0
0
0
0
0
0
0
0
0
0
0
0
0
0
0
0
0
0
0
4092
4092
0
0
0
0
0
0
4093
4091
0
0
0
0
0
0
0
4095
0
0
0
0
0
0
4094
4095
0
0
0
0
0
0
4091
4093
0
0
0
0
0
0
4091
4091
0
0
0
0
0
0
4094
4093
0
0
0
0
0
0
4094
4093
0
0
0
0
0
0
4093
4094
0
0
0
0
0
0
4093
4093
0
0
0
0
0
0
4092
4091
0
0
0
0
0
0
4093
4092
0
0
0
0
0
0
4095
4094
0
0
0
0
0
0
4092
4093
0
0
0
0
0
0
4092
4093
0
0
0
0
0
0
4091
4092
0
0
0
0
0
0
4092
4092
0
0
0
0
0
0
4093
4095
0
0
0
0
0
0
4092
4092
0
0
0
0
0
0
4093
4093
0
0
0
0
0
0
4093
4094
0
0
0
0
0
0
4094
4093
0
0
0
0
0
0
4093
4093
0
0
0
0
0
0
4091
4091
0
0
0
0
0
0
4093
4092
0
0
0
0
0
0
4093
4092
0
0
0
0
0
0
4094
4095
0
0
0
0
0
0
4092
4093
0
0
0
0
0
0
4089
4090
0
0
0
0
0
0
4092
4090
0
0
0
0
0
0
4095
4094
0
0
0
0
0
0
4092
4095
0
0
0
0
0
0
4089
4090
0
0
0
0
0
0
4091
4090
0
0
0
0
0
0
4095
4094
0
0
0
0
0
0
4094
4095
0
0
0
0
0
0
4090
4091
0
0
0
0
0
0
4091
4089
0
0
0
0
0
0
4094
4091
0
0
0
0
0
0
4094
4095
0
0
0
0
0
0
4094
4095
0
0
0
0
0
0
4089
4089
0
0
0
0
0
0
4093
4090
0
0
0
0
0
0
4095
4094
0
0
0
0
0
0
0
2
0
0
0
0
0
0
4090
4093
0
0
0
0
0
0
4088
4087
0
0
0
0
0
0
4095
4092
0
0
0
0
0
0
1
0
0
0
0
0
0
0
4094
0
0
0
0
0
0
0
4087
4089
0
0
0
0
0
0
4089
4087
0
0
0
0
0
0
1
4094
0
0
0
0
0
0
0
2
0
0
0
0
0
0
4089
4093
0
0
0
0
0
0
4088
4086
0
0
0
0
0
0
4095
4089
0
0
0
0
0
0
4
1
0
0
0
0
0
0
4094
2
0
0
0
0
0
0
4087
4089
0
0
0
0
0
0
4089
4086
0
0
0
0
0
0
4
4094
0
0
0
0
0
0
2
4
0
0
0
0
0
0
4089
4093
0
0
0
0
0
0
4086
4085
0
0
0
0
0
0
4094
4088
0
0
0
0
0
0
5
2
0
0
0
0
0
0
0
3
0
0
0
0
0
0
4085
4088
0
0
0
0
0
0
4087
4083
0
0
0
0
0
0
3
4093
0
0
0
0
0
0
4
5
0
0
0
0
0
0
4089
4095
0
0
0
0
0
0
4083
4083
0
0
0
0
0
0
4094
4087
0
0
0
0
0
0
7
3
0
0
0
0
0
0
1
5
0
0
0
0
0
0
4081
4087
0
0
0
0
0
0
4085
4081
0
0
0
0
0
0
5
4093
0
0
0
0
0
0
7
8
0
0
0
0
0
0
4088
0
0
0
0
0
0
0
4079
4080
0
0
0
0
0
0
4093
4085
0
0
0
0
0
0
9
5
0
0
0
0
0
0
1
8
0
0
0
0
0
0
4082
4089
0
0
0
0
0
0
4082
4077
0
0
0
0
0
0
6
4093
0
0
0
0
0
0
11
11
0
0
0
0
0
0
4089
3
0
0
0
0
0
0
4077
4079
0
0
0
0
0
0
4090
4081
0
0
0
0
0
0
13
6
0
0
0
0
0
0
4
10
0
0
0
0
0
0
4079
4088
0
0
0
0
0
0
4079
4074
0
0
0
0
0
0
6
4089
0
0
0
0
0
0
14
14
0
0
0
0
0
0
4090
6
0
0
0
0
0
0
4074
4077
0
0
0
0
0
0
4088
4077
0
0
0
0
0
0
15
7
0
0
0
0
0
0
7
15
0
0
0
0
0
0
4078
4090
0
0
0
0
0
0
4076
4072
0
0
0
0
0
0
6
4088
0
0
0
0
0
0
17
16
0
0
0
0
0
0
4092
8
0
0
0
0
0
0
4072
4078
0
0
0
0
0
0
4085
4073
0
0
0
0
0
0
16
5
0
0
0
0
0
0
12
20
0
0
0
0
0
0
4076
4091
0
0
0
0
0
0
4072
4069
0
0
0
0
0
0
4
4084
0
0
0
0
0
0
21
17
0
0
0
0
0
0
4094
11
0
0
0
0
0
0
4068
4076
0
0
0
0
0
0
4080
4067
0
0
0
0
0
0
18
3
0
0
0
0
0
0
18
26
0
0
0
0
0
0
4079
1
0
0
0
0
0
0
4065
4064
0
0
0
0
0
0
2
4079
0
0
0
0
0
0
27
20
0
0
0
0
0
0
3
19
0
0
0
0
0
0
4066
4077
0
0
0
0
0
0
4076
4064
0
0
0
0
0
0
18
1
0
0
0
0
0
0
22
27
0
0
0
0
0
0
4079
3
0
0
0
0
0
0
4061
4062
0
0
0
0
0
0
4095
4074
0
0
0
0
0
0
29
20
0
0
0
0
0
0
8
23
0
0
0
0
0
0
4063
4078
0
0
0
0
0
0
4072
4059
0
0
0
0
0
0
18
4095
0
0
0
0
0
0
26
31
0
0
0
0
0
0
4081
6
0
0
0
0
0
0
4056
4059
0
0
0
0
0
0
4091
4069
0
0
0
0
0
0
32
21
0
0
0
0
0
0
11
29
0
0
0
0
0
0
4061
4081
0
0
0
0
0
0
4063
4053
0
0
0
0
0
0
16
4089
0
0
0
0
0
0
33
35
0
0
0
0
0
0
4084
13
0
0
0
0
0
0
4052
4059
0
0
0
0
0
0
4085
4062
0
0
0
0
0
0
34
18
0
0
0
0
0
0
18
36
0
0
0
0
0
0
4061
4083
0
0
0
0
0
0
4058
4050
0
0
0
0
0
0
15
4083
0
0
0
0
0
0
38
36
0
0
0
0
0
0
4089
19
0
0
0
0
0
0
4048
4059
0
0
0
0
0
0
4079
4055
0
0
0
0
0
0
37
18
0
0
0
0
0
0
25
41
0
0
0
0
0
0
4062
4089
0
0
0
0
0
0
4051
4045
0
0
0
0
0
0
13
4079
0
0
0
0
0
0
44
41
0
0
0
0
0
0
4094
26
0
0
0
0
0
0
4045
4060
0
0
0
0
0
0
4073
4049
0
0
0
0
0
0
37
13
0
0
0
0
0
0
31
47
0
0
0
0
0
0
4063
4094
0
0
0
0
0
0
4044
4039
0
0
0
0
0
0
9
4071
0
0
0
0
0
0
51
40
0
0
0
0
0
0
6
37
0
0
0
0
0
0
4043
4064
0
0
0
0
0
0
4063
4041
0
0
0
0
0
0
39
7
0
0
0
0
0
0
41
54
0
0
0
0
0
0
4066
6
0
0
0
0
0
0
4038
4039
0
0
0
0
0
0
1
4062
0
0
0
0
0
0
55
39
0
0
0
0
0
0
13
43
0
0
0
0
0
0
4040
4067
0
0
0
0
0
0
4056
4034
0
0
0
0
0
0
37
2
0
0
0
0
0
0
47
56
0
0
0
0
0
0
4071
15
0
0
0
0
0
0
4030
4034
0
0
0
0
0
0
4093
4055
0
0
0
0
0
0
59
38
0
0
0
0
0
0
22
53
0
0
0
0
0
0
4039
4072
0
0
0
0
0
0
4047
4028
0
0
0
0
0
0
34
4089
0
0
0
0
0
0
57
61
0
0
0
0
0
0
4077
24
0
0
0
0
0
0
4023
4035
0
0
0
0
0
0
4082
4043
0
0
0
0
0
0
62
37
0
0
0
0
0
0
30
61
0
0
0
0
0
0
4039
4075
0
0
0
0
0
0
4038
4022
0
0
0
0
0
0
29
4081
0
0
0
0
0
0
66
65
0
0
0
0
0
0
4083
32
0
0
0
0
0
0
4020
4036
0
0
0
0
0
0
4073
4034
0
0
0
0
0
0
62
28
0
0
0
0
0
0
42
69
0
0
0
0
0
0
4040
4084
0
0
0
0
0
0
4028
4016
0
0
0
0
0
0
24
4071
0
0
0
0
0
0
72
66
0
0
0
0
0
0
4094
44
0
0
0
0
0
0
4017
4040
0
0
0
0
0
0
4063
4025
0
0
0
0
0
0
63
24
0
0
0
0
0
0
50
74
0
0
0
0
0
0
4046
4094
0
0
0
0
0
0
4020
4013
0
0
0
0
0
0
16
4059
0
0
0
0
0
0
78
65
0
0
0
0
0
0
9
55
0
0
0
0
0
0
4013
4044
0
0
0
0
0
0
4050
4015
0
0
0
0
0
0
61
15
0
0
0
0
0
0
62
81
0
0
0
0
0
0
4052
10
0
0
0
0
0
0
4010
4010
0
0
0
0
0
0
7
4049
0
0
0
0
0
0
84
64
0
0
0
0
0
0
19
65
0
0
0
0
0
0
4012
4051
0
0
0
0
0
0
4040
4006
0
0
0
0
0
0
58
6
0
0
0
0
0
0
74
88
0
0
0
0
0
0
4061
21
0
0
0
0
0
0
4003
4009
0
0
0
0
0
0
4092
4037
0
0
0
0
0
0
87
59
0
0
0
0
0
0
32
77
0
0
0
0
0
0
4013
4060
0
0
0
0
0
0
4027
3998
0
0
0
0
0
0
52
4090
0
0
0
0
0
0
84
91
0
0
0
0
0
0
4068
34
0
0
0
0
0
0
3994
4010
0
0
0
0
0
0
4079
4023
0
0
0
0
0
0
91
52
0
0
0
0
0
0
42
86
0
0
0
0
0
0
4014
4067
0
0
0
0
0
0
4015
3991
0
0
0
0
0
0
45
4077
0
0
0
0
0
0
95
94
0
0
0
0
0
0
4080
47
0
0
0
0
0
0
3990
4013
0
0
0
0
0
0
4068
4012
0
0
0
0
0
0
90
46
0
0
0
0
0
0
56
96
0
0
0
0
0
0
4018
4078
0
0
0
0
0
0
4003
3986
0
0
0
0
0
0
35
4064
0
0
0
0
0
0
101
93
0
0
0
0
0
0
4093
62
0
0
0
0
0
0
3986
4018
0
0
0
0
0
0
4053
3999
0
0
0
0
0
0
90
35
0
0
0
0
0
0
71
103
0
0
0
0
0
0
4028
4094
0
0
0
0
0
0
3993
3982
0
0
0
0
0
0
25
4050
0
0
0
0
0
0
110
93
0
0
0
0
0
0
10
76
0
0
0
0
0
0
3983
4026
0
0
0
0
0
0
4037
3986
0
0
0
0
0
0
87
24
0
0
0
0
0
0
84
113
0
0
0
0
0
0
4035
11
0
0
0
0
0
0
3983
3980
0
0
0
0
0
0
13
4035
0
0
0
0
0
0
115
87
0
0
0
0
0
0
25
88
0
0
0
0
0
0
3984
4034
0
0
0
0
0
0
4023
3978
0
0
0
0
0
0
79
12
0
0
0
0
0
0
97
118
0
0
0
0
0
0
4046
26
0
0
0
0
0
0
3971
3980
0
0
0
0
0
0
4094
4018
0
0
0
0
0
0
117
81
0
0
0
0
0
0
41
102
0
0
0
0
0
0
3985
4046
0
0
0
0
0
0
4007
3968
0
0
0
0
0
0
71
4092
0
0
0
0
0
0
111
122
0
0
0
0
0
0
4060
43
0
0
0
0
0
0
3965
3985
0
0
0
0
0
0
4077
4003
0
0
0
0
0
0
118
72
0
0
0
0
0
0
57
114
0
0
0
0
0
0
3990
4060
0
0
0
0
0
0
3992
3961
0
0
0
0
0
0
61
4074
0
0
0
0
0
0
121
122
0
0
0
0
0
0
4074
59
0
0
0
0
0
0
3960
3989
0
0
0
0
0
0
4062
3990
0
0
0
0
0
0
117
60
0
0
0
0
0
0
73
123
0
0
0
0
0
0
3998
4073
0
0
0
0
0
0
3980
3957
0
0
0
0
0
0
48
4059
0
0
0
0
0
0
130
121
0
0
0
0
0
0
4091
77
0
0
0
0
0
0
3958
3998
0
0
0
0
0
0
4045
3976
0
0
0
0
0
0
115
48
0
0
0
0
0
0
89
133
0
0
0
0
0
0
4009
4092
0
0
0
0
0
0
3968
3954
0
0
0
0
0
0
33
4039
0
0
0
0
0
0
138
118
0
0
0
0
0
0
13
94
0
0
0
0
0
0
3954
4006
0
0
0
0
0
0
4027
3963
0
0
0
0
0
0
109
33
0
0
0
0
0
0
104
140
0
0
0
0
0
0
4020
14
0
0
0
0
0
0
3956
3954
0
0
0
0
0
0
18
4023
0
0
0
0
0
0
141
110
0
0
0
0
0
0
30
108
0
0
0
0
0
0
3957
4019
0
0
0
0
0
0
4008
3951
0
0
0
0
0
0
100
16
0
0
0
0
0
0
119
144
0
0
0
0
0
0
4034
32
0
0
0
0
0
0
3944
3953
0
0
0
0
0
0
0
4003
0
0
0
0
0
0
146
101
0
0
0
0
0
0
48
125
0
0
0
0
0
0
3962
4035
0
0
0
0
0
0
3989
3942
0
0
0
0
0
0
89
4093
0
0
0
0
0
0
134
147
0
0
0
0
0
0
4051
53
0
0
0
0
0
0
3938
3960
0
0
0
0
0
0
4076
3986
0
0
0
0
0
0
144
88
0
0
0
0
0
0
68
137
0
0
0
0
0
0
3969
4051
0
0
0
0
0
0
3974
3935
0
0
0
0
0
0
75
4073
0
0
0
0
0
0
145
147
0
0
0
0
0
0
4067
70
0
0
0
0
0
0
3935
3968
0
0
0
0
0
0
4056
3971
0
0
0
0
0
0
141
75
0
0
0
0
0
0
86
148
0
0
0
0
0
0
3979
4069
0
0
0
0
0
0
3961
3931
0
0
0
0
0
0
59
4053
0
0
0
0
0
0
153
143
0
0
0
0
0
0
4089
90
0
0
0
0
0
0
3932
3979
0
0
0
0
0
0
4035
3954
0
0
0
0
0
0
136
58
0
0
0
0
0
0
105
157
0
0
0
0
0
0
3992
4090
0
0
0
0
0
0
3945
3927
0
0
0
0
0
0
43
4033
0
0
0
0
0
0
161
138
0
0
0
0
0
0
13
108
0
0
0
0
0
0
3934
3993
0
0
0
0
0
0
4017
3942
0
0
0
0
0
0
129
42
0
0
0
0
0
0
122
165
0
0
0
0
0
0
4004
15
0
0
0
0
0
0
3933
3930
0
0
0
0
0
0
22
4013
0
0
0
0
0
0
166
130
0
0
0
0
0
0
33
125
0
0
0
0
0
0
3936
4007
0
0
0
0
0
0
3995
3929
0
0
0
0
0
0
117
21
0
0
0
0
0
0
138
168
0
0
0
0
0
0
4023
35
0
0
0
0
0
0
3923
3932
0
0
0
0
0
0
2
3993
0
0
0
0
0
0
167
118
0
0
0
0
0
0
55
142
0
0
0
0
0
0
3942
4025
0
0
0
0
0
0
3977
3921
0
0
0
0
0
0
102
4094
0
0
0
0
0
0
151
168
0
0
0
0
0
0
4044
59
0
0
0
0
0
0
3917
3941
0
0
0
0
0
0
4075
3973
0
0
0
0
0
0
164
102
0
0
0
0
0
0
74
154
0
0
0
0
0
0
3952
4045
0
0
0
0
0
0
3959
3914
0
0
0
0
0
0
88
4072
0
0
0
0
0
0
163
166
0
0
0
0
0
0
4064
79
0
0
0
0
0
0
3912
3951
0
0
0
0
0
0
4052
3955
0
0
0
0
0
0
161
86
0
0
0
0
0
0
98
167
0
0
0
0
0
0
3963
4064
0
0
0
0
0
0
3945
3911
0
0
0
0
0
0
69
4050
0
0
0
0
0
0
173
163
0
0
0
0
0
0
4086
101
0
0
0
0
0
0
3912
3964
0
0
0
0
0
0
4032
3939
0
0
0
0
0
0
152
66
0
0
0
0
0
0
114
174
0
0
0
0
0
0
3978
4087
0
0
0
0
0
0
3930
3910
0
0
0
0
0
0
49
4028
0
0
0
0
0
0
179
155
0
0
0
0
0
0
11
118
0
0
0
0
0
0
3914
3979
0
0
0
0
0
0
4010
3927
0
0
0
0
0
0
144
47
0
0
0
0
0
0
133
181
0
0
0
0
0
0
3996
15
0
0
0
0
0
0
3918
3913
0
0
0
0
0
0
27
4007
0
0
0
0
0
0
182
144
0
0
0
0
0
0
35
137
0
0
0
0
0
0
3921
3997
0
0
0
0
0
0
3988
3915
0
0
0
0
0
0
129
23
0
0
0
0
0
0
150
185
0
0
0
0
0
0
4016
38
0
0
0
0
0
0
3909
3919
0
0
0
0
0
0
3
3985
0
0
0
0
0
0
183
131
0
0
0
0
0
0
57
152
0
0
0
0
0
0
3929
4017
0
0
0
0
0
0
3969
3905
0
0
0
0
0
0
114
1
0
0
0
0
0
0
165
185
0
0
0
0
0
0
4036
60
0
0
0
0
0
0
3903
3927
0
0
0
0
0
0
4075
3966
0
0
0
0
0
0
179
113
0
0
0
0
0
0
80
167
0
0
0
0
0
0
3941
4038
0
0
0
0
0
0
3950
3900
0
0
0
0
0
0
95
4075
0
0
0
0
0
0
172
179
0
0
0
0
0
0
4058
82
0
0
0
0
0
0
3901
3939
0
0
0
0
0
0
4053
3948
0
0
0
0
0
0
172
93
0
0
0
0
0
0
102
178
0
0
0
0
0
0
3953
4059
0
0
0
0
0
0
3936
3898
0
0
0
0
0
0
77
4051
0
0
0
0
0
0
183
173
0
0
0
0
0
0
4084
103
0
0
0
0
0
0
3901
3955
0
0
0
0
0
0
4029
3931
0
0
0
0
0
0
162
71
0
0
0
0
0
0
120
184
0
0
0
0
0
0
3971
4084
0
0
0
0
0
0
3922
3899
0
0
0
0
0
0
53
4027
0
0
0
0
0
0
187
163
0
0
0
0
0
0
12
124
0
0
0
0
0
0
3905
3972
0
0
0
0
0
0
4008
3917
0
0
0
0
0
0
151
49
0
0
0
0
0
0
139
190
0
0
0
0
0
0
3991
15
0
0
0
0
0
0
3910
3905
0
0
0
0
0
0
29
4003
0
0
0
0
0
0
189
149
0
0
0
0
0
0
35
142
0
0
0
0
0
0
3913
3992
0
0
0
0
0
0
3986
3909
0
0
0
0
0
0
133
26
0
0
0
0
0
0
154
190
0
0
0
0
0
0
4012
36
0
0
0
0
0
0
3905
3913
0
0
0
0
0
0
6
3983
0
0
0
0
0
0
188
134
0
0
0
0
0
0
57
155
0
0
0
0
0
0
3924
4014
0
0
0
0
0
0
3966
3899
0
0
0
0
0
0
117
3
0
0
0
0
0
0
166
189
0
0
0
0
0
0
4034
62
0
0
0
0
0
0
3898
3923
0
0
0
0
0
0
4076
3962
0
0
0
0
0
0
183
115
0
0
0
0
0
0
81
170
0
0
0
0
0
0
3936
4036
0
0
0
0
0
0
3948
3897
0
0
0
0
0
0
98
4074
0
0
0
0
0
0
177
184
0
0
0
0
0
0
4058
83
0
0
0
0
0
0
3899
3938
0
0
0
0
0
0
4054
3947
0
0
0
0
0
0
174
96
0
0
0
0
0
0
98
176
0
0
0
0
0
0
3953
4059
0
0
0
0
0
0
3935
3897
0
0
0
0
0
0
77
4050
0
0
0
0
0
0
184
175
0
0
0
0
0
0
4082
103
0
0
0
0
0
0
3901
3953
0
0
0
0
0
0
4032
3932
0
0
0
0
0
0
164
73
0
0
0
0
0
0
120
185
0
0
0
0
0
0
3970
4084
0
0
0
0
0
0
3922
3899
0
0
0
0
0
0
56
4029
0
0
0
0
0
0
187
163
0
0
0
0
0
0
10
122
0
0
0
0
0
0
3907
3972
0
0
0
0
0
0
4008
3919
0
0
0
0
0
0
149
49
0
0
0
0
0
0
138
190
0
0
0
0
0
0
3989
13
0
0
0
0
0
0
3912
3905
0
0
0
0
0
0
30
4006
0
0
0
0
0
0
189
150
0
0
0
0
0
0
35
140
0
0
0
0
0
0
3913
3992
0
0
0
0
0
0
3989
3911
0
0
0
0
0
0
135
29
0
0
0
0
0
0
152
189
0
0
0
0
0
0
4012
35
0
0
0
0
0
0
3905
3913
0
0
0
0
0
0
6
3985
0
0
0
0
0
0
183
132
0
0
0
0
0
0
56
152
0
0
0
0
0
0
3925
4014
0
0
0
0
0
0
3969
3905
0
0
0
0
0
0
115
3
0
0
0
0
0
0
162
185
0
0
0
0
0
0
4032
58
0
0
0
0
0
0
3902
3925
0
0
0
0
0
0
4079
3968
0
0
0
0
0
0
178
113
0
0
0
0
0
0
78
165
0
0
0
0
0
0
3939
4038
0
0
0
0
0
0
3953
3904
0
0
0
0
0
0
98
4077
0
0
0
0
0
0
170
178
0
0
0
0
0
0
4056
78
0
0
0
0
0
0
3905
3942
0
0
0
0
0
0
4056
3951
0
0
0
0
0
0
171
95
0
0
0
0
0
0
96
172
0
0
0
0
0
0
3955
4059
0
0
0
0
0
0
3942
3905
0
0
0
0
0
0
75
4054
0
0
0
0
0
0
176
169
0
0
0
0
0
0
4080
99
0
0
0
0
0
0
3907
3957
0
0
0
0
0
0
4035
3938
0
0
0
0
0
0
159
72
0
0
0
0
0
0
114
175
0
0
0
0
0
0
3975
4082
0
0
0
0
0
0
3931
3908
0
0
0
0
0
0
53
4032
0
0
0
0
0
0
179
157
0
0
0
0
0
0
10
117
0
0
0
0
0
0
3915
3978
0
0
0
0
0
0
4016
3930
0
0
0
0
0
0
143
50
0
0
0
0
0
0
129
178
0
0
0
0
0
0
3993
8
0
0
0
0
0
0
3923
3916
0
0
0
0
0
0
31
4013
0
0
0
0
0
0
176
141
0
0
0
0
0
0
31
131
0
0
0
0
0
0
3924
3997
0
0
0
0
0
0
3996
3924
0
0
0
0
0
0
127
28
0
0
0
0
0
0
140
175
0
0
0
0
0
0
4015
31
0
0
0
0
0
0
3919
3924
0
0
0
0
0
0
8
3994
0
0
0
0
0
0
172
126
0
0
0
0
0
0
50
142
0
0
0
0
0
0
3937
4018
0
0
0
0
0
0
3979
3919
0
0
0
0
0
0
109
5
0
0
0
0
0
0
151
172
0
0
0
0
0
0
4037
52
0
0
0
0
0
0
3918
3937
0
0
0
0
0
0
4082
3980
0
0
0
0
0
0
165
106
0
0
0
0
0
0
68
150
0
0
0
0
0
0
3951
4039
0
0
0
0
0
0
3967
3919
0
0
0
0
0
0
90
4079
0
0
0
0
0
0
154
163
0
0
0
0
0
0
4058
71
0
0
0
0
0
0
3920
3953
0
0
0
0
0
0
4060
3965
0
0
0
0
0
0
157
88
0
0
0
0
0
0
86
156
0
0
0
0
0
0
3967
4061
0
0
0
0
0
0
3956
3921
0
0
0
0
0
0
69
4059
0
0
0
0
0
0
161
154
0
0
0
0
0
0
4081
88
0
0
0
0
0
0
3924
3969
0
0
0
0
0
0
4040
3954
0
0
0
0
0
0
143
66
0
0
0
0
0
0
103
160
0
0
0
0
0
0
3985
4082
0
0
0
0
0
0
3949
3928
0
0
0
0
0
0
50
4041
0
0
0
0
0
0
161
142
0
0
0
0
0
0
7
103
0
0
0
0
0
0
3932
3988
0
0
0
0
0
0
4022
3946
0
0
0
0
0
0
131
46
0
0
0
0
0
0
115
160
0
0
0
0
0
0
4002
7
0
0
0
0
0
0
3942
3933
0
0
0
0
0
0
29
4023
0
0
0
0
0
0
157
127
0
0
0
0
0
0
24
114
0
0
0
0
0
0
3943
4007
0
0
0
0
0
0
4008
3942
0
0
0
0
0
0
114
28
0
0
0
0
0
0
124
157
0
0
0
0
0
0
4023
27
0
0
0
0
0
0
3939
3943
0
0
0
0
0
0
7
4006
0
0
0
0
0
0
152
112
0
0
0
0
0
0
43
124
0
0
0
0
0
0
3954
4024
0
0
0
0
0
0
3996
3940
0
0
0
0
0
0
97
6
0
0
0
0
0
0
130
151
0
0
0
0
0
0
4043
45
0
0
0
0
0
0
3940
3956
0
0
0
0
0
0
4083
3992
0
0
0
0
0
0
145
95
0
0
0
0
0
0
58
129
0
0
0
0
0
0
3969
4045
0
0
0
0
0
0
3983
3940
0
0
0
0
0
0
79
4082
0
0
0
0
0
0
135
143
0
0
0
0
0
0
4061
59
0
0
0
0
0
0
3942
3969
0
0
0
0
0
0
4066
3982
0
0
0
0
0
0
136
78
0
0
0
0
0
0
72
134
0
0
0
0
0
0
3984
4063
0
0
0
0
0
0
3974
3942
0
0
0
0
0
0
62
4066
0
0
0
0
0
0
137
134
0
0
0
0
0
0
4080
75
0
0
0
0
0
0
3947
3984
0
0
0
0
0
0
4050
3975
0
0
0
0
0
0
123
57
0
0
0
0
0
0
85
134
0
0
0
0
0
0
3999
4081
0
0
0
0
0
0
3969
3950
0
0
0
0
0
0
43
4049
0
0
0
0
0
0
138
121
0
0
0
0
0
0
4
86
0
0
0
0
0
0
3955
4002
0
0
0
0
0
0
4034
3968
0
0
0
0
0
0
110
39
0
0
0
0
0
0
96
133
0
0
0
0
0
0
4016
4
0
0
0
0
0
0
3965
3957
0
0
0
0
0
0
26
4035
0
0
0
0
0
0
133
108
0
0
0
0
0
0
19
94
0
0
0
0
0
0
3965
4018
0
0
0
0
0
0
4025
3969
0
0
0
0
0
0
94
21
0
0
0
0
0
0
104
130
0
0
0
0
0
0
4034
21
0
0
0
0
0
0
3965
3968
0
0
0
0
0
0
8
4023
0
0
0
0
0
0
127
94
0
0
0
0
0
0
33
101
0
0
0
0
0
0
3976
4035
0
0
0
0
0
0
4012
3967
0
0
0
0
0
0
81
4
0
0
0
0
0
0
108
125
0
0
0
0
0
0
4048
33
0
0
0
0
0
0
3966
3978
0
0
0
0
0
0
4089
4013
0
0
0
0
0
0
119
78
0
0
0
0
0
0
45
105
0
0
0
0
0
0
3989
4052
0
0
0
0
0
0
4005
3968
0
0
0
0
0
0
65
4086
0
0
0
0
0
0
108
116
0
0
0
0
0
0
4066
47
0
0
0
0
0
0
3971
3992
0
0
0
0
0
0
4073
4004
0
0
0
0
0
0
110
64
0
0
0
0
0
0
58
109
0
0
0
0
0
0
4002
4068
0
0
0
0
0
0
3998
3973
0
0
0
0
0
0
50
4072
0
0
0
0
0
0
109
107
0
0
0
0
0
0
4082
58
0
0
0
0
0
0
3977
4006
0
0
0
0
0
0
4061
3999
0
0
0
0
0
0
99
48
0
0
0
0
0
0
67
108
0
0
0
0
0
0
4018
4084
0
0
0
0
0
0
3995
3979
0
0
0
0
0
0
34
4058
0
0
0
0
0
0
109
96
0
0
0
0
0
0
1
68
0
0
0
0
0
0
3982
4019
0
0
0
0
0
0
4049
3994
0
0
0
0
0
0
87
32
0
0
0
0
0
0
73
104
0
0
0
0
0
0
4030
2
0
0
0
0
0
0
3993
3987
0
0
0
0
0
0
18
4046
0
0
0
0
0
0
101
84
0
0
0
0
0
0
11
71
0
0
0
0
0
0
3994
4033
0
0
0
0
0
0
4039
3994
0
0
0
0
0
0
75
18
0
0
0
0
0
0
78
100
0
0
0
0
0
0
4045
13
0
0
0
0
0
0
3994
3995
0
0
0
0
0
0
6
4039
0
0
0
0
0
0
97
72
0
0
0
0
0
0
24
77
0
0
0
0
0
0
4002
4046
0
0
0
0
0
0
4031
3996
0
0
0
0
0
0
63
5
0
0
0
0
0
0
81
95
0
0
0
0
0
0
4058
24
0
0
0
0
0
0
3997
4007
0
0
0
0
0
0
4090
4032
0
0
0
0
0
0
90
60
0
0
0
0
0
0
34
81
0
0
0
0
0
0
4012
4059
0
0
0
0
0
0
4027
3999
0
0
0
0
0
0
49
4088
0
0
0
0
0
0
81
87
0
0
0
0
0
0
4072
35
0
0
0
0
0
0
4000
4016
0
0
0
0
0
0
4078
4027
0
0
0
0
0
0
81
45
0
0
0
0
0
0
41
80
0
0
0
0
0
0
4024
4073
0
0
0
0
0
0
4023
4003
0
0
0
0
0
0
38
4080
0
0
0
0
0
0
80
79
0
0
0
0
0
0
4084
41
0
0
0
0
0
0
4007
4027
0
0
0
0
0
0
4070
4025
0
0
0
0
0
0
73
34
0
0
0
0
0
0
47
77
0
0
0
0
0
0
4036
4083
0
0
0
0
0
0
4021
4008
0
0
0
0
0
0
25
4070
0
0
0
0
0
0
76
68
0
0
0
0
0
0
4093
46
0
0
0
0
0
0
4015
4039
0
0
0
0
0
0
4062
4022
0
0
0
0
0
0
63
22
0
0
0
0
0
0
50
74
0
0
0
0
0
0
4046
4094
0
0
0
0
0
0
4020
4016
0
0
0
0
0
0
14
4060
0
0
0
0
0
0
74
60
0
0
0
0
0
0
8
50
0
0
0
0
0
0
4021
4050
0
0
0
0
0
0
4055
4023
0
0
0
0
0
0
52
12
0
0
0
0
0
0
53
69
0
0
0
0
0
0
4059
8
0
0
0
0
0
0
4023
4023
0
0
0
0
0
0
5
4057
0
0
0
0
0
0
69
50
0
0
0
0
0
0
15
52
0
0
0
0
0
0
4028
4060
0
0
0
0
0
0
4052
4024
0
0
0
0
0
0
44
4
0
0
0
0
0
0
55
65
0
0
0
0
0
0
4067
13
0
0
0
0
0
0
4027
4032
0
0
0
0
0
0
4092
4052
0
0
0
0
0
0
60
41
0
0
0
0
0
0
22
54
0
0
0
0
0
0
4038
4069
0
0
0
0
0
0
4049
4029
0
0
0
0
0
0
35
4093
0
0
0
0
0
0
54
58
0
0
0
0
0
0
4077
19
0
0
0
0
0
0
4030
4040
0
0
0
0
0
0
4085
4049
0
0
0
0
0
0
55
33
0
0
0
0
0
0
25
50
0
0
0
0
0
0
4047
4077
0
0
0
0
0
0
4048
4034
0
0
0
0
0
0
26
4085
0
0
0
0
0
0
50
51
0
0
0
0
0
0
4087
26
0
0
0
0
0
0
4036
4048
0
0
0
0
0
0
4078
4047
0
0
0
0
0
0
48
22
0
0
0
0
0
0
29
48
0
0
0
0
0
0
4054
4086
0
0
0
0
0
0
4046
4037
0
0
0
0
0
0
16
4077
0
0
0
0
0
0
49
45
0
0
0
0
0
0
4093
28
0
0
0
0
0
0
4042
4056
0
0
0
0
0
0
4076
4049
0
0
0
0
0
0
42
16
0
0
0
0
0
0
31
45
0
0
0
0
0
0
4062
4092
0
0
0
0
0
0
4048
4044
0
0
0
0
0
0
8
4072
0
0
0
0
0
0
44
35
0
0
0
0
0
0
3
29
0
0
0
0
0
0
4047
4063
0
0
0
0
0
0
4071
4049
0
0
0
0
0
0
32
8
0
0
0
0
0
0
32
44
0
0
0
0
0
0
4069
0
0
0
0
0
0
0
4049
4050
0
0
0
0
0
0
2
4071
0
0
0
0
0
0
39
29
0
0
0
0
0
0
7
29
0
0
0
0
0
0
4054
4072
0
0
0
0
0
0
4068
4052
0
0
0
0
0
0
25
1
0
0
0
0
0
0
31
38
0
0
0
0
0
0
4076
6
0
0
0
0
0
0
4052
4056
0
0
0
0
0
0
4093
4068
0
0
0
0
0
0
36
25
0
0
0
0
0
0
9
28
0
0
0
0
0
0
4062
4080
0
0
0
0
0
0
4067
4057
0
0
0
0
0
0
20
4094
0
0
0
0
0
0
27
32
0
0
0
0
0
0
4082
10
0
0
0
0
0
0
4057
4061
0
0
0
0
0
0
4090
4070
0
0
0
0
0
0
29
17
0
0
0
0
0
0
11
27
0
0
0
0
0
0
4064
4082
0
0
0
0
0
0
4066
4058
0
0
0
0
0
0
15
4088
0
0
0
0
0
0
27
27
0
0
0
0
0
0
4088
11
0
0
0
0
0
0
4061
4066
0
0
0
0
0
0
4087
4069
0
0
0
0
0
0
26
13
0
0
0
0
0
0
14
26
0
0
0
0
0
0
4072
4088
0
0
0
0
0
0
4069
4063
0
0
0
0
0
0
8
4085
0
0
0
0
0
0
24
23
0
0
0
0
0
0
4090
12
0
0
0
0
0
0
4064
4071
0
0
0
0
0
0
4084
4069
0
0
0
0
0
0
21
8
0
0
0
0
0
0
12
23
0
0
0
0
0
0
4076
4092
0
0
0
0
0
0
4071
4068
0
0
0
0
0
0
4
4085
0
0
0
0
0
0
22
18
0
0
0
0
0
0
4094
11
0
0
0
0
0
0
4070
4077
0
0
0
0
0
0
4083
4072
0
0
0
0
0
0
14
3
0
0
0
0
0
0
12
18
0
0
0
0
0
0
4082
4095
0
0
0
0
0
0
4071
4070
0
0
0
0
0
0
2
4084
0
0
0
0
0
0
17
11
0
0
0
0
0
0
1
11
0
0
0
0
0
0
4074
4081
0
0
0
0
0
0
4083
4074
0
0
0
0
0
0
12
1
0
0
0
0
0
0
11
15
0
0
0
0
0
0
4087
1
0
0
0
0
0
0
4075
4077
0
0
0
0
0
0
4092
4082
0
0
0
0
0
0
14
8
0
0
0
0
0
0
3
10
0
0
0
0
0
0
4077
4086
0
0
0
0
0
0
4081
4076
0
0
0
0
0
0
6
4092
0
0
0
0
0
0
11
13
0
0
0
0
0
0
4088
1
0
0
0
0
0
0
4077
4078
0
0
0
0
0
0
4093
4083
0
0
0
0
0
0
11
7
0
0
0
0
0
0
1
9
0
0
0
0
0
0
4081
4088
0
0
0
0
0
0
4083
4078
0
0
0
0
0
0
6
4092
0
0
0
0
0
0
10
11
0
0
0
0
0
0
4090
2
0
0
0
0
0
0
4079
4081
0
0
0
0
0
0
4090
4083
0
0
0
0
0
0
9
3
0
0
0
0
0
0
3
8
0
0
0
0
0
0
4083
4089
0
0
0
0
0
0
4083
4080
0
0
0
0
0
0
2
4091
0
0
0
0
0
0
7
7
0
0
0
0
0
0
4092
1
0
0
0
0
0
0
4083
4084
0
0
0
0
0
0
4090
4083
0
0
0
0
0
0
6
1
0
0
0
0
0
0
3
6
0
0
0
0
0
0
4085
4091
0
0
0
0
0
0
4084
4082
0
0
0
0
0
0
0
4090
0
0
0
0
0
0
5
5
0
0
0
0
0
0
4093
1
0
0
0
0
0
0
4086
4087
0
0
0
0
0
0
4090
4085
0
0
0
0
0
0
3
0
0
0
0
0
0
0
1
2
0
0
0
0
0
0
4088
4091
0
0
0
0
0
0
4088
4086
0
0
0
0
0
0
4094
4091
0
0
0
0
0
0
2
0
0
0
0
0
0
0
4094
1
0
0
0
0
0
0
4087
4088
0
0
0
0
0
0
4089
4087
0
0
0
0
0
0
1
4095
0
0
0
0
0
0
4095
2
0
0
0
0
0
0
4088
4092
0
0
0
0
0
0
4088
4088
0
0
0
0
0
0
4094
4090
0
0
0
0
0
0
0
4095
0
0
0
0
0
0
4093
0
0
0
0
0
0
0
4089
4091
0
0
0
0
0
0
4091
4090
0
0
0
0
0
0
4095
4092
0
0
0
0
0
0
1
4095
0
0
0
0
0
0
4091
4092
0
0
0
0
0
0
4090
4090
0
0
0
0
0
0
4092
4090
0
0
0
0
0
0
4095
4094
0
0
0
0
0
0
4093
4094
0
0
0
0
0
0
4090
4092
0
0
0
0
0
0
4092
4090
0
0
0
0
0
0
4095
4093
0
0
0
0
0
0
4094
4095
0
0
0
0
0
0
4091
4094
0
0
0
0
0
0
4091
4090
0
0
0
0
0
0
4093
4091
0
0
0
0
0
0
4095
4095
0
0
0
0
0
0
4091
4093
0
0
0
0
0
0
4091
4092
0
0
0
0
0
0
4093
4091
0
0
0
0
0
0
4094
4094
0
0
0
0
0
0
4094
4093
0
0
0
0
0
0
4091
4092
0
0
0
0
0
0
4092
4092
0
0
0
0
0
0
4093
4093
0
0
0
0
0
0
4093
4093
0
0
0
0
0
0
4093
4092
0
0
0
0
0
0
4093
4092
0
0
0
0
0
0
4091
4091
0
0
0
0
0
0
4094
4093
0
0
0
0
0
0
4093
4094
0
0
0
0
0
0
4092
4091
0
0
0
0
0
0
4093
4093
0
0
0
0
0
0
4094
4092
0
0
0
0
0
0
4094
4093
0
0
0
0
0
0
4094
4094
0
0
0
0
0
0
4093
4094
0
0
0
0
0
0
4092
4092
0
0
0
0
0
0
4093
4092
0
0
0
0
0
0
4095
4095
0
0
0
0
0
0
4094
4095
0
0
0
0
0
0
4091
4093
0
0
0
0
0
0
4091
4091
0
0
0
0
0
0
4095
4093
0
0
0
0
0
0
0
4095
0
0
0
0
0
0
4093
4094
0
0
0
0
0
0
4095
4095
0
0
0
0
0
0
0
0
0
0
0
0
0
0
0
0
0
0
0
0
0
0
4095
4095
0
0
0
0
0
0
4095
4095
0
0
0
0
0
0
0
4095
0
0
0
0
0
0
0
0
0
0
0
0
0
0
0
0
0
0
0
0
0
0
4095
4095
0
0
0
0
0
0
0
0
0
0
0
0
0
0
0
0
0
0
0
0
0
0
0
0
0
0
0
0
0
0
0
0
0
0
0
0
0
0
0
0
0
0
0
0
0
0
0
0
0
0
0
0
0
0
0
0
0
0
0
0
0
0
0
0
0
0
0
0
0
0
0
0
0
0
0
0
0
0
0
0
0
0
0
0
0
0
0
0
0
0
0
0
0
0
0
0
0
0
0
0
0
0
0
0
0
0
0
0
0
0
0
0
0
0
0
0
0
0
0
0
0
0
0
0
0
0
0
0
0
0
0
0
0
0
0
0
0
0
0
0
0
0
0
0
0
0
0
0
0
0
0
0
0
0
0
0
0
0
0
0
0
0
0
0
0
0
0
0
0
0
0
0
0
0
0
0
0
0
0
0
0
0
0
0
0
0
0
0
0
0
0
0
0
0
0
0
0
0
0
0
0
0
0
0
0
0
0
0
0
0
0
0
0
0
0
0
0
0
0
0
0
0
0
0
0
0
0
0
0
0
0
0
0
0
0
0
0
0
0
0
0
0
0
0
0
0
0
0
0
0
0
0
0
0
0
0
0
0
0
0
0
0
0
0
0
0
0
0
0
0
0
0
0
0
0
0
0
0
0
0
0
0
0
0
0
0
0
0
0
0
0
0
0
0
0
0
0
0
0
0
0
0
0
0
0
0
0
0
0
0
0
0
0
0
0
0
0
0
0
0
0
0
0
0
0
0
0
0
0
0
0
0
0
0
0
0
0
0
0
0
0
0
0
0
0
0
0
0
0
0
0
0
0
0
0
0
0
0
0
0
0
0
0
0
0
0
0
0
0
0
0
0
0
0
0
0
0
0
0
0
0
0
0
0
0
0
0
0
0
0
0
0
0
0
0
0
0
0
0
0
0
0
0
0
0
0
0
0
0
0
0
0
0
0
0
0
0
0
0
0
0
0
0
0
0
0
0
0
0
0
0
0
0
0
0
0
0
0
0
0
0
0
0
0
0
0
0
0
0
0
0
0
0
0
0
0
0
0
0
0
0
0
0
0
0
0
0
0
0
0
0
0
0
0
0
0
0
0
0
0
0
0
0
0
0
0
0
0
0
0
0
0
0
0
0
0
0
0
0
0
0
0
0
0
0
0
0
0
0
0
0
0
0
0
0
0
0
0
0
0
0
0
0
0
0
0
0
0
0
0
0
0
0
0
0
0
0
0
0
0
0
0
0
0
0
0
0
0
0
0
0
0
0
0
0
0
0
0
0
0
0
0
0
0
0
0
0
0
0
0
0
0
0
0
0
0
0
0
0
0
0
0
0
0
0
0
0
0
0
0
0
0
0
0
0
0
0
0
0
0
0
0
0
0
0
0
0
0
0
0
0
0
0
0
0
0
0
0
0
0
0
0
0
0
0
0
0
0
0
0
0
0
0
0
0
0
0
0
0
0
0
0
0
0
0
0
0
0
0
0
0
0
0
0
0
0
0
0
0
0
0
0
0
0
0
0
0
0
0
0
0
0
0
0
0
0
0
0
0
0
0
0
0
0
0
0
0
0
0
0
0
0
0
0
0
0
0
0
0
0
0
0
0
0
0
0
0
0
0
0
0
0
0
0
0
0
0
0
0
0
0
0
0
0
0
0
0
0
0
0
0
0
0
0
0
0
0
0
0
0
0
0
0
0
0
0
0
0
0
0
0
0
0
0
0
0
0
0
0
0
0
0
0
0
0
0
0
0
0
0
0
0
0
0
0
0
0
0
0
0
0
0
0
0
0
0
0
0
0
0
0
0
0
0
0
0
0
0
0
0
0
0
0
0
0
0
0
0
0
0
0
0
0
0
0
0
0
0
0
0
0
0
0
0
0
0
0
0
0
0
0
0
0
0
0
0
0
0
0
0
0
0
0
0
0
0
0
0
0
0
0
0
0
0
0
0
0
0
0
0
0
0
0
0
0
0
0
0
0
0
0
0
0
0
0
0
0
0
0
0
0
0
0
0
0
0
0
0
0
0
0
0
0
0
0
0
0
0
0
0
0
0
0
0
0
0
0
0
0
0
0
0
0
0
0
0
0
0
0
0
0
0
0
0
0
0
0
0
0
0
0
0
0
0
0
0
0
0
0
0
0
0
0
0
0
0
0
0
0
0
0
0
0
0
0
0
0
0
0
0
0
0
0
0
0
0
0
0
0
0
0
0
0
0
0
0
0
0
0
0
0
0
0
0
0
0
0
0
0
0
0
0
0
0
0
0
0
0
0
0
0
0
0
0
0
0
0
0
0
0
0
0
0
0
0
0
0
0
0
0
0
0
0
0
0
0
0
0
0
0
0
0
0
0
0
0
0
0
0
0
0
0
0
0
0
0
0
0
0
0
0
0
0
0
0
0
0
0
0
0
0
0
0
0
0
0
0
0
0
0
0
0
0
0
0
0
0
0
0
0
0
0
0
0
0
0
0
0
0
0
0
0
0
0
0
0
0
0
0
0
0
0
0
0
0
0
0
0
0
0
0
0
0
0
0
0
0
0
0
0
0
0
0
0
0
0
0
0
0
0
0
0
0
0
0
0
0
0
0
0
0
0
0
0
0
0
0
0
0
0
0
0
0
0
0
0
0
0
0
0
0
0
0
0
0
0
0
0
0
0
0
0
0
0
0
0
0
0
0
0
0
0
0
0
0
0
0
0
0
0
0
0
0
0
0
0
0
0
0
0
0
0
0
0
0
0
0
0
0
0
0
0
0
0
0
0
0
0
0
0
0
0
0
0
0
0
0
0
0
0
0
0
0
0
0
0
0
0
0
0
0
0
0
0
0
0
0
0
0
0
0
0
0
0
0
0
0
0
0
0
0
0
0
0
0
0
0
0
0
0
0
0
0
0
0
0
0
0
0
0
0
0
0
0
0
0
0
0
0
0
0
0
0
0
0
0
0
0
0
0
0
0
0
0
0
0
0
0
0
0
0
0
0
0
0
0
0
0
0
0
0
0
0
0
0
0
0
0
0
0
0
0
0
0
0
0
0
0
0
0
0
0
0
0
0
0
0
0
0
0
0
0
0
0
0
0
0
0
0
0
0
0
0
0
0
0
0
0
0
0
0
0
0
0
0
0
0
0
0
0
0
0
0
0
0
0
0
0
0
0
0
0
0
0
0
0
0
0
0
0
0
0
0
0
0
0
0
0
0
0
0
0
0
0
0
0
0
0
0
0
0
0
0
0
0
0
0
0
0
0
0
0
0
0
0
0
0
0
0
0
0
0
0
0
0
0
0
0
0
0
0
0
0
0
0
0
0
0
0
0
0
0
0
0
0
0
0
0
0
0
0
0
0
0
0
0
0
0
0
0
0
0
0
0
0
0
0
0
0
0
0
0
0
0
0
0
0
0
0
0
0
0
0
0
0
0
0
0
0
0
0
0
0
0
0
0
0
0
0
0
0
0
0
0
0
0
0
0
0
0
0
0
0
0
0
0
0
0
0
0
0
0
0
0
0
0
0
0
0
0
0
0
0
0
0
0
0
0
0
0
0
0
0
0
0
0
0
0
0
0
0
0
0
0
0
0
0
0
0
0
0
0
0
0
0
0
0
0
0
0
0
0
0
0
0
0
0
0
0
0
0
0
0
0
0
0
0
0
0
0
0
0
0
0
0
0
0
0
0
0
0
0
0
0
0
0
0
0
0
0
0
0
0
0
0
0
0
0
0
0
0
0
0
0
0
0
0
0
0
0
0
0
0
0
0
0
0
0
0
0
0
0
0
0
0
0
0
0
0
0
0
0
0
0
0
0
0
0
0
0
0
0
0
0
0
0
0
0
0
0
0
0
0
0
0
0
0
0
0
0
0
0
0
0
0
0
0
0
0
0
0
0
0
0
0
0
0
0
0
0
0
0
0
0
0
0
0
0
0
0
0
0
0
0
0
0
0
0
0
0
0
0
0
0
0
0
0
0
0
0
0
0
0
0
0
0
0
0
0
0
0
0
0
0
0
0
0
0
0
0
0
0
0
0
0
0
0
0
0
0
0
0
0
0
0
0
0
0
0
0
0
0
0
0
0
0
0
0
0
0
0
0
0
0
0
0
0
0
0
0
0
0
0
0
0
0
0
0
0
0
0
0
0
0
0
0
0
0
0
0
0
0
0
0
0
0
0
0
0
0
0
0
0
0
0
0
0
0
0
0
0
0
0
0
0
0
0
0
0
0
0
0
0
0
0
0
0
0
0
0
0
0
0
0
0
0
0
0
0
0
0
0
0
0
0
0
0
0
0
0
0
0
0
0
0
0
0
0
0
0
0
0
0
0
0
0
0
0
0
0
0
0
0
0
0
0
0
0
0
0
0
0
0
0
0
0
0
0
0
0
0
0
0
0
0
0
0
0
0
0
0
0
0
0
0
0
0
0
0
0
0
0
0
0
0
0
0
0
0
0
0
0
0
0
0
0
0
0
0
0
0
0
0
0
0
0
0
0
0
0
0
0
0
0
0
0
0
0
0
0
0
0
0
0
0
0
0
0
0
0
0
0
0
0
0
0
0
0
0
0
0
0
0
0
0
0
0
0
0
0
0
0
0
0
0
0
0
0
0
0
0
0
0
0
0
0
0
0
0
0
0
0
0
0
0
0
0
0
0
0
0
0
0
0
0
0
0
0
0
0
0
0
0
0
0
0
0
0
0
0
0
0
0
0
0
0
0
0
0
0
0
0
0
0
0
0
0
0
0
0
0
0
0
0
0
0
0
0
0
0
0
0
0
0
0
0
0
0
0
0
0
0
0
0
0
0
0
0
0
0
0
0
0
0
0
0
0
0
0
0
0
0
0
0
0
0
0
0
0
0
0
0
0
0
0
0
0
0
0
0
0
0
0
0
0
0
0
0
0
0
0
0
0
0
0
0
0
0
0
0
0
0
0
0
0
0
0
0
0
0
0
0
0
0
0
0
0
0
0
0
0
0
0
0
0
0
0
0
0
0
0
0
0
0
0
0
0
0
0
0
0
0
0
0
0
0
0
0
0
0
0
0
0
0
0
0
0
0
0
0
0
0
0
0
0
0
0
0
0
0
0
0
0
0
0
0
0
0
0
0
0
0
0
0
0
0
0
0
0
0
0
0
0
0
0
0
0
0
0
0
0
0
0
0
0
0
0
0
0
0
0
0
0
0
0
0
0
0
0
0
0
0
0
0
0
0
0
0
0
0
0
0
0
0
0
0
0
0
0
0
0
0
0
0
0
0
0
0
0
0
0
0
0
0
0
0
0
0
0
0
0
0
0
0
0
0
0
0
0
0
0
0
0
0
0
0
0
0
0
0
0
0
0
0
0
0
0
0
0
0
0
0
0
0
0
0
0
0
0
0
0
0
0
0
0
0
0
0
0
0
0
0
0
0
0
0
0
0
0
0
0
0
0
0
0
0
0
0
0
0
0
0
0
0
0
0
0
0
0
0
0
0
0
0
0
0
0
0
0
0
0
0
0
0
0
0
0
0
0
0
0
0
0
0
0
0
0
0
0
0
0
0
0
0
0
0
0
0
0
0
0
0
0
0
0
0
0
0
0
0
0
0
0
0
0
0
0
0
0
0
0
0
0
0
0
0
0
0
0
0
0
0
0
0
0
0
0
0
0
0
0
0
0
0
0
0
0
0
0
0
0
0
0
0
0
0
0
0
0
0
0
0
0
0
0
0
0
0
0
0
0
0
0
0
0
0
0
0
0
0
0
0
0
0
0
0
0
0
0
0
0
0
0
0
0
0
0
0
0
0
0
0
0
0
0
0
0
0
0
0
0
0
0
0
0
0
0
0
0
0
0
0
0
0
0
0
0
0
0
0
0
0
0
0
0
0
0
0
0
0
0
0
0
0
0
0
0
0
0
0
0
0
0
0
0
0
0
0
0
0
0
0
0
0
0
0
0
0
0
0
0
0
0
0
0
0
0
0
0
0
0
0
0
0
0
0
0
0
0
0
0
0
0
0
0
0
0
0
0
0
0
0
0
0
0
0
0
0
0
0
0
0
0
0
0
0
0
0
0
0
0
0
0
0
0
0
0
0
0
0
0
0
0
0
0
0
0
0
0
0
0
0
0
0
0
0
0
0
0
0
0
0
0
0
0
0
0
0
0
0
0
0
0
0
0
0
0
0
0
0
0
0
0
0
0
0
0
0
0
0
0
0
0
0
0
0
0
0
0
0
0
0
0
0
0
0
0
0
0
0
0
0
0
0
0
0
0
0
0
0
0
0
0
0
0
0
0
0
0
0
0
0
0
0
0
0
0
0
0
0
0
0
0
0
0
0
0
0
0
0
0
0
0
0
0
0
0
0
0
0
0
0
0
0
0
0
0
0
0
0
0
0
0
0
0
0
0
0
0
0
0
0
0
0
0
0
0
0
0
0
0
0
0
0
0
0
0
0
0
0
0
0
0
0
0
0
0
0
0
0
0
0
0
0
0
0
0
0
0
0
0
0
0
0
0
0
0
0
0
0
0
0
0
0
0
0
0
0
0
0
0
0
0
0
0
0
0
0
0
0
0
0
0
0
0
0
0
0
0
0
0
0
0
0
0
0
0
0
0
0
0
0
0
0
0
0
0
0
0
0
0
0
0
0
0
0
0
0
0
0
0
0
0
0
0
0
0
0
0
0
0
0
0
0
0
0
0
0
0
0
0
0
0
0
0
0
0
0
0
0
0
0
0
0
0
0
0
0
0
0
0
0
0
0
0
0
0
0
0
0
0
0
0
0
0
0
0
0
0
0
0
0
0
0
0
0
0
0
0
0
0
0
0
0
0
0
0
0
0
0
0
0
0
0
0
0
0
0
0
0
0
0
0
0
0
0
0
0
0
0
0
0
0
0
0
0
0
0
0
0
0
0
0
0
0
0
0
0
0
0
0
0
0
0
0
0
0
0
0
0
0
0
0
0
0
0
0
0
0
0
0
0
0
0
0
0
0
0
0
0
0
0
0
0
0
0
0
0
0
0
0
0
0
0
0
0
0
0
0
0
0
0
0
0
0
0
0
0
0
0
0
0
0
0
0
0
0
0
0
0
0
0
0
0
0
0
0
0
0
0
0
0
0
0
0
0
0
0
0
0
0
0
0
0
0
0
0
0
0
0
0
0
0
0
0
0
0
0
0
0
0
0
0
0
0
0
0
0
0
0
0
0
0
0
0
0
0
0
0
0
0
0
0
0
0
0
0
0
0
0
0
0
0
0
0
0
0
0
0
0
0
0
0
0
0
0
0
0
0
0
0
0
0
0
0
0
0
0
0
0
0
0
0
0
0
0
0
0
0
0
0
0
0
0
0
0
0
0
0
0
0
0
0
0
0
0
0
0
0
0
0
0
0
0
0
0
0
0
0
0
0
0
0
0
0
0
0
0
0
0
0
0
0
0
0
0
0
0
0
0
0
0
0
0
0
0
0
0
0
0
0
0
0
0
0
0
0
0
0
0
0
0
0
0
0
0
0
0
0
0
0
0
0
0
0
0
0
0
0
0
0
0
0
0
0
0
0
0
0
0
0
0
0
0
0
0
0
0
0
0
0
0
0
0
0
0
0
0
0
0
0
0
0
0
0
0
0
0
0
0
0
0
0
0
0
0
0
0
0
0
0
0
0
0
0
0
0
0
0
0
0
0
0
0
0
0
0
0
0
0
0
0
0
0
0
0
0
0
0
0
0
0
0
0
0
0
0
0
0
0
0
0
0
0
0
0
0
0
0
0
0
0
0
0
0
0
0
0
0
0
0
0
0
0
0
0
0
0
0
0
0
0
0
0
0
0
0
0
0
0
0
0
0
0
0
0
0
0
0
0
0
0
0
0
0
0
0
0
0
0
0
0
0
0
0
0
0
0
0
0
0
0
0
0
0
0
0
0
0
0
0
0
0
0
0
0
0
0
0
0
0
0
0
0
0
0
0
0
0
0
0
0
0
0
0
0
0
0
0
0
0
0
0
0
0
0
0
0
0
0
0
0
0
0
0
0
0
0
0
0
0
0
0
0
0
0
0
0
0
0
0
0
0
0
0
0
0
0
0
0
0
0
0
0
0
0
0
0
0
0
0
0
0
0
0
0
0
0
0
0
0
0
0
0
0
0
0
0
0
0
0
0
0
0
0
0
0
0
0
0
0
0
0
0
0
0
0
0
0
0
0
0
0
0
0
0
0
0
0
0
0
0
0
0
0
0
0
0
0
0
0
0
0
0
0
0
0
0
0
0
0
0
0
0
0
0
0
0
0
0
0
0
0
0
0
0
0
0
0
0
0
0
0
0
0
0
0
0
0
0
0
0
0
0
0
0
0
0
0
0
0
0
0
0
0
0
0
0
0
0
0
0
0
0
0
0
0
0
0
0
0
0
0
0
0
0
0
0
0
0
0
0
0
0
0
0
0
0
0
0
0
0
0
0
0
0
0
0
0
0
0
0
0
0
0
0
0
0
0
0
0
0
0
0
0
0
0
0
0
0
0
0
0
0
0
0
0
0
0
0
0
0
0
0
0
0
0
0
0
0
0
0
0
0
0
0
0
0
0
0
0
0
0
0
0
0
0
0
0
0
0
0
0
0
0
0
0
0
0
0
0
0
0
0
0
0
0
0
0
0
0
0
0
0
0
0
0
0
0
0
0
0
0
0
0
0
0
0
0
0
0
0
0
0
0
0
0
0
0
0
0
0
0
0
0
0
0
0
0
0
0
0
0
0
0
0
0
0
0
0
0
0
0
0
0
0
0
0
0
0
0
0
0
0
0
0
0
0
0
0
0
0
0
0
0
0
0
0
0
0
0
0
0
0
0
0
0
0
0
0
0
0
0
0
0
0
0
0
0
0
0
0
0
0
0
0
0
0
0
0
0
0
0
0
0
0
0
0
0
0
0
0
0
0
0
0
0
0
0
0
0
0
0
0
0
0
0
0
0
0
0
0
0
0
0
0
0
0
0
0
0
0
0
0
0
0
0
0
0
0
0
0
0
0
0
0
0
0
0
0
0
0
0
0
0
0
0
0
0
0
0
0
0
0
0
0
0
0
0
0
0
0
0
0
0
0
0
0
0
0
0
0
0
0
0
0
0
0
0
0
0
0
0
0
0
0
0
0
0
0
0
0
0
0
0
0
0
0
0
0
0
0
0
0
0
0
0
0
0
0
0
0
0
0
0
0
0
0
0
0
0
0
0
0
0
0
0
0
0
0
0
0
0
0
0
0
0
0
0
0
0
0
0
0
0
0
0
0
0
0
0
0
0
0
0
0
0
0
0
0
0
0
0
0
0
0
0
0
0
0
0
0
0
0
0
0
0
0
0
0
0
0
0
0
0
0
0
0
0
0
0
0
0
0
0
0
0
0
0
0
0
0
0
0
0
0
0
0
0
0
0
0
0
0
0
0
0
0
0
0
0
0
0
0
0
0
0
0
0
0
0
0
0
0
0
0
0
0
0
0
0
0
0
0
0
0
0
0
0
0
0
0
0
0
0
0
0
0
0
0
0
0
0
0
0
0
0
0
0
0
0
0
0
0
0
0
0
0
0
0
0
0
0
0
0
0
0
0
0
0
0
0
0
0
0
0
0
0
0
0
0
0
0
0
0
0
0
0
0
0
0
0
0
0
0
0
0
0
0
0
0
0
0
0
0
0
0
0
0
0
0
0
0
0
0
0
0
0
0
0
0
0
0
0
0
0
0
0
0
0
0
0
0
0
0
0
0
0
0
0
0
0
0
0
0
0
0
0
0
0
0
0
0
0
0
0
0
0
0
0
0
0
0
0
0
0
0
0
0
0
0
0
0
0
0
0
0
0
0
0
0
0
0
0
0
0
0
0
0
0
0
0
0
0
0
0
0
0
0
0
0
0
0
0
0
0
0
0
0
0
0
0
0
0
0
0
0
0
0
0
0
0
0
0
0
0
0
0
0
0
0
0
0
0
0
0
0
0
0
0
0
0
0
0
0
0
0
0
0
0
0
0
0
0
0
0
0
0
0
0
0
0
0
0
0
0
0
0
0
0
0
0
0
0
0
0
0
0
0
0
0
0
0
0
0
0
0
0
0
0
0
0
0
0
0
0
0
0
0
0
0
0
0
0
0
0
0
0
0
0
0
0
0
0
0
0
0
0
0
0
0
0
0
0
0
0
0
0
0
0
0
0
0
0
0
0
0
0
0
0
0
0
0
0
0
0
0
0
0
0
0
0
0
0
0
0
0
0
0
0
0
0
0
0
0
0
0
0
0
0
0
0
0
0
0
0
0
0
0
0
0
0
0
0
0
0
0
0
0
0
0
0
0
0
0
0
0
0
0
0
0
0
0
0
0
0
0
0
0
0
0
0
0
0
0
0
0
0
0
0
0
0
0
0
0
0
0
0
0
0
0
0
0
0
0
0
0
0
0
0
0
0
0
0
0
0
0
0
0
0
0
0
0
0
0
0
0
0
0
0
0
0
0
0
0
0
0
0
0
0
0
0
0
0
0
0
0
0
0
0
0
0
0
0
0
0
0
0
0
0
0
0
0
0
0
0
0
0
0
0
0
0
0
0
0
0
0
0
0
0
0
0
0
0
0
0
0
0
0
0
0
0
0
0
0
0
0
0
0
0
0
0
0
0
0
0
0
0
0
0
0
0
0
0
0
0
0
0
0
0
0
0
0
0
0
0
0
0
0
0
0
0
0
0
0
0
0
0
0
0
0
0
0
0
0
0
0
0
0
0
0
0
0
0
0
0
0
0
0
0
0
0
0
0
0
0
0
0
0
0
0
0
0
0
0
0
0
0
0
0
0
0
0
0
0
0
0
0
0
0
0
0
0
0
0
0
0
0
0
0
0
0
0
0
0
0
0
0
0
0
0
0
0
0
0
0
0
0
0
0
0
0
0
0
0
0
0
0
0
0
0
0
0
0
0
0
0
0
0
0
0
0
0
0
0
0
0
0
0
0
0
0
0
0
0
0
0
0
0
0
0
0
0
0
0
0
0
0
0
0
0
0
0
0
0
0
0
0
0
0
0
0
0
0
0
0
0
0
0
0
0
0
0
0
0
0
0
0
0
0
0
0
0
0
0
0
0
0
0
0
0
0
0
0
0
0
0
0
0
0
0
0
0
0
0
0
0
0
0
0
0
0
0
0
0
0
0
0
0
0
0
0
0
0
0
0
0
0
0
0
0
0
0
0
0
0
0
0
0
0
0
0
0
0
0
0
0
0
0
0
0
0
0
0
0
0
0
0
0
0
0
0
0
0
0
0
0
0
0
0
0
0
0
0
0
0
0
0
0
0
0
0
0
0
0
0
0
0
0
0
0
0
0
0
0
0
0
0
0
0
0
0
0
0
0
0
0
0
0
0
0
0
0
0
0
0
0
0
0
0
0
0
0
0
0
0
0
0
0
0
0
0
0
0
0
0
0
0
0
0
0
0
0
0
0
0
0
0
0
0
0
0
0
0
0
0
0
0
0
0
0
0
0
0
0
0
0
0
0
0
0
0
0
0
0
0
0
0
0
0
0
0
0
0
0
0
0
0
0
0
0
0
0
0
0
0
0
0
0
0
0
0
0
0
0
0
0
0
0
0
0
0
0
0
0
0
0
0
0
0
0
0
0
0
0
0
0
0
0
0
0
0
0
0
0
0
0
0
0
0
0
0
0
0
0
0
0
0
0
0
0
0
0
0
0
0
0
0
0
0
0
0
0
0
0
0
0
0
0
0
0
0
0
0
0
0
0
0
0
0
0
0
0
0
0
0
0
0
0
0
0
0
0
0
0
0
0
0
0
0
0
0
0
0
0
0
0
0
0
0
0
0
0
0
0
0
0
0
0
0
0
0
0
0
0
0
0
0
0
0
0
0
0
0
0
0
0
0
0
0
0
0
0
0
0
0
0
0
0
0
0
0
0
0
0
0
0
0
0
0
0
0
0
0
0
0
0
0
0
0
0
0
0
0
0
0
0
0
0
0
0
0
0
0
0
0
0
0
0
0
0
0
0
0
0
0
0
0
0
0
0
0
0
0
0
0
0
0
0
0
0
0
0
0
0
0
0
0
0
0
0
0
0
0
0
0
0
0
0
0
0
0
0
0
0
0
0
0
0
0
0
0
0
0
0
0
0
0
0
0
0
0
0
0
0
0
0
0
0
0
0
0
0
0
0
0
0
0
0
0
0
0
0
0
0
0
0
0
0
0
0
0
0
0
0
0
0
0
0
0
0
0
0
0
0
0
0
0
0
0
0
0
0
0
0
0
0
0
0
0
0
0
0
0
0
0
0
0
0
0
0
0
0
0
0
0
0
0
0
0
0
0
0
0
0
0
0
0
0
0
0
0
0
0
0
0
0
0
0
0
0
0
0
0
0
0
0
0
0
0
0
0
0
0
0
0
0
0
0
0
0
0
0
0
0
0
0
0
0
0
0
0
0
0
0
0
0
0
0
0
0
0
0
0
0
0
0
0
0
0
0
0
0
0
0
0
0
0
0
0
0
0
0
0
0
0
0
0
0
0
0
0
0
0
0
0
0
0
0
0
0
0
0
0
0
0
0
0
0
0
0
0
0
0
0
0
0
0
0
0
0
0
0
0
0
0
0
0
0
0
0
0
0
0
0
0
0
0
0
0
0
0
0
0
0
0
0
0
0
0
0
0
0
0
0
0
0
0
0
0
0
0
0
0
0
0
0
0
0
0
0
0
0
0
0
0
0
0
0
0
0
0
0
0
0
0
0
0
0
0
0
0
0
0
0
0
0
0
0
0
0
0
0
0
0
0
0
0
0
0
0
0
0
0
0
0
0
0
0
0
0
0
0
0
0
0
0
0
0
0
0
0
0
0
0
0
0
0
0
0
0
0
0
0
0
0
0
0
0
0
0
0
0
0
0
0
0
0
0
0
0
0
0
0
0
0
0
0
0
0
0
0
0
0
0
0
0
0
0
0
0
0
0
0
0
0
0
0
0
0
0
0
0
0
0
0
0
0
0
0
0
0
0
0
0
0
0
0
0
0
0
0
0
0
0
0
0
0
0
0
0
0
0
0
0
0
0
0
0
0
0
0
0
0
0
0
0
0
0
0
0
0
0
0
0
0
0
0
0
0
0
0
0
0
0
0
0
0
0
0
0
0
0
0
0
0
0
0
0
0
0
0
0
0
0
0
0
0
0
0
0
0
0
0
0
0
0
0
0
0
0
0
0
0
0
0
0
0
0
0
0
0
0
0
0
0
0
0
0
0
0
0
0
0
0
0
0
0
0
0
0
0
0
0
0
0
0
0
0
0
0
0
0
0
0
0
0
0
0
0
0
0
0
0
0
0
0
0
0
0
0
0
0
0
0
0
0
0
0
0
0
0
0
0
0
0
0
0
0
0
0
0
0
0
0
0
0
0
0
0
0
0
0
0
0
0
0
0
0
0
0
0
0
0
0
0
0
0
0
0
0
0
0
0
0
0
0
0
0
0
0
0
0
0
0
0
0
0
0
0
0
0
0
0
0
0
0
0
0
0
0
0
0
0
0
0
0
0
0
0
0
0
0
0
0
0
0
0
0
0
0
0
0
0
0
0
0
0
0
0
0
0
0
0
0
0
0
0
0
0
0
0
0
0
0
0
0
0
0
0
0
0
0
0
0
0
0
0
0
0
0
0
0
0
0
0
0
0
0
0
0
0
0
0
0
0
0
0
0
0
0
0
0
0
0
0
0
0
0
0
0
0
0
0
0
0
0
0
0
0
0
0
0
0
0
0
0
0
0
0
0
0
0
0
0
0
0
0
0
0
0
0
0
0
0
0
0
0
0
0
0
0
0
0
0
0
0
0
0
0
0
0
0
0
0
0
0
0
0
0
0
0
0
0
0
0
0
0
0
0
0
0
0
0
0
0
0
0
0
0
0
0
0
0
0
0
0
0
0
0
0
0
0
0
0
0
0
0
0
0
0
0
0
0
0
0
0
0
0
0
0
0
0
0
0
0
0
0
0
0
0
0
0
0
0
0
0
0
0
0
0
0
0
0
0
0
0
0
0
0
0
0
0
0
0
0
0
0
0
0
0
0
0
0
0
0
0
0
0
0
0
0
0
0
0
0
0
0
0
0
0
0
0
0
0
0
0
0
0
0
0
0
0
0
0
0
0
0
0
0
0
0
0
0
0
0
0
0
0
0
0
0
0
0
0
0
0
0
0
0
0
0
0
0
0
0
0
0
0
0
0
0
0
0
0
0
0
0
0
0
0
0
0
0
0
0
0
0
0
0
0
0
0
0
0
0
0
0
0
0
0
0
0
0
0
0
0
0
0
0
0
0
0
0
0
0
0
0
0
0
0
0
0
0
0
0
0
0
0
0
0
0
0
0
0
0
0
0
0
0
0
0
0
0
0
0
0
0
0
0
0
0
0
0
0
0
0
0
0
0
0
0
0
0
0
0
0
0
0
0
0
0
0
0
0
0
0
0
0
0
0
0
0
0
0
0
0
0
0
0
0
0
0
0
0
0
0
0
0
0
0
0
0
0
0
0
0
0
0
0
0
0
0
0
0
0
0
0
0
0
0
0
0
0
0
0
0
0
0
0
0
0
0
0
0
0
0
0
0
0
0
0
0
0
0
0
0
0
0
0
0
0
0
0
0
0
0
0
0
0
0
0
0
0
0
0
0
0
0
0
0
0
0
0
0
0
0
0
0
0
0
0
0
0
0
0
0
0
0
0
0
0
0
0
0
0
0
0
0
0
0
0
0
0
0
0
0
0
0
0
0
0
0
0
0
0
0
0
0
0
0
0
0
0
0
0
0
0
0
0
0
0
0
0
0
0
0
0
0
0
0
0
0
0
0
0
0
0
0
0
0
0
0
0
0
0
0
0
0
0
0
0
0
0
0
0
0
0
0
0
0
0
0
0
0
0
0
0
0
0
0
0
0
0
0
0
0
0
0
0
0
0
0
0
0
0
0
0
0
0
0
0
0
0
0
0
0
0
0
0
0
0
0
0
0
0
0
0
0
0
0
0
0
0
0
0
0
0
0
0
0
0
0
0
0
0
0
0
0
0
0
0
0
0
0
0
0
0
0
0
0
0
0
0
0
0
0
0
0
0
0
0
0
0
0
0
0
0
0
0
0
0
0
0
0
0
0
0
0
0
0
0
0
0
0
0
0
0
0
0
0
0
0
0
0
0
0
0
0
0
0
0
0
0
0
0
0
0
0
0
0
0
0
0
0
0
0
0
0
0
0
0
0
0
0
0
0
0
0
0
0
0
0
0
0
0
0
0
0
0
0
0
0
0
0
0
0
0
0
0
0
0
0
0
0
0
0
0
0
0
0
0
0
0
0
0
0
0
0
0
0
0
0
0
0
0
0
0
0
0
0
0
0
0
0
0
0
0
0
0
0
0
0
0
0
0
0
0
0
0
0
0
0
0
0
0
0
0
0
0
0
0
0
0
0
0
0
0
0
0
0
0
0
0
0
0
0
0
0
0
0
0
0
0
0
0
0
0
0
0
0
0
0
0
0
0
0
0
0
0
0
0
0
0
0
0
0
0
0
0
0
0
0
0
0
0
0
0
0
0
0
0
0
0
0
0
0
0
0
0
0
0
0
0
0
0
0
0
0
0
0
0
0
0
0
0
0
0
0
0
0
0
0
0
0
0
0
0
0
0
0
0
0
0
0
0
0
0
0
0
0
0
0
0
0
0
0
0
0
0
0
0
0
0
0
0
0
0
0
0
0
0
0
0
0
0
0
0
0
0
0
0
0
0
0
0
0
0
0
0
0
0
0
0
0
0
0
0
0
0
0
0
0
0
0
0
0
0
0
0
0
0
0
0
0
0
0
0
0
0
0
0
0
0
0
0
0
0
0
0
0
0
0
0
0
0
0
0
0
0
0
0
0
0
0
0
0
0
0
0
0
0
0
0
0
0
0
0
0
0
0
0
0
0
0
0
0
0
0
0
0
0
0
0
0
0
0
0
0
0
0
0
0
0
0
0
0
0
0
0
0
0
0
0
0
0
0
0
0
0
0
0
0
0
0
0
0
0
0
0
0
0
0
0
0
0
0
0
0
0
0
0
0
0
0
0
0
0
0
0
0
0
0
0
0
0
0
0
0
0
0
0
0
0
0
0
0
0
0
0
0
0
0
0
0
0
0
0
0
0
0
0
0
0
0
0
0
0
0
0
0
0
0
0
0
0
0
0
0
0
0
0
0
0
0
0
0
0
0
0
0
0
0
0
0
0
0
0
0
0
0
0
0
0
0
0
0
0
0
0
0
0
0
0
0
0
0
0
0
0
0
0
0
0
0
0
0
0
0
0
0
0
0
0
0
0
0
0
0
0
0
0
0
0
0
0
0
0
0
0
0
0
0
0
0
0
0
0
0
0
0
0
0
0
0
0
0
0
0
0
0
0
0
0
0
0
0
0
0
0
0
0
0
0
0
0
0
0
0
0
0
0
0
0
0
0
0
0
0
0
0
0
0
0
0
0
0
0
0
0
0
0
0
0
0
0
0
0
0
0
0
0
0
0
0
0
0
0
0
0
0
0
0
0
0
0
0
0
0
0
0
0
0
0
0
0
0
0
0
0
0
0
0
0
0
0
0
0
0
0
0
0
0
0
0
0
0
0
0
0
0
0
0
0
0
0
0
0
0
0
0
0
0
0
0
0
0
0
0
0
0
0
0
0
0
0
0
0
0
0
0
0
0
0
0
0
0
0
0
0
0
0
0
0
0
0
0
0
0
0
0
0
0
0
0
0
0
0
0
0
0
0
0
0
0
0
0
0
0
0
0
0
0
0
0
0
0
0
0
0
0
0
0
0
0
0
0
0
0
0
0
0
0
0
0
0
0
0
0
0
0
0
0
0
0
0
0
0
0
0
0
0
0
0
0
0
0
0
0
0
0
0
0
0
0
0
0
0
0
0
0
0
0
0
0
0
0
0
0
0
0
0
0
0
0
0
0
0
0
0
0
0
0
0
0
0
0
0
0
0
0
0
0
0
0
0
0
0
0
0
0
0
0
0
0
0
0
0
0
0
0
0
0
0
0
0
0
0
0
0
0
0
0
0
0
0
0
0
0
0
0
0
0
0
0
0
0
0
0
0
0
0
0
0
0
0
0
0
0
0
0
0
0
0
0
0
0
0
0
0
0
0
0
0
0
0
0
0
0
0
0
0
0
0
0
0
0
0
0
0
0
0
0
0
0
0
0
0
0
0
0
0
0
0
0
0
0
0
0
0
0
0
0
0
0
0
0
0
0
0
0
0
0
0
0
0
0
0
0
0
0
0
0
0
0
0
0
0
0
0
0
0
0
0
0
0
0
0
0
0
0
0
0
0
0
0
0
0
0
0
0
0
0
0
0
0
0
0
0
0
0
0
0
0
0
0
0
0
0
0
0
0
0
0
0
0
0
0
0
0
0
0
0
0
0
0
0
0
0
0
0
0
0
0
0
0
0
0
0
0
0
0
0
0
0
0
0
0
0
0
0
0
0
0
0
0
0
0
0
0
0
0
0
0
0
0
0
0
0
0
0
0
0
0
0
0
0
0
0
0
0
0
0
0
0
0
0
0
0
0
0
0
0
0
0
0
0
0
0
0
0
0
