0
0
0
0
0
0
0
0
0
0
0
0
0
0
0
0
0
0
0
0
0
0
0
0
0
0
0
0
0
0
0
0
0
0
0
0
0
0
0
0
0
0
0
0
0
0
0
0
0
0
0
0
0
0
0
0
0
0
0
0
0
0
0
0
0
0
0
0
0
0
0
0
0
0
0
0
0
0
0
0
0
0
0
0
0
0
0
0
0
0
0
0
0
0
0
0
0
0
0
0
0
0
0
0
0
0
0
0
0
0
0
0
0
0
0
0
0
0
0
0
0
0
0
0
0
0
0
0
0
0
0
0
0
0
0
0
0
0
0
0
0
0
0
0
0
0
0
0
0
0
0
0
0
0
0
0
0
0
0
0
0
0
0
0
0
0
0
0
0
0
0
0
0
0
0
0
0
0
0
0
0
0
0
0
4094
4095
0
0
0
0
0
0
4095
4094
0
0
0
0
0
0
4093
4095
0
0
0
0
0
0
4094
4094
0
0
0
0
0
0
4095
4094
0
0
0
0
0
0
4094
4095
0
0
0
0
0
0
4095
4095
0
0
0
0
0
0
4094
4095
0
0
0
0
0
0
4095
4093
0
0
0
0
0
0
4093
4095
0
0
0
0
0
0
4094
4093
0
0
0
0
0
0
0
0
0
0
0
0
0
0
4091
4092
0
0
0
0
0
0
0
4094
0
0
0
0
0
0
4092
4095
0
0
0
0
0
0
4094
4091
0
0
0
0
0
0
4092
1
0
0
0
0
0
0
4092
4090
0
0
0
0
0
0
0
1
0
0
0
0
0
0
4090
4091
0
0
0
0
0
0
1
4092
0
0
0
0
0
0
4089
0
0
0
0
0
0
0
4095
4088
0
0
0
0
0
0
4092
4
0
0
0
0
0
0
4090
4087
0
0
0
0
0
0
4
3
0
0
0
0
0
0
4086
4091
0
0
0
0
0
0
5
4092
0
0
0
0
0
0
4088
3
0
0
0
0
0
0
1
4084
0
0
0
0
0
0
4095
8
0
0
0
0
0
0
4087
4083
0
0
0
0
0
0
8
6
0
0
0
0
0
0
4079
4089
0
0
0
0
0
0
10
4090
0
0
0
0
0
0
4084
6
0
0
0
0
0
0
1
4080
0
0
0
0
0
0
0
13
0
0
0
0
0
0
4083
4079
0
0
0
0
0
0
14
9
0
0
0
0
0
0
4074
4090
0
0
0
0
0
0
16
4090
0
0
0
0
0
0
4081
10
0
0
0
0
0
0
0
4073
0
0
0
0
0
0
4
19
0
0
0
0
0
0
4076
4073
0
0
0
0
0
0
22
12
0
0
0
0
0
0
4068
4090
0
0
0
0
0
0
21
4086
0
0
0
0
0
0
4078
17
0
0
0
0
0
0
1
4066
0
0
0
0
0
0
8
27
0
0
0
0
0
0
4068
4067
0
0
0
0
0
0
30
13
0
0
0
0
0
0
4059
4091
0
0
0
0
0
0
25
4080
0
0
0
0
0
0
4078
25
0
0
0
0
0
0
4093
4056
0
0
0
0
0
0
14
34
0
0
0
0
0
0
4060
4062
0
0
0
0
0
0
40
14
0
0
0
0
0
0
4050
4094
0
0
0
0
0
0
29
4071
0
0
0
0
0
0
4077
36
0
0
0
0
0
0
4088
4047
0
0
0
0
0
0
24
44
0
0
0
0
0
0
4049
4057
0
0
0
0
0
0
49
14
0
0
0
0
0
0
4043
4
0
0
0
0
0
0
36
4064
0
0
0
0
0
0
4078
46
0
0
0
0
0
0
4082
4036
0
0
0
0
0
0
33
52
0
0
0
0
0
0
4038
4054
0
0
0
0
0
0
62
13
0
0
0
0
0
0
4035
10
0
0
0
0
0
0
38
4052
0
0
0
0
0
0
4081
59
0
0
0
0
0
0
4074
4025
0
0
0
0
0
0
45
61
0
0
0
0
0
0
4024
4050
0
0
0
0
0
0
73
11
0
0
0
0
0
0
4026
19
0
0
0
0
0
0
39
4040
0
0
0
0
0
0
4085
72
0
0
0
0
0
0
4065
4013
0
0
0
0
0
0
59
68
0
0
0
0
0
0
4010
4049
0
0
0
0
0
0
84
5
0
0
0
0
0
0
4020
31
0
0
0
0
0
0
41
4026
0
0
0
0
0
0
4091
88
0
0
0
0
0
0
4053
4001
0
0
0
0
0
0
75
75
0
0
0
0
0
0
3995
4050
0
0
0
0
0
0
98
4095
0
0
0
0
0
0
4013
42
0
0
0
0
0
0
40
4010
0
0
0
0
0
0
3
103
0
0
0
0
0
0
4038
3988
0
0
0
0
0
0
92
81
0
0
0
0
0
0
3978
4051
0
0
0
0
0
0
109
4086
0
0
0
0
0
0
4009
57
0
0
0
0
0
0
36
3994
0
0
0
0
0
0
15
120
0
0
0
0
0
0
4021
3976
0
0
0
0
0
0
110
84
0
0
0
0
0
0
3962
4056
0
0
0
0
0
0
120
4073
0
0
0
0
0
0
4006
77
0
0
0
0
0
0
30
3974
0
0
0
0
0
0
28
135
0
0
0
0
0
0
4002
3966
0
0
0
0
0
0
130
87
0
0
0
0
0
0
3944
4062
0
0
0
0
0
0
130
4057
0
0
0
0
0
0
4004
95
0
0
0
0
0
0
20
3953
0
0
0
0
0
0
45
152
0
0
0
0
0
0
3982
3958
0
0
0
0
0
0
152
88
0
0
0
0
0
0
3929
4072
0
0
0
0
0
0
138
4040
0
0
0
0
0
0
4007
116
0
0
0
0
0
0
10
3933
0
0
0
0
0
0
65
169
0
0
0
0
0
0
3959
3949
0
0
0
0
0
0
173
83
0
0
0
0
0
0
3911
4083
0
0
0
0
0
0
144
4020
0
0
0
0
0
0
4011
139
0
0
0
0
0
0
4090
3910
0
0
0
0
0
0
87
184
0
0
0
0
0
0
3934
3943
0
0
0
0
0
0
194
79
0
0
0
0
0
0
3898
4
0
0
0
0
0
0
149
3997
0
0
0
0
0
0
4019
164
0
0
0
0
0
0
4073
3889
0
0
0
0
0
0
111
197
0
0
0
0
0
0
3906
3939
0
0
0
0
0
0
217
70
0
0
0
0
0
0
3884
23
0
0
0
0
0
0
151
3972
0
0
0
0
0
0
4030
192
0
0
0
0
0
0
4050
3866
0
0
0
0
0
0
139
211
0
0
0
0
0
0
3880
3940
0
0
0
0
0
0
238
57
0
0
0
0
0
0
3874
45
0
0
0
0
0
0
148
3945
0
0
0
0
0
0
4044
218
0
0
0
0
0
0
4026
3846
0
0
0
0
0
0
168
220
0
0
0
0
0
0
3852
3943
0
0
0
0
0
0
259
42
0
0
0
0
0
0
3866
71
0
0
0
0
0
0
142
3915
0
0
0
0
0
0
4063
245
0
0
0
0
0
0
3999
3826
0
0
0
0
0
0
198
228
0
0
0
0
0
0
3824
3949
0
0
0
0
0
0
278
22
0
0
0
0
0
0
3859
99
0
0
0
0
0
0
134
3884
0
0
0
0
0
0
4085
273
0
0
0
0
0
0
3969
3809
0
0
0
0
0
0
232
232
0
0
0
0
0
0
3797
3960
0
0
0
0
0
0
295
0
0
0
0
0
0
0
3857
130
0
0
0
0
0
0
121
3852
0
0
0
0
0
0
15
301
0
0
0
0
0
0
3935
3791
0
0
0
0
0
0
265
233
0
0
0
0
0
0
3770
3974
0
0
0
0
0
0
310
4070
0
0
0
0
0
0
3857
163
0
0
0
0
0
0
102
3816
0
0
0
0
0
0
44
326
0
0
0
0
0
0
3899
3779
0
0
0
0
0
0
301
231
0
0
0
0
0
0
3744
3993
0
0
0
0
0
0
321
4038
0
0
0
0
0
0
3863
200
0
0
0
0
0
0
82
3783
0
0
0
0
0
0
77
352
0
0
0
0
0
0
3862
3769
0
0
0
0
0
0
335
225
0
0
0
0
0
0
3720
4015
0
0
0
0
0
0
330
4005
0
0
0
0
0
0
3874
238
0
0
0
0
0
0
54
3748
0
0
0
0
0
0
114
374
0
0
0
0
0
0
3821
3762
0
0
0
0
0
0
370
213
0
0
0
0
0
0
3697
4042
0
0
0
0
0
0
333
3968
0
0
0
0
0
0
3889
278
0
0
0
0
0
0
26
3716
0
0
0
0
0
0
154
396
0
0
0
0
0
0
3780
3758
0
0
0
0
0
0
404
198
0
0
0
0
0
0
3680
4074
0
0
0
0
0
0
333
3926
0
0
0
0
0
0
3908
318
0
0
0
0
0
0
4087
3682
0
0
0
0
0
0
197
414
0
0
0
0
0
0
3738
3760
0
0
0
0
0
0
435
177
0
0
0
0
0
0
3663
12
0
0
0
0
0
0
328
3884
0
0
0
0
0
0
3931
359
0
0
0
0
0
0
4046
3650
0
0
0
0
0
0
242
427
0
0
0
0
0
0
3696
3765
0
0
0
0
0
0
464
151
0
0
0
0
0
0
3653
52
0
0
0
0
0
0
318
3839
0
0
0
0
0
0
3961
401
0
0
0
0
0
0
4006
3623
0
0
0
0
0
0
289
438
0
0
0
0
0
0
3655
3779
0
0
0
0
0
0
491
121
0
0
0
0
0
0
3645
94
0
0
0
0
0
0
302
3791
0
0
0
0
0
0
3995
442
0
0
0
0
0
0
3958
3596
0
0
0
0
0
0
337
441
0
0
0
0
0
0
3613
3794
0
0
0
0
0
0
516
86
0
0
0
0
0
0
3644
142
0
0
0
0
0
0
283
3743
0
0
0
0
0
0
4034
483
0
0
0
0
0
0
3910
3574
0
0
0
0
0
0
388
443
0
0
0
0
0
0
3574
3816
0
0
0
0
0
0
535
45
0
0
0
0
0
0
3647
192
0
0
0
0
0
0
258
3695
0
0
0
0
0
0
4078
520
0
0
0
0
0
0
3859
3555
0
0
0
0
0
0
438
438
0
0
0
0
0
0
3536
3842
0
0
0
0
0
0
551
1
0
0
0
0
0
0
3654
244
0
0
0
0
0
0
226
3646
0
0
0
0
0
0
28
555
0
0
0
0
0
0
3804
3542
0
0
0
0
0
0
488
428
0
0
0
0
0
0
3504
3876
0
0
0
0
0
0
562
4048
0
0
0
0
0
0
3669
297
0
0
0
0
0
0
188
3597
0
0
0
0
0
0
81
586
0
0
0
0
0
0
3746
3532
0
0
0
0
0
0
536
413
0
0
0
0
0
0
3474
3915
0
0
0
0
0
0
569
3997
0
0
0
0
0
0
3690
353
0
0
0
0
0
0
145
3548
0
0
0
0
0
0
137
615
0
0
0
0
0
0
3689
3528
0
0
0
0
0
0
583
391
0
0
0
0
0
0
3447
3959
0
0
0
0
0
0
568
3940
0
0
0
0
0
0
3717
410
0
0
0
0
0
0
96
3503
0
0
0
0
0
0
197
640
0
0
0
0
0
0
3631
3530
0
0
0
0
0
0
625
361
0
0
0
0
0
0
3426
4007
0
0
0
0
0
0
561
3881
0
0
0
0
0
0
3750
467
0
0
0
0
0
0
43
3460
0
0
0
0
0
0
258
659
0
0
0
0
0
0
3573
3538
0
0
0
0
0
0
668
328
0
0
0
0
0
0
3411
4060
0
0
0
0
0
0
549
3820
0
0
0
0
0
0
3789
524
0
0
0
0
0
0
4083
3422
0
0
0
0
0
0
322
674
0
0
0
0
0
0
3517
3552
0
0
0
0
0
0
705
287
0
0
0
0
0
0
3401
22
0
0
0
0
0
0
528
3756
0
0
0
0
0
0
3835
579
0
0
0
0
0
0
4020
3388
0
0
0
0
0
0
388
682
0
0
0
0
0
0
3463
3573
0
0
0
0
0
0
737
240
0
0
0
0
0
0
3396
83
0
0
0
0
0
0
503
3693
0
0
0
0
0
0
3884
631
0
0
0
0
0
0
3956
3357
0
0
0
0
0
0
454
683
0
0
0
0
0
0
3410
3601
0
0
0
0
0
0
765
188
0
0
0
0
0
0
3399
148
0
0
0
0
0
0
469
3627
0
0
0
0
0
0
3942
682
0
0
0
0
0
0
3887
3330
0
0
0
0
0
0
519
678
0
0
0
0
0
0
3361
3637
0
0
0
0
0
0
786
130
0
0
0
0
0
0
3408
215
0
0
0
0
0
0
430
3564
0
0
0
0
0
0
4002
729
0
0
0
0
0
0
3817
3311
0
0
0
0
0
0
583
667
0
0
0
0
0
0
3317
3679
0
0
0
0
0
0
804
69
0
0
0
0
0
0
3426
286
0
0
0
0
0
0
383
3500
0
0
0
0
0
0
4071
773
0
0
0
0
0
0
3744
3297
0
0
0
0
0
0
647
648
0
0
0
0
0
0
3275
3725
0
0
0
0
0
0
812
3
0
0
0
0
0
0
3450
358
0
0
0
0
0
0
331
3440
0
0
0
0
0
0
43
810
0
0
0
0
0
0
3671
3290
0
0
0
0
0
0
708
623
0
0
0
0
0
0
3241
3780
0
0
0
0
0
0
815
4029
0
0
0
0
0
0
3483
429
0
0
0
0
0
0
271
3381
0
0
0
0
0
0
119
843
0
0
0
0
0
0
3597
3290
0
0
0
0
0
0
765
588
0
0
0
0
0
0
3210
3840
0
0
0
0
0
0
810
3956
0
0
0
0
0
0
3521
502
0
0
0
0
0
0
206
3324
0
0
0
0
0
0
195
870
0
0
0
0
0
0
3525
3298
0
0
0
0
0
0
817
547
0
0
0
0
0
0
3188
3904
0
0
0
0
0
0
797
3879
0
0
0
0
0
0
3568
572
0
0
0
0
0
0
136
3274
0
0
0
0
0
0
274
889
0
0
0
0
0
0
3452
3312
0
0
0
0
0
0
866
500
0
0
0
0
0
0
3172
3974
0
0
0
0
0
0
775
3801
0
0
0
0
0
0
3621
642
0
0
0
0
0
0
61
3229
0
0
0
0
0
0
355
904
0
0
0
0
0
0
3384
3337
0
0
0
0
0
0
910
446
0
0
0
0
0
0
3165
4049
0
0
0
0
0
0
746
3722
0
0
0
0
0
0
3682
709
0
0
0
0
0
0
4079
3188
0
0
0
0
0
0
435
909
0
0
0
0
0
0
3319
3366
0
0
0
0
0
0
946
385
0
0
0
0
0
0
3164
30
0
0
0
0
0
0
709
3642
0
0
0
0
0
0
3747
772
0
0
0
0
0
0
3997
3152
0
0
0
0
0
0
515
905
0
0
0
0
0
0
3256
3404
0
0
0
0
0
0
976
318
0
0
0
0
0
0
3173
111
0
0
0
0
0
0
665
3565
0
0
0
0
0
0
3819
831
0
0
0
0
0
0
3913
3127
0
0
0
0
0
0
596
896
0
0
0
0
0
0
3200
3451
0
0
0
0
0
0
999
247
0
0
0
0
0
0
3189
194
0
0
0
0
0
0
612
3488
0
0
0
0
0
0
3898
885
0
0
0
0
0
0
3827
3106
0
0
0
0
0
0
670
876
0
0
0
0
0
0
3148
3504
0
0
0
0
0
0
1014
169
0
0
0
0
0
0
3213
278
0
0
0
0
0
0
552
3414
0
0
0
0
0
0
3977
934
0
0
0
0
0
0
3741
3094
0
0
0
0
0
0
745
851
0
0
0
0
0
0
3104
3566
0
0
0
0
0
0
1021
89
0
0
0
0
0
0
3247
363
0
0
0
0
0
0
485
3343
0
0
0
0
0
0
4063
976
0
0
0
0
0
0
3653
3090
0
0
0
0
0
0
815
816
0
0
0
0
0
0
3065
3631
0
0
0
0
0
0
1018
5
0
0
0
0
0
0
3289
449
0
0
0
0
0
0
413
3276
0
0
0
0
0
0
55
1011
0
0
0
0
0
0
3569
3096
0
0
0
0
0
0
879
772
0
0
0
0
0
0
3035
3704
0
0
0
0
0
0
1010
4014
0
0
0
0
0
0
3340
530
0
0
0
0
0
0
335
3214
0
0
0
0
0
0
147
1039
0
0
0
0
0
0
3483
3107
0
0
0
0
0
0
938
722
0
0
0
0
0
0
3012
3782
0
0
0
0
0
0
989
3923
0
0
0
0
0
0
3395
613
0
0
0
0
0
0
252
3157
0
0
0
0
0
0
238
1058
0
0
0
0
0
0
3403
3128
0
0
0
0
0
0
991
664
0
0
0
0
0
0
2999
3865
0
0
0
0
0
0
962
3835
0
0
0
0
0
0
3460
691
0
0
0
0
0
0
164
3107
0
0
0
0
0
0
329
1069
0
0
0
0
0
0
3325
3156
0
0
0
0
0
0
1038
600
0
0
0
0
0
0
2993
3951
0
0
0
0
0
0
925
3745
0
0
0
0
0
0
3530
765
0
0
0
0
0
0
74
3064
0
0
0
0
0
0
421
1071
0
0
0
0
0
0
3251
3196
0
0
0
0
0
0
1078
529
0
0
0
0
0
0
2996
4040
0
0
0
0
0
0
880
3656
0
0
0
0
0
0
3609
834
0
0
0
0
0
0
4077
3030
0
0
0
0
0
0
511
1067
0
0
0
0
0
0
3186
3241
0
0
0
0
0
0
1107
451
0
0
0
0
0
0
3008
35
0
0
0
0
0
0
826
3569
0
0
0
0
0
0
3690
899
0
0
0
0
0
0
3981
3001
0
0
0
0
0
0
598
1050
0
0
0
0
0
0
3125
3297
0
0
0
0
0
0
1130
368
0
0
0
0
0
0
3031
129
0
0
0
0
0
0
765
3484
0
0
0
0
0
0
3778
956
0
0
0
0
0
0
3886
2982
0
0
0
0
0
0
683
1027
0
0
0
0
0
0
3070
3357
0
0
0
0
0
0
1143
281
0
0
0
0
0
0
3061
223
0
0
0
0
0
0
698
3403
0
0
0
0
0
0
3870
1006
0
0
0
0
0
0
3789
2972
0
0
0
0
0
0
761
995
0
0
0
0
0
0
3024
3427
0
0
0
0
0
0
1148
191
0
0
0
0
0
0
3101
314
0
0
0
0
0
0
623
3328
0
0
0
0
0
0
3964
1052
0
0
0
0
0
0
3697
2972
0
0
0
0
0
0
836
954
0
0
0
0
0
0
2986
3502
0
0
0
0
0
0
1142
99
0
0
0
0
0
0
3149
405
0
0
0
0
0
0
541
3257
0
0
0
0
0
0
4060
1085
0
0
0
0
0
0
3605
2979
0
0
0
0
0
0
905
906
0
0
0
0
0
0
2955
3582
0
0
0
0
0
0
1127
5
0
0
0
0
0
0
3204
495
0
0
0
0
0
0
457
3193
0
0
0
0
0
0
62
1113
0
0
0
0
0
0
3516
2995
0
0
0
0
0
0
965
848
0
0
0
0
0
0
2934
3667
0
0
0
0
0
0
1103
4006
0
0
0
0
0
0
3270
581
0
0
0
0
0
0
365
3133
0
0
0
0
0
0
159
1129
0
0
0
0
0
0
3430
3021
0
0
0
0
0
0
1020
784
0
0
0
0
0
0
2920
3755
0
0
0
0
0
0
1070
3909
0
0
0
0
0
0
3339
662
0
0
0
0
0
0
272
3083
0
0
0
0
0
0
256
1140
0
0
0
0
0
0
3350
3054
0
0
0
0
0
0
1067
713
0
0
0
0
0
0
2918
3848
0
0
0
0
0
0
1029
3817
0
0
0
0
0
0
3417
739
0
0
0
0
0
0
175
3041
0
0
0
0
0
0
351
1139
0
0
0
0
0
0
3276
3097
0
0
0
0
0
0
1104
637
0
0
0
0
0
0
2925
3942
0
0
0
0
0
0
981
3724
0
0
0
0
0
0
3498
808
0
0
0
0
0
0
78
3007
0
0
0
0
0
0
445
1131
0
0
0
0
0
0
3209
3148
0
0
0
0
0
0
1132
555
0
0
0
0
0
0
2941
4038
0
0
0
0
0
0
923
3635
0
0
0
0
0
0
3586
874
0
0
0
0
0
0
4078
2981
0
0
0
0
0
0
533
1113
0
0
0
0
0
0
3148
3207
0
0
0
0
0
0
1153
469
0
0
0
0
0
0
2966
37
0
0
0
0
0
0
856
3548
0
0
0
0
0
0
3677
932
0
0
0
0
0
0
3977
2964
0
0
0
0
0
0
619
1086
0
0
0
0
0
0
3094
3271
0
0
0
0
0
0
1164
381
0
0
0
0
0
0
3001
132
0
0
0
0
0
0
787
3468
0
0
0
0
0
0
3770
979
0
0
0
0
0
0
3881
2956
0
0
0
0
0
0
699
1050
0
0
0
0
0
0
3049
3343
0
0
0
0
0
0
1164
287
0
0
0
0
0
0
3044
225
0
0
0
0
0
0
708
3393
0
0
0
0
0
0
3866
1022
0
0
0
0
0
0
3786
2958
0
0
0
0
0
0
770
1007
0
0
0
0
0
0
3013
3419
0
0
0
0
0
0
1157
193
0
0
0
0
0
0
3093
316
0
0
0
0
0
0
626
3322
0
0
0
0
0
0
3963
1055
0
0
0
0
0
0
3695
2967
0
0
0
0
0
0
836
955
0
0
0
0
0
0
2985
3502
0
0
0
0
0
0
1141
100
0
0
0
0
0
0
3152
404
0
0
0
0
0
0
538
3261
0
0
0
0
0
0
4060
1078
0
0
0
0
0
0
3608
2987
0
0
0
0
0
0
895
895
0
0
0
0
0
0
2966
3588
0
0
0
0
0
0
1113
4
0
0
0
0
0
0
3216
488
0
0
0
0
0
0
449
3206
0
0
0
0
0
0
59
1093
0
0
0
0
0
0
3527
3016
0
0
0
0
0
0
946
831
0
0
0
0
0
0
2958
3676
0
0
0
0
0
0
1078
4008
0
0
0
0
0
0
3287
565
0
0
0
0
0
0
356
3159
0
0
0
0
0
0
155
1099
0
0
0
0
0
0
3450
3051
0
0
0
0
0
0
989
760
0
0
0
0
0
0
2957
3767
0
0
0
0
0
0
1037
3916
0
0
0
0
0
0
3364
639
0
0
0
0
0
0
262
3119
0
0
0
0
0
0
246
1096
0
0
0
0
0
0
3379
3094
0
0
0
0
0
0
1022
685
0
0
0
0
0
0
2967
3858
0
0
0
0
0
0
985
3827
0
0
0
0
0
0
3446
705
0
0
0
0
0
0
167
3089
0
0
0
0
0
0
334
1085
0
0
0
0
0
0
3316
3145
0
0
0
0
0
0
1048
604
0
0
0
0
0
0
2986
3951
0
0
0
0
0
0
928
3743
0
0
0
0
0
0
3528
765
0
0
0
0
0
0
74
3068
0
0
0
0
0
0
419
1065
0
0
0
0
0
0
3260
3203
0
0
0
0
0
0
1065
522
0
0
0
0
0
0
3012
4040
0
0
0
0
0
0
866
3665
0
0
0
0
0
0
3618
817
0
0
0
0
0
0
4077
3055
0
0
0
0
0
0
497
1038
0
0
0
0
0
0
3213
3267
0
0
0
0
0
0
1072
437
0
0
0
0
0
0
3047
35
0
0
0
0
0
0
794
3589
0
0
0
0
0
0
3708
862
0
0
0
0
0
0
3985
3049
0
0
0
0
0
0
571
1001
0
0
0
0
0
0
3172
3335
0
0
0
0
0
0
1071
349
0
0
0
0
0
0
3089
121
0
0
0
0
0
0
721
3520
0
0
0
0
0
0
3796
898
0
0
0
0
0
0
3899
3054
0
0
0
0
0
0
636
958
0
0
0
0
0
0
3141
3409
0
0
0
0
0
0
1059
260
0
0
0
0
0
0
3136
203
0
0
0
0
0
0
641
3458
0
0
0
0
0
0
3888
925
0
0
0
0
0
0
3815
3066
0
0
0
0
0
0
696
908
0
0
0
0
0
0
3119
3486
0
0
0
0
0
0
1041
174
0
0
0
0
0
0
3195
284
0
0
0
0
0
0
562
3401
0
0
0
0
0
0
3976
945
0
0
0
0
0
0
3738
3086
0
0
0
0
0
0
746
851
0
0
0
0
0
0
3104
3565
0
0
0
0
0
0
1015
88
0
0
0
0
0
0
3256
358
0
0
0
0
0
0
479
3355
0
0
0
0
0
0
4064
956
0
0
0
0
0
0
3665
3115
0
0
0
0
0
0
792
791
0
0
0
0
0
0
3098
3646
0
0
0
0
0
0
979
3
0
0
0
0
0
0
3322
429
0
0
0
0
0
0
394
3314
0
0
0
0
0
0
53
959
0
0
0
0
0
0
3597
3150
0
0
0
0
0
0
827
727
0
0
0
0
0
0
3104
3729
0
0
0
0
0
0
940
4020
0
0
0
0
0
0
3393
491
0
0
0
0
0
0
308
3281
0
0
0
0
0
0
135
953
0
0
0
0
0
0
3536
3192
0
0
0
0
0
0
854
656
0
0
0
0
0
0
3115
3812
0
0
0
0
0
0
892
3940
0
0
0
0
0
0
3467
548
0
0
0
0
0
0
224
3258
0
0
0
0
0
0
210
938
0
0
0
0
0
0
3482
3239
0
0
0
0
0
0
873
584
0
0
0
0
0
0
3133
3893
0
0
0
0
0
0
839
3869
0
0
0
0
0
0
3543
600
0
0
0
0
0
0
142
3241
0
0
0
0
0
0
283
918
0
0
0
0
0
0
3435
3292
0
0
0
0
0
0
884
510
0
0
0
0
0
0
3160
3973
0
0
0
0
0
0
780
3800
0
0
0
0
0
0
3619
641
0
0
0
0
0
0
61
3232
0
0
0
0
0
0
349
891
0
0
0
0
0
0
3398
3351
0
0
0
0
0
0
888
436
0
0
0
0
0
0
3193
4051
0
0
0
0
0
0
718
3736
0
0
0
0
0
0
3699
679
0
0
0
0
0
0
4081
3232
0
0
0
0
0
0
410
858
0
0
0
0
0
0
3366
3412
0
0
0
0
0
0
883
358
0
0
0
0
0
0
3232
27
0
0
0
0
0
0
651
3678
0
0
0
0
0
0
3777
707
0
0
0
0
0
0
4005
3239
0
0
0
0
0
0
466
817
0
0
0
0
0
0
3343
3476
0
0
0
0
0
0
871
283
0
0
0
0
0
0
3276
98
0
0
0
0
0
0
584
3628
0
0
0
0
0
0
3853
726
0
0
0
0
0
0
3936
3252
0
0
0
0
0
0
513
773
0
0
0
0
0
0
3327
3543
0
0
0
0
0
0
850
209
0
0
0
0
0
0
3326
164
0
0
0
0
0
0
514
3583
0
0
0
0
0
0
3928
738
0
0
0
0
0
0
3872
3275
0
0
0
0
0
0
554
723
0
0
0
0
0
0
3319
3611
0
0
0
0
0
0
827
138
0
0
0
0
0
0
3381
224
0
0
0
0
0
0
445
3547
0
0
0
0
0
0
4000
745
0
0
0
0
0
0
3813
3301
0
0
0
0
0
0
586
669
0
0
0
0
0
0
3317
3680
0
0
0
0
0
0
795
69
0
0
0
0
0
0
3437
279
0
0
0
0
0
0
372
3518
0
0
0
0
0
0
4071
744
0
0
0
0
0
0
3759
3333
0
0
0
0
0
0
614
614
0
0
0
0
0
0
3324
3747
0
0
0
0
0
0
757
2
0
0
0
0
0
0
3497
329
0
0
0
0
0
0
303
3494
0
0
0
0
0
0
39
735
0
0
0
0
0
0
3713
3370
0
0
0
0
0
0
632
554
0
0
0
0
0
0
3336
3814
0
0
0
0
0
0
715
4037
0
0
0
0
0
0
3560
373
0
0
0
0
0
0
234
3478
0
0
0
0
0
0
101
721
0
0
0
0
0
0
3671
3411
0
0
0
0
0
0
643
494
0
0
0
0
0
0
3355
3881
0
0
0
0
0
0
671
3978
0
0
0
0
0
0
3623
411
0
0
0
0
0
0
168
3468
0
0
0
0
0
0
157
700
0
0
0
0
0
0
3638
3457
0
0
0
0
0
0
650
434
0
0
0
0
0
0
3381
3944
0
0
0
0
0
0
622
3926
0
0
0
0
0
0
3686
442
0
0
0
0
0
0
104
3465
0
0
0
0
0
0
209
675
0
0
0
0
0
0
3610
3504
0
0
0
0
0
0
648
373
0
0
0
0
0
0
3410
4005
0
0
0
0
0
0
569
3879
0
0
0
0
0
0
3749
468
0
0
0
0
0
0
44
3468
0
0
0
0
0
0
255
647
0
0
0
0
0
0
3589
3555
0
0
0
0
0
0
641
313
0
0
0
0
0
0
3443
4062
0
0
0
0
0
0
516
3837
0
0
0
0
0
0
3811
486
0
0
0
0
0
0
4083
3477
0
0
0
0
0
0
292
612
0
0
0
0
0
0
3575
3607
0
0
0
0
0
0
627
254
0
0
0
0
0
0
3482
19
0
0
0
0
0
0
460
3800
0
0
0
0
0
0
3870
498
0
0
0
0
0
0
4032
3492
0
0
0
0
0
0
328
574
0
0
0
0
0
0
3567
3660
0
0
0
0
0
0
609
197
0
0
0
0
0
0
3524
68
0
0
0
0
0
0
406
3769
0
0
0
0
0
0
3926
504
0
0
0
0
0
0
3984
3510
0
0
0
0
0
0
354
533
0
0
0
0
0
0
3565
3714
0
0
0
0
0
0
585
144
0
0
0
0
0
0
3567
111
0
0
0
0
0
0
351
3745
0
0
0
0
0
0
3981
504
0
0
0
0
0
0
3944
3536
0
0
0
0
0
0
375
489
0
0
0
0
0
0
3568
3766
0
0
0
0
0
0
558
91
0
0
0
0
0
0
3612
151
0
0
0
0
0
0
300
3727
0
0
0
0
0
0
4031
499
0
0
0
0
0
0
3904
3562
0
0
0
0
0
0
391
446
0
0
0
0
0
0
3577
3818
0
0
0
0
0
0
528
44
0
0
0
0
0
0
3660
184
0
0
0
0
0
0
245
3713
0
0
0
0
0
0
4078
489
0
0
0
0
0
0
3875
3595
0
0
0
0
0
0
401
402
0
0
0
0
0
0
3591
3868
0
0
0
0
0
0
492
2
0
0
0
0
0
0
3706
214
0
0
0
0
0
0
195
3705
0
0
0
0
0
0
24
474
0
0
0
0
0
0
3848
3627
0
0
0
0
0
0
405
355
0
0
0
0
0
0
3609
3916
0
0
0
0
0
0
457
4056
0
0
0
0
0
0
3753
237
0
0
0
0
0
0
148
3702
0
0
0
0
0
0
64
456
0
0
0
0
0
0
3827
3663
0
0
0
0
0
0
404
310
0
0
0
0
0
0
3630
3960
0
0
0
0
0
0
418
4021
0
0
0
0
0
0
3800
256
0
0
0
0
0
0
105
3705
0
0
0
0
0
0
98
434
0
0
0
0
0
0
3811
3700
0
0
0
0
0
0
399
267
0
0
0
0
0
0
3655
4002
0
0
0
0
0
0
379
3990
0
0
0
0
0
0
3843
269
0
0
0
0
0
0
63
3712
0
0
0
0
0
0
125
409
0
0
0
0
0
0
3802
3738
0
0
0
0
0
0
390
225
0
0
0
0
0
0
3683
4041
0
0
0
0
0
0
340
3965
0
0
0
0
0
0
3887
278
0
0
0
0
0
0
25
3722
0
0
0
0
0
0
150
383
0
0
0
0
0
0
3795
3776
0
0
0
0
0
0
377
185
0
0
0
0
0
0
3713
4076
0
0
0
0
0
0
302
3943
0
0
0
0
0
0
3928
282
0
0
0
0
0
0
4088
3735
0
0
0
0
0
0
169
353
0
0
0
0
0
0
3793
3812
0
0
0
0
0
0
360
144
0
0
0
0
0
0
3743
11
0
0
0
0
0
0
262
3927
0
0
0
0
0
0
3966
282
0
0
0
0
0
0
4058
3751
0
0
0
0
0
0
183
321
0
0
0
0
0
0
3796
3850
0
0
0
0
0
0
341
111
0
0
0
0
0
0
3776
36
0
0
0
0
0
0
225
3914
0
0
0
0
0
0
4002
279
0
0
0
0
0
0
4034
3773
0
0
0
0
0
0
195
293
0
0
0
0
0
0
3804
3886
0
0
0
0
0
0
318
77
0
0
0
0
0
0
3806
60
0
0
0
0
0
0
190
3906
0
0
0
0
0
0
4033
272
0
0
0
0
0
0
4012
3793
0
0
0
0
0
0
199
261
0
0
0
0
0
0
3814
3919
0
0
0
0
0
0
294
48
0
0
0
0
0
0
3839
78
0
0
0
0
0
0
156
3900
0
0
0
0
0
0
4062
261
0
0
0
0
0
0
3996
3818
0
0
0
0
0
0
203
231
0
0
0
0
0
0
3826
3951
0
0
0
0
0
0
270
21
0
0
0
0
0
0
3870
93
0
0
0
0
0
0
125
3900
0
0
0
0
0
0
4086
248
0
0
0
0
0
0
3982
3841
0
0
0
0
0
0
201
201
0
0
0
0
0
0
3842
3981
0
0
0
0
0
0
245
4095
0
0
0
0
0
0
3901
104
0
0
0
0
0
0
95
3902
0
0
0
0
0
0
10
231
0
0
0
0
0
0
3974
3866
0
0
0
0
0
0
195
172
0
0
0
0
0
0
3859
4007
0
0
0
0
0
0
219
4076
0
0
0
0
0
0
3931
112
0
0
0
0
0
0
69
3907
0
0
0
0
0
0
28
215
0
0
0
0
0
0
3967
3890
0
0
0
0
0
0
188
145
0
0
0
0
0
0
3877
4032
0
0
0
0
0
0
193
4060
0
0
0
0
0
0
3958
117
0
0
0
0
0
0
45
3914
0
0
0
0
0
0
43
198
0
0
0
0
0
0
3967
3916
0
0
0
0
0
0
179
118
0
0
0
0
0
0
3896
4052
0
0
0
0
0
0
167
4047
0
0
0
0
0
0
3983
118
0
0
0
0
0
0
26
3925
0
0
0
0
0
0
53
177
0
0
0
0
0
0
3966
3939
0
0
0
0
0
0
167
95
0
0
0
0
0
0
3916
4070
0
0
0
0
0
0
144
4039
0
0
0
0
0
0
4006
117
0
0
0
0
0
0
9
3936
0
0
0
0
0
0
61
158
0
0
0
0
0
0
3969
3961
0
0
0
0
0
0
153
74
0
0
0
0
0
0
3936
4086
0
0
0
0
0
0
121
4032
0
0
0
0
0
0
4026
112
0
0
0
0
0
0
4090
3949
0
0
0
0
0
0
66
139
0
0
0
0
0
0
3975
3982
0
0
0
0
0
0
139
55
0
0
0
0
0
0
3957
2
0
0
0
0
0
0
101
4030
0
0
0
0
0
0
4044
106
0
0
0
0
0
0
4081
3965
0
0
0
0
0
0
69
121
0
0
0
0
0
0
3983
4003
0
0
0
0
0
0
125
40
0
0
0
0
0
0
3974
12
0
0
0
0
0
0
81
4028
0
0
0
0
0
0
4061
100
0
0
0
0
0
0
4073
3979
0
0
0
0
0
0
68
103
0
0
0
0
0
0
3991
4020
0
0
0
0
0
0
110
25
0
0
0
0
0
0
3993
18
0
0
0
0
0
0
63
4028
0
0
0
0
0
0
4072
90
0
0
0
0
0
0
4066
3992
0
0
0
0
0
0
65
85
0
0
0
0
0
0
4001
4037
0
0
0
0
0
0
95
15
0
0
0
0
0
0
4012
24
0
0
0
0
0
0
50
4033
0
0
0
0
0
0
4083
80
0
0
0
0
0
0
4062
4008
0
0
0
0
0
0
61
70
0
0
0
0
0
0
4011
4049
0
0
0
0
0
0
81
5
0
0
0
0
0
0
4026
26
0
0
0
0
0
0
35
4036
0
0
0
0
0
0
4091
70
0
0
0
0
0
0
4061
4020
0
0
0
0
0
0
55
55
0
0
0
0
0
0
4022
4062
0
0
0
0
0
0
66
4095
0
0
0
0
0
0
4041
29
0
0
0
0
0
0
24
4041
0
0
0
0
0
0
2
60
0
0
0
0
0
0
4062
4034
0
0
0
0
0
0
50
43
0
0
0
0
0
0
4033
4072
0
0
0
0
0
0
53
4089
0
0
0
0
0
0
4053
27
0
0
0
0
0
0
14
4047
0
0
0
0
0
0
5
51
0
0
0
0
0
0
4063
4046
0
0
0
0
0
0
43
32
0
0
0
0
0
0
4042
4078
0
0
0
0
0
0
41
4085
0
0
0
0
0
0
4062
23
0
0
0
0
0
0
7
4054
0
0
0
0
0
0
8
40
0
0
0
0
0
0
4066
4055
0
0
0
0
0
0
35
22
0
0
0
0
0
0
4053
4086
0
0
0
0
0
0
32
4084
0
0
0
0
0
0
4072
21
0
0
0
0
0
0
3
4061
0
0
0
0
0
0
7
31
0
0
0
0
0
0
4071
4066
0
0
0
0
0
0
28
16
0
0
0
0
0
0
4063
4089
0
0
0
0
0
0
23
4085
0
0
0
0
0
0
4078
17
0
0
0
0
0
0
4095
4069
0
0
0
0
0
0
7
22
0
0
0
0
0
0
4073
4072
0
0
0
0
0
0
21
11
0
0
0
0
0
0
4072
4092
0
0
0
0
0
0
16
4085
0
0
0
0
0
0
4083
13
0
0
0
0
0
0
4093
4075
0
0
0
0
0
0
6
17
0
0
0
0
0
0
4079
4080
0
0
0
0
0
0
14
4
0
0
0
0
0
0
4077
4093
0
0
0
0
0
0
8
4086
0
0
0
0
0
0
4088
10
0
0
0
0
0
0
4092
4080
0
0
0
0
0
0
5
10
0
0
0
0
0
0
4082
4084
0
0
0
0
0
0
9
2
0
0
0
0
0
0
4083
4095
0
0
0
0
0
0
4
4088
0
0
0
0
0
0
4091
6
0
0
0
0
0
0
4092
4084
0
0
0
0
0
0
2
4
0
0
0
0
0
0
4086
4090
0
0
0
0
0
0
4
0
0
0
0
0
0
0
4087
4094
0
0
0
0
0
0
1
4090
0
0
0
0
0
0
4092
3
0
0
0
0
0
0
4092
4089
0
0
0
0
0
0
0
2
0
0
0
0
0
0
4090
4092
0
0
0
0
0
0
1
4094
0
0
0
0
0
0
4090
4095
0
0
0
0
0
0
4095
4092
0
0
0
0
0
0
4093
4095
0
0
0
0
0
0
4092
4092
0
0
0
0
0
0
0
0
0
0
0
0
0
0
4093
4093
0
0
0
0
0
0
0
4094
0
0
0
0
0
0
4093
4095
0
0
0
0
0
0
4094
4093
0
0
0
0
0
0
4094
4095
0
0
0
0
0
0
4093
4094
0
0
0
0
0
0
4094
4094
0
0
0
0
0
0
4094
4094
0
0
0
0
0
0
4094
4095
0
0
0
0
0
0
4094
4095
0
0
0
0
0
0
4095
4094
0
0
0
0
0
0
4095
4095
0
0
0
0
0
0
4095
4095
0
0
0
0
0
0
4095
0
0
0
0
0
0
0
0
0
0
0
0
0
0
0
0
0
0
0
0
0
0
0
0
4095
0
0
0
0
0
0
4095
4095
0
0
0
0
0
0
4095
4095
0
0
0
0
0
0
4095
0
0
0
0
0
0
0
4095
0
0
0
0
0
0
0
0
0
0
0
0
0
0
0
0
0
0
0
0
0
0
0
0
0
0
0
0
0
0
0
0
0
0
0
0
0
0
0
0
0
0
0
0
0
0
0
0
0
0
0
0
0
0
0
0
0
0
0
0
0
0
0
0
0
0
0
0
0
0
0
0
0
0
0
0
0
0
0
0
0
0
0
0
0
0
0
0
0
0
0
0
0
0
0
0
0
0
0
0
0
0
0
0
0
0
0
0
0
0
0
0
0
0
0
0
0
0
0
0
0
0
0
0
0
0
0
0
0
0
0
0
0
0
0
0
0
0
0
0
0
0
0
0
0
0
0
0
0
0
0
0
0
0
0
0
0
0
0
0
0
0
0
0
0
0
0
0
0
0
0
0
0
0
0
0
0
0
0
0
0
0
0
0
0
0
0
0
0
0
0
0
0
0
0
0
0
0
0
0
0
0
0
0
0
0
0
0
0
0
0
0
0
0
0
0
0
0
0
0
0
0
0
0
0
0
0
0
0
0
0
0
0
0
0
0
0
0
0
0
0
0
0
0
0
0
0
0
0
0
0
0
0
0
0
0
0
0
0
0
0
0
0
0
0
0
0
0
0
0
0
0
0
0
0
0
0
0
0
0
0
0
0
0
0
0
0
0
0
0
0
0
0
0
0
0
0
0
0
0
0
0
0
0
0
0
0
0
0
0
0
0
0
0
0
0
0
0
0
0
0
0
0
0
0
0
0
0
0
0
0
0
0
0
0
0
0
0
0
0
0
0
0
0
0
0
0
0
0
0
0
0
0
0
0
0
0
0
0
0
0
0
0
0
0
0
0
0
0
0
0
0
0
0
0
0
0
0
0
0
0
0
0
0
0
0
0
0
0
0
0
0
0
0
0
0
0
0
0
0
0
0
0
0
0
0
0
0
0
0
0
0
0
0
0
0
0
0
0
0
0
0
0
0
0
0
0
0
0
0
0
0
0
0
0
0
0
0
0
0
0
0
0
0
0
0
0
0
0
0
0
0
0
0
0
0
0
0
0
0
0
0
0
0
0
0
0
0
0
0
0
0
0
0
0
0
0
0
0
0
0
0
0
0
0
0
0
0
0
0
0
0
0
0
0
0
0
0
0
0
0
0
0
0
0
0
0
0
0
0
0
0
0
0
0
0
0
0
0
0
0
0
0
0
0
0
0
0
0
0
0
0
0
0
0
0
0
0
0
0
0
0
0
0
0
0
0
0
0
0
0
0
0
0
0
0
0
0
0
0
0
0
0
0
0
0
0
0
0
0
0
0
0
0
0
0
0
0
0
0
0
0
0
0
0
0
0
0
0
0
0
0
0
0
0
0
0
0
0
0
0
0
0
0
0
0
0
0
0
0
0
0
0
0
0
0
0
0
0
0
0
0
0
0
0
0
0
0
0
0
0
0
0
0
0
0
0
0
0
0
0
0
0
0
0
0
0
0
0
0
0
0
0
0
0
0
0
0
0
0
0
0
0
0
0
0
0
0
0
0
0
0
0
0
0
0
0
0
0
0
0
0
0
0
0
0
0
0
0
0
0
0
0
0
0
0
0
0
0
0
0
0
0
0
0
0
0
0
0
0
0
0
0
0
0
0
0
0
0
0
0
0
0
0
0
0
0
0
0
0
0
0
0
0
0
0
0
0
0
0
0
0
0
0
0
0
0
0
0
0
0
0
0
0
0
0
0
0
0
0
0
0
0
0
0
0
0
0
0
0
0
0
0
0
0
0
0
0
0
0
0
0
0
0
0
0
0
0
0
0
0
0
0
0
0
0
0
0
0
0
0
0
0
0
0
0
0
0
0
0
0
0
0
0
0
0
0
0
0
0
0
0
0
0
0
0
0
0
0
0
0
0
0
0
0
0
0
0
0
0
0
0
0
0
0
0
0
0
0
0
0
0
0
0
0
0
0
0
0
0
0
0
0
0
0
0
0
0
0
0
0
0
0
0
0
0
0
0
0
0
0
0
0
0
0
0
0
0
0
0
0
0
0
0
0
0
0
0
0
0
0
0
0
0
0
0
0
0
0
0
0
0
0
0
0
0
0
0
0
0
0
0
0
0
0
0
0
0
0
0
0
0
0
0
0
0
0
0
0
0
0
0
0
0
0
0
0
0
0
0
0
0
0
0
0
0
0
0
0
0
0
0
0
0
0
0
0
0
0
0
0
0
0
0
0
0
0
0
0
0
0
0
0
0
0
0
0
0
0
0
0
0
0
0
0
0
0
0
0
0
0
0
0
0
0
0
0
0
0
0
0
0
0
0
0
0
0
0
0
0
0
0
0
0
0
0
0
0
0
0
0
0
0
0
0
0
0
0
0
0
0
0
0
0
0
0
0
0
0
0
0
0
0
0
0
0
0
0
0
0
0
0
0
0
0
0
0
0
0
0
0
0
0
0
0
0
0
0
0
0
0
0
0
0
0
0
0
0
0
0
0
0
0
0
0
0
0
0
0
0
0
0
0
0
0
0
0
0
0
0
0
0
0
0
0
0
0
0
0
0
0
0
0
0
0
0
0
0
0
0
0
0
0
0
0
0
0
0
0
0
0
0
0
0
0
0
0
0
0
0
0
0
0
0
0
0
0
0
0
0
0
0
0
0
0
0
0
0
0
0
0
0
0
0
0
0
0
0
0
0
0
0
0
0
0
0
0
0
0
0
0
0
0
0
0
0
0
0
0
0
0
0
0
0
0
0
0
0
0
0
0
0
0
0
0
0
0
0
0
0
0
0
0
0
0
0
0
0
0
0
0
0
0
0
0
0
0
0
0
0
0
0
0
0
0
0
0
0
0
0
0
0
0
0
0
0
0
0
0
0
0
0
0
0
0
0
0
0
0
0
0
0
0
0
0
0
0
0
0
0
0
0
0
0
0
0
0
0
0
0
0
0
0
0
0
0
0
0
0
0
0
0
0
0
0
0
0
0
0
0
0
0
0
0
0
0
0
0
0
0
0
0
0
0
0
0
0
0
0
0
0
0
0
0
0
0
0
0
0
0
0
0
0
0
0
0
0
0
0
0
0
0
0
0
0
0
0
0
0
0
0
0
0
0
0
0
0
0
0
0
0
0
0
0
0
0
0
0
0
0
0
0
0
0
0
0
0
0
0
0
0
0
0
0
0
0
0
0
0
0
0
0
0
0
0
0
0
0
0
0
0
0
0
0
0
0
0
0
0
0
0
0
0
0
0
0
0
0
0
0
0
0
0
0
0
0
0
0
0
0
0
0
0
0
0
0
0
0
0
0
0
0
0
0
0
0
0
0
0
0
0
0
0
0
0
0
0
0
0
0
0
0
0
0
0
0
0
0
0
0
0
0
0
0
0
0
0
0
0
0
0
0
0
0
0
0
0
0
0
0
0
0
0
0
0
0
0
0
0
0
0
0
0
0
0
0
0
0
0
0
0
0
0
0
0
0
0
0
0
0
0
0
0
0
0
0
0
0
0
0
0
0
0
0
0
0
0
0
0
0
0
0
0
0
0
0
0
0
0
0
0
0
0
0
0
0
0
0
0
0
0
0
0
0
0
0
0
0
0
0
0
0
0
0
0
0
0
0
0
0
0
0
0
0
0
0
0
0
0
0
0
0
0
0
0
0
0
0
0
0
0
0
0
0
0
0
0
0
0
0
0
0
0
0
0
0
0
0
0
0
0
0
0
0
0
0
0
0
0
0
0
0
0
0
0
0
0
0
0
0
0
0
0
0
0
0
0
0
0
0
0
0
0
0
0
0
0
0
0
0
0
0
0
0
0
0
0
0
0
0
0
0
0
0
0
0
0
0
0
0
0
0
0
0
0
0
0
0
0
0
0
0
0
0
0
0
0
0
0
0
0
0
0
0
0
0
0
0
0
0
0
0
0
0
0
0
0
0
0
0
0
0
0
0
0
0
0
0
0
0
0
0
0
0
0
0
0
0
0
0
0
0
0
0
0
0
0
0
0
0
0
0
0
0
0
0
0
0
0
0
0
0
0
0
0
0
0
0
0
0
0
0
0
0
0
0
0
0
0
0
0
0
0
0
0
0
0
0
0
0
0
0
0
0
0
0
0
0
0
0
0
0
0
0
0
0
0
0
0
0
0
0
0
0
0
0
0
0
0
0
0
0
0
0
0
0
0
0
0
0
0
0
0
0
0
0
0
0
0
0
0
0
0
0
0
0
0
0
0
0
0
0
0
0
0
0
0
0
0
0
0
0
0
0
0
0
0
0
0
0
0
0
0
0
0
0
0
0
0
0
0
0
0
0
0
0
0
0
0
0
0
0
0
0
0
0
0
0
0
0
0
0
0
0
0
0
0
0
0
0
0
0
0
0
0
0
0
0
0
0
0
0
0
0
0
0
0
0
0
0
0
0
0
0
0
0
0
0
0
0
0
0
0
0
0
0
0
0
0
0
0
0
0
0
0
0
0
0
0
0
0
0
0
0
0
0
0
0
0
0
0
0
0
0
0
0
0
0
0
0
0
0
0
0
0
0
0
0
0
0
0
0
0
0
0
0
0
0
0
0
0
0
0
0
0
0
0
0
0
0
0
0
0
0
0
0
0
0
0
0
0
0
0
0
0
0
0
0
0
0
0
0
0
0
0
0
0
0
0
0
0
0
0
0
0
0
0
0
0
0
0
0
0
0
0
0
0
0
0
0
0
0
0
0
0
0
0
0
0
0
0
0
0
0
0
0
0
0
0
0
0
0
0
0
0
0
0
0
0
0
0
0
0
0
0
0
0
0
0
0
0
0
0
0
0
0
0
0
0
0
0
0
0
0
0
0
0
0
0
0
0
0
0
0
0
0
0
0
0
0
0
0
0
0
0
0
0
0
0
0
0
0
0
0
0
0
0
0
0
0
0
0
0
0
0
0
0
0
0
0
0
0
0
0
0
0
0
0
0
0
0
0
0
0
0
0
0
0
0
0
0
0
0
0
0
0
0
0
0
0
0
0
0
0
0
0
0
0
0
0
0
0
0
0
0
0
0
0
0
0
0
0
0
0
0
0
0
0
0
0
0
0
0
0
0
0
0
0
0
0
0
0
0
0
0
0
0
0
0
0
0
0
0
0
0
0
0
0
0
0
0
0
0
0
0
0
0
0
0
0
0
0
0
0
0
0
0
0
0
0
0
0
0
0
0
0
0
0
0
0
0
0
0
0
0
0
0
0
0
0
0
0
0
0
0
0
0
0
0
0
0
0
0
0
0
0
0
0
0
0
0
0
0
0
0
0
0
0
0
0
0
0
0
0
0
0
0
0
0
0
0
0
0
0
0
0
0
0
0
0
0
0
0
0
0
0
0
0
0
0
0
0
0
0
0
0
0
0
0
0
0
0
0
0
0
0
0
0
0
0
0
0
0
0
0
0
0
0
0
0
0
0
0
0
0
0
0
0
0
0
0
0
0
0
0
0
0
0
0
0
0
0
0
0
0
0
0
0
0
0
0
0
0
0
0
0
0
0
0
0
0
0
0
0
0
0
0
0
0
0
0
0
0
0
0
0
0
0
0
0
0
0
0
0
0
0
0
0
0
0
0
0
0
0
0
0
0
0
0
0
0
0
0
0
0
0
0
0
0
0
0
0
0
0
0
0
0
0
0
0
0
0
0
0
0
0
0
0
0
0
0
0
0
0
0
0
0
0
0
0
0
0
0
0
0
0
0
0
0
0
0
0
0
0
0
0
0
0
0
0
0
0
0
0
0
0
0
0
0
0
0
0
0
0
0
0
0
0
0
0
0
0
0
0
0
0
0
0
0
0
0
0
0
0
0
0
0
0
0
0
0
0
0
0
0
0
0
0
0
0
0
0
0
0
0
0
0
0
0
0
0
0
0
0
0
0
0
0
0
0
0
0
0
0
0
0
0
0
0
0
0
0
0
0
0
0
0
0
0
0
0
0
0
0
0
0
0
0
0
0
0
0
0
0
0
0
0
0
0
0
0
0
0
0
0
0
0
0
0
0
0
0
0
0
0
0
0
0
0
0
0
0
0
0
0
0
0
0
0
0
0
0
0
0
0
0
0
0
0
0
0
0
0
0
0
0
0
0
0
0
0
0
0
0
0
0
0
0
0
0
0
0
0
0
0
0
0
0
0
0
0
0
0
0
0
0
0
0
0
0
0
0
0
0
0
0
0
0
0
0
0
0
0
0
0
0
0
0
0
0
0
0
0
0
0
0
0
0
0
0
0
0
0
0
0
0
0
0
0
0
0
0
0
0
0
0
0
0
0
0
0
0
0
0
0
0
0
0
0
0
0
0
0
0
0
0
0
0
0
0
0
0
0
0
0
0
0
0
0
0
0
0
0
0
0
0
0
0
0
0
0
0
0
0
0
0
0
0
0
0
0
0
0
0
0
0
0
0
0
0
0
0
0
0
0
0
0
0
0
0
0
0
0
0
0
0
0
0
0
0
0
0
0
0
0
0
0
0
0
0
0
0
0
0
0
0
0
0
0
0
0
0
0
0
0
0
0
0
0
0
0
0
0
0
0
0
0
0
0
0
0
0
0
0
0
0
0
0
0
0
0
0
0
0
0
0
0
0
0
0
0
0
0
0
0
0
0
0
0
0
0
0
0
0
0
0
0
0
0
0
0
0
0
0
0
0
0
0
0
0
0
0
0
0
0
0
0
0
0
0
0
0
0
0
0
0
0
0
0
0
0
0
0
0
0
0
0
0
0
0
0
0
0
0
0
0
0
0
0
0
0
0
0
0
0
0
0
0
0
0
0
0
0
0
0
0
0
0
0
0
0
0
0
0
0
0
0
0
0
0
0
0
0
0
0
0
0
0
0
0
0
0
0
0
0
0
0
0
0
0
0
0
0
0
0
0
0
0
0
0
0
0
0
0
0
0
0
0
0
0
0
0
0
0
0
0
0
0
0
0
0
0
0
0
0
0
0
0
0
0
0
0
0
0
0
0
0
0
0
0
0
0
0
0
0
0
0
0
0
0
0
0
0
0
0
0
0
0
0
0
0
0
0
0
0
0
0
0
0
0
0
0
0
0
0
0
0
0
0
0
0
0
0
0
0
0
0
0
0
0
0
0
0
0
0
0
0
0
0
0
0
0
0
0
0
0
0
0
0
0
0
0
0
0
0
0
0
0
0
0
0
0
0
0
0
0
0
0
0
0
0
0
0
0
0
0
0
0
0
0
0
0
0
0
0
0
0
0
0
0
0
0
0
0
0
0
0
0
0
0
0
0
0
0
0
0
0
0
0
0
0
0
0
0
0
0
0
0
0
0
0
0
0
0
0
0
0
0
0
0
0
0
0
0
0
0
0
0
0
0
0
0
0
0
0
0
0
0
0
0
0
0
0
0
0
0
0
0
0
0
0
0
0
0
0
0
0
0
0
0
0
0
0
0
0
0
0
0
0
0
0
0
0
0
0
0
0
0
0
0
0
0
0
0
0
0
0
0
0
0
0
0
0
0
0
0
0
0
0
0
0
0
0
0
0
0
0
0
0
0
0
0
0
0
0
0
0
0
0
0
0
0
0
0
0
0
0
0
0
0
0
0
0
0
0
0
0
0
0
0
0
0
0
0
0
0
0
0
0
0
0
0
0
0
0
0
0
0
0
0
0
0
0
0
0
0
0
0
0
0
0
0
0
0
0
0
0
0
0
0
0
0
0
0
0
0
0
0
0
0
0
0
0
0
0
0
0
0
0
0
0
0
0
0
0
0
0
0
0
0
0
0
0
0
0
0
0
0
0
0
0
0
0
0
0
0
0
0
0
0
0
0
0
0
0
0
0
0
0
0
0
0
0
0
0
0
0
0
0
0
0
0
0
0
0
0
0
0
0
0
0
0
0
0
0
0
0
0
0
0
0
0
0
0
0
0
0
0
0
0
0
0
0
0
0
0
0
0
0
0
0
0
0
0
0
0
0
0
0
0
0
0
0
0
0
0
0
0
0
0
0
0
0
0
0
0
0
0
0
0
0
0
0
0
0
0
0
0
0
0
0
0
0
0
0
0
0
0
0
0
0
0
0
0
0
0
0
0
0
0
0
0
0
0
0
0
0
0
0
0
0
0
0
0
0
0
0
0
0
0
0
0
0
0
0
0
0
0
0
0
0
0
0
0
0
0
0
0
0
0
0
0
0
0
0
0
0
0
0
0
0
0
0
0
0
0
0
0
0
0
0
0
0
0
0
0
0
0
0
0
0
0
0
0
0
0
0
0
0
0
0
0
0
0
0
0
0
0
0
0
0
0
0
0
0
0
0
0
0
0
0
0
0
0
0
0
0
0
0
0
0
0
0
0
0
0
0
0
0
0
0
0
0
0
0
0
0
0
0
0
0
0
0
0
0
0
0
0
0
0
0
0
0
0
0
0
0
0
0
0
0
0
0
0
0
0
0
0
0
0
0
0
0
0
0
0
0
0
0
0
0
0
0
0
0
0
0
0
0
0
0
0
0
0
0
0
0
0
0
0
0
0
0
0
0
0
0
0
0
0
0
0
0
0
0
0
0
0
0
0
0
0
0
0
0
0
0
0
0
0
0
0
0
0
0
0
0
0
0
0
0
0
0
0
0
0
0
0
0
0
0
0
0
0
0
0
0
0
0
0
0
0
0
0
0
0
0
0
0
0
0
0
0
0
0
0
0
0
0
0
0
0
0
0
0
0
0
0
0
0
0
0
0
0
0
0
0
0
0
0
0
0
0
0
0
0
0
0
0
0
0
0
0
0
0
0
0
0
0
0
0
0
0
0
0
0
0
0
0
0
0
0
0
0
0
0
0
0
0
0
0
0
0
0
0
0
0
0
0
0
0
0
0
0
0
0
0
0
0
0
0
0
0
0
0
0
0
0
0
0
0
0
0
0
0
0
0
0
0
0
0
0
0
0
0
0
0
0
0
0
0
0
0
0
0
0
0
0
0
0
0
0
0
0
0
0
0
0
0
0
0
0
0
0
0
0
0
0
0
0
0
0
0
0
0
0
0
0
0
0
0
0
0
0
0
0
0
0
0
0
0
0
0
0
0
0
0
0
0
0
0
0
0
0
0
0
0
0
0
0
0
0
0
0
0
0
0
0
0
0
0
0
0
0
0
0
0
0
0
0
0
0
0
0
0
0
0
0
0
0
0
0
0
0
0
0
0
0
0
0
0
0
0
0
0
0
0
0
0
0
0
0
0
0
0
0
0
0
0
0
0
0
0
0
0
0
0
0
0
0
0
0
0
0
0
0
0
0
0
0
0
0
0
0
0
0
0
0
0
0
0
0
0
0
0
0
0
0
0
0
0
0
0
0
0
0
0
0
0
0
0
0
0
0
0
0
0
0
0
0
0
0
0
0
0
0
0
0
0
0
0
0
0
0
0
0
0
0
0
0
0
0
0
0
0
0
0
0
0
0
0
0
0
0
0
0
0
0
0
0
0
0
0
0
0
0
0
0
0
0
0
0
0
0
0
0
0
0
0
0
0
0
0
0
0
0
0
0
0
0
0
0
0
0
0
0
0
0
0
0
0
0
0
0
0
0
0
0
0
0
0
0
0
0
0
0
0
0
0
0
0
0
0
0
0
0
0
0
0
0
0
0
0
0
0
0
0
0
0
0
0
0
0
0
0
0
0
0
0
0
0
0
0
0
0
0
0
0
0
0
0
0
0
0
0
0
0
0
0
0
0
0
0
0
0
0
0
0
0
0
0
0
0
0
0
0
0
0
0
0
0
0
0
0
0
0
0
0
0
0
0
0
0
0
0
0
0
0
0
0
0
0
0
0
0
0
0
0
0
0
0
0
0
0
0
0
0
0
0
0
0
0
0
0
0
0
0
0
0
0
0
0
0
0
0
0
0
0
0
0
0
0
0
0
0
0
0
0
0
0
0
0
0
0
0
0
0
0
0
0
0
0
0
0
0
0
0
0
0
0
0
0
0
0
0
0
0
0
0
0
0
0
0
0
0
0
0
0
0
0
0
0
0
0
0
0
0
0
0
0
0
0
0
0
0
0
0
0
0
0
0
0
0
0
0
0
0
0
0
0
0
0
0
0
0
0
0
0
0
0
0
0
0
0
0
0
0
0
0
0
0
0
0
0
0
0
0
0
0
0
0
0
0
0
0
0
0
0
0
0
0
0
0
0
0
0
0
0
0
0
0
0
0
0
0
0
0
0
0
0
0
0
0
0
0
0
0
0
0
0
0
0
0
0
0
0
0
0
0
0
0
0
0
0
0
0
0
0
0
0
0
0
0
0
0
0
0
0
0
0
0
0
0
0
0
0
0
0
0
0
0
0
0
0
0
0
0
0
0
0
0
0
0
0
0
0
0
0
0
0
0
0
0
0
0
0
0
0
0
0
0
0
0
0
0
0
0
0
0
0
0
0
0
0
0
0
0
0
0
0
0
0
0
0
0
0
0
0
0
0
0
0
0
0
0
0
0
0
0
0
0
0
0
0
0
0
0
0
0
0
0
0
0
0
0
0
0
0
0
0
0
0
0
0
0
0
0
0
0
0
0
0
0
0
0
0
0
0
0
0
0
0
0
0
0
0
0
0
0
0
0
0
0
0
0
0
0
0
0
0
0
0
0
0
0
0
0
0
0
0
0
0
0
0
0
0
0
0
0
0
0
0
0
0
0
0
0
0
0
0
0
0
0
0
0
0
0
0
0
0
0
0
0
0
0
0
0
0
0
0
0
0
0
0
0
0
0
0
0
0
0
0
0
0
0
0
0
0
0
0
0
0
0
0
0
0
0
0
0
0
0
0
0
0
0
0
0
0
0
0
0
0
0
0
0
0
0
0
0
0
0
0
0
0
0
0
0
0
0
0
0
0
0
0
0
0
0
0
0
0
0
0
0
0
0
0
0
0
0
0
0
0
0
0
0
0
0
0
0
0
0
0
0
0
0
0
0
0
0
0
0
0
0
0
0
0
0
0
0
0
0
0
0
0
0
0
0
0
0
0
0
0
0
0
0
0
0
0
0
0
0
0
0
0
0
0
0
0
0
0
0
0
0
0
0
0
0
0
0
0
0
0
0
0
0
0
0
0
0
0
0
0
0
0
0
0
0
0
0
0
0
0
0
0
0
0
0
0
0
0
0
0
0
0
0
0
0
0
0
0
0
0
0
0
0
0
0
0
0
0
0
0
0
0
0
0
0
0
0
0
0
0
0
0
0
0
0
0
0
0
0
0
0
0
0
0
0
0
0
0
0
0
0
0
0
0
0
0
0
0
0
0
0
0
0
0
0
0
0
0
0
0
0
0
0
0
0
0
0
0
0
0
0
0
0
0
0
0
0
0
0
0
0
0
0
0
0
0
0
0
0
0
0
0
0
0
0
0
0
0
0
0
0
0
0
0
0
0
0
0
0
0
0
0
0
0
0
0
0
0
0
0
0
0
0
0
0
0
0
0
0
0
0
0
0
0
0
0
0
0
0
0
0
0
0
0
0
0
0
0
0
0
0
0
0
0
0
0
0
0
0
0
0
0
0
0
0
0
0
0
0
0
0
0
0
0
0
0
0
0
0
0
0
0
0
0
0
0
0
0
0
0
0
0
0
0
0
0
0
0
0
0
0
0
0
0
0
0
0
0
0
0
0
0
0
0
0
0
0
0
0
0
0
0
0
0
0
0
0
0
0
0
0
0
0
0
0
0
0
0
0
0
0
0
0
0
0
0
0
0
0
0
0
0
0
0
0
0
0
0
0
0
0
0
0
0
0
0
0
0
0
0
0
0
0
0
0
0
0
0
0
0
0
0
0
0
0
0
0
0
0
0
0
0
0
0
0
0
0
0
0
0
0
0
0
0
0
0
0
0
0
0
0
0
0
0
0
0
0
0
0
0
0
0
0
0
0
0
0
0
0
0
0
0
0
0
0
0
0
0
0
0
0
0
0
0
0
0
0
0
0
0
0
0
0
0
0
0
0
0
0
0
0
0
0
0
0
0
0
0
0
0
0
0
0
0
0
0
0
0
0
0
0
0
0
0
0
0
0
0
0
0
0
0
0
0
0
0
0
0
0
0
0
0
0
0
0
0
0
0
0
0
0
0
0
0
0
0
0
0
0
0
0
0
0
0
0
0
0
0
0
0
0
0
0
0
0
0
0
0
0
0
0
0
0
0
0
0
0
0
0
0
0
0
0
0
0
0
0
0
0
0
0
0
0
0
0
0
0
0
0
0
0
0
0
0
0
0
0
0
0
0
0
0
0
0
0
0
0
0
0
0
0
0
0
0
0
0
0
0
0
0
0
0
0
0
0
0
0
0
0
0
0
0
0
0
0
0
0
0
0
0
0
0
0
0
0
0
0
0
0
0
0
0
0
0
0
0
0
0
0
0
0
0
0
0
0
0
0
0
0
0
0
0
0
0
0
0
0
0
0
0
0
0
0
0
0
0
0
0
0
0
0
0
0
0
0
0
0
0
0
0
0
0
0
0
0
0
0
0
0
0
0
0
0
0
0
0
0
0
0
0
0
0
0
0
0
0
0
0
0
0
0
0
0
0
0
0
0
0
0
0
0
0
0
0
0
0
0
0
0
0
0
0
0
0
0
0
0
0
0
0
0
0
0
0
0
0
0
0
0
0
0
0
0
0
0
0
0
0
0
0
0
0
0
0
0
0
0
0
0
0
0
0
0
0
0
0
0
0
0
0
0
0
0
0
0
0
0
0
0
0
0
0
0
0
0
0
0
0
0
0
0
0
0
0
0
0
0
0
0
0
0
0
0
0
0
0
0
0
0
0
0
0
0
0
0
0
0
0
0
0
0
0
0
0
0
0
0
0
0
0
0
0
0
0
0
0
0
0
0
0
0
0
0
0
0
0
0
0
0
0
0
0
0
0
0
0
0
0
0
0
0
0
0
0
0
0
0
0
0
0
0
0
0
0
0
0
0
0
0
0
0
0
0
0
0
0
0
0
0
0
0
0
0
0
0
0
0
0
0
0
0
0
0
0
0
0
0
0
0
0
0
0
0
0
0
0
0
0
0
0
0
0
0
0
0
0
0
0
0
0
0
0
0
0
0
0
0
0
0
0
0
0
0
0
0
0
0
0
0
0
0
0
0
0
0
0
0
0
0
0
0
0
0
0
0
0
0
0
0
0
0
0
0
0
0
0
0
0
0
0
0
0
0
0
0
0
0
0
0
0
0
0
0
0
0
0
0
0
0
0
0
0
0
0
0
0
0
0
0
0
0
0
0
0
0
0
0
0
0
0
0
0
0
0
0
0
0
0
0
0
0
0
0
0
0
0
0
0
0
0
0
0
0
0
0
0
0
0
0
0
0
0
0
0
0
0
0
0
0
0
0
0
0
0
0
0
0
0
0
0
0
0
0
0
0
0
0
0
0
0
0
0
0
0
0
0
0
0
0
0
0
0
0
0
0
0
0
0
0
0
0
0
0
0
0
0
0
0
0
0
0
0
0
0
0
0
0
0
0
0
0
0
0
0
0
0
0
0
0
0
0
0
0
0
0
0
0
0
0
0
0
0
0
0
0
0
0
0
0
0
0
0
0
0
0
0
0
0
0
0
0
0
0
0
0
0
0
0
0
0
0
0
0
0
0
0
0
0
0
0
0
0
0
0
0
0
0
0
0
0
0
0
0
0
0
0
0
0
0
0
0
0
0
0
0
0
0
0
0
0
0
0
0
0
0
0
0
0
0
0
0
0
0
0
0
0
0
0
0
0
0
0
0
0
0
0
0
0
0
0
0
0
0
0
0
0
0
0
0
0
0
0
0
0
0
0
0
0
0
0
0
0
0
0
0
0
0
0
0
0
0
0
0
0
0
0
0
0
0
0
0
0
0
0
0
0
0
0
0
0
0
0
0
0
0
0
0
0
0
0
0
0
0
0
0
0
0
0
0
0
0
0
0
0
0
0
0
0
0
0
0
0
0
0
0
0
0
0
0
0
0
0
0
0
0
0
0
0
0
0
0
0
0
0
0
0
0
0
0
0
0
0
0
0
0
0
0
0
0
0
0
0
0
0
0
0
0
0
0
0
0
0
0
0
0
0
0
0
0
0
0
0
0
0
0
0
0
0
0
0
0
0
0
0
0
0
0
0
0
0
0
0
0
0
0
0
0
0
0
0
0
0
0
0
0
0
0
0
0
0
0
0
0
0
0
0
0
0
0
0
0
0
0
0
0
0
0
0
0
0
0
0
0
0
0
0
0
0
0
0
0
0
0
0
0
0
0
0
0
0
0
0
0
0
0
0
0
0
0
0
0
0
0
0
0
0
0
0
0
0
0
0
0
0
0
0
0
0
0
0
0
0
0
0
0
0
0
0
0
0
0
0
0
0
0
0
0
0
0
0
0
0
0
0
0
0
0
0
0
0
0
0
0
0
0
0
0
0
0
0
0
0
0
0
0
0
0
0
0
0
0
0
0
0
0
0
0
0
0
0
0
0
0
0
0
0
0
0
0
0
0
0
0
0
0
0
0
0
0
0
0
0
0
0
0
0
0
0
0
0
0
0
0
0
0
0
0
0
0
0
0
0
0
0
0
0
0
0
0
0
0
0
0
0
0
0
0
0
0
0
0
0
0
0
0
0
0
0
0
0
0
0
0
0
0
0
0
0
0
0
0
0
0
0
0
0
0
0
0
0
0
0
0
0
0
0
0
0
0
0
0
0
0
0
0
0
0
0
0
0
0
0
0
0
0
0
0
0
0
0
0
0
0
0
0
0
0
0
0
0
0
0
0
0
0
0
0
0
0
0
0
0
0
0
0
0
0
0
0
0
0
0
0
0
0
0
0
0
0
0
0
0
0
0
0
0
0
0
0
0
0
0
0
0
0
0
0
0
0
0
0
0
0
0
0
0
0
0
0
0
0
0
0
0
0
0
0
0
0
0
0
0
0
0
0
0
0
0
0
0
0
0
0
0
0
0
0
0
0
0
0
0
0
0
0
0
0
0
0
0
0
0
0
0
0
0
0
0
0
0
0
0
0
0
0
0
0
0
0
0
0
0
0
0
0
0
0
0
0
0
0
0
0
0
0
0
0
0
0
0
0
0
0
0
0
0
0
0
0
0
0
0
0
0
0
0
0
0
0
0
0
0
0
0
0
0
0
0
0
0
0
0
0
0
0
0
0
0
0
0
0
0
0
0
0
0
0
0
0
0
0
0
0
0
0
0
0
0
0
0
0
0
0
0
0
0
0
0
0
0
0
0
0
0
0
0
0
0
0
0
0
0
0
0
0
0
0
0
0
0
0
0
0
0
0
0
0
0
0
0
0
0
0
0
0
0
0
0
0
0
0
0
0
0
0
0
0
0
0
0
0
0
0
0
0
0
0
0
0
0
0
0
0
0
0
0
0
0
0
0
0
0
0
0
0
0
0
0
0
0
0
0
0
0
0
0
0
0
0
0
0
0
0
0
0
0
0
0
0
0
0
0
0
0
0
0
0
0
0
0
0
0
0
0
0
0
0
0
0
0
0
0
0
0
0
0
0
0
0
0
0
0
0
0
0
0
0
0
0
0
0
0
0
0
0
0
0
0
0
0
0
0
0
0
0
0
0
0
0
0
0
0
0
0
0
0
0
0
0
0
0
0
0
0
0
0
0
0
0
0
0
0
0
0
0
0
0
0
0
0
0
0
0
0
0
0
0
0
0
0
0
0
0
0
0
0
0
0
0
0
0
0
0
0
0
0
0
0
0
0
0
0
0
0
0
0
0
0
0
0
0
0
0
0
0
0
0
0
0
0
0
0
0
0
0
0
0
0
0
0
0
0
0
0
0
0
0
0
0
0
0
0
0
0
0
0
0
0
0
0
0
0
0
0
0
0
0
0
0
0
0
0
0
0
0
0
0
0
0
0
0
0
0
0
0
0
0
0
0
0
0
0
0
0
0
0
0
0
0
0
0
0
0
0
0
0
0
0
0
0
0
0
0
0
0
0
0
0
0
0
0
0
0
0
0
0
0
0
0
0
0
0
0
0
0
0
0
0
0
0
0
0
0
0
0
0
0
0
0
0
0
0
0
0
0
0
0
0
0
0
0
0
0
0
0
0
0
0
0
0
0
0
0
0
0
0
0
0
0
0
0
0
0
0
0
0
0
0
0
0
0
0
0
0
0
0
0
0
0
0
0
0
0
0
0
0
0
0
0
0
0
0
0
0
0
0
0
0
0
0
0
0
0
0
0
0
0
0
0
0
0
0
0
0
0
0
0
0
0
0
0
0
0
0
0
0
0
0
0
0
0
0
0
0
0
0
0
0
0
0
0
0
0
0
0
0
0
0
0
0
0
0
0
0
0
0
0
0
0
0
0
0
0
0
0
0
0
0
0
0
0
0
0
0
0
0
0
0
0
0
0
0
0
0
0
0
0
0
0
0
0
0
0
0
0
0
0
0
0
0
0
0
0
0
0
0
0
0
0
0
0
0
0
0
0
0
0
0
0
0
0
0
0
0
0
0
0
0
0
0
0
0
0
0
0
0
0
0
0
0
0
0
0
0
0
0
0
0
0
0
0
0
0
0
0
0
0
0
0
0
0
0
0
0
0
0
0
0
0
0
0
0
0
0
0
0
0
0
0
0
0
0
0
0
0
0
0
0
0
0
0
0
0
0
0
0
0
0
0
0
0
0
0
0
0
0
0
0
0
0
0
0
0
0
0
0
0
0
0
0
0
0
0
0
0
0
0
0
0
0
0
0
0
0
0
0
0
0
0
0
0
0
0
0
0
0
0
0
0
0
0
0
0
0
0
0
0
0
0
0
0
0
0
0
0
0
0
0
0
0
0
0
0
0
0
0
0
0
0
0
0
0
0
0
0
0
0
0
0
0
0
0
0
0
0
0
0
0
0
0
0
0
0
0
0
0
0
0
0
0
0
0
0
0
0
0
0
0
0
0
0
0
0
0
0
0
0
0
0
0
0
0
0
0
0
0
0
0
0
0
0
0
0
0
0
0
0
0
0
0
0
0
0
0
0
0
0
0
0
0
0
0
0
0
0
0
0
0
0
0
0
0
0
0
0
0
0
0
0
0
0
0
0
0
0
0
0
0
0
0
0
0
0
0
0
0
0
0
0
0
0
0
0
0
0
0
0
0
0
0
0
0
0
0
0
0
0
0
0
0
0
0
0
0
0
0
0
0
0
0
0
0
0
0
0
0
0
0
0
0
0
0
0
0
0
0
0
0
0
0
0
0
0
0
0
0
0
0
0
0
0
0
0
0
0
0
0
0
0
0
0
0
0
0
0
0
0
0
0
0
0
0
0
0
0
0
0
0
0
0
0
0
0
0
0
0
0
0
0
0
0
0
0
0
0
0
0
0
0
0
0
0
0
0
0
0
0
0
0
0
0
0
0
0
0
0
0
0
0
0
0
0
0
0
0
0
0
0
0
0
0
0
0
0
0
0
0
0
0
0
0
0
0
0
0
0
0
0
0
0
0
0
0
0
0
0
0
0
0
0
0
0
0
0
0
0
0
0
0
0
0
0
0
0
0
0
0
0
0
0
0
0
0
0
0
0
0
0
0
0
0
0
0
0
0
0
0
0
0
0
0
0
0
0
0
0
0
0
0
0
0
0
0
0
0
0
0
0
0
0
0
0
0
0
0
0
0
0
0
