4095
0
0
0
0
0
0
0
0
4095
0
0
0
0
0
0
4095
0
0
0
0
0
0
0
0
4095
0
0
0
0
0
0
0
0
0
0
0
0
0
0
4095
4095
0
0
0
0
0
0
0
0
0
0
0
0
0
0
4095
4095
0
0
0
0
0
0
0
0
0
0
0
0
0
0
4095
4095
0
0
0
0
0
0
0
0
0
0
0
0
0
0
4095
4095
0
0
0
0
0
0
0
0
0
0
0
0
0
0
4095
4095
0
0
0
0
0
0
0
0
0
0
0
0
0
0
4095
4095
0
0
0
0
0
0
0
0
0
0
0
0
0
0
4095
4095
0
0
0
0
0
0
0
0
0
0
0
0
0
0
4095
4095
0
0
0
0
0
0
0
0
0
0
0
0
0
0
4095
4095
0
0
0
0
0
0
0
0
0
0
0
0
0
0
4089
4087
0
0
0
0
0
0
4093
4093
0
0
0
0
0
0
4093
4092
0
0
0
0
0
0
4090
4092
0
0
0
0
0
0
4090
4089
0
0
0
0
0
0
4092
4091
0
0
0
0
0
0
4092
4092
0
0
0
0
0
0
4088
4088
0
0
0
0
0
0
4093
4092
0
0
0
0
0
0
4091
4091
0
0
0
0
0
0
4090
4091
0
0
0
0
0
0
4091
4091
0
0
0
0
0
0
4090
4089
0
0
0
0
0
0
4094
4094
0
0
0
0
0
0
4093
4094
0
0
0
0
0
0
4088
4089
0
0
0
0
0
0
4085
4086
0
0
0
0
0
0
4094
4089
0
0
0
0
0
0
4093
4095
0
0
0
0
0
0
4095
4095
0
0
0
0
0
0
4082
4084
0
0
0
0
0
0
4089
4086
0
0
0
0
0
0
2
4094
0
0
0
0
0
0
4
5
0
0
0
0
0
0
4084
4088
0
0
0
0
0
0
4079
4079
0
0
0
0
0
0
4089
4085
0
0
0
0
0
0
8
5
0
0
0
0
0
0
0
4
0
0
0
0
0
0
4080
4087
0
0
0
0
0
0
4078
4075
0
0
0
0
0
0
2
4091
0
0
0
0
0
0
13
12
0
0
0
0
0
0
4091
3
0
0
0
0
0
0
4072
4080
0
0
0
0
0
0
4077
4070
0
0
0
0
0
0
12
3
0
0
0
0
0
0
18
21
0
0
0
0
0
0
4077
4091
0
0
0
0
0
0
4064
4068
0
0
0
0
0
0
4088
4073
0
0
0
0
0
0
21
12
0
0
0
0
0
0
15
23
0
0
0
0
0
0
4066
4081
0
0
0
0
0
0
4060
4056
0
0
0
0
0
0
5
4083
0
0
0
0
0
0
35
30
0
0
0
0
0
0
3
20
0
0
0
0
0
0
4046
4060
0
0
0
0
0
0
4067
4055
0
0
0
0
0
0
25
5
0
0
0
0
0
0
34
37
0
0
0
0
0
0
4079
6
0
0
0
0
0
0
4036
4044
0
0
0
0
0
0
4083
4060
0
0
0
0
0
0
45
25
0
0
0
0
0
0
31
46
0
0
0
0
0
0
4050
4078
0
0
0
0
0
0
4036
4033
0
0
0
0
0
0
10
4074
0
0
0
0
0
0
62
50
0
0
0
0
0
0
9
36
0
0
0
0
0
0
4026
4050
0
0
0
0
0
0
4046
4027
0
0
0
0
0
0
42
6
0
0
0
0
0
0
65
66
0
0
0
0
0
0
4076
18
0
0
0
0
0
0
4005
4021
0
0
0
0
0
0
4071
4038
0
0
0
0
0
0
75
42
0
0
0
0
0
0
54
74
0
0
0
0
0
0
4039
4079
0
0
0
0
0
0
4001
4001
0
0
0
0
0
0
14
4064
0
0
0
0
0
0
94
73
0
0
0
0
0
0
28
66
0
0
0
0
0
0
3998
4038
0
0
0
0
0
0
4016
3994
0
0
0
0
0
0
57
6
0
0
0
0
0
0
104
102
0
0
0
0
0
0
4074
33
0
0
0
0
0
0
3972
3996
0
0
0
0
0
0
4051
4006
0
0
0
0
0
0
102
54
0
0
0
0
0
0
88
111
0
0
0
0
0
0
4022
4084
0
0
0
0
0
0
3964
3966
0
0
0
0
0
0
3
4037
0
0
0
0
0
0
139
103
0
0
0
0
0
0
45
95
0
0
0
0
0
0
3972
4030
0
0
0
0
0
0
3976
3951
0
0
0
0
0
0
69
4093
0
0
0
0
0
0
145
138
0
0
0
0
0
0
4086
62
0
0
0
0
0
0
3929
3970
0
0
0
0
0
0
4021
3966
0
0
0
0
0
0
133
63
0
0
0
0
0
0
128
154
0
0
0
0
0
0
4012
4095
0
0
0
0
0
0
3914
3925
0
0
0
0
0
0
4089
4009
0
0
0
0
0
0
181
128
0
0
0
0
0
0
80
142
0
0
0
0
0
0
3942
4021
0
0
0
0
0
0
3928
3903
0
0
0
0
0
0
78
4079
0
0
0
0
0
0
199
180
0
0
0
0
0
0
3
92
0
0
0
0
0
0
3885
3947
0
0
0
0
0
0
3984
3919
0
0
0
0
0
0
160
67
0
0
0
0
0
0
181
204
0
0
0
0
0
0
4005
18
0
0
0
0
0
0
3861
3887
0
0
0
0
0
0
4070
3970
0
0
0
0
0
0
223
150
0
0
0
0
0
0
122
190
0
0
0
0
0
0
3912
4019
0
0
0
0
0
0
3880
3858
0
0
0
0
0
0
80
4054
0
0
0
0
0
0
254
221
0
0
0
0
0
0
31
137
0
0
0
0
0
0
3837
3922
0
0
0
0
0
0
3941
3867
0
0
0
0
0
0
184
64
0
0
0
0
0
0
240
258
0
0
0
0
0
0
4011
48
0
0
0
0
0
0
3801
3842
0
0
0
0
0
0
4042
3924
0
0
0
0
0
0
272
173
0
0
0
0
0
0
176
250
0
0
0
0
0
0
3889
4026
0
0
0
0
0
0
3813
3799
0
0
0
0
0
0
75
4021
0
0
0
0
0
0
313
261
0
0
0
0
0
0
66
190
0
0
0
0
0
0
3789
3903
0
0
0
0
0
0
3883
3805
0
0
0
0
0
0
205
52
0
0
0
0
0
0
305
315
0
0
0
0
0
0
4018
83
0
0
0
0
0
0
3736
3802
0
0
0
0
0
0
4000
3865
0
0
0
0
0
0
319
189
0
0
0
0
0
0
231
309
0
0
0
0
0
0
3875
4045
0
0
0
0
0
0
3744
3742
0
0
0
0
0
0
55
3977
0
0
0
0
0
0
380
302
0
0
0
0
0
0
109
251
0
0
0
0
0
0
3749
3895
0
0
0
0
0
0
3814
3736
0
0
0
0
0
0
222
36
0
0
0
0
0
0
380
373
0
0
0
0
0
0
4038
130
0
0
0
0
0
0
3674
3766
0
0
0
0
0
0
3950
3799
0
0
0
0
0
0
357
195
0
0
0
0
0
0
309
384
0
0
0
0
0
0
3862
4065
0
0
0
0
0
0
3668
3684
0
0
0
0
0
0
29
3923
0
0
0
0
0
0
446
338
0
0
0
0
0
0
165
319
0
0
0
0
0
0
3709
3891
0
0
0
0
0
0
3740
3665
0
0
0
0
0
0
222
0
0
0
0
0
0
0
457
431
0
0
0
0
0
0
4073
191
0
0
0
0
0
0
3610
3734
0
0
0
0
0
0
3886
3727
0
0
0
0
0
0
398
193
0
0
0
0
0
0
383
456
0
0
0
0
0
0
3866
8
0
0
0
0
0
0
3583
3619
0
0
0
0
0
0
4090
3864
0
0
0
0
0
0
508
365
0
0
0
0
0
0
233
399
0
0
0
0
0
0
3678
3899
0
0
0
0
0
0
3656
3591
0
0
0
0
0
0
216
4055
0
0
0
0
0
0
538
486
0
0
0
0
0
0
24
261
0
0
0
0
0
0
3544
3706
0
0
0
0
0
0
3815
3647
0
0
0
0
0
0
423
178
0
0
0
0
0
0
473
532
0
0
0
0
0
0
3876
54
0
0
0
0
0
0
3503
3570
0
0
0
0
0
0
4041
3790
0
0
0
0
0
0
567
384
0
0
0
0
0
0
311
482
0
0
0
0
0
0
3651
3916
0
0
0
0
0
0
3568
3513
0
0
0
0
0
0
196
4000
0
0
0
0
0
0
626
543
0
0
0
0
0
0
74
332
0
0
0
0
0
0
3490
3693
0
0
0
0
0
0
3733
3562
0
0
0
0
0
0
439
153
0
0
0
0
0
0
568
609
0
0
0
0
0
0
3898
115
0
0
0
0
0
0
3422
3521
0
0
0
0
0
0
3977
3708
0
0
0
0
0
0
626
399
0
0
0
0
0
0
398
566
0
0
0
0
0
0
3642
3949
0
0
0
0
0
0
3471
3438
0
0
0
0
0
0
166
3937
0
0
0
0
0
0
708
587
0
0
0
0
0
0
144
421
0
0
0
0
0
0
3437
3687
0
0
0
0
0
0
3636
3469
0
0
0
0
0
0
450
120
0
0
0
0
0
0
664
683
0
0
0
0
0
0
3937
184
0
0
0
0
0
0
3338
3477
0
0
0
0
0
0
3898
3614
0
0
0
0
0
0
672
399
0
0
0
0
0
0
496
661
0
0
0
0
0
0
3639
3989
0
0
0
0
0
0
3368
3366
0
0
0
0
0
0
124
3860
0
0
0
0
0
0
784
623
0
0
0
0
0
0
227
516
0
0
0
0
0
0
3397
3693
0
0
0
0
0
0
3534
3376
0
0
0
0
0
0
444
68
0
0
0
0
0
0
761
751
0
0
0
0
0
0
3990
267
0
0
0
0
0
0
3262
3448
0
0
0
0
0
0
3813
3520
0
0
0
0
0
0
706
383
0
0
0
0
0
0
604
754
0
0
0
0
0
0
3649
4044
0
0
0
0
0
0
3270
3299
0
0
0
0
0
0
63
3770
0
0
0
0
0
0
861
653
0
0
0
0
0
0
320
616
0
0
0
0
0
0
3364
3711
0
0
0
0
0
0
3426
3284
0
0
0
0
0
0
426
9
0
0
0
0
0
0
866
817
0
0
0
0
0
0
4053
358
0
0
0
0
0
0
3195
3427
0
0
0
0
0
0
3711
3414
0
0
0
0
0
0
733
359
0
0
0
0
0
0
713
844
0
0
0
0
0
0
3675
17
0
0
0
0
0
0
3169
3237
0
0
0
0
0
0
4090
3677
0
0
0
0
0
0
924
665
0
0
0
0
0
0
424
722
0
0
0
0
0
0
3346
3745
0
0
0
0
0
0
3313
3195
0
0
0
0
0
0
391
4029
0
0
0
0
0
0
961
869
0
0
0
0
0
0
41
461
0
0
0
0
0
0
3127
3415
0
0
0
0
0
0
3608
3310
0
0
0
0
0
0
742
315
0
0
0
0
0
0
831
934
0
0
0
0
0
0
3721
102
0
0
0
0
0
0
3073
3187
0
0
0
0
0
0
4001
3570
0
0
0
0
0
0
984
668
0
0
0
0
0
0
536
828
0
0
0
0
0
0
3342
3794
0
0
0
0
0
0
3196
3108
0
0
0
0
0
0
343
3944
0
0
0
0
0
0
1056
916
0
0
0
0
0
0
134
570
0
0
0
0
0
0
3080
3423
0
0
0
0
0
0
3486
3200
0
0
0
0
0
0
739
263
0
0
0
0
0
0
946
1015
0
0
0
0
0
0
3775
192
0
0
0
0
0
0
2983
3149
0
0
0
0
0
0
3901
3458
0
0
0
0
0
0
1028
655
0
0
0
0
0
0
661
938
0
0
0
0
0
0
3352
3855
0
0
0
0
0
0
3083
3031
0
0
0
0
0
0
276
3842
0
0
0
0
0
0
1142
949
0
0
0
0
0
0
238
686
0
0
0
0
0
0
3042
3441
0
0
0
0
0
0
3361
3095
0
0
0
0
0
0
721
193
0
0
0
0
0
0
1061
1090
0
0
0
0
0
0
3847
295
0
0
0
0
0
0
2899
3120
0
0
0
0
0
0
3790
3342
0
0
0
0
0
0
1057
625
0
0
0
0
0
0
785
1042
0
0
0
0
0
0
3383
3934
0
0
0
0
0
0
2964
2962
0
0
0
0
0
0
195
3733
0
0
0
0
0
0
1220
968
0
0
0
0
0
0
354
804
0
0
0
0
0
0
3019
3479
0
0
0
0
0
0
3233
2992
0
0
0
0
0
0
686
110
0
0
0
0
0
0
1175
1158
0
0
0
0
0
0
3935
409
0
0
0
0
0
0
2830
3111
0
0
0
0
0
0
3667
3219
0
0
0
0
0
0
1075
587
0
0
0
0
0
0
916
1141
0
0
0
0
0
0
3424
4021
0
0
0
0
0
0
2859
2904
0
0
0
0
0
0
96
3611
0
0
0
0
0
0
1286
975
0
0
0
0
0
0
482
925
0
0
0
0
0
0
3009
3527
0
0
0
0
0
0
3104
2893
0
0
0
0
0
0
630
14
0
0
0
0
0
0
1283
1207
0
0
0
0
0
0
4038
532
0
0
0
0
0
0
2770
3111
0
0
0
0
0
0
3536
3100
0
0
0
0
0
0
1073
526
0
0
0
0
0
0
1045
1235
0
0
0
0
0
0
3484
24
0
0
0
0
0
0
2753
2853
0
0
0
0
0
0
4088
3493
0
0
0
0
0
0
1340
964
0
0
0
0
0
0
613
1043
0
0
0
0
0
0
3021
3594
0
0
0
0
0
0
2973
2805
0
0
0
0
0
0
562
4003
0
0
0
0
0
0
1377
1246
0
0
0
0
0
0
58
657
0
0
0
0
0
0
2729
3135
0
0
0
0
0
0
3398
2980
0
0
0
0
0
0
1054
453
0
0
0
0
0
0
1172
1315
0
0
0
0
0
0
3569
144
0
0
0
0
0
0
2661
2824
0
0
0
0
0
0
3965
3362
0
0
0
0
0
0
1373
934
0
0
0
0
0
0
755
1161
0
0
0
0
0
0
3048
3677
0
0
0
0
0
0
2849
2728
0
0
0
0
0
0
476
3885
0
0
0
0
0
0
1461
1268
0
0
0
0
0
0
187
790
0
0
0
0
0
0
2698
3168
0
0
0
0
0
0
3261
2870
0
0
0
0
0
0
1013
360
0
0
0
0
0
0
1300
1394
0
0
0
0
0
0
3657
263
0
0
0
0
0
0
2584
2809
0
0
0
0
0
0
3832
3232
0
0
0
0
0
0
1397
891
0
0
0
0
0
0
894
1269
0
0
0
0
0
0
3097
3773
0
0
0
0
0
0
2727
2660
0
0
0
0
0
0
371
3755
0
0
0
0
0
0
1536
1275
0
0
0
0
0
0
322
918
0
0
0
0
0
0
2687
3222
0
0
0
0
0
0
3119
2764
0
0
0
0
0
0
961
259
0
0
0
0
0
0
1411
1450
0
0
0
0
0
0
3769
394
0
0
0
0
0
0
2517
2811
0
0
0
0
0
0
3695
3102
0
0
0
0
0
0
1392
827
0
0
0
0
0
0
1035
1372
0
0
0
0
0
0
3161
3883
0
0
0
0
0
0
2618
2612
0
0
0
0
0
0
252
3619
0
0
0
0
0
0
1596
1269
0
0
0
0
0
0
462
1047
0
0
0
0
0
0
2696
3293
0
0
0
0
0
0
2980
2668
0
0
0
0
0
0
888
144
0
0
0
0
0
0
1519
1494
0
0
0
0
0
0
3892
529
0
0
0
0
0
0
2469
2831
0
0
0
0
0
0
3547
2972
0
0
0
0
0
0
1377
753
0
0
0
0
0
0
1173
1462
0
0
0
0
0
0
3241
4003
0
0
0
0
0
0
2515
2575
0
0
0
0
0
0
128
3486
0
0
0
0
0
0
1633
1238
0
0
0
0
0
0
613
1175
0
0
0
0
0
0
2726
3379
0
0
0
0
0
0
2844
2580
0
0
0
0
0
0
800
22
0
0
0
0
0
0
1613
1520
0
0
0
0
0
0
4025
669
0
0
0
0
0
0
2435
2864
0
0
0
0
0
0
3402
2856
0
0
0
0
0
0
1339
656
0
0
0
0
0
0
1301
1539
0
0
0
0
0
0
3342
38
0
0
0
0
0
0
2430
2553
0
0
0
0
0
0
4084
3345
0
0
0
0
0
0
1658
1194
0
0
0
0
0
0
761
1290
0
0
0
0
0
0
2772
3478
0
0
0
0
0
0
2714
2510
0
0
0
0
0
0
692
3980
0
0
0
0
0
0
1690
1529
0
0
0
0
0
0
75
808
0
0
0
0
0
0
2419
2918
0
0
0
0
0
0
3250
2739
0
0
0
0
0
0
1282
549
0
0
0
0
0
0
1430
1605
0
0
0
0
0
0
3454
173
0
0
0
0
0
0
2360
2556
0
0
0
0
0
0
3935
3206
0
0
0
0
0
0
1663
1130
0
0
0
0
0
0
909
1399
0
0
0
0
0
0
2838
3594
0
0
0
0
0
0
2596
2451
0
0
0
0
0
0
570
3842
0
0
0
0
0
0
1754
1522
0
0
0
0
0
0
220
942
0
0
0
0
0
0
2430
2990
0
0
0
0
0
0
3100
2635
0
0
0
0
0
0
1209
434
0
0
0
0
0
0
1542
1652
0
0
0
0
0
0
3582
318
0
0
0
0
0
0
2305
2571
0
0
0
0
0
0
3784
3075
0
0
0
0
0
0
1646
1051
0
0
0
0
0
0
1053
1494
0
0
0
0
0
0
2921
3717
0
0
0
0
0
0
2491
2412
0
0
0
0
0
0
437
3699
0
0
0
0
0
0
1799
1495
0
0
0
0
0
0
378
1076
0
0
0
0
0
0
2456
3079
0
0
0
0
0
0
2961
2547
0
0
0
0
0
0
1115
300
0
0
0
0
0
0
1642
1685
0
0
0
0
0
0
3718
455
0
0
0
0
0
0
2271
2612
0
0
0
0
0
0
3633
2949
0
0
0
0
0
0
1605
954
0
0
0
0
0
0
1191
1577
0
0
0
0
0
0
3024
3855
0
0
0
0
0
0
2399
2393
0
0
0
0
0
0
296
3556
0
0
0
0
0
0
1822
1448
0
0
0
0
0
0
530
1196
0
0
0
0
0
0
2502
3182
0
0
0
0
0
0
2824
2469
0
0
0
0
0
0
1011
166
0
0
0
0
0
0
1723
1697
0
0
0
0
0
0
3864
599
0
0
0
0
0
0
2257
2667
0
0
0
0
0
0
3478
2831
0
0
0
0
0
0
1551
847
0
0
0
0
0
0
1321
1645
0
0
0
0
0
0
3139
3994
0
0
0
0
0
0
2323
2389
0
0
0
0
0
0
143
3413
0
0
0
0
0
0
1828
1385
0
0
0
0
0
0
683
1310
0
0
0
0
0
0
2567
3296
0
0
0
0
0
0
2706
2411
0
0
0
0
0
0
883
21
0
0
0
0
0
0
1791
1688
0
0
0
0
0
0
4017
743
0
0
0
0
0
0
2258
2735
0
0
0
0
0
0
3330
2726
0
0
0
0
0
0
1475
723
0
0
0
0
0
0
1438
1697
0
0
0
0
0
0
3267
39
0
0
0
0
0
0
2266
2404
0
0
0
0
0
0
4086
3277
0
0
0
0
0
0
1816
1307
0
0
0
0
0
0
832
1409
0
0
0
0
0
0
2650
3423
0
0
0
0
0
0
2597
2372
0
0
0
0
0
0
751
3974
0
0
0
0
0
0
1838
1661
0
0
0
0
0
0
81
876
0
0
0
0
0
0
2285
2824
0
0
0
0
0
0
3181
2630
0
0
0
0
0
0
1385
593
0
0
0
0
0
0
1542
1733
0
0
0
0
0
0
3405
184
0
0
0
0
0
0
2233
2444
0
0
0
0
0
0
3925
3141
0
0
0
0
0
0
1781
1212
0
0
0
0
0
0
969
1493
0
0
0
0
0
0
2754
3562
0
0
0
0
0
0
2499
2346
0
0
0
0
0
0
607
3825
0
0
0
0
0
0
1862
1615
0
0
0
0
0
0
239
1002
0
0
0
0
0
0
2330
2924
0
0
0
0
0
0
3049
2554
0
0
0
0
0
0
1273
453
0
0
0
0
0
0
1626
1742
0
0
0
0
0
0
3554
333
0
0
0
0
0
0
2213
2494
0
0
0
0
0
0
3769
3023
0
0
0
0
0
0
1729
1105
0
0
0
0
0
0
1102
1564
0
0
0
0
0
0
2867
3701
0
0
0
0
0
0
2422
2338
0
0
0
0
0
0
455
3683
0
0
0
0
0
0
1870
1554
0
0
0
0
0
0
394
1118
0
0
0
0
0
0
2392
3039
0
0
0
0
0
0
2920
2490
0
0
0
0
0
0
1156
314
0
0
0
0
0
0
1695
1738
0
0
0
0
0
0
3706
471
0
0
0
0
0
0
2217
2567
0
0
0
0
0
0
3617
2913
0
0
0
0
0
0
1650
982
0
0
0
0
0
0
1224
1618
0
0
0
0
0
0
2996
3845
0
0
0
0
0
0
2362
2357
0
0
0
0
0
0
300
3544
0
0
0
0
0
0
1861
1480
0
0
0
0
0
0
541
1219
0
0
0
0
0
0
2473
3163
0
0
0
0
0
0
2806
2447
0
0
0
0
0
0
1026
169
0
0
0
0
0
0
1740
1711
0
0
0
0
0
0
3866
608
0
0
0
0
0
0
2238
2652
0
0
0
0
0
0
3474
2823
0
0
0
0
0
0
1560
850
0
0
0
0
0
0
1328
1653
0
0
0
0
0
0
3133
3991
0
0
0
0
0
0
2325
2391
0
0
0
0
0
0
140
3409
0
0
0
0
0
0
1825
1384
0
0
0
0
0
0
683
1305
0
0
0
0
0
0
2576
3302
0
0
0
0
0
0
2711
2420
0
0
0
0
0
0
877
18
0
0
0
0
0
0
1778
1675
0
0
0
0
0
0
4018
730
0
0
0
0
0
0
2282
2753
0
0
0
0
0
0
3339
2744
0
0
0
0
0
0
1454
712
0
0
0
0
0
0
1413
1668
0
0
0
0
0
0
3281
40
0
0
0
0
0
0
2304
2437
0
0
0
0
0
0
4084
3293
0
0
0
0
0
0
1774
1275
0
0
0
0
0
0
811
1375
0
0
0
0
0
0
2689
3440
0
0
0
0
0
0
2635
2416
0
0
0
0
0
0
728
3973
0
0
0
0
0
0
1782
1610
0
0
0
0
0
0
78
848
0
0
0
0
0
0
2344
2864
0
0
0
0
0
0
3212
2680
0
0
0
0
0
0
1336
573
0
0
0
0
0
0
1482
1663
0
0
0
0
0
0
3433
182
0
0
0
0
0
0
2305
2506
0
0
0
0
0
0
3933
3185
0
0
0
0
0
0
1707
1161
0
0
0
0
0
0
926
1427
0
0
0
0
0
0
2814
3585
0
0
0
0
0
0
2572
2424
0
0
0
0
0
0
580
3840
0
0
0
0
0
0
1771
1536
0
0
0
0
0
0
227
949
0
0
0
0
0
0
2419
2983
0
0
0
0
0
0
3103
2638
0
0
0
0
0
0
1204
428
0
0
0
0
0
0
1531
1642
0
0
0
0
0
0
3583
310
0
0
0
0
0
0
2328
2593
0
0
0
0
0
0
3788
3089
0
0
0
0
0
0
1617
1032
0
0
0
0
0
0
1034
1466
0
0
0
0
0
0
2949
3725
0
0
0
0
0
0
2534
2458
0
0
0
0
0
0
425
3712
0
0
0
0
0
0
1739
1444
0
0
0
0
0
0
364
1036
0
0
0
0
0
0
2516
3118
0
0
0
0
0
0
3007
2610
0
0
0
0
0
0
1068
288
0
0
0
0
0
0
1565
1606
0
0
0
0
0
0
3737
435
0
0
0
0
0
0
2366
2688
0
0
0
0
0
0
3655
3009
0
0
0
0
0
0
1515
900
0
0
0
0
0
0
1118
1479
0
0
0
0
0
0
3088
3865
0
0
0
0
0
0
2510
2505
0
0
0
0
0
0
274
3593
0
0
0
0
0
0
1694
1346
0
0
0
0
0
0
489
1106
0
0
0
0
0
0
2625
3251
0
0
0
0
0
0
2929
2603
0
0
0
0
0
0
926
150
0
0
0
0
0
0
1574
1548
0
0
0
0
0
0
3888
546
0
0
0
0
0
0
2424
2796
0
0
0
0
0
0
3535
2949
0
0
0
0
0
0
1401
764
0
0
0
0
0
0
1186
1478
0
0
0
0
0
0
3235
4001
0
0
0
0
0
0
2507
2569
0
0
0
0
0
0
129
3488
0
0
0
0
0
0
1625
1229
0
0
0
0
0
0
607
1161
0
0
0
0
0
0
2745
3389
0
0
0
0
0
0
2869
2612
0
0
0
0
0
0
777
19
0
0
0
0
0
0
1566
1474
0
0
0
0
0
0
4030
648
0
0
0
0
0
0
2497
2911
0
0
0
0
0
0
3429
2908
0
0
0
0
0
0
1279
628
0
0
0
0
0
0
1238
1461
0
0
0
0
0
0
3381
32
0
0
0
0
0
0
2527
2646
0
0
0
0
0
0
4085
3393
0
0
0
0
0
0
1546
1112
0
0
0
0
0
0
706
1196
0
0
0
0
0
0
2875
3527
0
0
0
0
0
0
2823
2637
0
0
0
0
0
0
633
3994
0
0
0
0
0
0
1538
1389
0
0
0
0
0
0
70
733
0
0
0
0
0
0
2584
3034
0
0
0
0
0
0
3337
2879
0
0
0
0
0
0
1145
491
0
0
0
0
0
0
1271
1426
0
0
0
0
0
0
3528
152
0
0
0
0
0
0
2565
2739
0
0
0
0
0
0
3954
3316
0
0
0
0
0
0
1450
986
0
0
0
0
0
0
790
1215
0
0
0
0
0
0
3006
3660
0
0
0
0
0
0
2805
2682
0
0
0
0
0
0
485
3876
0
0
0
0
0
0
1497
1297
0
0
0
0
0
0
188
798
0
0
0
0
0
0
2690
3165
0
0
0
0
0
0
3261
2869
0
0
0
0
0
0
1010
361
0
0
0
0
0
0
1284
1375
0
0
0
0
0
0
3668
259
0
0
0
0
0
0
2617
2838
0
0
0
0
0
0
3842
3260
0
0
0
0
0
0
1343
855
0
0
0
0
0
0
856
1214
0
0
0
0
0
0
3144
3788
0
0
0
0
0
0
2803
2740
0
0
0
0
0
0
347
3776
0
0
0
0
0
0
1436
1194
0
0
0
0
0
0
296
847
0
0
0
0
0
0
2796
3292
0
0
0
0
0
0
3202
2874
0
0
0
0
0
0
875
238
0
0
0
0
0
0
1275
1306
0
0
0
0
0
0
3802
354
0
0
0
0
0
0
2688
2949
0
0
0
0
0
0
3738
3214
0
0
0
0
0
0
1228
730
0
0
0
0
0
0
906
1199
0
0
0
0
0
0
3283
3911
0
0
0
0
0
0
2816
2811
0
0
0
0
0
0
219
3691
0
0
0
0
0
0
1360
1080
0
0
0
0
0
0
394
887
0
0
0
0
0
0
2915
3419
0
0
0
0
0
0
3162
2903
0
0
0
0
0
0
734
116
0
0
0
0
0
0
1254
1232
0
0
0
0
0
0
3928
432
0
0
0
0
0
0
2768
3064
0
0
0
0
0
0
3650
3186
0
0
0
0
0
0
1105
601
0
0
0
0
0
0
939
1169
0
0
0
0
0
0
3415
4018
0
0
0
0
0
0
2847
2895
0
0
0
0
0
0
97
3613
0
0
0
0
0
0
1274
966
0
0
0
0
0
0
471
903
0
0
0
0
0
0
3042
3545
0
0
0
0
0
0
3140
2939
0
0
0
0
0
0
604
14
0
0
0
0
0
0
1210
1140
0
0
0
0
0
0
4045
502
0
0
0
0
0
0
2858
3179
0
0
0
0
0
0
3578
3176
0
0
0
0
0
0
982
480
0
0
0
0
0
0
950
1121
0
0
0
0
0
0
3544
21
0
0
0
0
0
0
2897
2988
0
0
0
0
0
0
4083
3556
0
0
0
0
0
0
1178
847
0
0
0
0
0
0
536
907
0
0
0
0
0
0
3166
3664
0
0
0
0
0
0
3136
2992
0
0
0
0
0
0
476
4016
0
0
0
0
0
0
1161
1048
0
0
0
0
0
0
48
550
0
0
0
0
0
0
2962
3299
0
0
0
0
0
0
3525
3181
0
0
0
0
0
0
857
368
0
0
0
0
0
0
948
1063
0
0
0
0
0
0
3668
109
0
0
0
0
0
0
2955
3087
0
0
0
0
0
0
3991
3517
0
0
0
0
0
0
1070
725
0
0
0
0
0
0
586
898
0
0
0
0
0
0
3289
3772
0
0
0
0
0
0
3144
3053
0
0
0
0
0
0
355
3933
0
0
0
0
0
0
1093
947
0
0
0
0
0
0
140
585
0
0
0
0
0
0
3063
3409
0
0
0
0
0
0
3485
3201
0
0
0
0
0
0
732
261
0
0
0
0
0
0
931
996
0
0
0
0
0
0
3783
185
0
0
0
0
0
0
3028
3189
0
0
0
0
0
0
3911
3491
0
0
0
0
0
0
966
617
0
0
0
0
0
0
614
868
0
0
0
0
0
0
3409
3872
0
0
0
0
0
0
3171
3127
0
0
0
0
0
0
246
3867
0
0
0
0
0
0
1019
845
0
0
0
0
0
0
213
605
0
0
0
0
0
0
3173
3522
0
0
0
0
0
0
3462
3234
0
0
0
0
0
0
612
162
0
0
0
0
0
0
894
916
0
0
0
0
0
0
3890
247
0
0
0
0
0
0
3108
3291
0
0
0
0
0
0
3843
3480
0
0
0
0
0
0
853
505
0
0
0
0
0
0
630
832
0
0
0
0
0
0
3529
3964
0
0
0
0
0
0
3212
3209
0
0
0
0
0
0
148
3813
0
0
0
0
0
0
933
741
0
0
0
0
0
0
269
608
0
0
0
0
0
0
3285
3630
0
0
0
0
0
0
3457
3279
0
0
0
0
0
0
499
79
0
0
0
0
0
0
851
835
0
0
0
0
0
0
3983
294
0
0
0
0
0
0
3197
3395
0
0
0
0
0
0
3793
3482
0
0
0
0
0
0
744
405
0
0
0
0
0
0
623
777
0
0
0
0
0
0
3642
4046
0
0
0
0
0
0
3260
3290
0
0
0
0
0
0
63
3773
0
0
0
0
0
0
842
637
0
0
0
0
0
0
312
598
0
0
0
0
0
0
3397
3728
0
0
0
0
0
0
3464
3331
0
0
0
0
0
0
392
5
0
0
0
0
0
0
797
750
0
0
0
0
0
0
4058
321
0
0
0
0
0
0
3290
3501
0
0
0
0
0
0
3758
3494
0
0
0
0
0
0
636
311
0
0
0
0
0
0
612
722
0
0
0
0
0
0
3741
15
0
0
0
0
0
0
3323
3383
0
0
0
0
0
0
4089
3750
0
0
0
0
0
0
753
541
0
0
0
0
0
0
339
574
0
0
0
0
0
0
3504
3819
0
0
0
0
0
0
3485
3394
0
0
0
0
0
0
296
4040
0
0
0
0
0
0
732
662
0
0
0
0
0
0
29
341
0
0
0
0
0
0
3382
3593
0
0
0
0
0
0
3736
3520
0
0
0
0
0
0
533
228
0
0
0
0
0
0
589
660
0
0
0
0
0
0
3829
64
0
0
0
0
0
0
3392
3472
0
0
0
0
0
0
4028
3737
0
0
0
0
0
0
658
446
0
0
0
0
0
0
354
546
0
0
0
0
0
0
3606
3898
0
0
0
0
0
0
3514
3460
0
0
0
0
0
0
215
3997
0
0
0
0
0
0
661
572
0
0
0
0
0
0
82
351
0
0
0
0
0
0
3473
3681
0
0
0
0
0
0
3729
3559
0
0
0
0
0
0
434
154
0
0
0
0
0
0
551
589
0
0
0
0
0
0
3909
109
0
0
0
0
0
0
3464
3558
0
0
0
0
0
0
3982
3736
0
0
0
0
0
0
563
357
0
0
0
0
0
0
356
506
0
0
0
0
0
0
3694
3962
0
0
0
0
0
0
3560
3535
0
0
0
0
0
0
138
3959
0
0
0
0
0
0
585
486
0
0
0
0
0
0
120
345
0
0
0
0
0
0
3567
3765
0
0
0
0
0
0
3733
3603
0
0
0
0
0
0
343
87
0
0
0
0
0
0
505
517
0
0
0
0
0
0
3979
137
0
0
0
0
0
0
3540
3643
0
0
0
0
0
0
3950
3748
0
0
0
0
0
0
475
282
0
0
0
0
0
0
346
458
0
0
0
0
0
0
3781
4021
0
0
0
0
0
0
3606
3604
0
0
0
0
0
0
78
3938
0
0
0
0
0
0
510
404
0
0
0
0
0
0
144
327
0
0
0
0
0
0
3656
3843
0
0
0
0
0
0
3747
3653
0
0
0
0
0
0
265
38
0
0
0
0
0
0
453
445
0
0
0
0
0
0
4035
155
0
0
0
0
0
0
3616
3722
0
0
0
0
0
0
3934
3769
0
0
0
0
0
0
389
209
0
0
0
0
0
0
325
407
0
0
0
0
0
0
3858
4069
0
0
0
0
0
0
3661
3676
0
0
0
0
0
0
32
3929
0
0
0
0
0
0
433
327
0
0
0
0
0
0
159
306
0
0
0
0
0
0
3739
3908
0
0
0
0
0
0
3769
3703
0
0
0
0
0
0
200
4
0
0
0
0
0
0
398
374
0
0
0
0
0
0
4075
161
0
0
0
0
0
0
3689
3793
0
0
0
0
0
0
3926
3797
0
0
0
0
0
0
310
149
0
0
0
0
0
0
297
353
0
0
0
0
0
0
3923
5
0
0
0
0
0
0
3715
3745
0
0
0
0
0
0
4089
3926
0
0
0
0
0
0
359
256
0
0
0
0
0
0
161
274
0
0
0
0
0
0
3811
3962
0
0
0
0
0
0
3802
3758
0
0
0
0
0
0
139
4071
0
0
0
0
0
0
340
305
0
0
0
0
0
0
10
155
0
0
0
0
0
0
3765
3863
0
0
0
0
0
0
3927
3827
0
0
0
0
0
0
242
102
0
0
0
0
0
0
266
299
0
0
0
0
0
0
3974
27
0
0
0
0
0
0
3775
3811
0
0
0
0
0
0
4063
3933
0
0
0
0
0
0
289
193
0
0
0
0
0
0
154
240
0
0
0
0
0
0
3877
4006
0
0
0
0
0
0
3840
3816
0
0
0
0
0
0
88
4046
0
0
0
0
0
0
281
243
0
0
0
0
0
0
30
144
0
0
0
0
0
0
3828
3918
0
0
0
0
0
0
3938
3866
0
0
0
0
0
0
181
63
0
0
0
0
0
0
225
241
0
0
0
0
0
0
4017
43
0
0
0
0
0
0
3832
3871
0
0
0
0
0
0
4046
3946
0
0
0
0
0
0
227
144
0
0
0
0
0
0
140
199
0
0
0
0
0
0
3932
4039
0
0
0
0
0
0
3879
3869
0
0
0
0
0
0
51
4039
0
0
0
0
0
0
229
189
0
0
0
0
0
0
44
130
0
0
0
0
0
0
3888
3964
0
0
0
0
0
0
3954
3905
0
0
0
0
0
0
128
30
0
0
0
0
0
0
184
190
0
0
0
0
0
0
4049
47
0
0
0
0
0
0
3885
3923
0
0
0
0
0
0
4040
3965
0
0
0
0
0
0
171
99
0
0
0
0
0
0
120
160
0
0
0
0
0
0
3980
4064
0
0
0
0
0
0
3918
3918
0
0
0
0
0
0
24
4036
0
0
0
0
0
0
175
137
0
0
0
0
0
0
46
110
0
0
0
0
0
0
3940
4006
0
0
0
0
0
0
3974
3941
0
0
0
0
0
0
85
10
0
0
0
0
0
0
147
143
0
0
0
0
0
0
4073
48
0
0
0
0
0
0
3934
3969
0
0
0
0
0
0
4040
3987
0
0
0
0
0
0
122
63
0
0
0
0
0
0
97
124
0
0
0
0
0
0
4018
4083
0
0
0
0
0
0
3957
3962
0
0
0
0
0
0
5
4041
0
0
0
0
0
0
128
95
0
0
0
0
0
0
42
86
0
0
0
0
0
0
3987
4035
0
0
0
0
0
0
3997
3977
0
0
0
0
0
0
54
4093
0
0
0
0
0
0
110
103
0
0
0
0
0
0
4087
42
0
0
0
0
0
0
3978
4008
0
0
0
0
0
0
4050
4012
0
0
0
0
0
0
79
35
0
0
0
0
0
0
79
91
0
0
0
0
0
0
4045
4093
0
0
0
0
0
0
3994
4001
0
0
0
0
0
0
4092
4049
0
0
0
0
0
0
89
62
0
0
0
0
0
0
37
65
0
0
0
0
0
0
4020
4057
0
0
0
0
0
0
4022
4013
0
0
0
0
0
0
29
4085
0
0
0
0
0
0
78
69
0
0
0
0
0
0
0
32
0
0
0
0
0
0
4017
4039
0
0
0
0
0
0
4056
4033
0
0
0
0
0
0
49
19
0
0
0
0
0
0
57
64
0
0
0
0
0
0
4064
2
0
0
0
0
0
0
4026
4034
0
0
0
0
0
0
4083
4056
0
0
0
0
0
0
52
33
0
0
0
0
0
0
25
43
0
0
0
0
0
0
4050
4074
0
0
0
0
0
0
4042
4037
0
0
0
0
0
0
12
4082
0
0
0
0
0
0
48
40
0
0
0
0
0
0
4095
19
0
0
0
0
0
0
4047
4062
0
0
0
0
0
0
4066
4052
0
0
0
0
0
0
24
6
0
0
0
0
0
0
31
32
0
0
0
0
0
0
4077
2
0
0
0
0
0
0
4054
4057
0
0
0
0
0
0
4084
4070
0
0
0
0
0
0
28
16
0
0
0
0
0
0
16
25
0
0
0
0
0
0
4069
4083
0
0
0
0
0
0
4065
4062
0
0
0
0
0
0
4095
4081
0
0
0
0
0
0
25
20
0
0
0
0
0
0
1
9
0
0
0
0
0
0
4067
4077
0
0
0
0
0
0
4076
4070
0
0
0
0
0
0
9
0
0
0
0
0
0
0
17
16
0
0
0
0
0
0
4087
0
0
0
0
0
0
0
4071
4073
0
0
0
0
0
0
4085
4080
0
0
0
0
0
0
11
4
0
0
0
0
0
0
6
8
0
0
0
0
0
0
4086
4089
0
0
0
0
0
0
4079
4081
0
0
0
0
0
0
4091
4083
0
0
0
0
0
0
8
6
0
0
0
0
0
0
4094
2
0
0
0
0
0
0
4082
4085
0
0
0
0
0
0
4084
4082
0
0
0
0
0
0
1
4093
0
0
0
0
0
0
2
1
0
0
0
0
0
0
4091
4092
0
0
0
0
0
0
4085
4085
0
0
0
0
0
0
4091
4088
0
0
0
0
0
0
4095
4094
0
0
0
0
0
0
4095
0
0
0
0
0
0
0
4088
4090
0
0
0
0
0
0
4089
4090
0
0
0
0
0
0
4090
4090
0
0
0
0
0
0
4093
4092
0
0
0
0
0
0
4091
4092
0
0
0
0
0
0
4091
4091
0
0
0
0
0
0
4092
4090
0
0
0
0
0
0
4092
4092
0
0
0
0
0
0
4088
4088
0
0
0
0
0
0
4093
4092
0
0
0
0
0
0
4092
4092
0
0
0
0
0
0
4092
4093
0
0
0
0
0
0
4090
4090
0
0
0
0
0
0
4089
4090
0
0
0
0
0
0
4093
4093
0
0
0
0
0
0
0
1
0
0
0
0
0
0
4095
4095
0
0
0
0
0
0
0
0
0
0
0
0
0
0
0
4095
0
0
0
0
0
0
4095
4095
0
0
0
0
0
0
0
0
0
0
0
0
0
0
4095
4095
0
0
0
0
0
0
0
0
0
0
0
0
0
0
4095
4095
0
0
0
0
0
0
0
0
0
0
0
0
0
0
4095
4095
0
0
0
0
0
0
0
0
0
0
0
0
0
0
4095
4095
0
0
0
0
0
0
4095
0
0
0
0
0
0
0
0
4095
0
0
0
0
0
0
4095
4095
0
0
0
0
0
0
0
0
0
0
0
0
0
0
4095
4095
0
0
0
0
0
0
0
0
0
0
0
0
0
0
4095
4095
0
0
0
0
0
0
0
0
0
0
0
0
0
0
4095
4095
0
0
0
0
0
0
0
0
0
0
0
0
0
0
4095
4095
0
0
0
0
0
0
0
0
0
0
0
0
0
0
4095
4095
0
0
0
0
0
0
0
0
0
0
0
0
0
0
4095
4095
0
0
0
0
0
0
0
0
0
0
0
0
0
0
4095
4095
0
0
0
0
0
0
0
0
0
0
0
0
0
0
4095
4095
0
0
0
0
0
0
0
0
0
0
0
0
0
0
4095
4095
0
0
0
0
0
0
0
0
0
0
0
0
0
0
4095
4095
0
0
0
0
0
0
0
0
0
0
0
0
0
0
4095
4095
0
0
0
0
0
0
0
0
0
0
0
0
0
0
4095
4095
0
0
0
0
0
0
0
0
0
0
0
0
0
0
4095
4095
0
0
0
0
0
0
0
0
0
0
0
0
0
0
4095
4095
0
0
0
0
0
0
0
0
0
0
0
0
0
0
4095
4095
0
0
0
0
0
0
0
0
0
0
0
0
0
0
4095
4095
0
0
0
0
0
0
0
0
0
0
0
0
0
0
4095
4095
0
0
0
0
0
0
0
0
0
0
0
0
0
0
4095
4095
0
0
0
0
0
0
0
0
0
0
0
0
0
0
4095
4095
0
0
0
0
0
0
0
0
0
0
0
0
0
0
4095
4095
0
0
0
0
0
0
0
0
0
0
0
0
0
0
4095
4095
0
0
0
0
0
0
0
0
0
0
0
0
0
0
4095
4095
0
0
0
0
0
0
0
0
0
0
0
0
0
0
4095
4095
0
0
0
0
0
0
0
0
0
0
0
0
0
0
4095
4095
0
0
0
0
0
0
0
0
0
0
0
0
0
0
4095
4095
0
0
0
0
0
0
0
0
0
0
0
0
0
0
4095
4095
0
0
0
0
0
0
0
0
0
0
0
0
0
0
4095
4095
0
0
0
0
0
0
0
0
0
0
0
0
0
0
4095
4095
0
0
0
0
0
0
0
0
0
0
0
0
0
0
4095
4095
0
0
0
0
0
0
0
0
0
0
0
0
0
0
4095
4095
0
0
0
0
0
0
0
0
0
0
0
0
0
0
4095
4095
0
0
0
0
0
0
0
0
0
0
0
0
0
0
4095
4095
0
0
0
0
0
0
0
0
0
0
0
0
0
0
4095
4095
0
0
0
0
0
0
0
0
0
0
0
0
0
0
4095
4095
0
0
0
0
0
0
0
0
0
0
0
0
0
0
4095
4095
0
0
0
0
0
0
0
0
0
0
0
0
0
0
4095
4095
0
0
0
0
0
0
0
0
0
0
0
0
0
0
4095
4095
0
0
0
0
0
0
0
0
0
0
0
0
0
0
4095
4095
0
0
0
0
0
0
0
0
0
0
0
0
0
0
4095
4095
0
0
0
0
0
0
0
0
0
0
0
0
0
0
4095
4095
0
0
0
0
0
0
0
0
0
0
0
0
0
0
4095
4095
0
0
0
0
0
0
0
0
0
0
0
0
0
0
4095
4095
0
0
0
0
0
0
0
0
0
0
0
0
0
0
4095
4095
0
0
0
0
0
0
0
0
0
0
0
0
0
0
4095
4095
0
0
0
0
0
0
0
0
0
0
0
0
0
0
4095
4095
0
0
0
0
0
0
0
0
0
0
0
0
0
0
4095
4095
0
0
0
0
0
0
0
0
0
0
0
0
0
0
4095
4095
0
0
0
0
0
0
0
0
0
0
0
0
0
0
4095
4095
0
0
0
0
0
0
0
0
0
0
0
0
0
0
4095
4095
0
0
0
0
0
0
0
0
0
0
0
0
0
0
4095
4095
0
0
0
0
0
0
0
0
0
0
0
0
0
0
4095
4095
0
0
0
0
0
0
0
0
0
0
0
0
0
0
4095
4095
0
0
0
0
0
0
0
0
0
0
0
0
0
0
4095
4095
0
0
0
0
0
0
0
0
0
0
0
0
0
0
4095
4095
0
0
0
0
0
0
0
0
0
0
0
0
0
0
4095
4095
0
0
0
0
0
0
0
0
0
0
0
0
0
0
4095
4095
0
0
0
0
0
0
0
0
0
0
0
0
0
0
4095
4095
0
0
0
0
0
0
0
0
0
0
0
0
0
0
4095
4095
0
0
0
0
0
0
0
0
0
0
0
0
0
0
4095
4095
0
0
0
0
0
0
0
0
0
0
0
0
0
0
4095
4095
0
0
0
0
0
0
0
0
0
0
0
0
0
0
4095
4095
0
0
0
0
0
0
0
0
0
0
0
0
0
0
4095
4095
0
0
0
0
0
0
0
0
0
0
0
0
0
0
4095
4095
0
0
0
0
0
0
0
0
0
0
0
0
0
0
4095
4095
0
0
0
0
0
0
0
0
0
0
0
0
0
0
4095
4095
0
0
0
0
0
0
0
0
0
0
0
0
0
0
4095
4095
0
0
0
0
0
0
0
0
0
0
0
0
0
0
4095
4095
0
0
0
0
0
0
0
0
0
0
0
0
0
0
4095
4095
0
0
0
0
0
0
0
0
0
0
0
0
0
0
4095
4095
0
0
0
0
0
0
0
0
0
0
0
0
0
0
4095
4095
0
0
0
0
0
0
0
0
0
0
0
0
0
0
4095
4095
0
0
0
0
0
0
0
0
0
0
0
0
0
0
4095
4095
0
0
0
0
0
0
0
0
0
0
0
0
0
0
4095
4095
0
0
0
0
0
0
0
0
0
0
0
0
0
0
4095
4095
0
0
0
0
0
0
0
0
0
0
0
0
0
0
4095
4095
0
0
0
0
0
0
0
0
0
0
0
0
0
0
4095
4095
0
0
0
0
0
0
0
0
0
0
0
0
0
0
4095
4095
0
0
0
0
0
0
0
0
0
0
0
0
0
0
4095
4095
0
0
0
0
0
0
0
0
0
0
0
0
0
0
4095
4095
0
0
0
0
0
0
0
0
0
0
0
0
0
0
4095
4095
0
0
0
0
0
0
0
0
0
0
0
0
0
0
4095
4095
0
0
0
0
0
0
0
0
0
0
0
0
0
0
4095
4095
0
0
0
0
0
0
0
0
0
0
0
0
0
0
4095
4095
0
0
0
0
0
0
0
0
0
0
0
0
0
0
4095
4095
0
0
0
0
0
0
0
0
0
0
0
0
0
0
4095
4095
0
0
0
0
0
0
0
0
0
0
0
0
0
0
4095
4095
0
0
0
0
0
0
0
0
0
0
0
0
0
0
4095
4095
0
0
0
0
0
0
0
0
0
0
0
0
0
0
4095
4095
0
0
0
0
0
0
0
0
0
0
0
0
0
0
4095
4095
0
0
0
0
0
0
0
0
0
0
0
0
0
0
4095
4095
0
0
0
0
0
0
0
0
0
0
0
0
0
0
4095
4095
0
0
0
0
0
0
0
0
0
0
0
0
0
0
4095
4095
0
0
0
0
0
0
0
0
0
0
0
0
0
0
4095
4095
0
0
0
0
0
0
0
0
0
0
0
0
0
0
4095
4095
0
0
0
0
0
0
0
0
0
0
0
0
0
0
4095
4095
0
0
0
0
0
0
0
0
0
0
0
0
0
0
4095
4095
0
0
0
0
0
0
0
0
0
0
0
0
0
0
4095
4095
0
0
0
0
0
0
0
0
0
0
0
0
0
0
4095
4095
0
0
0
0
0
0
0
0
0
0
0
0
0
0
4095
4095
0
0
0
0
0
0
0
0
0
0
0
0
0
0
4095
4095
0
0
0
0
0
0
0
0
0
0
0
0
0
0
4095
4095
0
0
0
0
0
0
0
0
0
0
0
0
0
0
4095
4095
0
0
0
0
0
0
0
0
0
0
0
0
0
0
4095
4095
0
0
0
0
0
0
0
0
0
0
0
0
0
0
4095
4095
0
0
0
0
0
0
0
0
0
0
0
0
0
0
4095
4095
0
0
0
0
0
0
0
0
0
0
0
0
0
0
4095
4095
0
0
0
0
0
0
0
0
0
0
0
0
0
0
4095
4095
0
0
0
0
0
0
0
0
0
0
0
0
0
0
4095
4095
0
0
0
0
0
0
0
0
0
0
0
0
0
0
4095
4095
0
0
0
0
0
0
0
0
0
0
0
0
0
0
4095
4095
0
0
0
0
0
0
0
0
0
0
0
0
0
0
4095
4095
0
0
0
0
0
0
0
0
0
0
0
0
0
0
4095
4095
0
0
0
0
0
0
0
0
0
0
0
0
0
0
4095
4095
0
0
0
0
0
0
0
0
0
0
0
0
0
0
4095
4095
0
0
0
0
0
0
0
0
0
0
0
0
0
0
4095
4095
0
0
0
0
0
0
0
0
0
0
0
0
0
0
4095
4095
0
0
0
0
0
0
0
0
0
0
0
0
0
0
4095
4095
0
0
0
0
0
0
0
0
0
0
0
0
0
0
4095
4095
0
0
0
0
0
0
0
0
0
0
0
0
0
0
4095
4095
0
0
0
0
0
0
0
0
0
0
0
0
0
0
4095
4095
0
0
0
0
0
0
0
0
0
0
0
0
0
0
4095
4095
0
0
0
0
0
0
0
0
0
0
0
0
0
0
4095
4095
0
0
0
0
0
0
0
0
0
0
0
0
0
0
4095
4095
0
0
0
0
0
0
0
0
0
0
0
0
0
0
4095
4095
0
0
0
0
0
0
0
0
0
0
0
0
0
0
4095
4095
0
0
0
0
0
0
0
0
0
0
0
0
0
0
4095
4095
0
0
0
0
0
0
0
0
0
0
0
0
0
0
4095
4095
0
0
0
0
0
0
0
0
0
0
0
0
0
0
4095
4095
0
0
0
0
0
0
0
0
0
0
0
0
0
0
4095
4095
0
0
0
0
0
0
0
0
0
0
0
0
0
0
4095
4095
0
0
0
0
0
0
0
0
0
0
0
0
0
0
4095
4095
0
0
0
0
0
0
0
0
0
0
0
0
0
0
4095
4095
0
0
0
0
0
0
0
0
0
0
0
0
0
0
4095
4095
0
0
0
0
0
0
0
0
0
0
0
0
0
0
4095
4095
0
0
0
0
0
0
0
0
0
0
0
0
0
0
4095
4095
0
0
0
0
0
0
0
0
0
0
0
0
0
0
4095
4095
0
0
0
0
0
0
0
0
0
0
0
0
0
0
4095
4095
0
0
0
0
0
0
0
0
0
0
0
0
0
0
4095
4095
0
0
0
0
0
0
0
0
0
0
0
0
0
0
4095
4095
0
0
0
0
0
0
0
0
0
0
0
0
0
0
4095
4095
0
0
0
0
0
0
0
0
0
0
0
0
0
0
4095
4095
0
0
0
0
0
0
0
0
0
0
0
0
0
0
4095
4095
0
0
0
0
0
0
0
0
0
0
0
0
0
0
4095
4095
0
0
0
0
0
0
0
0
0
0
0
0
0
0
4095
4095
0
0
0
0
0
0
0
0
0
0
0
0
0
0
4095
4095
0
0
0
0
0
0
0
0
0
0
0
0
0
0
4095
4095
0
0
0
0
0
0
0
0
0
0
0
0
0
0
4095
4095
0
0
0
0
0
0
0
0
0
0
0
0
0
0
4095
4095
0
0
0
0
0
0
0
0
0
0
0
0
0
0
4095
4095
0
0
0
0
0
0
0
0
0
0
0
0
0
0
4095
4095
0
0
0
0
0
0
0
0
0
0
0
0
0
0
4095
4095
0
0
0
0
0
0
0
0
0
0
0
0
0
0
4095
4095
0
0
0
0
0
0
0
0
0
0
0
0
0
0
4095
4095
0
0
0
0
0
0
0
0
0
0
0
0
0
0
4095
4095
0
0
0
0
0
0
0
0
0
0
0
0
0
0
4095
4095
0
0
0
0
0
0
0
0
0
0
0
0
0
0
4095
4095
0
0
0
0
0
0
0
0
0
0
0
0
0
0
4095
4095
0
0
0
0
0
0
0
0
0
0
0
0
0
0
4095
4095
0
0
0
0
0
0
0
0
0
0
0
0
0
0
4095
4095
0
0
0
0
0
0
0
0
0
0
0
0
0
0
4095
4095
0
0
0
0
0
0
0
0
0
0
0
0
0
0
4095
4095
0
0
0
0
0
0
0
0
0
0
0
0
0
0
4095
4095
0
0
0
0
0
0
0
0
0
0
0
0
0
0
4095
4095
0
0
0
0
0
0
0
0
0
0
0
0
0
0
4095
4095
0
0
0
0
0
0
0
0
0
0
0
0
0
0
4095
4095
0
0
0
0
0
0
0
0
0
0
0
0
0
0
4095
4095
0
0
0
0
0
0
0
0
0
0
0
0
0
0
4095
4095
0
0
0
0
0
0
0
0
0
0
0
0
0
0
4095
4095
0
0
0
0
0
0
0
0
0
0
0
0
0
0
4095
4095
0
0
0
0
0
0
0
0
0
0
0
0
0
0
4095
4095
0
0
0
0
0
0
0
0
0
0
0
0
0
0
4095
4095
0
0
0
0
0
0
0
0
0
0
0
0
0
0
4095
4095
0
0
0
0
0
0
0
0
0
0
0
0
0
0
4095
4095
0
0
0
0
0
0
0
0
0
0
0
0
0
0
4095
4095
0
0
0
0
0
0
0
0
0
0
0
0
0
0
4095
4095
0
0
0
0
0
0
0
0
0
0
0
0
0
0
4095
4095
0
0
0
0
0
0
0
0
0
0
0
0
0
0
4095
4095
0
0
0
0
0
0
0
0
0
0
0
0
0
0
4095
4095
0
0
0
0
0
0
0
0
0
0
0
0
0
0
4095
4095
0
0
0
0
0
0
0
0
0
0
0
0
0
0
4095
4095
0
0
0
0
0
0
0
0
0
0
0
0
0
0
4095
4095
0
0
0
0
0
0
0
0
0
0
0
0
0
0
4095
4095
0
0
0
0
0
0
0
0
0
0
0
0
0
0
4095
4095
0
0
0
0
0
0
0
0
0
0
0
0
0
0
4095
4095
0
0
0
0
0
0
0
0
0
0
0
0
0
0
4095
4095
0
0
0
0
0
0
0
0
0
0
0
0
0
0
4095
4095
0
0
0
0
0
0
0
0
0
0
0
0
0
0
4095
4095
0
0
0
0
0
0
0
0
0
0
0
0
0
0
4095
4095
0
0
0
0
0
0
0
0
0
0
0
0
0
0
4095
4095
0
0
0
0
0
0
0
0
0
0
0
0
0
0
4095
4095
0
0
0
0
0
0
0
0
0
0
0
0
0
0
4095
4095
0
0
0
0
0
0
0
0
0
0
0
0
0
0
4095
4095
0
0
0
0
0
0
0
0
0
0
0
0
0
0
4095
4095
0
0
0
0
0
0
0
0
0
0
0
0
0
0
4095
4095
0
0
0
0
0
0
0
0
0
0
0
0
0
0
4095
4095
0
0
0
0
0
0
0
0
0
0
0
0
0
0
4095
4095
0
0
0
0
0
0
0
0
0
0
0
0
0
0
4095
4095
0
0
0
0
0
0
0
0
0
0
0
0
0
0
4095
4095
0
0
0
0
0
0
0
0
0
0
0
0
0
0
4095
4095
0
0
0
0
0
0
0
0
0
0
0
0
0
0
4095
4095
0
0
0
0
0
0
0
0
0
0
0
0
0
0
4095
4095
0
0
0
0
0
0
0
0
0
0
0
0
0
0
4095
4095
0
0
0
0
0
0
0
0
0
0
0
0
0
0
4095
4095
0
0
0
0
0
0
0
0
0
0
0
0
0
0
4095
4095
0
0
0
0
0
0
0
0
0
0
0
0
0
0
4095
4095
0
0
0
0
0
0
0
0
0
0
0
0
0
0
4095
4095
0
0
0
0
0
0
0
0
0
0
0
0
0
0
4095
4095
0
0
0
0
0
0
0
0
0
0
0
0
0
0
4095
4095
0
0
0
0
0
0
0
0
0
0
0
0
0
0
4095
4095
0
0
0
0
0
0
0
0
0
0
0
0
0
0
4095
4095
0
0
0
0
0
0
0
0
0
0
0
0
0
0
4095
4095
0
0
0
0
0
0
0
0
0
0
0
0
0
0
4095
4095
0
0
0
0
0
0
0
0
0
0
0
0
0
0
4095
4095
0
0
0
0
0
0
0
0
0
0
0
0
0
0
4095
4095
0
0
0
0
0
0
0
0
0
0
0
0
0
0
4095
4095
0
0
0
0
0
0
0
0
0
0
0
0
0
0
4095
4095
0
0
0
0
0
0
0
0
0
0
0
0
0
0
4095
4095
0
0
0
0
0
0
0
0
0
0
0
0
0
0
4095
4095
0
0
0
0
0
0
0
0
0
0
0
0
0
0
4095
4095
0
0
0
0
0
0
0
0
0
0
0
0
0
0
4095
4095
0
0
0
0
0
0
0
0
0
0
0
0
0
0
4095
4095
0
0
0
0
0
0
0
0
0
0
0
0
0
0
4095
4095
0
0
0
0
0
0
0
0
0
0
0
0
0
0
4095
4095
0
0
0
0
0
0
0
0
0
0
0
0
0
0
4095
4095
0
0
0
0
0
0
0
0
0
0
0
0
0
0
4095
4095
0
0
0
0
0
0
0
0
0
0
0
0
0
0
4095
4095
0
0
0
0
0
0
0
0
0
0
0
0
0
0
4095
4095
0
0
0
0
0
0
0
0
0
0
0
0
0
0
4095
4095
0
0
0
0
0
0
0
0
0
0
0
0
0
0
4095
4095
0
0
0
0
0
0
0
0
0
0
0
0
0
0
4095
4095
0
0
0
0
0
0
0
0
0
0
0
0
0
0
4095
4095
0
0
0
0
0
0
0
0
0
0
0
0
0
0
4095
4095
0
0
0
0
0
0
0
0
0
0
0
0
0
0
4095
4095
0
0
0
0
0
0
0
0
0
0
0
0
0
0
4095
4095
0
0
0
0
0
0
0
0
0
0
0
0
0
0
4095
4095
0
0
0
0
0
0
0
0
0
0
0
0
0
0
4095
4095
0
0
0
0
0
0
0
0
0
0
0
0
0
0
4095
4095
0
0
0
0
0
0
0
0
0
0
0
0
0
0
4095
4095
0
0
0
0
0
0
0
0
0
0
0
0
0
0
4095
4095
0
0
0
0
0
0
0
0
0
0
0
0
0
0
4095
4095
0
0
0
0
0
0
0
0
0
0
0
0
0
0
4095
4095
0
0
0
0
0
0
0
0
0
0
0
0
0
0
4095
4095
0
0
0
0
0
0
0
0
0
0
0
0
0
0
4095
4095
0
0
0
0
0
0
0
0
0
0
0
0
0
0
4095
4095
0
0
0
0
0
0
0
0
0
0
0
0
0
0
4095
4095
0
0
0
0
0
0
0
0
0
0
0
0
0
0
4095
4095
0
0
0
0
0
0
0
0
0
0
0
0
0
0
4095
4095
0
0
0
0
0
0
0
0
0
0
0
0
0
0
4095
4095
0
0
0
0
0
0
0
0
0
0
0
0
0
0
4095
4095
0
0
0
0
0
0
0
0
0
0
0
0
0
0
4095
4095
0
0
0
0
0
0
0
0
0
0
0
0
0
0
4095
4095
0
0
0
0
0
0
0
0
0
0
0
0
0
0
4095
4095
0
0
0
0
0
0
0
0
0
0
0
0
0
0
4095
4095
0
0
0
0
0
0
0
0
0
0
0
0
0
0
4095
4095
0
0
0
0
0
0
0
0
0
0
0
0
0
0
4095
4095
0
0
0
0
0
0
0
0
0
0
0
0
0
0
4095
4095
0
0
0
0
0
0
0
0
0
0
0
0
0
0
4095
4095
0
0
0
0
0
0
0
0
0
0
0
0
0
0
4095
4095
0
0
0
0
0
0
0
0
0
0
0
0
0
0
4095
4095
0
0
0
0
0
0
0
0
0
0
0
0
0
0
4095
4095
0
0
0
0
0
0
0
0
0
0
0
0
0
0
4095
4095
0
0
0
0
0
0
0
0
0
0
0
0
0
0
4095
4095
0
0
0
0
0
0
0
0
0
0
0
0
0
0
4095
4095
0
0
0
0
0
0
0
0
0
0
0
0
0
0
4095
4095
0
0
0
0
0
0
0
0
0
0
0
0
0
0
4095
4095
0
0
0
0
0
0
0
0
0
0
0
0
0
0
4095
4095
0
0
0
0
0
0
0
0
0
0
0
0
0
0
4095
4095
0
0
0
0
0
0
0
0
0
0
0
0
0
0
4095
4095
0
0
0
0
0
0
0
0
0
0
0
0
0
0
4095
4095
0
0
0
0
0
0
0
0
0
0
0
0
0
0
4095
4095
0
0
0
0
0
0
0
0
0
0
0
0
0
0
4095
4095
0
0
0
0
0
0
0
0
0
0
0
0
0
0
4095
4095
0
0
0
0
0
0
0
0
0
0
0
0
0
0
4095
4095
0
0
0
0
0
0
0
0
0
0
0
0
0
0
4095
4095
0
0
0
0
0
0
0
0
0
0
0
0
0
0
4095
4095
0
0
0
0
0
0
0
0
0
0
0
0
0
0
4095
4095
0
0
0
0
0
0
0
0
0
0
0
0
0
0
4095
4095
0
0
0
0
0
0
0
0
0
0
0
0
0
0
4095
4095
0
0
0
0
0
0
0
0
0
0
0
0
0
0
4095
4095
0
0
0
0
0
0
0
0
0
0
0
0
0
0
4095
4095
0
0
0
0
0
0
0
0
0
0
0
0
0
0
4095
4095
0
0
0
0
0
0
0
0
0
0
0
0
0
0
4095
4095
0
0
0
0
0
0
0
0
0
0
0
0
0
0
4095
4095
0
0
0
0
0
0
0
0
0
0
0
0
0
0
4095
4095
0
0
0
0
0
0
0
0
0
0
0
0
0
0
4095
4095
0
0
0
0
0
0
0
0
0
0
0
0
0
0
4095
4095
0
0
0
0
0
0
0
0
0
0
0
0
0
0
4095
4095
0
0
0
0
0
0
0
0
0
0
0
0
0
0
4095
4095
0
0
0
0
0
0
0
0
0
0
0
0
0
0
4095
4095
0
0
0
0
0
0
0
0
0
0
0
0
0
0
4095
4095
0
0
0
0
0
0
0
0
0
0
0
0
0
0
4095
4095
0
0
0
0
0
0
0
0
0
0
0
0
0
0
4095
4095
0
0
0
0
0
0
0
0
0
0
0
0
0
0
4095
4095
0
0
0
0
0
0
0
0
0
0
0
0
0
0
4095
4095
0
0
0
0
0
0
0
0
0
0
0
0
0
0
4095
4095
0
0
0
0
0
0
0
0
0
0
0
0
0
0
4095
4095
0
0
0
0
0
0
0
0
0
0
0
0
0
0
4095
4095
0
0
0
0
0
0
0
0
0
0
0
0
0
0
4095
4095
0
0
0
0
0
0
0
0
0
0
0
0
0
0
4095
4095
0
0
0
0
0
0
0
0
0
0
0
0
0
0
4095
4095
0
0
0
0
0
0
0
0
0
0
0
0
0
0
4095
4095
0
0
0
0
0
0
0
0
0
0
0
0
0
0
4095
4095
0
0
0
0
0
0
0
0
0
0
0
0
0
0
4095
4095
0
0
0
0
0
0
0
0
0
0
0
0
0
0
4095
4095
0
0
0
0
0
0
0
0
0
0
0
0
0
0
4095
4095
0
0
0
0
0
0
0
0
0
0
0
0
0
0
4095
4095
0
0
0
0
0
0
0
0
0
0
0
0
0
0
4095
4095
0
0
0
0
0
0
0
0
0
0
0
0
0
0
4095
4095
0
0
0
0
0
0
0
0
0
0
0
0
0
0
4095
4095
0
0
0
0
0
0
0
0
0
0
0
0
0
0
4095
4095
0
0
0
0
0
0
0
0
0
0
0
0
0
0
4095
4095
0
0
0
0
0
0
0
0
0
0
0
0
0
0
4095
4095
0
0
0
0
0
0
0
0
0
0
0
0
0
0
4095
4095
0
0
0
0
0
0
0
0
0
0
0
0
0
0
4095
4095
0
0
0
0
0
0
0
0
0
0
0
0
0
0
4095
4095
0
0
0
0
0
0
0
0
0
0
0
0
0
0
4095
4095
0
0
0
0
0
0
0
0
0
0
0
0
0
0
4095
4095
0
0
0
0
0
0
0
0
0
0
0
0
0
0
4095
4095
0
0
0
0
0
0
0
0
0
0
0
0
0
0
4095
4095
0
0
0
0
0
0
0
0
0
0
0
0
0
0
4095
4095
0
0
0
0
0
0
0
0
0
0
0
0
0
0
4095
4095
0
0
0
0
0
0
0
0
0
0
0
0
0
0
4095
4095
0
0
0
0
0
0
0
0
0
0
0
0
0
0
4095
4095
0
0
0
0
0
0
0
0
0
0
0
0
0
0
4095
4095
0
0
0
0
0
0
0
0
0
0
0
0
0
0
4095
4095
0
0
0
0
0
0
0
0
0
0
0
0
0
0
4095
4095
0
0
0
0
0
0
0
0
0
0
0
0
0
0
4095
4095
0
0
0
0
0
0
0
0
0
0
0
0
0
0
4095
4095
0
0
0
0
0
0
0
0
0
0
0
0
0
0
4095
4095
0
0
0
0
0
0
0
0
0
0
0
0
0
0
4095
4095
0
0
0
0
0
0
0
0
0
0
0
0
0
0
4095
4095
0
0
0
0
0
0
0
0
0
0
0
0
0
0
4095
4095
0
0
0
0
0
0
0
0
0
0
0
0
0
0
4095
4095
0
0
0
0
0
0
0
0
0
0
0
0
0
0
4095
4095
0
0
0
0
0
0
0
0
0
0
0
0
0
0
4095
4095
0
0
0
0
0
0
0
0
0
0
0
0
0
0
4095
4095
0
0
0
0
0
0
0
0
0
0
0
0
0
0
4095
4095
0
0
0
0
0
0
0
0
0
0
0
0
0
0
4095
4095
0
0
0
0
0
0
0
0
0
0
0
0
0
0
4095
4095
0
0
0
0
0
0
0
0
0
0
0
0
0
0
4095
4095
0
0
0
0
0
0
0
0
0
0
0
0
0
0
4095
4095
0
0
0
0
0
0
0
0
0
0
0
0
0
0
4095
4095
0
0
0
0
0
0
0
0
0
0
0
0
0
0
4095
4095
0
0
0
0
0
0
0
0
0
0
0
0
0
0
4095
4095
0
0
0
0
0
0
0
0
0
0
0
0
0
0
4095
4095
0
0
0
0
0
0
0
0
0
0
0
0
0
0
4095
4095
0
0
0
0
0
0
0
0
0
0
0
0
0
0
4095
4095
0
0
0
0
0
0
0
0
0
0
0
0
0
0
4095
4095
0
0
0
0
0
0
0
0
0
0
0
0
0
0
4095
4095
0
0
0
0
0
0
0
0
0
0
0
0
0
0
4095
4095
0
0
0
0
0
0
0
0
0
0
0
0
0
0
4095
4095
0
0
0
0
0
0
0
0
0
0
0
0
0
0
4095
4095
0
0
0
0
0
0
0
0
0
0
0
0
0
0
4095
4095
0
0
0
0
0
0
0
0
0
0
0
0
0
0
4095
4095
0
0
0
0
0
0
0
0
0
0
0
0
0
0
4095
4095
0
0
0
0
0
0
0
0
0
0
0
0
0
0
4095
4095
0
0
0
0
0
0
0
0
0
0
0
0
0
0
4095
4095
0
0
0
0
0
0
0
0
0
0
0
0
0
0
4095
4095
0
0
0
0
0
0
0
0
0
0
0
0
0
0
4095
4095
0
0
0
0
0
0
0
0
0
0
0
0
0
0
4095
4095
0
0
0
0
0
0
0
0
0
0
0
0
0
0
4095
4095
0
0
0
0
0
0
0
0
0
0
0
0
0
0
4095
4095
0
0
0
0
0
0
0
0
0
0
0
0
0
0
4095
4095
0
0
0
0
0
0
0
0
0
0
0
0
0
0
4095
4095
0
0
0
0
0
0
0
0
0
0
0
0
0
0
4095
4095
0
0
0
0
0
0
0
0
0
0
0
0
0
0
4095
4095
0
0
0
0
0
0
0
0
0
0
0
0
0
0
4095
4095
0
0
0
0
0
0
0
0
0
0
0
0
0
0
4095
4095
0
0
0
0
0
0
0
0
0
0
0
0
0
0
4095
4095
0
0
0
0
0
0
0
0
0
0
0
0
0
0
4095
4095
0
0
0
0
0
0
0
0
0
0
0
0
0
0
4095
4095
0
0
0
0
0
0
0
0
0
0
0
0
0
0
4095
4095
0
0
0
0
0
0
0
0
0
0
0
0
0
0
4095
4095
0
0
0
0
0
0
0
0
0
0
0
0
0
0
4095
4095
0
0
0
0
0
0
0
0
0
0
0
0
0
0
4095
4095
0
0
0
0
0
0
0
0
0
0
0
0
0
0
4095
4095
0
0
0
0
0
0
0
0
0
0
0
0
0
0
4095
4095
0
0
0
0
0
0
0
0
0
0
0
0
0
0
4095
4095
0
0
0
0
0
0
0
0
0
0
0
0
0
0
4095
4095
0
0
0
0
0
0
0
0
0
0
0
0
0
0
4095
4095
0
0
0
0
0
0
0
0
0
0
0
0
0
0
4095
4095
0
0
0
0
0
0
0
0
0
0
0
0
0
0
4095
4095
0
0
0
0
0
0
0
0
0
0
0
0
0
0
4095
4095
0
0
0
0
0
0
0
0
0
0
0
0
0
0
4095
4095
0
0
0
0
0
0
0
0
0
0
0
0
0
0
4095
4095
0
0
0
0
0
0
0
0
0
0
0
0
0
0
4095
4095
0
0
0
0
0
0
0
0
0
0
0
0
0
0
4095
4095
0
0
0
0
0
0
0
0
0
0
0
0
0
0
4095
4095
0
0
0
0
0
0
0
0
0
0
0
0
0
0
4095
4095
0
0
0
0
0
0
0
0
0
0
0
0
0
0
4095
4095
0
0
0
0
0
0
0
0
0
0
0
0
0
0
4095
4095
0
0
0
0
0
0
0
0
0
0
0
0
0
0
4095
4095
0
0
0
0
0
0
0
0
0
0
0
0
0
0
4095
4095
0
0
0
0
0
0
0
0
0
0
0
0
0
0
4095
4095
0
0
0
0
0
0
0
0
0
0
0
0
0
0
4095
4095
0
0
0
0
0
0
0
0
0
0
0
0
0
0
4095
4095
0
0
0
0
0
0
0
0
0
0
0
0
0
0
4095
4095
0
0
0
0
0
0
0
0
0
0
0
0
0
0
4095
4095
0
0
0
0
0
0
0
0
0
0
0
0
0
0
4095
4095
0
0
0
0
0
0
0
0
0
0
0
0
0
0
4095
4095
0
0
0
0
0
0
0
0
0
0
0
0
0
0
4095
4095
0
0
0
0
0
0
0
0
0
0
0
0
0
0
4095
4095
0
0
0
0
0
0
0
0
0
0
0
0
0
0
4095
4095
0
0
0
0
0
0
0
0
0
0
0
0
0
0
4095
4095
0
0
0
0
0
0
0
0
0
0
0
0
0
0
4095
4095
0
0
0
0
0
0
0
0
0
0
0
0
0
0
4095
4095
0
0
0
0
0
0
0
0
0
0
0
0
0
0
4095
4095
0
0
0
0
0
0
0
0
0
0
0
0
0
0
4095
4095
0
0
0
0
0
0
0
0
0
0
0
0
0
0
4095
4095
0
0
0
0
0
0
0
0
0
0
0
0
0
0
4095
4095
0
0
0
0
0
0
0
0
0
0
0
0
0
0
4095
4095
0
0
0
0
0
0
0
0
0
0
0
0
0
0
4095
4095
0
0
0
0
0
0
0
0
0
0
0
0
0
0
4095
4095
0
0
0
0
0
0
0
0
0
0
0
0
0
0
4095
4095
0
0
0
0
0
0
0
0
0
0
0
0
0
0
4095
4095
0
0
0
0
0
0
0
0
0
0
0
0
0
0
4095
4095
0
0
0
0
0
0
0
0
0
0
0
0
0
0
4095
4095
0
0
0
0
0
0
0
0
0
0
0
0
0
0
4095
4095
0
0
0
0
0
0
0
0
0
0
0
0
0
0
4095
4095
0
0
0
0
0
0
0
0
0
0
0
0
0
0
4095
4095
0
0
0
0
0
0
0
0
0
0
0
0
0
0
4095
4095
0
0
0
0
0
0
0
0
0
0
0
0
0
0
4095
4095
0
0
0
0
0
0
0
0
0
0
0
0
0
0
4095
4095
0
0
0
0
0
0
0
0
0
0
0
0
0
0
4095
4095
0
0
0
0
0
0
0
0
0
0
0
0
0
0
4095
4095
0
0
0
0
0
0
0
0
0
0
0
0
0
0
4095
4095
0
0
0
0
0
0
0
0
0
0
0
0
0
0
4095
4095
0
0
0
0
0
0
0
0
0
0
0
0
0
0
4095
4095
0
0
0
0
0
0
0
0
0
0
0
0
0
0
4095
4095
0
0
0
0
0
0
0
0
0
0
0
0
0
0
4095
4095
0
0
0
0
0
0
0
0
0
0
0
0
0
0
4095
4095
0
0
0
0
0
0
0
0
0
0
0
0
0
0
4095
4095
0
0
0
0
0
0
0
0
0
0
0
0
0
0
4095
4095
0
0
0
0
0
0
0
0
0
0
0
0
0
0
4095
4095
0
0
0
0
0
0
0
0
0
0
0
0
0
0
4095
4095
0
0
0
0
0
0
0
0
0
0
0
0
0
0
4095
4095
0
0
0
0
0
0
0
0
0
0
0
0
0
0
4095
4095
0
0
0
0
0
0
0
0
0
0
0
0
0
0
4095
4095
0
0
0
0
0
0
0
0
0
0
0
0
0
0
4095
4095
0
0
0
0
0
0
0
0
0
0
0
0
0
0
4095
4095
0
0
0
0
0
0
0
0
0
0
0
0
0
0
4095
4095
0
0
0
0
0
0
0
0
0
0
0
0
0
0
4095
4095
0
0
0
0
0
0
0
0
0
0
0
0
0
0
4095
4095
0
0
0
0
0
0
0
0
0
0
0
0
0
0
4095
4095
0
0
0
0
0
0
0
0
0
0
0
0
0
0
4095
4095
0
0
0
0
0
0
0
0
0
0
0
0
0
0
4095
4095
0
0
0
0
0
0
0
0
0
0
0
0
0
0
4095
4095
0
0
0
0
0
0
0
0
0
0
0
0
0
0
4095
4095
0
0
0
0
0
0
0
0
0
0
0
0
0
0
4095
4095
0
0
0
0
0
0
0
0
0
0
0
0
0
0
4095
4095
0
0
0
0
0
0
0
0
0
0
0
0
0
0
4095
4095
0
0
0
0
0
0
0
0
0
0
0
0
0
0
4095
4095
0
0
0
0
0
0
0
0
0
0
0
0
0
0
4095
4095
0
0
0
0
0
0
0
0
0
0
0
0
0
0
4095
4095
0
0
0
0
0
0
0
0
0
0
0
0
0
0
4095
4095
0
0
0
0
0
0
0
0
0
0
0
0
0
0
4095
4095
0
0
0
0
0
0
0
0
0
0
0
0
0
0
4095
4095
0
0
0
0
0
0
0
0
0
0
0
0
0
0
4095
4095
0
0
0
0
0
0
0
0
0
0
0
0
0
0
4095
4095
0
0
0
0
0
0
0
0
0
0
0
0
0
0
4095
4095
0
0
0
0
0
0
0
0
0
0
0
0
0
0
4095
4095
0
0
0
0
0
0
0
0
0
0
0
0
0
0
4095
4095
0
0
0
0
0
0
0
0
0
0
0
0
0
0
4095
4095
0
0
0
0
0
0
0
0
0
0
0
0
0
0
4095
4095
0
0
0
0
0
0
0
0
0
0
0
0
0
0
4095
4095
0
0
0
0
0
0
0
0
0
0
0
0
0
0
4095
4095
0
0
0
0
0
0
0
0
0
0
0
0
0
0
4095
4095
0
0
0
0
0
0
0
0
0
0
0
0
0
0
4095
4095
0
0
0
0
0
0
0
0
0
0
0
0
0
0
4095
4095
0
0
0
0
0
0
0
0
0
0
0
0
0
0
4095
4095
0
0
0
0
0
0
0
0
0
0
0
0
0
0
4095
4095
0
0
0
0
0
0
0
0
0
0
0
0
0
0
4095
4095
0
0
0
0
0
0
0
0
0
0
0
0
0
0
4095
4095
0
0
0
0
0
0
0
0
0
0
0
0
0
0
4095
4095
0
0
0
0
0
0
0
0
0
0
0
0
0
0
4095
4095
0
0
0
0
0
0
0
0
0
0
0
0
0
0
4095
4095
0
0
0
0
0
0
0
0
0
0
0
0
0
0
4095
4095
0
0
0
0
0
0
0
0
0
0
0
0
0
0
4095
4095
0
0
0
0
0
0
0
0
0
0
0
0
0
0
4095
4095
0
0
0
0
0
0
0
0
0
0
0
0
0
0
4095
4095
0
0
0
0
0
0
0
0
0
0
0
0
0
0
4095
4095
0
0
0
0
0
0
0
0
0
0
0
0
0
0
4095
4095
0
0
0
0
0
0
0
0
0
0
0
0
0
0
