0
4095
0
0
0
0
0
0
4095
0
0
0
0
0
0
0
0
4095
0
0
0
0
0
0
4095
0
0
0
0
0
0
0
4095
4095
0
0
0
0
0
0
0
0
0
0
0
0
0
0
4095
4095
0
0
0
0
0
0
0
0
0
0
0
0
0
0
4095
4095
0
0
0
0
0
0
0
0
0
0
0
0
0
0
4095
4095
0
0
0
0
0
0
0
0
0
0
0
0
0
0
4095
4095
0
0
0
0
0
0
0
0
0
0
0
0
0
0
4095
4095
0
0
0
0
0
0
0
0
0
0
0
0
0
0
4095
4095
0
0
0
0
0
0
0
0
0
0
0
0
0
0
4095
4095
0
0
0
0
0
0
0
0
0
0
0
0
0
0
4095
4095
0
0
0
0
0
0
0
0
0
0
0
0
0
0
4095
4095
0
0
0
0
0
0
4089
4088
0
0
0
0
0
0
4094
4094
0
0
0
0
0
0
4092
4092
0
0
0
0
0
0
4093
4094
0
0
0
0
0
0
4090
4091
0
0
0
0
0
0
4092
4092
0
0
0
0
0
0
4091
4090
0
0
0
0
0
0
4091
4090
0
0
0
0
0
0
4093
4093
0
0
0
0
0
0
4091
4092
0
0
0
0
0
0
4093
4091
0
0
0
0
0
0
4093
4093
0
0
0
0
0
0
4093
4094
0
0
0
0
0
0
4088
4090
0
0
0
0
0
0
4088
4087
0
0
0
0
0
0
4092
4090
0
0
0
0
0
0
4095
4092
0
0
0
0
0
0
4095
1
0
0
0
0
0
0
4089
4091
0
0
0
0
0
0
4088
4089
0
0
0
0
0
0
4084
4082
0
0
0
0
0
0
1
4092
0
0
0
0
0
0
2
4095
0
0
0
0
0
0
3
6
0
0
0
0
0
0
4087
4091
0
0
0
0
0
0
4082
4085
0
0
0
0
0
0
4084
4080
0
0
0
0
0
0
3
4091
0
0
0
0
0
0
8
7
0
0
0
0
0
0
3
8
0
0
0
0
0
0
4081
4088
0
0
0
0
0
0
4076
4078
0
0
0
0
0
0
4087
4079
0
0
0
0
0
0
10
0
0
0
0
0
0
0
15
14
0
0
0
0
0
0
0
11
0
0
0
0
0
0
4074
4083
0
0
0
0
0
0
4071
4070
0
0
0
0
0
0
4092
4078
0
0
0
0
0
0
20
7
0
0
0
0
0
0
19
21
0
0
0
0
0
0
4090
7
0
0
0
0
0
0
4063
4076
0
0
0
0
0
0
4065
4061
0
0
0
0
0
0
3
4080
0
0
0
0
0
0
29
18
0
0
0
0
0
0
19
26
0
0
0
0
0
0
4080
4
0
0
0
0
0
0
4050
4062
0
0
0
0
0
0
4068
4057
0
0
0
0
0
0
13
4086
0
0
0
0
0
0
38
28
0
0
0
0
0
0
17
34
0
0
0
0
0
0
4063
4089
0
0
0
0
0
0
4042
4050
0
0
0
0
0
0
4076
4052
0
0
0
0
0
0
32
4
0
0
0
0
0
0
49
44
0
0
0
0
0
0
10
34
0
0
0
0
0
0
4047
4077
0
0
0
0
0
0
4033
4035
0
0
0
0
0
0
4086
4054
0
0
0
0
0
0
48
19
0
0
0
0
0
0
56
56
0
0
0
0
0
0
4089
28
0
0
0
0
0
0
4029
4058
0
0
0
0
0
0
4032
4024
0
0
0
0
0
0
8
4062
0
0
0
0
0
0
67
37
0
0
0
0
0
0
53
67
0
0
0
0
0
0
4070
19
0
0
0
0
0
0
4008
4036
0
0
0
0
0
0
4036
4014
0
0
0
0
0
0
32
4077
0
0
0
0
0
0
87
62
0
0
0
0
0
0
44
72
0
0
0
0
0
0
4044
2
0
0
0
0
0
0
3993
4014
0
0
0
0
0
0
4047
4010
0
0
0
0
0
0
57
1
0
0
0
0
0
0
102
86
0
0
0
0
0
0
29
74
0
0
0
0
0
0
4015
4074
0
0
0
0
0
0
3982
3990
0
0
0
0
0
0
4071
4017
0
0
0
0
0
0
88
30
0
0
0
0
0
0
107
107
0
0
0
0
0
0
3
66
0
0
0
0
0
0
3982
4040
0
0
0
0
0
0
3979
3971
0
0
0
0
0
0
3
4031
0
0
0
0
0
0
119
61
0
0
0
0
0
0
104
124
0
0
0
0
0
0
4065
46
0
0
0
0
0
0
3952
4006
0
0
0
0
0
0
3988
3957
0
0
0
0
0
0
42
4054
0
0
0
0
0
0
146
98
0
0
0
0
0
0
91
133
0
0
0
0
0
0
4024
18
0
0
0
0
0
0
3927
3969
0
0
0
0
0
0
4007
3953
0
0
0
0
0
0
86
4087
0
0
0
0
0
0
166
134
0
0
0
0
0
0
66
133
0
0
0
0
0
0
3975
4071
0
0
0
0
0
0
3912
3935
0
0
0
0
0
0
4044
3962
0
0
0
0
0
0
131
33
0
0
0
0
0
0
178
168
0
0
0
0
0
0
23
115
0
0
0
0
0
0
3930
4028
0
0
0
0
0
0
3910
3905
0
0
0
0
0
0
4087
3983
0
0
0
0
0
0
177
83
0
0
0
0
0
0
173
193
0
0
0
0
0
0
4069
87
0
0
0
0
0
0
3885
3973
0
0
0
0
0
0
3922
3887
0
0
0
0
0
0
46
4017
0
0
0
0
0
0
220
139
0
0
0
0
0
0
154
207
0
0
0
0
0
0
4012
47
0
0
0
0
0
0
3850
3921
0
0
0
0
0
0
3951
3879
0
0
0
0
0
0
113
4068
0
0
0
0
0
0
249
193
0
0
0
0
0
0
111
200
0
0
0
0
0
0
3944
4089
0
0
0
0
0
0
3826
3870
0
0
0
0
0
0
3999
3892
0
0
0
0
0
0
177
31
0
0
0
0
0
0
264
239
0
0
0
0
0
0
59
184
0
0
0
0
0
0
3876
4020
0
0
0
0
0
0
3823
3830
0
0
0
0
0
0
4060
3918
0
0
0
0
0
0
241
101
0
0
0
0
0
0
260
272
0
0
0
0
0
0
4086
147
0
0
0
0
0
0
3814
3948
0
0
0
0
0
0
3838
3802
0
0
0
0
0
0
43
3969
0
0
0
0
0
0
296
173
0
0
0
0
0
0
233
290
0
0
0
0
0
0
4002
90
0
0
0
0
0
0
3764
3875
0
0
0
0
0
0
3875
3792
0
0
0
0
0
0
128
4032
0
0
0
0
0
0
340
247
0
0
0
0
0
0
185
292
0
0
0
0
0
0
3913
14
0
0
0
0
0
0
3733
3807
0
0
0
0
0
0
3937
3805
0
0
0
0
0
0
218
16
0
0
0
0
0
0
363
309
0
0
0
0
0
0
111
268
0
0
0
0
0
0
3825
4024
0
0
0
0
0
0
3722
3751
0
0
0
0
0
0
4018
3838
0
0
0
0
0
0
306
111
0
0
0
0
0
0
358
356
0
0
0
0
0
0
23
223
0
0
0
0
0
0
3742
3930
0
0
0
0
0
0
3741
3712
0
0
0
0
0
0
19
3896
0
0
0
0
0
0
382
203
0
0
0
0
0
0
329
388
0
0
0
0
0
0
4009
148
0
0
0
0
0
0
3674
3836
0
0
0
0
0
0
3783
3694
0
0
0
0
0
0
133
3981
0
0
0
0
0
0
439
299
0
0
0
0
0
0
269
390
0
0
0
0
0
0
3896
57
0
0
0
0
0
0
3631
3745
0
0
0
0
0
0
3854
3703
0
0
0
0
0
0
248
4082
0
0
0
0
0
0
473
382
0
0
0
0
0
0
183
367
0
0
0
0
0
0
3783
4045
0
0
0
0
0
0
3610
3668
0
0
0
0
0
0
3957
3742
0
0
0
0
0
0
362
102
0
0
0
0
0
0
475
450
0
0
0
0
0
0
68
310
0
0
0
0
0
0
3675
3925
0
0
0
0
0
0
3623
3614
0
0
0
0
0
0
4080
3812
0
0
0
0
0
0
461
224
0
0
0
0
0
0
441
489
0
0
0
0
0
0
4036
227
0
0
0
0
0
0
3584
3803
0
0
0
0
0
0
3675
3587
0
0
0
0
0
0
121
3910
0
0
0
0
0
0
540
343
0
0
0
0
0
0
374
500
0
0
0
0
0
0
3891
115
0
0
0
0
0
0
3519
3688
0
0
0
0
0
0
3761
3594
0
0
0
0
0
0
266
4034
0
0
0
0
0
0
588
451
0
0
0
0
0
0
271
476
0
0
0
0
0
0
3749
4078
0
0
0
0
0
0
3490
3590
0
0
0
0
0
0
3879
3634
0
0
0
0
0
0
407
77
0
0
0
0
0
0
599
539
0
0
0
0
0
0
139
416
0
0
0
0
0
0
3613
3935
0
0
0
0
0
0
3501
3520
0
0
0
0
0
0
4024
3712
0
0
0
0
0
0
535
229
0
0
0
0
0
0
565
592
0
0
0
0
0
0
4077
321
0
0
0
0
0
0
3497
3784
0
0
0
0
0
0
3552
3474
0
0
0
0
0
0
92
3826
0
0
0
0
0
0
636
375
0
0
0
0
0
0
494
618
0
0
0
0
0
0
3906
191
0
0
0
0
0
0
3413
3642
0
0
0
0
0
0
3646
3474
0
0
0
0
0
0
266
3970
0
0
0
0
0
0
703
508
0
0
0
0
0
0
379
599
0
0
0
0
0
0
3732
36
0
0
0
0
0
0
3365
3517
0
0
0
0
0
0
3779
3513
0
0
0
0
0
0
442
40
0
0
0
0
0
0
727
621
0
0
0
0
0
0
227
534
0
0
0
0
0
0
3565
3959
0
0
0
0
0
0
3366
3423
0
0
0
0
0
0
3946
3596
0
0
0
0
0
0
598
217
0
0
0
0
0
0
701
698
0
0
0
0
0
0
46
429
0
0
0
0
0
0
3420
3784
0
0
0
0
0
0
3416
3363
0
0
0
0
0
0
45
3724
0
0
0
0
0
0
726
392
0
0
0
0
0
0
628
735
0
0
0
0
0
0
3942
287
0
0
0
0
0
0
3311
3609
0
0
0
0
0
0
3518
3353
0
0
0
0
0
0
247
3884
0
0
0
0
0
0
816
556
0
0
0
0
0
0
503
724
0
0
0
0
0
0
3732
106
0
0
0
0
0
0
3246
3461
0
0
0
0
0
0
3664
3385
0
0
0
0
0
0
454
4076
0
0
0
0
0
0
856
692
0
0
0
0
0
0
333
664
0
0
0
0
0
0
3537
4006
0
0
0
0
0
0
3232
3338
0
0
0
0
0
0
3853
3473
0
0
0
0
0
0
645
184
0
0
0
0
0
0
840
796
0
0
0
0
0
0
127
550
0
0
0
0
0
0
3361
3801
0
0
0
0
0
0
3274
3258
0
0
0
0
0
0
4071
3608
0
0
0
0
0
0
803
388
0
0
0
0
0
0
768
850
0
0
0
0
0
0
3997
395
0
0
0
0
0
0
3219
3596
0
0
0
0
0
0
3379
3229
0
0
0
0
0
0
211
3788
0
0
0
0
0
0
917
580
0
0
0
0
0
0
638
853
0
0
0
0
0
0
3755
196
0
0
0
0
0
0
3131
3416
0
0
0
0
0
0
3535
3255
0
0
0
0
0
0
447
3999
0
0
0
0
0
0
981
753
0
0
0
0
0
0
454
796
0
0
0
0
0
0
3526
4072
0
0
0
0
0
0
3098
3263
0
0
0
0
0
0
3741
3341
0
0
0
0
0
0
670
129
0
0
0
0
0
0
978
878
0
0
0
0
0
0
230
682
0
0
0
0
0
0
3316
3837
0
0
0
0
0
0
3131
3159
0
0
0
0
0
0
3982
3481
0
0
0
0
0
0
860
367
0
0
0
0
0
0
914
957
0
0
0
0
0
0
4069
516
0
0
0
0
0
0
3147
3604
0
0
0
0
0
0
3231
3112
0
0
0
0
0
0
148
3672
0
0
0
0
0
0
1005
592
0
0
0
0
0
0
782
975
0
0
0
0
0
0
3802
302
0
0
0
0
0
0
3028
3389
0
0
0
0
0
0
3395
3127
0
0
0
0
0
0
419
3903
0
0
0
0
0
0
1091
790
0
0
0
0
0
0
590
929
0
0
0
0
0
0
3537
60
0
0
0
0
0
0
2975
3209
0
0
0
0
0
0
3612
3204
0
0
0
0
0
0
677
61
0
0
0
0
0
0
1113
950
0
0
0
0
0
0
349
818
0
0
0
0
0
0
3290
3892
0
0
0
0
0
0
2994
3078
0
0
0
0
0
0
3872
3346
0
0
0
0
0
0
901
324
0
0
0
0
0
0
1058
1053
0
0
0
0
0
0
69
645
0
0
0
0
0
0
3090
3630
0
0
0
0
0
0
3083
3006
0
0
0
0
0
0
70
3548
0
0
0
0
0
0
1078
581
0
0
0
0
0
0
932
1092
0
0
0
0
0
0
3868
421
0
0
0
0
0
0
2944
3385
0
0
0
0
0
0
3246
3003
0
0
0
0
0
0
367
3791
0
0
0
0
0
0
1193
813
0
0
0
0
0
0
735
1057
0
0
0
0
0
0
3572
160
0
0
0
0
0
0
2862
3174
0
0
0
0
0
0
3473
3070
0
0
0
0
0
0
660
4068
0
0
0
0
0
0
1235
999
0
0
0
0
0
0
480
953
0
0
0
0
0
0
3296
3970
0
0
0
0
0
0
2863
3015
0
0
0
0
0
0
3748
3207
0
0
0
0
0
0
919
264
0
0
0
0
0
0
1195
1129
0
0
0
0
0
0
183
784
0
0
0
0
0
0
3057
3679
0
0
0
0
0
0
2939
2916
0
0
0
0
0
0
4062
3411
0
0
0
0
0
0
1126
547
0
0
0
0
0
0
1078
1194
0
0
0
0
0
0
3959
553
0
0
0
0
0
0
2875
3401
0
0
0
0
0
0
3098
2891
0
0
0
0
0
0
295
3670
0
0
0
0
0
0
1274
810
0
0
0
0
0
0
883
1179
0
0
0
0
0
0
3629
273
0
0
0
0
0
0
2768
3159
0
0
0
0
0
0
3325
2944
0
0
0
0
0
0
616
3962
0
0
0
0
0
0
1340
1028
0
0
0
0
0
0
624
1088
0
0
0
0
0
0
3318
4064
0
0
0
0
0
0
2742
2966
0
0
0
0
0
0
3616
3074
0
0
0
0
0
0
908
179
0
0
0
0
0
0
1324
1188
0
0
0
0
0
0
313
921
0
0
0
0
0
0
3046
3747
0
0
0
0
0
0
2806
2845
0
0
0
0
0
0
3946
3275
0
0
0
0
0
0
1154
494
0
0
0
0
0
0
1218
1278
0
0
0
0
0
0
4063
686
0
0
0
0
0
0
2833
3443
0
0
0
0
0
0
2949
2793
0
0
0
0
0
0
200
3538
0
0
0
0
0
0
1331
784
0
0
0
0
0
0
1031
1285
0
0
0
0
0
0
3710
399
0
0
0
0
0
0
2694
3168
0
0
0
0
0
0
3180
2829
0
0
0
0
0
0
549
3843
0
0
0
0
0
0
1430
1035
0
0
0
0
0
0
769
1210
0
0
0
0
0
0
3370
80
0
0
0
0
0
0
2642
2945
0
0
0
0
0
0
3471
2944
0
0
0
0
0
0
875
80
0
0
0
0
0
0
1433
1225
0
0
0
0
0
0
450
1053
0
0
0
0
0
0
3066
3838
0
0
0
0
0
0
2683
2792
0
0
0
0
0
0
3812
3140
0
0
0
0
0
0
1149
414
0
0
0
0
0
0
1351
1344
0
0
0
0
0
0
92
823
0
0
0
0
0
0
2819
3507
0
0
0
0
0
0
2814
2718
0
0
0
0
0
0
87
3399
0
0
0
0
0
0
1364
738
0
0
0
0
0
0
1173
1375
0
0
0
0
0
0
3811
531
0
0
0
0
0
0
2651
3206
0
0
0
0
0
0
3033
2728
0
0
0
0
0
0
459
3714
0
0
0
0
0
0
1490
1016
0
0
0
0
0
0
918
1321
0
0
0
0
0
0
3442
200
0
0
0
0
0
0
2563
2947
0
0
0
0
0
0
3324
2826
0
0
0
0
0
0
814
4061
0
0
0
0
0
0
1528
1237
0
0
0
0
0
0
593
1178
0
0
0
0
0
0
3110
3941
0
0
0
0
0
0
2578
2767
0
0
0
0
0
0
3675
3009
0
0
0
0
0
0
1124
321
0
0
0
0
0
0
1464
1384
0
0
0
0
0
0
227
958
0
0
0
0
0
0
2831
3589
0
0
0
0
0
0
2688
2659
0
0
0
0
0
0
4055
3267
0
0
0
0
0
0
1366
663
0
0
0
0
0
0
1304
1444
0
0
0
0
0
0
3930
667
0
0
0
0
0
0
2627
3261
0
0
0
0
0
0
2894
2646
0
0
0
0
0
0
355
3583
0
0
0
0
0
0
1527
970
0
0
0
0
0
0
1062
1414
0
0
0
0
0
0
3538
329
0
0
0
0
0
0
2514
2981
0
0
0
0
0
0
3178
2723
0
0
0
0
0
0
733
3938
0
0
0
0
0
0
1594
1224
0
0
0
0
0
0
739
1288
0
0
0
0
0
0
3178
4061
0
0
0
0
0
0
2499
2763
0
0
0
0
0
0
3529
2892
0
0
0
0
0
0
1069
211
0
0
0
0
0
0
1560
1400
0
0
0
0
0
0
365
1079
0
0
0
0
0
0
2870
3691
0
0
0
0
0
0
2585
2629
0
0
0
0
0
0
3920
3138
0
0
0
0
0
0
1345
575
0
0
0
0
0
0
1422
1489
0
0
0
0
0
0
4059
800
0
0
0
0
0
0
2633
3339
0
0
0
0
0
0
2768
2589
0
0
0
0
0
0
231
3450
0
0
0
0
0
0
1538
907
0
0
0
0
0
0
1189
1482
0
0
0
0
0
0
3655
461
0
0
0
0
0
0
2488
3033
0
0
0
0
0
0
3043
2640
0
0
0
0
0
0
631
3811
0
0
0
0
0
0
1633
1182
0
0
0
0
0
0
878
1383
0
0
0
0
0
0
3270
91
0
0
0
0
0
0
2443
2789
0
0
0
0
0
0
3386
2788
0
0
0
0
0
0
991
89
0
0
0
0
0
0
1625
1387
0
0
0
0
0
0
507
1191
0
0
0
0
0
0
2932
3804
0
0
0
0
0
0
2502
2627
0
0
0
0
0
0
3777
3019
0
0
0
0
0
0
1295
469
0
0
0
0
0
0
1515
1507
0
0
0
0
0
0
102
920
0
0
0
0
0
0
2669
3437
0
0
0
0
0
0
2665
2558
0
0
0
0
0
0
96
3321
0
0
0
0
0
0
1518
820
0
0
0
0
0
0
1305
1528
0
0
0
0
0
0
3783
591
0
0
0
0
0
0
2492
3108
0
0
0
0
0
0
2920
2584
0
0
0
0
0
0
510
3677
0
0
0
0
0
0
1646
1121
0
0
0
0
0
0
1011
1455
0
0
0
0
0
0
3378
220
0
0
0
0
0
0
2414
2839
0
0
0
0
0
0
3251
2705
0
0
0
0
0
0
893
4059
0
0
0
0
0
0
1670
1350
0
0
0
0
0
0
648
1286
0
0
0
0
0
0
3021
3925
0
0
0
0
0
0
2446
2649
0
0
0
0
0
0
3638
2918
0
0
0
0
0
0
1220
350
0
0
0
0
0
0
1584
1497
0
0
0
0
0
0
243
1035
0
0
0
0
0
0
2731
3550
0
0
0
0
0
0
2581
2551
0
0
0
0
0
0
4054
3206
0
0
0
0
0
0
1470
716
0
0
0
0
0
0
1401
1549
0
0
0
0
0
0
3919
715
0
0
0
0
0
0
2525
3204
0
0
0
0
0
0
2812
2547
0
0
0
0
0
0
377
3550
0
0
0
0
0
0
1628
1035
0
0
0
0
0
0
1127
1503
0
0
0
0
0
0
3505
348
0
0
0
0
0
0
2420
2915
0
0
0
0
0
0
3126
2645
0
0
0
0
0
0
774
3929
0
0
0
0
0
0
1680
1289
0
0
0
0
0
0
777
1357
0
0
0
0
0
0
3134
4061
0
0
0
0
0
0
2416
2695
0
0
0
0
0
0
3504
2834
0
0
0
0
0
0
1120
222
0
0
0
0
0
0
1628
1461
0
0
0
0
0
0
385
1130
0
0
0
0
0
0
2815
3670
0
0
0
0
0
0
2525
2574
0
0
0
0
0
0
3911
3097
0
0
0
0
0
0
1397
599
0
0
0
0
0
0
1470
1538
0
0
0
0
0
0
4058
828
0
0
0
0
0
0
2584
3313
0
0
0
0
0
0
2728
2544
0
0
0
0
0
0
236
3427
0
0
0
0
0
0
1579
932
0
0
0
0
0
0
1221
1521
0
0
0
0
0
0
3644
473
0
0
0
0
0
0
2449
3007
0
0
0
0
0
0
3020
2609
0
0
0
0
0
0
642
3802
0
0
0
0
0
0
1664
1206
0
0
0
0
0
0
895
1407
0
0
0
0
0
0
3257
92
0
0
0
0
0
0
2417
2769
0
0
0
0
0
0
3378
2773
0
0
0
0
0
0
1003
92
0
0
0
0
0
0
1641
1401
0
0
0
0
0
0
516
1204
0
0
0
0
0
0
2922
3799
0
0
0
0
0
0
2495
2622
0
0
0
0
0
0
3775
3014
0
0
0
0
0
0
1298
470
0
0
0
0
0
0
1516
1507
0
0
0
0
0
0
103
923
0
0
0
0
0
0
2671
3438
0
0
0
0
0
0
2669
2561
0
0
0
0
0
0
99
3327
0
0
0
0
0
0
1509
814
0
0
0
0
0
0
1296
1517
0
0
0
0
0
0
3785
586
0
0
0
0
0
0
2510
3120
0
0
0
0
0
0
2932
2600
0
0
0
0
0
0
504
3684
0
0
0
0
0
0
1618
1102
0
0
0
0
0
0
995
1431
0
0
0
0
0
0
3393
216
0
0
0
0
0
0
2449
2865
0
0
0
0
0
0
3268
2734
0
0
0
0
0
0
872
4059
0
0
0
0
0
0
1626
1316
0
0
0
0
0
0
635
1253
0
0
0
0
0
0
3050
3930
0
0
0
0
0
0
2492
2692
0
0
0
0
0
0
3651
2953
0
0
0
0
0
0
1181
338
0
0
0
0
0
0
1534
1450
0
0
0
0
0
0
233
996
0
0
0
0
0
0
2779
3570
0
0
0
0
0
0
2636
2608
0
0
0
0
0
0
4055
3239
0
0
0
0
0
0
1410
687
0
0
0
0
0
0
1343
1484
0
0
0
0
0
0
3926
686
0
0
0
0
0
0
2593
3242
0
0
0
0
0
0
2874
2622
0
0
0
0
0
0
358
3575
0
0
0
0
0
0
1548
983
0
0
0
0
0
0
1070
1427
0
0
0
0
0
0
3535
329
0
0
0
0
0
0
2507
2978
0
0
0
0
0
0
3176
2724
0
0
0
0
0
0
731
3937
0
0
0
0
0
0
1587
1217
0
0
0
0
0
0
734
1278
0
0
0
0
0
0
3186
4060
0
0
0
0
0
0
2521
2784
0
0
0
0
0
0
3538
2913
0
0
0
0
0
0
1046
206
0
0
0
0
0
0
1524
1366
0
0
0
0
0
0
358
1055
0
0
0
0
0
0
2904
3701
0
0
0
0
0
0
2632
2677
0
0
0
0
0
0
3925
3171
0
0
0
0
0
0
1294
553
0
0
0
0
0
0
1362
1426
0
0
0
0
0
0
4061
767
0
0
0
0
0
0
2699
3372
0
0
0
0
0
0
2837
2666
0
0
0
0
0
0
217
3483
0
0
0
0
0
0
1455
858
0
0
0
0
0
0
1119
1396
0
0
0
0
0
0
3682
432
0
0
0
0
0
0
2590
3100
0
0
0
0
0
0
3112
2738
0
0
0
0
0
0
586
3827
0
0
0
0
0
0
1514
1097
0
0
0
0
0
0
813
1277
0
0
0
0
0
0
3334
82
0
0
0
0
0
0
2576
2894
0
0
0
0
0
0
3443
2897
0
0
0
0
0
0
910
84
0
0
0
0
0
0
1481
1266
0
0
0
0
0
0
464
1082
0
0
0
0
0
0
3041
3830
0
0
0
0
0
0
2659
2772
0
0
0
0
0
0
3806
3125
0
0
0
0
0
0
1162
421
0
0
0
0
0
0
1354
1347
0
0
0
0
0
0
92
819
0
0
0
0
0
0
2823
3509
0
0
0
0
0
0
2827
2729
0
0
0
0
0
0
86
3415
0
0
0
0
0
0
1334
719
0
0
0
0
0
0
1144
1341
0
0
0
0
0
0
3819
515
0
0
0
0
0
0
2694
3233
0
0
0
0
0
0
3070
2778
0
0
0
0
0
0
441
3732
0
0
0
0
0
0
1421
968
0
0
0
0
0
0
871
1253
0
0
0
0
0
0
3478
188
0
0
0
0
0
0
2659
3021
0
0
0
0
0
0
3369
2905
0
0
0
0
0
0
762
4065
0
0
0
0
0
0
1415
1147
0
0
0
0
0
0
547
1085
0
0
0
0
0
0
3190
3955
0
0
0
0
0
0
2706
2878
0
0
0
0
0
0
3712
3109
0
0
0
0
0
0
1017
289
0
0
0
0
0
0
1322
1251
0
0
0
0
0
0
200
856
0
0
0
0
0
0
2965
3642
0
0
0
0
0
0
2845
2820
0
0
0
0
0
0
4061
3362
0
0
0
0
0
0
1207
587
0
0
0
0
0
0
1145
1265
0
0
0
0
0
0
3949
580
0
0
0
0
0
0
2819
3369
0
0
0
0
0
0
3056
2843
0
0
0
0
0
0
303
3652
0
0
0
0
0
0
1308
832
0
0
0
0
0
0
902
1203
0
0
0
0
0
0
3625
279
0
0
0
0
0
0
2758
3154
0
0
0
0
0
0
3322
2942
0
0
0
0
0
0
610
3961
0
0
0
0
0
0
1328
1017
0
0
0
0
0
0
611
1066
0
0
0
0
0
0
3337
4065
0
0
0
0
0
0
2784
3002
0
0
0
0
0
0
3631
3111
0
0
0
0
0
0
871
172
0
0
0
0
0
0
1259
1132
0
0
0
0
0
0
293
868
0
0
0
0
0
0
3112
3771
0
0
0
0
0
0
2888
2925
0
0
0
0
0
0
3955
3333
0
0
0
0
0
0
1064
455
0
0
0
0
0
0
1116
1167
0
0
0
0
0
0
4065
626
0
0
0
0
0
0
2953
3502
0
0
0
0
0
0
3069
2931
0
0
0
0
0
0
174
3593
0
0
0
0
0
0
1181
695
0
0
0
0
0
0
906
1128
0
0
0
0
0
0
3760
349
0
0
0
0
0
0
2877
3290
0
0
0
0
0
0
3301
3000
0
0
0
0
0
0
470
3879
0
0
0
0
0
0
1220
884
0
0
0
0
0
0
651
1022
0
0
0
0
0
0
3484
66
0
0
0
0
0
0
2881
3135
0
0
0
0
0
0
3574
3137
0
0
0
0
0
0
723
64
0
0
0
0
0
0
1177
1005
0
0
0
0
0
0
365
855
0
0
0
0
0
0
3261
3888
0
0
0
0
0
0
2955
3044
0
0
0
0
0
0
3869
3333
0
0
0
0
0
0
913
328
0
0
0
0
0
0
1067
1060
0
0
0
0
0
0
69
642
0
0
0
0
0
0
3101
3639
0
0
0
0
0
0
3103
3027
0
0
0
0
0
0
64
3560
0
0
0
0
0
0
1040
559
0
0
0
0
0
0
890
1042
0
0
0
0
0
0
3881
399
0
0
0
0
0
0
3012
3427
0
0
0
0
0
0
3304
3078
0
0
0
0
0
0
338
3813
0
0
0
0
0
0
1094
745
0
0
0
0
0
0
667
960
0
0
0
0
0
0
3620
142
0
0
0
0
0
0
2994
3273
0
0
0
0
0
0
3542
3187
0
0
0
0
0
0
575
4068
0
0
0
0
0
0
1078
871
0
0
0
0
0
0
416
824
0
0
0
0
0
0
3407
3986
0
0
0
0
0
0
3045
3175
0
0
0
0
0
0
3804
3347
0
0
0
0
0
0
766
220
0
0
0
0
0
0
992
935
0
0
0
0
0
0
148
641
0
0
0
0
0
0
3249
3755
0
0
0
0
0
0
3158
3141
0
0
0
0
0
0
4069
3549
0
0
0
0
0
0
893
432
0
0
0
0
0
0
851
939
0
0
0
0
0
0
3987
430
0
0
0
0
0
0
3150
3558
0
0
0
0
0
0
3328
3169
0
0
0
0
0
0
223
3769
0
0
0
0
0
0
960
610
0
0
0
0
0
0
660
880
0
0
0
0
0
0
3749
204
0
0
0
0
0
0
3117
3406
0
0
0
0
0
0
3533
3257
0
0
0
0
0
0
443
3996
0
0
0
0
0
0
961
736
0
0
0
0
0
0
443
772
0
0
0
0
0
0
3544
4070
0
0
0
0
0
0
3149
3307
0
0
0
0
0
0
3761
3387
0
0
0
0
0
0
622
122
0
0
0
0
0
0
902
809
0
0
0
0
0
0
208
617
0
0
0
0
0
0
3394
3863
0
0
0
0
0
0
3236
3262
0
0
0
0
0
0
3993
3554
0
0
0
0
0
0
752
320
0
0
0
0
0
0
788
825
0
0
0
0
0
0
4073
438
0
0
0
0
0
0
3290
3677
0
0
0
0
0
0
3373
3278
0
0
0
0
0
0
122
3745
0
0
0
0
0
0
823
484
0
0
0
0
0
0
632
786
0
0
0
0
0
0
3861
242
0
0
0
0
0
0
3250
3536
0
0
0
0
0
0
3544
3336
0
0
0
0
0
0
322
3945
0
0
0
0
0
0
836
605
0
0
0
0
0
0
446
703
0
0
0
0
0
0
3676
43
0
0
0
0
0
0
3265
3439
0
0
0
0
0
0
3740
3442
0
0
0
0
0
0
489
43
0
0
0
0
0
0
795
677
0
0
0
0
0
0
248
579
0
0
0
0
0
0
3532
3954
0
0
0
0
0
0
3328
3389
0
0
0
0
0
0
3941
3580
0
0
0
0
0
0
609
217
0
0
0
0
0
0
709
704
0
0
0
0
0
0
43
424
0
0
0
0
0
0
3433
3789
0
0
0
0
0
0
3434
3385
0
0
0
0
0
0
44
3744
0
0
0
0
0
0
684
365
0
0
0
0
0
0
583
684
0
0
0
0
0
0
3953
260
0
0
0
0
0
0
3386
3659
0
0
0
0
0
0
3576
3429
0
0
0
0
0
0
220
3912
0
0
0
0
0
0
709
482
0
0
0
0
0
0
430
619
0
0
0
0
0
0
3789
90
0
0
0
0
0
0
3385
3564
0
0
0
0
0
0
3737
3511
0
0
0
0
0
0
367
4077
0
0
0
0
0
0
686
555
0
0
0
0
0
0
263
522
0
0
0
0
0
0
3658
4025
0
0
0
0
0
0
3429
3513
0
0
0
0
0
0
3911
3625
0
0
0
0
0
0
479
135
0
0
0
0
0
0
620
585
0
0
0
0
0
0
94
402
0
0
0
0
0
0
3563
3879
0
0
0
0
0
0
3514
3503
0
0
0
0
0
0
4078
3756
0
0
0
0
0
0
551
266
0
0
0
0
0
0
519
574
0
0
0
0
0
0
4027
261
0
0
0
0
0
0
3516
3766
0
0
0
0
0
0
3626
3529
0
0
0
0
0
0
134
3897
0
0
0
0
0
0
580
366
0
0
0
0
0
0
399
532
0
0
0
0
0
0
3886
120
0
0
0
0
0
0
3508
3680
0
0
0
0
0
0
3758
3591
0
0
0
0
0
0
263
4037
0
0
0
0
0
0
570
434
0
0
0
0
0
0
261
455
0
0
0
0
0
0
3771
4081
0
0
0
0
0
0
3539
3631
0
0
0
0
0
0
3897
3678
0
0
0
0
0
0
363
70
0
0
0
0
0
0
520
466
0
0
0
0
0
0
120
357
0
0
0
0
0
0
3686
3957
0
0
0
0
0
0
3601
3616
0
0
0
0
0
0
4034
3784
0
0
0
0
0
0
429
182
0
0
0
0
0
0
444
464
0
0
0
0
0
0
4082
247
0
0
0
0
0
0
3641
3860
0
0
0
0
0
0
3683
3630
0
0
0
0
0
0
69
3900
0
0
0
0
0
0
456
267
0
0
0
0
0
0
351
439
0
0
0
0
0
0
3963
131
0
0
0
0
0
0
3626
3784
0
0
0
0
0
0
3793
3679
0
0
0
0
0
0
173
4008
0
0
0
0
0
0
456
329
0
0
0
0
0
0
241
380
0
0
0
0
0
0
3865
20
0
0
0
0
0
0
3644
3739
0
0
0
0
0
0
3903
3742
0
0
0
0
0
0
259
22
0
0
0
0
0
0
421
358
0
0
0
0
0
0
131
307
0
0
0
0
0
0
3792
4016
0
0
0
0
0
0
3692
3723
0
0
0
0
0
0
4011
3822
0
0
0
0
0
0
317
113
0
0
0
0
0
0
366
362
0
0
0
0
0
0
23
220
0
0
0
0
0
0
3751
3933
0
0
0
0
0
0
3756
3732
0
0
0
0
0
0
18
3912
0
0
0
0
0
0
345
184
0
0
0
0
0
0
292
343
0
0
0
0
0
0
4025
131
0
0
0
0
0
0
3738
3875
0
0
0
0
0
0
3836
3763
0
0
0
0
0
0
106
4002
0
0
0
0
0
0
347
235
0
0
0
0
0
0
209
302
0
0
0
0
0
0
3945
43
0
0
0
0
0
0
3749
3836
0
0
0
0
0
0
3920
3810
0
0
0
0
0
0
175
4084
0
0
0
0
0
0
327
263
0
0
0
0
0
0
122
244
0
0
0
0
0
0
3887
4061
0
0
0
0
0
0
3777
3816
0
0
0
0
0
0
4008
3873
0
0
0
0
0
0
222
63
0
0
0
0
0
0
284
266
0
0
0
0
0
0
39
182
0
0
0
0
0
0
3850
3993
0
0
0
0
0
0
3827
3823
0
0
0
0
0
0
4084
3939
0
0
0
0
0
0
247
118
0
0
0
0
0
0
231
256
0
0
0
0
0
0
4064
116
0
0
0
0
0
0
3836
3947
0
0
0
0
0
0
3890
3846
0
0
0
0
0
0
55
4007
0
0
0
0
0
0
251
159
0
0
0
0
0
0
168
225
0
0
0
0
0
0
4004
50
0
0
0
0
0
0
3842
3914
0
0
0
0
0
0
3950
3880
0
0
0
0
0
0
108
4068
0
0
0
0
0
0
235
179
0
0
0
0
0
0
105
186
0
0
0
0
0
0
3957
4086
0
0
0
0
0
0
3865
3904
0
0
0
0
0
0
4013
3924
0
0
0
0
0
0
141
24
0
0
0
0
0
0
209
186
0
0
0
0
0
0
45
141
0
0
0
0
0
0
3931
4039
0
0
0
0
0
0
3899
3906
0
0
0
0
0
0
4071
3973
0
0
0
0
0
0
161
66
0
0
0
0
0
0
168
176
0
0
0
0
0
0
4087
91
0
0
0
0
0
0
3921
4005
0
0
0
0
0
0
3940
3919
0
0
0
0
0
0
22
4018
0
0
0
0
0
0
166
96
0
0
0
0
0
0
127
157
0
0
0
0
0
0
4047
46
0
0
0
0
0
0
3922
3979
0
0
0
0
0
0
3987
3945
0
0
0
0
0
0
60
4064
0
0
0
0
0
0
158
113
0
0
0
0
0
0
80
128
0
0
0
0
0
0
4015
5
0
0
0
0
0
0
3939
3972
0
0
0
0
0
0
4028
3974
0
0
0
0
0
0
87
5
0
0
0
0
0
0
135
114
0
0
0
0
0
0
39
96
0
0
0
0
0
0
3996
4067
0
0
0
0
0
0
3963
3973
0
0
0
0
0
0
4067
4007
0
0
0
0
0
0
98
34
0
0
0
0
0
0
112
110
0
0
0
0
0
0
3
64
0
0
0
0
0
0
3990
4045
0
0
0
0
0
0
3988
3982
0
0
0
0
0
0
2
4037
0
0
0
0
0
0
97
49
0
0
0
0
0
0
85
99
0
0
0
0
0
0
4069
31
0
0
0
0
0
0
3994
4032
0
0
0
0
0
0
4018
3998
0
0
0
0
0
0
27
4068
0
0
0
0
0
0
93
62
0
0
0
0
0
0
53
77
0
0
0
0
0
0
4052
8
0
0
0
0
0
0
4001
4024
0
0
0
0
0
0
4047
4017
0
0
0
0
0
0
40
4089
0
0
0
0
0
0
78
63
0
0
0
0
0
0
27
57
0
0
0
0
0
0
4039
4083
0
0
0
0
0
0
4017
4026
0
0
0
0
0
0
4072
4040
0
0
0
0
0
0
48
11
0
0
0
0
0
0
62
58
0
0
0
0
0
0
4
35
0
0
0
0
0
0
4042
4073
0
0
0
0
0
0
4032
4032
0
0
0
0
0
0
4092
4062
0
0
0
0
0
0
48
19
0
0
0
0
0
0
45
50
0
0
0
0
0
0
4085
18
0
0
0
0
0
0
4042
4063
0
0
0
0
0
0
4051
4043
0
0
0
0
0
0
6
4075
0
0
0
0
0
0
43
25
0
0
0
0
0
0
28
40
0
0
0
0
0
0
4075
2
0
0
0
0
0
0
4050
4063
0
0
0
0
0
0
4066
4054
0
0
0
0
0
0
15
4089
0
0
0
0
0
0
32
23
0
0
0
0
0
0
14
24
0
0
0
0
0
0
4073
4092
0
0
0
0
0
0
4057
4063
0
0
0
0
0
0
4080
4067
0
0
0
0
0
0
17
2
0
0
0
0
0
0
22
19
0
0
0
0
0
0
1
13
0
0
0
0
0
0
4073
4085
0
0
0
0
0
0
4068
4070
0
0
0
0
0
0
4087
4077
0
0
0
0
0
0
15
5
0
0
0
0
0
0
12
13
0
0
0
0
0
0
4090
5
0
0
0
0
0
0
4075
4083
0
0
0
0
0
0
4076
4074
0
0
0
0
0
0
4094
4084
0
0
0
0
0
0
12
5
0
0
0
0
0
0
8
10
0
0
0
0
0
0
4088
4095
0
0
0
0
0
0
4079
4083
0
0
0
0
0
0
4083
4081
0
0
0
0
0
0
4095
4088
0
0
0
0
0
0
8
5
0
0
0
0
0
0
4095
2
0
0
0
0
0
0
4088
4093
0
0
0
0
0
0
4081
4084
0
0
0
0
0
0
4090
4087
0
0
0
0
0
0
4095
4091
0
0
0
0
0
0
4
4
0
0
0
0
0
0
4092
4093
0
0
0
0
0
0
4091
4094
0
0
0
0
0
0
4087
4088
0
0
0
0
0
0
4092
4088
0
0
0
0
0
0
4095
4092
0
0
0
0
0
0
4095
0
0
0
0
0
0
0
4091
4092
0
0
0
0
0
0
4090
4090
0
0
0
0
0
0
4092
4092
0
0
0
0
0
0
4092
4092
0
0
0
0
0
0
4091
4091
0
0
0
0
0
0
4091
4092
0
0
0
0
0
0
4092
4091
0
0
0
0
0
0
4094
4093
0
0
0
0
0
0
4093
4092
0
0
0
0
0
0
4093
4093
0
0
0
0
0
0
4091
4091
0
0
0
0
0
0
4092
4090
0
0
0
0
0
0
4093
4094
0
0
0
0
0
0
1
0
0
0
0
0
0
0
4095
4095
0
0
0
0
0
0
0
0
0
0
0
0
0
0
4095
4095
0
0
0
0
0
0
0
0
0
0
0
0
0
0
4095
4095
0
0
0
0
0
0
0
0
0
0
0
0
0
0
4095
4095
0
0
0
0
0
0
0
0
0
0
0
0
0
0
4095
0
0
0
0
0
0
0
0
4095
0
0
0
0
0
0
4095
0
0
0
0
0
0
0
4095
4095
0
0
0
0
0
0
4095
0
0
0
0
0
0
0
4095
4095
0
0
0
0
0
0
4095
0
0
0
0
0
0
0
4095
4095
0
0
0
0
0
0
4095
0
0
0
0
0
0
0
4095
4095
0
0
0
0
0
0
4095
0
0
0
0
0
0
0
4095
4095
0
0
0
0
0
0
4095
0
0
0
0
0
0
0
4095
4095
0
0
0
0
0
0
4095
0
0
0
0
0
0
0
4095
4095
0
0
0
0
0
0
4095
0
0
0
0
0
0
0
4095
4095
0
0
0
0
0
0
4095
0
0
0
0
0
0
0
4095
4095
0
0
0
0
0
0
4095
0
0
0
0
0
0
0
4095
4095
0
0
0
0
0
0
4095
0
0
0
0
0
0
0
4095
4095
0
0
0
0
0
0
4095
0
0
0
0
0
0
0
4095
4095
0
0
0
0
0
0
4095
0
0
0
0
0
0
0
4095
4095
0
0
0
0
0
0
4095
0
0
0
0
0
0
0
4095
4095
0
0
0
0
0
0
4095
0
0
0
0
0
0
0
4095
4095
0
0
0
0
0
0
4095
0
0
0
0
0
0
0
4095
4095
0
0
0
0
0
0
4095
0
0
0
0
0
0
0
4095
4095
0
0
0
0
0
0
4095
0
0
0
0
0
0
0
4095
4095
0
0
0
0
0
0
4095
0
0
0
0
0
0
0
4095
4095
0
0
0
0
0
0
4095
0
0
0
0
0
0
0
4095
4095
0
0
0
0
0
0
4095
0
0
0
0
0
0
0
4095
4095
0
0
0
0
0
0
4095
0
0
0
0
0
0
0
4095
4095
0
0
0
0
0
0
4095
0
0
0
0
0
0
0
4095
4095
0
0
0
0
0
0
4095
0
0
0
0
0
0
0
4095
4095
0
0
0
0
0
0
4095
0
0
0
0
0
0
0
4095
4095
0
0
0
0
0
0
4095
0
0
0
0
0
0
0
4095
4095
0
0
0
0
0
0
4095
0
0
0
0
0
0
0
4095
4095
0
0
0
0
0
0
4095
0
0
0
0
0
0
0
4095
4095
0
0
0
0
0
0
4095
0
0
0
0
0
0
0
4095
4095
0
0
0
0
0
0
4095
0
0
0
0
0
0
0
4095
4095
0
0
0
0
0
0
4095
0
0
0
0
0
0
0
4095
4095
0
0
0
0
0
0
4095
0
0
0
0
0
0
0
4095
4095
0
0
0
0
0
0
4095
0
0
0
0
0
0
0
4095
4095
0
0
0
0
0
0
4095
0
0
0
0
0
0
0
4095
4095
0
0
0
0
0
0
4095
0
0
0
0
0
0
0
4095
4095
0
0
0
0
0
0
4095
0
0
0
0
0
0
0
4095
4095
0
0
0
0
0
0
4095
0
0
0
0
0
0
0
4095
4095
0
0
0
0
0
0
4095
0
0
0
0
0
0
0
4095
4095
0
0
0
0
0
0
4095
0
0
0
0
0
0
0
4095
4095
0
0
0
0
0
0
4095
0
0
0
0
0
0
0
4095
4095
0
0
0
0
0
0
4095
0
0
0
0
0
0
0
4095
4095
0
0
0
0
0
0
4095
0
0
0
0
0
0
0
4095
4095
0
0
0
0
0
0
4095
0
0
0
0
0
0
0
4095
4095
0
0
0
0
0
0
4095
0
0
0
0
0
0
0
4095
4095
0
0
0
0
0
0
4095
0
0
0
0
0
0
0
4095
4095
0
0
0
0
0
0
4095
0
0
0
0
0
0
0
4095
4095
0
0
0
0
0
0
4095
0
0
0
0
0
0
0
4095
4095
0
0
0
0
0
0
4095
0
0
0
0
0
0
0
4095
4095
0
0
0
0
0
0
4095
0
0
0
0
0
0
0
4095
4095
0
0
0
0
0
0
4095
0
0
0
0
0
0
0
4095
4095
0
0
0
0
0
0
4095
0
0
0
0
0
0
0
4095
4095
0
0
0
0
0
0
4095
0
0
0
0
0
0
0
4095
4095
0
0
0
0
0
0
4095
0
0
0
0
0
0
0
4095
4095
0
0
0
0
0
0
4095
0
0
0
0
0
0
0
4095
4095
0
0
0
0
0
0
4095
0
0
0
0
0
0
0
4095
4095
0
0
0
0
0
0
4095
0
0
0
0
0
0
0
4095
4095
0
0
0
0
0
0
4095
0
0
0
0
0
0
0
4095
4095
0
0
0
0
0
0
4095
0
0
0
0
0
0
0
4095
4095
0
0
0
0
0
0
4095
0
0
0
0
0
0
0
4095
4095
0
0
0
0
0
0
4095
0
0
0
0
0
0
0
4095
4095
0
0
0
0
0
0
4095
0
0
0
0
0
0
0
4095
4095
0
0
0
0
0
0
4095
0
0
0
0
0
0
0
4095
4095
0
0
0
0
0
0
4095
0
0
0
0
0
0
0
4095
4095
0
0
0
0
0
0
4095
0
0
0
0
0
0
0
4095
4095
0
0
0
0
0
0
4095
0
0
0
0
0
0
0
4095
4095
0
0
0
0
0
0
4095
0
0
0
0
0
0
0
4095
4095
0
0
0
0
0
0
4095
0
0
0
0
0
0
0
4095
4095
0
0
0
0
0
0
4095
0
0
0
0
0
0
0
4095
4095
0
0
0
0
0
0
4095
0
0
0
0
0
0
0
4095
4095
0
0
0
0
0
0
4095
0
0
0
0
0
0
0
4095
4095
0
0
0
0
0
0
4095
0
0
0
0
0
0
0
4095
4095
0
0
0
0
0
0
4095
0
0
0
0
0
0
0
4095
4095
0
0
0
0
0
0
4095
0
0
0
0
0
0
0
4095
4095
0
0
0
0
0
0
4095
0
0
0
0
0
0
0
4095
4095
0
0
0
0
0
0
4095
0
0
0
0
0
0
0
4095
4095
0
0
0
0
0
0
4095
0
0
0
0
0
0
0
4095
4095
0
0
0
0
0
0
4095
0
0
0
0
0
0
0
4095
4095
0
0
0
0
0
0
4095
0
0
0
0
0
0
0
4095
4095
0
0
0
0
0
0
4095
0
0
0
0
0
0
0
4095
4095
0
0
0
0
0
0
4095
0
0
0
0
0
0
0
4095
4095
0
0
0
0
0
0
4095
0
0
0
0
0
0
0
4095
4095
0
0
0
0
0
0
4095
0
0
0
0
0
0
0
4095
4095
0
0
0
0
0
0
4095
0
0
0
0
0
0
0
4095
4095
0
0
0
0
0
0
4095
0
0
0
0
0
0
0
4095
4095
0
0
0
0
0
0
4095
0
0
0
0
0
0
0
4095
4095
0
0
0
0
0
0
4095
0
0
0
0
0
0
0
4095
4095
0
0
0
0
0
0
4095
0
0
0
0
0
0
0
4095
4095
0
0
0
0
0
0
4095
0
0
0
0
0
0
0
4095
4095
0
0
0
0
0
0
4095
0
0
0
0
0
0
0
4095
4095
0
0
0
0
0
0
4095
0
0
0
0
0
0
0
4095
4095
0
0
0
0
0
0
4095
0
0
0
0
0
0
0
4095
4095
0
0
0
0
0
0
4095
0
0
0
0
0
0
0
4095
4095
0
0
0
0
0
0
4095
0
0
0
0
0
0
0
4095
4095
0
0
0
0
0
0
4095
0
0
0
0
0
0
0
4095
4095
0
0
0
0
0
0
4095
0
0
0
0
0
0
0
4095
4095
0
0
0
0
0
0
4095
0
0
0
0
0
0
0
4095
4095
0
0
0
0
0
0
4095
0
0
0
0
0
0
0
4095
4095
0
0
0
0
0
0
4095
0
0
0
0
0
0
0
4095
4095
0
0
0
0
0
0
4095
0
0
0
0
0
0
0
4095
4095
0
0
0
0
0
0
4095
0
0
0
0
0
0
0
4095
4095
0
0
0
0
0
0
4095
0
0
0
0
0
0
0
4095
4095
0
0
0
0
0
0
4095
0
0
0
0
0
0
0
4095
4095
0
0
0
0
0
0
4095
0
0
0
0
0
0
0
4095
4095
0
0
0
0
0
0
4095
0
0
0
0
0
0
0
4095
4095
0
0
0
0
0
0
4095
0
0
0
0
0
0
0
4095
4095
0
0
0
0
0
0
4095
0
0
0
0
0
0
0
4095
4095
0
0
0
0
0
0
4095
0
0
0
0
0
0
0
4095
4095
0
0
0
0
0
0
4095
0
0
0
0
0
0
0
4095
4095
0
0
0
0
0
0
4095
0
0
0
0
0
0
0
4095
4095
0
0
0
0
0
0
4095
0
0
0
0
0
0
0
4095
4095
0
0
0
0
0
0
4095
0
0
0
0
0
0
0
4095
4095
0
0
0
0
0
0
4095
0
0
0
0
0
0
0
4095
4095
0
0
0
0
0
0
4095
0
0
0
0
0
0
0
4095
4095
0
0
0
0
0
0
4095
0
0
0
0
0
0
0
4095
4095
0
0
0
0
0
0
4095
0
0
0
0
0
0
0
4095
4095
0
0
0
0
0
0
4095
0
0
0
0
0
0
0
4095
4095
0
0
0
0
0
0
4095
0
0
0
0
0
0
0
4095
4095
0
0
0
0
0
0
4095
0
0
0
0
0
0
0
4095
4095
0
0
0
0
0
0
4095
0
0
0
0
0
0
0
4095
4095
0
0
0
0
0
0
4095
0
0
0
0
0
0
0
4095
4095
0
0
0
0
0
0
4095
0
0
0
0
0
0
0
4095
4095
0
0
0
0
0
0
4095
0
0
0
0
0
0
0
4095
4095
0
0
0
0
0
0
4095
0
0
0
0
0
0
0
4095
4095
0
0
0
0
0
0
4095
0
0
0
0
0
0
0
4095
4095
0
0
0
0
0
0
4095
0
0
0
0
0
0
0
4095
4095
0
0
0
0
0
0
4095
0
0
0
0
0
0
0
4095
4095
0
0
0
0
0
0
4095
0
0
0
0
0
0
0
4095
4095
0
0
0
0
0
0
4095
0
0
0
0
0
0
0
4095
4095
0
0
0
0
0
0
4095
0
0
0
0
0
0
0
4095
4095
0
0
0
0
0
0
4095
0
0
0
0
0
0
0
4095
4095
0
0
0
0
0
0
4095
0
0
0
0
0
0
0
4095
4095
0
0
0
0
0
0
4095
0
0
0
0
0
0
0
4095
4095
0
0
0
0
0
0
4095
0
0
0
0
0
0
0
4095
4095
0
0
0
0
0
0
4095
0
0
0
0
0
0
0
4095
4095
0
0
0
0
0
0
4095
0
0
0
0
0
0
0
4095
4095
0
0
0
0
0
0
4095
0
0
0
0
0
0
0
4095
4095
0
0
0
0
0
0
4095
0
0
0
0
0
0
0
4095
4095
0
0
0
0
0
0
4095
0
0
0
0
0
0
0
4095
4095
0
0
0
0
0
0
4095
0
0
0
0
0
0
0
4095
4095
0
0
0
0
0
0
4095
0
0
0
0
0
0
0
4095
4095
0
0
0
0
0
0
4095
0
0
0
0
0
0
0
4095
4095
0
0
0
0
0
0
4095
0
0
0
0
0
0
0
4095
4095
0
0
0
0
0
0
4095
0
0
0
0
0
0
0
4095
4095
0
0
0
0
0
0
4095
0
0
0
0
0
0
0
4095
4095
0
0
0
0
0
0
4095
0
0
0
0
0
0
0
4095
4095
0
0
0
0
0
0
4095
0
0
0
0
0
0
0
4095
4095
0
0
0
0
0
0
4095
0
0
0
0
0
0
0
4095
4095
0
0
0
0
0
0
4095
0
0
0
0
0
0
0
4095
4095
0
0
0
0
0
0
4095
0
0
0
0
0
0
0
4095
4095
0
0
0
0
0
0
4095
0
0
0
0
0
0
0
4095
4095
0
0
0
0
0
0
4095
0
0
0
0
0
0
0
4095
4095
0
0
0
0
0
0
4095
0
0
0
0
0
0
0
4095
4095
0
0
0
0
0
0
4095
0
0
0
0
0
0
0
4095
4095
0
0
0
0
0
0
4095
0
0
0
0
0
0
0
4095
4095
0
0
0
0
0
0
4095
0
0
0
0
0
0
0
4095
4095
0
0
0
0
0
0
4095
0
0
0
0
0
0
0
4095
4095
0
0
0
0
0
0
4095
0
0
0
0
0
0
0
4095
4095
0
0
0
0
0
0
4095
0
0
0
0
0
0
0
4095
4095
0
0
0
0
0
0
4095
0
0
0
0
0
0
0
4095
4095
0
0
0
0
0
0
4095
0
0
0
0
0
0
0
4095
4095
0
0
0
0
0
0
4095
0
0
0
0
0
0
0
4095
4095
0
0
0
0
0
0
4095
0
0
0
0
0
0
0
4095
4095
0
0
0
0
0
0
4095
0
0
0
0
0
0
0
4095
4095
0
0
0
0
0
0
4095
0
0
0
0
0
0
0
4095
4095
0
0
0
0
0
0
4095
0
0
0
0
0
0
0
4095
4095
0
0
0
0
0
0
4095
0
0
0
0
0
0
0
4095
4095
0
0
0
0
0
0
4095
0
0
0
0
0
0
0
4095
4095
0
0
0
0
0
0
4095
0
0
0
0
0
0
0
4095
4095
0
0
0
0
0
0
4095
0
0
0
0
0
0
0
4095
4095
0
0
0
0
0
0
4095
0
0
0
0
0
0
0
4095
4095
0
0
0
0
0
0
4095
0
0
0
0
0
0
0
4095
4095
0
0
0
0
0
0
4095
0
0
0
0
0
0
0
4095
4095
0
0
0
0
0
0
4095
0
0
0
0
0
0
0
4095
4095
0
0
0
0
0
0
4095
0
0
0
0
0
0
0
4095
4095
0
0
0
0
0
0
4095
0
0
0
0
0
0
0
4095
4095
0
0
0
0
0
0
4095
0
0
0
0
0
0
0
4095
4095
0
0
0
0
0
0
4095
0
0
0
0
0
0
0
4095
4095
0
0
0
0
0
0
4095
0
0
0
0
0
0
0
4095
4095
0
0
0
0
0
0
4095
0
0
0
0
0
0
0
4095
4095
0
0
0
0
0
0
4095
0
0
0
0
0
0
0
4095
4095
0
0
0
0
0
0
4095
0
0
0
0
0
0
0
4095
4095
0
0
0
0
0
0
4095
0
0
0
0
0
0
0
4095
4095
0
0
0
0
0
0
4095
0
0
0
0
0
0
0
4095
4095
0
0
0
0
0
0
4095
0
0
0
0
0
0
0
4095
4095
0
0
0
0
0
0
4095
0
0
0
0
0
0
0
4095
4095
0
0
0
0
0
0
4095
0
0
0
0
0
0
0
4095
4095
0
0
0
0
0
0
4095
0
0
0
0
0
0
0
4095
4095
0
0
0
0
0
0
4095
0
0
0
0
0
0
0
4095
4095
0
0
0
0
0
0
4095
0
0
0
0
0
0
0
4095
4095
0
0
0
0
0
0
4095
0
0
0
0
0
0
0
4095
4095
0
0
0
0
0
0
4095
0
0
0
0
0
0
0
4095
4095
0
0
0
0
0
0
4095
0
0
0
0
0
0
0
4095
4095
0
0
0
0
0
0
4095
0
0
0
0
0
0
0
4095
4095
0
0
0
0
0
0
4095
0
0
0
0
0
0
0
4095
4095
0
0
0
0
0
0
4095
0
0
0
0
0
0
0
4095
4095
0
0
0
0
0
0
4095
0
0
0
0
0
0
0
4095
4095
0
0
0
0
0
0
4095
0
0
0
0
0
0
0
4095
4095
0
0
0
0
0
0
4095
0
0
0
0
0
0
0
4095
4095
0
0
0
0
0
0
4095
0
0
0
0
0
0
0
4095
4095
0
0
0
0
0
0
4095
0
0
0
0
0
0
0
4095
4095
0
0
0
0
0
0
4095
0
0
0
0
0
0
0
4095
4095
0
0
0
0
0
0
4095
0
0
0
0
0
0
0
4095
4095
0
0
0
0
0
0
4095
0
0
0
0
0
0
0
4095
4095
0
0
0
0
0
0
4095
0
0
0
0
0
0
0
4095
4095
0
0
0
0
0
0
4095
0
0
0
0
0
0
0
4095
4095
0
0
0
0
0
0
4095
0
0
0
0
0
0
0
4095
4095
0
0
0
0
0
0
4095
0
0
0
0
0
0
0
4095
4095
0
0
0
0
0
0
4095
0
0
0
0
0
0
0
4095
4095
0
0
0
0
0
0
4095
0
0
0
0
0
0
0
4095
4095
0
0
0
0
0
0
4095
0
0
0
0
0
0
0
4095
4095
0
0
0
0
0
0
4095
0
0
0
0
0
0
0
4095
4095
0
0
0
0
0
0
4095
0
0
0
0
0
0
0
4095
4095
0
0
0
0
0
0
4095
0
0
0
0
0
0
0
4095
4095
0
0
0
0
0
0
4095
0
0
0
0
0
0
0
4095
4095
0
0
0
0
0
0
4095
0
0
0
0
0
0
0
4095
4095
0
0
0
0
0
0
4095
0
0
0
0
0
0
0
4095
4095
0
0
0
0
0
0
4095
0
0
0
0
0
0
0
4095
4095
0
0
0
0
0
0
4095
0
0
0
0
0
0
0
4095
4095
0
0
0
0
0
0
4095
0
0
0
0
0
0
0
4095
4095
0
0
0
0
0
0
4095
0
0
0
0
0
0
0
4095
4095
0
0
0
0
0
0
4095
0
0
0
0
0
0
0
4095
4095
0
0
0
0
0
0
4095
0
0
0
0
0
0
0
4095
4095
0
0
0
0
0
0
4095
0
0
0
0
0
0
0
4095
4095
0
0
0
0
0
0
4095
0
0
0
0
0
0
0
4095
4095
0
0
0
0
0
0
4095
0
0
0
0
0
0
0
4095
4095
0
0
0
0
0
0
4095
0
0
0
0
0
0
0
4095
4095
0
0
0
0
0
0
4095
0
0
0
0
0
0
0
4095
4095
0
0
0
0
0
0
4095
0
0
0
0
0
0
0
4095
4095
0
0
0
0
0
0
4095
0
0
0
0
0
0
0
4095
4095
0
0
0
0
0
0
4095
0
0
0
0
0
0
0
4095
4095
0
0
0
0
0
0
4095
0
0
0
0
0
0
0
4095
4095
0
0
0
0
0
0
4095
0
0
0
0
0
0
0
4095
4095
0
0
0
0
0
0
4095
0
0
0
0
0
0
0
4095
4095
0
0
0
0
0
0
4095
0
0
0
0
0
0
0
4095
4095
0
0
0
0
0
0
4095
0
0
0
0
0
0
0
4095
4095
0
0
0
0
0
0
4095
0
0
0
0
0
0
0
4095
4095
0
0
0
0
0
0
4095
0
0
0
0
0
0
0
4095
4095
0
0
0
0
0
0
4095
0
0
0
0
0
0
0
4095
4095
0
0
0
0
0
0
4095
0
0
0
0
0
0
0
4095
4095
0
0
0
0
0
0
4095
0
0
0
0
0
0
0
4095
4095
0
0
0
0
0
0
4095
0
0
0
0
0
0
0
4095
4095
0
0
0
0
0
0
4095
0
0
0
0
0
0
0
4095
4095
0
0
0
0
0
0
4095
0
0
0
0
0
0
0
4095
4095
0
0
0
0
0
0
4095
0
0
0
0
0
0
0
4095
4095
0
0
0
0
0
0
4095
0
0
0
0
0
0
0
4095
4095
0
0
0
0
0
0
4095
0
0
0
0
0
0
0
4095
4095
0
0
0
0
0
0
4095
0
0
0
0
0
0
0
4095
4095
0
0
0
0
0
0
4095
0
0
0
0
0
0
0
4095
4095
0
0
0
0
0
0
4095
0
0
0
0
0
0
0
4095
4095
0
0
0
0
0
0
4095
0
0
0
0
0
0
0
4095
4095
0
0
0
0
0
0
4095
0
0
0
0
0
0
0
4095
4095
0
0
0
0
0
0
4095
0
0
0
0
0
0
0
4095
4095
0
0
0
0
0
0
4095
0
0
0
0
0
0
0
4095
4095
0
0
0
0
0
0
4095
0
0
0
0
0
0
0
4095
4095
0
0
0
0
0
0
4095
0
0
0
0
0
0
0
4095
4095
0
0
0
0
0
0
4095
0
0
0
0
0
0
0
4095
4095
0
0
0
0
0
0
4095
0
0
0
0
0
0
0
4095
4095
0
0
0
0
0
0
4095
0
0
0
0
0
0
0
4095
4095
0
0
0
0
0
0
4095
0
0
0
0
0
0
0
4095
4095
0
0
0
0
0
0
4095
0
0
0
0
0
0
0
4095
4095
0
0
0
0
0
0
4095
0
0
0
0
0
0
0
4095
4095
0
0
0
0
0
0
4095
0
0
0
0
0
0
0
4095
4095
0
0
0
0
0
0
4095
0
0
0
0
0
0
0
4095
4095
0
0
0
0
0
0
4095
0
0
0
0
0
0
0
4095
4095
0
0
0
0
0
0
4095
0
0
0
0
0
0
0
4095
4095
0
0
0
0
0
0
4095
0
0
0
0
0
0
0
4095
4095
0
0
0
0
0
0
4095
0
0
0
0
0
0
0
4095
4095
0
0
0
0
0
0
4095
0
0
0
0
0
0
0
4095
4095
0
0
0
0
0
0
4095
0
0
0
0
0
0
0
4095
4095
0
0
0
0
0
0
4095
0
0
0
0
0
0
0
4095
4095
0
0
0
0
0
0
4095
0
0
0
0
0
0
0
4095
4095
0
0
0
0
0
0
4095
0
0
0
0
0
0
0
4095
4095
0
0
0
0
0
0
4095
0
0
0
0
0
0
0
4095
4095
0
0
0
0
0
0
4095
0
0
0
0
0
0
0
4095
4095
0
0
0
0
0
0
4095
0
0
0
0
0
0
0
4095
4095
0
0
0
0
0
0
4095
0
0
0
0
0
0
0
4095
4095
0
0
0
0
0
0
4095
0
0
0
0
0
0
0
4095
4095
0
0
0
0
0
0
4095
0
0
0
0
0
0
0
4095
4095
0
0
0
0
0
0
4095
0
0
0
0
0
0
0
4095
4095
0
0
0
0
0
0
4095
0
0
0
0
0
0
0
4095
4095
0
0
0
0
0
0
4095
0
0
0
0
0
0
0
4095
4095
0
0
0
0
0
0
4095
0
0
0
0
0
0
0
4095
4095
0
0
0
0
0
0
4095
0
0
0
0
0
0
0
4095
4095
0
0
0
0
0
0
4095
0
0
0
0
0
0
0
4095
4095
0
0
0
0
0
0
4095
0
0
0
0
0
0
0
4095
4095
0
0
0
0
0
0
4095
0
0
0
0
0
0
0
4095
4095
0
0
0
0
0
0
4095
0
0
0
0
0
0
0
4095
4095
0
0
0
0
0
0
4095
0
0
0
0
0
0
0
4095
4095
0
0
0
0
0
0
4095
0
0
0
0
0
0
0
4095
4095
0
0
0
0
0
0
4095
0
0
0
0
0
0
0
4095
4095
0
0
0
0
0
0
4095
0
0
0
0
0
0
0
4095
4095
0
0
0
0
0
0
4095
0
0
0
0
0
0
0
4095
4095
0
0
0
0
0
0
4095
0
0
0
0
0
0
0
4095
4095
0
0
0
0
0
0
4095
0
0
0
0
0
0
0
4095
4095
0
0
0
0
0
0
4095
0
0
0
0
0
0
0
4095
4095
0
0
0
0
0
0
4095
0
0
0
0
0
0
0
4095
4095
0
0
0
0
0
0
4095
0
0
0
0
0
0
0
4095
4095
0
0
0
0
0
0
4095
0
0
0
0
0
0
0
4095
4095
0
0
0
0
0
0
4095
0
0
0
0
0
0
0
4095
4095
0
0
0
0
0
0
4095
0
0
0
0
0
0
0
4095
4095
0
0
0
0
0
0
4095
0
0
0
0
0
0
0
4095
4095
0
0
0
0
0
0
4095
0
0
0
0
0
0
0
4095
4095
0
0
0
0
0
0
4095
0
0
0
0
0
0
0
4095
4095
0
0
0
0
0
0
4095
0
0
0
0
0
0
0
4095
4095
0
0
0
0
0
0
4095
0
0
0
0
0
0
0
4095
4095
0
0
0
0
0
0
4095
0
0
0
0
0
0
0
4095
4095
0
0
0
0
0
0
4095
0
0
0
0
0
0
0
4095
4095
0
0
0
0
0
0
4095
0
0
0
0
0
0
0
4095
4095
0
0
0
0
0
0
4095
0
0
0
0
0
0
0
4095
4095
0
0
0
0
0
0
4095
0
0
0
0
0
0
0
4095
4095
0
0
0
0
0
0
4095
0
0
0
0
0
0
0
4095
4095
0
0
0
0
0
0
4095
0
0
0
0
0
0
0
4095
4095
0
0
0
0
0
0
4095
0
0
0
0
0
0
0
4095
4095
0
0
0
0
0
0
4095
0
0
0
0
0
0
0
4095
4095
0
0
0
0
0
0
4095
0
0
0
0
0
0
0
4095
4095
0
0
0
0
0
0
4095
0
0
0
0
0
0
0
4095
4095
0
0
0
0
0
0
4095
0
0
0
0
0
0
0
4095
4095
0
0
0
0
0
0
4095
0
0
0
0
0
0
0
4095
4095
0
0
0
0
0
0
4095
0
0
0
0
0
0
0
4095
4095
0
0
0
0
0
0
4095
0
0
0
0
0
0
0
4095
4095
0
0
0
0
0
0
4095
0
0
0
0
0
0
0
4095
4095
0
0
0
0
0
0
4095
0
0
0
0
0
0
0
4095
4095
0
0
0
0
0
0
4095
0
0
0
0
0
0
0
4095
4095
0
0
0
0
0
0
4095
0
0
0
0
0
0
0
4095
4095
0
0
0
0
0
0
4095
0
0
0
0
0
0
0
4095
4095
0
0
0
0
0
0
4095
0
0
0
0
0
0
0
4095
4095
0
0
0
0
0
0
4095
0
0
0
0
0
0
0
4095
4095
0
0
0
0
0
0
4095
0
0
0
0
0
0
0
4095
4095
0
0
0
0
0
0
4095
0
0
0
0
0
0
0
4095
4095
0
0
0
0
0
0
4095
0
0
0
0
0
0
0
4095
4095
0
0
0
0
0
0
4095
0
0
0
0
0
0
0
4095
4095
0
0
0
0
0
0
4095
0
0
0
0
0
0
0
4095
4095
0
0
0
0
0
0
4095
0
0
0
0
0
0
0
4095
4095
0
0
0
0
0
0
4095
0
0
0
0
0
0
0
4095
4095
0
0
0
0
0
0
4095
0
0
0
0
0
0
0
4095
4095
0
0
0
0
0
0
4095
0
0
0
0
0
0
0
4095
4095
0
0
0
0
0
0
4095
0
0
0
0
0
0
0
4095
4095
0
0
0
0
0
0
4095
0
0
0
0
0
0
0
4095
4095
0
0
0
0
0
0
4095
0
0
0
0
0
0
0
4095
4095
0
0
0
0
0
0
4095
0
0
0
0
0
0
0
4095
4095
0
0
0
0
0
0
4095
0
0
0
0
0
0
0
4095
4095
0
0
0
0
0
0
4095
0
0
0
0
0
0
0
4095
4095
0
0
0
0
0
0
4095
0
0
0
0
0
0
0
4095
4095
0
0
0
0
0
0
4095
0
0
0
0
0
0
0
4095
4095
0
0
0
0
0
0
4095
0
0
0
0
0
0
0
4095
4095
0
0
0
0
0
0
4095
0
0
0
0
0
0
0
4095
4095
0
0
0
0
0
0
4095
0
0
0
0
0
0
0
4095
4095
0
0
0
0
0
0
4095
0
0
0
0
0
0
0
4095
4095
0
0
0
0
0
0
4095
0
0
0
0
0
0
0
4095
4095
0
0
0
0
0
0
4095
0
0
0
0
0
0
0
4095
4095
0
0
0
0
0
0
4095
0
0
0
0
0
0
0
4095
4095
0
0
0
0
0
0
4095
0
0
0
0
0
0
0
4095
4095
0
0
0
0
0
0
4095
0
0
0
0
0
0
0
4095
4095
0
0
0
0
0
0
4095
0
0
0
0
0
0
0
4095
4095
0
0
0
0
0
0
4095
0
0
0
0
0
0
0
4095
4095
0
0
0
0
0
0
4095
0
0
0
0
0
0
0
4095
4095
0
0
0
0
0
0
4095
0
0
0
0
0
0
0
4095
4095
0
0
0
0
0
0
4095
0
0
0
0
0
0
0
4095
4095
0
0
0
0
0
0
4095
0
0
0
0
0
0
0
4095
4095
0
0
0
0
0
0
4095
0
0
0
0
0
0
0
4095
4095
0
0
0
0
0
0
4095
0
0
0
0
0
0
0
4095
4095
0
0
0
0
0
0
4095
0
0
0
0
0
0
0
4095
4095
0
0
0
0
0
0
4095
0
0
0
0
0
0
0
4095
4095
0
0
0
0
0
0
4095
0
0
0
0
0
0
0
4095
4095
0
0
0
0
0
0
4095
0
0
0
0
0
0
0
4095
4095
0
0
0
0
0
0
4095
0
0
0
0
0
0
0
4095
4095
0
0
0
0
0
0
4095
0
0
0
0
0
0
0
4095
4095
0
0
0
0
0
0
4095
0
0
0
0
0
0
0
4095
4095
0
0
0
0
0
0
4095
0
0
0
0
0
0
0
4095
4095
0
0
0
0
0
0
4095
0
0
0
0
0
0
0
4095
4095
0
0
0
0
0
0
4095
0
0
0
0
0
0
0
4095
4095
0
0
0
0
0
0
4095
0
0
0
0
0
0
0
4095
4095
0
0
0
0
0
0
4095
0
0
0
0
0
0
0
4095
4095
0
0
0
0
0
0
4095
0
0
0
0
0
0
0
4095
4095
0
0
0
0
0
0
4095
0
0
0
0
0
0
0
4095
4095
0
0
0
0
0
0
4095
0
0
0
0
0
0
0
4095
4095
0
0
0
0
0
0
4095
0
0
0
0
0
0
0
4095
4095
0
0
0
0
0
0
4095
0
0
0
0
0
0
0
4095
4095
0
0
0
0
0
0
4095
0
0
0
0
0
0
0
4095
4095
0
0
0
0
0
0
4095
0
0
0
0
0
0
0
4095
4095
0
0
0
0
0
0
4095
0
0
0
0
0
0
0
4095
4095
0
0
0
0
0
0
4095
0
0
0
0
0
0
0
4095
4095
0
0
0
0
0
0
4095
0
0
0
0
0
0
0
4095
4095
0
0
0
0
0
0
4095
0
0
0
0
0
0
0
4095
4095
0
0
0
0
0
0
4095
0
0
0
0
0
0
0
4095
4095
0
0
0
0
0
0
4095
0
0
0
0
0
0
0
4095
4095
0
0
0
0
0
0
4095
0
0
0
0
0
0
0
4095
4095
0
0
0
0
0
0
4095
0
0
0
0
0
0
0
4095
4095
0
0
0
0
0
0
4095
0
0
0
0
0
0
0
4095
4095
0
0
0
0
0
0
4095
0
0
0
0
0
0
0
4095
4095
0
0
0
0
0
0
4095
0
0
0
0
0
0
0
4095
4095
0
0
0
0
0
0
4095
0
0
0
0
0
0
0
4095
4095
0
0
0
0
0
0
4095
0
0
0
0
0
0
0
4095
4095
0
0
0
0
0
0
4095
0
0
0
0
0
0
0
4095
4095
0
0
0
0
0
0
4095
0
0
0
0
0
0
0
4095
4095
0
0
0
0
0
0
4095
0
0
0
0
0
0
0
4095
4095
0
0
0
0
0
0
4095
0
0
0
0
0
0
0
4095
4095
0
0
0
0
0
0
4095
0
0
0
0
0
0
0
4095
4095
0
0
0
0
0
0
4095
0
0
0
0
0
0
0
4095
4095
0
0
0
0
0
0
4095
0
0
0
0
0
0
0
4095
4095
0
0
0
0
0
0
4095
0
0
0
0
0
0
0
4095
4095
0
0
0
0
0
0
4095
0
0
0
0
0
0
0
4095
4095
0
0
0
0
0
0
4095
0
0
0
0
0
0
0
4095
4095
0
0
0
0
0
0
4095
0
0
0
0
0
0
0
4095
4095
0
0
0
0
0
0
4095
0
0
0
0
0
0
0
4095
4095
0
0
0
0
0
0
4095
0
0
0
0
0
0
0
4095
4095
0
0
0
0
0
0
4095
0
0
0
0
0
0
0
4095
4095
0
0
0
0
0
0
4095
0
0
0
0
0
0
0
4095
4095
0
0
0
0
0
0
4095
0
0
0
0
0
0
0
4095
4095
0
0
0
0
0
0
4095
0
0
0
0
0
0
0
4095
4095
0
0
0
0
0
0
4095
0
0
0
0
0
0
0
4095
4095
0
0
0
0
0
0
4095
0
0
0
0
0
0
0
4095
4095
0
0
0
0
0
0
4095
0
0
0
0
0
0
0
4095
4095
0
0
0
0
0
0
4095
0
0
0
0
0
0
0
4095
4095
0
0
0
0
0
0
4095
0
0
0
0
0
0
0
4095
4095
0
0
0
0
0
0
4095
0
0
0
0
0
0
0
4095
4095
0
0
0
0
0
0
4095
0
0
0
0
0
0
0
4095
4095
0
0
0
0
0
0
4095
0
0
0
0
0
0
0
4095
4095
0
0
0
0
0
0
4095
0
0
0
0
0
0
0
4095
4095
0
0
0
0
0
0
4095
0
0
0
0
0
0
0
4095
4095
0
0
0
0
0
0
4095
0
0
0
0
0
0
0
4095
4095
0
0
0
0
0
0
4095
0
0
0
0
0
0
0
4095
4095
0
0
0
0
0
0
4095
0
0
0
0
0
0
0
4095
4095
0
0
0
0
0
0
4095
0
0
0
0
0
0
0
4095
4095
0
0
0
0
0
0
4095
0
0
0
0
0
0
0
4095
4095
0
0
0
0
0
0
4095
0
0
0
0
0
0
0
4095
4095
0
0
0
0
0
0
4095
0
0
0
0
0
0
0
4095
4095
0
0
0
0
0
0
4095
0
0
0
0
0
0
0
4095
4095
0
0
0
0
0
0
4095
0
0
0
0
0
0
0
4095
4095
0
0
0
0
0
0
4095
0
0
0
0
0
0
0
4095
4095
0
0
0
0
0
0
4095
0
0
0
0
0
0
0
4095
4095
0
0
0
0
0
0
4095
0
0
0
0
0
0
0
4095
4095
0
0
0
0
0
0
4095
0
0
0
0
0
0
0
4095
4095
0
0
0
0
0
0
4095
0
0
0
0
0
0
0
4095
4095
0
0
0
0
0
0
4095
0
0
0
0
0
0
0
4095
4095
0
0
0
0
0
0
4095
0
0
0
0
0
0
0
4095
4095
0
0
0
0
0
0
4095
0
0
0
0
0
0
0
4095
4095
0
0
0
0
0
0
4095
0
0
0
0
0
0
0
4095
4095
0
0
0
0
0
0
4095
0
0
0
0
0
0
0
4095
4095
0
0
0
0
0
0
4095
0
0
0
0
0
0
0
4095
4095
0
0
0
0
0
0
4095
0
0
0
0
0
0
0
4095
4095
0
0
0
0
0
0
4095
0
0
0
0
0
0
0
4095
4095
0
0
0
0
0
0
4095
0
0
0
0
0
0
0
4095
4095
0
0
0
0
0
0
4095
0
0
0
0
0
0
0
4095
4095
0
0
0
0
0
0
4095
0
0
0
0
0
0
0
4095
4095
0
0
0
0
0
0
4095
0
0
0
0
0
0
0
4095
4095
0
0
0
0
0
0
4095
0
0
0
0
0
0
0
4095
4095
0
0
0
0
0
0
4095
0
0
0
0
0
0
0
4095
4095
0
0
0
0
0
0
4095
0
0
0
0
0
0
0
4095
4095
0
0
0
0
0
0
4095
0
0
0
0
0
0
0
4095
4095
0
0
0
0
0
0
4095
0
0
0
0
0
0
0
4095
4095
0
0
0
0
0
0
4095
0
0
0
0
0
0
0
4095
4095
0
0
0
0
0
0
4095
0
0
0
0
0
0
0
4095
4095
0
0
0
0
0
0
4095
0
0
0
0
0
0
0
4095
4095
0
0
0
0
0
0
4095
0
0
0
0
0
0
0
4095
4095
0
0
0
0
0
0
4095
0
0
0
0
0
0
0
4095
4095
0
0
0
0
0
0
4095
0
0
0
0
0
0
0
4095
4095
0
0
0
0
0
0
4095
0
0
0
0
0
0
0
4095
4095
0
0
0
0
0
0
4095
0
0
0
0
0
0
0
4095
4095
0
0
0
0
0
0
4095
0
0
0
0
0
0
0
4095
4095
0
0
0
0
0
0
4095
0
0
0
0
0
0
0
4095
4095
0
0
0
0
0
0
4095
0
0
0
0
0
0
0
4095
4095
0
0
0
0
0
0
4095
0
0
0
0
0
0
0
4095
4095
0
0
0
0
0
0
4095
0
0
0
0
0
0
0
4095
4095
0
0
0
0
0
0
4095
0
0
0
0
0
0
0
4095
4095
0
0
0
0
0
0
4095
0
0
0
0
0
0
0
4095
4095
0
0
0
0
0
0
4095
0
0
0
0
0
0
0
4095
4095
0
0
0
0
0
0
4095
0
0
0
0
0
0
0
4095
4095
0
0
0
0
0
0
4095
0
0
0
0
0
0
0
4095
4095
0
0
0
0
0
0
4095
0
0
0
0
0
0
0
4095
4095
0
0
0
0
0
0
4095
0
0
0
0
0
0
0
4095
4095
0
0
0
0
0
0
4095
0
0
0
0
0
0
0
4095
4095
0
0
0
0
0
0
4095
0
0
0
0
0
0
0
4095
4095
0
0
0
0
0
0
4095
0
0
0
0
0
0
0
4095
4095
0
0
0
0
0
0
4095
0
0
0
0
0
0
0
4095
4095
0
0
0
0
0
0
4095
0
0
0
0
0
0
0
4095
4095
0
0
0
0
0
0
4095
0
0
0
0
0
0
0
4095
4095
0
0
0
0
0
0
4095
0
0
0
0
0
0
0
4095
4095
0
0
0
0
0
0
4095
0
0
0
0
0
0
0
4095
4095
0
0
0
0
0
0
4095
0
0
0
0
0
0
0
4095
4095
0
0
0
0
0
0
4095
0
0
0
0
0
0
0
4095
4095
0
0
0
0
0
0
4095
0
0
0
0
0
0
0
4095
4095
0
0
0
0
0
0
4095
0
0
0
0
0
0
0
4095
4095
0
0
0
0
0
0
4095
0
0
0
0
0
0
0
4095
4095
0
0
0
0
0
0
4095
0
0
0
0
0
0
0
4095
4095
0
0
0
0
0
0
