0
4095
0
0
0
0
0
0
0
4095
0
0
0
0
0
0
0
4095
0
0
0
0
0
0
0
4095
0
0
0
0
0
0
0
4095
0
0
0
0
0
0
0
4095
0
0
0
0
0
0
0
4095
0
0
0
0
0
0
0
4095
0
0
0
0
0
0
0
4095
0
0
0
0
0
0
0
4095
0
0
0
0
0
0
0
4095
0
0
0
0
0
0
0
4095
0
0
0
0
0
0
0
4095
0
0
0
0
0
0
0
4095
0
0
0
0
0
0
0
4095
0
0
0
0
0
0
0
4095
0
0
0
0
0
0
0
4095
0
0
0
0
0
0
0
4095
0
0
0
0
0
0
0
4095
0
0
0
0
0
0
0
4095
0
0
0
0
0
0
0
4095
0
0
0
0
0
0
0
4095
0
0
0
0
0
0
0
4095
0
0
0
0
0
0
4093
4093
0
0
0
0
0
0
20
4070
0
0
0
0
0
0
44
4049
0
0
0
0
0
0
43
4047
0
0
0
0
0
0
56
4036
0
0
0
0
0
0
68
4026
0
0
0
0
0
0
59
4033
0
0
0
0
0
0
70
4023
0
0
0
0
0
0
75
4020
0
0
0
0
0
0
57
4030
0
0
0
0
0
0
95
4001
0
0
0
0
0
0
84
4014
0
0
0
0
0
0
42
4042
0
0
0
0
0
0
91
4006
0
0
0
0
0
0
69
4027
0
0
0
0
0
0
33
4045
0
0
0
0
0
0
122
3980
0
0
0
0
0
0
81
4015
0
0
0
0
0
0
40
4035
0
0
0
0
0
0
157
3949
0
0
0
0
0
0
83
4013
0
0
0
0
0
0
31
4040
0
0
0
0
0
0
175
3939
0
0
0
0
0
0
63
4034
0
0
0
0
0
0
4
4062
0
0
0
0
0
0
189
3933
0
0
0
0
0
0
29
4062
0
0
0
0
0
0
4089
4067
0
0
0
0
0
0
226
3906
0
0
0
0
0
0
3
4081
0
0
0
0
0
0
0
4057
0
0
0
0
0
0
262
3883
0
0
0
0
0
0
4060
18
0
0
0
0
0
0
4086
4066
0
0
0
0
0
0
278
3874
0
0
0
0
0
0
4014
52
0
0
0
0
0
0
8
4047
0
0
0
0
0
0
315
3850
0
0
0
0
0
0
3964
91
0
0
0
0
0
0
22
4036
0
0
0
0
0
0
330
3846
0
0
0
0
0
0
3896
141
0
0
0
0
0
0
54
4010
0
0
0
0
0
0
345
3842
0
0
0
0
0
0
3836
184
0
0
0
0
0
0
103
3968
0
0
0
0
0
0
367
3826
0
0
0
0
0
0
3794
208
0
0
0
0
0
0
178
3907
0
0
0
0
0
0
379
3827
0
0
0
0
0
0
3712
271
0
0
0
0
0
0
218
3879
0
0
0
0
0
0
361
3842
0
0
0
0
0
0
3673
288
0
0
0
0
0
0
334
3786
0
0
0
0
0
0
353
3855
0
0
0
0
0
0
3605
331
0
0
0
0
0
0
428
3714
0
0
0
0
0
0
321
3884
0
0
0
0
0
0
3559
358
0
0
0
0
0
0
526
3643
0
0
0
0
0
0
265
3934
0
0
0
0
0
0
3509
392
0
0
0
0
0
0
604
3593
0
0
0
0
0
0
176
4008
0
0
0
0
0
0
3477
404
0
0
0
0
0
0
726
3502
0
0
0
0
0
0
99
4068
0
0
0
0
0
0
3467
400
0
0
0
0
0
0
840
3424
0
0
0
0
0
0
4081
60
0
0
0
0
0
0
3476
378
0
0
0
0
0
0
972
3328
0
0
0
0
0
0
3977
140
0
0
0
0
0
0
3495
357
0
0
0
0
0
0
1061
3278
0
0
0
0
0
0
3809
271
0
0
0
0
0
0
3532
317
0
0
0
0
0
0
1158
3214
0
0
0
0
0
0
3672
368
0
0
0
0
0
0
3614
242
0
0
0
0
0
0
1248
3161
0
0
0
0
0
0
3497
500
0
0
0
0
0
0
3693
177
0
0
0
0
0
0
1305
3134
0
0
0
0
0
0
3318
629
0
0
0
0
0
0
3810
80
0
0
0
0
0
0
1356
3111
0
0
0
0
0
0
3139
754
0
0
0
0
0
0
3968
4046
0
0
0
0
0
0
1392
3098
0
0
0
0
0
0
2965
874
0
0
0
0
0
0
46
3913
0
0
0
0
0
0
1380
3128
0
0
0
0
0
0
2780
1002
0
0
0
0
0
0
233
3766
0
0
0
0
0
0
1359
3157
0
0
0
0
0
0
2634
1091
0
0
0
0
0
0
473
3584
0
0
0
0
0
0
1287
3231
0
0
0
0
0
0
2471
1198
0
0
0
0
0
0
700
3415
0
0
0
0
0
0
1187
3323
0
0
0
0
0
0
2331
1286
0
0
0
0
0
0
943
3239
0
0
0
0
0
0
1040
3450
0
0
0
0
0
0
2221
1343
0
0
0
0
0
0
1215
3040
0
0
0
0
0
0
876
3584
0
0
0
0
0
0
2153
1367
0
0
0
0
0
0
1497
2835
0
0
0
0
0
0
683
3740
0
0
0
0
0
0
2102
1387
0
0
0
0
0
0
1739
2674
0
0
0
0
0
0
417
3954
0
0
0
0
0
0
2085
1372
0
0
0
0
0
0
2016
2482
0
0
0
0
0
0
142
69
0
0
0
0
0
0
2126
1314
0
0
0
0
0
0
2274
2305
0
0
0
0
0
0
3944
291
0
0
0
0
0
0
2208
1227
0
0
0
0
0
0
2498
2163
0
0
0
0
0
0
3611
540
0
0
0
0
0
0
2340
1101
0
0
0
0
0
0
2718
2024
0
0
0
0
0
0
3255
805
0
0
0
0
0
0
2507
953
0
0
0
0
0
0
2889
1923
0
0
0
0
0
0
2897
1062
0
0
0
0
0
0
2746
750
0
0
0
0
0
0
3022
1856
0
0
0
0
0
0
2511
1342
0
0
0
0
0
0
3002
542
0
0
0
0
0
0
3101
1833
0
0
0
0
0
0
2128
1610
0
0
0
0
0
0
3337
275
0
0
0
0
0
0
3137
1843
0
0
0
0
0
0
1757
1868
0
0
0
0
0
0
3691
4094
0
0
0
0
0
0
3119
1890
0
0
0
0
0
0
1402
2107
0
0
0
0
0
0
6
3777
0
0
0
0
0
0
3049
1975
0
0
0
0
0
0
1082
2315
0
0
0
0
0
0
451
3439
0
0
0
0
0
0
2918
2109
0
0
0
0
0
0
777
2510
0
0
0
0
0
0
911
3100
0
0
0
0
0
0
2696
2313
0
0
0
0
0
0
508
2675
0
0
0
0
0
0
1399
2738
0
0
0
0
0
0
2444
2530
0
0
0
0
0
0
303
2789
0
0
0
0
0
0
1891
2388
0
0
0
0
0
0
2095
2825
0
0
0
0
0
0
128
2879
0
0
0
0
0
0
2389
2035
0
0
0
0
0
0
1703
3140
0
0
0
0
0
0
49
2891
0
0
0
0
0
0
2895
1678
0
0
0
0
0
0
1263
3488
0
0
0
0
0
0
28
2860
0
0
0
0
0
0
3380
1347
0
0
0
0
0
0
757
3882
0
0
0
0
0
0
83
2772
0
0
0
0
0
0
3828
1050
0
0
0
0
0
0
200
215
0
0
0
0
0
0
203
2639
0
0
0
0
0
0
142
784
0
0
0
0
0
0
3708
655
0
0
0
0
0
0
419
2430
0
0
0
0
0
0
524
539
0
0
0
0
0
0
3111
1090
0
0
0
0
0
0
740
2136
0
0
0
0
0
0
883
315
0
0
0
0
0
0
2488
1544
0
0
0
0
0
0
1111
1822
0
0
0
0
0
0
1120
192
0
0
0
0
0
0
1840
2009
0
0
0
0
0
0
1566
1447
0
0
0
0
0
0
1293
119
0
0
0
0
0
0
1194
2467
0
0
0
0
0
0
2084
1031
0
0
0
0
0
0
1375
119
0
0
0
0
0
0
553
2915
0
0
0
0
0
0
2673
568
0
0
0
0
0
0
1373
181
0
0
0
0
0
0
4043
3329
0
0
0
0
0
0
3327
63
0
0
0
0
0
0
1275
313
0
0
0
0
0
0
3477
3707
0
0
0
0
0
0
4026
3629
0
0
0
0
0
0
1072
522
0
0
0
0
0
0
2974
4027
0
0
0
0
0
0
693
3055
0
0
0
0
0
0
789
789
0
0
0
0
0
0
2525
209
0
0
0
0
0
0
1471
2479
0
0
0
0
0
0
407
1124
0
0
0
0
0
0
2162
415
0
0
0
0
0
0
2272
1895
0
0
0
0
0
0
4014
1539
0
0
0
0
0
0
1875
566
0
0
0
0
0
0
3066
1331
0
0
0
0
0
0
3415
2034
0
0
0
0
0
0
1661
662
0
0
0
0
0
0
3835
800
0
0
0
0
0
0
2703
2609
0
0
0
0
0
0
1556
669
0
0
0
0
0
0
509
261
0
0
0
0
0
0
1984
3167
0
0
0
0
0
0
1607
555
0
0
0
0
0
0
1244
3858
0
0
0
0
0
0
1162
3802
0
0
0
0
0
0
1748
377
0
0
0
0
0
0
1925
3405
0
0
0
0
0
0
292
362
0
0
0
0
0
0
2029
94
0
0
0
0
0
0
2547
3002
0
0
0
0
0
0
3491
1026
0
0
0
0
0
0
2428
3822
0
0
0
0
0
0
3071
2683
0
0
0
0
0
0
2533
1733
0
0
0
0
0
0
2928
3386
0
0
0
0
0
0
3494
2446
0
0
0
0
0
0
1558
2439
0
0
0
0
0
0
3550
2862
0
0
0
0
0
0
3826
2274
0
0
0
0
0
0
612
3111
0
0
0
0
0
0
188
2263
0
0
0
0
0
0
4032
2203
0
0
0
0
0
0
3768
3771
0
0
0
0
0
0
1008
1613
0
0
0
0
0
0
4088
2253
0
0
0
0
0
0
2839
320
0
0
0
0
0
0
1915
905
0
0
0
0
0
0
4020
2392
0
0
0
0
0
0
1973
907
0
0
0
0
0
0
2898
150
0
0
0
0
0
0
3822
2625
0
0
0
0
0
0
1196
1415
0
0
0
0
0
0
3947
3457
0
0
0
0
0
0
3456
2986
0
0
0
0
0
0
477
1877
0
0
0
0
0
0
935
2652
0
0
0
0
0
0
2970
3425
0
0
0
0
0
0
3986
2229
0
0
0
0
0
0
2068
1822
0
0
0
0
0
0
3793
1283
0
0
0
0
0
0
3504
2496
0
0
0
0
0
0
1531
2843
0
0
0
0
0
0
3063
1887
0
0
0
0
0
0
311
1097
0
0
0
0
0
0
2692
2006
0
0
0
0
0
0
3984
2351
0
0
0
0
0
0
116
1143
0
0
0
0
0
0
2469
2087
0
0
0
0
0
0
2998
3134
0
0
0
0
0
0
3941
1432
0
0
0
0
0
0
3510
1374
0
0
0
0
0
0
3746
2245
0
0
0
0
0
0
4050
1249
0
0
0
0
0
0
1092
61
0
0
0
0
0
0
2597
3125
0
0
0
0
0
0
450
736
0
0
0
0
0
0
1985
3574
0
0
0
0
0
0
1439
3985
0
0
0
0
0
0
876
324
0
0
0
0
0
0
2792
3064
0
0
0
0
0
0
153
847
0
0
0
0
0
0
1461
3894
0
0
0
0
0
0
4075
3770
0
0
0
0
0
0
2315
714
0
0
0
0
0
0
1920
3134
0
0
0
0
0
0
129
2542
0
0
0
0
0
0
3796
258
0
0
0
0
0
0
2931
2521
0
0
0
0
0
0
39
2773
0
0
0
0
0
0
2500
1401
0
0
0
0
0
0
1382
40
0
0
0
0
0
0
1823
1253
0
0
0
0
0
0
233
3228
0
0
0
0
0
0
3075
2720
0
0
0
0
0
0
1498
1677
0
0
0
0
0
0
3317
3878
0
0
0
0
0
0
110
1859
0
0
0
0
0
0
1407
1852
0
0
0
0
0
0
2165
566
0
0
0
0
0
0
1452
835
0
0
0
0
0
0
1056
2230
0
0
0
0
0
0
1166
1215
0
0
0
0
0
0
2855
3876
0
0
0
0
0
0
550
2717
0
0
0
0
0
0
3749
684
0
0
0
0
0
0
175
2831
0
0
0
0
0
0
107
3486
0
0
0
0
0
0
1579
3786
0
0
0
0
0
0
2158
2811
0
0
0
0
0
0
945
2352
0
0
0
0
0
0
888
89
0
0
0
0
0
0
1787
2183
0
0
0
0
0
0
1510
1486
0
0
0
0
0
0
1657
3284
0
0
0
0
0
0
2220
2111
0
0
0
0
0
0
3206
3806
0
0
0
0
0
0
1067
3671
0
0
0
0
0
0
631
97
0
0
0
0
0
0
1770
865
0
0
0
0
0
0
1438
3193
0
0
0
0
0
0
1908
3330
0
0
0
0
0
0
491
1832
0
0
0
0
0
0
1634
2919
0
0
0
0
0
0
3172
2475
0
0
0
0
0
0
3086
2978
0
0
0
0
0
0
2026
2503
0
0
0
0
0
0
160
1776
0
0
0
0
0
0
1515
61
0
0
0
0
0
0
2625
1938
0
0
0
0
0
0
1738
2277
0
0
0
0
0
0
4002
1250
0
0
0
0
0
0
3155
1092
0
0
0
0
0
0
3976
3227
0
0
0
0
0
0
1881
1363
0
0
0
0
0
0
2458
2108
0
0
0
0
0
0
630
2794
0
0
0
0
0
0
2116
2083
0
0
0
0
0
0
2030
2862
0
0
0
0
0
0
3979
3689
0
0
0
0
0
0
1543
2251
0
0
0
0
0
0
475
432
0
0
0
0
0
0
452
3336
0
0
0
0
0
0
2983
274
0
0
0
0
0
0
2055
3265
0
0
0
0
0
0
54
3846
0
0
0
0
0
0
1585
1215
0
0
0
0
0
0
3497
2168
0
0
0
0
0
0
3932
50
0
0
0
0
0
0
230
2127
0
0
0
0
0
0
1056
912
0
0
0
0
0
0
3444
555
0
0
0
0
0
0
3128
2906
0
0
0
0
0
0
2694
1076
0
0
0
0
0
0
1359
4052
0
0
0
0
0
0
1126
3976
0
0
0
0
0
0
2918
3177
0
0
0
0
0
0
3450
1352
0
0
0
0
0
0
3570
381
0
0
0
0
0
0
1322
1852
0
0
0
0
0
0
3952
864
0
0
0
0
0
0
629
347
0
0
0
0
0
0
576
1660
0
0
0
0
0
0
1565
1593
0
0
0
0
0
0
2037
3194
0
0
0
0
0
0
1780
650
0
0
0
0
0
0
492
313
0
0
0
0
0
0
1896
2393
0
0
0
0
0
0
968
3830
0
0
0
0
0
0
1601
1844
0
0
0
0
0
0
2412
2095
0
0
0
0
0
0
3816
3347
0
0
0
0
0
0
82
2230
0
0
0
0
0
0
323
1364
0
0
0
0
0
0
1812
492
0
0
0
0
0
0
2525
621
0
0
0
0
0
0
1704
1044
0
0
0
0
0
0
2385
2820
0
0
0
0
0
0
2459
991
0
0
0
0
0
0
846
984
0
0
0
0
0
0
2307
3509
0
0
0
0
0
0
1302
2755
0
0
0
0
0
0
1490
3210
0
0
0
0
0
0
2765
2022
0
0
0
0
0
0
1340
525
0
0
0
0
0
0
3512
1838
0
0
0
0
0
0
1599
1683
0
0
0
0
0
0
507
392
0
0
0
0
0
0
2352
2848
0
0
0
0
0
0
1261
275
0
0
0
0
0
0
2712
1244
0
0
0
0
0
0
2429
3232
0
0
0
0
0
0
3666
2225
0
0
0
0
0
0
1232
1893
0
0
0
0
0
0
2397
3657
0
0
0
0
0
0
3236
159
0
0
0
0
0
0
787
465
0
0
0
0
0
0
364
498
0
0
0
0
0
0
2789
1981
0
0
0
0
0
0
3508
3647
0
0
0
0
0
0
4057
3302
0
0
0
0
0
0
228
981
0
0
0
0
0
0
443
2729
0
0
0
0
0
0
3526
1489
0
0
0
0
0
0
1864
764
0
0
0
0
0
0
3712
59
0
0
0
0
0
0
3443
2974
0
0
0
0
0
0
2720
1464
0
0
0
0
0
0
3584
3706
0
0
0
0
0
0
579
887
0
0
0
0
0
0
1741
2699
0
0
0
0
0
0
1019
1314
0
0
0
0
0
0
546
4051
0
0
0
0
0
0
1205
2056
0
0
0
0
0
0
253
1938
0
0
0
0
0
0
1983
3593
0
0
0
0
0
0
1270
1752
0
0
0
0
0
0
1591
2232
0
0
0
0
0
0
3280
3301
0
0
0
0
0
0
3928
3176
0
0
0
0
0
0
2791
2959
0
0
0
0
0
0
3385
3491
0
0
0
0
0
0
2695
1475
0
0
0
0
0
0
2614
2098
0
0
0
0
0
0
3089
3769
0
0
0
0
0
0
2084
2728
0
0
0
0
0
0
1219
146
0
0
0
0
0
0
2465
2755
0
0
0
0
0
0
851
3940
0
0
0
0
0
0
1039
321
0
0
0
0
0
0
339
24
0
0
0
0
0
0
700
3969
0
0
0
0
0
0
2539
1551
0
0
0
0
0
0
1744
3352
0
0
0
0
0
0
3018
2097
0
0
0
0
0
0
1367
560
0
0
0
0
0
0
897
2780
0
0
0
0
0
0
3832
1601
0
0
0
0
0
0
270
2211
0
0
0
0
0
0
280
1919
0
0
0
0
0
0
1584
2083
0
0
0
0
0
0
2872
3730
0
0
0
0
0
0
51
1007
0
0
0
0
0
0
2915
3924
0
0
0
0
0
0
3001
3786
0
0
0
0
0
0
1304
2528
0
0
0
0
0
0
2821
66
0
0
0
0
0
0
704
2071
0
0
0
0
0
0
393
3148
0
0
0
0
0
0
2497
188
0
0
0
0
0
0
2967
161
0
0
0
0
0
0
3034
502
0
0
0
0
0
0
1316
2274
0
0
0
0
0
0
427
2484
0
0
0
0
0
0
3166
3804
0
0
0
0
0
0
3506
56
0
0
0
0
0
0
281
3426
0
0
0
0
0
0
3136
532
0
0
0
0
0
0
3623
3371
0
0
0
0
0
0
2008
1011
0
0
0
0
0
0
4020
700
0
0
0
0
0
0
3444
952
0
0
0
0
0
0
82
248
0
0
0
0
0
0
554
1185
0
0
0
0
0
0
3105
2824
0
0
0
0
0
0
1554
243
0
0
0
0
0
0
2159
3839
0
0
0
0
0
0
871
1845
0
0
0
0
0
0
2091
638
0
0
0
0
0
0
2062
3325
0
0
0
0
0
0
822
3276
0
0
0
0
0
0
365
2166
0
0
0
0
0
0
2954
1620
0
0
0
0
0
0
1550
418
0
0
0
0
0
0
3814
3413
0
0
0
0
0
0
3971
1037
0
0
0
0
0
0
1932
2781
0
0
0
0
0
0
1177
3141
0
0
0
0
0
0
1199
3999
0
0
0
0
0
0
1533
3282
0
0
0
0
0
0
4050
572
0
0
0
0
0
0
2567
513
0
0
0
0
0
0
491
3907
0
0
0
0
0
0
2452
3018
0
0
0
0
0
0
2098
3063
0
0
0
0
0
0
2426
3482
0
0
0
0
0
0
1168
2691
0
0
0
0
0
0
3529
214
0
0
0
0
0
0
3606
2770
0
0
0
0
0
0
3751
2777
0
0
0
0
0
0
2674
3696
0
0
0
0
0
0
2979
3300
0
0
0
0
0
0
3772
1767
0
0
0
0
0
0
2456
2999
0
0
0
0
0
0
300
104
0
0
0
0
0
0
3793
2806
0
0
0
0
0
0
2549
3144
0
0
0
0
0
0
1420
541
0
0
0
0
0
0
2947
3524
0
0
0
0
0
0
2141
3175
0
0
0
0
0
0
1971
1277
0
0
0
0
0
0
1331
1970
0
0
0
0
0
0
1401
724
0
0
0
0
0
0
881
3608
0
0
0
0
0
0
2373
498
0
0
0
0
0
0
723
3131
0
0
0
0
0
0
3896
1236
0
0
0
0
0
0
301
3381
0
0
0
0
0
0
2922
3919
0
0
0
0
0
0
602
2326
0
0
0
0
0
0
2451
3971
0
0
0
0
0
0
2472
1787
0
0
0
0
0
0
399
2333
0
0
0
0
0
0
599
1211
0
0
0
0
0
0
852
1193
0
0
0
0
0
0
1653
157
0
0
0
0
0
0
1295
465
0
0
0
0
0
0
527
2101
0
0
0
0
0
0
1450
4033
0
0
0
0
0
0
4085
3702
0
0
0
0
0
0
1617
2464
0
0
0
0
0
0
1823
668
0
0
0
0
0
0
1538
3528
0
0
0
0
0
0
1408
306
0
0
0
0
0
0
2892
2672
0
0
0
0
0
0
2369
2561
0
0
0
0
0
0
1009
2330
0
0
0
0
0
0
2915
3137
0
0
0
0
0
0
1048
2746
0
0
0
0
0
0
2025
3303
0
0
0
0
0
0
1182
433
0
0
0
0
0
0
482
2565
0
0
0
0
0
0
2954
1470
0
0
0
0
0
0
1368
4049
0
0
0
0
0
0
933
78
0
0
0
0
0
0
1998
3885
0
0
0
0
0
0
666
3160
0
0
0
0
0
0
3394
339
0
0
0
0
0
0
3452
2923
0
0
0
0
0
0
3638
2869
0
0
0
0
0
0
2657
3715
0
0
0
0
0
0
3009
3289
0
0
0
0
0
0
3640
1862
0
0
0
0
0
0
2542
2924
0
0
0
0
0
0
2260
521
0
0
0
0
0
0
3728
380
0
0
0
0
0
0
3986
1661
0
0
0
0
0
0
1450
2158
0
0
0
0
0
0
2833
3378
0
0
0
0
0
0
609
354
0
0
0
0
0
0
410
2775
0
0
0
0
0
0
2363
1080
0
0
0
0
0
0
3287
599
0
0
0
0
0
0
3170
3925
0
0
0
0
0
0
2696
625
0
0
0
0
0
0
489
3111
0
0
0
0
0
0
1781
3333
0
0
0
0
0
0
3703
17
0
0
0
0
0
0
2179
598
0
0
0
0
0
0
2200
829
0
0
0
0
0
0
1723
468
0
0
0
0
0
0
3555
854
0
0
0
0
0
0
721
3714
0
0
0
0
0
0
532
1185
0
0
0
0
0
0
1037
734
0
0
0
0
0
0
1453
335
0
0
0
0
0
0
1138
667
0
0
0
0
0
0
1084
1699
0
0
0
0
0
0
1584
1097
0
0
0
0
0
0
1947
3383
0
0
0
0
0
0
1047
3144
0
0
0
0
0
0
166
954
0
0
0
0
0
0
535
614
0
0
0
0
0
0
15
2226
0
0
0
0
0
0
1221
1813
0
0
0
0
0
0
993
3633
0
0
0
0
0
0
1408
477
0
0
0
0
0
0
2360
629
0
0
0
0
0
0
3694
1298
0
0
0
0
0
0
1546
3867
0
0
0
0
0
0
551
3777
0
0
0
0
0
0
2563
2016
0
0
0
0
0
0
624
3325
0
0
0
0
0
0
914
46
0
0
0
0
0
0
2400
2675
0
0
0
0
0
0
1658
1970
0
0
0
0
0
0
666
2983
0
0
0
0
0
0
874
2912
0
0
0
0
0
0
297
2215
0
0
0
0
0
0
2644
3923
0
0
0
0
0
0
1711
1968
0
0
0
0
0
0
2100
270
0
0
0
0
0
0
3815
1236
0
0
0
0
0
0
2399
3111
0
0
0
0
0
0
991
2743
0
0
0
0
0
0
2403
3978
0
0
0
0
0
0
1069
273
0
0
0
0
0
0
344
3582
0
0
0
0
0
0
3588
2369
0
0
0
0
0
0
905
404
0
0
0
0
0
0
1475
1896
0
0
0
0
0
0
2844
3903
0
0
0
0
0
0
170
2942
0
0
0
0
0
0
3461
4054
0
0
0
0
0
0
2455
1452
0
0
0
0
0
0
301
3513
0
0
0
0
0
0
2355
3931
0
0
0
0
0
0
481
3649
0
0
0
0
0
0
733
2296
0
0
0
0
0
0
3615
1886
0
0
0
0
0
0
692
3679
0
0
0
0
0
0
2124
3066
0
0
0
0
0
0
101
374
0
0
0
0
0
0
3382
4089
0
0
0
0
0
0
368
1889
0
0
0
0
0
0
964
670
0
0
0
0
0
0
1038
1896
0
0
0
0
0
0
3287
742
0
0
0
0
0
0
3943
3725
0
0
0
0
0
0
1879
1789
0
0
0
0
0
0
3400
972
0
0
0
0
0
0
800
1887
0
0
0
0
0
0
3146
195
0
0
0
0
0
0
2672
2291
0
0
0
0
0
0
2257
2931
0
0
0
0
0
0
687
103
0
0
0
0
0
0
815
2176
0
0
0
0
0
0
1985
479
0
0
0
0
0
0
3688
693
0
0
0
0
0
0
2964
2744
0
0
0
0
0
0
3147
1203
0
0
0
0
0
0
3967
2787
0
0
0
0
0
0
2257
2131
0
0
0
0
0
0
3325
1356
0
0
0
0
0
0
3620
2034
0
0
0
0
0
0
274
1009
0
0
0
0
0
0
3339
3872
0
0
0
0
0
0
1024
3999
0
0
0
0
0
0
1678
3529
0
0
0
0
0
0
1128
331
0
0
0
0
0
0
2651
1310
0
0
0
0
0
0
3133
735
0
0
0
0
0
0
2987
1223
0
0
0
0
0
0
380
516
0
0
0
0
0
0
2149
1041
0
0
0
0
0
0
865
1578
0
0
0
0
0
0
2439
3459
0
0
0
0
0
0
1466
3015
0
0
0
0
0
0
693
257
0
0
0
0
0
0
3587
2017
0
0
0
0
0
0
1737
762
0
0
0
0
0
0
1120
1309
0
0
0
0
0
0
1452
2078
0
0
0
0
0
0
877
3979
0
0
0
0
0
0
349
1675
0
0
0
0
0
0
1630
835
0
0
0
0
0
0
2216
166
0
0
0
0
0
0
2053
3233
0
0
0
0
0
0
608
3607
0
0
0
0
0
0
2490
587
0
0
0
0
0
0
1934
3005
0
0
0
0
0
0
3390
1636
0
0
0
0
0
0
550
11
0
0
0
0
0
0
879
2182
0
0
0
0
0
0
2834
2916
0
0
0
0
0
0
1352
1040
0
0
0
0
0
0
1624
1111
0
0
0
0
0
0
151
1722
0
0
0
0
0
0
1302
3421
0
0
0
0
0
0
3350
903
0
0
0
0
0
0
2468
2075
0
0
0
0
0
0
2516
3006
0
0
0
0
0
0
2577
3961
0
0
0
0
0
0
3750
449
0
0
0
0
0
0
2864
2872
0
0
0
0
0
0
2919
3247
0
0
0
0
0
0
748
3510
0
0
0
0
0
0
711
1351
0
0
0
0
0
0
1444
186
0
0
0
0
0
0
2030
2374
0
0
0
0
0
0
2155
1952
0
0
0
0
0
0
3977
1296
0
0
0
0
0
0
2869
1304
0
0
0
0
0
0
85
3058
0
0
0
0
0
0
1899
1349
0
0
0
0
0
0
2422
2148
0
0
0
0
0
0
557
2837
0
0
0
0
0
0
2207
1994
0
0
0
0
0
0
2181
2786
0
0
0
0
0
0
3602
3957
0
0
0
0
0
0
1790
2030
0
0
0
0
0
0
744
291
0
0
0
0
0
0
3875
3813
0
0
0
0
0
0
3456
3966
0
0
0
0
0
0
2372
3117
0
0
0
0
0
0
3169
448
0
0
0
0
0
0
2315
618
0
0
0
0
0
0
3769
2086
0
0
0
0
0
0
2678
932
0
0
0
0
0
0
1278
1286
0
0
0
0
0
0
1250
904
0
0
0
0
0
0
2003
1544
0
0
0
0
0
0
457
1782
0
0
0
0
0
0
2796
3869
0
0
0
0
0
0
1137
2296
0
0
0
0
0
0
3261
1071
0
0
0
0
0
0
191
2793
0
0
0
0
0
0
399
3271
0
0
0
0
0
0
1364
3960
0
0
0
0
0
0
2159
2807
0
0
0
0
0
0
996
2296
0
0
0
0
0
0
971
38
0
0
0
0
0
0
1693
2270
0
0
0
0
0
0
1368
1550
0
0
0
0
0
0
2069
2991
0
0
0
0
0
0
1963
2340
0
0
0
0
0
0
2932
3943
0
0
0
0
0
0
1809
3140
0
0
0
0
0
0
139
516
0
0
0
0
0
0
1434
1022
0
0
0
0
0
0
2476
2459
0
0
0
0
0
0
1116
3981
0
0
0
0
0
0
187
1935
0
0
0
0
0
0
2959
1990
0
0
0
0
0
0
2044
3379
0
0
0
0
0
0
2884
2980
0
0
0
0
0
0
3583
1430
0
0
0
0
0
0
2742
2967
0
0
0
0
0
0
1495
3997
0
0
0
0
0
0
263
762
0
0
0
0
0
0
3312
2648
0
0
0
0
0
0
153
875
0
0
0
0
0
0
1150
27
0
0
0
0
0
0
208
3582
0
0
0
0
0
0
2955
1797
0
0
0
0
0
0
1890
3170
0
0
0
0
0
0
1865
850
0
0
0
0
0
0
3908
150
0
0
0
0
0
0
1311
52
0
0
0
0
0
0
3720
3065
0
0
0
0
0
0
1999
1886
0
0
0
0
0
0
1680
3984
0
0
0
0
0
0
769
2073
0
0
0
0
0
0
731
2805
0
0
0
0
0
0
3318
2656
0
0
0
0
0
0
408
2455
0
0
0
0
0
0
4081
3255
0
0
0
0
0
0
419
1758
0
0
0
0
0
0
24
2824
0
0
0
0
0
0
3334
3725
0
0
0
0
0
0
1650
844
0
0
0
0
0
0
3539
3344
0
0
0
0
0
0
2723
4089
0
0
0
0
0
0
2860
4054
0
0
0
0
0
0
2840
3941
0
0
0
0
0
0
1628
3252
0
0
0
0
0
0
4018
3220
0
0
0
0
0
0
1680
3645
0
0
0
0
0
0
1334
3374
0
0
0
0
0
0
1160
2552
0
0
0
0
0
0
803
256
0
0
0
0
0
0
3808
2218
0
0
0
0
0
0
2211
1815
0
0
0
0
0
0
3085
1792
0
0
0
0
0
0
3808
2121
0
0
0
0
0
0
2487
2185
0
0
0
0
0
0
2089
2563
0
0
0
0
0
0
904
578
0
0
0
0
0
0
3330
1627
0
0
0
0
0
0
2637
3306
0
0
0
0
0
0
1173
293
0
0
0
0
0
0
2677
2060
0
0
0
0
0
0
1591
4091
0
0
0
0
0
0
1339
281
0
0
0
0
0
0
3304
1671
0
0
0
0
0
0
2360
3152
0
0
0
0
0
0
1827
3946
0
0
0
0
0
0
387
738
0
0
0
0
0
0
713
2799
0
0
0
0
0
0
2684
3198
0
0
0
0
0
0
1023
684
0
0
0
0
0
0
3885
3452
0
0
0
0
0
0
3221
2629
0
0
0
0
0
0
1267
582
0
0
0
0
0
0
1609
2968
0
0
0
0
0
0
3997
2004
0
0
0
0
0
0
2471
3614
0
0
0
0
0
0
757
3555
0
0
0
0
0
0
2799
3286
0
0
0
0
0
0
2469
3693
0
0
0
0
0
0
3206
805
0
0
0
0
0
0
3648
2632
0
0
0
0
0
0
2014
71
0
0
0
0
0
0
2498
1279
0
0
0
0
0
0
957
3154
0
0
0
0
0
0
1754
337
0
0
0
0
0
0
1590
1565
0
0
0
0
0
0
1836
2494
0
0
0
0
0
0
1546
677
0
0
0
0
0
0
1089
1875
0
0
0
0
0
0
4029
3017
0
0
0
0
0
0
1081
1086
0
0
0
0
0
0
1040
488
0
0
0
0
0
0
773
2411
0
0
0
0
0
0
2925
3033
0
0
0
0
0
0
3402
3316
0
0
0
0
0
0
1529
1856
0
0
0
0
0
0
1387
3054
0
0
0
0
0
0
3327
3280
0
0
0
0
0
0
3508
585
0
0
0
0
0
0
794
3522
0
0
0
0
0
0
1322
1456
0
0
0
0
0
0
116
102
0
0
0
0
0
0
964
489
0
0
0
0
0
0
3992
4060
0
0
0
0
0
0
3235
1158
0
0
0
0
0
0
1972
3240
0
0
0
0
0
0
2567
4068
0
0
0
0
0
0
511
3901
0
0
0
0
0
0
2463
2675
0
0
0
0
0
0
1496
964
0
0
0
0
0
0
3857
872
0
0
0
0
0
0
1296
3625
0
0
0
0
0
0
2963
3691
0
0
0
0
0
0
19
758
0
0
0
0
0
0
979
3784
0
0
0
0
0
0
3284
3417
0
0
0
0
0
0
445
470
0
0
0
0
0
0
280
199
0
0
0
0
0
0
3761
3018
0
0
0
0
0
0
630
392
0
0
0
0
0
0
3717
671
0
0
0
0
0
0
143
2633
0
0
0
0
0
0
733
371
0
0
0
0
0
0
3109
1097
0
0
0
0
0
0
682
2202
0
0
0
0
0
0
776
388
0
0
0
0
0
0
2571
1464
0
0
0
0
0
0
1253
1754
0
0
0
0
0
0
738
464
0
0
0
0
0
0
2082
1795
0
0
0
0
0
0
1820
1321
0
0
0
0
0
0
601
616
0
0
0
0
0
0
1648
2081
0
0
0
0
0
0
2396
885
0
0
0
0
0
0
406
804
0
0
0
0
0
0
1294
2308
0
0
0
0
0
0
2952
478
0
0
0
0
0
0
122
1059
0
0
0
0
0
0
997
2486
0
0
0
0
0
0
3517
59
0
0
0
0
0
0
3930
1302
0
0
0
0
0
0
805
2586
0
0
0
0
0
0
4044
3775
0
0
0
0
0
0
3559
1610
0
0
0
0
0
0
660
2650
0
0
0
0
0
0
456
3412
0
0
0
0
0
0
3171
1922
0
0
0
0
0
0
594
2659
0
0
0
0
0
0
905
3101
0
0
0
0
0
0
2742
2262
0
0
0
0
0
0
590
2623
0
0
0
0
0
0
1316
2818
0
0
0
0
0
0
2315
2591
0
0
0
0
0
0
661
2527
0
0
0
0
0
0
1691
2564
0
0
0
0
0
0
1880
2923
0
0
0
0
0
0
770
2416
0
0
0
0
0
0
1975
2386
0
0
0
0
0
0
1426
3267
0
0
0
0
0
0
930
2268
0
0
0
0
0
0
2214
2241
0
0
0
0
0
0
989
3592
0
0
0
0
0
0
1140
2083
0
0
0
0
0
0
2415
2119
0
0
0
0
0
0
594
3875
0
0
0
0
0
0
1404
1861
0
0
0
0
0
0
2555
2047
0
0
0
0
0
0
200
62
0
0
0
0
0
0
1691
1625
0
0
0
0
0
0
2640
2015
0
0
0
0
0
0
3939
315
0
0
0
0
0
0
1984
1394
0
0
0
0
0
0
2658
2036
0
0
0
0
0
0
3595
558
0
0
0
0
0
0
2295
1149
0
0
0
0
0
0
2643
2072
0
0
0
0
0
0
3333
728
0
0
0
0
0
0
2639
881
0
0
0
0
0
0
2592
2134
0
0
0
0
0
0
3090
889
0
0
0
0
0
0
2956
642
0
0
0
0
0
0
2484
2240
0
0
0
0
0
0
2884
1025
0
0
0
0
0
0
3256
423
0
0
0
0
0
0
2325
2383
0
0
0
0
0
0
2718
1125
0
0
0
0
0
0
3561
199
0
0
0
0
0
0
2162
2522
0
0
0
0
0
0
2605
1186
0
0
0
0
0
0
3850
4083
0
0
0
0
0
0
1975
2677
0
0
0
0
0
0
2529
1220
0
0
0
0
0
0
22
3891
0
0
0
0
0
0
1776
2835
0
0
0
0
0
0
2500
1221
0
0
0
0
0
0
253
3732
0
0
0
0
0
0
1545
3019
0
0
0
0
0
0
2500
1198
0
0
0
0
0
0
475
3579
0
0
0
0
0
0
1324
3193
0
0
0
0
0
0
2520
1170
0
0
0
0
0
0
634
3478
0
0
0
0
0
0
1085
3376
0
0
0
0
0
0
2577
1112
0
0
0
0
0
0
776
3387
0
0
0
0
0
0
870
3535
0
0
0
0
0
0
2677
1020
0
0
0
0
0
0
902
3307
0
0
0
0
0
0
669
3685
0
0
0
0
0
0
2773
937
0
0
0
0
0
0
981
3266
0
0
0
0
0
0
461
3839
0
0
0
0
0
0
2890
840
0
0
0
0
0
0
1034
3241
0
0
0
0
0
0
278
3970
0
0
0
0
0
0
3027
728
0
0
0
0
0
0
1068
3230
0
0
0
0
0
0
118
4079
0
0
0
0
0
0
3181
606
0
0
0
0
0
0
1078
3232
0
0
0
0
0
0
0
58
0
0
0
0
0
0
3345
473
0
0
0
0
0
0
1080
3238
0
0
0
0
0
0
3985
132
0
0
0
0
0
0
3490
362
0
0
0
0
0
0
1040
3282
0
0
0
0
0
0
3880
202
0
0
0
0
0
0
3626
263
0
0
0
0
0
0
972
3346
0
0
0
0
0
0
3795
256
0
0
0
0
0
0
3758
163
0
0
0
0
0
0
915
3393
0
0
0
0
0
0
3752
278
0
0
0
0
0
0
3875
80
0
0
0
0
0
0
830
3464
0
0
0
0
0
0
3715
297
0
0
0
0
0
0
3988
4095
0
0
0
0
0
0
749
3530
0
0
0
0
0
0
3698
303
0
0
0
0
0
0
4080
4031
0
0
0
0
0
0
657
3604
0
0
0
0
0
0
3690
301
0
0
0
0
0
0
61
3979
0
0
0
0
0
0
570
3671
0
0
0
0
0
0
3703
285
0
0
0
0
0
0
128
3934
0
0
0
0
0
0
489
3730
0
0
0
0
0
0
3738
252
0
0
0
0
0
0
184
3900
0
0
0
0
0
0
398
3801
0
0
0
0
0
0
3759
232
0
0
0
0
0
0
212
3886
0
0
0
0
0
0
320
3862
0
0
0
0
0
0
3791
208
0
0
0
0
0
0
222
3884
0
0
0
0
0
0
255
3907
0
0
0
0
0
0
3840
169
0
0
0
0
0
0
232
3886
0
0
0
0
0
0
179
3969
0
0
0
0
0
0
3857
158
0
0
0
0
0
0
228
3893
0
0
0
0
0
0
139
3994
0
0
0
0
0
0
3919
108
0
0
0
0
0
0
229
3897
0
0
0
0
0
0
94
4025
0
0
0
0
0
0
3965
73
0
0
0
0
0
0
220
3905
0
0
0
0
0
0
74
4034
0
0
0
0
0
0
4023
23
0
0
0
0
0
0
228
3895
0
0
0
0
0
0
75
4026
0
0
0
0
0
0
4068
4084
0
0
0
0
0
0
215
3907
0
0
0
0
0
0
56
4040
0
0
0
0
0
0
4090
4072
0
0
0
0
0
0
178
3939
0
0
0
0
0
0
41
4052
0
0
0
0
0
0
13
4061
0
0
0
0
0
0
149
3963
0
0
0
0
0
0
42
4049
0
0
0
0
0
0
35
4044
0
0
0
0
0
0
132
3976
0
0
0
0
0
0
44
4046
0
0
0
0
0
0
52
4033
0
0
0
0
0
0
113
3990
0
0
0
0
0
0
55
4035
0
0
0
0
0
0
63
4027
0
0
0
0
0
0
99
4002
0
0
0
0
0
0
51
4039
0
0
0
0
0
0
63
4028
0
0
0
0
0
0
81
4014
0
0
0
0
0
0
64
4025
0
0
0
0
0
0
87
4006
0
0
0
0
0
0
87
4008
0
0
0
0
0
0
70
4021
0
0
0
0
0
0
80
4013
0
0
0
0
0
0
82
4014
0
0
0
0
0
0
66
4025
0
0
0
0
0
0
77
4015
0
0
0
0
0
0
81
4015
0
0
0
0
0
0
68
4030
0
0
0
0
0
0
48
4049
0
0
0
0
0
0
31
4066
0
0
0
0
0
0
19
4077
0
0
0
0
0
0
11
4084
0
0
0
0
0
0
6
4089
0
0
0
0
0
0
4
4092
0
0
0
0
0
0
2
4093
0
0
0
0
0
0
1
4094
0
0
0
0
0
0
0
4095
0
0
0
0
0
0
0
4095
0
0
0
0
0
0
0
4095
0
0
0
0
0
0
0
4095
0
0
0
0
0
0
0
4095
0
0
0
0
0
0
0
4095
0
0
0
0
0
0
0
4095
0
0
0
0
0
0
0
4095
0
0
0
0
0
0
0
4095
0
0
0
0
0
0
0
4095
0
0
0
0
0
0
0
4095
0
0
0
0
0
0
0
4095
0
0
0
0
0
0
0
4095
0
0
0
0
0
0
0
4095
0
0
0
0
0
0
0
4095
0
0
0
0
0
0
0
4095
0
0
0
0
0
0
0
4095
0
0
0
0
0
0
0
4095
0
0
0
0
0
0
0
4095
0
0
0
0
0
0
0
4095
0
0
0
0
0
0
0
4095
0
0
0
0
0
0
0
4095
0
0
0
0
0
0
0
4095
0
0
0
0
0
0
0
4095
0
0
0
0
0
0
0
4095
0
0
0
0
0
0
0
4095
0
0
0
0
0
0
0
4095
0
0
0
0
0
0
0
4095
0
0
0
0
0
0
0
4095
0
0
0
0
0
0
0
4095
0
0
0
0
0
0
0
4095
0
0
0
0
0
0
0
4095
0
0
0
0
0
0
0
4095
0
0
0
0
0
0
0
4095
0
0
0
0
0
0
0
4095
0
0
0
0
0
0
0
4095
0
0
0
0
0
0
0
4095
0
0
0
0
0
0
0
4095
0
0
0
0
0
0
0
4095
0
0
0
0
0
0
0
4095
0
0
0
0
0
0
0
4095
0
0
0
0
0
0
0
4095
0
0
0
0
0
0
0
4095
0
0
0
0
0
0
0
4095
0
0
0
0
0
0
0
4095
0
0
0
0
0
0
0
4095
0
0
0
0
0
0
0
4095
0
0
0
0
0
0
0
4095
0
0
0
0
0
0
0
4095
0
0
0
0
0
0
0
4095
0
0
0
0
0
0
0
4095
0
0
0
0
0
0
0
4095
0
0
0
0
0
0
0
4095
0
0
0
0
0
0
0
4095
0
0
0
0
0
0
0
4095
0
0
0
0
0
0
0
4095
0
0
0
0
0
0
0
4095
0
0
0
0
0
0
0
4095
0
0
0
0
0
0
0
4095
0
0
0
0
0
0
0
4095
0
0
0
0
0
0
0
4095
0
0
0
0
0
0
0
4095
0
0
0
0
0
0
0
4095
0
0
0
0
0
0
0
4095
0
0
0
0
0
0
0
4095
0
0
0
0
0
0
0
4095
0
0
0
0
0
0
0
4095
0
0
0
0
0
0
0
4095
0
0
0
0
0
0
0
4095
0
0
0
0
0
0
0
4095
0
0
0
0
0
0
0
4095
0
0
0
0
0
0
0
4095
0
0
0
0
0
0
0
4095
0
0
0
0
0
0
0
4095
0
0
0
0
0
0
0
4095
0
0
0
0
0
0
0
4095
0
0
0
0
0
0
0
4095
0
0
0
0
0
0
0
4095
0
0
0
0
0
0
0
4095
0
0
0
0
0
0
0
4095
0
0
0
0
0
0
0
4095
0
0
0
0
0
0
0
4095
0
0
0
0
0
0
0
4095
0
0
0
0
0
0
0
4095
0
0
0
0
0
0
0
4095
0
0
0
0
0
0
0
4095
0
0
0
0
0
0
0
4095
0
0
0
0
0
0
0
4095
0
0
0
0
0
0
0
4095
0
0
0
0
0
0
0
4095
0
0
0
0
0
0
0
4095
0
0
0
0
0
0
0
4095
0
0
0
0
0
0
0
4095
0
0
0
0
0
0
0
4095
0
0
0
0
0
0
0
4095
0
0
0
0
0
0
0
4095
0
0
0
0
0
0
0
4095
0
0
0
0
0
0
0
4095
0
0
0
0
0
0
0
4095
0
0
0
0
0
0
0
4095
0
0
0
0
0
0
0
4095
0
0
0
0
0
0
0
4095
0
0
0
0
0
0
0
4095
0
0
0
0
0
0
0
4095
0
0
0
0
0
0
0
4095
0
0
0
0
0
0
0
4095
0
0
0
0
0
0
0
4095
0
0
0
0
0
0
0
4095
0
0
0
0
0
0
0
4095
0
0
0
0
0
0
0
4095
0
0
0
0
0
0
0
4095
0
0
0
0
0
0
0
4095
0
0
0
0
0
0
0
4095
0
0
0
0
0
0
0
4095
0
0
0
0
0
0
0
4095
0
0
0
0
0
0
0
4095
0
0
0
0
0
0
0
4095
0
0
0
0
0
0
0
4095
0
0
0
0
0
0
0
4095
0
0
0
0
0
0
0
4095
0
0
0
0
0
0
0
4095
0
0
0
0
0
0
0
4095
0
0
0
0
0
0
0
4095
0
0
0
0
0
0
0
4095
0
0
0
0
0
0
0
4095
0
0
0
0
0
0
0
4095
0
0
0
0
0
0
0
4095
0
0
0
0
0
0
0
4095
0
0
0
0
0
0
0
4095
0
0
0
0
0
0
0
4095
0
0
0
0
0
0
0
4095
0
0
0
0
0
0
0
4095
0
0
0
0
0
0
0
4095
0
0
0
0
0
0
0
4095
0
0
0
0
0
0
0
4095
0
0
0
0
0
0
0
4095
0
0
0
0
0
0
0
4095
0
0
0
0
0
0
0
4095
0
0
0
0
0
0
0
4095
0
0
0
0
0
0
0
4095
0
0
0
0
0
0
0
4095
0
0
0
0
0
0
0
4095
0
0
0
0
0
0
0
4095
0
0
0
0
0
0
0
4095
0
0
0
0
0
0
0
4095
0
0
0
0
0
0
0
4095
0
0
0
0
0
0
0
4095
0
0
0
0
0
0
0
4095
0
0
0
0
0
0
0
4095
0
0
0
0
0
0
0
4095
0
0
0
0
0
0
0
4095
0
0
0
0
0
0
0
4095
0
0
0
0
0
0
0
4095
0
0
0
0
0
0
0
4095
0
0
0
0
0
0
0
4095
0
0
0
0
0
0
0
4095
0
0
0
0
0
0
0
4095
0
0
0
0
0
0
0
4095
0
0
0
0
0
0
0
4095
0
0
0
0
0
0
0
4095
0
0
0
0
0
0
0
4095
0
0
0
0
0
0
0
4095
0
0
0
0
0
0
0
4095
0
0
0
0
0
0
0
4095
0
0
0
0
0
0
0
4095
0
0
0
0
0
0
0
4095
0
0
0
0
0
0
0
4095
0
0
0
0
0
0
0
4095
0
0
0
0
0
0
0
4095
0
0
0
0
0
0
0
4095
0
0
0
0
0
0
0
4095
0
0
0
0
0
0
0
4095
0
0
0
0
0
0
0
4095
0
0
0
0
0
0
0
4095
0
0
0
0
0
0
0
4095
0
0
0
0
0
0
0
4095
0
0
0
0
0
0
0
4095
0
0
0
0
0
0
0
4095
0
0
0
0
0
0
0
4095
0
0
0
0
0
0
0
4095
0
0
0
0
0
0
0
4095
0
0
0
0
0
0
0
4095
0
0
0
0
0
0
0
4095
0
0
0
0
0
0
0
4095
0
0
0
0
0
0
0
4095
0
0
0
0
0
0
0
4095
0
0
0
0
0
0
0
4095
0
0
0
0
0
0
0
4095
0
0
0
0
0
0
0
4095
0
0
0
0
0
0
0
4095
0
0
0
0
0
0
0
4095
0
0
0
0
0
0
0
4095
0
0
0
0
0
0
0
4095
0
0
0
0
0
0
0
4095
0
0
0
0
0
0
0
4095
0
0
0
0
0
0
0
4095
0
0
0
0
0
0
0
4095
0
0
0
0
0
0
0
4095
0
0
0
0
0
0
0
4095
0
0
0
0
0
0
0
4095
0
0
0
0
0
0
0
4095
0
0
0
0
0
0
0
4095
0
0
0
0
0
0
0
4095
0
0
0
0
0
0
0
4095
0
0
0
0
0
0
0
4095
0
0
0
0
0
0
0
4095
0
0
0
0
0
0
0
4095
0
0
0
0
0
0
0
4095
0
0
0
0
0
0
0
4095
0
0
0
0
0
0
0
4095
0
0
0
0
0
0
0
4095
0
0
0
0
0
0
0
4095
0
0
0
0
0
0
0
4095
0
0
0
0
0
0
0
4095
0
0
0
0
0
0
0
4095
0
0
0
0
0
0
0
4095
0
0
0
0
0
0
0
4095
0
0
0
0
0
0
0
4095
0
0
0
0
0
0
0
4095
0
0
0
0
0
0
0
4095
0
0
0
0
0
0
0
4095
0
0
0
0
0
0
0
4095
0
0
0
0
0
0
0
4095
0
0
0
0
0
0
0
4095
0
0
0
0
0
0
0
4095
0
0
0
0
0
0
0
4095
0
0
0
0
0
0
0
4095
0
0
0
0
0
0
0
4095
0
0
0
0
0
0
0
4095
0
0
0
0
0
0
0
4095
0
0
0
0
0
0
0
4095
0
0
0
0
0
0
0
4095
0
0
0
0
0
0
0
4095
0
0
0
0
0
0
0
4095
0
0
0
0
0
0
0
4095
0
0
0
0
0
0
0
4095
0
0
0
0
0
0
0
4095
0
0
0
0
0
0
0
4095
0
0
0
0
0
0
0
4095
0
0
0
0
0
0
0
4095
0
0
0
0
0
0
0
4095
0
0
0
0
0
0
0
4095
0
0
0
0
0
0
0
4095
0
0
0
0
0
0
0
4095
0
0
0
0
0
0
0
4095
0
0
0
0
0
0
0
4095
0
0
0
0
0
0
0
4095
0
0
0
0
0
0
0
4095
0
0
0
0
0
0
0
4095
0
0
0
0
0
0
0
4095
0
0
0
0
0
0
0
4095
0
0
0
0
0
0
0
4095
0
0
0
0
0
0
0
4095
0
0
0
0
0
0
0
4095
0
0
0
0
0
0
0
4095
0
0
0
0
0
0
0
4095
0
0
0
0
0
0
0
4095
0
0
0
0
0
0
0
4095
0
0
0
0
0
0
0
4095
0
0
0
0
0
0
0
4095
0
0
0
0
0
0
0
4095
0
0
0
0
0
0
0
4095
0
0
0
0
0
0
0
4095
0
0
0
0
0
0
0
4095
0
0
0
0
0
0
0
4095
0
0
0
0
0
0
0
4095
0
0
0
0
0
0
0
4095
0
0
0
0
0
0
0
4095
0
0
0
0
0
0
0
4095
0
0
0
0
0
0
0
4095
0
0
0
0
0
0
0
4095
0
0
0
0
0
0
0
4095
0
0
0
0
0
0
0
4095
0
0
0
0
0
0
0
4095
0
0
0
0
0
0
0
4095
0
0
0
0
0
0
0
4095
0
0
0
0
0
0
0
4095
0
0
0
0
0
0
0
4095
0
0
0
0
0
0
0
4095
0
0
0
0
0
0
0
4095
0
0
0
0
0
0
0
4095
0
0
0
0
0
0
0
4095
0
0
0
0
0
0
0
4095
0
0
0
0
0
0
0
4095
0
0
0
0
0
0
0
4095
0
0
0
0
0
0
0
4095
0
0
0
0
0
0
0
4095
0
0
0
0
0
0
0
4095
0
0
0
0
0
0
0
4095
0
0
0
0
0
0
0
4095
0
0
0
0
0
0
0
4095
0
0
0
0
0
0
0
4095
0
0
0
0
0
0
0
4095
0
0
0
0
0
0
0
4095
0
0
0
0
0
0
0
4095
0
0
0
0
0
0
0
4095
0
0
0
0
0
0
0
4095
0
0
0
0
0
0
0
4095
0
0
0
0
0
0
0
4095
0
0
0
0
0
0
0
4095
0
0
0
0
0
0
0
4095
0
0
0
0
0
0
0
4095
0
0
0
0
0
0
0
4095
0
0
0
0
0
0
0
4095
0
0
0
0
0
0
0
4095
0
0
0
0
0
0
0
4095
0
0
0
0
0
0
0
4095
0
0
0
0
0
0
0
4095
0
0
0
0
0
0
0
4095
0
0
0
0
0
0
0
4095
0
0
0
0
0
0
0
4095
0
0
0
0
0
0
0
4095
0
0
0
0
0
0
0
4095
0
0
0
0
0
0
0
4095
0
0
0
0
0
0
0
4095
0
0
0
0
0
0
0
4095
0
0
0
0
0
0
0
4095
0
0
0
0
0
0
0
4095
0
0
0
0
0
0
0
4095
0
0
0
0
0
0
0
4095
0
0
0
0
0
0
0
4095
0
0
0
0
0
0
0
4095
0
0
0
0
0
0
0
4095
0
0
0
0
0
0
0
4095
0
0
0
0
0
0
0
4095
0
0
0
0
0
0
0
4095
0
0
0
0
0
0
0
4095
0
0
0
0
0
0
0
4095
0
0
0
0
0
0
0
4095
0
0
0
0
0
0
0
4095
0
0
0
0
0
0
0
4095
0
0
0
0
0
0
0
4095
0
0
0
0
0
0
0
4095
0
0
0
0
0
0
0
4095
0
0
0
0
0
0
0
4095
0
0
0
0
0
0
0
4095
0
0
0
0
0
0
0
4095
0
0
0
0
0
0
0
4095
0
0
0
0
0
0
0
4095
0
0
0
0
0
0
0
4095
0
0
0
0
0
0
0
4095
0
0
0
0
0
0
0
4095
0
0
0
0
0
0
0
4095
0
0
0
0
0
0
0
4095
0
0
0
0
0
0
0
4095
0
0
0
0
0
0
0
4095
0
0
0
0
0
0
0
4095
0
0
0
0
0
0
0
4095
0
0
0
0
0
0
0
4095
0
0
0
0
0
0
0
4095
0
0
0
0
0
0
0
4095
0
0
0
0
0
0
0
4095
0
0
0
0
0
0
0
4095
0
0
0
0
0
0
0
4095
0
0
0
0
0
0
0
4095
0
0
0
0
0
0
0
4095
0
0
0
0
0
0
0
4095
0
0
0
0
0
0
0
4095
0
0
0
0
0
0
0
4095
0
0
0
0
0
0
0
4095
0
0
0
0
0
0
0
4095
0
0
0
0
0
0
0
4095
0
0
0
0
0
0
0
4095
0
0
0
0
0
0
0
4095
0
0
0
0
0
0
0
4095
0
0
0
0
0
0
0
4095
0
0
0
0
0
0
0
4095
0
0
0
0
0
0
0
4095
0
0
0
0
0
0
0
4095
0
0
0
0
0
0
0
4095
0
0
0
0
0
0
0
4095
0
0
0
0
0
0
0
4095
0
0
0
0
0
0
0
4095
0
0
0
0
0
0
0
4095
0
0
0
0
0
0
0
4095
0
0
0
0
0
0
0
4095
0
0
0
0
0
0
0
4095
0
0
0
0
0
0
0
4095
0
0
0
0
0
0
0
4095
0
0
0
0
0
0
0
4095
0
0
0
0
0
0
0
4095
0
0
0
0
0
0
0
4095
0
0
0
0
0
0
0
4095
0
0
0
0
0
0
0
4095
0
0
0
0
0
0
0
4095
0
0
0
0
0
0
0
4095
0
0
0
0
0
0
0
4095
0
0
0
0
0
0
0
4095
0
0
0
0
0
0
0
4095
0
0
0
0
0
0
0
4095
0
0
0
0
0
0
0
4095
0
0
0
0
0
0
0
4095
0
0
0
0
0
0
0
4095
0
0
0
0
0
0
0
4095
0
0
0
0
0
0
0
4095
0
0
0
0
0
0
0
4095
0
0
0
0
0
0
0
4095
0
0
0
0
0
0
0
4095
0
0
0
0
0
0
0
4095
0
0
0
0
0
0
0
4095
0
0
0
0
0
0
0
4095
0
0
0
0
0
0
0
4095
0
0
0
0
0
0
0
4095
0
0
0
0
0
0
0
4095
0
0
0
0
0
0
0
4095
0
0
0
0
0
0
0
4095
0
0
0
0
0
0
0
4095
0
0
0
0
0
0
0
4095
0
0
0
0
0
0
0
4095
0
0
0
0
0
0
0
4095
0
0
0
0
0
0
0
4095
0
0
0
0
0
0
0
4095
0
0
0
0
0
0
0
4095
0
0
0
0
0
0
0
4095
0
0
0
0
0
0
0
4095
0
0
0
0
0
0
0
4095
0
0
0
0
0
0
0
4095
0
0
0
0
0
0
0
4095
0
0
0
0
0
0
0
4095
0
0
0
0
0
0
0
4095
0
0
0
0
0
0
0
4095
0
0
0
0
0
0
0
4095
0
0
0
0
0
0
0
4095
0
0
0
0
0
0
0
4095
0
0
0
0
0
0
0
4095
0
0
0
0
0
0
0
4095
0
0
0
0
0
0
0
4095
0
0
0
0
0
0
0
4095
0
0
0
0
0
0
0
4095
0
0
0
0
0
0
0
4095
0
0
0
0
0
0
0
4095
0
0
0
0
0
0
0
4095
0
0
0
0
0
0
0
4095
0
0
0
0
0
0
0
4095
0
0
0
0
0
0
0
4095
0
0
0
0
0
0
0
4095
0
0
0
0
0
0
0
4095
0
0
0
0
0
0
0
4095
0
0
0
0
0
0
0
4095
0
0
0
0
0
0
0
4095
0
0
0
0
0
0
0
4095
0
0
0
0
0
0
0
4095
0
0
0
0
0
0
0
4095
0
0
0
0
0
0
0
4095
0
0
0
0
0
0
0
4095
0
0
0
0
0
0
0
4095
0
0
0
0
0
0
0
4095
0
0
0
0
0
0
0
4095
0
0
0
0
0
0
0
4095
0
0
0
0
0
0
0
4095
0
0
0
0
0
0
0
4095
0
0
0
0
0
0
0
4095
0
0
0
0
0
0
0
4095
0
0
0
0
0
0
0
4095
0
0
0
0
0
0
0
4095
0
0
0
0
0
0
0
4095
0
0
0
0
0
0
0
4095
0
0
0
0
0
0
0
4095
0
0
0
0
0
0
0
4095
0
0
0
0
0
0
0
4095
0
0
0
0
0
0
0
4095
0
0
0
0
0
0
0
4095
0
0
0
0
0
0
0
4095
0
0
0
0
0
0
0
4095
0
0
0
0
0
0
0
4095
0
0
0
0
0
0
0
4095
0
0
0
0
0
0
0
4095
0
0
0
0
0
0
0
4095
0
0
0
0
0
0
0
4095
0
0
0
0
0
0
0
4095
0
0
0
0
0
0
0
4095
0
0
0
0
0
0
0
4095
0
0
0
0
0
0
0
4095
0
0
0
0
0
0
0
4095
0
0
0
0
0
0
0
4095
0
0
0
0
0
0
0
4095
0
0
0
0
0
0
0
4095
0
0
0
0
0
0
0
4095
0
0
0
0
0
0
0
4095
0
0
0
0
0
0
0
4095
0
0
0
0
0
0
0
4095
0
0
0
0
0
0
0
4095
0
0
0
0
0
0
0
4095
0
0
0
0
0
0
0
4095
0
0
0
0
0
0
0
4095
0
0
0
0
0
0
0
4095
0
0
0
0
0
0
0
4095
0
0
0
0
0
0
0
4095
0
0
0
0
0
0
0
4095
0
0
0
0
0
0
0
4095
0
0
0
0
0
0
0
4095
0
0
0
0
0
0
0
4095
0
0
0
0
0
0
0
4095
0
0
0
0
0
0
0
4095
0
0
0
0
0
0
0
4095
0
0
0
0
0
0
0
4095
0
0
0
0
0
0
0
4095
0
0
0
0
0
0
0
4095
0
0
0
0
0
0
0
4095
0
0
0
0
0
0
0
4095
0
0
0
0
0
0
0
4095
0
0
0
0
0
0
0
4095
0
0
0
0
0
0
0
4095
0
0
0
0
0
0
0
4095
0
0
0
0
0
0
0
4095
0
0
0
0
0
0
0
4095
0
0
0
0
0
0
0
4095
0
0
0
0
0
0
0
4095
0
0
0
0
0
0
0
4095
0
0
0
0
0
0
0
4095
0
0
0
0
0
0
0
4095
0
0
0
0
0
0
0
4095
0
0
0
0
0
0
0
4095
0
0
0
0
0
0
0
4095
0
0
0
0
0
0
0
4095
0
0
0
0
0
0
0
4095
0
0
0
0
0
0
0
4095
0
0
0
0
0
0
0
4095
0
0
0
0
0
0
0
4095
0
0
0
0
0
0
0
4095
0
0
0
0
0
0
0
4095
0
0
0
0
0
0
0
4095
0
0
0
0
0
0
0
4095
0
0
0
0
0
0
0
4095
0
0
0
0
0
0
0
4095
0
0
0
0
0
0
0
4095
0
0
0
0
0
0
0
4095
0
0
0
0
0
0
0
4095
0
0
0
0
0
0
0
4095
0
0
0
0
0
0
0
4095
0
0
0
0
0
0
0
4095
0
0
0
0
0
0
0
4095
0
0
0
0
0
0
0
4095
0
0
0
0
0
0
0
4095
0
0
0
0
0
0
0
4095
0
0
0
0
0
0
0
4095
0
0
0
0
0
0
0
4095
0
0
0
0
0
0
0
4095
0
0
0
0
0
0
0
4095
0
0
0
0
0
0
0
4095
0
0
0
0
0
0
0
4095
0
0
0
0
0
0
0
4095
0
0
0
0
0
0
0
4095
0
0
0
0
0
0
0
4095
0
0
0
0
0
0
0
4095
0
0
0
0
0
0
0
4095
0
0
0
0
0
0
0
4095
0
0
0
0
0
0
0
4095
0
0
0
0
0
0
0
4095
0
0
0
0
0
0
0
4095
0
0
0
0
0
0
0
4095
0
0
0
0
0
0
0
4095
0
0
0
0
0
0
0
4095
0
0
0
0
0
0
0
4095
0
0
0
0
0
0
0
4095
0
0
0
0
0
0
0
4095
0
0
0
0
0
0
0
4095
0
0
0
0
0
0
0
4095
0
0
0
0
0
0
0
4095
0
0
0
0
0
0
0
4095
0
0
0
0
0
0
0
4095
0
0
0
0
0
0
0
4095
0
0
0
0
0
0
0
4095
0
0
0
0
0
0
0
4095
0
0
0
0
0
0
0
4095
0
0
0
0
0
0
0
4095
0
0
0
0
0
0
0
4095
0
0
0
0
0
0
0
4095
0
0
0
0
0
0
0
4095
0
0
0
0
0
0
0
4095
0
0
0
0
0
0
0
4095
0
0
0
0
0
0
0
4095
0
0
0
0
0
0
0
4095
0
0
0
0
0
0
0
4095
0
0
0
0
0
0
0
4095
0
0
0
0
0
0
0
4095
0
0
0
0
0
0
0
4095
0
0
0
0
0
0
0
4095
0
0
0
0
0
0
0
4095
0
0
0
0
0
0
0
4095
0
0
0
0
0
0
0
4095
0
0
0
0
0
0
0
4095
0
0
0
0
0
0
0
4095
0
0
0
0
0
0
0
4095
0
0
0
0
0
0
0
4095
0
0
0
0
0
0
0
4095
0
0
0
0
0
0
0
4095
0
0
0
0
0
0
0
4095
0
0
0
0
0
0
0
4095
0
0
0
0
0
0
0
4095
0
0
0
0
0
0
0
4095
0
0
0
0
0
0
0
4095
0
0
0
0
0
0
0
4095
0
0
0
0
0
0
0
4095
0
0
0
0
0
0
0
4095
0
0
0
0
0
0
0
4095
0
0
0
0
0
0
0
4095
0
0
0
0
0
0
0
4095
0
0
0
0
0
0
0
4095
0
0
0
0
0
0
0
4095
0
0
0
0
0
0
0
4095
0
0
0
0
0
0
0
4095
0
0
0
0
0
0
0
4095
0
0
0
0
0
0
0
4095
0
0
0
0
0
0
0
4095
0
0
0
0
0
0
0
4095
0
0
0
0
0
0
0
4095
0
0
0
0
0
0
0
4095
0
0
0
0
0
0
0
4095
0
0
0
0
0
0
0
4095
0
0
0
0
0
0
0
4095
0
0
0
0
0
0
0
4095
0
0
0
0
0
0
0
4095
0
0
0
0
0
0
0
4095
0
0
0
0
0
0
0
4095
0
0
0
0
0
0
0
4095
0
0
0
0
0
0
0
4095
0
0
0
0
0
0
0
4095
0
0
0
0
0
0
0
4095
0
0
0
0
0
0
0
4095
0
0
0
0
0
0
0
4095
0
0
0
0
0
0
0
4095
0
0
0
0
0
0
0
4095
0
0
0
0
0
0
0
4095
0
0
0
0
0
0
0
4095
0
0
0
0
0
0
0
4095
0
0
0
0
0
0
0
4095
0
0
0
0
0
0
0
4095
0
0
0
0
0
0
0
4095
0
0
0
0
0
0
0
4095
0
0
0
0
0
0
0
4095
0
0
0
0
0
0
0
4095
0
0
0
0
0
0
0
4095
0
0
0
0
0
0
0
4095
0
0
0
0
0
0
0
4095
0
0
0
0
0
0
0
4095
0
0
0
0
0
0
0
4095
0
0
0
0
0
0
0
4095
0
0
0
0
0
0
0
4095
0
0
0
0
0
0
0
4095
0
0
0
0
0
0
0
4095
0
0
0
0
0
0
0
4095
0
0
0
0
0
0
0
4095
0
0
0
0
0
0
0
4095
0
0
0
0
0
0
0
4095
0
0
0
0
0
0
0
4095
0
0
0
0
0
0
0
4095
0
0
0
0
0
0
0
4095
0
0
0
0
0
0
0
4095
0
0
0
0
0
0
0
4095
0
0
0
0
0
0
0
4095
0
0
0
0
0
0
0
4095
0
0
0
0
0
0
0
4095
0
0
0
0
0
0
0
4095
0
0
0
0
0
0
0
4095
0
0
0
0
0
0
0
4095
0
0
0
0
0
0
0
4095
0
0
0
0
0
0
0
4095
0
0
0
0
0
0
0
4095
0
0
0
0
0
0
0
4095
0
0
0
0
0
0
0
4095
0
0
0
0
0
0
0
4095
0
0
0
0
0
0
0
4095
0
0
0
0
0
0
0
4095
0
0
0
0
0
0
0
4095
0
0
0
0
0
0
0
4095
0
0
0
0
0
0
0
4095
0
0
0
0
0
0
0
4095
0
0
0
0
0
0
0
4095
0
0
0
0
0
0
0
4095
0
0
0
0
0
0
0
4095
0
0
0
0
0
0
0
4095
0
0
0
0
0
0
0
4095
0
0
0
0
0
0
0
4095
0
0
0
0
0
0
0
4095
0
0
0
0
0
0
0
4095
0
0
0
0
0
0
0
4095
0
0
0
0
0
0
0
4095
0
0
0
0
0
0
0
4095
0
0
0
0
0
0
0
4095
0
0
0
0
0
0
0
4095
0
0
0
0
0
0
0
4095
0
0
0
0
0
0
0
4095
0
0
0
0
0
0
0
4095
0
0
0
0
0
0
0
4095
0
0
0
0
0
0
0
4095
0
0
0
0
0
0
0
4095
0
0
0
0
0
0
0
4095
0
0
0
0
0
0
0
4095
0
0
0
0
0
0
0
4095
0
0
0
0
0
0
0
4095
0
0
0
0
0
0
0
4095
0
0
0
0
0
0
0
4095
0
0
0
0
0
0
0
4095
0
0
0
0
0
0
0
4095
0
0
0
0
0
0
0
4095
0
0
0
0
0
0
0
4095
0
0
0
0
0
0
0
4095
0
0
0
0
0
0
0
4095
0
0
0
0
0
0
0
4095
0
0
0
0
0
0
0
4095
0
0
0
0
0
0
0
4095
0
0
0
0
0
0
0
4095
0
0
0
0
0
0
0
4095
0
0
0
0
0
0
0
4095
0
0
0
0
0
0
0
4095
0
0
0
0
0
0
0
4095
0
0
0
0
0
0
0
4095
0
0
0
0
0
0
0
4095
0
0
0
0
0
0
0
4095
0
0
0
0
0
0
0
4095
0
0
0
0
0
0
0
4095
0
0
0
0
0
0
0
4095
0
0
0
0
0
0
0
4095
0
0
0
0
0
0
0
4095
0
0
0
0
0
0
0
4095
0
0
0
0
0
0
0
4095
0
0
0
0
0
0
0
4095
0
0
0
0
0
0
0
4095
0
0
0
0
0
0
0
4095
0
0
0
0
0
0
0
4095
0
0
0
0
0
0
0
4095
0
0
0
0
0
0
0
4095
0
0
0
0
0
0
0
4095
0
0
0
0
0
0
0
4095
0
0
0
0
0
0
0
4095
0
0
0
0
0
0
0
4095
0
0
0
0
0
0
0
4095
0
0
0
0
0
0
0
4095
0
0
0
0
0
0
0
4095
0
0
0
0
0
0
0
4095
0
0
0
0
0
0
0
4095
0
0
0
0
0
0
0
4095
0
0
0
0
0
0
0
4095
0
0
0
0
0
0
0
4095
0
0
0
0
0
0
0
4095
0
0
0
0
0
0
0
4095
0
0
0
0
0
0
0
4095
0
0
0
0
0
0
0
4095
0
0
0
0
0
0
0
4095
0
0
0
0
0
0
0
4095
0
0
0
0
0
0
0
4095
0
0
0
0
0
0
0
4095
0
0
0
0
0
0
0
4095
0
0
0
0
0
0
0
4095
0
0
0
0
0
0
0
4095
0
0
0
0
0
0
0
4095
0
0
0
0
0
0
0
4095
0
0
0
0
0
0
0
4095
0
0
0
0
0
0
0
4095
0
0
0
0
0
0
0
4095
0
0
0
0
0
0
0
4095
0
0
0
0
0
0
0
4095
0
0
0
0
0
0
0
4095
0
0
0
0
0
0
0
4095
0
0
0
0
0
0
0
4095
0
0
0
0
0
0
0
4095
0
0
0
0
0
0
0
4095
0
0
0
0
0
0
0
4095
0
0
0
0
0
0
0
4095
0
0
0
0
0
0
0
4095
0
0
0
0
0
0
0
4095
0
0
0
0
0
0
0
4095
0
0
0
0
0
0
0
4095
0
0
0
0
0
0
0
4095
0
0
0
0
0
0
0
4095
0
0
0
0
0
0
0
4095
0
0
0
0
0
0
0
4095
0
0
0
0
0
0
0
4095
0
0
0
0
0
0
0
4095
0
0
0
0
0
0
0
4095
0
0
0
0
0
0
0
4095
0
0
0
0
0
0
0
4095
0
0
0
0
0
0
0
4095
0
0
0
0
0
0
0
4095
0
0
0
0
0
0
0
4095
0
0
0
0
0
0
0
4095
0
0
0
0
0
0
0
4095
0
0
0
0
0
0
0
4095
0
0
0
0
0
0
0
4095
0
0
0
0
0
0
0
4095
0
0
0
0
0
0
0
4095
0
0
0
0
0
0
0
4095
0
0
0
0
0
0
0
4095
0
0
0
0
0
0
0
4095
0
0
0
0
0
0
0
4095
0
0
0
0
0
0
0
4095
0
0
0
0
0
0
0
4095
0
0
0
0
0
0
0
4095
0
0
0
0
0
0
0
4095
0
0
0
0
0
0
0
4095
0
0
0
0
0
0
0
4095
0
0
0
0
0
0
0
4095
0
0
0
0
0
0
0
4095
0
0
0
0
0
0
0
4095
0
0
0
0
0
0
0
4095
0
0
0
0
0
0
0
4095
0
0
0
0
0
0
0
4095
0
0
0
0
0
0
0
4095
0
0
0
0
0
0
0
4095
0
0
0
0
0
0
0
4095
0
0
0
0
0
0
0
4095
0
0
0
0
0
0
0
4095
0
0
0
0
0
0
0
4095
0
0
0
0
0
0
0
4095
0
0
0
0
0
0
0
4095
0
0
0
0
0
0
0
4095
0
0
0
0
0
0
0
4095
0
0
0
0
0
0
0
4095
0
0
0
0
0
0
0
4095
0
0
0
0
0
0
0
4095
0
0
0
0
0
0
0
4095
0
0
0
0
0
0
0
4095
0
0
0
0
0
0
0
4095
0
0
0
0
0
0
0
4095
0
0
0
0
0
0
0
4095
0
0
0
0
0
0
0
4095
0
0
0
0
0
0
0
4095
0
0
0
0
0
0
0
4095
0
0
0
0
0
0
0
4095
0
0
0
0
0
0
0
4095
0
0
0
0
0
0
0
4095
0
0
0
0
0
0
0
4095
0
0
0
0
0
0
0
4095
0
0
0
0
0
0
0
4095
0
0
0
0
0
0
0
4095
0
0
0
0
0
0
0
4095
0
0
0
0
0
0
0
4095
0
0
0
0
0
0
0
4095
0
0
0
0
0
0
0
4095
0
0
0
0
0
0
0
4095
0
0
0
0
0
0
0
4095
0
0
0
0
0
0
0
4095
0
0
0
0
0
0
0
4095
0
0
0
0
0
0
0
4095
0
0
0
0
0
0
0
4095
0
0
0
0
0
0
0
4095
0
0
0
0
0
0
0
4095
0
0
0
0
0
0
0
4095
0
0
0
0
0
0
0
4095
0
0
0
0
0
0
0
4095
0
0
0
0
0
0
0
4095
0
0
0
0
0
0
0
4095
0
0
0
0
0
0
0
4095
0
0
0
0
0
0
0
4095
0
0
0
0
0
0
0
4095
0
0
0
0
0
0
0
4095
0
0
0
0
0
0
0
4095
0
0
0
0
0
0
0
4095
0
0
0
0
0
0
0
4095
0
0
0
0
0
0
0
4095
0
0
0
0
0
0
0
4095
0
0
0
0
0
0
0
4095
0
0
0
0
0
0
0
4095
0
0
0
0
0
0
0
4095
0
0
0
0
0
0
0
4095
0
0
0
0
0
0
0
4095
0
0
0
0
0
0
0
4095
0
0
0
0
0
0
0
4095
0
0
0
0
0
0
0
4095
0
0
0
0
0
0
0
4095
0
0
0
0
0
0
0
4095
0
0
0
0
0
0
0
4095
0
0
0
0
0
0
0
4095
0
0
0
0
0
0
0
4095
0
0
0
0
0
0
0
4095
0
0
0
0
0
0
0
4095
0
0
0
0
0
0
0
4095
0
0
0
0
0
0
0
4095
0
0
0
0
0
0
0
4095
0
0
0
0
0
0
0
4095
0
0
0
0
0
0
0
4095
0
0
0
0
0
0
0
4095
0
0
0
0
0
0
0
4095
0
0
0
0
0
0
0
4095
0
0
0
0
0
0
0
4095
0
0
0
0
0
0
0
4095
0
0
0
0
0
0
0
4095
0
0
0
0
0
0
0
4095
0
0
0
0
0
0
0
4095
0
0
0
0
0
0
0
4095
0
0
0
0
0
0
0
4095
0
0
0
0
0
0
0
4095
0
0
0
0
0
0
0
4095
0
0
0
0
0
0
0
4095
0
0
0
0
0
0
0
4095
0
0
0
0
0
0
0
4095
0
0
0
0
0
0
0
4095
0
0
0
0
0
0
0
4095
0
0
0
0
0
0
0
4095
0
0
0
0
0
0
0
4095
0
0
0
0
0
0
0
4095
0
0
0
0
0
0
0
4095
0
0
0
0
0
0
0
4095
0
0
0
0
0
0
0
4095
0
0
0
0
0
0
0
4095
0
0
0
0
0
0
0
4095
0
0
0
0
0
0
0
4095
0
0
0
0
0
0
0
4095
0
0
0
0
0
0
0
4095
0
0
0
0
0
0
0
4095
0
0
0
0
0
0
0
4095
0
0
0
0
0
0
0
4095
0
0
0
0
0
0
0
4095
0
0
0
0
0
0
0
4095
0
0
0
0
0
0
0
4095
0
0
0
0
0
0
0
4095
0
0
0
0
0
0
0
4095
0
0
0
0
0
0
0
4095
0
0
0
0
0
0
0
4095
0
0
0
0
0
0
0
4095
0
0
0
0
0
0
0
4095
0
0
0
0
0
0
0
4095
0
0
0
0
0
0
0
4095
0
0
0
0
0
0
0
4095
0
0
0
0
0
0
0
4095
0
0
0
0
0
0
0
4095
0
0
0
0
0
0
0
4095
0
0
0
0
0
0
0
4095
0
0
0
0
0
0
0
4095
0
0
0
0
0
0
0
4095
0
0
0
0
0
0
0
4095
0
0
0
0
0
0
0
4095
0
0
0
0
0
0
0
4095
0
0
0
0
0
0
0
4095
0
0
0
0
0
0
0
4095
0
0
0
0
0
0
0
4095
0
0
0
0
0
0
0
4095
0
0
0
0
0
0
0
4095
0
0
0
0
0
0
0
4095
0
0
0
0
0
0
0
4095
0
0
0
0
0
0
0
4095
0
0
0
0
0
0
0
4095
0
0
0
0
0
0
0
4095
0
0
0
0
0
0
0
4095
0
0
0
0
0
0
0
4095
0
0
0
0
0
0
0
4095
0
0
0
0
0
0
0
4095
0
0
0
0
0
0
0
4095
0
0
0
0
0
0
0
4095
0
0
0
0
0
0
0
4095
0
0
0
0
0
0
0
4095
0
0
0
0
0
0
0
4095
0
0
0
0
0
0
0
4095
0
0
0
0
0
0
0
4095
0
0
0
0
0
0
0
4095
0
0
0
0
0
0
0
4095
0
0
0
0
0
0
0
4095
0
0
0
0
0
0
0
4095
0
0
0
0
0
0
0
4095
0
0
0
0
0
0
0
4095
0
0
0
0
0
0
0
4095
0
0
0
0
0
0
0
4095
0
0
0
0
0
0
0
4095
0
0
0
0
0
0
0
4095
0
0
0
0
0
0
0
4095
0
0
0
0
0
0
0
4095
0
0
0
0
0
0
0
4095
0
0
0
0
0
0
0
4095
0
0
0
0
0
0
0
4095
0
0
0
0
0
0
0
4095
0
0
0
0
0
0
0
4095
0
0
0
0
0
0
0
4095
0
0
0
0
0
0
0
4095
0
0
0
0
0
0
0
4095
0
0
0
0
0
0
0
4095
0
0
0
0
0
0
0
4095
0
0
0
0
0
0
0
4095
0
0
0
0
0
0
0
4095
0
0
0
0
0
0
0
4095
0
0
0
0
0
0
0
4095
0
0
0
0
0
0
0
4095
0
0
0
0
0
0
