4095
0
0
0
0
0
0
0
4095
0
0
0
0
0
0
0
4095
0
0
0
0
0
0
0
4095
0
0
0
0
0
0
0
4095
0
0
0
0
0
0
0
4095
0
0
0
0
0
0
0
4095
0
0
0
0
0
0
0
4095
0
0
0
0
0
0
0
4095
0
0
0
0
0
0
0
4095
0
0
0
0
0
0
0
4095
0
0
0
0
0
0
0
4095
0
0
0
0
0
0
0
4095
0
0
0
0
0
0
0
4095
0
0
0
0
0
0
0
4095
0
0
0
0
0
0
0
4095
0
0
0
0
0
0
0
4095
0
0
0
0
0
0
0
4095
0
0
0
0
0
0
0
4095
0
0
0
0
0
0
0
4095
0
0
0
0
0
0
0
4095
0
0
0
0
0
0
0
4095
0
0
0
0
0
0
0
4095
0
0
0
0
0
0
0
4094
4094
0
0
0
0
0
0
4093
4093
0
0
0
0
0
0
4094
4094
0
0
0
0
0
0
4095
4094
0
0
0
0
0
0
4094
4094
0
0
0
0
0
0
4094
4094
0
0
0
0
0
0
4094
4094
0
0
0
0
0
0
4093
4094
0
0
0
0
0
0
4093
4094
0
0
0
0
0
0
4093
4093
0
0
0
0
0
0
4095
4093
0
0
0
0
0
0
4095
4094
0
0
0
0
0
0
0
4095
0
0
0
0
0
0
4095
0
0
0
0
0
0
0
4092
4095
0
0
0
0
0
0
4091
4094
0
0
0
0
0
0
4092
4092
0
0
0
0
0
0
4093
4091
0
0
0
0
0
0
4095
4091
0
0
0
0
0
0
1
4094
0
0
0
0
0
0
0
1
0
0
0
0
0
0
4093
1
0
0
0
0
0
0
4089
0
0
0
0
0
0
0
4089
4092
0
0
0
0
0
0
4090
4088
0
0
0
0
0
0
4095
4088
0
0
0
0
0
0
4
4094
0
0
0
0
0
0
4
2
0
0
0
0
0
0
4095
5
0
0
0
0
0
0
4090
3
0
0
0
0
0
0
4085
4094
0
0
0
0
0
0
4086
4087
0
0
0
0
0
0
4094
4084
0
0
0
0
0
0
5
4087
0
0
0
0
0
0
8
0
0
0
0
0
0
0
6
8
0
0
0
0
0
0
4092
10
0
0
0
0
0
0
4082
3
0
0
0
0
0
0
4081
4089
0
0
0
0
0
0
4087
4079
0
0
0
0
0
0
3
4079
0
0
0
0
0
0
12
4089
0
0
0
0
0
0
13
8
0
0
0
0
0
0
2
15
0
0
0
0
0
0
4083
12
0
0
0
0
0
0
4074
4093
0
0
0
0
0
0
4078
4078
0
0
0
0
0
0
4093
4073
0
0
0
0
0
0
13
4080
0
0
0
0
0
0
19
2
0
0
0
0
0
0
11
19
0
0
0
0
0
0
4088
21
0
0
0
0
0
0
4071
8
0
0
0
0
0
0
4069
4083
0
0
0
0
0
0
4081
4066
0
0
0
0
0
0
8
4068
0
0
0
0
0
0
24
4087
0
0
0
0
0
0
24
16
0
0
0
0
0
0
4
29
0
0
0
0
0
0
4075
22
0
0
0
0
0
0
4060
4093
0
0
0
0
0
0
4068
4067
0
0
0
0
0
0
4093
4057
0
0
0
0
0
0
25
4072
0
0
0
0
0
0
34
5
0
0
0
0
0
0
19
32
0
0
0
0
0
0
4085
37
0
0
0
0
0
0
4058
15
0
0
0
0
0
0
4053
4076
0
0
0
0
0
0
4076
4051
0
0
0
0
0
0
15
4053
0
0
0
0
0
0
42
4084
0
0
0
0
0
0
39
26
0
0
0
0
0
0
7
47
0
0
0
0
0
0
4064
35
0
0
0
0
0
0
4042
4093
0
0
0
0
0
0
4053
4052
0
0
0
0
0
0
4093
4038
0
0
0
0
0
0
37
4060
0
0
0
0
0
0
54
10
0
0
0
0
0
0
31
50
0
0
0
0
0
0
4082
56
0
0
0
0
0
0
4041
23
0
0
0
0
0
0
4034
4067
0
0
0
0
0
0
4067
4031
0
0
0
0
0
0
25
4036
0
0
0
0
0
0
62
4080
0
0
0
0
0
0
56
39
0
0
0
0
0
0
12
70
0
0
0
0
0
0
4051
52
0
0
0
0
0
0
4021
4092
0
0
0
0
0
0
4038
4035
0
0
0
0
0
0
4094
4016
0
0
0
0
0
0
55
4047
0
0
0
0
0
0
76
14
0
0
0
0
0
0
45
71
0
0
0
0
0
0
4075
78
0
0
0
0
0
0
4020
32
0
0
0
0
0
0
4012
4057
0
0
0
0
0
0
4058
4007
0
0
0
0
0
0
33
4013
0
0
0
0
0
0
84
4074
0
0
0
0
0
0
78
56
0
0
0
0
0
0
16
95
0
0
0
0
0
0
4036
71
0
0
0
0
0
0
3995
4091
0
0
0
0
0
0
4019
4015
0
0
0
0
0
0
4094
3989
0
0
0
0
0
0
74
4031
0
0
0
0
0
0
102
21
0
0
0
0
0
0
60
95
0
0
0
0
0
0
4070
105
0
0
0
0
0
0
3996
42
0
0
0
0
0
0
3986
4043
0
0
0
0
0
0
4047
3979
0
0
0
0
0
0
44
3989
0
0
0
0
0
0
109
4069
0
0
0
0
0
0
101
73
0
0
0
0
0
0
21
123
0
0
0
0
0
0
4019
93
0
0
0
0
0
0
3968
4092
0
0
0
0
0
0
3999
3993
0
0
0
0
0
0
4093
3958
0
0
0
0
0
0
95
4013
0
0
0
0
0
0
131
28
0
0
0
0
0
0
77
121
0
0
0
0
0
0
4064
134
0
0
0
0
0
0
3971
54
0
0
0
0
0
0
3958
4031
0
0
0
0
0
0
4035
3950
0
0
0
0
0
0
57
3962
0
0
0
0
0
0
138
4062
0
0
0
0
0
0
127
92
0
0
0
0
0
0
29
156
0
0
0
0
0
0
4001
115
0
0
0
0
0
0
3935
4090
0
0
0
0
0
0
3975
3968
0
0
0
0
0
0
4094
3926
0
0
0
0
0
0
120
3995
0
0
0
0
0
0
162
36
0
0
0
0
0
0
96
151
0
0
0
0
0
0
4056
165
0
0
0
0
0
0
3942
66
0
0
0
0
0
0
3926
4016
0
0
0
0
0
0
4020
3916
0
0
0
0
0
0
73
3934
0
0
0
0
0
0
171
4057
0
0
0
0
0
0
157
113
0
0
0
0
0
0
35
190
0
0
0
0
0
0
3981
141
0
0
0
0
0
0
3902
4090
0
0
0
0
0
0
3949
3940
0
0
0
0
0
0
4095
3892
0
0
0
0
0
0
146
3975
0
0
0
0
0
0
198
45
0
0
0
0
0
0
116
183
0
0
0
0
0
0
4049
199
0
0
0
0
0
0
3911
81
0
0
0
0
0
0
3893
4001
0
0
0
0
0
0
4008
3881
0
0
0
0
0
0
86
3902
0
0
0
0
0
0
205
4050
0
0
0
0
0
0
188
136
0
0
0
0
0
0
41
228
0
0
0
0
0
0
3959
168
0
0
0
0
0
0
3866
4089
0
0
0
0
0
0
3923
3913
0
0
0
0
0
0
4095
3853
0
0
0
0
0
0
174
3954
0
0
0
0
0
0
234
53
0
0
0
0
0
0
136
215
0
0
0
0
0
0
4040
236
0
0
0
0
0
0
3879
96
0
0
0
0
0
0
3857
3983
0
0
0
0
0
0
3993
3845
0
0
0
0
0
0
101
3868
0
0
0
0
0
0
241
4042
0
0
0
0
0
0
221
160
0
0
0
0
0
0
49
266
0
0
0
0
0
0
3935
196
0
0
0
0
0
0
3826
4087
0
0
0
0
0
0
3894
3882
0
0
0
0
0
0
4095
3814
0
0
0
0
0
0
202
3930
0
0
0
0
0
0
272
62
0
0
0
0
0
0
159
250
0
0
0
0
0
0
4032
275
0
0
0
0
0
0
3844
111
0
0
0
0
0
0
3819
3965
0
0
0
0
0
0
3977
3805
0
0
0
0
0
0
119
3833
0
0
0
0
0
0
280
4036
0
0
0
0
0
0
255
184
0
0
0
0
0
0
57
309
0
0
0
0
0
0
3911
226
0
0
0
0
0
0
3788
4087
0
0
0
0
0
0
3865
3850
0
0
0
0
0
0
4095
3772
0
0
0
0
0
0
234
3907
0
0
0
0
0
0
314
73
0
0
0
0
0
0
184
289
0
0
0
0
0
0
4023
314
0
0
0
0
0
0
3809
128
0
0
0
0
0
0
3780
3947
0
0
0
0
0
0
3961
3764
0
0
0
0
0
0
137
3797
0
0
0
0
0
0
319
4027
0
0
0
0
0
0
291
211
0
0
0
0
0
0
65
352
0
0
0
0
0
0
3887
258
0
0
0
0
0
0
3746
4084
0
0
0
0
0
0
3834
3817
0
0
0
0
0
0
1
3729
0
0
0
0
0
0
264
3882
0
0
0
0
0
0
354
82
0
0
0
0
0
0
207
327
0
0
0
0
0
0
4013
355
0
0
0
0
0
0
3772
144
0
0
0
0
0
0
3741
3928
0
0
0
0
0
0
3944
3721
0
0
0
0
0
0
154
3760
0
0
0
0
0
0
360
4019
0
0
0
0
0
0
326
238
0
0
0
0
0
0
72
395
0
0
0
0
0
0
3861
290
0
0
0
0
0
0
3703
4084
0
0
0
0
0
0
3803
3783
0
0
0
0
0
0
1
3684
0
0
0
0
0
0
296
3856
0
0
0
0
0
0
397
93
0
0
0
0
0
0
231
366
0
0
0
0
0
0
4003
396
0
0
0
0
0
0
3735
161
0
0
0
0
0
0
3700
3909
0
0
0
0
0
0
3928
3679
0
0
0
0
0
0
172
3721
0
0
0
0
0
0
400
4010
0
0
0
0
0
0
362
265
0
0
0
0
0
0
81
440
0
0
0
0
0
0
3836
323
0
0
0
0
0
0
3660
4083
0
0
0
0
0
0
3772
3749
0
0
0
0
0
0
2
3640
0
0
0
0
0
0
329
3832
0
0
0
0
0
0
440
103
0
0
0
0
0
0
256
405
0
0
0
0
0
0
3993
439
0
0
0
0
0
0
3696
177
0
0
0
0
0
0
3659
3890
0
0
0
0
0
0
3911
3636
0
0
0
0
0
0
190
3682
0
0
0
0
0
0
442
4004
0
0
0
0
0
0
401
292
0
0
0
0
0
0
89
484
0
0
0
0
0
0
3809
355
0
0
0
0
0
0
3616
4081
0
0
0
0
0
0
3738
3714
0
0
0
0
0
0
3
3596
0
0
0
0
0
0
362
3807
0
0
0
0
0
0
483
114
0
0
0
0
0
0
282
444
0
0
0
0
0
0
3984
481
0
0
0
0
0
0
3658
195
0
0
0
0
0
0
3617
3870
0
0
0
0
0
0
3892
3592
0
0
0
0
0
0
208
3645
0
0
0
0
0
0
482
3995
0
0
0
0
0
0
437
320
0
0
0
0
0
0
97
529
0
0
0
0
0
0
3782
387
0
0
0
0
0
0
3573
4079
0
0
0
0
0
0
3706
3680
0
0
0
0
0
0
3
3553
0
0
0
0
0
0
395
3782
0
0
0
0
0
0
526
125
0
0
0
0
0
0
306
484
0
0
0
0
0
0
3975
523
0
0
0
0
0
0
3620
211
0
0
0
0
0
0
3577
3850
0
0
0
0
0
0
3876
3549
0
0
0
0
0
0
226
3606
0
0
0
0
0
0
524
3987
0
0
0
0
0
0
474
347
0
0
0
0
0
0
106
573
0
0
0
0
0
0
3756
419
0
0
0
0
0
0
3531
4078
0
0
0
0
0
0
3675
3647
0
0
0
0
0
0
4
3507
0
0
0
0
0
0
426
3756
0
0
0
0
0
0
569
135
0
0
0
0
0
0
331
523
0
0
0
0
0
0
3965
564
0
0
0
0
0
0
3583
229
0
0
0
0
0
0
3537
3831
0
0
0
0
0
0
3860
3509
0
0
0
0
0
0
244
3569
0
0
0
0
0
0
565
3980
0
0
0
0
0
0
511
373
0
0
0
0
0
0
114
616
0
0
0
0
0
0
3732
451
0
0
0
0
0
0
3487
4076
0
0
0
0
0
0
3644
3613
0
0
0
0
0
0
5
3464
0
0
0
0
0
0
458
3731
0
0
0
0
0
0
609
145
0
0
0
0
0
0
354
560
0
0
0
0
0
0
3955
604
0
0
0
0
0
0
3547
244
0
0
0
0
0
0
3499
3815
0
0
0
0
0
0
3844
3466
0
0
0
0
0
0
261
3534
0
0
0
0
0
0
603
3972
0
0
0
0
0
0
546
400
0
0
0
0
0
0
121
658
0
0
0
0
0
0
3707
481
0
0
0
0
0
0
3448
4076
0
0
0
0
0
0
3615
3581
0
0
0
0
0
0
6
3424
0
0
0
0
0
0
488
3708
0
0
0
0
0
0
650
156
0
0
0
0
0
0
379
597
0
0
0
0
0
0
3946
643
0
0
0
0
0
0
3512
260
0
0
0
0
0
0
3460
3795
0
0
0
0
0
0
3829
3428
0
0
0
0
0
0
279
3499
0
0
0
0
0
0
641
3965
0
0
0
0
0
0
579
424
0
0
0
0
0
0
128
698
0
0
0
0
0
0
3682
508
0
0
0
0
0
0
3408
4073
0
0
0
0
0
0
3587
3550
0
0
0
0
0
0
6
3384
0
0
0
0
0
0
518
3685
0
0
0
0
0
0
687
165
0
0
0
0
0
0
399
632
0
0
0
0
0
0
3938
681
0
0
0
0
0
0
3479
275
0
0
0
0
0
0
3423
3777
0
0
0
0
0
0
3812
3389
0
0
0
0
0
0
295
3465
0
0
0
0
0
0
677
3958
0
0
0
0
0
0
610
447
0
0
0
0
0
0
136
737
0
0
0
0
0
0
3661
538
0
0
0
0
0
0
3372
4072
0
0
0
0
0
0
3560
3523
0
0
0
0
0
0
6
3345
0
0
0
0
0
0
545
3664
0
0
0
0
0
0
723
174
0
0
0
0
0
0
420
665
0
0
0
0
0
0
3928
715
0
0
0
0
0
0
3446
288
0
0
0
0
0
0
3391
3763
0
0
0
0
0
0
3799
3355
0
0
0
0
0
0
309
3435
0
0
0
0
0
0
711
3951
0
0
0
0
0
0
640
469
0
0
0
0
0
0
143
774
0
0
0
0
0
0
3640
564
0
0
0
0
0
0
3339
4073
0
0
0
0
0
0
3535
3495
0
0
0
0
0
0
6
3310
0
0
0
0
0
0
572
3646
0
0
0
0
0
0
756
181
0
0
0
0
0
0
440
696
0
0
0
0
0
0
3922
748
0
0
0
0
0
0
3417
302
0
0
0
0
0
0
3357
3746
0
0
0
0
0
0
3788
3322
0
0
0
0
0
0
323
3405
0
0
0
0
0
0
742
3945
0
0
0
0
0
0
669
491
0
0
0
0
0
0
149
806
0
0
0
0
0
0
3621
587
0
0
0
0
0
0
3307
4070
0
0
0
0
0
0
3512
3469
0
0
0
0
0
0
8
3277
0
0
0
0
0
0
595
3626
0
0
0
0
0
0
787
189
0
0
0
0
0
0
456
723
0
0
0
0
0
0
3913
777
0
0
0
0
0
0
3390
313
0
0
0
0
0
0
3329
3732
0
0
0
0
0
0
3775
3290
0
0
0
0
0
0
337
3379
0
0
0
0
0
0
771
3940
0
0
0
0
0
0
694
509
0
0
0
0
0
0
154
837
0
0
0
0
0
0
3602
610
0
0
0
0
0
0
3276
4069
0
0
0
0
0
0
3490
3446
0
0
0
0
0
0
9
3250
0
0
0
0
0
0
617
3610
0
0
0
0
0
0
817
197
0
0
0
0
0
0
472
750
0
0
0
0
0
0
3908
805
0
0
0
0
0
0
3365
324
0
0
0
0
0
0
3304
3720
0
0
0
0
0
0
3764
3264
0
0
0
0
0
0
347
3355
0
0
0
0
0
0
797
3936
0
0
0
0
0
0
716
526
0
0
0
0
0
0
158
864
0
0
0
0
0
0
3587
628
0
0
0
0
0
0
3251
4069
0
0
0
0
0
0
3471
3425
0
0
0
0
0
0
9
3223
0
0
0
0
0
0
635
3596
0
0
0
0
0
0
839
202
0
0
0
0
0
0
486
771
0
0
0
0
0
0
3901
828
0
0
0
0
0
0
3344
334
0
0
0
0
0
0
3281
3710
0
0
0
0
0
0
3755
3241
0
0
0
0
0
0
358
3334
0
0
0
0
0
0
820
3930
0
0
0
0
0
0
736
541
0
0
0
0
0
0
164
889
0
0
0
0
0
0
3572
645
0
0
0
0
0
0
3228
4067
0
0
0
0
0
0
3455
3407
0
0
0
0
0
0
9
3199
0
0
0
0
0
0
653
3583
0
0
0
0
0
0
861
208
0
0
0
0
0
0
498
791
0
0
0
0
0
0
3898
850
0
0
0
0
0
0
3327
342
0
0
0
0
0
0
3262
3700
0
0
0
0
0
0
3746
3219
0
0
0
0
0
0
367
3317
0
0
0
0
0
0
838
3927
0
0
0
0
0
0
754
553
0
0
0
0
0
0
166
907
0
0
0
0
0
0
3560
659
0
0
0
0
0
0
3209
4067
0
0
0
0
0
0
3442
3394
0
0
0
0
0
0
10
3180
0
0
0
0
0
0
667
3573
0
0
0
0
0
0
880
213
0
0
0
0
0
0
509
807
0
0
0
0
0
0
3892
867
0
0
0
0
0
0
3313
349
0
0
0
0
0
0
3246
3693
0
0
0
0
0
0
3742
3204
0
0
0
0
0
0
374
3303
0
0
0
0
0
0
853
3924
0
0
0
0
0
0
766
563
0
0
0
0
0
0
170
924
0
0
0
0
0
0
3552
671
0
0
0
0
0
0
3194
4066
0
0
0
0
0
0
3431
3381
0
0
0
0
0
0
10
3166
0
0
0
0
0
0
678
3564
0
0
0
0
0
0
894
217
0
0
0
0
0
0
517
820
0
0
0
0
0
0
3889
880
0
0
0
0
0
0
3300
354
0
0
0
0
0
0
3233
3686
0
0
0
0
0
0
3736
3190
0
0
0
0
0
0
378
3290
0
0
0
0
0
0
868
3924
0
0
0
0
0
0
776
572
0
0
0
0
0
0
172
936
0
0
0
0
0
0
3544
680
0
0
0
0
0
0
3184
4066
0
0
0
0
0
0
3423
3372
0
0
0
0
0
0
11
3154
0
0
0
0
0
0
685
3558
0
0
0
0
0
0
904
219
0
0
0
0
0
0
521
830
0
0
0
0
0
0
3888
889
0
0
0
0
0
0
3291
356
0
0
0
0
0
0
3225
3681
0
0
0
0
0
0
3733
3181
0
0
0
0
0
0
383
3284
0
0
0
0
0
0
874
3922
0
0
0
0
0
0
784
577
0
0
0
0
0
0
172
944
0
0
0
0
0
0
3539
685
0
0
0
0
0
0
3176
4065
0
0
0
0
0
0
3418
3367
0
0
0
0
0
0
11
3149
0
0
0
0
0
0
690
3555
0
0
0
0
0
0
911
222
0
0
0
0
0
0
525
835
0
0
0
0
0
0
3886
895
0
0
0
0
0
0
3286
359
0
0
0
0
0
0
3221
3680
0
0
0
0
0
0
3731
3176
0
0
0
0
0
0
385
3280
0
0
0
0
0
0
878
3921
0
0
0
0
0
0
787
580
0
0
0
0
0
0
173
948
0
0
0
0
0
0
3537
686
0
0
0
0
0
0
3173
4064
0
0
0
0
0
0
3418
3365
0
0
0
0
0
0
12
3146
0
0
0
0
0
0
691
3553
0
0
0
0
0
0
911
221
0
0
0
0
0
0
526
836
0
0
0
0
0
0
3885
895
0
0
0
0
0
0
3285
360
0
0
0
0
0
0
3218
3678
0
0
0
0
0
0
3731
3176
0
0
0
0
0
0
385
3280
0
0
0
0
0
0
879
3922
0
0
0
0
0
0
787
580
0
0
0
0
0
0
172
947
0
0
0
0
0
0
3537
686
0
0
0
0
0
0
3173
4065
0
0
0
0
0
0
3418
3366
0
0
0
0
0
0
11
3147
0
0
0
0
0
0
690
3555
0
0
0
0
0
0
910
221
0
0
0
0
0
0
524
835
0
0
0
0
0
0
3886
893
0
0
0
0
0
0
3288
357
0
0
0
0
0
0
3222
3679
0
0
0
0
0
0
3732
3179
0
0
0
0
0
0
384
3283
0
0
0
0
0
0
874
3922
0
0
0
0
0
0
783
577
0
0
0
0
0
0
171
942
0
0
0
0
0
0
3539
683
0
0
0
0
0
0
3178
4064
0
0
0
0
0
0
3421
3369
0
0
0
0
0
0
11
3153
0
0
0
0
0
0
687
3558
0
0
0
0
0
0
905
222
0
0
0
0
0
0
521
829
0
0
0
0
0
0
3888
887
0
0
0
0
0
0
3293
354
0
0
0
0
0
0
3229
3683
0
0
0
0
0
0
3736
3187
0
0
0
0
0
0
382
3290
0
0
0
0
0
0
867
3923
0
0
0
0
0
0
776
572
0
0
0
0
0
0
171
935
0
0
0
0
0
0
3546
676
0
0
0
0
0
0
3188
4065
0
0
0
0
0
0
3429
3377
0
0
0
0
0
0
12
3163
0
0
0
0
0
0
679
3564
0
0
0
0
0
0
894
218
0
0
0
0
0
0
514
820
0
0
0
0
0
0
3888
875
0
0
0
0
0
0
3302
351
0
0
0
0
0
0
3239
3686
0
0
0
0
0
0
3740
3199
0
0
0
0
0
0
377
3300
0
0
0
0
0
0
855
3925
0
0
0
0
0
0
765
564
0
0
0
0
0
0
167
921
0
0
0
0
0
0
3553
666
0
0
0
0
0
0
3199
4063
0
0
0
0
0
0
3437
3387
0
0
0
0
0
0
12
3177
0
0
0
0
0
0
668
3572
0
0
0
0
0
0
879
215
0
0
0
0
0
0
506
807
0
0
0
0
0
0
3892
861
0
0
0
0
0
0
3316
345
0
0
0
0
0
0
3255
3694
0
0
0
0
0
0
3746
3212
0
0
0
0
0
0
370
3315
0
0
0
0
0
0
841
3930
0
0
0
0
0
0
751
554
0
0
0
0
0
0
163
904
0
0
0
0
0
0
3562
654
0
0
0
0
0
0
3217
4064
0
0
0
0
0
0
3450
3399
0
0
0
0
0
0
11
3194
0
0
0
0
0
0
655
3582
0
0
0
0
0
0
862
210
0
0
0
0
0
0
496
791
0
0
0
0
0
0
3897
844
0
0
0
0
0
0
3331
336
0
0
0
0
0
0
3271
3702
0
0
0
0
0
0
3756
3233
0
0
0
0
0
0
364
3332
0
0
0
0
0
0
822
3933
0
0
0
0
0
0
735
542
0
0
0
0
0
0
160
884
0
0
0
0
0
0
3574
639
0
0
0
0
0
0
3238
4066
0
0
0
0
0
0
3466
3417
0
0
0
0
0
0
13
3216
0
0
0
0
0
0
639
3596
0
0
0
0
0
0
840
206
0
0
0
0
0
0
482
771
0
0
0
0
0
0
3900
822
0
0
0
0
0
0
3352
329
0
0
0
0
0
0
3293
3713
0
0
0
0
0
0
3763
3255
0
0
0
0
0
0
353
3352
0
0
0
0
0
0
800
3937
0
0
0
0
0
0
715
527
0
0
0
0
0
0
156
861
0
0
0
0
0
0
3590
621
0
0
0
0
0
0
3262
4066
0
0
0
0
0
0
3484
3436
0
0
0
0
0
0
11
3241
0
0
0
0
0
0
621
3609
0
0
0
0
0
0
816
199
0
0
0
0
0
0
469
748
0
0
0
0
0
0
3907
799
0
0
0
0
0
0
3374
318
0
0
0
0
0
0
3318
3724
0
0
0
0
0
0
3773
3280
0
0
0
0
0
0
342
3375
0
0
0
0
0
0
774
3943
0
0
0
0
0
0
691
511
0
0
0
0
0
0
149
832
0
0
0
0
0
0
3605
601
0
0
0
0
0
0
3289
4066
0
0
0
0
0
0
3504
3457
0
0
0
0
0
0
10
3270
0
0
0
0
0
0
600
3627
0
0
0
0
0
0
788
194
0
0
0
0
0
0
451
722
0
0
0
0
0
0
3913
769
0
0
0
0
0
0
3398
306
0
0
0
0
0
0
3346
3738
0
0
0
0
0
0
3785
3309
0
0
0
0
0
0
330
3401
0
0
0
0
0
0
747
3948
0
0
0
0
0
0
666
492
0
0
0
0
0
0
143
801
0
0
0
0
0
0
3623
577
0
0
0
0
0
0
3319
4067
0
0
0
0
0
0
3526
3481
0
0
0
0
0
0
11
3302
0
0
0
0
0
0
578
3646
0
0
0
0
0
0
757
185
0
0
0
0
0
0
434
695
0
0
0
0
0
0
3919
739
0
0
0
0
0
0
3426
293
0
0
0
0
0
0
3375
3751
0
0
0
0
0
0
3798
3341
0
0
0
0
0
0
316
3430
0
0
0
0
0
0
716
3955
0
0
0
0
0
0
638
473
0
0
0
0
0
0
138
767
0
0
0
0
0
0
3643
553
0
0
0
0
0
0
3353
4069
0
0
0
0
0
0
3551
3507
0
0
0
0
0
0
11
3336
0
0
0
0
0
0
553
3665
0
0
0
0
0
0
724
176
0
0
0
0
0
0
414
662
0
0
0
0
0
0
3928
706
0
0
0
0
0
0
3457
279
0
0
0
0
0
0
3409
3767
0
0
0
0
0
0
3811
3375
0
0
0
0
0
0
302
3461
0
0
0
0
0
0
681
3962
0
0
0
0
0
0
606
449
0
0
0
0
0
0
131
732
0
0
0
0
0
0
3664
526
0
0
0
0
0
0
3388
4069
0
0
0
0
0
0
3578
3536
0
0
0
0
0
0
10
3375
0
0
0
0
0
0
526
3687
0
0
0
0
0
0
688
169
0
0
0
0
0
0
394
631
0
0
0
0
0
0
3935
671
0
0
0
0
0
0
3488
266
0
0
0
0
0
0
3444
3784
0
0
0
0
0
0
3826
3412
0
0
0
0
0
0
286
3494
0
0
0
0
0
0
646
3968
0
0
0
0
0
0
575
426
0
0
0
0
0
0
124
692
0
0
0
0
0
0
3687
497
0
0
0
0
0
0
3425
4070
0
0
0
0
0
0
3606
3565
0
0
0
0
0
0
9
3412
0
0
0
0
0
0
497
3710
0
0
0
0
0
0
650
159
0
0
0
0
0
0
372
595
0
0
0
0
0
0
3943
632
0
0
0
0
0
0
3522
250
0
0
0
0
0
0
3480
3801
0
0
0
0
0
0
3840
3450
0
0
0
0
0
0
269
3528
0
0
0
0
0
0
609
3977
0
0
0
0
0
0
542
402
0
0
0
0
0
0
116
652
0
0
0
0
0
0
3711
468
0
0
0
0
0
0
3466
4072
0
0
0
0
0
0
3636
3598
0
0
0
0
0
0
9
3454
0
0
0
0
0
0
467
3732
0
0
0
0
0
0
610
150
0
0
0
0
0
0
349
560
0
0
0
0
0
0
3953
593
0
0
0
0
0
0
3557
234
0
0
0
0
0
0
3518
3819
0
0
0
0
0
0
3857
3490
0
0
0
0
0
0
251
3563
0
0
0
0
0
0
570
3984
0
0
0
0
0
0
507
376
0
0
0
0
0
0
108
609
0
0
0
0
0
0
3735
437
0
0
0
0
0
0
3507
4072
0
0
0
0
0
0
3665
3630
0
0
0
0
0
0
9
3496
0
0
0
0
0
0
436
3758
0
0
0
0
0
0
569
141
0
0
0
0
0
0
324
521
0
0
0
0
0
0
3962
552
0
0
0
0
0
0
3595
219
0
0
0
0
0
0
3558
3836
0
0
0
0
0
0
3874
3534
0
0
0
0
0
0
235
3601
0
0
0
0
0
0
530
3992
0
0
0
0
0
0
471
348
0
0
0
0
0
0
99
565
0
0
0
0
0
0
3761
405
0
0
0
0
0
0
3549
4074
0
0
0
0
0
0
3697
3663
0
0
0
0
0
0
8
3540
0
0
0
0
0
0
403
3782
0
0
0
0
0
0
526
129
0
0
0
0
0
0
300
482
0
0
0
0
0
0
3971
511
0
0
0
0
0
0
3631
201
0
0
0
0
0
0
3599
3857
0
0
0
0
0
0
3892
3576
0
0
0
0
0
0
217
3639
0
0
0
0
0
0
489
4000
0
0
0
0
0
0
435
322
0
0
0
0
0
0
92
521
0
0
0
0
0
0
3787
373
0
0
0
0
0
0
3591
4076
0
0
0
0
0
0
3728
3697
0
0
0
0
0
0
7
3584
0
0
0
0
0
0
371
3807
0
0
0
0
0
0
484
120
0
0
0
0
0
0
275
442
0
0
0
0
0
0
3982
469
0
0
0
0
0
0
3669
183
0
0
0
0
0
0
3640
3877
0
0
0
0
0
0
3909
3619
0
0
0
0
0
0
199
3677
0
0
0
0
0
0
448
4008
0
0
0
0
0
0
397
295
0
0
0
0
0
0
82
477
0
0
0
0
0
0
3814
341
0
0
0
0
0
0
3634
4076
0
0
0
0
0
0
3760
3731
0
0
0
0
0
0
7
3629
0
0
0
0
0
0
338
3832
0
0
0
0
0
0
441
109
0
0
0
0
0
0
249
402
0
0
0
0
0
0
3992
426
0
0
0
0
0
0
3708
167
0
0
0
0
0
0
3681
3895
0
0
0
0
0
0
3926
3663
0
0
0
0
0
0
181
3716
0
0
0
0
0
0
406
4017
0
0
0
0
0
0
359
267
0
0
0
0
0
0
75
432
0
0
0
0
0
0
3839
308
0
0
0
0
0
0
3678
4078
0
0
0
0
0
0
3791
3765
0
0
0
0
0
0
5
3673
0
0
0
0
0
0
305
3857
0
0
0
0
0
0
397
99
0
0
0
0
0
0
225
362
0
0
0
0
0
0
4001
384
0
0
0
0
0
0
3746
151
0
0
0
0
0
0
3723
3915
0
0
0
0
0
0
3941
3705
0
0
0
0
0
0
162
3753
0
0
0
0
0
0
365
4024
0
0
0
0
0
0
323
240
0
0
0
0
0
0
68
387
0
0
0
0
0
0
3864
276
0
0
0
0
0
0
3722
4080
0
0
0
0
0
0
3823
3800
0
0
0
0
0
0
5
3717
0
0
0
0
0
0
273
3883
0
0
0
0
0
0
355
87
0
0
0
0
0
0
200
324
0
0
0
0
0
0
4011
343
0
0
0
0
0
0
3784
135
0
0
0
0
0
0
3763
3936
0
0
0
0
0
0
3958
3747
0
0
0
0
0
0
144
3791
0
0
0
0
0
0
324
4032
0
0
0
0
0
0
287
214
0
0
0
0
0
0
59
344
0
0
0
0
0
0
3890
245
0
0
0
0
0
0
3763
4081
0
0
0
0
0
0
3854
3833
0
0
0
0
0
0
5
3761
0
0
0
0
0
0
241
3907
0
0
0
0
0
0
314
78
0
0
0
0
0
0
176
287
0
0
0
0
0
0
4020
302
0
0
0
0
0
0
3819
116
0
0
0
0
0
0
3801
3953
0
0
0
0
0
0
3975
3789
0
0
0
0
0
0
127
3827
0
0
0
0
0
0
285
4040
0
0
0
0
0
0
250
187
0
0
0
0
0
0
52
301
0
0
0
0
0
0
3915
214
0
0
0
0
0
0
3804
4083
0
0
0
0
0
0
3885
3866
0
0
0
0
0
0
4
3802
0
0
0
0
0
0
210
3930
0
0
0
0
0
0
273
68
0
0
0
0
0
0
154
249
0
0
0
0
0
0
4029
262
0
0
0
0
0
0
3856
102
0
0
0
0
0
0
3840
3971
0
0
0
0
0
0
3990
3829
0
0
0
0
0
0
110
3863
0
0
0
0
0
0
247
4047
0
0
0
0
0
0
217
162
0
0
0
0
0
0
43
260
0
0
0
0
0
0
3940
185
0
0
0
0
0
0
3843
4083
0
0
0
0
0
0
3914
3897
0
0
0
0
0
0
3
3843
0
0
0
0
0
0
181
3953
0
0
0
0
0
0
235
58
0
0
0
0
0
0
131
213
0
0
0
0
0
0
4039
225
0
0
0
0
0
0
3889
88
0
0
0
0
0
0
3877
3988
0
0
0
0
0
0
4006
3868
0
0
0
0
0
0
94
3897
0
0
0
0
0
0
210
4054
0
0
0
0
0
0
185
139
0
0
0
0
0
0
37
221
0
0
0
0
0
0
3963
157
0
0
0
0
0
0
3882
4084
0
0
0
0
0
0
3941
3928
0
0
0
0
0
0
2
3879
0
0
0
0
0
0
153
3976
0
0
0
0
0
0
196
48
0
0
0
0
0
0
110
180
0
0
0
0
0
0
4047
190
0
0
0
0
0
0
3921
72
0
0
0
0
0
0
3910
4005
0
0
0
0
0
0
4021
3905
0
0
0
0
0
0
78
3928
0
0
0
0
0
0
176
4061
0
0
0
0
0
0
153
115
0
0
0
0
0
0
29
184
0
0
0
0
0
0
3985
130
0
0
0
0
0
0
3915
4085
0
0
0
0
0
0
3967
3955
0
0
0
0
0
0
1
3917
0
0
0
0
0
0
127
3996
0
0
0
0
0
0
164
40
0
0
0
0
0
0
91
148
0
0
0
0
0
0
4055
155
0
0
0
0
0
0
3952
58
0
0
0
0
0
0
3944
4020
0
0
0
0
0
0
4033
3937
0
0
0
0
0
0
64
3958
0
0
0
0
0
0
143
4067
0
0
0
0
0
0
125
94
0
0
0
0
0
0
23
150
0
0
0
0
0
0
4004
105
0
0
0
0
0
0
3949
4086
0
0
0
0
0
0
3991
3981
0
0
0
0
0
0
2
3951
0
0
0
0
0
0
101
4015
0
0
0
0
0
0
132
32
0
0
0
0
0
0
72
119
0
0
0
0
0
0
4063
124
0
0
0
0
0
0
3980
47
0
0
0
0
0
0
3972
4034
0
0
0
0
0
0
4045
3969
0
0
0
0
0
0
51
3986
0
0
0
0
0
0
113
4071
0
0
0
0
0
0
98
73
0
0
0
0
0
0
18
118
0
0
0
0
0
0
4022
83
0
0
0
0
0
0
3979
4088
0
0
0
0
0
0
4012
4004
0
0
0
0
0
0
1
3982
0
0
0
0
0
0
80
4031
0
0
0
0
0
0
103
26
0
0
0
0
0
0
56
92
0
0
0
0
0
0
4069
97
0
0
0
0
0
0
4004
35
0
0
0
0
0
0
4000
4048
0
0
0
0
0
0
4056
3996
0
0
0
0
0
0
39
4011
0
0
0
0
0
0
87
4078
0
0
0
0
0
0
75
55
0
0
0
0
0
0
13
91
0
0
0
0
0
0
4040
63
0
0
0
0
0
0
4006
4089
0
0
0
0
0
0
4032
4026
0
0
0
0
0
0
0
4008
0
0
0
0
0
0
60
4047
0
0
0
0
0
0
76
18
0
0
0
0
0
0
41
70
0
0
0
0
0
0
4075
71
0
0
0
0
0
0
4027
26
0
0
0
0
0
0
4025
4059
0
0
0
0
0
0
4066
4022
0
0
0
0
0
0
27
4031
0
0
0
0
0
0
63
4082
0
0
0
0
0
0
54
41
0
0
0
0
0
0
7
65
0
0
0
0
0
0
4054
44
0
0
0
0
0
0
4029
4090
0
0
0
0
0
0
4048
4043
0
0
0
0
0
0
0
4033
0
0
0
0
0
0
43
4061
0
0
0
0
0
0
54
12
0
0
0
0
0
0
28
48
0
0
0
0
0
0
4080
50
0
0
0
0
0
0
4046
17
0
0
0
0
0
0
4045
4069
0
0
0
0
0
0
4075
4043
0
0
0
0
0
0
18
4051
0
0
0
0
0
0
43
4085
0
0
0
0
0
0
36
28
0
0
0
0
0
0
4
44
0
0
0
0
0
0
4067
31
0
0
0
0
0
0
4051
4092
0
0
0
0
0
0
4064
4060
0
0
0
0
0
0
4095
4052
0
0
0
0
0
0
28
4073
0
0
0
0
0
0
35
8
0
0
0
0
0
0
17
31
0
0
0
0
0
0
4084
32
0
0
0
0
0
0
4063
10
0
0
0
0
0
0
4061
4078
0
0
0
0
0
0
4082
4062
0
0
0
0
0
0
11
4066
0
0
0
0
0
0
26
4088
0
0
0
0
0
0
22
17
0
0
0
0
0
0
2
26
0
0
0
0
0
0
4077
18
0
0
0
0
0
0
4067
4091
0
0
0
0
0
0
4076
4073
0
0
0
0
0
0
4094
4069
0
0
0
0
0
0
16
4081
0
0
0
0
0
0
20
3
0
0
0
0
0
0
10
18
0
0
0
0
0
0
4087
17
0
0
0
0
0
0
4076
5
0
0
0
0
0
0
4075
4085
0
0
0
0
0
0
4086
4074
0
0
0
0
0
0
4
4078
0
0
0
0
0
0
15
4091
0
0
0
0
0
0
12
9
0
0
0
0
0
0
4095
13
0
0
0
0
0
0
4084
8
0
0
0
0
0
0
4079
4092
0
0
0
0
0
0
4084
4083
0
0
0
0
0
0
4094
4081
0
0
0
0
0
0
6
4087
0
0
0
0
0
0
8
0
0
0
0
0
0
0
3
8
0
0
0
0
0
0
4091
7
0
0
0
0
0
0
4084
1
0
0
0
0
0
0
4086
4089
0
0
0
0
0
0
4091
4085
0
0
0
0
0
0
1
4087
0
0
0
0
0
0
4
4093
0
0
0
0
0
0
3
2
0
0
0
0
0
0
0
6
0
0
0
0
0
0
4090
2
0
0
0
0
0
0
4088
4094
0
0
0
0
0
0
4090
4090
0
0
0
0
0
0
4095
4090
0
0
0
0
0
0
1
4092
0
0
0
0
0
0
2
4095
0
0
0
0
0
0
0
2
0
0
0
0
0
0
4092
1
0
0
0
0
0
0
4092
4095
0
0
0
0
0
0
4092
4092
0
0
0
0
0
0
4092
4091
0
0
0
0
0
0
4095
4093
0
0
0
0
0
0
4095
4094
0
0
0
0
0
0
4094
4094
0
0
0
0
0
0
4093
4094
0
0
0
0
0
0
4092
4094
0
0
0
0
0
0
4093
4094
0
0
0
0
0
0
4093
4093
0
0
0
0
0
0
4094
4094
0
0
0
0
0
0
4095
4094
0
0
0
0
0
0
4094
4094
0
0
0
0
0
0
4094
4094
0
0
0
0
0
0
4094
4094
0
0
0
0
0
0
4093
4094
0
0
0
0
0
0
4094
4094
0
0
0
0
0
0
0
0
0
0
0
0
0
0
0
0
0
0
0
0
0
0
0
4095
0
0
0
0
0
0
0
4095
0
0
0
0
0
0
4095
4095
0
0
0
0
0
0
4095
4095
0
0
0
0
0
0
4095
0
0
0
0
0
0
0
4095
0
0
0
0
0
0
0
4095
0
0
0
0
0
0
0
4095
0
0
0
0
0
0
0
4095
0
0
0
0
0
0
0
4095
0
0
0
0
0
0
0
4095
0
0
0
0
0
0
0
4095
0
0
0
0
0
0
0
4095
0
0
0
0
0
0
0
4095
0
0
0
0
0
0
0
4095
0
0
0
0
0
0
0
4095
0
0
0
0
0
0
0
4095
0
0
0
0
0
0
0
4095
0
0
0
0
0
0
0
4095
0
0
0
0
0
0
0
4095
0
0
0
0
0
0
0
4095
0
0
0
0
0
0
0
4095
0
0
0
0
0
0
0
4095
0
0
0
0
0
0
0
4095
0
0
0
0
0
0
0
4095
0
0
0
0
0
0
0
4095
0
0
0
0
0
0
0
4095
0
0
0
0
0
0
0
4095
0
0
0
0
0
0
0
4095
0
0
0
0
0
0
0
4095
0
0
0
0
0
0
0
4095
0
0
0
0
0
0
0
4095
0
0
0
0
0
0
0
4095
0
0
0
0
0
0
0
4095
0
0
0
0
0
0
0
4095
0
0
0
0
0
0
0
4095
0
0
0
0
0
0
0
4095
0
0
0
0
0
0
0
4095
0
0
0
0
0
0
0
4095
0
0
0
0
0
0
0
4095
0
0
0
0
0
0
0
4095
0
0
0
0
0
0
0
4095
0
0
0
0
0
0
0
4095
0
0
0
0
0
0
0
4095
0
0
0
0
0
0
0
4095
0
0
0
0
0
0
0
4095
0
0
0
0
0
0
0
4095
0
0
0
0
0
0
0
4095
0
0
0
0
0
0
0
4095
0
0
0
0
0
0
0
4095
0
0
0
0
0
0
0
4095
0
0
0
0
0
0
0
4095
0
0
0
0
0
0
0
4095
0
0
0
0
0
0
0
4095
0
0
0
0
0
0
0
4095
0
0
0
0
0
0
0
4095
0
0
0
0
0
0
0
4095
0
0
0
0
0
0
0
4095
0
0
0
0
0
0
0
4095
0
0
0
0
0
0
0
4095
0
0
0
0
0
0
0
4095
0
0
0
0
0
0
0
4095
0
0
0
0
0
0
0
4095
0
0
0
0
0
0
0
4095
0
0
0
0
0
0
0
4095
0
0
0
0
0
0
0
4095
0
0
0
0
0
0
0
4095
0
0
0
0
0
0
0
4095
0
0
0
0
0
0
0
4095
0
0
0
0
0
0
0
4095
0
0
0
0
0
0
0
4095
0
0
0
0
0
0
0
4095
0
0
0
0
0
0
0
4095
0
0
0
0
0
0
0
4095
0
0
0
0
0
0
0
4095
0
0
0
0
0
0
0
4095
0
0
0
0
0
0
0
4095
0
0
0
0
0
0
0
4095
0
0
0
0
0
0
0
4095
0
0
0
0
0
0
0
4095
0
0
0
0
0
0
0
4095
0
0
0
0
0
0
0
4095
0
0
0
0
0
0
0
4095
0
0
0
0
0
0
0
4095
0
0
0
0
0
0
0
4095
0
0
0
0
0
0
0
4095
0
0
0
0
0
0
0
4095
0
0
0
0
0
0
0
4095
0
0
0
0
0
0
0
4095
0
0
0
0
0
0
0
4095
0
0
0
0
0
0
0
4095
0
0
0
0
0
0
0
4095
0
0
0
0
0
0
0
4095
0
0
0
0
0
0
0
4095
0
0
0
0
0
0
0
4095
0
0
0
0
0
0
0
4095
0
0
0
0
0
0
0
4095
0
0
0
0
0
0
0
4095
0
0
0
0
0
0
0
4095
0
0
0
0
0
0
0
4095
0
0
0
0
0
0
0
4095
0
0
0
0
0
0
0
4095
0
0
0
0
0
0
0
4095
0
0
0
0
0
0
0
4095
0
0
0
0
0
0
0
4095
0
0
0
0
0
0
0
4095
0
0
0
0
0
0
0
4095
0
0
0
0
0
0
0
4095
0
0
0
0
0
0
0
4095
0
0
0
0
0
0
0
4095
0
0
0
0
0
0
0
4095
0
0
0
0
0
0
0
4095
0
0
0
0
0
0
0
4095
0
0
0
0
0
0
0
4095
0
0
0
0
0
0
0
4095
0
0
0
0
0
0
0
4095
0
0
0
0
0
0
0
4095
0
0
0
0
0
0
0
4095
0
0
0
0
0
0
0
4095
0
0
0
0
0
0
0
4095
0
0
0
0
0
0
0
4095
0
0
0
0
0
0
0
4095
0
0
0
0
0
0
0
4095
0
0
0
0
0
0
0
4095
0
0
0
0
0
0
0
4095
0
0
0
0
0
0
0
4095
0
0
0
0
0
0
0
4095
0
0
0
0
0
0
0
4095
0
0
0
0
0
0
0
4095
0
0
0
0
0
0
0
4095
0
0
0
0
0
0
0
4095
0
0
0
0
0
0
0
4095
0
0
0
0
0
0
0
4095
0
0
0
0
0
0
0
4095
0
0
0
0
0
0
0
4095
0
0
0
0
0
0
0
4095
0
0
0
0
0
0
0
4095
0
0
0
0
0
0
0
4095
0
0
0
0
0
0
0
4095
0
0
0
0
0
0
0
4095
0
0
0
0
0
0
0
4095
0
0
0
0
0
0
0
4095
0
0
0
0
0
0
0
4095
0
0
0
0
0
0
0
4095
0
0
0
0
0
0
0
4095
0
0
0
0
0
0
0
4095
0
0
0
0
0
0
0
4095
0
0
0
0
0
0
0
4095
0
0
0
0
0
0
0
4095
0
0
0
0
0
0
0
4095
0
0
0
0
0
0
0
4095
0
0
0
0
0
0
0
4095
0
0
0
0
0
0
0
4095
0
0
0
0
0
0
0
4095
0
0
0
0
0
0
0
4095
0
0
0
0
0
0
0
4095
0
0
0
0
0
0
0
4095
0
0
0
0
0
0
0
4095
0
0
0
0
0
0
0
4095
0
0
0
0
0
0
0
4095
0
0
0
0
0
0
0
4095
0
0
0
0
0
0
0
4095
0
0
0
0
0
0
0
4095
0
0
0
0
0
0
0
4095
0
0
0
0
0
0
0
4095
0
0
0
0
0
0
0
4095
0
0
0
0
0
0
0
4095
0
0
0
0
0
0
0
4095
0
0
0
0
0
0
0
4095
0
0
0
0
0
0
0
4095
0
0
0
0
0
0
0
4095
0
0
0
0
0
0
0
4095
0
0
0
0
0
0
0
4095
0
0
0
0
0
0
0
4095
0
0
0
0
0
0
0
4095
0
0
0
0
0
0
0
4095
0
0
0
0
0
0
0
4095
0
0
0
0
0
0
0
4095
0
0
0
0
0
0
0
4095
0
0
0
0
0
0
0
4095
0
0
0
0
0
0
0
4095
0
0
0
0
0
0
0
4095
0
0
0
0
0
0
0
4095
0
0
0
0
0
0
0
4095
0
0
0
0
0
0
0
4095
0
0
0
0
0
0
0
4095
0
0
0
0
0
0
0
4095
0
0
0
0
0
0
0
4095
0
0
0
0
0
0
0
4095
0
0
0
0
0
0
0
4095
0
0
0
0
0
0
0
4095
0
0
0
0
0
0
0
4095
0
0
0
0
0
0
0
4095
0
0
0
0
0
0
0
4095
0
0
0
0
0
0
0
4095
0
0
0
0
0
0
0
4095
0
0
0
0
0
0
0
4095
0
0
0
0
0
0
0
4095
0
0
0
0
0
0
0
4095
0
0
0
0
0
0
0
4095
0
0
0
0
0
0
0
4095
0
0
0
0
0
0
0
4095
0
0
0
0
0
0
0
4095
0
0
0
0
0
0
0
4095
0
0
0
0
0
0
0
4095
0
0
0
0
0
0
0
4095
0
0
0
0
0
0
0
4095
0
0
0
0
0
0
0
4095
0
0
0
0
0
0
0
4095
0
0
0
0
0
0
0
4095
0
0
0
0
0
0
0
4095
0
0
0
0
0
0
0
4095
0
0
0
0
0
0
0
4095
0
0
0
0
0
0
0
4095
0
0
0
0
0
0
0
4095
0
0
0
0
0
0
0
4095
0
0
0
0
0
0
0
4095
0
0
0
0
0
0
0
4095
0
0
0
0
0
0
0
4095
0
0
0
0
0
0
0
4095
0
0
0
0
0
0
0
4095
0
0
0
0
0
0
0
4095
0
0
0
0
0
0
0
4095
0
0
0
0
0
0
0
4095
0
0
0
0
0
0
0
4095
0
0
0
0
0
0
0
4095
0
0
0
0
0
0
0
4095
0
0
0
0
0
0
0
4095
0
0
0
0
0
0
0
4095
0
0
0
0
0
0
0
4095
0
0
0
0
0
0
0
4095
0
0
0
0
0
0
0
4095
0
0
0
0
0
0
0
4095
0
0
0
0
0
0
0
4095
0
0
0
0
0
0
0
4095
0
0
0
0
0
0
0
4095
0
0
0
0
0
0
0
4095
0
0
0
0
0
0
0
4095
0
0
0
0
0
0
0
4095
0
0
0
0
0
0
0
4095
0
0
0
0
0
0
0
4095
0
0
0
0
0
0
0
4095
0
0
0
0
0
0
0
4095
0
0
0
0
0
0
0
4095
0
0
0
0
0
0
0
4095
0
0
0
0
0
0
0
4095
0
0
0
0
0
0
0
4095
0
0
0
0
0
0
0
4095
0
0
0
0
0
0
0
4095
0
0
0
0
0
0
0
4095
0
0
0
0
0
0
0
4095
0
0
0
0
0
0
0
4095
0
0
0
0
0
0
0
4095
0
0
0
0
0
0
0
4095
0
0
0
0
0
0
0
4095
0
0
0
0
0
0
0
4095
0
0
0
0
0
0
0
4095
0
0
0
0
0
0
0
4095
0
0
0
0
0
0
0
4095
0
0
0
0
0
0
0
4095
0
0
0
0
0
0
0
4095
0
0
0
0
0
0
0
4095
0
0
0
0
0
0
0
4095
0
0
0
0
0
0
0
4095
0
0
0
0
0
0
0
4095
0
0
0
0
0
0
0
4095
0
0
0
0
0
0
0
4095
0
0
0
0
0
0
0
4095
0
0
0
0
0
0
0
4095
0
0
0
0
0
0
0
4095
0
0
0
0
0
0
0
4095
0
0
0
0
0
0
0
4095
0
0
0
0
0
0
0
4095
0
0
0
0
0
0
0
4095
0
0
0
0
0
0
0
4095
0
0
0
0
0
0
0
4095
0
0
0
0
0
0
0
4095
0
0
0
0
0
0
0
4095
0
0
0
0
0
0
0
4095
0
0
0
0
0
0
0
4095
0
0
0
0
0
0
0
4095
0
0
0
0
0
0
0
4095
0
0
0
0
0
0
0
4095
0
0
0
0
0
0
0
4095
0
0
0
0
0
0
0
4095
0
0
0
0
0
0
0
4095
0
0
0
0
0
0
0
4095
0
0
0
0
0
0
0
4095
0
0
0
0
0
0
0
4095
0
0
0
0
0
0
0
4095
0
0
0
0
0
0
0
4095
0
0
0
0
0
0
0
4095
0
0
0
0
0
0
0
4095
0
0
0
0
0
0
0
4095
0
0
0
0
0
0
0
4095
0
0
0
0
0
0
0
4095
0
0
0
0
0
0
0
4095
0
0
0
0
0
0
0
4095
0
0
0
0
0
0
0
4095
0
0
0
0
0
0
0
4095
0
0
0
0
0
0
0
4095
0
0
0
0
0
0
0
4095
0
0
0
0
0
0
0
4095
0
0
0
0
0
0
0
4095
0
0
0
0
0
0
0
4095
0
0
0
0
0
0
0
4095
0
0
0
0
0
0
0
4095
0
0
0
0
0
0
0
4095
0
0
0
0
0
0
0
4095
0
0
0
0
0
0
0
4095
0
0
0
0
0
0
0
4095
0
0
0
0
0
0
0
4095
0
0
0
0
0
0
0
4095
0
0
0
0
0
0
0
4095
0
0
0
0
0
0
0
4095
0
0
0
0
0
0
0
4095
0
0
0
0
0
0
0
4095
0
0
0
0
0
0
0
4095
0
0
0
0
0
0
0
4095
0
0
0
0
0
0
0
4095
0
0
0
0
0
0
0
4095
0
0
0
0
0
0
0
4095
0
0
0
0
0
0
0
4095
0
0
0
0
0
0
0
4095
0
0
0
0
0
0
0
4095
0
0
0
0
0
0
0
4095
0
0
0
0
0
0
0
4095
0
0
0
0
0
0
0
4095
0
0
0
0
0
0
0
4095
0
0
0
0
0
0
0
4095
0
0
0
0
0
0
0
4095
0
0
0
0
0
0
0
4095
0
0
0
0
0
0
0
4095
0
0
0
0
0
0
0
4095
0
0
0
0
0
0
0
4095
0
0
0
0
0
0
0
4095
0
0
0
0
0
0
0
4095
0
0
0
0
0
0
0
4095
0
0
0
0
0
0
0
4095
0
0
0
0
0
0
0
4095
0
0
0
0
0
0
0
4095
0
0
0
0
0
0
0
4095
0
0
0
0
0
0
0
4095
0
0
0
0
0
0
0
4095
0
0
0
0
0
0
0
4095
0
0
0
0
0
0
0
4095
0
0
0
0
0
0
0
4095
0
0
0
0
0
0
0
4095
0
0
0
0
0
0
0
4095
0
0
0
0
0
0
0
4095
0
0
0
0
0
0
0
4095
0
0
0
0
0
0
0
4095
0
0
0
0
0
0
0
4095
0
0
0
0
0
0
0
4095
0
0
0
0
0
0
0
4095
0
0
0
0
0
0
0
4095
0
0
0
0
0
0
0
4095
0
0
0
0
0
0
0
4095
0
0
0
0
0
0
0
4095
0
0
0
0
0
0
0
4095
0
0
0
0
0
0
0
4095
0
0
0
0
0
0
0
4095
0
0
0
0
0
0
0
4095
0
0
0
0
0
0
0
4095
0
0
0
0
0
0
0
4095
0
0
0
0
0
0
0
4095
0
0
0
0
0
0
0
4095
0
0
0
0
0
0
0
4095
0
0
0
0
0
0
0
4095
0
0
0
0
0
0
0
4095
0
0
0
0
0
0
0
4095
0
0
0
0
0
0
0
4095
0
0
0
0
0
0
0
4095
0
0
0
0
0
0
0
4095
0
0
0
0
0
0
0
4095
0
0
0
0
0
0
0
4095
0
0
0
0
0
0
0
4095
0
0
0
0
0
0
0
4095
0
0
0
0
0
0
0
4095
0
0
0
0
0
0
0
4095
0
0
0
0
0
0
0
4095
0
0
0
0
0
0
0
4095
0
0
0
0
0
0
0
4095
0
0
0
0
0
0
0
4095
0
0
0
0
0
0
0
4095
0
0
0
0
0
0
0
4095
0
0
0
0
0
0
0
4095
0
0
0
0
0
0
0
4095
0
0
0
0
0
0
0
4095
0
0
0
0
0
0
0
4095
0
0
0
0
0
0
0
4095
0
0
0
0
0
0
0
4095
0
0
0
0
0
0
0
4095
0
0
0
0
0
0
0
4095
0
0
0
0
0
0
0
4095
0
0
0
0
0
0
0
4095
0
0
0
0
0
0
0
4095
0
0
0
0
0
0
0
4095
0
0
0
0
0
0
0
4095
0
0
0
0
0
0
0
4095
0
0
0
0
0
0
0
4095
0
0
0
0
0
0
0
4095
0
0
0
0
0
0
0
4095
0
0
0
0
0
0
0
4095
0
0
0
0
0
0
0
4095
0
0
0
0
0
0
0
4095
0
0
0
0
0
0
0
4095
0
0
0
0
0
0
0
4095
0
0
0
0
0
0
0
4095
0
0
0
0
0
0
0
4095
0
0
0
0
0
0
0
4095
0
0
0
0
0
0
0
4095
0
0
0
0
0
0
0
4095
0
0
0
0
0
0
0
4095
0
0
0
0
0
0
0
4095
0
0
0
0
0
0
0
4095
0
0
0
0
0
0
0
4095
0
0
0
0
0
0
0
4095
0
0
0
0
0
0
0
4095
0
0
0
0
0
0
0
4095
0
0
0
0
0
0
0
4095
0
0
0
0
0
0
0
4095
0
0
0
0
0
0
0
4095
0
0
0
0
0
0
0
4095
0
0
0
0
0
0
0
4095
0
0
0
0
0
0
0
4095
0
0
0
0
0
0
0
4095
0
0
0
0
0
0
0
4095
0
0
0
0
0
0
0
4095
0
0
0
0
0
0
0
4095
0
0
0
0
0
0
0
4095
0
0
0
0
0
0
0
4095
0
0
0
0
0
0
0
4095
0
0
0
0
0
0
0
4095
0
0
0
0
0
0
0
4095
0
0
0
0
0
0
0
4095
0
0
0
0
0
0
0
4095
0
0
0
0
0
0
0
4095
0
0
0
0
0
0
0
4095
0
0
0
0
0
0
0
4095
0
0
0
0
0
0
0
4095
0
0
0
0
0
0
0
4095
0
0
0
0
0
0
0
4095
0
0
0
0
0
0
0
4095
0
0
0
0
0
0
0
4095
0
0
0
0
0
0
0
4095
0
0
0
0
0
0
0
4095
0
0
0
0
0
0
0
4095
0
0
0
0
0
0
0
4095
0
0
0
0
0
0
0
4095
0
0
0
0
0
0
0
4095
0
0
0
0
0
0
0
4095
0
0
0
0
0
0
0
4095
0
0
0
0
0
0
0
4095
0
0
0
0
0
0
0
4095
0
0
0
0
0
0
0
4095
0
0
0
0
0
0
0
4095
0
0
0
0
0
0
0
4095
0
0
0
0
0
0
0
4095
0
0
0
0
0
0
0
4095
0
0
0
0
0
0
0
4095
0
0
0
0
0
0
0
4095
0
0
0
0
0
0
0
4095
0
0
0
0
0
0
0
4095
0
0
0
0
0
0
0
4095
0
0
0
0
0
0
0
4095
0
0
0
0
0
0
0
4095
0
0
0
0
0
0
0
4095
0
0
0
0
0
0
0
4095
0
0
0
0
0
0
0
4095
0
0
0
0
0
0
0
4095
0
0
0
0
0
0
0
4095
0
0
0
0
0
0
0
4095
0
0
0
0
0
0
0
4095
0
0
0
0
0
0
0
4095
0
0
0
0
0
0
0
4095
0
0
0
0
0
0
0
4095
0
0
0
0
0
0
0
4095
0
0
0
0
0
0
0
4095
0
0
0
0
0
0
0
4095
0
0
0
0
0
0
0
4095
0
0
0
0
0
0
0
4095
0
0
0
0
0
0
0
4095
0
0
0
0
0
0
0
4095
0
0
0
0
0
0
0
4095
0
0
0
0
0
0
0
4095
0
0
0
0
0
0
0
4095
0
0
0
0
0
0
0
4095
0
0
0
0
0
0
0
4095
0
0
0
0
0
0
0
4095
0
0
0
0
0
0
0
4095
0
0
0
0
0
0
0
4095
0
0
0
0
0
0
0
4095
0
0
0
0
0
0
0
4095
0
0
0
0
0
0
0
4095
0
0
0
0
0
0
0
4095
0
0
0
0
0
0
0
4095
0
0
0
0
0
0
0
4095
0
0
0
0
0
0
0
4095
0
0
0
0
0
0
0
4095
0
0
0
0
0
0
0
4095
0
0
0
0
0
0
0
4095
0
0
0
0
0
0
0
4095
0
0
0
0
0
0
0
4095
0
0
0
0
0
0
0
4095
0
0
0
0
0
0
0
4095
0
0
0
0
0
0
0
4095
0
0
0
0
0
0
0
4095
0
0
0
0
0
0
0
4095
0
0
0
0
0
0
0
4095
0
0
0
0
0
0
0
4095
0
0
0
0
0
0
0
4095
0
0
0
0
0
0
0
4095
0
0
0
0
0
0
0
4095
0
0
0
0
0
0
0
4095
0
0
0
0
0
0
0
4095
0
0
0
0
0
0
0
4095
0
0
0
0
0
0
0
4095
0
0
0
0
0
0
0
4095
0
0
0
0
0
0
0
4095
0
0
0
0
0
0
0
4095
0
0
0
0
0
0
0
4095
0
0
0
0
0
0
0
4095
0
0
0
0
0
0
0
4095
0
0
0
0
0
0
0
4095
0
0
0
0
0
0
0
4095
0
0
0
0
0
0
0
4095
0
0
0
0
0
0
0
4095
0
0
0
0
0
0
0
4095
0
0
0
0
0
0
0
4095
0
0
0
0
0
0
0
4095
0
0
0
0
0
0
0
4095
0
0
0
0
0
0
0
4095
0
0
0
0
0
0
0
4095
0
0
0
0
0
0
0
4095
0
0
0
0
0
0
0
4095
0
0
0
0
0
0
0
4095
0
0
0
0
0
0
0
4095
0
0
0
0
0
0
0
4095
0
0
0
0
0
0
0
4095
0
0
0
0
0
0
0
4095
0
0
0
0
0
0
0
4095
0
0
0
0
0
0
0
4095
0
0
0
0
0
0
0
4095
0
0
0
0
0
0
0
4095
0
0
0
0
0
0
0
4095
0
0
0
0
0
0
0
4095
0
0
0
0
0
0
0
4095
0
0
0
0
0
0
0
4095
0
0
0
0
0
0
0
4095
0
0
0
0
0
0
0
4095
0
0
0
0
0
0
0
4095
0
0
0
0
0
0
0
4095
0
0
0
0
0
0
0
4095
0
0
0
0
0
0
0
4095
0
0
0
0
0
0
0
4095
0
0
0
0
0
0
0
4095
0
0
0
0
0
0
0
4095
0
0
0
0
0
0
0
4095
0
0
0
0
0
0
0
4095
0
0
0
0
0
0
0
4095
0
0
0
0
0
0
0
4095
0
0
0
0
0
0
0
4095
0
0
0
0
0
0
0
4095
0
0
0
0
0
0
0
4095
0
0
0
0
0
0
0
4095
0
0
0
0
0
0
0
4095
0
0
0
0
0
0
0
4095
0
0
0
0
0
0
0
4095
0
0
0
0
0
0
0
4095
0
0
0
0
0
0
0
4095
0
0
0
0
0
0
0
4095
0
0
0
0
0
0
0
4095
0
0
0
0
0
0
0
4095
0
0
0
0
0
0
0
4095
0
0
0
0
0
0
0
4095
0
0
0
0
0
0
0
4095
0
0
0
0
0
0
0
4095
0
0
0
0
0
0
0
4095
0
0
0
0
0
0
0
4095
0
0
0
0
0
0
0
4095
0
0
0
0
0
0
0
4095
0
0
0
0
0
0
0
4095
0
0
0
0
0
0
0
4095
0
0
0
0
0
0
0
4095
0
0
0
0
0
0
0
4095
0
0
0
0
0
0
0
4095
0
0
0
0
0
0
0
4095
0
0
0
0
0
0
0
4095
0
0
0
0
0
0
0
4095
0
0
0
0
0
0
0
4095
0
0
0
0
0
0
0
4095
0
0
0
0
0
0
0
4095
0
0
0
0
0
0
0
4095
0
0
0
0
0
0
0
4095
0
0
0
0
0
0
0
4095
0
0
0
0
0
0
0
4095
0
0
0
0
0
0
0
4095
0
0
0
0
0
0
0
4095
0
0
0
0
0
0
0
4095
0
0
0
0
0
0
0
4095
0
0
0
0
0
0
0
4095
0
0
0
0
0
0
0
4095
0
0
0
0
0
0
0
4095
0
0
0
0
0
0
0
4095
0
0
0
0
0
0
0
4095
0
0
0
0
0
0
0
4095
0
0
0
0
0
0
0
4095
0
0
0
0
0
0
0
4095
0
0
0
0
0
0
0
4095
0
0
0
0
0
0
0
4095
0
0
0
0
0
0
0
4095
0
0
0
0
0
0
0
4095
0
0
0
0
0
0
0
4095
0
0
0
0
0
0
0
4095
0
0
0
0
0
0
0
4095
0
0
0
0
0
0
0
4095
0
0
0
0
0
0
0
4095
0
0
0
0
0
0
0
4095
0
0
0
0
0
0
0
4095
0
0
0
0
0
0
0
4095
0
0
0
0
0
0
0
4095
0
0
0
0
0
0
0
4095
0
0
0
0
0
0
0
4095
0
0
0
0
0
0
0
4095
0
0
0
0
0
0
0
4095
0
0
0
0
0
0
0
4095
0
0
0
0
0
0
0
4095
0
0
0
0
0
0
0
4095
0
0
0
0
0
0
0
4095
0
0
0
0
0
0
0
4095
0
0
0
0
0
0
0
4095
0
0
0
0
0
0
0
4095
0
0
0
0
0
0
0
4095
0
0
0
0
0
0
0
4095
0
0
0
0
0
0
0
4095
0
0
0
0
0
0
0
4095
0
0
0
0
0
0
0
4095
0
0
0
0
0
0
0
4095
0
0
0
0
0
0
0
4095
0
0
0
0
0
0
0
4095
0
0
0
0
0
0
0
4095
0
0
0
0
0
0
0
4095
0
0
0
0
0
0
0
4095
0
0
0
0
0
0
0
4095
0
0
0
0
0
0
0
4095
0
0
0
0
0
0
0
4095
0
0
0
0
0
0
0
4095
0
0
0
0
0
0
0
4095
0
0
0
0
0
0
0
4095
0
0
0
0
0
0
0
4095
0
0
0
0
0
0
0
4095
0
0
0
0
0
0
0
4095
0
0
0
0
0
0
0
4095
0
0
0
0
0
0
0
4095
0
0
0
0
0
0
0
4095
0
0
0
0
0
0
0
4095
0
0
0
0
0
0
0
4095
0
0
0
0
0
0
0
4095
0
0
0
0
0
0
0
4095
0
0
0
0
0
0
0
4095
0
0
0
0
0
0
0
4095
0
0
0
0
0
0
0
4095
0
0
0
0
0
0
0
4095
0
0
0
0
0
0
0
4095
0
0
0
0
0
0
0
4095
0
0
0
0
0
0
0
4095
0
0
0
0
0
0
0
4095
0
0
0
0
0
0
0
4095
0
0
0
0
0
0
0
4095
0
0
0
0
0
0
0
4095
0
0
0
0
0
0
0
4095
0
0
0
0
0
0
0
4095
0
0
0
0
0
0
0
4095
0
0
0
0
0
0
0
4095
0
0
0
0
0
0
0
4095
0
0
0
0
0
0
0
4095
0
0
0
0
0
0
0
4095
0
0
0
0
0
0
0
4095
0
0
0
0
0
0
0
4095
0
0
0
0
0
0
0
4095
0
0
0
0
0
0
0
4095
0
0
0
0
0
0
0
4095
0
0
0
0
0
0
0
4095
0
0
0
0
0
0
0
4095
0
0
0
0
0
0
0
4095
0
0
0
0
0
0
0
4095
0
0
0
0
0
0
0
4095
0
0
0
0
0
0
0
4095
0
0
0
0
0
0
0
4095
0
0
0
0
0
0
0
4095
0
0
0
0
0
0
0
4095
0
0
0
0
0
0
0
4095
0
0
0
0
0
0
0
4095
0
0
0
0
0
0
0
4095
0
0
0
0
0
0
0
4095
0
0
0
0
0
0
0
4095
0
0
0
0
0
0
0
4095
0
0
0
0
0
0
0
4095
0
0
0
0
0
0
0
4095
0
0
0
0
0
0
0
4095
0
0
0
0
0
0
0
4095
0
0
0
0
0
0
0
4095
0
0
0
0
0
0
0
4095
0
0
0
0
0
0
0
4095
0
0
0
0
0
0
0
4095
0
0
0
0
0
0
0
4095
0
0
0
0
0
0
0
4095
0
0
0
0
0
0
0
4095
0
0
0
0
0
0
0
4095
0
0
0
0
0
0
0
4095
0
0
0
0
0
0
0
4095
0
0
0
0
0
0
0
4095
0
0
0
0
0
0
0
4095
0
0
0
0
0
0
0
4095
0
0
0
0
0
0
0
4095
0
0
0
0
0
0
0
4095
0
0
0
0
0
0
0
4095
0
0
0
0
0
0
0
4095
0
0
0
0
0
0
0
4095
0
0
0
0
0
0
0
4095
0
0
0
0
0
0
0
4095
0
0
0
0
0
0
0
4095
0
0
0
0
0
0
0
4095
0
0
0
0
0
0
0
4095
0
0
0
0
0
0
0
4095
0
0
0
0
0
0
0
4095
0
0
0
0
0
0
0
4095
0
0
0
0
0
0
0
4095
0
0
0
0
0
0
0
4095
0
0
0
0
0
0
0
4095
0
0
0
0
0
0
0
4095
0
0
0
0
0
0
0
4095
0
0
0
0
0
0
0
4095
0
0
0
0
0
0
0
4095
0
0
0
0
0
0
0
4095
0
0
0
0
0
0
0
4095
0
0
0
0
0
0
0
4095
0
0
0
0
0
0
0
4095
0
0
0
0
0
0
0
4095
0
0
0
0
0
0
0
4095
0
0
0
0
0
0
0
4095
0
0
0
0
0
0
0
4095
0
0
0
0
0
0
0
4095
0
0
0
0
0
0
0
4095
0
0
0
0
0
0
0
4095
0
0
0
0
0
0
0
4095
0
0
0
0
0
0
0
4095
0
0
0
0
0
0
0
4095
0
0
0
0
0
0
0
4095
0
0
0
0
0
0
0
4095
0
0
0
0
0
0
0
4095
0
0
0
0
0
0
0
4095
0
0
0
0
0
0
0
4095
0
0
0
0
0
0
0
4095
0
0
0
0
0
0
0
4095
0
0
0
0
0
0
0
4095
0
0
0
0
0
0
0
4095
0
0
0
0
0
0
0
4095
0
0
0
0
0
0
0
4095
0
0
0
0
0
0
0
4095
0
0
0
0
0
0
0
4095
0
0
0
0
0
0
0
4095
0
0
0
0
0
0
0
4095
0
0
0
0
0
0
0
4095
0
0
0
0
0
0
0
4095
0
0
0
0
0
0
0
4095
0
0
0
0
0
0
0
4095
0
0
0
0
0
0
0
4095
0
0
0
0
0
0
0
4095
0
0
0
0
0
0
0
4095
0
0
0
0
0
0
0
4095
0
0
0
0
0
0
0
4095
0
0
0
0
0
0
0
4095
0
0
0
0
0
0
0
4095
0
0
0
0
0
0
0
4095
0
0
0
0
0
0
0
4095
0
0
0
0
0
0
0
4095
0
0
0
0
0
0
0
4095
0
0
0
0
0
0
0
4095
0
0
0
0
0
0
0
4095
0
0
0
0
0
0
0
4095
0
0
0
0
0
0
0
4095
0
0
0
0
0
0
0
4095
0
0
0
0
0
0
0
4095
0
0
0
0
0
0
0
4095
0
0
0
0
0
0
0
4095
0
0
0
0
0
0
0
4095
0
0
0
0
0
0
0
4095
0
0
0
0
0
0
0
4095
0
0
0
0
0
0
0
4095
0
0
0
0
0
0
0
4095
0
0
0
0
0
0
0
4095
0
0
0
0
0
0
0
4095
0
0
0
0
0
0
0
4095
0
0
0
0
0
0
0
4095
0
0
0
0
0
0
0
4095
0
0
0
0
0
0
0
4095
0
0
0
0
0
0
0
4095
0
0
0
0
0
0
0
4095
0
0
0
0
0
0
0
4095
0
0
0
0
0
0
0
4095
0
0
0
0
0
0
0
4095
0
0
0
0
0
0
0
4095
0
0
0
0
0
0
0
4095
0
0
0
0
0
0
0
4095
0
0
0
0
0
0
0
4095
0
0
0
0
0
0
0
4095
0
0
0
0
0
0
0
4095
0
0
0
0
0
0
0
4095
0
0
0
0
0
0
0
4095
0
0
0
0
0
0
0
4095
0
0
0
0
0
0
0
4095
0
0
0
0
0
0
0
4095
0
0
0
0
0
0
0
4095
0
0
0
0
0
0
0
4095
0
0
0
0
0
0
0
4095
0
0
0
0
0
0
0
4095
0
0
0
0
0
0
0
4095
0
0
0
0
0
0
0
4095
0
0
0
0
0
0
0
4095
0
0
0
0
0
0
0
4095
0
0
0
0
0
0
0
4095
0
0
0
0
0
0
0
4095
0
0
0
0
0
0
0
4095
0
0
0
0
0
0
0
4095
0
0
0
0
0
0
0
4095
0
0
0
0
0
0
0
4095
0
0
0
0
0
0
0
4095
0
0
0
0
0
0
0
4095
0
0
0
0
0
0
0
4095
0
0
0
0
0
0
0
4095
0
0
0
0
0
0
0
4095
0
0
0
0
0
0
0
4095
0
0
0
0
0
0
0
4095
0
0
0
0
0
0
0
4095
0
0
0
0
0
0
0
4095
0
0
0
0
0
0
0
4095
0
0
0
0
0
0
0
4095
0
0
0
0
0
0
0
4095
0
0
0
0
0
0
0
4095
0
0
0
0
0
0
0
4095
0
0
0
0
0
0
0
4095
0
0
0
0
0
0
0
4095
0
0
0
0
0
0
0
4095
0
0
0
0
0
0
0
4095
0
0
0
0
0
0
0
4095
0
0
0
0
0
0
0
4095
0
0
0
0
0
0
0
4095
0
0
0
0
0
0
0
4095
0
0
0
0
0
0
0
4095
0
0
0
0
0
0
0
4095
0
0
0
0
0
0
0
4095
0
0
0
0
0
0
0
4095
0
0
0
0
0
0
0
4095
0
0
0
0
0
0
0
4095
0
0
0
0
0
0
0
4095
0
0
0
0
0
0
0
4095
0
0
0
0
0
0
0
4095
0
0
0
0
0
0
0
4095
0
0
0
0
0
0
0
4095
0
0
0
0
0
0
0
4095
0
0
0
0
0
0
0
4095
0
0
0
0
0
0
0
4095
0
0
0
0
0
0
0
4095
0
0
0
0
0
0
0
4095
0
0
0
0
0
0
0
4095
0
0
0
0
0
0
0
4095
0
0
0
0
0
0
0
4095
0
0
0
0
0
0
0
4095
0
0
0
0
0
0
0
4095
0
0
0
0
0
0
0
4095
0
0
0
0
0
0
0
4095
0
0
0
0
0
0
0
4095
0
0
0
0
0
0
0
4095
0
0
0
0
0
0
0
4095
0
0
0
0
0
0
0
4095
0
0
0
0
0
0
0
4095
0
0
0
0
0
0
0
4095
0
0
0
0
0
0
0
4095
0
0
0
0
0
0
0
4095
0
0
0
0
0
0
0
4095
0
0
0
0
0
0
0
4095
0
0
0
0
0
0
0
4095
0
0
0
0
0
0
0
4095
0
0
0
0
0
0
0
4095
0
0
0
0
0
0
0
4095
0
0
0
0
0
0
0
4095
0
0
0
0
0
0
0
4095
0
0
0
0
0
0
0
4095
0
0
0
0
0
0
0
4095
0
0
0
0
0
0
0
4095
0
0
0
0
0
0
0
4095
0
0
0
0
0
0
0
4095
0
0
0
0
0
0
0
4095
0
0
0
0
0
0
0
4095
0
0
0
0
0
0
0
4095
0
0
0
0
0
0
0
4095
0
0
0
0
0
0
0
4095
0
0
0
0
0
0
0
4095
0
0
0
0
0
0
0
4095
0
0
0
0
0
0
0
4095
0
0
0
0
0
0
0
4095
0
0
0
0
0
0
0
4095
0
0
0
0
0
0
0
4095
0
0
0
0
0
0
0
4095
0
0
0
0
0
0
0
4095
0
0
0
0
0
0
0
4095
0
0
0
0
0
0
0
4095
0
0
0
0
0
0
0
4095
0
0
0
0
0
0
0
4095
0
0
0
0
0
0
0
4095
0
0
0
0
0
0
0
4095
0
0
0
0
0
0
0
4095
0
0
0
0
0
0
0
4095
0
0
0
0
0
0
0
4095
0
0
0
0
0
0
0
4095
0
0
0
0
0
0
0
4095
0
0
0
0
0
0
0
4095
0
0
0
0
0
0
0
4095
0
0
0
0
0
0
0
4095
0
0
0
0
0
0
0
4095
0
0
0
0
0
0
0
4095
0
0
0
0
0
0
0
4095
0
0
0
0
0
0
0
4095
0
0
0
0
0
0
0
4095
0
0
0
0
0
0
0
4095
0
0
0
0
0
0
0
4095
0
0
0
0
0
0
0
4095
0
0
0
0
0
0
0
4095
0
0
0
0
0
0
0
4095
0
0
0
0
0
0
0
4095
0
0
0
0
0
0
0
4095
0
0
0
0
0
0
0
4095
0
0
0
0
0
0
0
4095
0
0
0
0
0
0
0
4095
0
0
0
0
0
0
0
4095
0
0
0
0
0
0
0
4095
0
0
0
0
0
0
0
4095
0
0
0
0
0
0
0
4095
0
0
0
0
0
0
0
4095
0
0
0
0
0
0
0
4095
0
0
0
0
0
0
0
4095
0
0
0
0
0
0
0
4095
0
0
0
0
0
0
0
4095
0
0
0
0
0
0
0
4095
0
0
0
0
0
0
0
4095
0
0
0
0
0
0
0
4095
0
0
0
0
0
0
0
4095
0
0
0
0
0
0
0
4095
0
0
0
0
0
0
0
4095
0
0
0
0
0
0
0
4095
0
0
0
0
0
0
0
4095
0
0
0
0
0
0
0
4095
0
0
0
0
0
0
0
4095
0
0
0
0
0
0
0
4095
0
0
0
0
0
0
0
4095
0
0
0
0
0
0
0
4095
0
0
0
0
0
0
0
4095
0
0
0
0
0
0
0
4095
0
0
0
0
0
0
0
4095
0
0
0
0
0
0
0
4095
0
0
0
0
0
0
0
4095
0
0
0
0
0
0
0
4095
0
0
0
0
0
0
0
4095
0
0
0
0
0
0
0
4095
0
0
0
0
0
0
0
4095
0
0
0
0
0
0
0
4095
0
0
0
0
0
0
0
4095
0
0
0
0
0
0
0
4095
0
0
0
0
0
0
0
4095
0
0
0
0
0
0
0
4095
0
0
0
0
0
0
0
4095
0
0
0
0
0
0
0
4095
0
0
0
0
0
0
0
4095
0
0
0
0
0
0
0
4095
0
0
0
0
0
0
0
4095
0
0
0
0
0
0
0
4095
0
0
0
0
0
0
0
4095
0
0
0
0
0
0
0
4095
0
0
0
0
0
0
0
