0
4095
0
0
0
0
0
0
4095
0
0
0
0
0
0
0
0
4095
0
0
0
0
0
0
4095
0
0
0
0
0
0
0
4095
4095
0
0
0
0
0
0
0
0
0
0
0
0
0
0
4095
4095
0
0
0
0
0
0
0
0
0
0
0
0
0
0
4095
4095
0
0
0
0
0
0
0
0
0
0
0
0
0
0
4095
4095
0
0
0
0
0
0
0
0
0
0
0
0
0
0
4095
4095
0
0
0
0
0
0
0
0
0
0
0
0
0
0
4095
4095
0
0
0
0
0
0
0
0
0
0
0
0
0
0
4095
4095
0
0
0
0
0
0
0
0
0
0
0
0
0
0
4095
4095
0
0
0
0
0
0
0
0
0
0
0
0
0
0
4095
4095
0
0
0
0
0
0
0
0
0
0
0
0
0
0
4095
4095
0
0
0
0
0
0
4092
4091
0
0
0
0
0
0
4092
4092
0
0
0
0
0
0
0
4095
0
0
0
0
0
0
4091
4091
0
0
0
0
0
0
4092
4093
0
0
0
0
0
0
0
0
0
0
0
0
0
0
4091
4092
0
0
0
0
0
0
4093
4093
0
0
0
0
0
0
2
0
0
0
0
0
0
0
4090
4090
0
0
0
0
0
0
4094
4095
0
0
0
0
0
0
2
1
0
0
0
0
0
0
4088
4086
0
0
0
0
0
0
2
4
0
0
0
0
0
0
3
2
0
0
0
0
0
0
4085
4085
0
0
0
0
0
0
4
6
0
0
0
0
0
0
2
0
0
0
0
0
0
0
4079
4080
0
0
0
0
0
0
11
12
0
0
0
0
0
0
4095
4091
0
0
0
0
0
0
4078
4079
0
0
0
0
0
0
17
17
0
0
0
0
0
0
4090
4085
0
0
0
0
0
0
4076
4080
0
0
0
0
0
0
25
24
0
0
0
0
0
0
4080
4076
0
0
0
0
0
0
4078
4082
0
0
0
0
0
0
32
30
0
0
0
0
0
0
4070
4065
0
0
0
0
0
0
4083
4089
0
0
0
0
0
0
38
34
0
0
0
0
0
0
4056
4054
0
0
0
0
0
0
4093
6
0
0
0
0
0
0
40
32
0
0
0
0
0
0
4044
4043
0
0
0
0
0
0
11
19
0
0
0
0
0
0
38
28
0
0
0
0
0
0
4031
4033
0
0
0
0
0
0
28
38
0
0
0
0
0
0
29
18
0
0
0
0
0
0
4023
4027
0
0
0
0
0
0
48
56
0
0
0
0
0
0
16
1
0
0
0
0
0
0
4017
4026
0
0
0
0
0
0
69
74
0
0
0
0
0
0
4092
4076
0
0
0
0
0
0
4018
4031
0
0
0
0
0
0
89
91
0
0
0
0
0
0
4067
4050
0
0
0
0
0
0
4026
4044
0
0
0
0
0
0
106
104
0
0
0
0
0
0
4037
4022
0
0
0
0
0
0
4044
4065
0
0
0
0
0
0
119
109
0
0
0
0
0
0
4006
3993
0
0
0
0
0
0
4070
4094
0
0
0
0
0
0
122
107
0
0
0
0
0
0
3973
3965
0
0
0
0
0
0
7
32
0
0
0
0
0
0
116
93
0
0
0
0
0
0
3945
3943
0
0
0
0
0
0
48
73
0
0
0
0
0
0
98
70
0
0
0
0
0
0
3923
3929
0
0
0
0
0
0
92
114
0
0
0
0
0
0
68
35
0
0
0
0
0
0
3911
3926
0
0
0
0
0
0
139
155
0
0
0
0
0
0
27
4087
0
0
0
0
0
0
3912
3936
0
0
0
0
0
0
182
190
0
0
0
0
0
0
4071
4034
0
0
0
0
0
0
3927
3960
0
0
0
0
0
0
217
216
0
0
0
0
0
0
4012
3976
0
0
0
0
0
0
3958
3999
0
0
0
0
0
0
242
230
0
0
0
0
0
0
3951
3920
0
0
0
0
0
0
4004
4051
0
0
0
0
0
0
251
229
0
0
0
0
0
0
3889
3867
0
0
0
0
0
0
4064
19
0
0
0
0
0
0
245
210
0
0
0
0
0
0
3834
3823
0
0
0
0
0
0
42
92
0
0
0
0
0
0
216
170
0
0
0
0
0
0
3789
3792
0
0
0
0
0
0
122
167
0
0
0
0
0
0
170
113
0
0
0
0
0
0
3764
3781
0
0
0
0
0
0
202
240
0
0
0
0
0
0
104
40
0
0
0
0
0
0
3756
3789
0
0
0
0
0
0
280
306
0
0
0
0
0
0
21
4051
0
0
0
0
0
0
3774
3822
0
0
0
0
0
0
347
358
0
0
0
0
0
0
4020
3956
0
0
0
0
0
0
3817
3880
0
0
0
0
0
0
397
390
0
0
0
0
0
0
3917
3859
0
0
0
0
0
0
3884
3958
0
0
0
0
0
0
425
398
0
0
0
0
0
0
3815
3768
0
0
0
0
0
0
3976
4056
0
0
0
0
0
0
426
379
0
0
0
0
0
0
3720
3689
0
0
0
0
0
0
4085
71
0
0
0
0
0
0
395
329
0
0
0
0
0
0
3641
3630
0
0
0
0
0
0
112
191
0
0
0
0
0
0
333
251
0
0
0
0
0
0
3587
3598
0
0
0
0
0
0
239
309
0
0
0
0
0
0
242
147
0
0
0
0
0
0
3561
3598
0
0
0
0
0
0
363
418
0
0
0
0
0
0
123
21
0
0
0
0
0
0
3571
3632
0
0
0
0
0
0
477
510
0
0
0
0
0
0
4080
3977
0
0
0
0
0
0
3617
3700
0
0
0
0
0
0
566
574
0
0
0
0
0
0
3929
3833
0
0
0
0
0
0
3700
3802
0
0
0
0
0
0
624
603
0
0
0
0
0
0
3773
3691
0
0
0
0
0
0
3820
3936
0
0
0
0
0
0
646
595
0
0
0
0
0
0
3626
3564
0
0
0
0
0
0
3968
4091
0
0
0
0
0
0
623
544
0
0
0
0
0
0
3497
3462
0
0
0
0
0
0
44
166
0
0
0
0
0
0
556
452
0
0
0
0
0
0
3399
3395
0
0
0
0
0
0
226
338
0
0
0
0
0
0
447
321
0
0
0
0
0
0
3338
3369
0
0
0
0
0
0
410
503
0
0
0
0
0
0
297
156
0
0
0
0
0
0
3325
3391
0
0
0
0
0
0
579
647
0
0
0
0
0
0
113
4062
0
0
0
0
0
0
3363
3462
0
0
0
0
0
0
723
759
0
0
0
0
0
0
4004
3862
0
0
0
0
0
0
3453
3582
0
0
0
0
0
0
828
827
0
0
0
0
0
0
3789
3659
0
0
0
0
0
0
3593
3744
0
0
0
0
0
0
889
846
0
0
0
0
0
0
3576
3470
0
0
0
0
0
0
3778
3944
0
0
0
0
0
0
892
808
0
0
0
0
0
0
3385
3311
0
0
0
0
0
0
3998
71
0
0
0
0
0
0
835
713
0
0
0
0
0
0
3226
3191
0
0
0
0
0
0
143
307
0
0
0
0
0
0
717
562
0
0
0
0
0
0
3115
3125
0
0
0
0
0
0
392
538
0
0
0
0
0
0
543
364
0
0
0
0
0
0
3061
3117
0
0
0
0
0
0
632
748
0
0
0
0
0
0
321
129
0
0
0
0
0
0
3072
3175
0
0
0
0
0
0
846
923
0
0
0
0
0
0
63
3963
0
0
0
0
0
0
3152
3297
0
0
0
0
0
0
1018
1049
0
0
0
0
0
0
3879
3694
0
0
0
0
0
0
3300
3482
0
0
0
0
0
0
1132
1110
0
0
0
0
0
0
3596
3435
0
0
0
0
0
0
3509
3716
0
0
0
0
0
0
1177
1103
0
0
0
0
0
0
3329
3202
0
0
0
0
0
0
3772
3992
0
0
0
0
0
0
1149
1023
0
0
0
0
0
0
3093
3014
0
0
0
0
0
0
4071
195
0
0
0
0
0
0
1043
869
0
0
0
0
0
0
2914
2889
0
0
0
0
0
0
293
498
0
0
0
0
0
0
859
648
0
0
0
0
0
0
2798
2832
0
0
0
0
0
0
610
786
0
0
0
0
0
0
609
372
0
0
0
0
0
0
2763
2858
0
0
0
0
0
0
906
1040
0
0
0
0
0
0
305
57
0
0
0
0
0
0
2813
2963
0
0
0
0
0
0
1159
1237
0
0
0
0
0
0
4060
3815
0
0
0
0
0
0
2950
3152
0
0
0
0
0
0
1347
1363
0
0
0
0
0
0
3702
3476
0
0
0
0
0
0
3171
3412
0
0
0
0
0
0
1459
1410
0
0
0
0
0
0
3350
3161
0
0
0
0
0
0
3462
3730
0
0
0
0
0
0
1478
1363
0
0
0
0
0
0
3029
2891
0
0
0
0
0
0
3811
4088
0
0
0
0
0
0
1404
1225
0
0
0
0
0
0
2763
2684
0
0
0
0
0
0
100
370
0
0
0
0
0
0
1232
1000
0
0
0
0
0
0
2568
2561
0
0
0
0
0
0
497
742
0
0
0
0
0
0
971
696
0
0
0
0
0
0
2464
2532
0
0
0
0
0
0
881
1082
0
0
0
0
0
0
634
335
0
0
0
0
0
0
2462
2601
0
0
0
0
0
0
1226
1369
0
0
0
0
0
0
240
4029
0
0
0
0
0
0
2565
2773
0
0
0
0
0
0
1506
1580
0
0
0
0
0
0
3907
3614
0
0
0
0
0
0
2775
3039
0
0
0
0
0
0
1701
1696
0
0
0
0
0
0
3471
3209
0
0
0
0
0
0
3078
3386
0
0
0
0
0
0
1796
1708
0
0
0
0
0
0
3055
2843
0
0
0
0
0
0
3462
3793
0
0
0
0
0
0
1775
1609
0
0
0
0
0
0
2689
2545
0
0
0
0
0
0
3905
143
0
0
0
0
0
0
1639
1400
0
0
0
0
0
0
2398
2333
0
0
0
0
0
0
280
596
0
0
0
0
0
0
1389
1090
0
0
0
0
0
0
2206
2227
0
0
0
0
0
0
756
1032
0
0
0
0
0
0
1040
699
0
0
0
0
0
0
2128
2238
0
0
0
0
0
0
1200
1418
0
0
0
0
0
0
609
245
0
0
0
0
0
0
2173
2369
0
0
0
0
0
0
1584
1726
0
0
0
0
0
0
119
3853
0
0
0
0
0
0
2345
2617
0
0
0
0
0
0
1882
1937
0
0
0
0
0
0
3699
3361
0
0
0
0
0
0
2638
2970
0
0
0
0
0
0
2068
2028
0
0
0
0
0
0
3188
2896
0
0
0
0
0
0
3037
3411
0
0
0
0
0
0
2127
1991
0
0
0
0
0
0
2717
2493
0
0
0
0
0
0
3518
3913
0
0
0
0
0
0
2052
1826
0
0
0
0
0
0
2316
2177
0
0
0
0
0
0
4054
346
0
0
0
0
0
0
1841
1535
0
0
0
0
0
0
2017
1974
0
0
0
0
0
0
515
872
0
0
0
0
0
0
1502
1134
0
0
0
0
0
0
1841
1901
0
0
0
0
0
0
1061
1363
0
0
0
0
0
0
1053
645
0
0
0
0
0
0
1804
1967
0
0
0
0
0
0
1555
1782
0
0
0
0
0
0
523
98
0
0
0
0
0
0
1914
2171
0
0
0
0
0
0
1967
2099
0
0
0
0
0
0
4037
3623
0
0
0
0
0
0
2166
2507
0
0
0
0
0
0
2265
2293
0
0
0
0
0
0
3438
3061
0
0
0
0
0
0
2552
2956
0
0
0
0
0
0
2428
2344
0
0
0
0
0
0
2861
2548
0
0
0
0
0
0
3052
3494
0
0
0
0
0
0
2438
2246
0
0
0
0
0
0
2346
2119
0
0
0
0
0
0
3632
4086
0
0
0
0
0
0
2292
2000
0
0
0
0
0
0
1927
1803
0
0
0
0
0
0
164
600
0
0
0
0
0
0
1994
1618
0
0
0
0
0
0
1633
1624
0
0
0
0
0
0
802
1193
0
0
0
0
0
0
1558
1118
0
0
0
0
0
0
1490
1599
0
0
0
0
0
0
1405
1724
0
0
0
0
0
0
1010
534
0
0
0
0
0
0
1510
1733
0
0
0
0
0
0
1938
2161
0
0
0
0
0
0
378
3993
0
0
0
0
0
0
1695
2022
0
0
0
0
0
0
2362
2474
0
0
0
0
0
0
3803
3344
0
0
0
0
0
0
2041
2452
0
0
0
0
0
0
2645
2634
0
0
0
0
0
0
3130
2726
0
0
0
0
0
0
2528
3002
0
0
0
0
0
0
2765
2630
0
0
0
0
0
0
2499
2176
0
0
0
0
0
0
3128
3635
0
0
0
0
0
0
2713
2457
0
0
0
0
0
0
1954
1737
0
0
0
0
0
0
3805
217
0
0
0
0
0
0
2484
2122
0
0
0
0
0
0
1533
1435
0
0
0
0
0
0
424
900
0
0
0
0
0
0
2089
1641
0
0
0
0
0
0
1263
1297
0
0
0
0
0
0
1131
1544
0
0
0
0
0
0
1551
1043
0
0
0
0
0
0
1169
1333
0
0
0
0
0
0
1782
2104
0
0
0
0
0
0
901
364
0
0
0
0
0
0
1259
1548
0
0
0
0
0
0
2334
2544
0
0
0
0
0
0
175
3739
0
0
0
0
0
0
1533
1931
0
0
0
0
0
0
2752
2830
0
0
0
0
0
0
3517
3024
0
0
0
0
0
0
1978
2460
0
0
0
0
0
0
3001
2943
0
0
0
0
0
0
2782
2362
0
0
0
0
0
0
2567
3107
0
0
0
0
0
0
3066
2869
0
0
0
0
0
0
2116
1795
0
0
0
0
0
0
3268
3832
0
0
0
0
0
0
2935
2611
0
0
0
0
0
0
1558
1360
0
0
0
0
0
0
4036
493
0
0
0
0
0
0
2615
2181
0
0
0
0
0
0
1151
1091
0
0
0
0
0
0
731
1235
0
0
0
0
0
0
2120
1601
0
0
0
0
0
0
923
1009
0
0
0
0
0
0
1491
1915
0
0
0
0
0
0
1477
904
0
0
0
0
0
0
893
1121
0
0
0
0
0
0
2171
2486
0
0
0
0
0
0
729
139
0
0
0
0
0
0
1066
1424
0
0
0
0
0
0
2727
2909
0
0
0
0
0
0
4015
3444
0
0
0
0
0
0
1435
1905
0
0
0
0
0
0
3119
3157
0
0
0
0
0
0
3192
2677
0
0
0
0
0
0
1983
2535
0
0
0
0
0
0
3322
3207
0
0
0
0
0
0
2412
1986
0
0
0
0
0
0
2673
3275
0
0
0
0
0
0
3314
3053
0
0
0
0
0
0
1724
1418
0
0
0
0
0
0
3468
4081
0
0
0
0
0
0
3096
2700
0
0
0
0
0
0
1174
1007
0
0
0
0
0
0
221
808
0
0
0
0
0
0
2676
2170
0
0
0
0
0
0
800
788
0
0
0
0
0
0
1072
1593
0
0
0
0
0
0
2077
1493
0
0
0
0
0
0
628
774
0
0
0
0
0
0
1868
2290
0
0
0
0
0
0
1338
708
0
0
0
0
0
0
674
970
0
0
0
0
0
0
2560
2854
0
0
0
0
0
0
498
3961
0
0
0
0
0
0
940
1369
0
0
0
0
0
0
3100
3246
0
0
0
0
0
0
3711
3112
0
0
0
0
0
0
1410
1949
0
0
0
0
0
0
3450
3434
0
0
0
0
0
0
2838
2312
0
0
0
0
0
0
2059
2674
0
0
0
0
0
0
3588
3410
0
0
0
0
0
0
2029
1613
0
0
0
0
0
0
2846
3500
0
0
0
0
0
0
3498
3167
0
0
0
0
0
0
1341
1061
0
0
0
0
0
0
3725
280
0
0
0
0
0
0
3184
2718
0
0
0
0
0
0
818
694
0
0
0
0
0
0
542
1151
0
0
0
0
0
0
2664
2092
0
0
0
0
0
0
492
536
0
0
0
0
0
0
1436
1961
0
0
0
0
0
0
1967
1324
0
0
0
0
0
0
393
602
0
0
0
0
0
0
2251
2656
0
0
0
0
0
0
1136
460
0
0
0
0
0
0
528
893
0
0
0
0
0
0
2931
3194
0
0
0
0
0
0
221
3651
0
0
0
0
0
0
890
1388
0
0
0
0
0
0
3436
3535
0
0
0
0
0
0
3377
2762
0
0
0
0
0
0
1459
2061
0
0
0
0
0
0
3730
3656
0
0
0
0
0
0
2468
1947
0
0
0
0
0
0
2205
2874
0
0
0
0
0
0
3788
3545
0
0
0
0
0
0
1653
1258
0
0
0
0
0
0
3078
3773
0
0
0
0
0
0
3608
3210
0
0
0
0
0
0
982
742
0
0
0
0
0
0
4024
605
0
0
0
0
0
0
3197
2666
0
0
0
0
0
0
503
431
0
0
0
0
0
0
891
1506
0
0
0
0
0
0
2577
1946
0
0
0
0
0
0
245
348
0
0
0
0
0
0
1807
2321
0
0
0
0
0
0
1787
1095
0
0
0
0
0
0
228
505
0
0
0
0
0
0
2618
2997
0
0
0
0
0
0
878
168
0
0
0
0
0
0
456
888
0
0
0
0
0
0
3271
3489
0
0
0
0
0
0
3999
3316
0
0
0
0
0
0
916
1479
0
0
0
0
0
0
3722
3765
0
0
0
0
0
0
3019
2406
0
0
0
0
0
0
1584
2241
0
0
0
0
0
0
3943
3805
0
0
0
0
0
0
2099
1596
0
0
0
0
0
0
2414
3125
0
0
0
0
0
0
3915
3606
0
0
0
0
0
0
1299
938
0
0
0
0
0
0
3359
4080
0
0
0
0
0
0
3639
3173
0
0
0
0
0
0
666
473
0
0
0
0
0
0
260
947
0
0
0
0
0
0
3130
2539
0
0
0
0
0
0
248
234
0
0
0
0
0
0
1250
1857
0
0
0
0
0
0
2420
1738
0
0
0
0
0
0
67
237
0
0
0
0
0
0
2168
2657
0
0
0
0
0
0
1550
821
0
0
0
0
0
0
142
483
0
0
0
0
0
0
2957
3295
0
0
0
0
0
0
576
3942
0
0
0
0
0
0
464
960
0
0
0
0
0
0
3560
3727
0
0
0
0
0
0
3654
2968
0
0
0
0
0
0
1021
1638
0
0
0
0
0
0
3945
3926
0
0
0
0
0
0
2659
2060
0
0
0
0
0
0
1775
2476
0
0
0
0
0
0
4083
3879
0
0
0
0
0
0
1748
1276
0
0
0
0
0
0
2678
3420
0
0
0
0
0
0
3961
3586
0
0
0
0
0
0
981
666
0
0
0
0
0
0
3677
316
0
0
0
0
0
0
3588
3063
0
0
0
0
0
0
406
268
0
0
0
0
0
0
610
1293
0
0
0
0
0
0
2987
2346
0
0
0
0
0
0
61
110
0
0
0
0
0
0
1607
2191
0
0
0
0
0
0
2196
1477
0
0
0
0
0
0
4066
203
0
0
0
0
0
0
2504
2956
0
0
0
0
0
0
1261
511
0
0
0
0
0
0
138
543
0
0
0
0
0
0
3247
3537
0
0
0
0
0
0
245
3604
0
0
0
0
0
0
557
1107
0
0
0
0
0
0
3789
3896
0
0
0
0
0
0
3304
2628
0
0
0
0
0
0
1200
1862
0
0
0
0
0
0
4093
4011
0
0
0
0
0
0
2311
1742
0
0
0
0
0
0
2027
2759
0
0
0
0
0
0
43
3872
0
0
0
0
0
0
1432
1003
0
0
0
0
0
0
2987
3744
0
0
0
0
0
0
3924
3488
0
0
0
0
0
0
716
455
0
0
0
0
0
0
4019
656
0
0
0
0
0
0
3460
2885
0
0
0
0
0
0
213
137
0
0
0
0
0
0
962
1623
0
0
0
0
0
0
2776
2096
0
0
0
0
0
0
4049
67
0
0
0
0
0
0
1942
2492
0
0
0
0
0
0
1917
1176
0
0
0
0
0
0
4050
250
0
0
0
0
0
0
2799
3203
0
0
0
0
0
0
937
179
0
0
0
0
0
0
217
678
0
0
0
0
0
0
3481
3711
0
0
0
0
0
0
3992
3268
0
0
0
0
0
0
723
1321
0
0
0
0
0
0
3943
3987
0
0
0
0
0
0
2956
2309
0
0
0
0
0
0
1442
2137
0
0
0
0
0
0
63
4014
0
0
0
0
0
0
1993
1465
0
0
0
0
0
0
2329
3076
0
0
0
0
0
0
14
3785
0
0
0
0
0
0
1163
786
0
0
0
0
0
0
3324
4080
0
0
0
0
0
0
3802
3316
0
0
0
0
0
0
518
316
0
0
0
0
0
0
272
985
0
0
0
0
0
0
3258
2642
0
0
0
0
0
0
97
84
0
0
0
0
0
0
1298
1927
0
0
0
0
0
0
2505
1800
0
0
0
0
0
0
4024
106
0
0
0
0
0
0
2239
2744
0
0
0
0
0
0
1598
846
0
0
0
0
0
0
24
377
0
0
0
0
0
0
3039
3386
0
0
0
0
0
0
589
3937
0
0
0
0
0
0
374
883
0
0
0
0
0
0
3645
3814
0
0
0
0
0
0
3646
2944
0
0
0
0
0
0
958
1588
0
0
0
0
0
0
4019
4000
0
0
0
0
0
0
2634
2026
0
0
0
0
0
0
1738
2449
0
0
0
0
0
0
45
3935
0
0
0
0
0
0
1718
1240
0
0
0
0
0
0
2661
3411
0
0
0
0
0
0
3998
3620
0
0
0
0
0
0
955
638
0
0
0
0
0
0
3675
317
0
0
0
0
0
0
3608
3079
0
0
0
0
0
0
391
254
0
0
0
0
0
0
612
1294
0
0
0
0
0
0
2991
2347
0
0
0
0
0
0
64
114
0
0
0
0
0
0
1603
2186
0
0
0
0
0
0
2188
1473
0
0
0
0
0
0
4085
223
0
0
0
0
0
0
2490
2937
0
0
0
0
0
0
1250
506
0
0
0
0
0
0
175
577
0
0
0
0
0
0
3211
3497
0
0
0
0
0
0
240
3610
0
0
0
0
0
0
605
1148
0
0
0
0
0
0
3731
3835
0
0
0
0
0
0
3317
2654
0
0
0
0
0
0
1252
1902
0
0
0
0
0
0
4011
3930
0
0
0
0
0
0
2349
1792
0
0
0
0
0
0
2075
2791
0
0
0
0
0
0
4039
3777
0
0
0
0
0
0
1501
1083
0
0
0
0
0
0
3018
3753
0
0
0
0
0
0
3811
3390
0
0
0
0
0
0
816
565
0
0
0
0
0
0
4021
634
0
0
0
0
0
0
3346
2789
0
0
0
0
0
0
346
273
0
0
0
0
0
0
928
1566
0
0
0
0
0
0
2672
2016
0
0
0
0
0
0
113
223
0
0
0
0
0
0
1865
2392
0
0
0
0
0
0
1837
1126
0
0
0
0
0
0
131
416
0
0
0
0
0
0
2676
3060
0
0
0
0
0
0
894
171
0
0
0
0
0
0
400
839
0
0
0
0
0
0
3314
3531
0
0
0
0
0
0
3996
3309
0
0
0
0
0
0
896
1463
0
0
0
0
0
0
3736
3776
0
0
0
0
0
0
3018
2406
0
0
0
0
0
0
1590
2245
0
0
0
0
0
0
3921
3783
0
0
0
0
0
0
2116
1620
0
0
0
0
0
0
2434
3137
0
0
0
0
0
0
3858
3551
0
0
0
0
0
0
1346
994
0
0
0
0
0
0
3374
4080
0
0
0
0
0
0
3554
3098
0
0
0
0
0
0
757
570
0
0
0
0
0
0
254
919
0
0
0
0
0
0
3029
2456
0
0
0
0
0
0
382
371
0
0
0
0
0
0
1204
1786
0
0
0
0
0
0
2320
1667
0
0
0
0
0
0
244
408
0
0
0
0
0
0
2067
2531
0
0
0
0
0
0
1472
779
0
0
0
0
0
0
350
675
0
0
0
0
0
0
2791
3110
0
0
0
0
0
0
541
3950
0
0
0
0
0
0
687
1153
0
0
0
0
0
0
3333
3486
0
0
0
0
0
0
3684
3045
0
0
0
0
0
0
1235
1810
0
0
0
0
0
0
3659
3640
0
0
0
0
0
0
2767
2215
0
0
0
0
0
0
1955
2603
0
0
0
0
0
0
3752
3564
0
0
0
0
0
0
1944
1512
0
0
0
0
0
0
2801
3478
0
0
0
0
0
0
3608
3265
0
0
0
0
0
0
1267
983
0
0
0
0
0
0
3717
285
0
0
0
0
0
0
3238
2763
0
0
0
0
0
0
776
655
0
0
0
0
0
0
548
1158
0
0
0
0
0
0
2671
2097
0
0
0
0
0
0
497
544
0
0
0
0
0
0
1428
1946
0
0
0
0
0
0
1944
1308
0
0
0
0
0
0
451
658
0
0
0
0
0
0
2207
2601
0
0
0
0
0
0
1107
448
0
0
0
0
0
0
631
987
0
0
0
0
0
0
2834
3084
0
0
0
0
0
0
212
3668
0
0
0
0
0
0
1026
1504
0
0
0
0
0
0
3276
3366
0
0
0
0
0
0
3411
2831
0
0
0
0
0
0
1608
2176
0
0
0
0
0
0
3505
3433
0
0
0
0
0
0
2572
2087
0
0
0
0
0
0
2336
2958
0
0
0
0
0
0
3511
3283
0
0
0
0
0
0
1841
1480
0
0
0
0
0
0
3161
3797
0
0
0
0
0
0
3296
2931
0
0
0
0
0
0
1263
1046
0
0
0
0
0
0
4031
545
0
0
0
0
0
0
2881
2401
0
0
0
0
0
0
872
811
0
0
0
0
0
0
795
1342
0
0
0
0
0
0
2290
1728
0
0
0
0
0
0
689
784
0
0
0
0
0
0
1591
2041
0
0
0
0
0
0
1566
959
0
0
0
0
0
0
720
964
0
0
0
0
0
0
2273
2599
0
0
0
0
0
0
758
146
0
0
0
0
0
0
966
1338
0
0
0
0
0
0
2801
2984
0
0
0
0
0
0
4012
3432
0
0
0
0
0
0
1399
1876
0
0
0
0
0
0
3143
3176
0
0
0
0
0
0
3191
2678
0
0
0
0
0
0
1995
2545
0
0
0
0
0
0
3282
3165
0
0
0
0
0
0
2441
2027
0
0
0
0
0
0
2711
3295
0
0
0
0
0
0
3211
2956
0
0
0
0
0
0
1811
1519
0
0
0
0
0
0
3497
4083
0
0
0
0
0
0
2943
2566
0
0
0
0
0
0
1334
1181
0
0
0
0
0
0
210
758
0
0
0
0
0
0
2496
2023
0
0
0
0
0
0
1041
1033
0
0
0
0
0
0
988
1465
0
0
0
0
0
0
1902
1366
0
0
0
0
0
0
943
1078
0
0
0
0
0
0
1689
2067
0
0
0
0
0
0
1199
635
0
0
0
0
0
0
1045
1312
0
0
0
0
0
0
2268
2525
0
0
0
0
0
0
438
3977
0
0
0
0
0
0
1336
1714
0
0
0
0
0
0
2693
2816
0
0
0
0
0
0
3762
3247
0
0
0
0
0
0
1792
2255
0
0
0
0
0
0
2940
2924
0
0
0
0
0
0
3029
2587
0
0
0
0
0
0
2382
2900
0
0
0
0
0
0
3000
2849
0
0
0
0
0
0
2379
2036
0
0
0
0
0
0
3065
3603
0
0
0
0
0
0
2867
2594
0
0
0
0
0
0
1850
1626
0
0
0
0
0
0
3796
225
0
0
0
0
0
0
2559
2184
0
0
0
0
0
0
1475
1380
0
0
0
0
0
0
432
912
0
0
0
0
0
0
2098
1648
0
0
0
0
0
0
1272
1310
0
0
0
0
0
0
1119
1524
0
0
0
0
0
0
1521
1024
0
0
0
0
0
0
1250
1413
0
0
0
0
0
0
1719
2025
0
0
0
0
0
0
859
348
0
0
0
0
0
0
1407
1683
0
0
0
0
0
0
2194
2387
0
0
0
0
0
0
163
3765
0
0
0
0
0
0
1726
2096
0
0
0
0
0
0
2522
2592
0
0
0
0
0
0
3569
3124
0
0
0
0
0
0
2187
2624
0
0
0
0
0
0
2683
2626
0
0
0
0
0
0
2930
2562
0
0
0
0
0
0
2753
3228
0
0
0
0
0
0
2671
2496
0
0
0
0
0
0
2382
2109
0
0
0
0
0
0
3387
3870
0
0
0
0
0
0
2494
2215
0
0
0
0
0
0
1957
1794
0
0
0
0
0
0
4047
411
0
0
0
0
0
0
2165
1803
0
0
0
0
0
0
1676
1631
0
0
0
0
0
0
595
1003
0
0
0
0
0
0
1710
1291
0
0
0
0
0
0
1555
1627
0
0
0
0
0
0
1184
1517
0
0
0
0
0
0
1163
712
0
0
0
0
0
0
1595
1776
0
0
0
0
0
0
1680
1920
0
0
0
0
0
0
559
107
0
0
0
0
0
0
1791
2066
0
0
0
0
0
0
2058
2191
0
0
0
0
0
0
4032
3608
0
0
0
0
0
0
2122
2471
0
0
0
0
0
0
2294
2317
0
0
0
0
0
0
3436
3062
0
0
0
0
0
0
2568
2967
0
0
0
0
0
0
2380
2294
0
0
0
0
0
0
2898
2599
0
0
0
0
0
0
3093
3517
0
0
0
0
0
0
2314
2129
0
0
0
0
0
0
2452
2243
0
0
0
0
0
0
3665
4085
0
0
0
0
0
0
2105
1835
0
0
0
0
0
0
2123
2014
0
0
0
0
0
0
148
538
0
0
0
0
0
0
1774
1439
0
0
0
0
0
0
1927
1924
0
0
0
0
0
0
699
1035
0
0
0
0
0
0
1341
964
0
0
0
0
0
0
1874
1969
0
0
0
0
0
0
1185
1451
0
0
0
0
0
0
840
445
0
0
0
0
0
0
1961
2148
0
0
0
0
0
0
1583
1761
0
0
0
0
0
0
305
4013
0
0
0
0
0
0
2178
2440
0
0
0
0
0
0
1866
1950
0
0
0
0
0
0
3865
3509
0
0
0
0
0
0
2508
2827
0
0
0
0
0
0
2021
2011
0
0
0
0
0
0
3362
3060
0
0
0
0
0
0
2922
3276
0
0
0
0
0
0
2047
1943
0
0
0
0
0
0
2927
2693
0
0
0
0
0
0
3394
3760
0
0
0
0
0
0
1943
1756
0
0
0
0
0
0
2577
2426
0
0
0
0
0
0
3893
150
0
0
0
0
0
0
1720
1468
0
0
0
0
0
0
2337
2274
0
0
0
0
0
0
288
609
0
0
0
0
0
0
1400
1099
0
0
0
0
0
0
2215
2241
0
0
0
0
0
0
742
1010
0
0
0
0
0
0
1006
676
0
0
0
0
0
0
2216
2325
0
0
0
0
0
0
1130
1332
0
0
0
0
0
0
564
228
0
0
0
0
0
0
2332
2514
0
0
0
0
0
0
1434
1559
0
0
0
0
0
0
104
3880
0
0
0
0
0
0
2555
2797
0
0
0
0
0
0
1634
1677
0
0
0
0
0
0
3754
3466
0
0
0
0
0
0
2864
3146
0
0
0
0
0
0
1723
1686
0
0
0
0
0
0
3348
3112
0
0
0
0
0
0
3237
3540
0
0
0
0
0
0
1700
1590
0
0
0
0
0
0
3007
2834
0
0
0
0
0
0
3645
3950
0
0
0
0
0
0
1574
1398
0
0
0
0
0
0
2747
2645
0
0
0
0
0
0
4064
257
0
0
0
0
0
0
1355
1129
0
0
0
0
0
0
2584
2556
0
0
0
0
0
0
370
624
0
0
0
0
0
0
1061
800
0
0
0
0
0
0
2522
2568
0
0
0
0
0
0
730
935
0
0
0
0
0
0
714
437
0
0
0
0
0
0
2562
2673
0
0
0
0
0
0
1027
1173
0
0
0
0
0
0
339
65
0
0
0
0
0
0
2696
2862
0
0
0
0
0
0
1245
1325
0
0
0
0
0
0
4057
3801
0
0
0
0
0
0
2908
3118
0
0
0
0
0
0
1374
1387
0
0
0
0
0
0
3699
3477
0
0
0
0
0
0
3185
3424
0
0
0
0
0
0
1412
1360
0
0
0
0
0
0
3386
3210
0
0
0
0
0
0
3506
3754
0
0
0
0
0
0
1359
1250
0
0
0
0
0
0
3131
3010
0
0
0
0
0
0
3844
4089
0
0
0
0
0
0
1223
1065
0
0
0
0
0
0
2952
2890
0
0
0
0
0
0
84
309
0
0
0
0
0
0
1020
826
0
0
0
0
0
0
2850
2848
0
0
0
0
0
0
398
590
0
0
0
0
0
0
762
547
0
0
0
0
0
0
2835
2889
0
0
0
0
0
0
669
818
0
0
0
0
0
0
472
250
0
0
0
0
0
0
2897
3003
0
0
0
0
0
0
884
983
0
0
0
0
0
0
169
4050
0
0
0
0
0
0
3030
3177
0
0
0
0
0
0
1030
1076
0
0
0
0
0
0
3968
3773
0
0
0
0
0
0
3224
3399
0
0
0
0
0
0
1103
1097
0
0
0
0
0
0
3697
3532
0
0
0
0
0
0
3459
3651
0
0
0
0
0
0
1103
1047
0
0
0
0
0
0
3465
3340
0
0
0
0
0
0
3720
3916
0
0
0
0
0
0
1035
935
0
0
0
0
0
0
3289
3208
0
0
0
0
0
0
3987
78
0
0
0
0
0
0
904
771
0
0
0
0
0
0
3172
3140
0
0
0
0
0
0
149
316
0
0
0
0
0
0
728
571
0
0
0
0
0
0
3123
3137
0
0
0
0
0
0
382
518
0
0
0
0
0
0
514
345
0
0
0
0
0
0
3136
3193
0
0
0
0
0
0
573
674
0
0
0
0
0
0
284
113
0
0
0
0
0
0
3209
3300
0
0
0
0
0
0
716
779
0
0
0
0
0
0
52
3987
0
0
0
0
0
0
3331
3450
0
0
0
0
0
0
805
825
0
0
0
0
0
0
3927
3786
0
0
0
0
0
0
3494
3631
0
0
0
0
0
0
837
819
0
0
0
0
0
0
3732
3618
0
0
0
0
0
0
3682
3828
0
0
0
0
0
0
814
760
0
0
0
0
0
0
3575
3494
0
0
0
0
0
0
3881
4025
0
0
0
0
0
0
742
657
0
0
0
0
0
0
3462
3415
0
0
0
0
0
0
4081
119
0
0
0
0
0
0
627
522
0
0
0
0
0
0
3398
3386
0
0
0
0
0
0
169
285
0
0
0
0
0
0
481
362
0
0
0
0
0
0
3381
3401
0
0
0
0
0
0
327
419
0
0
0
0
0
0
318
194
0
0
0
0
0
0
3411
3461
0
0
0
0
0
0
453
518
0
0
0
0
0
0
148
27
0
0
0
0
0
0
3482
3555
0
0
0
0
0
0
540
574
0
0
0
0
0
0
4078
3968
0
0
0
0
0
0
3584
3675
0
0
0
0
0
0
584
589
0
0
0
0
0
0
3927
3833
0
0
0
0
0
0
3711
3810
0
0
0
0
0
0
590
568
0
0
0
0
0
0
3799
3726
0
0
0
0
0
0
3851
3953
0
0
0
0
0
0
554
510
0
0
0
0
0
0
3702
3652
0
0
0
0
0
0
3993
4091
0
0
0
0
0
0
488
425
0
0
0
0
0
0
3638
3614
0
0
0
0
0
0
32
121
0
0
0
0
0
0
399
323
0
0
0
0
0
0
3610
3609
0
0
0
0
0
0
154
227
0
0
0
0
0
0
292
208
0
0
0
0
0
0
3615
3635
0
0
0
0
0
0
252
308
0
0
0
0
0
0
176
92
0
0
0
0
0
0
3649
3689
0
0
0
0
0
0
324
360
0
0
0
0
0
0
60
4077
0
0
0
0
0
0
3709
3762
0
0
0
0
0
0
369
385
0
0
0
0
0
0
4049
3979
0
0
0
0
0
0
3786
3849
0
0
0
0
0
0
386
382
0
0
0
0
0
0
3955
3899
0
0
0
0
0
0
3876
3942
0
0
0
0
0
0
375
355
0
0
0
0
0
0
3881
3840
0
0
0
0
0
0
3968
4033
0
0
0
0
0
0
340
307
0
0
0
0
0
0
3830
3805
0
0
0
0
0
0
4059
24
0
0
0
0
0
0
288
245
0
0
0
0
0
0
3802
3792
0
0
0
0
0
0
46
98
0
0
0
0
0
0
223
174
0
0
0
0
0
0
3795
3800
0
0
0
0
0
0
115
156
0
0
0
0
0
0
152
101
0
0
0
0
0
0
3809
3825
0
0
0
0
0
0
167
195
0
0
0
0
0
0
81
31
0
0
0
0
0
0
3840
3867
0
0
0
0
0
0
201
218
0
0
0
0
0
0
12
4064
0
0
0
0
0
0
3882
3916
0
0
0
0
0
0
218
222
0
0
0
0
0
0
4050
4012
0
0
0
0
0
0
3935
3971
0
0
0
0
0
0
216
211
0
0
0
0
0
0
4001
3972
0
0
0
0
0
0
3990
4026
0
0
0
0
0
0
202
187
0
0
0
0
0
0
3966
3947
0
0
0
0
0
0
4044
4079
0
0
0
0
0
0
175
155
0
0
0
0
0
0
3945
3935
0
0
0
0
0
0
4090
26
0
0
0
0
0
0
141
117
0
0
0
0
0
0
3938
3936
0
0
0
0
0
0
36
60
0
0
0
0
0
0
102
76
0
0
0
0
0
0
3943
3948
0
0
0
0
0
0
66
84
0
0
0
0
0
0
62
38
0
0
0
0
0
0
3958
3968
0
0
0
0
0
0
86
99
0
0
0
0
0
0
25
3
0
0
0
0
0
0
3979
3993
0
0
0
0
0
0
97
102
0
0
0
0
0
0
4091
4072
0
0
0
0
0
0
4004
4020
0
0
0
0
0
0
97
98
0
0
0
0
0
0
4066
4050
0
0
0
0
0
0
4031
4048
0
0
0
0
0
0
92
87
0
0
0
0
0
0
4048
4036
0
0
0
0
0
0
4057
4072
0
0
0
0
0
0
79
72
0
0
0
0
0
0
4037
4030
0
0
0
0
0
0
4080
4094
0
0
0
0
0
0
64
55
0
0
0
0
0
0
4034
4031
0
0
0
0
0
0
3
13
0
0
0
0
0
0
46
38
0
0
0
0
0
0
4037
4038
0
0
0
0
0
0
16
24
0
0
0
0
0
0
30
20
0
0
0
0
0
0
4044
4046
0
0
0
0
0
0
24
29
0
0
0
0
0
0
16
7
0
0
0
0
0
0
4052
4055
0
0
0
0
0
0
26
28
0
0
0
0
0
0
5
4093
0
0
0
0
0
0
4063
4067
0
0
0
0
0
0
26
27
0
0
0
0
0
0
4090
4085
0
0
0
0
0
0
4074
4077
0
0
0
0
0
0
23
22
0
0
0
0
0
0
4085
4082
0
0
0
0
0
0
4082
4085
0
0
0
0
0
0
18
16
0
0
0
0
0
0
4083
4081
0
0
0
0
0
0
4088
4091
0
0
0
0
0
0
13
11
0
0
0
0
0
0
4083
4082
0
0
0
0
0
0
4093
4095
0
0
0
0
0
0
7
6
0
0
0
0
0
0
4084
4084
0
0
0
0
0
0
4095
1
0
0
0
0
0
0
3
2
0
0
0
0
0
0
4087
4087
0
0
0
0
0
0
4095
0
0
0
0
0
0
0
0
4095
0
0
0
0
0
0
4089
4090
0
0
0
0
0
0
0
0
0
0
0
0
0
0
4095
4095
0
0
0
0
0
0
4092
4092
0
0
0
0
0
0
0
0
0
0
0
0
0
0
4094
4094
0
0
0
0
0
0
4092
4092
0
0
0
0
0
0
0
4095
0
0
0
0
0
0
4093
4092
0
0
0
0
0
0
4094
4095
0
0
0
0
0
0
0
4095
0
0
0
0
0
0
4095
0
0
0
0
0
0
0
0
4095
0
0
0
0
0
0
0
0
0
0
0
0
0
0
4095
4095
0
0
0
0
0
0
0
0
0
0
0
0
0
0
4095
4095
0
0
0
0
0
0
0
0
0
0
0
0
0
0
4095
4095
0
0
0
0
0
0
0
0
0
0
0
0
0
0
4095
4095
0
0
0
0
0
0
0
0
0
0
0
0
0
0
4095
4095
0
0
0
0
0
0
0
0
0
0
0
0
0
0
4095
4095
0
0
0
0
0
0
0
0
0
0
0
0
0
0
4095
4095
0
0
0
0
0
0
0
0
0
0
0
0
0
0
4095
4095
0
0
0
0
0
0
0
0
0
0
0
0
0
0
4095
4095
0
0
0
0
0
0
0
0
0
0
0
0
0
0
4095
4095
0
0
0
0
0
0
0
0
0
0
0
0
0
0
4095
4095
0
0
0
0
0
0
0
0
0
0
0
0
0
0
4095
4095
0
0
0
0
0
0
0
0
0
0
0
0
0
0
4095
4095
0
0
0
0
0
0
0
0
0
0
0
0
0
0
4095
4095
0
0
0
0
0
0
0
0
0
0
0
0
0
0
4095
4095
0
0
0
0
0
0
0
0
0
0
0
0
0
0
4095
4095
0
0
0
0
0
0
0
0
0
0
0
0
0
0
4095
4095
0
0
0
0
0
0
0
0
0
0
0
0
0
0
4095
4095
0
0
0
0
0
0
0
0
0
0
0
0
0
0
4095
4095
0
0
0
0
0
0
0
0
0
0
0
0
0
0
4095
4095
0
0
0
0
0
0
0
0
0
0
0
0
0
0
4095
4095
0
0
0
0
0
0
0
0
0
0
0
0
0
0
4095
4095
0
0
0
0
0
0
0
0
0
0
0
0
0
0
4095
4095
0
0
0
0
0
0
0
0
0
0
0
0
0
0
4095
4095
0
0
0
0
0
0
0
0
0
0
0
0
0
0
4095
4095
0
0
0
0
0
0
0
0
0
0
0
0
0
0
4095
4095
0
0
0
0
0
0
0
0
0
0
0
0
0
0
4095
4095
0
0
0
0
0
0
0
0
0
0
0
0
0
0
4095
4095
0
0
0
0
0
0
0
0
0
0
0
0
0
0
4095
4095
0
0
0
0
0
0
0
0
0
0
0
0
0
0
4095
4095
0
0
0
0
0
0
0
0
0
0
0
0
0
0
4095
4095
0
0
0
0
0
0
0
0
0
0
0
0
0
0
4095
4095
0
0
0
0
0
0
0
0
0
0
0
0
0
0
4095
4095
0
0
0
0
0
0
0
0
0
0
0
0
0
0
4095
4095
0
0
0
0
0
0
0
0
0
0
0
0
0
0
4095
4095
0
0
0
0
0
0
0
0
0
0
0
0
0
0
4095
4095
0
0
0
0
0
0
0
0
0
0
0
0
0
0
4095
4095
0
0
0
0
0
0
0
0
0
0
0
0
0
0
4095
4095
0
0
0
0
0
0
0
0
0
0
0
0
0
0
4095
4095
0
0
0
0
0
0
0
0
0
0
0
0
0
0
4095
4095
0
0
0
0
0
0
0
0
0
0
0
0
0
0
4095
4095
0
0
0
0
0
0
0
0
0
0
0
0
0
0
4095
4095
0
0
0
0
0
0
0
0
0
0
0
0
0
0
4095
4095
0
0
0
0
0
0
0
0
0
0
0
0
0
0
4095
4095
0
0
0
0
0
0
0
0
0
0
0
0
0
0
4095
4095
0
0
0
0
0
0
0
0
0
0
0
0
0
0
4095
4095
0
0
0
0
0
0
0
0
0
0
0
0
0
0
4095
4095
0
0
0
0
0
0
0
0
0
0
0
0
0
0
4095
4095
0
0
0
0
0
0
0
0
0
0
0
0
0
0
4095
4095
0
0
0
0
0
0
0
0
0
0
0
0
0
0
4095
4095
0
0
0
0
0
0
0
0
0
0
0
0
0
0
4095
4095
0
0
0
0
0
0
0
0
0
0
0
0
0
0
4095
4095
0
0
0
0
0
0
0
0
0
0
0
0
0
0
4095
4095
0
0
0
0
0
0
0
0
0
0
0
0
0
0
4095
4095
0
0
0
0
0
0
0
0
0
0
0
0
0
0
4095
4095
0
0
0
0
0
0
0
0
0
0
0
0
0
0
4095
4095
0
0
0
0
0
0
0
0
0
0
0
0
0
0
4095
4095
0
0
0
0
0
0
0
0
0
0
0
0
0
0
4095
4095
0
0
0
0
0
0
0
0
0
0
0
0
0
0
4095
4095
0
0
0
0
0
0
0
0
0
0
0
0
0
0
4095
4095
0
0
0
0
0
0
0
0
0
0
0
0
0
0
4095
4095
0
0
0
0
0
0
0
0
0
0
0
0
0
0
4095
4095
0
0
0
0
0
0
0
0
0
0
0
0
0
0
4095
4095
0
0
0
0
0
0
0
0
0
0
0
0
0
0
4095
4095
0
0
0
0
0
0
0
0
0
0
0
0
0
0
4095
4095
0
0
0
0
0
0
0
0
0
0
0
0
0
0
4095
4095
0
0
0
0
0
0
0
0
0
0
0
0
0
0
4095
4095
0
0
0
0
0
0
0
0
0
0
0
0
0
0
4095
4095
0
0
0
0
0
0
0
0
0
0
0
0
0
0
4095
4095
0
0
0
0
0
0
0
0
0
0
0
0
0
0
4095
4095
0
0
0
0
0
0
0
0
0
0
0
0
0
0
4095
4095
0
0
0
0
0
0
0
0
0
0
0
0
0
0
4095
4095
0
0
0
0
0
0
0
0
0
0
0
0
0
0
4095
4095
0
0
0
0
0
0
0
0
0
0
0
0
0
0
4095
4095
0
0
0
0
0
0
0
0
0
0
0
0
0
0
4095
4095
0
0
0
0
0
0
0
0
0
0
0
0
0
0
4095
4095
0
0
0
0
0
0
0
0
0
0
0
0
0
0
4095
4095
0
0
0
0
0
0
0
0
0
0
0
0
0
0
4095
4095
0
0
0
0
0
0
0
0
0
0
0
0
0
0
4095
4095
0
0
0
0
0
0
0
0
0
0
0
0
0
0
4095
4095
0
0
0
0
0
0
0
0
0
0
0
0
0
0
4095
4095
0
0
0
0
0
0
0
0
0
0
0
0
0
0
4095
4095
0
0
0
0
0
0
0
0
0
0
0
0
0
0
4095
4095
0
0
0
0
0
0
0
0
0
0
0
0
0
0
4095
4095
0
0
0
0
0
0
0
0
0
0
0
0
0
0
4095
4095
0
0
0
0
0
0
0
0
0
0
0
0
0
0
4095
4095
0
0
0
0
0
0
0
0
0
0
0
0
0
0
4095
4095
0
0
0
0
0
0
0
0
0
0
0
0
0
0
4095
4095
0
0
0
0
0
0
0
0
0
0
0
0
0
0
4095
4095
0
0
0
0
0
0
0
0
0
0
0
0
0
0
4095
4095
0
0
0
0
0
0
0
0
0
0
0
0
0
0
4095
4095
0
0
0
0
0
0
0
0
0
0
0
0
0
0
4095
4095
0
0
0
0
0
0
0
0
0
0
0
0
0
0
4095
4095
0
0
0
0
0
0
0
0
0
0
0
0
0
0
4095
4095
0
0
0
0
0
0
0
0
0
0
0
0
0
0
4095
4095
0
0
0
0
0
0
0
0
0
0
0
0
0
0
4095
4095
0
0
0
0
0
0
0
0
0
0
0
0
0
0
4095
4095
0
0
0
0
0
0
0
0
0
0
0
0
0
0
4095
4095
0
0
0
0
0
0
0
0
0
0
0
0
0
0
4095
4095
0
0
0
0
0
0
0
0
0
0
0
0
0
0
4095
4095
0
0
0
0
0
0
0
0
0
0
0
0
0
0
4095
4095
0
0
0
0
0
0
0
0
0
0
0
0
0
0
4095
4095
0
0
0
0
0
0
0
0
0
0
0
0
0
0
4095
4095
0
0
0
0
0
0
0
0
0
0
0
0
0
0
4095
4095
0
0
0
0
0
0
0
0
0
0
0
0
0
0
4095
4095
0
0
0
0
0
0
0
0
0
0
0
0
0
0
4095
4095
0
0
0
0
0
0
0
0
0
0
0
0
0
0
4095
4095
0
0
0
0
0
0
0
0
0
0
0
0
0
0
4095
4095
0
0
0
0
0
0
0
0
0
0
0
0
0
0
4095
4095
0
0
0
0
0
0
0
0
0
0
0
0
0
0
4095
4095
0
0
0
0
0
0
0
0
0
0
0
0
0
0
4095
4095
0
0
0
0
0
0
0
0
0
0
0
0
0
0
4095
4095
0
0
0
0
0
0
0
0
0
0
0
0
0
0
4095
4095
0
0
0
0
0
0
0
0
0
0
0
0
0
0
4095
4095
0
0
0
0
0
0
0
0
0
0
0
0
0
0
4095
4095
0
0
0
0
0
0
0
0
0
0
0
0
0
0
4095
4095
0
0
0
0
0
0
0
0
0
0
0
0
0
0
4095
4095
0
0
0
0
0
0
0
0
0
0
0
0
0
0
4095
4095
0
0
0
0
0
0
0
0
0
0
0
0
0
0
4095
4095
0
0
0
0
0
0
0
0
0
0
0
0
0
0
4095
4095
0
0
0
0
0
0
0
0
0
0
0
0
0
0
4095
4095
0
0
0
0
0
0
0
0
0
0
0
0
0
0
4095
4095
0
0
0
0
0
0
0
0
0
0
0
0
0
0
4095
4095
0
0
0
0
0
0
0
0
0
0
0
0
0
0
4095
4095
0
0
0
0
0
0
0
0
0
0
0
0
0
0
4095
4095
0
0
0
0
0
0
0
0
0
0
0
0
0
0
4095
4095
0
0
0
0
0
0
0
0
0
0
0
0
0
0
4095
4095
0
0
0
0
0
0
0
0
0
0
0
0
0
0
4095
4095
0
0
0
0
0
0
0
0
0
0
0
0
0
0
4095
4095
0
0
0
0
0
0
0
0
0
0
0
0
0
0
4095
4095
0
0
0
0
0
0
0
0
0
0
0
0
0
0
4095
4095
0
0
0
0
0
0
0
0
0
0
0
0
0
0
4095
4095
0
0
0
0
0
0
0
0
0
0
0
0
0
0
4095
4095
0
0
0
0
0
0
0
0
0
0
0
0
0
0
4095
4095
0
0
0
0
0
0
0
0
0
0
0
0
0
0
4095
4095
0
0
0
0
0
0
0
0
0
0
0
0
0
0
4095
4095
0
0
0
0
0
0
0
0
0
0
0
0
0
0
4095
4095
0
0
0
0
0
0
0
0
0
0
0
0
0
0
4095
4095
0
0
0
0
0
0
0
0
0
0
0
0
0
0
4095
4095
0
0
0
0
0
0
0
0
0
0
0
0
0
0
4095
4095
0
0
0
0
0
0
0
0
0
0
0
0
0
0
4095
4095
0
0
0
0
0
0
0
0
0
0
0
0
0
0
4095
4095
0
0
0
0
0
0
0
0
0
0
0
0
0
0
4095
4095
0
0
0
0
0
0
0
0
0
0
0
0
0
0
4095
4095
0
0
0
0
0
0
0
0
0
0
0
0
0
0
4095
4095
0
0
0
0
0
0
0
0
0
0
0
0
0
0
4095
4095
0
0
0
0
0
0
0
0
0
0
0
0
0
0
4095
4095
0
0
0
0
0
0
0
0
0
0
0
0
0
0
4095
4095
0
0
0
0
0
0
0
0
0
0
0
0
0
0
4095
4095
0
0
0
0
0
0
0
0
0
0
0
0
0
0
4095
4095
0
0
0
0
0
0
0
0
0
0
0
0
0
0
4095
4095
0
0
0
0
0
0
0
0
0
0
0
0
0
0
4095
4095
0
0
0
0
0
0
0
0
0
0
0
0
0
0
4095
4095
0
0
0
0
0
0
0
0
0
0
0
0
0
0
4095
4095
0
0
0
0
0
0
0
0
0
0
0
0
0
0
4095
4095
0
0
0
0
0
0
0
0
0
0
0
0
0
0
4095
4095
0
0
0
0
0
0
0
0
0
0
0
0
0
0
4095
4095
0
0
0
0
0
0
0
0
0
0
0
0
0
0
4095
4095
0
0
0
0
0
0
0
0
0
0
0
0
0
0
4095
4095
0
0
0
0
0
0
0
0
0
0
0
0
0
0
4095
4095
0
0
0
0
0
0
0
0
0
0
0
0
0
0
4095
4095
0
0
0
0
0
0
0
0
0
0
0
0
0
0
4095
4095
0
0
0
0
0
0
0
0
0
0
0
0
0
0
4095
4095
0
0
0
0
0
0
0
0
0
0
0
0
0
0
4095
4095
0
0
0
0
0
0
0
0
0
0
0
0
0
0
4095
4095
0
0
0
0
0
0
0
0
0
0
0
0
0
0
4095
4095
0
0
0
0
0
0
0
0
0
0
0
0
0
0
4095
4095
0
0
0
0
0
0
0
0
0
0
0
0
0
0
4095
4095
0
0
0
0
0
0
0
0
0
0
0
0
0
0
4095
4095
0
0
0
0
0
0
0
0
0
0
0
0
0
0
4095
4095
0
0
0
0
0
0
0
0
0
0
0
0
0
0
4095
4095
0
0
0
0
0
0
0
0
0
0
0
0
0
0
4095
4095
0
0
0
0
0
0
0
0
0
0
0
0
0
0
4095
4095
0
0
0
0
0
0
0
0
0
0
0
0
0
0
4095
4095
0
0
0
0
0
0
0
0
0
0
0
0
0
0
4095
4095
0
0
0
0
0
0
0
0
0
0
0
0
0
0
4095
4095
0
0
0
0
0
0
0
0
0
0
0
0
0
0
4095
4095
0
0
0
0
0
0
0
0
0
0
0
0
0
0
4095
4095
0
0
0
0
0
0
0
0
0
0
0
0
0
0
4095
4095
0
0
0
0
0
0
0
0
0
0
0
0
0
0
4095
4095
0
0
0
0
0
0
0
0
0
0
0
0
0
0
4095
4095
0
0
0
0
0
0
0
0
0
0
0
0
0
0
4095
4095
0
0
0
0
0
0
0
0
0
0
0
0
0
0
4095
4095
0
0
0
0
0
0
0
0
0
0
0
0
0
0
4095
4095
0
0
0
0
0
0
0
0
0
0
0
0
0
0
4095
4095
0
0
0
0
0
0
0
0
0
0
0
0
0
0
4095
4095
0
0
0
0
0
0
0
0
0
0
0
0
0
0
4095
4095
0
0
0
0
0
0
0
0
0
0
0
0
0
0
4095
4095
0
0
0
0
0
0
0
0
0
0
0
0
0
0
4095
4095
0
0
0
0
0
0
0
0
0
0
0
0
0
0
4095
4095
0
0
0
0
0
0
0
0
0
0
0
0
0
0
4095
4095
0
0
0
0
0
0
0
0
0
0
0
0
0
0
4095
4095
0
0
0
0
0
0
0
0
0
0
0
0
0
0
4095
4095
0
0
0
0
0
0
0
0
0
0
0
0
0
0
4095
4095
0
0
0
0
0
0
0
0
0
0
0
0
0
0
4095
4095
0
0
0
0
0
0
0
0
0
0
0
0
0
0
4095
4095
0
0
0
0
0
0
0
0
0
0
0
0
0
0
4095
4095
0
0
0
0
0
0
0
0
0
0
0
0
0
0
4095
4095
0
0
0
0
0
0
0
0
0
0
0
0
0
0
4095
4095
0
0
0
0
0
0
0
0
0
0
0
0
0
0
4095
4095
0
0
0
0
0
0
0
0
0
0
0
0
0
0
4095
4095
0
0
0
0
0
0
0
0
0
0
0
0
0
0
4095
4095
0
0
0
0
0
0
0
0
0
0
0
0
0
0
4095
4095
0
0
0
0
0
0
0
0
0
0
0
0
0
0
4095
4095
0
0
0
0
0
0
0
0
0
0
0
0
0
0
4095
4095
0
0
0
0
0
0
0
0
0
0
0
0
0
0
4095
4095
0
0
0
0
0
0
0
0
0
0
0
0
0
0
4095
4095
0
0
0
0
0
0
0
0
0
0
0
0
0
0
4095
4095
0
0
0
0
0
0
0
0
0
0
0
0
0
0
4095
4095
0
0
0
0
0
0
0
0
0
0
0
0
0
0
4095
4095
0
0
0
0
0
0
0
0
0
0
0
0
0
0
4095
4095
0
0
0
0
0
0
0
0
0
0
0
0
0
0
4095
4095
0
0
0
0
0
0
0
0
0
0
0
0
0
0
4095
4095
0
0
0
0
0
0
0
0
0
0
0
0
0
0
4095
4095
0
0
0
0
0
0
0
0
0
0
0
0
0
0
4095
4095
0
0
0
0
0
0
0
0
0
0
0
0
0
0
4095
4095
0
0
0
0
0
0
0
0
0
0
0
0
0
0
4095
4095
0
0
0
0
0
0
0
0
0
0
0
0
0
0
4095
4095
0
0
0
0
0
0
0
0
0
0
0
0
0
0
4095
4095
0
0
0
0
0
0
0
0
0
0
0
0
0
0
4095
4095
0
0
0
0
0
0
0
0
0
0
0
0
0
0
4095
4095
0
0
0
0
0
0
0
0
0
0
0
0
0
0
4095
4095
0
0
0
0
0
0
0
0
0
0
0
0
0
0
4095
4095
0
0
0
0
0
0
0
0
0
0
0
0
0
0
4095
4095
0
0
0
0
0
0
0
0
0
0
0
0
0
0
4095
4095
0
0
0
0
0
0
0
0
0
0
0
0
0
0
4095
4095
0
0
0
0
0
0
0
0
0
0
0
0
0
0
4095
4095
0
0
0
0
0
0
0
0
0
0
0
0
0
0
4095
4095
0
0
0
0
0
0
0
0
0
0
0
0
0
0
4095
4095
0
0
0
0
0
0
0
0
0
0
0
0
0
0
4095
4095
0
0
0
0
0
0
0
0
0
0
0
0
0
0
4095
4095
0
0
0
0
0
0
0
0
0
0
0
0
0
0
4095
4095
0
0
0
0
0
0
0
0
0
0
0
0
0
0
4095
4095
0
0
0
0
0
0
0
0
0
0
0
0
0
0
4095
4095
0
0
0
0
0
0
0
0
0
0
0
0
0
0
4095
4095
0
0
0
0
0
0
0
0
0
0
0
0
0
0
4095
4095
0
0
0
0
0
0
0
0
0
0
0
0
0
0
4095
4095
0
0
0
0
0
0
0
0
0
0
0
0
0
0
4095
4095
0
0
0
0
0
0
0
0
0
0
0
0
0
0
4095
4095
0
0
0
0
0
0
0
0
0
0
0
0
0
0
4095
4095
0
0
0
0
0
0
0
0
0
0
0
0
0
0
4095
4095
0
0
0
0
0
0
0
0
0
0
0
0
0
0
4095
4095
0
0
0
0
0
0
0
0
0
0
0
0
0
0
4095
4095
0
0
0
0
0
0
0
0
0
0
0
0
0
0
4095
4095
0
0
0
0
0
0
0
0
0
0
0
0
0
0
4095
4095
0
0
0
0
0
0
0
0
0
0
0
0
0
0
4095
4095
0
0
0
0
0
0
0
0
0
0
0
0
0
0
4095
4095
0
0
0
0
0
0
0
0
0
0
0
0
0
0
4095
4095
0
0
0
0
0
0
0
0
0
0
0
0
0
0
4095
4095
0
0
0
0
0
0
0
0
0
0
0
0
0
0
4095
4095
0
0
0
0
0
0
0
0
0
0
0
0
0
0
4095
4095
0
0
0
0
0
0
0
0
0
0
0
0
0
0
4095
4095
0
0
0
0
0
0
0
0
0
0
0
0
0
0
4095
4095
0
0
0
0
0
0
0
0
0
0
0
0
0
0
4095
4095
0
0
0
0
0
0
0
0
0
0
0
0
0
0
4095
4095
0
0
0
0
0
0
0
0
0
0
0
0
0
0
4095
4095
0
0
0
0
0
0
0
0
0
0
0
0
0
0
4095
4095
0
0
0
0
0
0
0
0
0
0
0
0
0
0
4095
4095
0
0
0
0
0
0
0
0
0
0
0
0
0
0
4095
4095
0
0
0
0
0
0
0
0
0
0
0
0
0
0
4095
4095
0
0
0
0
0
0
0
0
0
0
0
0
0
0
4095
4095
0
0
0
0
0
0
0
0
0
0
0
0
0
0
4095
4095
0
0
0
0
0
0
0
0
0
0
0
0
0
0
4095
4095
0
0
0
0
0
0
0
0
0
0
0
0
0
0
4095
4095
0
0
0
0
0
0
0
0
0
0
0
0
0
0
4095
4095
0
0
0
0
0
0
0
0
0
0
0
0
0
0
4095
4095
0
0
0
0
0
0
0
0
0
0
0
0
0
0
4095
4095
0
0
0
0
0
0
0
0
0
0
0
0
0
0
4095
4095
0
0
0
0
0
0
0
0
0
0
0
0
0
0
4095
4095
0
0
0
0
0
0
0
0
0
0
0
0
0
0
4095
4095
0
0
0
0
0
0
0
0
0
0
0
0
0
0
4095
4095
0
0
0
0
0
0
0
0
0
0
0
0
0
0
4095
4095
0
0
0
0
0
0
0
0
0
0
0
0
0
0
4095
4095
0
0
0
0
0
0
0
0
0
0
0
0
0
0
4095
4095
0
0
0
0
0
0
0
0
0
0
0
0
0
0
4095
4095
0
0
0
0
0
0
0
0
0
0
0
0
0
0
4095
4095
0
0
0
0
0
0
0
0
0
0
0
0
0
0
4095
4095
0
0
0
0
0
0
0
0
0
0
0
0
0
0
4095
4095
0
0
0
0
0
0
0
0
0
0
0
0
0
0
4095
4095
0
0
0
0
0
0
0
0
0
0
0
0
0
0
4095
4095
0
0
0
0
0
0
0
0
0
0
0
0
0
0
4095
4095
0
0
0
0
0
0
0
0
0
0
0
0
0
0
4095
4095
0
0
0
0
0
0
0
0
0
0
0
0
0
0
4095
4095
0
0
0
0
0
0
0
0
0
0
0
0
0
0
4095
4095
0
0
0
0
0
0
0
0
0
0
0
0
0
0
4095
4095
0
0
0
0
0
0
0
0
0
0
0
0
0
0
4095
4095
0
0
0
0
0
0
0
0
0
0
0
0
0
0
4095
4095
0
0
0
0
0
0
0
0
0
0
0
0
0
0
4095
4095
0
0
0
0
0
0
0
0
0
0
0
0
0
0
4095
4095
0
0
0
0
0
0
0
0
0
0
0
0
0
0
4095
4095
0
0
0
0
0
0
0
0
0
0
0
0
0
0
4095
4095
0
0
0
0
0
0
0
0
0
0
0
0
0
0
4095
4095
0
0
0
0
0
0
0
0
0
0
0
0
0
0
4095
4095
0
0
0
0
0
0
0
0
0
0
0
0
0
0
4095
4095
0
0
0
0
0
0
0
0
0
0
0
0
0
0
4095
4095
0
0
0
0
0
0
0
0
0
0
0
0
0
0
4095
4095
0
0
0
0
0
0
0
0
0
0
0
0
0
0
4095
4095
0
0
0
0
0
0
0
0
0
0
0
0
0
0
4095
4095
0
0
0
0
0
0
0
0
0
0
0
0
0
0
4095
4095
0
0
0
0
0
0
0
0
0
0
0
0
0
0
4095
4095
0
0
0
0
0
0
0
0
0
0
0
0
0
0
4095
4095
0
0
0
0
0
0
0
0
0
0
0
0
0
0
4095
4095
0
0
0
0
0
0
0
0
0
0
0
0
0
0
4095
4095
0
0
0
0
0
0
0
0
0
0
0
0
0
0
4095
4095
0
0
0
0
0
0
0
0
0
0
0
0
0
0
4095
4095
0
0
0
0
0
0
0
0
0
0
0
0
0
0
4095
4095
0
0
0
0
0
0
0
0
0
0
0
0
0
0
4095
4095
0
0
0
0
0
0
0
0
0
0
0
0
0
0
4095
4095
0
0
0
0
0
0
0
0
0
0
0
0
0
0
4095
4095
0
0
0
0
0
0
0
0
0
0
0
0
0
0
4095
4095
0
0
0
0
0
0
0
0
0
0
0
0
0
0
4095
4095
0
0
0
0
0
0
0
0
0
0
0
0
0
0
4095
4095
0
0
0
0
0
0
0
0
0
0
0
0
0
0
4095
4095
0
0
0
0
0
0
0
0
0
0
0
0
0
0
4095
4095
0
0
0
0
0
0
0
0
0
0
0
0
0
0
4095
4095
0
0
0
0
0
0
0
0
0
0
0
0
0
0
4095
4095
0
0
0
0
0
0
0
0
0
0
0
0
0
0
4095
4095
0
0
0
0
0
0
0
0
0
0
0
0
0
0
4095
4095
0
0
0
0
0
0
0
0
0
0
0
0
0
0
4095
4095
0
0
0
0
0
0
0
0
0
0
0
0
0
0
4095
4095
0
0
0
0
0
0
0
0
0
0
0
0
0
0
4095
4095
0
0
0
0
0
0
0
0
0
0
0
0
0
0
4095
4095
0
0
0
0
0
0
0
0
0
0
0
0
0
0
4095
4095
0
0
0
0
0
0
0
0
0
0
0
0
0
0
4095
4095
0
0
0
0
0
0
0
0
0
0
0
0
0
0
4095
4095
0
0
0
0
0
0
0
0
0
0
0
0
0
0
4095
4095
0
0
0
0
0
0
0
0
0
0
0
0
0
0
4095
4095
0
0
0
0
0
0
0
0
0
0
0
0
0
0
4095
4095
0
0
0
0
0
0
0
0
0
0
0
0
0
0
4095
4095
0
0
0
0
0
0
0
0
0
0
0
0
0
0
4095
4095
0
0
0
0
0
0
0
0
0
0
0
0
0
0
4095
4095
0
0
0
0
0
0
0
0
0
0
0
0
0
0
4095
4095
0
0
0
0
0
0
0
0
0
0
0
0
0
0
4095
4095
0
0
0
0
0
0
0
0
0
0
0
0
0
0
4095
4095
0
0
0
0
0
0
0
0
0
0
0
0
0
0
4095
4095
0
0
0
0
0
0
0
0
0
0
0
0
0
0
4095
4095
0
0
0
0
0
0
0
0
0
0
0
0
0
0
4095
4095
0
0
0
0
0
0
0
0
0
0
0
0
0
0
4095
4095
0
0
0
0
0
0
0
0
0
0
0
0
0
0
4095
4095
0
0
0
0
0
0
0
0
0
0
0
0
0
0
4095
4095
0
0
0
0
0
0
0
0
0
0
0
0
0
0
4095
4095
0
0
0
0
0
0
0
0
0
0
0
0
0
0
4095
4095
0
0
0
0
0
0
0
0
0
0
0
0
0
0
4095
4095
0
0
0
0
0
0
0
0
0
0
0
0
0
0
4095
4095
0
0
0
0
0
0
0
0
0
0
0
0
0
0
4095
4095
0
0
0
0
0
0
0
0
0
0
0
0
0
0
4095
4095
0
0
0
0
0
0
0
0
0
0
0
0
0
0
4095
4095
0
0
0
0
0
0
0
0
0
0
0
0
0
0
4095
4095
0
0
0
0
0
0
0
0
0
0
0
0
0
0
4095
4095
0
0
0
0
0
0
0
0
0
0
0
0
0
0
4095
4095
0
0
0
0
0
0
0
0
0
0
0
0
0
0
4095
4095
0
0
0
0
0
0
0
0
0
0
0
0
0
0
4095
4095
0
0
0
0
0
0
0
0
0
0
0
0
0
0
4095
4095
0
0
0
0
0
0
0
0
0
0
0
0
0
0
4095
4095
0
0
0
0
0
0
0
0
0
0
0
0
0
0
4095
4095
0
0
0
0
0
0
0
0
0
0
0
0
0
0
4095
4095
0
0
0
0
0
0
0
0
0
0
0
0
0
0
4095
4095
0
0
0
0
0
0
0
0
0
0
0
0
0
0
4095
4095
0
0
0
0
0
0
0
0
0
0
0
0
0
0
4095
4095
0
0
0
0
0
0
0
0
0
0
0
0
0
0
4095
4095
0
0
0
0
0
0
0
0
0
0
0
0
0
0
4095
4095
0
0
0
0
0
0
0
0
0
0
0
0
0
0
4095
4095
0
0
0
0
0
0
0
0
0
0
0
0
0
0
4095
4095
0
0
0
0
0
0
0
0
0
0
0
0
0
0
4095
4095
0
0
0
0
0
0
0
0
0
0
0
0
0
0
4095
4095
0
0
0
0
0
0
0
0
0
0
0
0
0
0
4095
4095
0
0
0
0
0
0
0
0
0
0
0
0
0
0
4095
4095
0
0
0
0
0
0
0
0
0
0
0
0
0
0
4095
4095
0
0
0
0
0
0
0
0
0
0
0
0
0
0
4095
4095
0
0
0
0
0
0
0
0
0
0
0
0
0
0
4095
4095
0
0
0
0
0
0
0
0
0
0
0
0
0
0
4095
4095
0
0
0
0
0
0
0
0
0
0
0
0
0
0
4095
4095
0
0
0
0
0
0
0
0
0
0
0
0
0
0
4095
4095
0
0
0
0
0
0
0
0
0
0
0
0
0
0
4095
4095
0
0
0
0
0
0
0
0
0
0
0
0
0
0
4095
4095
0
0
0
0
0
0
0
0
0
0
0
0
0
0
4095
4095
0
0
0
0
0
0
0
0
0
0
0
0
0
0
4095
4095
0
0
0
0
0
0
0
0
0
0
0
0
0
0
4095
4095
0
0
0
0
0
0
0
0
0
0
0
0
0
0
4095
4095
0
0
0
0
0
0
0
0
0
0
0
0
0
0
4095
4095
0
0
0
0
0
0
0
0
0
0
0
0
0
0
4095
4095
0
0
0
0
0
0
0
0
0
0
0
0
0
0
4095
4095
0
0
0
0
0
0
0
0
0
0
0
0
0
0
4095
4095
0
0
0
0
0
0
0
0
0
0
0
0
0
0
4095
4095
0
0
0
0
0
0
0
0
0
0
0
0
0
0
4095
4095
0
0
0
0
0
0
0
0
0
0
0
0
0
0
4095
4095
0
0
0
0
0
0
0
0
0
0
0
0
0
0
4095
4095
0
0
0
0
0
0
0
0
0
0
0
0
0
0
4095
4095
0
0
0
0
0
0
0
0
0
0
0
0
0
0
4095
4095
0
0
0
0
0
0
0
0
0
0
0
0
0
0
4095
4095
0
0
0
0
0
0
0
0
0
0
0
0
0
0
4095
4095
0
0
0
0
0
0
0
0
0
0
0
0
0
0
4095
4095
0
0
0
0
0
0
0
0
0
0
0
0
0
0
4095
4095
0
0
0
0
0
0
0
0
0
0
0
0
0
0
4095
4095
0
0
0
0
0
0
0
0
0
0
0
0
0
0
4095
4095
0
0
0
0
0
0
0
0
0
0
0
0
0
0
4095
4095
0
0
0
0
0
0
0
0
0
0
0
0
0
0
4095
4095
0
0
0
0
0
0
0
0
0
0
0
0
0
0
4095
4095
0
0
0
0
0
0
0
0
0
0
0
0
0
0
4095
4095
0
0
0
0
0
0
0
0
0
0
0
0
0
0
4095
4095
0
0
0
0
0
0
0
0
0
0
0
0
0
0
4095
4095
0
0
0
0
0
0
0
0
0
0
0
0
0
0
4095
4095
0
0
0
0
0
0
0
0
0
0
0
0
0
0
4095
4095
0
0
0
0
0
0
0
0
0
0
0
0
0
0
4095
4095
0
0
0
0
0
0
0
0
0
0
0
0
0
0
4095
4095
0
0
0
0
0
0
0
0
0
0
0
0
0
0
4095
4095
0
0
0
0
0
0
0
0
0
0
0
0
0
0
4095
4095
0
0
0
0
0
0
0
0
0
0
0
0
0
0
4095
4095
0
0
0
0
0
0
0
0
0
0
0
0
0
0
4095
4095
0
0
0
0
0
0
0
0
0
0
0
0
0
0
4095
4095
0
0
0
0
0
0
0
0
0
0
0
0
0
0
4095
4095
0
0
0
0
0
0
0
0
0
0
0
0
0
0
4095
4095
0
0
0
0
0
0
0
0
0
0
0
0
0
0
4095
4095
0
0
0
0
0
0
0
0
0
0
0
0
0
0
4095
4095
0
0
0
0
0
0
0
0
0
0
0
0
0
0
4095
4095
0
0
0
0
0
0
0
0
0
0
0
0
0
0
4095
4095
0
0
0
0
0
0
0
0
0
0
0
0
0
0
4095
4095
0
0
0
0
0
0
0
0
0
0
0
0
0
0
4095
4095
0
0
0
0
0
0
0
0
0
0
0
0
0
0
4095
4095
0
0
0
0
0
0
0
0
0
0
0
0
0
0
4095
4095
0
0
0
0
0
0
0
0
0
0
0
0
0
0
4095
4095
0
0
0
0
0
0
0
0
0
0
0
0
0
0
4095
4095
0
0
0
0
0
0
0
0
0
0
0
0
0
0
4095
4095
0
0
0
0
0
0
0
0
0
0
0
0
0
0
4095
4095
0
0
0
0
0
0
0
0
0
0
0
0
0
0
4095
4095
0
0
0
0
0
0
0
0
0
0
0
0
0
0
4095
4095
0
0
0
0
0
0
0
0
0
0
0
0
0
0
4095
4095
0
0
0
0
0
0
0
0
0
0
0
0
0
0
4095
4095
0
0
0
0
0
0
0
0
0
0
0
0
0
0
4095
4095
0
0
0
0
0
0
0
0
0
0
0
0
0
0
4095
4095
0
0
0
0
0
0
0
0
0
0
0
0
0
0
4095
4095
0
0
0
0
0
0
0
0
0
0
0
0
0
0
4095
4095
0
0
0
0
0
0
0
0
0
0
0
0
0
0
4095
4095
0
0
0
0
0
0
0
0
0
0
0
0
0
0
4095
4095
0
0
0
0
0
0
0
0
0
0
0
0
0
0
4095
4095
0
0
0
0
0
0
0
0
0
0
0
0
0
0
4095
4095
0
0
0
0
0
0
0
0
0
0
0
0
0
0
4095
4095
0
0
0
0
0
0
0
0
0
0
0
0
0
0
4095
4095
0
0
0
0
0
0
0
0
0
0
0
0
0
0
4095
4095
0
0
0
0
0
0
0
0
0
0
0
0
0
0
4095
4095
0
0
0
0
0
0
0
0
0
0
0
0
0
0
4095
4095
0
0
0
0
0
0
0
0
0
0
0
0
0
0
4095
4095
0
0
0
0
0
0
0
0
0
0
0
0
0
0
4095
4095
0
0
0
0
0
0
0
0
0
0
0
0
0
0
4095
4095
0
0
0
0
0
0
0
0
0
0
0
0
0
0
4095
4095
0
0
0
0
0
0
0
0
0
0
0
0
0
0
4095
4095
0
0
0
0
0
0
0
0
0
0
0
0
0
0
4095
4095
0
0
0
0
0
0
0
0
0
0
0
0
0
0
4095
4095
0
0
0
0
0
0
0
0
0
0
0
0
0
0
4095
4095
0
0
0
0
0
0
0
0
0
0
0
0
0
0
4095
4095
0
0
0
0
0
0
0
0
0
0
0
0
0
0
4095
4095
0
0
0
0
0
0
0
0
0
0
0
0
0
0
4095
4095
0
0
0
0
0
0
0
0
0
0
0
0
0
0
4095
4095
0
0
0
0
0
0
0
0
0
0
0
0
0
0
4095
4095
0
0
0
0
0
0
0
0
0
0
0
0
0
0
4095
4095
0
0
0
0
0
0
0
0
0
0
0
0
0
0
4095
4095
0
0
0
0
0
0
0
0
0
0
0
0
0
0
4095
4095
0
0
0
0
0
0
0
0
0
0
0
0
0
0
4095
4095
0
0
0
0
0
0
0
0
0
0
0
0
0
0
4095
4095
0
0
0
0
0
0
0
0
0
0
0
0
0
0
4095
4095
0
0
0
0
0
0
0
0
0
0
0
0
0
0
4095
4095
0
0
0
0
0
0
0
0
0
0
0
0
0
0
4095
4095
0
0
0
0
0
0
0
0
0
0
0
0
0
0
4095
4095
0
0
0
0
0
0
0
0
0
0
0
0
0
0
4095
4095
0
0
0
0
0
0
0
0
0
0
0
0
0
0
4095
4095
0
0
0
0
0
0
0
0
0
0
0
0
0
0
4095
4095
0
0
0
0
0
0
0
0
0
0
0
0
0
0
4095
4095
0
0
0
0
0
0
0
0
0
0
0
0
0
0
4095
4095
0
0
0
0
0
0
0
0
0
0
0
0
0
0
4095
4095
0
0
0
0
0
0
0
0
0
0
0
0
0
0
4095
4095
0
0
0
0
0
0
0
0
0
0
0
0
0
0
4095
4095
0
0
0
0
0
0
0
0
0
0
0
0
0
0
4095
4095
0
0
0
0
0
0
0
0
0
0
0
0
0
0
4095
4095
0
0
0
0
0
0
0
0
0
0
0
0
0
0
4095
4095
0
0
0
0
0
0
0
0
0
0
0
0
0
0
4095
4095
0
0
0
0
0
0
0
0
0
0
0
0
0
0
4095
4095
0
0
0
0
0
0
0
0
0
0
0
0
0
0
4095
4095
0
0
0
0
0
0
0
0
0
0
0
0
0
0
4095
4095
0
0
0
0
0
0
0
0
0
0
0
0
0
0
4095
4095
0
0
0
0
0
0
0
0
0
0
0
0
0
0
4095
4095
0
0
0
0
0
0
0
0
0
0
0
0
0
0
4095
4095
0
0
0
0
0
0
0
0
0
0
0
0
0
0
4095
4095
0
0
0
0
0
0
0
0
0
0
0
0
0
0
4095
4095
0
0
0
0
0
0
0
0
0
0
0
0
0
0
4095
4095
0
0
0
0
0
0
0
0
0
0
0
0
0
0
4095
4095
0
0
0
0
0
0
0
0
0
0
0
0
0
0
4095
4095
0
0
0
0
0
0
0
0
0
0
0
0
0
0
4095
4095
0
0
0
0
0
0
0
0
0
0
0
0
0
0
4095
4095
0
0
0
0
0
0
0
0
0
0
0
0
0
0
4095
4095
0
0
0
0
0
0
