2427
487
0
0
0
0
0
0
3605
1656
0
0
0
0
0
0
2428
487
0
0
0
0
0
0
3605
1655
0
0
0
0
0
0
3606
486
0
0
0
0
0
0
2431
1653
0
0
0
0
0
0
3606
486
0
0
0
0
0
0
2433
1652
0
0
0
0
0
0
3607
485
0
0
0
0
0
0
2434
1650
0
0
0
0
0
0
3607
485
0
0
0
0
0
0
2436
1649
0
0
0
0
0
0
3608
484
0
0
0
0
0
0
2437
1647
0
0
0
0
0
0
3608
484
0
0
0
0
0
0
2439
1646
0
0
0
0
0
0
3608
484
0
0
0
0
0
0
2440
1644
0
0
0
0
0
0
3609
483
0
0
0
0
0
0
2442
1643
0
0
0
0
0
0
3609
483
0
0
0
0
0
0
2443
1641
0
0
0
0
0
0
3610
482
0
0
0
0
0
0
2442
1642
0
0
0
0
0
0
3614
444
0
0
0
0
0
0
2463
1658
0
0
0
0
0
0
3556
518
0
0
0
0
0
0
2641
1636
0
0
0
0
0
0
3568
667
0
0
0
0
0
0
3258
1197
0
0
0
0
0
0
4012
318
0
0
0
0
0
0
214
87
0
0
0
0
0
0
569
3558
0
0
0
0
0
0
1069
3183
0
0
0
0
0
0
663
3295
0
0
0
0
0
0
1571
2542
0
0
0
0
0
0
407
3862
0
0
0
0
0
0
1765
2835
0
0
0
0
0
0
1014
3746
0
0
0
0
0
0
3165
1570
0
0
0
0
0
0
2771
1624
0
0
0
0
0
0
663
3279
0
0
0
0
0
0
3443
127
0
0
0
0
0
0
142
3238
0
0
0
0
0
0
2098
1666
0
0
0
0
0
0
2481
2011
0
0
0
0
0
0
1501
3807
0
0
0
0
0
0
3793
1947
0
0
0
0
0
0
777
730
0
0
0
0
0
0
3993
737
0
0
0
0
0
0
464
3112
0
0
0
0
0
0
1280
1431
0
0
0
0
0
0
3302
3410
0
0
0
0
0
0
2032
1531
0
0
0
0
0
0
2352
583
0
0
0
0
0
0
1032
1194
0
0
0
0
0
0
3573
3507
0
0
0
0
0
0
2935
3467
0
0
0
0
0
0
3483
2712
0
0
0
0
0
0
664
1971
0
0
0
0
0
0
1313
2548
0
0
0
0
0
0
796
683
0
0
0
0
0
0
2107
91
0
0
0
0
0
0
2720
2935
0
0
0
0
0
0
1682
1442
0
0
0
0
0
0
3161
1102
0
0
0
0
0
0
3262
1135
0
0
0
0
0
0
3332
2820
0
0
0
0
0
0
2046
2669
0
0
0
0
0
0
130
3383
0
0
0
0
0
0
491
1880
0
0
0
0
0
0
212
1269
0
0
0
0
0
0
1510
2588
0
0
0
0
0
0
3209
1814
0
0
0
0
0
0
2579
2061
0
0
0
0
0
0
717
1202
0
0
0
0
0
0
857
2681
0
0
0
0
0
0
674
3242
0
0
0
0
0
0
3982
2296
0
0
0
0
0
0
2055
2906
0
0
0
0
0
0
378
425
0
0
0
0
0
0
2221
3063
0
0
0
0
0
0
1141
12
0
0
0
0
0
0
1412
1670
0
0
0
0
0
0
2304
1153
0
0
0
0
0
0
741
77
0
0
0
0
0
0
2317
3800
0
0
0
0
0
0
2798
2375
0
0
0
0
0
0
3093
1333
0
0
0
0
0
0
347
3241
0
0
0
0
0
0
3863
1983
0
0
0
0
0
0
669
2967
0
0
0
0
0
0
812
1829
0
0
0
0
0
0
3531
2355
0
0
0
0
0
0
1001
120
0
0
0
0
0
0
1956
2926
0
0
0
0
0
0
3932
2902
0
0
0
0
0
0
89
634
0
0
0
0
0
0
3257
452
0
0
0
0
0
0
2661
2716
0
0
0
0
0
0
3297
927
0
0
0
0
0
0
1139
3393
0
0
0
0
0
0
2199
3754
0
0
0
0
0
0
1668
829
0
0
0
0
0
0
685
1295
0
0
0
0
0
0
1506
2913
0
0
0
0
0
0
3847
1206
0
0
0
0
0
0
592
3229
0
0
0
0
0
0
2012
1319
0
0
0
0
0
0
1552
3556
0
0
0
0
0
0
70
44
0
0
0
0
0
0
2187
2338
0
0
0
0
0
0
2245
982
0
0
0
0
0
0
3710
2173
0
0
0
0
0
0
978
3939
0
0
0
0
0
0
1627
2929
0
0
0
0
0
0
1144
1465
0
0
0
0
0
0
153
391
0
0
0
0
0
0
448
3186
0
0
0
0
0
0
1464
449
0
0
0
0
0
0
3866
909
0
0
0
0
0
0
2210
2409
0
0
0
0
0
0
3040
3535
0
0
0
0
0
0
2741
1454
0
0
0
0
0
0
1211
2456
0
0
0
0
0
0
3359
1742
0
0
0
0
0
0
3900
2015
0
0
0
0
0
0
1428
3039
0
0
0
0
0
0
3471
1629
0
0
0
0
0
0
2118
3610
0
0
0
0
0
0
3909
3132
0
0
0
0
0
0
1555
2522
0
0
0
0
0
0
584
2977
0
0
0
0
0
0
1366
1297
0
0
0
0
0
0
4075
646
0
0
0
0
0
0
1344
732
0
0
0
0
0
0
427
2275
0
0
0
0
0
0
3953
1166
0
0
0
0
0
0
1644
637
0
0
0
0
0
0
460
3277
0
0
0
0
0
0
3991
3461
0
0
0
0
0
0
604
3627
0
0
0
0
0
0
3426
577
0
0
0
0
0
0
2176
1694
0
0
0
0
0
0
2297
2094
0
0
0
0
0
0
1413
2902
0
0
0
0
0
0
1074
2726
0
0
0
0
0
0
3103
2060
0
0
0
0
0
0
535
4080
0
0
0
0
0
0
2868
2111
0
0
0
0
0
0
2342
3003
0
0
0
0
0
0
668
3025
0
0
0
0
0
0
4053
3955
0
0
0
0
0
0
2657
2485
0
0
0
0
0
0
942
3164
0
0
0
0
0
0
1952
1612
0
0
0
0
0
0
872
1390
0
0
0
0
0
0
1784
1658
0
0
0
0
0
0
2548
3108
0
0
0
0
0
0
3321
1710
0
0
0
0
0
0
378
456
0
0
0
0
0
0
270
1143
0
0
0
0
0
0
1466
1975
0
0
0
0
0
0
773
446
0
0
0
0
0
0
2047
2412
0
0
0
0
0
0
240
13
0
0
0
0
0
0
881
2564
0
0
0
0
0
0
2020
3361
0
0
0
0
0
0
847
2960
0
0
0
0
0
0
136
3112
0
0
0
0
0
0
2902
1873
0
0
0
0
0
0
1568
127
0
0
0
0
0
0
2577
576
0
0
0
0
0
0
2425
1653
0
0
0
0
0
0
2286
1328
0
0
0
0
0
0
1764
652
0
0
0
0
0
0
423
144
0
0
0
0
0
0
221
2567
0
0
0
0
0
0
2936
611
0
0
0
0
0
0
1285
1506
0
0
0
0
0
0
3060
1268
0
0
0
0
0
0
467
2425
0
0
0
0
0
0
1513
565
0
0
0
0
0
0
2435
3434
0
0
0
0
0
0
171
1072
0
0
0
0
0
0
2221
2704
0
0
0
0
0
0
1468
359
0
0
0
0
0
0
2119
678
0
0
0
0
0
0
2981
30
0
0
0
0
0
0
182
4025
0
0
0
0
0
0
3861
2785
0
0
0
0
0
0
365
2547
0
0
0
0
0
0
1743
703
0
0
0
0
0
0
613
793
0
0
0
0
0
0
2109
841
0
0
0
0
0
0
1108
363
0
0
0
0
0
0
1412
1678
0
0
0
0
0
0
773
3279
0
0
0
0
0
0
2444
1179
0
0
0
0
0
0
597
288
0
0
0
0
0
0
3136
4034
0
0
0
0
0
0
2668
1778
0
0
0
0
0
0
1715
3409
0
0
0
0
0
0
747
3106
0
0
0
0
0
0
243
2802
0
0
0
0
0
0
2463
3588
0
0
0
0
0
0
1933
2220
0
0
0
0
0
0
1215
504
0
0
0
0
0
0
101
2327
0
0
0
0
0
0
140
2771
0
0
0
0
0
0
435
2599
0
0
0
0
0
0
1606
3719
0
0
0
0
0
0
981
3889
0
0
0
0
0
0
2449
2688
0
0
0
0
0
0
1017
440
0
0
0
0
0
0
3698
2189
0
0
0
0
0
0
1880
3873
0
0
0
0
0
0
2862
163
0
0
0
0
0
0
2990
2311
0
0
0
0
0
0
1690
3112
0
0
0
0
0
0
595
3692
0
0
0
0
0
0
2421
1891
0
0
0
0
0
0
2937
654
0
0
0
0
0
0
3673
3114
0
0
0
0
0
0
3900
367
0
0
0
0
0
0
3741
2989
0
0
0
0
0
0
3858
1442
0
0
0
0
0
0
230
3650
0
0
0
0
0
0
1252
2435
0
0
0
0
0
0
5
227
0
0
0
0
0
0
2846
513
0
0
0
0
0
0
799
2544
0
0
0
0
0
0
286
878
0
0
0
0
0
0
2537
637
0
0
0
0
0
0
4062
1557
0
0
0
0
0
0
2242
1634
0
0
0
0
0
0
3250
741
0
0
0
0
0
0
1862
2139
0
0
0
0
0
0
3623
3082
0
0
0
0
0
0
418
30
0
0
0
0
0
0
2913
1984
0
0
0
0
0
0
2230
3206
0
0
0
0
0
0
3325
3644
0
0
0
0
0
0
3205
3663
0
0
0
0
0
0
3988
1067
0
0
0
0
0
0
2301
3777
0
0
0
0
0
0
3880
1166
0
0
0
0
0
0
2604
3438
0
0
0
0
0
0
579
678
0
0
0
0
0
0
3540
1221
0
0
0
0
0
0
1972
1587
0
0
0
0
0
0
3306
3369
0
0
0
0
0
0
1684
1062
0
0
0
0
0
0
1611
863
0
0
0
0
0
0
2718
2858
0
0
0
0
0
0
1809
1102
0
0
0
0
0
0
984
2466
0
0
0
0
0
0
1847
740
0
0
0
0
0
0
2431
286
0
0
0
0
0
0
2689
2025
0
0
0
0
0
0
440
1254
0
0
0
0
0
0
1952
1604
0
0
0
0
0
0
4095
3170
0
0
0
0
0
0
4081
3747
0
0
0
0
0
0
1699
400
0
0
0
0
0
0
1737
56
0
0
0
0
0
0
1200
2433
0
0
0
0
0
0
924
3670
0
0
0
0
0
0
2170
303
0
0
0
0
0
0
2886
511
0
0
0
0
0
0
3413
594
0
0
0
0
0
0
3193
542
0
0
0
0
0
0
3932
1972
0
0
0
0
0
0
368
247
0
0
0
0
0
0
1217
3459
0
0
0
0
0
0
1674
2419
0
0
0
0
0
0
2858
3372
0
0
0
0
0
0
2181
2336
0
0
0
0
0
0
167
190
0
0
0
0
0
0
2942
2873
0
0
0
0
0
0
1001
983
0
0
0
0
0
0
3953
1313
0
0
0
0
0
0
3323
3481
0
0
0
0
0
0
2299
3684
0
0
0
0
0
0
1935
3071
0
0
0
0
0
0
3716
2872
0
0
0
0
0
0
2052
3309
0
0
0
0
0
0
138
3958
0
0
0
0
0
0
3037
2817
0
0
0
0
0
0
2935
3894
0
0
0
0
0
0
1345
438
0
0
0
0
0
0
3133
3818
0
0
0
0
0
0
670
2328
0
0
0
0
0
0
9
3610
0
0
0
0
0
0
1039
3830
0
0
0
0
0
0
1208
1769
0
0
0
0
0
0
3298
1040
0
0
0
0
0
0
1122
777
0
0
0
0
0
0
913
101
0
0
0
0
0
0
1652
10
0
0
0
0
0
0
3510
2816
0
0
0
0
0
0
1152
1762
0
0
0
0
0
0
3730
1595
0
0
0
0
0
0
1026
2011
0
0
0
0
0
0
787
907
0
0
0
0
0
0
1446
2159
0
0
0
0
0
0
1681
3079
0
0
0
0
0
0
3480
3009
0
0
0
0
0
0
303
3399
0
0
0
0
0
0
510
2536
0
0
0
0
0
0
1120
2025
0
0
0
0
0
0
2931
2641
0
0
0
0
0
0
424
2196
0
0
0
0
0
0
2561
3619
0
0
0
0
0
0
1696
761
0
0
0
0
0
0
595
202
0
0
0
0
0
0
1974
2031
0
0
0
0
0
0
224
1498
0
0
0
0
0
0
167
1522
0
0
0
0
0
0
1753
2238
0
0
0
0
0
0
2847
2360
0
0
0
0
0
0
2472
3384
0
0
0
0
0
0
1080
3604
0
0
0
0
0
0
2642
1690
0
0
0
0
0
0
623
1252
0
0
0
0
0
0
1201
1945
0
0
0
0
0
0
2185
803
0
0
0
0
0
0
1114
3063
0
0
0
0
0
0
339
4049
0
0
0
0
0
0
3526
952
0
0
0
0
0
0
1461
223
0
0
0
0
0
0
1315
4067
0
0
0
0
0
0
1731
364
0
0
0
0
0
0
1974
343
0
0
0
0
0
0
3935
3676
0
0
0
0
0
0
4018
918
0
0
0
0
0
0
1894
3445
0
0
0
0
0
0
2701
3755
0
0
0
0
0
0
1972
2258
0
0
0
0
0
0
2202
55
0
0
0
0
0
0
2130
3120
0
0
0
0
0
0
2691
2189
0
0
0
0
0
0
1508
1098
0
0
0
0
0
0
2725
1371
0
0
0
0
0
0
961
772
0
0
0
0
0
0
1791
2466
0
0
0
0
0
0
33
357
0
0
0
0
0
0
1453
1944
0
0
0
0
0
0
1864
1165
0
0
0
0
0
0
1103
1744
0
0
0
0
0
0
1096
3597
0
0
0
0
0
0
3231
1795
0
0
0
0
0
0
607
1491
0
0
0
0
0
0
2423
364
0
0
0
0
0
0
1006
254
0
0
0
0
0
0
2995
2561
0
0
0
0
0
0
563
2712
0
0
0
0
0
0
3834
2396
0
0
0
0
0
0
2946
2652
0
0
0
0
0
0
980
1797
0
0
0
0
0
0
3039
3068
0
0
0
0
0
0
3598
991
0
0
0
0
0
0
4033
1640
0
0
0
0
0
0
114
600
0
0
0
0
0
0
2341
75
0
0
0
0
0
0
3237
2398
0
0
0
0
0
0
952
986
0
0
0
0
0
0
2210
2072
0
0
0
0
0
0
2883
3195
0
0
0
0
0
0
3292
469
0
0
0
0
0
0
1881
2049
0
0
0
0
0
0
2698
3175
0
0
0
0
0
0
1791
2319
0
0
0
0
0
0
507
2497
0
0
0
0
0
0
3361
163
0
0
0
0
0
0
1089
1927
0
0
0
0
0
0
3778
1924
0
0
0
0
0
0
214
2374
0
0
0
0
0
0
3852
482
0
0
0
0
0
0
129
3316
0
0
0
0
0
0
2650
392
0
0
0
0
0
0
1175
3120
0
0
0
0
0
0
3581
292
0
0
0
0
0
0
3997
1298
0
0
0
0
0
0
2940
3458
0
0
0
0
0
0
3389
2355
0
0
0
0
0
0
3157
499
0
0
0
0
0
0
417
1145
0
0
0
0
0
0
4000
2898
0
0
0
0
0
0
2870
2512
0
0
0
0
0
0
686
3726
0
0
0
0
0
0
1824
2468
0
0
0
0
0
0
3490
3398
0
0
0
0
0
0
3451
2080
0
0
0
0
0
0
2523
844
0
0
0
0
0
0
1768
1499
0
0
0
0
0
0
3416
1227
0
0
0
0
0
0
1313
948
0
0
0
0
0
0
2068
3802
0
0
0
0
0
0
2560
3830
0
0
0
0
0
0
3211
1609
0
0
0
0
0
0
2130
1196
0
0
0
0
0
0
115
3367
0
0
0
0
0
0
4
2247
0
0
0
0
0
0
3127
643
0
0
0
0
0
0
2249
5
0
0
0
0
0
0
3625
263
0
0
0
0
0
0
3764
2824
0
0
0
0
0
0
632
3663
0
0
0
0
0
0
3445
803
0
0
0
0
0
0
3083
1936
0
0
0
0
0
0
1256
709
0
0
0
0
0
0
2961
3978
0
0
0
0
0
0
1996
267
0
0
0
0
0
0
683
1657
0
0
0
0
0
0
2112
844
0
0
0
0
0
0
1078
2695
0
0
0
0
0
0
259
1083
0
0
0
0
0
0
595
3266
0
0
0
0
0
0
2486
3312
0
0
0
0
0
0
3637
1898
0
0
0
0
0
0
1244
2112
0
0
0
0
0
0
2533
2838
0
0
0
0
0
0
1032
472
0
0
0
0
0
0
7
1203
0
0
0
0
0
0
1160
1564
0
0
0
0
0
0
4061
3463
0
0
0
0
0
0
759
3109
0
0
0
0
0
0
3980
3320
0
0
0
0
0
0
2671
2611
0
0
0
0
0
0
2195
2854
0
0
0
0
0
0
2860
194
0
0
0
0
0
0
2844
3301
0
0
0
0
0
0
771
1819
0
0
0
0
0
0
3704
2144
0
0
0
0
0
0
1916
3195
0
0
0
0
0
0
178
361
0
0
0
0
0
0
3232
907
0
0
0
0
0
0
923
288
0
0
0
0
0
0
2079
3460
0
0
0
0
0
0
174
2754
0
0
0
0
0
0
2917
3125
0
0
0
0
0
0
2612
858
0
0
0
0
0
0
3168
718
0
0
0
0
0
0
1500
1697
0
0
0
0
0
0
3347
2671
0
0
0
0
0
0
2583
1243
0
0
0
0
0
0
1188
2027
0
0
0
0
0
0
2824
1936
0
0
0
0
0
0
1004
2062
0
0
0
0
0
0
1656
1674
0
0
0
0
0
0
3106
1249
0
0
0
0
0
0
1282
2996
0
0
0
0
0
0
3492
2596
0
0
0
0
0
0
508
1659
0
0
0
0
0
0
3390
1856
0
0
0
0
0
0
651
2206
0
0
0
0
0
0
2600
1997
0
0
0
0
0
0
1893
871
0
0
0
0
0
0
2206
4001
0
0
0
0
0
0
2032
1781
0
0
0
0
0
0
1085
1896
0
0
0
0
0
0
2808
3309
0
0
0
0
0
0
1910
1823
0
0
0
0
0
0
3047
1816
0
0
0
0
0
0
563
3060
0
0
0
0
0
0
3530
1673
0
0
0
0
0
0
2450
1457
0
0
0
0
0
0
2171
2465
0
0
0
0
0
0
268
2249
0
0
0
0
0
0
2649
1657
0
0
0
0
0
0
1894
2736
0
0
0
0
0
0
2596
2536
0
0
0
0
0
0
550
1403
0
0
0
0
0
0
334
3138
0
0
0
0
0
0
2578
830
0
0
0
0
0
0
2365
1325
0
0
0
0
0
0
616
2208
0
0
0
0
0
0
671
2506
0
0
0
0
0
0
2734
1054
0
0
0
0
0
0
610
1054
0
0
0
0
0
0
754
661
0
0
0
0
0
0
3097
1515
0
0
0
0
0
0
1807
904
0
0
0
0
0
0
417
2100
0
0
0
0
0
0
948
1959
0
0
0
0
0
0
2286
3450
0
0
0
0
0
0
3290
509
0
0
0
0
0
0
3769
3047
0
0
0
0
0
0
3140
1146
0
0
0
0
0
0
471
980
0
0
0
0
0
0
1230
962
0
0
0
0
0
0
72
1665
0
0
0
0
0
0
1751
803
0
0
0
0
0
0
3925
2224
0
0
0
0
0
0
96
3815
0
0
0
0
0
0
2210
347
0
0
0
0
0
0
2827
292
0
0
0
0
0
0
1724
1384
0
0
0
0
0
0
3283
1384
0
0
0
0
0
0
268
608
0
0
0
0
0
0
2435
1530
0
0
0
0
0
0
3743
4003
0
0
0
0
0
0
2450
770
0
0
0
0
0
0
1032
3755
0
0
0
0
0
0
3425
3215
0
0
0
0
0
0
2604
745
0
0
0
0
0
0
2739
1505
0
0
0
0
0
0
1315
3547
0
0
0
0
0
0
2685
3583
0
0
0
0
0
0
2526
2179
0
0
0
0
0
0
1488
3077
0
0
0
0
0
0
3541
1576
0
0
0
0
0
0
2744
773
0
0
0
0
0
0
3924
2753
0
0
0
0
0
0
1436
3648
0
0
0
0
0
0
2995
1940
0
0
0
0
0
0
3470
3399
0
0
0
0
0
0
1039
3182
0
0
0
0
0
0
1048
392
0
0
0
0
0
0
3880
2669
0
0
0
0
0
0
450
536
0
0
0
0
0
0
1639
2336
0
0
0
0
0
0
1397
2192
0
0
0
0
0
0
2261
484
0
0
0
0
0
0
3179
1537
0
0
0
0
0
0
1527
491
0
0
0
0
0
0
3278
1443
0
0
0
0
0
0
52
2474
0
0
0
0
0
0
2943
3744
0
0
0
0
0
0
363
2618
0
0
0
0
0
0
3939
401
0
0
0
0
0
0
1286
1829
0
0
0
0
0
0
2166
74
0
0
0
0
0
0
2412
3766
0
0
0
0
0
0
503
916
0
0
0
0
0
0
773
2995
0
0
0
0
0
0
122
1950
0
0
0
0
0
0
3105
1358
0
0
0
0
0
0
4079
1837
0
0
0
0
0
0
2355
694
0
0
0
0
0
0
3221
1829
0
0
0
0
0
0
595
2790
0
0
0
0
0
0
629
969
0
0
0
0
0
0
1749
3364
0
0
0
0
0
0
1255
2348
0
0
0
0
0
0
2701
1075
0
0
0
0
0
0
605
2099
0
0
0
0
0
0
1162
231
0
0
0
0
0
0
3963
295
0
0
0
0
0
0
388
3418
0
0
0
0
0
0
244
1466
0
0
0
0
0
0
1636
1672
0
0
0
0
0
0
925
2471
0
0
0
0
0
0
2271
1501
0
0
0
0
0
0
544
3969
0
0
0
0
0
0
2068
1717
0
0
0
0
0
0
980
2653
0
0
0
0
0
0
1565
2462
0
0
0
0
0
0
25
2509
0
0
0
0
0
0
2734
3593
0
0
0
0
0
0
953
2504
0
0
0
0
0
0
4050
3114
0
0
0
0
0
0
2740
256
0
0
0
0
0
0
2931
3073
0
0
0
0
0
0
2316
1419
0
0
0
0
0
0
2917
2128
0
0
0
0
0
0
3079
21
0
0
0
0
0
0
2572
3167
0
0
0
0
0
0
2429
3365
0
0
0
0
0
0
2477
3036
0
0
0
0
0
0
3844
4055
0
0
0
0
0
0
95
3058
0
0
0
0
0
0
3321
1559
0
0
0
0
0
0
2068
3370
0
0
0
0
0
0
3232
1243
0
0
0
0
0
0
3106
3742
0
0
0
0
0
0
3235
3723
0
0
0
0
0
0
1880
4014
0
0
0
0
0
0
2547
2082
0
0
0
0
0
0
1932
1098
0
0
0
0
0
0
1804
855
0
0
0
0
0
0
1348
167
0
0
0
0
0
0
679
2500
0
0
0
0
0
0
738
3020
0
0
0
0
0
0
3755
2839
0
0
0
0
0
0
3995
510
0
0
0
0
0
0
3200
342
0
0
0
0
0
0
686
2064
0
0
0
0
0
0
3102
2902
0
0
0
0
0
0
166
2991
0
0
0
0
0
0
3888
128
0
0
0
0
0
0
180
89
0
0
0
0
0
0
1844
3059
0
0
0
0
0
0
2869
3034
0
0
0
0
0
0
3682
3668
0
0
0
0
0
0
1053
3223
0
0
0
0
0
0
1895
111
0
0
0
0
0
0
2165
865
0
0
0
0
0
0
2499
1356
0
0
0
0
0
0
3498
1190
0
0
0
0
0
0
1012
2191
0
0
0
0
0
0
3844
741
0
0
0
0
0
0
1316
2416
0
0
0
0
0
0
4066
4067
0
0
0
0
0
0
1216
2526
0
0
0
0
0
0
3117
515
0
0
0
0
0
0
518
1845
0
0
0
0
0
0
1368
2686
0
0
0
0
0
0
117
823
0
0
0
0
0
0
3303
1967
0
0
0
0
0
0
1988
836
0
0
0
0
0
0
3470
2790
0
0
0
0
0
0
2340
487
0
0
0
0
0
0
3828
630
0
0
0
0
0
0
2643
875
0
0
0
0
0
0
3085
3014
0
0
0
0
0
0
2636
141
0
0
0
0
0
0
855
1969
0
0
0
0
0
0
1364
904
0
0
0
0
0
0
1414
4012
0
0
0
0
0
0
498
1854
0
0
0
0
0
0
535
2431
0
0
0
0
0
0
1863
477
0
0
0
0
0
0
917
3281
0
0
0
0
0
0
3009
2511
0
0
0
0
0
0
887
3478
0
0
0
0
0
0
3092
349
0
0
0
0
0
0
3799
253
0
0
0
0
0
0
947
1583
0
0
0
0
0
0
2881
1525
0
0
0
0
0
0
1364
2640
0
0
0
0
0
0
127
3447
0
0
0
0
0
0
2486
792
0
0
0
0
0
0
591
207
0
0
0
0
0
0
1768
1988
0
0
0
0
0
0
1475
1720
0
0
0
0
0
0
65
1845
0
0
0
0
0
0
2103
1879
0
0
0
0
0
0
204
3553
0
0
0
0
0
0
2850
2913
0
0
0
0
0
0
3397
2709
0
0
0
0
0
0
165
107
0
0
0
0
0
0
2572
3733
0
0
0
0
0
0
977
3137
0
0
0
0
0
0
2384
260
0
0
0
0
0
0
577
3511
0
0
0
0
0
0
1365
3701
0
0
0
0
0
0
3617
3758
0
0
0
0
0
0
1100
3828
0
0
0
0
0
0
1539
1952
0
0
0
0
0
0
1713
2012
0
0
0
0
0
0
205
2444
0
0
0
0
0
0
3395
1630
0
0
0
0
0
0
3283
3175
0
0
0
0
0
0
3349
405
0
0
0
0
0
0
1183
2306
0
0
0
0
0
0
4093
1637
0
0
0
0
0
0
3019
3823
0
0
0
0
0
0
2059
2925
0
0
0
0
0
0
3402
3530
0
0
0
0
0
0
609
3875
0
0
0
0
0
0
1147
3186
0
0
0
0
0
0
2040
1801
0
0
0
0
0
0
1554
94
0
0
0
0
0
0
3792
1110
0
0
0
0
0
0
2509
1351
0
0
0
0
0
0
2281
824
0
0
0
0
0
0
3613
3056
0
0
0
0
0
0
3808
3311
0
0
0
0
0
0
3626
2405
0
0
0
0
0
0
2580
2832
0
0
0
0
0
0
1369
216
0
0
0
0
0
0
3444
1606
0
0
0
0
0
0
518
204
0
0
0
0
0
0
1224
2880
0
0
0
0
0
0
2559
994
0
0
0
0
0
0
1396
1118
0
0
0
0
0
0
994
2623
0
0
0
0
0
0
33
1128
0
0
0
0
0
0
3475
1795
0
0
0
0
0
0
2932
3654
0
0
0
0
0
0
1406
3363
0
0
0
0
0
0
2337
2667
0
0
0
0
0
0
2549
984
0
0
0
0
0
0
1338
1864
0
0
0
0
0
0
3104
1582
0
0
0
0
0
0
3869
1133
0
0
0
0
0
0
1231
517
0
0
0
0
0
0
3892
70
0
0
0
0
0
0
4061
1340
0
0
0
0
0
0
3694
2305
0
0
0
0
0
0
86
3581
0
0
0
0
0
0
1162
890
0
0
0
0
0
0
2037
2680
0
0
0
0
0
0
3788
2328
0
0
0
0
0
0
789
3415
0
0
0
0
0
0
659
2523
0
0
0
0
0
0
2900
734
0
0
0
0
0
0
647
1276
0
0
0
0
0
0
2186
1063
0
0
0
0
0
0
4042
2347
0
0
0
0
0
0
1020
2672
0
0
0
0
0
0
3320
3654
0
0
0
0
0
0
963
1151
0
0
0
0
0
0
361
1819
0
0
0
0
0
0
237
2586
0
0
0
0
0
0
1394
865
0
0
0
0
0
0
748
2003
0
0
0
0
0
0
819
301
0
0
0
0
0
0
1247
1940
0
0
0
0
0
0
800
2773
0
0
0
0
0
0
36
3616
0
0
0
0
0
0
3484
3791
0
0
0
0
0
0
2465
1642
0
0
0
0
0
0
3237
615
0
0
0
0
0
0
2602
2047
0
0
0
0
0
0
865
701
0
0
0
0
0
0
3054
3269
0
0
0
0
0
0
876
1896
0
0
0
0
0
0
3128
585
0
0
0
0
0
0
1817
3966
0
0
0
0
0
0
3798
2510
0
0
0
0
0
0
3531
765
0
0
0
0
0
0
1571
480
0
0
0
0
0
0
442
1674
0
0
0
0
0
0
2236
3469
0
0
0
0
0
0
2271
1639
0
0
0
0
0
0
3811
995
0
0
0
0
0
0
2031
1280
0
0
0
0
0
0
3533
1862
0
0
0
0
0
0
3294
3362
0
0
0
0
0
0
4046
2706
0
0
0
0
0
0
3483
1827
0
0
0
0
0
0
3919
917
0
0
0
0
0
0
969
1749
0
0
0
0
0
0
3614
3401
0
0
0
0
0
0
3583
3326
0
0
0
0
0
0
3489
2704
0
0
0
0
0
0
738
3112
0
0
0
0
0
0
2415
1949
0
0
0
0
0
0
2436
1871
0
0
0
0
0
0
2208
1889
0
0
0
0
0
0
3313
730
0
0
0
0
0
0
1463
1124
0
0
0
0
0
0
3942
3678
0
0
0
0
0
0
1750
2632
0
0
0
0
0
0
493
2194
0
0
0
0
0
0
2515
1190
0
0
0
0
0
0
2277
1744
0
0
0
0
0
0
3208
767
0
0
0
0
0
0
2171
3956
0
0
0
0
0
0
933
1985
0
0
0
0
0
0
2406
1131
0
0
0
0
0
0
2920
813
0
0
0
0
0
0
2636
2346
0
0
0
0
0
0
3455
3730
0
0
0
0
0
0
3725
1165
0
0
0
0
0
0
404
3886
0
0
0
0
0
0
3824
2544
0
0
0
0
0
0
3412
16
0
0
0
0
0
0
810
3391
0
0
0
0
0
0
1147
2182
0
0
0
0
0
0
2354
1100
0
0
0
0
0
0
2788
745
0
0
0
0
0
0
3938
2441
0
0
0
0
0
0
157
2471
0
0
0
0
0
0
2657
2165
0
0
0
0
0
0
3252
806
0
0
0
0
0
0
1507
3366
0
0
0
0
0
0
630
1972
0
0
0
0
0
0
4057
2741
0
0
0
0
0
0
2117
211
0
0
0
0
0
0
457
76
0
0
0
0
0
0
3946
312
0
0
0
0
0
0
700
1340
0
0
0
0
0
0
85
3662
0
0
0
0
0
0
2279
2240
0
0
0
0
0
0
2830
3859
0
0
0
0
0
0
431
922
0
0
0
0
0
0
2179
2326
0
0
0
0
0
0
1254
3871
0
0
0
0
0
0
2260
2346
0
0
0
0
0
0
296
2081
0
0
0
0
0
0
1272
2652
0
0
0
0
0
0
3585
89
0
0
0
0
0
0
229
1300
0
0
0
0
0
0
3053
1735
0
0
0
0
0
0
3830
15
0
0
0
0
0
0
3852
2500
0
0
0
0
0
0
1804
262
0
0
0
0
0
0
3012
1283
0
0
0
0
0
0
3833
3707
0
0
0
0
0
0
1765
965
0
0
0
0
0
0
3320
3789
0
0
0
0
0
0
129
776
0
0
0
0
0
0
1666
2629
0
0
0
0
0
0
1706
99
0
0
0
0
0
0
2373
2950
0
0
0
0
0
0
1631
4084
0
0
0
0
0
0
2153
1592
0
0
0
0
0
0
2793
4043
0
0
0
0
0
0
4041
2842
0
0
0
0
0
0
2266
3399
0
0
0
0
0
0
3914
2235
0
0
0
0
0
0
3439
2494
0
0
0
0
0
0
3190
1919
0
0
0
0
0
0
519
1166
0
0
0
0
0
0
210
3620
0
0
0
0
0
0
1054
1320
0
0
0
0
0
0
442
3459
0
0
0
0
0
0
2490
1993
0
0
0
0
0
0
708
88
0
0
0
0
0
0
1223
2540
0
0
0
0
0
0
186
1405
0
0
0
0
0
0
2848
3971
0
0
0
0
0
0
4058
753
0
0
0
0
0
0
2567
2393
0
0
0
0
0
0
1672
395
0
0
0
0
0
0
3374
470
0
0
0
0
0
0
1111
977
0
0
0
0
0
0
3318
1815
0
0
0
0
0
0
2426
884
0
0
0
0
0
0
2179
3257
0
0
0
0
0
0
1628
1902
0
0
0
0
0
0
3764
1141
0
0
0
0
0
0
1503
780
0
0
0
0
0
0
3498
4006
0
0
0
0
0
0
3022
158
0
0
0
0
0
0
839
2698
0
0
0
0
0
0
3754
1664
0
0
0
0
0
0
3841
837
0
0
0
0
0
0
3876
2150
0
0
0
0
0
0
201
1083
0
0
0
0
0
0
2067
3852
0
0
0
0
0
0
3575
1338
0
0
0
0
0
0
978
4030
0
0
0
0
0
0
2738
1245
0
0
0
0
0
0
604
3240
0
0
0
0
0
0
484
1570
0
0
0
0
0
0
246
1401
0
0
0
0
0
0
3948
3759
0
0
0
0
0
0
2576
58
0
0
0
0
0
0
2900
4058
0
0
0
0
0
0
251
2347
0
0
0
0
0
0
1152
2459
0
0
0
0
0
0
3969
1861
0
0
0
0
0
0
3079
2069
0
0
0
0
0
0
2372
3547
0
0
0
0
0
0
638
3541
0
0
0
0
0
0
309
3484
0
0
0
0
0
0
245
1254
0
0
0
0
0
0
243
273
0
0
0
0
0
0
489
3585
0
0
0
0
0
0
3562
19
0
0
0
0
0
0
2592
1356
0
0
0
0
0
0
1383
2496
0
0
0
0
0
0
1908
468
0
0
0
0
0
0
3370
2268
0
0
0
0
0
0
29
56
0
0
0
0
0
0
1623
3355
0
0
0
0
0
0
2554
3403
0
0
0
0
0
0
3512
1813
0
0
0
0
0
0
4092
1832
0
0
0
0
0
0
3275
710
0
0
0
0
0
0
3351
277
0
0
0
0
0
0
1331
256
0
0
0
0
0
0
1444
1774
0
0
0
0
0
0
1675
68
0
0
0
0
0
0
660
87
0
0
0
0
0
0
2367
3279
0
0
0
0
0
0
470
3183
0
0
0
0
0
0
2037
1490
0
0
0
0
0
0
315
523
0
0
0
0
0
0
2860
3081
0
0
0
0
0
0
3319
3122
0
0
0
0
0
0
1309
2037
0
0
0
0
0
0
1631
3083
0
0
0
0
0
0
1304
3996
0
0
0
0
0
0
1045
119
0
0
0
0
0
0
2160
2867
0
0
0
0
0
0
2329
2658
0
0
0
0
0
0
643
4059
0
0
0
0
0
0
2008
2818
0
0
0
0
0
0
3650
3674
0
0
0
0
0
0
3433
3098
0
0
0
0
0
0
2532
1110
0
0
0
0
0
0
3175
918
0
0
0
0
0
0
3659
745
0
0
0
0
0
0
689
69
0
0
0
0
0
0
3731
1630
0
0
0
0
0
0
2936
2827
0
0
0
0
0
0
3822
606
0
0
0
0
0
0
3403
146
0
0
0
0
0
0
1899
1359
0
0
0
0
0
0
1269
507
0
0
0
0
0
0
1272
2579
0
0
0
0
0
0
2941
1744
0
0
0
0
0
0
1235
4067
0
0
0
0
0
0
1089
3721
0
0
0
0
0
0
755
2173
0
0
0
0
0
0
2990
527
0
0
0
0
0
0
2361
227
0
0
0
0
0
0
3638
3949
0
0
0
0
0
0
834
2370
0
0
0
0
0
0
362
1152
0
0
0
0
0
0
1134
1561
0
0
0
0
0
0
3664
2032
0
0
0
0
0
0
2961
3049
0
0
0
0
0
0
3831
1952
0
0
0
0
0
0
2334
28
0
0
0
0
0
0
569
3666
0
0
0
0
0
0
1757
1239
0
0
0
0
0
0
3207
2568
0
0
0
0
0
0
924
2701
0
0
0
0
0
0
3335
3658
0
0
0
0
0
0
947
145
0
0
0
0
0
0
2900
2270
0
0
0
0
0
0
3171
837
0
0
0
0
0
0
2021
814
0
0
0
0
0
0
803
53
0
0
0
0
0
0
3195
346
0
0
0
0
0
0
3405
2436
0
0
0
0
0
0
2513
3264
0
0
0
0
0
0
1447
1042
0
0
0
0
0
0
1741
606
0
0
0
0
0
0
4064
3933
0
0
0
0
0
0
3501
1982
0
0
0
0
0
0
1227
3973
0
0
0
0
0
0
2656
2217
0
0
0
0
0
0
2806
3554
0
0
0
0
0
0
817
594
0
0
0
0
0
0
3037
3724
0
0
0
0
0
0
841
3012
0
0
0
0
0
0
1739
702
0
0
0
0
0
0
110
3228
0
0
0
0
0
0
2124
988
0
0
0
0
0
0
2459
3652
0
0
0
0
0
0
2032
3837
0
0
0
0
0
0
2550
1679
0
0
0
0
0
0
1657
3428
0
0
0
0
0
0
2215
1955
0
0
0
0
0
0
2255
2576
0
0
0
0
0
0
2354
2670
0
0
0
0
0
0
2626
2157
0
0
0
0
0
0
1291
3129
0
0
0
0
0
0
77
1625
0
0
0
0
0
0
4045
2568
0
0
0
0
0
0
3356
3013
0
0
0
0
0
0
2675
3540
0
0
0
0
0
0
1387
3085
0
0
0
0
0
0
2380
2381
0
0
0
0
0
0
2105
3676
0
0
0
0
0
0
2590
1346
0
0
0
0
0
0
2982
21
0
0
0
0
0
0
484
1763
0
0
0
0
0
0
1316
2267
0
0
0
0
0
0
1560
100
0
0
0
0
0
0
440
953
0
0
0
0
0
0
3475
67
0
0
0
0
0
0
3555
1514
0
0
0
0
0
0
3251
2640
0
0
0
0
0
0
250
699
0
0
0
0
0
0
2701
218
0
0
0
0
0
0
554
3600
0
0
0
0
0
0
4020
3160
0
0
0
0
0
0
3658
2985
0
0
0
0
0
0
2514
3083
0
0
0
0
0
0
1099
2694
0
0
0
0
0
0
2296
1609
0
0
0
0
0
0
1736
2341
0
0
0
0
0
0
341
686
0
0
0
0
0
0
2944
4010
0
0
0
0
0
0
756
3916
0
0
0
0
0
0
3728
1057
0
0
0
0
0
0
917
2009
0
0
0
0
0
0
4030
770
0
0
0
0
0
0
1437
995
0
0
0
0
0
0
1992
3848
0
0
0
0
0
0
1051
3338
0
0
0
0
0
0
3562
703
0
0
0
0
0
0
3416
1112
0
0
0
0
0
0
4044
1515
0
0
0
0
0
0
1515
1644
0
0
0
0
0
0
4085
3468
0
0
0
0
0
0
2257
85
0
0
0
0
0
0
285
3632
0
0
0
0
0
0
1613
339
0
0
0
0
0
0
1520
2447
0
0
0
0
0
0
852
1033
0
0
0
0
0
0
1183
2709
0
0
0
0
0
0
3102
2242
0
0
0
0
0
0
1147
2911
0
0
0
0
0
0
2042
2412
0
0
0
0
0
0
3368
2622
0
0
0
0
0
0
2616
3775
0
0
0
0
0
0
266
2403
0
0
0
0
0
0
354
711
0
0
0
0
0
0
1908
2848
0
0
0
0
0
0
463
752
0
0
0
0
0
0
3260
3621
0
0
0
0
0
0
188
2483
0
0
0
0
0
0
4039
1980
0
0
0
0
0
0
3879
2573
0
0
0
0
0
0
2023
1421
0
0
0
0
0
0
2977
3686
0
0
0
0
0
0
717
562
0
0
0
0
0
0
2954
776
0
0
0
0
0
0
849
2166
0
0
0
0
0
0
1818
2553
0
0
0
0
0
0
1908
1746
0
0
0
0
0
0
2457
1803
0
0
0
0
0
0
454
3152
0
0
0
0
0
0
2824
1249
0
0
0
0
0
0
3096
763
0
0
0
0
0
0
2709
1465
0
0
0
0
0
0
2433
1837
0
0
0
0
0
0
2870
1538
0
0
0
0
0
0
2923
1432
0
0
0
0
0
0
3665
732
0
0
0
0
0
0
3628
667
0
0
0
0
0
0
306
3963
0
0
0
0
0
0
70
105
0
0
0
0
0
0
968
3203
0
0
0
0
0
0
506
3710
0
0
0
0
0
0
1327
2800
0
0
0
0
0
0
772
3410
0
0
0
0
0
0
1549
2551
0
0
0
0
0
0
933
3228
0
0
0
0
0
0
1688
2395
0
0
0
0
0
0
1031
3117
0
0
0
0
0
0
1776
2297
0
0
0
0
0
0
1089
3051
0
0
0
0
0
0
1832
2235
0
0
0
0
0
0
1123
3013
0
0
0
0
0
0
1868
2194
0
0
0
0
0
0
1142
2991
0
0
0
0
0
0
1893
2167
0
0
0
0
0
0
1151
2979
0
0
0
0
0
0
1910
2149
0
0
0
0
0
0
1156
2974
0
0
0
0
0
0
1923
2135
0
0
0
0
0
0
1156
2972
0
0
0
0
0
0
1933
2124
0
0
0
0
0
0
1155
2973
0
0
0
0
0
0
1941
2116
0
0
0
0
0
0
1152
2975
0
0
0
0
0
0
1948
2108
0
0
0
0
0
0
1149
2979
0
0
0
0
0
0
1955
2102
0
0
0
0
0
0
1145
2982
0
0
0
0
0
0
1961
2095
0
0
0
0
0
0
1141
2986
0
0
0
0
0
0
1967
2089
0
0
0
0
0
0
1136
2991
0
0
0
0
0
0
1973
2084
0
0
0
0
0
0
1132
2995
0
0
0
0
0
0
1979
2078
0
0
0
0
0
0
1127
3000
0
0
0
0
0
0
1985
2072
0
0
0
0
0
0
1123
3004
0
0
0
0
0
0
1990
2067
0
0
0
0
0
0
1118
3009
0
0
0
0
0
0
1996
2061
0
0
0
0
0
0
1113
3014
0
0
0
0
0
0
2001
2056
0
0
0
0
0
0
1109
3018
0
0
0
0
0
0
2007
2050
0
0
0
0
0
0
1104
3023
0
0
0
0
0
0
2012
2045
0
0
0
0
0
0
1099
3028
0
0
0
0
0
0
2018
2039
0
0
0
0
0
0
1095
3032
0
0
0
0
0
0
2024
2033
0
0
0
0
0
0
1090
3037
0
0
0
0
0
0
2029
2028
0
0
0
0
0
0
1086
3041
0
0
0
0
0
0
2035
2023
0
0
0
0
0
0
1081
3046
0
0
0
0
0
0
2040
2017
0
0
0
0
0
0
1076
3051
0
0
0
0
0
0
2046
2012
0
0
0
0
0
0
1072
3055
0
0
0
0
0
0
2051
2006
0
0
0
0
0
0
1067
3060
0
0
0
0
0
0
2057
2001
0
0
0
0
0
0
1062
3064
0
0
0
0
0
0
2062
1995
0
0
0
0
0
0
1058
3069
0
0
0
0
0
0
2068
1990
0
0
0
0
0
0
1053
3074
0
0
0
0
0
0
2073
1984
0
0
0
0
0
0
1048
3078
0
0
0
0
0
0
2079
1979
0
0
0
0
0
0
1044
3083
0
0
0
0
0
0
2084
1973
0
0
0
0
0
0
1039
3087
0
0
0
0
0
0
2090
1968
0
0
0
0
0
0
1035
3092
0
0
0
0
0
0
2095
1962
0
0
0
0
0
0
1030
3097
0
0
0
0
0
0
2101
1957
0
0
0
0
0
0
1025
3101
0
0
0
0
0
0
2106
1952
0
0
0
0
0
0
1021
3106
0
0
0
0
0
0
2111
1946
0
0
0
0
0
0
1016
3110
0
0
0
0
0
0
2117
1941
0
0
0
0
0
0
1012
3115
0
0
0
0
0
0
2122
1935
0
0
0
0
0
0
1007
3119
0
0
0
0
0
0
2128
1930
0
0
0
0
0
0
1002
3124
0
0
0
0
0
0
2133
1924
0
0
0
0
0
0
998
3128
0
0
0
0
0
0
2139
1919
0
0
0
0
0
0
993
3133
0
0
0
0
0
0
2144
1914
0
0
0
0
0
0
989
3138
0
0
0
0
0
0
2149
1908
0
0
0
0
0
0
984
3142
0
0
0
0
0
0
2155
1903
0
0
0
0
0
0
980
3147
0
0
0
0
0
0
2160
1898
0
0
0
0
0
0
975
3151
0
0
0
0
0
0
2166
1892
0
0
0
0
0
0
971
3156
0
0
0
0
0
0
2171
1887
0
0
0
0
0
0
966
3160
0
0
0
0
0
0
2177
1881
0
0
0
0
0
0
961
3165
0
0
0
0
0
0
2182
1876
0
0
0
0
0
0
957
3169
0
0
0
0
0
0
2187
1871
0
0
0
0
0
0
952
3174
0
0
0
0
0
0
2193
1865
0
0
0
0
0
0
948
3178
0
0
0
0
0
0
2198
1860
0
0
0
0
0
0
943
3183
0
0
0
0
0
0
2203
1855
0
0
0
0
0
0
939
3187
0
0
0
0
0
0
2209
1849
0
0
0
0
0
0
934
3192
0
0
0
0
0
0
2214
1844
0
0
0
0
0
0
930
3196
0
0
0
0
0
0
2220
1839
0
0
0
0
0
0
925
3201
0
0
0
0
0
0
2225
1833
0
0
0
0
0
0
921
3205
0
0
0
0
0
0
2230
1828
0
0
0
0
0
0
916
3210
0
0
0
0
0
0
2236
1823
0
0
0
0
0
0
912
3214
0
0
0
0
0
0
2241
1817
0
0
0
0
0
0
907
3219
0
0
0
0
0
0
2246
1812
0
0
0
0
0
0
903
3223
0
0
0
0
0
0
2252
1807
0
0
0
0
0
0
898
3227
0
0
0
0
0
0
2257
1801
0
0
0
0
0
0
894
3232
0
0
0
0
0
0
2262
1796
0
0
0
0
0
0
889
3236
0
0
0
0
0
0
2268
1791
0
0
0
0
0
0
885
3241
0
0
0
0
0
0
2273
1786
0
0
0
0
0
0
880
3245
0
0
0
0
0
0
2278
1780
0
0
0
0
0
0
876
3250
0
0
0
0
0
0
2284
1775
0
0
0
0
0
0
871
3254
0
0
0
0
0
0
2289
1770
0
0
0
0
0
0
867
3259
0
0
0
0
0
0
2294
1765
0
0
0
0
0
0
863
3263
0
0
0
0
0
0
2299
1759
0
0
0
0
0
0
858
3267
0
0
0
0
0
0
2305
1754
0
0
0
0
0
0
854
3272
0
0
0
0
0
0
2310
1749
0
0
0
0
0
0
849
3276
0
0
0
0
0
0
2315
1744
0
0
0
0
0
0
845
3281
0
0
0
0
0
0
2321
1738
0
0
0
0
0
0
840
3285
0
0
0
0
0
0
2326
1733
0
0
0
0
0
0
836
3289
0
0
0
0
0
0
2331
1728
0
0
0
0
0
0
831
3294
0
0
0
0
0
0
2336
1723
0
0
0
0
0
0
827
3298
0
0
0
0
0
0
2342
1717
0
0
0
0
0
0
823
3303
0
0
0
0
0
0
2347
1712
0
0
0
0
0
0
818
3307
0
0
0
0
0
0
2352
1707
0
0
0
0
0
0
814
3311
0
0
0
0
0
0
2357
1702
0
0
0
0
0
0
809
3316
0
0
0
0
0
0
2362
1697
0
0
0
0
0
0
805
3320
0
0
0
0
0
0
2368
1691
0
0
0
0
0
0
801
3325
0
0
0
0
0
0
2373
1686
0
0
0
0
0
0
796
3329
0
0
0
0
0
0
2378
1681
0
0
0
0
0
0
792
3333
0
0
0
0
0
0
2383
1676
0
0
0
0
0
0
787
3338
0
0
0
0
0
0
2389
1671
0
0
0
0
0
0
783
3342
0
0
0
0
0
0
2394
1666
0
0
0
0
0
0
779
3346
0
0
0
0
0
0
2399
1660
0
0
0
0
0
0
774
3351
0
0
0
0
0
0
2404
1655
0
0
0
0
0
0
770
3355
0
0
0
0
0
0
2409
1650
0
0
0
0
0
0
766
3359
0
0
0
0
0
0
2415
1645
0
0
0
0
0
0
761
3364
0
0
0
0
0
0
2420
1640
0
0
0
0
0
0
757
3368
0
0
0
0
0
0
2425
1635
0
0
0
0
0
0
753
3372
0
0
0
0
0
0
2430
1629
0
0
0
0
0
0
748
3377
0
0
0
0
0
0
2435
1624
0
0
0
0
0
0
744
3381
0
0
0
0
0
0
2440
1619
0
0
0
0
0
0
739
3385
0
0
0
0
0
0
2446
1614
0
0
0
0
0
0
735
3390
0
0
0
0
0
0
2451
1609
0
0
0
0
0
0
731
3394
0
0
0
0
0
0
2456
1604
0
0
0
0
0
0
726
3398
0
0
0
0
0
0
2461
1599
0
0
0
0
0
0
722
3403
0
0
0
0
0
0
2466
1594
0
0
0
0
0
0
718
3407
0
0
0
0
0
0
2471
1588
0
0
0
0
0
0
714
3411
0
0
0
0
0
0
2476
1583
0
0
0
0
0
0
709
3415
0
0
0
0
0
0
2482
1578
0
0
0
0
0
0
705
3420
0
0
0
0
0
0
2487
1573
0
0
0
0
0
0
701
3424
0
0
0
0
0
0
2492
1568
0
0
0
0
0
0
696
3428
0
0
0
0
0
0
2497
1563
0
0
0
0
0
0
692
3433
0
0
0
0
0
0
2502
1558
0
0
0
0
0
0
688
3437
0
0
0
0
0
0
2507
1553
0
0
0
0
0
0
683
3441
0
0
0
0
0
0
2512
1548
0
0
0
0
0
0
679
3445
0
0
0
0
0
0
2517
1543
0
0
0
0
0
0
675
3450
0
0
0
0
0
0
2522
1538
0
0
0
0
0
0
671
3454
0
0
0
0
0
0
2527
1533
0
0
0
0
0
0
666
3458
0
0
0
0
0
0
2533
1528
0
0
0
0
0
0
662
3462
0
0
0
0
0
0
2538
1523
0
0
0
0
0
0
658
3467
0
0
0
0
0
0
2543
1518
0
0
0
0
0
0
653
3471
0
0
0
0
0
0
2548
1512
0
0
0
0
0
0
649
3475
0
0
0
0
0
0
2553
1507
0
0
0
0
0
0
645
3479
0
0
0
0
0
0
2558
1502
0
0
0
0
0
0
641
3484
0
0
0
0
0
0
2563
1497
0
0
0
0
0
0
636
3488
0
0
0
0
0
0
2568
1492
0
0
0
0
0
0
632
3492
0
0
0
0
0
0
2573
1487
0
0
0
0
0
0
628
3496
0
0
0
0
0
0
2578
1482
0
0
0
0
0
0
624
3500
0
0
0
0
0
0
2583
1477
0
0
0
0
0
0
619
3505
0
0
0
0
0
0
2588
1472
0
0
0
0
0
0
615
3509
0
0
0
0
0
0
2593
1467
0
0
0
0
0
0
611
3513
0
0
0
0
0
0
2598
1462
0
0
0
0
0
0
607
3517
0
0
0
0
0
0
2603
1457
0
0
0
0
0
0
603
3521
0
0
0
0
0
0
2608
1452
0
0
0
0
0
0
598
3526
0
0
0
0
0
0
2613
1447
0
0
0
0
0
0
594
3530
0
0
0
0
0
0
2618
1442
0
0
0
0
0
0
590
3534
0
0
0
0
0
0
2623
1437
0
0
0
0
0
0
586
3538
0
0
0
0
0
0
2628
1433
0
0
0
0
0
0
582
3542
0
0
0
0
0
0
2633
1428
0
0
0
0
0
0
577
3546
0
0
0
0
0
0
2638
1423
0
0
0
0
0
0
573
3551
0
0
0
0
0
0
2643
1418
0
0
0
0
0
0
569
3555
0
0
0
0
0
0
2648
1413
0
0
0
0
0
0
565
3559
0
0
0
0
0
0
2653
1408
0
0
0
0
0
0
561
3563
0
0
0
0
0
0
2658
1403
0
0
0
0
0
0
556
3567
0
0
0
0
0
0
2663
1398
0
0
0
0
0
0
552
3571
0
0
0
0
0
0
2668
1393
0
0
0
0
0
0
548
3576
0
0
0
0
0
0
2673
1388
0
0
0
0
0
0
544
3580
0
0
0
0
0
0
2678
1383
0
0
0
0
0
0
540
3584
0
0
0
0
0
0
2683
1378
0
0
0
0
0
0
536
3588
0
0
0
0
0
0
2688
1373
0
0
0
0
0
0
531
3592
0
0
0
0
0
0
2693
1368
0
0
0
0
0
0
527
3596
0
0
0
0
0
0
2698
1364
0
0
0
0
0
0
523
3600
0
0
0
0
0
0
2703
1359
0
0
0
0
0
0
519
3604
0
0
0
0
0
0
2707
1354
0
0
0
0
0
0
515
3609
0
0
0
0
0
0
2712
1349
0
0
0
0
0
0
511
3613
0
0
0
0
0
0
2717
1344
0
0
0
0
0
0
507
3617
0
0
0
0
0
0
2722
1339
0
0
0
0
0
0
502
3621
0
0
0
0
0
0
2727
1334
0
0
0
0
0
0
498
3625
0
0
0
0
0
0
2732
1329
0
0
0
0
0
0
494
3629
0
0
0
0
0
0
2737
1324
0
0
0
0
0
0
490
3633
0
0
0
0
0
0
2742
1320
0
0
0
0
0
0
486
3637
0
0
0
0
0
0
2747
1315
0
0
0
0
0
0
482
3641
0
0
0
0
0
0
2752
1310
0
0
0
0
0
0
478
3645
0
0
0
0
0
0
2756
1305
0
0
0
0
0
0
474
3650
0
0
0
0
0
0
2761
1300
0
0
0
0
0
0
470
3654
0
0
0
0
0
0
2766
1295
0
0
0
0
0
0
465
3658
0
0
0
0
0
0
2771
1291
0
0
0
0
0
0
461
3662
0
0
0
0
0
0
2776
1286
0
0
0
0
0
0
457
3666
0
0
0
0
0
0
2781
1281
0
0
0
0
0
0
453
3670
0
0
0
0
0
0
2786
1276
0
0
0
0
0
0
449
3674
0
0
0
0
0
0
2791
1271
0
0
0
0
0
0
445
3678
0
0
0
0
0
0
2795
1266
0
0
0
0
0
0
441
3682
0
0
0
0
0
0
2800
1262
0
0
0
0
0
0
437
3686
0
0
0
0
0
0
2805
1257
0
0
0
0
0
0
433
3690
0
0
0
0
0
0
2810
1252
0
0
0
0
0
0
429
3694
0
0
0
0
0
0
2815
1247
0
0
0
0
0
0
425
3698
0
0
0
0
0
0
2820
1242
0
0
0
0
0
0
421
3702
0
0
0
0
0
0
2824
1238
0
0
0
0
0
0
417
3706
0
0
0
0
0
0
2829
1233
0
0
0
0
0
0
412
3710
0
0
0
0
0
0
2834
1228
0
0
0
0
0
0
408
3714
0
0
0
0
0
0
2839
1223
0
0
0
0
0
0
404
3718
0
0
0
0
0
0
2844
1219
0
0
0
0
0
0
400
3722
0
0
0
0
0
0
2848
1214
0
0
0
0
0
0
396
3726
0
0
0
0
0
0
2853
1209
0
0
0
0
0
0
392
3730
0
0
0
0
0
0
2858
1204
0
0
0
0
0
0
388
3734
0
0
0
0
0
0
2863
1199
0
0
0
0
0
0
384
3738
0
0
0
0
0
0
2867
1195
0
0
0
0
0
0
380
3742
0
0
0
0
0
0
2872
1190
0
0
0
0
0
0
376
3746
0
0
0
0
0
0
2877
1185
0
0
0
0
0
0
372
3750
0
0
0
0
0
0
2882
1180
0
0
0
0
0
0
368
3754
0
0
0
0
0
0
2887
1176
0
0
0
0
0
0
364
3758
0
0
0
0
0
0
2891
1171
0
0
0
0
0
0
360
3762
0
0
0
0
0
0
2896
1166
0
0
0
0
0
0
356
3766
0
0
0
0
0
0
2901
1162
0
0
0
0
0
0
352
3770
0
0
0
0
0
0
2906
1157
0
0
0
0
0
0
348
3774
0
0
0
0
0
0
2910
1152
0
0
0
0
0
0
344
3778
0
0
0
0
0
0
2915
1147
0
0
0
0
0
0
340
3782
0
0
0
0
0
0
2920
1143
0
0
0
0
0
0
336
3786
0
0
0
0
0
0
2925
1138
0
0
0
0
0
0
332
3790
0
0
0
0
0
0
2929
1133
0
0
0
0
0
0
328
3794
0
0
0
0
0
0
2934
1129
0
0
0
0
0
0
324
3798
0
0
0
0
0
0
2939
1124
0
0
0
0
0
0
320
3802
0
0
0
0
0
0
2943
1119
0
0
0
0
0
0
316
3806
0
0
0
0
0
0
2948
1115
0
0
0
0
0
0
312
3810
0
0
0
0
0
0
2953
1110
0
0
0
0
0
0
308
3814
0
0
0
0
0
0
2957
1105
0
0
0
0
0
0
305
3818
0
0
0
0
0
0
2962
1101
0
0
0
0
0
0
301
3822
0
0
0
0
0
0
2967
1096
0
0
0
0
0
0
297
3825
0
0
0
0
0
0
2972
1091
0
0
0
0
0
0
293
3829
0
0
0
0
0
0
2976
1087
0
0
0
0
0
0
289
3833
0
0
0
0
0
0
2981
1082
0
0
0
0
0
0
285
3837
0
0
0
0
0
0
2986
1077
0
0
0
0
0
0
281
3841
0
0
0
0
0
0
2990
1073
0
0
0
0
0
0
277
3845
0
0
0
0
0
0
2995
1068
0
0
0
0
0
0
273
3849
0
0
0
0
0
0
3000
1063
0
0
0
0
0
0
269
3853
0
0
0
0
0
0
3004
1059
0
0
0
0
0
0
265
3857
0
0
0
0
0
0
3009
1054
0
0
0
0
0
0
261
3861
0
0
0
0
0
0
3014
1050
0
0
0
0
0
0
257
3864
0
0
0
0
0
0
3018
1045
0
0
0
0
0
0
253
3868
0
0
0
0
0
0
3023
1040
0
0
0
0
0
0
250
3872
0
0
0
0
0
0
3027
1036
0
0
0
0
0
0
246
3876
0
0
0
0
0
0
3032
1031
0
0
0
0
0
0
242
3880
0
0
0
0
0
0
3037
1027
0
0
0
0
0
0
238
3884
0
0
0
0
0
0
3041
1022
0
0
0
0
0
0
234
3888
0
0
0
0
0
0
3046
1017
0
0
0
0
0
0
230
3892
0
0
0
0
0
0
3051
1013
0
0
0
0
0
0
226
3895
0
0
0
0
0
0
3055
1008
0
0
0
0
0
0
222
3899
0
0
0
0
0
0
3060
1004
0
0
0
0
0
0
218
3903
0
0
0
0
0
0
3064
999
0
0
0
0
0
0
215
3907
0
0
0
0
0
0
3069
994
0
0
0
0
0
0
211
3911
0
0
0
0
0
0
3074
990
0
0
0
0
0
0
207
3915
0
0
0
0
0
0
3078
985
0
0
0
0
0
0
203
3918
0
0
0
0
0
0
3083
981
0
0
0
0
0
0
199
3922
0
0
0
0
0
0
3087
976
0
0
0
0
0
0
195
3926
0
0
0
0
0
0
3092
972
0
0
0
0
0
0
191
3930
0
0
0
0
0
0
3096
967
0
0
0
0
0
0
188
3934
0
0
0
0
0
0
3101
963
0
0
0
0
0
0
184
3938
0
0
0
0
0
0
3106
958
0
0
0
0
0
0
180
3941
0
0
0
0
0
0
3110
954
0
0
0
0
0
0
176
3945
0
0
0
0
0
0
3115
949
0
0
0
0
0
0
172
3949
0
0
0
0
0
0
3119
944
0
0
0
0
0
0
168
3953
0
0
0
0
0
0
3124
940
0
0
0
0
0
0
165
3957
0
0
0
0
0
0
3128
935
0
0
0
0
0
0
161
3960
0
0
0
0
0
0
3133
931
0
0
0
0
0
0
157
3964
0
0
0
0
0
0
3137
926
0
0
0
0
0
0
153
3968
0
0
0
0
0
0
3142
922
0
0
0
0
0
0
149
3972
0
0
0
0
0
0
3147
917
0
0
0
0
0
0
145
3976
0
0
0
0
0
0
3151
913
0
0
0
0
0
0
142
3979
0
0
0
0
0
0
3156
908
0
0
0
0
0
0
138
3983
0
0
0
0
0
0
3160
904
0
0
0
0
0
0
134
3987
0
0
0
0
0
0
3165
899
0
0
0
0
0
0
130
3991
0
0
0
0
0
0
3169
895
0
0
0
0
0
0
126
3995
0
0
0
0
0
0
3174
890
0
0
0
0
0
0
123
3998
0
0
0
0
0
0
3178
886
0
0
0
0
0
0
119
4002
0
0
0
0
0
0
3183
882
0
0
0
0
0
0
115
4006
0
0
0
0
0
0
3187
877
0
0
0
0
0
0
111
4010
0
0
0
0
0
0
3192
873
0
0
0
0
0
0
108
4013
0
0
0
0
0
0
3196
868
0
0
0
0
0
0
104
4017
0
0
0
0
0
0
3201
864
0
0
0
0
0
0
100
4021
0
0
0
0
0
0
3205
859
0
0
0
0
0
0
96
4025
0
0
0
0
0
0
3209
855
0
0
0
0
0
0
93
4028
0
0
0
0
0
0
3214
850
0
0
0
0
0
0
89
4032
0
0
0
0
0
0
3218
846
0
0
0
0
0
0
85
4036
0
0
0
0
0
0
3223
842
0
0
0
0
0
0
81
4039
0
0
0
0
0
0
3227
837
0
0
0
0
0
0
78
4043
0
0
0
0
0
0
3232
833
0
0
0
0
0
0
74
4047
0
0
0
0
0
0
3236
828
0
0
0
0
0
0
70
4051
0
0
0
0
0
0
3241
824
0
0
0
0
0
0
66
4054
0
0
0
0
0
0
3245
819
0
0
0
0
0
0
63
4058
0
0
0
0
0
0
3250
815
0
0
0
0
0
0
59
4062
0
0
0
0
0
0
3254
811
0
0
0
0
0
0
55
4065
0
0
0
0
0
0
3258
806
0
0
0
0
0
0
51
4069
0
0
0
0
0
0
3263
802
0
0
0
0
0
0
48
4073
0
0
0
0
0
0
3267
797
0
0
0
0
0
0
44
4077
0
0
0
0
0
0
3272
793
0
0
0
0
0
0
40
4080
0
0
0
0
0
0
3276
789
0
0
0
0
0
0
36
4084
0
0
0
0
0
0
3281
784
0
0
0
0
0
0
33
4088
0
0
0
0
0
0
3285
780
0
0
0
0
0
0
29
4091
0
0
0
0
0
0
3289
775
0
0
0
0
0
0
25
4095
0
0
0
0
0
0
3294
771
0
0
0
0
0
0
22
3
0
0
0
0
0
0
3298
767
0
0
0
0
0
0
18
6
0
0
0
0
0
0
3302
762
0
0
0
0
0
0
14
10
0
0
0
0
0
0
3307
758
0
0
0
0
0
0
11
14
0
0
0
0
0
0
3311
754
0
0
0
0
0
0
7
17
0
0
0
0
0
0
3316
749
0
0
0
0
0
0
3
21
0
0
0
0
0
0
3320
745
0
0
0
0
0
0
0
25
0
0
0
0
0
0
3324
741
0
0
0
0
0
0
4092
28
0
0
0
0
0
0
3329
736
0
0
0
0
0
0
4088
32
0
0
0
0
0
0
3333
732
0
0
0
0
0
0
4085
36
0
0
0
0
0
0
3337
728
0
0
0
0
0
0
4081
39
0
0
0
0
0
0
3342
723
0
0
0
0
0
0
4077
43
0
0
0
0
0
0
3346
719
0
0
0
0
0
0
4074
47
0
0
0
0
0
0
3350
715
0
0
0
0
0
0
4070
50
0
0
0
0
0
0
3355
710
0
0
0
0
0
0
4066
54
0
0
0
0
0
0
3359
706
0
0
0
0
0
0
4063
57
0
0
0
0
0
0
3364
702
0
0
0
0
0
0
4059
61
0
0
0
0
0
0
3368
697
0
0
0
0
0
0
4055
65
0
0
0
0
0
0
3372
693
0
0
0
0
0
0
4052
68
0
0
0
0
0
0
3376
689
0
0
0
0
0
0
4048
72
0
0
0
0
0
0
3381
685
0
0
0
0
0
0
4044
76
0
0
0
0
0
0
3385
680
0
0
0
0
0
0
4041
79
0
0
0
0
0
0
3389
676
0
0
0
0
0
0
4037
83
0
0
0
0
0
0
3394
672
0
0
0
0
0
0
4034
86
0
0
0
0
0
0
3398
667
0
0
0
0
0
0
4030
90
0
0
0
0
0
0
3402
663
0
0
0
0
0
0
4026
94
0
0
0
0
0
0
3407
659
0
0
0
0
0
0
4023
97
0
0
0
0
0
0
3411
655
0
0
0
0
0
0
4019
101
0
0
0
0
0
0
3415
650
0
0
0
0
0
0
4015
104
0
0
0
0
0
0
3419
646
0
0
0
0
0
0
4012
108
0
0
0
0
0
0
3424
642
0
0
0
0
0
0
4008
111
0
0
0
0
0
0
3428
638
0
0
0
0
0
0
4005
115
0
0
0
0
0
0
3432
633
0
0
0
0
0
0
4001
119
0
0
0
0
0
0
3437
629
0
0
0
0
0
0
3997
122
0
0
0
0
0
0
3441
625
0
0
0
0
0
0
3994
126
0
0
0
0
0
0
3445
621
0
0
0
0
0
0
3990
129
0
0
0
0
0
0
3449
616
0
0
0
0
0
0
3987
133
0
0
0
0
0
0
3454
612
0
0
0
0
0
0
3983
136
0
0
0
0
0
0
3458
608
0
0
0
0
0
0
3980
140
0
0
0
0
0
0
3462
604
0
0
0
0
0
0
3976
143
0
0
0
0
0
0
3466
600
0
0
0
0
0
0
3972
147
0
0
0
0
0
0
3471
595
0
0
0
0
0
0
3969
151
0
0
0
0
0
0
3475
591
0
0
0
0
0
0
3965
154
0
0
0
0
0
0
3479
587
0
0
0
0
0
0
3962
158
0
0
0
0
0
0
3483
583
0
0
0
0
0
0
3958
161
0
0
0
0
0
0
3488
579
0
0
0
0
0
0
3955
165
0
0
0
0
0
0
3492
574
0
0
0
0
0
0
3951
168
0
0
0
0
0
0
3496
570
0
0
0
0
0
0
3948
172
0
0
0
0
0
0
3500
566
0
0
0
0
0
0
3944
175
0
0
0
0
0
0
3504
562
0
0
0
0
0
0
3940
179
0
0
0
0
0
0
3509
558
0
0
0
0
0
0
3937
182
0
0
0
0
0
0
3513
553
0
0
0
0
0
0
3933
186
0
0
0
0
0
0
3517
549
0
0
0
0
0
0
3930
189
0
0
0
0
0
0
3521
545
0
0
0
0
0
0
3926
193
0
0
0
0
0
0
3525
541
0
0
0
0
0
0
3923
196
0
0
0
0
0
0
3530
537
0
0
0
0
0
0
3919
200
0
0
0
0
0
0
3534
533
0
0
0
0
0
0
3916
203
0
0
0
0
0
0
3538
528
0
0
0
0
0
0
3912
207
0
0
0
0
0
0
3542
524
0
0
0
0
0
0
3909
210
0
0
0
0
0
0
3546
520
0
0
0
0
0
0
3905
214
0
0
0
0
0
0
3550
516
0
0
0
0
0
0
3902
217
0
0
0
0
0
0
3555
512
0
0
0
0
0
0
3898
221
0
0
0
0
0
0
3559
508
0
0
0
0
0
0
3895
224
0
0
0
0
0
0
3563
504
0
0
0
0
0
0
3891
228
0
0
0
0
0
0
3567
499
0
0
0
0
0
0
3888
231
0
0
0
0
0
0
3571
495
0
0
0
0
0
0
3884
235
0
0
0
0
0
0
3575
491
0
0
0
0
0
0
3881
238
0
0
0
0
0
0
3579
487
0
0
0
0
0
0
3877
242
0
0
0
0
0
0
3584
483
0
0
0
0
0
0
3874
245
0
0
0
0
0
0
3588
479
0
0
0
0
0
0
3870
248
0
0
0
0
0
0
3592
475
0
0
0
0
0
0
3867
252
0
0
0
0
0
0
3596
471
0
0
0
0
0
0
3863
255
0
0
0
0
0
0
3600
467
0
0
0
0
0
0
3860
259
0
0
0
0
0
0
3604
463
0
0
0
0
0
0
3856
262
0
0
0
0
0
0
3608
458
0
0
0
0
0
0
3853
266
0
0
0
0
0
0
3612
454
0
0
0
0
0
0
3850
269
0
0
0
0
0
0
3617
450
0
0
0
0
0
0
3846
273
0
0
0
0
0
0
3621
446
0
0
0
0
0
0
3843
276
0
0
0
0
0
0
3625
442
0
0
0
0
0
0
3839
279
0
0
0
0
0
0
3629
438
0
0
0
0
0
0
3836
283
0
0
0
0
0
0
3633
434
0
0
0
0
0
0
3832
286
0
0
0
0
0
0
3637
430
0
0
0
0
0
0
3829
290
0
0
0
0
0
0
3641
426
0
0
0
0
0
0
3825
293
0
0
0
0
0
0
3645
422
0
0
0
0
0
0
3822
297
0
0
0
0
0
0
3649
418
0
0
0
0
0
0
3819
300
0
0
0
0
0
0
3653
414
0
0
0
0
0
0
3815
303
0
0
0
0
0
0
3657
410
0
0
0
0
0
0
3812
307
0
0
0
0
0
0
3661
406
0
0
0
0
0
0
3808
310
0
0
0
0
0
0
3666
402
0
0
0
0
0
0
3805
314
0
0
0
0
0
0
3670
398
0
0
0
0
0
0
3801
317
0
0
0
0
0
0
3674
394
0
0
0
0
0
0
3798
320
0
0
0
0
0
0
3678
390
0
0
0
0
0
0
3795
324
0
0
0
0
0
0
3682
385
0
0
0
0
0
0
3791
327
0
0
0
0
0
0
3686
381
0
0
0
0
0
0
3788
330
0
0
0
0
0
0
3690
377
0
0
0
0
0
0
3784
334
0
0
0
0
0
0
3694
373
0
0
0
0
0
0
3781
337
0
0
0
0
0
0
3698
369
0
0
0
0
0
0
3778
341
0
0
0
0
0
0
3702
365
0
0
0
0
0
0
3774
344
0
0
0
0
0
0
3706
361
0
0
0
0
0
0
3771
347
0
0
0
0
0
0
3710
357
0
0
0
0
0
0
3767
351
0
0
0
0
0
0
3714
353
0
0
0
0
0
0
3764
354
0
0
0
0
0
0
3718
349
0
0
0
0
0
0
3761
357
0
0
0
0
0
0
3722
345
0
0
0
0
0
0
3757
361
0
0
0
0
0
0
3726
341
0
0
0
0
0
0
3754
364
0
0
0
0
0
0
3730
337
0
0
0
0
0
0
3751
367
0
0
0
0
0
0
3734
334
0
0
0
0
0
0
3747
371
0
0
0
0
0
0
3738
330
0
0
0
0
0
0
3744
374
0
0
0
0
0
0
3742
326
0
0
0
0
0
0
3741
378
0
0
0
0
0
0
3746
322
0
0
0
0
0
0
3737
381
0
0
0
0
0
0
3750
318
0
0
0
0
0
0
3734
384
0
0
0
0
0
0
3754
314
0
0
0
0
0
0
3730
388
0
0
0
0
0
0
3758
310
0
0
0
0
0
0
3727
391
0
0
0
0
0
0
3762
306
0
0
0
0
0
0
3724
394
0
0
0
0
0
0
3766
302
0
0
0
0
0
0
3720
397
0
0
0
0
0
0
3770
298
0
0
0
0
0
0
3717
401
0
0
0
0
0
0
3774
294
0
0
0
0
0
0
3714
404
0
0
0
0
0
0
3778
290
0
0
0
0
0
0
3710
407
0
0
0
0
0
0
3782
286
0
0
0
0
0
0
3707
411
0
0
0
0
0
0
3786
282
0
0
0
0
0
0
3704
414
0
0
0
0
0
0
3790
278
0
0
0
0
0
0
3700
417
0
0
0
0
0
0
3794
274
0
0
0
0
0
0
3697
421
0
0
0
0
0
0
3798
270
0
0
0
0
0
0
3694
424
0
0
0
0
0
0
3802
266
0
0
0
0
0
0
3690
427
0
0
0
0
0
0
3805
263
0
0
0
0
0
0
3687
431
0
0
0
0
0
0
3809
259
0
0
0
0
0
0
3684
434
0
0
0
0
0
0
3813
255
0
0
0
0
0
0
3681
437
0
0
0
0
0
0
3817
251
0
0
0
0
0
0
3677
440
0
0
0
0
0
0
3821
247
0
0
0
0
0
0
3674
444
0
0
0
0
0
0
3825
243
0
0
0
0
0
0
3671
447
0
0
0
0
0
0
3829
239
0
0
0
0
0
0
3667
450
0
0
0
0
0
0
3833
235
0
0
0
0
0
0
3664
453
0
0
0
0
0
0
3837
231
0
0
0
0
0
0
3661
457
0
0
0
0
0
0
3841
227
0
0
0
0
0
0
3658
460
0
0
0
0
0
0
3845
224
0
0
0
0
0
0
3654
463
0
0
0
0
0
0
3849
220
0
0
0
0
0
0
3651
467
0
0
0
0
0
0
3852
216
0
0
0
0
0
0
3648
470
0
0
0
0
0
0
3856
212
0
0
0
0
0
0
3644
473
0
0
0
0
0
0
3860
208
0
0
0
0
0
0
3641
476
0
0
0
0
0
0
3864
204
0
0
0
0
0
0
3638
480
0
0
0
0
0
0
3868
200
0
0
0
0
0
0
3635
483
0
0
0
0
0
0
3872
197
0
0
0
0
0
0
3631
486
0
0
0
0
0
0
3876
193
0
0
0
0
0
0
3628
489
0
0
0
0
0
0
3880
189
0
0
0
0
0
0
3625
493
0
0
0
0
0
0
3883
185
0
0
0
0
0
0
3622
496
0
0
0
0
0
0
3887
181
0
0
0
0
0
0
3618
499
0
0
0
0
0
0
3891
177
0
0
0
0
0
0
3615
502
0
0
0
0
0
0
3895
174
0
0
0
0
0
0
3612
505
0
0
0
0
0
0
3899
170
0
0
0
0
0
0
3609
509
0
0
0
0
0
0
3903
166
0
0
0
0
0
0
3605
512
0
0
0
0
0
0
3907
162
0
0
0
0
0
0
3602
515
0
0
0
0
0
0
3910
158
0
0
0
0
0
0
3599
518
0
0
0
0
0
0
3914
154
0
0
0
0
0
0
3596
521
0
0
0
0
0
0
3918
151
0
0
0
0
0
0
3592
525
0
0
0
0
0
0
3922
147
0
0
0
0
0
0
3589
528
0
0
0
0
0
0
3926
143
0
0
0
0
0
0
3586
531
0
0
0
0
0
0
3930
139
0
0
0
0
0
0
3583
534
0
0
0
0
0
0
3933
135
0
0
0
0
0
0
3580
538
0
0
0
0
0
0
3937
132
0
0
0
0
0
0
3576
541
0
0
0
0
0
0
3941
128
0
0
0
0
0
0
3573
544
0
0
0
0
0
0
3945
124
0
0
0
0
0
0
3570
547
0
0
0
0
0
0
3949
120
0
0
0
0
0
0
3567
550
0
0
0
0
0
0
3952
116
0
0
0
0
0
0
3564
553
0
0
0
0
0
0
3956
113
0
0
0
0
0
0
3560
557
0
0
0
0
0
0
3960
109
0
0
0
0
0
0
3557
560
0
0
0
0
0
0
3964
105
0
0
0
0
0
0
3554
563
0
0
0
0
0
0
3968
101
0
0
0
0
0
0
3551
566
0
0
0
0
0
0
3971
98
0
0
0
0
0
0
3548
569
0
0
0
0
0
0
3975
94
0
0
0
0
0
0
3544
572
0
0
0
0
0
0
3979
90
0
0
0
0
0
0
3541
576
0
0
0
0
0
0
3983
86
0
0
0
0
0
0
3538
579
0
0
0
0
0
0
3987
83
0
0
0
0
0
0
3535
582
0
0
0
0
0
0
3990
79
0
0
0
0
0
0
3532
585
0
0
0
0
0
0
3994
75
0
0
0
0
0
0
3528
588
0
0
0
0
0
0
3998
71
0
0
0
0
0
0
3525
591
0
0
0
0
0
0
4002
68
0
0
0
0
0
0
3522
595
0
0
0
0
0
0
4005
64
0
0
0
0
0
0
3519
598
0
0
0
0
0
0
4009
60
0
0
0
0
0
0
3516
601
0
0
0
0
0
0
4013
56
0
0
0
0
0
0
3513
604
0
0
0
0
0
0
4017
53
0
0
0
0
0
0
3510
607
0
0
0
0
0
0
4020
49
0
0
0
0
0
0
3506
610
0
0
0
0
0
0
4024
45
0
0
0
0
0
0
3503
613
0
0
0
0
0
0
4028
42
0
0
0
0
0
0
3500
616
0
0
0
0
0
0
4032
38
0
0
0
0
0
0
3497
620
0
0
0
0
0
0
4035
34
0
0
0
0
0
0
3494
623
0
0
0
0
0
0
4039
30
0
0
0
0
0
0
3491
626
0
0
0
0
0
0
4043
27
0
0
0
0
0
0
3488
629
0
0
0
0
0
0
4046
23
0
0
0
0
0
0
3484
632
0
0
0
0
0
0
4050
19
0
0
0
0
0
0
3481
635
0
0
0
0
0
0
4054
16
0
0
0
0
0
0
3478
638
0
0
0
0
0
0
4058
12
0
0
0
0
0
0
3475
641
0
0
0
0
0
0
4061
8
0
0
0
0
0
0
3472
644
0
0
0
0
0
0
4065
5
0
0
0
0
0
0
3469
648
0
0
0
0
0
0
4069
1
0
0
0
0
0
0
3466
651
0
0
0
0
0
0
4072
4093
0
0
0
0
0
0
3463
654
0
0
0
0
0
0
4076
4090
0
0
0
0
0
0
3459
657
0
0
0
0
0
0
4080
4086
0
0
0
0
0
0
3456
660
0
0
0
0
0
0
4083
4082
0
0
0
0
0
0
3453
663
0
0
0
0
0
0
4087
4079
0
0
0
0
0
0
3450
666
0
0
0
0
0
0
4091
4075
0
0
0
0
0
0
3447
669
0
0
0
0
0
0
4095
4071
0
0
0
0
0
0
3444
672
0
0
0
0
0
0
2
4068
0
0
0
0
0
0
3441
675
0
0
0
0
0
0
6
4064
0
0
0
0
0
0
3438
678
0
0
0
0
0
0
10
4060
0
0
0
0
0
0
3435
681
0
0
0
0
0
0
13
4057
0
0
0
0
0
0
3432
685
0
0
0
0
0
0
17
4053
0
0
0
0
0
0
3429
688
0
0
0
0
0
0
21
4049
0
0
0
0
0
0
3425
691
0
0
0
0
0
0
24
4046
0
0
0
0
0
0
3422
694
0
0
0
0
0
0
28
4042
0
0
0
0
0
0
3419
697
0
0
0
0
0
0
31
4038
0
0
0
0
0
0
