0
0
0
0
0
0
0
0
0
0
0
0
0
0
0
0
0
0
0
0
0
0
0
0
0
0
0
0
0
0
0
0
0
0
0
0
0
0
0
0
0
0
0
0
0
0
0
0
0
0
0
0
0
0
0
0
0
0
0
0
0
0
0
0
0
0
0
0
0
0
0
0
0
0
0
0
0
0
0
0
0
0
0
0
0
0
0
0
0
0
0
0
0
0
0
0
0
0
0
0
0
0
0
0
0
0
0
0
0
0
0
0
0
0
0
0
0
0
0
0
0
0
0
0
0
0
0
0
0
0
0
0
0
0
0
0
0
0
0
0
0
0
0
0
0
0
0
0
0
0
0
0
0
0
0
0
0
0
0
0
0
0
0
0
0
0
0
0
0
0
0
0
0
0
0
0
0
0
0
0
0
0
0
0
4094
4092
0
0
0
0
0
0
4092
4092
0
0
0
0
0
0
0
0
0
0
0
0
0
0
4095
0
0
0
0
0
0
0
4092
4092
0
0
0
0
0
0
4094
4095
0
0
0
0
0
0
0
4095
0
0
0
0
0
0
4092
4092
0
0
0
0
0
0
4092
4092
0
0
0
0
0
0
2
1
0
0
0
0
0
0
4093
4092
0
0
0
0
0
0
4088
4089
0
0
0
0
0
0
2
3
0
0
0
0
0
0
2
2
0
0
0
0
0
0
4084
4084
0
0
0
0
0
0
4095
1
0
0
0
0
0
0
9
8
0
0
0
0
0
0
4084
4082
0
0
0
0
0
0
4085
4087
0
0
0
0
0
0
14
13
0
0
0
0
0
0
4093
4090
0
0
0
0
0
0
4076
4076
0
0
0
0
0
0
12
14
0
0
0
0
0
0
11
7
0
0
0
0
0
0
4067
4066
0
0
0
0
0
0
0
4
0
0
0
0
0
0
26
23
0
0
0
0
0
0
4072
4068
0
0
0
0
0
0
4074
4079
0
0
0
0
0
0
35
35
0
0
0
0
0
0
4091
4084
0
0
0
0
0
0
4052
4056
0
0
0
0
0
0
27
31
0
0
0
0
0
0
24
17
0
0
0
0
0
0
4043
4042
0
0
0
0
0
0
1
9
0
0
0
0
0
0
51
47
0
0
0
0
0
0
4054
4047
0
0
0
0
0
0
4059
4069
0
0
0
0
0
0
64
64
0
0
0
0
0
0
4090
4078
0
0
0
0
0
0
4024
4029
0
0
0
0
0
0
47
55
0
0
0
0
0
0
43
31
0
0
0
0
0
0
4010
4009
0
0
0
0
0
0
3
17
0
0
0
0
0
0
85
77
0
0
0
0
0
0
4031
4021
0
0
0
0
0
0
4039
4053
0
0
0
0
0
0
101
102
0
0
0
0
0
0
4086
4068
0
0
0
0
0
0
3987
3996
0
0
0
0
0
0
73
86
0
0
0
0
0
0
64
46
0
0
0
0
0
0
3970
3967
0
0
0
0
0
0
7
26
0
0
0
0
0
0
124
114
0
0
0
0
0
0
4003
3988
0
0
0
0
0
0
4015
4036
0
0
0
0
0
0
145
146
0
0
0
0
0
0
4083
4059
0
0
0
0
0
0
3943
3955
0
0
0
0
0
0
106
122
0
0
0
0
0
0
90
65
0
0
0
0
0
0
3921
3918
0
0
0
0
0
0
10
37
0
0
0
0
0
0
174
159
0
0
0
0
0
0
3969
3950
0
0
0
0
0
0
3986
4014
0
0
0
0
0
0
198
201
0
0
0
0
0
0
4079
4048
0
0
0
0
0
0
3890
3907
0
0
0
0
0
0
141
164
0
0
0
0
0
0
121
88
0
0
0
0
0
0
3864
3861
0
0
0
0
0
0
14
50
0
0
0
0
0
0
230
209
0
0
0
0
0
0
3929
3905
0
0
0
0
0
0
3953
3991
0
0
0
0
0
0
258
261
0
0
0
0
0
0
4074
4033
0
0
0
0
0
0
3831
3854
0
0
0
0
0
0
184
212
0
0
0
0
0
0
155
113
0
0
0
0
0
0
3800
3796
0
0
0
0
0
0
18
64
0
0
0
0
0
0
291
266
0
0
0
0
0
0
3886
3854
0
0
0
0
0
0
3917
3963
0
0
0
0
0
0
327
330
0
0
0
0
0
0
4070
4018
0
0
0
0
0
0
3765
3794
0
0
0
0
0
0
228
265
0
0
0
0
0
0
194
141
0
0
0
0
0
0
3728
3724
0
0
0
0
0
0
22
79
0
0
0
0
0
0
361
329
0
0
0
0
0
0
3837
3797
0
0
0
0
0
0
3875
3934
0
0
0
0
0
0
399
403
0
0
0
0
0
0
4067
4003
0
0
0
0
0
0
3693
3728
0
0
0
0
0
0
279
322
0
0
0
0
0
0
236
172
0
0
0
0
0
0
3651
3646
0
0
0
0
0
0
29
97
0
0
0
0
0
0
437
399
0
0
0
0
0
0
3785
3737
0
0
0
0
0
0
3832
3901
0
0
0
0
0
0
482
487
0
0
0
0
0
0
4061
3985
0
0
0
0
0
0
3613
3655
0
0
0
0
0
0
334
386
0
0
0
0
0
0
283
207
0
0
0
0
0
0
3566
3561
0
0
0
0
0
0
34
116
0
0
0
0
0
0
520
474
0
0
0
0
0
0
3727
3671
0
0
0
0
0
0
3784
3866
0
0
0
0
0
0
570
575
0
0
0
0
0
0
4052
3964
0
0
0
0
0
0
3529
3577
0
0
0
0
0
0
394
454
0
0
0
0
0
0
333
243
0
0
0
0
0
0
3475
3469
0
0
0
0
0
0
41
136
0
0
0
0
0
0
607
554
0
0
0
0
0
0
3668
3602
0
0
0
0
0
0
3733
3828
0
0
0
0
0
0
663
669
0
0
0
0
0
0
4048
3945
0
0
0
0
0
0
3437
3494
0
0
0
0
0
0
456
526
0
0
0
0
0
0
385
282
0
0
0
0
0
0
3379
3372
0
0
0
0
0
0
47
157
0
0
0
0
0
0
701
639
0
0
0
0
0
0
3601
3527
0
0
0
0
0
0
3679
3788
0
0
0
0
0
0
763
771
0
0
0
0
0
0
4040
3921
0
0
0
0
0
0
3341
3407
0
0
0
0
0
0
523
603
0
0
0
0
0
0
441
323
0
0
0
0
0
0
3276
3267
0
0
0
0
0
0
54
180
0
0
0
0
0
0
801
730
0
0
0
0
0
0
3532
3447
0
0
0
0
0
0
3620
3746
0
0
0
0
0
0
866
876
0
0
0
0
0
0
4033
3899
0
0
0
0
0
0
3239
3314
0
0
0
0
0
0
593
684
0
0
0
0
0
0
500
365
0
0
0
0
0
0
3169
3160
0
0
0
0
0
0
62
204
0
0
0
0
0
0
904
824
0
0
0
0
0
0
3462
3365
0
0
0
0
0
0
3560
3701
0
0
0
0
0
0
977
986
0
0
0
0
0
0
4026
3875
0
0
0
0
0
0
3133
3217
0
0
0
0
0
0
667
768
0
0
0
0
0
0
561
411
0
0
0
0
0
0
3057
3046
0
0
0
0
0
0
70
228
0
0
0
0
0
0
1013
924
0
0
0
0
0
0
3385
3278
0
0
0
0
0
0
3498
3655
0
0
0
0
0
0
1092
1102
0
0
0
0
0
0
4017
3849
0
0
0
0
0
0
3023
3117
0
0
0
0
0
0
743
856
0
0
0
0
0
0
624
458
0
0
0
0
0
0
2940
2928
0
0
0
0
0
0
78
254
0
0
0
0
0
0
1124
1025
0
0
0
0
0
0
3307
3189
0
0
0
0
0
0
3434
3609
0
0
0
0
0
0
1210
1221
0
0
0
0
0
0
4009
3824
0
0
0
0
0
0
2909
3013
0
0
0
0
0
0
822
946
0
0
0
0
0
0
691
507
0
0
0
0
0
0
2820
2808
0
0
0
0
0
0
85
280
0
0
0
0
0
0
1239
1131
0
0
0
0
0
0
3228
3097
0
0
0
0
0
0
3367
3560
0
0
0
0
0
0
1332
1344
0
0
0
0
0
0
4000
3797
0
0
0
0
0
0
2791
2906
0
0
0
0
0
0
903
1040
0
0
0
0
0
0
759
556
0
0
0
0
0
0
2695
2683
0
0
0
0
0
0
94
307
0
0
0
0
0
0
1359
1240
0
0
0
0
0
0
3145
3002
0
0
0
0
0
0
3298
3509
0
0
0
0
0
0
1457
1470
0
0
0
0
0
0
3993
3769
0
0
0
0
0
0
2672
2796
0
0
0
0
0
0
987
1137
0
0
0
0
0
0
826
607
0
0
0
0
0
0
2570
2556
0
0
0
0
0
0
102
334
0
0
0
0
0
0
1481
1350
0
0
0
0
0
0
3062
2906
0
0
0
0
0
0
3228
3457
0
0
0
0
0
0
1585
1599
0
0
0
0
0
0
3984
3741
0
0
0
0
0
0
2549
2684
0
0
0
0
0
0
1071
1233
0
0
0
0
0
0
899
659
0
0
0
0
0
0
2441
2426
0
0
0
0
0
0
111
364
0
0
0
0
0
0
1604
1462
0
0
0
0
0
0
2975
2807
0
0
0
0
0
0
3157
3405
0
0
0
0
0
0
1713
1729
0
0
0
0
0
0
3974
3712
0
0
0
0
0
0
2423
2571
0
0
0
0
0
0
1157
1332
0
0
0
0
0
0
970
712
0
0
0
0
0
0
2311
2295
0
0
0
0
0
0
120
392
0
0
0
0
0
0
1730
1577
0
0
0
0
0
0
2890
2710
0
0
0
0
0
0
3085
3353
0
0
0
0
0
0
1846
1862
0
0
0
0
0
0
3967
3683
0
0
0
0
0
0
2298
2455
0
0
0
0
0
0
1244
1432
0
0
0
0
0
0
1043
765
0
0
0
0
0
0
2178
2161
0
0
0
0
0
0
129
421
0
0
0
0
0
0
1856
1692
0
0
0
0
0
0
2802
2607
0
0
0
0
0
0
3011
3297
0
0
0
0
0
0
1977
1995
0
0
0
0
0
0
3957
3655
0
0
0
0
0
0
2171
2340
0
0
0
0
0
0
1331
1532
0
0
0
0
0
0
1114
819
0
0
0
0
0
0
2046
2028
0
0
0
0
0
0
137
449
0
0
0
0
0
0
1984
1808
0
0
0
0
0
0
2715
2508
0
0
0
0
0
0
2938
3245
0
0
0
0
0
0
2110
2129
0
0
0
0
0
0
3948
3626
0
0
0
0
0
0
2044
2225
0
0
0
0
0
0
1419
1632
0
0
0
0
0
0
1189
873
0
0
0
0
0
0
1914
1894
0
0
0
0
0
0
147
477
0
0
0
0
0
0
2111
1924
0
0
0
0
0
0
2628
2407
0
0
0
0
0
0
2865
3191
0
0
0
0
0
0
2242
2263
0
0
0
0
0
0
3937
3594
0
0
0
0
0
0
1916
2108
0
0
0
0
0
0
1507
1733
0
0
0
0
0
0
1260
925
0
0
0
0
0
0
1780
1759
0
0
0
0
0
0
155
508
0
0
0
0
0
0
2238
2040
0
0
0
0
0
0
2540
2306
0
0
0
0
0
0
2793
3137
0
0
0
0
0
0
2375
2397
0
0
0
0
0
0
3929
3568
0
0
0
0
0
0
1791
1993
0
0
0
0
0
0
1594
1834
0
0
0
0
0
0
1333
978
0
0
0
0
0
0
1648
1626
0
0
0
0
0
0
165
537
0
0
0
0
0
0
2363
2153
0
0
0
0
0
0
2453
2207
0
0
0
0
0
0
2721
3084
0
0
0
0
0
0
2505
2528
0
0
0
0
0
0
3920
3537
0
0
0
0
0
0
1664
1877
0
0
0
0
0
0
1680
1932
0
0
0
0
0
0
1406
1032
0
0
0
0
0
0
1518
1495
0
0
0
0
0
0
173
564
0
0
0
0
0
0
2487
2267
0
0
0
0
0
0
2367
2108
0
0
0
0
0
0
2649
3031
0
0
0
0
0
0
2636
2660
0
0
0
0
0
0
3911
3509
0
0
0
0
0
0
1541
1766
0
0
0
0
0
0
1766
2031
0
0
0
0
0
0
1476
1083
0
0
0
0
0
0
1389
1365
0
0
0
0
0
0
183
594
0
0
0
0
0
0
2610
2378
0
0
0
0
0
0
2282
2011
0
0
0
0
0
0
2579
2980
0
0
0
0
0
0
2764
2788
0
0
0
0
0
0
3903
3483
0
0
0
0
0
0
1420
1656
0
0
0
0
0
0
1849
2127
0
0
0
0
0
0
1546
1135
0
0
0
0
0
0
1263
1238
0
0
0
0
0
0
191
620
0
0
0
0
0
0
2732
2489
0
0
0
0
0
0
2199
1915
0
0
0
0
0
0
2510
2930
0
0
0
0
0
0
2888
2913
0
0
0
0
0
0
3895
3455
0
0
0
0
0
0
1299
1547
0
0
0
0
0
0
1931
2220
0
0
0
0
0
0
1613
1185
0
0
0
0
0
0
1139
1112
0
0
0
0
0
0
200
649
0
0
0
0
0
0
2849
2597
0
0
0
0
0
0
2118
1822
0
0
0
0
0
0
2443
2881
0
0
0
0
0
0
3012
3037
0
0
0
0
0
0
3886
3427
0
0
0
0
0
0
1184
1441
0
0
0
0
0
0
2011
2312
0
0
0
0
0
0
1678
1232
0
0
0
0
0
0
1020
992
0
0
0
0
0
0
208
674
0
0
0
0
0
0
2964
2701
0
0
0
0
0
0
2040
1732
0
0
0
0
0
0
2377
2832
0
0
0
0
0
0
3129
3156
0
0
0
0
0
0
3878
3403
0
0
0
0
0
0
1072
1338
0
0
0
0
0
0
2088
2402
0
0
0
0
0
0
1744
1281
0
0
0
0
0
0
902
875
0
0
0
0
0
0
217
700
0
0
0
0
0
0
3074
2802
0
0
0
0
0
0
1963
1644
0
0
0
0
0
0
2314
2785
0
0
0
0
0
0
3244
3271
0
0
0
0
0
0
3869
3377
0
0
0
0
0
0
960
1238
0
0
0
0
0
0
2164
2487
0
0
0
0
0
0
1807
1325
0
0
0
0
0
0
790
762
0
0
0
0
0
0
224
725
0
0
0
0
0
0
3181
2899
0
0
0
0
0
0
1889
1561
0
0
0
0
0
0
2254
2742
0
0
0
0
0
0
3354
3383
0
0
0
0
0
0
3862
3353
0
0
0
0
0
0
856
1143
0
0
0
0
0
0
2236
2570
0
0
0
0
0
0
1866
1369
0
0
0
0
0
0
683
653
0
0
0
0
0
0
231
747
0
0
0
0
0
0
3281
2991
0
0
0
0
0
0
1820
1480
0
0
0
0
0
0
2195
2699
0
0
0
0
0
0
3459
3488
0
0
0
0
0
0
3856
3330
0
0
0
0
0
0
758
1052
0
0
0
0
0
0
2302
2648
0
0
0
0
0
0
1922
1411
0
0
0
0
0
0
579
549
0
0
0
0
0
0
238
770
0
0
0
0
0
0
3379
3080
0
0
0
0
0
0
1753
1404
0
0
0
0
0
0
2139
2658
0
0
0
0
0
0
3558
3588
0
0
0
0
0
0
3850
3310
0
0
0
0
0
0
663
967
0
0
0
0
0
0
2368
2723
0
0
0
0
0
0
1976
1451
0
0
0
0
0
0
483
452
0
0
0
0
0
0
243
791
0
0
0
0
0
0
3471
3163
0
0
0
0
0
0
1690
1331
0
0
0
0
0
0
2089
2620
0
0
0
0
0
0
3652
3682
0
0
0
0
0
0
3843
3289
0
0
0
0
0
0
574
886
0
0
0
0
0
0
2429
2792
0
0
0
0
0
0
2026
1487
0
0
0
0
0
0
391
360
0
0
0
0
0
0
250
810
0
0
0
0
0
0
3557
3242
0
0
0
0
0
0
1631
1263
0
0
0
0
0
0
2039
2583
0
0
0
0
0
0
3741
3772
0
0
0
0
0
0
3835
3268
0
0
0
0
0
0
1749
3338
0
0
0
0
0
0
2603
2937
0
0
0
0
0
0
3148
1108
0
0
0
0
0
0
338
324
0
0
0
0
0
0
4041
735
0
0
0
0
0
0
2386
3615
0
0
0
0
0
0
1553
1003
0
0
0
0
0
0
1343
3613
0
0
0
0
0
0
3742
3805
0
0
0
0
0
0
45
3343
0
0
0
0
0
0
1666
440
0
0
0
0
0
0
2562
3116
0
0
0
0
0
0
2767
491
0
0
0
0
0
0
309
244
0
0
0
0
0
0
286
805
0
0
0
0
0
0
2455
3693
0
0
0
0
0
0
1503
945
0
0
0
0
0
0
1302
3583
0
0
0
0
0
0
3817
3881
0
0
0
0
0
0
3800
3276
0
0
0
0
0
0
1599
364
0
0
0
0
0
0
2610
3169
0
0
0
0
0
0
2806
520
0
0
0
0
0
0
237
172
0
0
0
0
0
0
292
821
0
0
0
0
0
0
4091
739
0
0
0
0
0
0
1376
923
0
0
0
0
0
0
3791
2471
0
0
0
0
0
0
3966
3919
0
0
0
0
0
0
3797
3264
0
0
0
0
0
0
4064
3322
0
0
0
0
0
0
2735
3189
0
0
0
0
0
0
316
1632
0
0
0
0
0
0
92
139
0
0
0
0
0
0
294
830
0
0
0
0
0
0
55
794
0
0
0
0
0
0
1335
877
0
0
0
0
0
0
3757
2445
0
0
0
0
0
0
4026
3979
0
0
0
0
0
0
3794
3252
0
0
0
0
0
0
4007
3270
0
0
0
0
0
0
2772
3233
0
0
0
0
0
0
348
1654
0
0
0
0
0
0
35
82
0
0
0
0
0
0
297
843
0
0
0
0
0
0
108
842
0
0
0
0
0
0
1606
784
0
0
0
0
0
0
278
2434
0
0
0
0
0
0
4079
4055
0
0
0
0
0
0
3789
3241
0
0
0
0
0
0
3958
3226
0
0
0
0
0
0
2499
3323
0
0
0
0
0
0
3824
1663
0
0
0
0
0
0
4083
9
0
0
0
0
0
0
303
854
0
0
0
0
0
0
153
882
0
0
0
0
0
0
1575
748
0
0
0
0
0
0
254
2417
0
0
0
0
0
0
28
4
0
0
0
0
0
0
3784
3229
0
0
0
0
0
0
3917
3188
0
0
0
0
0
0
2528
3357
0
0
0
0
0
0
3847
1680
0
0
0
0
0
0
4041
4064
0
0
0
0
0
0
307
863
0
0
0
0
0
0
191
918
0
0
0
0
0
0
1549
719
0
0
0
0
0
0
232
2402
0
0
0
0
0
0
65
42
0
0
0
0
0
0
3783
3222
0
0
0
0
0
0
3882
3156
0
0
0
0
0
0
2551
3382
0
0
0
0
0
0
3866
1694
0
0
0
0
0
0
4009
4032
0
0
0
0
0
0
308
869
0
0
0
0
0
0
221
944
0
0
0
0
0
0
1528
696
0
0
0
0
0
0
215
2389
0
0
0
0
0
0
94
71
0
0
0
0
0
0
3781
3216
0
0
0
0
0
0
3856
3133
0
0
0
0
0
0
2568
3402
0
0
0
0
0
0
3880
1704
0
0
0
0
0
0
3984
1168
0
0
0
0
0
0
631
1636
0
0
0
0
0
0
187
959
0
0
0
0
0
0
1514
677
0
0
0
0
0
0
204
2380
0
0
0
0
0
0
115
2931
0
0
0
0
0
0
3458
2452
0
0
0
0
0
0
3895
3123
0
0
0
0
0
0
2580
3417
0
0
0
0
0
0
3889
1711
0
0
0
0
0
0
3967
1151
0
0
0
0
0
0
631
1638
0
0
0
0
0
0
201
972
0
0
0
0
0
0
1506
666
0
0
0
0
0
0
196
2375
0
0
0
0
0
0
128
2944
0
0
0
0
0
0
3457
2449
0
0
0
0
0
0
3885
3113
0
0
0
0
0
0
2587
3426
0
0
0
0
0
0
3894
1715
0
0
0
0
0
0
3958
1142
0
0
0
0
0
0
633
1641
0
0
0
0
0
0
206
977
0
0
0
0
0
0
1504
663
0
0
0
0
0
0
195
2375
0
0
0
0
0
0
130
2945
0
0
0
0
0
0
3457
2448
0
0
0
0
0
0
3882
3112
0
0
0
0
0
0
2587
3426
0
0
0
0
0
0
3894
1715
0
0
0
0
0
0
3958
1142
0
0
0
0
0
0
633
1641
0
0
0
0
0
0
206
977
0
0
0
0
0
0
1505
664
0
0
0
0
0
0
196
2375
0
0
0
0
0
0
128
2944
0
0
0
0
0
0
3457
2449
0
0
0
0
0
0
3887
3115
0
0
0
0
0
0
2583
3421
0
0
0
0
0
0
3890
1711
0
0
0
0
0
0
3967
1151
0
0
0
0
0
0
631
1638
0
0
0
0
0
0
196
967
0
0
0
0
0
0
1511
673
0
0
0
0
0
0
203
2379
0
0
0
0
0
0
115
2930
0
0
0
0
0
0
3458
2451
0
0
0
0
0
0
3901
3128
0
0
0
0
0
0
2574
3410
0
0
0
0
0
0
3882
1705
0
0
0
0
0
0
3985
1168
0
0
0
0
0
0
630
1634
0
0
0
0
0
0
179
952
0
0
0
0
0
0
1523
687
0
0
0
0
0
0
212
2387
0
0
0
0
0
0
94
71
0
0
0
0
0
0
3781
3218
0
0
0
0
0
0
3865
3141
0
0
0
0
0
0
2558
3390
0
0
0
0
0
0
3868
1695
0
0
0
0
0
0
4007
4031
0
0
0
0
0
0
306
867
0
0
0
0
0
0
211
935
0
0
0
0
0
0
1540
710
0
0
0
0
0
0
228
2398
0
0
0
0
0
0
65
41
0
0
0
0
0
0
3782
3224
0
0
0
0
0
0
3893
3168
0
0
0
0
0
0
2537
3365
0
0
0
0
0
0
3851
1682
0
0
0
0
0
0
4041
4065
0
0
0
0
0
0
304
860
0
0
0
0
0
0
178
905
0
0
0
0
0
0
1563
736
0
0
0
0
0
0
248
2413
0
0
0
0
0
0
29
4
0
0
0
0
0
0
3785
3233
0
0
0
0
0
0
3931
3201
0
0
0
0
0
0
2512
3336
0
0
0
0
0
0
3828
1666
0
0
0
0
0
0
4081
10
0
0
0
0
0
0
301
850
0
0
0
0
0
0
137
868
0
0
0
0
0
0
1593
770
0
0
0
0
0
0
272
2431
0
0
0
0
0
0
4080
4055
0
0
0
0
0
0
3789
3243
0
0
0
0
0
0
3976
3242
0
0
0
0
0
0
2480
3300
0
0
0
0
0
0
3803
1648
0
0
0
0
0
0
35
59
0
0
0
0
0
0
300
841
0
0
0
0
0
0
88
823
0
0
0
0
0
0
1320
860
0
0
0
0
0
0
3751
2441
0
0
0
0
0
0
4027
3978
0
0
0
0
0
0
3795
3255
0
0
0
0
0
0
4029
3291
0
0
0
0
0
0
2752
3207
0
0
0
0
0
0
323
1636
0
0
0
0
0
0
90
140
0
0
0
0
0
0
293
827
0
0
0
0
0
0
32
772
0
0
0
0
0
0
1357
904
0
0
0
0
0
0
3784
2464
0
0
0
0
0
0
3967
3918
0
0
0
0
0
0
3798
3269
0
0
0
0
0
0
4087
3343
0
0
0
0
0
0
2710
3159
0
0
0
0
0
0
289
1612
0
0
0
0
0
0
155
204
0
0
0
0
0
0
288
812
0
0
0
0
0
0
2499
3730
0
0
0
0
0
0
1483
925
0
0
0
0
0
0
1293
3577
0
0
0
0
0
0
3819
3881
0
0
0
0
0
0
3801
3280
0
0
0
0
0
0
1624
390
0
0
0
0
0
0
2582
3137
0
0
0
0
0
0
2776
498
0
0
0
0
0
0
307
245
0
0
0
0
0
0
287
802
0
0
0
0
0
0
2429
3666
0
0
0
0
0
0
1531
981
0
0
0
0
0
0
1335
3608
0
0
0
0
0
0
3745
3806
0
0
0
0
0
0
46
3348
0
0
0
0
0
0
1694
467
0
0
0
0
0
0
2531
3078
0
0
0
0
0
0
2733
466
0
0
0
0
0
0
384
322
0
0
0
0
0
0
4041
731
0
0
0
0
0
0
2357
749
0
0
0
0
0
0
1490
1159
0
0
0
0
0
0
953
2989
0
0
0
0
0
0
3711
3722
0
0
0
0
0
0
3841
3274
0
0
0
0
0
0
523
840
0
0
0
0
0
0
2453
2817
0
0
0
0
0
0
2036
1495
0
0
0
0
0
0
390
361
0
0
0
0
0
0
250
805
0
0
0
0
0
0
3525
3211
0
0
0
0
0
0
1665
1305
0
0
0
0
0
0
2077
2611
0
0
0
0
0
0
3655
3682
0
0
0
0
0
0
3844
3293
0
0
0
0
0
0
608
918
0
0
0
0
0
0
2394
2749
0
0
0
0
0
0
1986
1458
0
0
0
0
0
0
481
454
0
0
0
0
0
0
244
785
0
0
0
0
0
0
3437
3131
0
0
0
0
0
0
1727
1376
0
0
0
0
0
0
2129
2650
0
0
0
0
0
0
3561
3588
0
0
0
0
0
0
3849
3314
0
0
0
0
0
0
699
1000
0
0
0
0
0
0
2332
2677
0
0
0
0
0
0
1935
1420
0
0
0
0
0
0
578
551
0
0
0
0
0
0
237
764
0
0
0
0
0
0
3343
3044
0
0
0
0
0
0
1791
1449
0
0
0
0
0
0
2183
2689
0
0
0
0
0
0
3461
3488
0
0
0
0
0
0
3857
3336
0
0
0
0
0
0
795
1089
0
0
0
0
0
0
2265
2601
0
0
0
0
0
0
1878
1379
0
0
0
0
0
0
680
654
0
0
0
0
0
0
229
741
0
0
0
0
0
0
3244
2955
0
0
0
0
0
0
1860
1530
0
0
0
0
0
0
2241
2731
0
0
0
0
0
0
3356
3381
0
0
0
0
0
0
3864
3360
0
0
0
0
0
0
897
1181
0
0
0
0
0
0
2194
2518
0
0
0
0
0
0
1820
1337
0
0
0
0
0
0
787
762
0
0
0
0
0
0
222
718
0
0
0
0
0
0
3140
2861
0
0
0
0
0
0
1932
1612
0
0
0
0
0
0
2300
2776
0
0
0
0
0
0
3247
3271
0
0
0
0
0
0
3871
3383
0
0
0
0
0
0
1002
1278
0
0
0
0
0
0
2122
2434
0
0
0
0
0
0
1759
1291
0
0
0
0
0
0
900
876
0
0
0
0
0
0
215
693
0
0
0
0
0
0
3033
2762
0
0
0
0
0
0
2007
1699
0
0
0
0
0
0
2364
2822
0
0
0
0
0
0
3132
3155
0
0
0
0
0
0
3879
3410
0
0
0
0
0
0
1112
1379
0
0
0
0
0
0
2044
2346
0
0
0
0
0
0
1694
1244
0
0
0
0
0
0
1016
992
0
0
0
0
0
0
207
668
0
0
0
0
0
0
2920
2659
0
0
0
0
0
0
2084
1787
0
0
0
0
0
0
2428
2870
0
0
0
0
0
0
3013
3036
0
0
0
0
0
0
3886
3435
0
0
0
0
0
0
1228
1483
0
0
0
0
0
0
1965
2255
0
0
0
0
0
0
1629
1196
0
0
0
0
0
0
1137
1115
0
0
0
0
0
0
198
640
0
0
0
0
0
0
2804
2553
0
0
0
0
0
0
2165
1880
0
0
0
0
0
0
2496
2919
0
0
0
0
0
0
2892
2913
0
0
0
0
0
0
3895
3462
0
0
0
0
0
0
1344
1589
0
0
0
0
0
0
1885
2163
0
0
0
0
0
0
1560
1145
0
0
0
0
0
0
1260
1239
0
0
0
0
0
0
190
613
0
0
0
0
0
0
2686
2446
0
0
0
0
0
0
2247
1975
0
0
0
0
0
0
2563
2969
0
0
0
0
0
0
2766
2786
0
0
0
0
0
0
3904
3489
0
0
0
0
0
0
1465
1699
0
0
0
0
0
0
1801
2067
0
0
0
0
0
0
1491
1095
0
0
0
0
0
0
1386
1366
0
0
0
0
0
0
182
586
0
0
0
0
0
0
2563
2334
0
0
0
0
0
0
2331
2070
0
0
0
0
0
0
2634
3021
0
0
0
0
0
0
2639
2658
0
0
0
0
0
0
3913
3518
0
0
0
0
0
0
1587
1811
0
0
0
0
0
0
1716
1970
0
0
0
0
0
0
1421
1042
0
0
0
0
0
0
1517
1497
0
0
0
0
0
0
173
557
0
0
0
0
0
0
2440
2223
0
0
0
0
0
0
2416
2169
0
0
0
0
0
0
2704
3072
0
0
0
0
0
0
2509
2528
0
0
0
0
0
0
3921
3546
0
0
0
0
0
0
1711
1923
0
0
0
0
0
0
1631
1872
0
0
0
0
0
0
1350
990
0
0
0
0
0
0
1646
1628
0
0
0
0
0
0
164
529
0
0
0
0
0
0
2315
2107
0
0
0
0
0
0
2503
2269
0
0
0
0
0
0
2776
3126
0
0
0
0
0
0
2379
2396
0
0
0
0
0
0
3930
3574
0
0
0
0
0
0
1838
2039
0
0
0
0
0
0
1543
1772
0
0
0
0
0
0
1277
936
0
0
0
0
0
0
1778
1761
0
0
0
0
0
0
155
500
0
0
0
0
0
0
2189
1993
0
0
0
0
0
0
2590
2368
0
0
0
0
0
0
2849
3179
0
0
0
0
0
0
2247
2263
0
0
0
0
0
0
3940
3603
0
0
0
0
0
0
1965
2155
0
0
0
0
0
0
1456
1671
0
0
0
0
0
0
1204
883
0
0
0
0
0
0
1910
1895
0
0
0
0
0
0
145
471
0
0
0
0
0
0
2061
1877
0
0
0
0
0
0
2677
2469
0
0
0
0
0
0
2923
3233
0
0
0
0
0
0
2112
2127
0
0
0
0
0
0
3948
3633
0
0
0
0
0
0
2092
2270
0
0
0
0
0
0
1369
1570
0
0
0
0
0
0
1131
830
0
0
0
0
0
0
2043
2029
0
0
0
0
0
0
137
442
0
0
0
0
0
0
1935
1760
0
0
0
0
0
0
2766
2571
0
0
0
0
0
0
2995
3287
0
0
0
0
0
0
1981
1994
0
0
0
0
0
0
3959
3663
0
0
0
0
0
0
2219
2387
0
0
0
0
0
0
1281
1469
0
0
0
0
0
0
1058
777
0
0
0
0
0
0
2176
2162
0
0
0
0
0
0
127
413
0
0
0
0
0
0
1808
1645
0
0
0
0
0
0
2854
2670
0
0
0
0
0
0
3070
3341
0
0
0
0
0
0
1849
1861
0
0
0
0
0
0
3968
3692
0
0
0
0
0
0
2346
2502
0
0
0
0
0
0
1193
1369
0
0
0
0
0
0
986
723
0
0
0
0
0
0
2308
2295
0
0
0
0
0
0
118
385
0
0
0
0
0
0
1681
1530
0
0
0
0
0
0
2940
2770
0
0
0
0
0
0
3141
3393
0
0
0
0
0
0
1717
1729
0
0
0
0
0
0
3976
3720
0
0
0
0
0
0
2472
2617
0
0
0
0
0
0
1107
1270
0
0
0
0
0
0
914
670
0
0
0
0
0
0
2438
2427
0
0
0
0
0
0
109
355
0
0
0
0
0
0
1557
1417
0
0
0
0
0
0
3025
2868
0
0
0
0
0
0
3212
3446
0
0
0
0
0
0
1588
1598
0
0
0
0
0
0
3986
3748
0
0
0
0
0
0
2596
2729
0
0
0
0
0
0
1022
1172
0
0
0
0
0
0
844
619
0
0
0
0
0
0
2568
2558
0
0
0
0
0
0
101
327
0
0
0
0
0
0
1433
1305
0
0
0
0
0
0
3111
2967
0
0
0
0
0
0
3283
3498
0
0
0
0
0
0
1459
1469
0
0
0
0
0
0
3994
3776
0
0
0
0
0
0
2717
2840
0
0
0
0
0
0
938
1076
0
0
0
0
0
0
773
568
0
0
0
0
0
0
2693
2684
0
0
0
0
0
0
92
298
0
0
0
0
0
0
1314
1196
0
0
0
0
0
0
3193
3061
0
0
0
0
0
0
3351
3548
0
0
0
0
0
0
1335
1343
0
0
0
0
0
0
4003
3804
0
0
0
0
0
0
2836
2949
0
0
0
0
0
0
857
981
0
0
0
0
0
0
705
517
0
0
0
0
0
0
2818
2809
0
0
0
0
0
0
84
272
0
0
0
0
0
0
1196
1089
0
0
0
0
0
0
3275
3155
0
0
0
0
0
0
3419
3598
0
0
0
0
0
0
1213
1221
0
0
0
0
0
0
4012
3831
0
0
0
0
0
0
2952
3055
0
0
0
0
0
0
776
890
0
0
0
0
0
0
639
469
0
0
0
0
0
0
2938
2930
0
0
0
0
0
0
76
248
0
0
0
0
0
0
1082
984
0
0
0
0
0
0
3352
3244
0
0
0
0
0
0
3484
3645
0
0
0
0
0
0
1095
1101
0
0
0
0
0
0
4020
3857
0
0
0
0
0
0
3066
3157
0
0
0
0
0
0
699
801
0
0
0
0
0
0
573
421
0
0
0
0
0
0
3054
3047
0
0
0
0
0
0
68
221
0
0
0
0
0
0
971
884
0
0
0
0
0
0
3430
3333
0
0
0
0
0
0
3547
3691
0
0
0
0
0
0
981
987
0
0
0
0
0
0
4027
3881
0
0
0
0
0
0
3174
3255
0
0
0
0
0
0
625
716
0
0
0
0
0
0
512
376
0
0
0
0
0
0
3167
3161
0
0
0
0
0
0
60
197
0
0
0
0
0
0
865
786
0
0
0
0
0
0
3502
3416
0
0
0
0
0
0
3609
3737
0
0
0
0
0
0
870
875
0
0
0
0
0
0
4035
3906
0
0
0
0
0
0
3278
3351
0
0
0
0
0
0
553
634
0
0
0
0
0
0
453
333
0
0
0
0
0
0
3274
3269
0
0
0
0
0
0
52
173
0
0
0
0
0
0
762
692
0
0
0
0
0
0
3572
3496
0
0
0
0
0
0
3666
3779
0
0
0
0
0
0
765
769
0
0
0
0
0
0
4041
3928
0
0
0
0
0
0
3378
3441
0
0
0
0
0
0
485
554
0
0
0
0
0
0
397
291
0
0
0
0
0
0
3376
3372
0
0
0
0
0
0
46
152
0
0
0
0
0
0
666
606
0
0
0
0
0
0
3639
3573
0
0
0
0
0
0
3722
3820
0
0
0
0
0
0
667
670
0
0
0
0
0
0
4048
3950
0
0
0
0
0
0
3473
3528
0
0
0
0
0
0
419
479
0
0
0
0
0
0
343
251
0
0
0
0
0
0
3473
3470
0
0
0
0
0
0
40
131
0
0
0
0
0
0
573
521
0
0
0
0
0
0
3702
3646
0
0
0
0
0
0
3774
3858
0
0
0
0
0
0
570
573
0
0
0
0
0
0
4055
3971
0
0
0
0
0
0
3561
3608
0
0
0
0
0
0
359
411
0
0
0
0
0
0
293
215
0
0
0
0
0
0
3565
3562
0
0
0
0
0
0
33
110
0
0
0
0
0
0
487
443
0
0
0
0
0
0
3761
3713
0
0
0
0
0
0
3822
3894
0
0
0
0
0
0
484
486
0
0
0
0
0
0
4060
3989
0
0
0
0
0
0
3644
3685
0
0
0
0
0
0
301
345
0
0
0
0
0
0
246
180
0
0
0
0
0
0
3649
3646
0
0
0
0
0
0
27
92
0
0
0
0
0
0
408
370
0
0
0
0
0
0
3816
3776
0
0
0
0
0
0
3866
3926
0
0
0
0
0
0
402
404
0
0
0
0
0
0
4066
4006
0
0
0
0
0
0
3722
3756
0
0
0
0
0
0
249
286
0
0
0
0
0
0
203
149
0
0
0
0
0
0
3728
3726
0
0
0
0
0
0
22
75
0
0
0
0
0
0
335
303
0
0
0
0
0
0
3866
3833
0
0
0
0
0
0
3909
3957
0
0
0
0
0
0
327
328
0
0
0
0
0
0
4071
4022
0
0
0
0
0
0
3791
3818
0
0
0
0
0
0
201
231
0
0
0
0
0
0
163
119
0
0
0
0
0
0
3798
3797
0
0
0
0
0
0
17
59
0
0
0
0
0
0
267
242
0
0
0
0
0
0
3911
3885
0
0
0
0
0
0
3945
3984
0
0
0
0
0
0
260
261
0
0
0
0
0
0
4076
4038
0
0
0
0
0
0
3854
3877
0
0
0
0
0
0
158
181
0
0
0
0
0
0
128
93
0
0
0
0
0
0
3862
3862
0
0
0
0
0
0
13
46
0
0
0
0
0
0
206
187
0
0
0
0
0
0
3952
3933
0
0
0
0
0
0
3979
4010
0
0
0
0
0
0
200
201
0
0
0
0
0
0
4080
4050
0
0
0
0
0
0
3911
3928
0
0
0
0
0
0
120
138
0
0
0
0
0
0
97
70
0
0
0
0
0
0
3920
3919
0
0
0
0
0
0
10
34
0
0
0
0
0
0
154
140
0
0
0
0
0
0
3989
3974
0
0
0
0
0
0
4010
4031
0
0
0
0
0
0
146
147
0
0
0
0
0
0
4082
4062
0
0
0
0
0
0
3960
3972
0
0
0
0
0
0
87
98
0
0
0
0
0
0
69
49
0
0
0
0
0
0
3968
3968
0
0
0
0
0
0
5
23
0
0
0
0
0
0
109
99
0
0
0
0
0
0
4020
4010
0
0
0
0
0
0
4033
4048
0
0
0
0
0
0
100
100
0
0
0
0
0
0
4087
4073
0
0
0
0
0
0
4002
4011
0
0
0
0
0
0
58
67
0
0
0
0
0
0
46
33
0
0
0
0
0
0
4009
4008
0
0
0
0
0
0
3
15
0
0
0
0
0
0
71
64
0
0
0
0
0
0
4044
4037
0
0
0
0
0
0
4055
4064
0
0
0
0
0
0
65
64
0
0
0
0
0
0
4089
4080
0
0
0
0
0
0
4036
4042
0
0
0
0
0
0
35
40
0
0
0
0
0
0
27
19
0
0
0
0
0
0
4042
4042
0
0
0
0
0
0
1
7
0
0
0
0
0
0
41
36
0
0
0
0
0
0
4066
4061
0
0
0
0
0
0
4072
4078
0
0
0
0
0
0
35
35
0
0
0
0
0
0
4091
4085
0
0
0
0
0
0
4063
4065
0
0
0
0
0
0
17
20
0
0
0
0
0
0
13
9
0
0
0
0
0
0
4067
4067
0
0
0
0
0
0
4095
1
0
0
0
0
0
0
18
16
0
0
0
0
0
0
4081
4078
0
0
0
0
0
0
4084
4087
0
0
0
0
0
0
14
14
0
0
0
0
0
0
4093
4090
0
0
0
0
0
0
4080
4081
0
0
0
0
0
0
5
6
0
0
0
0
0
0
3
2
0
0
0
0
0
0
4084
4084
0
0
0
0
0
0
4094
0
0
0
0
0
0
0
4
4
0
0
0
0
0
0
4089
4089
0
0
0
0
0
0
4091
4091
0
0
0
0
0
0
2
1
0
0
0
0
0
0
4093
4092
0
0
0
0
0
0
4090
4091
0
0
0
0
0
0
0
4095
0
0
0
0
0
0
0
0
0
0
0
0
0
0
4092
4092
0
0
0
0
0
0
4094
4095
0
0
0
0
0
0
0
4095
0
0
0
0
0
0
4092
4092
0
0
0
0
0
0
4092
4092
0
0
0
0
0
0
0
4095
0
0
0
0
0
0
0
0
0
0
0
0
0
0
4095
0
0
0
0
0
0
0
4095
4095
0
0
0
0
0
0
0
4095
0
0
0
0
0
0
0
0
0
0
0
0
0
0
4095
0
0
0
0
0
0
0
0
0
0
0
0
0
0
0
0
0
0
0
0
0
0
0
0
0
0
0
0
0
0
0
0
0
0
0
0
0
0
0
0
0
0
0
0
0
0
0
0
0
0
0
0
0
0
0
0
0
0
0
0
0
0
0
0
0
0
0
0
0
0
0
0
0
0
0
0
0
0
0
0
0
0
0
0
0
0
0
0
0
0
0
0
0
0
0
0
0
0
0
0
0
0
0
0
0
0
0
0
0
0
0
0
0
0
0
0
0
0
0
0
0
0
0
0
0
0
0
0
0
0
0
0
0
0
0
0
0
0
0
0
0
0
0
0
0
0
0
0
0
0
0
0
0
0
0
0
0
0
0
0
0
0
0
0
0
0
0
0
0
0
0
0
0
0
0
0
0
0
0
0
0
0
0
0
0
0
0
0
0
0
0
0
0
0
0
0
0
0
0
0
0
0
0
0
0
0
0
0
0
0
0
0
0
0
0
0
0
0
0
0
0
0
0
0
0
0
0
0
0
0
0
0
0
0
0
0
0
0
0
0
0
0
0
0
0
0
0
0
0
0
0
0
0
0
0
0
0
0
0
0
0
0
0
0
0
0
0
0
0
0
0
0
0
0
0
0
0
0
0
0
0
0
0
0
0
0
0
0
0
0
0
0
0
0
0
0
0
0
0
0
0
0
0
0
0
0
0
0
0
0
0
0
0
0
0
0
0
0
0
0
0
0
0
0
0
0
0
0
0
0
0
0
0
0
0
0
0
0
0
0
0
0
0
0
0
0
0
0
0
0
0
0
0
0
0
0
0
0
0
0
0
0
0
0
0
0
0
0
0
0
0
0
0
0
0
0
0
0
0
0
0
0
0
0
0
0
0
0
0
0
0
0
0
0
0
0
0
0
0
0
0
0
0
0
0
0
0
0
0
0
0
0
0
0
0
0
0
0
0
0
0
0
0
0
0
0
0
0
0
0
0
0
0
0
0
0
0
0
0
0
0
0
0
0
0
0
0
0
0
0
0
0
0
0
0
0
0
0
0
0
0
0
0
0
0
0
0
0
0
0
0
0
0
0
0
0
0
0
0
0
0
0
0
0
0
0
0
0
0
0
0
0
0
0
0
0
0
0
0
0
0
0
0
0
0
0
0
0
0
0
0
0
0
0
0
0
0
0
0
0
0
0
0
0
0
0
0
0
0
0
0
0
0
0
0
0
0
0
0
0
0
0
0
0
0
0
0
0
0
0
0
0
0
0
0
0
0
0
0
0
0
0
0
0
0
0
0
0
0
0
0
0
0
0
0
0
0
0
0
0
0
0
0
0
0
0
0
0
0
0
0
0
0
0
0
0
0
0
0
0
0
0
0
0
0
0
0
0
0
0
0
0
0
0
0
0
0
0
0
0
0
0
0
0
0
0
0
0
0
0
0
0
0
0
0
0
0
0
0
0
0
0
0
0
0
0
0
0
0
0
0
0
0
0
0
0
0
0
0
0
0
0
0
0
0
0
0
0
0
0
0
0
0
0
0
0
0
0
0
0
0
0
0
0
0
0
0
0
0
0
0
0
0
0
0
0
0
0
0
0
0
0
0
0
0
0
0
0
0
0
0
0
0
0
0
0
0
0
0
0
0
0
0
0
0
0
0
0
0
0
0
0
0
0
0
0
0
0
0
0
0
0
0
0
0
0
0
0
0
0
0
0
0
0
0
0
0
0
0
0
0
0
0
0
0
0
0
0
0
0
0
0
0
0
0
0
0
0
0
0
0
0
0
0
0
0
0
0
0
0
0
0
0
0
0
0
0
0
0
0
0
0
0
0
0
0
0
0
0
0
0
0
0
0
0
0
0
0
0
0
0
0
0
0
0
0
0
0
0
0
0
0
0
0
0
0
0
0
0
0
0
0
0
0
0
0
0
0
0
0
0
0
0
0
0
0
0
0
0
0
0
0
0
0
0
0
0
0
0
0
0
0
0
0
0
0
0
0
0
0
0
0
0
0
0
0
0
0
0
0
0
0
0
0
0
0
0
0
0
0
0
0
0
0
0
0
0
0
0
0
0
0
0
0
0
0
0
0
0
0
0
0
0
0
0
0
0
0
0
0
0
0
0
0
0
0
0
0
0
0
0
0
0
0
0
0
0
0
0
0
0
0
0
0
0
0
0
0
0
0
0
0
0
0
0
0
0
0
0
0
0
0
0
0
0
0
0
0
0
0
0
0
0
0
0
0
0
0
0
0
0
0
0
0
0
0
0
0
0
0
0
0
0
0
0
0
0
0
0
0
0
0
0
0
0
0
0
0
0
0
0
0
0
0
0
0
0
0
0
0
0
0
0
0
0
0
0
0
0
0
0
0
0
0
0
0
0
0
0
0
0
0
0
0
0
0
0
0
0
0
0
0
0
0
0
0
0
0
0
0
0
0
0
0
0
0
0
0
0
0
0
0
0
0
0
0
0
0
0
0
0
0
0
0
0
0
0
0
0
0
0
0
0
0
0
0
0
0
0
0
0
0
0
0
0
0
0
0
0
0
0
0
0
0
0
0
0
0
0
0
0
0
0
0
0
0
0
0
0
0
0
0
0
0
0
0
0
0
0
0
0
0
0
0
0
0
0
0
0
0
0
0
0
0
0
0
0
0
0
0
0
0
0
0
0
0
0
0
0
0
0
0
0
0
0
0
0
0
0
0
0
0
0
0
0
0
0
0
0
0
0
0
0
0
0
0
0
0
0
0
0
0
0
0
0
0
0
0
0
0
0
0
0
0
0
0
0
0
0
0
0
0
0
0
0
0
0
0
0
0
0
0
0
0
0
0
0
0
0
0
0
0
0
0
0
0
0
0
0
0
0
0
0
0
0
0
0
0
0
0
0
0
0
0
0
0
0
0
0
0
0
0
0
0
0
0
0
0
0
0
0
0
0
0
0
0
0
0
0
0
0
0
0
0
0
0
0
0
0
0
0
0
0
0
0
0
0
0
0
0
0
0
0
0
0
0
0
0
0
0
0
0
0
0
0
0
0
0
0
0
0
0
0
0
0
0
0
0
0
0
0
0
0
0
0
0
0
0
0
0
0
0
0
0
0
0
0
0
0
0
0
0
0
0
0
0
0
0
0
0
0
0
0
0
0
0
0
0
0
0
0
0
0
0
0
0
0
0
0
0
0
0
0
0
0
0
0
0
0
0
0
0
0
0
0
0
0
0
0
0
0
0
0
0
0
0
0
0
0
0
0
0
0
0
0
0
0
0
0
0
0
0
0
0
0
0
0
0
0
0
0
0
0
0
0
0
0
0
0
0
0
0
0
0
0
0
0
0
0
0
0
0
0
0
0
0
0
0
0
0
0
0
0
0
0
0
0
0
0
0
0
0
0
0
0
0
0
0
0
0
0
0
0
0
0
0
0
0
0
0
0
0
0
0
0
0
0
0
0
0
0
0
0
0
0
0
0
0
0
0
0
0
0
0
0
0
0
0
0
0
0
0
0
0
0
0
0
0
0
0
0
0
0
0
0
0
0
0
0
0
0
0
0
0
0
0
0
0
0
0
0
0
0
0
0
0
0
0
0
0
0
0
0
0
0
0
0
0
0
0
0
0
0
0
0
0
0
0
0
0
0
0
0
0
0
0
0
0
0
0
0
0
0
0
0
0
0
0
0
0
0
0
0
0
0
0
0
0
0
0
0
0
0
0
0
0
0
0
0
0
0
0
0
0
0
0
0
0
0
0
0
0
0
0
0
0
0
0
0
0
0
0
0
0
0
0
0
0
0
0
0
0
0
0
0
0
0
0
0
0
0
0
0
0
0
0
0
0
0
0
0
0
0
0
0
0
0
0
0
0
0
0
0
0
0
0
0
0
0
0
0
0
0
0
0
0
0
0
0
0
0
0
0
0
0
0
0
0
0
0
0
0
0
0
0
0
0
0
0
0
0
0
0
0
0
0
0
0
0
0
0
0
0
0
0
0
0
0
0
0
0
0
0
0
0
0
0
0
0
0
0
0
0
0
0
0
0
0
0
0
0
0
0
0
0
0
0
0
0
0
0
0
0
0
0
0
0
0
0
0
0
0
0
0
0
0
0
0
0
0
0
0
0
0
0
0
0
0
0
0
0
0
0
0
0
0
0
0
0
0
0
0
0
0
0
0
0
0
0
0
0
0
0
0
0
0
0
0
0
0
0
0
0
0
0
0
0
0
0
0
0
0
0
0
0
0
0
0
0
0
0
0
0
0
0
0
0
0
0
0
0
0
0
0
0
0
0
0
0
0
0
0
0
0
0
0
0
0
0
0
0
0
0
0
0
0
0
0
0
0
0
0
0
0
0
0
0
0
0
0
0
0
0
0
0
0
0
0
0
0
0
0
0
0
0
0
0
0
0
0
0
0
0
0
0
0
0
0
0
0
0
0
0
0
0
0
0
0
0
0
0
0
0
0
0
0
0
0
0
0
0
0
0
0
0
0
0
0
0
0
0
0
0
0
0
0
0
0
0
0
0
0
0
0
0
0
0
0
0
0
0
0
0
0
0
0
0
0
0
0
0
0
0
0
0
0
0
0
0
0
0
0
0
0
0
0
0
0
0
0
0
0
0
0
0
0
0
0
0
0
0
0
0
0
0
0
0
0
0
0
0
0
0
0
0
0
0
0
0
0
0
0
0
0
0
0
0
0
0
0
0
0
0
0
0
0
0
0
0
0
0
0
0
0
0
0
0
0
0
0
0
0
0
0
0
0
0
0
0
0
0
0
0
0
0
0
0
0
0
0
0
0
0
0
0
0
0
0
0
0
0
0
0
0
0
0
0
0
0
0
0
0
0
0
0
0
0
0
0
0
0
0
0
0
0
0
0
0
0
0
0
0
0
0
0
0
0
0
0
0
0
0
0
0
0
0
0
0
0
0
0
0
0
0
0
0
0
0
0
0
0
0
0
0
0
0
0
0
0
0
0
0
0
0
0
0
0
0
0
0
0
0
0
0
0
0
0
0
0
0
0
0
0
0
0
0
0
0
0
0
0
0
0
0
0
0
0
0
0
0
0
0
0
0
0
0
0
0
0
0
0
0
0
0
0
0
0
0
0
0
0
0
0
0
0
0
0
0
0
0
0
0
0
0
0
0
0
0
0
0
0
0
0
0
0
0
0
0
0
0
0
0
0
0
0
0
0
0
0
0
0
0
0
0
0
0
0
0
0
0
0
0
0
0
0
0
0
0
0
0
0
0
0
0
0
0
0
0
0
0
0
0
0
0
0
0
0
0
0
0
0
0
0
0
0
0
0
0
0
0
0
0
0
0
0
0
0
0
0
0
0
0
0
0
0
0
0
0
0
0
0
0
0
0
0
0
0
0
0
0
0
0
0
0
0
0
0
0
0
0
0
0
0
0
0
0
0
0
0
0
0
0
0
0
0
0
0
0
0
0
0
0
0
0
0
0
0
0
0
0
0
0
0
0
0
0
0
0
0
0
0
0
0
0
0
0
0
0
0
0
0
0
0
0
0
0
0
0
0
0
0
0
0
0
0
0
0
0
0
0
0
0
0
0
0
0
0
0
0
0
0
0
0
0
0
0
0
0
0
0
0
0
0
0
0
0
0
0
0
0
0
0
0
0
0
0
0
0
0
0
0
0
0
0
0
0
0
0
0
0
0
0
0
0
0
0
0
0
0
0
0
0
0
0
0
0
0
0
0
0
0
0
0
0
0
0
0
0
0
0
0
0
0
0
0
0
0
0
0
0
0
0
0
0
0
0
0
0
0
0
0
0
0
0
0
0
0
0
0
0
0
0
0
0
0
0
0
0
0
0
0
0
0
0
0
0
0
0
0
0
0
0
0
0
0
0
0
0
0
0
0
0
0
0
0
0
0
0
0
0
0
0
0
0
0
0
0
0
0
0
0
0
0
0
0
0
0
0
0
0
0
0
0
0
0
0
0
0
0
0
0
0
0
0
0
0
0
0
0
0
0
0
0
0
0
0
0
0
0
0
0
0
0
0
0
0
0
0
0
0
0
0
0
0
0
0
0
0
0
0
0
0
0
0
0
0
0
0
0
0
0
0
0
0
0
0
0
0
0
0
0
0
0
0
0
0
0
0
0
0
0
0
0
0
0
0
0
0
0
0
0
0
0
0
0
0
0
0
0
0
0
0
0
0
0
0
0
0
0
0
0
0
0
0
0
0
0
0
0
0
0
0
0
0
0
0
0
0
0
0
0
0
0
0
0
0
0
0
0
0
0
0
0
0
0
0
0
0
0
0
0
0
0
0
0
0
0
0
0
0
0
0
0
0
0
0
0
0
0
0
0
0
0
0
0
0
0
0
0
0
0
0
0
0
0
0
0
0
0
0
0
0
0
0
0
0
0
0
0
0
0
0
0
0
0
0
0
0
0
0
0
0
0
0
0
0
0
0
0
0
0
0
0
0
0
0
0
0
0
0
0
0
0
0
0
0
0
0
0
0
0
0
0
0
0
0
0
0
0
0
0
0
0
0
0
0
0
0
0
0
0
0
0
0
0
0
0
0
0
0
0
0
0
0
0
0
0
0
0
0
0
0
0
0
0
0
0
0
0
0
0
0
0
0
0
0
0
0
0
0
0
0
0
0
0
0
0
0
0
0
0
0
0
0
0
0
0
0
0
0
0
0
0
0
0
0
0
0
0
0
0
0
0
0
0
0
0
0
0
0
0
0
0
0
0
0
0
0
0
0
0
0
0
0
0
0
0
0
0
0
0
0
0
0
0
0
0
0
0
0
0
0
0
0
0
0
0
0
0
0
0
0
0
0
0
0
0
0
0
0
0
0
0
0
0
0
0
0
0
0
0
0
0
0
0
0
0
0
0
0
0
0
0
0
0
0
0
0
0
0
0
0
0
0
0
0
0
0
0
0
0
0
0
0
0
0
0
0
0
0
0
0
0
0
0
0
0
0
0
0
0
0
0
0
0
0
0
0
0
0
0
0
0
0
0
0
0
0
0
0
0
0
0
0
0
0
0
0
0
0
0
0
0
0
0
0
0
0
0
0
0
0
0
0
0
0
0
0
0
0
0
0
0
0
0
0
0
0
0
0
0
0
0
0
0
0
0
0
0
0
0
0
0
0
0
0
0
0
0
0
0
0
0
0
0
0
0
0
0
0
0
0
0
0
0
0
0
0
0
0
0
0
0
0
0
0
0
0
0
0
0
0
0
0
0
0
0
0
0
0
0
0
0
0
0
0
0
0
0
0
0
0
0
0
0
0
0
0
0
0
0
0
0
0
0
0
0
0
0
0
0
0
0
0
0
0
0
0
0
0
0
0
0
0
0
0
0
0
0
0
0
0
0
0
0
0
0
0
0
0
0
0
0
0
0
0
0
0
0
0
0
0
0
0
0
0
0
0
0
0
0
0
0
0
0
0
0
0
0
0
0
0
0
0
0
0
0
0
0
0
0
0
0
0
0
0
0
0
0
0
0
0
0
0
0
0
0
0
0
0
0
0
0
0
0
0
0
0
0
0
0
0
0
0
0
0
0
0
0
0
0
0
0
0
0
0
0
0
0
0
0
0
0
0
0
0
0
0
0
0
0
0
0
0
0
0
0
0
0
0
0
0
0
0
0
0
0
0
0
0
0
0
0
0
0
0
0
0
0
0
0
0
0
0
0
0
0
0
0
0
0
0
0
0
0
0
0
0
0
0
0
0
0
0
0
0
0
0
0
0
0
0
0
0
0
0
0
0
0
0
0
0
0
0
0
0
0
0
0
0
0
0
0
0
0
0
0
0
0
0
0
0
0
0
0
0
0
0
0
0
0
0
0
0
0
0
0
0
0
0
0
0
0
0
0
0
0
0
0
0
0
0
0
0
0
0
0
0
0
0
0
0
0
0
0
0
0
0
0
0
0
0
0
0
0
0
0
0
0
0
0
0
0
0
0
0
0
0
0
0
0
0
0
0
0
0
0
0
0
0
0
0
0
0
0
0
0
0
0
0
0
0
0
0
0
0
0
0
0
0
0
0
0
0
0
0
0
0
0
0
0
0
0
0
0
0
0
0
0
0
0
0
0
0
0
0
0
0
0
0
0
0
0
0
0
0
0
0
0
0
0
0
0
0
0
0
0
0
0
0
0
0
0
0
0
0
0
0
0
0
0
0
0
0
0
0
0
0
0
0
0
0
0
0
0
0
0
0
0
0
0
0
0
0
0
0
0
0
0
0
0
0
0
0
0
0
0
0
0
0
0
0
0
0
0
0
0
0
0
0
0
0
0
0
0
0
0
0
0
0
0
0
0
0
0
0
0
0
0
0
0
0
0
0
0
0
0
0
0
0
0
0
0
0
0
0
0
0
0
0
0
0
0
0
0
0
0
0
0
0
0
0
0
0
0
0
0
0
0
0
0
0
0
0
0
0
0
0
0
0
0
0
0
0
0
0
0
0
0
0
0
0
0
0
0
0
0
0
0
0
0
0
0
0
0
0
0
0
0
0
0
0
0
0
0
0
0
0
0
0
0
0
0
0
0
0
0
0
0
0
0
0
0
0
0
0
0
0
0
0
0
0
0
0
0
0
0
0
0
0
0
0
0
0
0
0
0
0
0
0
0
0
0
0
0
0
0
0
0
0
0
0
0
0
0
0
0
0
0
0
0
0
0
0
0
0
0
0
0
0
0
0
0
0
0
0
0
0
0
0
0
0
0
0
0
0
0
0
0
0
0
0
0
0
0
0
0
0
0
0
0
0
0
0
0
0
0
0
0
0
0
0
0
0
0
0
0
0
0
0
0
0
0
0
0
0
0
0
0
0
0
0
0
0
0
0
0
0
0
0
0
0
0
0
0
0
0
0
0
0
0
0
0
0
0
0
0
0
0
0
0
0
0
0
0
0
0
0
0
0
0
0
0
0
0
0
0
0
0
0
0
0
0
0
0
0
0
0
0
0
0
0
0
0
0
0
0
0
0
0
0
0
0
0
0
0
0
0
0
0
0
0
0
0
0
0
0
0
0
0
0
0
0
0
0
0
0
0
0
0
0
0
0
0
0
0
0
0
0
0
0
0
0
0
0
0
0
0
0
0
0
0
0
0
0
0
0
0
0
0
0
0
0
0
0
0
0
0
0
0
0
0
0
0
0
0
0
0
0
0
0
0
0
0
0
0
0
0
0
0
0
0
0
0
0
0
0
0
0
0
0
0
0
0
0
0
0
0
0
0
0
0
0
0
0
0
0
0
0
0
0
0
0
0
0
0
0
0
0
0
0
0
0
0
0
0
0
0
0
0
0
0
0
0
0
0
0
0
0
0
0
0
0
0
0
0
0
0
0
0
0
0
0
0
0
0
0
0
0
0
0
0
0
0
0
0
0
0
0
0
0
0
0
0
0
0
0
0
0
0
0
0
0
0
0
0
0
0
0
0
0
0
0
0
0
0
0
0
0
0
0
0
0
0
0
0
0
0
0
0
0
0
0
0
0
0
0
0
0
0
0
0
0
0
0
0
0
0
0
0
0
0
0
0
0
0
0
0
0
0
0
0
0
0
0
0
0
0
0
0
0
0
0
0
0
0
0
0
0
0
0
0
0
0
0
0
0
0
0
0
0
0
0
0
0
0
0
0
0
0
0
0
0
0
0
0
0
0
0
0
0
0
0
0
0
0
0
0
0
0
0
0
0
0
0
0
0
0
0
0
0
0
0
0
0
0
0
0
0
0
0
0
0
0
0
0
0
0
0
0
0
0
0
0
0
0
0
0
0
0
0
0
0
0
0
0
0
0
0
0
0
0
0
0
0
0
0
0
0
0
0
0
0
0
0
0
0
0
0
0
0
0
0
0
0
0
0
0
0
0
0
0
0
0
0
0
0
0
0
0
0
0
0
0
0
0
0
0
0
0
0
0
0
0
0
0
0
0
0
0
0
0
0
0
0
0
0
0
0
0
0
0
0
0
0
0
0
0
0
0
0
0
0
0
0
0
0
0
0
0
0
0
0
0
0
0
0
0
0
0
0
0
0
0
0
0
0
0
0
0
0
0
0
0
0
0
0
0
0
0
0
0
0
0
0
0
0
0
0
0
0
0
0
0
0
0
0
0
0
0
0
0
0
0
0
0
0
0
0
0
0
0
0
0
0
0
0
0
0
0
0
0
0
0
0
0
0
0
0
0
0
0
0
0
0
0
0
0
0
0
0
0
0
0
0
0
0
0
0
0
0
0
0
0
0
0
0
0
0
0
0
0
0
0
0
0
0
0
0
0
0
0
0
0
0
0
0
0
0
0
0
0
0
0
0
0
0
0
0
0
0
0
0
0
0
0
0
0
0
0
0
0
0
0
0
0
0
0
0
0
0
0
0
0
0
0
0
0
0
0
0
0
0
0
0
0
0
0
0
0
0
0
0
0
0
0
0
0
0
0
0
0
0
0
0
0
0
0
0
0
0
0
0
0
0
0
0
0
0
0
0
0
0
0
0
0
0
0
0
0
0
0
0
0
0
0
0
0
0
0
0
0
0
0
0
0
0
0
0
0
0
0
0
0
0
0
0
0
0
0
0
0
0
0
0
0
0
0
0
0
0
0
0
0
0
0
0
0
0
0
0
0
0
0
0
0
0
0
0
0
0
0
0
0
0
0
0
0
0
0
0
0
0
0
0
0
0
0
0
0
0
0
0
0
0
0
0
0
0
0
0
0
0
0
0
0
0
0
0
0
0
0
0
0
0
0
0
0
0
0
0
0
0
0
0
0
0
0
0
0
0
0
0
0
0
0
0
0
0
0
0
0
0
0
0
0
0
0
0
0
0
0
0
0
0
0
0
0
0
0
0
0
0
0
0
0
0
0
0
0
0
0
0
0
0
0
0
0
0
0
0
0
0
0
0
0
0
0
0
0
0
0
0
0
0
0
0
0
0
0
0
0
0
0
0
0
0
0
0
0
0
0
0
0
0
0
0
0
0
0
0
0
0
0
0
0
0
0
0
0
0
0
0
0
0
0
0
0
0
0
0
0
0
0
0
0
0
0
0
0
0
0
0
0
0
0
0
0
0
0
0
0
0
0
0
0
0
0
0
0
0
0
0
0
0
0
0
0
0
0
0
0
0
0
0
0
0
0
0
0
0
0
0
0
0
0
0
0
0
0
0
0
0
0
0
0
0
0
0
0
0
0
0
0
0
0
0
0
0
0
0
0
0
0
0
0
0
0
0
0
0
0
0
0
0
0
0
0
0
0
0
0
0
0
0
0
0
0
0
0
0
0
0
0
0
0
0
0
0
0
0
0
0
0
0
0
0
0
0
0
0
0
0
0
0
0
0
0
0
0
0
0
0
0
0
0
0
0
0
0
0
0
0
0
0
0
0
0
0
0
0
0
0
0
0
0
0
0
0
0
0
0
0
0
0
0
0
0
0
0
0
0
0
0
0
0
0
0
0
0
0
0
0
0
0
0
0
0
0
0
0
0
0
0
0
0
0
0
0
0
0
0
0
0
0
0
0
0
0
0
0
0
0
0
0
0
0
0
0
0
0
0
0
0
0
0
0
0
0
0
0
0
0
0
0
0
0
0
0
0
0
0
0
0
0
0
0
0
0
0
0
0
0
0
0
0
0
0
0
0
0
0
0
0
0
0
0
0
0
0
0
0
0
0
0
0
0
0
0
0
0
0
0
0
0
0
0
0
0
0
0
0
0
0
0
0
0
0
0
0
0
0
0
0
0
0
0
0
0
0
0
0
0
0
0
0
0
0
0
0
0
0
0
0
0
0
0
0
0
0
0
0
0
0
0
0
0
0
0
0
0
0
0
0
0
0
0
0
0
0
0
0
0
0
0
0
0
0
0
0
0
0
0
0
0
0
0
0
0
0
0
0
0
0
0
0
0
0
0
0
0
0
0
0
0
0
0
0
0
0
0
0
0
0
0
0
0
0
0
0
0
0
0
0
0
0
0
0
0
0
0
0
0
0
0
0
0
0
0
0
0
0
0
0
0
0
0
0
0
0
0
0
0
0
0
0
0
0
0
0
0
0
0
0
0
0
0
0
0
0
0
0
0
0
0
0
0
0
0
0
0
0
0
0
0
0
0
0
0
0
0
0
0
0
0
0
0
0
0
0
0
0
0
0
0
0
0
0
0
0
0
0
0
0
0
0
0
0
0
0
0
0
0
0
0
0
0
0
0
0
0
0
0
0
0
0
0
0
0
0
0
0
0
0
0
0
0
0
0
0
0
0
0
0
0
0
0
0
0
0
0
0
0
0
0
0
0
0
0
0
0
0
0
0
0
0
0
0
0
0
0
0
0
0
0
0
0
0
0
0
0
0
0
0
0
0
0
0
0
0
0
0
0
0
0
0
0
0
0
0
0
0
0
0
0
0
0
0
0
0
0
0
0
0
0
0
0
0
0
0
0
0
0
0
0
0
0
0
0
0
0
0
0
0
0
0
0
0
0
0
0
0
0
0
0
0
0
0
0
0
0
0
0
0
0
0
0
0
0
0
0
0
0
0
0
0
0
0
0
0
0
0
0
0
0
0
0
0
0
0
0
0
0
0
0
0
0
0
0
0
0
0
0
0
0
0
0
0
0
0
0
0
0
0
0
0
0
0
0
0
0
0
0
0
0
0
0
0
0
0
0
0
0
0
0
0
0
0
0
0
0
0
0
0
0
0
0
0
0
0
0
0
0
0
0
0
0
0
0
0
0
0
0
0
0
0
0
0
0
0
0
0
0
0
0
0
0
0
0
0
0
0
0
0
0
0
0
0
0
0
0
0
0
0
0
0
0
0
0
0
0
0
0
0
0
0
0
0
0
0
0
0
0
0
0
0
0
0
0
0
0
0
0
0
0
0
0
0
0
0
0
0
0
0
0
0
0
0
0
0
0
0
0
0
0
0
0
0
0
0
0
0
0
0
0
0
0
0
0
0
0
0
0
0
0
0
0
0
0
0
0
0
0
0
0
0
0
0
0
0
0
0
0
0
0
0
0
0
0
0
0
0
0
0
0
0
0
0
0
0
0
0
0
0
0
0
0
0
0
0
0
0
0
0
0
0
0
0
0
0
0
0
0
0
0
0
0
0
0
0
0
0
0
0
0
0
0
0
0
0
0
0
0
0
0
0
0
0
0
0
0
0
0
0
0
0
0
0
0
0
0
0
0
0
0
0
0
0
0
0
0
0
0
0
0
0
0
0
0
0
0
0
0
0
0
0
0
0
0
0
0
0
0
0
0
0
0
0
0
0
0
0
0
0
0
0
0
0
0
0
0
0
0
0
0
0
0
0
0
0
0
0
0
0
0
0
0
0
0
0
0
0
0
0
0
0
0
0
0
0
0
0
0
0
0
0
0
0
0
0
0
0
0
0
0
0
0
0
0
0
0
0
0
0
0
0
0
0
0
0
0
0
0
0
0
0
0
0
0
0
0
0
0
0
0
0
0
0
0
0
0
0
0
0
0
0
0
0
0
0
0
0
0
0
0
0
0
0
0
0
0
0
0
0
0
0
0
0
0
0
0
0
0
0
0
0
0
0
0
0
0
0
0
0
0
0
0
0
0
0
0
0
0
0
0
0
0
0
0
0
0
0
0
0
0
0
0
0
0
0
0
0
0
0
0
0
0
0
0
0
0
0
0
0
0
0
0
0
0
0
0
0
0
0
0
0
0
0
0
0
0
0
0
0
0
0
0
0
0
0
0
0
0
0
0
0
0
0
0
0
0
0
0
0
0
0
0
0
0
0
0
0
0
0
0
0
0
0
0
0
0
0
0
0
0
0
0
0
0
0
0
0
0
0
0
0
0
0
0
0
0
0
0
0
0
0
0
0
0
0
0
0
0
0
0
0
0
0
0
0
0
0
0
0
0
0
0
0
0
0
0
0
0
0
0
0
0
0
0
0
0
0
0
0
0
0
0
0
0
0
0
0
0
0
0
0
0
0
0
0
0
0
0
0
0
0
0
0
0
0
0
0
0
0
0
0
0
0
0
0
0
0
0
0
0
0
0
0
0
0
0
0
0
0
0
0
0
0
0
0
0
0
0
0
0
0
0
0
0
0
0
0
0
0
0
0
0
0
0
0
0
0
0
0
0
0
0
0
0
0
0
0
0
0
0
0
0
0
0
0
0
0
0
0
0
0
0
0
0
0
0
0
0
0
0
0
0
0
0
0
0
0
0
0
0
0
0
0
0
0
0
0
0
0
0
0
0
0
0
0
0
0
0
0
0
0
0
0
0
0
0
0
0
0
0
0
0
0
0
0
0
0
0
0
0
0
0
0
0
0
0
0
0
0
0
0
0
0
0
0
0
0
0
0
0
0
0
0
0
0
0
0
0
0
0
0
0
0
0
0
0
0
0
0
0
0
0
0
0
0
0
0
0
0
0
0
0
0
0
0
0
0
0
0
0
0
0
0
0
0
0
0
0
0
0
0
0
0
0
0
0
0
0
0
0
0
0
0
0
0
0
0
0
0
0
0
0
0
0
0
0
0
0
0
0
0
0
0
0
0
0
0
0
0
0
0
0
0
0
0
0
0
0
0
0
0
0
0
0
0
0
0
0
0
0
0
0
0
0
0
0
0
0
0
0
0
0
0
0
0
0
0
0
0
0
0
0
0
0
0
0
0
0
0
0
0
0
0
0
0
0
0
0
0
0
0
0
0
0
0
0
0
0
0
0
0
0
0
0
0
0
0
0
0
0
0
0
0
0
0
0
0
0
0
0
0
0
0
0
0
0
0
0
0
0
0
0
0
0
0
0
0
0
0
0
0
0
0
0
0
0
0
0
0
0
0
0
0
0
0
0
0
0
0
0
0
0
0
0
0
0
0
0
0
0
0
0
0
0
0
0
0
0
0
0
0
0
0
0
0
0
0
0
0
0
0
0
0
0
0
0
0
0
0
0
0
0
0
0
0
0
0
0
0
0
0
0
0
0
0
0
0
0
0
0
0
0
0
0
0
0
0
0
0
0
0
0
0
0
0
0
0
0
0
0
0
0
0
0
0
0
0
0
0
0
0
0
0
0
0
0
0
0
0
0
0
0
0
0
0
0
0
0
0
0
0
0
0
0
0
0
0
0
0
0
0
0
0
0
0
0
0
0
0
0
0
0
0
0
0
0
0
0
0
0
0
0
0
0
0
0
0
0
0
0
0
0
0
0
0
0
0
0
0
0
0
0
0
0
0
0
0
0
0
0
0
0
0
0
0
0
0
0
0
0
0
0
0
0
0
0
0
0
0
0
0
0
0
0
0
0
0
0
0
0
0
0
0
0
0
0
0
0
0
0
0
0
0
0
0
0
0
0
0
0
0
0
0
0
0
0
0
0
0
0
0
0
0
0
0
0
0
0
0
0
0
0
0
0
0
0
0
0
0
0
0
0
0
0
0
0
0
0
0
0
0
0
0
0
0
0
0
0
0
0
0
0
0
0
0
0
0
0
0
0
0
0
0
0
0
0
0
0
0
0
0
0
0
0
0
0
0
0
0
0
0
0
0
0
0
0
0
0
0
0
0
0
0
0
0
0
0
0
0
0
0
0
0
0
0
0
0
0
0
0
0
0
0
0
0
0
0
0
0
0
0
0
0
0
0
0
0
0
0
0
0
0
0
0
0
0
0
0
0
0
0
0
0
0
0
0
0
0
0
0
0
0
0
0
0
0
0
0
0
0
0
0
0
0
0
0
0
0
0
0
0
0
0
0
0
0
0
0
0
0
0
0
0
0
0
0
0
0
0
0
0
0
0
0
0
0
0
0
0
0
0
0
0
0
0
0
0
0
0
0
0
0
0
0
0
0
0
0
0
0
0
0
0
0
0
0
0
0
0
0
0
0
0
0
0
0
0
0
0
0
0
0
0
0
0
0
0
0
0
0
0
0
0
0
0
0
0
0
0
0
0
0
0
0
0
0
0
0
0
0
0
0
0
0
0
0
0
0
0
0
0
0
0
0
0
0
0
0
0
0
0
0
0
0
0
0
0
0
0
0
0
0
0
0
0
0
0
0
0
0
0
0
0
0
0
0
0
0
0
0
0
0
0
0
0
0
0
0
0
0
0
0
0
0
0
0
0
0
0
0
0
0
0
0
0
0
0
0
0
0
0
0
0
0
0
0
0
0
0
0
0
0
0
0
0
0
0
0
0
0
0
0
0
0
0
0
0
0
0
0
0
0
0
0
0
0
0
0
0
0
0
0
0
0
0
0
0
0
0
0
0
0
0
0
0
0
0
0
0
0
0
0
0
0
0
0
0
0
0
0
0
0
0
0
0
0
0
0
0
0
0
0
0
0
0
0
0
0
0
0
0
0
0
0
0
0
0
0
0
0
0
0
0
0
0
0
0
0
0
0
0
0
0
0
0
0
0
0
0
0
0
0
0
0
0
0
0
0
0
0
0
0
0
0
0
0
0
0
0
0
0
0
0
0
0
0
0
0
0
0
0
0
0
0
0
0
0
0
0
0
0
0
0
0
0
0
0
0
0
0
0
0
0
0
0
0
0
0
0
0
0
0
0
0
0
0
0
0
0
0
0
0
0
0
0
0
0
0
0
0
0
0
0
0
0
0
0
0
0
0
0
0
0
0
0
0
0
0
0
0
0
0
0
0
0
0
0
0
0
0
0
0
0
0
0
0
0
0
0
0
0
0
0
0
0
0
0
0
0
0
0
0
0
0
0
0
0
0
0
0
0
0
0
0
0
0
0
0
0
0
0
0
0
0
0
0
0
0
0
0
0
0
0
0
0
0
0
0
0
0
0
0
0
0
0
0
0
0
0
0
0
0
0
0
0
0
0
0
0
0
0
0
0
0
0
0
0
0
0
0
0
0
0
0
0
0
0
0
0
0
0
0
0
0
0
0
0
0
0
0
0
0
0
0
0
0
0
0
0
0
0
0
0
0
0
0
0
0
0
0
0
0
0
0
0
0
0
0
0
0
0
0
0
0
0
0
0
0
0
0
0
0
0
0
0
0
0
0
0
0
0
0
0
0
0
0
0
0
0
0
0
0
0
0
0
0
0
0
0
0
0
0
0
0
0
0
0
0
0
0
0
0
0
0
0
0
0
0
0
0
0
0
0
0
0
0
0
0
0
0
0
0
0
0
0
0
0
0
0
0
0
0
0
0
0
0
0
0
0
0
0
0
0
0
0
0
0
0
0
0
0
0
0
0
0
0
0
0
0
0
0
0
0
0
0
0
0
0
0
0
0
0
0
0
0
0
0
0
0
0
0
0
0
0
0
0
0
0
0
0
0
0
0
0
0
0
0
0
0
0
0
0
0
0
0
0
0
0
0
0
0
0
0
0
0
0
0
0
0
0
0
0
0
0
0
0
0
0
0
0
0
0
0
0
0
0
0
0
0
0
0
0
0
0
0
0
0
0
0
0
0
0
0
0
0
0
0
0
0
0
0
0
0
0
0
0
0
0
0
0
0
0
0
0
0
0
0
0
0
0
0
0
0
0
0
0
0
0
0
0
0
0
0
0
0
0
0
0
0
0
0
0
0
0
0
0
0
0
0
0
0
0
0
0
0
0
0
0
0
0
0
0
0
0
0
0
0
0
0
0
0
0
0
0
0
0
0
0
0
0
0
0
0
0
0
0
0
0
0
0
0
0
0
0
0
0
0
0
0
0
0
0
0
0
0
0
0
0
0
0
0
0
