0
0
0
0
0
0
0
0
0
0
0
0
0
0
0
0
0
0
0
0
0
0
0
0
0
0
0
0
0
0
0
0
0
0
0
0
0
0
0
0
0
0
0
0
0
0
0
0
0
0
0
0
0
0
0
0
0
0
0
0
0
0
0
0
0
0
0
0
0
0
0
0
0
0
0
0
0
0
0
0
0
0
0
0
0
0
0
0
0
0
0
0
0
0
0
0
0
0
0
0
0
0
0
0
0
0
0
0
0
0
0
0
0
0
0
0
0
0
0
0
0
0
0
0
0
0
0
0
0
0
0
0
0
0
0
0
0
0
0
0
0
0
0
0
0
0
0
0
0
0
0
0
0
0
0
0
0
0
0
0
0
0
0
0
0
0
0
0
0
0
0
0
0
0
0
0
0
0
0
0
0
0
0
0
4088
4086
0
0
0
0
0
0
4092
4092
0
0
0
0
0
0
4091
4092
0
0
0
0
0
0
4088
4089
0
0
0
0
0
0
4090
4089
0
0
0
0
0
0
4091
4090
0
0
0
0
0
0
4090
4092
0
0
0
0
0
0
4089
4088
0
0
0
0
0
0
4089
4089
0
0
0
0
0
0
4090
4090
0
0
0
0
0
0
4091
4089
0
0
0
0
0
0
4089
4088
0
0
0
0
0
0
4093
4093
0
0
0
0
0
0
4087
4088
0
0
0
0
0
0
4087
4086
0
0
0
0
0
0
4090
4088
0
0
0
0
0
0
0
4095
0
0
0
0
0
0
4087
4090
0
0
0
0
0
0
4085
4083
0
0
0
0
0
0
4089
4087
0
0
0
0
0
0
5
4
0
0
0
0
0
0
4088
4091
0
0
0
0
0
0
4080
4080
0
0
0
0
0
0
4089
4086
0
0
0
0
0
0
6
4
0
0
0
0
0
0
4091
0
0
0
0
0
0
0
4077
4079
0
0
0
0
0
0
4086
4078
0
0
0
0
0
0
10
7
0
0
0
0
0
0
4
8
0
0
0
0
0
0
4066
4073
0
0
0
0
0
0
4082
4076
0
0
0
0
0
0
13
6
0
0
0
0
0
0
8
14
0
0
0
0
0
0
4070
4076
0
0
0
0
0
0
4066
4061
0
0
0
0
0
0
14
5
0
0
0
0
0
0
18
21
0
0
0
0
0
0
4071
4081
0
0
0
0
0
0
4057
4055
0
0
0
0
0
0
12
4093
0
0
0
0
0
0
28
29
0
0
0
0
0
0
4078
4091
0
0
0
0
0
0
4052
4052
0
0
0
0
0
0
2
4080
0
0
0
0
0
0
37
34
0
0
0
0
0
0
4084
5
0
0
0
0
0
0
4041
4044
0
0
0
0
0
0
4091
4073
0
0
0
0
0
0
46
38
0
0
0
0
0
0
2
20
0
0
0
0
0
0
4033
4041
0
0
0
0
0
0
4076
4058
0
0
0
0
0
0
52
38
0
0
0
0
0
0
16
35
0
0
0
0
0
0
4032
4050
0
0
0
0
0
0
4056
4038
0
0
0
0
0
0
51
32
0
0
0
0
0
0
40
55
0
0
0
0
0
0
4029
4052
0
0
0
0
0
0
4039
4026
0
0
0
0
0
0
46
19
0
0
0
0
0
0
58
71
0
0
0
0
0
0
4042
4071
0
0
0
0
0
0
4012
4004
0
0
0
0
0
0
36
4
0
0
0
0
0
0
79
85
0
0
0
0
0
0
4056
4092
0
0
0
0
0
0
3995
3994
0
0
0
0
0
0
17
4074
0
0
0
0
0
0
97
93
0
0
0
0
0
0
4079
23
0
0
0
0
0
0
3976
3986
0
0
0
0
0
0
4084
4045
0
0
0
0
0
0
113
96
0
0
0
0
0
0
10
48
0
0
0
0
0
0
3968
3989
0
0
0
0
0
0
4056
4016
0
0
0
0
0
0
120
91
0
0
0
0
0
0
44
81
0
0
0
0
0
0
3966
4000
0
0
0
0
0
0
4020
3984
0
0
0
0
0
0
113
73
0
0
0
0
0
0
84
115
0
0
0
0
0
0
3975
4020
0
0
0
0
0
0
3982
3956
0
0
0
0
0
0
98
45
0
0
0
0
0
0
118
141
0
0
0
0
0
0
3997
4053
0
0
0
0
0
0
3944
3930
0
0
0
0
0
0
75
13
0
0
0
0
0
0
156
165
0
0
0
0
0
0
4027
4093
0
0
0
0
0
0
3917
3916
0
0
0
0
0
0
35
4063
0
0
0
0
0
0
182
173
0
0
0
0
0
0
4070
43
0
0
0
0
0
0
3891
3908
0
0
0
0
0
0
4087
4019
0
0
0
0
0
0
199
173
0
0
0
0
0
0
25
95
0
0
0
0
0
0
3882
3918
0
0
0
0
0
0
4033
3965
0
0
0
0
0
0
205
155
0
0
0
0
0
0
83
147
0
0
0
0
0
0
3880
3936
0
0
0
0
0
0
3968
3909
0
0
0
0
0
0
197
131
0
0
0
0
0
0
144
197
0
0
0
0
0
0
3902
3977
0
0
0
0
0
0
3910
3866
0
0
0
0
0
0
169
84
0
0
0
0
0
0
199
233
0
0
0
0
0
0
3937
4029
0
0
0
0
0
0
3859
3834
0
0
0
0
0
0
121
24
0
0
0
0
0
0
249
262
0
0
0
0
0
0
3989
4093
0
0
0
0
0
0
3815
3813
0
0
0
0
0
0
57
4046
0
0
0
0
0
0
292
279
0
0
0
0
0
0
4059
69
0
0
0
0
0
0
3783
3811
0
0
0
0
0
0
4083
3974
0
0
0
0
0
0
307
267
0
0
0
0
0
0
44
150
0
0
0
0
0
0
3770
3826
0
0
0
0
0
0
3999
3897
0
0
0
0
0
0
317
243
0
0
0
0
0
0
126
224
0
0
0
0
0
0
3781
3864
0
0
0
0
0
0
3910
3822
0
0
0
0
0
0
290
192
0
0
0
0
0
0
213
291
0
0
0
0
0
0
3814
3926
0
0
0
0
0
0
3829
3762
0
0
0
0
0
0
244
122
0
0
0
0
0
0
296
347
0
0
0
0
0
0
3870
4003
0
0
0
0
0
0
3749
3714
0
0
0
0
0
0
177
35
0
0
0
0
0
0
363
381
0
0
0
0
0
0
3950
1
0
0
0
0
0
0
3687
3687
0
0
0
0
0
0
90
4034
0
0
0
0
0
0
415
397
0
0
0
0
0
0
4042
99
0
0
0
0
0
0
3654
3693
0
0
0
0
0
0
4080
3927
0
0
0
0
0
0
442
384
0
0
0
0
0
0
61
210
0
0
0
0
0
0
3637
3716
0
0
0
0
0
0
3966
3824
0
0
0
0
0
0
438
338
0
0
0
0
0
0
181
314
0
0
0
0
0
0
3655
3773
0
0
0
0
0
0
3844
3723
0
0
0
0
0
0
404
269
0
0
0
0
0
0
297
404
0
0
0
0
0
0
3707
3860
0
0
0
0
0
0
3731
3640
0
0
0
0
0
0
337
170
0
0
0
0
0
0
409
478
0
0
0
0
0
0
3786
3969
0
0
0
0
0
0
3634
3582
0
0
0
0
0
0
239
47
0
0
0
0
0
0
497
523
0
0
0
0
0
0
3897
1
0
0
0
0
0
0
3555
3552
0
0
0
0
0
0
119
4012
0
0
0
0
0
0
555
532
0
0
0
0
0
0
4032
139
0
0
0
0
0
0
3506
3558
0
0
0
0
0
0
4077
3874
0
0
0
0
0
0
585
506
0
0
0
0
0
0
81
279
0
0
0
0
0
0
3499
3605
0
0
0
0
0
0
3924
3736
0
0
0
0
0
0
578
448
0
0
0
0
0
0
237
412
0
0
0
0
0
0
3524
3678
0
0
0
0
0
0
3768
3610
0
0
0
0
0
0
530
351
0
0
0
0
0
0
389
527
0
0
0
0
0
0
3594
3793
0
0
0
0
0
0
3624
3507
0
0
0
0
0
0
441
222
0
0
0
0
0
0
523
615
0
0
0
0
0
0
3703
3934
0
0
0
0
0
0
3496
3433
0
0
0
0
0
0
311
66
0
0
0
0
0
0
637
669
0
0
0
0
0
0
3844
4
0
0
0
0
0
0
3409
3406
0
0
0
0
0
0
155
3991
0
0
0
0
0
0
714
683
0
0
0
0
0
0
4013
175
0
0
0
0
0
0
3349
3414
0
0
0
0
0
0
4074
3817
0
0
0
0
0
0
744
645
0
0
0
0
0
0
107
355
0
0
0
0
0
0
3336
3469
0
0
0
0
0
0
3882
3645
0
0
0
0
0
0
729
563
0
0
0
0
0
0
300
521
0
0
0
0
0
0
3380
3572
0
0
0
0
0
0
3685
3487
0
0
0
0
0
0
667
442
0
0
0
0
0
0
483
658
0
0
0
0
0
0
3472
3718
0
0
0
0
0
0
3507
3362
0
0
0
0
0
0
550
279
0
0
0
0
0
0
650
763
0
0
0
0
0
0
3608
3898
0
0
0
0
0
0
3362
3282
0
0
0
0
0
0
388
84
0
0
0
0
0
0
787
828
0
0
0
0
0
0
3787
4
0
0
0
0
0
0
3246
3243
0
0
0
0
0
0
189
3967
0
0
0
0
0
0
873
833
0
0
0
0
0
0
3999
221
0
0
0
0
0
0
3183
3261
0
0
0
0
0
0
4068
3756
0
0
0
0
0
0
913
790
0
0
0
0
0
0
127
431
0
0
0
0
0
0
3180
3339
0
0
0
0
0
0
3833
3545
0
0
0
0
0
0
888
688
0
0
0
0
0
0
365
632
0
0
0
0
0
0
3230
3466
0
0
0
0
0
0
3602
3360
0
0
0
0
0
0
804
535
0
0
0
0
0
0
589
798
0
0
0
0
0
0
3340
3640
0
0
0
0
0
0
3393
3220
0
0
0
0
0
0
663
336
0
0
0
0
0
0
781
919
0
0
0
0
0
0
3518
3868
0
0
0
0
0
0
3213
3116
0
0
0
0
0
0
462
99
0
0
0
0
0
0
944
990
0
0
0
0
0
0
3732
10
0
0
0
0
0
0
3079
3076
0
0
0
0
0
0
232
3949
0
0
0
0
0
0
1045
998
0
0
0
0
0
0
3979
262
0
0
0
0
0
0
3013
3106
0
0
0
0
0
0
4063
3693
0
0
0
0
0
0
1083
942
0
0
0
0
0
0
157
515
0
0
0
0
0
0
3007
3197
0
0
0
0
0
0
3786
3446
0
0
0
0
0
0
1049
814
0
0
0
0
0
0
431
747
0
0
0
0
0
0
3077
3353
0
0
0
0
0
0
3515
3232
0
0
0
0
0
0
948
630
0
0
0
0
0
0
693
939
0
0
0
0
0
0
3215
3565
0
0
0
0
0
0
3271
3067
0
0
0
0
0
0
775
392
0
0
0
0
0
0
916
1075
0
0
0
0
0
0
3420
3826
0
0
0
0
0
0
3067
2956
0
0
0
0
0
0
548
125
0
0
0
0
0
0
1100
1156
0
0
0
0
0
0
3668
8
0
0
0
0
0
0
2921
2919
0
0
0
0
0
0
268
3922
0
0
0
0
0
0
1210
1156
0
0
0
0
0
0
3964
308
0
0
0
0
0
0
2843
2952
0
0
0
0
0
0
4056
3626
0
0
0
0
0
0
1254
1091
0
0
0
0
0
0
184
597
0
0
0
0
0
0
2841
3060
0
0
0
0
0
0
3741
3348
0
0
0
0
0
0
1211
941
0
0
0
0
0
0
498
859
0
0
0
0
0
0
2924
3243
0
0
0
0
0
0
3430
3105
0
0
0
0
0
0
1085
723
0
0
0
0
0
0
796
1077
0
0
0
0
0
0
3082
3484
0
0
0
0
0
0
3150
2916
0
0
0
0
0
0
890
452
0
0
0
0
0
0
1052
1234
0
0
0
0
0
0
3316
3779
0
0
0
0
0
0
2920
2794
0
0
0
0
0
0
622
139
0
0
0
0
0
0
1257
1321
0
0
0
0
0
0
3610
9
0
0
0
0
0
0
2756
2754
0
0
0
0
0
0
311
3905
0
0
0
0
0
0
1376
1314
0
0
0
0
0
0
3943
346
0
0
0
0
0
0
2675
2799
0
0
0
0
0
0
4054
3566
0
0
0
0
0
0
1417
1229
0
0
0
0
0
0
206
673
0
0
0
0
0
0
2678
2927
0
0
0
0
0
0
3699
3254
0
0
0
0
0
0
1365
1061
0
0
0
0
0
0
567
972
0
0
0
0
0
0
2773
3131
0
0
0
0
0
0
3346
2981
0
0
0
0
0
0
1224
814
0
0
0
0
0
0
895
1211
0
0
0
0
0
0
2960
3412
0
0
0
0
0
0
3037
2775
0
0
0
0
0
0
998
507
0
0
0
0
0
0
1182
1384
0
0
0
0
0
0
3223
3742
0
0
0
0
0
0
2785
2646
0
0
0
0
0
0
698
158
0
0
0
0
0
0
1404
1477
0
0
0
0
0
0
3555
11
0
0
0
0
0
0
2604
2601
0
0
0
0
0
0
344
3882
0
0
0
0
0
0
1539
1470
0
0
0
0
0
0
3929
387
0
0
0
0
0
0
2515
2653
0
0
0
0
0
0
4051
3510
0
0
0
0
0
0
1577
1370
0
0
0
0
0
0
233
754
0
0
0
0
0
0
2525
2798
0
0
0
0
0
0
3652
3162
0
0
0
0
0
0
1515
1177
0
0
0
0
0
0
626
1077
0
0
0
0
0
0
2635
3030
0
0
0
0
0
0
3267
2863
0
0
0
0
0
0
1356
903
0
0
0
0
0
0
990
1341
0
0
0
0
0
0
2844
3343
0
0
0
0
0
0
2926
2637
0
0
0
0
0
0
1101
564
0
0
0
0
0
0
1304
1527
0
0
0
0
0
0
3139
3711
0
0
0
0
0
0
2649
2497
0
0
0
0
0
0
768
174
0
0
0
0
0
0
1542
1619
0
0
0
0
0
0
3503
14
0
0
0
0
0
0
2459
2456
0
0
0
0
0
0
374
3859
0
0
0
0
0
0
1688
1613
0
0
0
0
0
0
3914
423
0
0
0
0
0
0
2365
2517
0
0
0
0
0
0
4051
3459
0
0
0
0
0
0
1720
1492
0
0
0
0
0
0
251
820
0
0
0
0
0
0
2379
2678
0
0
0
0
0
0
3614
3080
0
0
0
0
0
0
1650
1281
0
0
0
0
0
0
681
1171
0
0
0
0
0
0
2506
2939
0
0
0
0
0
0
3198
2758
0
0
0
0
0
0
1474
982
0
0
0
0
0
0
1074
1452
0
0
0
0
0
0
2737
3278
0
0
0
0
0
0
2827
2514
0
0
0
0
0
0
1194
610
0
0
0
0
0
0
1414
1655
0
0
0
0
0
0
3059
3677
0
0
0
0
0
0
2534
2368
0
0
0
0
0
0
830
186
0
0
0
0
0
0
1663
1748
0
0
0
0
0
0
3456
17
0
0
0
0
0
0
2331
2328
0
0
0
0
0
0
404
3840
0
0
0
0
0
0
1818
1738
0
0
0
0
0
0
3900
457
0
0
0
0
0
0
2231
2394
0
0
0
0
0
0
4043
3407
0
0
0
0
0
0
1855
1610
0
0
0
0
0
0
268
878
0
0
0
0
0
0
2258
2579
0
0
0
0
0
0
3575
3003
0
0
0
0
0
0
1774
1379
0
0
0
0
0
0
731
1256
0
0
0
0
0
0
2394
2858
0
0
0
0
0
0
3132
2661
0
0
0
0
0
0
1576
1052
0
0
0
0
0
0
1156
1560
0
0
0
0
0
0
2641
3221
0
0
0
0
0
0
2746
2411
0
0
0
0
0
0
1274
650
0
0
0
0
0
0
1509
1767
0
0
0
0
0
0
2990
3648
0
0
0
0
0
0
2428
2254
0
0
0
0
0
0
891
205
0
0
0
0
0
0
1771
1859
0
0
0
0
0
0
3411
15
0
0
0
0
0
0
2221
2217
0
0
0
0
0
0
429
3824
0
0
0
0
0
0
1929
1845
0
0
0
0
0
0
3892
488
0
0
0
0
0
0
2117
2290
0
0
0
0
0
0
4043
3370
0
0
0
0
0
0
1963
1705
0
0
0
0
0
0
290
934
0
0
0
0
0
0
2146
2488
0
0
0
0
0
0
3551
2944
0
0
0
0
0
0
1871
1451
0
0
0
0
0
0
776
1331
0
0
0
0
0
0
2298
2786
0
0
0
0
0
0
3080
2585
0
0
0
0
0
0
1664
1108
0
0
0
0
0
0
1213
1641
0
0
0
0
0
0
2567
3177
0
0
0
0
0
0
2674
2322
0
0
0
0
0
0
1344
687
0
0
0
0
0
0
1589
1860
0
0
0
0
0
0
2934
3628
0
0
0
0
0
0
2346
2160
0
0
0
0
0
0
935
216
0
0
0
0
0
0
1859
1954
0
0
0
0
0
0
3381
17
0
0
0
0
0
0
2124
2122
0
0
0
0
0
0
457
3819
0
0
0
0
0
0
2020
1930
0
0
0
0
0
0
3879
509
0
0
0
0
0
0
2028
2210
0
0
0
0
0
0
4038
3332
0
0
0
0
0
0
2054
1785
0
0
0
0
0
0
305
979
0
0
0
0
0
0
2059
2415
0
0
0
0
0
0
3526
2895
0
0
0
0
0
0
1958
1520
0
0
0
0
0
0
806
1387
0
0
0
0
0
0
2225
2736
0
0
0
0
0
0
3036
2519
0
0
0
0
0
0
1732
1154
0
0
0
0
0
0
1262
1706
0
0
0
0
0
0
2505
3139
0
0
0
0
0
0
2614
2247
0
0
0
0
0
0
1397
715
0
0
0
0
0
0
1647
1927
0
0
0
0
0
0
2891
3609
0
0
0
0
0
0
2280
2087
0
0
0
0
0
0
964
221
0
0
0
0
0
0
1932
2029
0
0
0
0
0
0
3355
18
0
0
0
0
0
0
2060
2056
0
0
0
0
0
0
469
3806
0
0
0
0
0
0
2094
2001
0
0
0
0
0
0
3875
528
0
0
0
0
0
0
1959
2146
0
0
0
0
0
0
4036
3307
0
0
0
0
0
0
2121
1840
0
0
0
0
0
0
314
1012
0
0
0
0
0
0
2000
2366
0
0
0
0
0
0
3506
2855
0
0
0
0
0
0
2015
1566
0
0
0
0
0
0
828
1425
0
0
0
0
0
0
2169
2695
0
0
0
0
0
0
3008
2478
0
0
0
0
0
0
1784
1189
0
0
0
0
0
0
1294
1751
0
0
0
0
0
0
2466
3119
0
0
0
0
0
0
2578
2201
0
0
0
0
0
0
1429
730
0
0
0
0
0
0
1688
1976
0
0
0
0
0
0
2862
3600
0
0
0
0
0
0
2235
2040
0
0
0
0
0
0
987
225
0
0
0
0
0
0
1976
2077
0
0
0
0
0
0
3340
18
0
0
0
0
0
0
2010
2008
0
0
0
0
0
0
479
3799
0
0
0
0
0
0
2136
2041
0
0
0
0
0
0
3868
537
0
0
0
0
0
0
1917
2109
0
0
0
0
0
0
4037
3293
0
0
0
0
0
0
2160
1875
0
0
0
0
0
0
314
1021
0
0
0
0
0
0
1961
2334
0
0
0
0
0
0
3495
2833
0
0
0
0
0
0
2053
1595
0
0
0
0
0
0
841
1446
0
0
0
0
0
0
2138
2672
0
0
0
0
0
0
2993
2453
0
0
0
0
0
0
1803
1203
0
0
0
0
0
0
1322
1783
0
0
0
0
0
0
2438
3100
0
0
0
0
0
0
2555
2175
0
0
0
0
0
0
1450
742
0
0
0
0
0
0
1708
2000
0
0
0
0
0
0
2848
3594
0
0
0
0
0
0
2215
2015
0
0
0
0
0
0
998
228
0
0
0
0
0
0
1995
2096
0
0
0
0
0
0
3330
16
0
0
0
0
0
0
1994
1992
0
0
0
0
0
0
484
3798
0
0
0
0
0
0
2149
2053
0
0
0
0
0
0
3871
545
0
0
0
0
0
0
1901
2093
0
0
0
0
0
0
4037
3291
0
0
0
0
0
0
2177
1891
0
0
0
0
0
0
322
1035
0
0
0
0
0
0
1951
2325
0
0
0
0
0
0
3494
2828
0
0
0
0
0
0
2058
1599
0
0
0
0
0
0
844
1452
0
0
0
0
0
0
2133
2668
0
0
0
0
0
0
2988
2448
0
0
0
0
0
0
1812
1207
0
0
0
0
0
0
1317
1782
0
0
0
0
0
0
2440
3100
0
0
0
0
0
0
2551
2173
0
0
0
0
0
0
1455
746
0
0
0
0
0
0
1707
1997
0
0
0
0
0
0
2847
3593
0
0
0
0
0
0
2215
2018
0
0
0
0
0
0
1002
232
0
0
0
0
0
0
1989
2091
0
0
0
0
0
0
3334
18
0
0
0
0
0
0
1994
1993
0
0
0
0
0
0
485
3800
0
0
0
0
0
0
2142
2047
0
0
0
0
0
0
3873
544
0
0
0
0
0
0
1908
2098
0
0
0
0
0
0
4036
3294
0
0
0
0
0
0
2159
1873
0
0
0
0
0
0
318
1024
0
0
0
0
0
0
1966
2341
0
0
0
0
0
0
3502
2840
0
0
0
0
0
0
2037
1582
0
0
0
0
0
0
841
1445
0
0
0
0
0
0
2150
2679
0
0
0
0
0
0
2994
2460
0
0
0
0
0
0
1797
1200
0
0
0
0
0
0
1309
1765
0
0
0
0
0
0
2453
3107
0
0
0
0
0
0
2572
2197
0
0
0
0
0
0
1438
736
0
0
0
0
0
0
1683
1971
0
0
0
0
0
0
2865
3600
0
0
0
0
0
0
2244
2048
0
0
0
0
0
0
984
227
0
0
0
0
0
0
1961
2059
0
0
0
0
0
0
3343
18
0
0
0
0
0
0
2034
2030
0
0
0
0
0
0
472
3801
0
0
0
0
0
0
2111
2016
0
0
0
0
0
0
3871
529
0
0
0
0
0
0
1950
2139
0
0
0
0
0
0
4037
3308
0
0
0
0
0
0
2124
1845
0
0
0
0
0
0
310
1004
0
0
0
0
0
0
2004
2370
0
0
0
0
0
0
3512
2864
0
0
0
0
0
0
1999
1555
0
0
0
0
0
0
826
1414
0
0
0
0
0
0
2187
2707
0
0
0
0
0
0
3023
2502
0
0
0
0
0
0
1755
1170
0
0
0
0
0
0
1277
1725
0
0
0
0
0
0
2495
3132
0
0
0
0
0
0
2605
2239
0
0
0
0
0
0
1399
717
0
0
0
0
0
0
1647
1926
0
0
0
0
0
0
2895
3611
0
0
0
0
0
0
2288
2097
0
0
0
0
0
0
957
218
0
0
0
0
0
0
1910
2005
0
0
0
0
0
0
3363
15
0
0
0
0
0
0
2092
2089
0
0
0
0
0
0
461
3812
0
0
0
0
0
0
2049
1957
0
0
0
0
0
0
3879
513
0
0
0
0
0
0
2013
2195
0
0
0
0
0
0
4038
3330
0
0
0
0
0
0
2060
1788
0
0
0
0
0
0
301
974
0
0
0
0
0
0
2071
2426
0
0
0
0
0
0
3530
2904
0
0
0
0
0
0
1933
1500
0
0
0
0
0
0
794
1365
0
0
0
0
0
0
2255
2758
0
0
0
0
0
0
3057
2552
0
0
0
0
0
0
1692
1127
0
0
0
0
0
0
1232
1663
0
0
0
0
0
0
2552
3170
0
0
0
0
0
0
2665
2310
0
0
0
0
0
0
1345
686
0
0
0
0
0
0
1586
1856
0
0
0
0
0
0
2940
3630
0
0
0
0
0
0
2362
2178
0
0
0
0
0
0
920
210
0
0
0
0
0
0
1835
1926
0
0
0
0
0
0
3392
15
0
0
0
0
0
0
2174
2172
0
0
0
0
0
0
440
3820
0
0
0
0
0
0
1967
1880
0
0
0
0
0
0
3889
494
0
0
0
0
0
0
2098
2276
0
0
0
0
0
0
4046
3369
0
0
0
0
0
0
1965
1704
0
0
0
0
0
0
287
931
0
0
0
0
0
0
2164
2502
0
0
0
0
0
0
3551
2954
0
0
0
0
0
0
1849
1437
0
0
0
0
0
0
758
1301
0
0
0
0
0
0
2338
2817
0
0
0
0
0
0
3107
2626
0
0
0
0
0
0
1612
1073
0
0
0
0
0
0
1172
1583
0
0
0
0
0
0
2626
3213
0
0
0
0
0
0
2731
2395
0
0
0
0
0
0
1277
653
0
0
0
0
0
0
1513
1768
0
0
0
0
0
0
2996
3650
0
0
0
0
0
0
2448
2275
0
0
0
0
0
0
873
199
0
0
0
0
0
0
1741
1828
0
0
0
0
0
0
3435
19
0
0
0
0
0
0
2272
2269
0
0
0
0
0
0
417
3836
0
0
0
0
0
0
1860
1777
0
0
0
0
0
0
3902
468
0
0
0
0
0
0
2206
2373
0
0
0
0
0
0
4044
3405
0
0
0
0
0
0
1859
1614
0
0
0
0
0
0
270
875
0
0
0
0
0
0
2268
2587
0
0
0
0
0
0
3584
3022
0
0
0
0
0
0
1739
1349
0
0
0
0
0
0
712
1224
0
0
0
0
0
0
2442
2892
0
0
0
0
0
0
3163
2713
0
0
0
0
0
0
1515
1008
0
0
0
0
0
0
1100
1485
0
0
0
0
0
0
2712
3264
0
0
0
0
0
0
2818
2503
0
0
0
0
0
0
1199
613
0
0
0
0
0
0
1409
1650
0
0
0
0
0
0
3068
3681
0
0
0
0
0
0
2550
2389
0
0
0
0
0
0
817
187
0
0
0
0
0
0
1625
1707
0
0
0
0
0
0
3476
15
0
0
0
0
0
0
2392
2387
0
0
0
0
0
0
384
3851
0
0
0
0
0
0
1734
1657
0
0
0
0
0
0
3910
432
0
0
0
0
0
0
2340
2493
0
0
0
0
0
0
4044
3449
0
0
0
0
0
0
1725
1498
0
0
0
0
0
0
253
814
0
0
0
0
0
0
2399
2696
0
0
0
0
0
0
3623
3100
0
0
0
0
0
0
1612
1251
0
0
0
0
0
0
662
1137
0
0
0
0
0
0
2566
2981
0
0
0
0
0
0
3229
2812
0
0
0
0
0
0
1405
938
0
0
0
0
0
0
1019
1373
0
0
0
0
0
0
2816
3326
0
0
0
0
0
0
2913
2624
0
0
0
0
0
0
1107
565
0
0
0
0
0
0
1303
1523
0
0
0
0
0
0
3144
3709
0
0
0
0
0
0
2675
2525
0
0
0
0
0
0
751
171
0
0
0
0
0
0
1497
1572
0
0
0
0
0
0
3523
9
0
0
0
0
0
0
2529
2529
0
0
0
0
0
0
358
3872
0
0
0
0
0
0
1590
1519
0
0
0
0
0
0
3927
398
0
0
0
0
0
0
2484
2624
0
0
0
0
0
0
4049
3506
0
0
0
0
0
0
1583
1373
0
0
0
0
0
0
230
747
0
0
0
0
0
0
2545
2817
0
0
0
0
0
0
3664
3186
0
0
0
0
0
0
1472
1142
0
0
0
0
0
0
600
1034
0
0
0
0
0
0
2700
3081
0
0
0
0
0
0
3308
2927
0
0
0
0
0
0
1278
851
0
0
0
0
0
0
929
1253
0
0
0
0
0
0
2935
3397
0
0
0
0
0
0
3017
2754
0
0
0
0
0
0
1006
513
0
0
0
0
0
0
1180
1381
0
0
0
0
0
0
3233
3746
0
0
0
0
0
0
2803
2669
0
0
0
0
0
0
682
157
0
0
0
0
0
0
1356
1422
0
0
0
0
0
0
3577
9
0
0
0
0
0
0
2679
2678
0
0
0
0
0
0
321
3893
0
0
0
0
0
0
1437
1373
0
0
0
0
0
0
3942
356
0
0
0
0
0
0
2640
2767
0
0
0
0
0
0
4054
3562
0
0
0
0
0
0
1424
1237
0
0
0
0
0
0
207
669
0
0
0
0
0
0
2699
2945
0
0
0
0
0
0
3706
3276
0
0
0
0
0
0
1320
1025
0
0
0
0
0
0
536
925
0
0
0
0
0
0
2845
3186
0
0
0
0
0
0
3390
3047
0
0
0
0
0
0
1140
760
0
0
0
0
0
0
831
1121
0
0
0
0
0
0
3055
3469
0
0
0
0
0
0
3131
2897
0
0
0
0
0
0
895
454
0
0
0
0
0
0
1049
1230
0
0
0
0
0
0
3326
3782
0
0
0
0
0
0
2942
2822
0
0
0
0
0
0
605
137
0
0
0
0
0
0
1202
1262
0
0
0
0
0
0
3635
8
0
0
0
0
0
0
2837
2837
0
0
0
0
0
0
285
3916
0
0
0
0
0
0
1273
1215
0
0
0
0
0
0
3960
316
0
0
0
0
0
0
2809
2921
0
0
0
0
0
0
4058
3625
0
0
0
0
0
0
1256
1090
0
0
0
0
0
0
185
594
0
0
0
0
0
0
2863
3076
0
0
0
0
0
0
3749
3372
0
0
0
0
0
0
1166
904
0
0
0
0
0
0
471
814
0
0
0
0
0
0
2994
3295
0
0
0
0
0
0
3473
3172
0
0
0
0
0
0
1003
668
0
0
0
0
0
0
729
983
0
0
0
0
0
0
3183
3545
0
0
0
0
0
0
3254
3049
0
0
0
0
0
0
788
401
0
0
0
0
0
0
918
1075
0
0
0
0
0
0
3423
3821
0
0
0
0
0
0
3091
2988
0
0
0
0
0
0
529
120
0
0
0
0
0
0
1045
1097
0
0
0
0
0
0
3695
6
0
0
0
0
0
0
3000
2999
0
0
0
0
0
0
248
3941
0
0
0
0
0
0
1102
1053
0
0
0
0
0
0
3978
273
0
0
0
0
0
0
2975
3074
0
0
0
0
0
0
4066
3690
0
0
0
0
0
0
1089
945
0
0
0
0
0
0
153
506
0
0
0
0
0
0
3030
3215
0
0
0
0
0
0
3797
3471
0
0
0
0
0
0
999
774
0
0
0
0
0
0
407
701
0
0
0
0
0
0
3146
3404
0
0
0
0
0
0
3559
3301
0
0
0
0
0
0
862
574
0
0
0
0
0
0
620
838
0
0
0
0
0
0
3312
3622
0
0
0
0
0
0
3374
3198
0
0
0
0
0
0
671
341
0
0
0
0
0
0
783
916
0
0
0
0
0
0
3522
3863
0
0
0
0
0
0
3234
3146
0
0
0
0
0
0
446
99
0
0
0
0
0
0
892
936
0
0
0
0
0
0
3755
5
0
0
0
0
0
0
3163
3162
0
0
0
0
0
0
207
3960
0
0
0
0
0
0
935
893
0
0
0
0
0
0
3994
229
0
0
0
0
0
0
3150
3235
0
0
0
0
0
0
4069
3751
0
0
0
0
0
0
911
790
0
0
0
0
0
0
132
431
0
0
0
0
0
0
3201
3357
0
0
0
0
0
0
3843
3568
0
0
0
0
0
0
842
653
0
0
0
0
0
0
341
587
0
0
0
0
0
0
3297
3513
0
0
0
0
0
0
3645
3429
0
0
0
0
0
0
720
480
0
0
0
0
0
0
517
698
0
0
0
0
0
0
3441
3701
0
0
0
0
0
0
3492
3347
0
0
0
0
0
0
557
284
0
0
0
0
0
0
651
761
0
0
0
0
0
0
3618
3901
0
0
0
0
0
0
3380
3306
0
0
0
0
0
0
370
82
0
0
0
0
0
0
737
772
0
0
0
0
0
0
3810
1
0
0
0
0
0
0
3326
3326
0
0
0
0
0
0
170
3985
0
0
0
0
0
0
772
737
0
0
0
0
0
0
4009
187
0
0
0
0
0
0
3320
3387
0
0
0
0
0
0
4069
3810
0
0
0
0
0
0
750
652
0
0
0
0
0
0
107
350
0
0
0
0
0
0
3357
3488
0
0
0
0
0
0
3892
3667
0
0
0
0
0
0
679
526
0
0
0
0
0
0
279
479
0
0
0
0
0
0
3446
3622
0
0
0
0
0
0
3729
3553
0
0
0
0
0
0
582
387
0
0
0
0
0
0
417
564
0
0
0
0
0
0
3569
3780
0
0
0
0
0
0
3607
3487
0
0
0
0
0
0
444
225
0
0
0
0
0
0
525
614
0
0
0
0
0
0
3708
3936
0
0
0
0
0
0
3522
3462
0
0
0
0
0
0
295
64
0
0
0
0
0
0
587
617
0
0
0
0
0
0
3867
0
0
0
0
0
0
0
3481
3480
0
0
0
0
0
0
133
4005
0
0
0
0
0
0
610
581
0
0
0
0
0
0
4028
149
0
0
0
0
0
0
3480
3533
0
0
0
0
0
0
4075
3869
0
0
0
0
0
0
590
510
0
0
0
0
0
0
80
272
0
0
0
0
0
0
3517
3617
0
0
0
0
0
0
3932
3758
0
0
0
0
0
0
535
414
0
0
0
0
0
0
213
369
0
0
0
0
0
0
3586
3724
0
0
0
0
0
0
3809
3673
0
0
0
0
0
0
454
302
0
0
0
0
0
0
322
437
0
0
0
0
0
0
3680
3844
0
0
0
0
0
0
3716
3625
0
0
0
0
0
0
347
176
0
0
0
0
0
0
404
472
0
0
0
0
0
0
3794
3970
0
0
0
0
0
0
3654
3608
0
0
0
0
0
0
225
48
0
0
0
0
0
0
452
473
0
0
0
0
0
0
3920
4094
0
0
0
0
0
0
3622
3623
0
0
0
0
0
0
101
4024
0
0
0
0
0
0
460
440
0
0
0
0
0
0
4049
116
0
0
0
0
0
0
3624
3664
0
0
0
0
0
0
4077
3922
0
0
0
0
0
0
448
387
0
0
0
0
0
0
61
205
0
0
0
0
0
0
3657
3732
0
0
0
0
0
0
3973
3843
0
0
0
0
0
0
399
307
0
0
0
0
0
0
159
277
0
0
0
0
0
0
3717
3818
0
0
0
0
0
0
3874
3774
0
0
0
0
0
0
337
224
0
0
0
0
0
0
236
321
0
0
0
0
0
0
3787
3907
0
0
0
0
0
0
3814
3747
0
0
0
0
0
0
253
127
0
0
0
0
0
0
293
342
0
0
0
0
0
0
3875
4004
0
0
0
0
0
0
3773
3740
0
0
0
0
0
0
161
33
0
0
0
0
0
0
322
340
0
0
0
0
0
0
3967
4092
0
0
0
0
0
0
3752
3753
0
0
0
0
0
0
73
4047
0
0
0
0
0
0
331
315
0
0
0
0
0
0
4056
77
0
0
0
0
0
0
3758
3788
0
0
0
0
0
0
4080
3969
0
0
0
0
0
0
315
272
0
0
0
0
0
0
39
142
0
0
0
0
0
0
3784
3838
0
0
0
0
0
0
4006
3913
0
0
0
0
0
0
278
216
0
0
0
0
0
0
115
195
0
0
0
0
0
0
3826
3898
0
0
0
0
0
0
3945
3876
0
0
0
0
0
0
232
152
0
0
0
0
0
0
161
219
0
0
0
0
0
0
3884
3967
0
0
0
0
0
0
3901
3856
0
0
0
0
0
0
172
86
0
0
0
0
0
0
199
232
0
0
0
0
0
0
3944
4031
0
0
0
0
0
0
3875
3852
0
0
0
0
0
0
107
20
0
0
0
0
0
0
215
225
0
0
0
0
0
0
4008
4093
0
0
0
0
0
0
3864
3864
0
0
0
0
0
0
44
4057
0
0
0
0
0
0
218
209
0
0
0
0
0
0
4068
48
0
0
0
0
0
0
3873
3894
0
0
0
0
0
0
4087
4014
0
0
0
0
0
0
206
176
0
0
0
0
0
0
20
87
0
0
0
0
0
0
3895
3930
0
0
0
0
0
0
4035
3975
0
0
0
0
0
0
177
135
0
0
0
0
0
0
68
120
0
0
0
0
0
0
3925
3969
0
0
0
0
0
0
3997
3954
0
0
0
0
0
0
145
95
0
0
0
0
0
0
99
135
0
0
0
0
0
0
3964
4016
0
0
0
0
0
0
3970
3941
0
0
0
0
0
0
104
52
0
0
0
0
0
0
119
139
0
0
0
0
0
0
3999
4051
0
0
0
0
0
0
3959
3947
0
0
0
0
0
0
64
10
0
0
0
0
0
0
126
133
0
0
0
0
0
0
4040
4091
0
0
0
0
0
0
3956
3955
0
0
0
0
0
0
20
4070
0
0
0
0
0
0
128
120
0
0
0
0
0
0
4078
27
0
0
0
0
0
0
3961
3971
0
0
0
0
0
0
4087
4045
0
0
0
0
0
0
117
100
0
0
0
0
0
0
10
48
0
0
0
0
0
0
3973
3992
0
0
0
0
0
0
4058
4025
0
0
0
0
0
0
96
74
0
0
0
0
0
0
32
61
0
0
0
0
0
0
3999
4024
0
0
0
0
0
0
4038
4015
0
0
0
0
0
0
74
46
0
0
0
0
0
0
50
70
0
0
0
0
0
0
4023
4048
0
0
0
0
0
0
4028
4013
0
0
0
0
0
0
51
25
0
0
0
0
0
0
56
67
0
0
0
0
0
0
4042
4070
0
0
0
0
0
0
4026
4018
0
0
0
0
0
0
26
4094
0
0
0
0
0
0
59
63
0
0
0
0
0
0
4066
4092
0
0
0
0
0
0
4025
4025
0
0
0
0
0
0
10
4083
0
0
0
0
0
0
58
53
0
0
0
0
0
0
4082
7
0
0
0
0
0
0
4034
4040
0
0
0
0
0
0
4088
4066
0
0
0
0
0
0
45
40
0
0
0
0
0
0
3
19
0
0
0
0
0
0
4042
4050
0
0
0
0
0
0
4075
4060
0
0
0
0
0
0
41
30
0
0
0
0
0
0
8
19
0
0
0
0
0
0
4054
4063
0
0
0
0
0
0
4070
4060
0
0
0
0
0
0
25
16
0
0
0
0
0
0
19
25
0
0
0
0
0
0
4059
4069
0
0
0
0
0
0
4066
4061
0
0
0
0
0
0
16
4
0
0
0
0
0
0
14
20
0
0
0
0
0
0
4077
4084
0
0
0
0
0
0
4063
4060
0
0
0
0
0
0
6
4093
0
0
0
0
0
0
16
15
0
0
0
0
0
0
4081
4089
0
0
0
0
0
0
4073
4073
0
0
0
0
0
0
4091
4085
0
0
0
0
0
0
14
13
0
0
0
0
0
0
4090
4094
0
0
0
0
0
0
4071
4073
0
0
0
0
0
0
4090
4085
0
0
0
0
0
0
6
4
0
0
0
0
0
0
4091
4095
0
0
0
0
0
0
4080
4082
0
0
0
0
0
0
4089
4084
0
0
0
0
0
0
0
4094
0
0
0
0
0
0
4095
2
0
0
0
0
0
0
4081
4083
0
0
0
0
0
0
4085
4083
0
0
0
0
0
0
3
4095
0
0
0
0
0
0
4091
4092
0
0
0
0
0
0
4086
4087
0
0
0
0
0
0
4086
4086
0
0
0
0
0
0
4093
4091
0
0
0
0
0
0
4092
4091
0
0
0
0
0
0
4089
4088
0
0
0
0
0
0
4089
4090
0
0
0
0
0
0
4091
4091
0
0
0
0
0
0
4088
4087
0
0
0
0
0
0
4087
4088
0
0
0
0
0
0
1
4095
0
0
0
0
0
0
4087
4087
0
0
0
0
0
0
4090
4090
0
0
0
0
0
0
4091
4090
0
0
0
0
0
0
4091
4091
0
0
0
0
0
0
4092
4092
0
0
0
0
0
0
4088
4088
0
0
0
0
0
0
1
2
0
0
0
0
0
0
0
0
0
0
0
0
0
0
4094
4095
0
0
0
0
0
0
0
0
0
0
0
0
0
0
4095
4095
0
0
0
0
0
0
4095
0
0
0
0
0
0
0
0
0
0
0
0
0
0
0
4095
4095
0
0
0
0
0
0
0
0
0
0
0
0
0
0
4095
4095
0
0
0
0
0
0
4095
4095
0
0
0
0
0
0
0
0
0
0
0
0
0
0
4095
4095
0
0
0
0
0
0
0
0
0
0
0
0
0
0
0
4095
0
0
0
0
0
0
4095
4095
0
0
0
0
0
0
0
0
0
0
0
0
0
0
4095
4095
0
0
0
0
0
0
0
0
0
0
0
0
0
0
0
4095
0
0
0
0
0
0
0
0
0
0
0
0
0
0
0
0
0
0
0
0
0
0
0
0
0
0
0
0
0
0
0
0
0
0
0
0
0
0
0
0
0
0
0
0
0
0
0
0
0
0
0
0
0
0
0
0
0
0
0
0
0
0
0
0
0
0
0
0
0
0
0
0
0
0
0
0
0
0
0
0
0
0
0
0
0
0
0
0
0
0
0
0
0
0
0
0
0
0
0
0
0
0
0
0
0
0
0
0
0
0
0
0
0
0
0
0
0
0
0
0
0
0
0
0
0
0
0
0
0
0
0
0
0
0
0
0
0
0
0
0
0
0
0
0
0
0
0
0
0
0
0
0
0
0
0
0
0
0
0
0
0
0
0
0
0
0
0
0
0
0
0
0
0
0
0
0
0
0
0
0
0
0
0
0
0
0
0
0
0
0
0
0
0
0
0
0
0
0
0
0
0
0
0
0
0
0
0
0
0
0
0
0
0
0
0
0
0
0
0
0
0
0
0
0
0
0
0
0
0
0
0
0
0
0
0
0
0
0
0
0
0
0
0
0
0
0
0
0
0
0
0
0
0
0
0
0
0
0
0
0
0
0
0
0
0
0
0
0
0
0
0
0
0
0
0
0
0
0
0
0
0
0
0
0
0
0
0
0
0
0
0
0
0
0
0
0
0
0
0
0
0
0
0
0
0
0
0
0
0
0
0
0
0
0
0
0
0
0
0
0
0
0
0
0
0
0
0
0
0
0
0
0
0
0
0
0
0
0
0
0
0
0
0
0
0
0
0
0
0
0
0
0
0
0
0
0
0
0
0
0
0
0
0
0
0
0
0
0
0
0
0
0
0
0
0
0
0
0
0
0
0
0
0
0
0
0
0
0
0
0
0
0
0
0
0
0
0
0
0
0
0
0
0
0
0
0
0
0
0
0
0
0
0
0
0
0
0
0
0
0
0
0
0
0
0
0
0
0
0
0
0
0
0
0
0
0
0
0
0
0
0
0
0
0
0
0
0
0
0
0
0
0
0
0
0
0
0
0
0
0
0
0
0
0
0
0
0
0
0
0
0
0
0
0
0
0
0
0
0
0
0
0
0
0
0
0
0
0
0
0
0
0
0
0
0
0
0
0
0
0
0
0
0
0
0
0
0
0
0
0
0
0
0
0
0
0
0
0
0
0
0
0
0
0
0
0
0
0
0
0
0
0
0
0
0
0
0
0
0
0
0
0
0
0
0
0
0
0
0
0
0
0
0
0
0
0
0
0
0
0
0
0
0
0
0
0
0
0
0
0
0
0
0
0
0
0
0
0
0
0
0
0
0
0
0
0
0
0
0
0
0
0
0
0
0
0
0
0
0
0
0
0
0
0
0
0
0
0
0
0
0
0
0
0
0
0
0
0
0
0
0
0
0
0
0
0
0
0
0
0
0
0
0
0
0
0
0
0
0
0
0
0
0
0
0
0
0
0
0
0
0
0
0
0
0
0
0
0
0
0
0
0
0
0
0
0
0
0
0
0
0
0
0
0
0
0
0
0
0
0
0
0
0
0
0
0
0
0
0
0
0
0
0
0
0
0
0
0
0
0
0
0
0
0
0
0
0
0
0
0
0
0
0
0
0
0
0
0
0
0
0
0
0
0
0
0
0
0
0
0
0
0
0
0
0
0
0
0
0
0
0
0
0
0
0
0
0
0
0
0
0
0
0
0
0
0
0
0
0
0
0
0
0
0
0
0
0
0
0
0
0
0
0
0
0
0
0
0
0
0
0
0
0
0
0
0
0
0
0
0
0
0
0
0
0
0
0
0
0
0
0
0
0
0
0
0
0
0
0
0
0
0
0
0
0
0
0
0
0
0
0
0
0
0
0
0
0
0
0
0
0
0
0
0
0
0
0
0
0
0
0
0
0
0
0
0
0
0
0
0
0
0
0
0
0
0
0
0
0
0
0
0
0
0
0
0
0
0
0
0
0
0
0
0
0
0
0
0
0
0
0
0
0
0
0
0
0
0
0
0
0
0
0
0
0
0
0
0
0
0
0
0
0
0
0
0
0
0
0
0
0
0
0
0
0
0
0
0
0
0
0
0
0
0
0
0
0
0
0
0
0
0
0
0
0
0
0
0
0
0
0
0
0
0
0
0
0
0
0
0
0
0
0
0
0
0
0
0
0
0
0
0
0
0
0
0
0
0
0
0
0
0
0
0
0
0
0
0
0
0
0
0
0
0
0
0
0
0
0
0
0
0
0
0
0
0
0
0
0
0
0
0
0
0
0
0
0
0
0
0
0
0
0
0
0
0
0
0
0
0
0
0
0
0
0
0
0
0
0
0
0
0
0
0
0
0
0
0
0
0
0
0
0
0
0
0
0
0
0
0
0
0
0
0
0
0
0
0
0
0
0
0
0
0
0
0
0
0
0
0
0
0
0
0
0
0
0
0
0
0
0
0
0
0
0
0
0
0
0
0
0
0
0
0
0
0
0
0
0
0
0
0
0
0
0
0
0
0
0
0
0
0
0
0
0
0
0
0
0
0
0
0
0
0
0
0
0
0
0
0
0
0
0
0
0
0
0
0
0
0
0
0
0
0
0
0
0
0
0
0
0
0
0
0
0
0
0
0
0
0
0
0
0
0
0
0
0
0
0
0
0
0
0
0
0
0
0
0
0
0
0
0
0
0
0
0
0
0
0
0
0
0
0
0
0
0
0
0
0
0
0
0
0
0
0
0
0
0
0
0
0
0
0
0
0
0
0
0
0
0
0
0
0
0
0
0
0
0
0
0
0
0
0
0
0
0
0
0
0
0
0
0
0
0
0
0
0
0
0
0
0
0
0
0
0
0
0
0
0
0
0
0
0
0
0
0
0
0
0
0
0
0
0
0
0
0
0
0
0
0
0
0
0
0
0
0
0
0
0
0
0
0
0
0
0
0
0
0
0
0
0
0
0
0
0
0
0
0
0
0
0
0
0
0
0
0
0
0
0
0
0
0
0
0
0
0
0
0
0
0
0
0
0
0
0
0
0
0
0
0
0
0
0
0
0
0
0
0
0
0
0
0
0
0
0
0
0
0
0
0
0
0
0
0
0
0
0
0
0
0
0
0
0
0
0
0
0
0
0
0
0
0
0
0
0
0
0
0
0
0
0
0
0
0
0
0
0
0
0
0
0
0
0
0
0
0
0
0
0
0
0
0
0
0
0
0
0
0
0
0
0
0
0
0
0
0
0
0
0
0
0
0
0
0
0
0
0
0
0
0
0
0
0
0
0
0
0
0
0
0
0
0
0
0
0
0
0
0
0
0
0
0
0
0
0
0
0
0
0
0
0
0
0
0
0
0
0
0
0
0
0
0
0
0
0
0
0
0
0
0
0
0
0
0
0
0
0
0
0
0
0
0
0
0
0
0
0
0
0
0
0
0
0
0
0
0
0
0
0
0
0
0
0
0
0
0
0
0
0
0
0
0
0
0
0
0
0
0
0
0
0
0
0
0
0
0
0
0
0
0
0
0
0
0
0
0
0
0
0
0
0
0
0
0
0
0
0
0
0
0
0
0
0
0
0
0
0
0
0
0
0
0
0
0
0
0
0
0
0
0
0
0
0
0
0
0
0
0
0
0
0
0
0
0
0
0
0
0
0
0
0
0
0
0
0
0
0
0
0
0
0
0
0
0
0
0
0
0
0
0
0
0
0
0
0
0
0
0
0
0
0
0
0
0
0
0
0
0
0
0
0
0
0
0
0
0
0
0
0
0
0
0
0
0
0
0
0
0
0
0
0
0
0
0
0
0
0
0
0
0
0
0
0
0
0
0
0
0
0
0
0
0
0
0
0
0
0
0
0
0
0
0
0
0
0
0
0
0
0
0
0
0
0
0
0
0
0
0
0
0
0
0
0
0
0
0
0
0
0
0
0
0
0
0
0
0
0
0
0
0
0
0
0
0
0
0
0
0
0
0
0
0
0
0
0
0
0
0
0
0
0
0
0
0
0
0
0
0
0
0
0
0
0
0
0
0
0
0
0
0
0
0
0
0
0
0
0
0
0
0
0
0
0
0
0
0
0
0
0
0
0
0
0
0
0
0
0
0
0
0
0
0
0
0
0
0
0
0
0
0
0
0
0
0
0
0
0
0
0
0
0
0
0
0
0
0
0
0
0
0
0
0
0
0
0
0
0
0
0
0
0
0
0
0
0
0
0
0
0
0
0
0
0
0
0
0
0
0
0
0
0
0
0
0
0
0
0
0
0
0
0
0
0
0
0
0
0
0
0
0
0
0
0
0
0
0
0
0
0
0
0
0
0
0
0
0
0
0
0
0
0
0
0
0
0
0
0
0
0
0
0
0
0
0
0
0
0
0
0
0
0
0
0
0
0
0
0
0
0
0
0
0
0
0
0
0
0
0
0
0
0
0
0
0
0
0
0
0
0
0
0
0
0
0
0
0
0
0
0
0
0
0
0
0
0
0
0
0
0
0
0
0
0
0
0
0
0
0
0
0
0
0
0
0
0
0
0
0
0
0
0
0
0
0
0
0
0
0
0
0
0
0
0
0
0
0
0
0
0
0
0
0
0
0
0
0
0
0
0
0
0
0
0
0
0
0
0
0
0
0
0
0
0
0
0
0
0
0
0
0
0
0
0
0
0
0
0
0
0
0
0
0
0
0
0
0
0
0
0
0
0
0
0
0
0
0
0
0
0
0
0
0
0
0
0
0
0
0
0
0
0
0
0
0
0
0
0
0
0
0
0
0
0
0
0
0
0
0
0
0
0
0
0
0
0
0
0
0
0
0
0
0
0
0
0
0
0
0
0
0
0
0
0
0
0
0
0
0
0
0
0
0
0
0
0
0
0
0
0
0
0
0
0
0
0
0
0
0
0
0
0
0
0
0
0
0
0
0
0
0
0
0
0
0
0
0
0
0
0
0
0
0
0
0
0
0
0
0
0
0
0
0
0
0
0
0
0
0
0
0
0
0
0
0
0
0
0
0
0
0
0
0
0
0
0
0
0
0
0
0
0
0
0
0
0
0
0
0
0
0
0
0
0
0
0
0
0
0
0
0
0
0
0
0
0
0
0
0
0
0
0
0
0
0
0
0
0
0
0
0
0
0
0
0
0
0
0
0
0
0
0
0
0
0
0
0
0
0
0
0
0
0
0
0
0
0
0
0
0
0
0
0
0
0
0
0
0
0
0
0
0
0
0
0
0
0
0
0
0
0
0
0
0
0
0
0
0
0
0
0
0
0
0
0
0
0
0
0
0
0
0
0
0
0
0
0
0
0
0
0
0
0
0
0
0
0
0
0
0
0
0
0
0
0
0
0
0
0
0
0
0
0
0
0
0
0
0
0
0
0
0
0
0
0
0
0
0
0
0
0
0
0
0
0
0
0
0
0
0
0
0
0
0
0
0
0
0
0
0
0
0
0
0
0
0
0
0
0
0
0
0
0
0
0
0
0
0
0
0
0
0
0
0
0
0
0
0
0
0
0
0
0
0
0
0
0
0
0
0
0
0
0
0
0
0
0
0
0
0
0
0
0
0
0
0
0
0
0
0
0
0
0
0
0
0
0
0
0
0
0
0
0
0
0
0
0
0
0
0
0
0
0
0
0
0
0
0
0
0
0
0
0
0
0
0
0
0
0
0
0
0
0
0
0
0
0
0
0
0
0
0
0
0
0
0
0
0
0
0
0
0
0
0
0
0
0
0
0
0
0
0
0
0
0
0
0
0
0
0
0
0
0
0
0
0
0
0
0
0
0
0
0
0
0
0
0
0
0
0
0
0
0
0
0
0
0
0
0
0
0
0
0
0
0
0
0
0
0
0
0
0
0
0
0
0
0
0
0
0
0
0
0
0
0
0
0
0
0
0
0
0
0
0
0
0
0
0
0
0
0
0
0
0
0
0
0
0
0
0
0
0
0
0
0
0
0
0
0
0
0
0
0
0
0
0
0
0
0
0
0
0
0
0
0
0
0
0
0
0
0
0
0
0
0
0
0
0
0
0
0
0
0
0
0
0
0
0
0
0
0
0
0
0
0
0
0
0
0
0
0
0
0
0
0
0
0
0
0
0
0
0
0
0
0
0
0
0
0
0
0
0
0
0
0
0
0
0
0
0
0
0
0
0
0
0
0
0
0
0
0
0
0
0
0
0
0
0
0
0
0
0
0
0
0
0
0
0
0
0
0
0
0
0
0
0
0
0
0
0
0
0
0
0
0
0
0
0
0
0
0
0
0
0
0
0
0
0
0
0
0
0
0
0
0
0
0
0
0
0
0
0
0
0
0
0
0
0
0
0
0
0
0
0
0
0
0
0
0
0
0
0
0
0
0
0
0
0
0
0
0
0
0
0
0
0
0
0
0
0
0
0
0
0
0
0
0
0
0
0
0
0
0
0
0
0
0
0
0
0
0
0
0
0
0
0
0
0
0
0
0
0
0
0
0
0
0
0
0
0
0
0
0
0
0
0
0
0
0
0
0
0
0
0
0
0
0
0
0
0
0
0
0
0
0
0
0
0
0
0
0
0
0
0
0
0
0
0
0
0
0
0
0
0
0
0
0
0
0
0
0
0
0
0
0
0
0
0
0
0
0
0
0
0
0
0
0
0
0
0
0
0
0
0
0
0
0
0
0
0
0
0
0
0
0
0
0
0
0
0
0
0
0
0
0
0
0
0
0
0
0
0
0
0
0
0
0
0
0
0
0
0
0
0
0
0
0
0
0
0
0
0
0
0
0
0
0
0
0
0
0
0
0
0
0
0
0
0
0
0
0
0
0
0
0
0
0
0
0
0
0
0
0
0
0
0
0
0
0
0
0
0
0
0
0
0
0
0
0
0
0
0
0
0
0
0
0
0
0
0
0
0
0
0
0
0
0
0
0
0
0
0
0
0
0
0
0
0
0
0
0
0
0
0
0
0
0
0
0
0
0
0
0
0
0
0
0
0
0
0
0
0
0
0
0
0
0
0
0
0
0
0
0
0
0
0
0
0
0
0
0
0
0
0
0
0
0
0
0
0
0
0
0
0
0
0
0
0
0
0
0
0
0
0
0
0
0
0
0
0
0
0
0
0
0
0
0
0
0
0
0
0
0
0
0
0
0
0
0
0
0
0
0
0
0
0
0
0
0
0
0
0
0
0
0
0
0
0
0
0
0
0
0
0
0
0
0
0
0
0
0
0
0
0
0
0
0
0
0
0
0
0
0
0
0
0
0
0
0
0
0
0
0
0
0
0
0
0
0
0
0
0
0
0
0
0
0
0
0
0
0
0
0
0
0
0
0
0
0
0
0
0
0
0
0
0
0
0
0
0
0
0
0
0
0
0
0
0
0
0
0
0
0
0
0
0
0
0
0
0
0
0
0
0
0
0
0
0
0
0
0
0
0
0
0
0
0
0
0
0
0
0
0
0
0
0
0
0
0
0
0
0
0
0
0
0
0
0
0
0
0
0
0
0
0
0
0
0
0
0
0
0
0
0
0
0
0
0
0
0
0
0
0
0
0
0
0
0
0
0
0
0
0
0
0
0
0
0
0
0
0
0
0
0
0
0
0
0
0
0
0
0
0
0
0
0
0
0
0
0
0
0
0
0
0
0
0
0
0
0
0
0
0
0
0
0
0
0
0
0
0
0
0
0
0
0
0
0
0
0
0
0
0
0
0
0
0
0
0
0
0
0
0
0
0
0
0
0
0
0
0
0
0
0
0
0
0
0
0
0
0
0
0
0
0
0
0
0
0
0
0
0
0
0
0
0
0
0
0
0
0
0
0
0
0
0
0
0
0
0
0
0
0
0
0
0
0
0
0
0
0
0
0
0
0
0
0
0
0
0
0
0
0
0
0
0
0
0
0
0
0
0
0
0
0
0
0
0
0
0
0
0
0
0
0
0
0
0
0
0
0
0
0
0
0
0
0
0
0
0
0
0
0
0
0
0
0
0
0
0
0
0
0
0
0
0
0
0
0
0
0
0
0
0
0
0
0
0
0
0
0
0
0
0
0
0
0
0
0
0
0
0
0
0
0
0
0
0
0
0
0
0
0
0
0
0
0
0
0
0
0
0
0
0
0
0
0
0
0
0
0
0
0
0
0
0
0
0
0
0
0
0
0
0
0
0
0
0
0
0
0
0
0
0
0
0
0
0
0
0
0
0
0
0
0
0
0
0
0
0
0
0
0
0
0
0
0
0
0
0
0
0
0
0
0
0
0
0
0
0
0
0
0
0
0
0
0
0
0
0
0
0
0
0
0
0
0
0
0
0
0
0
0
0
0
0
0
0
0
0
0
0
0
0
0
0
0
0
0
0
0
0
0
0
0
0
0
0
0
0
0
0
0
0
0
0
0
0
0
0
0
0
0
0
0
0
0
0
0
0
0
0
0
0
0
0
0
0
0
0
0
0
0
0
0
0
0
0
0
0
0
0
0
0
0
0
0
0
0
0
0
0
0
0
0
0
0
0
0
0
0
0
0
0
0
0
0
0
0
0
0
0
0
0
0
0
0
0
0
0
0
0
0
0
0
0
0
0
0
0
0
0
0
0
0
0
0
0
0
0
0
0
0
0
0
0
0
0
0
0
0
0
0
0
0
0
0
0
0
0
0
0
0
0
0
0
0
0
0
0
0
0
0
0
0
0
0
0
0
0
0
0
0
0
0
0
0
0
0
0
0
0
0
0
0
0
0
0
0
0
0
0
0
0
0
0
0
0
0
0
0
0
0
0
0
0
0
0
0
0
0
0
0
0
0
0
0
0
0
0
0
0
0
0
0
0
0
0
0
0
0
0
0
0
0
0
0
0
0
0
0
0
0
0
0
0
0
0
0
0
0
0
0
0
0
0
0
0
0
0
0
0
0
0
0
0
0
0
0
0
0
0
0
0
0
0
0
0
0
0
0
0
0
0
0
0
0
0
0
0
0
0
0
0
0
0
0
0
0
0
0
0
0
0
0
0
0
0
0
0
0
0
0
0
0
0
0
0
0
0
0
0
0
0
0
0
0
0
0
0
0
0
0
0
0
0
0
0
0
0
0
0
0
0
0
0
0
0
0
0
0
0
0
0
0
0
0
0
0
0
0
0
0
0
0
0
0
0
0
0
0
0
0
0
0
0
0
0
0
0
0
0
0
0
0
0
0
0
0
0
0
0
0
0
0
0
0
0
0
0
0
0
0
0
0
0
0
0
0
0
0
0
0
0
0
0
0
0
0
0
0
0
0
0
0
0
0
0
0
0
0
0
0
0
0
0
0
0
0
0
0
0
0
0
0
0
0
0
0
0
0
0
0
0
0
0
0
0
0
0
0
0
0
0
0
0
0
0
0
0
0
0
0
0
0
0
0
0
0
0
0
0
0
0
0
0
0
0
0
0
0
0
0
0
0
0
0
0
0
0
0
0
0
0
0
0
0
0
0
0
0
0
0
0
0
0
0
0
0
0
0
0
0
0
0
0
0
0
0
0
0
0
0
0
0
0
0
0
0
0
0
0
0
0
0
0
0
0
0
0
0
0
0
0
0
0
0
0
0
0
0
0
0
0
0
0
0
0
0
0
0
0
0
0
0
0
0
0
0
0
0
0
0
0
0
0
0
0
0
0
0
0
0
0
0
0
0
0
0
0
0
0
0
0
0
0
0
0
0
0
0
0
0
0
0
0
0
0
0
0
0
0
0
0
0
0
0
0
0
0
0
0
0
0
0
0
0
0
0
0
0
0
0
0
0
0
0
0
0
0
0
0
0
0
0
0
0
0
0
0
0
0
0
0
0
0
0
0
0
0
0
0
0
0
0
0
0
0
0
0
0
0
0
0
0
0
0
0
0
0
0
0
0
0
0
0
0
0
0
0
0
0
0
0
0
0
0
0
0
0
0
0
0
0
0
0
0
0
0
0
0
0
0
0
0
0
0
0
0
0
0
0
0
0
0
0
0
0
0
0
0
0
0
0
0
0
0
0
0
0
0
0
0
0
0
0
0
0
0
0
0
0
0
0
0
0
0
0
0
0
0
0
0
0
0
0
0
0
0
0
0
0
0
0
0
0
0
0
0
0
0
0
0
0
0
0
0
0
0
0
0
0
0
0
0
0
0
0
0
0
0
0
0
0
0
0
0
0
0
0
0
0
0
0
0
0
0
0
0
0
0
0
0
0
0
0
0
0
0
0
0
0
0
0
0
0
0
0
0
0
0
0
0
0
0
0
0
0
0
0
0
0
0
0
0
0
0
0
0
0
0
0
0
0
0
0
0
0
0
0
0
0
0
0
0
0
0
0
0
0
0
0
0
0
0
0
0
0
0
0
0
0
0
0
0
0
0
0
0
0
0
0
0
0
0
0
0
0
0
0
0
0
0
0
0
0
0
0
0
0
0
0
0
0
0
0
0
0
0
0
0
0
0
0
0
0
0
0
0
0
0
0
0
0
0
0
0
0
0
0
0
0
0
0
0
0
0
0
0
0
0
0
0
0
0
0
0
0
0
0
0
0
0
0
0
0
0
0
0
0
0
0
0
0
0
0
0
0
0
0
0
0
0
0
0
0
0
0
0
0
0
0
0
0
0
0
0
0
0
0
0
0
0
0
0
0
0
0
0
0
0
0
0
0
0
0
0
0
0
0
0
0
0
0
0
0
0
0
0
0
0
0
0
0
0
0
0
0
0
0
0
0
0
0
0
0
0
0
0
0
0
0
0
0
0
0
0
0
0
0
0
0
0
0
0
0
0
0
0
0
0
0
0
0
0
0
0
0
0
0
0
0
0
0
0
0
0
0
0
0
0
0
0
0
0
0
0
0
0
0
0
0
0
0
0
0
0
0
0
0
0
0
0
0
0
0
0
0
0
0
0
0
0
0
0
0
0
0
0
0
0
0
0
0
0
0
0
0
0
0
0
0
0
0
0
0
0
0
0
0
0
0
0
0
0
0
0
0
0
0
0
0
0
0
0
0
0
0
0
0
0
0
0
0
0
0
0
0
0
0
0
0
0
0
0
0
0
0
0
0
0
0
0
0
0
0
0
0
0
0
0
0
0
0
0
0
0
0
0
0
0
0
0
0
0
0
0
0
0
0
0
0
0
0
0
0
0
0
0
0
0
0
0
0
0
0
0
0
0
0
0
0
0
0
0
0
0
0
0
0
0
0
0
0
0
0
0
0
0
0
0
0
0
0
0
0
0
0
0
0
0
0
0
0
0
0
0
0
0
0
0
0
0
0
0
0
0
0
0
0
0
0
0
0
0
0
0
0
0
0
0
0
0
0
0
0
0
0
0
0
0
0
0
0
0
0
0
0
0
0
0
0
0
0
0
0
0
0
0
0
0
0
0
0
0
0
0
0
0
0
0
0
0
0
0
0
0
0
0
0
0
0
0
0
0
0
0
0
0
0
0
0
0
0
0
0
0
0
0
0
0
0
0
0
0
0
0
0
0
0
0
0
0
0
0
0
0
0
0
0
0
0
0
0
0
0
0
0
0
0
0
0
0
0
0
0
0
0
0
0
0
0
0
0
0
0
0
0
0
0
0
0
0
0
0
0
0
0
0
0
0
0
0
0
0
0
0
0
0
0
0
0
0
0
0
0
0
0
0
0
0
0
0
0
0
0
0
0
0
0
0
0
0
0
0
0
0
0
0
0
0
0
0
0
0
0
0
0
0
0
0
0
0
0
0
0
0
0
0
0
0
0
0
0
0
0
0
0
0
0
0
0
0
0
0
0
0
0
0
0
0
0
0
0
0
0
0
0
0
0
0
0
0
0
0
0
0
0
0
0
0
0
0
0
0
0
0
0
0
0
0
0
0
0
0
0
0
0
0
0
0
0
0
0
0
0
0
0
0
0
0
0
0
0
0
0
0
0
0
0
0
0
0
0
0
0
0
0
0
0
0
0
0
0
0
0
0
0
0
0
0
0
0
0
0
0
0
0
0
0
0
0
0
0
0
0
0
0
0
0
0
0
0
0
0
0
0
0
0
0
0
0
0
0
0
0
0
0
0
0
0
0
0
0
0
0
0
0
0
0
0
0
0
0
0
0
0
0
0
0
0
0
0
0
0
0
0
0
0
0
0
0
0
0
0
0
0
0
0
0
0
0
0
0
0
0
0
0
0
0
0
0
0
0
0
0
0
0
0
0
0
0
0
0
0
0
0
0
0
0
0
0
0
0
0
0
0
0
0
0
0
0
0
0
0
0
0
0
0
0
0
0
0
0
0
0
0
0
0
0
0
0
0
0
0
0
0
0
0
0
0
0
0
0
0
0
0
0
0
0
0
0
0
0
0
0
0
0
0
0
0
0
0
0
0
0
0
0
0
0
0
0
0
0
0
0
0
0
0
0
0
0
0
0
0
0
0
0
0
0
0
0
0
0
0
0
0
0
0
0
0
0
0
0
0
0
0
0
0
0
0
0
0
0
0
0
0
0
0
0
0
0
0
0
0
0
0
0
0
0
0
0
0
0
0
0
0
0
0
0
0
0
0
0
0
0
0
0
0
0
0
0
0
0
0
0
0
0
0
0
0
0
0
0
0
0
0
0
0
0
0
0
0
0
0
0
0
0
0
0
0
0
0
0
0
0
0
0
0
0
0
0
0
0
0
0
0
0
0
0
0
0
0
0
0
0
0
0
0
0
0
0
0
0
0
0
0
0
0
0
0
0
0
0
0
0
0
0
0
0
0
0
0
0
0
0
0
0
0
0
0
0
0
0
0
0
0
0
0
0
0
0
0
0
0
0
0
0
0
0
0
0
0
0
0
0
0
0
0
0
0
0
0
0
0
0
0
0
0
0
0
0
0
0
0
0
0
0
0
0
0
0
0
0
0
0
0
0
0
0
0
0
0
0
0
0
0
0
0
0
0
0
0
0
0
0
0
0
0
0
0
0
0
0
0
0
0
0
0
0
0
0
0
0
0
0
0
0
0
0
0
0
0
0
0
0
0
0
0
0
0
0
0
0
0
0
0
0
0
0
0
0
0
0
0
0
0
0
0
0
0
0
0
0
0
0
0
0
0
0
0
0
0
0
0
0
0
0
0
0
0
0
0
0
0
0
0
0
0
0
0
0
0
0
0
0
0
0
0
0
0
0
0
0
0
0
0
0
0
0
0
0
0
0
0
0
0
0
0
0
0
0
0
0
0
0
0
0
0
0
0
0
0
0
0
0
0
0
0
0
0
0
0
0
0
0
0
0
0
0
0
0
0
0
0
0
0
0
0
0
0
0
0
0
0
0
0
0
0
0
0
0
0
0
0
0
0
0
0
0
0
0
0
0
0
0
0
0
0
0
0
0
0
0
0
0
0
0
0
0
0
0
0
0
0
0
0
0
0
0
0
0
0
0
0
0
0
0
0
0
0
0
0
0
0
0
0
0
0
0
0
0
0
0
0
0
0
0
0
0
0
0
0
0
0
0
0
0
0
0
0
0
0
0
0
0
0
0
0
0
0
0
0
0
0
0
0
0
0
0
0
0
0
0
0
0
0
0
0
0
0
0
0
0
0
0
0
0
0
0
0
0
0
0
0
0
0
0
0
0
0
0
0
0
0
0
0
0
0
0
0
0
0
0
0
0
0
0
0
0
0
0
0
0
0
0
0
0
0
0
0
0
0
0
0
0
0
0
0
0
0
0
0
0
0
0
0
0
0
0
0
0
0
0
0
0
0
0
0
0
0
0
0
0
0
0
0
0
0
0
0
0
0
0
0
0
0
0
0
0
0
0
0
0
0
0
0
0
0
0
0
0
0
0
0
0
0
0
0
0
0
0
0
0
0
0
0
0
0
0
0
0
0
0
0
0
0
0
0
0
0
0
0
0
0
0
0
0
0
0
0
0
0
0
0
0
0
0
0
0
0
0
0
0
0
0
0
0
0
0
0
0
0
0
0
0
0
0
0
0
0
0
0
0
0
0
0
0
0
0
0
0
0
0
0
0
0
0
0
0
0
0
0
0
0
0
0
0
0
0
0
0
0
0
0
0
0
0
0
0
0
0
0
0
0
0
0
0
0
0
0
0
0
0
0
0
0
0
0
0
0
0
0
0
0
0
0
0
0
0
0
0
0
0
0
0
0
0
0
0
0
0
0
0
0
0
0
0
0
0
0
0
0
0
0
0
0
0
0
0
0
0
0
0
0
0
0
0
0
0
0
0
0
0
0
0
0
0
0
0
0
0
0
0
0
0
0
0
0
0
0
0
0
0
0
0
0
0
0
0
0
0
0
0
0
0
0
0
0
0
0
0
0
0
0
0
0
0
0
0
0
0
0
0
0
0
0
0
0
0
0
0
0
0
0
0
0
0
0
0
0
0
0
0
0
0
0
0
0
0
0
0
0
0
0
0
0
0
0
0
0
0
0
0
0
0
0
0
0
0
0
0
0
0
0
0
0
0
0
0
0
0
0
0
0
0
0
0
0
0
0
0
0
0
0
0
0
0
0
0
0
0
0
0
0
0
0
0
0
0
0
0
0
0
0
0
0
0
0
0
0
0
0
0
0
0
0
0
0
0
0
0
0
0
0
0
0
0
0
0
0
0
0
0
0
0
0
0
0
0
0
0
0
0
0
0
0
0
0
0
0
0
0
0
0
0
0
0
0
0
0
0
0
0
0
0
0
0
0
0
0
0
0
0
0
0
0
0
0
0
0
0
0
0
0
0
0
0
0
0
0
0
0
0
0
0
0
0
0
0
0
0
0
0
0
0
0
0
0
0
0
0
0
0
0
0
0
0
0
0
0
0
0
0
0
0
0
0
0
0
0
0
0
0
0
0
0
0
0
0
0
0
0
0
0
0
0
0
0
0
0
0
0
0
0
0
0
0
0
0
0
0
0
0
0
0
0
0
0
0
0
0
0
0
0
0
0
0
0
0
0
0
0
0
0
0
0
0
0
0
0
0
0
0
0
0
0
0
0
0
0
0
0
0
0
0
0
0
0
0
0
0
0
0
0
0
0
0
0
0
0
0
0
0
0
0
0
0
0
0
0
0
0
0
0
0
0
0
0
0
0
0
0
0
0
0
0
0
0
0
0
0
0
0
0
0
0
0
0
0
0
0
0
0
0
0
0
0
0
0
0
0
0
0
0
0
0
0
0
0
0
0
0
0
0
0
0
0
0
0
0
0
0
0
0
0
0
0
0
0
0
0
0
0
0
0
0
0
0
0
0
0
0
0
0
0
0
0
0
0
0
0
0
0
0
0
0
0
0
0
0
0
0
0
0
0
0
0
0
0
0
0
0
0
0
0
0
0
0
0
0
0
0
0
0
0
0
0
0
0
0
0
0
0
0
0
0
0
0
0
0
0
0
0
0
0
0
0
0
0
0
0
0
0
0
0
0
0
0
0
0
0
0
0
0
0
0
0
0
0
0
0
0
0
0
0
0
0
0
0
0
0
0
0
0
0
0
0
0
0
0
0
0
0
0
0
0
0
0
0
0
0
0
0
0
0
0
0
0
0
0
0
0
0
0
0
0
0
0
0
0
0
0
0
0
0
0
0
0
0
0
0
0
0
0
0
0
0
0
0
0
0
0
0
0
0
0
0
0
0
0
0
0
0
0
0
0
0
0
0
0
0
0
0
0
0
0
0
0
0
0
0
0
0
0
0
0
0
0
0
0
0
0
0
0
0
0
0
0
0
0
0
0
0
0
0
0
0
0
0
0
0
0
0
0
0
0
0
0
0
0
0
0
0
0
0
0
0
0
0
0
0
0
0
0
0
0
0
0
0
0
0
0
0
0
0
0
0
0
0
0
0
0
0
0
0
0
0
0
0
0
0
0
0
0
0
0
0
0
0
0
0
0
0
0
0
0
0
0
0
0
0
0
0
0
0
0
0
0
0
0
0
0
0
0
0
0
0
0
0
0
0
0
0
0
0
0
0
0
0
0
0
0
0
0
0
0
0
0
0
0
0
0
0
0
0
0
0
0
0
0
0
0
0
0
0
0
0
0
0
0
0
0
0
0
0
0
0
0
0
0
0
0
0
0
0
0
0
0
0
0
0
0
0
0
0
0
0
0
0
0
0
0
0
0
0
0
0
0
0
0
0
0
0
0
0
0
0
0
0
0
0
0
0
0
0
0
0
0
0
0
0
0
0
0
0
0
0
0
0
0
0
0
0
0
0
0
0
0
0
0
0
0
0
0
0
0
0
0
0
0
0
0
0
0
0
0
0
0
0
0
0
0
0
0
0
0
0
0
0
0
0
0
0
0
0
0
0
0
0
0
0
0
0
0
0
0
0
0
0
0
0
0
0
0
0
0
0
0
0
0
0
0
0
0
0
0
0
0
0
0
0
0
0
0
0
0
0
0
0
0
0
0
0
0
0
0
0
0
0
0
0
0
0
0
0
0
0
0
0
0
0
0
0
0
0
0
0
0
0
0
0
0
0
0
0
0
0
0
0
0
0
0
0
0
0
0
0
0
0
0
0
0
0
0
0
0
0
0
0
0
0
0
0
0
0
0
0
0
0
0
0
0
0
0
0
0
0
0
0
0
0
0
0
0
0
0
0
0
0
0
0
0
0
0
0
0
0
0
0
0
0
0
0
0
0
0
0
0
0
0
0
0
0
0
0
0
0
0
0
0
0
0
0
0
0
0
0
0
0
0
0
0
0
0
0
0
0
0
0
0
0
0
0
0
0
0
0
0
0
0
0
0
0
0
0
0
0
0
0
0
0
0
0
0
0
0
0
0
0
0
0
0
0
0
0
0
0
0
0
0
0
0
0
0
0
0
0
0
0
0
0
0
0
0
0
0
0
0
0
0
0
0
0
0
0
0
0
0
0
0
0
0
0
0
0
0
0
0
0
0
0
0
0
0
0
0
0
0
0
0
0
0
0
0
0
0
0
0
0
0
0
0
0
0
0
0
0
0
0
0
0
0
0
0
0
0
0
0
0
0
0
0
0
0
0
0
0
0
0
0
0
0
0
0
0
0
0
0
0
0
0
0
0
0
0
0
0
0
0
0
0
0
0
0
0
0
0
0
0
0
0
0
0
0
0
0
0
0
0
0
0
0
0
0
0
0
0
0
0
0
0
0
0
0
0
0
0
0
0
0
0
0
0
0
0
0
0
0
0
0
0
0
0
0
0
0
0
0
0
0
0
0
0
0
0
0
0
0
0
0
0
0
0
0
0
0
0
0
0
0
0
0
0
0
0
0
0
0
0
0
0
0
0
0
0
0
0
0
0
0
0
0
0
0
0
0
0
0
0
0
0
0
0
0
0
0
0
0
0
0
0
0
0
0
0
0
0
0
0
0
0
0
0
0
0
0
0
0
0
0
0
0
0
0
0
0
0
0
0
0
0
0
0
0
0
0
0
0
0
0
0
0
0
0
0
0
0
0
0
0
0
0
0
0
0
0
0
0
0
0
0
0
0
0
