0
0
0
0
0
0
0
0
0
0
0
0
0
0
0
0
0
0
0
0
0
0
0
0
0
0
0
0
0
0
0
0
0
0
0
0
0
0
0
0
0
0
0
0
0
0
0
0
0
0
0
0
0
0
0
0
0
0
0
0
0
0
0
0
0
0
0
0
0
0
0
0
0
0
0
0
0
0
0
0
0
0
0
0
0
0
0
0
0
0
0
0
0
0
0
0
0
0
0
0
0
0
0
0
0
0
0
0
0
0
0
0
0
0
0
0
0
0
0
0
0
0
0
0
0
0
0
0
0
0
0
0
0
0
0
0
0
0
0
0
0
0
0
0
0
0
0
0
0
0
0
0
0
0
0
0
0
0
0
0
0
0
0
0
0
0
0
0
0
0
0
0
0
0
0
0
0
0
0
0
0
0
0
0
0
4095
0
0
0
0
0
0
4093
4093
0
0
0
0
0
0
4093
4093
0
0
0
0
0
0
0
0
0
0
0
0
0
0
0
4095
0
0
0
0
0
0
4093
4093
0
0
0
0
0
0
4093
4093
0
0
0
0
0
0
4095
0
0
0
0
0
0
0
0
4095
0
0
0
0
0
0
4093
4092
0
0
0
0
0
0
4089
4089
0
0
0
0
0
0
4094
0
0
0
0
0
0
0
4
4
0
0
0
0
0
0
4094
4093
0
0
0
0
0
0
4086
4087
0
0
0
0
0
0
4091
4093
0
0
0
0
0
0
7
7
0
0
0
0
0
0
4
1
0
0
0
0
0
0
4083
4082
0
0
0
0
0
0
4084
4087
0
0
0
0
0
0
7
10
0
0
0
0
0
0
11
9
0
0
0
0
0
0
4084
4081
0
0
0
0
0
0
4076
4078
0
0
0
0
0
0
5
9
0
0
0
0
0
0
21
20
0
0
0
0
0
0
4090
4085
0
0
0
0
0
0
4067
4068
0
0
0
0
0
0
4092
1
0
0
0
0
0
0
29
29
0
0
0
0
0
0
7
4095
0
0
0
0
0
0
4061
4060
0
0
0
0
0
0
4075
4083
0
0
0
0
0
0
32
35
0
0
0
0
0
0
25
17
0
0
0
0
0
0
4062
4057
0
0
0
0
0
0
4055
4062
0
0
0
0
0
0
24
33
0
0
0
0
0
0
46
39
0
0
0
0
0
0
4075
4064
0
0
0
0
0
0
4036
4040
0
0
0
0
0
0
5
20
0
0
0
0
0
0
63
60
0
0
0
0
0
0
2
4083
0
0
0
0
0
0
4024
4023
0
0
0
0
0
0
4073
4089
0
0
0
0
0
0
68
73
0
0
0
0
0
0
37
20
0
0
0
0
0
0
4025
4016
0
0
0
0
0
0
4036
4054
0
0
0
0
0
0
60
73
0
0
0
0
0
0
73
58
0
0
0
0
0
0
4043
4024
0
0
0
0
0
0
4000
4013
0
0
0
0
0
0
33
54
0
0
0
0
0
0
104
95
0
0
0
0
0
0
4078
4054
0
0
0
0
0
0
3976
3980
0
0
0
0
0
0
4084
15
0
0
0
0
0
0
120
122
0
0
0
0
0
0
34
5
0
0
0
0
0
0
3970
3962
0
0
0
0
0
0
4027
4057
0
0
0
0
0
0
115
130
0
0
0
0
0
0
94
66
0
0
0
0
0
0
3989
3968
0
0
0
0
0
0
3970
3996
0
0
0
0
0
0
81
110
0
0
0
0
0
0
146
127
0
0
0
0
0
0
4037
4003
0
0
0
0
0
0
3923
3937
0
0
0
0
0
0
21
61
0
0
0
0
0
0
182
176
0
0
0
0
0
0
13
4066
0
0
0
0
0
0
3902
3900
0
0
0
0
0
0
4036
4080
0
0
0
0
0
0
186
199
0
0
0
0
0
0
99
54
0
0
0
0
0
0
3916
3893
0
0
0
0
0
0
3949
3991
0
0
0
0
0
0
154
187
0
0
0
0
0
0
181
144
0
0
0
0
0
0
3969
3927
0
0
0
0
0
0
3874
3903
0
0
0
0
0
0
81
131
0
0
0
0
0
0
246
225
0
0
0
0
0
0
4060
4003
0
0
0
0
0
0
3827
3836
0
0
0
0
0
0
4072
37
0
0
0
0
0
0
271
275
0
0
0
0
0
0
79
15
0
0
0
0
0
0
3825
3809
0
0
0
0
0
0
3951
4013
0
0
0
0
0
0
248
279
0
0
0
0
0
0
199
141
0
0
0
0
0
0
3877
3832
0
0
0
0
0
0
3837
3890
0
0
0
0
0
0
169
228
0
0
0
0
0
0
301
259
0
0
0
0
0
0
3981
3912
0
0
0
0
0
0
3753
3783
0
0
0
0
0
0
43
122
0
0
0
0
0
0
360
346
0
0
0
0
0
0
27
4040
0
0
0
0
0
0
3725
3720
0
0
0
0
0
0
3984
4070
0
0
0
0
0
0
359
382
0
0
0
0
0
0
190
105
0
0
0
0
0
0
3761
3720
0
0
0
0
0
0
3826
3905
0
0
0
0
0
0
285
345
0
0
0
0
0
0
335
267
0
0
0
0
0
0
3868
3792
0
0
0
0
0
0
3695
3750
0
0
0
0
0
0
145
236
0
0
0
0
0
0
441
404
0
0
0
0
0
0
4035
3933
0
0
0
0
0
0
3622
3639
0
0
0
0
0
0
4055
67
0
0
0
0
0
0
477
482
0
0
0
0
0
0
139
28
0
0
0
0
0
0
3630
3601
0
0
0
0
0
0
3850
3957
0
0
0
0
0
0
423
476
0
0
0
0
0
0
340
240
0
0
0
0
0
0
3726
3651
0
0
0
0
0
0
3664
3752
0
0
0
0
0
0
284
381
0
0
0
0
0
0
502
432
0
0
0
0
0
0
3906
3792
0
0
0
0
0
0
3535
3582
0
0
0
0
0
0
72
200
0
0
0
0
0
0
588
567
0
0
0
0
0
0
47
4006
0
0
0
0
0
0
3497
3490
0
0
0
0
0
0
3917
4055
0
0
0
0
0
0
574
610
0
0
0
0
0
0
301
168
0
0
0
0
0
0
3565
3499
0
0
0
0
0
0
3670
3795
0
0
0
0
0
0
451
544
0
0
0
0
0
0
529
421
0
0
0
0
0
0
3741
3623
0
0
0
0
0
0
3475
3560
0
0
0
0
0
0
229
368
0
0
0
0
0
0
683
625
0
0
0
0
0
0
4002
3846
0
0
0
0
0
0
3372
3398
0
0
0
0
0
0
4033
104
0
0
0
0
0
0
725
732
0
0
0
0
0
0
212
44
0
0
0
0
0
0
3393
3350
0
0
0
0
0
0
3726
3889
0
0
0
0
0
0
637
716
0
0
0
0
0
0
510
359
0
0
0
0
0
0
3547
3434
0
0
0
0
0
0
3452
3583
0
0
0
0
0
0
420
563
0
0
0
0
0
0
742
639
0
0
0
0
0
0
3817
3649
0
0
0
0
0
0
3273
3342
0
0
0
0
0
0
108
294
0
0
0
0
0
0
860
828
0
0
0
0
0
0
67
3966
0
0
0
0
0
0
3227
3217
0
0
0
0
0
0
3839
4038
0
0
0
0
0
0
830
882
0
0
0
0
0
0
434
241
0
0
0
0
0
0
3336
3242
0
0
0
0
0
0
3488
3666
0
0
0
0
0
0
643
776
0
0
0
0
0
0
753
600
0
0
0
0
0
0
3594
3425
0
0
0
0
0
0
3216
3337
0
0
0
0
0
0
323
520
0
0
0
0
0
0
962
879
0
0
0
0
0
0
3966
3747
0
0
0
0
0
0
3081
3120
0
0
0
0
0
0
4011
147
0
0
0
0
0
0
1012
1022
0
0
0
0
0
0
296
62
0
0
0
0
0
0
3123
3063
0
0
0
0
0
0
3583
3810
0
0
0
0
0
0
881
990
0
0
0
0
0
0
703
496
0
0
0
0
0
0
3342
3188
0
0
0
0
0
0
3216
3396
0
0
0
0
0
0
577
773
0
0
0
0
0
0
1013
873
0
0
0
0
0
0
3716
3488
0
0
0
0
0
0
2978
3073
0
0
0
0
0
0
146
399
0
0
0
0
0
0
1165
1121
0
0
0
0
0
0
92
3922
0
0
0
0
0
0
2925
2914
0
0
0
0
0
0
3750
4020
0
0
0
0
0
0
1115
1184
0
0
0
0
0
0
582
323
0
0
0
0
0
0
3081
2956
0
0
0
0
0
0
3285
3522
0
0
0
0
0
0
857
1034
0
0
0
0
0
0
1001
797
0
0
0
0
0
0
3430
3207
0
0
0
0
0
0
2933
3095
0
0
0
0
0
0
426
688
0
0
0
0
0
0
1268
1160
0
0
0
0
0
0
3925
3637
0
0
0
0
0
0
2765
2814
0
0
0
0
0
0
3986
193
0
0
0
0
0
0
1325
1338
0
0
0
0
0
0
387
80
0
0
0
0
0
0
2827
2750
0
0
0
0
0
0
3430
3724
0
0
0
0
0
0
1145
1285
0
0
0
0
0
0
913
644
0
0
0
0
0
0
3122
2921
0
0
0
0
0
0
2958
3191
0
0
0
0
0
0
746
998
0
0
0
0
0
0
1307
1124
0
0
0
0
0
0
3608
3315
0
0
0
0
0
0
2660
2784
0
0
0
0
0
0
187
512
0
0
0
0
0
0
1491
1435
0
0
0
0
0
0
118
3874
0
0
0
0
0
0
2603
2589
0
0
0
0
0
0
3656
3999
0
0
0
0
0
0
1418
1505
0
0
0
0
0
0
740
410
0
0
0
0
0
0
2808
2652
0
0
0
0
0
0
3070
3371
0
0
0
0
0
0
1084
1308
0
0
0
0
0
0
1265
1007
0
0
0
0
0
0
3257
2976
0
0
0
0
0
0
2632
2835
0
0
0
0
0
0
537
865
0
0
0
0
0
0
1593
1455
0
0
0
0
0
0
3883
3521
0
0
0
0
0
0
2433
2494
0
0
0
0
0
0
3959
241
0
0
0
0
0
0
1653
1670
0
0
0
0
0
0
482
101
0
0
0
0
0
0
2517
2420
0
0
0
0
0
0
3271
3636
0
0
0
0
0
0
1420
1595
0
0
0
0
0
0
1131
797
0
0
0
0
0
0
2889
2642
0
0
0
0
0
0
2691
2978
0
0
0
0
0
0
923
1232
0
0
0
0
0
0
1611
1385
0
0
0
0
0
0
3496
3135
0
0
0
0
0
0
2332
2484
0
0
0
0
0
0
231
629
0
0
0
0
0
0
1828
1759
0
0
0
0
0
0
146
3824
0
0
0
0
0
0
2271
2253
0
0
0
0
0
0
3559
3978
0
0
0
0
0
0
1730
1836
0
0
0
0
0
0
901
501
0
0
0
0
0
0
2531
2339
0
0
0
0
0
0
2850
3216
0
0
0
0
0
0
1318
1588
0
0
0
0
0
0
1532
1219
0
0
0
0
0
0
3081
2741
0
0
0
0
0
0
2325
2571
0
0
0
0
0
0
649
1046
0
0
0
0
0
0
1923
1756
0
0
0
0
0
0
3839
3403
0
0
0
0
0
0
2091
2168
0
0
0
0
0
0
3931
291
0
0
0
0
0
0
1985
2005
0
0
0
0
0
0
579
121
0
0
0
0
0
0
2204
2090
0
0
0
0
0
0
3108
3546
0
0
0
0
0
0
1699
1908
0
0
0
0
0
0
1351
953
0
0
0
0
0
0
2657
2364
0
0
0
0
0
0
2423
2764
0
0
0
0
0
0
1098
1466
0
0
0
0
0
0
1917
1649
0
0
0
0
0
0
3384
2956
0
0
0
0
0
0
2006
2184
0
0
0
0
0
0
275
747
0
0
0
0
0
0
2165
2083
0
0
0
0
0
0
172
3775
0
0
0
0
0
0
1940
1921
0
0
0
0
0
0
3463
3957
0
0
0
0
0
0
2040
2165
0
0
0
0
0
0
1062
589
0
0
0
0
0
0
2254
2029
0
0
0
0
0
0
2631
3061
0
0
0
0
0
0
1547
1864
0
0
0
0
0
0
1798
1431
0
0
0
0
0
0
2907
2508
0
0
0
0
0
0
2026
2313
0
0
0
0
0
0
760
1223
0
0
0
0
0
0
2245
2050
0
0
0
0
0
0
3796
3288
0
0
0
0
0
0
1762
1850
0
0
0
0
0
0
3905
339
0
0
0
0
0
0
2311
2332
0
0
0
0
0
0
672
142
0
0
0
0
0
0
1900
1767
0
0
0
0
0
0
2949
3457
0
0
0
0
0
0
1970
2211
0
0
0
0
0
0
1563
1102
0
0
0
0
0
0
2432
2091
0
0
0
0
0
0
2163
2559
0
0
0
0
0
0
1268
1695
0
0
0
0
0
0
2212
1902
0
0
0
0
0
0
3276
2781
0
0
0
0
0
0
1688
1896
0
0
0
0
0
0
316
859
0
0
0
0
0
0
2488
2393
0
0
0
0
0
0
199
3728
0
0
0
0
0
0
1624
1601
0
0
0
0
0
0
3372
3938
0
0
0
0
0
0
2336
2478
0
0
0
0
0
0
1216
673
0
0
0
0
0
0
1992
1734
0
0
0
0
0
0
2423
2916
0
0
0
0
0
0
1766
2128
0
0
0
0
0
0
2051
1630
0
0
0
0
0
0
2741
2289
0
0
0
0
0
0
1739
2068
0
0
0
0
0
0
864
1390
0
0
0
0
0
0
2551
2330
0
0
0
0
0
0
3754
3179
0
0
0
0
0
0
1448
1550
0
0
0
0
0
0
3878
385
0
0
0
0
0
0
2615
2640
0
0
0
0
0
0
762
161
0
0
0
0
0
0
1614
1463
0
0
0
0
0
0
2803
3377
0
0
0
0
0
0
2223
2494
0
0
0
0
0
0
1763
1243
0
0
0
0
0
0
2223
1840
0
0
0
0
0
0
1922
2366
0
0
0
0
0
0
1426
1905
0
0
0
0
0
0
2485
2137
0
0
0
0
0
0
3176
2621
0
0
0
0
0
0
1397
1629
0
0
0
0
0
0
353
962
0
0
0
0
0
0
2787
2680
0
0
0
0
0
0
223
3684
0
0
0
0
0
0
1333
1308
0
0
0
0
0
0
3286
3921
0
0
0
0
0
0
2609
2768
0
0
0
0
0
0
1355
752
0
0
0
0
0
0
1751
1464
0
0
0
0
0
0
2233
2782
0
0
0
0
0
0
1965
2368
0
0
0
0
0
0
2281
1814
0
0
0
0
0
0
2592
2087
0
0
0
0
0
0
1478
1843
0
0
0
0
0
0
960
1543
0
0
0
0
0
0
2828
2584
0
0
0
0
0
0
3719
3080
0
0
0
0
0
0
1165
1278
0
0
0
0
0
0
3857
427
0
0
0
0
0
0
2892
2918
0
0
0
0
0
0
842
177
0
0
0
0
0
0
1358
1193
0
0
0
0
0
0
2670
3302
0
0
0
0
0
0
2450
2749
0
0
0
0
0
0
1941
1368
0
0
0
0
0
0
2034
1614
0
0
0
0
0
0
1704
2193
0
0
0
0
0
0
1567
2094
0
0
0
0
0
0
2727
2345
0
0
0
0
0
0
3087
2478
0
0
0
0
0
0
1136
1392
0
0
0
0
0
0
388
1055
0
0
0
0
0
0
3051
2935
0
0
0
0
0
0
243
3646
0
0
0
0
0
0
1075
1048
0
0
0
0
0
0
3212
3905
0
0
0
0
0
0
2848
3019
0
0
0
0
0
0
1478
819
0
0
0
0
0
0
1540
1229
0
0
0
0
0
0
2068
2666
0
0
0
0
0
0
2138
2576
0
0
0
0
0
0
2480
1972
0
0
0
0
0
0
2462
1915
0
0
0
0
0
0
1255
1651
0
0
0
0
0
0
1041
1675
0
0
0
0
0
0
3066
2801
0
0
0
0
0
0
3687
2995
0
0
0
0
0
0
923
1045
0
0
0
0
0
0
3837
460
0
0
0
0
0
0
3127
3155
0
0
0
0
0
0
909
192
0
0
0
0
0
0
1138
960
0
0
0
0
0
0
2557
3241
0
0
0
0
0
0
2642
2963
0
0
0
0
0
0
2094
1475
0
0
0
0
0
0
1876
1423
0
0
0
0
0
0
1523
2050
0
0
0
0
0
0
1684
2250
0
0
0
0
0
0
2930
2521
0
0
0
0
0
0
3013
2358
0
0
0
0
0
0
920
1194
0
0
0
0
0
0
416
1131
0
0
0
0
0
0
3270
3145
0
0
0
0
0
0
260
3613
0
0
0
0
0
0
862
834
0
0
0
0
0
0
3151
3892
0
0
0
0
0
0
3042
3226
0
0
0
0
0
0
1580
877
0
0
0
0
0
0
1367
1035
0
0
0
0
0
0
1934
2572
0
0
0
0
0
0
2280
2747
0
0
0
0
0
0
2643
2100
0
0
0
0
0
0
2354
1772
0
0
0
0
0
0
1072
1495
0
0
0
0
0
0
1108
1781
0
0
0
0
0
0
3259
2976
0
0
0
0
0
0
3661
2926
0
0
0
0
0
0
728
859
0
0
0
0
0
0
3822
490
0
0
0
0
0
0
3314
3345
0
0
0
0
0
0
964
203
0
0
0
0
0
0
966
778
0
0
0
0
0
0
2470
3192
0
0
0
0
0
0
2792
3134
0
0
0
0
0
0
2211
1557
0
0
0
0
0
0
1752
1273
0
0
0
0
0
0
1381
1938
0
0
0
0
0
0
1777
2373
0
0
0
0
0
0
3088
2656
0
0
0
0
0
0
2955
2267
0
0
0
0
0
0
754
1043
0
0
0
0
0
0
438
1190
0
0
0
0
0
0
3438
3305
0
0
0
0
0
0
274
3590
0
0
0
0
0
0
703
672
0
0
0
0
0
0
3105
3882
0
0
0
0
0
0
3190
3383
0
0
0
0
0
0
1656
919
0
0
0
0
0
0
1238
891
0
0
0
0
0
0
1833
2500
0
0
0
0
0
0
2384
2872
0
0
0
0
0
0
2763
2196
0
0
0
0
0
0
2278
1670
0
0
0
0
0
0
941
1382
0
0
0
0
0
0
1155
1858
0
0
0
0
0
0
3399
3104
0
0
0
0
0
0
3645
2879
0
0
0
0
0
0
590
725
0
0
0
0
0
0
3811
510
0
0
0
0
0
0
3447
3477
0
0
0
0
0
0
1001
211
0
0
0
0
0
0
846
649
0
0
0
0
0
0
2407
3157
0
0
0
0
0
0
2897
3250
0
0
0
0
0
0
2292
1615
0
0
0
0
0
0
1668
1172
0
0
0
0
0
0
1286
1862
0
0
0
0
0
0
1840
2455
0
0
0
0
0
0
3193
2746
0
0
0
0
0
0
2918
2205
0
0
0
0
0
0
643
943
0
0
0
0
0
0
453
1228
0
0
0
0
0
0
3547
3409
0
0
0
0
0
0
282
3573
0
0
0
0
0
0
599
567
0
0
0
0
0
0
3075
3875
0
0
0
0
0
0
3283
3482
0
0
0
0
0
0
1702
944
0
0
0
0
0
0
1160
803
0
0
0
0
0
0
1772
2457
0
0
0
0
0
0
2448
2950
0
0
0
0
0
0
2834
2252
0
0
0
0
0
0
2232
1609
0
0
0
0
0
0
863
1316
0
0
0
0
0
0
1184
1903
0
0
0
0
0
0
3478
3176
0
0
0
0
0
0
3633
2851
0
0
0
0
0
0
511
650
0
0
0
0
0
0
3805
520
0
0
0
0
0
0
3519
3551
0
0
0
0
0
0
1022
214
0
0
0
0
0
0
781
582
0
0
0
0
0
0
2375
3140
0
0
0
0
0
0
2952
3311
0
0
0
0
0
0
2333
1644
0
0
0
0
0
0
1626
1121
0
0
0
0
0
0
1238
1823
0
0
0
0
0
0
1869
2496
0
0
0
0
0
0
3244
2789
0
0
0
0
0
0
2899
2177
0
0
0
0
0
0
593
899
0
0
0
0
0
0
459
1245
0
0
0
0
0
0
3594
3454
0
0
0
0
0
0
287
3567
0
0
0
0
0
0
556
525
0
0
0
0
0
0
3065
3874
0
0
0
0
0
0
3318
3518
0
0
0
0
0
0
1719
952
0
0
0
0
0
0
1132
772
0
0
0
0
0
0
1751
2443
0
0
0
0
0
0
2468
2973
0
0
0
0
0
0
2856
2269
0
0
0
0
0
0
2219
1592
0
0
0
0
0
0
842
1297
0
0
0
0
0
0
1191
1913
0
0
0
0
0
0
3497
3192
0
0
0
0
0
0
3630
2844
0
0
0
0
0
0
498
638
0
0
0
0
0
0
3804
524
0
0
0
0
0
0
3530
3562
0
0
0
0
0
0
1024
216
0
0
0
0
0
0
774
575
0
0
0
0
0
0
2373
3138
0
0
0
0
0
0
2953
3312
0
0
0
0
0
0
2333
1645
0
0
0
0
0
0
1627
1123
0
0
0
0
0
0
1242
1827
0
0
0
0
0
0
1865
2491
0
0
0
0
0
0
3237
2782
0
0
0
0
0
0
2904
2183
0
0
0
0
0
0
607
910
0
0
0
0
0
0
456
1241
0
0
0
0
0
0
3577
3438
0
0
0
0
0
0
284
3570
0
0
0
0
0
0
577
548
0
0
0
0
0
0
3072
3875
0
0
0
0
0
0
3295
3494
0
0
0
0
0
0
1707
945
0
0
0
0
0
0
1155
798
0
0
0
0
0
0
1771
2457
0
0
0
0
0
0
2446
2945
0
0
0
0
0
0
2828
2247
0
0
0
0
0
0
2238
1617
0
0
0
0
0
0
878
1329
0
0
0
0
0
0
1177
1892
0
0
0
0
0
0
3454
3152
0
0
0
0
0
0
3636
2859
0
0
0
0
0
0
546
684
0
0
0
0
0
0
3806
515
0
0
0
0
0
0
3479
3509
0
0
0
0
0
0
1009
213
0
0
0
0
0
0
828
632
0
0
0
0
0
0
2401
3153
0
0
0
0
0
0
2902
3256
0
0
0
0
0
0
2293
1614
0
0
0
0
0
0
1672
1178
0
0
0
0
0
0
1296
1871
0
0
0
0
0
0
1829
2442
0
0
0
0
0
0
3171
2726
0
0
0
0
0
0
2928
2222
0
0
0
0
0
0
680
977
0
0
0
0
0
0
447
1213
0
0
0
0
0
0
3497
3361
0
0
0
0
0
0
278
3581
0
0
0
0
0
0
660
631
0
0
0
0
0
0
3095
3881
0
0
0
0
0
0
3215
3407
0
0
0
0
0
0
1664
922
0
0
0
0
0
0
1230
884
0
0
0
0
0
0
1834
2502
0
0
0
0
0
0
2378
2865
0
0
0
0
0
0
2750
2184
0
0
0
0
0
0
2292
1688
0
0
0
0
0
0
970
1408
0
0
0
0
0
0
1142
1836
0
0
0
0
0
0
3349
3058
0
0
0
0
0
0
3650
2898
0
0
0
0
0
0
656
790
0
0
0
0
0
0
3818
499
0
0
0
0
0
0
3366
3394
0
0
0
0
0
0
976
205
0
0
0
0
0
0
935
748
0
0
0
0
0
0
2459
3187
0
0
0
0
0
0
2802
3143
0
0
0
0
0
0
2212
1557
0
0
0
0
0
0
1759
1282
0
0
0
0
0
0
1397
1951
0
0
0
0
0
0
1762
2352
0
0
0
0
0
0
3052
2624
0
0
0
0
0
0
2972
2293
0
0
0
0
0
0
813
1100
0
0
0
0
0
0
429
1166
0
0
0
0
0
0
3357
3225
0
0
0
0
0
0
266
3602
0
0
0
0
0
0
801
774
0
0
0
0
0
0
3137
3889
0
0
0
0
0
0
3078
3263
0
0
0
0
0
0
1591
882
0
0
0
0
0
0
1356
1024
0
0
0
0
0
0
1933
2572
0
0
0
0
0
0
2273
2738
0
0
0
0
0
0
2625
2085
0
0
0
0
0
0
2372
1798
0
0
0
0
0
0
1117
1534
0
0
0
0
0
0
1089
1749
0
0
0
0
0
0
3190
2912
0
0
0
0
0
0
3672
2955
0
0
0
0
0
0
824
952
0
0
0
0
0
0
3831
476
0
0
0
0
0
0
3197
3223
0
0
0
0
0
0
926
194
0
0
0
0
0
0
1099
920
0
0
0
0
0
0
2544
3234
0
0
0
0
0
0
2654
2977
0
0
0
0
0
0
2093
1474
0
0
0
0
0
0
1884
1434
0
0
0
0
0
0
1544
2067
0
0
0
0
0
0
1664
2221
0
0
0
0
0
0
2882
2476
0
0
0
0
0
0
3034
2395
0
0
0
0
0
0
999
1269
0
0
0
0
0
0
404
1099
0
0
0
0
0
0
3161
3037
0
0
0
0
0
0
251
3631
0
0
0
0
0
0
998
972
0
0
0
0
0
0
3195
3902
0
0
0
0
0
0
2891
3064
0
0
0
0
0
0
1493
826
0
0
0
0
0
0
1525
1214
0
0
0
0
0
0
2068
2667
0
0
0
0
0
0
2129
2564
0
0
0
0
0
0
2458
1952
0
0
0
0
0
0
2483
1946
0
0
0
0
0
0
1310
1702
0
0
0
0
0
0
1017
1634
0
0
0
0
0
0
2978
2718
0
0
0
0
0
0
3700
3032
0
0
0
0
0
0
1046
1164
0
0
0
0
0
0
3849
443
0
0
0
0
0
0
2977
3002
0
0
0
0
0
0
862
181
0
0
0
0
0
0
1310
1143
0
0
0
0
0
0
2653
3294
0
0
0
0
0
0
2464
2763
0
0
0
0
0
0
1944
1368
0
0
0
0
0
0
2044
1627
0
0
0
0
0
0
1730
2216
0
0
0
0
0
0
1541
2058
0
0
0
0
0
0
2668
2293
0
0
0
0
0
0
3115
2522
0
0
0
0
0
0
1235
1484
0
0
0
0
0
0
374
1014
0
0
0
0
0
0
2916
2802
0
0
0
0
0
0
231
3667
0
0
0
0
0
0
1239
1215
0
0
0
0
0
0
3265
3917
0
0
0
0
0
0
2660
2820
0
0
0
0
0
0
1373
760
0
0
0
0
0
0
1733
1447
0
0
0
0
0
0
2233
2783
0
0
0
0
0
0
1954
2353
0
0
0
0
0
0
2253
1790
0
0
0
0
0
0
2618
2126
0
0
0
0
0
0
1545
1903
0
0
0
0
0
0
931
1496
0
0
0
0
0
0
2722
2485
0
0
0
0
0
0
3735
3124
0
0
0
0
0
0
1308
1419
0
0
0
0
0
0
3870
402
0
0
0
0
0
0
2714
2736
0
0
0
0
0
0
785
164
0
0
0
0
0
0
1559
1408
0
0
0
0
0
0
2783
3366
0
0
0
0
0
0
2240
2512
0
0
0
0
0
0
1765
1242
0
0
0
0
0
0
2233
1854
0
0
0
0
0
0
1951
2391
0
0
0
0
0
0
1397
1865
0
0
0
0
0
0
2416
2075
0
0
0
0
0
0
3207
2672
0
0
0
0
0
0
1507
1735
0
0
0
0
0
0
338
917
0
0
0
0
0
0
2634
2530
0
0
0
0
0
0
208
3708
0
0
0
0
0
0
1521
1501
0
0
0
0
0
0
3349
3935
0
0
0
0
0
0
2395
2538
0
0
0
0
0
0
1235
683
0
0
0
0
0
0
1972
1715
0
0
0
0
0
0
2423
2917
0
0
0
0
0
0
1754
2111
0
0
0
0
0
0
2020
1604
0
0
0
0
0
0
2771
2330
0
0
0
0
0
0
1811
2132
0
0
0
0
0
0
832
1337
0
0
0
0
0
0
2434
2221
0
0
0
0
0
0
3772
3226
0
0
0
0
0
0
1609
1708
0
0
0
0
0
0
3894
360
0
0
0
0
0
0
2417
2436
0
0
0
0
0
0
698
146
0
0
0
0
0
0
1839
1704
0
0
0
0
0
0
2929
3449
0
0
0
0
0
0
1990
2231
0
0
0
0
0
0
1566
1101
0
0
0
0
0
0
2445
2109
0
0
0
0
0
0
2195
2586
0
0
0
0
0
0
1236
1650
0
0
0
0
0
0
2136
1835
0
0
0
0
0
0
3310
2837
0
0
0
0
0
0
1811
2012
0
0
0
0
0
0
297
808
0
0
0
0
0
0
2322
2230
0
0
0
0
0
0
183
3755
0
0
0
0
0
0
1830
1812
0
0
0
0
0
0
3438
3954
0
0
0
0
0
0
2103
2229
0
0
0
0
0
0
1084
600
0
0
0
0
0
0
2234
2008
0
0
0
0
0
0
2630
3063
0
0
0
0
0
0
1534
1847
0
0
0
0
0
0
1765
1401
0
0
0
0
0
0
2939
2554
0
0
0
0
0
0
2102
2382
0
0
0
0
0
0
725
1167
0
0
0
0
0
0
2120
1933
0
0
0
0
0
0
3813
3338
0
0
0
0
0
0
1934
2019
0
0
0
0
0
0
3920
311
0
0
0
0
0
0
2098
2115
0
0
0
0
0
0
605
126
0
0
0
0
0
0
2140
2024
0
0
0
0
0
0
3086
3535
0
0
0
0
0
0
1720
1928
0
0
0
0
0
0
1352
951
0
0
0
0
0
0
2670
2380
0
0
0
0
0
0
2457
2795
0
0
0
0
0
0
1064
1421
0
0
0
0
0
0
1838
1578
0
0
0
0
0
0
3420
3012
0
0
0
0
0
0
2133
2305
0
0
0
0
0
0
254
693
0
0
0
0
0
0
1989
1909
0
0
0
0
0
0
156
3803
0
0
0
0
0
0
2158
2143
0
0
0
0
0
0
3533
3974
0
0
0
0
0
0
1796
1902
0
0
0
0
0
0
923
511
0
0
0
0
0
0
2509
2317
0
0
0
0
0
0
2848
3217
0
0
0
0
0
0
1304
1569
0
0
0
0
0
0
1500
1190
0
0
0
0
0
0
3113
2786
0
0
0
0
0
0
2406
2644
0
0
0
0
0
0
614
987
0
0
0
0
0
0
1793
1635
0
0
0
0
0
0
3857
3455
0
0
0
0
0
0
2270
2343
0
0
0
0
0
0
3948
262
0
0
0
0
0
0
1766
1780
0
0
0
0
0
0
508
105
0
0
0
0
0
0
2452
2356
0
0
0
0
0
0
3248
3625
0
0
0
0
0
0
1442
1617
0
0
0
0
0
0
1132
796
0
0
0
0
0
0
2903
2661
0
0
0
0
0
0
2725
3008
0
0
0
0
0
0
888
1187
0
0
0
0
0
0
1531
1314
0
0
0
0
0
0
3531
3193
0
0
0
0
0
0
2461
2606
0
0
0
0
0
0
212
576
0
0
0
0
0
0
1651
1586
0
0
0
0
0
0
128
3851
0
0
0
0
0
0
2490
2478
0
0
0
0
0
0
3630
3994
0
0
0
0
0
0
1483
1570
0
0
0
0
0
0
761
421
0
0
0
0
0
0
2788
2630
0
0
0
0
0
0
3069
3372
0
0
0
0
0
0
1072
1291
0
0
0
0
0
0
1231
976
0
0
0
0
0
0
3290
3021
0
0
0
0
0
0
2711
2906
0
0
0
0
0
0
502
807
0
0
0
0
0
0
1464
1335
0
0
0
0
0
0
3900
3573
0
0
0
0
0
0
2607
2667
0
0
0
0
0
0
3976
214
0
0
0
0
0
0
1435
1446
0
0
0
0
0
0
414
86
0
0
0
0
0
0
2761
2683
0
0
0
0
0
0
3408
3714
0
0
0
0
0
0
1166
1306
0
0
0
0
0
0
913
642
0
0
0
0
0
0
3133
2938
0
0
0
0
0
0
2991
3219
0
0
0
0
0
0
714
952
0
0
0
0
0
0
1229
1055
0
0
0
0
0
0
3643
3371
0
0
0
0
0
0
2789
2904
0
0
0
0
0
0
169
459
0
0
0
0
0
0
1318
1265
0
0
0
0
0
0
101
3900
0
0
0
0
0
0
2817
2808
0
0
0
0
0
0
3726
4016
0
0
0
0
0
0
1175
1245
0
0
0
0
0
0
603
333
0
0
0
0
0
0
3060
2936
0
0
0
0
0
0
3284
3525
0
0
0
0
0
0
846
1017
0
0
0
0
0
0
969
769
0
0
0
0
0
0
3461
3251
0
0
0
0
0
0
3007
3161
0
0
0
0
0
0
393
633
0
0
0
0
0
0
1146
1044
0
0
0
0
0
0
3943
3688
0
0
0
0
0
0
2935
2981
0
0
0
0
0
0
4001
166
0
0
0
0
0
0
1117
1125
0
0
0
0
0
0
319
64
0
0
0
0
0
0
3062
3002
0
0
0
0
0
0
3564
3801
0
0
0
0
0
0
900
1008
0
0
0
0
0
0
704
494
0
0
0
0
0
0
3355
3206
0
0
0
0
0
0
3248
3422
0
0
0
0
0
0
547
731
0
0
0
0
0
0
940
807
0
0
0
0
0
0
3750
3543
0
0
0
0
0
0
3097
3186
0
0
0
0
0
0
127
349
0
0
0
0
0
0
1001
960
0
0
0
0
0
0
78
3949
0
0
0
0
0
0
3127
3120
0
0
0
0
0
0
3816
4035
0
0
0
0
0
0
886
939
0
0
0
0
0
0
454
250
0
0
0
0
0
0
3317
3224
0
0
0
0
0
0
3485
3667
0
0
0
0
0
0
632
761
0
0
0
0
0
0
724
572
0
0
0
0
0
0
3622
3465
0
0
0
0
0
0
3285
3399
0
0
0
0
0
0
291
469
0
0
0
0
0
0
849
773
0
0
0
0
0
0
3982
3793
0
0
0
0
0
0
3238
3273
0
0
0
0
0
0
4026
122
0
0
0
0
0
0
819
825
0
0
0
0
0
0
234
48
0
0
0
0
0
0
3339
3294
0
0
0
0
0
0
3707
3880
0
0
0
0
0
0
654
732
0
0
0
0
0
0
510
359
0
0
0
0
0
0
3558
3450
0
0
0
0
0
0
3483
3610
0
0
0
0
0
0
394
527
0
0
0
0
0
0
676
580
0
0
0
0
0
0
3846
3697
0
0
0
0
0
0
3380
3444
0
0
0
0
0
0
90
249
0
0
0
0
0
0
712
683
0
0
0
0
0
0
53
3990
0
0
0
0
0
0
3408
3403
0
0
0
0
0
0
3897
4052
0
0
0
0
0
0
625
662
0
0
0
0
0
0
318
175
0
0
0
0
0
0
3548
3484
0
0
0
0
0
0
3669
3796
0
0
0
0
0
0
440
530
0
0
0
0
0
0
503
398
0
0
0
0
0
0
3767
3658
0
0
0
0
0
0
3535
3615
0
0
0
0
0
0
200
322
0
0
0
0
0
0
583
531
0
0
0
0
0
0
4018
3888
0
0
0
0
0
0
3509
3533
0
0
0
0
0
0
4048
83
0
0
0
0
0
0
557
561
0
0
0
0
0
0
158
32
0
0
0
0
0
0
3585
3555
0
0
0
0
0
0
3834
3950
0
0
0
0
0
0
438
491
0
0
0
0
0
0
341
239
0
0
0
0
0
0
3736
3664
0
0
0
0
0
0
3687
3772
0
0
0
0
0
0
261
348
0
0
0
0
0
0
446
382
0
0
0
0
0
0
3931
3834
0
0
0
0
0
0
3626
3668
0
0
0
0
0
0
58
162
0
0
0
0
0
0
464
444
0
0
0
0
0
0
34
4026
0
0
0
0
0
0
3651
3649
0
0
0
0
0
0
3967
4067
0
0
0
0
0
0
399
422
0
0
0
0
0
0
202
110
0
0
0
0
0
0
3747
3705
0
0
0
0
0
0
3824
3905
0
0
0
0
0
0
277
333
0
0
0
0
0
0
315
249
0
0
0
0
0
0
3889
3820
0
0
0
0
0
0
3746
3796
0
0
0
0
0
0
124
199
0
0
0
0
0
0
359
327
0
0
0
0
0
0
4046
3966
0
0
0
0
0
0
3736
3751
0
0
0
0
0
0
4065
49
0
0
0
0
0
0
335
338
0
0
0
0
0
0
94
18
0
0
0
0
0
0
3788
3770
0
0
0
0
0
0
3938
4008
0
0
0
0
0
0
260
290
0
0
0
0
0
0
200
140
0
0
0
0
0
0
3883
3842
0
0
0
0
0
0
3856
3906
0
0
0
0
0
0
150
201
0
0
0
0
0
0
256
220
0
0
0
0
0
0
4000
3944
0
0
0
0
0
0
3826
3851
0
0
0
0
0
0
32
91
0
0
0
0
0
0
260
249
0
0
0
0
0
0
18
4056
0
0
0
0
0
0
3846
3846
0
0
0
0
0
0
4024
4080
0
0
0
0
0
0
218
231
0
0
0
0
0
0
109
59
0
0
0
0
0
0
3905
3884
0
0
0
0
0
0
3948
3991
0
0
0
0
0
0
147
177
0
0
0
0
0
0
166
131
0
0
0
0
0
0
3985
3950
0
0
0
0
0
0
3911
3938
0
0
0
0
0
0
63
103
0
0
0
0
0
0
183
165
0
0
0
0
0
0
4068
4028
0
0
0
0
0
0
3912
3920
0
0
0
0
0
0
4079
23
0
0
0
0
0
0
167
167
0
0
0
0
0
0
45
8
0
0
0
0
0
0
3944
3935
0
0
0
0
0
0
4018
4052
0
0
0
0
0
0
123
138
0
0
0
0
0
0
94
65
0
0
0
0
0
0
3995
3975
0
0
0
0
0
0
3983
4005
0
0
0
0
0
0
69
92
0
0
0
0
0
0
115
99
0
0
0
0
0
0
4051
4025
0
0
0
0
0
0
3974
3986
0
0
0
0
0
0
13
38
0
0
0
0
0
0
112
107
0
0
0
0
0
0
6
4077
0
0
0
0
0
0
3989
3988
0
0
0
0
0
0
4064
4088
0
0
0
0
0
0
89
94
0
0
0
0
0
0
44
22
0
0
0
0
0
0
4018
4010
0
0
0
0
0
0
4037
4054
0
0
0
0
0
0
56
68
0
0
0
0
0
0
61
47
0
0
0
0
0
0
4053
4040
0
0
0
0
0
0
4026
4036
0
0
0
0
0
0
22
35
0
0
0
0
0
0
65
59
0
0
0
0
0
0
4085
4071
0
0
0
0
0
0
4032
4035
0
0
0
0
0
0
4089
6
0
0
0
0
0
0
54
54
0
0
0
0
0
0
13
1
0
0
0
0
0
0
4046
4044
0
0
0
0
0
0
4070
4080
0
0
0
0
0
0
35
41
0
0
0
0
0
0
26
17
0
0
0
0
0
0
4065
4060
0
0
0
0
0
0
4063
4070
0
0
0
0
0
0
16
22
0
0
0
0
0
0
28
24
0
0
0
0
0
0
4084
4077
0
0
0
0
0
0
4064
4067
0
0
0
0
0
0
1
7
0
0
0
0
0
0
25
23
0
0
0
0
0
0
4095
4090
0
0
0
0
0
0
4072
4072
0
0
0
0
0
0
4087
4092
0
0
0
0
0
0
15
16
0
0
0
0
0
0
5
2
0
0
0
0
0
0
4080
4078
0
0
0
0
0
0
4085
4088
0
0
0
0
0
0
7
9
0
0
0
0
0
0
7
6
0
0
0
0
0
0
4088
4086
0
0
0
0
0
0
4085
4087
0
0
0
0
0
0
1
1
0
0
0
0
0
0
5
4
0
0
0
0
0
0
4093
4092
0
0
0
0
0
0
4089
4089
0
0
0
0
0
0
4094
4095
0
0
0
0
0
0
0
0
0
0
0
0
0
0
4095
4094
0
0
0
0
0
0
4092
4091
0
0
0
0
0
0
4094
4094
0
0
0
0
0
0
0
0
0
0
0
0
0
0
4095
4095
0
0
0
0
0
0
4093
4093
0
0
0
0
0
0
4093
4093
0
0
0
0
0
0
0
0
0
0
0
0
0
0
0
4095
0
0
0
0
0
0
4094
4094
0
0
0
0
0
0
0
0
0
0
0
0
0
0
0
0
0
0
0
0
0
0
4095
4095
0
0
0
0
0
0
4095
0
0
0
0
0
0
0
0
0
0
0
0
0
0
0
0
4095
0
0
0
0
0
0
0
0
0
0
0
0
0
0
0
0
0
0
0
0
0
0
0
0
0
0
0
0
0
0
0
0
0
0
0
0
0
0
0
0
0
0
0
0
0
0
0
0
0
0
0
0
0
0
0
0
0
0
0
0
0
0
0
0
0
0
0
0
0
0
0
0
0
0
0
0
0
0
0
0
0
0
0
0
0
0
0
0
0
0
0
0
0
0
0
0
0
0
0
0
0
0
0
0
0
0
0
0
0
0
0
0
0
0
0
0
0
0
0
0
0
0
0
0
0
0
0
0
0
0
0
0
0
0
0
0
0
0
0
0
0
0
0
0
0
0
0
0
0
0
0
0
0
0
0
0
0
0
0
0
0
0
0
0
0
0
0
0
0
0
0
0
0
0
0
0
0
0
0
0
0
0
0
0
0
0
0
0
0
0
0
0
0
0
0
0
0
0
0
0
0
0
0
0
0
0
0
0
0
0
0
0
0
0
0
0
0
0
0
0
0
0
0
0
0
0
0
0
0
0
0
0
0
0
0
0
0
0
0
0
0
0
0
0
0
0
0
0
0
0
0
0
0
0
0
0
0
0
0
0
0
0
0
0
0
0
0
0
0
0
0
0
0
0
0
0
0
0
0
0
0
0
0
0
0
0
0
0
0
0
0
0
0
0
0
0
0
0
0
0
0
0
0
0
0
0
0
0
0
0
0
0
0
0
0
0
0
0
0
0
0
0
0
0
0
0
0
0
0
0
0
0
0
0
0
0
0
0
0
0
0
0
0
0
0
0
0
0
0
0
0
0
0
0
0
0
0
0
0
0
0
0
0
0
0
0
0
0
0
0
0
0
0
0
0
0
0
0
0
0
0
0
0
0
0
0
0
0
0
0
0
0
0
0
0
0
0
0
0
0
0
0
0
0
0
0
0
0
0
0
0
0
0
0
0
0
0
0
0
0
0
0
0
0
0
0
0
0
0
0
0
0
0
0
0
0
0
0
0
0
0
0
0
0
0
0
0
0
0
0
0
0
0
0
0
0
0
0
0
0
0
0
0
0
0
0
0
0
0
0
0
0
0
0
0
0
0
0
0
0
0
0
0
0
0
0
0
0
0
0
0
0
0
0
0
0
0
0
0
0
0
0
0
0
0
0
0
0
0
0
0
0
0
0
0
0
0
0
0
0
0
0
0
0
0
0
0
0
0
0
0
0
0
0
0
0
0
0
0
0
0
0
0
0
0
0
0
0
0
0
0
0
0
0
0
0
0
0
0
0
0
0
0
0
0
0
0
0
0
0
0
0
0
0
0
0
0
0
0
0
0
0
0
0
0
0
0
0
0
0
0
0
0
0
0
0
0
0
0
0
0
0
0
0
0
0
0
0
0
0
0
0
0
0
0
0
0
0
0
0
0
0
0
0
0
0
0
0
0
0
0
0
0
0
0
0
0
0
0
0
0
0
0
0
0
0
0
0
0
0
0
0
0
0
0
0
0
0
0
0
0
0
0
0
0
0
0
0
0
0
0
0
0
0
0
0
0
0
0
0
0
0
0
0
0
0
0
0
0
0
0
0
0
0
0
0
0
0
0
0
0
0
0
0
0
0
0
0
0
0
0
0
0
0
0
0
0
0
0
0
0
0
0
0
0
0
0
0
0
0
0
0
0
0
0
0
0
0
0
0
0
0
0
0
0
0
0
0
0
0
0
0
0
0
0
0
0
0
0
0
0
0
0
0
0
0
0
0
0
0
0
0
0
0
0
0
0
0
0
0
0
0
0
0
0
0
0
0
0
0
0
0
0
0
0
0
0
0
0
0
0
0
0
0
0
0
0
0
0
0
0
0
0
0
0
0
0
0
0
0
0
0
0
0
0
0
0
0
0
0
0
0
0
0
0
0
0
0
0
0
0
0
0
0
0
0
0
0
0
0
0
0
0
0
0
0
0
0
0
0
0
0
0
0
0
0
0
0
0
0
0
0
0
0
0
0
0
0
0
0
0
0
0
0
0
0
0
0
0
0
0
0
0
0
0
0
0
0
0
0
0
0
0
0
0
0
0
0
0
0
0
0
0
0
0
0
0
0
0
0
0
0
0
0
0
0
0
0
0
0
0
0
0
0
0
0
0
0
0
0
0
0
0
0
0
0
0
0
0
0
0
0
0
0
0
0
0
0
0
0
0
0
0
0
0
0
0
0
0
0
0
0
0
0
0
0
0
0
0
0
0
0
0
0
0
0
0
0
0
0
0
0
0
0
0
0
0
0
0
0
0
0
0
0
0
0
0
0
0
0
0
0
0
0
0
0
0
0
0
0
0
0
0
0
0
0
0
0
0
0
0
0
0
0
0
0
0
0
0
0
0
0
0
0
0
0
0
0
0
0
0
0
0
0
0
0
0
0
0
0
0
0
0
0
0
0
0
0
0
0
0
0
0
0
0
0
0
0
0
0
0
0
0
0
0
0
0
0
0
0
0
0
0
0
0
0
0
0
0
0
0
0
0
0
0
0
0
0
0
0
0
0
0
0
0
0
0
0
0
0
0
0
0
0
0
0
0
0
0
0
0
0
0
0
0
0
0
0
0
0
0
0
0
0
0
0
0
0
0
0
0
0
0
0
0
0
0
0
0
0
0
0
0
0
0
0
0
0
0
0
0
0
0
0
0
0
0
0
0
0
0
0
0
0
0
0
0
0
0
0
0
0
0
0
0
0
0
0
0
0
0
0
0
0
0
0
0
0
0
0
0
0
0
0
0
0
0
0
0
0
0
0
0
0
0
0
0
0
0
0
0
0
0
0
0
0
0
0
0
0
0
0
0
0
0
0
0
0
0
0
0
0
0
0
0
0
0
0
0
0
0
0
0
0
0
0
0
0
0
0
0
0
0
0
0
0
0
0
0
0
0
0
0
0
0
0
0
0
0
0
0
0
0
0
0
0
0
0
0
0
0
0
0
0
0
0
0
0
0
0
0
0
0
0
0
0
0
0
0
0
0
0
0
0
0
0
0
0
0
0
0
0
0
0
0
0
0
0
0
0
0
0
0
0
0
0
0
0
0
0
0
0
0
0
0
0
0
0
0
0
0
0
0
0
0
0
0
0
0
0
0
0
0
0
0
0
0
0
0
0
0
0
0
0
0
0
0
0
0
0
0
0
0
0
0
0
0
0
0
0
0
0
0
0
0
0
0
0
0
0
0
0
0
0
0
0
0
0
0
0
0
0
0
0
0
0
0
0
0
0
0
0
0
0
0
0
0
0
0
0
0
0
0
0
0
0
0
0
0
0
0
0
0
0
0
0
0
0
0
0
0
0
0
0
0
0
0
0
0
0
0
0
0
0
0
0
0
0
0
0
0
0
0
0
0
0
0
0
0
0
0
0
0
0
0
0
0
0
0
0
0
0
0
0
0
0
0
0
0
0
0
0
0
0
0
0
0
0
0
0
0
0
0
0
0
0
0
0
0
0
0
0
0
0
0
0
0
0
0
0
0
0
0
0
0
0
0
0
0
0
0
0
0
0
0
0
0
0
0
0
0
0
0
0
0
0
0
0
0
0
0
0
0
0
0
0
0
0
0
0
0
0
0
0
0
0
0
0
0
0
0
0
0
0
0
0
0
0
0
0
0
0
0
0
0
0
0
0
0
0
0
0
0
0
0
0
0
0
0
0
0
0
0
0
0
0
0
0
0
0
0
0
0
0
0
0
0
0
0
0
0
0
0
0
0
0
0
0
0
0
0
0
0
0
0
0
0
0
0
0
0
0
0
0
0
0
0
0
0
0
0
0
0
0
0
0
0
0
0
0
0
0
0
0
0
0
0
0
0
0
0
0
0
0
0
0
0
0
0
0
0
0
0
0
0
0
0
0
0
0
0
0
0
0
0
0
0
0
0
0
0
0
0
0
0
0
0
0
0
0
0
0
0
0
0
0
0
0
0
0
0
0
0
0
0
0
0
0
0
0
0
0
0
0
0
0
0
0
0
0
0
0
0
0
0
0
0
0
0
0
0
0
0
0
0
0
0
0
0
0
0
0
0
0
0
0
0
0
0
0
0
0
0
0
0
0
0
0
0
0
0
0
0
0
0
0
0
0
0
0
0
0
0
0
0
0
0
0
0
0
0
0
0
0
0
0
0
0
0
0
0
0
0
0
0
0
0
0
0
0
0
0
0
0
0
0
0
0
0
0
0
0
0
0
0
0
0
0
0
0
0
0
0
0
0
0
0
0
0
0
0
0
0
0
0
0
0
0
0
0
0
0
0
0
0
0
0
0
0
0
0
0
0
0
0
0
0
0
0
0
0
0
0
0
0
0
0
0
0
0
0
0
0
0
0
0
0
0
0
0
0
0
0
0
0
0
0
0
0
0
0
0
0
0
0
0
0
0
0
0
0
0
0
0
0
0
0
0
0
0
0
0
0
0
0
0
0
0
0
0
0
0
0
0
0
0
0
0
0
0
0
0
0
0
0
0
0
0
0
0
0
0
0
0
0
0
0
0
0
0
0
0
0
0
0
0
0
0
0
0
0
0
0
0
0
0
0
0
0
0
0
0
0
0
0
0
0
0
0
0
0
0
0
0
0
0
0
0
0
0
0
0
0
0
0
0
0
0
0
0
0
0
0
0
0
0
0
0
0
0
0
0
0
0
0
0
0
0
0
0
0
0
0
0
0
0
0
0
0
0
0
0
0
0
0
0
0
0
0
0
0
0
0
0
0
0
0
0
0
0
0
0
0
0
0
0
0
0
0
0
0
0
0
0
0
0
0
0
0
0
0
0
0
0
0
0
0
0
0
0
0
0
0
0
0
0
0
0
0
0
0
0
0
0
0
0
0
0
0
0
0
0
0
0
0
0
0
0
0
0
0
0
0
0
0
0
0
0
0
0
0
0
0
0
0
0
0
0
0
0
0
0
0
0
0
0
0
0
0
0
0
0
0
0
0
0
0
0
0
0
0
0
0
0
0
0
0
0
0
0
0
0
0
0
0
0
0
0
0
0
0
0
0
0
0
0
0
0
0
0
0
0
0
0
0
0
0
0
0
0
0
0
0
0
0
0
0
0
0
0
0
0
0
0
0
0
0
0
0
0
0
0
0
0
0
0
0
0
0
0
0
0
0
0
0
0
0
0
0
0
0
0
0
0
0
0
0
0
0
0
0
0
0
0
0
0
0
0
0
0
0
0
0
0
0
0
0
0
0
0
0
0
0
0
0
0
0
0
0
0
0
0
0
0
0
0
0
0
0
0
0
0
0
0
0
0
0
0
0
0
0
0
0
0
0
0
0
0
0
0
0
0
0
0
0
0
0
0
0
0
0
0
0
0
0
0
0
0
0
0
0
0
0
0
0
0
0
0
0
0
0
0
0
0
0
0
0
0
0
0
0
0
0
0
0
0
0
0
0
0
0
0
0
0
0
0
0
0
0
0
0
0
0
0
0
0
0
0
0
0
0
0
0
0
0
0
0
0
0
0
0
0
0
0
0
0
0
0
0
0
0
0
0
0
0
0
0
0
0
0
0
0
0
0
0
0
0
0
0
0
0
0
0
0
0
0
0
0
0
0
0
0
0
0
0
0
0
0
0
0
0
0
0
0
0
0
0
0
0
0
0
0
0
0
0
0
0
0
0
0
0
0
0
0
0
0
0
0
0
0
0
0
0
0
0
0
0
0
0
0
0
0
0
0
0
0
0
0
0
0
0
0
0
0
0
0
0
0
0
0
0
0
0
0
0
0
0
0
0
0
0
0
0
0
0
0
0
0
0
0
0
0
0
0
0
0
0
0
0
0
0
0
0
0
0
0
0
0
0
0
0
0
0
0
0
0
0
0
0
0
0
0
0
0
0
0
0
0
0
0
0
0
0
0
0
0
0
0
0
0
0
0
0
0
0
0
0
0
0
0
0
0
0
0
0
0
0
0
0
0
0
0
0
0
0
0
0
0
0
0
0
0
0
0
0
0
0
0
0
0
0
0
0
0
0
0
0
0
0
0
0
0
0
0
0
0
0
0
0
0
0
0
0
0
0
0
0
0
0
0
0
0
0
0
0
0
0
0
0
0
0
0
0
0
0
0
0
0
0
0
0
0
0
0
0
0
0
0
0
0
0
0
0
0
0
0
0
0
0
0
0
0
0
0
0
0
0
0
0
0
0
0
0
0
0
0
0
0
0
0
0
0
0
0
0
0
0
0
0
0
0
0
0
0
0
0
0
0
0
0
0
0
0
0
0
0
0
0
0
0
0
0
0
0
0
0
0
0
0
0
0
0
0
0
0
0
0
0
0
0
0
0
0
0
0
0
0
0
0
0
0
0
0
0
0
0
0
0
0
0
0
0
0
0
0
0
0
0
0
0
0
0
0
0
0
0
0
0
0
0
0
0
0
0
0
0
0
0
0
0
0
0
0
0
0
0
0
0
0
0
0
0
0
0
0
0
0
0
0
0
0
0
0
0
0
0
0
0
0
0
0
0
0
0
0
0
0
0
0
0
0
0
0
0
0
0
0
0
0
0
0
0
0
0
0
0
0
0
0
0
0
0
0
0
0
0
0
0
0
0
0
0
0
0
0
0
0
0
0
0
0
0
0
0
0
0
0
0
0
0
0
0
0
0
0
0
0
0
0
0
0
0
0
0
0
0
0
0
0
0
0
0
0
0
0
0
0
0
0
0
0
0
0
0
0
0
0
0
0
0
0
0
0
0
0
0
0
0
0
0
0
0
0
0
0
0
0
0
0
0
0
0
0
0
0
0
0
0
0
0
0
0
0
0
0
0
0
0
0
0
0
0
0
0
0
0
0
0
0
0
0
0
0
0
0
0
0
0
0
0
0
0
0
0
0
0
0
0
0
0
0
0
0
0
0
0
0
0
0
0
0
0
0
0
0
0
0
0
0
0
0
0
0
0
0
0
0
0
0
0
0
0
0
0
0
0
0
0
0
0
0
0
0
0
0
0
0
0
0
0
0
0
0
0
0
0
0
0
0
0
0
0
0
0
0
0
0
0
0
0
0
0
0
0
0
0
0
0
0
0
0
0
0
0
0
0
0
0
0
0
0
0
0
0
0
0
0
0
0
0
0
0
0
0
0
0
0
0
0
0
0
0
0
0
0
0
0
0
0
0
0
0
0
0
0
0
0
0
0
0
0
0
0
0
0
0
0
0
0
0
0
0
0
0
0
0
0
0
0
0
0
0
0
0
0
0
0
0
0
0
0
0
0
0
0
0
0
0
0
0
0
0
0
0
0
0
0
0
0
0
0
0
0
0
0
0
0
0
0
0
0
0
0
0
0
0
0
0
0
0
0
0
0
0
0
0
0
0
0
0
0
0
0
0
0
0
0
0
0
0
0
0
0
0
0
0
0
0
0
0
0
0
0
0
0
0
0
0
0
0
0
0
0
0
0
0
0
0
0
0
0
0
0
0
0
0
0
0
0
0
0
0
0
0
0
0
0
0
0
0
0
0
0
0
0
0
0
0
0
0
0
0
0
0
0
0
0
0
0
0
0
0
0
0
0
0
0
0
0
0
0
0
0
0
0
0
0
0
0
0
0
0
0
0
0
0
0
0
0
0
0
0
0
0
0
0
0
0
0
0
0
0
0
0
0
0
0
0
0
0
0
0
0
0
0
0
0
0
0
0
0
0
0
0
0
0
0
0
0
0
0
0
0
0
0
0
0
0
0
0
0
0
0
0
0
0
0
0
0
0
0
0
0
0
0
0
0
0
0
0
0
0
0
0
0
0
0
0
0
0
0
0
0
0
0
0
0
0
0
0
0
0
0
0
0
0
0
0
0
0
0
0
0
0
0
0
0
0
0
0
0
0
0
0
0
0
0
0
0
0
0
0
0
0
0
0
0
0
0
0
0
0
0
0
0
0
0
0
0
0
0
0
0
0
0
0
0
0
0
0
0
0
0
0
0
0
0
0
0
0
0
0
0
0
0
0
0
0
0
0
0
0
0
0
0
0
0
0
0
0
0
0
0
0
0
0
0
0
0
0
0
0
0
0
0
0
0
0
0
0
0
0
0
0
0
0
0
0
0
0
0
0
0
0
0
0
0
0
0
0
0
0
0
0
0
0
0
0
0
0
0
0
0
0
0
0
0
0
0
0
0
0
0
0
0
0
0
0
0
0
0
0
0
0
0
0
0
0
0
0
0
0
0
0
0
0
0
0
0
0
0
0
0
0
0
0
0
0
0
0
0
0
0
0
0
0
0
0
0
0
0
0
0
0
0
0
0
0
0
0
0
0
0
0
0
0
0
0
0
0
0
0
0
0
0
0
0
0
0
0
0
0
0
0
0
0
0
0
0
0
0
0
0
0
0
0
0
0
0
0
0
0
0
0
0
0
0
0
0
0
0
0
0
0
0
0
0
0
0
0
0
0
0
0
0
0
0
0
0
0
0
0
0
0
0
0
0
0
0
0
0
0
0
0
0
0
0
0
0
0
0
0
0
0
0
0
0
0
0
0
0
0
0
0
0
0
0
0
0
0
0
0
0
0
0
0
0
0
0
0
0
0
0
0
0
0
0
0
0
0
0
0
0
0
0
0
0
0
0
0
0
0
0
0
0
0
0
0
0
0
0
0
0
0
0
0
0
0
0
0
0
0
0
0
0
0
0
0
0
0
0
0
0
0
0
0
0
0
0
0
0
0
0
0
0
0
0
0
0
0
0
0
0
0
0
0
0
0
0
0
0
0
0
0
0
0
0
0
0
0
0
0
0
0
0
0
0
0
0
0
0
0
0
0
0
0
0
0
0
0
0
0
0
0
0
0
0
0
0
0
0
0
0
0
0
0
0
0
0
0
0
0
0
0
0
0
0
0
0
0
0
0
0
0
0
0
0
0
0
0
0
0
0
0
0
0
0
0
0
0
0
0
0
0
0
0
0
0
0
0
0
0
0
0
0
0
0
0
0
0
0
0
0
0
0
0
0
0
0
0
0
0
0
0
0
0
0
0
0
0
0
0
0
0
0
0
0
0
0
0
0
0
0
0
0
0
0
0
0
0
0
0
0
0
0
0
0
0
0
0
0
0
0
0
0
0
0
0
0
0
0
0
0
0
0
0
0
0
0
0
0
0
0
0
0
0
0
0
0
0
0
0
0
0
0
0
0
0
0
0
0
0
0
0
0
0
0
0
0
0
0
0
0
0
0
0
0
0
0
0
0
0
0
0
0
0
0
0
0
0
0
0
0
0
0
0
0
0
0
0
0
0
0
0
0
0
0
0
0
0
0
0
0
0
0
0
0
0
0
0
0
0
0
0
0
0
0
0
0
0
0
0
0
0
0
0
0
0
0
0
0
0
0
0
0
0
0
0
0
0
0
0
0
0
0
0
0
0
0
0
0
0
0
0
0
0
0
0
0
0
0
0
0
0
0
0
0
0
0
0
0
0
0
0
0
0
0
0
0
0
0
0
0
0
0
0
0
0
0
0
0
0
0
0
0
0
0
0
0
0
0
0
0
0
0
0
0
0
0
0
0
0
0
0
0
0
0
0
0
0
0
0
0
0
0
0
0
0
0
0
0
0
0
0
0
0
0
0
0
0
0
0
0
0
0
0
0
0
0
0
0
0
0
0
0
0
0
0
0
0
0
0
0
0
0
0
0
0
0
0
0
0
0
0
0
0
0
0
0
0
0
0
0
0
0
0
0
0
0
0
0
0
0
0
0
0
0
0
0
0
0
0
0
0
0
0
0
0
0
0
0
0
0
0
0
0
0
0
0
0
0
0
0
0
0
0
0
0
0
0
0
0
0
0
0
0
0
0
0
0
0
0
0
0
0
0
0
0
0
0
0
0
0
0
0
0
0
0
0
0
0
0
0
0
0
0
0
0
0
0
0
0
0
0
0
0
0
0
0
0
0
0
0
0
0
0
0
0
0
0
0
0
0
0
0
0
0
0
0
0
0
0
0
0
0
0
0
0
0
0
0
0
0
0
0
0
0
0
0
0
0
0
0
0
0
0
0
0
0
0
0
0
0
0
0
0
0
0
0
0
0
0
0
0
0
0
0
0
0
0
0
0
0
0
0
0
0
0
0
0
0
0
0
0
0
0
0
0
0
0
0
0
0
0
0
0
0
0
0
0
0
0
0
0
0
0
0
0
0
0
0
0
0
0
0
0
0
0
0
0
0
0
0
0
0
0
0
0
0
0
0
0
0
0
0
0
0
0
0
0
0
0
0
0
0
0
0
0
0
0
0
0
0
0
0
0
0
0
0
0
0
0
0
0
0
0
0
0
0
0
0
0
0
0
0
0
0
0
0
0
0
0
0
0
0
0
0
0
0
0
0
0
0
0
0
0
0
0
0
0
0
0
0
0
0
0
0
0
0
0
0
0
0
0
0
0
0
0
0
0
0
0
0
0
0
0
0
0
0
0
0
0
0
0
0
0
0
0
0
0
0
0
0
0
0
0
0
0
0
0
0
0
0
0
0
0
0
0
0
0
0
0
0
0
0
0
0
0
0
0
0
0
0
0
0
0
0
0
0
0
0
0
0
0
0
0
0
0
0
0
0
0
0
0
0
0
0
0
0
0
0
0
0
0
0
0
0
0
0
0
0
0
0
0
0
0
0
0
0
0
0
0
0
0
0
0
0
0
0
0
0
0
0
0
0
0
0
0
0
0
0
0
0
0
0
0
0
0
0
0
0
0
0
0
0
0
0
0
0
0
0
0
0
0
0
0
0
0
0
0
0
0
0
0
0
0
0
0
0
0
0
0
0
0
0
0
0
0
0
0
0
0
0
0
0
0
0
0
0
0
0
0
0
0
0
0
0
0
0
0
0
0
0
0
0
0
0
0
0
0
0
0
0
0
0
0
0
0
0
0
0
0
0
0
0
0
0
0
0
0
0
0
0
0
0
0
0
0
0
0
0
0
0
0
0
0
0
0
0
0
0
0
0
0
0
0
0
0
0
0
0
0
0
0
0
0
0
0
0
0
0
0
0
0
0
0
0
0
0
0
0
0
0
0
0
0
0
0
0
0
0
0
0
0
0
0
0
0
0
0
0
0
0
0
0
0
0
0
0
0
0
0
0
0
0
0
0
0
0
0
0
0
0
0
0
0
0
0
0
0
0
0
0
0
0
0
0
0
0
0
0
0
0
0
0
0
0
0
0
0
0
0
0
0
0
0
0
0
0
0
0
0
0
0
0
0
0
0
0
0
0
0
0
0
0
0
0
0
0
0
0
0
0
0
0
0
0
0
0
0
0
0
0
0
0
0
0
0
0
0
0
0
0
0
0
0
0
0
0
0
0
0
0
0
0
0
0
0
0
0
0
0
0
0
0
0
0
0
0
0
0
0
0
0
0
0
0
0
0
0
0
0
0
0
0
0
0
0
0
0
0
0
0
0
0
0
0
0
0
0
0
0
0
0
0
0
0
0
0
0
0
0
0
0
0
0
0
0
0
0
0
0
0
0
0
0
0
0
0
0
0
0
0
0
0
0
0
0
0
0
0
0
0
0
0
0
0
0
0
0
0
0
0
0
0
0
0
0
0
0
0
0
0
0
0
0
0
0
0
0
0
0
0
0
0
0
0
0
0
0
0
0
0
0
0
0
0
0
0
0
0
0
0
0
0
0
0
0
0
0
0
0
0
0
0
0
0
0
0
0
0
0
0
0
0
0
0
0
0
0
0
0
0
0
0
0
0
0
0
0
0
0
0
0
0
0
0
0
0
0
0
0
0
0
0
0
0
0
0
0
0
0
0
0
0
0
0
0
0
0
0
0
0
0
0
0
0
0
0
0
0
0
0
0
0
0
0
0
0
0
0
0
0
0
0
0
0
0
0
0
0
0
0
0
0
0
0
0
0
0
0
0
0
0
0
0
0
0
0
0
0
0
0
0
0
0
0
0
0
0
0
0
0
0
0
0
0
0
0
0
0
0
0
0
0
0
0
0
0
0
0
0
0
0
0
0
0
0
0
0
0
0
0
0
0
0
0
0
0
0
0
0
0
0
0
0
0
0
0
0
0
0
0
0
0
0
0
0
0
0
0
0
0
0
0
0
0
0
0
0
0
0
0
0
0
0
0
0
0
0
0
0
0
0
0
0
0
0
0
0
0
0
0
0
0
0
0
0
0
0
0
0
0
0
0
0
0
0
0
0
0
0
0
0
0
0
0
0
0
0
0
0
0
0
0
0
0
0
0
0
0
0
0
0
0
0
0
0
0
0
0
0
0
0
0
0
0
0
0
0
0
0
0
0
0
0
0
0
0
0
0
0
0
0
0
0
0
0
0
0
0
0
0
0
0
0
0
0
0
0
0
0
0
0
0
0
0
0
0
0
0
0
0
0
0
0
0
0
0
0
0
0
0
0
0
0
0
0
0
0
0
0
0
0
0
0
0
0
0
0
0
0
0
0
0
0
0
0
0
0
0
0
0
0
0
0
0
0
0
0
0
0
0
0
0
0
0
0
0
0
0
0
0
0
0
0
0
0
0
0
0
0
0
0
0
0
0
0
0
0
0
0
0
0
0
0
0
0
0
0
0
0
0
0
0
0
0
0
0
0
0
0
0
0
0
0
0
0
0
0
0
0
0
0
0
0
0
0
0
0
0
0
0
0
0
0
0
0
0
0
0
0
0
0
0
0
0
0
0
0
0
0
0
0
0
0
0
0
0
0
0
0
0
0
0
0
0
0
0
0
0
0
0
0
0
0
0
0
0
0
0
0
0
0
0
0
0
0
0
0
0
0
0
0
0
0
0
0
0
0
0
0
0
0
0
0
0
0
0
0
0
0
0
0
0
0
0
0
0
0
0
0
0
0
0
0
0
0
0
0
0
0
0
0
0
0
0
0
0
0
0
0
0
0
0
0
0
0
0
0
0
0
0
0
0
0
0
0
0
0
0
0
0
0
0
0
0
0
0
0
0
0
0
0
0
0
0
0
0
0
0
0
0
0
0
0
0
0
0
0
0
0
0
0
0
0
0
0
0
0
0
0
0
0
0
0
0
0
0
0
0
0
0
0
0
0
0
0
0
0
0
0
0
0
0
0
0
0
0
0
0
0
0
0
0
0
0
0
0
0
0
0
0
0
0
0
0
0
0
0
0
0
0
0
0
0
0
0
0
0
0
0
0
0
0
0
0
0
0
0
0
0
0
0
0
0
0
0
0
0
0
0
0
0
0
0
0
0
0
0
0
0
0
0
0
0
0
0
0
0
0
0
0
0
0
0
0
0
0
0
0
0
0
0
0
0
0
0
0
0
0
0
0
0
0
0
0
0
0
0
0
0
0
0
0
0
0
0
0
0
0
0
0
0
0
0
0
0
0
0
0
0
0
0
0
0
0
0
0
0
0
0
0
0
0
0
0
0
0
0
0
0
0
0
0
0
0
0
0
0
0
0
0
0
0
0
0
0
0
0
0
0
0
0
0
0
0
0
0
0
0
0
0
0
0
0
0
0
0
0
0
0
0
0
0
0
0
0
0
0
0
0
0
0
0
0
0
0
0
0
0
0
0
0
0
0
0
0
0
0
0
0
0
0
0
0
0
0
0
0
0
0
0
0
0
0
0
0
0
0
0
0
0
0
0
0
0
0
0
0
0
0
0
0
0
0
0
0
0
0
0
0
0
0
0
0
0
0
0
0
0
0
0
0
0
0
0
0
0
0
0
0
0
0
0
0
0
0
0
0
0
0
0
0
0
0
0
0
0
0
0
0
0
0
0
0
0
0
0
0
0
0
0
0
0
0
0
0
0
0
0
0
0
0
0
0
0
0
0
0
0
0
0
0
0
0
0
0
0
0
0
0
0
0
0
0
0
0
0
0
0
0
0
0
0
0
0
0
0
0
0
0
0
0
0
0
0
0
0
0
0
0
0
0
0
0
0
0
0
0
0
0
0
0
0
0
0
0
0
0
0
0
0
0
0
0
0
0
0
0
0
0
0
0
0
0
0
0
0
0
0
0
0
0
0
0
0
0
0
0
0
0
0
0
0
0
0
0
0
0
0
0
0
0
0
0
0
0
0
0
0
0
0
0
0
0
0
0
0
0
0
0
0
0
0
0
0
0
0
0
0
0
0
0
0
0
0
0
0
0
0
0
0
0
0
0
0
0
0
0
0
0
0
0
0
0
0
0
0
0
0
0
0
0
0
0
0
0
0
0
0
0
0
0
0
0
0
0
0
0
0
0
0
0
0
0
0
0
0
0
0
0
0
0
0
0
0
0
0
0
0
0
0
0
0
0
0
0
0
0
0
0
0
0
0
0
0
0
0
0
0
0
0
0
0
0
0
0
0
0
0
0
0
0
0
0
0
0
0
0
0
0
0
0
0
0
0
0
0
0
0
0
0
0
0
0
0
0
0
0
0
0
0
0
0
0
0
0
0
0
0
0
0
0
0
0
0
0
0
0
0
0
0
0
0
0
0
0
0
0
0
0
0
0
0
0
0
0
0
0
0
0
0
0
0
0
0
0
0
0
0
0
0
0
0
0
0
0
0
0
0
0
0
0
0
0
0
0
0
0
0
0
0
0
0
0
0
0
0
0
0
0
0
0
0
0
0
0
0
0
0
0
0
0
0
0
0
0
0
0
0
0
0
0
0
0
0
0
0
0
0
0
0
0
0
0
0
0
0
0
0
0
0
0
0
0
0
0
0
0
0
0
0
0
0
0
0
0
0
0
0
0
0
0
0
0
0
0
0
0
0
0
0
0
0
0
0
0
0
0
0
0
0
0
0
0
0
0
0
0
0
0
0
0
0
0
0
0
0
0
0
0
0
0
0
0
0
0
0
0
0
0
0
0
0
0
0
0
0
0
0
0
0
0
0
0
0
0
0
0
0
0
0
0
0
0
0
0
0
0
0
0
0
0
0
0
0
0
0
0
0
0
0
0
0
0
0
0
0
0
0
0
0
0
0
0
0
0
0
0
0
0
0
0
0
0
0
0
0
0
0
0
0
0
0
0
0
0
0
0
0
0
0
0
0
0
0
0
0
0
0
0
0
0
0
0
0
0
0
0
0
0
0
0
0
0
0
0
0
0
0
0
0
0
0
0
0
0
0
0
0
0
0
0
0
0
0
0
0
0
0
0
0
0
0
0
0
0
0
0
0
0
0
0
0
0
0
0
0
0
0
0
0
0
0
0
0
0
0
0
0
0
0
0
0
0
0
0
0
0
0
0
0
0
0
0
0
0
0
0
0
0
0
0
0
0
0
0
0
0
0
0
0
0
0
0
0
0
0
0
0
0
0
0
0
0
0
0
0
0
0
0
0
0
0
0
0
0
0
0
0
0
0
0
0
0
0
0
0
0
0
0
0
0
0
0
0
0
0
0
0
0
0
0
0
0
0
0
0
0
0
0
0
0
0
0
0
0
0
0
0
0
0
0
0
0
0
0
0
0
0
0
0
0
0
0
0
0
0
0
0
0
0
0
0
0
0
0
0
0
0
0
0
0
0
0
0
0
0
0
0
0
0
0
0
0
0
0
0
0
0
0
0
0
0
0
0
0
0
0
0
0
0
0
0
0
0
0
0
0
0
0
0
0
0
0
0
0
0
0
0
0
0
0
0
0
0
0
0
0
0
0
0
0
0
0
0
0
0
0
0
0
0
0
0
0
0
0
0
0
0
0
0
0
0
0
0
0
0
0
0
0
0
0
0
0
0
0
0
0
0
0
0
0
0
0
0
0
0
0
0
0
0
0
0
0
0
0
0
0
0
0
0
0
0
0
0
0
0
0
0
0
0
0
0
0
0
0
0
0
0
0
0
0
0
0
0
0
0
0
0
0
0
0
0
0
0
0
0
0
0
0
0
0
0
0
0
0
0
0
0
0
0
0
0
0
0
0
0
0
0
0
0
0
0
0
0
0
0
0
0
0
0
0
0
0
0
0
0
0
0
0
0
0
0
0
0
0
0
0
0
0
0
0
0
0
0
0
0
0
0
0
0
0
0
0
0
0
0
0
0
0
0
0
0
0
0
0
0
0
0
0
0
0
0
0
0
0
0
0
0
0
0
0
0
0
0
0
0
0
0
0
0
0
0
0
0
0
0
0
0
0
0
0
0
0
0
0
0
0
0
0
0
0
0
0
0
0
0
0
0
0
0
0
0
0
0
0
0
0
0
0
0
0
0
0
0
0
0
0
0
0
0
0
0
0
0
0
0
0
0
0
0
0
0
0
0
0
0
0
0
0
0
0
0
0
0
0
0
0
0
0
0
0
0
0
0
0
0
0
0
0
0
0
0
0
0
0
0
0
0
0
0
0
0
0
0
0
0
0
0
0
0
0
0
0
0
0
0
0
0
0
0
0
0
0
0
0
0
0
0
0
0
0
0
0
0
0
0
0
0
0
0
0
0
0
0
0
0
0
0
0
0
0
0
0
0
0
0
0
0
0
0
0
0
0
0
0
0
0
0
0
0
0
0
0
0
0
0
0
0
0
0
0
0
0
0
0
0
0
0
0
0
0
0
0
0
0
0
0
0
0
0
0
0
0
0
0
0
0
0
0
0
0
0
0
0
0
0
0
0
0
0
0
0
0
0
0
0
0
0
0
0
0
0
0
0
0
0
0
0
0
0
0
0
0
0
0
0
0
0
0
0
0
0
0
0
0
0
0
0
0
0
0
0
0
0
0
0
0
0
0
0
0
0
0
0
0
0
0
0
0
0
0
0
0
0
0
0
0
0
0
0
0
0
0
0
0
0
0
0
0
0
0
0
0
0
0
0
0
0
0
0
0
0
0
0
0
0
0
0
0
0
0
0
0
0
0
0
0
0
0
0
0
0
0
0
0
0
0
0
0
0
0
0
0
0
0
0
0
0
0
0
0
0
0
0
0
0
0
0
0
0
0
0
0
0
0
0
0
0
0
0
0
0
0
0
0
0
0
0
0
0
0
0
0
0
0
0
0
0
0
0
0
0
0
0
0
0
0
0
0
0
0
0
0
0
0
0
0
0
0
0
0
0
0
0
0
0
0
0
0
0
0
0
0
0
0
0
0
0
0
0
0
0
0
0
0
0
0
0
0
0
0
0
0
0
0
0
0
0
0
0
0
0
0
0
0
0
0
0
0
0
0
0
0
0
0
0
0
0
0
0
0
0
0
0
0
0
0
0
0
0
0
0
0
0
0
0
0
0
0
0
0
0
0
0
0
0
0
0
0
0
0
0
0
0
0
0
0
0
0
0
0
0
0
0
0
0
0
0
0
0
0
0
0
0
0
0
0
0
0
0
0
0
0
0
0
0
0
0
0
0
0
0
0
0
0
0
0
0
0
0
0
0
0
0
0
0
0
0
0
0
0
0
0
0
0
0
0
0
0
0
0
0
0
0
0
0
0
0
0
0
0
0
0
0
0
0
0
0
0
0
0
0
0
0
0
0
0
0
0
0
0
0
0
0
0
0
0
0
0
0
0
0
0
0
0
0
0
0
0
0
0
0
0
0
0
0
0
0
0
0
0
0
0
0
0
0
0
0
0
0
0
0
0
0
0
0
0
0
0
0
0
0
0
0
0
0
0
0
0
0
0
0
0
0
0
0
0
0
0
0
0
0
0
0
0
0
0
0
0
0
0
0
0
0
0
0
0
0
0
0
0
0
0
0
0
0
0
0
0
0
0
0
0
0
0
0
0
0
0
0
0
0
0
