0
4095
0
0
0
0
0
0
4095
0
0
0
0
0
0
0
0
4095
0
0
0
0
0
0
4095
0
0
0
0
0
0
0
4095
4095
0
0
0
0
0
0
0
0
0
0
0
0
0
0
4095
4095
0
0
0
0
0
0
0
0
0
0
0
0
0
0
4095
4095
0
0
0
0
0
0
0
0
0
0
0
0
0
0
4095
4095
0
0
0
0
0
0
0
0
0
0
0
0
0
0
4095
4095
0
0
0
0
0
0
0
0
0
0
0
0
0
0
4095
4095
0
0
0
0
0
0
0
0
0
0
0
0
0
0
4095
4095
0
0
0
0
0
0
0
0
0
0
0
0
0
0
4095
4095
0
0
0
0
0
0
0
0
0
0
0
0
0
0
4095
4095
0
0
0
0
0
0
0
0
0
0
0
0
0
0
4095
4095
0
0
0
0
0
0
4090
4088
0
0
0
0
0
0
1
1
0
0
0
0
0
0
4087
4088
0
0
0
0
0
0
1
4095
0
0
0
0
0
0
4091
4093
0
0
0
0
0
0
4090
4089
0
0
0
0
0
0
0
1
0
0
0
0
0
0
4088
4088
0
0
0
0
0
0
4093
4092
0
0
0
0
0
0
4092
4092
0
0
0
0
0
0
4092
4091
0
0
0
0
0
0
4092
4092
0
0
0
0
0
0
4093
4091
0
0
0
0
0
0
4091
4093
0
0
0
0
0
0
4090
4089
0
0
0
0
0
0
0
0
0
0
0
0
0
0
4087
4087
0
0
0
0
0
0
4094
4093
0
0
0
0
0
0
4090
4093
0
0
0
0
0
0
4089
4087
0
0
0
0
0
0
0
4095
0
0
0
0
0
0
4088
4089
0
0
0
0
0
0
4092
4091
0
0
0
0
0
0
4093
4095
0
0
0
0
0
0
4086
4085
0
0
0
0
0
0
1
1
0
0
0
0
0
0
4088
4090
0
0
0
0
0
0
4091
4088
0
0
0
0
0
0
1
3
0
0
0
0
0
0
4085
4085
0
0
0
0
0
0
0
4093
0
0
0
0
0
0
4091
4095
0
0
0
0
0
0
4086
4084
0
0
0
0
0
0
5
4
0
0
0
0
0
0
4083
4088
0
0
0
0
0
0
4095
4089
0
0
0
0
0
0
2
7
0
0
0
0
0
0
4079
4077
0
0
0
0
0
0
7
4
0
0
0
0
0
0
4083
4090
0
0
0
0
0
0
4090
4083
0
0
0
0
0
0
8
11
0
0
0
0
0
0
4074
4075
0
0
0
0
0
0
11
5
0
0
0
0
0
0
4089
1
0
0
0
0
0
0
4084
4078
0
0
0
0
0
0
14
15
0
0
0
0
0
0
4072
4078
0
0
0
0
0
0
4
4091
0
0
0
0
0
0
0
10
0
0
0
0
0
0
4072
4066
0
0
0
0
0
0
22
19
0
0
0
0
0
0
4073
4083
0
0
0
0
0
0
4093
4080
0
0
0
0
0
0
13
20
0
0
0
0
0
0
4061
4061
0
0
0
0
0
0
23
14
0
0
0
0
0
0
4079
4094
0
0
0
0
0
0
4078
4067
0
0
0
0
0
0
26
29
0
0
0
0
0
0
4060
4065
0
0
0
0
0
0
16
3
0
0
0
0
0
0
4094
13
0
0
0
0
0
0
4064
4056
0
0
0
0
0
0
37
33
0
0
0
0
0
0
4059
4071
0
0
0
0
0
0
6
4086
0
0
0
0
0
0
13
26
0
0
0
0
0
0
4052
4050
0
0
0
0
0
0
39
28
0
0
0
0
0
0
4067
4085
0
0
0
0
0
0
4084
4064
0
0
0
0
0
0
35
44
0
0
0
0
0
0
4038
4045
0
0
0
0
0
0
36
17
0
0
0
0
0
0
4084
9
0
0
0
0
0
0
4062
4046
0
0
0
0
0
0
51
51
0
0
0
0
0
0
4038
4053
0
0
0
0
0
0
21
4092
0
0
0
0
0
0
16
38
0
0
0
0
0
0
4037
4029
0
0
0
0
0
0
61
50
0
0
0
0
0
0
4046
4071
0
0
0
0
0
0
4090
4062
0
0
0
0
0
0
43
59
0
0
0
0
0
0
4017
4023
0
0
0
0
0
0
58
35
0
0
0
0
0
0
4069
3
0
0
0
0
0
0
4061
4035
0
0
0
0
0
0
69
74
0
0
0
0
0
0
4015
4033
0
0
0
0
0
0
38
6
0
0
0
0
0
0
8
41
0
0
0
0
0
0
4027
4010
0
0
0
0
0
0
85
77
0
0
0
0
0
0
4025
4054
0
0
0
0
0
0
9
4068
0
0
0
0
0
0
45
70
0
0
0
0
0
0
4001
3999
0
0
0
0
0
0
85
59
0
0
0
0
0
0
4047
4088
0
0
0
0
0
0
4066
4031
0
0
0
0
0
0
79
92
0
0
0
0
0
0
3991
4005
0
0
0
0
0
0
66
27
0
0
0
0
0
0
4092
37
0
0
0
0
0
0
4021
3995
0
0
0
0
0
0
104
100
0
0
0
0
0
0
3995
4029
0
0
0
0
0
0
30
4078
0
0
0
0
0
0
42
78
0
0
0
0
0
0
3985
3976
0
0
0
0
0
0
114
89
0
0
0
0
0
0
4022
4070
0
0
0
0
0
0
4077
4028
0
0
0
0
0
0
89
113
0
0
0
0
0
0
3964
3976
0
0
0
0
0
0
98
55
0
0
0
0
0
0
4067
25
0
0
0
0
0
0
4023
3983
0
0
0
0
0
0
126
130
0
0
0
0
0
0
3960
3996
0
0
0
0
0
0
62
3
0
0
0
0
0
0
31
84
0
0
0
0
0
0
3970
3949
0
0
0
0
0
0
146
125
0
0
0
0
0
0
3986
4040
0
0
0
0
0
0
4
4040
0
0
0
0
0
0
89
127
0
0
0
0
0
0
3940
3944
0
0
0
0
0
0
133
88
0
0
0
0
0
0
4035
6
0
0
0
0
0
0
4032
3978
0
0
0
0
0
0
142
159
0
0
0
0
0
0
3925
3957
0
0
0
0
0
0
101
36
0
0
0
0
0
0
6
73
0
0
0
0
0
0
3971
3933
0
0
0
0
0
0
171
158
0
0
0
0
0
0
3947
4005
0
0
0
0
0
0
35
4054
0
0
0
0
0
0
85
139
0
0
0
0
0
0
3914
3906
0
0
0
0
0
0
176
129
0
0
0
0
0
0
3997
4075
0
0
0
0
0
0
4053
3981
0
0
0
0
0
0
150
181
0
0
0
0
0
0
3891
3915
0
0
0
0
0
0
142
71
0
0
0
0
0
0
4070
57
0
0
0
0
0
0
3971
3915
0
0
0
0
0
0
200
198
0
0
0
0
0
0
3900
3958
0
0
0
0
0
0
79
4085
0
0
0
0
0
0
64
138
0
0
0
0
0
0
3902
3878
0
0
0
0
0
0
216
177
0
0
0
0
0
0
3949
4034
0
0
0
0
0
0
4084
3992
0
0
0
0
0
0
153
204
0
0
0
0
0
0
3857
3871
0
0
0
0
0
0
192
120
0
0
0
0
0
0
4029
32
0
0
0
0
0
0
3985
3909
0
0
0
0
0
0
219
234
0
0
0
0
0
0
3855
3911
0
0
0
0
0
0
129
27
0
0
0
0
0
0
35
131
0
0
0
0
0
0
3897
3851
0
0
0
0
0
0
252
225
0
0
0
0
0
0
3895
3984
0
0
0
0
0
0
31
4018
0
0
0
0
0
0
140
212
0
0
0
0
0
0
3833
3829
0
0
0
0
0
0
243
171
0
0
0
0
0
0
3978
4091
0
0
0
0
0
0
4014
3917
0
0
0
0
0
0
232
267
0
0
0
0
0
0
3811
3855
0
0
0
0
0
0
185
80
0
0
0
0
0
0
4087
107
0
0
0
0
0
0
3901
3833
0
0
0
0
0
0
289
274
0
0
0
0
0
0
3839
3929
0
0
0
0
0
0
82
4054
0
0
0
0
0
0
117
214
0
0
0
0
0
0
3814
3792
0
0
0
0
0
0
294
229
0
0
0
0
0
0
3918
4040
0
0
0
0
0
0
4053
3933
0
0
0
0
0
0
231
291
0
0
0
0
0
0
3771
3801
0
0
0
0
0
0
246
139
0
0
0
0
0
0
4034
71
0
0
0
0
0
0
3924
3829
0
0
0
0
0
0
312
318
0
0
0
0
0
0
3780
3862
0
0
0
0
0
0
150
13
0
0
0
0
0
0
76
199
0
0
0
0
0
0
3810
3760
0
0
0
0
0
0
340
289
0
0
0
0
0
0
3848
3975
0
0
0
0
0
0
14
3968
0
0
0
0
0
0
214
302
0
0
0
0
0
0
3738
3749
0
0
0
0
0
0
311
206
0
0
0
0
0
0
3968
22
0
0
0
0
0
0
3957
3836
0
0
0
0
0
0
323
358
0
0
0
0
0
0
3724
3795
0
0
0
0
0
0
220
76
0
0
0
0
0
0
25
172
0
0
0
0
0
0
3819
3741
0
0
0
0
0
0
380
349
0
0
0
0
0
0
3780
3906
0
0
0
0
0
0
82
4014
0
0
0
0
0
0
183
301
0
0
0
0
0
0
3719
3701
0
0
0
0
0
0
372
278
0
0
0
0
0
0
3896
4056
0
0
0
0
0
0
4007
3856
0
0
0
0
0
0
323
388
0
0
0
0
0
0
3675
3729
0
0
0
0
0
0
299
150
0
0
0
0
0
0
4052
128
0
0
0
0
0
0
3844
3734
0
0
0
0
0
0
410
404
0
0
0
0
0
0
3711
3830
0
0
0
0
0
0
157
4076
0
0
0
0
0
0
133
282
0
0
0
0
0
0
3712
3665
0
0
0
0
0
0
430
352
0
0
0
0
0
0
3812
3980
0
0
0
0
0
0
4074
3898
0
0
0
0
0
0
304
402
0
0
0
0
0
0
3639
3669
0
0
0
0
0
0
373
229
0
0
0
0
0
0
3975
68
0
0
0
0
0
0
3889
3745
0
0
0
0
0
0
425
450
0
0
0
0
0
0
3641
3747
0
0
0
0
0
0
242
53
0
0
0
0
0
0
72
250
0
0
0
0
0
0
3721
3640
0
0
0
0
0
0
479
423
0
0
0
0
0
0
3727
3896
0
0
0
0
0
0
59
3955
0
0
0
0
0
0
267
399
0
0
0
0
0
0
3614
3613
0
0
0
0
0
0
448
315
0
0
0
0
0
0
3885
4090
0
0
0
0
0
0
3947
3769
0
0
0
0
0
0
424
487
0
0
0
0
0
0
3583
3665
0
0
0
0
0
0
336
145
0
0
0
0
0
0
4086
196
0
0
0
0
0
0
3755
3633
0
0
0
0
0
0
513
487
0
0
0
0
0
0
3644
3804
0
0
0
0
0
0
151
4027
0
0
0
0
0
0
210
381
0
0
0
0
0
0
3607
3569
0
0
0
0
0
0
513
400
0
0
0
0
0
0
3790
4001
0
0
0
0
0
0
4026
3816
0
0
0
0
0
0
404
508
0
0
0
0
0
0
3536
3589
0
0
0
0
0
0
425
240
0
0
0
0
0
0
3994
126
0
0
0
0
0
0
3804
3644
0
0
0
0
0
0
530
541
0
0
0
0
0
0
3567
3710
0
0
0
0
0
0
252
21
0
0
0
0
0
0
137
343
0
0
0
0
0
0
3619
3539
0
0
0
0
0
0
572
486
0
0
0
0
0
0
3691
3902
0
0
0
0
0
0
22
3883
0
0
0
0
0
0
360
504
0
0
0
0
0
0
3511
3526
0
0
0
0
0
0
514
340
0
0
0
0
0
0
3890
39
0
0
0
0
0
0
3874
3674
0
0
0
0
0
0
531
583
0
0
0
0
0
0
3500
3618
0
0
0
0
0
0
356
122
0
0
0
0
0
0
43
282
0
0
0
0
0
0
3652
3527
0
0
0
0
0
0
617
566
0
0
0
0
0
0
3593
3796
0
0
0
0
0
0
129
3965
0
0
0
0
0
0
295
483
0
0
0
0
0
0
3501
3476
0
0
0
0
0
0
589
438
0
0
0
0
0
0
3780
4035
0
0
0
0
0
0
3959
3724
0
0
0
0
0
0
509
609
0
0
0
0
0
0
3443
3528
0
0
0
0
0
0
463
231
0
0
0
0
0
0
4034
203
0
0
0
0
0
0
3708
3538
0
0
0
0
0
0
636
628
0
0
0
0
0
0
3506
3690
0
0
0
0
0
0
242
4068
0
0
0
0
0
0
212
439
0
0
0
0
0
0
3512
3439
0
0
0
0
0
0
656
535
0
0
0
0
0
0
3673
3928
0
0
0
0
0
0
4063
3797
0
0
0
0
0
0
463
609
0
0
0
0
0
0
3407
3453
0
0
0
0
0
0
562
345
0
0
0
0
0
0
3917
106
0
0
0
0
0
0
3784
3569
0
0
0
0
0
0
635
673
0
0
0
0
0
0
3426
3584
0
0
0
0
0
0
360
81
0
0
0
0
0
0
111
374
0
0
0
0
0
0
3546
3426
0
0
0
0
0
0
705
623
0
0
0
0
0
0
3561
3808
0
0
0
0
0
0
86
3891
0
0
0
0
0
0
393
587
0
0
0
0
0
0
3393
3391
0
0
0
0
0
0
654
460
0
0
0
0
0
0
3794
4090
0
0
0
0
0
0
3880
3625
0
0
0
0
0
0
613
704
0
0
0
0
0
0
3361
3481
0
0
0
0
0
0
481
206
0
0
0
0
0
0
4090
288
0
0
0
0
0
0
3607
3435
0
0
0
0
0
0
736
700
0
0
0
0
0
0
3457
3683
0
0
0
0
0
0
214
4001
0
0
0
0
0
0
301
540
0
0
0
0
0
0
3406
3352
0
0
0
0
0
0
731
570
0
0
0
0
0
0
3666
3964
0
0
0
0
0
0
3997
3704
0
0
0
0
0
0
565
710
0
0
0
0
0
0
3320
3395
0
0
0
0
0
0
593
333
0
0
0
0
0
0
3959
181
0
0
0
0
0
0
3690
3468
0
0
0
0
0
0
736
752
0
0
0
0
0
0
3369
3568
0
0
0
0
0
0
344
26
0
0
0
0
0
0
193
474
0
0
0
0
0
0
3439
3328
0
0
0
0
0
0
790
670
0
0
0
0
0
0
3545
3834
0
0
0
0
0
0
31
3807
0
0
0
0
0
0
491
686
0
0
0
0
0
0
3299
3326
0
0
0
0
0
0
696
458
0
0
0
0
0
0
3824
60
0
0
0
0
0
0
3795
3527
0
0
0
0
0
0
716
788
0
0
0
0
0
0
3297
3455
0
0
0
0
0
0
476
162
0
0
0
0
0
0
63
380
0
0
0
0
0
0
3503
3337
0
0
0
0
0
0
821
751
0
0
0
0
0
0
3431
3701
0
0
0
0
0
0
169
3923
0
0
0
0
0
0
396
642
0
0
0
0
0
0
3308
3275
0
0
0
0
0
0
782
583
0
0
0
0
0
0
3685
4021
0
0
0
0
0
0
3918
3608
0
0
0
0
0
0
668
796
0
0
0
0
0
0
3245
3358
0
0
0
0
0
0
600
299
0
0
0
0
0
0
4021
270
0
0
0
0
0
0
3588
3367
0
0
0
0
0
0
830
818
0
0
0
0
0
0
3330
3570
0
0
0
0
0
0
311
4057
0
0
0
0
0
0
278
568
0
0
0
0
0
0
3342
3252
0
0
0
0
0
0
848
690
0
0
0
0
0
0
3549
3879
0
0
0
0
0
0
4055
3714
0
0
0
0
0
0
594
780
0
0
0
0
0
0
3221
3280
0
0
0
0
0
0
715
438
0
0
0
0
0
0
3873
137
0
0
0
0
0
0
3699
3428
0
0
0
0
0
0
809
857
0
0
0
0
0
0
3248
3448
0
0
0
0
0
0
455
103
0
0
0
0
0
0
143
476
0
0
0
0
0
0
3403
3251
0
0
0
0
0
0
889
786
0
0
0
0
0
0
3424
3734
0
0
0
0
0
0
107
3837
0
0
0
0
0
0
493
735
0
0
0
0
0
0
3224
3223
0
0
0
0
0
0
813
569
0
0
0
0
0
0
3722
4091
0
0
0
0
0
0
3829
3514
0
0
0
0
0
0
761
873
0
0
0
0
0
0
3193
3340
0
0
0
0
0
0
591
252
0
0
0
0
0
0
4091
357
0
0
0
0
0
0
3494
3283
0
0
0
0
0
0
901
856
0
0
0
0
0
0
3314
3592
0
0
0
0
0
0
260
3978
0
0
0
0
0
0
372
664
0
0
0
0
0
0
3257
3192
0
0
0
0
0
0
885
690
0
0
0
0
0
0
3581
3941
0
0
0
0
0
0
3973
3621
0
0
0
0
0
0
686
858
0
0
0
0
0
0
3160
3253
0
0
0
0
0
0
711
399
0
0
0
0
0
0
3938
222
0
0
0
0
0
0
3602
3340
0
0
0
0
0
0
888
905
0
0
0
0
0
0
3226
3464
0
0
0
0
0
0
411
31
0
0
0
0
0
0
232
569
0
0
0
0
0
0
3315
3185
0
0
0
0
0
0
938
794
0
0
0
0
0
0
3443
3788
0
0
0
0
0
0
32
3748
0
0
0
0
0
0
584
815
0
0
0
0
0
0
3157
3188
0
0
0
0
0
0
818
538
0
0
0
0
0
0
3780
76
0
0
0
0
0
0
3736
3422
0
0
0
0
0
0
843
926
0
0
0
0
0
0
3159
3349
0
0
0
0
0
0
558
188
0
0
0
0
0
0
77
447
0
0
0
0
0
0
3404
3211
0
0
0
0
0
0
954
875
0
0
0
0
0
0
3322
3637
0
0
0
0
0
0
198
3895
0
0
0
0
0
0
461
745
0
0
0
0
0
0
3187
3150
0
0
0
0
0
0
899
668
0
0
0
0
0
0
3629
4015
0
0
0
0
0
0
3886
3533
0
0
0
0
0
0
771
916
0
0
0
0
0
0
3124
3255
0
0
0
0
0
0
686
338
0
0
0
0
0
0
4014
313
0
0
0
0
0
0
3517
3266
0
0
0
0
0
0
946
930
0
0
0
0
0
0
3227
3500
0
0
0
0
0
0
352
4050
0
0
0
0
0
0
317
647
0
0
0
0
0
0
3245
3144
0
0
0
0
0
0
956
778
0
0
0
0
0
0
3484
3854
0
0
0
0
0
0
4046
3664
0
0
0
0
0
0
671
879
0
0
0
0
0
0
3113
3181
0
0
0
0
0
0
799
488
0
0
0
0
0
0
3850
158
0
0
0
0
0
0
3650
3349
0
0
0
0
0
0
904
954
0
0
0
0
0
0
3155
3379
0
0
0
0
0
0
506
112
0
0
0
0
0
0
160
527
0
0
0
0
0
0
3329
3162
0
0
0
0
0
0
980
865
0
0
0
0
0
0
3356
3699
0
0
0
0
0
0
118
3810
0
0
0
0
0
0
547
813
0
0
0
0
0
0
3136
3134
0
0
0
0
0
0
890
624
0
0
0
0
0
0
3692
0
0
0
0
0
0
0
3800
3455
0
0
0
0
0
0
833
955
0
0
0
0
0
0
3109
3273
0
0
0
0
0
0
643
274
0
0
0
0
0
0
4093
391
0
0
0
0
0
0
3437
3210
0
0
0
0
0
0
978
928
0
0
0
0
0
0
3253
3555
0
0
0
0
0
0
280
3967
0
0
0
0
0
0
404
719
0
0
0
0
0
0
3190
3120
0
0
0
0
0
0
954
742
0
0
0
0
0
0
3539
3929
0
0
0
0
0
0
3966
3586
0
0
0
0
0
0
738
923
0
0
0
0
0
0
3092
3193
0
0
0
0
0
0
760
423
0
0
0
0
0
0
3931
242
0
0
0
0
0
0
3571
3291
0
0
0
0
0
0
944
962
0
0
0
0
0
0
3173
3426
0
0
0
0
0
0
435
33
0
0
0
0
0
0
246
600
0
0
0
0
0
0
3270
3133
0
0
0
0
0
0
990
838
0
0
0
0
0
0
3410
3774
0
0
0
0
0
0
32
3728
0
0
0
0
0
0
618
858
0
0
0
0
0
0
3108
3143
0
0
0
0
0
0
856
563
0
0
0
0
0
0
3767
79
0
0
0
0
0
0
3721
3394
0
0
0
0
0
0
880
966
0
0
0
0
0
0
3122
3319
0
0
0
0
0
0
580
195
0
0
0
0
0
0
81
465
0
0
0
0
0
0
3377
3178
0
0
0
0
0
0
991
906
0
0
0
0
0
0
3301
3626
0
0
0
0
0
0
198
3885
0
0
0
0
0
0
481
773
0
0
0
0
0
0
3156
3118
0
0
0
0
0
0
926
688
0
0
0
0
0
0
3614
4010
0
0
0
0
0
0
3882
3521
0
0
0
0
0
0
790
939
0
0
0
0
0
0
3099
3236
0
0
0
0
0
0
700
346
0
0
0
0
0
0
4012
318
0
0
0
0
0
0
3506
3251
0
0
0
0
0
0
961
943
0
0
0
0
0
0
3218
3496
0
0
0
0
0
0
355
4045
0
0
0
0
0
0
325
659
0
0
0
0
0
0
3234
3131
0
0
0
0
0
0
964
785
0
0
0
0
0
0
3482
3853
0
0
0
0
0
0
4044
3659
0
0
0
0
0
0
673
882
0
0
0
0
0
0
3108
3177
0
0
0
0
0
0
804
491
0
0
0
0
0
0
3850
158
0
0
0
0
0
0
3652
3352
0
0
0
0
0
0
901
952
0
0
0
0
0
0
3159
3382
0
0
0
0
0
0
501
112
0
0
0
0
0
0
162
525
0
0
0
0
0
0
3336
3172
0
0
0
0
0
0
967
853
0
0
0
0
0
0
3368
3707
0
0
0
0
0
0
114
3811
0
0
0
0
0
0
540
799
0
0
0
0
0
0
3152
3152
0
0
0
0
0
0
876
614
0
0
0
0
0
0
3698
4094
0
0
0
0
0
0
3806
3470
0
0
0
0
0
0
814
929
0
0
0
0
0
0
3135
3295
0
0
0
0
0
0
625
264
0
0
0
0
0
0
0
381
0
0
0
0
0
0
3454
3236
0
0
0
0
0
0
951
901
0
0
0
0
0
0
3279
3573
0
0
0
0
0
0
270
3970
0
0
0
0
0
0
391
695
0
0
0
0
0
0
3219
3153
0
0
0
0
0
0
916
710
0
0
0
0
0
0
3566
3940
0
0
0
0
0
0
3967
3604
0
0
0
0
0
0
707
883
0
0
0
0
0
0
3136
3234
0
0
0
0
0
0
723
404
0
0
0
0
0
0
3940
230
0
0
0
0
0
0
3594
3328
0
0
0
0
0
0
900
914
0
0
0
0
0
0
3220
3463
0
0
0
0
0
0
410
28
0
0
0
0
0
0
235
572
0
0
0
0
0
0
3313
3184
0
0
0
0
0
0
930
788
0
0
0
0
0
0
3452
3793
0
0
0
0
0
0
30
3753
0
0
0
0
0
0
579
806
0
0
0
0
0
0
3171
3203
0
0
0
0
0
0
803
528
0
0
0
0
0
0
3791
77
0
0
0
0
0
0
3742
3439
0
0
0
0
0
0
818
898
0
0
0
0
0
0
3190
3373
0
0
0
0
0
0
535
178
0
0
0
0
0
0
77
433
0
0
0
0
0
0
3429
3245
0
0
0
0
0
0
915
834
0
0
0
0
0
0
3365
3665
0
0
0
0
0
0
179
3898
0
0
0
0
0
0
440
709
0
0
0
0
0
0
3233
3199
0
0
0
0
0
0
848
629
0
0
0
0
0
0
3657
4020
0
0
0
0
0
0
3899
3567
0
0
0
0
0
0
721
856
0
0
0
0
0
0
3188
3311
0
0
0
0
0
0
636
313
0
0
0
0
0
0
4022
288
0
0
0
0
0
0
3557
3327
0
0
0
0
0
0
871
856
0
0
0
0
0
0
3298
3550
0
0
0
0
0
0
322
4053
0
0
0
0
0
0
292
591
0
0
0
0
0
0
3320
3228
0
0
0
0
0
0
864
702
0
0
0
0
0
0
3547
3883
0
0
0
0
0
0
4049
3703
0
0
0
0
0
0
602
789
0
0
0
0
0
0
3216
3278
0
0
0
0
0
0
713
434
0
0
0
0
0
0
3879
141
0
0
0
0
0
0
3697
3433
0
0
0
0
0
0
802
844
0
0
0
0
0
0
3267
3467
0
0
0
0
0
0
441
95
0
0
0
0
0
0
145
466
0
0
0
0
0
0
3421
3277
0
0
0
0
0
0
855
751
0
0
0
0
0
0
3459
3757
0
0
0
0
0
0
95
3843
0
0
0
0
0
0
474
700
0
0
0
0
0
0
3269
3271
0
0
0
0
0
0
765
532
0
0
0
0
0
0
3750
1
0
0
0
0
0
0
3840
3547
0
0
0
0
0
0
711
811
0
0
0
0
0
0
3259
3400
0
0
0
0
0
0
541
227
0
0
0
0
0
0
0
333
0
0
0
0
0
0
3541
3352
0
0
0
0
0
0
821
776
0
0
0
0
0
0
3393
3649
0
0
0
0
0
0
229
3984
0
0
0
0
0
0
337
598
0
0
0
0
0
0
3346
3289
0
0
0
0
0
0
783
609
0
0
0
0
0
0
3643
3963
0
0
0
0
0
0
3983
3673
0
0
0
0
0
0
605
752
0
0
0
0
0
0
3280
3364
0
0
0
0
0
0
615
343
0
0
0
0
0
0
3960
192
0
0
0
0
0
0
3672
3446
0
0
0
0
0
0
757
770
0
0
0
0
0
0
3358
3564
0
0
0
0
0
0
342
20
0
0
0
0
0
0
197
480
0
0
0
0
0
0
3438
3330
0
0
0
0
0
0
779
657
0
0
0
0
0
0
3558
3845
0
0
0
0
0
0
20
3804
0
0
0
0
0
0
486
673
0
0
0
0
0
0
3324
3351
0
0
0
0
0
0
665
436
0
0
0
0
0
0
3841
63
0
0
0
0
0
0
3799
3549
0
0
0
0
0
0
681
745
0
0
0
0
0
0
3348
3501
0
0
0
0
0
0
438
143
0
0
0
0
0
0
65
359
0
0
0
0
0
0
3545
3397
0
0
0
0
0
0
749
682
0
0
0
0
0
0
3496
3743
0
0
0
0
0
0
144
3935
0
0
0
0
0
0
359
577
0
0
0
0
0
0
3394
3370
0
0
0
0
0
0
685
505
0
0
0
0
0
0
3742
4037
0
0
0
0
0
0
3930
3662
0
0
0
0
0
0
586
696
0
0
0
0
0
0
3361
3461
0
0
0
0
0
0
511
251
0
0
0
0
0
0
4037
233
0
0
0
0
0
0
3662
3478
0
0
0
0
0
0
698
683
0
0
0
0
0
0
3458
3662
0
0
0
0
0
0
251
4056
0
0
0
0
0
0
235
472
0
0
0
0
0
0
3478
3406
0
0
0
0
0
0
685
555
0
0
0
0
0
0
3661
3926
0
0
0
0
0
0
4056
3784
0
0
0
0
0
0
476
621
0
0
0
0
0
0
3403
3452
0
0
0
0
0
0
557
338
0
0
0
0
0
0
3925
111
0
0
0
0
0
0
3782
3573
0
0
0
0
0
0
626
659
0
0
0
0
0
0
3447
3605
0
0
0
0
0
0
339
72
0
0
0
0
0
0
113
362
0
0
0
0
0
0
3571
3460
0
0
0
0
0
0
661
582
0
0
0
0
0
0
3602
3833
0
0
0
0
0
0
72
3898
0
0
0
0
0
0
366
540
0
0
0
0
0
0
3460
3460
0
0
0
0
0
0
584
406
0
0
0
0
0
0
3833
1
0
0
0
0
0
0
3897
3674
0
0
0
0
0
0
539
615
0
0
0
0
0
0
3460
3569
0
0
0
0
0
0
406
169
0
0
0
0
0
0
1
252
0
0
0
0
0
0
3673
3532
0
0
0
0
0
0
617
583
0
0
0
0
0
0
3569
3760
0
0
0
0
0
0
170
4012
0
0
0
0
0
0
253
447
0
0
0
0
0
0
3532
3491
0
0
0
0
0
0
584
451
0
0
0
0
0
0
3758
3998
0
0
0
0
0
0
4008
3780
0
0
0
0
0
0
448
556
0
0
0
0
0
0
3491
3554
0
0
0
0
0
0
451
248
0
0
0
0
0
0
3998
144
0
0
0
0
0
0
3779
3615
0
0
0
0
0
0
554
563
0
0
0
0
0
0
3556
3705
0
0
0
0
0
0
248
12
0
0
0
0
0
0
145
351
0
0
0
0
0
0
3617
3537
0
0
0
0
0
0
566
477
0
0
0
0
0
0
3708
3915
0
0
0
0
0
0
12
3881
0
0
0
0
0
0
350
485
0
0
0
0
0
0
3539
3559
0
0
0
0
0
0
477
311
0
0
0
0
0
0
3916
47
0
0
0
0
0
0
3884
3704
0
0
0
0
0
0
484
530
0
0
0
0
0
0
3562
3671
0
0
0
0
0
0
311
101
0
0
0
0
0
0
45
252
0
0
0
0
0
0
3706
3601
0
0
0
0
0
0
528
480
0
0
0
0
0
0
3674
3848
0
0
0
0
0
0
99
3982
0
0
0
0
0
0
251
403
0
0
0
0
0
0
3599
3584
0
0
0
0
0
0
477
352
0
0
0
0
0
0
3850
4055
0
0
0
0
0
0
3980
3794
0
0
0
0
0
0
403
477
0
0
0
0
0
0
3586
3657
0
0
0
0
0
0
349
169
0
0
0
0
0
0
4055
161
0
0
0
0
0
0
3797
3672
0
0
0
0
0
0
475
463
0
0
0
0
0
0
3662
3801
0
0
0
0
0
0
169
4066
0
0
0
0
0
0
160
320
0
0
0
0
0
0
3673
3626
0
0
0
0
0
0
461
373
0
0
0
0
0
0
3802
3981
0
0
0
0
0
0
4066
3884
0
0
0
0
0
0
318
415
0
0
0
0
0
0
3631
3666
0
0
0
0
0
0
368
221
0
0
0
0
0
0
3982
73
0
0
0
0
0
0
3884
3747
0
0
0
0
0
0
413
434
0
0
0
0
0
0
3665
3770
0
0
0
0
0
0
221
43
0
0
0
0
0
0
74
237
0
0
0
0
0
0
3749
3676
0
0
0
0
0
0
431
378
0
0
0
0
0
0
3773
3923
0
0
0
0
0
0
44
3965
0
0
0
0
0
0
236
348
0
0
0
0
0
0
3682
3684
0
0
0
0
0
0
376
260
0
0
0
0
0
0
3925
4095
0
0
0
0
0
0
3967
3826
0
0
0
0
0
0
345
391
0
0
0
0
0
0
3691
3759
0
0
0
0
0
0
256
106
0
0
0
0
0
0
2
159
0
0
0
0
0
0
3828
3738
0
0
0
0
0
0
385
362
0
0
0
0
0
0
3763
3883
0
0
0
0
0
0
104
4039
0
0
0
0
0
0
156
278
0
0
0
0
0
0
3743
3718
0
0
0
0
0
0
357
275
0
0
0
0
0
0
3886
4033
0
0
0
0
0
0
4040
3898
0
0
0
0
0
0
275
343
0
0
0
0
0
0
3723
3761
0
0
0
0
0
0
275
151
0
0
0
0
0
0
4035
86
0
0
0
0
0
0
3901
3803
0
0
0
0
0
0
335
339
0
0
0
0
0
0
3767
3858
0
0
0
0
0
0
146
5
0
0
0
0
0
0
86
210
0
0
0
0
0
0
3805
3759
0
0
0
0
0
0
335
281
0
0
0
0
0
0
3863
3987
0
0
0
0
0
0
5
3966
0
0
0
0
0
0
206
286
0
0
0
0
0
0
3765
3778
0
0
0
0
0
0
279
182
0
0
0
0
0
0
3989
24
0
0
0
0
0
0
3969
3866
0
0
0
0
0
0
280
304
0
0
0
0
0
0
3786
3849
0
0
0
0
0
0
176
55
0
0
0
0
0
0
27
144
0
0
0
0
0
0
3871
3812
0
0
0
0
0
0
297
270
0
0
0
0
0
0
3856
3956
0
0
0
0
0
0
51
4026
0
0
0
0
0
0
142
227
0
0
0
0
0
0
3816
3807
0
0
0
0
0
0
265
194
0
0
0
0
0
0
3957
4071
0
0
0
0
0
0
4029
3927
0
0
0
0
0
0
222
261
0
0
0
0
0
0
3815
3853
0
0
0
0
0
0
188
90
0
0
0
0
0
0
4075
88
0
0
0
0
0
0
3930
3862
0
0
0
0
0
0
257
251
0
0
0
0
0
0
3858
3933
0
0
0
0
0
0
90
4078
0
0
0
0
0
0
84
170
0
0
0
0
0
0
3868
3843
0
0
0
0
0
0
242
195
0
0
0
0
0
0
3942
4036
0
0
0
0
0
0
4074
3979
0
0
0
0
0
0
168
218
0
0
0
0
0
0
3849
3867
0
0
0
0
0
0
188
113
0
0
0
0
0
0
4037
36
0
0
0
0
0
0
3983
3912
0
0
0
0
0
0
210
222
0
0
0
0
0
0
3876
3928
0
0
0
0
0
0
110
21
0
0
0
0
0
0
38
119
0
0
0
0
0
0
3917
3883
0
0
0
0
0
0
214
187
0
0
0
0
0
0
3934
4009
0
0
0
0
0
0
19
4028
0
0
0
0
0
0
114
169
0
0
0
0
0
0
3891
3892
0
0
0
0
0
0
181
125
0
0
0
0
0
0
4013
4094
0
0
0
0
0
0
4029
3962
0
0
0
0
0
0
163
184
0
0
0
0
0
0
3899
3932
0
0
0
0
0
0
119
47
0
0
0
0
0
0
0
74
0
0
0
0
0
0
3967
3926
0
0
0
0
0
0
180
168
0
0
0
0
0
0
3940
3996
0
0
0
0
0
0
44
4066
0
0
0
0
0
0
71
125
0
0
0
0
0
0
3931
3921
0
0
0
0
0
0
161
123
0
0
0
0
0
0
4000
4065
0
0
0
0
0
0
4065
4001
0
0
0
0
0
0
123
149
0
0
0
0
0
0
3927
3946
0
0
0
0
0
0
119
63
0
0
0
0
0
0
4068
36
0
0
0
0
0
0
4009
3965
0
0
0
0
0
0
144
145
0
0
0
0
0
0
3951
3991
0
0
0
0
0
0
59
4094
0
0
0
0
0
0
35
86
0
0
0
0
0
0
3970
3953
0
0
0
0
0
0
137
113
0
0
0
0
0
0
3999
4050
0
0
0
0
0
0
4093
4037
0
0
0
0
0
0
84
116
0
0
0
0
0
0
3958
3963
0
0
0
0
0
0
110
71
0
0
0
0
0
0
4051
8
0
0
0
0
0
0
4042
4000
0
0
0
0
0
0
110
121
0
0
0
0
0
0
3973
3997
0
0
0
0
0
0
64
17
0
0
0
0
0
0
9
54
0
0
0
0
0
0
4005
3984
0
0
0
0
0
0
111
100
0
0
0
0
0
0
4004
4042
0
0
0
0
0
0
16
4065
0
0
0
0
0
0
50
82
0
0
0
0
0
0
3992
3988
0
0
0
0
0
0
92
66
0
0
0
0
0
0
4045
4086
0
0
0
0
0
0
4066
4029
0
0
0
0
0
0
79
93
0
0
0
0
0
0
3993
4007
0
0
0
0
0
0
61
26
0
0
0
0
0
0
4087
28
0
0
0
0
0
0
4034
4010
0
0
0
0
0
0
84
81
0
0
0
0
0
0
4014
4039
0
0
0
0
0
0
26
4086
0
0
0
0
0
0
27
54
0
0
0
0
0
0
4018
4010
0
0
0
0
0
0
76
59
0
0
0
0
0
0
4044
4076
0
0
0
0
0
0
4085
4055
0
0
0
0
0
0
50
65
0
0
0
0
0
0
4017
4024
0
0
0
0
0
0
55
30
0
0
0
0
0
0
4078
11
0
0
0
0
0
0
4055
4035
0
0
0
0
0
0
60
62
0
0
0
0
0
0
4029
4045
0
0
0
0
0
0
26
0
0
0
0
0
0
0
8
31
0
0
0
0
0
0
4043
4034
0
0
0
0
0
0
56
48
0
0
0
0
0
0
4049
4070
0
0
0
0
0
0
4095
4073
0
0
0
0
0
0
31
45
0
0
0
0
0
0
4037
4039
0
0
0
0
0
0
46
30
0
0
0
0
0
0
4072
4094
0
0
0
0
0
0
4074
4058
0
0
0
0
0
0
40
46
0
0
0
0
0
0
4044
4052
0
0
0
0
0
0
25
7
0
0
0
0
0
0
4093
15
0
0
0
0
0
0
4060
4050
0
0
0
0
0
0
39
34
0
0
0
0
0
0
4058
4073
0
0
0
0
0
0
5
4083
0
0
0
0
0
0
13
26
0
0
0
0
0
0
4056
4054
0
0
0
0
0
0
29
23
0
0
0
0
0
0
4073
4086
0
0
0
0
0
0
4085
4073
0
0
0
0
0
0
23
26
0
0
0
0
0
0
4059
4064
0
0
0
0
0
0
19
7
0
0
0
0
0
0
4088
4
0
0
0
0
0
0
4075
4066
0
0
0
0
0
0
23
22
0
0
0
0
0
0
4066
4074
0
0
0
0
0
0
7
4093
0
0
0
0
0
0
4
10
0
0
0
0
0
0
4071
4068
0
0
0
0
0
0
20
14
0
0
0
0
0
0
4077
4086
0
0
0
0
0
0
4092
4083
0
0
0
0
0
0
8
13
0
0
0
0
0
0
4072
4074
0
0
0
0
0
0
14
7
0
0
0
0
0
0
4086
4094
0
0
0
0
0
0
4084
4078
0
0
0
0
0
0
10
11
0
0
0
0
0
0
4078
4082
0
0
0
0
0
0
2
4091
0
0
0
0
0
0
4095
4
0
0
0
0
0
0
4080
4077
0
0
0
0
0
0
8
5
0
0
0
0
0
0
4087
4090
0
0
0
0
0
0
4091
4085
0
0
0
0
0
0
4
6
0
0
0
0
0
0
4081
4081
0
0
0
0
0
0
3
0
0
0
0
0
0
0
4088
4093
0
0
0
0
0
0
4088
4085
0
0
0
0
0
0
3
4
0
0
0
0
0
0
4086
4086
0
0
0
0
0
0
1
4095
0
0
0
0
0
0
4092
4093
0
0
0
0
0
0
4089
4088
0
0
0
0
0
0
2
4095
0
0
0
0
0
0
4088
4090
0
0
0
0
0
0
4092
4090
0
0
0
0
0
0
4093
4095
0
0
0
0
0
0
4089
4088
0
0
0
0
0
0
1
4095
0
0
0
0
0
0
4088
4091
0
0
0
0
0
0
4090
4090
0
0
0
0
0
0
4093
4095
0
0
0
0
0
0
4088
4088
0
0
0
0
0
0
4093
4093
0
0
0
0
0
0
4091
4092
0
0
0
0
0
0
4092
4093
0
0
0
0
0
0
4090
4090
0
0
0
0
0
0
4093
4094
0
0
0
0
0
0
4090
4091
0
0
0
0
0
0
4091
4089
0
0
0
0
0
0
4095
0
0
0
0
0
0
0
4087
4087
0
0
0
0
0
0
0
4093
0
0
0
0
0
0
4091
4093
0
0
0
0
0
0
4089
4088
0
0
0
0
0
0
2
2
0
0
0
0
0
0
4094
4094
0
0
0
0
0
0
0
0
0
0
0
0
0
0
4095
4095
0
0
0
0
0
0
0
0
0
0
0
0
0
0
4095
4095
0
0
0
0
0
0
0
0
0
0
0
0
0
0
4095
4095
0
0
0
0
0
0
0
0
0
0
0
0
0
0
4095
4095
0
0
0
0
0
0
0
0
0
0
0
0
0
0
4095
4095
0
0
0
0
0
0
0
0
0
0
0
0
0
0
4095
4095
0
0
0
0
0
0
0
4095
0
0
0
0
0
0
4095
4095
0
0
0
0
0
0
4095
4095
0
0
0
0
0
0
4095
4095
0
0
0
0
0
0
4095
4095
0
0
0
0
0
0
4095
4095
0
0
0
0
0
0
4095
4095
0
0
0
0
0
0
4095
4095
0
0
0
0
0
0
4095
4095
0
0
0
0
0
0
4095
4095
0
0
0
0
0
0
4095
4095
0
0
0
0
0
0
4095
4095
0
0
0
0
0
0
4095
4095
0
0
0
0
0
0
4095
4095
0
0
0
0
0
0
4095
4095
0
0
0
0
0
0
4095
4095
0
0
0
0
0
0
4095
4095
0
0
0
0
0
0
4095
4095
0
0
0
0
0
0
4095
4095
0
0
0
0
0
0
4095
4095
0
0
0
0
0
0
4095
4095
0
0
0
0
0
0
4095
4095
0
0
0
0
0
0
4095
4095
0
0
0
0
0
0
4095
4095
0
0
0
0
0
0
4095
4095
0
0
0
0
0
0
4095
4095
0
0
0
0
0
0
4095
4095
0
0
0
0
0
0
4095
4095
0
0
0
0
0
0
4095
4095
0
0
0
0
0
0
4095
4095
0
0
0
0
0
0
4095
4095
0
0
0
0
0
0
4095
4095
0
0
0
0
0
0
4095
4095
0
0
0
0
0
0
4095
4095
0
0
0
0
0
0
4095
4095
0
0
0
0
0
0
4095
4095
0
0
0
0
0
0
4095
4095
0
0
0
0
0
0
4095
4095
0
0
0
0
0
0
4095
4095
0
0
0
0
0
0
4095
4095
0
0
0
0
0
0
4095
4095
0
0
0
0
0
0
4095
4095
0
0
0
0
0
0
4095
4095
0
0
0
0
0
0
4095
4095
0
0
0
0
0
0
4095
4095
0
0
0
0
0
0
4095
4095
0
0
0
0
0
0
4095
4095
0
0
0
0
0
0
4095
4095
0
0
0
0
0
0
4095
4095
0
0
0
0
0
0
4095
4095
0
0
0
0
0
0
4095
4095
0
0
0
0
0
0
4095
4095
0
0
0
0
0
0
4095
4095
0
0
0
0
0
0
4095
4095
0
0
0
0
0
0
4095
4095
0
0
0
0
0
0
4095
4095
0
0
0
0
0
0
4095
4095
0
0
0
0
0
0
4095
4095
0
0
0
0
0
0
4095
4095
0
0
0
0
0
0
4095
4095
0
0
0
0
0
0
4095
4095
0
0
0
0
0
0
4095
4095
0
0
0
0
0
0
4095
4095
0
0
0
0
0
0
4095
4095
0
0
0
0
0
0
4095
4095
0
0
0
0
0
0
4095
4095
0
0
0
0
0
0
4095
4095
0
0
0
0
0
0
4095
4095
0
0
0
0
0
0
4095
4095
0
0
0
0
0
0
4095
4095
0
0
0
0
0
0
4095
4095
0
0
0
0
0
0
4095
4095
0
0
0
0
0
0
4095
4095
0
0
0
0
0
0
4095
4095
0
0
0
0
0
0
4095
4095
0
0
0
0
0
0
4095
4095
0
0
0
0
0
0
4095
4095
0
0
0
0
0
0
4095
4095
0
0
0
0
0
0
4095
4095
0
0
0
0
0
0
4095
4095
0
0
0
0
0
0
4095
4095
0
0
0
0
0
0
4095
4095
0
0
0
0
0
0
4095
4095
0
0
0
0
0
0
4095
4095
0
0
0
0
0
0
4095
4095
0
0
0
0
0
0
4095
4095
0
0
0
0
0
0
4095
4095
0
0
0
0
0
0
4095
4095
0
0
0
0
0
0
4095
4095
0
0
0
0
0
0
4095
4095
0
0
0
0
0
0
4095
4095
0
0
0
0
0
0
4095
4095
0
0
0
0
0
0
4095
4095
0
0
0
0
0
0
4095
4095
0
0
0
0
0
0
4095
4095
0
0
0
0
0
0
4095
4095
0
0
0
0
0
0
4095
4095
0
0
0
0
0
0
4095
4095
0
0
0
0
0
0
4095
4095
0
0
0
0
0
0
4095
4095
0
0
0
0
0
0
4095
4095
0
0
0
0
0
0
4095
4095
0
0
0
0
0
0
4095
4095
0
0
0
0
0
0
4095
4095
0
0
0
0
0
0
4095
4095
0
0
0
0
0
0
4095
4095
0
0
0
0
0
0
4095
4095
0
0
0
0
0
0
4095
4095
0
0
0
0
0
0
4095
4095
0
0
0
0
0
0
4095
4095
0
0
0
0
0
0
4095
4095
0
0
0
0
0
0
4095
4095
0
0
0
0
0
0
4095
4095
0
0
0
0
0
0
4095
4095
0
0
0
0
0
0
4095
4095
0
0
0
0
0
0
4095
4095
0
0
0
0
0
0
4095
4095
0
0
0
0
0
0
4095
4095
0
0
0
0
0
0
4095
4095
0
0
0
0
0
0
4095
4095
0
0
0
0
0
0
4095
4095
0
0
0
0
0
0
4095
4095
0
0
0
0
0
0
4095
4095
0
0
0
0
0
0
4095
4095
0
0
0
0
0
0
4095
4095
0
0
0
0
0
0
4095
4095
0
0
0
0
0
0
4095
4095
0
0
0
0
0
0
4095
4095
0
0
0
0
0
0
4095
4095
0
0
0
0
0
0
4095
4095
0
0
0
0
0
0
4095
4095
0
0
0
0
0
0
4095
4095
0
0
0
0
0
0
4095
4095
0
0
0
0
0
0
4095
4095
0
0
0
0
0
0
4095
4095
0
0
0
0
0
0
4095
4095
0
0
0
0
0
0
4095
4095
0
0
0
0
0
0
4095
4095
0
0
0
0
0
0
4095
4095
0
0
0
0
0
0
4095
4095
0
0
0
0
0
0
4095
4095
0
0
0
0
0
0
4095
4095
0
0
0
0
0
0
4095
4095
0
0
0
0
0
0
4095
4095
0
0
0
0
0
0
4095
4095
0
0
0
0
0
0
4095
4095
0
0
0
0
0
0
4095
4095
0
0
0
0
0
0
4095
4095
0
0
0
0
0
0
4095
4095
0
0
0
0
0
0
4095
4095
0
0
0
0
0
0
4095
4095
0
0
0
0
0
0
4095
4095
0
0
0
0
0
0
4095
4095
0
0
0
0
0
0
4095
4095
0
0
0
0
0
0
4095
4095
0
0
0
0
0
0
4095
4095
0
0
0
0
0
0
4095
4095
0
0
0
0
0
0
4095
4095
0
0
0
0
0
0
4095
4095
0
0
0
0
0
0
4095
4095
0
0
0
0
0
0
4095
4095
0
0
0
0
0
0
4095
4095
0
0
0
0
0
0
4095
4095
0
0
0
0
0
0
4095
4095
0
0
0
0
0
0
4095
4095
0
0
0
0
0
0
4095
4095
0
0
0
0
0
0
4095
4095
0
0
0
0
0
0
4095
4095
0
0
0
0
0
0
4095
4095
0
0
0
0
0
0
4095
4095
0
0
0
0
0
0
4095
4095
0
0
0
0
0
0
4095
4095
0
0
0
0
0
0
4095
4095
0
0
0
0
0
0
4095
4095
0
0
0
0
0
0
4095
4095
0
0
0
0
0
0
4095
4095
0
0
0
0
0
0
4095
4095
0
0
0
0
0
0
4095
4095
0
0
0
0
0
0
4095
4095
0
0
0
0
0
0
4095
4095
0
0
0
0
0
0
4095
4095
0
0
0
0
0
0
4095
4095
0
0
0
0
0
0
4095
4095
0
0
0
0
0
0
4095
4095
0
0
0
0
0
0
4095
4095
0
0
0
0
0
0
4095
4095
0
0
0
0
0
0
4095
4095
0
0
0
0
0
0
4095
4095
0
0
0
0
0
0
4095
4095
0
0
0
0
0
0
4095
4095
0
0
0
0
0
0
4095
4095
0
0
0
0
0
0
4095
4095
0
0
0
0
0
0
4095
4095
0
0
0
0
0
0
4095
4095
0
0
0
0
0
0
4095
4095
0
0
0
0
0
0
4095
4095
0
0
0
0
0
0
4095
4095
0
0
0
0
0
0
4095
4095
0
0
0
0
0
0
4095
4095
0
0
0
0
0
0
4095
4095
0
0
0
0
0
0
4095
4095
0
0
0
0
0
0
4095
4095
0
0
0
0
0
0
4095
4095
0
0
0
0
0
0
4095
4095
0
0
0
0
0
0
4095
4095
0
0
0
0
0
0
4095
4095
0
0
0
0
0
0
4095
4095
0
0
0
0
0
0
4095
4095
0
0
0
0
0
0
4095
4095
0
0
0
0
0
0
4095
4095
0
0
0
0
0
0
4095
4095
0
0
0
0
0
0
4095
4095
0
0
0
0
0
0
4095
4095
0
0
0
0
0
0
4095
4095
0
0
0
0
0
0
4095
4095
0
0
0
0
0
0
4095
4095
0
0
0
0
0
0
4095
4095
0
0
0
0
0
0
4095
4095
0
0
0
0
0
0
4095
4095
0
0
0
0
0
0
4095
4095
0
0
0
0
0
0
4095
4095
0
0
0
0
0
0
4095
4095
0
0
0
0
0
0
4095
4095
0
0
0
0
0
0
4095
4095
0
0
0
0
0
0
4095
4095
0
0
0
0
0
0
4095
4095
0
0
0
0
0
0
4095
4095
0
0
0
0
0
0
4095
4095
0
0
0
0
0
0
4095
4095
0
0
0
0
0
0
4095
4095
0
0
0
0
0
0
4095
4095
0
0
0
0
0
0
4095
4095
0
0
0
0
0
0
4095
4095
0
0
0
0
0
0
4095
4095
0
0
0
0
0
0
4095
4095
0
0
0
0
0
0
4095
4095
0
0
0
0
0
0
4095
4095
0
0
0
0
0
0
4095
4095
0
0
0
0
0
0
4095
4095
0
0
0
0
0
0
4095
4095
0
0
0
0
0
0
4095
4095
0
0
0
0
0
0
4095
4095
0
0
0
0
0
0
4095
4095
0
0
0
0
0
0
4095
4095
0
0
0
0
0
0
4095
4095
0
0
0
0
0
0
4095
4095
0
0
0
0
0
0
4095
4095
0
0
0
0
0
0
4095
4095
0
0
0
0
0
0
4095
4095
0
0
0
0
0
0
4095
4095
0
0
0
0
0
0
4095
4095
0
0
0
0
0
0
4095
4095
0
0
0
0
0
0
4095
4095
0
0
0
0
0
0
4095
4095
0
0
0
0
0
0
4095
4095
0
0
0
0
0
0
4095
4095
0
0
0
0
0
0
4095
4095
0
0
0
0
0
0
4095
4095
0
0
0
0
0
0
4095
4095
0
0
0
0
0
0
4095
4095
0
0
0
0
0
0
4095
4095
0
0
0
0
0
0
4095
4095
0
0
0
0
0
0
4095
4095
0
0
0
0
0
0
4095
4095
0
0
0
0
0
0
4095
4095
0
0
0
0
0
0
4095
4095
0
0
0
0
0
0
4095
4095
0
0
0
0
0
0
4095
4095
0
0
0
0
0
0
4095
4095
0
0
0
0
0
0
4095
4095
0
0
0
0
0
0
4095
4095
0
0
0
0
0
0
4095
4095
0
0
0
0
0
0
4095
4095
0
0
0
0
0
0
4095
4095
0
0
0
0
0
0
4095
4095
0
0
0
0
0
0
4095
4095
0
0
0
0
0
0
4095
4095
0
0
0
0
0
0
4095
4095
0
0
0
0
0
0
4095
4095
0
0
0
0
0
0
4095
4095
0
0
0
0
0
0
4095
4095
0
0
0
0
0
0
4095
4095
0
0
0
0
0
0
4095
4095
0
0
0
0
0
0
4095
4095
0
0
0
0
0
0
4095
4095
0
0
0
0
0
0
4095
4095
0
0
0
0
0
0
4095
4095
0
0
0
0
0
0
4095
4095
0
0
0
0
0
0
4095
4095
0
0
0
0
0
0
4095
4095
0
0
0
0
0
0
4095
4095
0
0
0
0
0
0
4095
4095
0
0
0
0
0
0
4095
4095
0
0
0
0
0
0
4095
4095
0
0
0
0
0
0
4095
4095
0
0
0
0
0
0
4095
4095
0
0
0
0
0
0
4095
4095
0
0
0
0
0
0
4095
4095
0
0
0
0
0
0
4095
4095
0
0
0
0
0
0
4095
4095
0
0
0
0
0
0
4095
4095
0
0
0
0
0
0
4095
4095
0
0
0
0
0
0
4095
4095
0
0
0
0
0
0
4095
4095
0
0
0
0
0
0
4095
4095
0
0
0
0
0
0
4095
4095
0
0
0
0
0
0
4095
4095
0
0
0
0
0
0
4095
4095
0
0
0
0
0
0
4095
4095
0
0
0
0
0
0
4095
4095
0
0
0
0
0
0
4095
4095
0
0
0
0
0
0
4095
4095
0
0
0
0
0
0
4095
4095
0
0
0
0
0
0
4095
4095
0
0
0
0
0
0
4095
4095
0
0
0
0
0
0
4095
4095
0
0
0
0
0
0
4095
4095
0
0
0
0
0
0
4095
4095
0
0
0
0
0
0
4095
4095
0
0
0
0
0
0
4095
4095
0
0
0
0
0
0
4095
4095
0
0
0
0
0
0
4095
4095
0
0
0
0
0
0
4095
4095
0
0
0
0
0
0
4095
4095
0
0
0
0
0
0
4095
4095
0
0
0
0
0
0
4095
4095
0
0
0
0
0
0
4095
4095
0
0
0
0
0
0
4095
4095
0
0
0
0
0
0
4095
4095
0
0
0
0
0
0
4095
4095
0
0
0
0
0
0
4095
4095
0
0
0
0
0
0
4095
4095
0
0
0
0
0
0
4095
4095
0
0
0
0
0
0
4095
4095
0
0
0
0
0
0
4095
4095
0
0
0
0
0
0
4095
4095
0
0
0
0
0
0
4095
4095
0
0
0
0
0
0
4095
4095
0
0
0
0
0
0
4095
4095
0
0
0
0
0
0
4095
4095
0
0
0
0
0
0
4095
4095
0
0
0
0
0
0
4095
4095
0
0
0
0
0
0
4095
4095
0
0
0
0
0
0
4095
4095
0
0
0
0
0
0
4095
4095
0
0
0
0
0
0
4095
4095
0
0
0
0
0
0
4095
4095
0
0
0
0
0
0
4095
4095
0
0
0
0
0
0
4095
4095
0
0
0
0
0
0
4095
4095
0
0
0
0
0
0
4095
4095
0
0
0
0
0
0
4095
4095
0
0
0
0
0
0
4095
4095
0
0
0
0
0
0
4095
4095
0
0
0
0
0
0
4095
4095
0
0
0
0
0
0
4095
4095
0
0
0
0
0
0
4095
4095
0
0
0
0
0
0
4095
4095
0
0
0
0
0
0
4095
4095
0
0
0
0
0
0
4095
4095
0
0
0
0
0
0
4095
4095
0
0
0
0
0
0
4095
4095
0
0
0
0
0
0
4095
4095
0
0
0
0
0
0
4095
4095
0
0
0
0
0
0
4095
4095
0
0
0
0
0
0
4095
4095
0
0
0
0
0
0
4095
4095
0
0
0
0
0
0
4095
4095
0
0
0
0
0
0
4095
4095
0
0
0
0
0
0
4095
4095
0
0
0
0
0
0
4095
4095
0
0
0
0
0
0
4095
4095
0
0
0
0
0
0
4095
4095
0
0
0
0
0
0
4095
4095
0
0
0
0
0
0
4095
4095
0
0
0
0
0
0
4095
4095
0
0
0
0
0
0
4095
4095
0
0
0
0
0
0
4095
4095
0
0
0
0
0
0
4095
4095
0
0
0
0
0
0
4095
4095
0
0
0
0
0
0
4095
4095
0
0
0
0
0
0
4095
4095
0
0
0
0
0
0
4095
4095
0
0
0
0
0
0
4095
4095
0
0
0
0
0
0
4095
4095
0
0
0
0
0
0
4095
4095
0
0
0
0
0
0
4095
4095
0
0
0
0
0
0
4095
4095
0
0
0
0
0
0
4095
4095
0
0
0
0
0
0
4095
4095
0
0
0
0
0
0
4095
4095
0
0
0
0
0
0
4095
4095
0
0
0
0
0
0
4095
4095
0
0
0
0
0
0
4095
4095
0
0
0
0
0
0
4095
4095
0
0
0
0
0
0
4095
4095
0
0
0
0
0
0
4095
4095
0
0
0
0
0
0
4095
4095
0
0
0
0
0
0
4095
4095
0
0
0
0
0
0
4095
4095
0
0
0
0
0
0
4095
4095
0
0
0
0
0
0
4095
4095
0
0
0
0
0
0
4095
4095
0
0
0
0
0
0
4095
4095
0
0
0
0
0
0
4095
4095
0
0
0
0
0
0
4095
4095
0
0
0
0
0
0
4095
4095
0
0
0
0
0
0
4095
4095
0
0
0
0
0
0
4095
4095
0
0
0
0
0
0
4095
4095
0
0
0
0
0
0
4095
4095
0
0
0
0
0
0
4095
4095
0
0
0
0
0
0
4095
4095
0
0
0
0
0
0
4095
4095
0
0
0
0
0
0
4095
4095
0
0
0
0
0
0
4095
4095
0
0
0
0
0
0
4095
4095
0
0
0
0
0
0
4095
4095
0
0
0
0
0
0
4095
4095
0
0
0
0
0
0
4095
4095
0
0
0
0
0
0
4095
4095
0
0
0
0
0
0
4095
4095
0
0
0
0
0
0
4095
4095
0
0
0
0
0
0
4095
4095
0
0
0
0
0
0
4095
4095
0
0
0
0
0
0
4095
4095
0
0
0
0
0
0
4095
4095
0
0
0
0
0
0
4095
4095
0
0
0
0
0
0
4095
4095
0
0
0
0
0
0
4095
4095
0
0
0
0
0
0
4095
4095
0
0
0
0
0
0
4095
4095
0
0
0
0
0
0
4095
4095
0
0
0
0
0
0
4095
4095
0
0
0
0
0
0
4095
4095
0
0
0
0
0
0
4095
4095
0
0
0
0
0
0
4095
4095
0
0
0
0
0
0
4095
4095
0
0
0
0
0
0
4095
4095
0
0
0
0
0
0
4095
4095
0
0
0
0
0
0
4095
4095
0
0
0
0
0
0
4095
4095
0
0
0
0
0
0
4095
4095
0
0
0
0
0
0
4095
4095
0
0
0
0
0
0
4095
4095
0
0
0
0
0
0
4095
4095
0
0
0
0
0
0
4095
4095
0
0
0
0
0
0
4095
4095
0
0
0
0
0
0
4095
4095
0
0
0
0
0
0
4095
4095
0
0
0
0
0
0
4095
4095
0
0
0
0
0
0
4095
4095
0
0
0
0
0
0
4095
4095
0
0
0
0
0
0
4095
4095
0
0
0
0
0
0
4095
4095
0
0
0
0
0
0
4095
4095
0
0
0
0
0
0
4095
4095
0
0
0
0
0
0
4095
4095
0
0
0
0
0
0
4095
4095
0
0
0
0
0
0
4095
4095
0
0
0
0
0
0
4095
4095
0
0
0
0
0
0
4095
4095
0
0
0
0
0
0
4095
4095
0
0
0
0
0
0
4095
4095
0
0
0
0
0
0
4095
4095
0
0
0
0
0
0
4095
4095
0
0
0
0
0
0
4095
4095
0
0
0
0
0
0
4095
4095
0
0
0
0
0
0
4095
4095
0
0
0
0
0
0
4095
4095
0
0
0
0
0
0
4095
4095
0
0
0
0
0
0
4095
4095
0
0
0
0
0
0
4095
4095
0
0
0
0
0
0
4095
4095
0
0
0
0
0
0
4095
4095
0
0
0
0
0
0
4095
4095
0
0
0
0
0
0
4095
4095
0
0
0
0
0
0
4095
4095
0
0
0
0
0
0
4095
4095
0
0
0
0
0
0
4095
4095
0
0
0
0
0
0
4095
4095
0
0
0
0
0
0
4095
4095
0
0
0
0
0
0
4095
4095
0
0
0
0
0
0
4095
4095
0
0
0
0
0
0
4095
4095
0
0
0
0
0
0
4095
4095
0
0
0
0
0
0
4095
4095
0
0
0
0
0
0
4095
4095
0
0
0
0
0
0
4095
4095
0
0
0
0
0
0
4095
4095
0
0
0
0
0
0
4095
4095
0
0
0
0
0
0
4095
4095
0
0
0
0
0
0
4095
4095
0
0
0
0
0
0
4095
4095
0
0
0
0
0
0
4095
4095
0
0
0
0
0
0
4095
4095
0
0
0
0
0
0
4095
4095
0
0
0
0
0
0
4095
4095
0
0
0
0
0
0
4095
4095
0
0
0
0
0
0
4095
4095
0
0
0
0
0
0
4095
4095
0
0
0
0
0
0
4095
4095
0
0
0
0
0
0
4095
4095
0
0
0
0
0
0
4095
4095
0
0
0
0
0
0
4095
4095
0
0
0
0
0
0
4095
4095
0
0
0
0
0
0
4095
4095
0
0
0
0
0
0
4095
4095
0
0
0
0
0
0
4095
4095
0
0
0
0
0
0
4095
4095
0
0
0
0
0
0
4095
4095
0
0
0
0
0
0
4095
4095
0
0
0
0
0
0
4095
4095
0
0
0
0
0
0
4095
4095
0
0
0
0
0
0
4095
4095
0
0
0
0
0
0
4095
4095
0
0
0
0
0
0
4095
4095
0
0
0
0
0
0
4095
4095
0
0
0
0
0
0
4095
4095
0
0
0
0
0
0
4095
4095
0
0
0
0
0
0
4095
4095
0
0
0
0
0
0
4095
4095
0
0
0
0
0
0
4095
4095
0
0
0
0
0
0
4095
4095
0
0
0
0
0
0
4095
4095
0
0
0
0
0
0
4095
4095
0
0
0
0
0
0
4095
4095
0
0
0
0
0
0
4095
4095
0
0
0
0
0
0
4095
4095
0
0
0
0
0
0
4095
4095
0
0
0
0
0
0
4095
4095
0
0
0
0
0
0
4095
4095
0
0
0
0
0
0
4095
4095
0
0
0
0
0
0
4095
4095
0
0
0
0
0
0
4095
4095
0
0
0
0
0
0
4095
4095
0
0
0
0
0
0
4095
4095
0
0
0
0
0
0
4095
4095
0
0
0
0
0
0
4095
4095
0
0
0
0
0
0
4095
4095
0
0
0
0
0
0
4095
4095
0
0
0
0
0
0
4095
4095
0
0
0
0
0
0
4095
4095
0
0
0
0
0
0
4095
4095
0
0
0
0
0
0
4095
4095
0
0
0
0
0
0
4095
4095
0
0
0
0
0
0
4095
4095
0
0
0
0
0
0
4095
4095
0
0
0
0
0
0
4095
4095
0
0
0
0
0
0
4095
4095
0
0
0
0
0
0
4095
4095
0
0
0
0
0
0
4095
4095
0
0
0
0
0
0
4095
4095
0
0
0
0
0
0
4095
4095
0
0
0
0
0
0
4095
4095
0
0
0
0
0
0
4095
4095
0
0
0
0
0
0
4095
4095
0
0
0
0
0
0
4095
4095
0
0
0
0
0
0
4095
4095
0
0
0
0
0
0
4095
4095
0
0
0
0
0
0
4095
4095
0
0
0
0
0
0
4095
4095
0
0
0
0
0
0
4095
4095
0
0
0
0
0
0
4095
4095
0
0
0
0
0
0
4095
4095
0
0
0
0
0
0
4095
4095
0
0
0
0
0
0
4095
4095
0
0
0
0
0
0
4095
4095
0
0
0
0
0
0
4095
4095
0
0
0
0
0
0
4095
4095
0
0
0
0
0
0
4095
4095
0
0
0
0
0
0
4095
4095
0
0
0
0
0
0
4095
4095
0
0
0
0
0
0
4095
4095
0
0
0
0
0
0
4095
4095
0
0
0
0
0
0
4095
4095
0
0
0
0
0
0
4095
4095
0
0
0
0
0
0
4095
4095
0
0
0
0
0
0
4095
4095
0
0
0
0
0
0
4095
4095
0
0
0
0
0
0
4095
4095
0
0
0
0
0
0
4095
4095
0
0
0
0
0
0
4095
4095
0
0
0
0
0
0
4095
4095
0
0
0
0
0
0
4095
4095
0
0
0
0
0
0
4095
4095
0
0
0
0
0
0
4095
4095
0
0
0
0
0
0
4095
4095
0
0
0
0
0
0
4095
4095
0
0
0
0
0
0
4095
4095
0
0
0
0
0
0
4095
4095
0
0
0
0
0
0
4095
4095
0
0
0
0
0
0
4095
4095
0
0
0
0
0
0
4095
4095
0
0
0
0
0
0
4095
4095
0
0
0
0
0
0
4095
4095
0
0
0
0
0
0
4095
4095
0
0
0
0
0
0
4095
4095
0
0
0
0
0
0
4095
4095
0
0
0
0
0
0
4095
4095
0
0
0
0
0
0
4095
4095
0
0
0
0
0
0
4095
4095
0
0
0
0
0
0
4095
4095
0
0
0
0
0
0
4095
4095
0
0
0
0
0
0
4095
4095
0
0
0
0
0
0
4095
4095
0
0
0
0
0
0
4095
4095
0
0
0
0
0
0
4095
4095
0
0
0
0
0
0
4095
4095
0
0
0
0
0
0
4095
4095
0
0
0
0
0
0
4095
4095
0
0
0
0
0
0
4095
4095
0
0
0
0
0
0
4095
4095
0
0
0
0
0
0
4095
4095
0
0
0
0
0
0
4095
4095
0
0
0
0
0
0
4095
4095
0
0
0
0
0
0
4095
4095
0
0
0
0
0
0
4095
4095
0
0
0
0
0
0
4095
4095
0
0
0
0
0
0
4095
4095
0
0
0
0
0
0
4095
4095
0
0
0
0
0
0
4095
4095
0
0
0
0
0
0
4095
4095
0
0
0
0
0
0
4095
4095
0
0
0
0
0
0
4095
4095
0
0
0
0
0
0
4095
4095
0
0
0
0
0
0
4095
4095
0
0
0
0
0
0
4095
4095
0
0
0
0
0
0
4095
4095
0
0
0
0
0
0
4095
4095
0
0
0
0
0
0
4095
4095
0
0
0
0
0
0
4095
4095
0
0
0
0
0
0
4095
4095
0
0
0
0
0
0
4095
4095
0
0
0
0
0
0
4095
4095
0
0
0
0
0
0
4095
4095
0
0
0
0
0
0
4095
4095
0
0
0
0
0
0
4095
4095
0
0
0
0
0
0
4095
4095
0
0
0
0
0
0
4095
4095
0
0
0
0
0
0
4095
4095
0
0
0
0
0
0
4095
4095
0
0
0
0
0
0
4095
4095
0
0
0
0
0
0
4095
4095
0
0
0
0
0
0
4095
4095
0
0
0
0
0
0
4095
4095
0
0
0
0
0
0
4095
4095
0
0
0
0
0
0
4095
4095
0
0
0
0
0
0
4095
4095
0
0
0
0
0
0
4095
4095
0
0
0
0
0
0
4095
4095
0
0
0
0
0
0
4095
4095
0
0
0
0
0
0
4095
4095
0
0
0
0
0
0
4095
4095
0
0
0
0
0
0
4095
4095
0
0
0
0
0
0
4095
4095
0
0
0
0
0
0
4095
4095
0
0
0
0
0
0
4095
4095
0
0
0
0
0
0
4095
4095
0
0
0
0
0
0
4095
4095
0
0
0
0
0
0
4095
4095
0
0
0
0
0
0
4095
4095
0
0
0
0
0
0
4095
4095
0
0
0
0
0
0
4095
4095
0
0
0
0
0
0
4095
4095
0
0
0
0
0
0
4095
4095
0
0
0
0
0
0
4095
4095
0
0
0
0
0
0
4095
4095
0
0
0
0
0
0
4095
4095
0
0
0
0
0
0
4095
4095
0
0
0
0
0
0
4095
4095
0
0
0
0
0
0
4095
4095
0
0
0
0
0
0
4095
4095
0
0
0
0
0
0
4095
4095
0
0
0
0
0
0
4095
4095
0
0
0
0
0
0
4095
4095
0
0
0
0
0
0
4095
4095
0
0
0
0
0
0
4095
4095
0
0
0
0
0
0
4095
4095
0
0
0
0
0
0
4095
4095
0
0
0
0
0
0
4095
4095
0
0
0
0
0
0
4095
4095
0
0
0
0
0
0
4095
4095
0
0
0
0
0
0
4095
4095
0
0
0
0
0
0
4095
4095
0
0
0
0
0
0
4095
4095
0
0
0
0
0
0
4095
4095
0
0
0
0
0
0
4095
4095
0
0
0
0
0
0
4095
4095
0
0
0
0
0
0
4095
4095
0
0
0
0
0
0
4095
4095
0
0
0
0
0
0
4095
4095
0
0
0
0
0
0
4095
4095
0
0
0
0
0
0
4095
4095
0
0
0
0
0
0
4095
4095
0
0
0
0
0
0
4095
4095
0
0
0
0
0
0
4095
4095
0
0
0
0
0
0
4095
4095
0
0
0
0
0
0
4095
4095
0
0
0
0
0
0
4095
4095
0
0
0
0
0
0
4095
4095
0
0
0
0
0
0
4095
4095
0
0
0
0
0
0
4095
4095
0
0
0
0
0
0
4095
4095
0
0
0
0
0
0
4095
4095
0
0
0
0
0
0
4095
4095
0
0
0
0
0
0
4095
4095
0
0
0
0
0
0
4095
4095
0
0
0
0
0
0
4095
4095
0
0
0
0
0
0
4095
4095
0
0
0
0
0
0
4095
4095
0
0
0
0
0
0
4095
4095
0
0
0
0
0
0
4095
4095
0
0
0
0
0
0
4095
4095
0
0
0
0
0
0
4095
4095
0
0
0
0
0
0
4095
4095
0
0
0
0
0
0
4095
4095
0
0
0
0
0
0
4095
4095
0
0
0
0
0
0
4095
4095
0
0
0
0
0
0
4095
4095
0
0
0
0
0
0
4095
4095
0
0
0
0
0
0
4095
4095
0
0
0
0
0
0
4095
4095
0
0
0
0
0
0
4095
4095
0
0
0
0
0
0
4095
4095
0
0
0
0
0
0
4095
4095
0
0
0
0
0
0
4095
4095
0
0
0
0
0
0
4095
4095
0
0
0
0
0
0
4095
4095
0
0
0
0
0
0
4095
4095
0
0
0
0
0
0
4095
4095
0
0
0
0
0
0
4095
4095
0
0
0
0
0
0
4095
4095
0
0
0
0
0
0
4095
4095
0
0
0
0
0
0
4095
4095
0
0
0
0
0
0
4095
4095
0
0
0
0
0
0
4095
4095
0
0
0
0
0
0
4095
4095
0
0
0
0
0
0
4095
4095
0
0
0
0
0
0
4095
4095
0
0
0
0
0
0
4095
4095
0
0
0
0
0
0
4095
4095
0
0
0
0
0
0
4095
4095
0
0
0
0
0
0
4095
4095
0
0
0
0
0
0
4095
4095
0
0
0
0
0
0
4095
4095
0
0
0
0
0
0
4095
4095
0
0
0
0
0
0
4095
4095
0
0
0
0
0
0
4095
4095
0
0
0
0
0
0
4095
4095
0
0
0
0
0
0
4095
4095
0
0
0
0
0
0
4095
4095
0
0
0
0
0
0
4095
4095
0
0
0
0
0
0
4095
4095
0
0
0
0
0
0
4095
4095
0
0
0
0
0
0
4095
4095
0
0
0
0
0
0
4095
4095
0
0
0
0
0
0
4095
4095
0
0
0
0
0
0
4095
4095
0
0
0
0
0
0
4095
4095
0
0
0
0
0
0
4095
4095
0
0
0
0
0
0
4095
4095
0
0
0
0
0
0
4095
4095
0
0
0
0
0
0
4095
4095
0
0
0
0
0
0
4095
4095
0
0
0
0
0
0
4095
4095
0
0
0
0
0
0
4095
4095
0
0
0
0
0
0
4095
4095
0
0
0
0
0
0
4095
4095
0
0
0
0
0
0
4095
4095
0
0
0
0
0
0
4095
4095
0
0
0
0
0
0
4095
4095
0
0
0
0
0
0
4095
4095
0
0
0
0
0
0
4095
4095
0
0
0
0
0
0
4095
4095
0
0
0
0
0
0
4095
4095
0
0
0
0
0
0
4095
4095
0
0
0
0
0
0
4095
4095
0
0
0
0
0
0
4095
4095
0
0
0
0
0
0
4095
4095
0
0
0
0
0
0
4095
4095
0
0
0
0
0
0
4095
4095
0
0
0
0
0
0
4095
4095
0
0
0
0
0
0
4095
4095
0
0
0
0
0
0
4095
4095
0
0
0
0
0
0
4095
4095
0
0
0
0
0
0
4095
4095
0
0
0
0
0
0
4095
4095
0
0
0
0
0
0
4095
4095
0
0
0
0
0
0
4095
4095
0
0
0
0
0
0
4095
4095
0
0
0
0
0
0
4095
4095
0
0
0
0
0
0
4095
4095
0
0
0
0
0
0
4095
4095
0
0
0
0
0
0
4095
4095
0
0
0
0
0
0
4095
4095
0
0
0
0
0
0
4095
4095
0
0
0
0
0
0
4095
4095
0
0
0
0
0
0
4095
4095
0
0
0
0
0
0
4095
4095
0
0
0
0
0
0
4095
4095
0
0
0
0
0
0
4095
4095
0
0
0
0
0
0
4095
4095
0
0
0
0
0
0
4095
4095
0
0
0
0
0
0
4095
4095
0
0
0
0
0
0
4095
4095
0
0
0
0
0
0
4095
4095
0
0
0
0
0
0
4095
4095
0
0
0
0
0
0
4095
4095
0
0
0
0
0
0
4095
4095
0
0
0
0
0
0
4095
4095
0
0
0
0
0
0
4095
4095
0
0
0
0
0
0
4095
4095
0
0
0
0
0
0
4095
4095
0
0
0
0
0
0
4095
4095
0
0
0
0
0
0
4095
4095
0
0
0
0
0
0
4095
4095
0
0
0
0
0
0
4095
4095
0
0
0
0
0
0
4095
4095
0
0
0
0
0
0
4095
4095
0
0
0
0
0
0
4095
4095
0
0
0
0
0
0
4095
4095
0
0
0
0
0
0
4095
4095
0
0
0
0
0
0
4095
4095
0
0
0
0
0
0
4095
4095
0
0
0
0
0
0
4095
4095
0
0
0
0
0
0
4095
4095
0
0
0
0
0
0
4095
4095
0
0
0
0
0
0
4095
4095
0
0
0
0
0
0
4095
4095
0
0
0
0
0
0
4095
4095
0
0
0
0
0
0
4095
4095
0
0
0
0
0
0
4095
4095
0
0
0
0
0
0
4095
4095
0
0
0
0
0
0
4095
4095
0
0
0
0
0
0
4095
4095
0
0
0
0
0
0
4095
4095
0
0
0
0
0
0
4095
4095
0
0
0
0
0
0
4095
4095
0
0
0
0
0
0
4095
4095
0
0
0
0
0
0
4095
4095
0
0
0
0
0
0
4095
4095
0
0
0
0
0
0
4095
4095
0
0
0
0
0
0
4095
4095
0
0
0
0
0
0
4095
4095
0
0
0
0
0
0
4095
4095
0
0
0
0
0
0
4095
4095
0
0
0
0
0
0
4095
4095
0
0
0
0
0
0
4095
4095
0
0
0
0
0
0
4095
4095
0
0
0
0
0
0
4095
4095
0
0
0
0
0
0
4095
4095
0
0
0
0
0
0
4095
4095
0
0
0
0
0
0
4095
4095
0
0
0
0
0
0
4095
4095
0
0
0
0
0
0
4095
4095
0
0
0
0
0
0
4095
4095
0
0
0
0
0
0
4095
4095
0
0
0
0
0
0
4095
4095
0
0
0
0
0
0
4095
4095
0
0
0
0
0
0
4095
4095
0
0
0
0
0
0
4095
4095
0
0
0
0
0
0
4095
4095
0
0
0
0
0
0
4095
4095
0
0
0
0
0
0
4095
4095
0
0
0
0
0
0
4095
4095
0
0
0
0
0
0
4095
4095
0
0
0
0
0
0
4095
4095
0
0
0
0
0
0
4095
4095
0
0
0
0
0
0
4095
4095
0
0
0
0
0
0
4095
4095
0
0
0
0
0
0
4095
4095
0
0
0
0
0
0
4095
4095
0
0
0
0
0
0
4095
4095
0
0
0
0
0
0
4095
4095
0
0
0
0
0
0
4095
4095
0
0
0
0
0
0
4095
4095
0
0
0
0
0
0
4095
4095
0
0
0
0
0
0
4095
4095
0
0
0
0
0
0
4095
4095
0
0
0
0
0
0
4095
4095
0
0
0
0
0
0
4095
4095
0
0
0
0
0
0
4095
4095
0
0
0
0
0
0
4095
4095
0
0
0
0
0
0
4095
4095
0
0
0
0
0
0
4095
4095
0
0
0
0
0
0
4095
4095
0
0
0
0
0
0
4095
4095
0
0
0
0
0
0
4095
4095
0
0
0
0
0
0
4095
4095
0
0
0
0
0
0
4095
4095
0
0
0
0
0
0
4095
4095
0
0
0
0
0
0
4095
4095
0
0
0
0
0
0
4095
4095
0
0
0
0
0
0
4095
4095
0
0
0
0
0
0
4095
4095
0
0
0
0
0
0
4095
4095
0
0
0
0
0
0
4095
4095
0
0
0
0
0
0
4095
4095
0
0
0
0
0
0
4095
4095
0
0
0
0
0
0
4095
4095
0
0
0
0
0
0
4095
4095
0
0
0
0
0
0
4095
4095
0
0
0
0
0
0
4095
4095
0
0
0
0
0
0
4095
4095
0
0
0
0
0
0
4095
4095
0
0
0
0
0
0
4095
4095
0
0
0
0
0
0
4095
4095
0
0
0
0
0
0
4095
4095
0
0
0
0
0
0
4095
4095
0
0
0
0
0
0
4095
4095
0
0
0
0
0
0
4095
4095
0
0
0
0
0
0
4095
4095
0
0
0
0
0
0
4095
4095
0
0
0
0
0
0
4095
4095
0
0
0
0
0
0
4095
4095
0
0
0
0
0
0
4095
4095
0
0
0
0
0
0
4095
4095
0
0
0
0
0
0
4095
4095
0
0
0
0
0
0
4095
4095
0
0
0
0
0
0
4095
4095
0
0
0
0
0
0
4095
4095
0
0
0
0
0
0
4095
4095
0
0
0
0
0
0
4095
4095
0
0
0
0
0
0
4095
4095
0
0
0
0
0
0
4095
4095
0
0
0
0
0
0
4095
4095
0
0
0
0
0
0
4095
4095
0
0
0
0
0
0
4095
4095
0
0
0
0
0
0
4095
4095
0
0
0
0
0
0
4095
4095
0
0
0
0
0
0
4095
4095
0
0
0
0
0
0
4095
4095
0
0
0
0
0
0
4095
4095
0
0
0
0
0
0
4095
4095
0
0
0
0
0
0
4095
4095
0
0
0
0
0
0
4095
4095
0
0
0
0
0
0
4095
4095
0
0
0
0
0
0
4095
4095
0
0
0
0
0
0
4095
4095
0
0
0
0
0
0
4095
4095
0
0
0
0
0
0
4095
4095
0
0
0
0
0
0
4095
4095
0
0
0
0
0
0
4095
4095
0
0
0
0
0
0
4095
4095
0
0
0
0
0
0
4095
4095
0
0
0
0
0
0
4095
4095
0
0
0
0
0
0
4095
4095
0
0
0
0
0
0
4095
4095
0
0
0
0
0
0
4095
4095
0
0
0
0
0
0
4095
4095
0
0
0
0
0
0
4095
4095
0
0
0
0
0
0
4095
4095
0
0
0
0
0
0
4095
4095
0
0
0
0
0
0
4095
4095
0
0
0
0
0
0
4095
4095
0
0
0
0
0
0
4095
4095
0
0
0
0
0
0
4095
4095
0
0
0
0
0
0
4095
4095
0
0
0
0
0
0
4095
4095
0
0
0
0
0
0
4095
4095
0
0
0
0
0
0
4095
4095
0
0
0
0
0
0
4095
4095
0
0
0
0
0
0
4095
4095
0
0
0
0
0
0
4095
4095
0
0
0
0
0
0
4095
4095
0
0
0
0
0
0
4095
4095
0
0
0
0
0
0
4095
4095
0
0
0
0
0
0
