4095
0
0
0
0
0
0
0
4095
0
0
0
0
0
0
0
4095
0
0
0
0
0
0
0
4095
0
0
0
0
0
0
0
4095
0
0
0
0
0
0
0
4095
0
0
0
0
0
0
0
4095
0
0
0
0
0
0
0
4095
0
0
0
0
0
0
0
4095
0
0
0
0
0
0
0
4095
0
0
0
0
0
0
0
4095
0
0
0
0
0
0
0
4095
0
0
0
0
0
0
0
4095
0
0
0
0
0
0
0
4095
0
0
0
0
0
0
0
4095
0
0
0
0
0
0
0
4095
0
0
0
0
0
0
0
4095
0
0
0
0
0
0
0
4095
0
0
0
0
0
0
0
4095
0
0
0
0
0
0
0
4095
0
0
0
0
0
0
0
4095
0
0
0
0
0
0
0
4095
0
0
0
0
0
0
0
4095
0
0
0
0
0
0
0
4094
4094
0
0
0
0
0
0
4092
4092
0
0
0
0
0
0
4095
0
0
0
0
0
0
0
4095
0
0
0
0
0
0
0
4092
4092
0
0
0
0
0
0
4092
4092
0
0
0
0
0
0
4095
0
0
0
0
0
0
0
0
4094
0
0
0
0
0
0
4090
4090
0
0
0
0
0
0
4094
4095
0
0
0
0
0
0
3
3
0
0
0
0
0
0
4090
4089
0
0
0
0
0
0
4086
4088
0
0
0
0
0
0
4
5
0
0
0
0
0
0
3
1
0
0
0
0
0
0
4082
4080
0
0
0
0
0
0
4089
4094
0
0
0
0
0
0
13
13
0
0
0
0
0
0
4091
4086
0
0
0
0
0
0
4075
4076
0
0
0
0
0
0
7
13
0
0
0
0
0
0
15
11
0
0
0
0
0
0
4073
4070
0
0
0
0
0
0
4079
4087
0
0
0
0
0
0
26
28
0
0
0
0
0
0
2
4089
0
0
0
0
0
0
4058
4059
0
0
0
0
0
0
7
16
0
0
0
0
0
0
34
28
0
0
0
0
0
0
4069
4059
0
0
0
0
0
0
4062
4072
0
0
0
0
0
0
40
45
0
0
0
0
0
0
17
4
0
0
0
0
0
0
4038
4037
0
0
0
0
0
0
4093
14
0
0
0
0
0
0
59
53
0
0
0
0
0
0
4069
4053
0
0
0
0
0
0
4035
4046
0
0
0
0
0
0
47
60
0
0
0
0
0
0
43
24
0
0
0
0
0
0
4019
4012
0
0
0
0
0
0
4072
0
0
0
0
0
0
0
86
85
0
0
0
0
0
0
4081
4056
0
0
0
0
0
0
4001
4012
0
0
0
0
0
0
47
70
0
0
0
0
0
0
81
59
0
0
0
0
0
0
4006
3989
0
0
0
0
0
0
4037
4066
0
0
0
0
0
0
113
120
0
0
0
0
0
0
13
4074
0
0
0
0
0
0
3962
3969
0
0
0
0
0
0
30
66
0
0
0
0
0
0
125
105
0
0
0
0
0
0
4008
3979
0
0
0
0
0
0
3990
4023
0
0
0
0
0
0
129
148
0
0
0
0
0
0
58
14
0
0
0
0
0
0
3927
3925
0
0
0
0
0
0
4094
45
0
0
0
0
0
0
174
158
0
0
0
0
0
0
4025
3980
0
0
0
0
0
0
3930
3965
0
0
0
0
0
0
134
169
0
0
0
0
0
0
117
67
0
0
0
0
0
0
3903
3885
0
0
0
0
0
0
4040
5
0
0
0
0
0
0
221
217
0
0
0
0
0
0
4065
4003
0
0
0
0
0
0
3869
3897
0
0
0
0
0
0
115
170
0
0
0
0
0
0
190
139
0
0
0
0
0
0
3895
3857
0
0
0
0
0
0
3966
4034
0
0
0
0
0
0
255
269
0
0
0
0
0
0
32
4051
0
0
0
0
0
0
3808
3824
0
0
0
0
0
0
69
146
0
0
0
0
0
0
269
223
0
0
0
0
0
0
3913
3850
0
0
0
0
0
0
3878
3949
0
0
0
0
0
0
269
308
0
0
0
0
0
0
118
30
0
0
0
0
0
0
3761
3756
0
0
0
0
0
0
4095
94
0
0
0
0
0
0
345
313
0
0
0
0
0
0
3960
3872
0
0
0
0
0
0
3780
3847
0
0
0
0
0
0
257
324
0
0
0
0
0
0
224
130
0
0
0
0
0
0
3736
3703
0
0
0
0
0
0
3993
9
0
0
0
0
0
0
410
402
0
0
0
0
0
0
4041
3927
0
0
0
0
0
0
3684
3735
0
0
0
0
0
0
210
307
0
0
0
0
0
0
342
251
0
0
0
0
0
0
3740
3673
0
0
0
0
0
0
3869
3990
0
0
0
0
0
0
449
473
0
0
0
0
0
0
59
4020
0
0
0
0
0
0
3601
3627
0
0
0
0
0
0
122
251
0
0
0
0
0
0
461
384
0
0
0
0
0
0
3787
3682
0
0
0
0
0
0
3730
3849
0
0
0
0
0
0
454
518
0
0
0
0
0
0
201
51
0
0
0
0
0
0
3542
3533
0
0
0
0
0
0
4092
154
0
0
0
0
0
0
568
517
0
0
0
0
0
0
3876
3732
0
0
0
0
0
0
3585
3693
0
0
0
0
0
0
416
524
0
0
0
0
0
0
362
210
0
0
0
0
0
0
3521
3467
0
0
0
0
0
0
3934
14
0
0
0
0
0
0
649
636
0
0
0
0
0
0
4010
3831
0
0
0
0
0
0
3451
3532
0
0
0
0
0
0
327
481
0
0
0
0
0
0
533
392
0
0
0
0
0
0
3548
3445
0
0
0
0
0
0
3747
3933
0
0
0
0
0
0
691
728
0
0
0
0
0
0
90
3980
0
0
0
0
0
0
3344
3384
0
0
0
0
0
0
187
384
0
0
0
0
0
0
697
581
0
0
0
0
0
0
3630
3472
0
0
0
0
0
0
3548
3729
0
0
0
0
0
0
679
774
0
0
0
0
0
0
299
78
0
0
0
0
0
0
3277
3264
0
0
0
0
0
0
4094
230
0
0
0
0
0
0
837
763
0
0
0
0
0
0
3774
3564
0
0
0
0
0
0
3350
3508
0
0
0
0
0
0
606
763
0
0
0
0
0
0
528
306
0
0
0
0
0
0
3265
3189
0
0
0
0
0
0
3862
22
0
0
0
0
0
0
936
917
0
0
0
0
0
0
3974
3719
0
0
0
0
0
0
3176
3292
0
0
0
0
0
0
467
686
0
0
0
0
0
0
760
558
0
0
0
0
0
0
3321
3175
0
0
0
0
0
0
3604
3868
0
0
0
0
0
0
973
1024
0
0
0
0
0
0
127
3934
0
0
0
0
0
0
3044
3100
0
0
0
0
0
0
261
536
0
0
0
0
0
0
972
809
0
0
0
0
0
0
3454
3233
0
0
0
0
0
0
3338
3587
0
0
0
0
0
0
939
1069
0
0
0
0
0
0
413
109
0
0
0
0
0
0
2972
2954
0
0
0
0
0
0
4092
315
0
0
0
0
0
0
1145
1043
0
0
0
0
0
0
3658
3370
0
0
0
0
0
0
3083
3298
0
0
0
0
0
0
825
1038
0
0
0
0
0
0
716
417
0
0
0
0
0
0
2975
2872
0
0
0
0
0
0
3783
32
0
0
0
0
0
0
1259
1233
0
0
0
0
0
0
3934
3591
0
0
0
0
0
0
2866
3021
0
0
0
0
0
0
624
917
0
0
0
0
0
0
1013
743
0
0
0
0
0
0
3067
2870
0
0
0
0
0
0
3444
3794
0
0
0
0
0
0
1290
1357
0
0
0
0
0
0
171
3885
0
0
0
0
0
0
2708
2783
0
0
0
0
0
0
344
706
0
0
0
0
0
0
1279
1065
0
0
0
0
0
0
3253
2965
0
0
0
0
0
0
3104
3432
0
0
0
0
0
0
1229
1398
0
0
0
0
0
0
540
142
0
0
0
0
0
0
2632
2610
0
0
0
0
0
0
4091
410
0
0
0
0
0
0
1486
1353
0
0
0
0
0
0
3530
3159
0
0
0
0
0
0
2788
3065
0
0
0
0
0
0
1064
1337
0
0
0
0
0
0
922
536
0
0
0
0
0
0
2656
2522
0
0
0
0
0
0
3693
41
0
0
0
0
0
0
1611
1579
0
0
0
0
0
0
3889
3450
0
0
0
0
0
0
2527
2725
0
0
0
0
0
0
796
1168
0
0
0
0
0
0
1290
946
0
0
0
0
0
0
2791
2542
0
0
0
0
0
0
3271
3713
0
0
0
0
0
0
1634
1719
0
0
0
0
0
0
216
3829
0
0
0
0
0
0
2345
2442
0
0
0
0
0
0
434
890
0
0
0
0
0
0
1609
1339
0
0
0
0
0
0
3037
2676
0
0
0
0
0
0
2852
3264
0
0
0
0
0
0
1538
1751
0
0
0
0
0
0
675
179
0
0
0
0
0
0
2269
2243
0
0
0
0
0
0
4093
513
0
0
0
0
0
0
1850
1684
0
0
0
0
0
0
3394
2932
0
0
0
0
0
0
2472
2817
0
0
0
0
0
0
1318
1657
0
0
0
0
0
0
1144
666
0
0
0
0
0
0
2317
2153
0
0
0
0
0
0
3599
51
0
0
0
0
0
0
1986
1947
0
0
0
0
0
0
3842
3301
0
0
0
0
0
0
2167
2412
0
0
0
0
0
0
977
1434
0
0
0
0
0
0
1581
1161
0
0
0
0
0
0
2499
2194
0
0
0
0
0
0
3086
3628
0
0
0
0
0
0
1995
2099
0
0
0
0
0
0
263
3770
0
0
0
0
0
0
1964
2081
0
0
0
0
0
0
530
1084
0
0
0
0
0
0
1955
1627
0
0
0
0
0
0
2813
2375
0
0
0
0
0
0
2589
3087
0
0
0
0
0
0
1862
2119
0
0
0
0
0
0
818
216
0
0
0
0
0
0
1891
1858
0
0
0
0
0
0
4090
618
0
0
0
0
0
0
2230
2029
0
0
0
0
0
0
3253
2697
0
0
0
0
0
0
2145
2560
0
0
0
0
0
0
1585
1992
0
0
0
0
0
0
1370
798
0
0
0
0
0
0
1967
1771
0
0
0
0
0
0
3502
61
0
0
0
0
0
0
2375
2326
0
0
0
0
0
0
3795
3149
0
0
0
0
0
0
1796
2090
0
0
0
0
0
0
1164
1708
0
0
0
0
0
0
1882
1382
0
0
0
0
0
0
2199
1836
0
0
0
0
0
0
2898
3542
0
0
0
0
0
0
2366
2489
0
0
0
0
0
0
313
3712
0
0
0
0
0
0
1574
1713
0
0
0
0
0
0
625
1281
0
0
0
0
0
0
2308
1922
0
0
0
0
0
0
2583
2067
0
0
0
0
0
0
2321
2907
0
0
0
0
0
0
2192
2493
0
0
0
0
0
0
962
255
0
0
0
0
0
0
1507
1469
0
0
0
0
0
0
4089
724
0
0
0
0
0
0
2615
2378
0
0
0
0
0
0
3109
2458
0
0
0
0
0
0
1815
2300
0
0
0
0
0
0
1851
2326
0
0
0
0
0
0
1601
932
0
0
0
0
0
0
1613
1385
0
0
0
0
0
0
3405
72
0
0
0
0
0
0
2764
2707
0
0
0
0
0
0
3746
2994
0
0
0
0
0
0
1424
1764
0
0
0
0
0
0
1353
1984
0
0
0
0
0
0
2184
1602
0
0
0
0
0
0
1897
1478
0
0
0
0
0
0
2710
3456
0
0
0
0
0
0
2737
2880
0
0
0
0
0
0
363
3651
0
0
0
0
0
0
1185
1346
0
0
0
0
0
0
723
1478
0
0
0
0
0
0
2661
2215
0
0
0
0
0
0
2355
1759
0
0
0
0
0
0
2053
2730
0
0
0
0
0
0
2519
2866
0
0
0
0
0
0
1105
292
0
0
0
0
0
0
1126
1082
0
0
0
0
0
0
4089
832
0
0
0
0
0
0
2993
2723
0
0
0
0
0
0
2966
2223
0
0
0
0
0
0
1488
2042
0
0
0
0
0
0
2113
2657
0
0
0
0
0
0
1827
1063
0
0
0
0
0
0
1264
1003
0
0
0
0
0
0
3308
82
0
0
0
0
0
0
3148
3084
0
0
0
0
0
0
3697
2843
0
0
0
0
0
0
1061
1447
0
0
0
0
0
0
1537
2253
0
0
0
0
0
0
2478
1818
0
0
0
0
0
0
1603
1130
0
0
0
0
0
0
2525
3370
0
0
0
0
0
0
3099
3260
0
0
0
0
0
0
410
3593
0
0
0
0
0
0
807
988
0
0
0
0
0
0
815
1669
0
0
0
0
0
0
3003
2499
0
0
0
0
0
0
2133
1463
0
0
0
0
0
0
1795
2557
0
0
0
0
0
0
2837
3227
0
0
0
0
0
0
1244
329
0
0
0
0
0
0
759
708
0
0
0
0
0
0
4089
934
0
0
0
0
0
0
3362
3057
0
0
0
0
0
0
2829
1994
0
0
0
0
0
0
1174
1796
0
0
0
0
0
0
2368
2977
0
0
0
0
0
0
2046
1191
0
0
0
0
0
0
929
639
0
0
0
0
0
0
3148
4038
0
0
0
0
0
0
3510
3439
0
0
0
0
0
0
3483
2639
0
0
0
0
0
0
407
3327
0
0
0
0
0
0
1766
2441
0
0
0
0
0
0
38
1160
0
0
0
0
0
0
1340
767
0
0
0
0
0
0
2834
2908
0
0
0
0
0
0
3447
3609
0
0
0
0
0
0
354
3627
0
0
0
0
0
0
146
2836
0
0
0
0
0
0
1128
1841
0
0
0
0
0
0
1147
345
0
0
0
0
0
0
1904
1235
0
0
0
0
0
0
803
3118
0
0
0
0
0
0
3132
3588
0
0
0
0
0
0
816
654
0
0
0
0
0
0
405
69
0
0
0
0
0
0
183
906
0
0
0
0
0
0
1523
943
0
0
0
0
0
0
2512
1774
0
0
0
0
0
0
3296
816
0
0
0
0
0
0
2553
3271
0
0
0
0
0
0
3138
826
0
0
0
0
0
0
629
281
0
0
0
0
0
0
3856
3966
0
0
0
0
0
0
72
1582
0
0
0
0
0
0
3314
2485
0
0
0
0
0
0
2563
3283
0
0
0
0
0
0
2064
2756
0
0
0
0
0
0
4073
3104
0
0
0
0
0
0
1106
500
0
0
0
0
0
0
2985
3551
0
0
0
0
0
0
3784
159
0
0
0
0
0
0
3778
3753
0
0
0
0
0
0
2287
2770
0
0
0
0
0
0
1249
2116
0
0
0
0
0
0
1211
4065
0
0
0
0
0
0
1695
965
0
0
0
0
0
0
139
1117
0
0
0
0
0
0
3362
3862
0
0
0
0
0
0
527
4095
0
0
0
0
0
0
3862
2220
0
0
0
0
0
0
147
961
0
0
0
0
0
0
1834
1227
0
0
0
0
0
0
2322
1491
0
0
0
0
0
0
3652
165
0
0
0
0
0
0
2869
3496
0
0
0
0
0
0
3251
842
0
0
0
0
0
0
346
3769
0
0
0
0
0
0
9
469
0
0
0
0
0
0
398
1894
0
0
0
0
0
0
3418
2603
0
0
0
0
0
0
2518
3660
0
0
0
0
0
0
2227
2983
0
0
0
0
0
0
351
3814
0
0
0
0
0
0
792
264
0
0
0
0
0
0
1396
3784
0
0
0
0
0
0
4038
474
0
0
0
0
0
0
3815
3710
0
0
0
0
0
0
1993
2494
0
0
0
0
0
0
1181
2024
0
0
0
0
0
0
841
324
0
0
0
0
0
0
1344
685
0
0
0
0
0
0
10
1076
0
0
0
0
0
0
3606
42
0
0
0
0
0
0
2246
3887
0
0
0
0
0
0
3619
1922
0
0
0
0
0
0
772
897
0
0
0
0
0
0
1885
844
0
0
0
0
0
0
2203
1308
0
0
0
0
0
0
3276
3837
0
0
0
0
0
0
3218
3788
0
0
0
0
0
0
3715
2547
0
0
0
0
0
0
136
3535
0
0
0
0
0
0
4040
475
0
0
0
0
0
0
2278
1918
0
0
0
0
0
0
3418
2482
0
0
0
0
0
0
2268
3441
0
0
0
0
0
0
2427
3257
0
0
0
0
0
0
556
3963
0
0
0
0
0
0
593
27
0
0
0
0
0
0
1273
3727
0
0
0
0
0
0
484
2339
0
0
0
0
0
0
3645
3077
0
0
0
0
0
0
1728
2245
0
0
0
0
0
0
1241
2149
0
0
0
0
0
0
1064
510
0
0
0
0
0
0
1201
490
0
0
0
0
0
0
3938
665
0
0
0
0
0
0
3899
536
0
0
0
0
0
0
2246
3944
0
0
0
0
0
0
3384
1686
0
0
0
0
0
0
772
962
0
0
0
0
0
0
2113
1053
0
0
0
0
0
0
2119
1168
0
0
0
0
0
0
3084
3685
0
0
0
0
0
0
3373
3982
0
0
0
0
0
0
3680
2564
0
0
0
0
0
0
4026
3316
0
0
0
0
0
0
3985
482
0
0
0
0
0
0
2496
2131
0
0
0
0
0
0
2766
2538
0
0
0
0
0
0
2678
3129
0
0
0
0
0
0
2541
3400
0
0
0
0
0
0
718
4081
0
0
0
0
0
0
432
3933
0
0
0
0
0
0
872
2068
0
0
0
0
0
0
643
2510
0
0
0
0
0
0
3669
3048
0
0
0
0
0
0
1765
2683
0
0
0
0
0
0
1308
2262
0
0
0
0
0
0
1242
657
0
0
0
0
0
0
1086
338
0
0
0
0
0
0
3807
577
0
0
0
0
0
0
4059
719
0
0
0
0
0
0
2315
3963
0
0
0
0
0
0
1589
1740
0
0
0
0
0
0
738
1029
0
0
0
0
0
0
2291
1214
0
0
0
0
0
0
2193
1298
0
0
0
0
0
0
2941
3571
0
0
0
0
0
0
3494
37
0
0
0
0
0
0
3780
2622
0
0
0
0
0
0
3872
3148
0
0
0
0
0
0
2329
724
0
0
0
0
0
0
2627
2309
0
0
0
0
0
0
2744
2473
0
0
0
0
0
0
2522
2994
0
0
0
0
0
0
2617
3511
0
0
0
0
0
0
766
4080
0
0
0
0
0
0
310
3790
0
0
0
0
0
0
797
2034
0
0
0
0
0
0
785
2660
0
0
0
0
0
0
3689
3025
0
0
0
0
0
0
1619
2545
0
0
0
0
0
0
1342
2333
0
0
0
0
0
0
1371
764
0
0
0
0
0
0
932
139
0
0
0
0
0
0
3710
512
0
0
0
0
0
0
77
847
0
0
0
0
0
0
2363
3975
0
0
0
0
0
0
1462
1611
0
0
0
0
0
0
976
1688
0
0
0
0
0
0
2430
1337
0
0
0
0
0
0
2150
1224
0
0
0
0
0
0
2841
3493
0
0
0
0
0
0
3573
137
0
0
0
0
0
0
3849
2662
0
0
0
0
0
0
3469
1423
0
0
0
0
0
0
2267
695
0
0
0
0
0
0
2735
2415
0
0
0
0
0
0
2732
2433
0
0
0
0
0
0
2425
2909
0
0
0
0
0
0
2664
3581
0
0
0
0
0
0
841
39
0
0
0
0
0
0
66
3642
0
0
0
0
0
0
749
2015
0
0
0
0
0
0
872
2751
0
0
0
0
0
0
3700
3011
0
0
0
0
0
0
1532
2463
0
0
0
0
0
0
1362
2376
0
0
0
0
0
0
1585
1065
0
0
0
0
0
0
894
81
0
0
0
0
0
0
3657
478
0
0
0
0
0
0
138
918
0
0
0
0
0
0
2390
3982
0
0
0
0
0
0
1395
1542
0
0
0
0
0
0
975
1707
0
0
0
0
0
0
2494
1395
0
0
0
0
0
0
2127
1186
0
0
0
0
0
0
2788
3452
0
0
0
0
0
0
3613
187
0
0
0
0
0
0
3881
2681
0
0
0
0
0
0
3422
1372
0
0
0
0
0
0
2253
695
0
0
0
0
0
0
2782
2461
0
0
0
0
0
0
2726
2415
0
0
0
0
0
0
2384
2874
0
0
0
0
0
0
2684
3610
0
0
0
0
0
0
871
60
0
0
0
0
0
0
40
3610
0
0
0
0
0
0
733
2007
0
0
0
0
0
0
900
2781
0
0
0
0
0
0
3703
3007
0
0
0
0
0
0
1508
2440
0
0
0
0
0
0
1367
2387
0
0
0
0
0
0
1603
1079
0
0
0
0
0
0
882
66
0
0
0
0
0
0
3646
471
0
0
0
0
0
0
151
931
0
0
0
0
0
0
2394
3983
0
0
0
0
0
0
1385
1533
0
0
0
0
0
0
975
1709
0
0
0
0
0
0
2497
1398
0
0
0
0
0
0
2126
1185
0
0
0
0
0
0
2790
3453
0
0
0
0
0
0
3610
183
0
0
0
0
0
0
3877
2678
0
0
0
0
0
0
3430
1381
0
0
0
0
0
0
2257
695
0
0
0
0
0
0
2769
2449
0
0
0
0
0
0
2728
2421
0
0
0
0
0
0
2400
2889
0
0
0
0
0
0
2674
3597
0
0
0
0
0
0
853
47
0
0
0
0
0
0
59
3632
0
0
0
0
0
0
745
2013
0
0
0
0
0
0
872
2751
0
0
0
0
0
0
3699
3012
0
0
0
0
0
0
1542
2473
0
0
0
0
0
0
1358
2368
0
0
0
0
0
0
1568
1051
0
0
0
0
0
0
906
99
0
0
0
0
0
0
3676
491
0
0
0
0
0
0
110
884
0
0
0
0
0
0
2376
3979
0
0
0
0
0
0
1437
1587
0
0
0
0
0
0
975
1694
0
0
0
0
0
0
2442
1347
0
0
0
0
0
0
2147
1222
0
0
0
0
0
0
2841
3495
0
0
0
0
0
0
3567
127
0
0
0
0
0
0
3839
2655
0
0
0
0
0
0
3492
1449
0
0
0
0
0
0
2274
693
0
0
0
0
0
0
2694
2373
0
0
0
0
0
0
2738
2452
0
0
0
0
0
0
2476
2956
0
0
0
0
0
0
2635
3538
0
0
0
0
0
0
788
4095
0
0
0
0
0
0
295
3774
0
0
0
0
0
0
793
2032
0
0
0
0
0
0
786
2659
0
0
0
0
0
0
3688
3026
0
0
0
0
0
0
1638
2564
0
0
0
0
0
0
1336
2319
0
0
0
0
0
0
1336
734
0
0
0
0
0
0
960
178
0
0
0
0
0
0
3749
540
0
0
0
0
0
0
20
781
0
0
0
0
0
0
2336
3968
0
0
0
0
0
0
1548
1699
0
0
0
0
0
0
737
1036
0
0
0
0
0
0
2309
1228
0
0
0
0
0
0
2192
1296
0
0
0
0
0
0
2946
3576
0
0
0
0
0
0
3481
20
0
0
0
0
0
0
3763
2612
0
0
0
0
0
0
3909
3190
0
0
0
0
0
0
2342
722
0
0
0
0
0
0
2563
2245
0
0
0
0
0
0
2755
2505
0
0
0
0
0
0
2609
3070
0
0
0
0
0
0
2567
3438
0
0
0
0
0
0
753
9
0
0
0
0
0
0
411
3909
0
0
0
0
0
0
864
2065
0
0
0
0
0
0
644
2511
0
0
0
0
0
0
3669
3050
0
0
0
0
0
0
1791
2709
0
0
0
0
0
0
1297
2241
0
0
0
0
0
0
1193
615
0
0
0
0
0
0
1128
394
0
0
0
0
0
0
3864
616
0
0
0
0
0
0
3976
622
0
0
0
0
0
0
2274
3951
0
0
0
0
0
0
3326
1630
0
0
0
0
0
0
770
972
0
0
0
0
0
0
2138
1073
0
0
0
0
0
0
2257
1402
0
0
0
0
0
0
3096
3695
0
0
0
0
0
0
3357
3961
0
0
0
0
0
0
3825
2610
0
0
0
0
0
0
4082
3373
0
0
0
0
0
0
4002
480
0
0
0
0
0
0
2408
2042
0
0
0
0
0
0
2779
2579
0
0
0
0
0
0
2791
3231
0
0
0
0
0
0
2472
3300
0
0
0
0
0
0
599
3992
0
0
0
0
0
0
565
4092
0
0
0
0
0
0
1261
3723
0
0
0
0
0
0
486
2339
0
0
0
0
0
0
3645
3081
0
0
0
0
0
0
1762
2280
0
0
0
0
0
0
1227
2121
0
0
0
0
0
0
1000
455
0
0
0
0
0
0
1256
564
0
0
0
0
0
0
4014
1016
0
0
0
0
0
0
3701
148
0
0
0
0
0
0
2280
3895
0
0
0
0
0
0
3547
1851
0
0
0
0
0
0
771
910
0
0
0
0
0
0
1916
871
0
0
0
0
0
0
2200
1304
0
0
0
0
0
0
3284
3844
0
0
0
0
0
0
3198
3760
0
0
0
0
0
0
3687
2529
0
0
0
0
0
0
200
3606
0
0
0
0
0
0
4062
474
0
0
0
0
0
0
2167
1807
0
0
0
0
0
0
3436
2536
0
0
0
0
0
0
2410
3566
0
0
0
0
0
0
2343
3134
0
0
0
0
0
0
407
3852
0
0
0
0
0
0
757
224
0
0
0
0
0
0
1383
3779
0
0
0
0
0
0
4040
473
0
0
0
0
0
0
3814
3714
0
0
0
0
0
0
2035
2536
0
0
0
0
0
0
1162
1989
0
0
0
0
0
0
763
258
0
0
0
0
0
0
1410
772
0
0
0
0
0
0
24
1046
0
0
0
0
0
0
3474
3986
0
0
0
0
0
0
570
11
0
0
0
0
0
0
3779
2138
0
0
0
0
0
0
770
836
0
0
0
0
0
0
1885
1252
0
0
0
0
0
0
2318
1482
0
0
0
0
0
0
3659
172
0
0
0
0
0
0
2845
3464
0
0
0
0
0
0
3218
823
0
0
0
0
0
0
420
56
0
0
0
0
0
0
4043
502
0
0
0
0
0
0
268
1767
0
0
0
0
0
0
3438
2664
0
0
0
0
0
0
2686
3808
0
0
0
0
0
0
2130
2839
0
0
0
0
0
0
38
3146
0
0
0
0
0
0
1066
455
0
0
0
0
0
0
1358
3781
0
0
0
0
0
0
3751
174
0
0
0
0
0
0
3776
3759
0
0
0
0
0
0
3947
2581
0
0
0
0
0
0
1262
2059
0
0
0
0
0
0
1121
3986
0
0
0
0
0
0
1770
1065
0
0
0
0
0
0
540
2800
0
0
0
0
0
0
3249
3725
0
0
0
0
0
0
625
40
0
0
0
0
0
0
295
4060
0
0
0
0
0
0
181
924
0
0
0
0
0
0
1565
978
0
0
0
0
0
0
2507
1767
0
0
0
0
0
0
3305
826
0
0
0
0
0
0
2527
3234
0
0
0
0
0
0
3101
803
0
0
0
0
0
0
714
376
0
0
0
0
0
0
3884
3963
0
0
0
0
0
0
3724
3922
0
0
0
0
0
0
3301
2520
0
0
0
0
0
0
2750
3449
0
0
0
0
0
0
1785
2534
0
0
0
0
0
0
3575
1348
0
0
0
0
0
0
1284
725
0
0
0
0
0
0
3055
3528
0
0
0
0
0
0
3465
3619
0
0
0
0
0
0
354
3633
0
0
0
0
0
0
500
405
0
0
0
0
0
0
1141
1831
0
0
0
0
0
0
1052
4057
0
0
0
0
0
0
2075
1309
0
0
0
0
0
0
2529
2956
0
0
0
0
0
0
3001
3383
0
0
0
0
0
0
1436
582
0
0
0
0
0
0
664
613
0
0
0
0
0
0
234
1105
0
0
0
0
0
0
3414
3094
0
0
0
0
0
0
2825
1987
0
0
0
0
0
0
1183
1806
0
0
0
0
0
0
2339
2937
0
0
0
0
0
0
2006
1167
0
0
0
0
0
0
1020
741
0
0
0
0
0
0
3246
88
0
0
0
0
0
0
3357
3285
0
0
0
0
0
0
3677
2774
0
0
0
0
0
0
916
1324
0
0
0
0
0
0
1594
2336
0
0
0
0
0
0
2551
1868
0
0
0
0
0
0
1557
1075
0
0
0
0
0
0
2508
3364
0
0
0
0
0
0
3100
3258
0
0
0
0
0
0
408
3597
0
0
0
0
0
0
863
1045
0
0
0
0
0
0
792
1622
0
0
0
0
0
0
2899
2409
0
0
0
0
0
0
2222
1582
0
0
0
0
0
0
1915
2640
0
0
0
0
0
0
2662
3025
0
0
0
0
0
0
1159
306
0
0
0
0
0
0
1019
977
0
0
0
0
0
0
4087
852
0
0
0
0
0
0
3042
2763
0
0
0
0
0
0
2961
2213
0
0
0
0
0
0
1498
2052
0
0
0
0
0
0
2082
2617
0
0
0
0
0
0
1785
1037
0
0
0
0
0
0
1360
1112
0
0
0
0
0
0
3341
78
0
0
0
0
0
0
2983
2918
0
0
0
0
0
0
3724
2923
0
0
0
0
0
0
1274
1637
0
0
0
0
0
0
1411
2070
0
0
0
0
0
0
2259
1654
0
0
0
0
0
0
1849
1423
0
0
0
0
0
0
2691
3448
0
0
0
0
0
0
2739
2877
0
0
0
0
0
0
361
3656
0
0
0
0
0
0
1244
1404
0
0
0
0
0
0
699
1431
0
0
0
0
0
0
2552
2121
0
0
0
0
0
0
2447
1884
0
0
0
0
0
0
2178
2816
0
0
0
0
0
0
2339
2658
0
0
0
0
0
0
1016
267
0
0
0
0
0
0
1398
1361
0
0
0
0
0
0
4089
747
0
0
0
0
0
0
2664
2419
0
0
0
0
0
0
3103
2449
0
0
0
0
0
0
1826
2311
0
0
0
0
0
0
1819
2285
0
0
0
0
0
0
1558
903
0
0
0
0
0
0
1709
1494
0
0
0
0
0
0
3437
67
0
0
0
0
0
0
2594
2539
0
0
0
0
0
0
3773
3076
0
0
0
0
0
0
1645
1960
0
0
0
0
0
0
1225
1796
0
0
0
0
0
0
1957
1434
0
0
0
0
0
0
2150
1781
0
0
0
0
0
0
2879
3535
0
0
0
0
0
0
2368
2487
0
0
0
0
0
0
312
3717
0
0
0
0
0
0
1635
1774
0
0
0
0
0
0
601
1233
0
0
0
0
0
0
2199
1827
0
0
0
0
0
0
2675
2191
0
0
0
0
0
0
2446
2994
0
0
0
0
0
0
2010
2283
0
0
0
0
0
0
873
230
0
0
0
0
0
0
1781
1751
0
0
0
0
0
0
4088
638
0
0
0
0
0
0
2278
2069
0
0
0
0
0
0
3247
2688
0
0
0
0
0
0
2156
2572
0
0
0
0
0
0
1551
1949
0
0
0
0
0
0
1328
772
0
0
0
0
0
0
2064
1879
0
0
0
0
0
0
3534
57
0
0
0
0
0
0
2205
2158
0
0
0
0
0
0
3822
3230
0
0
0
0
0
0
2016
2285
0
0
0
0
0
0
1037
1520
0
0
0
0
0
0
1657
1213
0
0
0
0
0
0
2450
2139
0
0
0
0
0
0
3068
3622
0
0
0
0
0
0
1996
2098
0
0
0
0
0
0
262
3775
0
0
0
0
0
0
2023
2142
0
0
0
0
0
0
505
1036
0
0
0
0
0
0
1847
1534
0
0
0
0
0
0
2905
2498
0
0
0
0
0
0
2713
3172
0
0
0
0
0
0
1681
1911
0
0
0
0
0
0
730
192
0
0
0
0
0
0
2162
2137
0
0
0
0
0
0
4089
532
0
0
0
0
0
0
1898
1724
0
0
0
0
0
0
3389
2924
0
0
0
0
0
0
2483
2827
0
0
0
0
0
0
1288
1617
0
0
0
0
0
0
1101
639
0
0
0
0
0
0
2412
2259
0
0
0
0
0
0
3631
47
0
0
0
0
0
0
1822
1782
0
0
0
0
0
0
3869
3381
0
0
0
0
0
0
2381
2602
0
0
0
0
0
0
852
1251
0
0
0
0
0
0
1362
997
0
0
0
0
0
0
2744
2488
0
0
0
0
0
0
3253
3707
0
0
0
0
0
0
1636
1718
0
0
0
0
0
0
213
3832
0
0
0
0
0
0
2401
2497
0
0
0
0
0
0
411
844
0
0
0
0
0
0
1504
1249
0
0
0
0
0
0
3126
2795
0
0
0
0
0
0
2971
3345
0
0
0
0
0
0
1364
1549
0
0
0
0
0
0
591
155
0
0
0
0
0
0
2531
2510
0
0
0
0
0
0
4090
429
0
0
0
0
0
0
1532
1391
0
0
0
0
0
0
3526
3151
0
0
0
0
0
0
2797
3075
0
0
0
0
0
0
1034
1299
0
0
0
0
0
0
883
513
0
0
0
0
0
0
2745
2623
0
0
0
0
0
0
3723
37
0
0
0
0
0
0
1455
1423
0
0
0
0
0
0
3914
3524
0
0
0
0
0
0
2730
2906
0
0
0
0
0
0
678
994
0
0
0
0
0
0
1081
790
0
0
0
0
0
0
3023
2820
0
0
0
0
0
0
3428
3787
0
0
0
0
0
0
1292
1358
0
0
0
0
0
0
169
3889
0
0
0
0
0
0
2762
2838
0
0
0
0
0
0
323
665
0
0
0
0
0
0
1180
980
0
0
0
0
0
0
3335
3077
0
0
0
0
0
0
3214
3507
0
0
0
0
0
0
1064
1209
0
0
0
0
0
0
460
120
0
0
0
0
0
0
2877
2862
0
0
0
0
0
0
4090
333
0
0
0
0
0
0
1189
1077
0
0
0
0
0
0
3654
3363
0
0
0
0
0
0
3091
3307
0
0
0
0
0
0
797
1001
0
0
0
0
0
0
679
394
0
0
0
0
0
0
3058
2965
0
0
0
0
0
0
3809
28
0
0
0
0
0
0
1112
1087
0
0
0
0
0
0
3956
3659
0
0
0
0
0
0
3053
3188
0
0
0
0
0
0
516
757
0
0
0
0
0
0
822
601
0
0
0
0
0
0
3282
3129
0
0
0
0
0
0
3590
3862
0
0
0
0
0
0
975
1023
0
0
0
0
0
0
126
3939
0
0
0
0
0
0
3093
3150
0
0
0
0
0
0
241
496
0
0
0
0
0
0
883
733
0
0
0
0
0
0
3526
3333
0
0
0
0
0
0
3438
3657
0
0
0
0
0
0
791
899
0
0
0
0
0
0
340
88
0
0
0
0
0
0
3193
3182
0
0
0
0
0
0
4091
245
0
0
0
0
0
0
874
792
0
0
0
0
0
0
3770
3557
0
0
0
0
0
0
3359
3516
0
0
0
0
0
0
582
732
0
0
0
0
0
0
495
286
0
0
0
0
0
0
3341
3273
0
0
0
0
0
0
3888
20
0
0
0
0
0
0
806
788
0
0
0
0
0
0
3995
3780
0
0
0
0
0
0
3345
3443
0
0
0
0
0
0
369
542
0
0
0
0
0
0
588
429
0
0
0
0
0
0
3513
3404
0
0
0
0
0
0
3734
3928
0
0
0
0
0
0
691
726
0
0
0
0
0
0
89
3984
0
0
0
0
0
0
3385
3426
0
0
0
0
0
0
169
348
0
0
0
0
0
0
619
514
0
0
0
0
0
0
3696
3562
0
0
0
0
0
0
3635
3788
0
0
0
0
0
0
549
624
0
0
0
0
0
0
235
60
0
0
0
0
0
0
3470
3463
0
0
0
0
0
0
4091
168
0
0
0
0
0
0
601
544
0
0
0
0
0
0
3872
3727
0
0
0
0
0
0
3591
3700
0
0
0
0
0
0
395
496
0
0
0
0
0
0
335
193
0
0
0
0
0
0
3584
3539
0
0
0
0
0
0
3955
13
0
0
0
0
0
0
538
526
0
0
0
0
0
0
4028
3884
0
0
0
0
0
0
3595
3660
0
0
0
0
0
0
244
358
0
0
0
0
0
0
388
283
0
0
0
0
0
0
3712
3641
0
0
0
0
0
0
3858
3986
0
0
0
0
0
0
451
473
0
0
0
0
0
0
57
4023
0
0
0
0
0
0
3635
3662
0
0
0
0
0
0
108
224
0
0
0
0
0
0
396
329
0
0
0
0
0
0
3841
3755
0
0
0
0
0
0
3803
3900
0
0
0
0
0
0
347
394
0
0
0
0
0
0
147
38
0
0
0
0
0
0
3703
3699
0
0
0
0
0
0
4091
103
0
0
0
0
0
0
371
337
0
0
0
0
0
0
3957
3867
0
0
0
0
0
0
3786
3852
0
0
0
0
0
0
240
302
0
0
0
0
0
0
202
116
0
0
0
0
0
0
3786
3760
0
0
0
0
0
0
4010
7
0
0
0
0
0
0
321
313
0
0
0
0
0
0
4055
3969
0
0
0
0
0
0
3799
3837
0
0
0
0
0
0
140
208
0
0
0
0
0
0
225
164
0
0
0
0
0
0
3872
3832
0
0
0
0
0
0
3957
4031
0
0
0
0
0
0
256
269
0
0
0
0
0
0
32
4054
0
0
0
0
0
0
3835
3851
0
0
0
0
0
0
59
124
0
0
0
0
0
0
220
180
0
0
0
0
0
0
3954
3907
0
0
0
0
0
0
3934
3988
0
0
0
0
0
0
186
212
0
0
0
0
0
0
79
19
0
0
0
0
0
0
3885
3884
0
0
0
0
0
0
4092
53
0
0
0
0
0
0
194
175
0
0
0
0
0
0
4023
3977
0
0
0
0
0
0
3936
3971
0
0
0
0
0
0
119
152
0
0
0
0
0
0
101
57
0
0
0
0
0
0
3939
3926
0
0
0
0
0
0
4053
2
0
0
0
0
0
0
155
151
0
0
0
0
0
0
4075
4033
0
0
0
0
0
0
3953
3972
0
0
0
0
0
0
66
97
0
0
0
0
0
0
103
74
0
0
0
0
0
0
3992
3973
0
0
0
0
0
0
4032
4066
0
0
0
0
0
0
113
118
0
0
0
0
0
0
13
4077
0
0
0
0
0
0
3981
3989
0
0
0
0
0
0
24
52
0
0
0
0
0
0
91
75
0
0
0
0
0
0
4036
4016
0
0
0
0
0
0
4028
4050
0
0
0
0
0
0
74
83
0
0
0
0
0
0
29
6
0
0
0
0
0
0
4012
4012
0
0
0
0
0
0
4093
19
0
0
0
0
0
0
71
64
0
0
0
0
0
0
4067
4051
0
0
0
0
0
0
4037
4049
0
0
0
0
0
0
41
51
0
0
0
0
0
0
32
18
0
0
0
0
0
0
4044
4039
0
0
0
0
0
0
4080
0
0
0
0
0
0
0
47
45
0
0
0
0
0
0
4087
4074
0
0
0
0
0
0
4051
4057
0
0
0
0
0
0
18
27
0
0
0
0
0
0
28
19
0
0
0
0
0
0
4065
4060
0
0
0
0
0
0
4077
4086
0
0
0
0
0
0
26
28
0
0
0
0
0
0
1
4089
0
0
0
0
0
0
4067
4070
0
0
0
0
0
0
4
10
0
0
0
0
0
0
17
14
0
0
0
0
0
0
4082
4077
0
0
0
0
0
0
4081
4085
0
0
0
0
0
0
11
13
0
0
0
0
0
0
2
0
0
0
0
0
0
0
4080
4080
0
0
0
0
0
0
4094
1
0
0
0
0
0
0
8
6
0
0
0
0
0
0
4090
4089
0
0
0
0
0
0
4088
4089
0
0
0
0
0
0
2
3
0
0
0
0
0
0
0
4095
0
0
0
0
0
0
4091
4090
0
0
0
0
0
0
4093
4094
0
0
0
0
0
0
4095
4095
0
0
0
0
0
0
4093
4092
0
0
0
0
0
0
4092
4092
0
0
0
0
0
0
4095
0
0
0
0
0
0
0
0
0
0
0
0
0
0
0
4092
4092
0
0
0
0
0
0
4092
4093
0
0
0
0
0
0
4095
0
0
0
0
0
0
0
4095
0
0
0
0
0
0
0
4095
0
0
0
0
0
0
0
0
0
0
0
0
0
0
0
4095
0
0
0
0
0
0
0
0
0
0
0
0
0
0
0
4095
0
0
0
0
0
0
0
0
0
0
0
0
0
0
0
4095
0
0
0
0
0
0
0
0
0
0
0
0
0
0
0
4095
0
0
0
0
0
0
0
0
0
0
0
0
0
0
0
4095
0
0
0
0
0
0
0
0
0
0
0
0
0
0
0
4095
0
0
0
0
0
0
0
0
0
0
0
0
0
0
0
4095
0
0
0
0
0
0
0
0
0
0
0
0
0
0
0
4095
0
0
0
0
0
0
0
0
0
0
0
0
0
0
0
4095
0
0
0
0
0
0
0
0
0
0
0
0
0
0
0
4095
0
0
0
0
0
0
0
0
0
0
0
0
0
0
0
4095
0
0
0
0
0
0
0
0
0
0
0
0
0
0
0
4095
0
0
0
0
0
0
0
0
0
0
0
0
0
0
0
4095
0
0
0
0
0
0
0
0
0
0
0
0
0
0
0
4095
0
0
0
0
0
0
0
0
0
0
0
0
0
0
0
4095
0
0
0
0
0
0
0
0
0
0
0
0
0
0
0
4095
0
0
0
0
0
0
0
0
0
0
0
0
0
0
0
4095
0
0
0
0
0
0
0
0
0
0
0
0
0
0
0
4095
0
0
0
0
0
0
0
0
0
0
0
0
0
0
0
4095
0
0
0
0
0
0
0
0
0
0
0
0
0
0
0
4095
0
0
0
0
0
0
0
0
0
0
0
0
0
0
0
4095
0
0
0
0
0
0
0
0
0
0
0
0
0
0
0
4095
0
0
0
0
0
0
0
0
0
0
0
0
0
0
0
4095
0
0
0
0
0
0
0
0
0
0
0
0
0
0
0
4095
0
0
0
0
0
0
0
0
0
0
0
0
0
0
0
4095
0
0
0
0
0
0
0
0
0
0
0
0
0
0
0
4095
0
0
0
0
0
0
0
0
0
0
0
0
0
0
0
4095
0
0
0
0
0
0
0
0
0
0
0
0
0
0
0
4095
0
0
0
0
0
0
0
0
0
0
0
0
0
0
0
4095
0
0
0
0
0
0
0
0
0
0
0
0
0
0
0
4095
0
0
0
0
0
0
0
0
0
0
0
0
0
0
0
4095
0
0
0
0
0
0
0
0
0
0
0
0
0
0
0
4095
0
0
0
0
0
0
0
0
0
0
0
0
0
0
0
4095
0
0
0
0
0
0
0
0
0
0
0
0
0
0
0
4095
0
0
0
0
0
0
0
0
0
0
0
0
0
0
0
4095
0
0
0
0
0
0
0
0
0
0
0
0
0
0
0
4095
0
0
0
0
0
0
0
0
0
0
0
0
0
0
0
4095
0
0
0
0
0
0
0
0
0
0
0
0
0
0
0
4095
0
0
0
0
0
0
0
0
0
0
0
0
0
0
0
4095
0
0
0
0
0
0
0
0
0
0
0
0
0
0
0
4095
0
0
0
0
0
0
0
0
0
0
0
0
0
0
0
4095
0
0
0
0
0
0
0
0
0
0
0
0
0
0
0
4095
0
0
0
0
0
0
0
0
0
0
0
0
0
0
0
4095
0
0
0
0
0
0
0
0
0
0
0
0
0
0
0
4095
0
0
0
0
0
0
0
0
0
0
0
0
0
0
0
4095
0
0
0
0
0
0
0
0
0
0
0
0
0
0
0
4095
0
0
0
0
0
0
0
0
0
0
0
0
0
0
0
4095
0
0
0
0
0
0
0
0
0
0
0
0
0
0
0
4095
0
0
0
0
0
0
0
0
0
0
0
0
0
0
0
4095
0
0
0
0
0
0
0
0
0
0
0
0
0
0
0
4095
0
0
0
0
0
0
0
0
0
0
0
0
0
0
0
4095
0
0
0
0
0
0
0
0
0
0
0
0
0
0
0
4095
0
0
0
0
0
0
0
0
0
0
0
0
0
0
0
4095
0
0
0
0
0
0
0
0
0
0
0
0
0
0
0
4095
0
0
0
0
0
0
0
0
0
0
0
0
0
0
0
4095
0
0
0
0
0
0
0
0
0
0
0
0
0
0
0
4095
0
0
0
0
0
0
0
0
0
0
0
0
0
0
0
4095
0
0
0
0
0
0
0
0
0
0
0
0
0
0
0
4095
0
0
0
0
0
0
0
0
0
0
0
0
0
0
0
4095
0
0
0
0
0
0
0
0
0
0
0
0
0
0
0
4095
0
0
0
0
0
0
0
0
0
0
0
0
0
0
0
4095
0
0
0
0
0
0
0
0
0
0
0
0
0
0
0
4095
0
0
0
0
0
0
0
0
0
0
0
0
0
0
0
4095
0
0
0
0
0
0
0
0
0
0
0
0
0
0
0
4095
0
0
0
0
0
0
0
0
0
0
0
0
0
0
0
4095
0
0
0
0
0
0
0
0
0
0
0
0
0
0
0
4095
0
0
0
0
0
0
0
0
0
0
0
0
0
0
0
4095
0
0
0
0
0
0
0
0
0
0
0
0
0
0
0
4095
0
0
0
0
0
0
0
0
0
0
0
0
0
0
0
4095
0
0
0
0
0
0
0
0
0
0
0
0
0
0
0
4095
0
0
0
0
0
0
0
0
0
0
0
0
0
0
0
4095
0
0
0
0
0
0
0
0
0
0
0
0
0
0
0
4095
0
0
0
0
0
0
0
0
0
0
0
0
0
0
0
4095
0
0
0
0
0
0
0
0
0
0
0
0
0
0
0
4095
0
0
0
0
0
0
0
0
0
0
0
0
0
0
0
4095
0
0
0
0
0
0
0
0
0
0
0
0
0
0
0
4095
0
0
0
0
0
0
0
0
0
0
0
0
0
0
0
4095
0
0
0
0
0
0
0
0
0
0
0
0
0
0
0
4095
0
0
0
0
0
0
0
0
0
0
0
0
0
0
0
4095
0
0
0
0
0
0
0
0
0
0
0
0
0
0
0
4095
0
0
0
0
0
0
0
0
0
0
0
0
0
0
0
4095
0
0
0
0
0
0
0
0
0
0
0
0
0
0
0
4095
0
0
0
0
0
0
0
0
0
0
0
0
0
0
0
4095
0
0
0
0
0
0
0
0
0
0
0
0
0
0
0
4095
0
0
0
0
0
0
0
0
0
0
0
0
0
0
0
4095
0
0
0
0
0
0
0
0
0
0
0
0
0
0
0
4095
0
0
0
0
0
0
0
0
0
0
0
0
0
0
0
4095
0
0
0
0
0
0
0
0
0
0
0
0
0
0
0
4095
0
0
0
0
0
0
0
0
0
0
0
0
0
0
0
4095
0
0
0
0
0
0
0
0
0
0
0
0
0
0
0
4095
0
0
0
0
0
0
0
0
0
0
0
0
0
0
0
4095
0
0
0
0
0
0
0
0
0
0
0
0
0
0
0
4095
0
0
0
0
0
0
0
0
0
0
0
0
0
0
0
4095
0
0
0
0
0
0
0
0
0
0
0
0
0
0
0
4095
0
0
0
0
0
0
0
0
0
0
0
0
0
0
0
4095
0
0
0
0
0
0
0
0
0
0
0
0
0
0
0
4095
0
0
0
0
0
0
0
0
0
0
0
0
0
0
0
4095
0
0
0
0
0
0
0
0
0
0
0
0
0
0
0
4095
0
0
0
0
0
0
0
0
0
0
0
0
0
0
0
4095
0
0
0
0
0
0
0
0
0
0
0
0
0
0
0
4095
0
0
0
0
0
0
0
0
0
0
0
0
0
0
0
4095
0
0
0
0
0
0
0
0
0
0
0
0
0
0
0
4095
0
0
0
0
0
0
0
0
0
0
0
0
0
0
0
4095
0
0
0
0
0
0
0
0
0
0
0
0
0
0
0
4095
0
0
0
0
0
0
0
0
0
0
0
0
0
0
0
4095
0
0
0
0
0
0
0
0
0
0
0
0
0
0
0
4095
0
0
0
0
0
0
0
0
0
0
0
0
0
0
0
4095
0
0
0
0
0
0
0
0
0
0
0
0
0
0
0
4095
0
0
0
0
0
0
0
0
0
0
0
0
0
0
0
4095
0
0
0
0
0
0
0
0
0
0
0
0
0
0
0
4095
0
0
0
0
0
0
0
0
0
0
0
0
0
0
0
4095
0
0
0
0
0
0
0
0
0
0
0
0
0
0
0
4095
0
0
0
0
0
0
0
0
0
0
0
0
0
0
0
4095
0
0
0
0
0
0
0
0
0
0
0
0
0
0
0
4095
0
0
0
0
0
0
0
0
0
0
0
0
0
0
0
4095
0
0
0
0
0
0
0
0
0
0
0
0
0
0
0
4095
0
0
0
0
0
0
0
0
0
0
0
0
0
0
0
4095
0
0
0
0
0
0
0
0
0
0
0
0
0
0
0
4095
0
0
0
0
0
0
0
0
0
0
0
0
0
0
0
4095
0
0
0
0
0
0
0
0
0
0
0
0
0
0
0
4095
0
0
0
0
0
0
0
0
0
0
0
0
0
0
0
4095
0
0
0
0
0
0
0
0
0
0
0
0
0
0
0
4095
0
0
0
0
0
0
0
0
0
0
0
0
0
0
0
4095
0
0
0
0
0
0
0
0
0
0
0
0
0
0
0
4095
0
0
0
0
0
0
0
0
0
0
0
0
0
0
0
4095
0
0
0
0
0
0
0
0
0
0
0
0
0
0
0
4095
0
0
0
0
0
0
0
0
0
0
0
0
0
0
0
4095
0
0
0
0
0
0
0
0
0
0
0
0
0
0
0
4095
0
0
0
0
0
0
0
0
0
0
0
0
0
0
0
4095
0
0
0
0
0
0
0
0
0
0
0
0
0
0
0
4095
0
0
0
0
0
0
0
0
0
0
0
0
0
0
0
4095
0
0
0
0
0
0
0
0
0
0
0
0
0
0
0
4095
0
0
0
0
0
0
0
0
0
0
0
0
0
0
0
4095
0
0
0
0
0
0
0
0
0
0
0
0
0
0
0
4095
0
0
0
0
0
0
0
0
0
0
0
0
0
0
0
4095
0
0
0
0
0
0
0
0
0
0
0
0
0
0
0
4095
0
0
0
0
0
0
0
0
0
0
0
0
0
0
0
4095
0
0
0
0
0
0
0
0
0
0
0
0
0
0
0
4095
0
0
0
0
0
0
0
0
0
0
0
0
0
0
0
4095
0
0
0
0
0
0
0
0
0
0
0
0
0
0
0
4095
0
0
0
0
0
0
0
0
0
0
0
0
0
0
0
4095
0
0
0
0
0
0
0
0
0
0
0
0
0
0
0
4095
0
0
0
0
0
0
0
0
0
0
0
0
0
0
0
4095
0
0
0
0
0
0
0
0
0
0
0
0
0
0
0
4095
0
0
0
0
0
0
0
0
0
0
0
0
0
0
0
4095
0
0
0
0
0
0
0
0
0
0
0
0
0
0
0
4095
0
0
0
0
0
0
0
0
0
0
0
0
0
0
0
4095
0
0
0
0
0
0
0
0
0
0
0
0
0
0
0
4095
0
0
0
0
0
0
0
0
0
0
0
0
0
0
0
4095
0
0
0
0
0
0
0
0
0
0
0
0
0
0
0
4095
0
0
0
0
0
0
0
0
0
0
0
0
0
0
0
4095
0
0
0
0
0
0
0
0
0
0
0
0
0
0
0
4095
0
0
0
0
0
0
0
0
0
0
0
0
0
0
0
4095
0
0
0
0
0
0
0
0
0
0
0
0
0
0
0
4095
0
0
0
0
0
0
0
0
0
0
0
0
0
0
0
4095
0
0
0
0
0
0
0
0
0
0
0
0
0
0
0
4095
0
0
0
0
0
0
0
0
0
0
0
0
0
0
0
4095
0
0
0
0
0
0
0
0
0
0
0
0
0
0
0
4095
0
0
0
0
0
0
0
0
0
0
0
0
0
0
0
4095
0
0
0
0
0
0
0
0
0
0
0
0
0
0
0
4095
0
0
0
0
0
0
0
0
0
0
0
0
0
0
0
4095
0
0
0
0
0
0
0
0
0
0
0
0
0
0
0
4095
0
0
0
0
0
0
0
0
0
0
0
0
0
0
0
4095
0
0
0
0
0
0
0
0
0
0
0
0
0
0
0
4095
0
0
0
0
0
0
0
0
0
0
0
0
0
0
0
4095
0
0
0
0
0
0
0
0
0
0
0
0
0
0
0
4095
0
0
0
0
0
0
0
0
0
0
0
0
0
0
0
4095
0
0
0
0
0
0
0
0
0
0
0
0
0
0
0
4095
0
0
0
0
0
0
0
0
0
0
0
0
0
0
0
4095
0
0
0
0
0
0
0
0
0
0
0
0
0
0
0
4095
0
0
0
0
0
0
0
0
0
0
0
0
0
0
0
4095
0
0
0
0
0
0
0
0
0
0
0
0
0
0
0
4095
0
0
0
0
0
0
0
0
0
0
0
0
0
0
0
4095
0
0
0
0
0
0
0
0
0
0
0
0
0
0
0
4095
0
0
0
0
0
0
0
0
0
0
0
0
0
0
0
4095
0
0
0
0
0
0
0
0
0
0
0
0
0
0
0
4095
0
0
0
0
0
0
0
0
0
0
0
0
0
0
0
4095
0
0
0
0
0
0
0
0
0
0
0
0
0
0
0
4095
0
0
0
0
0
0
0
0
0
0
0
0
0
0
0
4095
0
0
0
0
0
0
0
0
0
0
0
0
0
0
0
4095
0
0
0
0
0
0
0
0
0
0
0
0
0
0
0
4095
0
0
0
0
0
0
0
0
0
0
0
0
0
0
0
4095
0
0
0
0
0
0
0
0
0
0
0
0
0
0
0
4095
0
0
0
0
0
0
0
0
0
0
0
0
0
0
0
4095
0
0
0
0
0
0
0
0
0
0
0
0
0
0
0
4095
0
0
0
0
0
0
0
0
0
0
0
0
0
0
0
4095
0
0
0
0
0
0
0
0
0
0
0
0
0
0
0
4095
0
0
0
0
0
0
0
0
0
0
0
0
0
0
0
4095
0
0
0
0
0
0
0
0
0
0
0
0
0
0
0
4095
0
0
0
0
0
0
0
0
0
0
0
0
0
0
0
4095
0
0
0
0
0
0
0
0
0
0
0
0
0
0
0
4095
0
0
0
0
0
0
0
0
0
0
0
0
0
0
0
4095
0
0
0
0
0
0
0
0
0
0
0
0
0
0
0
4095
0
0
0
0
0
0
0
0
0
0
0
0
0
0
0
4095
0
0
0
0
0
0
0
0
0
0
0
0
0
0
0
4095
0
0
0
0
0
0
0
0
0
0
0
0
0
0
0
4095
0
0
0
0
0
0
0
0
0
0
0
0
0
0
0
4095
0
0
0
0
0
0
0
0
0
0
0
0
0
0
0
4095
0
0
0
0
0
0
0
0
0
0
0
0
0
0
0
4095
0
0
0
0
0
0
0
0
0
0
0
0
0
0
0
4095
0
0
0
0
0
0
0
0
0
0
0
0
0
0
0
4095
0
0
0
0
0
0
0
0
0
0
0
0
0
0
0
4095
0
0
0
0
0
0
0
0
0
0
0
0
0
0
0
4095
0
0
0
0
0
0
0
0
0
0
0
0
0
0
0
4095
0
0
0
0
0
0
0
0
0
0
0
0
0
0
0
4095
0
0
0
0
0
0
0
0
0
0
0
0
0
0
0
4095
0
0
0
0
0
0
0
0
0
0
0
0
0
0
0
4095
0
0
0
0
0
0
0
0
0
0
0
0
0
0
0
4095
0
0
0
0
0
0
0
0
0
0
0
0
0
0
0
4095
0
0
0
0
0
0
0
0
0
0
0
0
0
0
0
4095
0
0
0
0
0
0
0
0
0
0
0
0
0
0
0
4095
0
0
0
0
0
0
0
0
0
0
0
0
0
0
0
4095
0
0
0
0
0
0
0
0
0
0
0
0
0
0
0
4095
0
0
0
0
0
0
0
0
0
0
0
0
0
0
0
4095
0
0
0
0
0
0
0
0
0
0
0
0
0
0
0
4095
0
0
0
0
0
0
0
0
0
0
0
0
0
0
0
4095
0
0
0
0
0
0
0
0
0
0
0
0
0
0
0
4095
0
0
0
0
0
0
0
0
0
0
0
0
0
0
0
4095
0
0
0
0
0
0
0
0
0
0
0
0
0
0
0
4095
0
0
0
0
0
0
0
0
0
0
0
0
0
0
0
4095
0
0
0
0
0
0
0
0
0
0
0
0
0
0
0
4095
0
0
0
0
0
0
0
0
0
0
0
0
0
0
0
4095
0
0
0
0
0
0
0
0
0
0
0
0
0
0
0
4095
0
0
0
0
0
0
0
0
0
0
0
0
0
0
0
4095
0
0
0
0
0
0
0
0
0
0
0
0
0
0
0
4095
0
0
0
0
0
0
0
0
0
0
0
0
0
0
0
4095
0
0
0
0
0
0
0
0
0
0
0
0
0
0
0
4095
0
0
0
0
0
0
0
0
0
0
0
0
0
0
0
4095
0
0
0
0
0
0
0
0
0
0
0
0
0
0
0
4095
0
0
0
0
0
0
0
0
0
0
0
0
0
0
0
4095
0
0
0
0
0
0
0
0
0
0
0
0
0
0
0
4095
0
0
0
0
0
0
0
0
0
0
0
0
0
0
0
4095
0
0
0
0
0
0
0
0
0
0
0
0
0
0
0
4095
0
0
0
0
0
0
0
0
0
0
0
0
0
0
0
4095
0
0
0
0
0
0
0
0
0
0
0
0
0
0
0
4095
0
0
0
0
0
0
0
0
0
0
0
0
0
0
0
4095
0
0
0
0
0
0
0
0
0
0
0
0
0
0
0
4095
0
0
0
0
0
0
0
0
0
0
0
0
0
0
0
4095
0
0
0
0
0
0
0
0
0
0
0
0
0
0
0
4095
0
0
0
0
0
0
0
0
0
0
0
0
0
0
0
4095
0
0
0
0
0
0
0
0
0
0
0
0
0
0
0
4095
0
0
0
0
0
0
0
0
0
0
0
0
0
0
0
4095
0
0
0
0
0
0
0
0
0
0
0
0
0
0
0
4095
0
0
0
0
0
0
0
0
0
0
0
0
0
0
0
4095
0
0
0
0
0
0
0
0
0
0
0
0
0
0
0
4095
0
0
0
0
0
0
0
0
0
0
0
0
0
0
0
4095
0
0
0
0
0
0
0
0
0
0
0
0
0
0
0
4095
0
0
0
0
0
0
0
0
0
0
0
0
0
0
0
4095
0
0
0
0
0
0
0
0
0
0
0
0
0
0
0
4095
0
0
0
0
0
0
0
0
0
0
0
0
0
0
0
4095
0
0
0
0
0
0
0
0
0
0
0
0
0
0
0
4095
0
0
0
0
0
0
0
0
0
0
0
0
0
0
0
4095
0
0
0
0
0
0
0
0
0
0
0
0
0
0
0
4095
0
0
0
0
0
0
0
0
0
0
0
0
0
0
0
4095
0
0
0
0
0
0
0
0
0
0
0
0
0
0
0
4095
0
0
0
0
0
0
0
0
0
0
0
0
0
0
0
4095
0
0
0
0
0
0
0
0
0
0
0
0
0
0
0
4095
0
0
0
0
0
0
0
0
0
0
0
0
0
0
0
4095
0
0
0
0
0
0
0
0
0
0
0
0
0
0
0
4095
0
0
0
0
0
0
0
0
0
0
0
0
0
0
0
4095
0
0
0
0
0
0
0
0
0
0
0
0
0
0
0
4095
0
0
0
0
0
0
0
0
0
0
0
0
0
0
0
4095
0
0
0
0
0
0
0
0
0
0
0
0
0
0
0
4095
0
0
0
0
0
0
0
0
0
0
0
0
0
0
0
4095
0
0
0
0
0
0
0
0
0
0
0
0
0
0
0
4095
0
0
0
0
0
0
0
0
0
0
0
0
0
0
0
4095
0
0
0
0
0
0
0
0
0
0
0
0
0
0
0
4095
0
0
0
0
0
0
0
0
0
0
0
0
0
0
0
4095
0
0
0
0
0
0
0
0
0
0
0
0
0
0
0
4095
0
0
0
0
0
0
0
0
0
0
0
0
0
0
0
4095
0
0
0
0
0
0
0
0
0
0
0
0
0
0
0
4095
0
0
0
0
0
0
0
0
0
0
0
0
0
0
0
4095
0
0
0
0
0
0
0
0
0
0
0
0
0
0
0
4095
0
0
0
0
0
0
0
0
0
0
0
0
0
0
0
4095
0
0
0
0
0
0
0
0
0
0
0
0
0
0
0
4095
0
0
0
0
0
0
0
0
0
0
0
0
0
0
0
4095
0
0
0
0
0
0
0
0
0
0
0
0
0
0
0
4095
0
0
0
0
0
0
0
0
0
0
0
0
0
0
0
4095
0
0
0
0
0
0
0
0
0
0
0
0
0
0
0
4095
0
0
0
0
0
0
0
0
0
0
0
0
0
0
0
4095
0
0
0
0
0
0
0
0
0
0
0
0
0
0
0
4095
0
0
0
0
0
0
0
0
0
0
0
0
0
0
0
4095
0
0
0
0
0
0
0
0
0
0
0
0
0
0
0
4095
0
0
0
0
0
0
0
0
0
0
0
0
0
0
0
4095
0
0
0
0
0
0
0
0
0
0
0
0
0
0
0
4095
0
0
0
0
0
0
0
0
0
0
0
0
0
0
0
4095
0
0
0
0
0
0
0
0
0
0
0
0
0
0
0
4095
0
0
0
0
0
0
0
0
0
0
0
0
0
0
0
4095
0
0
0
0
0
0
0
0
0
0
0
0
0
0
0
4095
0
0
0
0
0
0
0
0
0
0
0
0
0
0
0
4095
0
0
0
0
0
0
0
0
0
0
0
0
0
0
0
4095
0
0
0
0
0
0
0
0
0
0
0
0
0
0
0
4095
0
0
0
0
0
0
0
0
0
0
0
0
0
0
0
4095
0
0
0
0
0
0
0
0
0
0
0
0
0
0
0
4095
0
0
0
0
0
0
0
0
0
0
0
0
0
0
0
4095
0
0
0
0
0
0
0
0
0
0
0
0
0
0
0
4095
0
0
0
0
0
0
0
0
0
0
0
0
0
0
0
4095
0
0
0
0
0
0
0
0
0
0
0
0
0
0
0
4095
0
0
0
0
0
0
0
0
0
0
0
0
0
0
0
4095
0
0
0
0
0
0
0
0
0
0
0
0
0
0
0
4095
0
0
0
0
0
0
0
0
0
0
0
0
0
0
0
4095
0
0
0
0
0
0
0
0
0
0
0
0
0
0
0
4095
0
0
0
0
0
0
0
0
0
0
0
0
0
0
0
4095
0
0
0
0
0
0
0
0
0
0
0
0
0
0
0
4095
0
0
0
0
0
0
0
0
0
0
0
0
0
0
0
4095
0
0
0
0
0
0
0
0
0
0
0
0
0
0
0
4095
0
0
0
0
0
0
0
0
0
0
0
0
0
0
0
4095
0
0
0
0
0
0
0
0
0
0
0
0
0
0
0
4095
0
0
0
0
0
0
0
0
0
0
0
0
0
0
0
4095
0
0
0
0
0
0
0
0
0
0
0
0
0
0
0
4095
0
0
0
0
0
0
0
0
0
0
0
0
0
0
0
4095
0
0
0
0
0
0
0
0
0
0
0
0
0
0
0
4095
0
0
0
0
0
0
0
0
0
0
0
0
0
0
0
4095
0
0
0
0
0
0
0
0
0
0
0
0
0
0
0
4095
0
0
0
0
0
0
0
0
0
0
0
0
0
0
0
4095
0
0
0
0
0
0
0
0
0
0
0
0
0
0
0
4095
0
0
0
0
0
0
0
0
0
0
0
0
0
0
0
4095
0
0
0
0
0
0
0
0
0
0
0
0
0
0
0
4095
0
0
0
0
0
0
0
0
0
0
0
0
0
0
0
4095
0
0
0
0
0
0
0
0
0
0
0
0
0
0
0
4095
0
0
0
0
0
0
0
0
0
0
0
0
0
0
0
4095
0
0
0
0
0
0
0
0
0
0
0
0
0
0
0
4095
0
0
0
0
0
0
0
0
0
0
0
0
0
0
0
4095
0
0
0
0
0
0
0
0
0
0
0
0
0
0
0
4095
0
0
0
0
0
0
0
0
0
0
0
0
0
0
0
4095
0
0
0
0
0
0
0
0
0
0
0
0
0
0
0
4095
0
0
0
0
0
0
0
0
0
0
0
0
0
0
0
4095
0
0
0
0
0
0
0
0
0
0
0
0
0
0
0
4095
0
0
0
0
0
0
0
0
0
0
0
0
0
0
0
4095
0
0
0
0
0
0
0
0
0
0
0
0
0
0
0
4095
0
0
0
0
0
0
0
0
0
0
0
0
0
0
0
4095
0
0
0
0
0
0
0
0
0
0
0
0
0
0
0
4095
0
0
0
0
0
0
0
0
0
0
0
0
0
0
0
4095
0
0
0
0
0
0
0
0
0
0
0
0
0
0
0
4095
0
0
0
0
0
0
0
0
0
0
0
0
0
0
0
4095
0
0
0
0
0
0
0
0
0
0
0
0
0
0
0
4095
0
0
0
0
0
0
0
0
0
0
0
0
0
0
0
4095
0
0
0
0
0
0
0
0
0
0
0
0
0
0
0
4095
0
0
0
0
0
0
0
0
0
0
0
0
0
0
0
4095
0
0
0
0
0
0
0
0
0
0
0
0
0
0
0
4095
0
0
0
0
0
0
0
0
0
0
0
0
0
0
0
4095
0
0
0
0
0
0
0
0
0
0
0
0
0
0
0
4095
0
0
0
0
0
0
0
0
0
0
0
0
0
0
0
4095
0
0
0
0
0
0
0
0
0
0
0
0
0
0
0
4095
0
0
0
0
0
0
0
0
0
0
0
0
0
0
0
4095
0
0
0
0
0
0
0
0
0
0
0
0
0
0
0
4095
0
0
0
0
0
0
0
0
0
0
0
0
0
0
0
4095
0
0
0
0
0
0
0
0
0
0
0
0
0
0
0
4095
0
0
0
0
0
0
0
0
0
0
0
0
0
0
0
4095
0
0
0
0
0
0
0
0
0
0
0
0
0
0
0
4095
0
0
0
0
0
0
0
0
0
0
0
0
0
0
0
4095
0
0
0
0
0
0
0
0
0
0
0
0
0
0
0
4095
0
0
0
0
0
0
0
0
0
0
0
0
0
0
0
4095
0
0
0
0
0
0
0
0
0
0
0
0
0
0
0
4095
0
0
0
0
0
0
0
0
0
0
0
0
0
0
0
4095
0
0
0
0
0
0
0
0
0
0
0
0
0
0
0
4095
0
0
0
0
0
0
0
0
0
0
0
0
0
0
0
4095
0
0
0
0
0
0
0
0
0
0
0
0
0
0
0
4095
0
0
0
0
0
0
0
0
0
0
0
0
0
0
0
4095
0
0
0
0
0
0
0
0
0
0
0
0
0
0
0
4095
0
0
0
0
0
0
0
0
0
0
0
0
0
0
0
4095
0
0
0
0
0
0
0
0
0
0
0
0
0
0
0
4095
0
0
0
0
0
0
0
0
0
0
0
0
0
0
0
4095
0
0
0
0
0
0
0
0
0
0
0
0
0
0
0
4095
0
0
0
0
0
0
0
0
0
0
0
0
0
0
0
4095
0
0
0
0
0
0
0
0
0
0
0
0
0
0
0
4095
0
0
0
0
0
0
0
0
0
0
0
0
0
0
0
4095
0
0
0
0
0
0
0
0
0
0
0
0
0
0
0
4095
0
0
0
0
0
0
0
0
0
0
0
0
0
0
0
4095
0
0
0
0
0
0
0
0
0
0
0
0
0
0
0
4095
0
0
0
0
0
0
0
0
0
0
0
0
0
0
0
4095
0
0
0
0
0
0
0
0
0
0
0
0
0
0
0
4095
0
0
0
0
0
0
0
0
0
0
0
0
0
0
0
4095
0
0
0
0
0
0
0
0
0
0
0
0
0
0
0
4095
0
0
0
0
0
0
0
0
0
0
0
0
0
0
0
4095
0
0
0
0
0
0
0
0
0
0
0
0
0
0
0
4095
0
0
0
0
0
0
0
0
0
0
0
0
0
0
0
4095
0
0
0
0
0
0
0
0
0
0
0
0
0
0
0
4095
0
0
0
0
0
0
0
0
0
0
0
0
0
0
0
4095
0
0
0
0
0
0
0
0
0
0
0
0
0
0
0
4095
0
0
0
0
0
0
0
0
0
0
0
0
0
0
0
4095
0
0
0
0
0
0
0
0
0
0
0
0
0
0
0
4095
0
0
0
0
0
0
0
0
0
0
0
0
0
0
0
4095
0
0
0
0
0
0
0
0
0
0
0
0
0
0
0
4095
0
0
0
0
0
0
0
0
0
0
0
0
0
0
0
4095
0
0
0
0
0
0
0
0
0
0
0
0
0
0
0
4095
0
0
0
0
0
0
0
0
0
0
0
0
0
0
0
4095
0
0
0
0
0
0
0
0
0
0
0
0
0
0
0
4095
0
0
0
0
0
0
0
0
0
0
0
0
0
0
0
4095
0
0
0
0
0
0
0
0
0
0
0
0
0
0
0
4095
0
0
0
0
0
0
0
0
0
0
0
0
0
0
0
4095
0
0
0
0
0
0
0
0
0
0
0
0
0
0
0
4095
0
0
0
0
0
0
0
0
0
0
0
0
0
0
0
4095
0
0
0
0
0
0
0
0
0
0
0
0
0
0
0
4095
0
0
0
0
0
0
0
0
0
0
0
0
0
0
0
4095
0
0
0
0
0
0
0
0
0
0
0
0
0
0
0
4095
0
0
0
0
0
0
0
0
0
0
0
0
0
0
0
4095
0
0
0
0
0
0
0
0
0
0
0
0
0
0
0
4095
0
0
0
0
0
0
0
0
0
0
0
0
0
0
0
4095
0
0
0
0
0
0
0
0
0
0
0
0
0
0
0
4095
0
0
0
0
0
0
0
0
0
0
0
0
0
0
0
4095
0
0
0
0
0
0
0
0
0
0
0
0
0
0
0
4095
0
0
0
0
0
0
0
0
0
0
0
0
0
0
0
4095
0
0
0
0
0
0
0
0
0
0
0
0
0
0
0
4095
0
0
0
0
0
0
0
0
0
0
0
0
0
0
0
4095
0
0
0
0
0
0
0
0
0
0
0
0
0
0
0
4095
0
0
0
0
0
0
0
0
0
0
0
0
0
0
0
4095
0
0
0
0
0
0
0
0
0
0
0
0
0
0
0
4095
0
0
0
0
0
0
0
0
0
0
0
0
0
0
0
4095
0
0
0
0
0
0
0
0
0
0
0
0
0
0
0
4095
0
0
0
0
0
0
0
0
0
0
0
0
0
0
0
4095
0
0
0
0
0
0
0
0
0
0
0
0
0
0
0
4095
0
0
0
0
0
0
0
0
0
0
0
0
0
0
0
4095
0
0
0
0
0
0
0
0
0
0
0
0
0
0
0
4095
0
0
0
0
0
0
0
0
0
0
0
0
0
0
0
4095
0
0
0
0
0
0
0
0
0
0
0
0
0
0
0
4095
0
0
0
0
0
0
0
0
0
0
0
0
0
0
0
4095
0
0
0
0
0
0
0
0
0
0
0
0
0
0
0
4095
0
0
0
0
0
0
0
0
0
0
0
0
0
0
0
4095
0
0
0
0
0
0
0
0
0
0
0
0
0
0
0
4095
0
0
0
0
0
0
0
0
0
0
0
0
0
0
0
4095
0
0
0
0
0
0
0
0
0
0
0
0
0
0
0
4095
0
0
0
0
0
0
0
0
0
0
0
0
0
0
0
4095
0
0
0
0
0
0
0
0
0
0
0
0
0
0
0
4095
0
0
0
0
0
0
0
0
0
0
0
0
0
0
0
4095
0
0
0
0
0
0
0
0
0
0
0
0
0
0
0
4095
0
0
0
0
0
0
0
0
0
0
0
0
0
0
0
4095
0
0
0
0
0
0
0
0
0
0
0
0
0
0
0
4095
0
0
0
0
0
0
0
0
0
0
0
0
0
0
0
4095
0
0
0
0
0
0
0
0
0
0
0
0
0
0
0
4095
0
0
0
0
0
0
0
0
0
0
0
0
0
0
0
4095
0
0
0
0
0
0
0
0
0
0
0
0
0
0
0
4095
0
0
0
0
0
0
0
0
0
0
0
0
0
0
0
4095
0
0
0
0
0
0
0
0
0
0
0
0
0
0
0
4095
0
0
0
0
0
0
0
0
0
0
0
0
0
0
0
4095
0
0
0
0
0
0
0
0
0
0
0
0
0
0
0
4095
0
0
0
0
0
0
0
0
0
0
0
0
0
0
0
4095
0
0
0
0
0
0
0
0
0
0
0
0
0
0
0
4095
0
0
0
0
0
0
0
0
0
0
0
0
0
0
0
4095
0
0
0
0
0
0
0
0
0
0
0
0
0
0
0
4095
0
0
0
0
0
0
0
0
0
0
0
0
0
0
0
4095
0
0
0
0
0
0
0
0
0
0
0
0
0
0
0
4095
0
0
0
0
0
0
0
0
0
0
0
0
0
0
0
4095
0
0
0
0
0
0
0
0
0
0
0
0
0
0
0
4095
0
0
0
0
0
0
0
0
0
0
0
0
0
0
0
4095
0
0
0
0
0
0
0
0
0
0
0
0
0
0
0
4095
0
0
0
0
0
0
0
0
0
0
0
0
0
0
0
4095
0
0
0
0
0
0
0
0
0
0
0
0
0
0
0
4095
0
0
0
0
0
0
0
0
0
0
0
0
0
0
0
4095
0
0
0
0
0
0
0
0
0
0
0
0
0
0
0
4095
0
0
0
0
0
0
0
0
0
0
0
0
0
0
0
4095
0
0
0
0
0
0
0
0
0
0
0
0
0
0
0
4095
0
0
0
0
0
0
0
0
0
0
0
0
0
0
0
4095
0
0
0
0
0
0
0
0
0
0
0
0
0
0
0
4095
0
0
0
0
0
0
0
0
0
0
0
0
0
0
0
4095
0
0
0
0
0
0
0
0
0
0
0
0
0
0
0
4095
0
0
0
0
0
0
0
0
0
0
0
0
0
0
0
4095
0
0
0
0
0
0
0
0
0
0
0
0
0
0
0
4095
0
0
0
0
0
0
0
0
0
0
0
0
0
0
0
4095
0
0
0
0
0
0
0
0
0
0
0
0
0
0
0
4095
0
0
0
0
0
0
0
0
0
0
0
0
0
0
0
4095
0
0
0
0
0
0
0
0
0
0
0
0
0
0
0
4095
0
0
0
0
0
0
0
0
0
0
0
0
0
0
0
4095
0
0
0
0
0
0
0
0
0
0
0
0
0
0
0
4095
0
0
0
0
0
0
0
0
0
0
0
0
0
0
0
4095
0
0
0
0
0
0
0
0
0
0
0
0
0
0
0
4095
0
0
0
0
0
0
0
0
0
0
0
0
0
0
0
4095
0
0
0
0
0
0
0
0
0
0
0
0
0
0
0
4095
0
0
0
0
0
0
0
0
0
0
0
0
0
0
0
4095
0
0
0
0
0
0
0
0
0
0
0
0
0
0
0
4095
0
0
0
0
0
0
0
0
0
0
0
0
0
0
0
4095
0
0
0
0
0
0
0
0
0
0
0
0
0
0
0
4095
0
0
0
0
0
0
0
0
0
0
0
0
0
0
0
4095
0
0
0
0
0
0
0
0
0
0
0
0
0
0
0
4095
0
0
0
0
0
0
0
0
0
0
0
0
0
0
0
4095
0
0
0
0
0
0
0
0
0
0
0
0
0
0
0
4095
0
0
0
0
0
0
0
0
0
0
0
0
0
0
0
4095
0
0
0
0
0
0
0
0
0
0
0
0
0
0
0
4095
0
0
0
0
0
0
0
0
0
0
0
0
0
0
0
4095
0
0
0
0
0
0
0
0
0
0
0
0
0
0
0
4095
0
0
0
0
0
0
0
0
0
0
0
0
0
0
0
4095
0
0
0
0
0
0
0
0
0
0
0
0
0
0
0
4095
0
0
0
0
0
0
0
0
0
0
0
0
0
0
0
4095
0
0
0
0
0
0
0
0
0
0
0
0
0
0
0
4095
0
0
0
0
0
0
0
0
0
0
0
0
0
0
0
4095
0
0
0
0
0
0
0
0
0
0
0
0
0
0
0
4095
0
0
0
0
0
0
0
0
0
0
0
0
0
0
0
4095
0
0
0
0
0
0
0
0
0
0
0
0
0
0
0
4095
0
0
0
0
0
0
0
0
0
0
0
0
0
0
0
4095
0
0
0
0
0
0
0
0
0
0
0
0
0
0
0
