0
0
0
0
0
0
0
0
0
0
0
0
0
0
0
0
0
0
0
0
0
0
0
0
0
0
0
0
0
0
0
0
0
0
0
0
0
0
0
0
0
0
0
0
0
0
0
0
0
0
0
0
0
0
0
0
0
0
0
0
0
0
0
0
0
0
0
0
0
0
0
0
0
0
0
0
0
0
0
0
0
0
0
0
0
0
0
0
0
0
0
0
0
0
0
0
0
0
0
0
0
0
0
0
0
0
0
0
0
0
0
0
0
0
0
0
0
0
0
0
0
0
0
0
0
0
0
0
0
0
0
0
0
0
0
0
0
0
0
0
0
0
0
0
0
0
0
0
0
0
0
0
0
0
0
0
0
0
0
0
0
0
0
0
0
0
0
0
0
0
0
0
0
0
0
0
0
0
0
0
0
0
0
0
4095
4094
0
0
0
0
0
0
4094
4095
0
0
0
0
0
0
4095
4094
0
0
0
0
0
0
4094
4094
0
0
0
0
0
0
4094
4094
0
0
0
0
0
0
4094
4094
0
0
0
0
0
0
4094
4095
0
0
0
0
0
0
4095
4095
0
0
0
0
0
0
4095
4094
0
0
0
0
0
0
4094
4094
0
0
0
0
0
0
4094
4093
0
0
0
0
0
0
4093
4093
0
0
0
0
0
0
4093
4094
0
0
0
0
0
0
4094
4095
0
0
0
0
0
0
4095
4095
0
0
0
0
0
0
4095
4093
0
0
0
0
0
0
4093
4091
0
0
0
0
0
0
4091
4091
0
0
0
0
0
0
4089
4091
0
0
0
0
0
0
4091
4095
0
0
0
0
0
0
4095
2
0
0
0
0
0
0
2
1
0
0
0
0
0
0
1
4094
0
0
0
0
0
0
4094
4090
0
0
0
0
0
0
4090
4089
0
0
0
0
0
0
4088
4091
0
0
0
0
0
0
4092
0
0
0
0
0
0
0
1
4
0
0
0
0
0
0
5
3
0
0
0
0
0
0
3
4093
0
0
0
0
0
0
4093
4088
0
0
0
0
0
0
4087
4086
0
0
0
0
0
0
4085
4090
0
0
0
0
0
0
4090
3
0
0
0
0
0
0
4
8
0
0
0
0
0
0
10
4
0
0
0
0
0
0
4
4091
0
0
0
0
0
0
4090
4084
0
0
0
0
0
0
4083
4084
0
0
0
0
0
0
4082
4092
0
0
0
0
0
0
4092
7
0
0
0
0
0
0
9
13
0
0
0
0
0
0
12
4
0
0
0
0
0
0
4
4087
0
0
0
0
0
0
4086
4077
0
0
0
0
0
0
4078
4081
0
0
0
0
0
0
4081
4095
0
0
0
0
0
0
4094
12
0
0
0
0
0
0
13
15
0
0
0
0
0
0
17
5
0
0
0
0
0
0
3
4082
0
0
0
0
0
0
4081
4072
0
0
0
0
0
0
4071
4079
0
0
0
0
0
0
4078
2
0
0
0
0
0
0
2
19
0
0
0
0
0
0
20
19
0
0
0
0
0
0
21
2
0
0
0
0
0
0
1
4076
0
0
0
0
0
0
4074
4066
0
0
0
0
0
0
4064
4079
0
0
0
0
0
0
4078
8
0
0
0
0
0
0
8
26
0
0
0
0
0
0
29
22
0
0
0
0
0
0
24
4093
0
0
0
0
0
0
4093
4067
0
0
0
0
0
0
4067
4061
0
0
0
0
0
0
4060
4082
0
0
0
0
0
0
4080
17
0
0
0
0
0
0
17
34
0
0
0
0
0
0
36
24
0
0
0
0
0
0
25
4086
0
0
0
0
0
0
4087
4059
0
0
0
0
0
0
4055
4056
0
0
0
0
0
0
4053
4085
0
0
0
0
0
0
4085
26
0
0
0
0
0
0
28
42
0
0
0
0
0
0
45
24
0
0
0
0
0
0
23
4078
0
0
0
0
0
0
4076
4046
0
0
0
0
0
0
4045
4052
0
0
0
0
0
0
4050
4091
0
0
0
0
0
0
4093
39
0
0
0
0
0
0
41
50
0
0
0
0
0
0
52
19
0
0
0
0
0
0
21
4067
0
0
0
0
0
0
4065
4038
0
0
0
0
0
0
4033
4050
0
0
0
0
0
0
4050
5
0
0
0
0
0
0
7
51
0
0
0
0
0
0
53
56
0
0
0
0
0
0
59
13
0
0
0
0
0
0
14
4054
0
0
0
0
0
0
4050
4027
0
0
0
0
0
0
4023
4053
0
0
0
0
0
0
4051
17
0
0
0
0
0
0
19
65
0
0
0
0
0
0
67
59
0
0
0
0
0
0
62
5
0
0
0
0
0
0
3
4037
0
0
0
0
0
0
4036
4019
0
0
0
0
0
0
4013
4058
0
0
0
0
0
0
4057
33
0
0
0
0
0
0
35
76
0
0
0
0
0
0
81
60
0
0
0
0
0
0
62
4087
0
0
0
0
0
0
4086
4022
0
0
0
0
0
0
4018
4011
0
0
0
0
0
0
4007
4066
0
0
0
0
0
0
4065
50
0
0
0
0
0
0
54
89
0
0
0
0
0
0
94
56
0
0
0
0
0
0
59
4071
0
0
0
0
0
0
4070
4005
0
0
0
0
0
0
3998
4006
0
0
0
0
0
0
4003
4079
0
0
0
0
0
0
4079
69
0
0
0
0
0
0
73
101
0
0
0
0
0
0
106
50
0
0
0
0
0
0
51
4051
0
0
0
0
0
0
4049
3988
0
0
0
0
0
0
3982
4006
0
0
0
0
0
0
4003
1
0
0
0
0
0
0
1
91
0
0
0
0
0
0
96
109
0
0
0
0
0
0
114
38
0
0
0
0
0
0
38
4028
0
0
0
0
0
0
4024
3973
0
0
0
0
0
0
3966
4011
0
0
0
0
0
0
4008
20
0
0
0
0
0
0
24
111
0
0
0
0
0
0
116
113
0
0
0
0
0
0
118
22
0
0
0
0
0
0
20
4003
0
0
0
0
0
0
3999
3959
0
0
0
0
0
0
3954
4021
0
0
0
0
0
0
4017
46
0
0
0
0
0
0
49
132
0
0
0
0
0
0
139
112
0
0
0
0
0
0
116
0
0
0
0
0
0
0
4095
3979
0
0
0
0
0
0
3972
3951
0
0
0
0
0
0
3943
4036
0
0
0
0
0
0
4032
73
0
0
0
0
0
0
78
150
0
0
0
0
0
0
157
106
0
0
0
0
0
0
110
4070
0
0
0
0
0
0
4067
3953
0
0
0
0
0
0
3946
3945
0
0
0
0
0
0
3940
4056
0
0
0
0
0
0
4054
103
0
0
0
0
0
0
110
166
0
0
0
0
0
0
173
95
0
0
0
0
0
0
98
4041
0
0
0
0
0
0
4037
3929
0
0
0
0
0
0
3921
3946
0
0
0
0
0
0
3940
4082
0
0
0
0
0
0
4083
134
0
0
0
0
0
0
142
176
0
0
0
0
0
0
185
77
0
0
0
0
0
0
78
4007
0
0
0
0
0
0
4002
3907
0
0
0
0
0
0
3897
3954
0
0
0
0
0
0
3948
18
0
0
0
0
0
0
19
164
0
0
0
0
0
0
174
182
0
0
0
0
0
0
189
52
0
0
0
0
0
0
52
3971
0
0
0
0
0
0
3963
3887
0
0
0
0
0
0
3880
3968
0
0
0
0
0
0
3963
53
0
0
0
0
0
0
56
193
0
0
0
0
0
0
204
180
0
0
0
0
0
0
188
21
0
0
0
0
0
0
19
3934
0
0
0
0
0
0
3927
3876
0
0
0
0
0
0
3866
3989
0
0
0
0
0
0
3986
92
0
0
0
0
0
0
98
219
0
0
0
0
0
0
230
172
0
0
0
0
0
0
178
4079
0
0
0
0
0
0
4076
3899
0
0
0
0
0
0
3888
3870
0
0
0
0
0
0
3860
4018
0
0
0
0
0
0
4018
134
0
0
0
0
0
0
142
240
0
0
0
0
0
0
252
155
0
0
0
0
0
0
161
4039
0
0
0
0
0
0
4033
3865
0
0
0
0
0
0
3854
3872
0
0
0
0
0
0
3862
4055
0
0
0
0
0
0
4055
177
0
0
0
0
0
0
186
255
0
0
0
0
0
0
266
129
0
0
0
0
0
0
133
3993
0
0
0
0
0
0
3987
3836
0
0
0
0
0
0
3822
3882
0
0
0
0
0
0
3874
2
0
0
0
0
0
0
5
219
0
0
0
0
0
0
229
262
0
0
0
0
0
0
273
96
0
0
0
0
0
0
97
3945
0
0
0
0
0
0
3935
3811
0
0
0
0
0
0
3798
3901
0
0
0
0
0
0
3894
49
0
0
0
0
0
0
55
258
0
0
0
0
0
0
269
261
0
0
0
0
0
0
272
55
0
0
0
0
0
0
54
3895
0
0
0
0
0
0
3884
3793
0
0
0
0
0
0
3781
3929
0
0
0
0
0
0
3924
102
0
0
0
0
0
0
109
292
0
0
0
0
0
0
305
250
0
0
0
0
0
0
260
6
0
0
0
0
0
0
3
3847
0
0
0
0
0
0
3836
3784
0
0
0
0
0
0
3772
3967
0
0
0
0
0
0
3965
157
0
0
0
0
0
0
167
320
0
0
0
0
0
0
334
227
0
0
0
0
0
0
237
4047
0
0
0
0
0
0
4042
3802
0
0
0
0
0
0
3788
3785
0
0
0
0
0
0
3774
4014
0
0
0
0
0
0
4013
213
0
0
0
0
0
0
224
341
0
0
0
0
0
0
355
197
0
0
0
0
0
0
202
3988
0
0
0
0
0
0
3981
3763
0
0
0
0
0
0
3748
3798
0
0
0
0
0
0
3788
4069
0
0
0
0
0
0
4070
266
0
0
0
0
0
0
281
351
0
0
0
0
0
0
365
155
0
0
0
0
0
0
157
3926
0
0
0
0
0
0
3915
3730
0
0
0
0
0
0
3713
3821
0
0
0
0
0
0
3811
34
0
0
0
0
0
0
39
317
0
0
0
0
0
0
333
351
0
0
0
0
0
0
363
102
0
0
0
0
0
0
102
3864
0
0
0
0
0
0
3852
3708
0
0
0
0
0
0
3691
3855
0
0
0
0
0
0
3848
99
0
0
0
0
0
0
106
362
0
0
0
0
0
0
379
338
0
0
0
0
0
0
351
43
0
0
0
0
0
0
40
3803
0
0
0
0
0
0
3789
3695
0
0
0
0
0
0
3679
3902
0
0
0
0
0
0
3897
167
0
0
0
0
0
0
178
399
0
0
0
0
0
0
417
314
0
0
0
0
0
0
324
4071
0
0
0
0
0
0
4066
3746
0
0
0
0
0
0
3730
3694
0
0
0
0
0
0
3679
3959
0
0
0
0
0
0
3956
238
0
0
0
0
0
0
251
427
0
0
0
0
0
0
443
275
0
0
0
0
0
0
284
3998
0
0
0
0
0
0
3990
3695
0
0
0
0
0
0
3678
3707
0
0
0
0
0
0
3692
4025
0
0
0
0
0
0
4026
306
0
0
0
0
0
0
322
441
0
0
0
0
0
0
459
226
0
0
0
0
0
0
231
3923
0
0
0
0
0
0
3911
3654
0
0
0
0
0
0
3636
3733
0
0
0
0
0
0
3720
1
0
0
0
0
0
0
5
368
0
0
0
0
0
0
386
443
0
0
0
0
0
0
460
164
0
0
0
0
0
0
167
3845
0
0
0
0
0
0
3833
3623
0
0
0
0
0
0
3604
3772
0
0
0
0
0
0
3762
82
0
0
0
0
0
0
89
425
0
0
0
0
0
0
444
431
0
0
0
0
0
0
447
92
0
0
0
0
0
0
90
3770
0
0
0
0
0
0
3755
3605
0
0
0
0
0
0
3585
3824
0
0
0
0
0
0
3819
166
0
0
0
0
0
0
176
472
0
0
0
0
0
0
492
404
0
0
0
0
0
0
418
12
0
0
0
0
0
0
8
3700
0
0
0
0
0
0
3682
3601
0
0
0
0
0
0
3581
3891
0
0
0
0
0
0
3888
249
0
0
0
0
0
0
262
507
0
0
0
0
0
0
526
361
0
0
0
0
0
0
374
4022
0
0
0
0
0
0
4015
3639
0
0
0
0
0
0
3618
3612
0
0
0
0
0
0
3595
3967
0
0
0
0
0
0
3966
330
0
0
0
0
0
0
348
529
0
0
0
0
0
0
550
307
0
0
0
0
0
0
314
3934
0
0
0
0
0
0
3922
3586
0
0
0
0
0
0
3563
3638
0
0
0
0
0
0
3624
4055
0
0
0
0
0
0
4056
407
0
0
0
0
0
0
425
534
0
0
0
0
0
0
555
236
0
0
0
0
0
0
241
3842
0
0
0
0
0
0
3827
3546
0
0
0
0
0
0
3524
3683
0
0
0
0
0
0
3669
49
0
0
0
0
0
0
58
476
0
0
0
0
0
0
496
525
0
0
0
0
0
0
543
156
0
0
0
0
0
0
157
3753
0
0
0
0
0
0
3735
3521
0
0
0
0
0
0
3499
3741
0
0
0
0
0
0
3731
146
0
0
0
0
0
0
156
533
0
0
0
0
0
0
555
497
0
0
0
0
0
0
514
63
0
0
0
0
0
0
61
3671
0
0
0
0
0
0
3651
3512
0
0
0
0
0
0
3490
3814
0
0
0
0
0
0
3807
243
0
0
0
0
0
0
257
577
0
0
0
0
0
0
602
454
0
0
0
0
0
0
469
4064
0
0
0
0
0
0
4056
3596
0
0
0
0
0
0
3573
3520
0
0
0
0
0
0
3499
3899
0
0
0
0
0
0
3897
338
0
0
0
0
0
0
355
605
0
0
0
0
0
0
632
393
0
0
0
0
0
0
405
3960
0
0
0
0
0
0
3949
3532
0
0
0
0
0
0
3509
3548
0
0
0
0
0
0
3528
3994
0
0
0
0
0
0
3996
428
0
0
0
0
0
0
447
618
0
0
0
0
0
0
641
317
0
0
0
0
0
0
324
3857
0
0
0
0
0
0
3841
3482
0
0
0
0
0
0
3458
3592
0
0
0
0
0
0
3575
1
0
0
0
0
0
0
9
509
0
0
0
0
0
0
531
612
0
0
0
0
0
0
635
228
0
0
0
0
0
0
232
3755
0
0
0
0
0
0
3736
3450
0
0
0
0
0
0
3424
3653
0
0
0
0
0
0
3641
111
0
0
0
0
0
0
120
577
0
0
0
0
0
0
602
586
0
0
0
0
0
0
607
128
0
0
0
0
0
0
126
3658
0
0
0
0
0
0
3638
3435
0
0
0
0
0
0
3411
3731
0
0
0
0
0
0
3722
222
0
0
0
0
0
0
235
633
0
0
0
0
0
0
658
544
0
0
0
0
0
0
558
19
0
0
0
0
0
0
15
3571
0
0
0
0
0
0
3548
3439
0
0
0
0
0
0
3415
3823
0
0
0
0
0
0
3819
327
0
0
0
0
0
0
345
671
0
0
0
0
0
0
696
481
0
0
0
0
0
0
494
4001
0
0
0
0
0
0
3991
3498
0
0
0
0
0
0
3472
3462
0
0
0
0
0
0
3441
3926
0
0
0
0
0
0
3926
431
0
0
0
0
0
0
452
689
0
0
0
0
0
0
715
400
0
0
0
0
0
0
410
3886
0
0
0
0
0
0
3874
3439
0
0
0
0
0
0
3410
3505
0
0
0
0
0
0
3487
4040
0
0
0
0
0
0
4044
523
0
0
0
0
0
0
547
688
0
0
0
0
0
0
712
306
0
0
0
0
0
0
311
3772
0
0
0
0
0
0
3755
3394
0
0
0
0
0
0
3366
3568
0
0
0
0
0
0
3553
63
0
0
0
0
0
0
72
603
0
0
0
0
0
0
628
666
0
0
0
0
0
0
690
200
0
0
0
0
0
0
200
3665
0
0
0
0
0
0
3644
3372
0
0
0
0
0
0
3344
3648
0
0
0
0
0
0
3635
183
0
0
0
0
0
0
196
668
0
0
0
0
0
0
695
624
0
0
0
0
0
0
644
83
0
0
0
0
0
0
81
3568
0
0
0
0
0
0
3544
3369
0
0
0
0
0
0
3342
3743
0
0
0
0
0
0
3736
300
0
0
0
0
0
0
317
715
0
0
0
0
0
0
744
564
0
0
0
0
0
0
580
4057
0
0
0
0
0
0
4047
3481
0
0
0
0
0
0
3456
3389
0
0
0
0
0
0
3364
3853
0
0
0
0
0
0
3850
414
0
0
0
0
0
0
435
742
0
0
0
0
0
0
771
482
0
0
0
0
0
0
494
3932
0
0
0
0
0
0
3920
3411
0
0
0
0
0
0
3385
3430
0
0
0
0
0
0
3408
3972
0
0
0
0
0
0
3974
517
0
0
0
0
0
0
542
749
0
0
0
0
0
0
774
384
0
0
0
0
0
0
393
3810
0
0
0
0
0
0
3791
3360
0
0
0
0
0
0
3331
3490
0
0
0
0
0
0
3472
2
0
0
0
0
0
0
9
608
0
0
0
0
0
0
633
731
0
0
0
0
0
0
756
273
0
0
0
0
0
0
277
3691
0
0
0
0
0
0
3670
3328
0
0
0
0
0
0
3300
3570
0
0
0
0
0
0
3556
130
0
0
0
0
0
0
142
682
0
0
0
0
0
0
710
693
0
0
0
0
0
0
716
152
0
0
0
0
0
0
152
3584
0
0
0
0
0
0
3560
3319
0
0
0
0
0
0
3292
3667
0
0
0
0
0
0
3657
258
0
0
0
0
0
0
272
738
0
0
0
0
0
0
768
634
0
0
0
0
0
0
653
25
0
0
0
0
0
0
18
3488
0
0
0
0
0
0
3462
3333
0
0
0
0
0
0
3307
3780
0
0
0
0
0
0
3774
378
0
0
0
0
0
0
399
775
0
0
0
0
0
0
802
554
0
0
0
0
0
0
570
3990
0
0
0
0
0
0
3978
3409
0
0
0
0
0
0
3380
3369
0
0
0
0
0
0
3345
3901
0
0
0
0
0
0
3900
491
0
0
0
0
0
0
514
786
0
0
0
0
0
0
815
459
0
0
0
0
0
0
468
3860
0
0
0
0
0
0
3844
3348
0
0
0
0
0
0
3317
3426
0
0
0
0
0
0
3404
4031
0
0
0
0
0
0
4036
591
0
0
0
0
0
0
616
777
0
0
0
0
0
0
805
347
0
0
0
0
0
0
352
3733
0
0
0
0
0
0
3715
3309
0
0
0
0
0
0
3278
3502
0
0
0
0
0
0
3486
68
0
0
0
0
0
0
78
674
0
0
0
0
0
0
702
746
0
0
0
0
0
0
770
224
0
0
0
0
0
0
224
3617
0
0
0
0
0
0
3595
3290
0
0
0
0
0
0
3261
3598
0
0
0
0
0
0
3585
200
0
0
0
0
0
0
215
739
0
0
0
0
0
0
769
691
0
0
0
0
0
0
712
94
0
0
0
0
0
0
90
3516
0
0
0
0
0
0
3491
3298
0
0
0
0
0
0
3269
3708
0
0
0
0
0
0
3701
329
0
0
0
0
0
0
346
782
0
0
0
0
0
0
813
616
0
0
0
0
0
0
633
4054
0
0
0
0
0
0
4046
3429
0
0
0
0
0
0
3399
3326
0
0
0
0
0
0
3302
3832
0
0
0
0
0
0
3829
448
0
0
0
0
0
0
468
803
0
0
0
0
0
0
833
523
0
0
0
0
0
0
535
3921
0
0
0
0
0
0
3907
3359
0
0
0
0
0
0
3331
3379
0
0
0
0
0
0
3356
3963
0
0
0
0
0
0
3964
553
0
0
0
0
0
0
579
801
0
0
0
0
0
0
828
412
0
0
0
0
0
0
421
3793
0
0
0
0
0
0
3774
3313
0
0
0
0
0
0
3282
3450
0
0
0
0
0
0
3432
2
0
0
0
0
0
0
8
644
0
0
0
0
0
0
670
776
0
0
0
0
0
0
800
290
0
0
0
0
0
0
295
3671
0
0
0
0
0
0
3650
3287
0
0
0
0
0
0
3258
3542
0
0
0
0
0
0
3528
136
0
0
0
0
0
0
148
717
0
0
0
0
0
0
744
727
0
0
0
0
0
0
750
162
0
0
0
0
0
0
160
3561
0
0
0
0
0
0
3537
3286
0
0
0
0
0
0
3257
3649
0
0
0
0
0
0
3640
267
0
0
0
0
0
0
282
768
0
0
0
0
0
0
796
659
0
0
0
0
0
0
677
26
0
0
0
0
0
0
20
3468
0
0
0
0
0
0
3441
3307
0
0
0
0
0
0
3281
3769
0
0
0
0
0
0
3763
388
0
0
0
0
0
0
408
796
0
0
0
0
0
0
824
570
0
0
0
0
0
0
586
3990
0
0
0
0
0
0
3977
3394
0
0
0
0
0
0
3365
3352
0
0
0
0
0
0
3330
3897
0
0
0
0
0
0
3896
500
0
0
0
0
0
0
523
802
0
0
0
0
0
0
829
467
0
0
0
0
0
0
477
3857
0
0
0
0
0
0
3842
3339
0
0
0
0
0
0
3308
3416
0
0
0
0
0
0
3396
4029
0
0
0
0
0
0
4034
593
0
0
0
0
0
0
619
784
0
0
0
0
0
0
809
350
0
0
0
0
0
0
356
3734
0
0
0
0
0
0
3715
3307
0
0
0
0
0
0
3277
3501
0
0
0
0
0
0
3485
67
0
0
0
0
0
0
76
672
0
0
0
0
0
0
698
742
0
0
0
0
0
0
767
225
0
0
0
0
0
0
224
3622
0
0
0
0
0
0
3600
3298
0
0
0
0
0
0
3271
3602
0
0
0
0
0
0
3590
197
0
0
0
0
0
0
210
727
0
0
0
0
0
0
758
683
0
0
0
0
0
0
702
94
0
0
0
0
0
0
91
3527
0
0
0
0
0
0
3502
3310
0
0
0
0
0
0
3284
3716
0
0
0
0
0
0
3708
320
0
0
0
0
0
0
337
764
0
0
0
0
0
0
793
602
0
0
0
0
0
0
620
4058
0
0
0
0
0
0
4049
3447
0
0
0
0
0
0
3421
3348
0
0
0
0
0
0
3323
3837
0
0
0
0
0
0
3836
432
0
0
0
0
0
0
452
777
0
0
0
0
0
0
804
505
0
0
0
0
0
0
516
3927
0
0
0
0
0
0
3916
3387
0
0
0
0
0
0
3360
3405
0
0
0
0
0
0
3384
3966
0
0
0
0
0
0
3967
529
0
0
0
0
0
0
553
766
0
0
0
0
0
0
793
396
0
0
0
0
0
0
402
3807
0
0
0
0
0
0
3791
3350
0
0
0
0
0
0
3322
3481
0
0
0
0
0
0
3464
4095
0
0
0
0
0
0
5
610
0
0
0
0
0
0
635
735
0
0
0
0
0
0
757
277
0
0
0
0
0
0
279
3696
0
0
0
0
0
0
3676
3333
0
0
0
0
0
0
3307
3574
0
0
0
0
0
0
3559
126
0
0
0
0
0
0
137
672
0
0
0
0
0
0
698
683
0
0
0
0
0
0
702
153
0
0
0
0
0
0
151
3598
0
0
0
0
0
0
3574
3338
0
0
0
0
0
0
3315
3677
0
0
0
0
0
0
3669
246
0
0
0
0
0
0
260
712
0
0
0
0
0
0
737
610
0
0
0
0
0
0
627
25
0
0
0
0
0
0
21
3516
0
0
0
0
0
0
3493
3367
0
0
0
0
0
0
3343
3791
0
0
0
0
0
0
3789
357
0
0
0
0
0
0
374
731
0
0
0
0
0
0
756
524
0
0
0
0
0
0
538
3999
0
0
0
0
0
0
3987
3452
0
0
0
0
0
0
3429
3416
0
0
0
0
0
0
3395
3911
0
0
0
0
0
0
3912
454
0
0
0
0
0
0
474
727
0
0
0
0
0
0
753
425
0
0
0
0
0
0
433
3880
0
0
0
0
0
0
3867
3411
0
0
0
0
0
0
3385
3481
0
0
0
0
0
0
3464
4034
0
0
0
0
0
0
4039
534
0
0
0
0
0
0
556
706
0
0
0
0
0
0
727
316
0
0
0
0
0
0
321
3772
0
0
0
0
0
0
3758
3391
0
0
0
0
0
0
3364
3563
0
0
0
0
0
0
3548
57
0
0
0
0
0
0
66
598
0
0
0
0
0
0
620
662
0
0
0
0
0
0
681
200
0
0
0
0
0
0
201
3677
0
0
0
0
0
0
3658
3389
0
0
0
0
0
0
3365
3657
0
0
0
0
0
0
3647
172
0
0
0
0
0
0
183
642
0
0
0
0
0
0
666
601
0
0
0
0
0
0
617
84
0
0
0
0
0
0
80
3598
0
0
0
0
0
0
3577
3408
0
0
0
0
0
0
3386
3762
0
0
0
0
0
0
3756
278
0
0
0
0
0
0
292
665
0
0
0
0
0
0
689
524
0
0
0
0
0
0
537
4063
0
0
0
0
0
0
4057
3535
0
0
0
0
0
0
3513
3448
0
0
0
0
0
0
3428
3871
0
0
0
0
0
0
3868
370
0
0
0
0
0
0
388
670
0
0
0
0
0
0
693
436
0
0
0
0
0
0
445
3953
0
0
0
0
0
0
3943
3489
0
0
0
0
0
0
3466
3504
0
0
0
0
0
0
3487
3983
0
0
0
0
0
0
3983
449
0
0
0
0
0
0
469
652
0
0
0
0
0
0
673
337
0
0
0
0
0
0
344
3852
0
0
0
0
0
0
3839
3464
0
0
0
0
0
0
3442
3574
0
0
0
0
0
0
3562
4094
0
0
0
0
0
0
2
513
0
0
0
0
0
0
534
619
0
0
0
0
0
0
637
232
0
0
0
0
0
0
235
3761
0
0
0
0
0
0
3745
3458
0
0
0
0
0
0
3436
3657
0
0
0
0
0
0
3647
104
0
0
0
0
0
0
112
559
0
0
0
0
0
0
579
568
0
0
0
0
0
0
584
128
0
0
0
0
0
0
126
3683
0
0
0
0
0
0
3666
3470
0
0
0
0
0
0
3450
3748
0
0
0
0
0
0
3743
202
0
0
0
0
0
0
212
584
0
0
0
0
0
0
606
504
0
0
0
0
0
0
516
24
0
0
0
0
0
0
17
3622
0
0
0
0
0
0
3603
3500
0
0
0
0
0
0
3481
3846
0
0
0
0
0
0
3843
288
0
0
0
0
0
0
302
593
0
0
0
0
0
0
612
425
0
0
0
0
0
0
436
4017
0
0
0
0
0
0
4010
3578
0
0
0
0
0
0
3559
3546
0
0
0
0
0
0
3530
3945
0
0
0
0
0
0
3945
364
0
0
0
0
0
0
379
584
0
0
0
0
0
0
603
341
0
0
0
0
0
0
347
3925
0
0
0
0
0
0
3915
3550
0
0
0
0
0
0
3528
3605
0
0
0
0
0
0
3593
4045
0
0
0
0
0
0
4048
422
0
0
0
0
0
0
439
558
0
0
0
0
0
0
575
250
0
0
0
0
0
0
253
3840
0
0
0
0
0
0
3829
3539
0
0
0
0
0
0
3520
3675
0
0
0
0
0
0
3666
44
0
0
0
0
0
0
51
467
0
0
0
0
0
0
486
518
0
0
0
0
0
0
532
157
0
0
0
0
0
0
156
3770
0
0
0
0
0
0
3755
3545
0
0
0
0
0
0
3529
3754
0
0
0
0
0
0
3748
132
0
0
0
0
0
0
140
495
0
0
0
0
0
0
514
464
0
0
0
0
0
0
475
65
0
0
0
0
0
0
62
3712
0
0
0
0
0
0
3697
3568
0
0
0
0
0
0
3551
3838
0
0
0
0
0
0
3835
210
0
0
0
0
0
0
221
506
0
0
0
0
0
0
524
400
0
0
0
0
0
0
408
4071
0
0
0
0
0
0
4067
3670
0
0
0
0
0
0
3653
3603
0
0
0
0
0
0
3591
3925
0
0
0
0
0
0
3923
278
0
0
0
0
0
0
290
502
0
0
0
0
0
0
519
328
0
0
0
0
0
0
333
3988
0
0
0
0
0
0
3981
3642
0
0
0
0
0
0
3627
3653
0
0
0
0
0
0
3641
4009
0
0
0
0
0
0
4012
333
0
0
0
0
0
0
348
484
0
0
0
0
0
0
497
249
0
0
0
0
0
0
255
3916
0
0
0
0
0
0
3907
3629
0
0
0
0
0
0
3615
3711
0
0
0
0
0
0
3701
4092
0
0
0
0
0
0
0
373
0
0
0
0
0
0
388
451
0
0
0
0
0
0
464
171
0
0
0
0
0
0
172
3853
0
0
0
0
0
0
3842
3632
0
0
0
0
0
0
3618
3777
0
0
0
0
0
0
3769
72
0
0
0
0
0
0
79
401
0
0
0
0
0
0
416
409
0
0
0
0
0
0
419
92
0
0
0
0
0
0
91
3801
0
0
0
0
0
0
3790
3647
0
0
0
0
0
0
3634
3847
0
0
0
0
0
0
3843
142
0
0
0
0
0
0
148
413
0
0
0
0
0
0
427
356
0
0
0
0
0
0
364
16
0
0
0
0
0
0
14
3763
0
0
0
0
0
0
3749
3676
0
0
0
0
0
0
3664
3919
0
0
0
0
0
0
3918
199
0
0
0
0
0
0
209
413
0
0
0
0
0
0
427
299
0
0
0
0
0
0
303
4042
0
0
0
0
0
0
4037
3735
0
0
0
0
0
0
3724
3715
0
0
0
0
0
0
3705
3991
0
0
0
0
0
0
3991
249
0
0
0
0
0
0
258
400
0
0
0
0
0
0
413
235
0
0
0
0
0
0
237
3979
0
0
0
0
0
0
3973
3724
0
0
0
0
0
0
3709
3760
0
0
0
0
0
0
3752
4059
0
0
0
0
0
0
4062
284
0
0
0
0
0
0
295
377
0
0
0
0
0
0
386
169
0
0
0
0
0
0
170
3925
0
0
0
0
0
0
3917
3723
0
0
0
0
0
0
3711
3815
0
0
0
0
0
0
3807
27
0
0
0
0
0
0
31
310
0
0
0
0
0
0
319
343
0
0
0
0
0
0
351
104
0
0
0
0
0
0
103
3882
0
0
0
0
0
0
3873
3735
0
0
0
0
0
0
3722
3869
0
0
0
0
0
0
3866
83
0
0
0
0
0
0
89
321
0
0
0
0
0
0
332
302
0
0
0
0
0
0
309
42
0
0
0
0
0
0
42
3849
0
0
0
0
0
0
3838
3754
0
0
0
0
0
0
3745
3929
0
0
0
0
0
0
3927
134
0
0
0
0
0
0
139
323
0
0
0
0
0
0
333
255
0
0
0
0
0
0
261
4082
0
0
0
0
0
0
4077
3826
0
0
0
0
0
0
3817
3785
0
0
0
0
0
0
3775
3985
0
0
0
0
0
0
3985
173
0
0
0
0
0
0
180
313
0
0
0
0
0
0
324
205
0
0
0
0
0
0
207
4029
0
0
0
0
0
0
4026
3814
0
0
0
0
0
0
3805
3820
0
0
0
0
0
0
3813
4041
0
0
0
0
0
0
4042
203
0
0
0
0
0
0
210
296
0
0
0
0
0
0
304
154
0
0
0
0
0
0
155
3986
0
0
0
0
0
0
3981
3813
0
0
0
0
0
0
3802
3862
0
0
0
0
0
0
3856
4090
0
0
0
0
0
0
4094
223
0
0
0
0
0
0
231
270
0
0
0
0
0
0
278
103
0
0
0
0
0
0
102
3950
0
0
0
0
0
0
3944
3819
0
0
0
0
0
0
3811
3906
0
0
0
0
0
0
3901
41
0
0
0
0
0
0
44
234
0
0
0
0
0
0
241
239
0
0
0
0
0
0
245
54
0
0
0
0
0
0
51
3924
0
0
0
0
0
0
3917
3836
0
0
0
0
0
0
3829
3951
0
0
0
0
0
0
3948
79
0
0
0
0
0
0
84
236
0
0
0
0
0
0
243
203
0
0
0
0
0
0
207
9
0
0
0
0
0
0
8
3906
0
0
0
0
0
0
3899
3857
0
0
0
0
0
0
3851
3993
0
0
0
0
0
0
3992
110
0
0
0
0
0
0
115
230
0
0
0
0
0
0
236
165
0
0
0
0
0
0
168
4066
0
0
0
0
0
0
4065
3897
0
0
0
0
0
0
3891
3884
0
0
0
0
0
0
3880
4037
0
0
0
0
0
0
4036
133
0
0
0
0
0
0
139
216
0
0
0
0
0
0
223
127
0
0
0
0
0
0
128
4033
0
0
0
0
0
0
4029
3895
0
0
0
0
0
0
3889
3916
0
0
0
0
0
0
3911
4074
0
0
0
0
0
0
4075
148
0
0
0
0
0
0
154
198
0
0
0
0
0
0
203
89
0
0
0
0
0
0
89
4007
0
0
0
0
0
0
4002
3899
0
0
0
0
0
0
3895
3948
0
0
0
0
0
0
3945
12
0
0
0
0
0
0
14
157
0
0
0
0
0
0
163
175
0
0
0
0
0
0
179
54
0
0
0
0
0
0
52
3985
0
0
0
0
0
0
3983
3912
0
0
0
0
0
0
3907
3979
0
0
0
0
0
0
3978
40
0
0
0
0
0
0
43
160
0
0
0
0
0
0
163
150
0
0
0
0
0
0
152
21
0
0
0
0
0
0
19
3974
0
0
0
0
0
0
3970
3928
0
0
0
0
0
0
3924
4013
0
0
0
0
0
0
4012
63
0
0
0
0
0
0
66
153
0
0
0
0
0
0
157
121
0
0
0
0
0
0
124
4089
0
0
0
0
0
0
4086
3967
0
0
0
0
0
0
3963
3947
0
0
0
0
0
0
3943
4041
0
0
0
0
0
0
4042
80
0
0
0
0
0
0
82
145
0
0
0
0
0
0
148
95
0
0
0
0
0
0
95
4066
0
0
0
0
0
0
4064
3967
0
0
0
0
0
0
3962
3970
0
0
0
0
0
0
3966
4069
0
0
0
0
0
0
4070
90
0
0
0
0
0
0
92
131
0
0
0
0
0
0
134
67
0
0
0
0
0
0
68
4047
0
0
0
0
0
0
4046
3971
0
0
0
0
0
0
3967
3992
0
0
0
0
0
0
3990
4092
0
0
0
0
0
0
4093
94
0
0
0
0
0
0
96
113
0
0
0
0
0
0
116
43
0
0
0
0
0
0
42
4034
0
0
0
0
0
0
4032
3979
0
0
0
0
0
0
3975
4014
0
0
0
0
0
0
4013
14
0
0
0
0
0
0
16
94
0
0
0
0
0
0
97
96
0
0
0
0
0
0
98
22
0
0
0
0
0
0
20
4026
0
0
0
0
0
0
4023
3990
0
0
0
0
0
0
3988
4035
0
0
0
0
0
0
4036
28
0
0
0
0
0
0
29
90
0
0
0
0
0
0
93
77
0
0
0
0
0
0
79
2
0
0
0
0
0
0
2
4022
0
0
0
0
0
0
4021
4004
0
0
0
0
0
0
4001
4055
0
0
0
0
0
0
4056
39
0
0
0
0
0
0
41
83
0
0
0
0
0
0
84
59
0
0
0
0
0
0
60
4085
0
0
0
0
0
0
4082
4023
0
0
0
0
0
0
4021
4017
0
0
0
0
0
0
4018
4073
0
0
0
0
0
0
4073
44
0
0
0
0
0
0
46
74
0
0
0
0
0
0
75
43
0
0
0
0
0
0
43
4074
0
0
0
0
0
0
4072
4026
0
0
0
0
0
0
4026
4034
0
0
0
0
0
0
4032
4086
0
0
0
0
0
0
4087
46
0
0
0
0
0
0
48
63
0
0
0
0
0
0
64
29
0
0
0
0
0
0
27
4066
0
0
0
0
0
0
4066
4033
0
0
0
0
0
0
4031
4048
0
0
0
0
0
0
4047
2
0
0
0
0
0
0
2
46
0
0
0
0
0
0
46
51
0
0
0
0
0
0
51
15
0
0
0
0
0
0
14
4062
0
0
0
0
0
0
4063
4042
0
0
0
0
0
0
4039
4060
0
0
0
0
0
0
4061
9
0
0
0
0
0
0
9
43
0
0
0
0
0
0
44
39
0
0
0
0
0
0
41
5
0
0
0
0
0
0
5
4063
0
0
0
0
0
0
4061
4049
0
0
0
0
0
0
4048
4072
0
0
0
0
0
0
4071
13
0
0
0
0
0
0
13
38
0
0
0
0
0
0
37
29
0
0
0
0
0
0
30
4093
0
0
0
0
0
0
4093
4063
0
0
0
0
0
0
4063
4059
0
0
0
0
0
0
4058
4081
0
0
0
0
0
0
4082
16
0
0
0
0
0
0
17
32
0
0
0
0
0
0
31
20
0
0
0
0
0
0
20
4088
0
0
0
0
0
0
4088
4067
0
0
0
0
0
0
4067
4067
0
0
0
0
0
0
4066
4087
0
0
0
0
0
0
4088
16
0
0
0
0
0
0
16
25
0
0
0
0
0
0
25
12
0
0
0
0
0
0
12
4085
0
0
0
0
0
0
4085
4071
0
0
0
0
0
0
4069
4074
0
0
0
0
0
0
4073
4093
0
0
0
0
0
0
4094
14
0
0
0
0
0
0
15
19
0
0
0
0
0
0
19
6
0
0
0
0
0
0
5
4084
0
0
0
0
0
0
4084
4075
0
0
0
0
0
0
4075
4080
0
0
0
0
0
0
4082
0
0
0
0
0
0
0
0
12
0
0
0
0
0
0
11
11
0
0
0
0
0
0
13
2
0
0
0
0
0
0
1
4084
0
0
0
0
0
0
4084
4080
0
0
0
0
0
0
4079
4085
0
0
0
0
0
0
4086
2
0
0
0
0
0
0
1
9
0
0
0
0
0
0
8
6
0
0
0
0
0
0
7
4095
0
0
0
0
0
0
0
4087
0
0
0
0
0
0
4087
4085
0
0
0
0
0
0
4085
4090
0
0
0
0
0
0
4089
0
0
0
0
0
0
0
4095
6
0
0
0
0
0
0
6
3
0
0
0
0
0
0
3
4093
0
0
0
0
0
0
4093
4088
0
0
0
0
0
0
4088
4087
0
0
0
0
0
0
4088
4092
0
0
0
0
0
0
4092
0
0
0
0
0
0
0
0
3
0
0
0
0
0
0
2
1
0
0
0
0
0
0
0
4093
0
0
0
0
0
0
4094
4091
0
0
0
0
0
0
4090
4090
0
0
0
0
0
0
4090
4093
0
0
0
0
0
0
4093
0
0
0
0
0
0
0
4095
4095
0
0
0
0
0
0
4095
4095
0
0
0
0
0
0
4094
4092
0
0
0
0
0
0
4093
4093
0
0
0
0
0
0
4093
4093
0
0
0
0
0
0
4093
4094
0
0
0
0
0
0
4094
4094
0
0
0
0
0
0
4093
4093
0
0
0
0
0
0
4094
4094
0
0
0
0
0
0
4094
4095
0
0
0
0
0
0
4095
4095
0
0
0
0
0
0
4094
4094
0
0
0
0
0
0
4094
4095
0
0
0
0
0
0
4095
4095
0
0
0
0
0
0
4095
4095
0
0
0
0
0
0
4095
4095
0
0
0
0
0
0
4095
4094
0
0
0
0
0
0
4094
4094
0
0
0
0
0
0
4095
0
0
0
0
0
0
0
0
0
0
0
0
0
0
0
0
4095
0
0
0
0
0
0
4095
4095
0
0
0
0
0
0
4095
0
0
0
0
0
0
0
0
0
0
0
0
0
0
0
0
0
0
0
0
0
0
0
0
0
0
0
0
0
0
0
0
0
0
0
0
0
0
0
0
0
0
0
0
0
0
0
0
0
0
0
0
0
0
0
0
0
0
0
0
0
0
0
0
0
0
0
0
0
0
0
0
0
0
0
0
0
0
0
0
0
0
0
0
0
0
0
0
0
0
0
0
0
0
0
0
0
0
0
0
0
0
0
0
0
0
0
0
0
0
0
0
0
0
0
0
0
0
0
0
0
0
0
0
0
0
0
0
0
0
0
0
0
0
0
0
0
0
0
0
0
0
0
0
0
0
0
0
0
0
0
0
0
0
0
0
0
0
0
0
0
0
0
0
0
0
0
0
0
0
0
0
0
0
0
0
0
0
0
0
0
0
0
0
0
0
0
0
0
0
0
0
0
0
0
0
0
0
0
0
0
0
0
0
0
0
0
0
0
0
0
0
0
0
0
0
0
0
0
0
0
0
0
0
0
0
0
0
0
0
0
0
0
0
0
0
0
0
0
0
0
0
0
0
0
0
0
0
0
0
0
0
0
0
0
0
0
0
0
0
0
0
0
0
0
0
0
0
0
0
0
0
0
0
0
0
0
0
0
0
0
0
0
0
0
0
0
0
0
0
0
0
0
0
0
0
0
0
0
0
0
0
0
0
0
0
0
0
0
0
0
0
0
0
0
0
0
0
0
0
0
0
0
0
0
0
0
0
0
0
0
0
0
0
0
0
0
0
0
0
0
0
0
0
0
0
0
0
0
0
0
0
0
0
0
0
0
0
0
0
0
0
0
0
0
0
0
0
0
0
0
0
0
0
0
0
0
0
0
0
0
0
0
0
0
0
0
0
0
0
0
0
0
0
0
0
0
0
0
0
0
0
0
0
0
0
0
0
0
0
0
0
0
0
0
0
0
0
0
0
0
0
0
0
0
0
0
0
0
0
0
0
0
0
0
0
0
0
0
0
0
0
0
0
0
0
0
0
0
0
0
0
0
0
0
0
0
0
0
0
0
0
0
0
0
0
0
0
0
0
0
0
0
0
0
0
0
0
0
0
0
0
0
0
0
0
0
0
0
0
0
0
0
0
0
0
0
0
0
0
0
0
0
0
0
0
0
0
0
0
0
0
0
0
0
0
0
0
0
0
0
0
0
0
0
0
0
0
0
0
0
0
0
0
0
0
0
0
0
0
0
0
0
0
0
0
0
0
0
0
0
0
0
0
0
0
0
0
0
0
0
0
0
0
0
0
0
0
0
0
0
0
0
0
0
0
0
0
0
0
0
0
0
0
0
0
0
0
0
0
0
0
0
0
0
0
0
0
0
0
0
0
0
0
0
0
0
0
0
0
0
0
0
0
0
0
0
0
0
0
0
0
0
0
0
0
0
0
0
0
0
0
0
0
0
0
0
0
0
0
0
0
0
0
0
0
0
0
0
0
0
0
0
0
0
0
0
0
0
0
0
0
0
0
0
0
0
0
0
0
0
0
0
0
0
0
0
0
0
0
0
0
0
0
0
0
0
0
0
0
0
0
0
0
0
0
0
0
0
0
0
0
0
0
0
0
0
0
0
0
0
0
0
0
0
0
0
0
0
0
0
0
0
0
0
0
0
0
0
0
0
0
0
0
0
0
0
0
0
0
0
0
0
0
0
0
0
0
0
0
0
0
0
0
0
0
0
0
0
0
0
0
0
0
0
0
0
0
0
0
0
0
0
0
0
0
0
0
0
0
0
0
0
0
0
0
0
0
0
0
0
0
0
0
0
0
0
0
0
0
0
0
0
0
0
0
0
0
0
0
0
0
0
0
0
0
0
0
0
0
0
0
0
0
0
0
0
0
0
0
0
0
0
0
0
0
0
0
0
0
0
0
0
0
0
0
0
0
0
0
0
0
0
0
0
0
0
0
0
0
0
0
0
0
0
0
0
0
0
0
0
0
0
0
0
0
0
0
0
0
0
0
0
0
0
0
0
0
0
0
0
0
0
0
0
0
0
0
0
0
0
0
0
0
0
0
0
0
0
0
0
0
0
0
0
0
0
0
0
0
0
0
0
0
0
0
0
0
0
0
0
0
0
0
0
0
0
0
0
0
0
0
0
0
0
0
0
0
0
0
0
0
0
0
0
0
0
0
0
0
0
0
0
0
0
0
0
0
0
0
0
0
0
0
0
0
0
0
0
0
0
0
0
0
0
0
0
0
0
0
0
0
0
0
0
0
0
0
0
0
0
0
0
0
0
0
0
0
0
0
0
0
0
0
0
0
0
0
0
0
0
0
0
0
0
0
0
0
0
0
0
0
0
0
0
0
0
0
0
0
0
0
0
0
0
0
0
0
0
0
0
0
0
0
0
0
0
0
0
0
0
0
0
0
0
0
0
0
0
0
0
0
0
0
0
0
0
0
0
0
0
0
0
0
0
0
0
0
0
0
0
0
0
0
0
0
0
0
0
0
0
0
0
0
0
0
0
0
0
0
0
0
0
0
0
0
0
0
0
0
0
0
0
0
0
0
0
0
0
0
0
0
0
0
0
0
0
0
0
0
0
0
0
0
0
0
0
0
0
0
0
0
0
0
0
0
0
0
0
0
0
0
0
0
0
0
0
0
0
0
0
0
0
0
0
0
0
0
0
0
0
0
0
0
0
0
0
0
0
0
0
0
0
0
0
0
0
0
0
0
0
0
0
0
0
0
0
0
0
0
0
0
0
0
0
0
0
0
0
0
0
0
0
0
0
0
0
0
0
0
0
0
0
0
0
0
0
0
0
0
0
0
0
0
0
0
0
0
0
0
0
0
0
0
0
0
0
0
0
0
0
0
0
0
0
0
0
0
0
0
0
0
0
0
0
0
0
0
0
0
0
0
0
0
0
0
0
0
0
0
0
0
0
0
0
0
0
0
0
0
0
0
0
0
0
0
0
0
0
0
0
0
0
0
0
0
0
0
0
0
0
0
0
0
0
0
0
0
0
0
0
0
0
0
0
0
0
0
0
0
0
0
0
0
0
0
0
0
0
0
0
0
0
0
0
0
0
0
0
0
0
0
0
0
0
0
0
0
0
0
0
0
0
0
0
0
0
0
0
0
0
0
0
0
0
0
0
0
0
0
0
0
0
0
0
0
0
0
0
0
0
0
0
0
0
0
0
0
0
0
0
0
0
0
0
0
0
0
0
0
0
0
0
0
0
0
0
0
0
0
0
0
0
0
0
0
0
0
0
0
0
0
0
0
0
0
0
0
0
0
0
0
0
0
0
0
0
0
0
0
0
0
0
0
0
0
0
0
0
0
0
0
0
0
0
0
0
0
0
0
0
0
0
0
0
0
0
0
0
0
0
0
0
0
0
0
0
0
0
0
0
0
0
0
0
0
0
0
0
0
0
0
0
0
0
0
0
0
0
0
0
0
0
0
0
0
0
0
0
0
0
0
0
0
0
0
0
0
0
0
0
0
0
0
0
0
0
0
0
0
0
0
0
0
0
0
0
0
0
0
0
0
0
0
0
0
0
0
0
0
0
0
0
0
0
0
0
0
0
0
0
0
0
0
0
0
0
0
0
0
0
0
0
0
0
0
0
0
0
0
0
0
0
0
0
0
0
0
0
0
0
0
0
0
0
0
0
0
0
0
0
0
0
0
0
0
0
0
0
0
0
0
0
0
0
0
0
0
0
0
0
0
0
0
0
0
0
0
0
0
0
0
0
0
0
0
0
0
0
0
0
0
0
0
0
0
0
0
0
0
0
0
0
0
0
0
0
0
0
0
0
0
0
0
0
0
0
0
0
0
0
0
0
0
0
0
0
0
0
0
0
0
0
0
0
0
0
0
0
0
0
0
0
0
0
0
0
0
0
0
0
0
0
0
0
0
0
0
0
0
0
0
0
0
0
0
0
0
0
0
0
0
0
0
0
0
0
0
0
0
0
0
0
0
0
0
0
0
0
0
0
0
0
0
0
0
0
0
0
0
0
0
0
0
0
0
0
0
0
0
0
0
0
0
0
0
0
0
0
0
0
0
0
0
0
0
0
0
0
0
0
0
0
0
0
0
0
0
0
0
0
0
0
0
0
0
0
0
0
0
0
0
0
0
0
0
0
0
0
0
0
0
0
0
0
0
0
0
0
0
0
0
0
0
0
0
0
0
0
0
0
0
0
0
0
0
0
0
0
0
0
0
0
0
0
0
0
0
0
0
0
0
0
0
0
0
0
0
0
0
0
0
0
0
0
0
0
0
0
0
0
0
0
0
0
0
0
0
0
0
0
0
0
0
0
0
0
0
0
0
0
0
0
0
0
0
0
0
0
0
0
0
0
0
0
0
0
0
0
0
0
0
0
0
0
0
0
0
0
0
0
0
0
0
0
0
0
0
0
0
0
0
0
0
0
0
0
0
0
0
0
0
0
0
0
0
0
0
0
0
0
0
0
0
0
0
0
0
0
0
0
0
0
0
0
0
0
0
0
0
0
0
0
0
0
0
0
0
0
0
0
0
0
0
0
0
0
0
0
0
0
0
0
0
0
0
0
0
0
0
0
0
0
0
0
0
0
0
0
0
0
0
0
0
0
0
0
0
0
0
0
0
0
0
0
0
0
0
0
0
0
0
0
0
0
0
0
0
0
0
0
0
0
0
0
0
0
0
0
0
0
0
0
0
0
0
0
0
0
0
0
0
0
0
0
0
0
0
0
0
0
0
0
0
0
0
0
0
0
0
0
0
0
0
0
0
0
0
0
0
0
0
0
0
0
0
0
0
0
0
0
0
0
0
0
0
0
0
0
0
0
0
0
0
0
0
0
0
0
0
0
0
0
0
0
0
0
0
0
0
0
0
0
0
0
0
0
0
0
0
0
0
0
0
0
0
0
0
0
0
0
0
0
0
0
0
0
0
0
0
0
0
0
0
0
0
0
0
0
0
0
0
0
0
0
0
0
0
0
0
0
0
0
0
0
0
0
0
0
0
0
0
0
0
0
0
0
0
0
0
0
0
0
0
0
0
0
0
0
0
0
0
0
0
0
0
0
0
0
0
0
0
0
0
0
0
0
0
0
0
0
0
0
0
0
0
0
0
0
0
0
0
0
0
0
0
0
0
0
0
0
0
0
0
0
0
0
0
0
0
0
0
0
0
0
0
0
0
0
0
0
0
0
0
0
0
0
0
0
0
0
0
0
0
0
0
0
0
0
0
0
0
0
0
0
0
0
0
0
0
0
0
0
0
0
0
0
0
0
0
0
0
0
0
0
0
0
0
0
0
0
0
0
0
0
0
0
0
0
0
0
0
0
0
0
0
0
0
0
0
0
0
0
0
0
0
0
0
0
0
0
0
0
0
0
0
0
0
0
0
0
0
0
0
0
0
0
0
0
0
0
0
0
0
0
0
0
0
0
0
0
0
0
0
0
0
0
0
0
0
0
0
0
0
0
0
0
0
0
0
0
0
0
0
0
0
0
0
0
0
0
0
0
0
0
0
0
0
0
0
0
0
0
0
0
0
0
0
0
0
0
0
0
0
0
0
0
0
0
0
0
0
0
0
0
0
0
0
0
0
0
0
0
0
0
0
0
0
0
0
0
0
0
0
0
0
0
0
0
0
0
0
0
0
0
0
0
0
0
0
0
0
0
0
0
0
0
0
0
0
0
0
0
0
0
0
0
0
0
0
0
0
0
0
0
0
0
0
0
0
0
0
0
0
0
0
0
0
0
0
0
0
0
0
0
0
0
0
0
0
0
0
0
0
0
0
0
0
0
0
0
0
0
0
0
0
0
0
0
0
0
0
0
0
0
0
0
0
0
0
0
0
0
0
0
0
0
0
0
0
0
0
0
0
0
0
0
0
0
0
0
0
0
0
0
0
0
0
0
0
0
0
0
0
0
0
0
0
0
0
0
0
0
0
0
0
0
0
0
0
0
0
0
0
0
0
0
0
0
0
0
0
0
0
0
0
0
0
0
0
0
0
0
0
0
0
0
0
0
0
0
0
0
0
0
0
0
0
0
0
0
0
0
0
0
0
0
0
0
0
0
0
0
0
0
0
0
0
0
0
0
0
0
0
0
0
0
0
0
0
0
0
0
0
0
0
0
0
0
0
0
0
0
0
0
0
0
0
0
0
0
0
0
0
0
0
0
0
0
0
0
0
0
0
0
0
0
0
0
0
0
0
0
0
0
0
0
0
0
0
0
0
0
0
0
0
0
0
0
0
0
0
0
0
0
0
0
0
0
0
0
0
0
0
0
0
0
0
0
0
0
0
0
0
0
0
0
0
0
0
0
0
0
0
0
0
0
0
0
0
0
0
0
0
0
0
0
0
0
0
0
0
0
0
0
0
0
0
0
0
0
0
0
0
0
0
0
0
0
0
0
0
0
0
0
0
0
0
0
0
0
0
0
0
0
0
0
0
0
0
0
0
0
0
0
0
0
0
0
0
0
0
0
0
0
0
0
0
0
0
0
0
0
0
0
0
0
0
0
0
0
0
0
0
0
0
0
0
0
0
0
0
0
0
0
0
0
0
0
0
0
0
0
0
0
0
0
0
0
0
0
0
0
0
0
0
0
0
0
0
0
0
0
0
0
0
0
0
0
0
0
0
0
0
0
0
0
0
0
0
0
0
0
0
0
0
0
0
0
0
0
0
0
0
0
0
0
0
0
0
0
0
0
0
0
0
0
0
0
0
0
0
0
0
0
0
0
0
0
0
0
0
0
0
0
0
0
0
0
0
0
0
0
0
0
0
0
0
0
0
0
0
0
0
0
0
0
0
0
0
0
0
0
0
0
0
0
0
0
0
0
0
0
0
0
0
0
0
0
0
0
0
0
0
0
0
0
0
0
0
0
0
0
0
0
0
0
0
0
0
0
0
0
0
0
0
0
0
0
0
0
0
0
0
0
0
0
0
0
0
0
0
0
0
0
0
0
0
0
0
0
0
0
0
0
0
0
0
0
0
0
0
0
0
0
0
0
0
0
0
0
0
0
0
0
0
0
0
0
0
0
0
0
0
0
0
0
0
0
0
0
0
0
0
0
0
0
0
0
0
0
0
0
0
0
0
0
0
0
0
0
0
0
0
0
0
0
0
0
0
0
0
0
0
0
0
0
0
0
0
0
0
0
0
0
0
0
0
0
0
0
0
0
0
0
0
0
0
0
0
0
0
0
0
0
0
0
0
0
0
0
0
0
0
0
0
0
0
0
0
0
0
0
0
0
0
0
0
0
0
0
0
0
0
0
0
0
0
0
0
0
0
0
0
0
0
0
0
0
0
0
0
0
0
0
0
0
0
0
0
0
0
0
0
0
0
0
0
0
0
0
0
0
0
0
0
0
0
0
0
0
0
0
0
0
0
0
0
0
0
0
0
0
0
0
0
0
0
0
0
0
0
0
0
0
0
0
0
0
0
0
0
0
0
0
0
0
0
0
0
0
0
0
0
0
0
0
0
0
0
0
0
0
0
0
0
0
0
0
0
0
0
0
0
0
0
0
0
0
0
0
0
0
0
0
0
0
0
0
0
0
0
0
0
0
0
0
0
0
0
0
0
0
0
0
0
0
0
0
0
0
0
0
0
0
0
0
0
0
0
0
0
0
0
0
0
0
0
0
0
0
0
0
0
0
0
0
0
0
0
0
0
0
0
0
0
0
0
0
0
0
0
0
0
0
0
0
0
0
0
0
0
0
0
0
0
0
0
0
0
0
0
0
0
0
0
0
0
0
0
0
0
0
0
0
0
0
0
0
0
0
0
0
0
0
0
0
0
0
0
0
0
0
0
0
0
0
0
0
0
0
0
0
0
0
0
0
0
0
0
0
0
0
0
0
0
0
0
0
0
0
0
0
0
0
0
0
0
0
0
0
0
0
0
0
0
0
0
0
0
0
0
0
0
0
0
0
0
0
0
0
0
0
0
0
0
0
0
0
0
0
0
0
0
0
0
0
0
0
0
0
0
0
0
0
0
0
0
0
0
0
0
0
0
0
0
0
0
0
0
0
0
0
0
0
0
0
0
0
0
0
0
0
0
0
0
0
0
0
0
0
0
0
0
0
0
0
0
0
0
0
0
0
0
0
0
0
0
0
0
0
0
0
0
0
0
0
0
0
0
0
0
0
0
0
0
0
0
0
0
0
0
0
0
0
0
0
0
0
0
0
0
0
0
0
0
0
0
0
0
0
0
0
0
0
0
0
0
0
0
0
0
0
0
0
0
0
0
0
0
0
0
0
0
0
0
0
0
0
0
0
0
0
0
0
0
0
0
0
0
0
0
0
0
0
0
0
0
0
0
0
0
0
0
0
0
0
0
0
0
0
0
0
0
0
0
0
0
0
0
0
0
0
0
0
0
0
0
0
0
0
0
0
0
0
0
0
0
0
0
0
0
0
0
0
0
0
0
0
0
0
0
0
0
0
0
0
0
0
0
0
0
0
0
0
0
0
0
0
0
0
0
0
0
0
0
0
0
0
0
0
0
0
0
0
0
0
0
0
0
0
0
0
0
0
0
0
0
0
0
0
0
0
0
0
0
0
0
0
0
0
0
0
0
0
0
0
0
0
0
0
0
0
0
0
0
0
0
0
0
0
0
0
0
0
0
0
0
0
0
0
0
0
0
0
0
0
0
0
0
0
0
0
0
0
0
0
0
0
0
0
0
0
0
0
0
0
0
0
0
0
0
0
0
0
0
0
0
0
0
0
0
0
0
0
0
0
0
0
0
0
0
0
0
0
0
0
0
0
0
0
0
0
0
0
0
0
0
0
0
0
0
0
0
0
0
0
0
0
0
0
0
0
0
0
0
0
0
0
0
0
0
0
0
0
0
0
0
0
0
0
0
0
0
0
0
0
0
0
0
0
0
0
0
0
0
0
0
0
0
0
0
0
0
0
0
0
0
0
0
0
0
0
0
0
0
0
0
0
0
0
0
0
0
0
0
0
0
0
0
0
0
0
0
0
0
0
0
0
0
0
0
0
0
0
0
0
0
0
0
0
0
0
0
0
0
0
0
0
0
0
0
0
0
0
0
0
0
0
0
0
0
0
0
0
0
0
0
0
0
0
0
0
0
0
0
0
0
0
0
0
0
0
0
0
0
0
0
0
0
0
0
0
0
0
0
0
0
0
0
0
0
0
0
0
0
0
0
0
0
0
0
0
0
0
0
0
0
0
0
0
0
0
0
0
0
0
0
0
0
0
0
0
0
0
0
0
0
0
0
0
0
0
0
0
0
0
0
0
0
0
0
0
0
0
0
0
0
0
0
0
0
0
0
0
0
0
0
0
0
0
0
0
0
0
0
0
0
0
0
0
0
0
0
0
0
0
0
0
0
0
0
0
0
0
0
0
0
0
0
0
0
0
0
0
0
0
0
0
0
0
0
0
0
0
0
0
0
0
0
0
0
0
0
0
0
0
0
0
0
0
0
0
0
0
0
0
0
0
0
0
0
0
0
0
0
0
0
0
0
0
0
0
0
0
0
0
0
0
0
0
0
0
0
0
0
0
0
0
0
0
0
0
0
0
0
0
0
0
0
0
0
0
0
0
0
0
0
0
0
0
0
0
0
0
0
0
0
0
0
0
0
0
0
0
0
0
0
0
0
0
0
0
0
0
0
0
0
0
0
0
0
0
0
0
0
0
0
0
0
0
0
0
0
0
0
0
0
0
0
0
0
0
0
0
0
0
0
0
0
0
0
0
0
0
0
0
0
0
0
0
0
0
0
0
0
0
0
0
0
0
0
0
0
0
0
0
0
0
0
0
0
0
0
0
0
0
0
0
0
0
0
0
0
0
0
0
0
0
0
0
0
0
0
0
0
0
0
0
0
0
0
0
0
0
0
0
0
0
0
0
0
0
0
0
0
0
0
0
0
0
0
0
0
0
0
0
0
0
0
0
0
0
0
0
0
0
0
0
0
0
0
0
0
0
0
0
0
0
0
0
0
0
0
0
0
0
0
0
0
0
0
0
0
0
0
0
0
0
0
0
0
0
0
0
0
0
0
0
0
0
0
0
0
0
0
0
0
0
0
0
0
0
0
0
0
0
0
0
0
0
0
0
0
0
0
0
0
0
0
0
0
0
0
0
0
0
0
0
0
0
0
0
0
0
0
0
0
0
0
0
0
0
0
0
0
0
0
0
0
0
0
0
0
0
0
0
0
0
0
0
0
0
0
0
0
0
0
0
0
0
0
0
0
0
0
0
0
0
0
0
0
0
0
0
0
0
0
0
0
0
0
0
0
0
0
0
0
0
0
0
0
0
0
0
0
0
0
0
0
0
0
0
0
0
0
0
0
0
0
0
0
0
0
0
0
0
0
0
0
0
0
0
0
0
0
0
0
0
0
0
0
0
0
0
0
0
0
0
0
0
0
0
0
0
0
0
0
0
0
0
0
0
0
0
0
0
0
0
0
0
0
0
0
0
0
0
0
0
0
0
0
0
0
0
0
0
0
0
0
0
0
0
0
0
0
0
0
0
0
0
0
0
0
0
0
0
0
0
0
0
0
0
0
0
0
0
0
0
0
0
0
0
0
0
0
0
0
0
0
0
0
0
0
0
0
0
0
0
0
0
0
0
0
0
0
0
0
0
0
0
0
0
0
0
0
0
0
0
0
0
0
0
0
0
0
0
0
0
0
0
0
0
0
0
0
0
0
0
0
0
0
0
0
0
0
0
0
0
0
0
0
0
0
0
0
0
0
0
0
0
0
0
0
0
0
0
0
0
0
0
0
0
0
0
0
0
0
0
0
0
0
0
0
0
0
0
0
0
0
0
0
0
0
0
0
0
0
0
0
0
0
0
0
0
0
0
0
0
0
0
0
0
0
0
0
0
0
0
0
0
0
0
0
0
0
0
0
0
0
0
0
0
0
0
0
0
0
0
0
0
0
0
0
0
0
0
0
0
0
0
0
0
0
0
0
0
0
0
0
0
0
0
0
0
0
0
0
0
0
0
0
0
0
0
0
0
0
0
0
0
0
0
0
0
0
0
0
0
0
0
0
0
0
0
0
0
0
0
0
0
0
0
0
0
0
0
0
0
0
0
0
0
0
0
0
0
0
0
0
0
0
0
0
0
0
0
0
0
0
0
0
0
0
0
0
0
0
0
0
0
0
0
0
0
0
0
0
0
0
0
0
0
0
0
0
0
0
0
0
0
0
0
0
0
0
0
0
0
0
0
0
0
0
0
0
0
0
0
0
0
0
0
0
0
0
0
0
0
0
0
0
0
0
0
0
0
0
0
0
0
0
0
0
0
0
0
0
0
0
0
0
0
0
0
0
0
0
0
0
0
0
0
0
0
0
0
0
0
0
0
0
0
0
0
0
0
0
0
0
0
0
0
0
0
0
0
0
0
0
0
0
0
0
0
0
0
0
0
0
0
0
0
0
0
0
0
0
0
0
0
0
0
0
0
0
0
0
0
0
0
0
0
0
0
0
0
0
0
0
0
0
0
0
0
0
0
0
0
0
0
0
0
0
0
0
0
0
0
0
0
0
0
0
0
0
0
0
0
0
0
0
0
0
0
0
0
0
0
0
0
0
0
0
0
0
0
0
0
0
0
0
0
0
0
0
0
0
0
0
0
0
0
0
0
0
0
0
0
0
0
0
0
0
0
0
0
0
0
0
0
0
0
0
0
0
0
0
0
0
0
0
0
0
0
0
0
0
0
0
0
0
0
0
0
0
0
0
0
0
0
0
0
0
0
0
0
0
0
0
0
0
0
0
0
0
0
0
0
0
0
0
0
0
0
0
0
0
0
0
0
0
0
0
0
0
0
0
0
0
0
0
0
0
0
0
0
0
0
0
0
0
0
0
0
0
0
0
0
0
0
0
0
0
0
0
0
0
0
0
0
0
0
0
0
0
0
0
0
0
0
0
0
0
0
0
0
0
0
0
0
0
0
0
0
0
0
0
0
0
0
0
0
0
0
0
0
0
0
0
0
0
0
0
0
0
0
0
0
0
0
0
0
0
0
0
0
0
0
0
0
0
0
0
0
0
0
0
0
0
0
0
0
0
0
0
0
0
0
0
0
0
0
0
0
0
0
0
0
0
0
0
0
0
0
0
0
0
0
0
0
0
0
0
0
0
0
0
0
0
0
0
0
0
0
0
0
0
0
0
0
0
0
0
0
0
0
0
0
0
0
0
0
0
0
0
0
0
0
0
0
0
0
0
0
0
0
0
0
0
0
0
0
0
0
0
0
0
0
0
0
0
0
0
0
0
0
0
0
0
0
0
0
0
0
0
0
0
0
0
0
0
0
0
0
0
0
0
0
0
0
0
0
0
0
0
0
0
0
0
0
0
0
0
0
0
0
0
0
0
0
0
0
0
0
0
0
0
0
0
0
0
0
0
0
0
0
0
0
0
0
0
0
0
0
0
0
0
0
0
0
0
0
0
0
0
0
0
0
0
0
0
0
0
0
0
0
0
0
0
0
0
0
0
0
0
0
0
0
0
0
0
0
0
0
0
0
0
0
0
0
0
0
0
0
0
0
0
0
0
0
0
0
0
0
0
0
0
0
0
0
0
0
0
0
0
0
0
0
0
0
0
0
0
0
0
0
0
0
0
0
0
0
0
0
0
0
0
0
0
0
0
0
0
0
0
0
0
0
0
0
0
0
0
0
0
0
0
0
0
0
0
0
0
0
0
0
0
0
0
0
0
0
0
0
0
0
0
0
0
0
0
0
0
0
0
0
0
0
0
0
0
0
0
0
0
0
0
0
0
0
0
0
0
0
0
0
0
0
0
0
0
0
0
0
0
0
0
0
0
0
0
0
0
0
0
0
0
0
0
0
0
0
0
0
0
0
0
0
0
0
0
0
0
0
0
0
0
0
0
0
0
0
0
0
0
0
0
0
0
0
0
0
0
0
0
0
0
0
0
0
0
0
0
0
0
0
0
0
0
0
0
0
0
0
0
0
0
0
0
0
0
0
0
0
0
0
0
0
0
0
0
0
0
0
0
0
0
0
0
0
0
0
0
0
0
0
0
0
0
0
0
0
0
0
0
0
0
0
0
0
0
0
0
0
0
0
0
0
0
0
0
0
0
0
0
0
0
0
0
0
0
0
0
0
0
0
0
0
0
0
0
0
0
0
0
0
0
0
0
0
0
0
0
0
0
0
0
0
0
0
0
0
0
0
0
0
0
0
0
0
0
0
0
0
0
0
0
0
0
0
0
0
0
0
0
0
0
0
0
0
0
0
0
0
0
0
0
0
0
0
0
0
0
0
0
0
0
0
0
0
0
0
0
0
0
0
0
0
0
0
0
0
0
0
0
0
0
0
0
0
0
0
0
0
0
0
0
0
0
0
0
0
0
0
0
0
0
0
0
0
0
0
0
0
0
0
0
0
0
0
0
0
0
0
0
0
0
0
0
0
0
0
0
0
0
0
0
0
0
0
0
0
0
0
0
0
0
0
0
0
0
0
0
0
0
0
0
0
0
0
0
0
0
0
0
0
0
0
0
0
0
0
0
0
0
0
0
0
0
0
0
0
0
0
0
0
0
0
0
0
0
0
0
0
0
0
0
0
0
0
0
0
0
0
0
0
0
0
0
0
0
0
0
0
0
0
0
0
0
0
0
0
0
0
0
0
0
0
0
0
0
0
0
0
0
0
0
0
0
0
0
0
0
0
0
0
0
0
0
0
0
0
0
0
0
0
0
0
0
0
0
0
0
0
0
0
0
0
0
0
0
0
0
0
0
0
0
0
0
0
0
0
0
0
0
0
0
0
0
0
0
0
0
0
0
0
0
0
0
0
0
0
0
0
0
0
0
0
0
0
0
0
0
0
0
0
0
0
0
0
0
0
0
0
0
0
0
0
0
0
0
0
0
0
0
0
0
0
0
0
0
0
0
0
0
0
0
0
0
0
0
0
0
0
0
0
0
0
0
0
0
0
0
0
0
0
0
0
0
0
0
0
0
0
0
0
0
0
0
0
0
0
0
0
0
0
0
0
0
0
0
0
0
0
0
0
0
0
0
0
0
0
0
0
0
0
0
0
0
0
0
0
0
0
0
0
0
0
0
0
0
0
0
0
0
0
0
0
0
0
0
0
0
0
0
0
0
0
0
0
0
0
0
0
0
0
0
0
0
0
0
0
0
0
0
0
0
0
0
0
0
0
0
0
0
0
0
0
0
0
0
0
0
0
0
0
0
0
0
0
0
0
0
0
0
0
0
0
0
0
0
0
0
0
0
0
0
0
0
0
0
0
0
0
0
0
0
0
0
0
0
0
0
0
0
0
0
0
0
0
0
0
0
0
0
0
0
0
0
0
0
0
0
0
0
0
0
0
0
0
0
0
0
0
0
0
0
0
0
0
0
0
0
0
0
0
0
0
0
0
0
0
0
0
0
0
0
0
0
0
0
0
0
0
0
0
0
0
0
0
0
0
0
0
0
0
0
0
0
0
0
0
0
0
0
0
0
0
0
0
0
0
0
0
0
0
0
0
0
0
0
0
0
0
0
0
0
0
0
0
0
0
0
0
0
0
0
0
0
0
0
0
0
0
0
0
0
0
0
0
0
0
0
0
0
0
0
0
0
0
0
0
0
0
0
0
0
0
0
0
0
0
0
0
0
0
0
0
0
0
0
0
0
0
0
0
0
0
0
0
0
0
0
0
0
0
0
0
0
0
0
0
0
0
0
0
0
0
0
0
0
0
0
0
0
0
0
0
0
0
0
0
0
0
0
0
0
0
0
0
0
0
0
0
0
0
0
0
0
0
0
0
0
0
0
0
0
0
0
0
0
0
0
0
0
0
0
0
0
0
0
0
0
0
0
0
0
0
0
0
0
0
0
0
0
0
0
0
0
0
0
0
0
0
0
0
0
0
0
0
0
0
0
0
0
0
0
0
0
0
0
0
0
0
0
0
0
0
0
0
0
0
0
0
0
0
0
0
0
0
0
0
0
0
0
0
0
0
0
0
0
0
0
0
0
0
0
0
0
0
0
0
0
0
0
0
0
0
0
0
0
0
0
0
0
0
0
0
0
0
0
0
0
0
0
0
0
0
0
0
0
0
0
0
0
0
0
0
0
0
0
0
0
0
0
0
0
0
0
0
0
0
0
0
0
0
0
0
0
0
0
0
0
0
0
0
0
0
0
0
0
0
0
0
0
0
0
0
0
0
0
0
0
0
0
0
0
0
0
0
0
0
0
0
0
0
0
0
0
0
0
0
0
0
0
0
0
0
0
0
0
0
0
0
0
0
0
0
0
0
0
0
0
0
0
0
0
0
0
0
0
0
0
0
0
0
0
0
0
0
0
0
0
0
0
0
0
0
0
0
0
0
0
0
0
0
0
0
0
0
0
0
0
0
0
0
0
0
0
0
0
0
0
0
0
0
0
0
0
0
0
0
0
0
0
0
0
0
0
0
0
0
0
0
0
0
0
0
0
0
0
0
0
0
0
0
0
0
0
0
0
0
0
0
0
0
0
0
0
0
0
0
0
0
0
0
0
0
0
0
0
0
0
0
0
0
0
0
0
0
0
0
0
0
0
0
0
0
0
0
0
0
0
0
0
0
0
0
0
0
0
0
0
0
0
0
0
0
0
0
0
0
0
0
0
0
0
0
0
0
0
0
0
0
0
0
0
0
0
0
0
0
0
0
0
0
0
0
0
0
0
0
0
0
0
0
0
0
0
0
0
0
0
0
0
0
0
0
0
0
0
0
0
0
0
0
0
0
0
0
0
0
0
0
0
0
0
0
0
0
0
0
0
0
0
0
0
0
0
0
0
0
0
0
0
0
0
0
0
0
0
0
0
0
0
0
0
0
0
0
0
0
0
0
0
0
0
0
0
0
0
0
0
0
0
0
0
0
0
0
0
0
0
0
0
0
0
0
0
0
0
0
0
0
0
0
0
0
0
0
0
0
0
0
0
0
0
0
0
0
0
0
0
0
0
0
0
0
0
0
0
0
0
0
0
0
0
0
0
0
0
0
0
0
0
0
0
0
0
0
0
0
0
0
0
0
0
0
0
0
0
0
0
0
0
0
0
0
0
0
0
0
0
0
0
0
0
0
0
0
0
0
0
0
0
0
0
0
0
0
0
0
0
0
0
0
0
0
0
0
0
0
0
0
0
0
0
0
0
0
0
0
0
0
0
0
0
0
0
0
0
0
0
0
0
0
0
0
0
0
0
0
0
0
0
0
0
0
0
0
0
0
0
0
0
0
0
0
0
0
0
0
0
0
0
0
0
0
0
0
0
0
0
0
0
0
0
0
0
0
0
0
0
0
0
0
0
0
0
0
0
0
0
0
0
0
0
0
0
0
0
0
0
0
0
0
0
0
0
0
0
0
0
0
0
0
0
0
0
0
0
0
0
0
0
0
0
0
0
0
0
0
0
0
0
0
0
0
0
0
0
0
0
0
0
0
0
0
0
0
0
0
0
0
0
0
0
0
0
0
0
0
0
0
0
0
0
0
0
0
0
0
0
0
0
0
0
0
0
0
0
0
0
0
0
0
0
0
0
0
0
0
0
0
0
0
0
0
0
0
0
0
0
0
0
0
0
0
0
0
0
0
0
0
0
0
0
0
0
0
0
0
0
0
0
0
0
0
0
0
0
0
0
0
0
0
0
0
0
0
0
0
0
0
0
0
0
0
0
0
0
0
0
0
0
0
0
0
0
0
0
0
0
0
0
0
0
0
0
0
0
0
0
0
0
0
0
0
0
0
0
0
0
0
0
0
0
0
0
0
0
0
0
0
0
0
0
0
0
0
0
0
0
0
0
0
0
0
0
0
0
0
0
0
0
0
0
0
0
0
0
0
0
0
0
0
0
0
0
0
0
0
0
0
0
0
0
0
0
0
0
0
0
0
0
0
0
0
0
0
0
0
0
0
0
0
0
0
0
0
0
0
0
0
0
0
0
0
0
0
0
0
0
0
0
0
0
0
0
0
0
0
0
0
0
0
0
0
0
0
0
0
0
0
0
0
0
0
0
0
0
0
0
0
0
0
0
0
0
0
0
0
0
0
0
0
0
0
0
0
0
0
0
0
0
0
0
0
0
0
0
0
0
0
0
0
0
0
0
0
0
0
0
0
0
0
0
0
0
0
0
0
0
0
0
0
0
0
0
0
0
0
0
0
0
0
0
0
0
0
0
0
0
0
0
0
0
0
0
0
0
0
0
0
0
0
0
0
0
0
0
0
0
0
0
0
0
0
0
0
0
0
0
0
0
0
0
0
0
0
0
0
0
0
0
0
0
0
0
0
0
0
0
0
0
0
0
0
0
0
0
0
0
0
0
0
0
0
0
0
0
0
0
0
0
0
0
0
0
0
0
0
0
0
0
0
0
0
0
0
0
0
0
0
0
0
0
0
0
0
0
0
0
0
0
0
0
0
0
0
0
0
0
0
0
0
0
0
0
0
0
0
0
0
0
0
0
0
0
0
0
0
0
0
0
0
0
0
0
0
0
0
0
0
0
0
0
0
0
0
0
0
0
0
0
0
0
0
0
0
0
0
0
0
0
0
0
0
0
0
0
0
0
0
0
0
0
0
0
0
0
0
0
0
0
0
0
0
0
0
0
0
0
0
0
0
0
0
0
0
0
0
0
0
0
0
0
0
0
0
0
0
0
0
