0
4095
0
0
0
0
0
0
0
4095
0
0
0
0
0
0
0
4095
0
0
0
0
0
0
0
4095
0
0
0
0
0
0
0
4095
0
0
0
0
0
0
0
4095
0
0
0
0
0
0
0
4095
0
0
0
0
0
0
0
4095
0
0
0
0
0
0
0
4095
0
0
0
0
0
0
0
4095
0
0
0
0
0
0
0
4095
0
0
0
0
0
0
0
4095
0
0
0
0
0
0
0
4095
0
0
0
0
0
0
0
4095
0
0
0
0
0
0
0
4095
0
0
0
0
0
0
0
4095
0
0
0
0
0
0
0
4095
0
0
0
0
0
0
0
4095
0
0
0
0
0
0
0
4095
0
0
0
0
0
0
0
4095
0
0
0
0
0
0
0
4095
0
0
0
0
0
0
0
4095
0
0
0
0
0
0
0
4095
0
0
0
0
0
0
0
4090
0
0
0
0
0
0
9
4080
0
0
0
0
0
0
20
4076
0
0
0
0
0
0
11
4081
0
0
0
0
0
0
13
4076
0
0
0
0
0
0
21
4075
0
0
0
0
0
0
11
4084
0
0
0
0
0
0
4
4082
0
0
0
0
0
0
21
4073
0
0
0
0
0
0
14
4083
0
0
0
0
0
0
2
4081
0
0
0
0
0
0
23
4069
0
0
0
0
0
0
19
4086
0
0
0
0
0
0
4083
4093
0
0
0
0
0
0
23
4066
0
0
0
0
0
0
28
4084
0
0
0
0
0
0
4074
3
0
0
0
0
0
0
26
4055
0
0
0
0
0
0
51
4073
0
0
0
0
0
0
4062
17
0
0
0
0
0
0
10
4061
0
0
0
0
0
0
61
4069
0
0
0
0
0
0
4053
30
0
0
0
0
0
0
4088
4064
0
0
0
0
0
0
85
4053
0
0
0
0
0
0
4058
36
0
0
0
0
0
0
4069
4065
0
0
0
0
0
0
112
4030
0
0
0
0
0
0
4063
46
0
0
0
0
0
0
4033
4085
0
0
0
0
0
0
123
4010
0
0
0
0
0
0
4090
45
0
0
0
0
0
0
3994
9
0
0
0
0
0
0
139
3982
0
0
0
0
0
0
32
35
0
0
0
0
0
0
3953
43
0
0
0
0
0
0
130
3970
0
0
0
0
0
0
77
20
0
0
0
0
0
0
3917
73
0
0
0
0
0
0
115
3954
0
0
0
0
0
0
142
4083
0
0
0
0
0
0
3888
112
0
0
0
0
0
0
71
3962
0
0
0
0
0
0
193
4058
0
0
0
0
0
0
3865
153
0
0
0
0
0
0
13
3973
0
0
0
0
0
0
260
4007
0
0
0
0
0
0
3876
177
0
0
0
0
0
0
4036
3997
0
0
0
0
0
0
325
3949
0
0
0
0
0
0
3902
199
0
0
0
0
0
0
3941
4044
0
0
0
0
0
0
371
3890
0
0
0
0
0
0
3967
195
0
0
0
0
0
0
3847
3
0
0
0
0
0
0
397
3835
0
0
0
0
0
0
4055
175
0
0
0
0
0
0
3745
78
0
0
0
0
0
0
389
3795
0
0
0
0
0
0
62
143
0
0
0
0
0
0
3656
154
0
0
0
0
0
0
356
3763
0
0
0
0
0
0
192
83
0
0
0
0
0
0
3581
238
0
0
0
0
0
0
283
3752
0
0
0
0
0
0
336
0
0
0
0
0
0
0
3543
314
0
0
0
0
0
0
168
3773
0
0
0
0
0
0
479
3999
0
0
0
0
0
0
3535
383
0
0
0
0
0
0
19
3822
0
0
0
0
0
0
605
3892
0
0
0
0
0
0
3576
428
0
0
0
0
0
0
3943
3895
0
0
0
0
0
0
720
3773
0
0
0
0
0
0
3664
449
0
0
0
0
0
0
3748
4000
0
0
0
0
0
0
789
3666
0
0
0
0
0
0
3803
435
0
0
0
0
0
0
3555
28
0
0
0
0
0
0
819
3566
0
0
0
0
0
0
3985
388
0
0
0
0
0
0
3368
173
0
0
0
0
0
0
786
3492
0
0
0
0
0
0
117
295
0
0
0
0
0
0
3206
330
0
0
0
0
0
0
683
3458
0
0
0
0
0
0
369
166
0
0
0
0
0
0
3099
476
0
0
0
0
0
0
518
3464
0
0
0
0
0
0
622
11
0
0
0
0
0
0
3042
610
0
0
0
0
0
0
298
3511
0
0
0
0
0
0
872
3923
0
0
0
0
0
0
3065
709
0
0
0
0
0
0
28
3608
0
0
0
0
0
0
1093
3730
0
0
0
0
0
0
3155
781
0
0
0
0
0
0
3811
3756
0
0
0
0
0
0
1255
3541
0
0
0
0
0
0
3329
799
0
0
0
0
0
0
3482
3944
0
0
0
0
0
0
1354
3361
0
0
0
0
0
0
3584
757
0
0
0
0
0
0
3162
68
0
0
0
0
0
0
1369
3211
0
0
0
0
0
0
3910
655
0
0
0
0
0
0
2866
309
0
0
0
0
0
0
1292
3107
0
0
0
0
0
0
185
495
0
0
0
0
0
0
2633
548
0
0
0
0
0
0
1116
3056
0
0
0
0
0
0
590
278
0
0
0
0
0
0
2473
782
0
0
0
0
0
0
833
3083
0
0
0
0
0
0
995
20
0
0
0
0
0
0
2408
982
0
0
0
0
0
0
471
3175
0
0
0
0
0
0
1374
3828
0
0
0
0
0
0
2460
1131
0
0
0
0
0
0
37
3342
0
0
0
0
0
0
1692
3534
0
0
0
0
0
0
2627
1223
0
0
0
0
0
0
3647
3584
0
0
0
0
0
0
1925
3247
0
0
0
0
0
0
2917
1229
0
0
0
0
0
0
3159
3868
0
0
0
0
0
0
2063
2976
0
0
0
0
0
0
3322
1148
0
0
0
0
0
0
2680
112
0
0
0
0
0
0
2060
2769
0
0
0
0
0
0
3805
989
0
0
0
0
0
0
2260
469
0
0
0
0
0
0
1912
2634
0
0
0
0
0
0
267
740
0
0
0
0
0
0
1926
827
0
0
0
0
0
0
1627
2583
0
0
0
0
0
0
855
415
0
0
0
0
0
0
1720
1151
0
0
0
0
0
0
1206
2630
0
0
0
0
0
0
1438
34
0
0
0
0
0
0
1651
1431
0
0
0
0
0
0
667
2782
0
0
0
0
0
0
1967
3716
0
0
0
0
0
0
1748
1632
0
0
0
0
0
0
41
3031
0
0
0
0
0
0
2412
3290
0
0
0
0
0
0
2016
1734
0
0
0
0
0
0
3457
3378
0
0
0
0
0
0
2719
2893
0
0
0
0
0
0
2437
1732
0
0
0
0
0
0
2771
3794
0
0
0
0
0
0
2877
2536
0
0
0
0
0
0
3008
1609
0
0
0
0
0
0
2125
161
0
0
0
0
0
0
2854
2256
0
0
0
0
0
0
3699
1365
0
0
0
0
0
0
1558
653
0
0
0
0
0
0
2635
2081
0
0
0
0
0
0
370
1012
0
0
0
0
0
0
1125
1136
0
0
0
0
0
0
2221
2031
0
0
0
0
0
0
1167
565
0
0
0
0
0
0
857
1577
0
0
0
0
0
0
1632
2113
0
0
0
0
0
0
1940
50
0
0
0
0
0
0
789
1940
0
0
0
0
0
0
898
2327
0
0
0
0
0
0
2647
3583
0
0
0
0
0
0
942
2195
0
0
0
0
0
0
50
2681
0
0
0
0
0
0
3214
3022
0
0
0
0
0
0
1320
2316
0
0
0
0
0
0
3248
3142
0
0
0
0
0
0
3610
2494
0
0
0
0
0
0
1903
2294
0
0
0
0
0
0
2337
3708
0
0
0
0
0
0
3786
2044
0
0
0
0
0
0
2662
2123
0
0
0
0
0
0
1495
229
0
0
0
0
0
0
3726
1696
0
0
0
0
0
0
3570
1791
0
0
0
0
0
0
776
863
0
0
0
0
0
0
3429
1473
0
0
0
0
0
0
480
1316
0
0
0
0
0
0
236
1482
0
0
0
0
0
0
2874
1425
0
0
0
0
0
0
1506
732
0
0
0
0
0
0
4008
2040
0
0
0
0
0
0
2101
1542
0
0
0
0
0
0
2500
57
0
0
0
0
0
0
3950
2489
0
0
0
0
0
0
1154
1830
0
0
0
0
0
0
3382
3439
0
0
0
0
0
0
75
2802
0
0
0
0
0
0
61
2297
0
0
0
0
0
0
4086
2735
0
0
0
0
0
0
558
2955
0
0
0
0
0
0
3009
2898
0
0
0
0
0
0
471
2071
0
0
0
0
0
0
1315
2908
0
0
0
0
0
0
1875
3607
0
0
0
0
0
0
683
1503
0
0
0
0
0
0
2288
2674
0
0
0
0
0
0
824
292
0
0
0
0
0
0
586
1080
0
0
0
0
0
0
3439
2245
0
0
0
0
0
0
4034
1090
0
0
0
0
0
0
181
827
0
0
0
0
0
0
595
1645
0
0
0
0
0
0
3377
1855
0
0
0
0
0
0
3570
777
0
0
0
0
0
0
1868
911
0
0
0
0
0
0
2998
2540
0
0
0
0
0
0
2597
940
0
0
0
0
0
0
3088
74
0
0
0
0
0
0
2948
3083
0
0
0
0
0
0
1413
1312
0
0
0
0
0
0
65
3290
0
0
0
0
0
0
3239
3453
0
0
0
0
0
0
74
1886
0
0
0
0
0
0
924
2417
0
0
0
0
0
0
3864
3614
0
0
0
0
0
0
2767
2631
0
0
0
0
0
0
1492
1616
0
0
0
0
0
0
701
3552
0
0
0
0
0
0
1384
3506
0
0
0
0
0
0
1722
937
0
0
0
0
0
0
1903
3248
0
0
0
0
0
0
121
361
0
0
0
0
0
0
1581
437
0
0
0
0
0
0
3302
2715
0
0
0
0
0
0
3163
1320
0
0
0
0
0
0
1076
142
0
0
0
0
0
0
719
1983
0
0
0
0
0
0
2387
2241
0
0
0
0
0
0
199
104
0
0
0
0
0
0
2248
1094
0
0
0
0
0
0
1951
3056
0
0
0
0
0
0
3113
315
0
0
0
0
0
0
3695
90
0
0
0
0
0
0
1916
3695
0
0
0
0
0
0
1685
774
0
0
0
0
0
0
872
3136
0
0
0
0
0
0
2271
36
0
0
0
0
0
0
81
1475
0
0
0
0
0
0
1869
2106
0
0
0
0
0
0
3033
215
0
0
0
0
0
0
2512
2367
0
0
0
0
0
0
2525
1158
0
0
0
0
0
0
70
116
0
0
0
0
0
0
883
3406
0
0
0
0
0
0
2776
367
0
0
0
0
0
0
1500
3843
0
0
0
0
0
0
3495
437
0
0
0
0
0
0
2586
3887
0
0
0
0
0
0
3153
3206
0
0
0
0
0
0
2267
1566
0
0
0
0
0
0
1970
3554
0
0
0
0
0
0
842
2330
0
0
0
0
0
0
1376
2637
0
0
0
0
0
0
938
3514
0
0
0
0
0
0
2628
1280
0
0
0
0
0
0
892
3579
0
0
0
0
0
0
3635
3774
0
0
0
0
0
0
220
104
0
0
0
0
0
0
862
225
0
0
0
0
0
0
1958
230
0
0
0
0
0
0
1692
2971
0
0
0
0
0
0
1306
712
0
0
0
0
0
0
93
1054
0
0
0
0
0
0
2830
1782
0
0
0
0
0
0
2211
904
0
0
0
0
0
0
2257
2098
0
0
0
0
0
0
3567
694
0
0
0
0
0
0
3539
772
0
0
0
0
0
0
390
3296
0
0
0
0
0
0
3842
3880
0
0
0
0
0
0
1107
330
0
0
0
0
0
0
2785
503
0
0
0
0
0
0
3598
3233
0
0
0
0
0
0
3018
3681
0
0
0
0
0
0
1382
1806
0
0
0
0
0
0
2867
2870
0
0
0
0
0
0
965
2672
0
0
0
0
0
0
377
3030
0
0
0
0
0
0
1662
2840
0
0
0
0
0
0
3010
1460
0
0
0
0
0
0
3943
0
0
0
0
0
0
0
50
3153
0
0
0
0
0
0
2975
787
0
0
0
0
0
0
3930
832
0
0
0
0
0
0
2282
1222
0
0
0
0
0
0
534
3493
0
0
0
0
0
0
2429
3134
0
0
0
0
0
0
3329
1382
0
0
0
0
0
0
1653
2278
0
0
0
0
0
0
1349
1626
0
0
0
0
0
0
1080
3396
0
0
0
0
0
0
1037
1959
0
0
0
0
0
0
595
3590
0
0
0
0
0
0
78
3256
0
0
0
0
0
0
3795
1796
0
0
0
0
0
0
3757
901
0
0
0
0
0
0
4011
2453
0
0
0
0
0
0
2671
710
0
0
0
0
0
0
759
866
0
0
0
0
0
0
2645
1222
0
0
0
0
0
0
1829
1790
0
0
0
0
0
0
2201
2330
0
0
0
0
0
0
1867
672
0
0
0
0
0
0
3863
736
0
0
0
0
0
0
3686
1180
0
0
0
0
0
0
3931
2091
0
0
0
0
0
0
2511
2276
0
0
0
0
0
0
908
361
0
0
0
0
0
0
2859
1441
0
0
0
0
0
0
302
1572
0
0
0
0
0
0
3433
2049
0
0
0
0
0
0
2215
1680
0
0
0
0
0
0
3591
505
0
0
0
0
0
0
2279
3841
0
0
0
0
0
0
3269
3645
0
0
0
0
0
0
1465
2042
0
0
0
0
0
0
2600
2990
0
0
0
0
0
0
366
2313
0
0
0
0
0
0
3164
3614
0
0
0
0
0
0
1827
2776
0
0
0
0
0
0
2475
1728
0
0
0
0
0
0
1003
1194
0
0
0
0
0
0
1492
1981
0
0
0
0
0
0
2569
1187
0
0
0
0
0
0
3464
330
0
0
0
0
0
0
1800
1844
0
0
0
0
0
0
1058
3223
0
0
0
0
0
0
2472
3827
0
0
0
0
0
0
871
1317
0
0
0
0
0
0
3221
456
0
0
0
0
0
0
1907
987
0
0
0
0
0
0
4038
3298
0
0
0
0
0
0
2388
3678
0
0
0
0
0
0
3155
3441
0
0
0
0
0
0
3789
1725
0
0
0
0
0
0
3908
3693
0
0
0
0
0
0
301
2686
0
0
0
0
0
0
1879
2006
0
0
0
0
0
0
105
2619
0
0
0
0
0
0
1969
3167
0
0
0
0
0
0
1334
1738
0
0
0
0
0
0
2427
3490
0
0
0
0
0
0
3933
2869
0
0
0
0
0
0
2671
3584
0
0
0
0
0
0
2727
2284
0
0
0
0
0
0
2137
2226
0
0
0
0
0
0
397
1258
0
0
0
0
0
0
3223
1175
0
0
0
0
0
0
2996
4078
0
0
0
0
0
0
656
1140
0
0
0
0
0
0
619
1668
0
0
0
0
0
0
1153
4039
0
0
0
0
0
0
2522
3385
0
0
0
0
0
0
899
3772
0
0
0
0
0
0
3606
544
0
0
0
0
0
0
4078
2313
0
0
0
0
0
0
367
2786
0
0
0
0
0
0
2812
3747
0
0
0
0
0
0
175
3267
0
0
0
0
0
0
3057
2607
0
0
0
0
0
0
2501
529
0
0
0
0
0
0
2346
1318
0
0
0
0
0
0
1802
3825
0
0
0
0
0
0
3848
533
0
0
0
0
0
0
2966
2278
0
0
0
0
0
0
2294
552
0
0
0
0
0
0
3357
3020
0
0
0
0
0
0
3527
3310
0
0
0
0
0
0
2300
3500
0
0
0
0
0
0
3529
1846
0
0
0
0
0
0
1839
2669
0
0
0
0
0
0
1080
3815
0
0
0
0
0
0
16
1484
0
0
0
0
0
0
710
1206
0
0
0
0
0
0
1838
3271
0
0
0
0
0
0
3900
215
0
0
0
0
0
0
731
3307
0
0
0
0
0
0
942
326
0
0
0
0
0
0
1151
988
0
0
0
0
0
0
626
1526
0
0
0
0
0
0
253
1827
0
0
0
0
0
0
3760
759
0
0
0
0
0
0
3306
3699
0
0
0
0
0
0
3596
3167
0
0
0
0
0
0
2774
2908
0
0
0
0
0
0
3483
3603
0
0
0
0
0
0
1443
1990
0
0
0
0
0
0
3663
366
0
0
0
0
0
0
1314
3123
0
0
0
0
0
0
1751
3820
0
0
0
0
0
0
440
3403
0
0
0
0
0
0
250
2454
0
0
0
0
0
0
1878
2302
0
0
0
0
0
0
1994
3423
0
0
0
0
0
0
1032
697
0
0
0
0
0
0
2530
1735
0
0
0
0
0
0
1936
2678
0
0
0
0
0
0
1122
665
0
0
0
0
0
0
758
1387
0
0
0
0
0
0
1329
3387
0
0
0
0
0
0
363
3883
0
0
0
0
0
0
4010
1163
0
0
0
0
0
0
185
1156
0
0
0
0
0
0
2877
1999
0
0
0
0
0
0
2263
3947
0
0
0
0
0
0
2785
2934
0
0
0
0
0
0
3858
566
0
0
0
0
0
0
985
3812
0
0
0
0
0
0
1547
2821
0
0
0
0
0
0
1340
1464
0
0
0
0
0
0
2076
1572
0
0
0
0
0
0
2839
146
0
0
0
0
0
0
1697
3416
0
0
0
0
0
0
3800
3770
0
0
0
0
0
0
1816
452
0
0
0
0
0
0
3088
3421
0
0
0
0
0
0
964
2074
0
0
0
0
0
0
2850
4033
0
0
0
0
0
0
1742
3365
0
0
0
0
0
0
661
2651
0
0
0
0
0
0
1626
3405
0
0
0
0
0
0
300
267
0
0
0
0
0
0
2491
3696
0
0
0
0
0
0
2875
751
0
0
0
0
0
0
957
3458
0
0
0
0
0
0
2706
1345
0
0
0
0
0
0
4073
3939
0
0
0
0
0
0
2390
789
0
0
0
0
0
0
1254
877
0
0
0
0
0
0
1817
3537
0
0
0
0
0
0
3178
2435
0
0
0
0
0
0
3346
912
0
0
0
0
0
0
280
553
0
0
0
0
0
0
4090
2056
0
0
0
0
0
0
3955
2604
0
0
0
0
0
0
3969
3707
0
0
0
0
0
0
2325
521
0
0
0
0
0
0
3650
4081
0
0
0
0
0
0
96
3636
0
0
0
0
0
0
2194
2876
0
0
0
0
0
0
1614
1270
0
0
0
0
0
0
963
2229
0
0
0
0
0
0
3332
3670
0
0
0
0
0
0
1531
3349
0
0
0
0
0
0
1919
1362
0
0
0
0
0
0
1866
2792
0
0
0
0
0
0
2934
1329
0
0
0
0
0
0
2507
3753
0
0
0
0
0
0
788
1663
0
0
0
0
0
0
632
3561
0
0
0
0
0
0
1105
3313
0
0
0
0
0
0
18
4050
0
0
0
0
0
0
3303
585
0
0
0
0
0
0
2560
1675
0
0
0
0
0
0
1443
4026
0
0
0
0
0
0
2374
2992
0
0
0
0
0
0
3457
762
0
0
0
0
0
0
2871
1229
0
0
0
0
0
0
2042
3237
0
0
0
0
0
0
1198
1360
0
0
0
0
0
0
2664
1449
0
0
0
0
0
0
2159
628
0
0
0
0
0
0
1694
3147
0
0
0
0
0
0
341
3548
0
0
0
0
0
0
3901
840
0
0
0
0
0
0
1552
1204
0
0
0
0
0
0
15
3718
0
0
0
0
0
0
3191
3820
0
0
0
0
0
0
1626
3150
0
0
0
0
0
0
2155
1230
0
0
0
0
0
0
1794
2908
0
0
0
0
0
0
2779
1353
0
0
0
0
0
0
2707
3621
0
0
0
0
0
0
766
1752
0
0
0
0
0
0
464
3606
0
0
0
0
0
0
1275
3183
0
0
0
0
0
0
40
11
0
0
0
0
0
0
3137
650
0
0
0
0
0
0
2682
1561
0
0
0
0
0
0
1504
4054
0
0
0
0
0
0
2209
3078
0
0
0
0
0
0
3527
675
0
0
0
0
0
0
2954
1231
0
0
0
0
0
0
1905
3319
0
0
0
0
0
0
1228
1295
0
0
0
0
0
0
2764
1426
0
0
0
0
0
0
2051
702
0
0
0
0
0
0
1701
3095
0
0
0
0
0
0
443
3509
0
0
0
0
0
0
3825
905
0
0
0
0
0
0
1529
1186
0
0
0
0
0
0
92
3684
0
0
0
0
0
0
3141
3871
0
0
0
0
0
0
1590
3150
0
0
0
0
0
0
2216
1194
0
0
0
0
0
0
1776
2938
0
0
0
0
0
0
2745
1355
0
0
0
0
0
0
2758
3586
0
0
0
0
0
0
758
1771
0
0
0
0
0
0
432
3622
0
0
0
0
0
0
1289
3170
0
0
0
0
0
0
41
20
0
0
0
0
0
0
3117
664
0
0
0
0
0
0
2682
1560
0
0
0
0
0
0
1503
4052
0
0
0
0
0
0
2215
3076
0
0
0
0
0
0
3522
680
0
0
0
0
0
0
2951
1221
0
0
0
0
0
0
1932
3303
0
0
0
0
0
0
1225
1309
0
0
0
0
0
0
2733
1427
0
0
0
0
0
0
2097
671
0
0
0
0
0
0
1697
3121
0
0
0
0
0
0
391
3527
0
0
0
0
0
0
3865
871
0
0
0
0
0
0
1541
1207
0
0
0
0
0
0
21
3711
0
0
0
0
0
0
3193
3818
0
0
0
0
0
0
1638
3154
0
0
0
0
0
0
2128
1239
0
0
0
0
0
0
1818
2877
0
0
0
0
0
0
2815
1355
0
0
0
0
0
0
2640
3662
0
0
0
0
0
0
774
1713
0
0
0
0
0
0
544
3591
0
0
0
0
0
0
1177
3254
0
0
0
0
0
0
33
4059
0
0
0
0
0
0
3261
608
0
0
0
0
0
0
2581
1655
0
0
0
0
0
0
1451
4016
0
0
0
0
0
0
2386
2995
0
0
0
0
0
0
3436
788
0
0
0
0
0
0
2836
1224
0
0
0
0
0
0
2118
3197
0
0
0
0
0
0
1167
1416
0
0
0
0
0
0
2578
1455
0
0
0
0
0
0
2291
537
0
0
0
0
0
0
1696
3205
0
0
0
0
0
0
194
3583
0
0
0
0
0
0
4058
710
0
0
0
0
0
0
1599
1268
0
0
0
0
0
0
3880
3812
0
0
0
0
0
0
3346
3660
0
0
0
0
0
0
1751
3189
0
0
0
0
0
0
1862
1381
0
0
0
0
0
0
1917
2726
0
0
0
0
0
0
3006
1337
0
0
0
0
0
0
2372
3832
0
0
0
0
0
0
818
1576
0
0
0
0
0
0
795
3524
0
0
0
0
0
0
924
3446
0
0
0
0
0
0
4089
3958
0
0
0
0
0
0
354
4
0
0
0
0
0
0
1288
841
0
0
0
0
0
0
567
2103
0
0
0
0
0
0
3198
2440
0
0
0
0
0
0
129
180
0
0
0
0
0
0
228
535
0
0
0
0
0
0
173
1947
0
0
0
0
0
0
3906
2698
0
0
0
0
0
0
3823
3722
0
0
0
0
0
0
2527
388
0
0
0
0
0
0
3637
103
0
0
0
0
0
0
3935
3707
0
0
0
0
0
0
3921
2729
0
0
0
0
0
0
3066
3422
0
0
0
0
0
0
1160
1905
0
0
0
0
0
0
2856
4026
0
0
0
0
0
0
1769
3381
0
0
0
0
0
0
569
2694
0
0
0
0
0
0
1671
3339
0
0
0
0
0
0
394
288
0
0
0
0
0
0
2285
3821
0
0
0
0
0
0
2911
632
0
0
0
0
0
0
1185
3415
0
0
0
0
0
0
2436
1544
0
0
0
0
0
0
4040
1187
0
0
0
0
0
0
2064
2028
0
0
0
0
0
0
2913
1960
0
0
0
0
0
0
372
2029
0
0
0
0
0
0
2824
2927
0
0
0
0
0
0
3990
469
0
0
0
0
0
0
924
3784
0
0
0
0
0
0
1719
2730
0
0
0
0
0
0
1279
1584
0
0
0
0
0
0
1887
1584
0
0
0
0
0
0
3118
4054
0
0
0
0
0
0
1690
3563
0
0
0
0
0
0
3464
3856
0
0
0
0
0
0
1120
1054
0
0
0
0
0
0
3421
3821
0
0
0
0
0
0
3867
352
0
0
0
0
0
0
3606
3328
0
0
0
0
0
0
2988
2631
0
0
0
0
0
0
32
1492
0
0
0
0
0
0
1772
2070
0
0
0
0
0
0
3089
3754
0
0
0
0
0
0
2561
3456
0
0
0
0
0
0
326
1625
0
0
0
0
0
0
1753
3227
0
0
0
0
0
0
4084
67
0
0
0
0
0
0
698
4042
0
0
0
0
0
0
3202
830
0
0
0
0
0
0
2200
86
0
0
0
0
0
0
3919
2194
0
0
0
0
0
0
354
1775
0
0
0
0
0
0
3661
862
0
0
0
0
0
0
3232
3664
0
0
0
0
0
0
3865
2365
0
0
0
0
0
0
3483
1843
0
0
0
0
0
0
1202
1854
0
0
0
0
0
0
1509
1998
0
0
0
0
0
0
1655
3852
0
0
0
0
0
0
810
4076
0
0
0
0
0
0
1760
1382
0
0
0
0
0
0
563
2010
0
0
0
0
0
0
3890
2574
0
0
0
0
0
0
3425
3395
0
0
0
0
0
0
2349
3521
0
0
0
0
0
0
3387
1902
0
0
0
0
0
0
1926
2542
0
0
0
0
0
0
3686
381
0
0
0
0
0
0
2074
2651
0
0
0
0
0
0
2040
4011
0
0
0
0
0
0
676
985
0
0
0
0
0
0
3129
3604
0
0
0
0
0
0
1213
4057
0
0
0
0
0
0
1646
2522
0
0
0
0
0
0
950
3716
0
0
0
0
0
0
3465
2217
0
0
0
0
0
0
26
2320
0
0
0
0
0
0
3272
1329
0
0
0
0
0
0
2720
3710
0
0
0
0
0
0
1341
2363
0
0
0
0
0
0
2966
2781
0
0
0
0
0
0
2284
498
0
0
0
0
0
0
2751
1046
0
0
0
0
0
0
972
3601
0
0
0
0
0
0
3654
132
0
0
0
0
0
0
1789
3334
0
0
0
0
0
0
1926
1204
0
0
0
0
0
0
2475
3440
0
0
0
0
0
0
3994
2818
0
0
0
0
0
0
2700
3628
0
0
0
0
0
0
2574
2343
0
0
0
0
0
0
2233
2088
0
0
0
0
0
0
584
1276
0
0
0
0
0
0
2810
2082
0
0
0
0
0
0
2270
988
0
0
0
0
0
0
2094
2207
0
0
0
0
0
0
3314
10
0
0
0
0
0
0
328
3940
0
0
0
0
0
0
2074
25
0
0
0
0
0
0
870
1307
0
0
0
0
0
0
46
1231
0
0
0
0
0
0
1953
994
0
0
0
0
0
0
2909
1793
0
0
0
0
0
0
2282
3638
0
0
0
0
0
0
2208
1851
0
0
0
0
0
0
3683
1925
0
0
0
0
0
0
4075
1999
0
0
0
0
0
0
2024
1678
0
0
0
0
0
0
655
3946
0
0
0
0
0
0
1126
836
0
0
0
0
0
0
2681
2581
0
0
0
0
0
0
2237
2919
0
0
0
0
0
0
1603
3821
0
0
0
0
0
0
3426
703
0
0
0
0
0
0
3134
3713
0
0
0
0
0
0
2594
2050
0
0
0
0
0
0
2576
1579
0
0
0
0
0
0
1264
1168
0
0
0
0
0
0
3723
2154
0
0
0
0
0
0
6
1776
0
0
0
0
0
0
2176
2624
0
0
0
0
0
0
1781
2709
0
0
0
0
0
0
912
3037
0
0
0
0
0
0
942
1968
0
0
0
0
0
0
270
1870
0
0
0
0
0
0
910
3551
0
0
0
0
0
0
2902
525
0
0
0
0
0
0
2228
2542
0
0
0
0
0
0
1727
3624
0
0
0
0
0
0
523
1358
0
0
0
0
0
0
1103
1967
0
0
0
0
0
0
3519
2187
0
0
0
0
0
0
1963
4022
0
0
0
0
0
0
123
498
0
0
0
0
0
0
118
1193
0
0
0
0
0
0
423
1283
0
0
0
0
0
0
3297
1920
0
0
0
0
0
0
505
274
0
0
0
0
0
0
1788
995
0
0
0
0
0
0
400
523
0
0
0
0
0
0
1945
1734
0
0
0
0
0
0
975
634
0
0
0
0
0
0
2039
821
0
0
0
0
0
0
78
2837
0
0
0
0
0
0
2950
3901
0
0
0
0
0
0
2959
1275
0
0
0
0
0
0
3160
2631
0
0
0
0
0
0
1872
1997
0
0
0
0
0
0
193
3142
0
0
0
0
0
0
1776
2730
0
0
0
0
0
0
3035
1419
0
0
0
0
0
0
4004
4095
0
0
0
0
0
0
4071
3243
0
0
0
0
0
0
2861
735
0
0
0
0
0
0
142
678
0
0
0
0
0
0
2165
1442
0
0
0
0
0
0
2141
2838
0
0
0
0
0
0
2945
2789
0
0
0
0
0
0
80
929
0
0
0
0
0
0
1011
2450
0
0
0
0
0
0
2040
1061
0
0
0
0
0
0
1331
2843
0
0
0
0
0
0
3628
633
0
0
0
0
0
0
3507
800
0
0
0
0
0
0
421
3355
0
0
0
0
0
0
3646
3959
0
0
0
0
0
0
1218
164
0
0
0
0
0
0
3011
524
0
0
0
0
0
0
3183
3475
0
0
0
0
0
0
3106
3413
0
0
0
0
0
0
1882
1712
0
0
0
0
0
0
2273
3308
0
0
0
0
0
0
888
2387
0
0
0
0
0
0
1183
2753
0
0
0
0
0
0
1001
3446
0
0
0
0
0
0
2659
1236
0
0
0
0
0
0
951
3584
0
0
0
0
0
0
3551
3874
0
0
0
0
0
0
99
54
0
0
0
0
0
0
1178
64
0
0
0
0
0
0
1836
462
0
0
0
0
0
0
1329
2999
0
0
0
0
0
0
1832
364
0
0
0
0
0
0
71
1347
0
0
0
0
0
0
2168
1962
0
0
0
0
0
0
2864
369
0
0
0
0
0
0
2461
2367
0
0
0
0
0
0
2600
1086
0
0
0
0
0
0
93
95
0
0
0
0
0
0
925
3456
0
0
0
0
0
0
2587
441
0
0
0
0
0
0
1613
3673
0
0
0
0
0
0
3731
453
0
0
0
0
0
0
2164
38
0
0
0
0
0
0
3244
2933
0
0
0
0
0
0
2773
1471
0
0
0
0
0
0
1374
3997
0
0
0
0
0
0
763
2039
0
0
0
0
0
0
2197
2354
0
0
0
0
0
0
268
31
0
0
0
0
0
0
2274
1053
0
0
0
0
0
0
2012
3057
0
0
0
0
0
0
3031
412
0
0
0
0
0
0
3577
41
0
0
0
0
0
0
2221
3542
0
0
0
0
0
0
1565
1002
0
0
0
0
0
0
516
3158
0
0
0
0
0
0
2796
3782
0
0
0
0
0
0
65
1763
0
0
0
0
0
0
1211
2285
0
0
0
0
0
0
3681
3779
0
0
0
0
0
0
2716
2635
0
0
0
0
0
0
1555
1552
0
0
0
0
0
0
727
3532
0
0
0
0
0
0
1418
3563
0
0
0
0
0
0
1530
1013
0
0
0
0
0
0
2018
3077
0
0
0
0
0
0
356
377
0
0
0
0
0
0
1159
685
0
0
0
0
0
0
3392
2446
0
0
0
0
0
0
3661
1232
0
0
0
0
0
0
472
589
0
0
0
0
0
0
643
1695
0
0
0
0
0
0
3194
1963
0
0
0
0
0
0
3637
709
0
0
0
0
0
0
1895
869
0
0
0
0
0
0
3061
2540
0
0
0
0
0
0
2512
1039
0
0
0
0
0
0
2970
26
0
0
0
0
0
0
3251
2930
0
0
0
0
0
0
1298
1533
0
0
0
0
0
0
3815
3313
0
0
0
0
0
0
3744
3119
0
0
0
0
0
0
48
2176
0
0
0
0
0
0
276
2598
0
0
0
0
0
0
393
3102
0
0
0
0
0
0
2966
2896
0
0
0
0
0
0
535
2011
0
0
0
0
0
0
1336
2888
0
0
0
0
0
0
1912
3655
0
0
0
0
0
0
507
1569
0
0
0
0
0
0
2405
2508
0
0
0
0
0
0
1043
314
0
0
0
0
0
0
179
1319
0
0
0
0
0
0
3524
1985
0
0
0
0
0
0
418
1002
0
0
0
0
0
0
3707
1247
0
0
0
0
0
0
524
1365
0
0
0
0
0
0
61
1584
0
0
0
0
0
0
2937
1358
0
0
0
0
0
0
1529
693
0
0
0
0
0
0
4068
2042
0
0
0
0
0
0
2021
1638
0
0
0
0
0
0
2383
17
0
0
0
0
0
0
144
2345
0
0
0
0
0
0
1033
2053
0
0
0
0
0
0
3044
3470
0
0
0
0
0
0
552
2485
0
0
0
0
0
0
45
2564
0
0
0
0
0
0
3480
2897
0
0
0
0
0
0
1161
2460
0
0
0
0
0
0
3195
3151
0
0
0
0
0
0
3666
2441
0
0
0
0
0
0
1916
2283
0
0
0
0
0
0
2369
3756
0
0
0
0
0
0
3620
2107
0
0
0
0
0
0
2766
1970
0
0
0
0
0
0
1704
247
0
0
0
0
0
0
3347
1919
0
0
0
0
0
0
3649
1551
0
0
0
0
0
0
1223
784
0
0
0
0
0
0
2886
1877
0
0
0
0
0
0
409
1057
0
0
0
0
0
0
964
1230
0
0
0
0
0
0
2275
1974
0
0
0
0
0
0
1185
533
0
0
0
0
0
0
910
1577
0
0
0
0
0
0
1563
2196
0
0
0
0
0
0
1834
11
0
0
0
0
0
0
1061
1801
0
0
0
0
0
0
795
2526
0
0
0
0
0
0
2334
3608
0
0
0
0
0
0
1394
1894
0
0
0
0
0
0
31
2931
0
0
0
0
0
0
2645
3181
0
0
0
0
0
0
1874
1861
0
0
0
0
0
0
3420
3374
0
0
0
0
0
0
2777
2836
0
0
0
0
0
0
2454
1717
0
0
0
0
0
0
2802
3835
0
0
0
0
0
0
2723
2597
0
0
0
0
0
0
3102
1473
0
0
0
0
0
0
2307
186
0
0
0
0
0
0
2500
2469
0
0
0
0
0
0
3765
1153
0
0
0
0
0
0
1959
585
0
0
0
0
0
0
2144
2444
0
0
0
0
0
0
306
777
0
0
0
0
0
0
1787
908
0
0
0
0
0
0
1677
2530
0
0
0
0
0
0
879
381
0
0
0
0
0
0
1766
1153
0
0
0
0
0
0
1142
2706
0
0
0
0
0
0
1346
4091
0
0
0
0
0
0
1894
1305
0
0
0
0
0
0
582
2950
0
0
0
0
0
0
1697
3735
0
0
0
0
0
0
2146
1367
0
0
0
0
0
0
24
3255
0
0
0
0
0
0
1904
3432
0
0
0
0
0
0
2503
1335
0
0
0
0
0
0
3609
3584
0
0
0
0
0
0
1982
3193
0
0
0
0
0
0
2936
1215
0
0
0
0
0
0
3177
3914
0
0
0
0
0
0
1925
3029
0
0
0
0
0
0
3406
1026
0
0
0
0
0
0
2844
126
0
0
0
0
0
0
1755
2949
0
0
0
0
0
0
3873
791
0
0
0
0
0
0
2621
398
0
0
0
0
0
0
1494
2943
0
0
0
0
0
0
213
533
0
0
0
0
0
0
2506
625
0
0
0
0
0
0
1156
3015
0
0
0
0
0
0
604
255
0
0
0
0
0
0
2509
785
0
0
0
0
0
0
779
3148
0
0
0
0
0
0
912
4087
0
0
0
0
0
0
2616
876
0
0
0
0
0
0
390
3326
0
0
0
0
0
0
1138
3848
0
0
0
0
0
0
2801
906
0
0
0
0
0
0
21
3533
0
0
0
0
0
0
1265
3649
0
0
0
0
0
0
3048
876
0
0
0
0
0
0
3780
3758
0
0
0
0
0
0
1297
3500
0
0
0
0
0
0
3341
788
0
0
0
0
0
0
3506
3973
0
0
0
0
0
0
1246
3403
0
0
0
0
0
0
3653
657
0
0
0
0
0
0
3297
81
0
0
0
0
0
0
1119
3361
0
0
0
0
0
0
3959
496
0
0
0
0
0
0
3166
251
0
0
0
0
0
0
938
3369
0
0
0
0
0
0
139
326
0
0
0
0
0
0
3109
388
0
0
0
0
0
0
718
3421
0
0
0
0
0
0
381
146
0
0
0
0
0
0
3125
480
0
0
0
0
0
0
476
3514
0
0
0
0
0
0
561
4079
0
0
0
0
0
0
3210
521
0
0
0
0
0
0
245
3626
0
0
0
0
0
0
683
3939
0
0
0
0
0
0
3332
532
0
0
0
0
0
0
16
3759
0
0
0
0
0
0
747
3824
0
0
0
0
0
0
3492
502
0
0
0
0
0
0
3920
3894
0
0
0
0
0
0
752
3744
0
0
0
0
0
0
3671
443
0
0
0
0
0
0
3764
4023
0
0
0
0
0
0
707
3696
0
0
0
0
0
0
3855
360
0
0
0
0
0
0
3655
43
0
0
0
0
0
0
621
3680
0
0
0
0
0
0
4036
254
0
0
0
0
0
0
3601
129
0
0
0
0
0
0
510
3699
0
0
0
0
0
0
75
167
0
0
0
0
0
0
3584
197
0
0
0
0
0
0
381
3738
0
0
0
0
0
0
198
71
0
0
0
0
0
0
3604
241
0
0
0
0
0
0
249
3794
0
0
0
0
0
0
282
4083
0
0
0
0
0
0
3657
257
0
0
0
0
0
0
121
3863
0
0
0
0
0
0
335
4012
0
0
0
0
0
0
3739
246
0
0
0
0
0
0
16
3928
0
0
0
0
0
0
358
3957
0
0
0
0
0
0
3825
222
0
0
0
0
0
0
4024
3995
0
0
0
0
0
0
345
3928
0
0
0
0
0
0
3912
191
0
0
0
0
0
0
3954
4058
0
0
0
0
0
0
314
3911
0
0
0
0
0
0
4000
145
0
0
0
0
0
0
3914
12
0
0
0
0
0
0
264
3915
0
0
0
0
0
0
4077
98
0
0
0
0
0
0
3896
53
0
0
0
0
0
0
203
3934
0
0
0
0
0
0
36
53
0
0
0
0
0
0
3912
63
0
0
0
0
0
0
149
3950
0
0
0
0
0
0
84
10
0
0
0
0
0
0
3931
74
0
0
0
0
0
0
93
3982
0
0
0
0
0
0
104
4079
0
0
0
0
0
0
3959
74
0
0
0
0
0
0
52
4005
0
0
0
0
0
0
118
4052
0
0
0
0
0
0
3995
66
0
0
0
0
0
0
9
4040
0
0
0
0
0
0
112
4046
0
0
0
0
0
0
4020
58
0
0
0
0
0
0
4085
4058
0
0
0
0
0
0
99
4038
0
0
0
0
0
0
4061
34
0
0
0
0
0
0
4070
4078
0
0
0
0
0
0
79
4043
0
0
0
0
0
0
4082
22
0
0
0
0
0
0
4065
4091
0
0
0
0
0
0
59
4050
0
0
0
0
0
0
4
5
0
0
0
0
0
0
4076
4088
0
0
0
0
0
0
48
4050
0
0
0
0
0
0
22
4086
0
0
0
0
0
0
4081
4093
0
0
0
0
0
0
27
4066
0
0
0
0
0
0
16
4086
0
0
0
0
0
0
4088
4093
0
0
0
0
0
0
19
4071
0
0
0
0
0
0
22
4077
0
0
0
0
0
0
3
4085
0
0
0
0
0
0
20
4073
0
0
0
0
0
0
14
4083
0
0
0
0
0
0
5
4087
0
0
0
0
0
0
10
4079
0
0
0
0
0
0
20
4075
0
0
0
0
0
0
11
4081
0
0
0
0
0
0
13
4076
0
0
0
0
0
0
21
4075
0
0
0
0
0
0
11
4086
0
0
0
0
0
0
3
4092
0
0
0
0
0
0
1
4095
0
0
0
0
0
0
0
4095
0
0
0
0
0
0
0
4095
0
0
0
0
0
0
0
4095
0
0
0
0
0
0
0
4095
0
0
0
0
0
0
0
4095
0
0
0
0
0
0
0
4095
0
0
0
0
0
0
0
4095
0
0
0
0
0
0
0
4095
0
0
0
0
0
0
0
4095
0
0
0
0
0
0
0
4095
0
0
0
0
0
0
0
4095
0
0
0
0
0
0
0
4095
0
0
0
0
0
0
0
4095
0
0
0
0
0
0
0
4095
0
0
0
0
0
0
0
4095
0
0
0
0
0
0
0
4095
0
0
0
0
0
0
0
4095
0
0
0
0
0
0
0
4095
0
0
0
0
0
0
0
4095
0
0
0
0
0
0
0
4095
0
0
0
0
0
0
0
4095
0
0
0
0
0
0
0
4095
0
0
0
0
0
0
0
4095
0
0
0
0
0
0
0
4095
0
0
0
0
0
0
0
4095
0
0
0
0
0
0
0
4095
0
0
0
0
0
0
0
4095
0
0
0
0
0
0
0
4095
0
0
0
0
0
0
0
4095
0
0
0
0
0
0
0
4095
0
0
0
0
0
0
0
4095
0
0
0
0
0
0
0
4095
0
0
0
0
0
0
0
4095
0
0
0
0
0
0
0
4095
0
0
0
0
0
0
0
4095
0
0
0
0
0
0
0
4095
0
0
0
0
0
0
0
4095
0
0
0
0
0
0
0
4095
0
0
0
0
0
0
0
4095
0
0
0
0
0
0
0
4095
0
0
0
0
0
0
0
4095
0
0
0
0
0
0
0
4095
0
0
0
0
0
0
0
4095
0
0
0
0
0
0
0
4095
0
0
0
0
0
0
0
4095
0
0
0
0
0
0
0
4095
0
0
0
0
0
0
0
4095
0
0
0
0
0
0
0
4095
0
0
0
0
0
0
0
4095
0
0
0
0
0
0
0
4095
0
0
0
0
0
0
0
4095
0
0
0
0
0
0
0
4095
0
0
0
0
0
0
0
4095
0
0
0
0
0
0
0
4095
0
0
0
0
0
0
0
4095
0
0
0
0
0
0
0
4095
0
0
0
0
0
0
0
4095
0
0
0
0
0
0
0
4095
0
0
0
0
0
0
0
4095
0
0
0
0
0
0
0
4095
0
0
0
0
0
0
0
4095
0
0
0
0
0
0
0
4095
0
0
0
0
0
0
0
4095
0
0
0
0
0
0
0
4095
0
0
0
0
0
0
0
4095
0
0
0
0
0
0
0
4095
0
0
0
0
0
0
0
4095
0
0
0
0
0
0
0
4095
0
0
0
0
0
0
0
4095
0
0
0
0
0
0
0
4095
0
0
0
0
0
0
0
4095
0
0
0
0
0
0
0
4095
0
0
0
0
0
0
0
4095
0
0
0
0
0
0
0
4095
0
0
0
0
0
0
0
4095
0
0
0
0
0
0
0
4095
0
0
0
0
0
0
0
4095
0
0
0
0
0
0
0
4095
0
0
0
0
0
0
0
4095
0
0
0
0
0
0
0
4095
0
0
0
0
0
0
0
4095
0
0
0
0
0
0
0
4095
0
0
0
0
0
0
0
4095
0
0
0
0
0
0
0
4095
0
0
0
0
0
0
0
4095
0
0
0
0
0
0
0
4095
0
0
0
0
0
0
0
4095
0
0
0
0
0
0
0
4095
0
0
0
0
0
0
0
4095
0
0
0
0
0
0
0
4095
0
0
0
0
0
0
0
4095
0
0
0
0
0
0
0
4095
0
0
0
0
0
0
0
4095
0
0
0
0
0
0
0
4095
0
0
0
0
0
0
0
4095
0
0
0
0
0
0
0
4095
0
0
0
0
0
0
0
4095
0
0
0
0
0
0
0
4095
0
0
0
0
0
0
0
4095
0
0
0
0
0
0
0
4095
0
0
0
0
0
0
0
4095
0
0
0
0
0
0
0
4095
0
0
0
0
0
0
0
4095
0
0
0
0
0
0
0
4095
0
0
0
0
0
0
0
4095
0
0
0
0
0
0
0
4095
0
0
0
0
0
0
0
4095
0
0
0
0
0
0
0
4095
0
0
0
0
0
0
0
4095
0
0
0
0
0
0
0
4095
0
0
0
0
0
0
0
4095
0
0
0
0
0
0
0
4095
0
0
0
0
0
0
0
4095
0
0
0
0
0
0
0
4095
0
0
0
0
0
0
0
4095
0
0
0
0
0
0
0
4095
0
0
0
0
0
0
0
4095
0
0
0
0
0
0
0
4095
0
0
0
0
0
0
0
4095
0
0
0
0
0
0
0
4095
0
0
0
0
0
0
0
4095
0
0
0
0
0
0
0
4095
0
0
0
0
0
0
0
4095
0
0
0
0
0
0
0
4095
0
0
0
0
0
0
0
4095
0
0
0
0
0
0
0
4095
0
0
0
0
0
0
0
4095
0
0
0
0
0
0
0
4095
0
0
0
0
0
0
0
4095
0
0
0
0
0
0
0
4095
0
0
0
0
0
0
0
4095
0
0
0
0
0
0
0
4095
0
0
0
0
0
0
0
4095
0
0
0
0
0
0
0
4095
0
0
0
0
0
0
0
4095
0
0
0
0
0
0
0
4095
0
0
0
0
0
0
0
4095
0
0
0
0
0
0
0
4095
0
0
0
0
0
0
0
4095
0
0
0
0
0
0
0
4095
0
0
0
0
0
0
0
4095
0
0
0
0
0
0
0
4095
0
0
0
0
0
0
0
4095
0
0
0
0
0
0
0
4095
0
0
0
0
0
0
0
4095
0
0
0
0
0
0
0
4095
0
0
0
0
0
0
0
4095
0
0
0
0
0
0
0
4095
0
0
0
0
0
0
0
4095
0
0
0
0
0
0
0
4095
0
0
0
0
0
0
0
4095
0
0
0
0
0
0
0
4095
0
0
0
0
0
0
0
4095
0
0
0
0
0
0
0
4095
0
0
0
0
0
0
0
4095
0
0
0
0
0
0
0
4095
0
0
0
0
0
0
0
4095
0
0
0
0
0
0
0
4095
0
0
0
0
0
0
0
4095
0
0
0
0
0
0
0
4095
0
0
0
0
0
0
0
4095
0
0
0
0
0
0
0
4095
0
0
0
0
0
0
0
4095
0
0
0
0
0
0
0
4095
0
0
0
0
0
0
0
4095
0
0
0
0
0
0
0
4095
0
0
0
0
0
0
0
4095
0
0
0
0
0
0
0
4095
0
0
0
0
0
0
0
4095
0
0
0
0
0
0
0
4095
0
0
0
0
0
0
0
4095
0
0
0
0
0
0
0
4095
0
0
0
0
0
0
0
4095
0
0
0
0
0
0
0
4095
0
0
0
0
0
0
0
4095
0
0
0
0
0
0
0
4095
0
0
0
0
0
0
0
4095
0
0
0
0
0
0
0
4095
0
0
0
0
0
0
0
4095
0
0
0
0
0
0
0
4095
0
0
0
0
0
0
0
4095
0
0
0
0
0
0
0
4095
0
0
0
0
0
0
0
4095
0
0
0
0
0
0
0
4095
0
0
0
0
0
0
0
4095
0
0
0
0
0
0
0
4095
0
0
0
0
0
0
0
4095
0
0
0
0
0
0
0
4095
0
0
0
0
0
0
0
4095
0
0
0
0
0
0
0
4095
0
0
0
0
0
0
0
4095
0
0
0
0
0
0
0
4095
0
0
0
0
0
0
0
4095
0
0
0
0
0
0
0
4095
0
0
0
0
0
0
0
4095
0
0
0
0
0
0
0
4095
0
0
0
0
0
0
0
4095
0
0
0
0
0
0
0
4095
0
0
0
0
0
0
0
4095
0
0
0
0
0
0
0
4095
0
0
0
0
0
0
0
4095
0
0
0
0
0
0
0
4095
0
0
0
0
0
0
0
4095
0
0
0
0
0
0
0
4095
0
0
0
0
0
0
0
4095
0
0
0
0
0
0
0
4095
0
0
0
0
0
0
0
4095
0
0
0
0
0
0
0
4095
0
0
0
0
0
0
0
4095
0
0
0
0
0
0
0
4095
0
0
0
0
0
0
0
4095
0
0
0
0
0
0
0
4095
0
0
0
0
0
0
0
4095
0
0
0
0
0
0
0
4095
0
0
0
0
0
0
0
4095
0
0
0
0
0
0
0
4095
0
0
0
0
0
0
0
4095
0
0
0
0
0
0
0
4095
0
0
0
0
0
0
0
4095
0
0
0
0
0
0
0
4095
0
0
0
0
0
0
0
4095
0
0
0
0
0
0
0
4095
0
0
0
0
0
0
0
4095
0
0
0
0
0
0
0
4095
0
0
0
0
0
0
0
4095
0
0
0
0
0
0
0
4095
0
0
0
0
0
0
0
4095
0
0
0
0
0
0
0
4095
0
0
0
0
0
0
0
4095
0
0
0
0
0
0
0
4095
0
0
0
0
0
0
0
4095
0
0
0
0
0
0
0
4095
0
0
0
0
0
0
0
4095
0
0
0
0
0
0
0
4095
0
0
0
0
0
0
0
4095
0
0
0
0
0
0
0
4095
0
0
0
0
0
0
0
4095
0
0
0
0
0
0
0
4095
0
0
0
0
0
0
0
4095
0
0
0
0
0
0
0
4095
0
0
0
0
0
0
0
4095
0
0
0
0
0
0
0
4095
0
0
0
0
0
0
0
4095
0
0
0
0
0
0
0
4095
0
0
0
0
0
0
0
4095
0
0
0
0
0
0
0
4095
0
0
0
0
0
0
0
4095
0
0
0
0
0
0
0
4095
0
0
0
0
0
0
0
4095
0
0
0
0
0
0
0
4095
0
0
0
0
0
0
0
4095
0
0
0
0
0
0
0
4095
0
0
0
0
0
0
0
4095
0
0
0
0
0
0
0
4095
0
0
0
0
0
0
0
4095
0
0
0
0
0
0
0
4095
0
0
0
0
0
0
0
4095
0
0
0
0
0
0
0
4095
0
0
0
0
0
0
0
4095
0
0
0
0
0
0
0
4095
0
0
0
0
0
0
0
4095
0
0
0
0
0
0
0
4095
0
0
0
0
0
0
0
4095
0
0
0
0
0
0
0
4095
0
0
0
0
0
0
0
4095
0
0
0
0
0
0
0
4095
0
0
0
0
0
0
0
4095
0
0
0
0
0
0
0
4095
0
0
0
0
0
0
0
4095
0
0
0
0
0
0
0
4095
0
0
0
0
0
0
0
4095
0
0
0
0
0
0
0
4095
0
0
0
0
0
0
0
4095
0
0
0
0
0
0
0
4095
0
0
0
0
0
0
0
4095
0
0
0
0
0
0
0
4095
0
0
0
0
0
0
0
4095
0
0
0
0
0
0
0
4095
0
0
0
0
0
0
0
4095
0
0
0
0
0
0
0
4095
0
0
0
0
0
0
0
4095
0
0
0
0
0
0
0
4095
0
0
0
0
0
0
0
4095
0
0
0
0
0
0
0
4095
0
0
0
0
0
0
0
4095
0
0
0
0
0
0
0
4095
0
0
0
0
0
0
0
4095
0
0
0
0
0
0
0
4095
0
0
0
0
0
0
0
4095
0
0
0
0
0
0
0
4095
0
0
0
0
0
0
0
4095
0
0
0
0
0
0
0
4095
0
0
0
0
0
0
0
4095
0
0
0
0
0
0
0
4095
0
0
0
0
0
0
0
4095
0
0
0
0
0
0
0
4095
0
0
0
0
0
0
0
4095
0
0
0
0
0
0
0
4095
0
0
0
0
0
0
0
4095
0
0
0
0
0
0
0
4095
0
0
0
0
0
0
0
4095
0
0
0
0
0
0
0
4095
0
0
0
0
0
0
0
4095
0
0
0
0
0
0
0
4095
0
0
0
0
0
0
0
4095
0
0
0
0
0
0
0
4095
0
0
0
0
0
0
0
4095
0
0
0
0
0
0
0
4095
0
0
0
0
0
0
0
4095
0
0
0
0
0
0
0
4095
0
0
0
0
0
0
0
4095
0
0
0
0
0
0
0
4095
0
0
0
0
0
0
0
4095
0
0
0
0
0
0
0
4095
0
0
0
0
0
0
0
4095
0
0
0
0
0
0
0
4095
0
0
0
0
0
0
0
4095
0
0
0
0
0
0
0
4095
0
0
0
0
0
0
0
4095
0
0
0
0
0
0
0
4095
0
0
0
0
0
0
0
4095
0
0
0
0
0
0
0
4095
0
0
0
0
0
0
0
4095
0
0
0
0
0
0
0
4095
0
0
0
0
0
0
0
4095
0
0
0
0
0
0
0
4095
0
0
0
0
0
0
0
4095
0
0
0
0
0
0
0
4095
0
0
0
0
0
0
0
4095
0
0
0
0
0
0
0
4095
0
0
0
0
0
0
0
4095
0
0
0
0
0
0
0
4095
0
0
0
0
0
0
0
4095
0
0
0
0
0
0
0
4095
0
0
0
0
0
0
0
4095
0
0
0
0
0
0
0
4095
0
0
0
0
0
0
0
4095
0
0
0
0
0
0
0
4095
0
0
0
0
0
0
0
4095
0
0
0
0
0
0
0
4095
0
0
0
0
0
0
0
4095
0
0
0
0
0
0
0
4095
0
0
0
0
0
0
0
4095
0
0
0
0
0
0
0
4095
0
0
0
0
0
0
0
4095
0
0
0
0
0
0
0
4095
0
0
0
0
0
0
0
4095
0
0
0
0
0
0
0
4095
0
0
0
0
0
0
0
4095
0
0
0
0
0
0
0
4095
0
0
0
0
0
0
0
4095
0
0
0
0
0
0
0
4095
0
0
0
0
0
0
0
4095
0
0
0
0
0
0
0
4095
0
0
0
0
0
0
0
4095
0
0
0
0
0
0
0
4095
0
0
0
0
0
0
0
4095
0
0
0
0
0
0
0
4095
0
0
0
0
0
0
0
4095
0
0
0
0
0
0
0
4095
0
0
0
0
0
0
0
4095
0
0
0
0
0
0
0
4095
0
0
0
0
0
0
0
4095
0
0
0
0
0
0
0
4095
0
0
0
0
0
0
0
4095
0
0
0
0
0
0
0
4095
0
0
0
0
0
0
0
4095
0
0
0
0
0
0
0
4095
0
0
0
0
0
0
0
4095
0
0
0
0
0
0
0
4095
0
0
0
0
0
0
0
4095
0
0
0
0
0
0
0
4095
0
0
0
0
0
0
0
4095
0
0
0
0
0
0
0
4095
0
0
0
0
0
0
0
4095
0
0
0
0
0
0
0
4095
0
0
0
0
0
0
0
4095
0
0
0
0
0
0
0
4095
0
0
0
0
0
0
0
4095
0
0
0
0
0
0
0
4095
0
0
0
0
0
0
0
4095
0
0
0
0
0
0
0
4095
0
0
0
0
0
0
0
4095
0
0
0
0
0
0
0
4095
0
0
0
0
0
0
0
4095
0
0
0
0
0
0
0
4095
0
0
0
0
0
0
0
4095
0
0
0
0
0
0
0
4095
0
0
0
0
0
0
0
4095
0
0
0
0
0
0
0
4095
0
0
0
0
0
0
0
4095
0
0
0
0
0
0
0
4095
0
0
0
0
0
0
0
4095
0
0
0
0
0
0
0
4095
0
0
0
0
0
0
0
4095
0
0
0
0
0
0
0
4095
0
0
0
0
0
0
0
4095
0
0
0
0
0
0
0
4095
0
0
0
0
0
0
0
4095
0
0
0
0
0
0
0
4095
0
0
0
0
0
0
0
4095
0
0
0
0
0
0
0
4095
0
0
0
0
0
0
0
4095
0
0
0
0
0
0
0
4095
0
0
0
0
0
0
0
4095
0
0
0
0
0
0
0
4095
0
0
0
0
0
0
0
4095
0
0
0
0
0
0
0
4095
0
0
0
0
0
0
0
4095
0
0
0
0
0
0
0
4095
0
0
0
0
0
0
0
4095
0
0
0
0
0
0
0
4095
0
0
0
0
0
0
0
4095
0
0
0
0
0
0
0
4095
0
0
0
0
0
0
0
4095
0
0
0
0
0
0
0
4095
0
0
0
0
0
0
0
4095
0
0
0
0
0
0
0
4095
0
0
0
0
0
0
0
4095
0
0
0
0
0
0
0
4095
0
0
0
0
0
0
0
4095
0
0
0
0
0
0
0
4095
0
0
0
0
0
0
0
4095
0
0
0
0
0
0
0
4095
0
0
0
0
0
0
0
4095
0
0
0
0
0
0
0
4095
0
0
0
0
0
0
0
4095
0
0
0
0
0
0
0
4095
0
0
0
0
0
0
0
4095
0
0
0
0
0
0
0
4095
0
0
0
0
0
0
0
4095
0
0
0
0
0
0
0
4095
0
0
0
0
0
0
0
4095
0
0
0
0
0
0
0
4095
0
0
0
0
0
0
0
4095
0
0
0
0
0
0
0
4095
0
0
0
0
0
0
0
4095
0
0
0
0
0
0
0
4095
0
0
0
0
0
0
0
4095
0
0
0
0
0
0
0
4095
0
0
0
0
0
0
0
4095
0
0
0
0
0
0
0
4095
0
0
0
0
0
0
0
4095
0
0
0
0
0
0
0
4095
0
0
0
0
0
0
0
4095
0
0
0
0
0
0
0
4095
0
0
0
0
0
0
0
4095
0
0
0
0
0
0
0
4095
0
0
0
0
0
0
0
4095
0
0
0
0
0
0
0
4095
0
0
0
0
0
0
0
4095
0
0
0
0
0
0
0
4095
0
0
0
0
0
0
0
4095
0
0
0
0
0
0
0
4095
0
0
0
0
0
0
0
4095
0
0
0
0
0
0
0
4095
0
0
0
0
0
0
0
4095
0
0
0
0
0
0
0
4095
0
0
0
0
0
0
0
4095
0
0
0
0
0
0
0
4095
0
0
0
0
0
0
0
4095
0
0
0
0
0
0
0
4095
0
0
0
0
0
0
0
4095
0
0
0
0
0
0
0
4095
0
0
0
0
0
0
0
4095
0
0
0
0
0
0
0
4095
0
0
0
0
0
0
0
4095
0
0
0
0
0
0
0
4095
0
0
0
0
0
0
0
4095
0
0
0
0
0
0
0
4095
0
0
0
0
0
0
0
4095
0
0
0
0
0
0
0
4095
0
0
0
0
0
0
0
4095
0
0
0
0
0
0
0
4095
0
0
0
0
0
0
0
4095
0
0
0
0
0
0
0
4095
0
0
0
0
0
0
0
4095
0
0
0
0
0
0
0
4095
0
0
0
0
0
0
0
4095
0
0
0
0
0
0
0
4095
0
0
0
0
0
0
0
4095
0
0
0
0
0
0
0
4095
0
0
0
0
0
0
0
4095
0
0
0
0
0
0
0
4095
0
0
0
0
0
0
0
4095
0
0
0
0
0
0
0
4095
0
0
0
0
0
0
0
4095
0
0
0
0
0
0
0
4095
0
0
0
0
0
0
0
4095
0
0
0
0
0
0
0
4095
0
0
0
0
0
0
0
4095
0
0
0
0
0
0
0
4095
0
0
0
0
0
0
0
4095
0
0
0
0
0
0
0
4095
0
0
0
0
0
0
0
4095
0
0
0
0
0
0
0
4095
0
0
0
0
0
0
0
4095
0
0
0
0
0
0
0
4095
0
0
0
0
0
0
0
4095
0
0
0
0
0
0
0
4095
0
0
0
0
0
0
0
4095
0
0
0
0
0
0
0
4095
0
0
0
0
0
0
0
4095
0
0
0
0
0
0
0
4095
0
0
0
0
0
0
0
4095
0
0
0
0
0
0
0
4095
0
0
0
0
0
0
0
4095
0
0
0
0
0
0
0
4095
0
0
0
0
0
0
0
4095
0
0
0
0
0
0
0
4095
0
0
0
0
0
0
0
4095
0
0
0
0
0
0
0
4095
0
0
0
0
0
0
0
4095
0
0
0
0
0
0
0
4095
0
0
0
0
0
0
0
4095
0
0
0
0
0
0
0
4095
0
0
0
0
0
0
0
4095
0
0
0
0
0
0
0
4095
0
0
0
0
0
0
0
4095
0
0
0
0
0
0
0
4095
0
0
0
0
0
0
0
4095
0
0
0
0
0
0
0
4095
0
0
0
0
0
0
0
4095
0
0
0
0
0
0
0
4095
0
0
0
0
0
0
0
4095
0
0
0
0
0
0
0
4095
0
0
0
0
0
0
0
4095
0
0
0
0
0
0
0
4095
0
0
0
0
0
0
0
4095
0
0
0
0
0
0
0
4095
0
0
0
0
0
0
0
4095
0
0
0
0
0
0
0
4095
0
0
0
0
0
0
0
4095
0
0
0
0
0
0
0
4095
0
0
0
0
0
0
0
4095
0
0
0
0
0
0
0
4095
0
0
0
0
0
0
0
4095
0
0
0
0
0
0
0
4095
0
0
0
0
0
0
0
4095
0
0
0
0
0
0
0
4095
0
0
0
0
0
0
0
4095
0
0
0
0
0
0
0
4095
0
0
0
0
0
0
0
4095
0
0
0
0
0
0
0
4095
0
0
0
0
0
0
0
4095
0
0
0
0
0
0
0
4095
0
0
0
0
0
0
0
4095
0
0
0
0
0
0
0
4095
0
0
0
0
0
0
0
4095
0
0
0
0
0
0
0
4095
0
0
0
0
0
0
0
4095
0
0
0
0
0
0
0
4095
0
0
0
0
0
0
0
4095
0
0
0
0
0
0
0
4095
0
0
0
0
0
0
0
4095
0
0
0
0
0
0
0
4095
0
0
0
0
0
0
0
4095
0
0
0
0
0
0
0
4095
0
0
0
0
0
0
0
4095
0
0
0
0
0
0
0
4095
0
0
0
0
0
0
0
4095
0
0
0
0
0
0
0
4095
0
0
0
0
0
0
0
4095
0
0
0
0
0
0
0
4095
0
0
0
0
0
0
0
4095
0
0
0
0
0
0
0
4095
0
0
0
0
0
0
0
4095
0
0
0
0
0
0
0
4095
0
0
0
0
0
0
0
4095
0
0
0
0
0
0
0
4095
0
0
0
0
0
0
0
4095
0
0
0
0
0
0
0
4095
0
0
0
0
0
0
0
4095
0
0
0
0
0
0
0
4095
0
0
0
0
0
0
0
4095
0
0
0
0
0
0
0
4095
0
0
0
0
0
0
0
4095
0
0
0
0
0
0
0
4095
0
0
0
0
0
0
0
4095
0
0
0
0
0
0
0
4095
0
0
0
0
0
0
0
4095
0
0
0
0
0
0
0
4095
0
0
0
0
0
0
0
4095
0
0
0
0
0
0
0
4095
0
0
0
0
0
0
0
4095
0
0
0
0
0
0
0
4095
0
0
0
0
0
0
0
4095
0
0
0
0
0
0
0
4095
0
0
0
0
0
0
0
4095
0
0
0
0
0
0
0
4095
0
0
0
0
0
0
0
4095
0
0
0
0
0
0
0
4095
0
0
0
0
0
0
0
4095
0
0
0
0
0
0
0
4095
0
0
0
0
0
0
0
4095
0
0
0
0
0
0
0
4095
0
0
0
0
0
0
0
4095
0
0
0
0
0
0
0
4095
0
0
0
0
0
0
0
4095
0
0
0
0
0
0
0
4095
0
0
0
0
0
0
0
4095
0
0
0
0
0
0
0
4095
0
0
0
0
0
0
0
4095
0
0
0
0
0
0
0
4095
0
0
0
0
0
0
0
4095
0
0
0
0
0
0
0
4095
0
0
0
0
0
0
0
4095
0
0
0
0
0
0
0
4095
0
0
0
0
0
0
0
4095
0
0
0
0
0
0
0
4095
0
0
0
0
0
0
0
4095
0
0
0
0
0
0
0
4095
0
0
0
0
0
0
0
4095
0
0
0
0
0
0
0
4095
0
0
0
0
0
0
0
4095
0
0
0
0
0
0
0
4095
0
0
0
0
0
0
0
4095
0
0
0
0
0
0
0
4095
0
0
0
0
0
0
0
4095
0
0
0
0
0
0
0
4095
0
0
0
0
0
0
0
4095
0
0
0
0
0
0
0
4095
0
0
0
0
0
0
0
4095
0
0
0
0
0
0
0
4095
0
0
0
0
0
0
0
4095
0
0
0
0
0
0
0
4095
0
0
0
0
0
0
0
4095
0
0
0
0
0
0
0
4095
0
0
0
0
0
0
0
4095
0
0
0
0
0
0
0
4095
0
0
0
0
0
0
0
4095
0
0
0
0
0
0
0
4095
0
0
0
0
0
0
0
4095
0
0
0
0
0
0
0
4095
0
0
0
0
0
0
0
4095
0
0
0
0
0
0
0
4095
0
0
0
0
0
0
0
4095
0
0
0
0
0
0
0
4095
0
0
0
0
0
0
0
4095
0
0
0
0
0
0
0
4095
0
0
0
0
0
0
0
4095
0
0
0
0
0
0
0
4095
0
0
0
0
0
0
0
4095
0
0
0
0
0
0
0
4095
0
0
0
0
0
0
0
4095
0
0
0
0
0
0
0
4095
0
0
0
0
0
0
0
4095
0
0
0
0
0
0
0
4095
0
0
0
0
0
0
0
4095
0
0
0
0
0
0
0
4095
0
0
0
0
0
0
0
4095
0
0
0
0
0
0
0
4095
0
0
0
0
0
0
0
4095
0
0
0
0
0
0
0
4095
0
0
0
0
0
0
0
4095
0
0
0
0
0
0
0
4095
0
0
0
0
0
0
0
4095
0
0
0
0
0
0
0
4095
0
0
0
0
0
0
0
4095
0
0
0
0
0
0
0
4095
0
0
0
0
0
0
0
4095
0
0
0
0
0
0
0
4095
0
0
0
0
0
0
0
4095
0
0
0
0
0
0
0
4095
0
0
0
0
0
0
0
4095
0
0
0
0
0
0
0
4095
0
0
0
0
0
0
0
4095
0
0
0
0
0
0
0
4095
0
0
0
0
0
0
0
4095
0
0
0
0
0
0
0
4095
0
0
0
0
0
0
0
4095
0
0
0
0
0
0
0
4095
0
0
0
0
0
0
0
4095
0
0
0
0
0
0
0
4095
0
0
0
0
0
0
0
4095
0
0
0
0
0
0
0
4095
0
0
0
0
0
0
0
4095
0
0
0
0
0
0
0
4095
0
0
0
0
0
0
0
4095
0
0
0
0
0
0
0
4095
0
0
0
0
0
0
0
4095
0
0
0
0
0
0
0
4095
0
0
0
0
0
0
0
4095
0
0
0
0
0
0
0
4095
0
0
0
0
0
0
0
4095
0
0
0
0
0
0
0
4095
0
0
0
0
0
0
0
4095
0
0
0
0
0
0
0
4095
0
0
0
0
0
0
0
4095
0
0
0
0
0
0
0
4095
0
0
0
0
0
0
0
4095
0
0
0
0
0
0
0
4095
0
0
0
0
0
0
0
4095
0
0
0
0
0
0
0
4095
0
0
0
0
0
0
0
4095
0
0
0
0
0
0
0
4095
0
0
0
0
0
0
0
4095
0
0
0
0
0
0
0
4095
0
0
0
0
0
0
0
4095
0
0
0
0
0
0
0
4095
0
0
0
0
0
0
0
4095
0
0
0
0
0
0
0
4095
0
0
0
0
0
0
0
4095
0
0
0
0
0
0
0
4095
0
0
0
0
0
0
0
4095
0
0
0
0
0
0
0
4095
0
0
0
0
0
0
0
4095
0
0
0
0
0
0
0
4095
0
0
0
0
0
0
0
4095
0
0
0
0
0
0
0
4095
0
0
0
0
0
0
0
4095
0
0
0
0
0
0
0
4095
0
0
0
0
0
0
0
4095
0
0
0
0
0
0
0
4095
0
0
0
0
0
0
0
4095
0
0
0
0
0
0
0
4095
0
0
0
0
0
0
0
4095
0
0
0
0
0
0
0
4095
0
0
0
0
0
0
0
4095
0
0
0
0
0
0
0
4095
0
0
0
0
0
0
0
4095
0
0
0
0
0
0
0
4095
0
0
0
0
0
0
0
4095
0
0
0
0
0
0
0
4095
0
0
0
0
0
0
0
4095
0
0
0
0
0
0
0
4095
0
0
0
0
0
0
0
4095
0
0
0
0
0
0
0
4095
0
0
0
0
0
0
0
4095
0
0
0
0
0
0
0
4095
0
0
0
0
0
0
0
4095
0
0
0
0
0
0
0
4095
0
0
0
0
0
0
0
4095
0
0
0
0
0
0
0
4095
0
0
0
0
0
0
0
4095
0
0
0
0
0
0
0
4095
0
0
0
0
0
0
0
4095
0
0
0
0
0
0
0
4095
0
0
0
0
0
0
0
4095
0
0
0
0
0
0
0
4095
0
0
0
0
0
0
0
4095
0
0
0
0
0
0
0
4095
0
0
0
0
0
0
0
4095
0
0
0
0
0
0
0
4095
0
0
0
0
0
0
0
4095
0
0
0
0
0
0
0
4095
0
0
0
0
0
0
0
4095
0
0
0
0
0
0
0
4095
0
0
0
0
0
0
0
4095
0
0
0
0
0
0
0
4095
0
0
0
0
0
0
0
4095
0
0
0
0
0
0
0
4095
0
0
0
0
0
0
0
4095
0
0
0
0
0
0
0
4095
0
0
0
0
0
0
0
4095
0
0
0
0
0
0
0
4095
0
0
0
0
0
0
0
4095
0
0
0
0
0
0
0
4095
0
0
0
0
0
0
0
4095
0
0
0
0
0
0
0
4095
0
0
0
0
0
0
0
4095
0
0
0
0
0
0
0
4095
0
0
0
0
0
0
0
4095
0
0
0
0
0
0
0
4095
0
0
0
0
0
0
0
4095
0
0
0
0
0
0
0
4095
0
0
0
0
0
0
0
4095
0
0
0
0
0
0
0
4095
0
0
0
0
0
0
0
4095
0
0
0
0
0
0
0
4095
0
0
0
0
0
0
0
4095
0
0
0
0
0
0
0
4095
0
0
0
0
0
0
0
4095
0
0
0
0
0
0
0
4095
0
0
0
0
0
0
0
4095
0
0
0
0
0
0
0
4095
0
0
0
0
0
0
0
4095
0
0
0
0
0
0
0
4095
0
0
0
0
0
0
0
4095
0
0
0
0
0
0
0
4095
0
0
0
0
0
0
0
4095
0
0
0
0
0
0
0
4095
0
0
0
0
0
0
0
4095
0
0
0
0
0
0
0
4095
0
0
0
0
0
0
0
4095
0
0
0
0
0
0
0
4095
0
0
0
0
0
0
0
4095
0
0
0
0
0
0
0
4095
0
0
0
0
0
0
0
4095
0
0
0
0
0
0
0
4095
0
0
0
0
0
0
0
4095
0
0
0
0
0
0
0
4095
0
0
0
0
0
0
0
4095
0
0
0
0
0
0
0
4095
0
0
0
0
0
0
0
4095
0
0
0
0
0
0
0
4095
0
0
0
0
0
0
0
4095
0
0
0
0
0
0
0
4095
0
0
0
0
0
0
0
4095
0
0
0
0
0
0
0
4095
0
0
0
0
0
0
0
4095
0
0
0
0
0
0
0
4095
0
0
0
0
0
0
0
4095
0
0
0
0
0
0
0
4095
0
0
0
0
0
0
0
4095
0
0
0
0
0
0
0
4095
0
0
0
0
0
0
0
4095
0
0
0
0
0
0
0
4095
0
0
0
0
0
0
0
4095
0
0
0
0
0
0
0
4095
0
0
0
0
0
0
0
4095
0
0
0
0
0
0
0
4095
0
0
0
0
0
0
0
4095
0
0
0
0
0
0
0
4095
0
0
0
0
0
0
0
4095
0
0
0
0
0
0
0
4095
0
0
0
0
0
0
0
4095
0
0
0
0
0
0
0
4095
0
0
0
0
0
0
0
4095
0
0
0
0
0
0
0
4095
0
0
0
0
0
0
0
4095
0
0
0
0
0
0
0
4095
0
0
0
0
0
0
0
4095
0
0
0
0
0
0
0
4095
0
0
0
0
0
0
0
4095
0
0
0
0
0
0
0
4095
0
0
0
0
0
0
0
4095
0
0
0
0
0
0
0
4095
0
0
0
0
0
0
0
4095
0
0
0
0
0
0
0
4095
0
0
0
0
0
0
0
4095
0
0
0
0
0
0
0
4095
0
0
0
0
0
0
0
4095
0
0
0
0
0
0
0
4095
0
0
0
0
0
0
0
4095
0
0
0
0
0
0
0
4095
0
0
0
0
0
0
0
4095
0
0
0
0
0
0
0
4095
0
0
0
0
0
0
0
4095
0
0
0
0
0
0
0
4095
0
0
0
0
0
0
0
4095
0
0
0
0
0
0
0
4095
0
0
0
0
0
0
0
4095
0
0
0
0
0
0
0
4095
0
0
0
0
0
0
0
4095
0
0
0
0
0
0
0
4095
0
0
0
0
0
0
0
4095
0
0
0
0
0
0
0
4095
0
0
0
0
0
0
0
4095
0
0
0
0
0
0
0
4095
0
0
0
0
0
0
0
4095
0
0
0
0
0
0
0
4095
0
0
0
0
0
0
0
4095
0
0
0
0
0
0
0
4095
0
0
0
0
0
0
0
4095
0
0
0
0
0
0
0
4095
0
0
0
0
0
0
0
4095
0
0
0
0
0
0
0
4095
0
0
0
0
0
0
0
4095
0
0
0
0
0
0
0
4095
0
0
0
0
0
0
0
4095
0
0
0
0
0
0
0
4095
0
0
0
0
0
0
0
4095
0
0
0
0
0
0
0
4095
0
0
0
0
0
0
0
4095
0
0
0
0
0
0
0
4095
0
0
0
0
0
0
0
4095
0
0
0
0
0
0
0
4095
0
0
0
0
0
0
0
4095
0
0
0
0
0
0
0
4095
0
0
0
0
0
0
0
4095
0
0
0
0
0
0
0
4095
0
0
0
0
0
0
0
4095
0
0
0
0
0
0
0
4095
0
0
0
0
0
0
0
4095
0
0
0
0
0
0
0
4095
0
0
0
0
0
0
0
4095
0
0
0
0
0
0
0
4095
0
0
0
0
0
0
0
4095
0
0
0
0
0
0
0
4095
0
0
0
0
0
0
0
4095
0
0
0
0
0
0
0
4095
0
0
0
0
0
0
0
4095
0
0
0
0
0
0
0
4095
0
0
0
0
0
0
0
4095
0
0
0
0
0
0
0
4095
0
0
0
0
0
0
0
4095
0
0
0
0
0
0
0
4095
0
0
0
0
0
0
0
4095
0
0
0
0
0
0
0
4095
0
0
0
0
0
0
0
4095
0
0
0
0
0
0
0
4095
0
0
0
0
0
0
0
4095
0
0
0
0
0
0
0
4095
0
0
0
0
0
0
0
4095
0
0
0
0
0
0
0
4095
0
0
0
0
0
0
0
4095
0
0
0
0
0
0
0
4095
0
0
0
0
0
0
0
4095
0
0
0
0
0
0
0
4095
0
0
0
0
0
0
0
4095
0
0
0
0
0
0
0
4095
0
0
0
0
0
0
0
4095
0
0
0
0
0
0
0
4095
0
0
0
0
0
0
0
4095
0
0
0
0
0
0
0
4095
0
0
0
0
0
0
0
4095
0
0
0
0
0
0
0
4095
0
0
0
0
0
0
0
4095
0
0
0
0
0
0
0
4095
0
0
0
0
0
0
0
4095
0
0
0
0
0
0
0
4095
0
0
0
0
0
0
0
4095
0
0
0
0
0
0
0
4095
0
0
0
0
0
0
0
4095
0
0
0
0
0
0
0
4095
0
0
0
0
0
0
0
4095
0
0
0
0
0
0
0
4095
0
0
0
0
0
0
0
4095
0
0
0
0
0
0
0
4095
0
0
0
0
0
0
0
4095
0
0
0
0
0
0
0
4095
0
0
0
0
0
0
0
4095
0
0
0
0
0
0
0
4095
0
0
0
0
0
0
0
4095
0
0
0
0
0
0
0
4095
0
0
0
0
0
0
0
4095
0
0
0
0
0
0
0
4095
0
0
0
0
0
0
0
4095
0
0
0
0
0
0
0
4095
0
0
0
0
0
0
0
4095
0
0
0
0
0
0
0
4095
0
0
0
0
0
0
0
4095
0
0
0
0
0
0
0
4095
0
0
0
0
0
0
0
4095
0
0
0
0
0
0
0
4095
0
0
0
0
0
0
0
4095
0
0
0
0
0
0
0
4095
0
0
0
0
0
0
0
4095
0
0
0
0
0
0
0
4095
0
0
0
0
0
0
0
4095
0
0
0
0
0
0
0
4095
0
0
0
0
0
0
0
4095
0
0
0
0
0
0
0
4095
0
0
0
0
0
0
0
4095
0
0
0
0
0
0
0
4095
0
0
0
0
0
0
0
4095
0
0
0
0
0
0
0
4095
0
0
0
0
0
0
0
4095
0
0
0
0
0
0
0
4095
0
0
0
0
0
0
0
4095
0
0
0
0
0
0
0
4095
0
0
0
0
0
0
0
4095
0
0
0
0
0
0
0
4095
0
0
0
0
0
0
0
4095
0
0
0
0
0
0
0
4095
0
0
0
0
0
0
0
4095
0
0
0
0
0
0
0
4095
0
0
0
0
0
0
0
4095
0
0
0
0
0
0
0
4095
0
0
0
0
0
0
0
4095
0
0
0
0
0
0
0
4095
0
0
0
0
0
0
0
4095
0
0
0
0
0
0
0
4095
0
0
0
0
0
0
0
4095
0
0
0
0
0
0
0
4095
0
0
0
0
0
0
0
4095
0
0
0
0
0
0
0
4095
0
0
0
0
0
0
0
4095
0
0
0
0
0
0
0
4095
0
0
0
0
0
0
0
4095
0
0
0
0
0
0
0
4095
0
0
0
0
0
0
0
4095
0
0
0
0
0
0
0
4095
0
0
0
0
0
0
0
4095
0
0
0
0
0
0
0
4095
0
0
0
0
0
0
0
4095
0
0
0
0
0
0
0
4095
0
0
0
0
0
0
