1083
1032
0
0
0
0
0
0
3048
3027
0
0
0
0
0
0
1082
1032
0
0
0
0
0
0
3048
3027
0
0
0
0
0
0
3048
1032
0
0
0
0
0
0
1082
3027
0
0
0
0
0
0
3049
1032
0
0
0
0
0
0
1082
3028
0
0
0
0
0
0
3049
1032
0
0
0
0
0
0
1082
3028
0
0
0
0
0
0
3049
1032
0
0
0
0
0
0
1082
3028
0
0
0
0
0
0
3049
1031
0
0
0
0
0
0
1081
3028
0
0
0
0
0
0
3049
1031
0
0
0
0
0
0
1081
3028
0
0
0
0
0
0
3049
1031
0
0
0
0
0
0
1081
3029
0
0
0
0
0
0
3050
1031
0
0
0
0
0
0
1081
3029
0
0
0
0
0
0
3050
1031
0
0
0
0
0
0
1081
3029
0
0
0
0
0
0
3050
1031
0
0
0
0
0
0
1078
3031
0
0
0
0
0
0
3050
996
0
0
0
0
0
0
1092
2976
0
0
0
0
0
0
3056
1061
0
0
0
0
0
0
1094
3091
0
0
0
0
0
0
3181
1101
0
0
0
0
0
0
1275
3084
0
0
0
0
0
0
3534
965
0
0
0
0
0
0
1683
2967
0
0
0
0
0
0
31
596
0
0
0
0
0
0
2380
2247
0
0
0
0
0
0
817
3745
0
0
0
0
0
0
2996
1319
0
0
0
0
0
0
1387
2891
0
0
0
0
0
0
3236
657
0
0
0
0
0
0
1704
2337
0
0
0
0
0
0
3125
931
0
0
0
0
0
0
1905
2665
0
0
0
0
0
0
3359
1611
0
0
0
0
0
0
2785
2660
0
0
0
0
0
0
510
1145
0
0
0
0
0
0
410
1157
0
0
0
0
0
0
1132
2892
0
0
0
0
0
0
2105
2421
0
0
0
0
0
0
2000
190
0
0
0
0
0
0
2419
727
0
0
0
0
0
0
3614
4047
0
0
0
0
0
0
1459
1683
0
0
0
0
0
0
742
2948
0
0
0
0
0
0
917
67
0
0
0
0
0
0
2258
3123
0
0
0
0
0
0
2637
507
0
0
0
0
0
0
1209
747
0
0
0
0
0
0
2256
677
0
0
0
0
0
0
3032
3582
0
0
0
0
0
0
1051
2903
0
0
0
0
0
0
1490
3562
0
0
0
0
0
0
487
464
0
0
0
0
0
0
278
2250
0
0
0
0
0
0
1316
531
0
0
0
0
0
0
850
3709
0
0
0
0
0
0
3797
2425
0
0
0
0
0
0
2623
431
0
0
0
0
0
0
2951
2717
0
0
0
0
0
0
3558
2291
0
0
0
0
0
0
1048
2840
0
0
0
0
0
0
2807
4042
0
0
0
0
0
0
447
1509
0
0
0
0
0
0
2605
3605
0
0
0
0
0
0
1508
751
0
0
0
0
0
0
3552
80
0
0
0
0
0
0
3662
1865
0
0
0
0
0
0
2529
1771
0
0
0
0
0
0
3535
2802
0
0
0
0
0
0
2693
3192
0
0
0
0
0
0
2471
234
0
0
0
0
0
0
2378
802
0
0
0
0
0
0
3747
1370
0
0
0
0
0
0
2472
1933
0
0
0
0
0
0
16
3489
0
0
0
0
0
0
3127
2824
0
0
0
0
0
0
3714
1172
0
0
0
0
0
0
3547
2205
0
0
0
0
0
0
1068
257
0
0
0
0
0
0
967
1758
0
0
0
0
0
0
2831
2604
0
0
0
0
0
0
3022
1860
0
0
0
0
0
0
933
59
0
0
0
0
0
0
2687
3921
0
0
0
0
0
0
3921
3048
0
0
0
0
0
0
2139
377
0
0
0
0
0
0
916
988
0
0
0
0
0
0
2062
1880
0
0
0
0
0
0
2409
2903
0
0
0
0
0
0
127
269
0
0
0
0
0
0
574
2859
0
0
0
0
0
0
985
1765
0
0
0
0
0
0
1097
1455
0
0
0
0
0
0
3529
1490
0
0
0
0
0
0
3419
2749
0
0
0
0
0
0
1573
2685
0
0
0
0
0
0
3494
1869
0
0
0
0
0
0
2559
228
0
0
0
0
0
0
2690
2851
0
0
0
0
0
0
2722
2175
0
0
0
0
0
0
15
599
0
0
0
0
0
0
3986
681
0
0
0
0
0
0
2987
2266
0
0
0
0
0
0
1510
2637
0
0
0
0
0
0
2625
3319
0
0
0
0
0
0
1594
2936
0
0
0
0
0
0
441
3235
0
0
0
0
0
0
2282
2346
0
0
0
0
0
0
1249
2432
0
0
0
0
0
0
2087
549
0
0
0
0
0
0
1927
1261
0
0
0
0
0
0
1342
3033
0
0
0
0
0
0
1320
3986
0
0
0
0
0
0
2764
1489
0
0
0
0
0
0
2265
2684
0
0
0
0
0
0
3816
2726
0
0
0
0
0
0
2749
2010
0
0
0
0
0
0
1968
2214
0
0
0
0
0
0
1801
3395
0
0
0
0
0
0
1481
3916
0
0
0
0
0
0
3676
2206
0
0
0
0
0
0
2896
555
0
0
0
0
0
0
3737
725
0
0
0
0
0
0
582
2284
0
0
0
0
0
0
2152
3129
0
0
0
0
0
0
2059
67
0
0
0
0
0
0
3623
227
0
0
0
0
0
0
478
215
0
0
0
0
0
0
1556
1434
0
0
0
0
0
0
1369
2453
0
0
0
0
0
0
2128
2822
0
0
0
0
0
0
1300
998
0
0
0
0
0
0
2203
1708
0
0
0
0
0
0
237
3269
0
0
0
0
0
0
3958
93
0
0
0
0
0
0
1359
3876
0
0
0
0
0
0
3364
764
0
0
0
0
0
0
3350
2202
0
0
0
0
0
0
1452
1614
0
0
0
0
0
0
1455
3479
0
0
0
0
0
0
1861
3557
0
0
0
0
0
0
1708
1009
0
0
0
0
0
0
231
2648
0
0
0
0
0
0
454
2995
0
0
0
0
0
0
1301
1019
0
0
0
0
0
0
1030
2443
0
0
0
0
0
0
3365
1726
0
0
0
0
0
0
394
946
0
0
0
0
0
0
1199
209
0
0
0
0
0
0
506
3534
0
0
0
0
0
0
3699
3853
0
0
0
0
0
0
2716
636
0
0
0
0
0
0
394
3510
0
0
0
0
0
0
1143
3457
0
0
0
0
0
0
29
2668
0
0
0
0
0
0
2479
2514
0
0
0
0
0
0
1862
3768
0
0
0
0
0
0
3643
1774
0
0
0
0
0
0
1946
2939
0
0
0
0
0
0
3770
1736
0
0
0
0
0
0
2617
188
0
0
0
0
0
0
3151
1509
0
0
0
0
0
0
1129
2073
0
0
0
0
0
0
1648
1961
0
0
0
0
0
0
2365
3450
0
0
0
0
0
0
3829
901
0
0
0
0
0
0
665
3301
0
0
0
0
0
0
117
1144
0
0
0
0
0
0
3802
1785
0
0
0
0
0
0
2700
3554
0
0
0
0
0
0
3094
3459
0
0
0
0
0
0
2938
2613
0
0
0
0
0
0
3716
2858
0
0
0
0
0
0
4078
3999
0
0
0
0
0
0
2660
3936
0
0
0
0
0
0
1691
3866
0
0
0
0
0
0
3727
2199
0
0
0
0
0
0
1108
985
0
0
0
0
0
0
3891
3940
0
0
0
0
0
0
3833
982
0
0
0
0
0
0
3729
1863
0
0
0
0
0
0
431
3707
0
0
0
0
0
0
2026
677
0
0
0
0
0
0
1193
939
0
0
0
0
0
0
385
770
0
0
0
0
0
0
3303
3848
0
0
0
0
0
0
4080
2680
0
0
0
0
0
0
2037
1433
0
0
0
0
0
0
2578
454
0
0
0
0
0
0
249
644
0
0
0
0
0
0
2329
387
0
0
0
0
0
0
3537
4046
0
0
0
0
0
0
315
1306
0
0
0
0
0
0
2808
1942
0
0
0
0
0
0
3921
1193
0
0
0
0
0
0
3349
3196
0
0
0
0
0
0
1098
409
0
0
0
0
0
0
1504
1736
0
0
0
0
0
0
4087
4053
0
0
0
0
0
0
1651
2203
0
0
0
0
0
0
4032
3986
0
0
0
0
0
0
3617
717
0
0
0
0
0
0
2207
3935
0
0
0
0
0
0
169
3188
0
0
0
0
0
0
3572
3843
0
0
0
0
0
0
2008
3644
0
0
0
0
0
0
792
3415
0
0
0
0
0
0
3588
2539
0
0
0
0
0
0
2569
2380
0
0
0
0
0
0
3642
816
0
0
0
0
0
0
3024
2834
0
0
0
0
0
0
1778
3963
0
0
0
0
0
0
2710
2151
0
0
0
0
0
0
3534
128
0
0
0
0
0
0
2766
2562
0
0
0
0
0
0
103
1023
0
0
0
0
0
0
3277
1926
0
0
0
0
0
0
1961
1393
0
0
0
0
0
0
607
2080
0
0
0
0
0
0
725
1274
0
0
0
0
0
0
1501
2798
0
0
0
0
0
0
2210
3624
0
0
0
0
0
0
2428
1832
0
0
0
0
0
0
4012
3606
0
0
0
0
0
0
2180
1148
0
0
0
0
0
0
948
1808
0
0
0
0
0
0
2590
3231
0
0
0
0
0
0
3302
570
0
0
0
0
0
0
605
1635
0
0
0
0
0
0
3260
30
0
0
0
0
0
0
1546
1002
0
0
0
0
0
0
2573
2900
0
0
0
0
0
0
3361
3669
0
0
0
0
0
0
200
3003
0
0
0
0
0
0
681
3728
0
0
0
0
0
0
3848
1996
0
0
0
0
0
0
1236
1784
0
0
0
0
0
0
2968
2925
0
0
0
0
0
0
2130
1598
0
0
0
0
0
0
162
2645
0
0
0
0
0
0
2471
1171
0
0
0
0
0
0
3051
3695
0
0
0
0
0
0
2002
3375
0
0
0
0
0
0
1365
2068
0
0
0
0
0
0
2077
1485
0
0
0
0
0
0
539
3585
0
0
0
0
0
0
1545
87
0
0
0
0
0
0
2314
340
0
0
0
0
0
0
2979
2063
0
0
0
0
0
0
3646
2334
0
0
0
0
0
0
1366
71
0
0
0
0
0
0
254
1178
0
0
0
0
0
0
3085
1494
0
0
0
0
0
0
3004
3466
0
0
0
0
0
0
2046
1383
0
0
0
0
0
0
1930
2529
0
0
0
0
0
0
615
370
0
0
0
0
0
0
1171
2055
0
0
0
0
0
0
3057
882
0
0
0
0
0
0
221
1334
0
0
0
0
0
0
981
1554
0
0
0
0
0
0
3893
4
0
0
0
0
0
0
1652
2127
0
0
0
0
0
0
2281
1383
0
0
0
0
0
0
3807
428
0
0
0
0
0
0
3849
74
0
0
0
0
0
0
3702
1253
0
0
0
0
0
0
1940
258
0
0
0
0
0
0
447
3085
0
0
0
0
0
0
214
1166
0
0
0
0
0
0
2294
3029
0
0
0
0
0
0
923
52
0
0
0
0
0
0
1686
1086
0
0
0
0
0
0
127
3652
0
0
0
0
0
0
3142
3996
0
0
0
0
0
0
496
2858
0
0
0
0
0
0
1606
2774
0
0
0
0
0
0
3073
2095
0
0
0
0
0
0
3889
2105
0
0
0
0
0
0
2521
3588
0
0
0
0
0
0
1079
205
0
0
0
0
0
0
1439
158
0
0
0
0
0
0
2978
2760
0
0
0
0
0
0
3901
2996
0
0
0
0
0
0
1415
3305
0
0
0
0
0
0
1366
2347
0
0
0
0
0
0
2527
594
0
0
0
0
0
0
1687
3170
0
0
0
0
0
0
4059
3589
0
0
0
0
0
0
2050
3524
0
0
0
0
0
0
1719
1853
0
0
0
0
0
0
2661
1470
0
0
0
0
0
0
2635
2544
0
0
0
0
0
0
2285
1765
0
0
0
0
0
0
3242
1077
0
0
0
0
0
0
3190
2668
0
0
0
0
0
0
873
2731
0
0
0
0
0
0
3447
3998
0
0
0
0
0
0
184
2570
0
0
0
0
0
0
3245
940
0
0
0
0
0
0
1137
1687
0
0
0
0
0
0
203
363
0
0
0
0
0
0
3230
411
0
0
0
0
0
0
2932
2386
0
0
0
0
0
0
3796
784
0
0
0
0
0
0
2563
2732
0
0
0
0
0
0
1884
1423
0
0
0
0
0
0
195
3760
0
0
0
0
0
0
4010
3911
0
0
0
0
0
0
1417
1234
0
0
0
0
0
0
2409
1748
0
0
0
0
0
0
1411
3791
0
0
0
0
0
0
2299
2671
0
0
0
0
0
0
15
1379
0
0
0
0
0
0
1490
2065
0
0
0
0
0
0
2239
2272
0
0
0
0
0
0
1530
3950
0
0
0
0
0
0
2961
1982
0
0
0
0
0
0
250
3821
0
0
0
0
0
0
3047
1059
0
0
0
0
0
0
3391
2903
0
0
0
0
0
0
2618
3585
0
0
0
0
0
0
1007
1222
0
0
0
0
0
0
2847
2525
0
0
0
0
0
0
1323
2278
0
0
0
0
0
0
3972
3679
0
0
0
0
0
0
3833
3245
0
0
0
0
0
0
2074
3876
0
0
0
0
0
0
2704
2923
0
0
0
0
0
0
3932
179
0
0
0
0
0
0
2811
3556
0
0
0
0
0
0
3454
698
0
0
0
0
0
0
2860
960
0
0
0
0
0
0
1012
3580
0
0
0
0
0
0
3039
2667
0
0
0
0
0
0
2112
2429
0
0
0
0
0
0
2116
2628
0
0
0
0
0
0
762
625
0
0
0
0
0
0
327
951
0
0
0
0
0
0
1112
423
0
0
0
0
0
0
2112
2580
0
0
0
0
0
0
1918
1228
0
0
0
0
0
0
2739
2111
0
0
0
0
0
0
1375
2204
0
0
0
0
0
0
3474
2930
0
0
0
0
0
0
2827
3321
0
0
0
0
0
0
2060
1820
0
0
0
0
0
0
2466
61
0
0
0
0
0
0
2935
3082
0
0
0
0
0
0
1083
3078
0
0
0
0
0
0
1733
1002
0
0
0
0
0
0
155
2974
0
0
0
0
0
0
1216
2666
0
0
0
0
0
0
2205
3766
0
0
0
0
0
0
1749
465
0
0
0
0
0
0
2085
2403
0
0
0
0
0
0
4060
2646
0
0
0
0
0
0
3495
1249
0
0
0
0
0
0
471
1400
0
0
0
0
0
0
3944
1796
0
0
0
0
0
0
2896
2874
0
0
0
0
0
0
2698
387
0
0
0
0
0
0
228
873
0
0
0
0
0
0
1353
562
0
0
0
0
0
0
4000
2076
0
0
0
0
0
0
908
2412
0
0
0
0
0
0
3121
2377
0
0
0
0
0
0
2403
2930
0
0
0
0
0
0
815
3468
0
0
0
0
0
0
1842
2774
0
0
0
0
0
0
1141
2571
0
0
0
0
0
0
2847
2200
0
0
0
0
0
0
1331
1180
0
0
0
0
0
0
1759
2317
0
0
0
0
0
0
1988
3482
0
0
0
0
0
0
1191
275
0
0
0
0
0
0
1918
1757
0
0
0
0
0
0
2251
2239
0
0
0
0
0
0
918
3584
0
0
0
0
0
0
2974
3232
0
0
0
0
0
0
1148
980
0
0
0
0
0
0
2845
228
0
0
0
0
0
0
3723
3970
0
0
0
0
0
0
1737
1237
0
0
0
0
0
0
2879
1862
0
0
0
0
0
0
1988
3019
0
0
0
0
0
0
3758
268
0
0
0
0
0
0
2458
3975
0
0
0
0
0
0
985
2541
0
0
0
0
0
0
1432
812
0
0
0
0
0
0
1777
912
0
0
0
0
0
0
3177
1273
0
0
0
0
0
0
108
2496
0
0
0
0
0
0
4090
3395
0
0
0
0
0
0
87
3795
0
0
0
0
0
0
3992
1844
0
0
0
0
0
0
1855
3184
0
0
0
0
0
0
2184
1299
0
0
0
0
0
0
1900
3668
0
0
0
0
0
0
2285
3802
0
0
0
0
0
0
3640
3040
0
0
0
0
0
0
3938
2255
0
0
0
0
0
0
2563
3468
0
0
0
0
0
0
3513
2353
0
0
0
0
0
0
2535
3116
0
0
0
0
0
0
3581
2129
0
0
0
0
0
0
98
3289
0
0
0
0
0
0
3943
1454
0
0
0
0
0
0
3050
398
0
0
0
0
0
0
586
3554
0
0
0
0
0
0
1662
1220
0
0
0
0
0
0
1957
1929
0
0
0
0
0
0
1033
907
0
0
0
0
0
0
117
2224
0
0
0
0
0
0
2003
878
0
0
0
0
0
0
1625
208
0
0
0
0
0
0
3597
537
0
0
0
0
0
0
3236
749
0
0
0
0
0
0
76
329
0
0
0
0
0
0
3965
2579
0
0
0
0
0
0
2391
224
0
0
0
0
0
0
269
1098
0
0
0
0
0
0
3806
2018
0
0
0
0
0
0
1436
612
0
0
0
0
0
0
373
1459
0
0
0
0
0
0
2425
515
0
0
0
0
0
0
475
519
0
0
0
0
0
0
3911
1572
0
0
0
0
0
0
2698
3215
0
0
0
0
0
0
1227
1092
0
0
0
0
0
0
2225
498
0
0
0
0
0
0
3963
4066
0
0
0
0
0
0
60
706
0
0
0
0
0
0
1895
1284
0
0
0
0
0
0
1631
899
0
0
0
0
0
0
625
296
0
0
0
0
0
0
1855
304
0
0
0
0
0
0
2836
557
0
0
0
0
0
0
3341
2055
0
0
0
0
0
0
886
695
0
0
0
0
0
0
1794
3977
0
0
0
0
0
0
2966
551
0
0
0
0
0
0
2515
1555
0
0
0
0
0
0
898
2178
0
0
0
0
0
0
586
1345
0
0
0
0
0
0
922
2464
0
0
0
0
0
0
2615
3979
0
0
0
0
0
0
951
3038
0
0
0
0
0
0
2134
1338
0
0
0
0
0
0
2776
3401
0
0
0
0
0
0
503
367
0
0
0
0
0
0
3616
533
0
0
0
0
0
0
1662
881
0
0
0
0
0
0
3491
2860
0
0
0
0
0
0
3035
3129
0
0
0
0
0
0
507
663
0
0
0
0
0
0
2676
2012
0
0
0
0
0
0
746
3791
0
0
0
0
0
0
3040
4084
0
0
0
0
0
0
3976
1532
0
0
0
0
0
0
741
3792
0
0
0
0
0
0
3314
1988
0
0
0
0
0
0
1371
1349
0
0
0
0
0
0
2396
1590
0
0
0
0
0
0
3786
3935
0
0
0
0
0
0
1417
3792
0
0
0
0
0
0
2297
2129
0
0
0
0
0
0
3672
1633
0
0
0
0
0
0
1022
3605
0
0
0
0
0
0
4095
2983
0
0
0
0
0
0
147
700
0
0
0
0
0
0
979
2471
0
0
0
0
0
0
1682
3474
0
0
0
0
0
0
3085
1535
0
0
0
0
0
0
692
1914
0
0
0
0
0
0
2570
3892
0
0
0
0
0
0
3469
1204
0
0
0
0
0
0
2398
1236
0
0
0
0
0
0
1375
2907
0
0
0
0
0
0
1633
1009
0
0
0
0
0
0
1202
2280
0
0
0
0
0
0
2214
3679
0
0
0
0
0
0
2548
3456
0
0
0
0
0
0
3594
1533
0
0
0
0
0
0
2376
1310
0
0
0
0
0
0
2008
3664
0
0
0
0
0
0
715
472
0
0
0
0
0
0
3923
257
0
0
0
0
0
0
704
1825
0
0
0
0
0
0
664
2435
0
0
0
0
0
0
2475
1781
0
0
0
0
0
0
3509
298
0
0
0
0
0
0
125
718
0
0
0
0
0
0
3261
2035
0
0
0
0
0
0
2319
2626
0
0
0
0
0
0
1359
4051
0
0
0
0
0
0
3129
2290
0
0
0
0
0
0
3948
4061
0
0
0
0
0
0
3247
2320
0
0
0
0
0
0
3513
3041
0
0
0
0
0
0
405
1279
0
0
0
0
0
0
2202
3580
0
0
0
0
0
0
81
1018
0
0
0
0
0
0
643
892
0
0
0
0
0
0
3823
379
0
0
0
0
0
0
2395
2118
0
0
0
0
0
0
3329
1017
0
0
0
0
0
0
2028
1175
0
0
0
0
0
0
2911
2197
0
0
0
0
0
0
1532
1038
0
0
0
0
0
0
1845
280
0
0
0
0
0
0
401
717
0
0
0
0
0
0
853
2764
0
0
0
0
0
0
3836
1382
0
0
0
0
0
0
3443
452
0
0
0
0
0
0
3748
2758
0
0
0
0
0
0
2953
3492
0
0
0
0
0
0
1405
1658
0
0
0
0
0
0
3198
1017
0
0
0
0
0
0
212
1980
0
0
0
0
0
0
3024
3633
0
0
0
0
0
0
3197
3812
0
0
0
0
0
0
3559
2958
0
0
0
0
0
0
1799
2666
0
0
0
0
0
0
3322
956
0
0
0
0
0
0
3204
4022
0
0
0
0
0
0
538
2833
0
0
0
0
0
0
4045
1954
0
0
0
0
0
0
751
908
0
0
0
0
0
0
1132
2237
0
0
0
0
0
0
297
417
0
0
0
0
0
0
2857
1845
0
0
0
0
0
0
2154
813
0
0
0
0
0
0
2507
1028
0
0
0
0
0
0
3998
3925
0
0
0
0
0
0
2011
3382
0
0
0
0
0
0
663
1809
0
0
0
0
0
0
2120
1023
0
0
0
0
0
0
479
2728
0
0
0
0
0
0
907
290
0
0
0
0
0
0
522
2374
0
0
0
0
0
0
743
2761
0
0
0
0
0
0
3190
285
0
0
0
0
0
0
1913
405
0
0
0
0
0
0
3212
1460
0
0
0
0
0
0
1837
2994
0
0
0
0
0
0
701
1470
0
0
0
0
0
0
1935
234
0
0
0
0
0
0
1763
2726
0
0
0
0
0
0
1927
2245
0
0
0
0
0
0
2456
972
0
0
0
0
0
0
1635
1460
0
0
0
0
0
0
949
3679
0
0
0
0
0
0
3297
685
0
0
0
0
0
0
516
1771
0
0
0
0
0
0
3787
931
0
0
0
0
0
0
2907
0
0
0
0
0
0
0
1839
313
0
0
0
0
0
0
3092
2595
0
0
0
0
0
0
3987
2459
0
0
0
0
0
0
281
2677
0
0
0
0
0
0
1134
4016
0
0
0
0
0
0
2348
3729
0
0
0
0
0
0
214
232
0
0
0
0
0
0
293
1986
0
0
0
0
0
0
350
662
0
0
0
0
0
0
3294
3291
0
0
0
0
0
0
1105
2491
0
0
0
0
0
0
1146
2253
0
0
0
0
0
0
235
1050
0
0
0
0
0
0
333
2514
0
0
0
0
0
0
2227
3836
0
0
0
0
0
0
2225
3521
0
0
0
0
0
0
3769
1046
0
0
0
0
0
0
3695
1229
0
0
0
0
0
0
1341
2724
0
0
0
0
0
0
270
3454
0
0
0
0
0
0
2836
1841
0
0
0
0
0
0
2923
1143
0
0
0
0
0
0
2720
1869
0
0
0
0
0
0
1667
1059
0
0
0
0
0
0
2186
909
0
0
0
0
0
0
3497
2170
0
0
0
0
0
0
1316
1267
0
0
0
0
0
0
2412
848
0
0
0
0
0
0
1611
880
0
0
0
0
0
0
3175
519
0
0
0
0
0
0
3961
684
0
0
0
0
0
0
3051
1728
0
0
0
0
0
0
3713
1856
0
0
0
0
0
0
3502
687
0
0
0
0
0
0
362
3971
0
0
0
0
0
0
2594
3030
0
0
0
0
0
0
2733
3429
0
0
0
0
0
0
469
295
0
0
0
0
0
0
113
3268
0
0
0
0
0
0
2857
1757
0
0
0
0
0
0
4056
1103
0
0
0
0
0
0
526
3400
0
0
0
0
0
0
281
3298
0
0
0
0
0
0
3882
371
0
0
0
0
0
0
3844
2538
0
0
0
0
0
0
450
230
0
0
0
0
0
0
2911
1547
0
0
0
0
0
0
1254
2698
0
0
0
0
0
0
2831
2429
0
0
0
0
0
0
1836
1333
0
0
0
0
0
0
3839
3962
0
0
0
0
0
0
1298
1401
0
0
0
0
0
0
117
528
0
0
0
0
0
0
2077
2426
0
0
0
0
0
0
526
246
0
0
0
0
0
0
3037
3886
0
0
0
0
0
0
1038
3686
0
0
0
0
0
0
700
2071
0
0
0
0
0
0
116
3595
0
0
0
0
0
0
2452
485
0
0
0
0
0
0
1264
806
0
0
0
0
0
0
3151
2974
0
0
0
0
0
0
2304
1823
0
0
0
0
0
0
1923
1848
0
0
0
0
0
0
1416
656
0
0
0
0
0
0
577
3537
0
0
0
0
0
0
2167
377
0
0
0
0
0
0
3771
2748
0
0
0
0
0
0
2599
2103
0
0
0
0
0
0
2082
1229
0
0
0
0
0
0
966
2369
0
0
0
0
0
0
1725
3220
0
0
0
0
0
0
108
3813
0
0
0
0
0
0
2386
785
0
0
0
0
0
0
3796
302
0
0
0
0
0
0
2354
2686
0
0
0
0
0
0
1962
155
0
0
0
0
0
0
1814
630
0
0
0
0
0
0
3523
2312
0
0
0
0
0
0
772
3116
0
0
0
0
0
0
713
1620
0
0
0
0
0
0
1695
3492
0
0
0
0
0
0
2494
3440
0
0
0
0
0
0
3428
486
0
0
0
0
0
0
1526
3190
0
0
0
0
0
0
2112
2165
0
0
0
0
0
0
1541
3449
0
0
0
0
0
0
838
992
0
0
0
0
0
0
2622
3323
0
0
0
0
0
0
3465
345
0
0
0
0
0
0
3492
3276
0
0
0
0
0
0
3699
2327
0
0
0
0
0
0
1930
1091
0
0
0
0
0
0
2311
3271
0
0
0
0
0
0
1390
1373
0
0
0
0
0
0
1993
2824
0
0
0
0
0
0
2401
1661
0
0
0
0
0
0
2943
823
0
0
0
0
0
0
3697
3596
0
0
0
0
0
0
1101
235
0
0
0
0
0
0
3226
3459
0
0
0
0
0
0
2220
2564
0
0
0
0
0
0
1368
3222
0
0
0
0
0
0
531
3263
0
0
0
0
0
0
1531
37
0
0
0
0
0
0
698
159
0
0
0
0
0
0
285
1641
0
0
0
0
0
0
1300
2077
0
0
0
0
0
0
2527
3156
0
0
0
0
0
0
689
411
0
0
0
0
0
0
2315
1722
0
0
0
0
0
0
2343
1985
0
0
0
0
0
0
554
213
0
0
0
0
0
0
2742
1508
0
0
0
0
0
0
961
2625
0
0
0
0
0
0
1645
1152
0
0
0
0
0
0
2797
1802
0
0
0
0
0
0
355
1007
0
0
0
0
0
0
484
491
0
0
0
0
0
0
1349
670
0
0
0
0
0
0
1821
3965
0
0
0
0
0
0
1052
3247
0
0
0
0
0
0
2648
1210
0
0
0
0
0
0
251
377
0
0
0
0
0
0
2674
3429
0
0
0
0
0
0
1053
3190
0
0
0
0
0
0
1165
382
0
0
0
0
0
0
352
2892
0
0
0
0
0
0
3843
1324
0
0
0
0
0
0
1794
1825
0
0
0
0
0
0
2717
2764
0
0
0
0
0
0
1508
1506
0
0
0
0
0
0
1866
3717
0
0
0
0
0
0
2015
814
0
0
0
0
0
0
3123
3682
0
0
0
0
0
0
811
2926
0
0
0
0
0
0
2932
2745
0
0
0
0
0
0
2268
3752
0
0
0
0
0
0
1414
4055
0
0
0
0
0
0
3437
3181
0
0
0
0
0
0
859
1479
0
0
0
0
0
0
1586
3484
0
0
0
0
0
0
2865
2182
0
0
0
0
0
0
2880
205
0
0
0
0
0
0
519
3637
0
0
0
0
0
0
1704
1735
0
0
0
0
0
0
227
2019
0
0
0
0
0
0
2705
2958
0
0
0
0
0
0
1425
663
0
0
0
0
0
0
1126
1764
0
0
0
0
0
0
1248
2715
0
0
0
0
0
0
2594
2747
0
0
0
0
0
0
2508
1922
0
0
0
0
0
0
1900
2783
0
0
0
0
0
0
560
2399
0
0
0
0
0
0
803
698
0
0
0
0
0
0
1821
3791
0
0
0
0
0
0
576
1863
0
0
0
0
0
0
79
1414
0
0
0
0
0
0
2373
876
0
0
0
0
0
0
329
3109
0
0
0
0
0
0
2246
3498
0
0
0
0
0
0
2756
2016
0
0
0
0
0
0
3086
106
0
0
0
0
0
0
1965
370
0
0
0
0
0
0
3407
289
0
0
0
0
0
0
2675
2952
0
0
0
0
0
0
3980
3501
0
0
0
0
0
0
3937
4046
0
0
0
0
0
0
948
1890
0
0
0
0
0
0
847
1680
0
0
0
0
0
0
2179
2563
0
0
0
0
0
0
934
1656
0
0
0
0
0
0
888
3635
0
0
0
0
0
0
1809
3683
0
0
0
0
0
0
831
1725
0
0
0
0
0
0
66
917
0
0
0
0
0
0
252
2637
0
0
0
0
0
0
1011
628
0
0
0
0
0
0
2692
1362
0
0
0
0
0
0
2381
1860
0
0
0
0
0
0
2866
179
0
0
0
0
0
0
2409
2204
0
0
0
0
0
0
3865
1664
0
0
0
0
0
0
2162
1446
0
0
0
0
0
0
3009
4084
0
0
0
0
0
0
3842
859
0
0
0
0
0
0
1291
2510
0
0
0
0
0
0
1497
857
0
0
0
0
0
0
4085
707
0
0
0
0
0
0
3682
3144
0
0
0
0
0
0
2156
2381
0
0
0
0
0
0
2656
1094
0
0
0
0
0
0
350
1908
0
0
0
0
0
0
1889
3810
0
0
0
0
0
0
1687
24
0
0
0
0
0
0
21
3005
0
0
0
0
0
0
1044
3740
0
0
0
0
0
0
1413
1025
0
0
0
0
0
0
973
425
0
0
0
0
0
0
893
326
0
0
0
0
0
0
1012
3356
0
0
0
0
0
0
4003
611
0
0
0
0
0
0
82
338
0
0
0
0
0
0
2275
1424
0
0
0
0
0
0
4078
1020
0
0
0
0
0
0
771
2011
0
0
0
0
0
0
802
1353
0
0
0
0
0
0
1096
4095
0
0
0
0
0
0
3261
1653
0
0
0
0
0
0
699
2589
0
0
0
0
0
0
2582
3498
0
0
0
0
0
0
859
3217
0
0
0
0
0
0
662
1499
0
0
0
0
0
0
2986
3570
0
0
0
0
0
0
2903
747
0
0
0
0
0
0
2852
514
0
0
0
0
0
0
3138
1759
0
0
0
0
0
0
1345
3457
0
0
0
0
0
0
1181
2371
0
0
0
0
0
0
3609
1879
0
0
0
0
0
0
3943
2586
0
0
0
0
0
0
1970
197
0
0
0
0
0
0
1659
37
0
0
0
0
0
0
1537
3924
0
0
0
0
0
0
2994
79
0
0
0
0
0
0
2243
3341
0
0
0
0
0
0
3285
405
0
0
0
0
0
0
1312
950
0
0
0
0
0
0
57
536
0
0
0
0
0
0
2932
3197
0
0
0
0
0
0
2451
766
0
0
0
0
0
0
1707
1819
0
0
0
0
0
0
3005
817
0
0
0
0
0
0
3364
1724
0
0
0
0
0
0
2241
3340
0
0
0
0
0
0
792
1799
0
0
0
0
0
0
206
3456
0
0
0
0
0
0
2073
3880
0
0
0
0
0
0
242
2721
0
0
0
0
0
0
3164
2798
0
0
0
0
0
0
335
1184
0
0
0
0
0
0
2071
2807
0
0
0
0
0
0
71
1395
0
0
0
0
0
0
3569
110
0
0
0
0
0
0
3353
569
0
0
0
0
0
0
268
2962
0
0
0
0
0
0
2744
2938
0
0
0
0
0
0
1488
2211
0
0
0
0
0
0
3669
392
0
0
0
0
0
0
821
2788
0
0
0
0
0
0
2135
488
0
0
0
0
0
0
3406
1493
0
0
0
0
0
0
262
2723
0
0
0
0
0
0
1436
1217
0
0
0
0
0
0
1413
233
0
0
0
0
0
0
1082
2661
0
0
0
0
0
0
3909
3571
0
0
0
0
0
0
1839
3042
0
0
0
0
0
0
2829
4027
0
0
0
0
0
0
3598
3201
0
0
0
0
0
0
2398
3238
0
0
0
0
0
0
449
2097
0
0
0
0
0
0
501
3529
0
0
0
0
0
0
1516
3285
0
0
0
0
0
0
1521
129
0
0
0
0
0
0
3251
405
0
0
0
0
0
0
1550
756
0
0
0
0
0
0
3857
3569
0
0
0
0
0
0
3867
3327
0
0
0
0
0
0
1772
2934
0
0
0
0
0
0
264
3585
0
0
0
0
0
0
2680
3236
0
0
0
0
0
0
3117
3477
0
0
0
0
0
0
1795
523
0
0
0
0
0
0
249
3948
0
0
0
0
0
0
3249
2617
0
0
0
0
0
0
1956
3209
0
0
0
0
0
0
1052
927
0
0
0
0
0
0
2231
2777
0
0
0
0
0
0
928
355
0
0
0
0
0
0
2791
1796
0
0
0
0
0
0
3993
824
0
0
0
0
0
0
1045
2721
0
0
0
0
0
0
1628
1687
0
0
0
0
0
0
4041
654
0
0
0
0
0
0
3066
4019
0
0
0
0
0
0
2176
1792
0
0
0
0
0
0
1258
2563
0
0
0
0
0
0
246
2845
0
0
0
0
0
0
1475
3664
0
0
0
0
0
0
2853
3177
0
0
0
0
0
0
3268
4028
0
0
0
0
0
0
1642
4005
0
0
0
0
0
0
2419
157
0
0
0
0
0
0
3942
3605
0
0
0
0
0
0
1300
535
0
0
0
0
0
0
1694
2887
0
0
0
0
0
0
2461
1310
0
0
0
0
0
0
2433
4068
0
0
0
0
0
0
3594
264
0
0
0
0
0
0
1961
1322
0
0
0
0
0
0
1070
902
0
0
0
0
0
0
2425
1562
0
0
0
0
0
0
1681
1374
0
0
0
0
0
0
2986
2209
0
0
0
0
0
0
2045
284
0
0
0
0
0
0
3414
2246
0
0
0
0
0
0
691
1853
0
0
0
0
0
0
1623
1662
0
0
0
0
0
0
1906
531
0
0
0
0
0
0
3813
1216
0
0
0
0
0
0
523
3031
0
0
0
0
0
0
2783
2757
0
0
0
0
0
0
22
510
0
0
0
0
0
0
1230
541
0
0
0
0
0
0
1470
3356
0
0
0
0
0
0
313
92
0
0
0
0
0
0
391
2177
0
0
0
0
0
0
2344
1499
0
0
0
0
0
0
1425
3952
0
0
0
0
0
0
941
688
0
0
0
0
0
0
1663
1342
0
0
0
0
0
0
2889
2703
0
0
0
0
0
0
2529
2
0
0
0
0
0
0
2843
2589
0
0
0
0
0
0
2447
3407
0
0
0
0
0
0
478
3212
0
0
0
0
0
0
2702
207
0
0
0
0
0
0
3610
2260
0
0
0
0
0
0
1322
1012
0
0
0
0
0
0
1872
3142
0
0
0
0
0
0
3406
2486
0
0
0
0
0
0
726
399
0
0
0
0
0
0
3790
2483
0
0
0
0
0
0
944
2327
0
0
0
0
0
0
1362
2833
0
0
0
0
0
0
3272
3085
0
0
0
0
0
0
1517
315
0
0
0
0
0
0
1328
3862
0
0
0
0
0
0
3149
2389
0
0
0
0
0
0
1711
4043
0
0
0
0
0
0
510
1569
0
0
0
0
0
0
2939
1022
0
0
0
0
0
0
3403
671
0
0
0
0
0
0
3137
1480
0
0
0
0
0
0
569
3497
0
0
0
0
0
0
2012
429
0
0
0
0
0
0
4081
2000
0
0
0
0
0
0
1103
979
0
0
0
0
0
0
3650
2946
0
0
0
0
0
0
2517
1270
0
0
0
0
0
0
3749
563
0
0
0
0
0
0
1242
1843
0
0
0
0
0
0
3116
3797
0
0
0
0
0
0
44
2087
0
0
0
0
0
0
2444
383
0
0
0
0
0
0
1672
2905
0
0
0
0
0
0
3421
3958
0
0
0
0
0
0
423
2835
0
0
0
0
0
0
3360
4043
0
0
0
0
0
0
1729
2772
0
0
0
0
0
0
1867
3868
0
0
0
0
0
0
3374
2589
0
0
0
0
0
0
3291
2568
0
0
0
0
0
0
3845
2212
0
0
0
0
0
0
3344
633
0
0
0
0
0
0
478
1723
0
0
0
0
0
0
2002
3649
0
0
0
0
0
0
2846
2564
0
0
0
0
0
0
487
200
0
0
0
0
0
0
3828
1812
0
0
0
0
0
0
2118
3196
0
0
0
0
0
0
1702
116
0
0
0
0
0
0
2408
1168
0
0
0
0
0
0
1579
873
0
0
0
0
0
0
3114
794
0
0
0
0
0
0
465
2608
0
0
0
0
0
0
4061
878
0
0
0
0
0
0
2894
1020
0
0
0
0
0
0
4024
2174
0
0
0
0
0
0
3236
3541
0
0
0
0
0
0
952
949
0
0
0
0
0
0
2687
2177
0
0
0
0
0
0
415
948
0
0
0
0
0
0
1663
272
0
0
0
0
0
0
578
4066
0
0
0
0
0
0
3104
1737
0
0
0
0
0
0
2267
595
0
0
0
0
0
0
3390
2391
0
0
0
0
0
0
3223
1758
0
0
0
0
0
0
822
855
0
0
0
0
0
0
3895
705
0
0
0
0
0
0
3690
2632
0
0
0
0
0
0
449
4051
0
0
0
0
0
0
22
1577
0
0
0
0
0
0
229
115
0
0
0
0
0
0
210
3824
0
0
0
0
0
0
956
2292
0
0
0
0
0
0
349
1487
0
0
0
0
0
0
1908
2493
0
0
0
0
0
0
3506
976
0
0
0
0
0
0
203
1895
0
0
0
0
0
0
728
871
0
0
0
0
0
0
2007
118
0
0
0
0
0
0
2018
3753
0
0
0
0
0
0
707
1541
0
0
0
0
0
0
3928
2610
0
0
0
0
0
0
3250
1801
0
0
0
0
0
0
2021
1306
0
0
0
0
0
0
2334
1014
0
0
0
0
0
0
1302
2621
0
0
0
0
0
0
2330
2527
0
0
0
0
0
0
3854
129
0
0
0
0
0
0
2561
904
0
0
0
0
0
0
2312
3805
0
0
0
0
0
0
1679
3538
0
0
0
0
0
0
3795
3464
0
0
0
0
0
0
4029
639
0
0
0
0
0
0
1326
2599
0
0
0
0
0
0
1482
3178
0
0
0
0
0
0
3600
1810
0
0
0
0
0
0
3343
416
0
0
0
0
0
0
3410
454
0
0
0
0
0
0
489
1377
0
0
0
0
0
0
210
2378
0
0
0
0
0
0
2417
943
0
0
0
0
0
0
1487
1752
0
0
0
0
0
0
2140
598
0
0
0
0
0
0
2602
1184
0
0
0
0
0
0
2956
1081
0
0
0
0
0
0
2508
3073
0
0
0
0
0
0
3419
3224
0
0
0
0
0
0
1016
3766
0
0
0
0
0
0
3255
2657
0
0
0
0
0
0
3624
4008
0
0
0
0
0
0
3038
898
0
0
0
0
0
0
2693
3233
0
0
0
0
0
0
2509
3103
0
0
0
0
0
0
3453
4004
0
0
0
0
0
0
2907
187
0
0
0
0
0
0
1025
382
0
0
0
0
0
0
231
1280
0
0
0
0
0
0
3108
299
0
0
0
0
0
0
2488
1269
0
0
0
0
0
0
3798
1801
0
0
0
0
0
0
3558
2158
0
0
0
0
0
0
3153
3957
0
0
0
0
0
0
246
4039
0
0
0
0
0
0
1631
3607
0
0
0
0
0
0
3175
3647
0
0
0
0
0
0
1734
1777
0
0
0
0
0
0
2775
1568
0
0
0
0
0
0
3686
2641
0
0
0
0
0
0
441
1185
0
0
0
0
0
0
2673
1423
0
0
0
0
0
0
1286
2924
0
0
0
0
0
0
49
1625
0
0
0
0
0
0
75
2910
0
0
0
0
0
0
878
3184
0
0
0
0
0
0
4094
501
0
0
0
0
0
0
3543
3202
0
0
0
0
0
0
2049
3879
0
0
0
0
0
0
3020
1297
0
0
0
0
0
0
3081
1113
0
0
0
0
0
0
607
994
0
0
0
0
0
0
1817
942
0
0
0
0
0
0
1338
2665
0
0
0
0
0
0
1431
2977
0
0
0
0
0
0
3921
2775
0
0
0
0
0
0
459
2477
0
0
0
0
0
0
3331
945
0
0
0
0
0
0
314
144
0
0
0
0
0
0
864
704
0
0
0
0
0
0
2309
3586
0
0
0
0
0
0
1548
2427
0
0
0
0
0
0
3295
871
0
0
0
0
0
0
4094
2579
0
0
0
0
0
0
1993
743
0
0
0
0
0
0
3474
784
0
0
0
0
0
0
1576
2814
0
0
0
0
0
0
981
572
0
0
0
0
0
0
578
2342
0
0
0
0
0
0
1645
2317
0
0
0
0
0
0
412
33
0
0
0
0
0
0
78
2489
0
0
0
0
0
0
2389
3495
0
0
0
0
0
0
3539
710
0
0
0
0
0
0
3361
796
0
0
0
0
0
0
1035
511
0
0
0
0
0
0
2047
682
0
0
0
0
0
0
1689
2267
0
0
0
0
0
0
1621
2763
0
0
0
0
0
0
114
2448
0
0
0
0
0
0
615
2300
0
0
0
0
0
0
3569
676
0
0
0
0
0
0
442
4095
0
0
0
0
0
0
1059
483
0
0
0
0
0
0
3741
3396
0
0
0
0
0
0
1710
2244
0
0
0
0
0
0
3740
901
0
0
0
0
0
0
131
2429
0
0
0
0
0
0
1757
113
0
0
0
0
0
0
3583
660
0
0
0
0
0
0
2841
1384
0
0
0
0
0
0
1071
470
0
0
0
0
0
0
1619
1165
0
0
0
0
0
0
1719
2234
0
0
0
0
0
0
1269
3161
0
0
0
0
0
0
138
2420
0
0
0
0
0
0
325
2628
0
0
0
0
0
0
3589
653
0
0
0
0
0
0
204
269
0
0
0
0
0
0
1076
464
0
0
0
0
0
0
2218
3688
0
0
0
0
0
0
1723
2229
0
0
0
0
0
0
3220
956
0
0
0
0
0
0
142
2416
0
0
0
0
0
0
1931
813
0
0
0
0
0
0
3592
650
0
0
0
0
0
0
1525
2871
0
0
0
0
0
0
1078
462
0
0
0
0
0
0
536
2389
0
0
0
0
0
0
1725
2227
0
0
0
0
0
0
378
72
0
0
0
0
0
0
143
2415
0
0
0
0
0
0
2361
3527
0
0
0
0
0
0
3593
649
0
0
0
0
0
0
3338
823
0
0
0
0
0
0
1079
461
0
0
0
0
0
0
2028
704
0
0
0
0
0
0
1726
2226
0
0
0
0
0
0
1605
2781
0
0
0
0
0
0
144
2414
0
0
0
0
0
0
602
2315
0
0
0
0
0
0
3594
648
0
0
0
0
0
0
431
11
0
0
0
0
0
0
1080
460
0
0
0
0
0
0
2405
3477
0
0
0
0
0
0
1726
2226
0
0
0
0
0
0
3374
782
0
0
0
0
0
0
144
2414
0
0
0
0
0
0
2058
670
0
0
0
0
0
0
3594
648
0
0
0
0
0
0
1629
2753
0
0
0
0
0
0
1080
460
0
0
0
0
0
0
622
2292
0
0
0
0
0
0
1726
2226
0
0
0
0
0
0
448
4089
0
0
0
0
0
0
144
2413
0
0
0
0
0
0
3746
3391
0
0
0
0
0
0
3594
648
0
0
0
0
0
0
3744
897
0
0
0
0
0
0
1080
460
0
0
0
0
0
0
1760
109
0
0
0
0
0
0
1726
2225
0
0
0
0
0
0
2843
1381
0
0
0
0
0
0
144
2413
0
0
0
0
0
0
1621
1163
0
0
0
0
0
0
3594
648
0
0
0
0
0
0
1270
3160
0
0
0
0
0
0
1080
460
0
0
0
0
0
0
326
2627
0
0
0
0
0
0
1726
2226
0
0
0
0
0
0
205
268
0
0
0
0
0
0
144
2414
0
0
0
0
0
0
2218
3688
0
0
0
0
0
0
3594
648
0
0
0
0
0
0
3220
955
0
0
0
0
0
0
1080
460
0
0
0
0
0
0
1931
813
0
0
0
0
0
0
1726
2226
0
0
0
0
0
0
1525
2871
0
0
0
0
0
0
144
2414
0
0
0
0
0
0
536
2389
0
0
0
0
0
0
3594
648
0
0
0
0
0
0
377
72
0
0
0
0
0
0
1080
460
0
0
0
0
0
0
2361
3527
0
0
0
0
0
0
1726
2226
0
0
0
0
0
0
3337
823
0
0
0
0
0
0
144
2414
0
0
0
0
0
0
2027
704
0
0
0
0
0
0
3594
648
0
0
0
0
0
0
1604
2782
0
0
0
0
0
0
1079
460
0
0
0
0
0
0
601
2316
0
0
0
0
0
0
1726
2226
0
0
0
0
0
0
431
12
0
0
0
0
0
0
144
2414
0
0
0
0
0
0
2405
3477
0
0
0
0
0
0
3594
648
0
0
0
0
0
0
3373
782
0
0
0
0
0
0
1079
460
0
0
0
0
0
0
2057
670
0
0
0
0
0
0
1726
2226
0
0
0
0
0
0
1629
2754
0
0
0
0
0
0
144
2414
0
0
0
0
0
0
621
2293
0
0
0
0
0
0
3594
648
0
0
0
0
0
0
447
4089
0
0
0
0
0
0
1079
460
0
0
0
0
0
0
3745
3392
0
0
0
0
0
0
1726
2226
0
0
0
0
0
0
3743
898
0
0
0
0
0
0
144
2414
0
0
0
0
0
0
1760
110
0
0
0
0
0
0
3593
648
0
0
0
0
0
0
2843
1382
0
0
0
0
0
0
1079
460
0
0
0
0
0
0
1620
1164
0
0
0
0
0
0
1726
2226
0
0
0
0
0
0
1269
3160
0
0
0
0
0
0
144
2414
0
0
0
0
0
0
326
2627
0
0
0
0
0
0
3593
648
0
0
0
0
0
0
204
268
0
0
0
0
0
0
1079
460
0
0
0
0
0
0
2218
3688
0
0
0
0
0
0
1726
2226
0
0
0
0
0
0
3220
956
0
0
0
0
0
0
144
2414
0
0
0
0
0
0
1930
813
0
0
0
0
0
0
3593
648
0
0
0
0
0
0
1525
2872
0
0
0
0
0
0
1079
461
0
0
0
0
0
0
536
2390
0
0
0
0
0
0
1726
2226
0
0
0
0
0
0
377
73
0
0
0
0
0
0
144
2414
0
0
0
0
0
0
2360
3527
0
0
0
0
0
0
3593
649
0
0
0
0
0
0
3337
824
0
0
0
0
0
0
1079
461
0
0
0
0
0
0
2027
705
0
0
0
0
0
0
1725
2226
0
0
0
0
0
0
1604
2782
0
0
0
0
0
0
144
2414
0
0
0
0
0
0
601
2316
0
0
0
0
0
0
3593
649
0
0
0
0
0
0
430
13
0
0
0
0
0
0
1079
461
0
0
0
0
0
0
2404
3478
0
0
0
0
0
0
1725
2226
0
0
0
0
0
0
3373
783
0
0
0
0
0
0
144
2414
0
0
0
0
0
0
2056
671
0
0
0
0
0
0
3593
649
0
0
0
0
0
0
1628
2755
0
0
0
0
0
0
1079
461
0
0
0
0
0
0
621
2294
0
0
0
0
0
0
1725
2226
0
0
0
0
0
0
447
4090
0
0
0
0
0
0
143
2414
0
0
0
0
0
0
3744
3392
0
0
0
0
0
0
3593
649
0
0
0
0
0
0
3743
898
0
0
0
0
0
0
1079
461
0
0
0
0
0
0
1759
111
0
0
0
0
0
0
1725
2227
0
0
0
0
0
0
2842
1383
0
0
0
0
0
0
143
2414
0
0
0
0
0
0
1620
1165
0
0
0
0
0
0
3593
649
0
0
0
0
0
0
1269
3161
0
0
0
0
0
0
1079
461
0
0
0
0
0
0
325
2628
0
0
0
0
0
0
1725
2227
0
0
0
0
0
0
203
269
0
0
0
0
0
0
143
2415
0
0
0
0
0
0
2217
3689
0
0
0
0
0
0
3593
649
0
0
0
0
0
0
3219
957
0
0
0
0
0
0
1079
461
0
0
0
0
0
0
1930
814
0
0
0
0
0
0
1725
2227
0
0
0
0
0
0
1524
2872
0
0
0
0
0
0
143
2415
0
0
0
0
0
0
535
2390
0
0
0
0
0
0
3593
649
0
0
0
0
0
0
376
74
0
0
0
0
0
0
1078
461
0
0
0
0
0
0
2359
3528
0
0
0
0
0
0
1725
2227
0
0
0
0
0
0
3336
824
0
0
0
0
0
0
143
2415
0
0
0
0
0
0
2026
705
0
0
0
0
0
0
3593
649
0
0
0
0
0
0
1603
2783
0
0
0
0
0
0
1078
461
0
0
0
0
0
0
600
2317
0
0
0
0
0
0
1725
2227
0
0
0
0
0
0
430
13
0
0
0
0
0
0
143
2415
0
0
0
0
0
0
2403
3478
0
0
0
0
0
0
3593
649
0
0
0
0
0
0
3372
783
0
0
0
0
0
0
1078
461
0
0
0
0
0
0
2056
672
0
0
0
0
0
0
1725
2227
0
0
0
0
0
0
1628
2755
0
0
0
0
0
0
143
2415
0
0
0
0
0
0
620
2294
0
0
0
0
0
0
3592
649
0
0
0
0
0
0
446
4090
0
0
0
0
0
0
1078
461
0
0
0
0
0
0
3744
3393
0
0
0
0
0
0
1725
2227
0
0
0
0
0
0
3742
899
0
0
0
0
0
0
143
2415
0
0
0
0
0
0
1758
111
0
0
0
0
0
0
3592
649
0
0
0
0
0
0
2842
1383
0
0
0
0
0
0
1078
461
0
0
0
0
0
0
1619
1165
0
0
0
0
0
0
1725
2227
0
0
0
0
0
0
1268
3161
0
0
0
0
0
0
143
2415
0
0
0
0
0
0
324
2628
0
0
0
0
0
0
3592
649
0
0
0
0
0
0
203
270
0
0
0
0
0
0
1078
462
0
0
0
0
0
0
2217
3689
0
0
0
0
0
0
1724
2227
0
0
0
0
0
0
3218
957
0
0
0
0
0
0
143
2415
0
0
0
0
0
0
1929
815
0
0
0
0
0
0
3592
650
0
0
0
0
0
0
1523
2873
0
0
0
0
0
0
1078
462
0
0
0
0
0
0
534
2391
0
0
0
0
0
0
1724
2227
0
0
0
0
0
0
376
74
0
0
0
0
0
0
143
2415
0
0
0
0
0
0
2359
3529
0
0
0
0
0
0
3592
650
0
0
0
0
0
0
3335
825
0
0
0
0
0
0
1078
462
0
0
0
0
0
0
2025
706
0
0
0
0
0
0
1724
2227
0
0
0
0
0
0
1603
2783
0
0
0
0
0
0
143
2415
0
0
0
0
0
0
599
2317
0
0
0
0
0
0
3592
650
0
0
0
0
0
0
429
14
0
0
0
0
0
0
1078
462
0
0
0
0
0
0
2403
3479
0
0
0
0
0
0
1724
2227
0
0
0
0
0
0
3372
784
0
0
0
0
0
0
142
2415
0
0
0
0
0
0
2055
672
0
0
0
0
0
0
3592
650
0
0
0
0
0
0
1627
2756
0
0
0
0
0
0
1078
462
0
0
0
0
0
0
620
2295
0
0
0
0
0
0
1724
2228
0
0
0
0
0
0
446
4091
0
0
0
0
0
0
142
2415
0
0
0
0
0
0
3743
3394
0
0
0
0
0
0
3592
650
0
0
0
0
0
0
3742
899
0
0
0
0
0
0
1078
462
0
0
0
0
0
0
1758
112
0
0
0
0
0
0
1724
2228
0
0
0
0
0
0
2841
1384
0
0
0
0
0
0
142
2416
0
0
0
0
0
0
1618
1166
0
0
0
0
0
0
3592
650
0
0
0
0
0
0
1268
3162
0
0
0
0
0
0
1078
462
0
0
0
0
0
0
324
2629
0
0
0
0
0
0
1724
2228
0
0
0
0
0
0
202
270
0
0
0
0
0
0
142
2416
0
0
0
0
0
0
2216
3690
0
0
0
0
0
0
3592
650
0
0
0
0
0
0
3218
958
0
0
0
0
0
0
1077
462
0
0
0
0
0
0
1929
815
0
0
0
0
0
0
1724
2228
0
0
0
0
0
0
1523
2873
0
0
0
0
0
0
142
2416
0
0
0
0
0
0
534
2392
0
0
0
0
0
0
3592
650
0
0
0
0
0
0
375
75
0
0
0
0
0
0
1077
462
0
0
0
0
0
0
2358
3529
0
0
0
0
0
0
1724
2228
0
0
0
0
0
0
3335
826
0
0
0
0
0
0
142
2416
0
0
0
0
0
0
2025
706
0
0
0
0
0
0
3592
650
0
0
0
0
0
0
1602
2784
0
0
0
0
0
0
1077
462
0
0
0
0
0
0
599
2318
0
0
0
0
0
0
1724
2228
0
0
0
0
0
0
429
14
0
0
0
0
0
0
142
2416
0
0
0
0
0
0
2402
3479
0
0
0
0
0
0
3591
650
0
0
0
0
0
0
3371
785
0
0
0
0
0
0
1077
462
0
0
0
0
0
0
2055
673
0
0
0
0
0
0
1724
2228
0
0
0
0
0
0
1626
2756
0
0
0
0
0
0
142
2416
0
0
0
0
0
0
619
2295
0
0
0
0
0
0
3591
650
0
0
0
0
0
0
445
4092
0
0
0
0
0
0
1077
462
0
0
0
0
0
0
3743
3394
0
0
0
0
0
0
1724
2228
0
0
0
0
0
0
3741
900
0
0
0
0
0
0
142
2416
0
0
0
0
0
0
1757
112
0
0
0
0
0
0
3591
650
0
0
0
0
0
0
2840
1384
0
0
0
0
0
0
1077
463
0
0
0
0
0
0
1618
1166
0
0
0
0
0
0
1723
2228
0
0
0
0
0
0
1267
3163
0
0
0
0
0
0
142
2416
0
0
0
0
0
0
323
2630
0
0
0
0
0
0
3591
651
0
0
0
0
0
0
202
271
0
0
0
0
0
0
1077
463
0
0
0
0
0
0
2215
3691
0
0
0
0
0
0
1723
2228
0
0
0
0
0
0
3217
958
0
0
0
0
0
0
142
2416
0
0
0
0
0
0
1928
816
0
0
0
0
0
0
3591
651
0
0
0
0
0
0
1522
2874
0
0
0
0
0
0
1077
463
0
0
0
0
0
0
533
2392
0
0
0
0
0
0
1723
2228
0
0
0
0
0
0
374
75
0
0
0
0
0
0
142
2416
0
0
0
0
0
0
2358
3530
0
0
0
0
0
0
3591
651
0
0
0
0
0
0
3334
826
0
0
0
0
0
0
1077
463
0
0
0
0
0
0
2024
707
0
0
0
0
0
0
1723
2228
0
0
0
0
0
0
1601
2785
0
0
0
0
0
0
141
2416
0
0
0
0
0
0
598
2319
0
0
0
0
0
0
3591
651
0
0
0
0
0
0
428
15
0
0
0
0
0
0
1077
463
0
0
0
0
0
0
2402
3480
0
0
0
0
0
0
1723
2229
0
0
0
0
0
0
3370
785
0
0
0
0
0
0
141
2416
0
0
0
0
0
0
2054
673
0
0
0
0
0
0
3591
651
0
0
0
0
0
0
1626
2757
0
0
0
0
0
0
1077
463
0
0
0
0
0
0
618
2296
0
0
0
0
0
0
1723
2229
0
0
0
0
0
0
444
4092
0
0
0
0
0
0
141
2417
0
0
0
0
0
0
3742
3395
0
0
0
0
0
0
3591
651
0
0
0
0
0
0
3740
901
0
0
0
0
0
0
1077
463
0
0
0
0
0
0
1757
113
0
0
0
0
0
0
1723
2229
0
0
0
0
0
0
2840
1385
0
0
0
0
0
0
141
2417
0
0
0
0
0
0
1617
1167
0
0
0
0
0
0
3591
651
0
0
0
0
0
0
1266
3163
0
0
0
0
0
0
1076
463
0
0
0
0
0
0
323
2630
0
0
0
0
0
0
1723
2229
0
0
0
0
0
0
201
271
0
0
0
0
0
0
141
2417
0
0
0
0
0
0
2215
3691
0
0
0
0
0
0
3591
651
0
0
0
0
0
0
3217
959
0
0
0
0
0
0
1076
463
0
0
0
0
0
0
1927
816
0
0
0
0
0
0
1723
2229
0
0
0
0
0
0
1522
2875
0
0
0
0
0
0
141
2417
0
0
0
0
0
0
533
2393
0
0
0
0
0
0
3591
651
0
0
0
0
0
0
374
76
0
0
0
0
0
0
1076
463
0
0
0
0
0
0
2357
3530
0
0
0
0
0
0
1723
2229
0
0
0
0
0
0
3334
827
0
0
0
0
0
0
141
2417
0
0
0
0
0
0
2024
708
0
0
0
0
0
0
3590
651
0
0
0
0
0
0
1601
2785
0
0
0
0
0
0
1076
463
0
0
0
0
0
0
598
2319
0
0
0
0
0
0
1723
2229
0
0
0
0
0
0
427
16
0
0
0
0
0
0
141
2417
0
0
0
0
0
0
2401
3481
0
0
0
0
0
0
3590
651
0
0
0
0
0
0
3370
786
0
0
0
0
0
0
1076
463
0
0
0
0
0
0
2053
674
0
0
0
0
0
0
1723
2229
0
0
0
0
0
0
1625
2758
0
0
0
0
0
0
141
2417
0
0
0
0
0
0
618
2297
0
0
0
0
0
0
3590
651
0
0
0
0
0
0
444
4093
0
0
0
0
0
0
1076
464
0
0
0
0
0
0
3741
3395
0
0
0
0
0
0
1722
2229
0
0
0
0
0
0
3740
901
0
0
0
0
0
0
141
2417
0
0
0
0
0
0
1756
114
0
0
0
0
0
0
3590
652
0
0
0
0
0
0
2839
1386
0
0
0
0
0
0
1076
464
0
0
0
0
0
0
1617
1168
0
0
0
0
0
0
1722
2229
0
0
0
0
0
0
1266
3164
0
0
0
0
0
0
141
2417
0
0
0
0
0
0
322
2631
0
0
0
0
0
0
3590
652
0
0
0
0
0
0
200
272
0
0
0
0
0
0
1076
464
0
0
0
0
0
0
2214
3692
0
0
0
0
0
0
1722
2229
0
0
0
0
0
0
3216
960
0
0
0
0
0
0
141
2417
0
0
0
0
0
0
1927
817
0
0
0
0
0
0
3590
652
0
0
0
0
0
0
1521
2875
0
0
0
0
0
0
1076
464
0
0
0
0
0
0
532
2393
0
0
0
0
0
0
1722
2229
0
0
0
0
0
0
373
77
0
0
0
0
0
0
140
2417
0
0
0
0
0
0
2356
3531
0
0
0
0
0
0
3590
652
0
0
0
0
0
0
3333
827
0
0
0
0
0
0
1076
464
0
0
0
0
0
0
2023
708
0
0
0
0
0
0
1722
2230
0
0
0
0
0
0
1600
2786
0
0
0
0
0
0
140
2418
0
0
0
0
0
0
597
2320
0
0
0
0
0
0
3590
652
0
0
0
0
0
0
427
16
0
0
0
0
0
0
1076
464
0
0
0
0
0
0
2400
3481
0
0
0
0
0
0
1722
2230
0
0
0
0
0
0
3369
786
0
0
0
0
0
0
140
2418
0
0
0
0
0
0
2053
675
0
0
0
0
0
0
3590
652
0
0
0
0
0
0
1625
2758
0
0
0
0
0
0
1076
464
0
0
0
0
0
0
617
2297
0
0
0
0
0
0
1722
2230
0
0
0
0
0
0
443
4093
0
0
0
0
0
0
140
2418
0
0
0
0
0
0
3741
3396
0
0
0
0
0
0
3590
652
0
0
0
0
0
0
3739
902
0
0
0
0
0
0
1075
464
0
0
0
0
0
0
1755
114
0
0
0
0
0
0
1722
2230
0
0
0
0
0
0
2839
1386
0
0
0
0
0
0
140
2418
0
0
0
0
0
0
1616
1168
0
0
0
0
0
0
3590
652
0
0
0
0
0
0
1265
3164
0
0
0
0
0
0
1075
464
0
0
0
0
0
0
321
2631
0
0
0
0
0
0
1722
2230
0
0
0
0
0
0
200
273
0
0
0
0
0
0
140
2418
0
0
0
0
0
0
2214
3692
0
0
0
0
0
0
3590
652
0
0
0
0
0
0
3215
960
0
0
0
0
0
0
1075
464
0
0
0
0
0
0
1926
818
0
0
0
0
0
0
1722
2230
0
0
0
0
0
0
1520
2876
0
0
0
0
0
0
140
2418
0
0
0
0
0
0
531
2394
0
0
0
0
0
0
3589
652
0
0
0
0
0
0
373
77
0
0
0
0
0
0
1075
464
0
0
0
0
0
0
2356
3532
0
0
0
0
0
0
1722
2230
0
0
0
0
0
0
3332
828
0
0
0
0
0
0
140
2418
0
0
0
0
0
0
2022
709
0
0
0
0
0
0
3589
652
0
0
0
0
0
0
1600
2786
0
0
0
0
0
0
1075
464
0
0
0
0
0
0
596
2320
0
0
0
0
0
0
1722
2230
0
0
0
0
0
0
426
17
0
0
0
0
0
0
140
2418
0
0
0
0
0
0
2400
3482
0
0
0
0
0
0
3589
652
0
0
0
0
0
0
3369
787
0
0
0
0
0
0
1075
465
0
0
0
0
0
0
2052
675
0
0
0
0
0
0
1721
2230
0
0
0
0
0
0
1624
2759
0
0
0
0
0
0
140
2418
0
0
0
0
0
0
617
2298
0
0
0
0
0
0
3589
653
0
0
0
0
0
0
443
4094
0
0
0
0
0
0
1075
465
0
0
0
0
0
0
3740
3397
0
0
0
0
0
0
1721
2230
0
0
0
0
0
0
3739
902
0
0
0
0
0
0
140
2418
0
0
0
0
0
0
1755
115
0
0
0
0
0
0
3589
653
0
0
0
0
0
0
2838
1387
0
0
0
0
0
0
1075
465
0
0
0
0
0
0
1615
1169
0
0
0
0
0
0
1721
2230
0
0
0
0
0
0
1265
3165
0
0
0
0
0
0
140
2418
0
0
0
0
0
0
321
2632
0
0
0
0
0
0
3589
653
0
0
0
0
0
0
199
273
0
0
0
0
0
0
1075
465
0
0
0
0
0
0
2213
3693
0
0
0
0
0
0
1721
2230
0
0
0
0
0
0
3215
961
0
0
0
0
0
0
139
2418
0
0
0
0
0
0
1926
818
0
0
0
0
0
0
3589
653
0
0
0
0
0
0
1520
2876
0
0
0
0
0
0
1075
465
0
0
0
0
0
0
531
2395
0
0
0
0
0
0
1721
2231
0
0
0
0
0
0
372
78
0
0
0
0
0
0
139
2419
0
0
0
0
0
0
2355
3532
0
0
0
0
0
0
3589
653
0
0
0
0
0
0
3332
829
0
0
0
0
0
0
1075
465
0
0
0
0
0
0
2022
709
0
0
0
0
0
0
1721
2231
0
0
0
0
0
0
1599
2787
0
0
0
0
0
0
139
2419
0
0
0
0
0
0
596
2321
0
0
0
0
0
0
3589
653
0
0
0
0
0
0
426
17
0
0
0
0
0
0
1075
465
0
0
0
0
0
0
2399
3482
0
0
0
0
0
0
1721
2231
0
0
0
0
0
0
3368
788
0
0
0
0
0
0
139
2419
0
0
0
0
0
0
2052
676
0
0
0
0
0
0
3589
653
0
0
0
0
0
0
1623
2759
0
0
0
0
0
0
1074
465
0
0
0
0
0
0
616
2298
0
0
0
0
0
0
1721
2231
0
0
0
0
0
0
442
4095
0
0
0
0
0
0
139
2419
0
0
0
0
0
0
3740
3397
0
0
0
0
0
0
3589
653
0
0
0
0
0
0
3738
903
0
0
0
0
0
0
1074
465
0
0
0
0
0
0
1754
115
0
0
0
0
0
0
1721
2231
0
0
0
0
0
0
2837
1387
0
0
0
0
0
0
139
2419
0
0
0
0
0
0
1615
1169
0
0
0
0
0
0
3589
653
0
0
0
0
0
0
1264
3166
0
0
0
0
0
0
1074
465
0
0
0
0
0
0
320
2633
0
0
0
0
0
0
1721
2231
0
0
0
0
0
0
199
274
0
0
0
0
0
0
139
2419
0
0
0
0
0
0
2212
3694
0
0
0
0
0
0
3588
653
0
0
0
0
0
0
3214
961
0
0
0
0
0
0
1074
465
0
0
0
0
0
0
1925
819
0
0
0
0
0
0
1721
2231
0
0
0
0
0
0
1519
2877
0
0
0
0
0
0
139
2419
0
0
0
0
0
0
530
2395
0
0
0
0
0
0
3588
653
0
0
0
0
0
0
371
78
0
0
0
0
0
0
1074
465
0
0
0
0
0
0
2355
3533
0
0
0
0
0
0
1721
2231
0
0
0
0
0
0
3331
829
0
0
0
0
0
0
139
2419
0
0
0
0
0
0
2021
710
0
0
0
0
0
0
3588
653
0
0
0
0
0
0
1598
2788
0
0
0
0
0
0
1074
466
0
0
0
0
0
0
595
2322
0
0
0
0
0
0
1720
2231
0
0
0
0
0
0
425
18
0
0
0
0
0
0
139
2419
0
0
0
0
0
0
2399
3483
0
0
0
0
0
0
3588
654
0
0
0
0
0
0
3367
788
0
0
0
0
0
0
1074
466
0
0
0
0
0
0
2051
676
0
0
0
0
0
0
1720
2231
0
0
0
0
0
0
1623
2760
0
0
0
0
0
0
139
2419
0
0
0
0
0
0
615
2299
0
0
0
0
0
0
3588
654
0
0
0
0
0
0
441
4095
0
0
0
0
0
0
1074
466
0
0
0
0
0
0
3739
3398
0
0
0
0
0
0
1720
2231
0
0
0
0
0
0
3737
904
0
0
0
0
0
0
138
2419
0
0
0
0
0
0
1754
116
0
0
0
0
0
0
3588
654
0
0
0
0
0
0
2837
1388
0
0
0
0
0
0
1074
466
0
0
0
0
0
0
1614
1170
0
0
0
0
0
0
1720
2231
0
0
0
0
0
0
1263
3166
0
0
0
0
0
0
138
2419
0
0
0
0
0
0
320
2633
0
0
0
0
0
0
3588
654
0
0
0
0
0
0
198
274
0
0
0
0
0
0
1074
466
0
0
0
0
0
0
2212
3694
0
0
0
0
0
0
1720
2232
0
0
0
0
0
0
3214
962
0
0
0
0
0
0
138
2420
0
0
0
0
0
0
1924
819
0
0
0
0
0
0
3588
654
0
0
0
0
0
0
1519
2878
0
0
0
0
0
0
1074
466
0
0
0
0
0
0
530
2396
0
0
0
0
0
0
1720
2232
0
0
0
0
0
0
371
79
0
0
0
0
0
0
138
2420
0
0
0
0
0
0
2354
3533
0
0
0
0
0
0
3588
654
0
0
0
0
0
0
3331
830
0
0
0
0
0
0
1074
466
0
0
0
0
0
0
2021
711
0
0
0
0
0
0
1720
2232
0
0
0
0
0
0
1598
2788
0
0
0
0
0
0
138
2420
0
0
0
0
0
0
595
2322
0
0
0
0
0
0
3588
654
0
0
0
0
0
0
424
18
0
0
0
0
0
0
1073
466
0
0
0
0
0
0
2398
3484
0
0
0
0
0
0
1720
2232
0
0
0
0
0
0
3367
789
0
0
0
0
0
0
138
2420
0
0
0
0
0
0
2050
677
0
0
0
0
0
0
3588
654
0
0
0
0
0
0
1622
2761
0
0
0
0
0
0
1073
466
0
0
0
0
0
0
615
2300
0
0
0
0
0
0
1720
2232
0
0
0
0
0
0
441
0
0
0
0
0
0
0
138
2420
0
0
0
0
0
0
2411
3468
0
0
0
0
0
0
3588
654
0
0
0
0
0
0
3378
776
0
0
0
0
0
0
1073
466
0
0
0
0
0
0
2059
667
0
0
0
0
0
0
1720
2232
0
0
0
0
0
0
1630
2752
0
0
0
0
0
0
138
2420
0
0
0
0
0
0
621
2293
0
0
0
0
0
0
3587
654
0
0
0
0
0
0
446
4090
0
0
0
0
0
0
1073
466
0
0
0
0
0
0
3743
3394
0
0
0
0
0
0
1720
2232
0
0
0
0
0
0
3740
900
0
0
0
0
0
0
138
2420
0
0
0
0
0
0
1756
113
0
0
0
0
0
0
3587
654
0
0
0
0
0
0
2838
1386
0
0
0
0
0
0
1073
466
0
0
0
0
0
0
1615
1169
0
0
0
0
0
0
1720
2232
0
0
0
0
0
0
1264
3165
0
0
0
0
0
0
138
2420
0
0
0
0
0
0
320
2633
0
0
0
0
0
0
3587
654
0
0
0
0
0
0
198
274
0
0
0
0
0
0
1073
467
0
0
0
0
0
0
2212
3694
0
0
0
0
0
0
1719
2232
0
0
0
0
0
0
3214
962
0
0
0
0
0
0
138
2420
0
0
0
0
0
0
1924
819
0
0
0
0
0
0
3587
655
0
0
0
0
0
0
1518
2878
0
0
0
0
0
0
1073
467
0
0
0
0
0
0
529
2396
0
0
0
0
0
0
1719
2232
0
0
0
0
0
0
370
79
0
0
0
0
0
0
138
2420
0
0
0
0
0
0
2353
3534
0
0
0
0
0
0
3587
655
0
0
0
0
0
0
3330
830
0
0
0
0
0
0
1073
467
0
0
0
0
0
0
2020
711
0
0
0
0
0
0
1719
2232
0
0
0
0
0
0
1597
2789
0
0
0
0
0
0
137
2420
0
0
0
0
0
0
594
2323
0
0
0
0
0
0
3587
655
0
0
0
0
0
0
424
19
0
0
0
0
0
0
1073
467
0
0
0
0
0
0
2397
3484
0
0
0
0
0
0
1719
2232
0
0
0
0
0
0
3366
790
0
0
0
0
0
0
137
2420
0
0
0
0
0
0
2050
678
0
0
0
0
0
0
3587
655
0
0
0
0
0
0
1622
2761
0
0
0
0
0
0
1073
467
0
0
0
0
0
0
614
2300
0
0
0
0
0
0
1719
2233
0
0
0
0
0
0
440
1
0
0
0
0
0
0
137
2421
0
0
0
0
0
0
2411
3469
0
0
0
0
0
0
3587
655
0
0
0
0
0
0
3377
777
0
0
0
0
0
0
1073
467
0
0
0
0
0
0
2059
667
0
0
0
0
0
0
1719
2233
0
0
0
0
0
0
1629
2753
0
0
0
0
0
0
137
2421
0
0
0
0
0
0
620
2293
0
0
0
0
0
0
3587
655
0
0
0
0
0
0
445
4091
0
0
0
0
0
0
1073
467
0
0
0
0
0
0
3742
3395
0
0
0
0
0
0
1719
2233
0
0
0
0
0
0
3739
901
0
0
0
0
0
0
137
2421
0
0
0
0
0
0
1755
114
0
0
0
0
0
0
3587
655
0
0
0
0
0
0
2837
1387
0
0
0
0
0
0
1072
467
0
0
0
0
0
0
1615
1169
0
0
0
0
0
0
1719
2233
0
0
0
0
0
0
1263
3166
0
0
0
0
0
0
137
2421
0
0
0
0
0
0
319
2633
0
0
0
0
0
0
3587
655
0
0
0
0
0
0
197
275
0
0
0
0
0
0
1072
467
0
0
0
0
0
0
2211
3695
0
0
0
0
0
0
1719
2233
0
0
0
0
0
0
3213
963
0
0
0
0
0
0
137
2421
0
0
0
0
0
0
1923
820
0
0
0
0
0
0
3587
655
0
0
0
0
0
0
1518
2879
0
0
0
0
0
0
1072
467
0
0
0
0
0
0
528
2397
0
0
0
0
0
0
1719
2233
0
0
0
0
0
0
370
80
0
0
0
0
0
0
137
2421
0
0
0
0
0
0
2353
3535
0
0
0
0
0
0
3586
655
0
0
0
0
0
0
3329
831
0
0
0
0
0
0
1072
467
0
0
0
0
0
0
2019
712
0
0
0
0
0
0
1719
2233
0
0
0
0
0
0
1596
2790
0
0
0
0
0
0
137
2421
0
0
0
0
0
0
593
2324
0
0
0
0
0
0
3586
655
0
0
0
0
0
0
423
20
0
0
0
0
0
0
1072
467
0
0
0
0
0
0
2396
3485
0
0
0
0
0
0
1719
2233
0
0
0
0
0
0
3365
790
0
0
0
0
0
0
137
2421
0
0
0
0
0
0
2049
678
0
0
0
0
0
0
3586
655
0
0
0
0
0
0
1621
2762
0
0
0
0
0
0
1072
468
0
0
0
0
0
0
613
2301
0
0
0
0
0
0
1718
2233
0
0
0
0
0
0
439
1
0
0
0
0
0
0
137
2421
0
0
0
0
0
0
2410
3470
0
0
0
0
0
0
3586
656
0
0
0
0
0
0
3376
778
0
0
0
0
0
0
1072
468
0
0
0
0
0
0
2058
668
0
0
0
0
0
0
1718
2233
0
0
0
0
0
0
1628
2754
0
0
0
0
0
0
137
2421
0
0
0
0
0
0
619
2294
0
0
0
0
0
0
3586
656
0
0
0
0
0
0
444
4092
0
0
0
0
0
0
1072
468
0
0
0
0
0
0
3741
3395
0
0
0
0
0
0
1718
2233
0
0
0
0
0
0
3738
902
0
0
0
0
0
0
136
2421
0
0
0
0
0
0
1754
115
0
0
0
0
0
0
3586
656
0
0
0
0
0
0
2837
1388
0
0
0
0
0
0
1072
468
0
0
0
0
0
0
1614
1170
0
0
0
0
0
0
1718
2233
0
0
0
0
0
0
1263
3167
0
0
0
0
0
0
136
2421
0
0
0
0
0
0
318
2634
0
0
0
0
0
0
3586
656
0
0
0
0
0
0
197
276
0
0
0
0
0
0
1072
468
0
0
0
0
0
0
2210
3696
0
0
0
0
0
0
1718
2234
0
0
0
0
0
0
3212
964
0
0
0
0
0
0
136
2421
0
0
0
0
0
0
1923
821
0
0
0
0
0
0
3586
656
0
0
0
0
0
0
1517
2880
0
0
0
0
0
0
1072
468
0
0
0
0
0
0
528
2398
0
0
0
0
0
0
1718
2234
0
0
0
0
0
0
369
81
0
0
0
0
0
0
136
2422
0
0
0
0
0
0
2352
3536
0
0
0
0
0
0
3586
656
0
0
0
0
0
0
3328
832
0
0
0
0
0
0
1072
468
0
0
0
0
0
0
2018
713
0
0
0
0
0
0
1718
2234
0
0
0
0
0
0
1596
2790
0
0
0
0
0
0
136
2422
0
0
0
0
0
0
592
2325
0
0
0
0
0
0
3586
656
0
0
0
0
0
0
422
21
0
0
0
0
0
0
1071
468
0
0
0
0
0
0
2396
3486
0
0
0
0
0
0
1718
2234
0
0
0
0
0
0
3364
791
0
0
0
0
0
0
136
2422
0
0
0
0
0
0
2048
679
0
0
0
0
0
0
3586
656
0
0
0
0
0
0
1620
2763
0
0
0
0
0
0
1071
468
0
0
0
0
0
0
612
2302
0
0
0
0
0
0
1718
2234
0
0
0
0
0
0
438
2
0
0
0
0
0
0
136
2422
0
0
0
0
0
0
2409
3471
0
0
0
0
0
0
3586
656
0
0
0
0
0
0
3376
779
0
0
0
0
0
0
1071
468
0
0
0
0
0
0
2057
669
0
0
0
0
0
0
1718
2234
0
0
0
0
0
0
1627
2755
0
0
0
0
0
0
136
2422
0
0
0
0
0
0
618
2295
0
0
0
0
0
0
3585
656
0
0
0
0
0
0
443
4093
0
0
0
0
0
0
1071
468
0
0
0
0
0
0
3740
3396
0
0
0
0
0
0
1718
2234
0
0
0
0
0
0
3738
903
0
0
0
0
0
0
136
2422
0
0
0
0
0
0
1753
116
0
0
0
0
0
0
3585
656
0
0
0
0
0
0
2836
1389
0
0
0
0
0
0
1071
468
0
0
0
0
0
0
1613
1171
0
0
0
0
0
0
1718
2234
0
0
0
0
0
0
1262
3168
0
0
0
0
0
0
136
2422
0
0
0
0
0
0
318
2635
0
0
0
0
0
0
3585
656
0
0
0
0
0
0
196
276
0
0
0
0
0
0
1071
469
0
0
0
0
0
0
2209
3696
0
0
0
0
0
0
1717
2234
0
0
0
0
0
0
3211
964
0
0
0
0
0
0
136
2422
0
0
0
0
0
0
1922
822
0
0
0
0
0
0
3585
657
0
0
0
0
0
0
1516
2880
0
0
0
0
0
0
1071
469
0
0
0
0
0
0
527
2399
0
0
0
0
0
0
1717
2234
0
0
0
0
0
0
368
82
0
0
0
0
0
0
136
2422
0
0
0
0
0
0
2351
3536
0
0
0
0
0
0
3585
657
0
0
0
0
0
0
3328
833
0
0
0
0
0
0
1071
469
0
0
0
0
0
0
2018
714
0
0
0
0
0
0
1717
2234
0
0
0
0
0
0
1595
2791
0
0
0
0
0
0
135
2422
0
0
0
0
0
0
592
2325
0
0
0
0
0
0
3585
657
0
0
0
0
0
0
421
22
0
0
0
0
0
0
1071
469
0
0
0
0
0
0
2395
3487
0
0
0
0
0
0
1717
2234
0
0
0
0
0
0
3364
792
0
0
0
0
0
0
135
2422
0
0
0
0
0
0
2047
680
0
0
0
0
0
0
3585
657
0
0
0
0
0
0
1619
2764
0
0
0
0
0
0
1071
469
0
0
0
0
0
0
612
2303
0
0
0
0
0
0
1717
2235
0
0
0
0
0
0
438
3
0
0
0
0
0
0
135
2422
0
0
0
0
0
0
2408
3472
0
0
0
0
0
0
3585
657
0
0
0
0
0
0
3375
780
0
0
0
0
0
0
1071
469
0
0
0
0
0
0
2056
670
0
0
0
0
0
0
1717
2235
0
0
0
0
0
0
1626
2755
0
0
0
0
0
0
135
2423
0
0
0
0
0
0
618
2296
0
0
0
0
0
0
