4095
4095
0
0
0
0
0
0
4095
0
0
0
0
0
0
0
4095
4095
0
0
0
0
0
0
4095
0
0
0
0
0
0
0
4095
4095
0
0
0
0
0
0
4095
0
0
0
0
0
0
0
4095
4095
0
0
0
0
0
0
4095
0
0
0
0
0
0
0
4095
4095
0
0
0
0
0
0
4095
0
0
0
0
0
0
0
4095
4095
0
0
0
0
0
0
4095
0
0
0
0
0
0
0
4095
4095
0
0
0
0
0
0
4095
0
0
0
0
0
0
0
4095
4095
0
0
0
0
0
0
4095
0
0
0
0
0
0
0
4095
4095
0
0
0
0
0
0
4095
0
0
0
0
0
0
0
4095
4095
0
0
0
0
0
0
4095
0
0
0
0
0
0
0
4095
4095
0
0
0
0
0
0
4095
0
0
0
0
0
0
0
4095
4095
0
0
0
0
0
0
4094
4093
0
0
0
0
0
0
4094
4093
0
0
0
0
0
0
4094
4094
0
0
0
0
0
0
4094
4094
0
0
0
0
0
0
4094
4094
0
0
0
0
0
0
4094
4093
0
0
0
0
0
0
4093
4093
0
0
0
0
0
0
4094
4094
0
0
0
0
0
0
4094
4094
0
0
0
0
0
0
4092
4094
0
0
0
0
0
0
4094
4094
0
0
0
0
0
0
4094
4093
0
0
0
0
0
0
4094
4094
0
0
0
0
0
0
4095
4094
0
0
0
0
0
0
4093
4094
0
0
0
0
0
0
4093
4094
0
0
0
0
0
0
4092
4094
0
0
0
0
0
0
4092
4091
0
0
0
0
0
0
4093
4090
0
0
0
0
0
0
1
4092
0
0
0
0
0
0
1
4095
0
0
0
0
0
0
0
1
0
0
0
0
0
0
4090
0
0
0
0
0
0
0
4089
4094
0
0
0
0
0
0
4090
4089
0
0
0
0
0
0
4094
4086
0
0
0
0
0
0
5
4091
0
0
0
0
0
0
4
1
0
0
0
0
0
0
0
5
0
0
0
0
0
0
4088
3
0
0
0
0
0
0
4085
4092
0
0
0
0
0
0
4088
4085
0
0
0
0
0
0
2
4084
0
0
0
0
0
0
8
4092
0
0
0
0
0
0
7
5
0
0
0
0
0
0
4094
10
0
0
0
0
0
0
4083
4
0
0
0
0
0
0
4080
4088
0
0
0
0
0
0
4089
4081
0
0
0
0
0
0
5
4083
0
0
0
0
0
0
13
4093
0
0
0
0
0
0
9
11
0
0
0
0
0
0
4092
14
0
0
0
0
0
0
4077
3
0
0
0
0
0
0
4077
4084
0
0
0
0
0
0
4090
4074
0
0
0
0
0
0
11
4081
0
0
0
0
0
0
19
1
0
0
0
0
0
0
10
17
0
0
0
0
0
0
4085
17
0
0
0
0
0
0
4071
2
0
0
0
0
0
0
4072
4076
0
0
0
0
0
0
4093
4069
0
0
0
0
0
0
19
4079
0
0
0
0
0
0
26
6
0
0
0
0
0
0
11
24
0
0
0
0
0
0
4079
22
0
0
0
0
0
0
4062
4094
0
0
0
0
0
0
4070
4069
0
0
0
0
0
0
2
4062
0
0
0
0
0
0
29
4081
0
0
0
0
0
0
31
15
0
0
0
0
0
0
8
33
0
0
0
0
0
0
4069
24
0
0
0
0
0
0
4053
4086
0
0
0
0
0
0
4070
4060
0
0
0
0
0
0
9
4056
0
0
0
0
0
0
38
4085
0
0
0
0
0
0
37
25
0
0
0
0
0
0
2
41
0
0
0
0
0
0
4059
23
0
0
0
0
0
0
4045
4079
0
0
0
0
0
0
4070
4048
0
0
0
0
0
0
20
4054
0
0
0
0
0
0
50
4090
0
0
0
0
0
0
40
37
0
0
0
0
0
0
4089
49
0
0
0
0
0
0
4046
21
0
0
0
0
0
0
4037
4066
0
0
0
0
0
0
4075
4037
0
0
0
0
0
0
33
4051
0
0
0
0
0
0
62
5
0
0
0
0
0
0
39
51
0
0
0
0
0
0
4077
55
0
0
0
0
0
0
4031
14
0
0
0
0
0
0
4033
4054
0
0
0
0
0
0
4083
4025
0
0
0
0
0
0
50
4052
0
0
0
0
0
0
72
18
0
0
0
0
0
0
35
64
0
0
0
0
0
0
4063
60
0
0
0
0
0
0
4016
5
0
0
0
0
0
0
4030
4038
0
0
0
0
0
0
4095
4016
0
0
0
0
0
0
66
4056
0
0
0
0
0
0
81
32
0
0
0
0
0
0
28
79
0
0
0
0
0
0
4045
62
0
0
0
0
0
0
4002
4088
0
0
0
0
0
0
4031
4019
0
0
0
0
0
0
15
4008
0
0
0
0
0
0
85
4065
0
0
0
0
0
0
87
51
0
0
0
0
0
0
16
92
0
0
0
0
0
0
4024
58
0
0
0
0
0
0
3989
4070
0
0
0
0
0
0
4036
4002
0
0
0
0
0
0
36
4005
0
0
0
0
0
0
104
4079
0
0
0
0
0
0
89
72
0
0
0
0
0
0
4095
103
0
0
0
0
0
0
4002
52
0
0
0
0
0
0
3979
4050
0
0
0
0
0
0
4047
3983
0
0
0
0
0
0
61
4004
0
0
0
0
0
0
122
0
0
0
0
0
0
0
86
94
0
0
0
0
0
0
4074
113
0
0
0
0
0
0
3978
40
0
0
0
0
0
0
3971
4025
0
0
0
0
0
0
4063
3966
0
0
0
0
0
0
86
4008
0
0
0
0
0
0
137
22
0
0
0
0
0
0
78
117
0
0
0
0
0
0
4048
119
0
0
0
0
0
0
3954
22
0
0
0
0
0
0
3969
4000
0
0
0
0
0
0
4085
3953
0
0
0
0
0
0
113
4017
0
0
0
0
0
0
150
48
0
0
0
0
0
0
64
140
0
0
0
0
0
0
4019
119
0
0
0
0
0
0
3933
0
0
0
0
0
0
0
3973
3971
0
0
0
0
0
0
15
3941
0
0
0
0
0
0
143
4032
0
0
0
0
0
0
156
78
0
0
0
0
0
0
43
159
0
0
0
0
0
0
3986
112
0
0
0
0
0
0
3913
4067
0
0
0
0
0
0
3983
3944
0
0
0
0
0
0
47
3937
0
0
0
0
0
0
171
4054
0
0
0
0
0
0
160
111
0
0
0
0
0
0
17
177
0
0
0
0
0
0
3952
101
0
0
0
0
0
0
3901
4037
0
0
0
0
0
0
4003
3917
0
0
0
0
0
0
83
3936
0
0
0
0
0
0
196
4082
0
0
0
0
0
0
153
144
0
0
0
0
0
0
4079
187
0
0
0
0
0
0
3917
81
0
0
0
0
0
0
3891
4000
0
0
0
0
0
0
4026
3892
0
0
0
0
0
0
124
3944
0
0
0
0
0
0
219
19
0
0
0
0
0
0
140
178
0
0
0
0
0
0
4041
194
0
0
0
0
0
0
3883
54
0
0
0
0
0
0
3891
3962
0
0
0
0
0
0
4060
3874
0
0
0
0
0
0
164
3959
0
0
0
0
0
0
234
57
0
0
0
0
0
0
118
208
0
0
0
0
0
0
3998
194
0
0
0
0
0
0
3853
20
0
0
0
0
0
0
3897
3921
0
0
0
0
0
0
3
3860
0
0
0
0
0
0
205
3982
0
0
0
0
0
0
246
102
0
0
0
0
0
0
89
237
0
0
0
0
0
0
3951
183
0
0
0
0
0
0
3827
4076
0
0
0
0
0
0
3914
3883
0
0
0
0
0
0
48
3851
0
0
0
0
0
0
245
4015
0
0
0
0
0
0
246
147
0
0
0
0
0
0
50
260
0
0
0
0
0
0
3904
167
0
0
0
0
0
0
3809
4031
0
0
0
0
0
0
3938
3845
0
0
0
0
0
0
100
3854
0
0
0
0
0
0
280
4054
0
0
0
0
0
0
239
193
0
0
0
0
0
0
3
277
0
0
0
0
0
0
3854
138
0
0
0
0
0
0
3796
3981
0
0
0
0
0
0
3974
3812
0
0
0
0
0
0
154
3864
0
0
0
0
0
0
310
4
0
0
0
0
0
0
220
238
0
0
0
0
0
0
4047
285
0
0
0
0
0
0
3809
102
0
0
0
0
0
0
3795
3929
0
0
0
0
0
0
4018
3786
0
0
0
0
0
0
209
3885
0
0
0
0
0
0
333
58
0
0
0
0
0
0
189
282
0
0
0
0
0
0
3988
284
0
0
0
0
0
0
3767
56
0
0
0
0
0
0
3805
3876
0
0
0
0
0
0
4072
3766
0
0
0
0
0
0
265
3916
0
0
0
0
0
0
346
115
0
0
0
0
0
0
150
320
0
0
0
0
0
0
3925
271
0
0
0
0
0
0
3733
4
0
0
0
0
0
0
3824
3821
0
0
0
0
0
0
36
3756
0
0
0
0
0
0
318
3958
0
0
0
0
0
0
349
175
0
0
0
0
0
0
99
350
0
0
0
0
0
0
3861
247
0
0
0
0
0
0
3706
4040
0
0
0
0
0
0
3859
3773
0
0
0
0
0
0
102
3757
0
0
0
0
0
0
365
4009
0
0
0
0
0
0
337
235
0
0
0
0
0
0
39
372
0
0
0
0
0
0
3798
213
0
0
0
0
0
0
3692
3976
0
0
0
0
0
0
3903
3729
0
0
0
0
0
0
174
3771
0
0
0
0
0
0
406
4070
0
0
0
0
0
0
315
295
0
0
0
0
0
0
4066
385
0
0
0
0
0
0
3738
166
0
0
0
0
0
0
3688
3907
0
0
0
0
0
0
3960
3694
0
0
0
0
0
0
246
3797
0
0
0
0
0
0
435
42
0
0
0
0
0
0
279
351
0
0
0
0
0
0
3992
385
0
0
0
0
0
0
3684
109
0
0
0
0
0
0
3699
3837
0
0
0
0
0
0
4026
3668
0
0
0
0
0
0
318
3835
0
0
0
0
0
0
455
115
0
0
0
0
0
0
229
401
0
0
0
0
0
0
3912
370
0
0
0
0
0
0
3638
42
0
0
0
0
0
0
3723
3769
0
0
0
0
0
0
7
3654
0
0
0
0
0
0
385
3886
0
0
0
0
0
0
458
190
0
0
0
0
0
0
166
440
0
0
0
0
0
0
3832
343
0
0
0
0
0
0
3604
4063
0
0
0
0
0
0
3763
3707
0
0
0
0
0
0
91
3654
0
0
0
0
0
0
447
3950
0
0
0
0
0
0
448
267
0
0
0
0
0
0
92
470
0
0
0
0
0
0
3753
302
0
0
0
0
0
0
3581
3982
0
0
0
0
0
0
3817
3651
0
0
0
0
0
0
180
3668
0
0
0
0
0
0
497
4023
0
0
0
0
0
0
423
342
0
0
0
0
0
0
8
488
0
0
0
0
0
0
3677
245
0
0
0
0
0
0
3575
3897
0
0
0
0
0
0
3885
3606
0
0
0
0
0
0
269
3697
0
0
0
0
0
0
537
8
0
0
0
0
0
0
380
411
0
0
0
0
0
0
4013
490
0
0
0
0
0
0
3607
176
0
0
0
0
0
0
3584
3813
0
0
0
0
0
0
3965
3571
0
0
0
0
0
0
356
3742
0
0
0
0
0
0
563
98
0
0
0
0
0
0
322
473
0
0
0
0
0
0
3915
475
0
0
0
0
0
0
3551
97
0
0
0
0
0
0
3612
3731
0
0
0
0
0
0
4057
3551
0
0
0
0
0
0
439
3800
0
0
0
0
0
0
571
190
0
0
0
0
0
0
248
526
0
0
0
0
0
0
3817
445
0
0
0
0
0
0
3505
9
0
0
0
0
0
0
3656
3653
0
0
0
0
0
0
60
3546
0
0
0
0
0
0
516
3875
0
0
0
0
0
0
564
283
0
0
0
0
0
0
163
566
0
0
0
0
0
0
3721
399
0
0
0
0
0
0
3474
4007
0
0
0
0
0
0
3717
3583
0
0
0
0
0
0
164
3560
0
0
0
0
0
0
581
3960
0
0
0
0
0
0
536
373
0
0
0
0
0
0
64
588
0
0
0
0
0
0
3630
336
0
0
0
0
0
0
3463
3907
0
0
0
0
0
0
3796
3526
0
0
0
0
0
0
271
3591
0
0
0
0
0
0
632
4055
0
0
0
0
0
0
489
457
0
0
0
0
0
0
4053
596
0
0
0
0
0
0
3546
258
0
0
0
0
0
0
3471
3807
0
0
0
0
0
0
3888
3482
0
0
0
0
0
0
377
3640
0
0
0
0
0
0
665
63
0
0
0
0
0
0
425
533
0
0
0
0
0
0
3939
584
0
0
0
0
0
0
3473
165
0
0
0
0
0
0
3497
3708
0
0
0
0
0
0
3995
3455
0
0
0
0
0
0
477
3707
0
0
0
0
0
0
680
171
0
0
0
0
0
0
343
599
0
0
0
0
0
0
3823
552
0
0
0
0
0
0
3417
64
0
0
0
0
0
0
3544
3615
0
0
0
0
0
0
12
3445
0
0
0
0
0
0
568
3788
0
0
0
0
0
0
676
280
0
0
0
0
0
0
245
648
0
0
0
0
0
0
3712
502
0
0
0
0
0
0
3379
4051
0
0
0
0
0
0
3612
3532
0
0
0
0
0
0
131
3454
0
0
0
0
0
0
646
3884
0
0
0
0
0
0
650
387
0
0
0
0
0
0
135
681
0
0
0
0
0
0
3602
433
0
0
0
0
0
0
3360
3936
0
0
0
0
0
0
3697
3461
0
0
0
0
0
0
255
3485
0
0
0
0
0
0
708
3991
0
0
0
0
0
0
602
486
0
0
0
0
0
0
14
693
0
0
0
0
0
0
3504
347
0
0
0
0
0
0
3361
3817
0
0
0
0
0
0
3800
3406
0
0
0
0
0
0
377
3536
0
0
0
0
0
0
754
13
0
0
0
0
0
0
533
576
0
0
0
0
0
0
3982
685
0
0
0
0
0
0
3418
247
0
0
0
0
0
0
3385
3703
0
0
0
0
0
0
3915
3370
0
0
0
0
0
0
494
3606
0
0
0
0
0
0
778
134
0
0
0
0
0
0
445
654
0
0
0
0
0
0
3850
654
0
0
0
0
0
0
3349
134
0
0
0
0
0
0
3434
3597
0
0
0
0
0
0
4042
3352
0
0
0
0
0
0
600
3695
0
0
0
0
0
0
778
257
0
0
0
0
0
0
338
714
0
0
0
0
0
0
3721
605
0
0
0
0
0
0
3298
12
0
0
0
0
0
0
3503
3499
0
0
0
0
0
0
80
3357
0
0
0
0
0
0
693
3799
0
0
0
0
0
0
756
379
0
0
0
0
0
0
217
756
0
0
0
0
0
0
3597
533
0
0
0
0
0
0
3270
3979
0
0
0
0
0
0
3593
3415
0
0
0
0
0
0
219
3386
0
0
0
0
0
0
769
3917
0
0
0
0
0
0
709
494
0
0
0
0
0
0
84
776
0
0
0
0
0
0
3484
443
0
0
0
0
0
0
3266
3850
0
0
0
0
0
0
3703
3350
0
0
0
0
0
0
356
3437
0
0
0
0
0
0
824
4043
0
0
0
0
0
0
639
597
0
0
0
0
0
0
4040
774
0
0
0
0
0
0
3383
337
0
0
0
0
0
0
3286
3722
0
0
0
0
0
0
3827
3303
0
0
0
0
0
0
485
3507
0
0
0
0
0
0
858
83
0
0
0
0
0
0
547
686
0
0
0
0
0
0
3896
747
0
0
0
0
0
0
3302
214
0
0
0
0
0
0
3331
3602
0
0
0
0
0
0
3964
3278
0
0
0
0
0
0
607
3599
0
0
0
0
0
0
865
218
0
0
0
0
0
0
437
759
0
0
0
0
0
0
3752
699
0
0
0
0
0
0
3239
82
0
0
0
0
0
0
3399
3489
0
0
0
0
0
0
16
3278
0
0
0
0
0
0
713
3709
0
0
0
0
0
0
847
350
0
0
0
0
0
0
309
811
0
0
0
0
0
0
3615
627
0
0
0
0
0
0
3203
4039
0
0
0
0
0
0
3493
3394
0
0
0
0
0
0
165
3300
0
0
0
0
0
0
803
3833
0
0
0
0
0
0
805
478
0
0
0
0
0
0
167
841
0
0
0
0
0
0
3488
535
0
0
0
0
0
0
3189
3898
0
0
0
0
0
0
3606
3317
0
0
0
0
0
0
313
3347
0
0
0
0
0
0
869
3968
0
0
0
0
0
0
737
594
0
0
0
0
0
0
17
845
0
0
0
0
0
0
3375
424
0
0
0
0
0
0
3202
3758
0
0
0
0
0
0
3736
3259
0
0
0
0
0
0
457
3417
0
0
0
0
0
0
913
15
0
0
0
0
0
0
644
696
0
0
0
0
0
0
3959
826
0
0
0
0
0
0
3281
298
0
0
0
0
0
0
3243
3626
0
0
0
0
0
0
3881
3226
0
0
0
0
0
0
591
3509
0
0
0
0
0
0
930
161
0
0
0
0
0
0
531
781
0
0
0
0
0
0
3803
780
0
0
0
0
0
0
3207
160
0
0
0
0
0
0
3309
3504
0
0
0
0
0
0
4032
3215
0
0
0
0
0
0
708
3620
0
0
0
0
0
0
920
305
0
0
0
0
0
0
400
843
0
0
0
0
0
0
3654
711
0
0
0
0
0
0
3159
15
0
0
0
0
0
0
3400
3397
0
0
0
0
0
0
95
3232
0
0
0
0
0
0
810
3748
0
0
0
0
0
0
883
443
0
0
0
0
0
0
255
882
0
0
0
0
0
0
3516
621
0
0
0
0
0
0
3136
3960
0
0
0
0
0
0
3513
3307
0
0
0
0
0
0
253
3274
0
0
0
0
0
0
890
3889
0
0
0
0
0
0
818
569
0
0
0
0
0
0
98
894
0
0
0
0
0
0
3391
509
0
0
0
0
0
0
3142
3814
0
0
0
0
0
0
3643
3241
0
0
0
0
0
0
407
3341
0
0
0
0
0
0
944
4038
0
0
0
0
0
0
729
680
0
0
0
0
0
0
4035
883
0
0
0
0
0
0
3286
382
0
0
0
0
0
0
3176
3671
0
0
0
0
0
0
3791
3197
0
0
0
0
0
0
550
3431
0
0
0
0
0
0
970
92
0
0
0
0
0
0
619
776
0
0
0
0
0
0
3871
844
0
0
0
0
0
0
3202
241
0
0
0
0
0
0
3237
3541
0
0
0
0
0
0
3949
3179
0
0
0
0
0
0
680
3540
0
0
0
0
0
0
968
244
0
0
0
0
0
0
488
848
0
0
0
0
0
0
3714
780
0
0
0
0
0
0
3141
91
0
0
0
0
0
0
3324
3424
0
0
0
0
0
0
15
3188
0
0
0
0
0
0
790
3667
0
0
0
0
0
0
938
389
0
0
0
0
0
0
341
895
0
0
0
0
0
0
3568
692
0
0
0
0
0
0
3111
4034
0
0
0
0
0
0
3433
3325
0
0
0
0
0
0
178
3221
0
0
0
0
0
0
880
3809
0
0
0
0
0
0
881
523
0
0
0
0
0
0
184
919
0
0
0
0
0
0
3433
584
0
0
0
0
0
0
3108
3880
0
0
0
0
0
0
3563
3250
0
0
0
0
0
0
340
3284
0
0
0
0
0
0
943
3958
0
0
0
0
0
0
798
644
0
0
0
0
0
0
18
914
0
0
0
0
0
0
3319
458
0
0
0
0
0
0
3133
3733
0
0
0
0
0
0
3708
3196
0
0
0
0
0
0
491
3368
0
0
0
0
0
0
978
15
0
0
0
0
0
0
691
746
0
0
0
0
0
0
3950
882
0
0
0
0
0
0
3225
319
0
0
0
0
0
0
3187
3596
0
0
0
0
0
0
3866
3170
0
0
0
0
0
0
626
3473
0
0
0
0
0
0
987
170
0
0
0
0
0
0
564
826
0
0
0
0
0
0
3787
826
0
0
0
0
0
0
3158
169
0
0
0
0
0
0
3267
3472
0
0
0
0
0
0
4029
3168
0
0
0
0
0
0
746
3596
0
0
0
0
0
0
967
320
0
0
0
0
0
0
421
884
0
0
0
0
0
0
3634
745
0
0
0
0
0
0
3116
16
0
0
0
0
0
0
3369
3367
0
0
0
0
0
0
99
3196
0
0
0
0
0
0
842
3733
0
0
0
0
0
0
919
460
0
0
0
0
0
0
264
914
0
0
0
0
0
0
3495
643
0
0
0
0
0
0
3103
3957
0
0
0
0
0
0
3494
3283
0
0
0
0
0
0
260
3248
0
0
0
0
0
0
915
3882
0
0
0
0
0
0
842
585
0
0
0
0
0
0
101
918
0
0
0
0
0
0
3375
523
0
0
0
0
0
0
3120
3808
0
0
0
0
0
0
3633
3222
0
0
0
0
0
0
416
3326
0
0
0
0
0
0
960
4035
0
0
0
0
0
0
743
694
0
0
0
0
0
0
4032
896
0
0
0
0
0
0
3274
388
0
0
0
0
0
0
3162
3666
0
0
0
0
0
0
3787
3188
0
0
0
0
0
0
555
3423
0
0
0
0
0
0
978
93
0
0
0
0
0
0
622
780
0
0
0
0
0
0
3870
847
0
0
0
0
0
0
3198
242
0
0
0
0
0
0
3234
3540
0
0
0
0
0
0
3948
3178
0
0
0
0
0
0
678
3539
0
0
0
0
0
0
967
243
0
0
0
0
0
0
487
845
0
0
0
0
0
0
3717
777
0
0
0
0
0
0
3149
92
0
0
0
0
0
0
3329
3430
0
0
0
0
0
0
15
3196
0
0
0
0
0
0
782
3672
0
0
0
0
0
0
927
385
0
0
0
0
0
0
336
883
0
0
0
0
0
0
3574
681
0
0
0
0
0
0
3128
4035
0
0
0
0
0
0
3445
3340
0
0
0
0
0
0
176
3239
0
0
0
0
0
0
861
3814
0
0
0
0
0
0
862
510
0
0
0
0
0
0
180
897
0
0
0
0
0
0
3450
570
0
0
0
0
0
0
3135
3887
0
0
0
0
0
0
3576
3273
0
0
0
0
0
0
329
3306
0
0
0
0
0
0
913
3961
0
0
0
0
0
0
772
622
0
0
0
0
0
0
19
882
0
0
0
0
0
0
3347
443
0
0
0
0
0
0
3170
3748
0
0
0
0
0
0
3722
3231
0
0
0
0
0
0
470
3396
0
0
0
0
0
0
938
14
0
0
0
0
0
0
662
714
0
0
0
0
0
0
3956
844
0
0
0
0
0
0
3265
305
0
0
0
0
0
0
3228
3619
0
0
0
0
0
0
3877
3215
0
0
0
0
0
0
596
3504
0
0
0
0
0
0
938
161
0
0
0
0
0
0
534
782
0
0
0
0
0
0
3804
781
0
0
0
0
0
0
3208
160
0
0
0
0
0
0
3314
3509
0
0
0
0
0
0
4033
3223
0
0
0
0
0
0
701
3627
0
0
0
0
0
0
907
299
0
0
0
0
0
0
394
827
0
0
0
0
0
0
3665
697
0
0
0
0
0
0
3180
15
0
0
0
0
0
0
3417
3417
0
0
0
0
0
0
90
3257
0
0
0
0
0
0
784
3758
0
0
0
0
0
0
852
426
0
0
0
0
0
0
246
848
0
0
0
0
0
0
3541
595
0
0
0
0
0
0
3179
3968
0
0
0
0
0
0
3539
3345
0
0
0
0
0
0
239
3314
0
0
0
0
0
0
842
3897
0
0
0
0
0
0
775
536
0
0
0
0
0
0
94
842
0
0
0
0
0
0
3435
479
0
0
0
0
0
0
3203
3833
0
0
0
0
0
0
3674
3298
0
0
0
0
0
0
377
3393
0
0
0
0
0
0
874
4040
0
0
0
0
0
0
676
629
0
0
0
0
0
0
4039
814
0
0
0
0
0
0
3350
351
0
0
0
0
0
0
3251
3708
0
0
0
0
0
0
3816
3275
0
0
0
0
0
0
500
3489
0
0
0
0
0
0
881
82
0
0
0
0
0
0
560
701
0
0
0
0
0
0
3894
761
0
0
0
0
0
0
3292
217
0
0
0
0
0
0
3324
3598
0
0
0
0
0
0
3963
3277
0
0
0
0
0
0
605
3600
0
0
0
0
0
0
861
215
0
0
0
0
0
0
433
751
0
0
0
0
0
0
3759
690
0
0
0
0
0
0
3257
81
0
0
0
0
0
0
3416
3506
0
0
0
0
0
0
13
3301
0
0
0
0
0
0
689
3721
0
0
0
0
0
0
816
337
0
0
0
0
0
0
296
775
0
0
0
0
0
0
3639
598
0
0
0
0
0
0
3248
4043
0
0
0
0
0
0
3526
3435
0
0
0
0
0
0
152
3346
0
0
0
0
0
0
751
3850
0
0
0
0
0
0
750
445
0
0
0
0
0
0
157
779
0
0
0
0
0
0
3535
495
0
0
0
0
0
0
3263
3916
0
0
0
0
0
0
3647
3384
0
0
0
0
0
0
283
3413
0
0
0
0
0
0
787
3980
0
0
0
0
0
0
665
535
0
0
0
0
0
0
16
758
0
0
0
0
0
0
3452
381
0
0
0
0
0
0
3301
3797
0
0
0
0
0
0
3775
3356
0
0
0
0
0
0
401
3499
0
0
0
0
0
0
799
12
0
0
0
0
0
0
563
606
0
0
0
0
0
0
3976
715
0
0
0
0
0
0
3391
258
0
0
0
0
0
0
3361
3693
0
0
0
0
0
0
3909
3351
0
0
0
0
0
0
502
3594
0
0
0
0
0
0
789
134
0
0
0
0
0
0
451
658
0
0
0
0
0
0
3852
657
0
0
0
0
0
0
3352
134
0
0
0
0
0
0
3440
3603
0
0
0
0
0
0
4042
3367
0
0
0
0
0
0
583
3702
0
0
0
0
0
0
756
250
0
0
0
0
0
0
329
687
0
0
0
0
0
0
3738
579
0
0
0
0
0
0
3337
11
0
0
0
0
0
0
3533
3534
0
0
0
0
0
0
74
3403
0
0
0
0
0
0
645
3817
0
0
0
0
0
0
701
349
0
0
0
0
0
0
201
695
0
0
0
0
0
0
3639
488
0
0
0
0
0
0
3344
3990
0
0
0
0
0
0
3640
3483
0
0
0
0
0
0
194
3457
0
0
0
0
0
0
685
3934
0
0
0
0
0
0
629
436
0
0
0
0
0
0
75
683
0
0
0
0
0
0
3561
387
0
0
0
0
0
0
3373
3882
0
0
0
0
0
0
3755
3453
0
0
0
0
0
0
303
3528
0
0
0
0
0
0
702
4049
0
0
0
0
0
0
542
504
0
0
0
0
0
0
4050
651
0
0
0
0
0
0
3501
282
0
0
0
0
0
0
3421
3786
0
0
0
0
0
0
3872
3441
0
0
0
0
0
0
398
3613
0
0
0
0
0
0
698
65
0
0
0
0
0
0
444
555
0
0
0
0
0
0
3936
601
0
0
0
0
0
0
3461
172
0
0
0
0
0
0
3486
3702
0
0
0
0
0
0
3990
3451
0
0
0
0
0
0
474
3705
0
0
0
0
0
0
674
168
0
0
0
0
0
0
339
586
0
0
0
0
0
0
3834
538
0
0
0
0
0
0
3441
63
0
0
0
0
0
0
3567
3637
0
0
0
0
0
0
8
3478
0
0
0
0
0
0
533
3805
0
0
0
0
0
0
632
260
0
0
0
0
0
0
229
599
0
0
0
0
0
0
3743
459
0
0
0
0
0
0
3443
4055
0
0
0
0
0
0
3657
3588
0
0
0
0
0
0
117
3523
0
0
0
0
0
0
573
3907
0
0
0
0
0
0
572
337
0
0
0
0
0
0
119
593
0
0
0
0
0
0
3670
375
0
0
0
0
0
0
3464
3958
0
0
0
0
0
0
3755
3557
0
0
0
0
0
0
214
3580
0
0
0
0
0
0
593
4008
0
0
0
0
0
0
499
401
0
0
0
0
0
0
13
569
0
0
0
0
0
0
3614
284
0
0
0
0
0
0
3501
3873
0
0
0
0
0
0
3856
3543
0
0
0
0
0
0
298
3651
0
0
0
0
0
0
593
8
0
0
0
0
0
0
417
448
0
0
0
0
0
0
4008
529
0
0
0
0
0
0
3575
190
0
0
0
0
0
0
3554
3799
0
0
0
0
0
0
3957
3548
0
0
0
0
0
0
368
3728
0
0
0
0
0
0
577
98
0
0
0
0
0
0
328
480
0
0
0
0
0
0
3918
477
0
0
0
0
0
0
3554
98
0
0
0
0
0
0
3619
3738
0
0
0
0
0
0
4057
3568
0
0
0
0
0
0
422
3812
0
0
0
0
0
0
544
178
0
0
0
0
0
0
236
493
0
0
0
0
0
0
3838
414
0
0
0
0
0
0
3552
8
0
0
0
0
0
0
3694
3695
0
0
0
0
0
0
52
3602
0
0
0
0
0
0
458
3897
0
0
0
0
0
0
497
247
0
0
0
0
0
0
142
492
0
0
0
0
0
0
3774
345
0
0
0
0
0
0
3565
4021
0
0
0
0
0
0
3775
3665
0
0
0
0
0
0
135
3648
0
0
0
0
0
0
478
3981
0
0
0
0
0
0
438
302
0
0
0
0
0
0
52
474
0
0
0
0
0
0
3723
268
0
0
0
0
0
0
3595
3949
0
0
0
0
0
0
3860
3651
0
0
0
0
0
0
209
3704
0
0
0
0
0
0
483
4063
0
0
0
0
0
0
372
346
0
0
0
0
0
0
4064
445
0
0
0
0
0
0
3689
192
0
0
0
0
0
0
3636
3885
0
0
0
0
0
0
3942
3650
0
0
0
0
0
0
268
3767
0
0
0
0
0
0
471
43
0
0
0
0
0
0
298
373
0
0
0
0
0
0
3988
403
0
0
0
0
0
0
3669
114
0
0
0
0
0
0
3687
3833
0
0
0
0
0
0
4025
3665
0
0
0
0
0
0
314
3835
0
0
0
0
0
0
447
110
0
0
0
0
0
0
224
387
0
0
0
0
0
0
3922
354
0
0
0
0
0
0
3664
42
0
0
0
0
0
0
3748
3794
0
0
0
0
0
0
4
3690
0
0
0
0
0
0
347
3905
0
0
0
0
0
0
410
167
0
0
0
0
0
0
147
387
0
0
0
0
0
0
3867
298
0
0
0
0
0
0
3673
4069
0
0
0
0
0
0
3811
3768
0
0
0
0
0
0
74
3726
0
0
0
0
0
0
365
3972
0
0
0
0
0
0
364
214
0
0
0
0
0
0
76
377
0
0
0
0
0
0
3825
238
0
0
0
0
0
0
3694
4008
0
0
0
0
0
0
3879
3755
0
0
0
0
0
0
134
3769
0
0
0
0
0
0
372
4040
0
0
0
0
0
0
312
250
0
0
0
0
0
0
7
354
0
0
0
0
0
0
3794
176
0
0
0
0
0
0
3725
3956
0
0
0
0
0
0
3946
3753
0
0
0
0
0
0
183
3820
0
0
0
0
0
0
364
3
0
0
0
0
0
0
256
273
0
0
0
0
0
0
4041
322
0
0
0
0
0
0
3777
116
0
0
0
0
0
0
3766
3915
0
0
0
0
0
0
4012
3764
0
0
0
0
0
0
220
3873
0
0
0
0
0
0
347
58
0
0
0
0
0
0
197
286
0
0
0
0
0
0
3989
285
0
0
0
0
0
0
3773
58
0
0
0
0
0
0
3811
3882
0
0
0
0
0
0
4070
3782
0
0
0
0
0
0
247
3927
0
0
0
0
0
0
318
102
0
0
0
0
0
0
138
288
0
0
0
0
0
0
3944
241
0
0
0
0
0
0
3779
4
0
0
0
0
0
0
3862
3863
0
0
0
0
0
0
28
3808
0
0
0
0
0
0
262
3980
0
0
0
0
0
0
284
140
0
0
0
0
0
0
80
280
0
0
0
0
0
0
3912
195
0
0
0
0
0
0
3793
4053
0
0
0
0
0
0
3912
3850
0
0
0
0
0
0
76
3843
0
0
0
0
0
0
268
4031
0
0
0
0
0
0
244
168
0
0
0
0
0
0
29
264
0
0
0
0
0
0
3889
149
0
0
0
0
0
0
3817
4013
0
0
0
0
0
0
3964
3850
0
0
0
0
0
0
114
3880
0
0
0
0
0
0
263
4078
0
0
0
0
0
0
202
186
0
0
0
0
0
0
4077
239
0
0
0
0
0
0
3875
103
0
0
0
0
0
0
3847
3981
0
0
0
0
0
0
4012
3856
0
0
0
0
0
0
142
3920
0
0
0
0
0
0
250
22
0
0
0
0
0
0
158
195
0
0
0
0
0
0
4038
211
0
0
0
0
0
0
3871
60
0
0
0
0
0
0
3882
3958
0
0
0
0
0
0
4058
3872
0
0
0
0
0
0
162
3959
0
0
0
0
0
0
230
56
0
0
0
0
0
0
114
197
0
0
0
0
0
0
4006
179
0
0
0
0
0
0
3875
20
0
0
0
0
0
0
3919
3942
0
0
0
0
0
0
1
3891
0
0
0
0
0
0
173
3999
0
0
0
0
0
0
203
82
0
0
0
0
0
0
72
191
0
0
0
0
0
0
3981
146
0
0
0
0
0
0
3886
4081
0
0
0
0
0
0
3956
3935
0
0
0
0
0
0
35
3915
0
0
0
0
0
0
176
4036
0
0
0
0
0
0
174
102
0
0
0
0
0
0
35
179
0
0
0
0
0
0
3965
112
0
0
0
0
0
0
3904
4053
0
0
0
0
0
0
3992
3934
0
0
0
0
0
0
61
3942
0
0
0
0
0
0
172
4067
0
0
0
0
0
0
144
114
0
0
0
0
0
0
2
162
0
0
0
0
0
0
3957
79
0
0
0
0
0
0
3926
4031
0
0
0
0
0
0
4027
3939
0
0
0
0
0
0
80
3970
0
0
0
0
0
0
163
0
0
0
0
0
0
0
112
120
0
0
0
0
0
0
4072
142
0
0
0
0
0
0
3955
49
0
0
0
0
0
0
3951
4015
0
0
0
0
0
0
4058
3951
0
0
0
0
0
0
93
3997
0
0
0
0
0
0
148
24
0
0
0
0
0
0
82
121
0
0
0
0
0
0
4049
119
0
0
0
0
0
0
3959
24
0
0
0
0
0
0
3975
4004
0
0
0
0
0
0
4083
3964
0
0
0
0
0
0
100
4024
0
0
0
0
0
0
129
40
0
0
0
0
0
0
56
116
0
0
0
0
0
0
4032
96
0
0
0
0
0
0
3968
1
0
0
0
0
0
0
4000
4001
0
0
0
0
0
0
9
3981
0
0
0
0
0
0
102
4049
0
0
0
0
0
0
109
52
0
0
0
0
0
0
31
107
0
0
0
0
0
0
4024
73
0
0
0
0
0
0
3980
4079
0
0
0
0
0
0
4024
4001
0
0
0
0
0
0
27
4000
0
0
0
0
0
0
98
4070
0
0
0
0
0
0
88
60
0
0
0
0
0
0
9
95
0
0
0
0
0
0
4020
52
0
0
0
0
0
0
3995
4065
0
0
0
0
0
0
4047
4007
0
0
0
0
0
0
38
4018
0
0
0
0
0
0
91
4088
0
0
0
0
0
0
69
64
0
0
0
0
0
0
4088
81
0
0
0
0
0
0
4019
34
0
0
0
0
0
0
4010
4056
0
0
0
0
0
0
4067
4015
0
0
0
0
0
0
46
4037
0
0
0
0
0
0
80
6
0
0
0
0
0
0
49
61
0
0
0
0
0
0
4075
66
0
0
0
0
0
0
4023
17
0
0
0
0
0
0
4027
4050
0
0
0
0
0
0
4082
4024
0
0
0
0
0
0
48
4052
0
0
0
0
0
0
69
15
0
0
0
0
0
0
33
57
0
0
0
0
0
0
4068
52
0
0
0
0
0
0
4029
5
0
0
0
0
0
0
4043
4050
0
0
0
0
0
0
4094
4035
0
0
0
0
0
0
47
4066
0
0
0
0
0
0
55
21
0
0
0
0
0
0
18
50
0
0
0
0
0
0
4065
39
0
0
0
0
0
0
4039
4090
0
0
0
0
0
0
4057
4052
0
0
0
0
0
0
7
4047
0
0
0
0
0
0
43
4079
0
0
0
0
0
0
43
24
0
0
0
0
0
0
8
43
0
0
0
0
0
0
4063
26
0
0
0
0
0
0
4047
4083
0
0
0
0
0
0
4071
4057
0
0
0
0
0
0
12
4057
0
0
0
0
0
0
39
4088
0
0
0
0
0
0
32
24
0
0
0
0
0
0
0
35
0
0
0
0
0
0
4064
15
0
0
0
0
0
0
4058
4080
0
0
0
0
0
0
4079
4061
0
0
0
0
0
0
15
4068
0
0
0
0
0
0
31
4094
0
0
0
0
0
0
20
22
0
0
0
0
0
0
4090
26
0
0
0
0
0
0
4068
8
0
0
0
0
0
0
4067
4079
0
0
0
0
0
0
4087
4067
0
0
0
0
0
0
15
4076
0
0
0
0
0
0
25
2
0
0
0
0
0
0
14
18
0
0
0
0
0
0
4086
17
0
0
0
0
0
0
4072
2
0
0
0
0
0
0
4075
4080
0
0
0
0
0
0
4092
4073
0
0
0
0
0
0
14
4083
0
0
0
0
0
0
17
3
0
0
0
0
0
0
5
14
0
0
0
0
0
0
4085
10
0
0
0
0
0
0
4076
4095
0
0
0
0
0
0
4082
4082
0
0
0
0
0
0
4095
4080
0
0
0
0
0
0
10
4088
0
0
0
0
0
0
11
3
0
0
0
0
0
0
1
10
0
0
0
0
0
0
4087
6
0
0
0
0
0
0
4082
4093
0
0
0
0
0
0
4087
4085
0
0
0
0
0
0
0
4084
0
0
0
0
0
0
7
4090
0
0
0
0
0
0
6
3
0
0
0
0
0
0
4094
5
0
0
0
0
0
0
4087
1
0
0
0
0
0
0
4086
4092
0
0
0
0
0
0
4091
4087
0
0
0
0
0
0
1
4089
0
0
0
0
0
0
4
4093
0
0
0
0
0
0
2
1
0
0
0
0
0
0
4094
1
0
0
0
0
0
0
4091
0
0
0
0
0
0
0
4090
4092
0
0
0
0
0
0
4093
4090
0
0
0
0
0
0
4095
4090
0
0
0
0
0
0
1
4094
0
0
0
0
0
0
0
0
0
0
0
0
0
0
4093
0
0
0
0
0
0
0
4092
4094
0
0
0
0
0
0
4092
4093
0
0
0
0
0
0
4094
4092
0
0
0
0
0
0
4093
4092
0
0
0
0
0
0
4094
4094
0
0
0
0
0
0
4094
4095
0
0
0
0
0
0
4094
4095
0
0
0
0
0
0
4092
4093
0
0
0
0
0
0
4093
4093
0
0
0
0
0
0
4095
4095
0
0
0
0
0
0
4094
4094
0
0
0
0
0
0
4093
4093
0
0
0
0
0
0
4094
4094
0
0
0
0
0
0
4094
4094
0
0
0
0
0
0
4095
4094
0
0
0
0
0
0
4095
0
0
0
0
0
0
0
0
4095
0
0
0
0
0
0
4095
0
0
0
0
0
0
0
4095
4095
0
0
0
0
0
0
0
0
0
0
0
0
0
0
4095
4095
0
0
0
0
0
0
0
0
0
0
0
0
0
0
4095
4095
0
0
0
0
0
0
0
0
0
0
0
0
0
0
4095
4095
0
0
0
0
0
0
0
0
0
0
0
0
0
0
4095
4095
0
0
0
0
0
0
0
0
0
0
0
0
0
0
4095
4095
0
0
0
0
0
0
0
0
0
0
0
0
0
0
4095
4095
0
0
0
0
0
0
0
0
0
0
0
0
0
0
4095
4095
0
0
0
0
0
0
0
0
0
0
0
0
0
0
4095
4095
0
0
0
0
0
0
0
0
0
0
0
0
0
0
4095
4095
0
0
0
0
0
0
0
0
0
0
0
0
0
0
4095
4095
0
0
0
0
0
0
0
0
0
0
0
0
0
0
4095
4095
0
0
0
0
0
0
0
0
0
0
0
0
0
0
4095
4095
0
0
0
0
0
0
0
0
0
0
0
0
0
0
4095
4095
0
0
0
0
0
0
0
0
0
0
0
0
0
0
4095
4095
0
0
0
0
0
0
0
0
0
0
0
0
0
0
4095
4095
0
0
0
0
0
0
0
0
0
0
0
0
0
0
4095
4095
0
0
0
0
0
0
0
0
0
0
0
0
0
0
4095
4095
0
0
0
0
0
0
0
0
0
0
0
0
0
0
4095
4095
0
0
0
0
0
0
0
0
0
0
0
0
0
0
4095
4095
0
0
0
0
0
0
0
0
0
0
0
0
0
0
4095
4095
0
0
0
0
0
0
0
0
0
0
0
0
0
0
4095
4095
0
0
0
0
0
0
0
0
0
0
0
0
0
0
4095
4095
0
0
0
0
0
0
0
0
0
0
0
0
0
0
4095
4095
0
0
0
0
0
0
0
0
0
0
0
0
0
0
4095
4095
0
0
0
0
0
0
0
0
0
0
0
0
0
0
4095
4095
0
0
0
0
0
0
0
0
0
0
0
0
0
0
4095
4095
0
0
0
0
0
0
0
0
0
0
0
0
0
0
4095
4095
0
0
0
0
0
0
0
0
0
0
0
0
0
0
4095
4095
0
0
0
0
0
0
0
0
0
0
0
0
0
0
4095
4095
0
0
0
0
0
0
0
0
0
0
0
0
0
0
4095
4095
0
0
0
0
0
0
0
0
0
0
0
0
0
0
4095
4095
0
0
0
0
0
0
0
0
0
0
0
0
0
0
4095
4095
0
0
0
0
0
0
0
0
0
0
0
0
0
0
4095
4095
0
0
0
0
0
0
0
0
0
0
0
0
0
0
4095
4095
0
0
0
0
0
0
0
0
0
0
0
0
0
0
4095
4095
0
0
0
0
0
0
0
0
0
0
0
0
0
0
4095
4095
0
0
0
0
0
0
0
0
0
0
0
0
0
0
4095
4095
0
0
0
0
0
0
0
0
0
0
0
0
0
0
4095
4095
0
0
0
0
0
0
0
0
0
0
0
0
0
0
4095
4095
0
0
0
0
0
0
0
0
0
0
0
0
0
0
4095
4095
0
0
0
0
0
0
0
0
0
0
0
0
0
0
4095
4095
0
0
0
0
0
0
0
0
0
0
0
0
0
0
4095
4095
0
0
0
0
0
0
0
0
0
0
0
0
0
0
4095
4095
0
0
0
0
0
0
0
0
0
0
0
0
0
0
4095
4095
0
0
0
0
0
0
0
0
0
0
0
0
0
0
4095
4095
0
0
0
0
0
0
0
0
0
0
0
0
0
0
4095
4095
0
0
0
0
0
0
0
0
0
0
0
0
0
0
4095
4095
0
0
0
0
0
0
0
0
0
0
0
0
0
0
4095
4095
0
0
0
0
0
0
0
0
0
0
0
0
0
0
4095
4095
0
0
0
0
0
0
0
0
0
0
0
0
0
0
4095
4095
0
0
0
0
0
0
0
0
0
0
0
0
0
0
4095
4095
0
0
0
0
0
0
0
0
0
0
0
0
0
0
4095
4095
0
0
0
0
0
0
0
0
0
0
0
0
0
0
4095
4095
0
0
0
0
0
0
0
0
0
0
0
0
0
0
4095
4095
0
0
0
0
0
0
0
0
0
0
0
0
0
0
4095
4095
0
0
0
0
0
0
0
0
0
0
0
0
0
0
4095
4095
0
0
0
0
0
0
0
0
0
0
0
0
0
0
4095
4095
0
0
0
0
0
0
0
0
0
0
0
0
0
0
4095
4095
0
0
0
0
0
0
0
0
0
0
0
0
0
0
4095
4095
0
0
0
0
0
0
0
0
0
0
0
0
0
0
4095
4095
0
0
0
0
0
0
0
0
0
0
0
0
0
0
4095
4095
0
0
0
0
0
0
0
0
0
0
0
0
0
0
4095
4095
0
0
0
0
0
0
0
0
0
0
0
0
0
0
4095
4095
0
0
0
0
0
0
0
0
0
0
0
0
0
0
4095
4095
0
0
0
0
0
0
0
0
0
0
0
0
0
0
4095
4095
0
0
0
0
0
0
0
0
0
0
0
0
0
0
4095
4095
0
0
0
0
0
0
0
0
0
0
0
0
0
0
4095
4095
0
0
0
0
0
0
0
0
0
0
0
0
0
0
4095
4095
0
0
0
0
0
0
0
0
0
0
0
0
0
0
4095
4095
0
0
0
0
0
0
0
0
0
0
0
0
0
0
4095
4095
0
0
0
0
0
0
0
0
0
0
0
0
0
0
4095
4095
0
0
0
0
0
0
0
0
0
0
0
0
0
0
4095
4095
0
0
0
0
0
0
0
0
0
0
0
0
0
0
4095
4095
0
0
0
0
0
0
0
0
0
0
0
0
0
0
4095
4095
0
0
0
0
0
0
0
0
0
0
0
0
0
0
4095
4095
0
0
0
0
0
0
0
0
0
0
0
0
0
0
4095
4095
0
0
0
0
0
0
0
0
0
0
0
0
0
0
4095
4095
0
0
0
0
0
0
0
0
0
0
0
0
0
0
4095
4095
0
0
0
0
0
0
0
0
0
0
0
0
0
0
4095
4095
0
0
0
0
0
0
0
0
0
0
0
0
0
0
4095
4095
0
0
0
0
0
0
0
0
0
0
0
0
0
0
4095
4095
0
0
0
0
0
0
0
0
0
0
0
0
0
0
4095
4095
0
0
0
0
0
0
0
0
0
0
0
0
0
0
4095
4095
0
0
0
0
0
0
0
0
0
0
0
0
0
0
4095
4095
0
0
0
0
0
0
0
0
0
0
0
0
0
0
4095
4095
0
0
0
0
0
0
0
0
0
0
0
0
0
0
4095
4095
0
0
0
0
0
0
0
0
0
0
0
0
0
0
4095
4095
0
0
0
0
0
0
0
0
0
0
0
0
0
0
4095
4095
0
0
0
0
0
0
0
0
0
0
0
0
0
0
4095
4095
0
0
0
0
0
0
0
0
0
0
0
0
0
0
4095
4095
0
0
0
0
0
0
0
0
0
0
0
0
0
0
4095
4095
0
0
0
0
0
0
0
0
0
0
0
0
0
0
4095
4095
0
0
0
0
0
0
0
0
0
0
0
0
0
0
4095
4095
0
0
0
0
0
0
0
0
0
0
0
0
0
0
4095
4095
0
0
0
0
0
0
0
0
0
0
0
0
0
0
4095
4095
0
0
0
0
0
0
0
0
0
0
0
0
0
0
4095
4095
0
0
0
0
0
0
0
0
0
0
0
0
0
0
4095
4095
0
0
0
0
0
0
0
0
0
0
0
0
0
0
4095
4095
0
0
0
0
0
0
0
0
0
0
0
0
0
0
4095
4095
0
0
0
0
0
0
0
0
0
0
0
0
0
0
4095
4095
0
0
0
0
0
0
0
0
0
0
0
0
0
0
4095
4095
0
0
0
0
0
0
0
0
0
0
0
0
0
0
4095
4095
0
0
0
0
0
0
0
0
0
0
0
0
0
0
4095
4095
0
0
0
0
0
0
0
0
0
0
0
0
0
0
4095
4095
0
0
0
0
0
0
0
0
0
0
0
0
0
0
4095
4095
0
0
0
0
0
0
0
0
0
0
0
0
0
0
4095
4095
0
0
0
0
0
0
0
0
0
0
0
0
0
0
4095
4095
0
0
0
0
0
0
0
0
0
0
0
0
0
0
4095
4095
0
0
0
0
0
0
0
0
0
0
0
0
0
0
4095
4095
0
0
0
0
0
0
0
0
0
0
0
0
0
0
4095
4095
0
0
0
0
0
0
0
0
0
0
0
0
0
0
4095
4095
0
0
0
0
0
0
0
0
0
0
0
0
0
0
4095
4095
0
0
0
0
0
0
0
0
0
0
0
0
0
0
4095
4095
0
0
0
0
0
0
0
0
0
0
0
0
0
0
4095
4095
0
0
0
0
0
0
0
0
0
0
0
0
0
0
4095
4095
0
0
0
0
0
0
0
0
0
0
0
0
0
0
4095
4095
0
0
0
0
0
0
0
0
0
0
0
0
0
0
4095
4095
0
0
0
0
0
0
0
0
0
0
0
0
0
0
4095
4095
0
0
0
0
0
0
0
0
0
0
0
0
0
0
4095
4095
0
0
0
0
0
0
0
0
0
0
0
0
0
0
4095
4095
0
0
0
0
0
0
0
0
0
0
0
0
0
0
4095
4095
0
0
0
0
0
0
0
0
0
0
0
0
0
0
4095
4095
0
0
0
0
0
0
0
0
0
0
0
0
0
0
4095
4095
0
0
0
0
0
0
0
0
0
0
0
0
0
0
4095
4095
0
0
0
0
0
0
0
0
0
0
0
0
0
0
4095
4095
0
0
0
0
0
0
0
0
0
0
0
0
0
0
4095
4095
0
0
0
0
0
0
0
0
0
0
0
0
0
0
4095
4095
0
0
0
0
0
0
0
0
0
0
0
0
0
0
4095
4095
0
0
0
0
0
0
0
0
0
0
0
0
0
0
4095
4095
0
0
0
0
0
0
0
0
0
0
0
0
0
0
4095
4095
0
0
0
0
0
0
0
0
0
0
0
0
0
0
4095
4095
0
0
0
0
0
0
0
0
0
0
0
0
0
0
4095
4095
0
0
0
0
0
0
0
0
0
0
0
0
0
0
4095
4095
0
0
0
0
0
0
0
0
0
0
0
0
0
0
4095
4095
0
0
0
0
0
0
0
0
0
0
0
0
0
0
4095
4095
0
0
0
0
0
0
0
0
0
0
0
0
0
0
4095
4095
0
0
0
0
0
0
0
0
0
0
0
0
0
0
4095
4095
0
0
0
0
0
0
0
0
0
0
0
0
0
0
4095
4095
0
0
0
0
0
0
0
0
0
0
0
0
0
0
4095
4095
0
0
0
0
0
0
0
0
0
0
0
0
0
0
4095
4095
0
0
0
0
0
0
0
0
0
0
0
0
0
0
4095
4095
0
0
0
0
0
0
0
0
0
0
0
0
0
0
4095
4095
0
0
0
0
0
0
0
0
0
0
0
0
0
0
4095
4095
0
0
0
0
0
0
0
0
0
0
0
0
0
0
4095
4095
0
0
0
0
0
0
0
0
0
0
0
0
0
0
4095
4095
0
0
0
0
0
0
0
0
0
0
0
0
0
0
4095
4095
0
0
0
0
0
0
0
0
0
0
0
0
0
0
4095
4095
0
0
0
0
0
0
0
0
0
0
0
0
0
0
4095
4095
0
0
0
0
0
0
0
0
0
0
0
0
0
0
4095
4095
0
0
0
0
0
0
0
0
0
0
0
0
0
0
4095
4095
0
0
0
0
0
0
0
0
0
0
0
0
0
0
4095
4095
0
0
0
0
0
0
0
0
0
0
0
0
0
0
4095
4095
0
0
0
0
0
0
0
0
0
0
0
0
0
0
4095
4095
0
0
0
0
0
0
0
0
0
0
0
0
0
0
4095
4095
0
0
0
0
0
0
0
0
0
0
0
0
0
0
4095
4095
0
0
0
0
0
0
0
0
0
0
0
0
0
0
4095
4095
0
0
0
0
0
0
0
0
0
0
0
0
0
0
4095
4095
0
0
0
0
0
0
0
0
0
0
0
0
0
0
4095
4095
0
0
0
0
0
0
0
0
0
0
0
0
0
0
4095
4095
0
0
0
0
0
0
0
0
0
0
0
0
0
0
4095
4095
0
0
0
0
0
0
0
0
0
0
0
0
0
0
4095
4095
0
0
0
0
0
0
0
0
0
0
0
0
0
0
4095
4095
0
0
0
0
0
0
0
0
0
0
0
0
0
0
4095
4095
0
0
0
0
0
0
0
0
0
0
0
0
0
0
4095
4095
0
0
0
0
0
0
0
0
0
0
0
0
0
0
4095
4095
0
0
0
0
0
0
0
0
0
0
0
0
0
0
4095
4095
0
0
0
0
0
0
0
0
0
0
0
0
0
0
4095
4095
0
0
0
0
0
0
0
0
0
0
0
0
0
0
4095
4095
0
0
0
0
0
0
0
0
0
0
0
0
0
0
4095
4095
0
0
0
0
0
0
0
0
0
0
0
0
0
0
4095
4095
0
0
0
0
0
0
0
0
0
0
0
0
0
0
4095
4095
0
0
0
0
0
0
0
0
0
0
0
0
0
0
4095
4095
0
0
0
0
0
0
0
0
0
0
0
0
0
0
4095
4095
0
0
0
0
0
0
0
0
0
0
0
0
0
0
4095
4095
0
0
0
0
0
0
0
0
0
0
0
0
0
0
4095
4095
0
0
0
0
0
0
0
0
0
0
0
0
0
0
4095
4095
0
0
0
0
0
0
0
0
0
0
0
0
0
0
4095
4095
0
0
0
0
0
0
0
0
0
0
0
0
0
0
4095
4095
0
0
0
0
0
0
0
0
0
0
0
0
0
0
4095
4095
0
0
0
0
0
0
0
0
0
0
0
0
0
0
4095
4095
0
0
0
0
0
0
0
0
0
0
0
0
0
0
4095
4095
0
0
0
0
0
0
0
0
0
0
0
0
0
0
4095
4095
0
0
0
0
0
0
0
0
0
0
0
0
0
0
4095
4095
0
0
0
0
0
0
0
0
0
0
0
0
0
0
4095
4095
0
0
0
0
0
0
0
0
0
0
0
0
0
0
4095
4095
0
0
0
0
0
0
0
0
0
0
0
0
0
0
4095
4095
0
0
0
0
0
0
0
0
0
0
0
0
0
0
4095
4095
0
0
0
0
0
0
0
0
0
0
0
0
0
0
4095
4095
0
0
0
0
0
0
0
0
0
0
0
0
0
0
4095
4095
0
0
0
0
0
0
0
0
0
0
0
0
0
0
4095
4095
0
0
0
0
0
0
0
0
0
0
0
0
0
0
4095
4095
0
0
0
0
0
0
0
0
0
0
0
0
0
0
4095
4095
0
0
0
0
0
0
0
0
0
0
0
0
0
0
4095
4095
0
0
0
0
0
0
0
0
0
0
0
0
0
0
4095
4095
0
0
0
0
0
0
0
0
0
0
0
0
0
0
4095
4095
0
0
0
0
0
0
0
0
0
0
0
0
0
0
4095
4095
0
0
0
0
0
0
0
0
0
0
0
0
0
0
4095
4095
0
0
0
0
0
0
0
0
0
0
0
0
0
0
4095
4095
0
0
0
0
0
0
0
0
0
0
0
0
0
0
4095
4095
0
0
0
0
0
0
0
0
0
0
0
0
0
0
4095
4095
0
0
0
0
0
0
0
0
0
0
0
0
0
0
4095
4095
0
0
0
0
0
0
0
0
0
0
0
0
0
0
4095
4095
0
0
0
0
0
0
0
0
0
0
0
0
0
0
4095
4095
0
0
0
0
0
0
0
0
0
0
0
0
0
0
4095
4095
0
0
0
0
0
0
0
0
0
0
0
0
0
0
4095
4095
0
0
0
0
0
0
0
0
0
0
0
0
0
0
4095
4095
0
0
0
0
0
0
0
0
0
0
0
0
0
0
4095
4095
0
0
0
0
0
0
0
0
0
0
0
0
0
0
4095
4095
0
0
0
0
0
0
0
0
0
0
0
0
0
0
4095
4095
0
0
0
0
0
0
0
0
0
0
0
0
0
0
4095
4095
0
0
0
0
0
0
0
0
0
0
0
0
0
0
4095
4095
0
0
0
0
0
0
0
0
0
0
0
0
0
0
4095
4095
0
0
0
0
0
0
0
0
0
0
0
0
0
0
4095
4095
0
0
0
0
0
0
0
0
0
0
0
0
0
0
4095
4095
0
0
0
0
0
0
0
0
0
0
0
0
0
0
4095
4095
0
0
0
0
0
0
0
0
0
0
0
0
0
0
4095
4095
0
0
0
0
0
0
0
0
0
0
0
0
0
0
4095
4095
0
0
0
0
0
0
0
0
0
0
0
0
0
0
4095
4095
0
0
0
0
0
0
0
0
0
0
0
0
0
0
4095
4095
0
0
0
0
0
0
0
0
0
0
0
0
0
0
4095
4095
0
0
0
0
0
0
0
0
0
0
0
0
0
0
4095
4095
0
0
0
0
0
0
0
0
0
0
0
0
0
0
4095
4095
0
0
0
0
0
0
0
0
0
0
0
0
0
0
4095
4095
0
0
0
0
0
0
0
0
0
0
0
0
0
0
4095
4095
0
0
0
0
0
0
0
0
0
0
0
0
0
0
4095
4095
0
0
0
0
0
0
0
0
0
0
0
0
0
0
4095
4095
0
0
0
0
0
0
0
0
0
0
0
0
0
0
4095
4095
0
0
0
0
0
0
0
0
0
0
0
0
0
0
4095
4095
0
0
0
0
0
0
0
0
0
0
0
0
0
0
4095
4095
0
0
0
0
0
0
0
0
0
0
0
0
0
0
4095
4095
0
0
0
0
0
0
0
0
0
0
0
0
0
0
4095
4095
0
0
0
0
0
0
0
0
0
0
0
0
0
0
4095
4095
0
0
0
0
0
0
0
0
0
0
0
0
0
0
4095
4095
0
0
0
0
0
0
0
0
0
0
0
0
0
0
4095
4095
0
0
0
0
0
0
0
0
0
0
0
0
0
0
4095
4095
0
0
0
0
0
0
0
0
0
0
0
0
0
0
4095
4095
0
0
0
0
0
0
0
0
0
0
0
0
0
0
4095
4095
0
0
0
0
0
0
0
0
0
0
0
0
0
0
4095
4095
0
0
0
0
0
0
0
0
0
0
0
0
0
0
4095
4095
0
0
0
0
0
0
0
0
0
0
0
0
0
0
4095
4095
0
0
0
0
0
0
0
0
0
0
0
0
0
0
4095
4095
0
0
0
0
0
0
0
0
0
0
0
0
0
0
4095
4095
0
0
0
0
0
0
0
0
0
0
0
0
0
0
4095
4095
0
0
0
0
0
0
0
0
0
0
0
0
0
0
4095
4095
0
0
0
0
0
0
0
0
0
0
0
0
0
0
4095
4095
0
0
0
0
0
0
0
0
0
0
0
0
0
0
4095
4095
0
0
0
0
0
0
0
0
0
0
0
0
0
0
4095
4095
0
0
0
0
0
0
0
0
0
0
0
0
0
0
4095
4095
0
0
0
0
0
0
0
0
0
0
0
0
0
0
4095
4095
0
0
0
0
0
0
0
0
0
0
0
0
0
0
4095
4095
0
0
0
0
0
0
0
0
0
0
0
0
0
0
4095
4095
0
0
0
0
0
0
0
0
0
0
0
0
0
0
4095
4095
0
0
0
0
0
0
0
0
0
0
0
0
0
0
4095
4095
0
0
0
0
0
0
0
0
0
0
0
0
0
0
4095
4095
0
0
0
0
0
0
0
0
0
0
0
0
0
0
4095
4095
0
0
0
0
0
0
0
0
0
0
0
0
0
0
4095
4095
0
0
0
0
0
0
0
0
0
0
0
0
0
0
4095
4095
0
0
0
0
0
0
0
0
0
0
0
0
0
0
4095
4095
0
0
0
0
0
0
0
0
0
0
0
0
0
0
4095
4095
0
0
0
0
0
0
0
0
0
0
0
0
0
0
4095
4095
0
0
0
0
0
0
0
0
0
0
0
0
0
0
4095
4095
0
0
0
0
0
0
0
0
0
0
0
0
0
0
4095
4095
0
0
0
0
0
0
0
0
0
0
0
0
0
0
4095
4095
0
0
0
0
0
0
0
0
0
0
0
0
0
0
4095
4095
0
0
0
0
0
0
0
0
0
0
0
0
0
0
4095
4095
0
0
0
0
0
0
0
0
0
0
0
0
0
0
4095
4095
0
0
0
0
0
0
0
0
0
0
0
0
0
0
4095
4095
0
0
0
0
0
0
0
0
0
0
0
0
0
0
4095
4095
0
0
0
0
0
0
0
0
0
0
0
0
0
0
4095
4095
0
0
0
0
0
0
0
0
0
0
0
0
0
0
4095
4095
0
0
0
0
0
0
0
0
0
0
0
0
0
0
4095
4095
0
0
0
0
0
0
0
0
0
0
0
0
0
0
4095
4095
0
0
0
0
0
0
0
0
0
0
0
0
0
0
4095
4095
0
0
0
0
0
0
0
0
0
0
0
0
0
0
4095
4095
0
0
0
0
0
0
0
0
0
0
0
0
0
0
4095
4095
0
0
0
0
0
0
0
0
0
0
0
0
0
0
4095
4095
0
0
0
0
0
0
0
0
0
0
0
0
0
0
4095
4095
0
0
0
0
0
0
0
0
0
0
0
0
0
0
4095
4095
0
0
0
0
0
0
0
0
0
0
0
0
0
0
4095
4095
0
0
0
0
0
0
0
0
0
0
0
0
0
0
4095
4095
0
0
0
0
0
0
0
0
0
0
0
0
0
0
4095
4095
0
0
0
0
0
0
0
0
0
0
0
0
0
0
4095
4095
0
0
0
0
0
0
0
0
0
0
0
0
0
0
4095
4095
0
0
0
0
0
0
0
0
0
0
0
0
0
0
4095
4095
0
0
0
0
0
0
0
0
0
0
0
0
0
0
4095
4095
0
0
0
0
0
0
0
0
0
0
0
0
0
0
4095
4095
0
0
0
0
0
0
0
0
0
0
0
0
0
0
4095
4095
0
0
0
0
0
0
0
0
0
0
0
0
0
0
4095
4095
0
0
0
0
0
0
0
0
0
0
0
0
0
0
4095
4095
0
0
0
0
0
0
0
0
0
0
0
0
0
0
4095
4095
0
0
0
0
0
0
0
0
0
0
0
0
0
0
4095
4095
0
0
0
0
0
0
0
0
0
0
0
0
0
0
4095
4095
0
0
0
0
0
0
0
0
0
0
0
0
0
0
4095
4095
0
0
0
0
0
0
0
0
0
0
0
0
0
0
4095
4095
0
0
0
0
0
0
0
0
0
0
0
0
0
0
4095
4095
0
0
0
0
0
0
0
0
0
0
0
0
0
0
4095
4095
0
0
0
0
0
0
0
0
0
0
0
0
0
0
4095
4095
0
0
0
0
0
0
0
0
0
0
0
0
0
0
4095
4095
0
0
0
0
0
0
0
0
0
0
0
0
0
0
4095
4095
0
0
0
0
0
0
0
0
0
0
0
0
0
0
4095
4095
0
0
0
0
0
0
0
0
0
0
0
0
0
0
4095
4095
0
0
0
0
0
0
0
0
0
0
0
0
0
0
4095
4095
0
0
0
0
0
0
0
0
0
0
0
0
0
0
4095
4095
0
0
0
0
0
0
0
0
0
0
0
0
0
0
4095
4095
0
0
0
0
0
0
0
0
0
0
0
0
0
0
4095
4095
0
0
0
0
0
0
0
0
0
0
0
0
0
0
4095
4095
0
0
0
0
0
0
0
0
0
0
0
0
0
0
4095
4095
0
0
0
0
0
0
0
0
0
0
0
0
0
0
4095
4095
0
0
0
0
0
0
0
0
0
0
0
0
0
0
4095
4095
0
0
0
0
0
0
0
0
0
0
0
0
0
0
4095
4095
0
0
0
0
0
0
0
0
0
0
0
0
0
0
4095
4095
0
0
0
0
0
0
0
0
0
0
0
0
0
0
4095
4095
0
0
0
0
0
0
0
0
0
0
0
0
0
0
4095
4095
0
0
0
0
0
0
0
0
0
0
0
0
0
0
4095
4095
0
0
0
0
0
0
0
0
0
0
0
0
0
0
4095
4095
0
0
0
0
0
0
0
0
0
0
0
0
0
0
4095
4095
0
0
0
0
0
0
0
0
0
0
0
0
0
0
4095
4095
0
0
0
0
0
0
0
0
0
0
0
0
0
0
4095
4095
0
0
0
0
0
0
0
0
0
0
0
0
0
0
4095
4095
0
0
0
0
0
0
0
0
0
0
0
0
0
0
4095
4095
0
0
0
0
0
0
0
0
0
0
0
0
0
0
4095
4095
0
0
0
0
0
0
0
0
0
0
0
0
0
0
4095
4095
0
0
0
0
0
0
0
0
0
0
0
0
0
0
4095
4095
0
0
0
0
0
0
0
0
0
0
0
0
0
0
4095
4095
0
0
0
0
0
0
0
0
0
0
0
0
0
0
4095
4095
0
0
0
0
0
0
0
0
0
0
0
0
0
0
4095
4095
0
0
0
0
0
0
0
0
0
0
0
0
0
0
4095
4095
0
0
0
0
0
0
0
0
0
0
0
0
0
0
4095
4095
0
0
0
0
0
0
0
0
0
0
0
0
0
0
4095
4095
0
0
0
0
0
0
0
0
0
0
0
0
0
0
4095
4095
0
0
0
0
0
0
0
0
0
0
0
0
0
0
4095
4095
0
0
0
0
0
0
0
0
0
0
0
0
0
0
4095
4095
0
0
0
0
0
0
0
0
0
0
0
0
0
0
4095
4095
0
0
0
0
0
0
0
0
0
0
0
0
0
0
4095
4095
0
0
0
0
0
0
0
0
0
0
0
0
0
0
4095
4095
0
0
0
0
0
0
0
0
0
0
0
0
0
0
4095
4095
0
0
0
0
0
0
0
0
0
0
0
0
0
0
4095
4095
0
0
0
0
0
0
0
0
0
0
0
0
0
0
4095
4095
0
0
0
0
0
0
0
0
0
0
0
0
0
0
4095
4095
0
0
0
0
0
0
0
0
0
0
0
0
0
0
4095
4095
0
0
0
0
0
0
0
0
0
0
0
0
0
0
4095
4095
0
0
0
0
0
0
0
0
0
0
0
0
0
0
4095
4095
0
0
0
0
0
0
0
0
0
0
0
0
0
0
4095
4095
0
0
0
0
0
0
0
0
0
0
0
0
0
0
4095
4095
0
0
0
0
0
0
0
0
0
0
0
0
0
0
4095
4095
0
0
0
0
0
0
0
0
0
0
0
0
0
0
4095
4095
0
0
0
0
0
0
0
0
0
0
0
0
0
0
4095
4095
0
0
0
0
0
0
0
0
0
0
0
0
0
0
4095
4095
0
0
0
0
0
0
0
0
0
0
0
0
0
0
4095
4095
0
0
0
0
0
0
0
0
0
0
0
0
0
0
4095
4095
0
0
0
0
0
0
0
0
0
0
0
0
0
0
4095
4095
0
0
0
0
0
0
0
0
0
0
0
0
0
0
4095
4095
0
0
0
0
0
0
0
0
0
0
0
0
0
0
4095
4095
0
0
0
0
0
0
0
0
0
0
0
0
0
0
4095
4095
0
0
0
0
0
0
0
0
0
0
0
0
0
0
4095
4095
0
0
0
0
0
0
0
0
0
0
0
0
0
0
4095
4095
0
0
0
0
0
0
0
0
0
0
0
0
0
0
4095
4095
0
0
0
0
0
0
0
0
0
0
0
0
0
0
4095
4095
0
0
0
0
0
0
0
0
0
0
0
0
0
0
4095
4095
0
0
0
0
0
0
0
0
0
0
0
0
0
0
4095
4095
0
0
0
0
0
0
0
0
0
0
0
0
0
0
4095
4095
0
0
0
0
0
0
0
0
0
0
0
0
0
0
4095
4095
0
0
0
0
0
0
0
0
0
0
0
0
0
0
4095
4095
0
0
0
0
0
0
0
0
0
0
0
0
0
0
4095
4095
0
0
0
0
0
0
0
0
0
0
0
0
0
0
4095
4095
0
0
0
0
0
0
0
0
0
0
0
0
0
0
4095
4095
0
0
0
0
0
0
0
0
0
0
0
0
0
0
4095
4095
0
0
0
0
0
0
0
0
0
0
0
0
0
0
4095
4095
0
0
0
0
0
0
0
0
0
0
0
0
0
0
4095
4095
0
0
0
0
0
0
0
0
0
0
0
0
0
0
4095
4095
0
0
0
0
0
0
0
0
0
0
0
0
0
0
4095
4095
0
0
0
0
0
0
0
0
0
0
0
0
0
0
4095
4095
0
0
0
0
0
0
0
0
0
0
0
0
0
0
4095
4095
0
0
0
0
0
0
0
0
0
0
0
0
0
0
4095
4095
0
0
0
0
0
0
0
0
0
0
0
0
0
0
4095
4095
0
0
0
0
0
0
0
0
0
0
0
0
0
0
4095
4095
0
0
0
0
0
0
0
0
0
0
0
0
0
0
4095
4095
0
0
0
0
0
0
0
0
0
0
0
0
0
0
4095
4095
0
0
0
0
0
0
0
0
0
0
0
0
0
0
4095
4095
0
0
0
0
0
0
0
0
0
0
0
0
0
0
4095
4095
0
0
0
0
0
0
0
0
0
0
0
0
0
0
4095
4095
0
0
0
0
0
0
0
0
0
0
0
0
0
0
4095
4095
0
0
0
0
0
0
0
0
0
0
0
0
0
0
4095
4095
0
0
0
0
0
0
0
0
0
0
0
0
0
0
4095
4095
0
0
0
0
0
0
0
0
0
0
0
0
0
0
4095
4095
0
0
0
0
0
0
0
0
0
0
0
0
0
0
4095
4095
0
0
0
0
0
0
0
0
0
0
0
0
0
0
4095
4095
0
0
0
0
0
0
0
0
0
0
0
0
0
0
4095
4095
0
0
0
0
0
0
0
0
0
0
0
0
0
0
4095
4095
0
0
0
0
0
0
0
0
0
0
0
0
0
0
4095
4095
0
0
0
0
0
0
0
0
0
0
0
0
0
0
4095
4095
0
0
0
0
0
0
0
0
0
0
0
0
0
0
4095
4095
0
0
0
0
0
0
0
0
0
0
0
0
0
0
4095
4095
0
0
0
0
0
0
0
0
0
0
0
0
0
0
4095
4095
0
0
0
0
0
0
0
0
0
0
0
0
0
0
4095
4095
0
0
0
0
0
0
0
0
0
0
0
0
0
0
4095
4095
0
0
0
0
0
0
0
0
0
0
0
0
0
0
4095
4095
0
0
0
0
0
0
0
0
0
0
0
0
0
0
4095
4095
0
0
0
0
0
0
0
0
0
0
0
0
0
0
4095
4095
0
0
0
0
0
0
0
0
0
0
0
0
0
0
4095
4095
0
0
0
0
0
0
0
0
0
0
0
0
0
0
4095
4095
0
0
0
0
0
0
0
0
0
0
0
0
0
0
4095
4095
0
0
0
0
0
0
0
0
0
0
0
0
0
0
4095
4095
0
0
0
0
0
0
0
0
0
0
0
0
0
0
4095
4095
0
0
0
0
0
0
0
0
0
0
0
0
0
0
4095
4095
0
0
0
0
0
0
0
0
0
0
0
0
0
0
4095
4095
0
0
0
0
0
0
0
0
0
0
0
0
0
0
4095
4095
0
0
0
0
0
0
0
0
0
0
0
0
0
0
4095
4095
0
0
0
0
0
0
0
0
0
0
0
0
0
0
4095
4095
0
0
0
0
0
0
0
0
0
0
0
0
0
0
4095
4095
0
0
0
0
0
0
0
0
0
0
0
0
0
0
4095
4095
0
0
0
0
0
0
0
0
0
0
0
0
0
0
4095
4095
0
0
0
0
0
0
0
0
0
0
0
0
0
0
4095
4095
0
0
0
0
0
0
0
0
0
0
0
0
0
0
4095
4095
0
0
0
0
0
0
0
0
0
0
0
0
0
0
4095
4095
0
0
0
0
0
0
0
0
0
0
0
0
0
0
4095
4095
0
0
0
0
0
0
0
0
0
0
0
0
0
0
4095
4095
0
0
0
0
0
0
0
0
0
0
0
0
0
0
4095
4095
0
0
0
0
0
0
0
0
0
0
0
0
0
0
4095
4095
0
0
0
0
0
0
0
0
0
0
0
0
0
0
4095
4095
0
0
0
0
0
0
0
0
0
0
0
0
0
0
4095
4095
0
0
0
0
0
0
0
0
0
0
0
0
0
0
4095
4095
0
0
0
0
0
0
0
0
0
0
0
0
0
0
4095
4095
0
0
0
0
0
0
0
0
0
0
0
0
0
0
4095
4095
0
0
0
0
0
0
0
0
0
0
0
0
0
0
4095
4095
0
0
0
0
0
0
0
0
0
0
0
0
0
0
4095
4095
0
0
0
0
0
0
0
0
0
0
0
0
0
0
4095
4095
0
0
0
0
0
0
0
0
0
0
0
0
0
0
4095
4095
0
0
0
0
0
0
0
0
0
0
0
0
0
0
4095
4095
0
0
0
0
0
0
0
0
0
0
0
0
0
0
4095
4095
0
0
0
0
0
0
0
0
0
0
0
0
0
0
4095
4095
0
0
0
0
0
0
0
0
0
0
0
0
0
0
4095
4095
0
0
0
0
0
0
0
0
0
0
0
0
0
0
4095
4095
0
0
0
0
0
0
0
0
0
0
0
0
0
0
4095
4095
0
0
0
0
0
0
0
0
0
0
0
0
0
0
4095
4095
0
0
0
0
0
0
0
0
0
0
0
0
0
0
4095
4095
0
0
0
0
0
0
0
0
0
0
0
0
0
0
4095
4095
0
0
0
0
0
0
0
0
0
0
0
0
0
0
4095
4095
0
0
0
0
0
0
0
0
0
0
0
0
0
0
4095
4095
0
0
0
0
0
0
0
0
0
0
0
0
0
0
4095
4095
0
0
0
0
0
0
0
0
0
0
0
0
0
0
4095
4095
0
0
0
0
0
0
0
0
0
0
0
0
0
0
4095
4095
0
0
0
0
0
0
0
0
0
0
0
0
0
0
4095
4095
0
0
0
0
0
0
0
0
0
0
0
0
0
0
4095
4095
0
0
0
0
0
0
0
0
0
0
0
0
0
0
4095
4095
0
0
0
0
0
0
0
0
0
0
0
0
0
0
4095
4095
0
0
0
0
0
0
0
0
0
0
0
0
0
0
4095
4095
0
0
0
0
0
0
0
0
0
0
0
0
0
0
4095
4095
0
0
0
0
0
0
0
0
0
0
0
0
0
0
4095
4095
0
0
0
0
0
0
0
0
0
0
0
0
0
0
4095
4095
0
0
0
0
0
0
0
0
0
0
0
0
0
0
4095
4095
0
0
0
0
0
0
0
0
0
0
0
0
0
0
4095
4095
0
0
0
0
0
0
0
0
0
0
0
0
0
0
4095
4095
0
0
0
0
0
0
0
0
0
0
0
0
0
0
4095
4095
0
0
0
0
0
0
0
0
0
0
0
0
0
0
4095
4095
0
0
0
0
0
0
0
0
0
0
0
0
0
0
4095
4095
0
0
0
0
0
0
0
0
0
0
0
0
0
0
4095
4095
0
0
0
0
0
0
0
0
0
0
0
0
0
0
4095
4095
0
0
0
0
0
0
0
0
0
0
0
0
0
0
4095
4095
0
0
0
0
0
0
0
0
0
0
0
0
0
0
4095
4095
0
0
0
0
0
0
0
0
0
0
0
0
0
0
4095
4095
0
0
0
0
0
0
0
0
0
0
0
0
0
0
4095
4095
0
0
0
0
0
0
0
0
0
0
0
0
0
0
4095
4095
0
0
0
0
0
0
0
0
0
0
0
0
0
0
4095
4095
0
0
0
0
0
0
0
0
0
0
0
0
0
0
4095
4095
0
0
0
0
0
0
0
0
0
0
0
0
0
0
4095
4095
0
0
0
0
0
0
0
0
0
0
0
0
0
0
4095
4095
0
0
0
0
0
0
0
0
0
0
0
0
0
0
4095
4095
0
0
0
0
0
0
0
0
0
0
0
0
0
0
4095
4095
0
0
0
0
0
0
0
0
0
0
0
0
0
0
4095
4095
0
0
0
0
0
0
0
0
0
0
0
0
0
0
4095
4095
0
0
0
0
0
0
0
0
0
0
0
0
0
0
4095
4095
0
0
0
0
0
0
0
0
0
0
0
0
0
0
4095
4095
0
0
0
0
0
0
0
0
0
0
0
0
0
0
4095
4095
0
0
0
0
0
0
0
0
0
0
0
0
0
0
4095
4095
0
0
0
0
0
0
0
0
0
0
0
0
0
0
4095
4095
0
0
0
0
0
0
0
0
0
0
0
0
0
0
4095
4095
0
0
0
0
0
0
0
0
0
0
0
0
0
0
4095
4095
0
0
0
0
0
0
0
0
0
0
0
0
0
0
4095
4095
0
0
0
0
0
0
0
0
0
0
0
0
0
0
4095
4095
0
0
0
0
0
0
0
0
0
0
0
0
0
0
4095
4095
0
0
0
0
0
0
0
0
0
0
0
0
0
0
4095
4095
0
0
0
0
0
0
0
0
0
0
0
0
0
0
4095
4095
0
0
0
0
0
0
0
0
0
0
0
0
0
0
4095
4095
0
0
0
0
0
0
0
0
0
0
0
0
0
0
4095
4095
0
0
0
0
0
0
0
0
0
0
0
0
0
0
4095
4095
0
0
0
0
0
0
0
0
0
0
0
0
0
0
4095
4095
0
0
0
0
0
0
0
0
0
0
0
0
0
0
4095
4095
0
0
0
0
0
0
0
0
0
0
0
0
0
0
4095
4095
0
0
0
0
0
0
