0
0
0
0
0
0
0
0
0
0
0
0
0
0
0
0
0
0
0
0
0
0
0
0
0
0
0
0
0
0
0
0
0
0
0
0
0
0
0
0
0
0
0
0
0
0
0
0
0
0
0
0
0
0
0
0
0
0
0
0
0
0
0
0
0
0
0
0
0
0
0
0
0
0
0
0
0
0
0
0
0
0
0
0
0
0
0
0
0
0
0
0
0
0
0
0
0
0
0
0
0
0
0
0
0
0
0
0
0
0
0
0
0
0
0
0
0
0
0
0
0
0
0
0
0
0
0
0
0
0
0
0
0
0
0
0
0
0
0
0
0
0
0
0
0
0
0
0
0
0
0
0
0
0
0
0
0
0
0
0
0
0
0
0
0
0
0
0
0
0
0
0
0
0
0
0
0
0
0
0
0
0
0
0
4095
0
0
0
0
0
0
0
4095
0
0
0
0
0
0
0
4095
0
0
0
0
0
0
0
4095
0
0
0
0
0
0
0
4095
0
0
0
0
0
0
0
4095
0
0
0
0
0
0
0
4095
0
0
0
0
0
0
0
0
4095
0
0
0
0
0
0
1
0
0
0
0
0
0
0
1
0
0
0
0
0
0
0
2
0
0
0
0
0
0
0
3
1
0
0
0
0
0
0
4
1
0
0
0
0
0
0
6
2
0
0
0
0
0
0
8
2
0
0
0
0
0
0
7
2
0
0
0
0
0
0
8
1
0
0
0
0
0
0
8
0
0
0
0
0
0
0
9
0
0
0
0
0
0
0
9
4095
0
0
0
0
0
0
9
4093
0
0
0
0
0
0
9
4092
0
0
0
0
0
0
10
4090
0
0
0
0
0
0
10
4088
0
0
0
0
0
0
8
4085
0
0
0
0
0
0
7
4082
0
0
0
0
0
0
4
4078
0
0
0
0
0
0
2
4076
0
0
0
0
0
0
1
4072
0
0
0
0
0
0
4094
4068
0
0
0
0
0
0
4090
4065
0
0
0
0
0
0
4086
4061
0
0
0
0
0
0
4082
4056
0
0
0
0
0
0
4078
4052
0
0
0
0
0
0
4072
4048
0
0
0
0
0
0
4067
4044
0
0
0
0
0
0
4061
4040
0
0
0
0
0
0
4055
4036
0
0
0
0
0
0
4050
4033
0
0
0
0
0
0
4044
4030
0
0
0
0
0
0
4038
4028
0
0
0
0
0
0
4031
4025
0
0
0
0
0
0
4026
4023
0
0
0
0
0
0
4019
4022
0
0
0
0
0
0
4015
4023
0
0
0
0
0
0
4009
4022
0
0
0
0
0
0
4002
4022
0
0
0
0
0
0
4000
4024
0
0
0
0
0
0
3994
4026
0
0
0
0
0
0
3991
4030
0
0
0
0
0
0
3988
4034
0
0
0
0
0
0
3987
4041
0
0
0
0
0
0
3985
4046
0
0
0
0
0
0
3985
4053
0
0
0
0
0
0
3985
4061
0
0
0
0
0
0
3988
4071
0
0
0
0
0
0
3991
4081
0
0
0
0
0
0
3994
4090
0
0
0
0
0
0
3999
5
0
0
0
0
0
0
4006
18
0
0
0
0
0
0
4014
31
0
0
0
0
0
0
4024
44
0
0
0
0
0
0
4034
58
0
0
0
0
0
0
4046
73
0
0
0
0
0
0
4058
87
0
0
0
0
0
0
4072
101
0
0
0
0
0
0
4087
116
0
0
0
0
0
0
6
131
0
0
0
0
0
0
23
145
0
0
0
0
0
0
40
157
0
0
0
0
0
0
58
170
0
0
0
0
0
0
76
184
0
0
0
0
0
0
95
195
0
0
0
0
0
0
115
206
0
0
0
0
0
0
133
214
0
0
0
0
0
0
153
224
0
0
0
0
0
0
171
229
0
0
0
0
0
0
189
234
0
0
0
0
0
0
207
237
0
0
0
0
0
0
223
240
0
0
0
0
0
0
239
238
0
0
0
0
0
0
254
237
0
0
0
0
0
0
267
232
0
0
0
0
0
0
280
226
0
0
0
0
0
0
290
218
0
0
0
0
0
0
298
207
0
0
0
0
0
0
303
193
0
0
0
0
0
0
308
179
0
0
0
0
0
0
309
162
0
0
0
0
0
0
310
143
0
0
0
0
0
0
306
121
0
0
0
0
0
0
301
99
0
0
0
0
0
0
292
73
0
0
0
0
0
0
281
48
0
0
0
0
0
0
268
19
0
0
0
0
0
0
251
4086
0
0
0
0
0
0
232
4054
0
0
0
0
0
0
210
4023
0
0
0
0
0
0
187
3991
0
0
0
0
0
0
160
3959
0
0
0
0
0
0
131
3926
0
0
0
0
0
0
100
3892
0
0
0
0
0
0
68
3860
0
0
0
0
0
0
32
3828
0
0
0
0
0
0
4091
3797
0
0
0
0
0
0
4052
3765
0
0
0
0
0
0
4014
3737
0
0
0
0
0
0
3974
3709
0
0
0
0
0
0
3933
3685
0
0
0
0
0
0
3893
3661
0
0
0
0
0
0
3852
3641
0
0
0
0
0
0
3813
3622
0
0
0
0
0
0
3773
3608
0
0
0
0
0
0
3735
3597
0
0
0
0
0
0
3700
3588
0
0
0
0
0
0
3664
3583
0
0
0
0
0
0
3630
3582
0
0
0
0
0
0
3599
3584
0
0
0
0
0
0
3571
3591
0
0
0
0
0
0
3547
3603
0
0
0
0
0
0
3525
3617
0
0
0
0
0
0
3508
3636
0
0
0
0
0
0
3493
3659
0
0
0
0
0
0
3483
3686
0
0
0
0
0
0
3478
3717
0
0
0
0
0
0
3476
3751
0
0
0
0
0
0
3479
3788
0
0
0
0
0
0
3487
3830
0
0
0
0
0
0
3500
3874
0
0
0
0
0
0
3517
3923
0
0
0
0
0
0
3539
3973
0
0
0
0
0
0
3565
4024
0
0
0
0
0
0
3598
4080
0
0
0
0
0
0
3634
41
0
0
0
0
0
0
3675
99
0
0
0
0
0
0
3720
157
0
0
0
0
0
0
3768
215
0
0
0
0
0
0
3821
274
0
0
0
0
0
0
3878
333
0
0
0
0
0
0
3937
390
0
0
0
0
0
0
3999
447
0
0
0
0
0
0
4063
501
0
0
0
0
0
0
35
554
0
0
0
0
0
0
102
603
0
0
0
0
0
0
172
650
0
0
0
0
0
0
241
693
0
0
0
0
0
0
310
731
0
0
0
0
0
0
380
767
0
0
0
0
0
0
448
796
0
0
0
0
0
0
513
819
0
0
0
0
0
0
577
838
0
0
0
0
0
0
639
852
0
0
0
0
0
0
697
859
0
0
0
0
0
0
751
860
0
0
0
0
0
0
802
855
0
0
0
0
0
0
847
844
0
0
0
0
0
0
888
826
0
0
0
0
0
0
924
803
0
0
0
0
0
0
952
770
0
0
0
0
0
0
976
735
0
0
0
0
0
0
991
689
0
0
0
0
0
0
1000
640
0
0
0
0
0
0
1001
584
0
0
0
0
0
0
997
523
0
0
0
0
0
0
984
458
0
0
0
0
0
0
963
387
0
0
0
0
0
0
937
312
0
0
0
0
0
0
901
231
0
0
0
0
0
0
858
147
0
0
0
0
0
0
809
63
0
0
0
0
0
0
753
4070
0
0
0
0
0
0
689
3981
0
0
0
0
0
0
619
3889
0
0
0
0
0
0
544
3799
0
0
0
0
0
0
462
3707
0
0
0
0
0
0
377
3617
0
0
0
0
0
0
285
3529
0
0
0
0
0
0
189
3442
0
0
0
0
0
0
92
3358
0
0
0
0
0
0
4087
3280
0
0
0
0
0
0
3984
3204
0
0
0
0
0
0
3879
3133
0
0
0
0
0
0
3776
3069
0
0
0
0
0
0
3671
3011
0
0
0
0
0
0
3569
2959
0
0
0
0
0
0
3467
2913
0
0
0
0
0
0
3368
2877
0
0
0
0
0
0
3273
2849
0
0
0
0
0
0
3180
2826
0
0
0
0
0
0
3093
2814
0
0
0
0
0
0
3013
2813
0
0
0
0
0
0
2938
2818
0
0
0
0
0
0
2871
2835
0
0
0
0
0
0
2811
2860
0
0
0
0
0
0
2760
2895
0
0
0
0
0
0
2717
2938
0
0
0
0
0
0
2682
2991
0
0
0
0
0
0
2657
3053
0
0
0
0
0
0
2642
3123
0
0
0
0
0
0
2637
3202
0
0
0
0
0
0
2645
3289
0
0
0
0
0
0
2659
3382
0
0
0
0
0
0
2689
3483
0
0
0
0
0
0
2725
3589
0
0
0
0
0
0
2772
3700
0
0
0
0
0
0
2832
3818
0
0
0
0
0
0
2900
3937
0
0
0
0
0
0
2979
4061
0
0
0
0
0
0
3067
92
0
0
0
0
0
0
3163
219
0
0
0
0
0
0
3268
347
0
0
0
0
0
0
3380
474
0
0
0
0
0
0
3500
601
0
0
0
0
0
0
3625
724
0
0
0
0
0
0
3755
845
0
0
0
0
0
0
3891
962
0
0
0
0
0
0
4030
1073
0
0
0
0
0
0
75
1178
0
0
0
0
0
0
219
1276
0
0
0
0
0
0
362
1367
0
0
0
0
0
0
506
1449
0
0
0
0
0
0
648
1522
0
0
0
0
0
0
787
1585
0
0
0
0
0
0
922
1639
0
0
0
0
0
0
1054
1680
0
0
0
0
0
0
1179
1711
0
0
0
0
0
0
1300
1730
0
0
0
0
0
0
1410
1737
0
0
0
0
0
0
1512
1729
0
0
0
0
0
0
1606
1711
0
0
0
0
0
0
1689
1681
0
0
0
0
0
0
1760
1637
0
0
0
0
0
0
1823
1583
0
0
0
0
0
0
1871
1513
0
0
0
0
0
0
1906
1434
0
0
0
0
0
0
1929
1343
0
0
0
0
0
0
1938
1241
0
0
0
0
0
0
1933
1128
0
0
0
0
0
0
1915
1007
0
0
0
0
0
0
1882
875
0
0
0
0
0
0
1836
737
0
0
0
0
0
0
1776
591
0
0
0
0
0
0
1703
439
0
0
0
0
0
0
1616
281
0
0
0
0
0
0
1515
119
0
0
0
0
0
0
1403
4051
0
0
0
0
0
0
1281
3885
0
0
0
0
0
0
1147
3718
0
0
0
0
0
0
1003
3552
0
0
0
0
0
0
848
3387
0
0
0
0
0
0
688
3225
0
0
0
0
0
0
521
3068
0
0
0
0
0
0
347
2916
0
0
0
0
0
0
168
2769
0
0
0
0
0
0
4083
2632
0
0
0
0
0
0
3899
2502
0
0
0
0
0
0
3714
2383
0
0
0
0
0
0
3530
2274
0
0
0
0
0
0
3347
2177
0
0
0
0
0
0
3165
2091
0
0
0
0
0
0
2992
2021
0
0
0
0
0
0
2822
1964
0
0
0
0
0
0
2661
1921
0
0
0
0
0
0
2507
1893
0
0
0
0
0
0
2362
1880
0
0
0
0
0
0
2229
1883
0
0
0
0
0
0
2107
1902
0
0
0
0
0
0
1997
1935
0
0
0
0
0
0
1902
1987
0
0
0
0
0
0
1822
2053
0
0
0
0
0
0
1755
2133
0
0
0
0
0
0
1706
2229
0
0
0
0
0
0
1673
2340
0
0
0
0
0
0
1655
2463
0
0
0
0
0
0
1656
2601
0
0
0
0
0
0
1673
2749
0
0
0
0
0
0
1708
2910
0
0
0
0
0
0
1762
3080
0
0
0
0
0
0
1831
3259
0
0
0
0
0
0
1918
3446
0
0
0
0
0
0
2022
3641
0
0
0
0
0
0
2139
3838
0
0
0
0
0
0
2275
4042
0
0
0
0
0
0
2421
150
0
0
0
0
0
0
2584
357
0
0
0
0
0
0
2758
563
0
0
0
0
0
0
2943
766
0
0
0
0
0
0
3138
966
0
0
0
0
0
0
3342
1161
0
0
0
0
0
0
3554
1351
0
0
0
0
0
0
3771
1532
0
0
0
0
0
0
3993
1705
0
0
0
0
0
0
122
1866
0
0
0
0
0
0
346
2016
0
0
0
0
0
0
571
2153
0
0
0
0
0
0
795
2276
0
0
0
0
0
0
1015
2384
0
0
0
0
0
0
1231
2476
0
0
0
0
0
0
1438
2551
0
0
0
0
0
0
1637
2608
0
0
0
0
0
0
1828
2649
0
0
0
0
0
0
2005
2670
0
0
0
0
0
0
2171
2673
0
0
0
0
0
0
2324
2656
0
0
0
0
0
0
2461
2620
0
0
0
0
0
0
2581
2567
0
0
0
0
0
0
2685
2494
0
0
0
0
0
0
2769
2402
0
0
0
0
0
0
2837
2294
0
0
0
0
0
0
2882
2167
0
0
0
0
0
0
2909
2024
0
0
0
0
0
0
2915
1865
0
0
0
0
0
0
2900
1693
0
0
0
0
0
0
2865
1506
0
0
0
0
0
0
2809
1306
0
0
0
0
0
0
2732
1096
0
0
0
0
0
0
2636
877
0
0
0
0
0
0
2521
650
0
0
0
0
0
0
2387
418
0
0
0
0
0
0
2234
179
0
0
0
0
0
0
2063
4033
0
0
0
0
0
0
1878
3789
0
0
0
0
0
0
1679
3547
0
0
0
0
0
0
1465
3304
0
0
0
0
0
0
1238
3067
0
0
0
0
0
0
1001
2835
0
0
0
0
0
0
756
2610
0
0
0
0
0
0
503
2395
0
0
0
0
0
0
244
2188
0
0
0
0
0
0
4078
1994
0
0
0
0
0
0
3815
1814
0
0
0
0
0
0
3551
1648
0
0
0
0
0
0
3289
1499
0
0
0
0
0
0
3031
1366
0
0
0
0
0
0
2777
1252
0
0
0
0
0
0
2533
1158
0
0
0
0
0
0
2297
1084
0
0
0
0
0
0
2073
1029
0
0
0
0
0
0
1860
997
0
0
0
0
0
0
1663
986
0
0
0
0
0
0
1481
998
0
0
0
0
0
0
1315
1030
0
0
0
0
0
0
1170
1086
0
0
0
0
0
0
1043
1162
0
0
0
0
0
0
938
1261
0
0
0
0
0
0
855
1379
0
0
0
0
0
0
793
1518
0
0
0
0
0
0
753
1675
0
0
0
0
0
0
737
1851
0
0
0
0
0
0
746
2044
0
0
0
0
0
0
777
2252
0
0
0
0
0
0
832
2474
0
0
0
0
0
0
913
2711
0
0
0
0
0
0
1014
2957
0
0
0
0
0
0
1137
3214
0
0
0
0
0
0
1285
3479
0
0
0
0
0
0
1450
3748
0
0
0
0
0
0
1637
4022
0
0
0
0
0
0
1841
203
0
0
0
0
0
0
2063
480
0
0
0
0
0
0
2302
756
0
0
0
0
0
0
2551
1025
0
0
0
0
0
0
2817
1292
0
0
0
0
0
0
3091
1549
0
0
0
0
0
0
3374
1799
0
0
0
0
0
0
3664
2034
0
0
0
0
0
0
3960
2259
0
0
0
0
0
0
159
2467
0
0
0
0
0
0
458
2662
0
0
0
0
0
0
753
2836
0
0
0
0
0
0
1046
2992
0
0
0
0
0
0
1332
3128
0
0
0
0
0
0
1611
3242
0
0
0
0
0
0
1879
3335
0
0
0
0
0
0
2136
3403
0
0
0
0
0
0
2379
3449
0
0
0
0
0
0
2607
3469
0
0
0
0
0
0
2816
3465
0
0
0
0
0
0
3008
3439
0
0
0
0
0
0
3179
3386
0
0
0
0
0
0
3328
3309
0
0
0
0
0
0
3455
3209
0
0
0
0
0
0
3557
3086
0
0
0
0
0
0
3636
2940
0
0
0
0
0
0
3687
2773
0
0
0
0
0
0
3718
2586
0
0
0
0
0
0
3716
2379
0
0
0
0
0
0
3691
2154
0
0
0
0
0
0
3640
1914
0
0
0
0
0
0
3563
1658
0
0
0
0
0
0
3459
1389
0
0
0
0
0
0
3331
1109
0
0
0
0
0
0
3180
821
0
0
0
0
0
0
3003
525
0
0
0
0
0
0
2806
223
0
0
0
0
0
0
2589
4019
0
0
0
0
0
0
2352
3714
0
0
0
0
0
0
2097
3411
0
0
0
0
0
0
1826
3109
0
0
0
0
0
0
1541
2817
0
0
0
0
0
0
1246
2532
0
0
0
0
0
0
1532
3742
0
0
0
0
0
0
1024
3328
0
0
0
0
0
0
697
3078
0
0
0
0
0
0
372
2843
0
0
0
0
0
0
3552
1140
0
0
0
0
0
0
3421
1089
0
0
0
0
0
0
3106
911
0
0
0
0
0
0
2793
755
0
0
0
0
0
0
2485
621
0
0
0
0
0
0
3793
114
0
0
0
0
0
0
3522
9
0
0
0
0
0
0
3251
4045
0
0
0
0
0
0
2997
4010
0
0
0
0
0
0
2762
4005
0
0
0
0
0
0
2548
4025
0
0
0
0
0
0
752
373
0
0
0
0
0
0
567
467
0
0
0
0
0
0
422
566
0
0
0
0
0
0
38
183
0
0
0
0
0
0
4019
327
0
0
0
0
0
0
3952
499
0
0
0
0
0
0
3911
692
0
0
0
0
0
0
3901
908
0
0
0
0
0
0
3916
1142
0
0
0
0
0
0
3960
1393
0
0
0
0
0
0
202
2168
0
0
0
0
0
0
322
1862
0
0
0
0
0
0
4083
2349
0
0
0
0
0
0
138
2661
0
0
0
0
0
0
317
2974
0
0
0
0
0
0
517
3293
0
0
0
0
0
0
742
3617
0
0
0
0
0
0
987
3941
0
0
0
0
0
0
1251
169
0
0
0
0
0
0
1533
1081
0
0
0
0
0
0
1700
3813
0
0
0
0
0
0
2206
169
0
0
0
0
0
0
2534
464
0
0
0
0
0
0
2864
751
0
0
0
0
0
0
3202
1022
0
0
0
0
0
0
3545
1278
0
0
0
0
0
0
3887
1515
0
0
0
0
0
0
136
1733
0
0
0
0
0
0
474
1930
0
0
0
0
0
0
4013
4034
0
0
0
0
0
0
4021
4009
0
0
0
0
0
0
234
43
0
0
0
0
0
0
537
141
0
0
0
0
0
0
827
215
0
0
0
0
0
0
1101
260
0
0
0
0
0
0
1356
278
0
0
0
0
0
0
1590
267
0
0
0
0
0
0
1801
229
0
0
0
0
0
0
1990
163
0
0
0
0
0
0
4023
181
0
0
0
0
0
0
94
42
0
0
0
0
0
0
204
3993
0
0
0
0
0
0
286
3823
0
0
0
0
0
0
338
3630
0
0
0
0
0
0
362
3414
0
0
0
0
0
0
357
3177
0
0
0
0
0
0
322
2922
0
0
0
0
0
0
257
3241
0
0
0
0
0
0
628
2761
0
0
0
0
0
0
243
1944
0
0
0
0
0
0
76
1628
0
0
0
0
0
0
3996
1305
0
0
0
0
0
0
3796
976
0
0
0
0
0
0
3572
643
0
0
0
0
0
0
3328
307
0
0
0
0
0
0
3061
4068
0
0
0
0
0
0
2776
3735
0
0
0
0
0
0
2824
636
0
0
0
0
0
0
2044
4074
0
0
0
0
0
0
1761
3718
0
0
0
0
0
0
1422
3417
0
0
0
0
0
0
1075
3131
0
0
0
0
0
0
725
2861
0
0
0
0
0
0
372
2609
0
0
0
0
0
0
19
2377
0
0
0
0
0
0
3762
2166
0
0
0
0
0
0
807
1536
0
0
0
0
0
0
1
4003
0
0
0
0
0
0
3961
4013
0
0
0
0
0
0
3652
3900
0
0
0
0
0
0
3348
3815
0
0
0
0
0
0
3062
3757
0
0
0
0
0
0
2792
3727
0
0
0
0
0
0
2544
3726
0
0
0
0
0
0
2320
3755
0
0
0
0
0
0
2118
3811
0
0
0
0
0
0
1675
3386
0
0
0
0
0
0
4000
3894
0
0
0
0
0
0
3864
4053
0
0
0
0
0
0
3771
121
0
0
0
0
0
0
3706
307
0
0
0
0
0
0
3670
518
0
0
0
0
0
0
3664
749
0
0
0
0
0
0
3689
1002
0
0
0
0
0
0
3741
1271
0
0
0
0
0
0
3317
1209
0
0
0
0
0
0
3914
1973
0
0
0
0
0
0
3897
2285
0
0
0
0
0
0
4060
2608
0
0
0
0
0
0
156
2939
0
0
0
0
0
0
371
3273
0
0
0
0
0
0
610
3612
0
0
0
0
0
0
871
3950
0
0
0
0
0
0
1150
192
0
0
0
0
0
0
856
3134
0
0
0
0
0
0
1359
105
0
0
0
0
0
0
2155
231
0
0
0
0
0
0
2491
528
0
0
0
0
0
0
2836
822
0
0
0
0
0
0
3186
1098
0
0
0
0
0
0
3540
1359
0
0
0
0
0
0
3892
1598
0
0
0
0
0
0
150
1820
0
0
0
0
0
0
498
2017
0
0
0
0
0
0
3335
2588
0
0
0
0
0
0
4004
4085
0
0
0
0
0
0
273
124
0
0
0
0
0
0
580
219
0
0
0
0
0
0
874
288
0
0
0
0
0
0
1149
328
0
0
0
0
0
0
1404
340
0
0
0
0
0
0
1636
323
0
0
0
0
0
0
1846
279
0
0
0
0
0
0
2475
714
0
0
0
0
0
0
3965
173
0
0
0
0
0
0
125
73
0
0
0
0
0
0
232
4016
0
0
0
0
0
0
308
3840
0
0
0
0
0
0
355
3642
0
0
0
0
0
0
374
3421
0
0
0
0
0
0
362
3181
0
0
0
0
0
0
319
2920
0
0
0
0
0
0
250
3236
0
0
0
0
0
0
614
2755
0
0
0
0
0
0
224
1937
0
0
0
0
0
0
51
1620
0
0
0
0
0
0
3968
1299
0
0
0
0
0
0
3764
971
0
0
0
0
0
0
3539
641
0
0
0
0
0
0
3291
309
0
0
0
0
0
0
3024
4073
0
0
0
0
0
0
2741
3747
0
0
0
0
0
0
3033
222
0
0
0
0
0
0
2065
4047
0
0
0
0
0
0
1732
3750
0
0
0
0
0
0
1400
3462
0
0
0
0
0
0
1061
3184
0
0
0
0
0
0
718
2925
0
0
0
0
0
0
372
2683
0
0
0
0
0
0
29
2461
0
0
0
0
0
0
3784
2261
0
0
0
0
0
0
3448
2082
0
0
0
0
0
0
279
203
0
0
0
0
0
0
4027
41
0
0
0
0
0
0
3723
4033
0
0
0
0
0
0
3432
3957
0
0
0
0
0
0
3161
3907
0
0
0
0
0
0
2905
3883
0
0
0
0
0
0
2672
3890
0
0
0
0
0
0
2460
3922
0
0
0
0
0
0
2272
3981
0
0
0
0
0
0
504
367
0
0
0
0
0
0
90
4092
0
0
0
0
0
0
4055
129
0
0
0
0
0
0
3972
288
0
0
0
0
0
0
3915
471
0
0
0
0
0
0
3886
676
0
0
0
0
0
0
3888
900
0
0
0
0
0
0
3915
1140
0
0
0
0
0
0
3972
1399
0
0
0
0
0
0
225
2180
0
0
0
0
0
0
354
1876
0
0
0
0
0
0
29
2365
0
0
0
0
0
0
188
2675
0
0
0
0
0
0
374
2987
0
0
0
0
0
0
580
3300
0
0
0
0
0
0
809
3618
0
0
0
0
0
0
1056
3933
0
0
0
0
0
0
1320
742
0
0
0
0
0
0
2063
859
0
0
0
0
0
0
2357
1155
0
0
0
0
0
0
2662
1447
0
0
0
0
0
0
2624
399
0
0
0
0
0
0
2902
658
0
0
0
0
0
0
3225
910
0
0
0
0
0
0
3552
1147
0
0
0
0
0
0
3877
1364
0
0
0
0
0
0
456
2888
0
0
0
0
0
0
817
3076
0
0
0
0
0
0
1131
3230
0
0
0
0
0
0
1432
3360
0
0
0
0
0
0
1724
3468
0
0
0
0
0
0
514
3991
0
0
0
0
0
0
652
4024
0
0
0
0
0
0
896
4058
0
0
0
0
0
0
2610
3620
0
0
0
0
0
0
2943
3624
0
0
0
0
0
0
3131
3576
0
0
0
0
0
0
3294
3506
0
0
0
0
0
0
3433
3412
0
0
0
0
0
0
3547
3293
0
0
0
0
0
0
3636
3152
0
0
0
0
0
0
3699
2989
0
0
0
0
0
0
3734
2806
0
0
0
0
0
0
3746
2604
0
0
0
0
0
0
3728
2386
0
0
0
0
0
0
3685
2150
0
0
0
0
0
0
3618
1901
0
0
0
0
0
0
3524
1640
0
0
0
0
0
0
3405
1367
0
0
0
0
0
0
3265
1088
0
0
0
0
0
0
3102
802
0
0
0
0
0
0
2916
511
0
0
0
0
0
0
2713
218
0
0
0
0
0
0
2491
4021
0
0
0
0
0
0
2253
3731
0
0
0
0
0
0
2000
3444
0
0
0
0
0
0
1733
3162
0
0
0
0
0
0
1457
2890
0
0
0
0
0
0
1171
2629
0
0
0
0
0
0
878
2375
0
0
0
0
0
0
582
2137
0
0
0
0
0
0
283
1916
0
0
0
0
0
0
4079
1709
0
0
0
0
0
0
3780
1519
0
0
0
0
0
0
3486
1351
0
0
0
0
0
0
3197
1202
0
0
0
0
0
0
2917
1074
0
0
0
0
0
0
2646
967
0
0
0
0
0
0
2386
883
0
0
0
0
0
0
2140
822
0
0
0
0
0
0
1911
786
0
0
0
0
0
0
1697
772
0
0
0
0
0
0
1501
782
0
0
0
0
0
0
1324
814
0
0
0
0
0
0
1168
870
0
0
0
0
0
0
1034
948
0
0
0
0
0
0
922
1048
0
0
0
0
0
0
832
1168
0
0
0
0
0
0
766
1308
0
0
0
0
0
0
725
1466
0
0
0
0
0
0
707
1643
0
0
0
0
0
0
712
1835
0
0
0
0
0
0
743
2043
0
0
0
0
0
0
796
2262
0
0
0
0
0
0
870
2494
0
0
0
0
0
0
969
2734
0
0
0
0
0
0
1088
2985
0
0
0
0
0
0
1228
3240
0
0
0
0
0
0
1387
3499
0
0
0
0
0
0
1563
3762
0
0
0
0
0
0
1757
4024
0
0
0
0
0
0
1964
189
0
0
0
0
0
0
2187
449
0
0
0
0
0
0
2420
701
0
0
0
0
0
0
2664
948
0
0
0
0
0
0
2917
1186
0
0
0
0
0
0
3175
1415
0
0
0
0
0
0
3439
1632
0
0
0
0
0
0
3705
1835
0
0
0
0
0
0
3972
2024
0
0
0
0
0
0
141
2197
0
0
0
0
0
0
404
2354
0
0
0
0
0
0
662
2493
0
0
0
0
0
0
914
2614
0
0
0
0
0
0
1155
2713
0
0
0
0
0
0
1390
2796
0
0
0
0
0
0
1610
2856
0
0
0
0
0
0
1820
2897
0
0
0
0
0
0
2013
2917
0
0
0
0
0
0
2192
2916
0
0
0
0
0
0
2354
2894
0
0
0
0
0
0
2497
2853
0
0
0
0
0
0
2623
2791
0
0
0
0
0
0
2728
2711
0
0
0
0
0
0
2815
2612
0
0
0
0
0
0
2878
2496
0
0
0
0
0
0
2924
2363
0
0
0
0
0
0
2947
2213
0
0
0
0
0
0
2950
2051
0
0
0
0
0
0
2930
1875
0
0
0
0
0
0
2891
1686
0
0
0
0
0
0
2833
1488
0
0
0
0
0
0
2755
1282
0
0
0
0
0
0
2657
1066
0
0
0
0
0
0
2543
848
0
0
0
0
0
0
2411
624
0
0
0
0
0
0
2263
396
0
0
0
0
0
0
2100
168
0
0
0
0
0
0
1924
4039
0
0
0
0
0
0
1737
3814
0
0
0
0
0
0
1539
3594
0
0
0
0
0
0
1331
3378
0
0
0
0
0
0
1118
3173
0
0
0
0
0
0
895
2972
0
0
0
0
0
0
671
2782
0
0
0
0
0
0
443
2604
0
0
0
0
0
0
215
2437
0
0
0
0
0
0
4082
2283
0
0
0
0
0
0
3857
2145
0
0
0
0
0
0
3634
2020
0
0
0
0
0
0
3417
1911
0
0
0
0
0
0
3206
1820
0
0
0
0
0
0
3005
1744
0
0
0
0
0
0
2813
1687
0
0
0
0
0
0
2632
1645
0
0
0
0
0
0
2463
1623
0
0
0
0
0
0
2305
1617
0
0
0
0
0
0
2164
1630
0
0
0
0
0
0
2037
1660
0
0
0
0
0
0
1926
1705
0
0
0
0
0
0
1831
1768
0
0
0
0
0
0
1752
1845
0
0
0
0
0
0
1692
1940
0
0
0
0
0
0
1650
2047
0
0
0
0
0
0
1624
2169
0
0
0
0
0
0
1616
2301
0
0
0
0
0
0
1625
2445
0
0
0
0
0
0
1652
2600
0
0
0
0
0
0
1695
2762
0
0
0
0
0
0
1756
2933
0
0
0
0
0
0
1833
3111
0
0
0
0
0
0
1923
3293
0
0
0
0
0
0
2029
3479
0
0
0
0
0
0
2147
3667
0
0
0
0
0
0
2278
3855
0
0
0
0
0
0
2420
4044
0
0
0
0
0
0
2572
134
0
0
0
0
0
0
2735
319
0
0
0
0
0
0
2904
498
0
0
0
0
0
0
3079
670
0
0
0
0
0
0
3261
838
0
0
0
0
0
0
3445
998
0
0
0
0
0
0
3632
1148
0
0
0
0
0
0
3820
1288
0
0
0
0
0
0
4009
1418
0
0
0
0
0
0
99
1535
0
0
0
0
0
0
281
1641
0
0
0
0
0
0
459
1734
0
0
0
0
0
0
633
1813
0
0
0
0
0
0
801
1880
0
0
0
0
0
0
959
1930
0
0
0
0
0
0
1109
1967
0
0
0
0
0
0
1251
1991
0
0
0
0
0
0
1381
2000
0
0
0
0
0
0
1499
1994
0
0
0
0
0
0
1607
1976
0
0
0
0
0
0
1702
1943
0
0
0
0
0
0
1782
1896
0
0
0
0
0
0
1848
1836
0
0
0
0
0
0
1902
1764
0
0
0
0
0
0
1941
1681
0
0
0
0
0
0
1965
1587
0
0
0
0
0
0
1976
1483
0
0
0
0
0
0
1972
1371
0
0
0
0
0
0
1955
1249
0
0
0
0
0
0
1925
1122
0
0
0
0
0
0
1879
987
0
0
0
0
0
0
1823
847
0
0
0
0
0
0
1754
702
0
0
0
0
0
0
1673
556
0
0
0
0
0
0
1582
408
0
0
0
0
0
0
1482
260
0
0
0
0
0
0
1373
110
0
0
0
0
0
0
1254
4058
0
0
0
0
0
0
1128
3912
0
0
0
0
0
0
995
3769
0
0
0
0
0
0
861
3632
0
0
0
0
0
0
720
3500
0
0
0
0
0
0
576
3373
0
0
0
0
0
0
428
3254
0
0
0
0
0
0
283
3142
0
0
0
0
0
0
136
3039
0
0
0
0
0
0
4086
2944
0
0
0
0
0
0
3944
2861
0
0
0
0
0
0
3803
2784
0
0
0
0
0
0
3668
2720
0
0
0
0
0
0
3538
2666
0
0
0
0
0
0
3412
2623
0
0
0
0
0
0
3294
2591
0
0
0
0
0
0
3183
2570
0
0
0
0
0
0
3081
2561
0
0
0
0
0
0
2988
2562
0
0
0
0
0
0
2902
2573
0
0
0
0
0
0
2829
2597
0
0
0
0
0
0
2765
2630
0
0
0
0
0
0
2709
2672
0
0
0
0
0
0
2667
2725
0
0
0
0
0
0
2636
2786
0
0
0
0
0
0
2613
2855
0
0
0
0
0
0
2603
2932
0
0
0
0
0
0
2603
3016
0
0
0
0
0
0
2613
3105
0
0
0
0
0
0
2633
3200
0
0
0
0
0
0
2665
3301
0
0
0
0
0
0
2705
3404
0
0
0
0
0
0
2755
3511
0
0
0
0
0
0
2813
3621
0
0
0
0
0
0
2879
3731
0
0
0
0
0
0
2952
3843
0
0
0
0
0
0
3034
3954
0
0
0
0
0
0
3121
4065
0
0
0
0
0
0
3210
75
0
0
0
0
0
0
3308
183
0
0
0
0
0
0
3408
285
0
0
0
0
0
0
3511
383
0
0
0
0
0
0
3617
478
0
0
0
0
0
0
3724
566
0
0
0
0
0
0
3831
649
0
0
0
0
0
0
3938
726
0
0
0
0
0
0
4046
797
0
0
0
0
0
0
53
860
0
0
0
0
0
0
155
915
0
0
0
0
0
0
254
963
0
0
0
0
0
0
349
1005
0
0
0
0
0
0
441
1037
0
0
0
0
0
0
527
1061
0
0
0
0
0
0
608
1079
0
0
0
0
0
0
683
1087
0
0
0
0
0
0
749
1085
0
0
0
0
0
0
811
1079
0
0
0
0
0
0
866
1063
0
0
0
0
0
0
911
1041
0
0
0
0
0
0
951
1013
0
0
0
0
0
0
984
977
0
0
0
0
0
0
1008
935
0
0
0
0
0
0
1024
887
0
0
0
0
0
0
1032
834
0
0
0
0
0
0
1034
776
0
0
0
0
0
0
1029
714
0
0
0
0
0
0
1016
649
0
0
0
0
0
0
993
578
0
0
0
0
0
0
967
507
0
0
0
0
0
0
933
433
0
0
0
0
0
0
893
357
0
0
0
0
0
0
849
281
0
0
0
0
0
0
800
205
0
0
0
0
0
0
745
130
0
0
0
0
0
0
686
54
0
0
0
0
0
0
624
4077
0
0
0
0
0
0
559
4004
0
0
0
0
0
0
491
3936
0
0
0
0
0
0
422
3867
0
0
0
0
0
0
350
3805
0
0
0
0
0
0
279
3743
0
0
0
0
0
0
207
3688
0
0
0
0
0
0
134
3635
0
0
0
0
0
0
65
3589
0
0
0
0
0
0
4090
3546
0
0
0
0
0
0
4022
3508
0
0
0
0
0
0
3957
3478
0
0
0
0
0
0
3893
3449
0
0
0
0
0
0
3834
3428
0
0
0
0
0
0
3777
3412
0
0
0
0
0
0
3725
3402
0
0
0
0
0
0
3677
3396
0
0
0
0
0
0
3632
3395
0
0
0
0
0
0
3592
3400
0
0
0
0
0
0
3557
3409
0
0
0
0
0
0
3528
3424
0
0
0
0
0
0
3501
3442
0
0
0
0
0
0
3481
3465
0
0
0
0
0
0
3467
3492
0
0
0
0
0
0
3457
3522
0
0
0
0
0
0
3450
3556
0
0
0
0
0
0
3450
3592
0
0
0
0
0
0
3453
3631
0
0
0
0
0
0
3462
3672
0
0
0
0
0
0
3475
3716
0
0
0
0
0
0
3492
3759
0
0
0
0
0
0
3512
3805
0
0
0
0
0
0
3538
3852
0
0
0
0
0
0
3565
3899
0
0
0
0
0
0
3595
3945
0
0
0
0
0
0
3629
3992
0
0
0
0
0
0
3665
4037
0
0
0
0
0
0
3702
4082
0
0
0
0
0
0
3742
29
0
0
0
0
0
0
3782
70
0
0
0
0
0
0
3825
111
0
0
0
0
0
0
3866
147
0
0
0
0
0
0
3910
183
0
0
0
0
0
0
3952
216
0
0
0
0
0
0
3993
244
0
0
0
0
0
0
4035
272
0
0
0
0
0
0
4075
296
0
0
0
0
0
0
18
318
0
0
0
0
0
0
56
335
0
0
0
0
0
0
90
349
0
0
0
0
0
0
125
362
0
0
0
0
0
0
157
370
0
0
0
0
0
0
185
375
0
0
0
0
0
0
213
379
0
0
0
0
0
0
237
378
0
0
0
0
0
0
259
374
0
0
0
0
0
0
276
368
0
0
0
0
0
0
293
360
0
0
0
0
0
0
305
348
0
0
0
0
0
0
316
336
0
0
0
0
0
0
324
321
0
0
0
0
0
0
329
304
0
0
0
0
0
0
330
285
0
0
0
0
0
0
330
266
0
0
0
0
0
0
326
245
0
0
0
0
0
0
321
223
0
0
0
0
0
0
313
199
0
0
0
0
0
0
303
176
0
0
0
0
0
0
292
153
0
0
0
0
0
0
278
128
0
0
0
0
0
0
264
104
0
0
0
0
0
0
247
81
0
0
0
0
0
0
230
58
0
0
0
0
0
0
211
35
0
0
0
0
0
0
192
14
0
0
0
0
0
0
172
4088
0
0
0
0
0
0
152
4069
0
0
0
0
0
0
131
4050
0
0
0
0
0
0
111
4033
0
0
0
0
0
0
91
4017
0
0
0
0
0
0
71
4003
0
0
0
0
0
0
52
3990
0
0
0
0
0
0
33
3978
0
0
0
0
0
0
14
3967
0
0
0
0
0
0
4092
3958
0
0
0
0
0
0
4077
3953
0
0
0
0
0
0
4060
3946
0
0
0
0
0
0
4048
3944
0
0
0
0
0
0
4033
3940
0
0
0
0
0
0
4022
3939
0
0
0
0
0
0
4011
3940
0
0
0
0
0
0
4001
3941
0
0
0
0
0
0
3995
3944
0
0
0
0
0
0
3987
3947
0
0
0
0
0
0
3982
3952
0
0
0
0
0
0
3979
3957
0
0
0
0
0
0
3975
3964
0
0
0
0
0
0
3974
3971
0
0
0
0
0
0
3973
3978
0
0
0
0
0
0
3975
3988
0
0
0
0
0
0
3975
3994
0
0
0
0
0
0
3977
4004
0
0
0
0
0
0
3980
4013
0
0
0
0
0
0
3985
4020
0
0
0
0
0
0
3990
4031
0
0
0
0
0
0
3994
4039
0
0
0
0
0
0
4000
4046
0
0
0
0
0
0
4008
4056
0
0
0
0
0
0
4014
4064
0
0
0
0
0
0
4020
4071
0
0
0
0
0
0
4027
4078
0
0
0
0
0
0
4034
4086
0
0
0
0
0
0
4040
4092
0
0
0
0
0
0
4046
1
0
0
0
0
0
0
4053
6
0
0
0
0
0
0
4060
11
0
0
0
0
0
0
4067
16
0
0
0
0
0
0
4073
19
0
0
0
0
0
0
4077
21
0
0
0
0
0
0
4083
24
0
0
0
0
0
0
4087
24
0
0
0
0
0
0
4091
26
0
0
0
0
0
0
4095
26
0
0
0
0
0
0
2
27
0
0
0
0
0
0
6
27
0
0
0
0
0
0
8
27
0
0
0
0
0
0
8
26
0
0
0
0
0
0
12
25
0
0
0
0
0
0
11
23
0
0
0
0
0
0
12
21
0
0
0
0
0
0
13
19
0
0
0
0
0
0
12
18
0
0
0
0
0
0
13
16
0
0
0
0
0
0
11
14
0
0
0
0
0
0
12
13
0
0
0
0
0
0
11
11
0
0
0
0
0
0
11
10
0
0
0
0
0
0
9
7
0
0
0
0
0
0
8
5
0
0
0
0
0
0
7
4
0
0
0
0
0
0
5
2
0
0
0
0
0
0
4
2
0
0
0
0
0
0
3
1
0
0
0
0
0
0
2
0
0
0
0
0
0
0
0
4095
0
0
0
0
0
0
0
4095
0
0
0
0
0
0
0
4095
0
0
0
0
0
0
4095
4094
0
0
0
0
0
0
4095
4094
0
0
0
0
0
0
4095
4093
0
0
0
0
0
0
4095
4093
0
0
0
0
0
0
4095
4093
0
0
0
0
0
0
4095
4093
0
0
0
0
0
0
4095
4093
0
0
0
0
0
0
0
4095
0
0
0
0
0
0
4095
4095
0
0
0
0
0
0
4095
4095
0
0
0
0
0
0
4095
0
0
0
0
0
0
0
4095
0
0
0
0
0
0
0
0
0
0
0
0
0
0
0
0
0
0
0
0
0
0
0
0
0
0
0
0
0
0
0
0
0
0
0
0
0
0
0
0
0
0
0
0
0
0
0
0
0
0
0
0
0
0
0
0
0
0
0
0
0
0
0
0
0
0
0
0
0
0
0
0
0
0
0
0
0
0
0
0
0
0
0
0
0
0
0
0
0
0
0
0
0
0
0
0
0
0
0
0
0
0
0
0
0
0
0
0
0
0
0
0
0
0
0
0
0
0
0
0
0
0
0
0
0
0
0
0
0
0
0
0
0
0
0
0
0
0
0
0
0
0
0
0
0
0
0
0
0
0
0
0
0
0
0
0
0
0
0
0
0
0
0
0
0
0
0
0
0
0
0
0
0
0
0
0
0
0
0
0
0
0
0
0
0
0
0
0
0
0
0
0
0
0
0
0
0
0
0
0
0
0
0
0
0
0
0
0
0
0
0
0
0
0
0
0
0
0
0
0
0
0
0
0
0
0
0
0
0
0
0
0
0
0
0
0
0
0
0
0
0
0
0
0
0
0
0
0
0
0
0
0
0
0
0
0
0
0
0
0
0
0
0
0
0
0
0
0
0
0
0
0
0
0
0
0
0
0
0
0
0
0
0
0
0
0
0
0
0
0
0
0
0
0
0
0
0
0
0
0
0
0
0
0
0
0
0
0
0
0
0
0
0
0
0
0
0
0
0
0
0
0
0
0
0
0
0
0
0
0
0
0
0
0
0
0
0
0
0
0
0
0
0
0
0
0
0
0
0
0
0
0
0
0
0
0
0
0
0
0
0
0
0
0
0
0
0
0
0
0
0
0
0
0
0
0
0
0
0
0
0
0
0
0
0
0
0
0
0
0
0
0
0
0
0
0
0
0
0
0
0
0
0
0
0
0
0
0
0
0
0
0
0
0
0
0
0
0
0
0
0
0
0
0
0
0
0
0
0
0
0
0
0
0
0
0
0
0
0
0
0
0
0
0
0
0
0
0
0
0
0
0
0
0
0
0
0
0
0
0
0
0
0
0
0
0
0
0
0
0
0
0
0
0
0
0
0
0
0
0
0
0
0
0
0
0
0
0
0
0
0
0
0
0
0
0
0
0
0
0
0
0
0
0
0
0
0
0
0
0
0
0
0
0
0
0
0
0
0
0
0
0
0
0
0
0
0
0
0
0
0
0
0
0
0
0
0
0
0
0
0
0
0
0
0
0
0
0
0
0
0
0
0
0
0
0
0
0
0
0
0
0
0
0
0
0
0
0
0
0
0
0
0
0
0
0
0
0
0
0
0
0
0
0
0
0
0
0
0
0
0
0
0
0
0
0
0
0
0
0
0
0
0
0
0
0
0
0
0
0
0
0
0
0
0
0
0
0
0
0
0
0
0
0
0
0
0
0
0
0
0
0
0
0
0
0
0
0
0
0
0
0
0
0
0
0
0
0
0
0
0
0
0
0
0
0
0
0
0
0
0
0
0
0
0
0
0
0
0
0
0
0
0
0
0
0
0
0
0
0
0
0
0
0
0
0
0
0
0
0
0
0
0
0
0
0
0
0
0
0
0
0
0
0
0
0
0
0
0
0
0
0
0
0
0
0
0
0
0
0
0
0
0
0
0
0
0
0
0
0
0
0
0
0
0
0
0
0
0
0
0
0
0
0
0
0
0
0
0
0
0
0
0
0
0
0
0
0
0
0
0
0
0
0
0
0
0
0
0
0
0
0
0
0
0
0
0
0
0
0
0
0
0
0
0
0
0
0
0
0
0
0
0
0
0
0
0
0
0
0
0
0
0
0
0
0
0
0
0
0
0
0
0
0
0
0
0
0
0
0
0
0
0
0
0
0
0
0
0
0
0
0
0
0
0
0
0
0
0
0
0
0
0
0
0
0
0
0
0
0
0
0
0
0
0
0
0
0
0
0
0
0
0
0
0
0
0
0
0
0
0
0
0
0
0
0
0
0
0
0
0
0
0
0
0
0
0
0
0
0
0
0
0
0
0
0
0
0
0
0
0
0
0
0
0
0
0
0
0
0
0
0
0
0
0
0
0
0
0
0
0
0
0
0
0
0
0
0
0
0
0
0
0
0
0
0
0
0
0
0
0
0
0
0
0
0
0
0
0
0
0
0
0
0
0
0
0
0
0
0
0
0
0
0
0
0
0
0
0
0
0
0
0
0
0
0
0
0
0
0
0
0
0
0
0
0
0
0
0
0
0
0
0
0
0
0
0
0
0
0
0
0
0
0
0
0
0
0
0
0
0
0
0
0
0
0
0
0
0
0
0
0
0
0
0
0
0
0
0
0
0
0
0
0
0
0
0
0
0
0
0
0
0
0
0
0
0
0
0
0
0
0
0
0
0
0
0
0
0
0
0
0
0
0
0
0
0
0
0
0
0
0
0
0
0
0
0
0
0
0
0
0
0
0
0
0
0
0
0
0
0
0
0
0
0
0
0
0
0
0
0
0
0
0
0
0
0
0
0
0
0
0
0
0
0
0
0
0
0
0
0
0
0
0
0
0
0
0
0
0
0
0
0
0
0
0
0
0
0
0
0
0
0
0
0
0
0
0
0
0
0
0
0
0
0
0
0
0
0
0
0
0
0
0
0
0
0
0
0
0
0
0
0
0
0
0
0
0
0
0
0
0
0
0
0
0
0
0
0
0
0
0
0
0
0
0
0
0
0
0
0
0
0
0
0
0
0
0
0
0
0
0
0
0
0
0
0
0
0
0
0
0
0
0
0
0
0
0
0
0
0
0
0
0
0
0
0
0
0
0
0
0
0
0
0
0
0
0
0
0
0
0
0
0
0
0
0
0
0
0
0
0
0
0
0
0
0
0
0
0
0
0
0
0
0
0
0
0
0
0
0
0
0
0
0
0
0
0
0
0
0
0
0
0
0
0
0
0
0
0
0
0
0
0
0
0
0
0
0
0
0
0
0
0
0
0
0
0
0
0
0
0
0
0
0
0
0
0
0
0
0
0
0
0
0
0
0
0
0
0
0
0
0
0
0
0
0
0
0
0
0
0
0
0
0
0
0
0
0
0
0
0
0
0
0
0
0
0
0
0
0
0
0
0
0
0
0
0
0
0
0
0
0
0
0
0
0
0
0
0
0
0
0
0
0
0
0
0
0
0
0
0
0
0
0
0
0
0
0
0
0
0
0
0
0
0
0
0
0
0
0
0
0
0
0
0
0
0
0
0
0
0
0
0
0
0
0
0
0
0
0
0
0
0
0
0
0
0
0
0
0
0
0
0
0
0
0
0
0
0
0
0
0
0
0
0
0
0
0
0
0
0
0
0
0
0
0
0
0
0
0
0
0
0
0
0
0
0
0
0
0
0
0
0
0
0
0
0
0
0
0
0
0
0
0
0
0
0
0
0
0
0
0
0
0
0
0
0
0
0
0
0
0
0
0
0
0
0
0
0
0
0
0
0
0
0
0
0
0
0
0
0
0
0
0
0
0
0
0
0
0
0
0
0
0
0
0
0
0
0
0
0
0
0
0
0
0
0
0
0
0
0
0
0
0
0
0
0
0
0
0
0
0
0
0
0
0
0
0
0
0
0
0
0
0
0
0
0
0
0
0
0
0
0
0
0
0
0
0
0
0
0
0
0
0
0
0
0
0
0
0
0
0
0
0
0
0
0
0
0
0
0
0
0
0
0
0
0
0
0
0
0
0
0
0
0
0
0
0
0
0
0
0
0
0
0
0
0
0
0
0
0
0
0
0
0
0
0
0
0
0
0
0
0
0
0
0
0
0
0
0
0
0
0
0
0
0
0
0
0
0
0
0
0
0
0
0
0
0
0
0
0
0
0
0
0
0
0
0
0
0
0
0
0
0
0
0
0
0
0
0
0
0
0
0
0
0
0
0
0
0
0
0
0
0
0
0
0
0
0
0
0
0
0
0
0
0
0
0
0
0
0
0
0
0
0
0
0
0
0
0
0
0
0
0
0
0
0
0
0
0
0
0
0
0
0
0
0
0
0
0
0
0
0
0
0
0
0
0
0
0
0
0
0
0
0
0
0
0
0
0
0
0
0
0
0
0
0
0
0
0
0
0
0
0
0
0
0
0
0
0
0
0
0
0
0
0
0
0
0
0
0
0
0
0
0
0
0
0
0
0
0
0
0
0
0
0
0
0
0
0
0
0
0
0
0
0
0
0
0
0
0
0
0
0
0
0
0
0
0
0
0
0
0
0
0
0
0
0
0
0
0
0
0
0
0
0
0
0
0
0
0
0
0
0
0
0
0
0
0
0
0
0
0
0
0
0
0
0
0
0
0
0
0
0
0
0
0
0
0
0
0
0
0
0
0
0
0
0
0
0
0
0
0
0
0
0
0
0
0
0
0
0
0
0
0
0
0
0
0
0
0
0
0
0
0
0
0
0
0
0
0
0
0
0
0
0
0
0
0
0
0
0
0
0
0
0
0
0
0
0
0
0
0
0
0
0
0
0
0
0
0
0
0
0
0
0
0
0
0
0
0
0
0
0
0
0
0
0
0
0
0
0
0
0
0
0
0
0
0
0
0
0
0
0
0
0
0
0
0
0
0
0
0
0
0
0
0
0
0
0
0
0
0
0
0
0
0
0
0
0
0
0
0
0
0
0
0
0
0
0
0
0
0
0
0
0
0
0
0
0
0
0
0
0
0
0
0
0
0
0
0
0
0
0
0
0
0
0
0
0
0
0
0
0
0
0
0
0
0
0
0
0
0
0
0
0
0
0
0
0
0
0
0
0
0
0
0
0
0
0
0
0
0
0
0
0
0
0
0
0
0
0
0
0
0
0
0
0
0
0
0
0
0
0
0
0
0
0
0
0
0
0
0
0
0
0
0
0
0
0
0
0
0
0
0
0
0
0
0
0
0
0
0
0
0
0
0
0
0
0
0
0
0
0
0
0
0
0
0
0
0
0
0
0
0
0
0
0
0
0
0
0
0
0
0
0
0
0
0
0
0
0
0
0
0
0
0
0
0
0
0
0
0
0
0
0
0
0
0
0
0
0
0
0
0
0
0
0
0
0
0
0
0
0
0
0
0
0
0
0
0
0
0
0
0
0
0
0
0
0
0
0
0
0
0
0
0
0
0
0
0
0
0
0
0
0
0
0
0
0
0
0
0
0
0
0
0
0
0
0
0
0
0
0
0
0
0
0
0
0
0
0
0
0
0
0
0
0
0
0
0
0
0
0
0
0
0
0
0
0
0
0
0
0
0
0
0
0
0
0
0
0
0
0
0
0
0
0
0
0
0
0
0
0
0
0
0
0
0
0
0
0
0
0
0
0
0
0
0
0
0
0
0
0
0
0
0
0
0
0
0
0
0
0
0
0
0
0
0
0
0
0
0
0
0
0
0
0
0
0
0
0
0
0
0
0
0
0
0
0
0
0
0
0
0
0
0
0
0
0
0
0
0
0
0
0
0
0
0
0
0
0
0
0
0
0
0
0
0
0
0
0
0
0
0
0
0
0
0
0
0
0
0
0
0
0
0
0
0
0
0
0
0
0
0
0
0
0
0
0
0
0
0
0
0
0
0
0
0
0
0
0
0
0
0
0
0
0
0
0
0
0
0
0
0
0
0
0
0
0
0
0
0
0
0
0
0
0
0
0
0
0
0
0
0
0
0
0
0
0
0
0
0
0
0
0
0
0
0
0
0
0
0
0
0
0
0
0
0
0
0
0
0
0
0
0
0
0
0
0
0
0
0
0
0
0
0
0
0
0
0
0
0
0
0
0
0
0
0
0
0
0
0
0
0
0
0
0
0
0
0
0
0
0
0
0
0
0
0
0
0
0
0
0
0
0
0
0
0
0
0
0
0
0
0
0
0
0
0
0
0
0
0
0
0
0
0
0
0
0
0
0
0
0
0
0
0
0
0
0
0
0
0
0
0
0
0
0
0
0
0
0
0
0
0
0
0
0
0
0
0
0
0
0
0
0
0
0
0
0
0
0
0
0
0
0
0
0
0
0
0
0
0
0
0
0
0
0
0
0
0
0
0
0
0
0
0
0
0
0
0
0
0
0
0
0
0
0
0
0
0
0
0
0
0
0
0
0
0
0
0
0
0
0
0
0
0
0
0
0
0
0
0
0
0
0
0
0
0
0
0
0
0
0
0
0
0
0
0
0
0
0
0
0
0
0
0
0
0
0
0
0
0
0
0
0
0
0
0
0
0
0
0
0
0
0
0
0
0
0
0
0
0
0
0
0
0
0
0
0
0
0
0
0
0
0
0
0
0
0
0
0
0
0
0
0
0
0
0
0
0
0
0
0
0
0
0
0
0
0
0
0
0
0
0
0
0
0
0
0
0
0
0
0
0
0
0
0
0
0
0
0
0
0
0
0
0
0
0
0
0
0
0
0
0
0
0
0
0
0
0
0
0
0
0
0
0
0
0
0
0
0
0
0
0
0
0
0
0
0
0
0
0
0
0
0
0
0
0
0
0
0
0
0
0
0
0
0
0
0
0
0
0
0
0
0
0
0
0
0
0
0
0
0
0
0
0
0
0
0
0
0
0
0
0
0
0
0
0
0
0
0
0
0
0
0
0
0
0
0
0
0
0
0
0
0
0
0
0
0
0
0
0
0
0
0
0
0
0
0
0
0
0
0
0
0
0
0
0
0
0
0
0
0
0
0
0
0
0
0
0
0
0
0
0
0
0
0
0
0
0
0
0
0
0
0
0
0
0
0
0
0
0
0
0
0
0
0
0
0
0
0
0
0
0
0
0
0
0
0
0
0
0
0
0
0
0
0
0
0
0
0
0
0
0
0
0
0
0
0
0
0
0
0
0
0
0
0
0
0
0
0
0
0
0
0
0
0
0
0
0
0
0
0
0
0
0
0
0
0
0
0
0
0
0
0
0
0
0
0
0
0
0
0
0
0
0
0
0
0
0
0
0
0
0
0
0
0
0
0
0
0
0
0
0
0
0
0
0
0
0
0
0
0
0
0
0
0
0
0
0
0
0
0
0
0
0
0
0
0
0
0
0
0
0
0
0
0
0
0
0
0
0
0
0
0
0
0
0
0
0
0
0
0
0
0
0
0
0
0
0
0
0
0
0
0
0
0
0
0
0
0
0
0
0
0
0
0
0
0
0
0
0
0
0
0
0
0
0
0
0
0
0
0
0
0
0
0
0
0
0
0
0
0
0
0
0
0
0
0
0
0
0
0
0
0
0
0
0
0
0
0
0
0
0
0
0
0
0
0
0
0
0
0
0
0
0
0
0
0
0
0
0
0
0
0
0
0
0
0
0
0
0
0
0
0
0
0
0
0
0
0
0
0
0
0
0
0
0
0
0
0
0
0
0
0
0
0
0
0
0
0
0
0
0
0
0
0
0
0
0
0
0
0
0
0
0
0
0
0
0
0
0
0
0
0
0
0
0
0
0
0
0
0
0
0
0
0
0
0
0
0
0
0
0
0
0
0
0
0
0
0
0
0
0
0
0
0
0
0
0
0
0
0
0
0
0
0
0
0
0
0
0
0
0
0
0
0
0
0
0
0
0
0
0
0
0
0
0
0
0
0
0
0
0
0
0
0
0
0
0
0
0
0
0
0
0
0
0
0
0
0
0
0
0
0
0
0
0
0
0
0
0
0
0
0
0
0
0
0
0
0
0
0
0
0
0
0
0
0
0
0
0
0
0
0
0
0
0
0
0
0
0
0
0
0
0
0
0
0
0
0
0
0
0
0
0
0
0
0
0
0
0
0
0
0
0
0
0
0
0
0
0
0
0
0
0
0
0
0
0
0
0
0
0
0
0
0
0
0
0
0
0
0
0
0
0
0
0
0
0
0
0
0
0
0
0
0
0
0
0
0
0
0
0
0
0
0
0
0
0
0
0
0
0
0
0
0
0
0
0
0
0
0
0
0
0
0
0
0
0
0
0
0
0
0
0
0
0
0
0
0
0
0
0
0
0
0
0
0
0
0
0
0
0
0
0
0
0
0
0
0
0
0
0
0
0
0
0
0
0
0
0
0
0
0
0
0
0
0
0
0
0
0
0
0
0
0
0
0
0
0
0
0
0
0
0
0
0
0
0
0
0
0
0
0
0
0
0
0
0
0
0
0
0
0
0
0
0
0
0
0
0
0
0
0
0
0
0
0
0
0
0
0
0
0
0
0
0
0
0
0
0
0
0
0
0
0
0
0
0
0
0
0
0
0
0
0
0
0
0
0
0
0
0
0
0
0
0
0
0
0
0
0
0
0
0
0
0
0
0
0
0
0
0
0
0
0
0
0
0
0
0
0
0
0
0
0
0
0
0
0
0
0
0
0
0
0
0
0
0
0
0
0
0
0
0
0
0
0
0
0
0
0
0
0
0
0
0
0
0
0
0
0
0
0
0
0
0
0
0
0
0
0
0
0
0
0
0
0
0
0
0
0
0
0
0
0
0
0
0
0
0
0
0
0
0
0
0
0
0
0
0
0
0
0
0
0
0
0
0
0
0
0
0
0
0
0
0
0
0
0
0
0
0
0
0
0
0
0
0
0
0
0
0
0
0
0
0
0
0
0
0
0
0
0
0
0
0
0
0
0
0
0
0
0
0
0
0
0
0
0
0
0
0
0
0
0
0
0
0
0
0
0
0
0
0
0
0
0
0
0
0
0
0
0
0
0
0
0
0
0
0
0
0
0
0
0
0
0
0
0
0
0
0
0
0
0
0
0
0
0
0
0
0
0
0
0
0
0
0
0
0
0
0
0
0
0
0
0
0
0
0
0
0
0
0
0
0
0
0
0
0
0
0
0
0
0
0
0
0
0
0
0
0
0
0
0
0
0
0
0
0
0
0
0
0
0
0
0
0
0
0
0
0
0
0
0
0
0
0
0
0
0
0
0
0
0
0
0
0
0
0
0
0
0
0
0
0
0
0
0
0
0
0
0
0
0
0
0
0
0
0
0
0
0
0
0
0
0
0
0
0
0
0
0
0
0
0
0
0
0
0
0
0
0
0
0
0
0
0
0
0
0
0
0
0
0
0
0
0
0
0
0
0
0
0
0
0
0
0
0
0
0
0
0
0
0
0
0
0
0
0
0
0
0
0
0
0
0
0
0
0
0
0
0
0
0
0
0
0
0
0
0
0
0
0
0
0
0
0
0
0
0
0
0
0
0
0
0
0
0
0
0
0
0
0
0
0
0
0
0
0
0
0
0
0
0
0
0
0
0
0
0
0
0
0
0
0
0
0
0
0
0
0
0
0
0
0
0
0
0
0
0
0
0
0
0
0
0
0
0
0
0
0
0
0
0
0
0
0
0
0
0
0
0
0
0
0
0
0
0
0
0
0
0
0
0
0
0
0
0
0
0
0
0
0
0
0
0
0
0
0
0
0
0
0
0
0
0
0
0
0
0
0
0
0
0
0
0
0
0
0
0
0
0
0
0
0
0
0
0
0
0
0
0
0
0
0
0
0
0
0
0
0
0
0
0
0
0
0
0
0
0
0
0
0
0
0
0
0
0
0
0
0
0
0
0
0
0
0
0
0
0
0
0
0
0
0
0
0
0
0
0
0
0
0
0
0
0
0
0
0
0
0
0
0
0
0
0
0
0
0
0
0
0
0
0
0
0
0
0
0
0
0
0
0
0
0
0
0
0
0
0
0
0
0
0
0
0
0
0
0
0
0
0
0
0
0
0
0
0
0
0
0
0
0
0
0
0
0
0
0
0
0
0
0
0
0
0
0
0
0
0
0
0
0
0
0
0
0
0
0
0
0
0
0
0
0
0
0
0
0
0
0
0
0
0
0
0
0
0
0
0
0
0
0
0
0
0
0
0
0
0
0
0
0
0
0
0
0
0
0
0
0
0
0
0
0
0
0
0
0
0
0
0
0
0
0
0
0
0
0
0
0
0
0
0
0
0
0
0
0
0
0
0
0
0
0
0
0
0
0
0
0
0
0
0
0
0
0
0
0
0
0
0
0
0
0
0
0
0
0
0
0
0
0
0
0
0
0
0
0
0
0
0
0
0
0
0
0
0
0
0
0
0
0
0
0
0
0
0
0
0
0
0
0
0
0
0
0
0
0
0
0
0
0
0
0
0
0
0
0
0
0
0
0
0
0
0
0
0
0
0
0
0
0
0
0
0
0
0
0
0
0
0
0
0
0
0
0
0
0
0
0
0
0
0
0
0
0
0
0
0
0
0
0
0
0
0
0
0
0
0
0
0
0
0
0
0
0
0
0
0
0
0
0
0
0
0
0
0
0
0
0
0
0
0
0
0
0
0
0
0
0
0
0
0
0
0
0
0
0
0
0
0
0
0
0
0
0
0
0
0
0
0
0
0
0
0
0
0
0
0
0
0
0
0
0
0
0
0
0
0
0
0
0
0
0
0
0
0
0
0
0
0
0
0
0
0
0
0
0
0
0
0
0
0
0
0
0
0
0
0
0
0
0
0
0
0
0
0
0
0
0
0
0
0
0
0
0
0
0
0
0
0
0
0
0
0
0
0
0
0
0
0
0
0
0
0
0
0
0
0
0
0
0
0
0
0
0
0
0
0
0
0
0
0
0
0
0
0
0
0
0
0
0
0
0
0
0
0
0
0
0
0
0
0
0
0
0
0
0
0
0
0
0
0
0
0
0
0
0
0
0
0
0
0
0
0
0
0
0
0
0
0
0
0
0
0
0
0
0
0
0
0
0
0
0
0
0
0
0
0
0
0
0
0
0
0
0
0
0
0
0
0
0
0
0
0
0
0
0
0
0
0
0
0
0
0
0
0
0
0
0
0
0
0
0
0
0
0
0
0
0
0
0
0
0
0
0
0
0
0
0
0
0
0
0
0
0
0
0
0
0
0
0
0
0
0
0
0
0
0
0
0
0
0
0
0
0
0
0
0
0
0
0
0
0
0
0
0
0
0
0
0
0
0
0
0
0
0
0
0
0
0
0
0
0
0
0
0
0
0
0
0
0
0
0
0
0
0
0
0
0
0
0
0
0
0
0
0
0
0
0
0
0
0
0
0
0
0
0
0
0
0
0
0
0
0
0
0
0
0
0
0
0
0
0
0
0
0
0
0
0
0
0
0
0
0
0
0
0
0
0
0
0
0
0
0
0
0
0
0
0
0
0
0
0
0
0
0
0
0
0
0
0
0
0
0
0
0
0
0
0
0
0
0
0
0
0
0
0
0
0
0
0
0
0
0
0
0
0
0
0
0
0
0
0
0
0
0
0
0
0
0
0
0
0
0
0
0
0
0
0
0
0
0
0
0
0
0
0
0
0
0
0
0
0
0
0
0
0
0
0
0
0
0
0
0
0
0
0
0
0
0
0
0
0
0
0
0
0
0
0
0
0
0
0
0
0
0
0
0
0
0
0
0
0
0
0
0
0
0
0
0
0
0
0
0
0
0
0
0
0
0
0
0
0
0
0
0
0
0
0
0
0
0
0
0
0
0
0
0
0
0
0
0
0
0
0
0
0
0
0
0
0
0
0
0
0
0
0
0
0
0
0
0
0
0
0
0
0
0
0
0
0
0
0
0
0
0
0
0
0
0
0
0
0
0
0
0
0
0
0
0
0
0
0
0
0
0
0
0
0
0
0
0
0
0
0
0
0
0
0
0
0
0
0
0
0
0
0
0
0
0
0
0
0
0
0
0
0
0
0
0
0
0
0
0
0
0
0
0
0
0
0
0
0
0
0
0
0
0
0
0
0
0
0
0
0
0
0
0
0
0
0
0
0
0
0
0
0
0
0
0
0
0
0
0
0
0
0
0
0
0
0
0
0
0
0
0
0
0
0
0
0
0
0
0
0
0
0
0
0
0
0
0
0
0
0
0
0
0
0
0
0
0
0
0
0
0
0
0
0
0
0
0
0
0
0
0
0
0
0
0
0
0
0
0
0
0
0
0
0
0
0
0
0
0
0
0
0
0
0
0
0
0
0
0
0
0
0
0
0
0
0
0
0
0
0
0
0
0
0
0
0
0
0
0
0
0
0
0
0
0
0
0
0
0
0
0
0
0
0
0
0
0
0
0
0
0
0
0
0
0
0
0
0
0
0
0
0
0
0
0
0
0
0
0
0
0
0
0
0
0
0
0
0
0
0
0
0
0
0
0
0
0
0
0
0
0
0
0
0
0
0
0
0
0
0
0
0
0
0
0
0
0
0
0
0
0
0
0
0
0
0
0
0
0
0
0
0
0
0
0
0
0
0
0
0
0
0
0
0
0
0
0
0
0
0
0
0
0
0
0
0
0
0
0
0
0
0
0
0
0
0
0
0
0
0
0
0
0
0
0
0
0
0
0
0
0
0
0
0
0
0
0
0
0
0
0
0
0
0
0
0
0
0
0
0
0
0
0
0
0
0
0
0
0
0
0
0
0
0
0
0
0
0
0
0
0
0
0
0
0
0
0
0
0
0
0
0
0
0
0
0
0
0
0
0
0
0
0
0
0
0
0
0
0
0
0
0
0
0
0
0
0
0
0
0
0
0
0
0
0
0
0
0
0
0
0
0
0
0
0
0
0
0
0
0
0
0
0
0
0
0
0
0
0
0
0
0
0
0
0
0
0
0
0
0
0
0
0
0
0
0
0
0
0
0
0
0
0
0
0
0
0
0
0
0
0
0
0
0
0
0
0
0
0
0
0
0
0
0
0
0
0
0
0
0
0
0
0
0
0
0
0
0
0
0
0
0
0
0
0
0
0
0
0
0
0
0
0
0
0
0
0
0
0
0
0
0
0
0
0
0
0
0
0
0
0
0
0
0
0
0
0
0
0
0
0
0
0
0
0
0
0
0
0
0
0
0
0
0
0
0
0
0
0
0
0
0
0
0
0
0
0
0
0
0
0
0
0
0
0
0
0
0
0
0
0
0
0
0
0
0
0
0
0
0
0
0
0
0
0
0
0
0
0
0
0
0
0
0
0
0
0
0
0
0
0
0
0
0
0
0
0
0
0
0
0
0
0
0
0
0
0
0
0
0
0
0
0
0
0
0
0
0
0
0
0
0
0
0
0
0
0
0
0
0
0
0
0
0
0
0
0
0
0
0
0
0
0
0
0
0
0
0
0
0
0
0
0
0
0
0
0
0
0
0
0
0
0
0
0
0
0
0
0
0
0
0
0
0
0
0
0
0
0
0
0
0
0
0
0
0
0
0
0
0
0
0
0
0
0
0
0
0
0
0
0
0
0
0
0
0
0
0
0
0
0
0
0
0
0
0
0
0
0
0
0
0
0
0
0
0
0
0
0
0
0
0
0
0
0
0
0
0
0
0
0
0
0
0
0
0
0
0
0
0
0
0
0
0
0
0
0
0
0
0
0
0
0
0
0
0
0
0
0
0
0
0
0
0
0
0
0
0
0
0
0
0
0
0
0
0
0
0
0
0
0
0
0
0
0
0
0
0
0
0
0
0
0
0
0
0
0
0
0
0
0
0
0
0
0
0
0
0
0
0
0
0
0
0
0
0
0
0
0
0
0
0
0
0
0
0
0
0
0
0
0
0
0
0
0
0
0
0
0
0
0
0
0
0
0
0
0
0
0
0
0
0
0
0
0
0
0
0
0
0
0
0
0
0
0
0
0
0
0
0
0
0
0
0
0
0
0
0
0
0
0
0
0
0
0
0
0
0
0
0
0
0
0
0
0
0
0
0
0
0
0
0
0
0
0
0
0
0
0
0
0
0
0
0
0
0
0
0
0
0
0
0
0
0
0
0
0
0
0
0
0
0
0
0
0
0
0
0
0
0
0
0
0
0
0
0
0
0
0
0
0
0
0
0
0
0
0
0
0
0
0
0
0
0
0
0
0
0
0
0
0
0
0
0
0
0
0
0
0
0
0
0
0
0
0
0
0
0
0
0
0
0
0
0
0
0
0
0
0
0
0
0
0
0
0
0
0
0
0
0
0
0
0
0
0
0
0
0
0
0
0
0
0
0
0
0
0
0
0
0
0
0
0
0
0
0
0
0
0
0
0
0
0
0
0
0
0
0
0
0
0
0
0
0
0
0
0
0
0
0
0
0
0
0
0
0
0
0
0
0
0
0
0
0
0
0
0
0
0
0
0
0
0
0
0
0
0
0
0
0
0
0
0
0
0
0
0
0
0
0
0
0
0
0
0
0
0
0
0
0
0
0
0
0
0
0
0
0
0
0
0
0
0
0
0
0
0
0
0
0
0
0
0
0
0
0
0
0
0
0
0
0
0
0
0
0
0
0
0
0
0
0
0
0
0
0
0
0
0
0
0
0
0
0
0
0
0
0
0
0
0
0
0
0
0
0
0
0
0
0
0
0
0
0
0
0
0
0
0
0
0
0
0
0
0
0
0
0
0
0
0
0
0
0
0
0
0
0
0
0
0
0
0
0
0
0
0
0
0
0
0
0
0
0
0
0
0
0
0
0
0
0
0
0
0
0
0
0
0
0
0
0
0
0
0
0
0
0
0
0
0
0
0
0
0
0
0
0
0
0
0
0
0
0
0
0
0
0
0
0
0
0
0
0
0
0
0
0
0
0
0
0
0
0
0
0
0
0
0
0
0
0
0
0
0
0
0
0
0
0
0
0
0
0
0
0
0
0
0
0
0
0
0
0
0
0
0
0
0
0
0
0
0
0
0
0
0
0
0
0
0
0
0
0
0
0
0
0
0
0
0
0
0
0
0
0
0
0
0
0
0
0
0
0
0
0
0
0
0
0
0
0
0
0
0
0
0
0
0
0
0
0
0
0
0
0
0
0
0
0
0
0
0
0
0
0
0
0
0
0
0
0
0
0
0
0
0
0
0
0
0
0
0
0
0
0
0
0
0
0
0
0
0
0
0
0
0
0
0
0
0
0
0
0
0
0
0
0
0
0
0
0
0
0
0
0
0
0
0
0
0
0
0
0
0
0
0
0
0
0
0
0
0
0
0
0
0
0
0
0
0
0
0
0
0
0
0
0
0
0
0
0
0
0
0
0
0
0
0
0
0
0
0
0
0
0
0
0
0
0
0
0
0
0
0
0
0
0
0
0
0
0
0
0
0
0
0
0
0
0
0
0
0
0
0
0
0
0
0
0
0
0
0
0
0
0
0
0
0
0
0
0
0
0
0
0
0
0
0
0
0
0
0
0
0
0
0
0
0
0
0
0
0
0
0
0
0
0
0
0
0
0
0
0
0
0
0
0
0
0
0
0
0
0
0
0
0
0
0
0
0
0
0
0
0
0
0
0
0
0
0
0
0
0
0
0
0
0
0
0
0
0
0
0
0
0
0
0
0
0
0
0
0
0
0
0
0
0
0
0
0
0
0
0
0
0
0
0
0
0
0
0
0
0
0
0
0
0
0
0
0
0
0
0
0
0
0
0
0
0
0
0
0
0
0
0
0
0
0
0
0
0
0
0
0
0
0
0
0
0
0
0
0
0
0
0
0
0
0
0
0
0
0
0
0
0
0
0
0
0
0
0
0
0
0
0
0
0
0
0
0
0
0
0
0
0
0
0
0
0
0
0
0
0
0
0
0
0
0
0
0
0
0
0
0
0
0
0
0
0
0
0
0
0
0
0
0
0
0
0
0
0
0
0
0
0
0
0
0
0
0
0
0
0
0
0
0
0
0
0
0
0
0
0
0
0
0
0
0
0
0
0
0
0
0
0
0
0
0
0
0
0
0
0
0
0
0
0
0
0
0
0
0
0
0
0
0
0
0
0
0
0
0
0
0
0
0
0
0
0
0
0
0
0
0
0
0
0
0
0
0
0
0
0
0
0
0
0
0
0
0
0
0
0
0
0
0
0
0
0
0
0
0
0
0
0
0
0
0
0
0
0
0
0
0
0
0
0
0
0
0
0
0
0
0
0
0
0
0
0
0
0
0
0
0
0
0
0
0
0
0
0
0
0
0
0
0
0
0
0
0
0
0
0
0
0
0
0
0
0
0
0
0
0
0
0
0
0
0
0
0
0
0
0
0
0
0
0
0
0
0
0
0
0
0
0
0
0
0
0
0
0
0
0
0
0
0
0
0
0
0
0
0
0
0
0
0
0
0
0
0
0
0
0
0
0
0
0
0
0
0
0
0
0
0
0
0
0
0
0
0
0
0
0
0
0
0
0
0
0
0
0
0
0
0
0
0
0
0
0
0
0
0
0
0
0
0
0
0
0
0
0
0
0
0
0
0
0
0
0
0
0
0
0
0
0
0
0
0
0
0
0
0
0
0
0
0
0
0
0
0
0
0
0
0
0
0
0
0
0
0
0
0
0
0
0
0
0
0
0
0
0
0
0
0
0
0
0
0
0
0
0
0
0
0
0
0
0
0
0
0
0
0
0
0
0
0
0
0
0
0
0
0
0
0
0
0
0
0
0
0
0
0
0
0
0
0
0
0
0
0
0
0
0
0
0
0
0
0
0
0
0
0
0
0
0
0
0
0
0
0
0
0
0
0
0
0
0
0
0
0
0
0
0
0
0
0
0
0
0
0
0
0
0
0
0
0
0
0
0
0
0
0
0
0
0
0
0
0
0
0
0
0
0
0
0
0
0
0
0
0
0
0
0
0
0
0
0
0
0
0
0
0
0
0
0
0
0
0
0
0
0
0
0
0
0
0
0
0
0
0
0
0
0
0
0
0
0
0
0
0
0
0
0
0
0
0
0
0
0
0
0
0
0
0
0
0
0
0
0
0
0
0
0
0
0
0
0
0
0
0
0
0
0
0
0
0
0
0
0
0
0
0
0
0
0
0
0
0
0
0
0
0
0
0
0
0
0
0
0
0
0
0
0
0
0
0
0
0
0
0
0
0
0
0
0
0
0
0
0
0
0
0
0
0
0
0
0
0
0
0
0
0
0
0
0
0
0
0
0
0
0
0
0
0
0
0
0
0
0
0
0
0
0
0
0
0
0
0
0
0
0
0
0
0
0
0
0
0
0
0
0
0
0
0
0
0
0
0
0
0
0
0
0
0
0
0
0
0
0
0
0
0
0
0
0
0
0
0
0
0
0
0
0
0
0
0
0
0
0
0
0
0
0
0
0
0
0
0
0
0
0
0
0
0
0
0
0
0
0
0
0
0
0
0
0
0
0
0
0
0
0
0
0
0
0
0
0
0
0
0
0
0
0
0
0
0
0
0
0
0
0
0
0
0
0
0
0
0
0
0
0
0
0
0
0
0
0
0
0
0
0
0
0
0
0
0
0
0
0
0
0
0
0
0
0
0
0
0
0
0
0
0
0
0
0
0
0
0
0
0
0
0
0
0
0
0
0
0
0
0
0
0
0
0
0
0
0
0
0
0
0
0
0
0
0
0
0
0
0
0
0
0
0
0
0
0
0
0
0
0
0
0
0
0
0
0
0
0
0
0
0
0
0
0
0
0
0
0
0
0
0
0
0
0
0
0
0
0
0
0
0
0
0
0
0
0
0
0
0
0
0
0
0
0
0
0
0
0
0
0
0
0
0
0
0
0
0
0
0
0
0
0
0
0
0
0
0
0
0
0
0
0
0
0
0
0
0
0
0
0
0
0
0
0
0
0
0
0
0
0
0
0
0
0
0
0
0
0
0
0
0
0
0
0
0
0
0
0
0
0
0
0
0
0
0
0
0
0
0
0
0
0
0
0
0
0
0
0
0
0
0
0
0
0
0
0
0
0
0
0
0
0
0
0
0
0
0
0
0
0
