0
0
0
0
0
0
0
0
0
0
0
0
0
0
0
0
0
0
0
0
0
0
0
0
0
0
0
0
0
0
0
0
0
0
0
0
0
0
0
0
0
0
0
0
0
0
0
0
0
0
0
0
0
0
0
0
0
0
0
0
0
0
0
0
0
0
0
0
0
0
0
0
0
0
0
0
0
0
0
0
0
0
0
0
0
0
0
0
0
0
0
0
0
0
0
0
0
0
0
0
0
0
0
0
0
0
0
0
0
0
0
0
0
0
0
0
0
0
0
0
0
0
0
0
0
0
0
0
0
0
0
0
0
0
0
0
0
0
0
0
0
0
0
0
0
0
0
0
0
0
0
0
0
0
0
0
0
0
0
0
0
0
0
0
0
0
0
0
0
0
0
0
0
0
0
0
0
0
0
0
0
0
0
0
0
0
0
0
0
0
0
0
0
0
0
0
0
0
0
0
0
0
0
0
0
0
0
0
0
0
0
0
0
0
0
0
0
0
0
0
0
0
0
0
0
0
0
0
0
0
0
0
0
0
0
0
0
0
0
0
1
1
0
0
0
0
0
0
1
1
0
0
0
0
0
0
1
1
0
0
0
0
0
0
4
4
0
0
0
0
0
0
4
4
0
0
0
0
0
0
4
4
0
0
0
0
0
0
7
7
0
0
0
0
0
0
7
7
0
0
0
0
0
0
10
10
0
0
0
0
0
0
10
10
0
0
0
0
0
0
10
10
0
0
0
0
0
0
14
13
0
0
0
0
0
0
13
13
0
0
0
0
0
0
13
13
0
0
0
0
0
0
13
13
0
0
0
0
0
0
16
16
0
0
0
0
0
0
16
16
0
0
0
0
0
0
16
16
0
0
0
0
0
0
16
16
0
0
0
0
0
0
16
16
0
0
0
0
0
0
16
16
0
0
0
0
0
0
13
13
0
0
0
0
0
0
13
13
0
0
0
0
0
0
13
13
0
0
0
0
0
0
10
10
0
0
0
0
0
0
10
10
0
0
0
0
0
0
7
7
0
0
0
0
0
0
4
4
0
0
0
0
0
0
1
1
0
0
0
0
0
0
0
4095
0
0
0
0
0
0
4092
4092
0
0
0
0
0
0
4089
4088
0
0
0
0
0
0
4083
4083
0
0
0
0
0
0
4080
4079
0
0
0
0
0
0
4074
4074
0
0
0
0
0
0
4068
4069
0
0
0
0
0
0
4062
4062
0
0
0
0
0
0
4056
4056
0
0
0
0
0
0
4050
4049
0
0
0
0
0
0
4042
4043
0
0
0
0
0
0
4035
4035
0
0
0
0
0
0
4028
4028
0
0
0
0
0
0
4019
4019
0
0
0
0
0
0
4010
4011
0
0
0
0
0
0
4000
4002
0
0
0
0
0
0
3992
3992
0
0
0
0
0
0
3983
3983
0
0
0
0
0
0
3972
3973
0
0
0
0
0
0
3962
3964
0
0
0
0
0
0
3951
3954
0
0
0
0
0
0
3942
3942
0
0
0
0
0
0
3930
3932
0
0
0
0
0
0
3919
3921
0
0
0
0
0
0
3909
3910
0
0
0
0
0
0
3896
3899
0
0
0
0
0
0
3886
3888
0
0
0
0
0
0
3873
3876
0
0
0
0
0
0
3863
3865
0
0
0
0
0
0
3851
3855
0
0
0
0
0
0
3838
3844
0
0
0
0
0
0
3829
3833
0
0
0
0
0
0
3818
3822
0
0
0
0
0
0
3807
3812
0
0
0
0
0
0
3796
3801
0
0
0
0
0
0
3786
3790
0
0
0
0
0
0
3775
3781
0
0
0
0
0
0
3767
3772
0
0
0
0
0
0
3758
3763
0
0
0
0
0
0
3748
3755
0
0
0
0
0
0
3740
3747
0
0
0
0
0
0
3732
3739
0
0
0
0
0
0
3725
3733
0
0
0
0
0
0
3719
3727
0
0
0
0
0
0
3713
3721
0
0
0
0
0
0
3709
3715
0
0
0
0
0
0
3706
3713
0
0
0
0
0
0
3703
3711
0
0
0
0
0
0
3700
3707
0
0
0
0
0
0
3699
3708
0
0
0
0
0
0
3699
3708
0
0
0
0
0
0
3699
3708
0
0
0
0
0
0
3699
3709
0
0
0
0
0
0
3702
3711
0
0
0
0
0
0
3706
3716
0
0
0
0
0
0
3710
3719
0
0
0
0
0
0
3717
3727
0
0
0
0
0
0
3725
3733
0
0
0
0
0
0
3734
3742
0
0
0
0
0
0
3743
3751
0
0
0
0
0
0
3755
3762
0
0
0
0
0
0
3766
3775
0
0
0
0
0
0
3780
3789
0
0
0
0
0
0
3795
3804
0
0
0
0
0
0
3811
3818
0
0
0
0
0
0
3828
3836
0
0
0
0
0
0
3847
3855
0
0
0
0
0
0
3867
3876
0
0
0
0
0
0
3889
3897
0
0
0
0
0
0
3912
3919
0
0
0
0
0
0
3935
3941
0
0
0
0
0
0
3961
3967
0
0
0
0
0
0
3987
3994
0
0
0
0
0
0
4015
4020
0
0
0
0
0
0
4043
4048
0
0
0
0
0
0
4073
4077
0
0
0
0
0
0
7
13
0
0
0
0
0
0
39
44
0
0
0
0
0
0
72
76
0
0
0
0
0
0
106
108
0
0
0
0
0
0
142
143
0
0
0
0
0
0
176
178
0
0
0
0
0
0
213
214
0
0
0
0
0
0
251
249
0
0
0
0
0
0
288
288
0
0
0
0
0
0
326
324
0
0
0
0
0
0
366
363
0
0
0
0
0
0
405
403
0
0
0
0
0
0
445
439
0
0
0
0
0
0
484
480
0
0
0
0
0
0
524
520
0
0
0
0
0
0
563
558
0
0
0
0
0
0
604
598
0
0
0
0
0
0
645
636
0
0
0
0
0
0
683
675
0
0
0
0
0
0
724
714
0
0
0
0
0
0
763
752
0
0
0
0
0
0
801
791
0
0
0
0
0
0
837
827
0
0
0
0
0
0
877
864
0
0
0
0
0
0
913
899
0
0
0
0
0
0
949
934
0
0
0
0
0
0
984
969
0
0
0
0
0
0
1018
1001
0
0
0
0
0
0
1050
1033
0
0
0
0
0
0
1080
1064
0
0
0
0
0
0
1111
1091
0
0
0
0
0
0
1138
1118
0
0
0
0
0
0
1165
1143
0
0
0
0
0
0
1189
1168
0
0
0
0
0
0
1213
1192
0
0
0
0
0
0
1235
1213
0
0
0
0
0
0
1253
1230
0
0
0
0
0
0
1270
1246
0
0
0
0
0
0
1285
1262
0
0
0
0
0
0
1298
1273
0
0
0
0
0
0
1310
1283
0
0
0
0
0
0
1317
1290
0
0
0
0
0
0
1323
1296
0
0
0
0
0
0
1326
1299
0
0
0
0
0
0
1326
1299
0
0
0
0
0
0
1323
1295
0
0
0
0
0
0
1319
1291
0
0
0
0
0
0
1312
1282
0
0
0
0
0
0
1301
1272
0
0
0
0
0
0
1288
1260
0
0
0
0
0
0
1271
1242
0
0
0
0
0
0
1252
1223
0
0
0
0
0
0
1230
1201
0
0
0
0
0
0
1206
1177
0
0
0
0
0
0
1178
1149
0
0
0
0
0
0
1148
1119
0
0
0
0
0
0
1113
1085
0
0
0
0
0
0
1077
1050
0
0
0
0
0
0
1038
1010
0
0
0
0
0
0
994
967
0
0
0
0
0
0
950
923
0
0
0
0
0
0
901
875
0
0
0
0
0
0
850
826
0
0
0
0
0
0
797
772
0
0
0
0
0
0
740
717
0
0
0
0
0
0
682
659
0
0
0
0
0
0
619
598
0
0
0
0
0
0
557
536
0
0
0
0
0
0
490
470
0
0
0
0
0
0
421
403
0
0
0
0
0
0
352
334
0
0
0
0
0
0
280
263
0
0
0
0
0
0
203
189
0
0
0
0
0
0
128
114
0
0
0
0
0
0
48
36
0
0
0
0
0
0
4064
4054
0
0
0
0
0
0
3985
3975
0
0
0
0
0
0
3902
3893
0
0
0
0
0
0
3817
3811
0
0
0
0
0
0
3733
3728
0
0
0
0
0
0
3646
3644
0
0
0
0
0
0
3561
3560
0
0
0
0
0
0
3473
3474
0
0
0
0
0
0
3385
3390
0
0
0
0
0
0
3300
3303
0
0
0
0
0
0
3211
3217
0
0
0
0
0
0
3125
3132
0
0
0
0
0
0
3037
3047
0
0
0
0
0
0
2950
2961
0
0
0
0
0
0
2864
2878
0
0
0
0
0
0
2779
2793
0
0
0
0
0
0
2696
2713
0
0
0
0
0
0
2612
2631
0
0
0
0
0
0
2531
2551
0
0
0
0
0
0
2449
2473
0
0
0
0
0
0
2373
2396
0
0
0
0
0
0
2296
2322
0
0
0
0
0
0
2223
2251
0
0
0
0
0
0
2150
2181
0
0
0
0
0
0
2081
2115
0
0
0
0
0
0
2015
2049
0
0
0
0
0
0
1952
1986
0
0
0
0
0
0
1890
1927
0
0
0
0
0
0
1832
1871
0
0
0
0
0
0
1779
1818
0
0
0
0
0
0
1729
1771
0
0
0
0
0
0
1680
1723
0
0
0
0
0
0
1639
1683
0
0
0
0
0
0
1599
1644
0
0
0
0
0
0
1564
1611
0
0
0
0
0
0
1533
1582
0
0
0
0
0
0
1504
1555
0
0
0
0
0
0
1484
1536
0
0
0
0
0
0
1466
1518
0
0
0
0
0
0
1454
1506
0
0
0
0
0
0
1444
1498
0
0
0
0
0
0
1441
1496
0
0
0
0
0
0
1444
1499
0
0
0
0
0
0
1450
1505
0
0
0
0
0
0
1460
1516
0
0
0
0
0
0
1476
1532
0
0
0
0
0
0
1499
1554
0
0
0
0
0
0
1525
1583
0
0
0
0
0
0
1558
1614
0
0
0
0
0
0
1595
1651
0
0
0
0
0
0
1636
1693
0
0
0
0
0
0
1683
1740
0
0
0
0
0
0
1736
1792
0
0
0
0
0
0
1795
1850
0
0
0
0
0
0
1856
1912
0
0
0
0
0
0
1923
1978
0
0
0
0
0
0
1996
2051
0
0
0
0
0
0
2072
2126
0
0
0
0
0
0
2155
2207
0
0
0
0
0
0
2242
2293
0
0
0
0
0
0
2333
2382
0
0
0
0
0
0
2430
2477
0
0
0
0
0
0
2529
2575
0
0
0
0
0
0
2632
2677
0
0
0
0
0
0
2741
2784
0
0
0
0
0
0
2851
2894
0
0
0
0
0
0
2969
3008
0
0
0
0
0
0
3087
3126
0
0
0
0
0
0
3209
3245
0
0
0
0
0
0
3334
3368
0
0
0
0
0
0
3463
3494
0
0
0
0
0
0
3594
3623
0
0
0
0
0
0
3727
3754
0
0
0
0
0
0
3864
3888
0
0
0
0
0
0
4001
4022
0
0
0
0
0
0
44
62
0
0
0
0
0
0
185
201
0
0
0
0
0
0
328
342
0
0
0
0
0
0
472
482
0
0
0
0
0
0
616
623
0
0
0
0
0
0
760
765
0
0
0
0
0
0
906
907
0
0
0
0
0
0
1049
1049
0
0
0
0
0
0
1193
1190
0
0
0
0
0
0
1340
1332
0
0
0
0
0
0
1481
1471
0
0
0
0
0
0
1625
1611
0
0
0
0
0
0
1765
1749
0
0
0
0
0
0
1904
1883
0
0
0
0
0
0
2040
2017
0
0
0
0
0
0
2175
2149
0
0
0
0
0
0
2306
2278
0
0
0
0
0
0
2436
2404
0
0
0
0
0
0
2563
2527
0
0
0
0
0
0
2686
2648
0
0
0
0
0
0
2804
2762
0
0
0
0
0
0
2919
2875
0
0
0
0
0
0
3030
2982
0
0
0
0
0
0
3137
3086
0
0
0
0
0
0
1083
1119
0
0
0
0
0
0
1143
1217
0
0
0
0
0
0
1236
1306
0
0
0
0
0
0
1322
1390
0
0
0
0
0
0
1404
1468
0
0
0
0
0
0
1478
1544
0
0
0
0
0
0
1548
1609
0
0
0
0
0
0
1610
1671
0
0
0
0
0
0
1668
1726
0
0
0
0
0
0
1719
1775
0
0
0
0
0
0
1762
1816
0
0
0
0
0
0
1799
1851
0
0
0
0
0
0
1830
1880
0
0
0
0
0
0
1853
1902
0
0
0
0
0
0
1868
1917
0
0
0
0
0
0
1879
1924
0
0
0
0
0
0
1881
1924
0
0
0
0
0
0
1875
1918
0
0
0
0
0
0
1860
1904
0
0
0
0
0
0
1839
1882
0
0
0
0
0
0
1812
1854
0
0
0
0
0
0
1776
1818
0
0
0
0
0
0
1733
1775
0
0
0
0
0
0
1683
1723
0
0
0
0
0
0
1622
1666
0
0
0
0
0
0
1557
1600
0
0
0
0
0
0
1485
1528
0
0
0
0
0
0
1404
1447
0
0
0
0
0
0
1318
1362
0
0
0
0
0
0
1222
1269
0
0
0
0
0
0
1121
1168
0
0
0
0
0
0
1013
1061
0
0
0
0
0
0
3201
3097
0
0
0
0
0
0
2972
2891
0
0
0
0
0
0
2842
2764
0
0
0
0
0
0
2709
2633
0
0
0
0
0
0
2567
2493
0
0
0
0
0
0
2421
2352
0
0
0
0
0
0
2271
2201
0
0
0
0
0
0
2115
2048
0
0
0
0
0
0
1954
1890
0
0
0
0
0
0
1788
1726
0
0
0
0
0
0
1616
1558
0
0
0
0
0
0
1442
1388
0
0
0
0
0
0
1264
1213
0
0
0
0
0
0
1080
1032
0
0
0
0
0
0
895
849
0
0
0
0
0
0
706
665
0
0
0
0
0
0
515
478
0
0
0
0
0
0
321
286
0
0
0
0
0
0
126
95
0
0
0
0
0
0
4024
3999
0
0
0
0
0
0
3825
3803
0
0
0
0
0
0
3625
3608
0
0
0
0
0
0
3426
3412
0
0
0
0
0
0
3227
3217
0
0
0
0
0
0
3026
3020
0
0
0
0
0
0
2826
2825
0
0
0
0
0
0
2628
2632
0
0
0
0
0
0
2432
2440
0
0
0
0
0
0
2235
2248
0
0
0
0
0
0
2042
2059
0
0
0
0
0
0
1852
1871
0
0
0
0
0
0
1663
1687
0
0
0
0
0
0
1478
1505
0
0
0
0
0
0
1297
1330
0
0
0
0
0
0
1120
1156
0
0
0
0
0
0
945
987
0
0
0
0
0
0
2969
2892
0
0
0
0
0
0
2805
2725
0
0
0
0
0
0
2646
2571
0
0
0
0
0
0
2493
2421
0
0
0
0
0
0
2348
2278
0
0
0
0
0
0
2205
2141
0
0
0
0
0
0
2070
2010
0
0
0
0
0
0
1942
1885
0
0
0
0
0
0
1821
1768
0
0
0
0
0
0
1709
1657
0
0
0
0
0
0
1603
1555
0
0
0
0
0
0
1503
1459
0
0
0
0
0
0
1415
1373
0
0
0
0
0
0
1332
1296
0
0
0
0
0
0
1259
1223
0
0
0
0
0
0
1193
1160
0
0
0
0
0
0
1138
1106
0
0
0
0
0
0
1089
1062
0
0
0
0
0
0
1052
1026
0
0
0
0
0
0
1023
998
0
0
0
0
0
0
1004
980
0
0
0
0
0
0
993
971
0
0
0
0
0
0
991
971
0
0
0
0
0
0
999
980
0
0
0
0
0
0
1015
997
0
0
0
0
0
0
1044
1028
0
0
0
0
0
0
1083
1065
0
0
0
0
0
0
1129
1113
0
0
0
0
0
0
1182
1166
0
0
0
0
0
0
1247
1230
0
0
0
0
0
0
1322
1306
0
0
0
0
0
0
1406
1390
0
0
0
0
0
0
1500
1482
0
0
0
0
0
0
1602
1584
0
0
0
0
0
0
1714
1695
0
0
0
0
0
0
1831
1809
0
0
0
0
0
0
1958
1936
0
0
0
0
0
0
2094
2070
0
0
0
0
0
0
2239
2215
0
0
0
0
0
0
2391
2363
0
0
0
0
0
0
2551
2521
0
0
0
0
0
0
2718
2686
0
0
0
0
0
0
2893
2858
0
0
0
0
0
0
3074
3036
0
0
0
0
0
0
1284
1079
0
0
0
0
0
0
1261
1345
0
0
0
0
0
0
1460
1543
0
0
0
0
0
0
1666
1744
0
0
0
0
0
0
1875
1951
0
0
0
0
0
0
2091
2162
0
0
0
0
0
0
2308
2376
0
0
0
0
0
0
2532
2596
0
0
0
0
0
0
2758
2818
0
0
0
0
0
0
2990
3046
0
0
0
0
0
0
3222
3273
0
0
0
0
0
0
3457
3503
0
0
0
0
0
0
3695
3736
0
0
0
0
0
0
3934
3972
0
0
0
0
0
0
78
110
0
0
0
0
0
0
319
345
0
0
0
0
0
0
560
582
0
0
0
0
0
0
801
819
0
0
0
0
0
0
1040
1053
0
0
0
0
0
0
1281
1287
0
0
0
0
0
0
1518
1520
0
0
0
0
0
0
1753
1750
0
0
0
0
0
0
1986
1978
0
0
0
0
0
0
2216
2204
0
0
0
0
0
0
2446
2427
0
0
0
0
0
0
2669
2646
0
0
0
0
0
0
2889
2858
0
0
0
0
0
0
3105
3070
0
0
0
0
0
0
1174
1213
0
0
0
0
0
0
1327
1411
0
0
0
0
0
0
1525
1607
0
0
0
0
0
0
1720
1796
0
0
0
0
0
0
1905
1975
0
0
0
0
0
0
2086
2152
0
0
0
0
0
0
2260
2321
0
0
0
0
0
0
2425
2483
0
0
0
0
0
0
2582
2636
0
0
0
0
0
0
2732
2781
0
0
0
0
0
0
2873
2918
0
0
0
0
0
0
3004
3045
0
0
0
0
0
0
3129
3165
0
0
0
0
0
0
3243
3276
0
0
0
0
0
0
3350
3378
0
0
0
0
0
0
3443
3470
0
0
0
0
0
0
3530
3552
0
0
0
0
0
0
3605
3625
0
0
0
0
0
0
3669
3688
0
0
0
0
0
0
3727
3741
0
0
0
0
0
0
3770
3783
0
0
0
0
0
0
3803
3814
0
0
0
0
0
0
3829
3837
0
0
0
0
0
0
3840
3847
0
0
0
0
0
0
3843
3849
0
0
0
0
0
0
3834
3839
0
0
0
0
0
0
3817
3819
0
0
0
0
0
0
3787
3788
0
0
0
0
0
0
3747
3748
0
0
0
0
0
0
3695
3695
0
0
0
0
0
0
3634
3634
0
0
0
0
0
0
3562
3562
0
0
0
0
0
0
3478
3479
0
0
0
0
0
0
3385
3385
0
0
0
0
0
0
3284
3284
0
0
0
0
0
0
3169
3171
0
0
0
0
0
0
3048
3051
0
0
0
0
0
0
2914
2920
0
0
0
0
0
0
2774
2781
0
0
0
0
0
0
2624
2634
0
0
0
0
0
0
2467
2477
0
0
0
0
0
0
2297
2311
0
0
0
0
0
0
2122
2137
0
0
0
0
0
0
1939
1956
0
0
0
0
0
0
1746
1768
0
0
0
0
0
0
1550
1574
0
0
0
0
0
0
1343
1369
0
0
0
0
0
0
1131
1163
0
0
0
0
0
0
914
2057
0
0
0
0
0
0
2888
2789
0
0
0
0
0
0
2654
2566
0
0
0
0
0
0
2422
2338
0
0
0
0
0
0
2180
2100
0
0
0
0
0
0
1940
1866
0
0
0
0
0
0
1693
1624
0
0
0
0
0
0
1444
1380
0
0
0
0
0
0
1192
1130
0
0
0
0
0
0
939
885
0
0
0
0
0
0
682
631
0
0
0
0
0
0
424
379
0
0
0
0
0
0
165
124
0
0
0
0
0
0
4004
3970
0
0
0
0
0
0
3745
3718
0
0
0
0
0
0
3486
3463
0
0
0
0
0
0
3230
3209
0
0
0
0
0
0
2973
2961
0
0
0
0
0
0
2719
2711
0
0
0
0
0
0
2467
2465
0
0
0
0
0
0
2219
2223
0
0
0
0
0
0
1974
1984
0
0
0
0
0
0
1733
1747
0
0
0
0
0
0
1494
1515
0
0
0
0
0
0
1261
1287
0
0
0
0
0
0
1034
1065
0
0
0
0
0
0
2784
2986
0
0
0
0
0
0
2787
2701
0
0
0
0
0
0
2575
2493
0
0
0
0
0
0
2372
2294
0
0
0
0
0
0
2174
2101
0
0
0
0
0
0
1985
1917
0
0
0
0
0
0
1801
1739
0
0
0
0
0
0
1625
1569
0
0
0
0
0
0
1462
1409
0
0
0
0
0
0
1305
1256
0
0
0
0
0
0
1159
1115
0
0
0
0
0
0
1018
977
0
0
0
0
0
0
888
853
0
0
0
0
0
0
768
736
0
0
0
0
0
0
659
631
0
0
0
0
0
0
556
532
0
0
0
0
0
0
468
445
0
0
0
0
0
0
389
370
0
0
0
0
0
0
321
306
0
0
0
0
0
0
261
248
0
0
0
0
0
0
213
202
0
0
0
0
0
0
176
168
0
0
0
0
0
0
152
146
0
0
0
0
0
0
135
131
0
0
0
0
0
0
133
130
0
0
0
0
0
0
139
137
0
0
0
0
0
0
157
157
0
0
0
0
0
0
184
186
0
0
0
0
0
0
223
225
0
0
0
0
0
0
272
275
0
0
0
0
0
0
333
337
0
0
0
0
0
0
406
408
0
0
0
0
0
0
487
489
0
0
0
0
0
0
579
579
0
0
0
0
0
0
681
681
0
0
0
0
0
0
793
792
0
0
0
0
0
0
914
914
0
0
0
0
0
0
1043
1040
0
0
0
0
0
0
1183
1179
0
0
0
0
0
0
1330
1326
0
0
0
0
0
0
1487
1478
0
0
0
0
0
0
1650
1641
0
0
0
0
0
0
1827
1815
0
0
0
0
0
0
2008
1993
0
0
0
0
0
0
2195
2176
0
0
0
0
0
0
2391
2369
0
0
0
0
0
0
2590
2565
0
0
0
0
0
0
2798
2771
0
0
0
0
0
0
3011
2979
0
0
0
0
0
0
929
1047
0
0
0
0
0
0
1260
1352
0
0
0
0
0
0
1490
1577
0
0
0
0
0
0
1722
1804
0
0
0
0
0
0
1958
2036
0
0
0
0
0
0
2196
2269
0
0
0
0
0
0
2439
2507
0
0
0
0
0
0
2684
2748
0
0
0
0
0
0
2930
2990
0
0
0
0
0
0
3179
3233
0
0
0
0
0
0
3427
3477
0
0
0
0
0
0
3678
3723
0
0
0
0
0
0
3927
3967
0
0
0
0
0
0
82
115
0
0
0
0
0
0
329
357
0
0
0
0
0
0
578
601
0
0
0
0
0
0
823
841
0
0
0
0
0
0
1067
1078
0
0
0
0
0
0
1308
1315
0
0
0
0
0
0
1548
1548
0
0
0
0
0
0
1781
1776
0
0
0
0
0
0
2011
2003
0
0
0
0
0
0
2238
2224
0
0
0
0
0
0
2461
2439
0
0
0
0
0
0
2677
2653
0
0
0
0
0
0
2889
2858
0
0
0
0
0
0
3096
3060
0
0
0
0
0
0
1154
1193
0
0
0
0
0
0
1297
1380
0
0
0
0
0
0
1482
1563
0
0
0
0
0
0
1661
1736
0
0
0
0
0
0
1833
1904
0
0
0
0
0
0
1997
2061
0
0
0
0
0
0
2155
2215
0
0
0
0
0
0
2302
2359
0
0
0
0
0
0
2441
2494
0
0
0
0
0
0
2571
2621
0
0
0
0
0
0
2693
2739
0
0
0
0
0
0
2806
2849
0
0
0
0
0
0
2910
2949
0
0
0
0
0
0
3003
3040
0
0
0
0
0
0
3089
3121
0
0
0
0
0
0
3163
3192
0
0
0
0
0
0
3228
3254
0
0
0
0
0
0
3283
3307
0
0
0
0
0
0
3328
3350
0
0
0
0
0
0
3364
3383
0
0
0
0
0
0
3387
3405
0
0
0
0
0
0
3403
3418
0
0
0
0
0
0
3410
3423
0
0
0
0
0
0
3403
3415
0
0
0
0
0
0
3389
3400
0
0
0
0
0
0
3364
3374
0
0
0
0
0
0
3330
3340
0
0
0
0
0
0
3287
3296
0
0
0
0
0
0
3231
3241
0
0
0
0
0
0
3167
3176
0
0
0
0
0
0
3095
3105
0
0
0
0
0
0
3015
3026
0
0
0
0
0
0
2925
2937
0
0
0
0
0
0
2826
2838
0
0
0
0
0
0
2717
2730
0
0
0
0
0
0
2601
2614
0
0
0
0
0
0
2477
2493
0
0
0
0
0
0
2345
2361
0
0
0
0
0
0
2208
2227
0
0
0
0
0
0
2060
2083
0
0
0
0
0
0
1910
1932
0
0
0
0
0
0
1749
1773
0
0
0
0
0
0
1583
1610
0
0
0
0
0
0
1411
1442
0
0
0
0
0
0
1233
1267
0
0
0
0
0
0
1050
1088
0
0
0
0
0
0
3165
3051
0
0
0
0
0
0
2865
2779
0
0
0
0
0
0
2668
2585
0
0
0
0
0
0
2469
2388
0
0
0
0
0
0
2266
2190
0
0
0
0
0
0
2061
1988
0
0
0
0
0
0
1850
1783
0
0
0
0
0
0
1641
1577
0
0
0
0
0
0
1428
1368
0
0
0
0
0
0
1213
1159
0
0
0
0
0
0
999
948
0
0
0
0
0
0
783
738
0
0
0
0
0
0
568
526
0
0
0
0
0
0
352
314
0
0
0
0
0
0
135
103
0
0
0
0
0
0
4018
3990
0
0
0
0
0
0
3807
3784
0
0
0
0
0
0
3594
3575
0
0
0
0
0
0
3387
3373
0
0
0
0
0
0
3180
3171
0
0
0
0
0
0
2977
2973
0
0
0
0
0
0
2777
2776
0
0
0
0
0
0
2580
2584
0
0
0
0
0
0
2387
2397
0
0
0
0
0
0
2200
2212
0
0
0
0
0
0
2016
2034
0
0
0
0
0
0
1837
1858
0
0
0
0
0
0
1662
1689
0
0
0
0
0
0
1493
1525
0
0
0
0
0
0
1330
1367
0
0
0
0
0
0
1174
1213
0
0
0
0
0
0
1023
1066
0
0
0
0
0
0
3030
2901
0
0
0
0
0
0
2934
2856
0
0
0
0
0
0
2805
2729
0
0
0
0
0
0
2681
2610
0
0
0
0
0
0
2565
2495
0
0
0
0
0
0
2456
2391
0
0
0
0
0
0
2355
2292
0
0
0
0
0
0
2262
2203
0
0
0
0
0
0
2176
2121
0
0
0
0
0
0
2100
2044
0
0
0
0
0
0
2030
1978
0
0
0
0
0
0
1967
1918
0
0
0
0
0
0
1914
1868
0
0
0
0
0
0
1869
1824
0
0
0
0
0
0
1832
1790
0
0
0
0
0
0
1804
1763
0
0
0
0
0
0
1784
1744
0
0
0
0
0
0
1772
1733
0
0
0
0
0
0
1768
1732
0
0
0
0
0
0
1770
1735
0
0
0
0
0
0
1784
1750
0
0
0
0
0
0
1804
1771
0
0
0
0
0
0
1831
1799
0
0
0
0
0
0
1868
1833
0
0
0
0
0
0
1910
1877
0
0
0
0
0
0
1960
1928
0
0
0
0
0
0
2018
1985
0
0
0
0
0
0
2084
2051
0
0
0
0
0
0
2156
2123
0
0
0
0
0
0
2235
2201
0
0
0
0
0
0
2321
2287
0
0
0
0
0
0
2414
2377
0
0
0
0
0
0
2511
2474
0
0
0
0
0
0
2614
2577
0
0
0
0
0
0
2726
2686
0
0
0
0
0
0
2841
2799
0
0
0
0
0
0
2962
2918
0
0
0
0
0
0
3087
3042
0
0
0
0
0
0
1068
1196
0
0
0
0
0
0
1161
1239
0
0
0
0
0
0
1297
1374
0
0
0
0
0
0
1442
1517
0
0
0
0
0
0
1587
1659
0
0
0
0
0
0
1736
1806
0
0
0
0
0
0
1888
1956
0
0
0
0
0
0
2043
2109
0
0
0
0
0
0
2199
2260
0
0
0
0
0
0
2358
2416
0
0
0
0
0
0
2518
2573
0
0
0
0
0
0
2683
2734
0
0
0
0
0
0
2844
2892
0
0
0
0
0
0
3007
3053
0
0
0
0
0
0
3173
3214
0
0
0
0
0
0
3336
3375
0
0
0
0
0
0
3499
3534
0
0
0
0
0
0
3662
3693
0
0
0
0
0
0
3825
3855
0
0
0
0
0
0
3987
4013
0
0
0
0
0
0
50
71
0
0
0
0
0
0
210
226
0
0
0
0
0
0
367
380
0
0
0
0
0
0
520
531
0
0
0
0
0
0
672
679
0
0
0
0
0
0
822
825
0
0
0
0
0
0
967
967
0
0
0
0
0
0
1110
1107
0
0
0
0
0
0
1248
1241
0
0
0
0
0
0
1384
1376
0
0
0
0
0
0
1515
1502
0
0
0
0
0
0
1643
1626
0
0
0
0
0
0
1765
1747
0
0
0
0
0
0
1886
1863
0
0
0
0
0
0
1998
1972
0
0
0
0
0
0
2109
2080
0
0
0
0
0
0
2212
2180
0
0
0
0
0
0
2312
2278
0
0
0
0
0
0
2405
2367
0
0
0
0
0
0
2493
2453
0
0
0
0
0
0
2576
2534
0
0
0
0
0
0
2653
2609
0
0
0
0
0
0
2724
2677
0
0
0
0
0
0
2789
2740
0
0
0
0
0
0
2850
2798
0
0
0
0
0
0
2906
2852
0
0
0
0
0
0
2950
2897
0
0
0
0
0
0
2994
2938
0
0
0
0
0
0
3030
2974
0
0
0
0
0
0
3061
3003
0
0
0
0
0
0
3084
3025
0
0
0
0
0
0
3103
3042
0
0
0
0
0
0
3115
3054
0
0
0
0
0
0
3124
3060
0
0
0
0
0
0
3124
3060
0
0
0
0
0
0
3118
3053
0
0
0
0
0
0
3109
3043
0
0
0
0
0
0
3092
3025
0
0
0
0
0
0
3071
3004
0
0
0
0
0
0
3045
2978
0
0
0
0
0
0
3013
2946
0
0
0
0
0
0
2976
2910
0
0
0
0
0
0
2935
2868
0
0
0
0
0
0
2888
2821
0
0
0
0
0
0
2835
2770
0
0
0
0
0
0
2781
2715
0
0
0
0
0
0
2721
2656
0
0
0
0
0
0
2655
2591
0
0
0
0
0
0
2587
2525
0
0
0
0
0
0
2514
2451
0
0
0
0
0
0
2437
2377
0
0
0
0
0
0
2360
2299
0
0
0
0
0
0
2277
2217
0
0
0
0
0
0
2191
2134
0
0
0
0
0
0
2103
2047
0
0
0
0
0
0
2012
1957
0
0
0
0
0
0
1919
1865
0
0
0
0
0
0
1822
1771
0
0
0
0
0
0
1725
1676
0
0
0
0
0
0
1625
1577
0
0
0
0
0
0
1522
1477
0
0
0
0
0
0
1422
1378
0
0
0
0
0
0
1317
1275
0
0
0
0
0
0
1213
1173
0
0
0
0
0
0
1107
1069
0
0
0
0
0
0
1003
966
0
0
0
0
0
0
896
863
0
0
0
0
0
0
790
759
0
0
0
0
0
0
684
656
0
0
0
0
0
0
578
552
0
0
0
0
0
0
473
448
0
0
0
0
0
0
369
346
0
0
0
0
0
0
265
246
0
0
0
0
0
0
162
145
0
0
0
0
0
0
63
47
0
0
0
0
0
0
4059
4046
0
0
0
0
0
0
3962
3951
0
0
0
0
0
0
3865
3856
0
0
0
0
0
0
3772
3765
0
0
0
0
0
0
3678
3674
0
0
0
0
0
0
3588
3587
0
0
0
0
0
0
3501
3501
0
0
0
0
0
0
3417
3419
0
0
0
0
0
0
3334
3339
0
0
0
0
0
0
3256
3262
0
0
0
0
0
0
3178
3187
0
0
0
0
0
0
3106
3116
0
0
0
0
0
0
3035
3048
0
0
0
0
0
0
2967
2982
0
0
0
0
0
0
2905
2920
0
0
0
0
0
0
2843
2860
0
0
0
0
0
0
2785
2805
0
0
0
0
0
0
2733
2754
0
0
0
0
0
0
2681
2704
0
0
0
0
0
0
2636
2661
0
0
0
0
0
0
2593
2617
0
0
0
0
0
0
2554
2580
0
0
0
0
0
0
2517
2544
0
0
0
0
0
0
2485
2515
0
0
0
0
0
0
2457
2487
0
0
0
0
0
0
2430
2462
0
0
0
0
0
0
2409
2441
0
0
0
0
0
0
2392
2424
0
0
0
0
0
0
2378
2411
0
0
0
0
0
0
2367
2401
0
0
0
0
0
0
2359
2395
0
0
0
0
0
0
2356
2392
0
0
0
0
0
0
2356
2392
0
0
0
0
0
0
2359
2395
0
0
0
0
0
0
2365
2401
0
0
0
0
0
0
2374
2411
0
0
0
0
0
0
2387
2423
0
0
0
0
0
0
2402
2440
0
0
0
0
0
0
2420
2457
0
0
0
0
0
0
2441
2478
0
0
0
0
0
0
2464
2501
0
0
0
0
0
0
2492
2528
0
0
0
0
0
0
2520
2558
0
0
0
0
0
0
2552
2588
0
0
0
0
0
0
2586
2623
0
0
0
0
0
0
2621
2658
0
0
0
0
0
0
2660
2695
0
0
0
0
0
0
2701
2734
0
0
0
0
0
0
2741
2776
0
0
0
0
0
0
2785
2818
0
0
0
0
0
0
2830
2862
0
0
0
0
0
0
2878
2909
0
0
0
0
0
0
2924
2954
0
0
0
0
0
0
2973
3003
0
0
0
0
0
0
3024
3052
0
0
0
0
0
0
3074
3102
0
0
0
0
0
0
3126
3152
0
0
0
0
0
0
3178
3205
0
0
0
0
0
0
3231
3256
0
0
0
0
0
0
3285
3310
0
0
0
0
0
0
3340
3363
0
0
0
0
0
0
3392
3415
0
0
0
0
0
0
3447
3468
0
0
0
0
0
0
3501
3521
0
0
0
0
0
0
3555
3573
0
0
0
0
0
0
3609
3625
0
0
0
0
0
0
3663
3679
0
0
0
0
0
0
3714
3730
0
0
0
0
0
0
3767
3781
0
0
0
0
0
0
3818
3830
0
0
0
0
0
0
3870
3881
0
0
0
0
0
0
3919
3929
0
0
0
0
0
0
3970
3979
0
0
0
0
0
0
4016
4023
0
0
0
0
0
0
4063
4071
0
0
0
0
0
0
12
19
0
0
0
0
0
0
57
61
0
0
0
0
0
0
100
104
0
0
0
0
0
0
142
144
0
0
0
0
0
0
181
182
0
0
0
0
0
0
221
222
0
0
0
0
0
0
258
255
0
0
0
0
0
0
293
292
0
0
0
0
0
0
326
324
0
0
0
0
0
0
358
355
0
0
0
0
0
0
390
386
0
0
0
0
0
0
418
413
0
0
0
0
0
0
445
440
0
0
0
0
0
0
470
464
0
0
0
0
0
0
493
486
0
0
0
0
0
0
517
507
0
0
0
0
0
0
536
529
0
0
0
0
0
0
554
547
0
0
0
0
0
0
572
561
0
0
0
0
0
0
586
575
0
0
0
0
0
0
599
589
0
0
0
0
0
0
612
600
0
0
0
0
0
0
620
608
0
0
0
0
0
0
629
616
0
0
0
0
0
0
635
623
0
0
0
0
0
0
640
626
0
0
0
0
0
0
643
630
0
0
0
0
0
0
646
633
0
0
0
0
0
0
646
633
0
0
0
0
0
0
643
630
0
0
0
0
0
0
641
627
0
0
0
0
0
0
637
623
0
0
0
0
0
0
632
618
0
0
0
0
0
0
626
612
0
0
0
0
0
0
617
604
0
0
0
0
0
0
609
595
0
0
0
0
0
0
600
587
0
0
0
0
0
0
588
575
0
0
0
0
0
0
577
564
0
0
0
0
0
0
565
551
0
0
0
0
0
0
551
538
0
0
0
0
0
0
536
523
0
0
0
0
0
0
521
510
0
0
0
0
0
0
507
493
0
0
0
0
0
0
489
478
0
0
0
0
0
0
475
462
0
0
0
0
0
0
456
444
0
0
0
0
0
0
439
427
0
0
0
0
0
0
422
411
0
0
0
0
0
0
404
393
0
0
0
0
0
0
386
376
0
0
0
0
0
0
365
356
0
0
0
0
0
0
348
339
0
0
0
0
0
0
329
319
0
0
0
0
0
0
310
301
0
0
0
0
0
0
292
283
0
0
0
0
0
0
275
266
0
0
0
0
0
0
257
248
0
0
0
0
0
0
237
229
0
0
0
0
0
0
220
212
0
0
0
0
0
0
201
195
0
0
0
0
0
0
184
178
0
0
0
0
0
0
167
162
0
0
0
0
0
0
152
146
0
0
0
0
0
0
135
131
0
0
0
0
0
0
120
115
0
0
0
0
0
0
105
100
0
0
0
0
0
0
91
86
0
0
0
0
0
0
76
71
0
0
0
0
0
0
63
59
0
0
0
0
0
0
50
47
0
0
0
0
0
0
38
35
0
0
0
0
0
0
26
24
0
0
0
0
0
0
14
13
0
0
0
0
0
0
4
3
0
0
0
0
0
0
4089
4088
0
0
0
0
0
0
4080
4079
0
0
0
0
0
0
4071
4071
0
0
0
0
0
0
4064
4062
0
0
0
0
0
0
4057
4057
0
0
0
0
0
0
4050
4049
0
0
0
0
0
0
4043
4044
0
0
0
0
0
0
4038
4038
0
0
0
0
0
0
4033
4032
0
0
0
0
0
0
4028
4029
0
0
0
0
0
0
4025
4026
0
0
0
0
0
0
4022
4022
0
0
0
0
0
0
4019
4020
0
0
0
0
0
0
4016
4017
0
0
0
0
0
0
4012
4014
0
0
0
0
0
0
4013
4014
0
0
0
0
0
0
4013
4014
0
0
0
0
0
0
4010
4011
0
0
0
0
0
0
4010
4011
0
0
0
0
0
0
4012
4014
0
0
0
0
0
0
4013
4014
0
0
0
0
0
0
4013
4014
0
0
0
0
0
0
4016
4018
0
0
0
0
0
0
4016
4017
0
0
0
0
0
0
4018
4020
0
0
0
0
0
0
4020
4023
0
0
0
0
0
0
4022
4023
0
0
0
0
0
0
4025
4026
0
0
0
0
0
0
4028
4029
0
0
0
0
0
0
4031
4032
0
0
0
0
0
0
4034
4035
0
0
0
0
0
0
4038
4038
0
0
0
0
0
0
4041
4041
0
0
0
0
0
0
4044
4044
0
0
0
0
0
0
4047
4047
0
0
0
0
0
0
4050
4050
0
0
0
0
0
0
4053
4053
0
0
0
0
0
0
4055
4056
0
0
0
0
0
0
4058
4059
0
0
0
0
0
0
4062
4062
0
0
0
0
0
0
4065
4065
0
0
0
0
0
0
4068
4069
0
0
0
0
0
0
4069
4071
0
0
0
0
0
0
4071
4072
0
0
0
0
0
0
4074
4074
0
0
0
0
0
0
4077
4077
0
0
0
0
0
0
4080
4080
0
0
0
0
0
0
4080
4080
0
0
0
0
0
0
4083
4083
0
0
0
0
0
0
4083
4084
0
0
0
0
0
0
4086
4086
0
0
0
0
0
0
4086
4087
0
0
0
0
0
0
4089
4089
0
0
0
0
0
0
4089
4089
0
0
0
0
0
0
4090
4092
0
0
0
0
0
0
4092
4092
0
0
0
0
0
0
4092
4092
0
0
0
0
0
0
4092
4092
0
0
0
0
0
0
4092
4092
0
0
0
0
0
0
4092
4092
0
0
0
0
0
0
4092
4092
0
0
0
0
0
0
4092
4092
0
0
0
0
0
0
4093
4095
0
0
0
0
0
0
4095
0
0
0
0
0
0
0
0
0
0
0
0
0
0
0
0
0
0
0
0
0
0
0
0
4095
0
0
0
0
0
0
0
0
0
0
0
0
0
0
0
0
0
0
0
0
0
0
0
0
0
0
0
0
0
0
0
0
0
0
0
0
0
0
0
0
0
0
0
0
0
0
0
0
0
0
0
0
0
0
0
0
0
0
0
0
0
0
0
0
0
0
0
0
0
0
0
0
0
0
0
0
0
0
0
0
0
0
0
0
0
0
0
0
0
0
0
0
0
0
0
0
0
0
0
0
0
0
0
0
0
0
0
0
0
0
0
0
0
0
0
0
0
0
0
0
0
0
0
0
0
0
0
0
0
0
0
0
0
0
0
0
0
0
0
0
0
0
0
0
0
0
0
0
0
0
0
0
0
0
0
0
0
0
0
0
0
0
0
0
0
0
0
0
0
0
0
0
0
0
0
0
0
0
0
0
0
0
0
0
0
0
0
0
0
0
0
0
0
0
0
0
0
0
0
0
0
0
0
0
0
0
0
0
0
0
0
0
0
0
0
0
0
0
0
0
0
0
0
0
0
0
0
0
0
0
0
0
0
0
0
0
0
0
0
0
0
0
0
0
0
0
0
0
0
0
0
0
0
0
0
0
0
0
0
0
0
0
0
0
0
0
0
0
0
0
0
0
0
0
0
0
0
0
0
0
0
0
0
0
0
0
0
0
0
0
0
0
0
0
0
0
0
0
0
0
0
0
0
0
0
0
0
0
0
0
0
0
0
0
0
0
0
0
0
0
0
0
0
0
0
0
0
0
0
0
0
0
0
0
0
0
0
0
0
0
0
0
0
0
0
0
0
0
0
0
0
0
0
0
0
0
0
0
0
0
0
0
0
0
0
0
0
0
0
0
0
0
0
0
0
0
0
0
0
0
0
0
0
0
0
0
0
0
0
0
0
0
0
0
0
0
0
0
0
0
0
0
0
0
0
0
0
0
0
0
0
0
0
0
0
0
0
0
0
0
0
0
0
0
0
0
0
0
0
0
0
0
0
0
0
0
0
0
0
0
0
0
0
0
0
0
0
0
0
0
0
0
0
0
0
0
0
0
0
0
0
0
0
0
0
0
0
0
0
0
0
0
0
0
0
0
0
0
0
0
0
0
0
0
0
0
0
0
0
0
0
0
0
0
0
0
0
0
0
0
0
0
0
0
0
0
0
0
0
0
0
0
0
0
0
0
0
0
0
0
0
0
0
0
0
0
0
0
0
0
0
0
0
0
0
0
0
0
0
0
0
0
0
0
0
0
0
0
0
0
0
0
0
0
0
0
0
0
0
0
0
0
0
0
0
0
0
0
0
0
0
0
0
0
0
0
0
0
0
0
0
0
0
0
0
0
0
0
0
0
0
0
0
0
0
0
0
0
0
0
0
0
0
0
0
0
0
0
0
0
0
0
0
0
0
0
0
0
0
0
0
0
0
0
0
0
0
0
0
0
0
0
0
0
0
0
0
0
0
0
0
0
0
0
0
0
0
0
0
0
0
0
0
0
0
0
0
0
0
0
0
0
0
0
0
0
0
0
0
0
0
0
0
0
0
0
0
0
0
0
0
0
0
0
0
0
0
0
0
0
0
0
0
0
0
0
0
0
0
0
0
0
0
0
0
0
0
0
0
0
0
0
0
0
0
0
0
0
0
0
0
0
0
0
0
0
0
0
0
0
0
0
0
0
0
0
0
0
0
0
0
0
0
0
0
0
0
0
0
0
0
0
0
0
0
0
0
0
0
0
0
0
0
0
0
0
0
0
0
0
0
0
0
0
0
0
0
0
0
0
0
0
0
0
0
0
0
0
0
0
0
0
0
0
0
0
0
0
0
0
0
0
0
0
0
0
0
0
0
0
0
0
0
0
0
0
0
0
0
0
0
0
0
0
0
0
0
0
0
0
0
0
0
0
0
0
0
0
0
0
0
0
0
0
0
0
0
0
0
0
0
0
0
0
0
0
0
0
0
0
0
0
0
0
0
0
0
0
0
0
0
0
0
0
0
0
0
0
0
0
0
0
0
0
0
0
0
0
0
0
0
0
0
0
0
0
0
0
0
0
0
0
0
0
0
0
0
0
0
0
0
0
0
0
0
0
0
0
0
0
0
0
0
0
0
0
0
0
0
0
0
0
0
0
0
0
0
0
0
0
0
0
0
0
0
0
0
0
0
0
0
0
0
0
0
0
0
0
0
0
0
0
0
0
0
0
0
0
0
0
0
0
0
0
0
0
0
0
0
0
0
0
0
0
0
0
0
0
0
0
0
0
0
0
0
0
0
0
0
0
0
0
0
0
0
0
0
0
0
0
0
0
0
0
0
0
0
0
0
0
0
0
0
0
0
0
0
0
0
0
0
0
0
0
0
0
0
0
0
0
0
0
0
0
0
0
0
0
0
0
0
0
0
0
0
0
0
0
0
0
0
0
0
0
0
0
0
0
0
0
0
0
0
0
0
0
0
0
0
0
0
0
0
0
0
0
0
0
0
0
0
0
0
0
0
0
0
0
0
0
0
0
0
0
0
0
0
0
0
0
0
0
0
0
0
0
0
0
0
0
0
0
0
0
0
0
0
0
0
0
0
0
0
0
0
0
0
0
0
0
0
0
0
0
0
0
0
0
0
0
0
0
0
0
0
0
0
0
0
0
0
0
0
0
0
0
0
0
0
0
0
0
0
0
0
0
0
0
0
0
0
0
0
0
0
0
0
0
0
0
0
0
0
0
0
0
0
0
0
0
0
0
0
0
0
0
0
0
0
0
0
0
0
0
0
0
0
0
0
0
0
0
0
0
0
0
0
0
0
0
0
0
0
0
0
0
0
0
0
0
0
0
0
0
0
0
0
0
0
0
0
0
0
0
0
0
0
0
0
0
0
0
0
0
0
0
0
0
0
0
0
0
0
0
0
0
0
0
0
0
0
0
0
0
0
0
0
0
0
0
0
0
0
0
0
0
0
0
0
0
0
0
0
0
0
0
0
0
0
0
0
0
0
0
0
0
0
0
0
0
0
0
0
0
0
0
0
0
0
0
0
0
0
0
0
0
0
0
0
0
0
0
0
0
0
0
0
0
0
0
0
0
0
0
0
0
0
0
0
0
0
0
0
0
0
0
0
0
0
0
0
0
0
0
0
0
0
0
0
0
0
0
0
0
0
0
0
0
0
0
0
0
0
0
0
0
0
0
0
0
0
0
0
0
0
0
0
0
0
0
0
0
0
0
0
0
0
0
0
0
0
0
0
0
0
0
0
0
0
0
0
0
0
0
0
0
0
0
0
0
0
0
0
0
0
0
0
0
0
0
0
0
0
0
0
0
0
0
0
0
0
0
0
0
0
0
0
0
0
0
0
0
0
0
0
0
0
0
0
0
0
0
0
0
0
0
0
0
0
0
0
0
0
0
0
0
0
0
0
0
0
0
0
0
0
0
0
0
0
0
0
0
0
0
0
0
0
0
0
0
0
0
0
0
0
0
0
0
0
0
0
0
0
0
0
0
0
0
0
0
0
0
0
0
0
0
0
0
0
0
0
0
0
0
0
0
0
0
0
0
0
0
0
0
0
0
0
0
0
0
0
0
0
0
0
0
0
0
0
0
0
0
0
0
0
0
0
0
0
0
0
0
0
0
0
0
0
0
0
0
0
0
0
0
0
0
0
0
0
0
0
0
0
0
0
0
0
0
0
0
0
0
0
0
0
0
0
0
0
0
0
0
0
0
0
0
0
0
0
0
0
0
0
0
0
0
0
0
0
0
0
0
0
0
0
0
0
0
0
0
0
0
0
0
0
0
0
0
0
0
0
0
0
0
0
0
0
0
0
0
0
0
0
0
0
0
0
0
0
0
0
0
0
0
0
0
0
0
0
0
0
0
0
0
0
0
0
0
0
0
0
0
0
0
0
0
0
0
0
0
0
0
0
0
0
0
0
0
0
0
0
0
0
0
0
0
0
0
0
0
0
0
0
0
0
0
0
0
0
0
0
0
0
0
0
0
0
0
0
0
0
0
0
0
0
0
0
0
0
0
0
0
0
0
0
0
0
0
0
0
0
0
0
0
0
0
0
0
0
0
0
0
0
0
0
0
0
0
0
0
0
0
0
0
0
0
0
0
0
0
0
0
0
0
0
0
0
0
0
0
0
0
0
0
0
0
0
0
0
0
0
0
0
0
0
0
0
0
0
0
0
0
0
0
0
0
0
0
0
0
0
0
0
0
0
0
0
0
0
0
0
0
0
0
0
0
0
0
0
0
0
0
0
0
0
0
0
0
0
0
0
0
0
0
0
0
0
0
0
0
0
0
0
0
0
0
0
0
0
0
0
0
0
0
0
0
0
0
0
0
0
0
0
0
0
0
0
0
0
0
0
0
0
0
0
0
0
0
0
0
0
0
0
0
0
0
0
0
0
0
0
0
0
0
0
0
0
0
0
0
0
0
0
0
0
0
0
0
0
0
0
0
0
0
0
0
0
0
0
0
0
0
0
0
0
0
0
0
0
0
0
0
0
0
0
0
0
0
0
0
0
0
0
0
0
0
0
0
0
0
0
0
0
0
0
0
0
0
0
0
0
0
0
0
0
0
0
0
0
0
0
0
0
0
0
0
0
0
0
0
0
0
0
0
0
0
0
0
0
0
0
0
0
0
0
0
0
0
0
0
0
0
0
0
0
0
0
0
0
0
0
0
0
0
0
0
0
0
0
0
0
0
0
0
0
0
0
0
0
0
0
0
0
0
0
0
0
0
0
0
0
0
0
0
0
0
0
0
0
0
0
0
0
0
0
0
0
0
0
0
0
0
0
0
0
0
0
0
0
0
0
0
0
0
0
0
0
0
0
0
0
0
0
0
0
0
0
0
0
0
0
0
0
0
0
0
0
0
0
0
0
0
0
0
0
0
0
0
0
0
0
0
0
0
0
0
0
0
0
0
0
0
0
0
0
0
0
0
0
0
0
0
0
0
0
0
0
0
0
0
0
0
0
0
0
0
0
0
0
0
0
0
0
0
0
0
0
0
0
0
0
0
0
0
0
0
0
0
0
0
0
0
0
0
0
0
0
0
0
0
0
0
0
0
0
0
0
0
0
0
0
0
0
0
0
0
0
0
0
0
0
0
0
0
0
0
0
0
0
0
0
0
0
0
0
0
0
0
0
0
0
0
0
0
0
0
0
0
0
0
0
0
0
0
0
0
0
0
0
0
0
0
0
0
0
0
0
0
0
0
0
0
0
0
0
0
0
0
0
0
0
0
0
0
0
0
0
0
0
0
0
0
0
0
0
0
0
0
0
0
0
0
0
0
0
0
0
0
0
0
0
0
0
0
0
0
0
0
0
0
0
0
0
0
0
0
0
0
0
0
0
0
0
0
0
0
0
0
0
0
0
0
0
0
0
0
0
0
0
0
0
0
0
0
0
0
0
0
0
0
0
0
0
0
0
0
0
0
0
0
0
0
0
0
0
0
0
0
0
0
0
0
0
0
0
0
0
0
0
0
0
0
0
0
0
0
0
0
0
0
0
0
0
0
0
0
0
0
0
0
0
0
0
0
0
0
0
0
0
0
0
0
0
0
0
0
0
0
0
0
0
0
0
0
0
0
0
0
0
0
0
0
0
0
0
0
0
0
0
0
0
0
0
0
0
0
0
0
0
0
0
0
0
0
0
0
0
0
0
0
0
0
0
0
0
0
0
0
0
0
0
0
0
0
0
0
0
0
0
0
0
0
0
0
0
0
0
0
0
0
0
0
0
0
0
0
0
0
0
0
0
0
0
0
0
0
0
0
0
0
0
0
0
0
0
0
0
0
0
0
0
0
0
0
0
0
0
0
0
0
0
0
0
0
0
0
0
0
0
0
0
0
0
0
0
0
0
0
0
0
0
0
0
0
0
0
0
0
0
0
0
0
0
0
0
0
0
0
0
0
0
0
0
0
0
0
0
0
0
0
0
0
0
0
0
0
0
0
0
0
0
0
0
0
0
0
0
0
0
0
0
0
0
0
0
0
0
0
0
0
0
0
0
0
0
0
0
0
0
0
0
0
0
0
0
0
0
0
0
0
0
0
0
0
0
0
0
0
0
0
0
0
0
0
0
0
0
0
0
0
0
0
0
0
0
0
0
0
0
0
0
0
0
0
0
0
0
0
0
0
0
0
0
0
0
0
0
0
0
0
0
0
0
0
0
0
0
0
0
0
0
0
0
0
0
0
0
0
0
0
0
0
0
0
0
0
0
0
0
0
0
0
0
0
0
0
0
0
0
0
0
0
0
0
0
0
0
0
0
0
0
0
0
0
0
0
0
0
0
0
0
0
0
0
0
0
0
0
0
0
0
0
0
0
0
0
0
0
0
0
0
0
0
0
0
0
0
0
0
0
0
0
0
0
0
0
0
0
0
0
0
0
0
0
0
0
0
0
0
0
0
0
0
0
0
0
0
0
0
0
0
0
0
0
0
0
0
0
0
0
0
0
0
0
0
0
0
0
0
0
0
0
0
0
0
0
0
0
0
0
0
0
0
0
0
0
0
0
0
0
0
0
0
0
0
0
0
0
0
0
0
0
0
0
0
0
0
0
0
0
0
0
0
0
0
0
0
0
0
0
0
0
0
0
0
0
0
0
0
0
0
0
0
0
0
0
0
0
0
0
0
0
0
0
0
0
0
0
0
0
0
0
0
0
0
0
0
0
0
0
0
0
0
0
0
0
0
0
0
0
0
0
0
0
0
0
0
0
0
0
0
0
0
0
0
0
0
0
0
0
0
0
0
0
0
0
0
0
0
0
0
0
0
0
0
0
0
0
0
0
0
0
0
0
0
0
0
0
0
0
0
0
0
0
0
0
0
0
0
0
0
0
0
0
0
0
0
0
0
0
0
0
0
0
0
0
0
0
0
0
0
0
0
0
0
0
0
0
0
0
0
0
0
0
0
0
0
0
0
0
0
0
0
0
0
0
0
0
0
0
0
0
0
0
0
0
0
0
0
0
0
0
0
0
0
0
0
0
0
0
0
0
0
0
0
0
0
0
0
0
0
0
0
0
0
0
0
0
0
0
0
0
0
0
0
0
0
0
0
0
0
0
0
0
0
0
0
0
0
0
0
0
0
0
0
0
0
0
0
0
0
0
0
0
0
0
0
0
0
0
0
0
0
0
0
0
0
0
0
0
0
0
0
0
0
0
0
0
0
0
0
0
0
0
0
0
0
0
0
0
0
0
0
0
0
0
0
0
0
0
0
0
0
0
0
0
0
0
0
0
0
0
0
0
0
0
0
0
0
0
0
0
0
0
0
0
0
0
0
0
0
0
0
0
0
0
0
0
0
0
0
0
0
0
0
0
0
0
0
0
0
0
0
0
0
0
0
0
0
0
0
0
0
0
0
0
0
0
0
0
0
0
0
0
0
0
0
0
0
0
0
0
0
0
0
0
0
0
0
0
0
0
0
0
0
0
0
0
0
0
0
0
0
0
0
0
0
0
0
0
0
0
0
0
0
0
0
0
0
0
0
0
0
0
0
0
0
0
0
0
0
0
0
0
0
0
0
0
0
0
0
0
0
0
0
0
0
0
0
0
0
0
0
0
0
0
0
0
0
0
0
0
0
0
0
0
0
0
0
0
0
0
0
0
0
0
0
0
0
0
0
0
0
0
0
0
0
0
0
0
0
0
0
0
0
0
0
0
0
0
0
0
0
0
0
0
0
0
0
0
0
0
0
0
0
0
0
0
0
0
0
0
0
0
0
0
0
0
0
0
0
0
0
0
0
0
0
0
0
0
0
0
0
0
0
0
0
0
0
0
0
0
0
0
0
0
0
0
0
0
0
0
0
0
0
0
0
0
0
0
0
0
0
0
0
0
0
0
0
0
0
0
0
0
0
0
0
0
0
0
0
0
0
0
0
0
0
0
0
0
0
0
0
0
0
0
0
0
0
0
0
0
0
0
0
0
0
0
0
0
0
0
0
0
0
0
0
0
0
0
0
0
0
0
0
0
0
0
0
0
0
0
0
0
0
0
0
0
0
0
0
0
0
0
0
0
0
0
0
0
0
0
0
0
0
0
0
0
0
0
0
0
0
0
0
0
0
0
0
0
0
0
0
0
0
0
0
0
0
0
0
0
0
0
0
0
0
0
0
0
0
0
0
0
0
0
0
0
0
0
0
0
0
0
0
0
0
0
0
0
0
0
0
0
0
0
0
0
0
0
0
0
0
0
0
0
0
0
0
0
0
0
0
0
0
0
0
0
0
0
0
0
0
0
0
0
0
0
0
0
0
0
0
0
0
0
0
0
0
0
0
0
0
0
0
0
0
0
0
0
0
0
0
0
0
0
0
0
0
0
0
0
0
0
0
0
0
0
0
0
0
0
0
0
0
0
0
0
0
0
0
0
0
0
0
0
0
0
0
0
0
0
0
0
0
0
0
0
0
0
0
0
0
0
0
0
0
0
0
0
0
0
0
0
0
0
0
0
0
0
0
0
0
0
0
0
0
0
0
0
0
0
0
0
0
0
0
0
0
0
0
0
0
0
0
0
0
0
0
0
0
0
0
0
0
0
0
0
0
0
0
0
0
0
0
0
0
0
0
0
0
0
0
0
0
0
0
0
0
0
0
0
0
0
0
0
0
0
0
0
0
0
0
0
0
0
0
0
0
0
0
0
0
0
0
0
0
0
0
0
0
0
0
0
0
0
0
0
0
0
0
0
0
0
0
0
0
0
0
0
0
0
0
0
0
0
0
0
0
0
0
0
0
0
0
0
0
0
0
0
0
0
0
0
0
0
0
0
0
0
0
0
0
0
0
0
0
0
0
0
0
0
0
0
0
0
0
0
0
0
0
0
0
0
0
0
0
0
0
0
0
0
0
0
0
0
0
0
0
0
0
0
0
0
0
0
0
0
0
0
0
0
0
0
0
0
0
0
0
0
0
0
0
0
0
0
0
0
0
0
0
0
0
0
0
0
0
0
0
0
0
0
0
0
0
0
0
0
0
0
0
0
0
0
0
0
0
0
0
0
0
0
0
0
0
0
0
0
0
0
0
0
0
0
0
0
0
0
0
0
0
0
0
0
0
0
0
0
0
0
0
0
0
0
0
0
0
0
0
0
0
0
0
0
0
0
0
0
0
0
0
0
0
0
0
0
0
0
0
0
0
0
0
0
0
0
0
0
0
0
0
0
0
0
0
0
0
0
0
0
0
0
0
0
0
0
0
0
0
0
0
0
0
0
0
0
0
0
0
0
0
0
0
0
0
0
0
0
0
0
0
0
0
0
0
0
0
0
0
0
0
0
0
0
0
0
0
0
0
0
0
0
0
0
0
0
0
0
0
0
0
0
0
0
0
0
0
0
0
0
0
0
0
0
0
0
0
0
0
0
0
0
0
0
0
0
0
0
0
0
0
0
0
0
0
0
0
0
0
0
0
0
0
0
0
0
0
0
0
0
0
0
0
0
0
0
0
0
0
0
0
0
0
0
0
0
0
0
0
0
0
0
0
0
0
0
0
0
0
0
0
0
0
0
0
0
0
0
0
0
0
0
0
0
0
0
0
0
0
0
0
0
0
0
0
0
0
0
0
0
0
0
0
0
0
0
0
0
0
0
0
0
0
0
0
0
0
0
0
0
0
0
0
0
0
0
0
0
0
0
0
0
0
0
0
0
0
0
0
0
0
0
0
0
0
0
0
0
0
0
0
0
0
0
0
0
0
0
0
0
0
0
0
0
0
0
0
0
0
0
0
0
0
0
0
0
0
0
0
0
0
0
0
0
0
0
0
0
0
0
0
0
0
0
0
0
0
0
0
0
0
0
0
0
0
0
0
0
0
0
0
0
0
0
0
0
0
0
0
0
0
0
0
0
0
0
0
0
0
0
0
0
0
0
0
0
0
0
0
0
0
0
0
0
0
0
0
0
0
0
0
0
0
0
0
0
0
0
0
0
0
0
0
0
0
0
0
0
0
0
0
0
0
0
0
0
0
0
0
0
0
0
0
0
0
0
0
0
0
0
0
0
0
0
0
0
0
0
0
0
0
0
0
0
0
0
0
0
0
0
0
0
0
0
0
0
0
0
0
0
0
0
0
0
0
0
0
0
0
0
0
0
0
0
0
0
0
0
0
0
0
0
0
0
0
0
0
0
0
0
0
0
0
0
0
0
0
0
0
0
0
0
0
0
0
0
0
0
0
0
0
0
0
0
0
0
0
0
0
0
0
0
0
0
0
0
0
0
0
0
0
0
0
0
0
0
0
0
0
0
0
0
0
0
0
0
0
0
0
0
0
0
0
0
0
0
0
0
0
0
0
0
0
0
0
0
0
0
0
0
0
0
0
0
0
0
0
0
0
0
0
0
0
0
0
0
0
0
0
0
0
0
0
0
0
0
0
0
0
0
0
0
0
0
0
0
0
0
0
0
0
0
0
0
0
0
0
0
0
0
0
0
0
0
0
0
0
0
0
0
0
0
0
0
0
0
0
0
0
0
0
0
0
0
0
0
0
0
0
0
0
0
0
0
0
0
0
0
0
0
0
0
0
0
0
0
0
0
0
0
0
0
0
0
0
0
0
0
0
0
0
0
0
0
0
0
0
0
0
0
0
0
0
0
0
0
0
0
0
0
0
0
0
0
0
0
0
0
0
0
0
0
0
0
0
0
0
0
0
0
0
0
0
0
0
0
0
0
0
0
0
0
0
0
0
0
0
0
0
0
0
0
0
0
0
0
0
0
0
0
0
0
0
0
0
0
0
0
0
0
0
0
0
0
0
0
0
0
0
0
0
0
0
0
0
0
0
0
0
0
0
0
0
0
0
0
0
0
0
0
0
0
0
0
0
0
0
0
0
0
0
0
0
0
0
0
0
0
0
0
0
0
0
0
0
0
0
0
0
0
0
0
0
0
0
0
0
0
0
0
0
0
0
0
0
0
0
0
0
0
0
0
0
0
0
0
0
0
0
0
0
0
0
0
0
0
0
0
0
0
0
0
0
0
0
0
0
0
0
0
0
0
0
0
0
0
0
0
0
0
0
0
0
0
0
0
0
0
0
0
0
0
0
0
0
0
0
0
0
0
0
0
0
0
0
0
0
0
0
0
0
0
0
0
0
0
0
0
0
0
0
0
0
0
0
0
0
0
0
0
0
0
0
0
0
0
0
0
0
0
0
0
0
0
0
0
0
0
0
0
0
0
0
0
0
0
0
0
0
0
0
0
0
0
0
0
0
0
0
0
0
0
0
0
0
0
0
0
0
0
0
0
0
0
0
0
0
0
0
0
0
0
0
0
0
0
0
0
0
0
0
0
0
0
0
0
0
0
0
0
0
0
0
0
0
0
0
0
0
0
0
0
0
0
0
0
0
0
0
0
0
0
0
0
0
0
0
0
0
0
0
0
0
0
0
0
0
0
0
0
0
0
0
0
0
0
0
0
0
0
0
0
0
0
0
0
0
0
0
0
0
0
0
0
0
0
0
0
0
0
0
0
0
0
0
0
0
0
0
0
0
0
0
0
0
0
0
0
0
0
0
0
0
0
0
0
0
0
0
0
0
0
0
0
0
0
0
0
0
0
0
0
0
0
0
0
0
0
0
0
0
0
0
0
0
0
0
0
0
0
0
0
0
0
0
0
0
0
0
0
0
0
0
0
0
0
0
0
0
0
0
0
0
0
0
0
0
0
0
0
0
0
0
0
0
0
0
0
0
0
0
0
0
0
0
0
0
0
0
0
0
0
0
0
0
0
0
0
0
0
0
0
0
0
0
0
0
0
0
0
0
0
0
0
0
0
0
0
0
0
0
0
0
0
0
0
0
0
0
0
0
0
0
0
0
0
0
0
0
0
0
0
0
0
0
0
0
0
0
0
0
0
0
0
0
0
0
0
0
0
0
0
0
0
0
0
0
0
0
0
0
0
0
0
0
0
0
0
0
0
0
0
0
0
0
0
0
0
0
0
0
0
0
0
0
0
0
0
0
0
0
0
0
0
0
0
0
0
0
0
0
0
0
0
0
0
0
0
0
0
0
0
0
0
0
0
0
0
0
0
0
0
0
0
0
0
0
0
0
0
0
0
0
0
0
0
0
0
0
0
0
0
0
0
0
0
0
0
0
0
0
0
0
0
0
0
0
0
0
0
0
0
0
0
0
0
0
0
0
0
0
0
0
0
0
0
0
0
0
0
0
0
0
0
0
0
0
0
0
0
0
0
0
0
0
0
0
0
0
0
0
0
0
0
0
0
0
0
0
0
0
0
0
0
0
0
0
0
0
0
0
0
0
0
0
0
0
0
0
0
0
0
0
0
0
0
0
0
0
0
0
0
0
0
0
0
0
0
0
0
0
0
0
0
0
0
0
0
0
0
0
0
0
0
0
0
0
0
0
0
0
0
0
0
0
0
0
0
0
0
0
0
0
0
0
0
0
0
0
0
0
0
0
0
0
0
0
0
0
0
0
0
0
0
0
0
0
0
0
0
0
0
0
0
0
0
0
0
0
0
0
0
0
0
0
0
0
0
0
0
0
0
0
0
0
0
0
0
0
0
0
0
0
0
0
0
0
0
0
0
0
0
0
0
0
0
0
0
0
0
0
0
0
0
0
0
0
0
0
0
0
0
0
0
0
0
0
0
0
0
0
0
0
0
0
0
0
0
0
0
0
0
0
0
0
0
0
0
0
0
0
0
0
0
0
0
0
0
0
0
0
0
0
0
0
0
0
0
0
0
0
0
0
0
0
0
0
0
0
0
0
0
0
0
0
0
0
0
0
0
0
0
0
0
0
0
0
0
0
0
0
0
0
0
0
0
0
0
0
0
0
0
0
0
0
0
0
0
0
0
0
0
0
0
0
0
0
0
0
0
0
0
0
0
0
0
0
0
0
0
0
0
0
0
0
0
0
0
0
0
0
0
0
0
0
0
0
0
0
0
0
0
0
0
0
0
0
0
0
0
0
0
0
0
0
0
0
0
0
0
0
0
0
0
0
0
0
0
0
0
0
0
0
0
0
0
0
0
0
0
0
0
0
0
0
0
0
0
0
0
0
0
0
0
0
0
0
0
0
0
0
0
0
0
0
0
0
0
0
0
0
0
0
0
0
0
0
0
0
0
0
0
0
0
0
0
0
0
0
0
0
0
0
0
0
0
0
0
0
0
0
0
0
0
0
0
0
0
0
0
0
0
0
0
0
0
0
0
0
0
0
0
0
0
0
0
0
0
0
0
0
0
0
0
0
0
0
0
0
0
0
0
0
0
0
0
0
0
0
0
0
0
0
0
0
0
0
0
0
0
0
0
0
0
0
0
0
0
0
0
0
0
0
0
0
0
0
0
0
0
0
0
0
0
0
0
0
0
0
0
0
0
0
0
0
0
0
0
0
0
0
0
0
0
0
0
0
0
0
0
0
0
0
0
0
0
0
0
0
0
0
0
0
0
0
0
0
0
0
0
0
0
0
0
0
0
0
0
0
0
0
0
0
0
0
0
0
0
0
0
0
0
0
0
0
0
0
0
0
0
0
0
0
0
0
0
0
0
0
0
0
0
0
0
0
0
0
0
0
0
0
0
0
0
0
0
0
0
0
0
0
0
0
0
0
0
0
0
0
0
0
0
0
0
0
0
0
0
0
0
0
0
0
0
0
0
0
0
0
0
0
0
0
0
0
0
0
0
0
0
0
0
0
0
0
0
0
0
0
0
0
0
0
0
0
0
0
0
0
0
0
0
0
0
0
0
0
0
0
0
0
0
0
0
0
0
0
0
0
0
0
0
0
0
0
0
0
0
0
0
0
0
0
0
0
0
0
0
0
0
0
0
0
0
0
0
0
0
0
0
0
0
0
0
0
0
0
0
0
0
0
0
0
0
0
0
0
0
0
0
0
0
0
0
0
0
0
0
0
0
0
0
0
0
0
0
0
0
0
0
0
0
0
0
0
0
0
0
0
0
0
0
0
0
0
0
0
0
0
0
0
0
0
0
0
0
0
0
0
0
0
0
0
0
0
0
0
0
0
0
0
0
0
0
0
0
0
0
0
0
0
0
0
0
0
0
0
0
0
0
0
0
0
0
0
0
0
0
0
0
0
0
0
0
0
0
0
0
0
0
0
0
0
0
0
0
0
0
0
0
0
0
0
0
0
0
0
0
0
0
0
0
0
0
0
0
0
0
0
0
0
0
0
0
0
0
0
0
0
0
0
0
0
0
0
0
0
0
0
0
0
0
0
0
0
0
0
0
0
0
0
0
0
0
0
0
0
0
0
0
0
0
0
0
0
0
0
0
0
0
0
0
0
0
0
0
0
0
0
0
0
0
0
0
0
0
0
0
0
0
0
0
0
0
0
0
0
0
0
0
0
0
0
0
0
0
0
0
0
0
0
0
0
0
0
0
0
0
0
0
0
0
0
0
0
0
0
0
0
0
0
0
0
0
0
0
0
0
0
0
0
0
0
0
0
0
0
0
0
0
0
0
0
0
0
0
0
0
0
0
0
0
0
0
0
0
0
0
0
0
0
0
0
0
0
0
0
0
0
0
0
0
0
0
0
0
0
0
0
0
0
0
0
0
0
0
0
0
0
0
0
0
0
0
0
0
0
0
0
0
0
0
0
0
0
0
0
0
0
0
0
0
0
0
0
0
0
0
0
0
0
0
0
0
0
0
0
0
0
0
0
0
0
0
0
0
0
0
0
0
0
0
0
0
0
0
0
0
0
0
0
0
0
0
0
0
0
0
0
0
0
0
0
0
0
0
0
0
0
0
0
0
0
0
0
0
0
0
0
0
0
0
0
0
0
0
0
0
0
0
0
0
0
0
0
0
0
0
0
0
0
0
0
0
0
0
0
0
0
0
0
0
0
0
0
0
0
0
0
0
0
0
0
0
0
0
0
0
0
0
0
0
0
0
0
0
0
0
0
0
0
0
0
0
0
0
0
0
0
0
0
0
0
0
0
0
0
0
0
0
0
0
0
0
0
0
0
0
0
0
0
0
0
0
0
0
0
0
0
0
0
0
0
0
0
0
0
0
0
0
0
0
0
0
0
0
0
0
0
0
0
0
0
0
0
0
0
0
0
0
0
0
0
0
0
0
0
0
0
0
0
0
0
0
0
0
0
0
0
0
0
0
0
0
0
0
0
0
0
0
0
0
0
0
0
0
0
0
0
0
0
0
0
0
0
0
0
0
0
0
0
0
0
0
0
0
0
0
0
0
0
0
0
0
0
0
0
0
0
0
0
0
0
0
0
0
0
0
0
0
0
0
0
0
0
0
0
0
0
0
0
0
0
0
0
0
0
0
0
0
0
0
0
0
0
0
0
0
0
0
0
0
0
0
0
0
0
0
0
0
0
0
0
0
0
0
0
0
0
0
0
0
0
0
0
0
0
0
0
0
0
0
0
0
0
0
0
0
0
0
0
0
0
0
0
0
0
0
0
0
0
0
0
0
0
0
0
0
0
0
0
0
0
0
0
0
0
0
0
0
0
0
0
0
0
0
0
0
0
0
0
0
0
0
0
0
0
0
0
0
0
0
0
0
0
0
0
0
0
0
0
0
0
0
0
0
0
0
0
0
0
0
0
0
0
0
0
0
0
0
0
0
0
0
0
0
0
0
0
0
0
0
0
0
0
0
0
0
0
0
0
0
0
0
0
0
0
0
0
0
0
0
0
0
0
0
0
0
0
0
0
0
0
0
0
0
0
0
0
0
0
0
0
0
0
0
0
0
0
0
0
0
0
0
0
0
0
0
0
0
0
0
0
0
0
0
0
0
0
0
0
0
0
0
0
0
0
0
0
0
0
0
0
0
0
0
0
0
0
0
0
0
0
0
0
0
0
0
0
0
0
0
0
0
0
0
0
0
0
0
0
0
0
0
0
0
0
0
0
0
0
0
0
0
0
0
0
0
0
0
0
0
0
0
0
0
0
0
0
0
0
0
0
0
0
0
0
0
0
0
0
0
0
0
0
0
0
0
0
0
0
0
0
0
0
0
0
0
0
0
0
0
0
0
0
0
0
0
0
0
0
0
0
0
0
0
0
0
0
0
0
0
0
0
0
0
0
0
0
0
0
0
0
0
0
0
0
0
0
0
0
0
0
0
0
0
0
0
0
0
0
0
0
0
0
0
0
0
0
0
0
0
0
0
0
0
0
0
0
0
0
0
0
0
0
0
0
0
0
0
0
0
0
0
0
0
0
0
0
0
0
0
0
0
0
0
0
0
0
0
0
0
0
0
0
0
0
0
0
0
0
0
0
0
0
0
0
0
0
0
0
0
0
0
0
0
0
0
0
0
0
0
0
0
0
0
0
0
0
0
0
0
0
0
0
0
0
0
0
0
0
0
0
0
0
0
0
0
0
0
0
0
0
0
0
0
0
0
0
0
0
0
0
0
0
0
0
0
0
0
0
0
0
0
0
0
0
0
0
0
0
0
0
0
0
0
0
0
0
0
0
0
0
0
0
0
0
0
0
0
0
0
0
0
0
0
0
0
0
0
0
0
0
0
0
0
0
0
0
0
0
0
0
0
0
0
0
0
0
0
0
0
0
0
0
0
0
0
0
0
0
0
0
0
0
0
0
0
0
0
0
0
0
0
0
0
0
0
0
0
0
0
0
0
0
0
0
0
0
0
0
0
0
0
0
0
0
0
0
0
0
0
0
0
0
0
0
0
0
0
0
0
0
0
0
0
0
0
0
0
0
0
0
0
0
0
0
0
0
0
0
0
0
0
0
0
0
0
0
0
0
0
0
0
0
0
0
0
0
0
0
0
0
0
0
0
0
0
0
0
0
0
0
0
0
0
0
0
0
0
0
0
0
0
0
0
0
0
0
0
0
0
0
0
0
0
0
0
0
0
0
0
0
0
0
0
0
0
0
0
0
0
0
0
0
0
0
0
0
0
0
0
0
0
0
0
0
0
0
0
0
0
0
0
0
0
0
0
0
0
0
0
0
0
0
0
0
0
0
0
0
0
0
0
0
0
0
0
0
0
0
0
0
0
0
0
0
0
0
0
0
0
0
0
0
0
0
0
0
0
0
0
0
0
0
0
0
0
0
0
0
0
0
0
0
0
0
0
0
0
0
0
0
0
0
0
0
0
0
0
0
0
0
0
0
0
0
0
0
0
0
0
0
0
0
0
0
0
0
0
0
0
0
0
0
0
0
0
0
0
0
0
0
0
0
0
0
0
0
0
0
0
0
0
0
0
0
0
0
0
0
0
0
0
0
0
0
0
0
0
0
0
0
0
0
0
0
0
0
0
0
0
0
0
0
0
0
0
0
0
0
0
0
0
0
0
0
0
0
0
0
0
0
0
0
0
0
0
0
0
0
0
0
0
0
0
0
0
0
0
0
0
0
0
0
0
0
0
0
0
0
0
0
0
0
0
0
0
0
0
0
0
0
0
0
0
0
0
0
0
0
0
0
0
0
0
0
0
0
0
0
0
0
0
0
0
0
0
0
0
0
0
0
0
0
0
0
0
0
0
0
0
0
0
0
0
0
0
0
0
0
0
0
0
0
0
0
0
0
0
0
0
0
0
0
0
0
0
0
0
0
0
0
0
0
0
0
0
0
0
0
0
0
0
0
0
0
0
0
0
0
0
0
0
0
0
0
0
0
0
0
0
0
0
0
0
0
0
0
0
0
0
0
0
0
0
0
0
0
0
0
0
0
0
0
0
0
0
0
0
0
0
