1874
1432
0
0
0
0
0
0
2647
2246
0
0
0
0
0
0
1870
1429
0
0
0
0
0
0
2650
2250
0
0
0
0
0
0
2653
1426
0
0
0
0
0
0
1862
2254
0
0
0
0
0
0
2657
1423
0
0
0
0
0
0
1858
2257
0
0
0
0
0
0
2660
1420
0
0
0
0
0
0
1854
2261
0
0
0
0
0
0
2663
1417
0
0
0
0
0
0
1850
2265
0
0
0
0
0
0
2666
1414
0
0
0
0
0
0
1846
2269
0
0
0
0
0
0
2669
1411
0
0
0
0
0
0
1842
2273
0
0
0
0
0
0
2672
1408
0
0
0
0
0
0
1838
2277
0
0
0
0
0
0
2675
1405
0
0
0
0
0
0
1834
2281
0
0
0
0
0
0
2678
1402
0
0
0
0
0
0
1831
2285
0
0
0
0
0
0
2681
1399
0
0
0
0
0
0
1828
2287
0
0
0
0
0
0
2687
1392
0
0
0
0
0
0
1837
2276
0
0
0
0
0
0
2705
1368
0
0
0
0
0
0
1862
2244
0
0
0
0
0
0
2717
1350
0
0
0
0
0
0
1870
2230
0
0
0
0
0
0
2719
1340
0
0
0
0
0
0
1871
2220
0
0
0
0
0
0
2711
1340
0
0
0
0
0
0
1840
2247
0
0
0
0
0
0
2633
1423
0
0
0
0
0
0
1723
2379
0
0
0
0
0
0
2481
1599
0
0
0
0
0
0
1578
2551
0
0
0
0
0
0
2394
1711
0
0
0
0
0
0
1532
2616
0
0
0
0
0
0
2430
1683
0
0
0
0
0
0
1644
2497
0
0
0
0
0
0
2615
1470
0
0
0
0
0
0
1907
2184
0
0
0
0
0
0
2912
1109
0
0
0
0
0
0
2143
1880
0
0
0
0
0
0
3032
931
0
0
0
0
0
0
2078
1914
0
0
0
0
0
0
2762
1208
0
0
0
0
0
0
1611
2424
0
0
0
0
0
0
2180
1871
0
0
0
0
0
0
964
3184
0
0
0
0
0
0
1610
2566
0
0
0
0
0
0
544
3717
0
0
0
0
0
0
1489
2761
0
0
0
0
0
0
784
3493
0
0
0
0
0
0
2083
2120
0
0
0
0
0
0
1619
2547
0
0
0
0
0
0
3075
964
0
0
0
0
0
0
2578
1397
0
0
0
0
0
0
3824
26
0
0
0
0
0
0
2945
882
0
0
0
0
0
0
3652
125
0
0
0
0
0
0
2254
1593
0
0
0
0
0
0
2483
1415
0
0
0
0
0
0
751
3308
0
0
0
0
0
0
910
3258
0
0
0
0
0
0
3487
856
0
0
0
0
0
0
13
305
0
0
0
0
0
0
3280
1223
0
0
0
0
0
0
576
3874
0
0
0
0
0
0
494
3902
0
0
0
0
0
0
2451
1758
0
0
0
0
0
0
2631
1423
0
0
0
0
0
0
376
3443
0
0
0
0
0
0
77
3604
0
0
0
0
0
0
1122
2414
0
0
0
0
0
0
3867
3778
0
0
0
0
0
0
3846
3838
0
0
0
0
0
0
1621
2166
0
0
0
0
0
0
1057
2924
0
0
0
0
0
0
2846
1434
0
0
0
0
0
0
2675
1818
0
0
0
0
0
0
1247
3466
0
0
0
0
0
0
2346
2419
0
0
0
0
0
0
2290
2480
0
0
0
0
0
0
556
4021
0
0
0
0
0
0
1466
2885
0
0
0
0
0
0
149
3844
0
0
0
0
0
0
830
2866
0
0
0
0
0
0
2732
648
0
0
0
0
0
0
2016
1224
0
0
0
0
0
0
2226
944
0
0
0
0
0
0
3893
3532
0
0
0
0
0
0
2673
886
0
0
0
0
0
0
3505
458
0
0
0
0
0
0
2173
2172
0
0
0
0
0
0
3674
1091
0
0
0
0
0
0
3828
1190
0
0
0
0
0
0
3174
2010
0
0
0
0
0
0
458
646
0
0
0
0
0
0
2689
2195
0
0
0
0
0
0
3011
3024
0
0
0
0
0
0
129
3871
0
0
0
0
0
0
152
643
0
0
0
0
0
0
4004
3183
0
0
0
0
0
0
958
762
0
0
0
0
0
0
2204
3135
0
0
0
0
0
0
1241
1178
0
0
0
0
0
0
1037
922
0
0
0
0
0
0
322
3333
0
0
0
0
0
0
3586
2001
0
0
0
0
0
0
2030
2879
0
0
0
0
0
0
654
1228
0
0
0
0
0
0
144
1401
0
0
0
0
0
0
2512
708
0
0
0
0
0
0
788
374
0
0
0
0
0
0
2255
3906
0
0
0
0
0
0
361
3676
0
0
0
0
0
0
3723
1092
0
0
0
0
0
0
2554
120
0
0
0
0
0
0
1741
2836
0
0
0
0
0
0
1804
425
0
0
0
0
0
0
728
2640
0
0
0
0
0
0
2712
301
0
0
0
0
0
0
4025
121
0
0
0
0
0
0
1826
2726
0
0
0
0
0
0
1955
3568
0
0
0
0
0
0
296
1552
0
0
0
0
0
0
1576
575
0
0
0
0
0
0
3216
2893
0
0
0
0
0
0
1530
1563
0
0
0
0
0
0
402
410
0
0
0
0
0
0
3880
1510
0
0
0
0
0
0
3886
648
0
0
0
0
0
0
2775
2445
0
0
0
0
0
0
2218
3481
0
0
0
0
0
0
3261
515
0
0
0
0
0
0
3592
5
0
0
0
0
0
0
66
1018
0
0
0
0
0
0
3676
648
0
0
0
0
0
0
4030
1744
0
0
0
0
0
0
573
1343
0
0
0
0
0
0
2004
843
0
0
0
0
0
0
1403
2953
0
0
0
0
0
0
3568
3350
0
0
0
0
0
0
2447
972
0
0
0
0
0
0
4092
1203
0
0
0
0
0
0
2839
53
0
0
0
0
0
0
1290
1561
0
0
0
0
0
0
3295
2138
0
0
0
0
0
0
2613
2645
0
0
0
0
0
0
2954
462
0
0
0
0
0
0
2603
1401
0
0
0
0
0
0
2528
2419
0
0
0
0
0
0
289
1837
0
0
0
0
0
0
3866
2137
0
0
0
0
0
0
302
2846
0
0
0
0
0
0
471
2999
0
0
0
0
0
0
3250
625
0
0
0
0
0
0
3149
323
0
0
0
0
0
0
3699
3138
0
0
0
0
0
0
2633
2926
0
0
0
0
0
0
1556
2482
0
0
0
0
0
0
2844
3816
0
0
0
0
0
0
2037
3318
0
0
0
0
0
0
29
3043
0
0
0
0
0
0
1201
3174
0
0
0
0
0
0
319
3159
0
0
0
0
0
0
3015
2930
0
0
0
0
0
0
3141
1360
0
0
0
0
0
0
289
646
0
0
0
0
0
0
606
2335
0
0
0
0
0
0
2061
1541
0
0
0
0
0
0
3662
716
0
0
0
0
0
0
3082
896
0
0
0
0
0
0
1145
2052
0
0
0
0
0
0
777
898
0
0
0
0
0
0
2141
1854
0
0
0
0
0
0
1754
1906
0
0
0
0
0
0
736
4062
0
0
0
0
0
0
1116
4056
0
0
0
0
0
0
2459
3757
0
0
0
0
0
0
563
1033
0
0
0
0
0
0
1321
2840
0
0
0
0
0
0
2060
3412
0
0
0
0
0
0
101
2150
0
0
0
0
0
0
1673
2219
0
0
0
0
0
0
2588
3687
0
0
0
0
0
0
4072
2761
0
0
0
0
0
0
2625
3681
0
0
0
0
0
0
951
124
0
0
0
0
0
0
307
569
0
0
0
0
0
0
985
1864
0
0
0
0
0
0
1900
3590
0
0
0
0
0
0
1642
1993
0
0
0
0
0
0
3439
2006
0
0
0
0
0
0
341
752
0
0
0
0
0
0
3206
2919
0
0
0
0
0
0
3299
292
0
0
0
0
0
0
2394
1739
0
0
0
0
0
0
2063
294
0
0
0
0
0
0
973
2941
0
0
0
0
0
0
618
749
0
0
0
0
0
0
3067
2907
0
0
0
0
0
0
1709
4006
0
0
0
0
0
0
1713
2632
0
0
0
0
0
0
4023
2398
0
0
0
0
0
0
2318
1624
0
0
0
0
0
0
2497
3111
0
0
0
0
0
0
2864
613
0
0
0
0
0
0
882
1367
0
0
0
0
0
0
796
1170
0
0
0
0
0
0
3534
3337
0
0
0
0
0
0
1242
3335
0
0
0
0
0
0
2077
837
0
0
0
0
0
0
3483
2093
0
0
0
0
0
0
112
3900
0
0
0
0
0
0
2768
3011
0
0
0
0
0
0
977
3089
0
0
0
0
0
0
286
3461
0
0
0
0
0
0
839
1398
0
0
0
0
0
0
722
3288
0
0
0
0
0
0
1919
2378
0
0
0
0
0
0
2328
1738
0
0
0
0
0
0
3788
4034
0
0
0
0
0
0
571
352
0
0
0
0
0
0
1293
1028
0
0
0
0
0
0
3200
2680
0
0
0
0
0
0
296
1811
0
0
0
0
0
0
3107
2145
0
0
0
0
0
0
400
2172
0
0
0
0
0
0
1335
1814
0
0
0
0
0
0
1159
1737
0
0
0
0
0
0
768
3832
0
0
0
0
0
0
345
2954
0
0
0
0
0
0
2610
861
0
0
0
0
0
0
2135
898
0
0
0
0
0
0
1939
3465
0
0
0
0
0
0
1015
3793
0
0
0
0
0
0
3799
1380
0
0
0
0
0
0
1124
1944
0
0
0
0
0
0
364
3459
0
0
0
0
0
0
3539
403
0
0
0
0
0
0
341
2958
0
0
0
0
0
0
2794
878
0
0
0
0
0
0
857
937
0
0
0
0
0
0
2612
2986
0
0
0
0
0
0
2709
572
0
0
0
0
0
0
341
1665
0
0
0
0
0
0
2660
2814
0
0
0
0
0
0
561
467
0
0
0
0
0
0
2812
1926
0
0
0
0
0
0
727
3464
0
0
0
0
0
0
962
2284
0
0
0
0
0
0
4063
4012
0
0
0
0
0
0
1016
686
0
0
0
0
0
0
2199
473
0
0
0
0
0
0
3282
3737
0
0
0
0
0
0
4063
1227
0
0
0
0
0
0
3708
2302
0
0
0
0
0
0
3855
861
0
0
0
0
0
0
3627
1126
0
0
0
0
0
0
316
783
0
0
0
0
0
0
3988
2682
0
0
0
0
0
0
1227
4
0
0
0
0
0
0
291
551
0
0
0
0
0
0
4083
3911
0
0
0
0
0
0
545
837
0
0
0
0
0
0
9
4046
0
0
0
0
0
0
1291
1015
0
0
0
0
0
0
1237
23
0
0
0
0
0
0
1732
510
0
0
0
0
0
0
3133
856
0
0
0
0
0
0
3721
287
0
0
0
0
0
0
1628
2361
0
0
0
0
0
0
2008
3588
0
0
0
0
0
0
1274
1625
0
0
0
0
0
0
3992
2911
0
0
0
0
0
0
1446
1068
0
0
0
0
0
0
2353
123
0
0
0
0
0
0
3901
1330
0
0
0
0
0
0
494
1294
0
0
0
0
0
0
2755
2541
0
0
0
0
0
0
1244
3814
0
0
0
0
0
0
696
3396
0
0
0
0
0
0
2982
389
0
0
0
0
0
0
440
3562
0
0
0
0
0
0
1150
1628
0
0
0
0
0
0
3752
825
0
0
0
0
0
0
1468
2163
0
0
0
0
0
0
118
3565
0
0
0
0
0
0
677
81
0
0
0
0
0
0
769
2878
0
0
0
0
0
0
3464
1173
0
0
0
0
0
0
1424
1041
0
0
0
0
0
0
1049
3849
0
0
0
0
0
0
3411
836
0
0
0
0
0
0
3037
1426
0
0
0
0
0
0
3033
2433
0
0
0
0
0
0
1994
2001
0
0
0
0
0
0
2208
1229
0
0
0
0
0
0
1492
2236
0
0
0
0
0
0
2115
1162
0
0
0
0
0
0
3525
3425
0
0
0
0
0
0
2895
258
0
0
0
0
0
0
2411
933
0
0
0
0
0
0
616
3304
0
0
0
0
0
0
2197
2114
0
0
0
0
0
0
4067
182
0
0
0
0
0
0
1684
1719
0
0
0
0
0
0
111
414
0
0
0
0
0
0
3698
2303
0
0
0
0
0
0
1167
3822
0
0
0
0
0
0
2577
3449
0
0
0
0
0
0
1408
1758
0
0
0
0
0
0
1081
2873
0
0
0
0
0
0
1961
2404
0
0
0
0
0
0
3512
2543
0
0
0
0
0
0
2360
1097
0
0
0
0
0
0
3713
113
0
0
0
0
0
0
134
4012
0
0
0
0
0
0
3246
1675
0
0
0
0
0
0
3249
1413
0
0
0
0
0
0
1101
1391
0
0
0
0
0
0
1455
2464
0
0
0
0
0
0
3746
3166
0
0
0
0
0
0
52
3227
0
0
0
0
0
0
3481
3739
0
0
0
0
0
0
1257
1059
0
0
0
0
0
0
3285
1602
0
0
0
0
0
0
1080
828
0
0
0
0
0
0
3741
3250
0
0
0
0
0
0
2299
3479
0
0
0
0
0
0
556
3108
0
0
0
0
0
0
482
930
0
0
0
0
0
0
2516
1221
0
0
0
0
0
0
1384
730
0
0
0
0
0
0
3508
2580
0
0
0
0
0
0
1000
1170
0
0
0
0
0
0
3240
837
0
0
0
0
0
0
3617
2736
0
0
0
0
0
0
2507
3288
0
0
0
0
0
0
1947
1794
0
0
0
0
0
0
2424
3447
0
0
0
0
0
0
3115
1047
0
0
0
0
0
0
2462
1813
0
0
0
0
0
0
428
2635
0
0
0
0
0
0
242
1074
0
0
0
0
0
0
1686
2769
0
0
0
0
0
0
308
2082
0
0
0
0
0
0
2174
987
0
0
0
0
0
0
2649
120
0
0
0
0
0
0
2916
330
0
0
0
0
0
0
2564
659
0
0
0
0
0
0
3072
3242
0
0
0
0
0
0
1704
1759
0
0
0
0
0
0
2862
2495
0
0
0
0
0
0
3894
252
0
0
0
0
0
0
2268
2173
0
0
0
0
0
0
2416
2050
0
0
0
0
0
0
3709
2488
0
0
0
0
0
0
2641
940
0
0
0
0
0
0
3769
1323
0
0
0
0
0
0
248
3349
0
0
0
0
0
0
2860
2707
0
0
0
0
0
0
3143
2493
0
0
0
0
0
0
619
3310
0
0
0
0
0
0
3608
2221
0
0
0
0
0
0
2921
3053
0
0
0
0
0
0
3914
23
0
0
0
0
0
0
3417
2915
0
0
0
0
0
0
628
2060
0
0
0
0
0
0
3596
729
0
0
0
0
0
0
1596
1263
0
0
0
0
0
0
3804
343
0
0
0
0
0
0
2337
2606
0
0
0
0
0
0
1412
2297
0
0
0
0
0
0
2459
1729
0
0
0
0
0
0
3151
1323
0
0
0
0
0
0
3492
325
0
0
0
0
0
0
1945
3444
0
0
0
0
0
0
1972
994
0
0
0
0
0
0
2766
1886
0
0
0
0
0
0
1777
3466
0
0
0
0
0
0
389
2420
0
0
0
0
0
0
24
3120
0
0
0
0
0
0
3832
2476
0
0
0
0
0
0
1250
782
0
0
0
0
0
0
3987
2395
0
0
0
0
0
0
2045
3792
0
0
0
0
0
0
188
3995
0
0
0
0
0
0
3359
1245
0
0
0
0
0
0
2094
1485
0
0
0
0
0
0
2687
329
0
0
0
0
0
0
3582
125
0
0
0
0
0
0
3466
186
0
0
0
0
0
0
3389
9
0
0
0
0
0
0
697
3032
0
0
0
0
0
0
695
1202
0
0
0
0
0
0
3852
633
0
0
0
0
0
0
2218
3827
0
0
0
0
0
0
2452
519
0
0
0
0
0
0
891
3730
0
0
0
0
0
0
3673
3428
0
0
0
0
0
0
76
4076
0
0
0
0
0
0
3288
243
0
0
0
0
0
0
1077
156
0
0
0
0
0
0
2734
2778
0
0
0
0
0
0
1516
161
0
0
0
0
0
0
538
2962
0
0
0
0
0
0
377
2727
0
0
0
0
0
0
5
735
0
0
0
0
0
0
762
3752
0
0
0
0
0
0
354
3539
0
0
0
0
0
0
2738
3978
0
0
0
0
0
0
1261
1371
0
0
0
0
0
0
2714
4074
0
0
0
0
0
0
2935
1076
0
0
0
0
0
0
249
3902
0
0
0
0
0
0
645
413
0
0
0
0
0
0
843
112
0
0
0
0
0
0
872
310
0
0
0
0
0
0
220
799
0
0
0
0
0
0
1691
3962
0
0
0
0
0
0
3357
1771
0
0
0
0
0
0
1874
3996
0
0
0
0
0
0
475
1358
0
0
0
0
0
0
1398
2229
0
0
0
0
0
0
257
382
0
0
0
0
0
0
2388
3382
0
0
0
0
0
0
278
2874
0
0
0
0
0
0
211
3068
0
0
0
0
0
0
1890
2075
0
0
0
0
0
0
2741
460
0
0
0
0
0
0
3899
3436
0
0
0
0
0
0
3371
1836
0
0
0
0
0
0
3734
3780
0
0
0
0
0
0
273
2244
0
0
0
0
0
0
3456
3060
0
0
0
0
0
0
3832
3478
0
0
0
0
0
0
2663
2349
0
0
0
0
0
0
1423
859
0
0
0
0
0
0
4052
2104
0
0
0
0
0
0
1310
1546
0
0
0
0
0
0
20
1295
0
0
0
0
0
0
792
795
0
0
0
0
0
0
1634
2981
0
0
0
0
0
0
3699
1921
0
0
0
0
0
0
2999
3832
0
0
0
0
0
0
995
2394
0
0
0
0
0
0
2532
3826
0
0
0
0
0
0
3776
151
0
0
0
0
0
0
2621
98
0
0
0
0
0
0
1141
2352
0
0
0
0
0
0
1010
902
0
0
0
0
0
0
2056
2629
0
0
0
0
0
0
3801
3088
0
0
0
0
0
0
3634
3597
0
0
0
0
0
0
946
753
0
0
0
0
0
0
1974
184
0
0
0
0
0
0
474
3399
0
0
0
0
0
0
115
1505
0
0
0
0
0
0
2449
1566
0
0
0
0
0
0
308
955
0
0
0
0
0
0
928
3208
0
0
0
0
0
0
2343
3110
0
0
0
0
0
0
707
1761
0
0
0
0
0
0
2475
3860
0
0
0
0
0
0
70
1065
0
0
0
0
0
0
3101
2682
0
0
0
0
0
0
1021
2854
0
0
0
0
0
0
3601
3441
0
0
0
0
0
0
3200
1328
0
0
0
0
0
0
291
1713
0
0
0
0
0
0
3899
3877
0
0
0
0
0
0
821
3274
0
0
0
0
0
0
3806
3512
0
0
0
0
0
0
148
3865
0
0
0
0
0
0
184
3216
0
0
0
0
0
0
3662
267
0
0
0
0
0
0
1820
152
0
0
0
0
0
0
3237
3068
0
0
0
0
0
0
3102
743
0
0
0
0
0
0
1471
3624
0
0
0
0
0
0
2080
3708
0
0
0
0
0
0
1120
2829
0
0
0
0
0
0
1813
2934
0
0
0
0
0
0
2739
2007
0
0
0
0
0
0
2526
375
0
0
0
0
0
0
3825
78
0
0
0
0
0
0
463
1458
0
0
0
0
0
0
669
2649
0
0
0
0
0
0
2125
3346
0
0
0
0
0
0
2118
1202
0
0
0
0
0
0
1679
1009
0
0
0
0
0
0
4052
1836
0
0
0
0
0
0
3886
1795
0
0
0
0
0
0
3766
2484
0
0
0
0
0
0
3516
1271
0
0
0
0
0
0
2966
2942
0
0
0
0
0
0
710
3259
0
0
0
0
0
0
2971
280
0
0
0
0
0
0
1369
3563
0
0
0
0
0
0
2113
2936
0
0
0
0
0
0
403
1052
0
0
0
0
0
0
1740
2782
0
0
0
0
0
0
2204
2506
0
0
0
0
0
0
4068
2426
0
0
0
0
0
0
228
3426
0
0
0
0
0
0
1035
1965
0
0
0
0
0
0
778
1820
0
0
0
0
0
0
1801
3848
0
0
0
0
0
0
2319
4047
0
0
0
0
0
0
1027
3770
0
0
0
0
0
0
1855
3304
0
0
0
0
0
0
2545
2910
0
0
0
0
0
0
1573
3106
0
0
0
0
0
0
1717
1450
0
0
0
0
0
0
1117
1920
0
0
0
0
0
0
2128
2938
0
0
0
0
0
0
3538
2587
0
0
0
0
0
0
671
3108
0
0
0
0
0
0
4080
4034
0
0
0
0
0
0
502
2943
0
0
0
0
0
0
710
495
0
0
0
0
0
0
1062
2160
0
0
0
0
0
0
4014
2636
0
0
0
0
0
0
842
2564
0
0
0
0
0
0
589
450
0
0
0
0
0
0
2733
1989
0
0
0
0
0
0
3102
2565
0
0
0
0
0
0
3138
2303
0
0
0
0
0
0
3578
3733
0
0
0
0
0
0
2086
2917
0
0
0
0
0
0
311
650
0
0
0
0
0
0
1471
1403
0
0
0
0
0
0
3032
730
0
0
0
0
0
0
3876
1950
0
0
0
0
0
0
2753
701
0
0
0
0
0
0
95
1166
0
0
0
0
0
0
1281
543
0
0
0
0
0
0
641
1037
0
0
0
0
0
0
953
1230
0
0
0
0
0
0
1458
1648
0
0
0
0
0
0
947
798
0
0
0
0
0
0
3250
4056
0
0
0
0
0
0
333
2908
0
0
0
0
0
0
393
82
0
0
0
0
0
0
1284
1086
0
0
0
0
0
0
292
3591
0
0
0
0
0
0
3033
1308
0
0
0
0
0
0
3041
1712
0
0
0
0
0
0
3738
329
0
0
0
0
0
0
3712
1004
0
0
0
0
0
0
3816
49
0
0
0
0
0
0
140
634
0
0
0
0
0
0
3226
3016
0
0
0
0
0
0
2512
3411
0
0
0
0
0
0
971
21
0
0
0
0
0
0
258
1383
0
0
0
0
0
0
403
3549
0
0
0
0
0
0
245
2763
0
0
0
0
0
0
2111
2593
0
0
0
0
0
0
3348
1384
0
0
0
0
0
0
3161
666
0
0
0
0
0
0
2087
2191
0
0
0
0
0
0
1407
3343
0
0
0
0
0
0
1030
4017
0
0
0
0
0
0
1331
3531
0
0
0
0
0
0
700
1314
0
0
0
0
0
0
1580
3554
0
0
0
0
0
0
2560
622
0
0
0
0
0
0
468
1591
0
0
0
0
0
0
2826
92
0
0
0
0
0
0
1326
1818
0
0
0
0
0
0
3036
868
0
0
0
0
0
0
1583
2660
0
0
0
0
0
0
538
1560
0
0
0
0
0
0
1465
3361
0
0
0
0
0
0
1718
2528
0
0
0
0
0
0
108
3401
0
0
0
0
0
0
745
2669
0
0
0
0
0
0
516
3336
0
0
0
0
0
0
2446
2775
0
0
0
0
0
0
2341
1777
0
0
0
0
0
0
3913
4005
0
0
0
0
0
0
1838
718
0
0
0
0
0
0
175
1447
0
0
0
0
0
0
2796
4015
0
0
0
0
0
0
3193
3812
0
0
0
0
0
0
2941
691
0
0
0
0
0
0
3531
356
0
0
0
0
0
0
699
976
0
0
0
0
0
0
1170
1781
0
0
0
0
0
0
1120
2709
0
0
0
0
0
0
161
3210
0
0
0
0
0
0
2531
680
0
0
0
0
0
0
2040
2845
0
0
0
0
0
0
638
3246
0
0
0
0
0
0
2912
3627
0
0
0
0
0
0
1273
1599
0
0
0
0
0
0
3780
1640
0
0
0
0
0
0
3542
3682
0
0
0
0
0
0
1706
3914
0
0
0
0
0
0
714
1214
0
0
0
0
0
0
499
37
0
0
0
0
0
0
610
1872
0
0
0
0
0
0
635
1109
0
0
0
0
0
0
1040
2650
0
0
0
0
0
0
95
892
0
0
0
0
0
0
640
2852
0
0
0
0
0
0
435
4021
0
0
0
0
0
0
2463
2624
0
0
0
0
0
0
4047
3016
0
0
0
0
0
0
2613
275
0
0
0
0
0
0
2704
146
0
0
0
0
0
0
4040
1896
0
0
0
0
0
0
3353
36
0
0
0
0
0
0
3970
1950
0
0
0
0
0
0
1859
123
0
0
0
0
0
0
1033
851
0
0
0
0
0
0
198
1880
0
0
0
0
0
0
1292
2257
0
0
0
0
0
0
2062
2558
0
0
0
0
0
0
1308
2734
0
0
0
0
0
0
2045
941
0
0
0
0
0
0
3996
3395
0
0
0
0
0
0
2035
2061
0
0
0
0
0
0
3817
711
0
0
0
0
0
0
2361
1477
0
0
0
0
0
0
3767
180
0
0
0
0
0
0
2456
1789
0
0
0
0
0
0
1694
3908
0
0
0
0
0
0
1222
1692
0
0
0
0
0
0
3840
3803
0
0
0
0
0
0
915
1126
0
0
0
0
0
0
3681
1077
0
0
0
0
0
0
1813
2797
0
0
0
0
0
0
3385
2807
0
0
0
0
0
0
1630
3204
0
0
0
0
0
0
3720
1371
0
0
0
0
0
0
4
2000
0
0
0
0
0
0
252
1085
0
0
0
0
0
0
2090
3770
0
0
0
0
0
0
3872
3771
0
0
0
0
0
0
1319
4015
0
0
0
0
0
0
1643
362
0
0
0
0
0
0
1245
2721
0
0
0
0
0
0
1192
1507
0
0
0
0
0
0
2088
3250
0
0
0
0
0
0
1048
726
0
0
0
0
0
0
2953
1713
0
0
0
0
0
0
3678
551
0
0
0
0
0
0
175
2859
0
0
0
0
0
0
2828
2366
0
0
0
0
0
0
3333
2253
0
0
0
0
0
0
1514
56
0
0
0
0
0
0
1776
2759
0
0
0
0
0
0
2528
3669
0
0
0
0
0
0
1267
928
0
0
0
0
0
0
1224
3106
0
0
0
0
0
0
2948
3840
0
0
0
0
0
0
3152
681
0
0
0
0
0
0
445
3524
0
0
0
0
0
0
3585
1603
0
0
0
0
0
0
3914
3776
0
0
0
0
0
0
1763
2368
0
0
0
0
0
0
408
2498
0
0
0
0
0
0
2928
3460
0
0
0
0
0
0
2833
625
0
0
0
0
0
0
3567
1499
0
0
0
0
0
0
821
1733
0
0
0
0
0
0
2558
2003
0
0
0
0
0
0
667
2261
0
0
0
0
0
0
3853
2982
0
0
0
0
0
0
516
655
0
0
0
0
0
0
1893
1498
0
0
0
0
0
0
955
3633
0
0
0
0
0
0
1431
3023
0
0
0
0
0
0
80
3784
0
0
0
0
0
0
1852
3113
0
0
0
0
0
0
3283
510
0
0
0
0
0
0
206
3434
0
0
0
0
0
0
1944
2045
0
0
0
0
0
0
666
3577
0
0
0
0
0
0
607
3198
0
0
0
0
0
0
3596
1
0
0
0
0
0
0
489
3813
0
0
0
0
0
0
2290
4001
0
0
0
0
0
0
3186
1551
0
0
0
0
0
0
2334
1759
0
0
0
0
0
0
3291
741
0
0
0
0
0
0
3841
1407
0
0
0
0
0
0
2453
1438
0
0
0
0
0
0
2887
3543
0
0
0
0
0
0
211
1032
0
0
0
0
0
0
1177
1430
0
0
0
0
0
0
707
1488
0
0
0
0
0
0
1445
1400
0
0
0
0
0
0
3903
153
0
0
0
0
0
0
3693
3523
0
0
0
0
0
0
1345
3882
0
0
0
0
0
0
3911
2026
0
0
0
0
0
0
2097
593
0
0
0
0
0
0
2821
398
0
0
0
0
0
0
2175
3566
0
0
0
0
0
0
1672
3477
0
0
0
0
0
0
3070
2463
0
0
0
0
0
0
2498
2780
0
0
0
0
0
0
1226
1596
0
0
0
0
0
0
609
2045
0
0
0
0
0
0
2052
1220
0
0
0
0
0
0
1209
83
0
0
0
0
0
0
1013
3692
0
0
0
0
0
0
3179
258
0
0
0
0
0
0
1111
291
0
0
0
0
0
0
3802
1715
0
0
0
0
0
0
1507
2771
0
0
0
0
0
0
182
1433
0
0
0
0
0
0
2068
3522
0
0
0
0
0
0
3334
118
0
0
0
0
0
0
18
3568
0
0
0
0
0
0
3961
1787
0
0
0
0
0
0
1
4012
0
0
0
0
0
0
2598
1092
0
0
0
0
0
0
1740
1636
0
0
0
0
0
0
2002
2686
0
0
0
0
0
0
1224
3739
0
0
0
0
0
0
216
1811
0
0
0
0
0
0
2543
2970
0
0
0
0
0
0
1597
2147
0
0
0
0
0
0
2330
477
0
0
0
0
0
0
2591
2050
0
0
0
0
0
0
1417
984
0
0
0
0
0
0
726
2490
0
0
0
0
0
0
1370
2948
0
0
0
0
0
0
2340
779
0
0
0
0
0
0
3417
3264
0
0
0
0
0
0
1118
1513
0
0
0
0
0
0
3788
4091
0
0
0
0
0
0
2769
456
0
0
0
0
0
0
954
591
0
0
0
0
0
0
611
732
0
0
0
0
0
0
662
604
0
0
0
0
0
0
1964
3460
0
0
0
0
0
0
2481
1649
0
0
0
0
0
0
3593
1236
0
0
0
0
0
0
2061
3259
0
0
0
0
0
0
1943
3024
0
0
0
0
0
0
2958
3108
0
0
0
0
0
0
362
3493
0
0
0
0
0
0
2141
722
0
0
0
0
0
0
3383
2576
0
0
0
0
0
0
3839
282
0
0
0
0
0
0
1900
2305
0
0
0
0
0
0
2117
1314
0
0
0
0
0
0
68
2410
0
0
0
0
0
0
3718
1063
0
0
0
0
0
0
1040
3867
0
0
0
0
0
0
3917
3509
0
0
0
0
0
0
2966
3257
0
0
0
0
0
0
1487
3995
0
0
0
0
0
0
2472
3277
0
0
0
0
0
0
4013
2643
0
0
0
0
0
0
3363
2643
0
0
0
0
0
0
126
133
0
0
0
0
0
0
3573
2324
0
0
0
0
0
0
2346
1076
0
0
0
0
0
0
1800
542
0
0
0
0
0
0
666
1582
0
0
0
0
0
0
992
499
0
0
0
0
0
0
1658
1045
0
0
0
0
0
0
446
367
0
0
0
0
0
0
194
1673
0
0
0
0
0
0
201
2600
0
0
0
0
0
0
4011
4067
0
0
0
0
0
0
3583
1682
0
0
0
0
0
0
3864
2863
0
0
0
0
0
0
1734
1380
0
0
0
0
0
0
2068
2438
0
0
0
0
0
0
3357
1996
0
0
0
0
0
0
2806
2430
0
0
0
0
0
0
82
2545
0
0
0
0
0
0
2171
3214
0
0
0
0
0
0
918
2310
0
0
0
0
0
0
2865
151
0
0
0
0
0
0
990
698
0
0
0
0
0
0
1505
120
0
0
0
0
0
0
1860
545
0
0
0
0
0
0
562
2768
0
0
0
0
0
0
1716
2189
0
0
0
0
0
0
3162
624
0
0
0
0
0
0
3736
3292
0
0
0
0
0
0
4075
3051
0
0
0
0
0
0
3993
1365
0
0
0
0
0
0
1586
391
0
0
0
0
0
0
1528
616
0
0
0
0
0
0
3767
3682
0
0
0
0
0
0
588
1286
0
0
0
0
0
0
2682
3344
0
0
0
0
0
0
1590
1276
0
0
0
0
0
0
3812
1595
0
0
0
0
0
0
1327
2129
0
0
0
0
0
0
995
1489
0
0
0
0
0
0
2059
1656
0
0
0
0
0
0
316
2341
0
0
0
0
0
0
1650
1577
0
0
0
0
0
0
3715
1405
0
0
0
0
0
0
1017
4008
0
0
0
0
0
0
3564
1717
0
0
0
0
0
0
2643
2315
0
0
0
0
0
0
3422
788
0
0
0
0
0
0
3956
324
0
0
0
0
0
0
2936
3270
0
0
0
0
0
0
716
533
0
0
0
0
0
0
2494
1721
0
0
0
0
0
0
266
1070
0
0
0
0
0
0
464
2768
0
0
0
0
0
0
690
2780
0
0
0
0
0
0
486
4059
0
0
0
0
0
0
943
322
0
0
0
0
0
0
1369
2900
0
0
0
0
0
0
1080
413
0
0
0
0
0
0
388
3845
0
0
0
0
0
0
436
4037
0
0
0
0
0
0
2647
2725
0
0
0
0
0
0
3959
3156
0
0
0
0
0
0
4036
809
0
0
0
0
0
0
1238
1320
0
0
0
0
0
0
181
1131
0
0
0
0
0
0
823
1518
0
0
0
0
0
0
2894
1953
0
0
0
0
0
0
936
853
0
0
0
0
0
0
3571
3103
0
0
0
0
0
0
2946
3121
0
0
0
0
0
0
823
3907
0
0
0
0
0
0
2747
3837
0
0
0
0
0
0
800
715
0
0
0
0
0
0
2566
3129
0
0
0
0
0
0
1490
3621
0
0
0
0
0
0
3011
2165
0
0
0
0
0
0
2504
2874
0
0
0
0
0
0
2010
3914
0
0
0
0
0
0
3147
1250
0
0
0
0
0
0
19
4042
0
0
0
0
0
0
1642
3471
0
0
0
0
0
0
2664
1079
0
0
0
0
0
0
2242
2468
0
0
0
0
0
0
1051
432
0
0
0
0
0
0
951
48
0
0
0
0
0
0
2746
1242
0
0
0
0
0
0
1421
2198
0
0
0
0
0
0
442
3657
0
0
0
0
0
0
3457
2487
0
0
0
0
0
0
2264
2117
0
0
0
0
0
0
3339
1634
0
0
0
0
0
0
604
2621
0
0
0
0
0
0
2161
918
0
0
0
0
0
0
1905
3409
0
0
0
0
0
0
2440
3657
0
0
0
0
0
0
3068
1974
0
0
0
0
0
0
1695
2278
0
0
0
0
0
0
2418
1607
0
0
0
0
0
0
1644
811
0
0
0
0
0
0
143
99
0
0
0
0
0
0
2097
2771
0
0
0
0
0
0
1217
2087
0
0
0
0
0
0
3615
3497
0
0
0
0
0
0
844
2860
0
0
0
0
0
0
3803
3357
0
0
0
0
0
0
1731
3908
0
0
0
0
0
0
525
1947
0
0
0
0
0
0
3230
3636
0
0
0
0
0
0
1105
1603
0
0
0
0
0
0
2832
1336
0
0
0
0
0
0
3035
2251
0
0
0
0
0
0
2705
14
0
0
0
0
0
0
2876
583
0
0
0
0
0
0
3371
2096
0
0
0
0
0
0
306
3329
0
0
0
0
0
0
4062
104
0
0
0
0
0
0
2423
562
0
0
0
0
0
0
567
2470
0
0
0
0
0
0
2950
1015
0
0
0
0
0
0
3985
1118
0
0
0
0
0
0
3890
3916
0
0
0
0
0
0
342
167
0
0
0
0
0
0
1162
2101
0
0
0
0
0
0
2525
3637
0
0
0
0
0
0
2970
2988
0
0
0
0
0
0
2202
2555
0
0
0
0
0
0
1905
1025
0
0
0
0
0
0
1699
1035
0
0
0
0
0
0
705
2814
0
0
0
0
0
0
3332
1074
0
0
0
0
0
0
162
2273
0
0
0
0
0
0
327
2244
0
0
0
0
0
0
3760
404
0
0
0
0
0
0
703
1074
0
0
0
0
0
0
1938
62
0
0
0
0
0
0
169
774
0
0
0
0
0
0
1405
4008
0
0
0
0
0
0
3797
1817
0
0
0
0
0
0
3179
3378
0
0
0
0
0
0
1771
1702
0
0
0
0
0
0
2257
2336
0
0
0
0
0
0
2624
2965
0
0
0
0
0
0
3420
2829
0
0
0
0
0
0
1253
1146
0
0
0
0
0
0
2986
3365
0
0
0
0
0
0
2114
1123
0
0
0
0
0
0
1344
3668
0
0
0
0
0
0
1048
328
0
0
0
0
0
0
6
3107
0
0
0
0
0
0
3879
1537
0
0
0
0
0
0
3261
2854
0
0
0
0
0
0
166
3940
0
0
0
0
0
0
848
4015
0
0
0
0
0
0
2156
3245
0
0
0
0
0
0
3283
3096
0
0
0
0
0
0
153
1309
0
0
0
0
0
0
3904
2471
0
0
0
0
0
0
1700
1864
0
0
0
0
0
0
304
1982
0
0
0
0
0
0
2404
841
0
0
0
0
0
0
200
1307
0
0
0
0
0
0
1975
1769
0
0
0
0
0
0
3237
2417
0
0
0
0
0
0
1035
1895
0
0
0
0
0
0
3861
2974
0
0
0
0
0
0
1698
632
0
0
0
0
0
0
1956
2209
0
0
0
0
0
0
1089
1538
0
0
0
0
0
0
201
3613
0
0
0
0
0
0
1664
2012
0
0
0
0
0
0
216
295
0
0
0
0
0
0
3214
1673
0
0
0
0
0
0
3099
3770
0
0
0
0
0
0
2404
2986
0
0
0
0
0
0
3722
1544
0
0
0
0
0
0
2742
2254
0
0
0
0
0
0
317
1873
0
0
0
0
0
0
723
3340
0
0
0
0
0
0
2064
2224
0
0
0
0
0
0
401
2835
0
0
0
0
0
0
3461
3895
0
0
0
0
0
0
484
2444
0
0
0
0
0
0
1849
1416
0
0
0
0
0
0
395
2989
0
0
0
0
0
0
1215
2707
0
0
0
0
0
0
2813
1468
0
0
0
0
0
0
1550
3106
0
0
0
0
0
0
228
572
0
0
0
0
0
0
1271
3691
0
0
0
0
0
0
1724
3188
0
0
0
0
0
0
315
267
0
0
0
0
0
0
1601
2811
0
0
0
0
0
0
436
3611
0
0
0
0
0
0
1141
2630
0
0
0
0
0
0
2954
546
0
0
0
0
0
0
2152
1260
0
0
0
0
0
0
2367
1008
0
0
0
0
0
0
184
3338
0
0
0
0
0
0
3547
145
0
0
0
0
0
0
909
3075
0
0
0
0
0
0
339
3866
0
0
0
0
0
0
2494
1963
0
0
0
0
0
0
2990
1575
0
0
0
0
0
0
2274
2373
0
0
0
0
0
0
3978
587
0
0
0
0
0
0
97
278
0
0
0
0
0
0
2344
1913
0
0
0
0
0
0
2607
1486
0
0
0
0
0
0
431
3443
0
0
0
0
0
0
4095
3774
0
0
0
0
0
0
1011
2656
0
0
0
0
0
0
3743
4056
0
0
0
0
0
0
3954
3878
0
0
0
0
0
0
2034
1853
0
0
0
0
0
0
2029
1965
0
0
0
0
0
0
227
3942
0
0
0
0
0
0
631
3618
0
0
0
0
0
0
3537
818
0
0
0
0
0
0
533
3813
0
0
0
0
0
0
4020
336
0
0
0
0
0
0
1520
2734
0
0
0
0
0
0
1180
3015
0
0
0
0
0
0
2807
1255
0
0
0
0
0
0
2246
1765
0
0
0
0
0
0
3496
413
0
0
0
0
0
0
2531
1382
0
0
0
0
0
0
3310
572
0
0
0
0
0
0
1972
1978
0
0
0
0
0
0
2501
1470
0
0
0
0
0
0
1081
2983
0
0
0
0
0
0
1722
2367
0
0
0
0
0
0
481
3688
0
0
0
0
0
0
1390
2773
0
0
0
0
0
0
415
3789
0
0
0
0
0
0
1598
2557
0
0
0
0
0
0
809
3355
0
0
0
0
0
0
2045
2053
0
0
0
0
0
0
1239
2858
0
0
0
0
0
0
2415
1621
0
0
0
0
0
0
1448
2604
0
0
0
0
0
0
2470
1539
0
0
0
0
0
0
1385
2661
0
0
0
0
0
0
2283
1739
0
0
0
0
0
0
1145
2927
0
0
0
0
0
0
2025
2025
0
0
0
0
0
0
954
3144
0
0
0
0
0
0
1863
2209
0
0
0
0
0
0
863
3246
0
0
0
0
0
0
1851
2224
0
0
0
0
0
0
871
3235
0
0
0
0
0
0
1898
2168
0
0
0
0
0
0
915
3182
0
0
0
0
0
0
1922
2138
0
0
0
0
0
0
931
3159
0
0
0
0
0
0
1934
2118
0
0
0
0
0
0
927
3157
0
0
0
0
0
0
1909
2147
0
0
0
0
0
0
837
3258
0
0
0
0
0
0
1840
2225
0
0
0
0
0
0
792
3308
0
0
0
0
0
0
1819
2249
0
0
0
0
0
0
776
3327
0
0
0
0
0
0
1815
2255
0
0
0
0
0
0
769
3334
0
0
0
0
0
0
1816
2253
0
0
0
0
0
0
765
3338
0
0
0
0
0
0
1820
2250
0
0
0
0
0
0
763
3341
0
0
0
0
0
0
1824
2245
0
0
0
0
0
0
761
3342
0
0
0
0
0
0
1829
2241
0
0
0
0
0
0
759
3344
0
0
0
0
0
0
1834
2236
0
0
0
0
0
0
758
3346
0
0
0
0
0
0
1839
2231
0
0
0
0
0
0
756
3347
0
0
0
0
0
0
1844
2227
0
0
0
0
0
0
754
3349
0
0
0
0
0
0
1848
2222
0
0
0
0
0
0
753
3351
0
0
0
0
0
0
1853
2217
0
0
0
0
0
0
751
3352
0
0
0
0
0
0
1858
2212
0
0
0
0
0
0
750
3354
0
0
0
0
0
0
1863
2208
0
0
0
0
0
0
748
3355
0
0
0
0
0
0
1867
2203
0
0
0
0
0
0
746
3357
0
0
0
0
0
0
1872
2198
0
0
0
0
0
0
745
3358
0
0
0
0
0
0
1877
2194
0
0
0
0
0
0
743
3360
0
0
0
0
0
0
1882
2189
0
0
0
0
0
0
742
3362
0
0
0
0
0
0
1886
2184
0
0
0
0
0
0
740
3363
0
0
0
0
0
0
1891
2180
0
0
0
0
0
0
738
3365
0
0
0
0
0
0
1896
2175
0
0
0
0
0
0
737
3366
0
0
0
0
0
0
1900
2170
0
0
0
0
0
0
735
3368
0
0
0
0
0
0
1905
2166
0
0
0
0
0
0
734
3369
0
0
0
0
0
0
1910
2161
0
0
0
0
0
0
732
3371
0
0
0
0
0
0
1914
2157
0
0
0
0
0
0
731
3372
0
0
0
0
0
0
1919
2152
0
0
0
0
0
0
729
3374
0
0
0
0
0
0
1924
2147
0
0
0
0
0
0
727
3376
0
0
0
0
0
0
1928
2143
0
0
0
0
0
0
726
3377
0
0
0
0
0
0
1933
2138
0
0
0
0
0
0
724
3379
0
0
0
0
0
0
1938
2134
0
0
0
0
0
0
723
3380
0
0
0
0
0
0
1942
2129
0
0
0
0
0
0
721
3382
0
0
0
0
0
0
1947
2125
0
0
0
0
0
0
720
3383
0
0
0
0
0
0
1951
2120
0
0
0
0
0
0
718
3385
0
0
0
0
0
0
1956
2116
0
0
0
0
0
0
717
3386
0
0
0
0
0
0
1960
2111
0
0
0
0
0
0
715
3388
0
0
0
0
0
0
1965
2107
0
0
0
0
0
0
714
3389
0
0
0
0
0
0
1969
2102
0
0
0
0
0
0
712
3391
0
0
0
0
0
0
1974
2098
0
0
0
0
0
0
711
3392
0
0
0
0
0
0
1979
2093
0
0
0
0
0
0
709
3394
0
0
0
0
0
0
1983
2089
0
0
0
0
0
0
708
3395
0
0
0
0
0
0
1988
2084
0
0
0
0
0
0
706
3397
0
0
0
0
0
0
1992
2080
0
0
0
0
0
0
705
3398
0
0
0
0
0
0
1997
2075
0
0
0
0
0
0
703
3400
0
0
0
0
0
0
2001
2071
0
0
0
0
0
0
702
3401
0
0
0
0
0
0
2005
2067
0
0
0
0
0
0
700
3403
0
0
0
0
0
0
2010
2062
0
0
0
0
0
0
699
3404
0
0
0
0
0
0
2014
2058
0
0
0
0
0
0
697
3406
0
0
0
0
0
0
2019
2053
0
0
0
0
0
0
696
3407
0
0
0
0
0
0
2023
2049
0
0
0
0
0
0
694
3409
0
0
0
0
0
0
2028
2045
0
0
0
0
0
0
693
3410
0
0
0
0
0
0
2032
2040
0
0
0
0
0
0
691
3411
0
0
0
0
0
0
2036
2036
0
0
0
0
0
0
690
3413
0
0
0
0
0
0
2041
2032
0
0
0
0
0
0
688
3414
0
0
0
0
0
0
2045
2027
0
0
0
0
0
0
687
3416
0
0
0
0
0
0
2050
2023
0
0
0
0
0
0
685
3417
0
0
0
0
0
0
2054
2019
0
0
0
0
0
0
684
3419
0
0
0
0
0
0
2058
2014
0
0
0
0
0
0
682
3420
0
0
0
0
0
0
2063
2010
0
0
0
0
0
0
681
3422
0
0
0
0
0
0
2067
2006
0
0
0
0
0
0
679
3423
0
0
0
0
0
0
2071
2001
0
0
0
0
0
0
678
3424
0
0
0
0
0
0
2076
1997
0
0
0
0
0
0
677
3426
0
0
0
0
0
0
2080
1993
0
0
0
0
0
0
675
3427
0
0
0
0
0
0
2084
1989
0
0
0
0
0
0
674
3429
0
0
0
0
0
0
2088
1984
0
0
0
0
0
0
672
3430
0
0
0
0
0
0
2093
1980
0
0
0
0
0
0
671
3432
0
0
0
0
0
0
2097
1976
0
0
0
0
0
0
669
3433
0
0
0
0
0
0
2101
1972
0
0
0
0
0
0
668
3434
0
0
0
0
0
0
2105
1968
0
0
0
0
0
0
667
3436
0
0
0
0
0
0
2110
1963
0
0
0
0
0
0
665
3437
0
0
0
0
0
0
2114
1959
0
0
0
0
0
0
664
3439
0
0
0
0
0
0
2118
1955
0
0
0
0
0
0
662
3440
0
0
0
0
0
0
2122
1951
0
0
0
0
0
0
661
3441
0
0
0
0
0
0
2127
1947
0
0
0
0
0
0
659
3443
0
0
0
0
0
0
2131
1943
0
0
0
0
0
0
658
3444
0
0
0
0
0
0
2135
1938
0
0
0
0
0
0
657
3446
0
0
0
0
0
0
2139
1934
0
0
0
0
0
0
655
3447
0
0
0
0
0
0
2143
1930
0
0
0
0
0
0
654
3448
0
0
0
0
0
0
2147
1926
0
0
0
0
0
0
652
3450
0
0
0
0
0
0
2152
1922
0
0
0
0
0
0
651
3451
0
0
0
0
0
0
2156
1918
0
0
0
0
0
0
650
3453
0
0
0
0
0
0
2160
1914
0
0
0
0
0
0
648
3454
0
0
0
0
0
0
2164
1910
0
0
0
0
0
0
647
3455
0
0
0
0
0
0
2168
1906
0
0
0
0
0
0
646
3457
0
0
0
0
0
0
2172
1902
0
0
0
0
0
0
644
3458
0
0
0
0
0
0
2176
1898
0
0
0
0
0
0
643
3459
0
0
0
0
0
0
2180
1894
0
0
0
0
0
0
641
3461
0
0
0
0
0
0
2184
1890
0
0
0
0
0
0
640
3462
0
0
0
0
0
0
2188
1885
0
0
0
0
0
0
639
3463
0
0
0
0
0
0
2193
1881
0
0
0
0
0
0
637
3465
0
0
0
0
0
0
2197
1877
0
0
0
0
0
0
636
3466
0
0
0
0
0
0
2201
1873
0
0
0
0
0
0
635
3467
0
0
0
0
0
0
2205
1869
0
0
0
0
0
0
633
3469
0
0
0
0
0
0
2209
1865
0
0
0
0
0
0
632
3470
0
0
0
0
0
0
2213
1862
0
0
0
0
0
0
631
3471
0
0
0
0
0
0
2217
1858
0
0
0
0
0
0
629
3473
0
0
0
0
0
0
2221
1854
0
0
0
0
0
0
628
3474
0
0
0
0
0
0
2225
1850
0
0
0
0
0
0
627
3475
0
0
0
0
0
0
2229
1846
0
0
0
0
0
0
625
3477
0
0
0
0
0
0
2233
1842
0
0
0
0
0
0
624
3478
0
0
0
0
0
0
2237
1838
0
0
0
0
0
0
623
3479
0
0
0
0
0
0
2241
1834
0
0
0
0
0
0
621
3481
0
0
0
0
0
0
2245
1830
0
0
0
0
0
0
620
3482
0
0
0
0
0
0
2248
1826
0
0
0
0
0
0
619
3483
0
0
0
0
0
0
2252
1822
0
0
0
0
0
0
617
3485
0
0
0
0
0
0
2256
1818
0
0
0
0
0
0
616
3486
0
0
0
0
0
0
2260
1814
0
0
0
0
0
0
615
3487
0
0
0
0
0
0
2264
1811
0
0
0
0
0
0
613
3489
0
0
0
0
0
0
2268
1807
0
0
0
0
0
0
612
3490
0
0
0
0
0
0
2272
1803
0
0
0
0
0
0
611
3491
0
0
0
0
0
0
2276
1799
0
0
0
0
0
0
609
3492
0
0
0
0
0
0
2280
1795
0
0
0
0
0
0
608
3494
0
0
0
0
0
0
2284
1791
0
0
0
0
0
0
607
3495
0
0
0
0
0
0
2287
1788
0
0
0
0
0
0
605
3496
0
0
0
0
0
0
2291
1784
0
0
0
0
0
0
604
3498
0
0
0
0
0
0
2295
1780
0
0
0
0
0
0
603
3499
0
0
0
0
0
0
2299
1776
0
0
0
0
0
0
602
3500
0
0
0
0
0
0
2303
1772
0
0
0
0
0
0
600
3501
0
0
0
0
0
0
2307
1769
0
0
0
0
0
0
599
3503
0
0
0
0
0
0
2310
1765
0
0
0
0
0
0
598
3504
0
0
0
0
0
0
2314
1761
0
0
0
0
0
0
596
3505
0
0
0
0
0
0
2318
1757
0
0
0
0
0
0
595
3506
0
0
0
0
0
0
2322
1754
0
0
0
0
0
0
594
3508
0
0
0
0
0
0
2326
1750
0
0
0
0
0
0
593
3509
0
0
0
0
0
0
2329
1746
0
0
0
0
0
0
591
3510
0
0
0
0
0
0
2333
1742
0
0
0
0
0
0
590
3511
0
0
0
0
0
0
2337
1739
0
0
0
0
0
0
589
3513
0
0
0
0
0
0
2341
1735
0
0
0
0
0
0
588
3514
0
0
0
0
0
0
2344
1731
0
0
0
0
0
0
586
3515
0
0
0
0
0
0
2348
1728
0
0
0
0
0
0
585
3516
0
0
0
0
0
0
2352
1724
0
0
0
0
0
0
584
3518
0
0
0
0
0
0
2355
1720
0
0
0
0
0
0
583
3519
0
0
0
0
0
0
2359
1717
0
0
0
0
0
0
581
3520
0
0
0
0
0
0
2363
1713
0
0
0
0
0
0
580
3521
0
0
0
0
0
0
2367
1709
0
0
0
0
0
0
579
3522
0
0
0
0
0
0
2370
1706
0
0
0
0
0
0
578
3524
0
0
0
0
0
0
2374
1702
0
0
0
0
0
0
576
3525
0
0
0
0
0
0
2378
1698
0
0
0
0
0
0
575
3526
0
0
0
0
0
0
2381
1695
0
0
0
0
0
0
574
3527
0
0
0
0
0
0
2385
1691
0
0
0
0
0
0
573
3529
0
0
0
0
0
0
2389
1688
0
0
0
0
0
0
572
3530
0
0
0
0
0
0
2392
1684
0
0
0
0
0
0
570
3531
0
0
0
0
0
0
2396
1680
0
0
0
0
0
0
569
3532
0
0
0
0
0
0
2399
1677
0
0
0
0
0
0
568
3533
0
0
0
0
0
0
2403
1673
0
0
0
0
0
0
567
3535
0
0
0
0
0
0
2407
1670
0
0
0
0
0
0
565
3536
0
0
0
0
0
0
2410
1666
0
0
0
0
0
0
564
3537
0
0
0
0
0
0
2414
1663
0
0
0
0
0
0
563
3538
0
0
0
0
0
0
2417
1659
0
0
0
0
0
0
562
3539
0
0
0
0
0
0
2421
1656
0
0
0
0
0
0
561
3541
0
0
0
0
0
0
2425
1652
0
0
0
0
0
0
559
3542
0
0
0
0
0
0
2428
1648
0
0
0
0
0
0
558
3543
0
0
0
0
0
0
2432
1645
0
0
0
0
0
0
557
3544
0
0
0
0
0
0
2435
1641
0
0
0
0
0
0
556
3545
0
0
0
0
0
0
2439
1638
0
0
0
0
0
0
555
3546
0
0
0
0
0
0
2442
1634
0
0
0
0
0
0
554
3548
0
0
0
0
0
0
2446
1631
0
0
0
0
0
0
552
3549
0
0
0
0
0
0
2449
1628
0
0
0
0
0
0
551
3550
0
0
0
0
0
0
2453
1624
0
0
0
0
0
0
550
3551
0
0
0
0
0
0
2456
1621
0
0
0
0
0
0
549
3552
0
0
0
0
0
0
2460
1617
0
0
0
0
0
0
548
3553
0
0
0
0
0
0
2463
1614
0
0
0
0
0
0
546
3555
0
0
0
0
0
0
2467
1610
0
0
0
0
0
0
545
3556
0
0
0
0
0
0
2470
1607
0
0
0
0
0
0
544
3557
0
0
0
0
0
0
2474
1603
0
0
0
0
0
0
543
3558
0
0
0
0
0
0
2477
1600
0
0
0
0
0
0
542
3559
0
0
0
0
0
0
2481
1597
0
0
0
0
0
0
541
3560
0
0
0
0
0
0
2484
1593
0
0
0
0
0
0
540
3561
0
0
0
0
0
0
2487
1590
0
0
0
0
0
0
538
3563
0
0
0
0
0
0
2491
1586
0
0
0
0
0
0
537
3564
0
0
0
0
0
0
2494
1583
0
0
0
0
0
0
536
3565
0
0
0
0
0
0
2498
1580
0
0
0
0
0
0
535
3566
0
0
0
0
0
0
2501
1576
0
0
0
0
0
0
534
3567
0
0
0
0
0
0
2504
1573
0
0
0
0
0
0
533
3568
0
0
0
0
0
0
2508
1570
0
0
0
0
0
0
532
3569
0
0
0
0
0
0
2511
1566
0
0
0
0
0
0
530
3570
0
0
0
0
0
0
2515
1563
0
0
0
0
0
0
529
3572
0
0
0
0
0
0
2518
1560
0
0
0
0
0
0
528
3573
0
0
0
0
0
0
2521
1556
0
0
0
0
0
0
527
3574
0
0
0
0
0
0
2525
1553
0
0
0
0
0
0
526
3575
0
0
0
0
0
0
2528
1550
0
0
0
0
0
0
525
3576
0
0
0
0
0
0
2531
1546
0
0
0
0
0
0
524
3577
0
0
0
0
0
0
2535
1543
0
0
0
0
0
0
523
3578
0
0
0
0
0
0
2538
1540
0
0
0
0
0
0
521
3579
0
0
0
0
0
0
2541
1536
0
0
0
0
0
0
520
3580
0
0
0
0
0
0
2545
1533
0
0
0
0
0
0
519
3582
0
0
0
0
0
0
2548
1530
0
0
0
0
0
0
518
3583
0
0
0
0
0
0
2551
1527
0
0
0
0
0
0
517
3584
0
0
0
0
0
0
2555
1523
0
0
0
0
0
0
516
3585
0
0
0
0
0
0
2558
1520
0
0
0
0
0
0
515
3586
0
0
0
0
0
0
2561
1517
0
0
0
0
0
0
514
3587
0
0
0
0
0
0
2564
1514
0
0
0
0
0
0
513
3588
0
0
0
0
0
0
2568
1511
0
0
0
0
0
0
511
3589
0
0
0
0
0
0
2571
1507
0
0
0
0
0
0
510
3590
0
0
0
0
0
0
2574
1504
0
0
0
0
0
0
509
3591
0
0
0
0
0
0
2577
1501
0
0
0
0
0
0
508
3592
0
0
0
0
0
0
2581
1498
0
0
0
0
0
0
507
3593
0
0
0
0
0
0
2584
1494
0
0
0
0
0
0
506
3595
0
0
0
0
0
0
2587
1491
0
0
0
0
0
0
505
3596
0
0
0
0
0
0
2590
1488
0
0
0
0
0
0
504
3597
0
0
0
0
0
0
2593
1485
0
0
0
0
0
0
503
3598
0
0
0
0
0
0
2597
1482
0
0
0
0
0
0
502
3599
0
0
0
0
0
0
2600
1479
0
0
0
0
0
0
501
3600
0
0
0
0
0
0
2603
1475
0
0
0
0
0
0
500
3601
0
0
0
0
0
0
2606
1472
0
0
0
0
0
0
499
3602
0
0
0
0
0
0
2609
1469
0
0
0
0
0
0
497
3603
0
0
0
0
0
0
2613
1466
0
0
0
0
0
0
496
3604
0
0
0
0
0
0
2616
1463
0
0
0
0
0
0
495
3605
0
0
0
0
0
0
2619
1460
0
0
0
0
0
0
494
3606
0
0
0
0
0
0
2622
1457
0
0
0
0
0
0
493
3607
0
0
0
0
0
0
2625
1454
0
0
0
0
0
0
492
3608
0
0
0
0
0
0
2628
1451
0
0
0
0
0
0
491
3609
0
0
0
0
0
0
2631
1447
0
0
0
0
0
0
490
3610
0
0
0
0
0
0
2635
1444
0
0
0
0
0
0
489
3611
0
0
0
0
0
0
2638
1441
0
0
0
0
0
0
488
3612
0
0
0
0
0
0
2641
1438
0
0
0
0
0
0
487
3613
0
0
0
0
0
0
2644
1435
0
0
0
0
0
0
486
3614
0
0
0
0
0
0
2647
1432
0
0
0
0
0
0
485
3615
0
0
0
0
0
0
2650
1429
0
0
0
0
0
0
484
3617
0
0
0
0
0
0
2653
1426
0
0
0
0
0
0
483
3618
0
0
0
0
0
0
2656
1423
0
0
0
0
0
0
482
3619
0
0
0
0
0
0
2659
1420
0
0
0
0
0
0
481
3620
0
0
0
0
0
0
2662
1417
0
0
0
0
0
0
480
3621
0
0
0
0
0
0
2665
1414
0
0
0
0
0
0
479
3622
0
0
0
0
0
0
2668
1411
0
0
0
0
0
0
478
3623
0
0
0
0
0
0
2671
1408
0
0
0
0
0
0
477
3624
0
0
0
0
0
0
2674
1405
0
0
0
0
0
0
476
3625
0
0
0
0
0
0
2677
1402
0
0
0
0
0
0
475
3626
0
0
0
0
0
0
2680
1399
0
0
0
0
0
0
474
3627
0
0
0
0
0
0
2684
1396
0
0
0
0
0
0
473
3628
0
0
0
0
0
0
2687
1393
0
0
0
0
0
0
472
3629
0
0
0
0
0
0
2690
1390
0
0
0
0
0
0
471
3630
0
0
0
0
0
0
2693
1387
0
0
0
0
0
0
470
3631
0
0
0
0
0
0
2695
1384
0
0
0
0
0
0
469
3632
0
0
0
0
0
0
2698
1381
0
0
0
0
0
0
468
3633
0
0
0
0
0
0
2701
1378
0
0
0
0
0
0
467
3634
0
0
0
0
0
0
2704
1375
0
0
0
0
0
0
466
3635
0
0
0
0
0
0
2707
1372
0
0
0
0
0
0
465
3636
0
0
0
0
0
0
2710
1369
0
0
0
0
0
0
464
3637
0
0
0
0
0
0
2713
1366
0
0
0
0
0
0
463
3638
0
0
0
0
0
0
2716
1364
0
0
0
0
0
0
462
3638
0
0
0
0
0
0
2719
1361
0
0
0
0
0
0
461
3639
0
0
0
0
0
0
2722
1358
0
0
0
0
0
0
460
3640
0
0
0
0
0
0
2725
1355
0
0
0
0
0
0
459
3641
0
0
0
0
0
0
2728
1352
0
0
0
0
0
0
458
3642
0
0
0
0
0
0
2731
1349
0
0
0
0
0
0
457
3643
0
0
0
0
0
0
2734
1346
0
0
0
0
0
0
456
3644
0
0
0
0
0
0
2737
1343
0
0
0
0
0
0
455
3645
0
0
0
0
0
0
2740
1341
0
0
0
0
0
0
454
3646
0
0
0
0
0
0
2742
1338
0
0
0
0
0
0
453
3647
0
0
0
0
0
0
2745
1335
0
0
0
0
0
0
452
3648
0
0
0
0
0
0
2748
1332
0
0
0
0
0
0
451
3649
0
0
0
0
0
0
2751
1329
0
0
0
0
0
0
450
3650
0
0
0
0
0
0
2754
1326
0
0
0
0
0
0
449
3651
0
0
0
0
0
0
2757
1323
0
0
0
0
0
0
448
3652
0
0
0
0
0
0
2760
1321
0
0
0
0
0
0
447
3653
0
0
0
0
0
0
2762
1318
0
0
0
0
0
0
446
3654
0
0
0
0
0
0
2765
1315
0
0
0
0
0
0
445
3655
0
0
0
0
0
0
2768
1312
0
0
0
0
0
0
444
3656
0
0
0
0
0
0
2771
1309
0
0
0
0
0
0
443
3657
0
0
0
0
0
0
2774
1307
0
0
0
0
0
0
442
3658
0
0
0
0
0
0
2777
1304
0
0
0
0
0
0
441
3659
0
0
0
0
0
0
2779
1301
0
0
0
0
0
0
440
3659
0
0
0
0
0
0
2782
1298
0
0
0
0
0
0
439
3660
0
0
0
0
0
0
2785
1296
0
0
0
0
0
0
439
3661
0
0
0
0
0
0
2788
1293
0
0
0
0
0
0
438
3662
0
0
0
0
0
0
2791
1290
0
0
0
0
0
0
437
3663
0
0
0
0
0
0
2793
1287
0
0
0
0
0
0
436
3664
0
0
0
0
0
0
2796
1285
0
0
0
0
0
0
435
3665
0
0
0
0
0
0
2799
1282
0
0
0
0
0
0
434
3666
0
0
0
0
0
0
2802
1279
0
0
0
0
0
0
433
3667
0
0
0
0
0
0
2804
1276
0
0
0
0
0
0
432
3668
0
0
0
0
0
0
2807
1274
0
0
0
0
0
0
431
3669
0
0
0
0
0
0
2810
1271
0
0
0
0
0
0
430
3670
0
0
0
0
0
0
2813
1268
0
0
0
0
0
0
429
3670
0
0
0
0
0
0
2815
1266
0
0
0
0
0
0
428
3671
0
0
0
0
0
0
2818
1263
0
0
0
0
0
0
427
3672
0
0
0
0
0
0
2821
1260
0
0
0
0
0
0
427
3673
0
0
0
0
0
0
2824
1257
0
0
0
0
0
0
426
3674
0
0
0
0
0
0
2826
1255
0
0
0
0
0
0
425
3675
0
0
0
0
0
0
2829
1252
0
0
0
0
0
0
424
3676
0
0
0
0
0
0
2832
1249
0
0
0
0
0
0
423
3677
0
0
0
0
0
0
2834
1247
0
0
0
0
0
0
422
3678
0
0
0
0
0
0
2837
1244
0
0
0
0
0
0
421
3679
0
0
0
0
0
0
2840
1241
0
0
0
0
0
0
420
3679
0
0
0
0
0
0
2842
1239
0
0
0
0
0
0
419
3680
0
0
0
0
0
0
2845
1236
0
0
0
0
0
0
418
3681
0
0
0
0
0
0
2848
1234
0
0
0
0
0
0
418
3682
0
0
0
0
0
0
2850
1231
0
0
0
0
0
0
417
3683
0
0
0
0
0
0
2853
1228
0
0
0
0
0
0
416
3684
0
0
0
0
0
0
2856
1226
0
0
0
0
0
0
415
3685
0
0
0
0
0
0
2858
1223
0
0
0
0
0
0
414
3686
0
0
0
0
0
0
2861
1220
0
0
0
0
0
0
413
3686
0
0
0
0
0
0
2864
1218
0
0
0
0
0
0
412
3687
0
0
0
0
0
0
2866
1215
0
0
0
0
0
0
411
3688
0
0
0
0
0
0
2869
1213
0
0
0
0
0
0
410
3689
0
0
0
0
0
0
2871
1210
0
0
0
0
0
0
410
3690
0
0
0
0
0
0
2874
1208
0
0
0
0
0
0
409
3691
0
0
0
0
0
0
2877
1205
0
0
0
0
0
0
408
3692
0
0
0
0
0
0
2879
1202
0
0
0
0
0
0
407
3693
0
0
0
0
0
0
2882
1200
0
0
0
0
0
0
406
3693
0
0
0
0
0
0
2884
1197
0
0
0
0
0
0
405
3694
0
0
0
0
0
0
2887
1195
0
0
0
0
0
0
404
3695
0
0
0
0
0
0
2890
1192
0
0
0
0
0
0
403
3696
0
0
0
0
0
0
2892
1190
0
0
0
0
0
0
403
3697
0
0
0
0
0
0
2895
1187
0
0
0
0
0
0
402
3698
0
0
0
0
0
0
2897
1185
0
0
0
0
0
0
401
3699
0
0
0
0
0
0
2900
1182
0
0
0
0
0
0
400
3699
0
0
0
0
0
0
2902
1180
0
0
0
0
0
0
399
3700
0
0
0
0
0
0
2905
1177
0
0
0
0
0
0
398
3701
0
0
0
0
0
0
2907
1175
0
0
0
0
0
0
397
3702
0
0
0
0
0
0
2910
1172
0
0
0
0
0
0
397
3703
0
0
0
0
0
0
2912
1170
0
0
0
0
0
0
396
3704
0
0
0
0
0
0
2915
1167
0
0
0
0
0
0
395
3704
0
0
0
0
0
0
2917
1165
0
0
0
0
0
0
394
3705
0
0
0
0
0
0
2920
1162
0
0
0
0
0
0
393
3706
0
0
0
0
0
0
2922
1160
0
0
0
0
0
0
392
3707
0
0
0
0
0
0
2925
1157
0
0
0
0
0
0
392
3708
0
0
0
0
0
0
2927
1155
0
0
0
0
0
0
391
3709
0
0
0
0
0
0
2930
1152
0
0
0
0
0
0
390
3709
0
0
0
0
0
0
2932
1150
0
0
0
0
0
0
389
3710
0
0
0
0
0
0
2935
1147
0
0
0
0
0
0
388
3711
0
0
0
0
0
0
2937
1145
0
0
0
0
0
0
387
3712
0
0
0
0
0
0
2940
1142
0
0
0
0
0
0
387
3713
0
0
0
0
0
0
2942
1140
0
0
0
0
0
0
386
3713
0
0
0
0
0
0
2945
1138
0
0
0
0
0
0
385
3714
0
0
0
0
0
0
2947
1135
0
0
0
0
0
0
384
3715
0
0
0
0
0
0
2950
1133
0
0
0
0
0
0
383
3716
0
0
0
0
0
0
2952
1130
0
0
0
0
0
0
382
3717
0
0
0
0
0
0
2955
1128
0
0
0
0
0
0
382
3718
0
0
0
0
0
0
2957
1125
0
0
0
0
0
0
381
3718
0
0
0
0
0
0
2959
1123
0
0
0
0
0
0
380
3719
0
0
0
0
0
0
2962
1121
0
0
0
0
0
0
379
3720
0
0
0
0
0
0
2964
1118
0
0
0
0
0
0
378
3721
0
0
0
0
0
0
2967
1116
0
0
0
0
0
0
378
3722
0
0
0
0
0
0
2969
1114
0
0
0
0
0
0
377
3722
0
0
0
0
0
0
2971
1111
0
0
0
0
0
0
376
3723
0
0
0
0
0
0
2974
1109
0
0
0
0
0
0
375
3724
0
0
0
0
0
0
2976
1106
0
0
0
0
0
0
374
3725
0
0
0
0
0
0
2979
1104
0
0
0
0
0
0
374
3726
0
0
0
0
0
0
2981
1102
0
0
0
0
0
0
373
3726
0
0
0
0
0
0
2983
1099
0
0
0
0
0
0
372
3727
0
0
0
0
0
0
2986
1097
0
0
0
0
0
0
371
3728
0
0
0
0
0
0
2988
1095
0
0
0
0
0
0
370
3729
0
0
0
0
0
0
2990
1092
0
0
0
0
0
0
370
3729
0
0
0
0
0
0
2993
1090
0
0
0
0
0
0
369
3730
0
0
0
0
0
0
2995
1088
0
0
0
0
0
0
368
3731
0
0
0
0
0
0
2997
1085
0
0
0
0
0
0
367
3732
0
0
0
0
0
0
3000
1083
0
0
0
0
0
0
366
3733
0
0
0
0
0
0
3002
1081
0
0
0
0
0
0
366
3733
0
0
0
0
0
0
3004
1078
0
0
0
0
0
0
365
3734
0
0
0
0
0
0
3007
1076
0
0
0
0
0
0
364
3735
0
0
0
0
0
0
3009
1074
0
0
0
0
0
0
363
3736
0
0
0
0
0
0
3011
1072
0
0
0
0
0
0
363
3736
0
0
0
0
0
0
3014
1069
0
0
0
0
0
0
362
3737
0
0
0
0
0
0
3016
1067
0
0
0
0
0
0
361
3738
0
0
0
0
0
0
3018
1065
0
0
0
0
0
0
360
3739
0
0
0
0
0
0
3021
1063
0
0
0
0
0
0
359
3739
0
0
0
0
0
0
3023
1060
0
0
0
0
0
0
359
3740
0
0
0
0
0
0
3025
1058
0
0
0
0
0
0
358
3741
0
0
0
0
0
0
3027
1056
0
0
0
0
0
0
357
3742
0
0
0
0
0
0
3030
1053
0
0
0
0
0
0
356
3742
0
0
0
0
0
0
3032
1051
0
0
0
0
0
0
356
3743
0
0
0
0
0
0
3034
1049
0
0
0
0
0
0
355
3744
0
0
0
0
0
0
3037
1047
0
0
0
0
0
0
354
3745
0
0
0
0
0
0
3039
1045
0
0
0
0
0
0
353
3746
0
0
0
0
0
0
3041
1042
0
0
0
0
0
0
353
3746
0
0
0
0
0
0
3043
1040
0
0
0
0
0
0
352
3747
0
0
0
0
0
0
3046
1038
0
0
0
0
0
0
351
3748
0
0
0
0
0
0
3048
1036
0
0
0
0
0
0
350
3748
0
0
0
0
0
0
3050
1033
0
0
0
0
0
0
350
3749
0
0
0
0
0
0
3052
1031
0
0
0
0
0
0
349
3750
0
0
0
0
0
0
3054
1029
0
0
0
0
0
0
348
3751
0
0
0
0
0
0
3057
1027
0
0
0
0
0
0
347
3751
0
0
0
0
0
0
3059
1025
0
0
0
0
0
0
347
3752
0
0
0
0
0
0
3061
1023
0
0
0
0
0
0
346
3753
0
0
0
0
0
0
3063
1020
0
0
0
0
0
0
345
3754
0
0
0
0
0
0
3065
1018
0
0
0
0
0
0
344
3754
0
0
0
0
0
0
3068
1016
0
0
0
0
0
0
344
3755
0
0
0
0
0
0
3070
1014
0
0
0
0
0
0
343
3756
0
0
0
0
0
0
3072
1012
0
0
0
0
0
0
342
3757
0
0
0
0
0
0
3074
1010
0
0
0
0
0
0
342
3757
0
0
0
0
0
0
3076
1007
0
0
0
0
0
0
341
3758
0
0
0
0
0
0
3079
1005
0
0
0
0
0
0
340
3759
0
0
0
0
0
0
3081
1003
0
0
0
0
0
0
339
3759
0
0
0
0
0
0
3083
1001
0
0
0
0
0
0
339
3760
0
0
0
0
0
0
3085
999
0
0
0
0
0
0
338
3761
0
0
0
0
0
0
3087
997
0
0
0
0
0
0
337
3762
0
0
0
0
0
0
3089
995
0
0
0
0
0
0
336
3762
0
0
0
0
0
0
3091
992
0
0
0
0
0
0
336
3763
0
0
0
0
0
0
3094
990
0
0
0
0
0
0
335
3764
0
0
0
0
0
0
3096
988
0
0
0
0
0
0
334
3764
0
0
0
0
0
0
3098
986
0
0
0
0
0
0
334
3765
0
0
0
0
0
0
3100
984
0
0
0
0
0
0
333
3766
0
0
0
0
0
0
3102
982
0
0
0
0
0
0
332
3767
0
0
0
0
0
0
3104
980
0
0
0
0
0
0
331
3767
0
0
0
0
0
0
3106
978
0
0
0
0
0
0
331
3768
0
0
0
0
0
0
3108
976
0
0
0
0
0
0
330
3769
0
0
0
0
0
0
3111
974
0
0
0
0
0
0
329
3769
0
0
0
0
0
0
3113
972
0
0
0
0
0
0
329
3770
0
0
0
0
0
0
3115
969
0
0
0
0
0
0
328
3771
0
0
0
0
0
0
3117
967
0
0
0
0
0
0
327
3771
0
0
0
0
0
0
3119
965
0
0
0
0
0
0
327
3772
0
0
0
0
0
0
3121
963
0
0
0
0
0
0
326
3773
0
0
0
0
0
0
3123
961
0
0
0
0
0
0
325
3773
0
0
0
0
0
0
3125
959
0
0
0
0
0
0
324
3774
0
0
0
0
0
0
3127
957
0
0
0
0
0
0
324
3775
0
0
0
0
0
0
3129
955
0
0
0
0
0
0
323
3776
0
0
0
0
0
0
3131
953
0
0
0
0
0
0
322
3776
0
0
0
0
0
0
3133
951
0
0
0
0
0
0
322
3777
0
0
0
0
0
0
3135
949
0
0
0
0
0
0
321
3778
0
0
0
0
0
0
3137
947
0
0
0
0
0
0
320
3778
0
0
0
0
0
0
3140
945
0
0
0
0
0
0
320
3779
0
0
0
0
0
0
3142
943
0
0
0
0
0
0
319
3780
0
0
0
0
0
0
3144
941
0
0
0
0
0
0
318
3780
0
0
0
0
0
0
3146
939
0
0
0
0
0
0
318
3781
0
0
0
0
0
0
3148
937
0
0
0
0
0
0
317
3782
0
0
0
0
0
0
3150
935
0
0
0
0
0
0
316
3782
0
0
0
0
0
0
3152
933
0
0
0
0
0
0
316
3783
0
0
0
0
0
0
3154
931
0
0
0
0
0
0
315
3784
0
0
0
0
0
0
3156
929
0
0
0
0
0
0
314
3784
0
0
0
0
0
0
3158
927
0
0
0
0
0
0
314
3785
0
0
0
0
0
0
3160
925
0
0
0
0
0
0
313
3786
0
0
0
0
0
0
3162
923
0
0
0
0
0
0
312
3786
0
0
0
0
0
0
3164
921
0
0
0
0
0
0
312
3787
0
0
0
0
0
0
3166
919
0
0
0
0
0
0
311
3788
0
0
0
0
0
0
3168
917
0
0
0
0
0
0
310
3788
0
0
0
0
0
0
3170
915
0
0
0
0
0
0
310
3789
0
0
0
0
0
0
3172
913
0
0
0
0
0
0
309
3790
0
0
0
0
0
0
3174
911
0
0
0
0
0
0
308
3790
0
0
0
0
0
0
3175
909
0
0
0
0
0
0
308
3791
0
0
0
0
0
0
3177
907
0
0
0
0
0
0
307
3792
0
0
0
0
0
0
3179
906
0
0
0
0
0
0
306
3792
0
0
0
0
0
0
3181
904
0
0
0
0
0
0
306
3793
0
0
0
0
0
0
3183
902
0
0
0
0
0
0
305
3793
0
0
0
0
0
0
3185
900
0
0
0
0
0
0
304
3794
0
0
0
0
0
0
3187
898
0
0
0
0
0
0
304
3795
0
0
0
0
0
0
3189
896
0
0
0
0
0
0
303
3795
0
0
0
0
0
0
3191
894
0
0
0
0
0
0
302
3796
0
0
0
0
0
0
3193
892
0
0
0
0
0
0
302
3797
0
0
0
0
0
0
3195
890
0
0
0
0
0
0
301
3797
0
0
0
0
0
0
3197
888
0
0
0
0
0
0
300
3798
0
0
0
0
0
0
3199
886
0
0
0
0
0
0
300
3799
0
0
0
0
0
0
3201
885
0
0
0
0
0
0
299
3799
0
0
0
0
0
0
3203
883
0
0
0
0
0
0
298
3800
0
0
0
0
0
0
3204
881
0
0
0
0
0
0
298
3800
0
0
0
0
0
0
3206
879
0
0
0
0
0
0
297
3801
0
0
0
0
0
0
3208
877
0
0
0
0
0
0
297
3802
0
0
0
0
0
0
3210
875
0
0
0
0
0
0
296
3802
0
0
0
0
0
0
3212
873
0
0
0
0
0
0
295
3803
0
0
0
0
0
0
3214
871
0
0
0
0
0
0
295
3804
0
0
0
0
0
0
3216
870
0
0
0
0
0
0
294
3804
0
0
0
0
0
0
3218
868
0
0
0
0
0
0
293
3805
0
0
0
0
0
0
3219
866
0
0
0
0
0
0
293
3805
0
0
0
0
0
0
3221
864
0
0
0
0
0
0
292
3806
0
0
0
0
0
0
3223
862
0
0
0
0
0
0
292
3807
0
0
0
0
0
0
3225
860
0
0
0
0
0
0
291
3807
0
0
0
0
0
0
3227
859
0
0
0
0
0
0
290
3808
0
0
0
0
0
0
3229
857
0
0
0
0
0
0
290
3809
0
0
0
0
0
0
3231
855
0
0
0
0
0
0
289
3809
0
0
0
0
0
0
3232
853
0
0
0
0
0
0
288
3810
0
0
0
0
0
0
3234
851
0
0
0
0
0
0
288
3810
0
0
0
0
0
0
3236
849
0
0
0
0
0
0
287
3811
0
0
0
0
0
0
3238
848
0
0
0
0
0
0
287
3812
0
0
0
0
0
0
3240
846
0
0
0
0
0
0
286
3812
0
0
0
0
0
0
3242
844
0
0
0
0
0
0
285
3813
0
0
0
0
0
0
3243
842
0
0
0
0
0
0
285
3813
0
0
0
0
0
0
3245
840
0
0
0
0
0
0
284
3814
0
0
0
0
0
0
3247
839
0
0
0
0
0
0
284
3815
0
0
0
0
0
0
3249
837
0
0
0
0
0
0
283
3815
0
0
0
0
0
0
3251
835
0
0
0
0
0
0
282
3816
0
0
0
0
0
0
3252
833
0
0
0
0
0
0
282
3816
0
0
0
0
0
0
3254
831
0
0
0
0
0
0
281
3817
0
0
0
0
0
0
3256
830
0
0
0
0
0
0
281
3818
0
0
0
0
0
0
3258
828
0
0
0
0
0
0
280
3818
0
0
0
0
0
0
3260
826
0
0
0
0
0
0
279
3819
0
0
0
0
0
0
3261
824
0
0
0
0
0
0
279
3819
0
0
0
0
0
0
3263
823
0
0
0
0
0
0
278
3820
0
0
0
0
0
0
3265
821
0
0
0
0
0
0
278
3821
0
0
0
0
0
0
3267
819
0
0
0
0
0
0
277
3821
0
0
0
0
0
0
3268
817
0
0
0
0
0
0
276
3822
0
0
0
0
0
0
3270
816
0
0
0
0
0
0
276
3822
0
0
0
0
0
0
3272
814
0
0
0
0
0
0
275
3823
0
0
0
0
0
0
3274
812
0
0
0
0
0
0
275
3823
0
0
0
0
0
0
3275
810
0
0
0
0
0
0
274
3824
0
0
0
0
0
0
3277
809
0
0
0
0
0
0
273
3825
0
0
0
0
0
0
3279
807
0
0
0
0
0
0
273
3825
0
0
0
0
0
0
3281
805
0
0
0
0
0
0
272
3826
0
0
0
0
0
0
3282
804
0
0
0
0
0
0
272
3826
0
0
0
0
0
0
3284
802
0
0
0
0
0
0
271
3827
0
0
0
0
0
0
3286
800
0
0
0
0
0
0
270
3827
0
0
0
0
0
0
