0
4095
0
0
0
0
0
0
0
4095
0
0
0
0
0
0
0
4095
0
0
0
0
0
0
0
4095
0
0
0
0
0
0
0
4095
0
0
0
0
0
0
0
4095
0
0
0
0
0
0
0
4095
0
0
0
0
0
0
0
4095
0
0
0
0
0
0
0
4095
0
0
0
0
0
0
0
4095
0
0
0
0
0
0
0
4095
0
0
0
0
0
0
0
4095
0
0
0
0
0
0
0
4095
0
0
0
0
0
0
0
4095
0
0
0
0
0
0
0
4095
0
0
0
0
0
0
0
4095
0
0
0
0
0
0
0
4095
0
0
0
0
0
0
0
4095
0
0
0
0
0
0
0
4095
0
0
0
0
0
0
0
4095
0
0
0
0
0
0
0
4095
0
0
0
0
0
0
0
4095
0
0
0
0
0
0
0
4095
0
0
0
0
0
0
4094
4095
0
0
0
0
0
0
4092
4093
0
0
0
0
0
0
4092
4092
0
0
0
0
0
0
4092
4092
0
0
0
0
0
0
4094
4093
0
0
0
0
0
0
0
4094
0
0
0
0
0
0
4095
0
0
0
0
0
0
0
4095
0
0
0
0
0
0
0
4093
4094
0
0
0
0
0
0
4090
4091
0
0
0
0
0
0
4089
4088
0
0
0
0
0
0
4093
4090
0
0
0
0
0
0
2
4093
0
0
0
0
0
0
5
3
0
0
0
0
0
0
3
5
0
0
0
0
0
0
4094
4
0
0
0
0
0
0
4085
4091
0
0
0
0
0
0
4081
4082
0
0
0
0
0
0
4085
4079
0
0
0
0
0
0
1
4087
0
0
0
0
0
0
13
4
0
0
0
0
0
0
15
16
0
0
0
0
0
0
3
15
0
0
0
0
0
0
4083
1
0
0
0
0
0
0
4070
4078
0
0
0
0
0
0
4071
4066
0
0
0
0
0
0
4090
4073
0
0
0
0
0
0
16
4094
0
0
0
0
0
0
29
22
0
0
0
0
0
0
22
33
0
0
0
0
0
0
4091
19
0
0
0
0
0
0
4061
4083
0
0
0
0
0
0
4051
4055
0
0
0
0
0
0
4069
4049
0
0
0
0
0
0
10
4074
0
0
0
0
0
0
44
21
0
0
0
0
0
0
48
50
0
0
0
0
0
0
18
48
0
0
0
0
0
0
4065
8
0
0
0
0
0
0
4032
4054
0
0
0
0
0
0
4038
4026
0
0
0
0
0
0
4084
4043
0
0
0
0
0
0
44
4095
0
0
0
0
0
0
73
57
0
0
0
0
0
0
52
77
0
0
0
0
0
0
4087
45
0
0
0
0
0
0
4025
4073
0
0
0
0
0
0
4005
4012
0
0
0
0
0
0
4043
4003
0
0
0
0
0
0
23
4054
0
0
0
0
0
0
89
42
0
0
0
0
0
0
96
101
0
0
0
0
0
0
36
93
0
0
0
0
0
0
4041
19
0
0
0
0
0
0
3978
4020
0
0
0
0
0
0
3992
3970
0
0
0
0
0
0
4075
3999
0
0
0
0
0
0
81
1
0
0
0
0
0
0
133
102
0
0
0
0
0
0
95
139
0
0
0
0
0
0
4084
81
0
0
0
0
0
0
3975
4057
0
0
0
0
0
0
3940
3955
0
0
0
0
0
0
4007
3939
0
0
0
0
0
0
42
4030
0
0
0
0
0
0
148
71
0
0
0
0
0
0
161
168
0
0
0
0
0
0
60
153
0
0
0
0
0
0
4008
31
0
0
0
0
0
0
3909
3976
0
0
0
0
0
0
3929
3894
0
0
0
0
0
0
4064
3945
0
0
0
0
0
0
128
2
0
0
0
0
0
0
209
161
0
0
0
0
0
0
150
218
0
0
0
0
0
0
4079
126
0
0
0
0
0
0
3913
4039
0
0
0
0
0
0
3860
3881
0
0
0
0
0
0
3964
3861
0
0
0
0
0
0
64
3997
0
0
0
0
0
0
226
109
0
0
0
0
0
0
239
251
0
0
0
0
0
0
90
228
0
0
0
0
0
0
3966
47
0
0
0
0
0
0
3823
3920
0
0
0
0
0
0
3856
3804
0
0
0
0
0
0
4052
3878
0
0
0
0
0
0
188
4
0
0
0
0
0
0
303
234
0
0
0
0
0
0
216
312
0
0
0
0
0
0
4071
180
0
0
0
0
0
0
3838
4016
0
0
0
0
0
0
3765
3796
0
0
0
0
0
0
3912
3768
0
0
0
0
0
0
91
3959
0
0
0
0
0
0
315
153
0
0
0
0
0
0
333
349
0
0
0
0
0
0
125
317
0
0
0
0
0
0
3918
67
0
0
0
0
0
0
3722
3855
0
0
0
0
0
0
3769
3698
0
0
0
0
0
0
4036
3800
0
0
0
0
0
0
256
9
0
0
0
0
0
0
410
317
0
0
0
0
0
0
291
421
0
0
0
0
0
0
4065
244
0
0
0
0
0
0
3750
3989
0
0
0
0
0
0
3655
3696
0
0
0
0
0
0
3850
3659
0
0
0
0
0
0
122
3915
0
0
0
0
0
0
417
203
0
0
0
0
0
0
441
462
0
0
0
0
0
0
165
418
0
0
0
0
0
0
3863
88
0
0
0
0
0
0
3606
3783
0
0
0
0
0
0
3669
3577
0
0
0
0
0
0
4018
3712
0
0
0
0
0
0
334
12
0
0
0
0
0
0
533
411
0
0
0
0
0
0
377
545
0
0
0
0
0
0
4057
314
0
0
0
0
0
0
3653
3960
0
0
0
0
0
0
3530
3584
0
0
0
0
0
0
3783
3539
0
0
0
0
0
0
157
3866
0
0
0
0
0
0
532
258
0
0
0
0
0
0
560
587
0
0
0
0
0
0
210
529
0
0
0
0
0
0
3804
113
0
0
0
0
0
0
3479
3700
0
0
0
0
0
0
3560
3443
0
0
0
0
0
0
3998
3613
0
0
0
0
0
0
420
15
0
0
0
0
0
0
668
515
0
0
0
0
0
0
471
681
0
0
0
0
0
0
4048
393
0
0
0
0
0
0
3544
3926
0
0
0
0
0
0
3395
3461
0
0
0
0
0
0
3709
3405
0
0
0
0
0
0
194
3810
0
0
0
0
0
0
660
320
0
0
0
0
0
0
692
725
0
0
0
0
0
0
258
651
0
0
0
0
0
0
3735
137
0
0
0
0
0
0
3339
3612
0
0
0
0
0
0
3438
3296
0
0
0
0
0
0
3978
3507
0
0
0
0
0
0
514
19
0
0
0
0
0
0
814
629
0
0
0
0
0
0
575
830
0
0
0
0
0
0
4038
478
0
0
0
0
0
0
3426
3890
0
0
0
0
0
0
3246
3326
0
0
0
0
0
0
3628
3261
0
0
0
0
0
0
236
3752
0
0
0
0
0
0
796
387
0
0
0
0
0
0
834
874
0
0
0
0
0
0
314
786
0
0
0
0
0
0
3664
166
0
0
0
0
0
0
3189
3516
0
0
0
0
0
0
3308
3139
0
0
0
0
0
0
3957
3392
0
0
0
0
0
0
614
24
0
0
0
0
0
0
973
751
0
0
0
0
0
0
687
990
0
0
0
0
0
0
4028
569
0
0
0
0
0
0
3301
3853
0
0
0
0
0
0
3088
3184
0
0
0
0
0
0
3542
3107
0
0
0
0
0
0
279
3690
0
0
0
0
0
0
941
458
0
0
0
0
0
0
985
1033
0
0
0
0
0
0
371
926
0
0
0
0
0
0
3587
196
0
0
0
0
0
0
3029
3414
0
0
0
0
0
0
3171
2970
0
0
0
0
0
0
3932
3270
0
0
0
0
0
0
721
29
0
0
0
0
0
0
1138
880
0
0
0
0
0
0
802
1157
0
0
0
0
0
0
4017
666
0
0
0
0
0
0
3168
3812
0
0
0
0
0
0
2920
3031
0
0
0
0
0
0
3452
2945
0
0
0
0
0
0
327
3624
0
0
0
0
0
0
1095
534
0
0
0
0
0
0
1144
1199
0
0
0
0
0
0
428
1074
0
0
0
0
0
0
3506
228
0
0
0
0
0
0
2862
3307
0
0
0
0
0
0
3025
2795
0
0
0
0
0
0
3907
3141
0
0
0
0
0
0
832
33
0
0
0
0
0
0
1313
1015
0
0
0
0
0
0
924
1333
0
0
0
0
0
0
4005
766
0
0
0
0
0
0
3029
3769
0
0
0
0
0
0
2746
2874
0
0
0
0
0
0
3357
2777
0
0
0
0
0
0
375
3556
0
0
0
0
0
0
1255
611
0
0
0
0
0
0
1311
1372
0
0
0
0
0
0
491
1230
0
0
0
0
0
0
3423
261
0
0
0
0
0
0
2688
3196
0
0
0
0
0
0
2878
2614
0
0
0
0
0
0
3881
3010
0
0
0
0
0
0
948
38
0
0
0
0
0
0
1495
1155
0
0
0
0
0
0
1051
1517
0
0
0
0
0
0
3993
870
0
0
0
0
0
0
2885
3726
0
0
0
0
0
0
2567
2712
0
0
0
0
0
0
3260
2602
0
0
0
0
0
0
424
3485
0
0
0
0
0
0
1418
691
0
0
0
0
0
0
1480
1550
0
0
0
0
0
0
554
1388
0
0
0
0
0
0
3337
294
0
0
0
0
0
0
2508
3081
0
0
0
0
0
0
2723
2428
0
0
0
0
0
0
3854
2874
0
0
0
0
0
0
1066
44
0
0
0
0
0
0
1680
1297
0
0
0
0
0
0
1180
1701
0
0
0
0
0
0
3981
977
0
0
0
0
0
0
2740
3681
0
0
0
0
0
0
2384
2545
0
0
0
0
0
0
3161
2424
0
0
0
0
0
0
475
3412
0
0
0
0
0
0
1586
774
0
0
0
0
0
0
1654
1733
0
0
0
0
0
0
619
1550
0
0
0
0
0
0
3251
329
0
0
0
0
0
0
2326
2966
0
0
0
0
0
0
2567
2237
0
0
0
0
0
0
3827
2736
0
0
0
0
0
0
1186
49
0
0
0
0
0
0
1868
1443
0
0
0
0
0
0
1312
1892
0
0
0
0
0
0
3969
1085
0
0
0
0
0
0
2592
3637
0
0
0
0
0
0
2197
2377
0
0
0
0
0
0
3059
2243
0
0
0
0
0
0
526
3340
0
0
0
0
0
0
1756
856
0
0
0
0
0
0
1830
1916
0
0
0
0
0
0
684
1712
0
0
0
0
0
0
3162
363
0
0
0
0
0
0
2143
2848
0
0
0
0
0
0
2410
2045
0
0
0
0
0
0
3800
2596
0
0
0
0
0
0
1308
55
0
0
0
0
0
0
2058
1589
0
0
0
0
0
0
1444
2083
0
0
0
0
0
0
3956
1193
0
0
0
0
0
0
2443
3592
0
0
0
0
0
0
2010
2207
0
0
0
0
0
0
2959
2062
0
0
0
0
0
0
578
3267
0
0
0
0
0
0
1927
940
0
0
0
0
0
0
2006
2100
0
0
0
0
0
0
749
1875
0
0
0
0
0
0
3073
397
0
0
0
0
0
0
1959
2731
0
0
0
0
0
0
2253
1855
0
0
0
0
0
0
3773
2456
0
0
0
0
0
0
1430
62
0
0
0
0
0
0
2246
1735
0
0
0
0
0
0
1575
2271
0
0
0
0
0
0
3943
1301
0
0
0
0
0
0
2295
3547
0
0
0
0
0
0
1825
2040
0
0
0
0
0
0
2858
1882
0
0
0
0
0
0
629
3193
0
0
0
0
0
0
2095
1022
0
0
0
0
0
0
2181
2285
0
0
0
0
0
0
814
2039
0
0
0
0
0
0
2985
431
0
0
0
0
0
0
1777
2615
0
0
0
0
0
0
2095
1664
0
0
0
0
0
0
3746
2319
0
0
0
0
0
0
1548
65
0
0
0
0
0
0
2434
1880
0
0
0
0
0
0
1707
2459
0
0
0
0
0
0
3930
1407
0
0
0
0
0
0
2147
3500
0
0
0
0
0
0
1640
1873
0
0
0
0
0
0
2758
1704
0
0
0
0
0
0
678
3122
0
0
0
0
0
0
2262
1103
0
0
0
0
0
0
2354
2466
0
0
0
0
0
0
878
2198
0
0
0
0
0
0
2900
466
0
0
0
0
0
0
1598
2500
0
0
0
0
0
0
1942
1478
0
0
0
0
0
0
3720
2184
0
0
0
0
0
0
1666
70
0
0
0
0
0
0
2616
2022
0
0
0
0
0
0
1834
2643
0
0
0
0
0
0
3919
1512
0
0
0
0
0
0
2004
3458
0
0
0
0
0
0
1462
1712
0
0
0
0
0
0
2662
1530
0
0
0
0
0
0
729
3052
0
0
0
0
0
0
2423
1182
0
0
0
0
0
0
2521
2639
0
0
0
0
0
0
940
2353
0
0
0
0
0
0
2815
498
0
0
0
0
0
0
1423
2389
0
0
0
0
0
0
1794
1297
0
0
0
0
0
0
3695
2054
0
0
0
0
0
0
1780
76
0
0
0
0
0
0
2795
2159
0
0
0
0
0
0
1959
2822
0
0
0
0
0
0
3908
1614
0
0
0
0
0
0
1864
3415
0
0
0
0
0
0
1286
1553
0
0
0
0
0
0
2567
1362
0
0
0
0
0
0
776
2985
0
0
0
0
0
0
2580
1259
0
0
0
0
0
0
2682
2809
0
0
0
0
0
0
1001
2504
0
0
0
0
0
0
2734
529
0
0
0
0
0
0
1255
2282
0
0
0
0
0
0
1651
1124
0
0
0
0
0
0
3669
1928
0
0
0
0
0
0
1890
81
0
0
0
0
0
0
2966
2292
0
0
0
0
0
0
2077
2993
0
0
0
0
0
0
3896
1711
0
0
0
0
0
0
1731
3374
0
0
0
0
0
0
1120
1402
0
0
0
0
0
0
2478
1202
0
0
0
0
0
0
821
2920
0
0
0
0
0
0
2731
1332
0
0
0
0
0
0
2837
2971
0
0
0
0
0
0
1058
2646
0
0
0
0
0
0
2657
560
0
0
0
0
0
0
1095
2180
0
0
0
0
0
0
1513
957
0
0
0
0
0
0
3646
1807
0
0
0
0
0
0
1994
85
0
0
0
0
0
0
3127
2416
0
0
0
0
0
0
2190
3156
0
0
0
0
0
0
3884
1802
0
0
0
0
0
0
1605
3337
0
0
0
0
0
0
963
1260
0
0
0
0
0
0
2393
1050
0
0
0
0
0
0
865
2858
0
0
0
0
0
0
2874
1403
0
0
0
0
0
0
2983
3124
0
0
0
0
0
0
1112
2782
0
0
0
0
0
0
2584
588
0
0
0
0
0
0
945
2084
0
0
0
0
0
0
1386
802
0
0
0
0
0
0
3624
1695
0
0
0
0
0
0
2091
90
0
0
0
0
0
0
3281
2535
0
0
0
0
0
0
2295
3308
0
0
0
0
0
0
3875
1889
0
0
0
0
0
0
1487
3300
0
0
0
0
0
0
815
1127
0
0
0
0
0
0
2312
907
0
0
0
0
0
0
905
2802
0
0
0
0
0
0
3005
1466
0
0
0
0
0
0
3119
3267
0
0
0
0
0
0
1163
2908
0
0
0
0
0
0
2515
613
0
0
0
0
0
0
805
1994
0
0
0
0
0
0
1265
656
0
0
0
0
0
0
3604
1589
0
0
0
0
0
0
2184
94
0
0
0
0
0
0
3422
2643
0
0
0
0
0
0
2393
3448
0
0
0
0
0
0
3865
1969
0
0
0
0
0
0
1379
3269
0
0
0
0
0
0
679
1004
0
0
0
0
0
0
2239
776
0
0
0
0
0
0
943
2750
0
0
0
0
0
0
3126
1525
0
0
0
0
0
0
3245
3398
0
0
0
0
0
0
1209
3024
0
0
0
0
0
0
2455
639
0
0
0
0
0
0
678
1914
0
0
0
0
0
0
1156
523
0
0
0
0
0
0
3586
1495
0
0
0
0
0
0
2265
97
0
0
0
0
0
0
3550
2742
0
0
0
0
0
0
2484
3577
0
0
0
0
0
0
3857
2041
0
0
0
0
0
0
1278
3237
0
0
0
0
0
0
556
892
0
0
0
0
0
0
2173
658
0
0
0
0
0
0
976
2702
0
0
0
0
0
0
3235
1579
0
0
0
0
0
0
3358
3516
0
0
0
0
0
0
1250
3127
0
0
0
0
0
0
2398
660
0
0
0
0
0
0
562
1839
0
0
0
0
0
0
1059
405
0
0
0
0
0
0
3570
1409
0
0
0
0
0
0
2340
100
0
0
0
0
0
0
3665
2832
0
0
0
0
0
0
2562
3692
0
0
0
0
0
0
3850
2106
0
0
0
0
0
0
1191
3210
0
0
0
0
0
0
446
792
0
0
0
0
0
0
2115
554
0
0
0
0
0
0
1005
2659
0
0
0
0
0
0
3333
1626
0
0
0
0
0
0
3457
3621
0
0
0
0
0
0
1286
3218
0
0
0
0
0
0
2350
679
0
0
0
0
0
0
462
1775
0
0
0
0
0
0
972
300
0
0
0
0
0
0
3554
1334
0
0
0
0
0
0
2406
103
0
0
0
0
0
0
3766
2909
0
0
0
0
0
0
2631
3791
0
0
0
0
0
0
3845
2163
0
0
0
0
0
0
1113
3187
0
0
0
0
0
0
350
707
0
0
0
0
0
0
2064
463
0
0
0
0
0
0
1031
2623
0
0
0
0
0
0
3417
1668
0
0
0
0
0
0
3542
3710
0
0
0
0
0
0
1318
3296
0
0
0
0
0
0
2308
696
0
0
0
0
0
0
375
1719
0
0
0
0
0
0
900
211
0
0
0
0
0
0
3542
1270
0
0
0
0
0
0
2460
106
0
0
0
0
0
0
3850
2974
0
0
0
0
0
0
2690
3875
0
0
0
0
0
0
3838
2209
0
0
0
0
0
0
1050
3169
0
0
0
0
0
0
271
635
0
0
0
0
0
0
2022
387
0
0
0
0
0
0
1051
2592
0
0
0
0
0
0
3487
1701
0
0
0
0
0
0
3613
3783
0
0
0
0
0
0
3704
3099
0
0
0
0
0
0
2225
684
0
0
0
0
0
0
302
1673
0
0
0
0
0
0
1102
3509
0
0
0
0
0
0
3557
1199
0
0
0
0
0
0
2673
3905
0
0
0
0
0
0
562
3187
0
0
0
0
0
0
2757
3955
0
0
0
0
0
0
3928
2126
0
0
0
0
0
0
1006
3456
0
0
0
0
0
0
331
628
0
0
0
0
0
0
2025
492
0
0
0
0
0
0
759
215
0
0
0
0
0
0
3492
1470
0
0
0
0
0
0
3283
424
0
0
0
0
0
0
3695
3166
0
0
0
0
0
0
2503
3054
0
0
0
0
0
0
3668
1425
0
0
0
0
0
0
1040
3440
0
0
0
0
0
0
3549
1160
0
0
0
0
0
0
2705
3905
0
0
0
0
0
0
612
3225
0
0
0
0
0
0
2756
3843
0
0
0
0
0
0
3927
2149
0
0
0
0
0
0
801
3744
0
0
0
0
0
0
273
593
0
0
0
0
0
0
3738
710
0
0
0
0
0
0
727
345
0
0
0
0
0
0
3524
1492
0
0
0
0
0
0
3320
463
0
0
0
0
0
0
3710
3202
0
0
0
0
0
0
2483
3059
0
0
0
0
0
0
3630
1400
0
0
0
0
0
0
1008
3402
0
0
0
0
0
0
1090
1516
0
0
0
0
0
0
2771
3934
0
0
0
0
0
0
647
3253
0
0
0
0
0
0
2778
3875
0
0
0
0
0
0
3927
2168
0
0
0
0
0
0
776
3736
0
0
0
0
0
0
244
567
0
0
0
0
0
0
3724
684
0
0
0
0
0
0
734
335
0
0
0
0
0
0
3547
1504
0
0
0
0
0
0
3342
486
0
0
0
0
0
0
3717
3221
0
0
0
0
0
0
2474
3065
0
0
0
0
0
0
3609
1386
0
0
0
0
0
0
992
3382
0
0
0
0
0
0
1088
1504
0
0
0
0
0
0
2783
3934
0
0
0
0
0
0
663
3264
0
0
0
0
0
0
2528
520
0
0
0
0
0
0
110
456
0
0
0
0
0
0
816
3685
0
0
0
0
0
0
235
557
0
0
0
0
0
0
3718
675
0
0
0
0
0
0
736
331
0
0
0
0
0
0
3554
1507
0
0
0
0
0
0
3349
493
0
0
0
0
0
0
3719
3225
0
0
0
0
0
0
2472
3065
0
0
0
0
0
0
3607
1384
0
0
0
0
0
0
990
3381
0
0
0
0
0
0
1088
1502
0
0
0
0
0
0
2783
3935
0
0
0
0
0
0
661
3264
0
0
0
0
0
0
2526
518
0
0
0
0
0
0
3901
2191
0
0
0
0
0
0
770
3736
0
0
0
0
0
0
238
562
0
0
0
0
0
0
3722
681
0
0
0
0
0
0
734
335
0
0
0
0
0
0
3546
1503
0
0
0
0
0
0
3339
483
0
0
0
0
0
0
3715
3215
0
0
0
0
0
0
2477
3062
0
0
0
0
0
0
3622
1394
0
0
0
0
0
0
1004
3397
0
0
0
0
0
0
1091
1515
0
0
0
0
0
0
2771
3934
0
0
0
0
0
0
643
3249
0
0
0
0
0
0
2774
3867
0
0
0
0
0
0
3926
2160
0
0
0
0
0
0
789
3739
0
0
0
0
0
0
263
585
0
0
0
0
0
0
3735
706
0
0
0
0
0
0
727
346
0
0
0
0
0
0
3520
1490
0
0
0
0
0
0
3313
455
0
0
0
0
0
0
3704
3189
0
0
0
0
0
0
2492
3056
0
0
0
0
0
0
3653
1415
0
0
0
0
0
0
1033
3432
0
0
0
0
0
0
3453
1279
0
0
0
0
0
0
2699
3908
0
0
0
0
0
0
604
3219
0
0
0
0
0
0
2747
3829
0
0
0
0
0
0
3929
2137
0
0
0
0
0
0
821
3750
0
0
0
0
0
0
304
622
0
0
0
0
0
0
2021
484
0
0
0
0
0
0
760
216
0
0
0
0
0
0
3486
1468
0
0
0
0
0
0
3270
410
0
0
0
0
0
0
3688
3148
0
0
0
0
0
0
2515
3048
0
0
0
0
0
0
3701
1445
0
0
0
0
0
0
1074
3483
0
0
0
0
0
0
3557
1197
0
0
0
0
0
0
2670
3904
0
0
0
0
0
0
549
3176
0
0
0
0
0
0
2743
3933
0
0
0
0
0
0
3928
2108
0
0
0
0
0
0
1032
3158
0
0
0
0
0
0
253
618
0
0
0
0
0
0
2051
540
0
0
0
0
0
0
1050
2598
0
0
0
0
0
0
3479
1697
0
0
0
0
0
0
3597
3766
0
0
0
0
0
0
1334
3337
0
0
0
0
0
0
2289
701
0
0
0
0
0
0
348
1703
0
0
0
0
0
0
886
195
0
0
0
0
0
0
3541
1266
0
0
0
0
0
0
2456
106
0
0
0
0
0
0
3836
2963
0
0
0
0
0
0
2672
3849
0
0
0
0
0
0
3839
2187
0
0
0
0
0
0
1085
3177
0
0
0
0
0
0
327
685
0
0
0
0
0
0
2058
452
0
0
0
0
0
0
1031
2623
0
0
0
0
0
0
3408
1663
0
0
0
0
0
0
3523
3687
0
0
0
0
0
0
1306
3267
0
0
0
0
0
0
2328
687
0
0
0
0
0
0
428
1755
0
0
0
0
0
0
956
282
0
0
0
0
0
0
3553
1330
0
0
0
0
0
0
2402
103
0
0
0
0
0
0
3748
2893
0
0
0
0
0
0
2610
3760
0
0
0
0
0
0
3846
2137
0
0
0
0
0
0
1157
3199
0
0
0
0
0
0
417
768
0
0
0
0
0
0
2108
541
0
0
0
0
0
0
1006
2660
0
0
0
0
0
0
3322
1621
0
0
0
0
0
0
3433
3594
0
0
0
0
0
0
1273
3183
0
0
0
0
0
0
2373
668
0
0
0
0
0
0
524
1817
0
0
0
0
0
0
1039
382
0
0
0
0
0
0
3567
1403
0
0
0
0
0
0
2336
100
0
0
0
0
0
0
3644
2815
0
0
0
0
0
0
2537
3655
0
0
0
0
0
0
3852
2076
0
0
0
0
0
0
1240
3224
0
0
0
0
0
0
523
863
0
0
0
0
0
0
2165
644
0
0
0
0
0
0
977
2703
0
0
0
0
0
0
3225
1573
0
0
0
0
0
0
3330
3486
0
0
0
0
0
0
1234
3087
0
0
0
0
0
0
2426
647
0
0
0
0
0
0
635
1887
0
0
0
0
0
0
1134
498
0
0
0
0
0
0
3586
1489
0
0
0
0
0
0
2263
98
0
0
0
0
0
0
3527
2724
0
0
0
0
0
0
2455
3536
0
0
0
0
0
0
3861
2008
0
0
0
0
0
0
1335
3254
0
0
0
0
0
0
643
972
0
0
0
0
0
0
2231
761
0
0
0
0
0
0
944
2750
0
0
0
0
0
0
3114
1519
0
0
0
0
0
0
3214
3364
0
0
0
0
0
0
1191
2979
0
0
0
0
0
0
2485
625
0
0
0
0
0
0
759
1965
0
0
0
0
0
0
1242
628
0
0
0
0
0
0
3603
1584
0
0
0
0
0
0
2179
95
0
0
0
0
0
0
3397
2623
0
0
0
0
0
0
2363
3403
0
0
0
0
0
0
3868
1931
0
0
0
0
0
0
1440
3285
0
0
0
0
0
0
776
1092
0
0
0
0
0
0
2303
890
0
0
0
0
0
0
907
2803
0
0
0
0
0
0
2991
1460
0
0
0
0
0
0
3086
3230
0
0
0
0
0
0
1143
2857
0
0
0
0
0
0
2550
600
0
0
0
0
0
0
895
2051
0
0
0
0
0
0
1359
771
0
0
0
0
0
0
3624
1688
0
0
0
0
0
0
2087
90
0
0
0
0
0
0
3253
2511
0
0
0
0
0
0
2262
3258
0
0
0
0
0
0
3879
1848
0
0
0
0
0
0
1555
3321
0
0
0
0
0
0
921
1224
0
0
0
0
0
0
2382
1031
0
0
0
0
0
0
867
2861
0
0
0
0
0
0
2857
1394
0
0
0
0
0
0
2948
3085
0
0
0
0
0
0
1091
2729
0
0
0
0
0
0
2621
572
0
0
0
0
0
0
1043
2146
0
0
0
0
0
0
1486
926
0
0
0
0
0
0
3644
1799
0
0
0
0
0
0
1990
87
0
0
0
0
0
0
3099
2393
0
0
0
0
0
0
2154
3102
0
0
0
0
0
0
3890
1760
0
0
0
0
0
0
1678
3359
0
0
0
0
0
0
1075
1363
0
0
0
0
0
0
2466
1182
0
0
0
0
0
0
823
2921
0
0
0
0
0
0
2715
1325
0
0
0
0
0
0
2799
2929
0
0
0
0
0
0
1036
2591
0
0
0
0
0
0
2695
541
0
0
0
0
0
0
1198
2246
0
0
0
0
0
0
1621
1089
0
0
0
0
0
0
3668
1920
0
0
0
0
0
0
1884
81
0
0
0
0
0
0
2934
2266
0
0
0
0
0
0
2039
2937
0
0
0
0
0
0
3899
1665
0
0
0
0
0
0
1808
3397
0
0
0
0
0
0
1239
1512
0
0
0
0
0
0
2555
1342
0
0
0
0
0
0
778
2986
0
0
0
0
0
0
2564
1251
0
0
0
0
0
0
2643
2766
0
0
0
0
0
0
977
2443
0
0
0
0
0
0
2775
512
0
0
0
0
0
0
1364
2352
0
0
0
0
0
0
1764
1263
0
0
0
0
0
0
3694
2046
0
0
0
0
0
0
1775
77
0
0
0
0
0
0
2762
2133
0
0
0
0
0
0
1918
2763
0
0
0
0
0
0
3910
1565
0
0
0
0
0
0
1945
3439
0
0
0
0
0
0
1412
1668
0
0
0
0
0
0
2649
1509
0
0
0
0
0
0
731
3054
0
0
0
0
0
0
2406
1174
0
0
0
0
0
0
2479
2595
0
0
0
0
0
0
916
2292
0
0
0
0
0
0
2857
479
0
0
0
0
0
0
1536
2462
0
0
0
0
0
0
1909
1441
0
0
0
0
0
0
3718
2177
0
0
0
0
0
0
1661
72
0
0
0
0
0
0
2583
1995
0
0
0
0
0
0
1793
2583
0
0
0
0
0
0
3923
1463
0
0
0
0
0
0
2086
3482
0
0
0
0
0
0
1589
1827
0
0
0
0
0
0
2746
1682
0
0
0
0
0
0
681
3123
0
0
0
0
0
0
2242
1093
0
0
0
0
0
0
2310
2417
0
0
0
0
0
0
852
2133
0
0
0
0
0
0
2942
446
0
0
0
0
0
0
1713
2574
0
0
0
0
0
0
2063
1627
0
0
0
0
0
0
3745
2311
0
0
0
0
0
0
1543
65
0
0
0
0
0
0
2399
1851
0
0
0
0
0
0
1665
2397
0
0
0
0
0
0
3935
1356
0
0
0
0
0
0
2232
3526
0
0
0
0
0
0
1772
1994
0
0
0
0
0
0
2844
1858
0
0
0
0
0
0
631
3195
0
0
0
0
0
0
2076
1012
0
0
0
0
0
0
2137
2237
0
0
0
0
0
0
788
1973
0
0
0
0
0
0
3028
412
0
0
0
0
0
0
1895
2691
0
0
0
0
0
0
2219
1816
0
0
0
0
0
0
3773
2449
0
0
0
0
0
0
1425
62
0
0
0
0
0
0
2212
1707
0
0
0
0
0
0
1533
2209
0
0
0
0
0
0
3948
1249
0
0
0
0
0
0
2379
3572
0
0
0
0
0
0
1957
2161
0
0
0
0
0
0
2944
2038
0
0
0
0
0
0
579
3267
0
0
0
0
0
0
1908
930
0
0
0
0
0
0
1961
2053
0
0
0
0
0
0
723
1811
0
0
0
0
0
0
3118
378
0
0
0
0
0
0
2078
2808
0
0
0
0
0
0
2377
2008
0
0
0
0
0
0
3800
2590
0
0
0
0
0
0
1302
56
0
0
0
0
0
0
2022
1561
0
0
0
0
0
0
1401
2019
0
0
0
0
0
0
3960
1141
0
0
0
0
0
0
2529
3617
0
0
0
0
0
0
2145
2331
0
0
0
0
0
0
3045
2220
0
0
0
0
0
0
527
3341
0
0
0
0
0
0
1737
847
0
0
0
0
0
0
1785
1869
0
0
0
0
0
0
657
1646
0
0
0
0
0
0
3206
343
0
0
0
0
0
0
2262
2925
0
0
0
0
0
0
2534
2198
0
0
0
0
0
0
3827
2728
0
0
0
0
0
0
1182
51
0
0
0
0
0
0
1834
1415
0
0
0
0
0
0
1269
1829
0
0
0
0
0
0
3973
1033
0
0
0
0
0
0
2678
3663
0
0
0
0
0
0
2332
2500
0
0
0
0
0
0
3148
2401
0
0
0
0
0
0
477
3414
0
0
0
0
0
0
1567
763
0
0
0
0
0
0
1610
1684
0
0
0
0
0
0
593
1483
0
0
0
0
0
0
3295
310
0
0
0
0
0
0
2445
3042
0
0
0
0
0
0
2691
2389
0
0
0
0
0
0
3854
2866
0
0
0
0
0
0
1061
46
0
0
0
0
0
0
1646
1269
0
0
0
0
0
0
1138
1640
0
0
0
0
0
0
3986
926
0
0
0
0
0
0
2826
3707
0
0
0
0
0
0
2515
2667
0
0
0
0
0
0
3247
2579
0
0
0
0
0
0
427
3486
0
0
0
0
0
0
1399
682
0
0
0
0
0
0
1437
1503
0
0
0
0
0
0
529
1322
0
0
0
0
0
0
3381
274
0
0
0
0
0
0
2624
3156
0
0
0
0
0
0
2844
2576
0
0
0
0
0
0
3880
3002
0
0
0
0
0
0
942
39
0
0
0
0
0
0
1461
1128
0
0
0
0
0
0
1010
1455
0
0
0
0
0
0
3997
820
0
0
0
0
0
0
2969
3750
0
0
0
0
0
0
2696
2831
0
0
0
0
0
0
3345
2754
0
0
0
0
0
0
377
3557
0
0
0
0
0
0
1236
603
0
0
0
0
0
0
1267
1326
0
0
0
0
0
0
465
1166
0
0
0
0
0
0
3467
242
0
0
0
0
0
0
2802
3269
0
0
0
0
0
0
2995
2760
0
0
0
0
0
0
3906
3134
0
0
0
0
0
0
827
35
0
0
0
0
0
0
1282
989
0
0
0
0
0
0
884
1274
0
0
0
0
0
0
4010
717
0
0
0
0
0
0
3111
3794
0
0
0
0
0
0
2873
2990
0
0
0
0
0
0
3439
2923
0
0
0
0
0
0
329
3627
0
0
0
0
0
0
1076
524
0
0
0
0
0
0
1104
1154
0
0
0
0
0
0
406
1015
0
0
0
0
0
0
3548
209
0
0
0
0
0
0
2971
3377
0
0
0
0
0
0
3140
2937
0
0
0
0
0
0
3931
3262
0
0
0
0
0
0
716
31
0
0
0
0
0
0
1107
855
0
0
0
0
0
0
765
1101
0
0
0
0
0
0
4020
618
0
0
0
0
0
0
3246
3836
0
0
0
0
0
0
3041
3141
0
0
0
0
0
0
3531
3087
0
0
0
0
0
0
281
3690
0
0
0
0
0
0
925
451
0
0
0
0
0
0
946
990
0
0
0
0
0
0
345
868
0
0
0
0
0
0
3625
178
0
0
0
0
0
0
3134
3481
0
0
0
0
0
0
3281
3105
0
0
0
0
0
0
3956
3385
0
0
0
0
0
0
611
25
0
0
0
0
0
0
943
727
0
0
0
0
0
0
650
936
0
0
0
0
0
0
4031
524
0
0
0
0
0
0
3375
3875
0
0
0
0
0
0
3202
3287
0
0
0
0
0
0
3618
3242
0
0
0
0
0
0
238
3754
0
0
0
0
0
0
779
379
0
0
0
0
0
0
797
835
0
0
0
0
0
0
291
730
0
0
0
0
0
0
3700
149
0
0
0
0
0
0
3287
3578
0
0
0
0
0
0
3412
3265
0
0
0
0
0
0
3978
3500
0
0
0
0
0
0
510
21
0
0
0
0
0
0
787
607
0
0
0
0
0
0
541
780
0
0
0
0
0
0
4041
436
0
0
0
0
0
0
3495
3911
0
0
0
0
0
0
3354
3425
0
0
0
0
0
0
3699
3387
0
0
0
0
0
0
196
3813
0
0
0
0
0
0
644
314
0
0
0
0
0
0
658
688
0
0
0
0
0
0
239
601
0
0
0
0
0
0
3769
122
0
0
0
0
0
0
3432
3672
0
0
0
0
0
0
3534
3414
0
0
0
0
0
0
3998
3608
0
0
0
0
0
0
417
18
0
0
0
0
0
0
642
494
0
0
0
0
0
0
441
636
0
0
0
0
0
0
4051
355
0
0
0
0
0
0
3608
3946
0
0
0
0
0
0
3494
3552
0
0
0
0
0
0
3775
3523
0
0
0
0
0
0
158
3865
0
0
0
0
0
0
519
252
0
0
0
0
0
0
530
553
0
0
0
0
0
0
193
483
0
0
0
0
0
0
3834
97
0
0
0
0
0
0
3564
3756
0
0
0
0
0
0
3647
3551
0
0
0
0
0
0
4018
3706
0
0
0
0
0
0
330
13
0
0
0
0
0
0
509
392
0
0
0
0
0
0
348
502
0
0
0
0
0
0
4061
280
0
0
0
0
0
0
3711
3977
0
0
0
0
0
0
3621
3667
0
0
0
0
0
0
3843
3645
0
0
0
0
0
0
123
3916
0
0
0
0
0
0
405
197
0
0
0
0
0
0
412
431
0
0
0
0
0
0
148
375
0
0
0
0
0
0
3892
75
0
0
0
0
0
0
3684
3831
0
0
0
0
0
0
3748
3674
0
0
0
0
0
0
4035
3795
0
0
0
0
0
0
252
8
0
0
0
0
0
0
390
301
0
0
0
0
0
0
265
384
0
0
0
0
0
0
4069
213
0
0
0
0
0
0
3802
4004
0
0
0
0
0
0
3735
3770
0
0
0
0
0
0
3904
3755
0
0
0
0
0
0
93
3960
0
0
0
0
0
0
303
147
0
0
0
0
0
0
308
323
0
0
0
0
0
0
110
279
0
0
0
0
0
0
3943
55
0
0
0
0
0
0
3789
3899
0
0
0
0
0
0
3838
3783
0
0
0
0
0
0
4050
3874
0
0
0
0
0
0
187
7
0
0
0
0
0
0
284
219
0
0
0
0
0
0
193
278
0
0
0
0
0
0
4075
153
0
0
0
0
0
0
3882
4029
0
0
0
0
0
0
3835
3860
0
0
0
0
0
0
3957
3850
0
0
0
0
0
0
66
3998
0
0
0
0
0
0
216
104
0
0
0
0
0
0
217
227
0
0
0
0
0
0
76
196
0
0
0
0
0
0
3987
38
0
0
0
0
0
0
3880
3958
0
0
0
0
0
0
3915
3878
0
0
0
0
0
0
4063
3941
0
0
0
0
0
0
127
3
0
0
0
0
0
0
195
150
0
0
0
0
0
0
132
190
0
0
0
0
0
0
4081
102
0
0
0
0
0
0
3951
4050
0
0
0
0
0
0
3919
3935
0
0
0
0
0
0
4003
3931
0
0
0
0
0
0
42
4030
0
0
0
0
0
0
143
68
0
0
0
0
0
0
142
148
0
0
0
0
0
0
48
127
0
0
0
0
0
0
4024
24
0
0
0
0
0
0
3956
4006
0
0
0
0
0
0
3980
3955
0
0
0
0
0
0
4075
3997
0
0
0
0
0
0
79
1
0
0
0
0
0
0
121
92
0
0
0
0
0
0
80
116
0
0
0
0
0
0
4086
63
0
0
0
0
0
0
4006
4067
0
0
0
0
0
0
3988
3998
0
0
0
0
0
0
4040
3996
0
0
0
0
0
0
25
4056
0
0
0
0
0
0
83
38
0
0
0
0
0
0
82
85
0
0
0
0
0
0
28
73
0
0
0
0
0
0
4055
13
0
0
0
0
0
0
4016
4044
0
0
0
0
0
0
4031
4017
0
0
0
0
0
0
4084
4041
0
0
0
0
0
0
42
1
0
0
0
0
0
0
63
48
0
0
0
0
0
0
40
59
0
0
0
0
0
0
4089
31
0
0
0
0
0
0
4048
4080
0
0
0
0
0
0
4039
4044
0
0
0
0
0
0
4065
4044
0
0
0
0
0
0
10
4074
0
0
0
0
0
0
40
18
0
0
0
0
0
0
37
39
0
0
0
0
0
0
11
32
0
0
0
0
0
0
4075
4
0
0
0
0
0
0
4058
4071
0
0
0
0
0
0
4066
4060
0
0
0
0
0
0
4088
4070
0
0
0
0
0
0
16
4094
0
0
0
0
0
0
24
18
0
0
0
0
0
0
14
21
0
0
0
0
0
0
4092
11
0
0
0
0
0
0
4076
4089
0
0
0
0
0
0
4075
4077
0
0
0
0
0
0
4084
4077
0
0
0
0
0
0
2
4089
0
0
0
0
0
0
11
3
0
0
0
0
0
0
9
10
0
0
0
0
0
0
1
7
0
0
0
0
0
0
4089
0
0
0
0
0
0
0
4084
4087
0
0
0
0
0
0
4088
4086
0
0
0
0
0
0
4093
4089
0
0
0
0
0
0
0
4094
0
0
0
0
0
0
2
1
0
0
0
0
0
0
0
1
0
0
0
0
0
0
4094
0
0
0
0
0
0
0
4091
4092
0
0
0
0
0
0
4091
4092
0
0
0
0
0
0
4092
4092
0
0
0
0
0
0
4094
4093
0
0
0
0
0
0
0
4094
0
0
0
0
0
0
4095
0
0
0
0
0
0
0
4094
4095
0
0
0
0
0
0
4093
4094
0
0
0
0
0
0
4094
4095
0
0
0
0
0
0
4095
4095
0
0
0
0
0
0
4095
4095
0
0
0
0
0
0
0
4095
0
0
0
0
0
0
0
4095
0
0
0
0
0
0
0
4095
0
0
0
0
0
0
0
4095
0
0
0
0
0
0
0
4095
0
0
0
0
0
0
0
4095
0
0
0
0
0
0
0
4095
0
0
0
0
0
0
0
4095
0
0
0
0
0
0
0
4095
0
0
0
0
0
0
0
4095
0
0
0
0
0
0
0
4095
0
0
0
0
0
0
0
4095
0
0
0
0
0
0
0
4095
0
0
0
0
0
0
0
4095
0
0
0
0
0
0
0
4095
0
0
0
0
0
0
0
4095
0
0
0
0
0
0
0
4095
0
0
0
0
0
0
0
4095
0
0
0
0
0
0
0
4095
0
0
0
0
0
0
0
4095
0
0
0
0
0
0
0
4095
0
0
0
0
0
0
0
4095
0
0
0
0
0
0
0
4095
0
0
0
0
0
0
0
4095
0
0
0
0
0
0
0
4095
0
0
0
0
0
0
0
4095
0
0
0
0
0
0
0
4095
0
0
0
0
0
0
0
4095
0
0
0
0
0
0
0
4095
0
0
0
0
0
0
0
4095
0
0
0
0
0
0
0
4095
0
0
0
0
0
0
0
4095
0
0
0
0
0
0
0
4095
0
0
0
0
0
0
0
4095
0
0
0
0
0
0
0
4095
0
0
0
0
0
0
0
4095
0
0
0
0
0
0
0
4095
0
0
0
0
0
0
0
4095
0
0
0
0
0
0
0
4095
0
0
0
0
0
0
0
4095
0
0
0
0
0
0
0
4095
0
0
0
0
0
0
0
4095
0
0
0
0
0
0
0
4095
0
0
0
0
0
0
0
4095
0
0
0
0
0
0
0
4095
0
0
0
0
0
0
0
4095
0
0
0
0
0
0
0
4095
0
0
0
0
0
0
0
4095
0
0
0
0
0
0
0
4095
0
0
0
0
0
0
0
4095
0
0
0
0
0
0
0
4095
0
0
0
0
0
0
0
4095
0
0
0
0
0
0
0
4095
0
0
0
0
0
0
0
4095
0
0
0
0
0
0
0
4095
0
0
0
0
0
0
0
4095
0
0
0
0
0
0
0
4095
0
0
0
0
0
0
0
4095
0
0
0
0
0
0
0
4095
0
0
0
0
0
0
0
4095
0
0
0
0
0
0
0
4095
0
0
0
0
0
0
0
4095
0
0
0
0
0
0
0
4095
0
0
0
0
0
0
0
4095
0
0
0
0
0
0
0
4095
0
0
0
0
0
0
0
4095
0
0
0
0
0
0
0
4095
0
0
0
0
0
0
0
4095
0
0
0
0
0
0
0
4095
0
0
0
0
0
0
0
4095
0
0
0
0
0
0
0
4095
0
0
0
0
0
0
0
4095
0
0
0
0
0
0
0
4095
0
0
0
0
0
0
0
4095
0
0
0
0
0
0
0
4095
0
0
0
0
0
0
0
4095
0
0
0
0
0
0
0
4095
0
0
0
0
0
0
0
4095
0
0
0
0
0
0
0
4095
0
0
0
0
0
0
0
4095
0
0
0
0
0
0
0
4095
0
0
0
0
0
0
0
4095
0
0
0
0
0
0
0
4095
0
0
0
0
0
0
0
4095
0
0
0
0
0
0
0
4095
0
0
0
0
0
0
0
4095
0
0
0
0
0
0
0
4095
0
0
0
0
0
0
0
4095
0
0
0
0
0
0
0
4095
0
0
0
0
0
0
0
4095
0
0
0
0
0
0
0
4095
0
0
0
0
0
0
0
4095
0
0
0
0
0
0
0
4095
0
0
0
0
0
0
0
4095
0
0
0
0
0
0
0
4095
0
0
0
0
0
0
0
4095
0
0
0
0
0
0
0
4095
0
0
0
0
0
0
0
4095
0
0
0
0
0
0
0
4095
0
0
0
0
0
0
0
4095
0
0
0
0
0
0
0
4095
0
0
0
0
0
0
0
4095
0
0
0
0
0
0
0
4095
0
0
0
0
0
0
0
4095
0
0
0
0
0
0
0
4095
0
0
0
0
0
0
0
4095
0
0
0
0
0
0
0
4095
0
0
0
0
0
0
0
4095
0
0
0
0
0
0
0
4095
0
0
0
0
0
0
0
4095
0
0
0
0
0
0
0
4095
0
0
0
0
0
0
0
4095
0
0
0
0
0
0
0
4095
0
0
0
0
0
0
0
4095
0
0
0
0
0
0
0
4095
0
0
0
0
0
0
0
4095
0
0
0
0
0
0
0
4095
0
0
0
0
0
0
0
4095
0
0
0
0
0
0
0
4095
0
0
0
0
0
0
0
4095
0
0
0
0
0
0
0
4095
0
0
0
0
0
0
0
4095
0
0
0
0
0
0
0
4095
0
0
0
0
0
0
0
4095
0
0
0
0
0
0
0
4095
0
0
0
0
0
0
0
4095
0
0
0
0
0
0
0
4095
0
0
0
0
0
0
0
4095
0
0
0
0
0
0
0
4095
0
0
0
0
0
0
0
4095
0
0
0
0
0
0
0
4095
0
0
0
0
0
0
0
4095
0
0
0
0
0
0
0
4095
0
0
0
0
0
0
0
4095
0
0
0
0
0
0
0
4095
0
0
0
0
0
0
0
4095
0
0
0
0
0
0
0
4095
0
0
0
0
0
0
0
4095
0
0
0
0
0
0
0
4095
0
0
0
0
0
0
0
4095
0
0
0
0
0
0
0
4095
0
0
0
0
0
0
0
4095
0
0
0
0
0
0
0
4095
0
0
0
0
0
0
0
4095
0
0
0
0
0
0
0
4095
0
0
0
0
0
0
0
4095
0
0
0
0
0
0
0
4095
0
0
0
0
0
0
0
4095
0
0
0
0
0
0
0
4095
0
0
0
0
0
0
0
4095
0
0
0
0
0
0
0
4095
0
0
0
0
0
0
0
4095
0
0
0
0
0
0
0
4095
0
0
0
0
0
0
0
4095
0
0
0
0
0
0
0
4095
0
0
0
0
0
0
0
4095
0
0
0
0
0
0
0
4095
0
0
0
0
0
0
0
4095
0
0
0
0
0
0
0
4095
0
0
0
0
0
0
0
4095
0
0
0
0
0
0
0
4095
0
0
0
0
0
0
0
4095
0
0
0
0
0
0
0
4095
0
0
0
0
0
0
0
4095
0
0
0
0
0
0
0
4095
0
0
0
0
0
0
0
4095
0
0
0
0
0
0
0
4095
0
0
0
0
0
0
0
4095
0
0
0
0
0
0
0
4095
0
0
0
0
0
0
0
4095
0
0
0
0
0
0
0
4095
0
0
0
0
0
0
0
4095
0
0
0
0
0
0
0
4095
0
0
0
0
0
0
0
4095
0
0
0
0
0
0
0
4095
0
0
0
0
0
0
0
4095
0
0
0
0
0
0
0
4095
0
0
0
0
0
0
0
4095
0
0
0
0
0
0
0
4095
0
0
0
0
0
0
0
4095
0
0
0
0
0
0
0
4095
0
0
0
0
0
0
0
4095
0
0
0
0
0
0
0
4095
0
0
0
0
0
0
0
4095
0
0
0
0
0
0
0
4095
0
0
0
0
0
0
0
4095
0
0
0
0
0
0
0
4095
0
0
0
0
0
0
0
4095
0
0
0
0
0
0
0
4095
0
0
0
0
0
0
0
4095
0
0
0
0
0
0
0
4095
0
0
0
0
0
0
0
4095
0
0
0
0
0
0
0
4095
0
0
0
0
0
0
0
4095
0
0
0
0
0
0
0
4095
0
0
0
0
0
0
0
4095
0
0
0
0
0
0
0
4095
0
0
0
0
0
0
0
4095
0
0
0
0
0
0
0
4095
0
0
0
0
0
0
0
4095
0
0
0
0
0
0
0
4095
0
0
0
0
0
0
0
4095
0
0
0
0
0
0
0
4095
0
0
0
0
0
0
0
4095
0
0
0
0
0
0
0
4095
0
0
0
0
0
0
0
4095
0
0
0
0
0
0
0
4095
0
0
0
0
0
0
0
4095
0
0
0
0
0
0
0
4095
0
0
0
0
0
0
0
4095
0
0
0
0
0
0
0
4095
0
0
0
0
0
0
0
4095
0
0
0
0
0
0
0
4095
0
0
0
0
0
0
0
4095
0
0
0
0
0
0
0
4095
0
0
0
0
0
0
0
4095
0
0
0
0
0
0
0
4095
0
0
0
0
0
0
0
4095
0
0
0
0
0
0
0
4095
0
0
0
0
0
0
0
4095
0
0
0
0
0
0
0
4095
0
0
0
0
0
0
0
4095
0
0
0
0
0
0
0
4095
0
0
0
0
0
0
0
4095
0
0
0
0
0
0
0
4095
0
0
0
0
0
0
0
4095
0
0
0
0
0
0
0
4095
0
0
0
0
0
0
0
4095
0
0
0
0
0
0
0
4095
0
0
0
0
0
0
0
4095
0
0
0
0
0
0
0
4095
0
0
0
0
0
0
0
4095
0
0
0
0
0
0
0
4095
0
0
0
0
0
0
0
4095
0
0
0
0
0
0
0
4095
0
0
0
0
0
0
0
4095
0
0
0
0
0
0
0
4095
0
0
0
0
0
0
0
4095
0
0
0
0
0
0
0
4095
0
0
0
0
0
0
0
4095
0
0
0
0
0
0
0
4095
0
0
0
0
0
0
0
4095
0
0
0
0
0
0
0
4095
0
0
0
0
0
0
0
4095
0
0
0
0
0
0
0
4095
0
0
0
0
0
0
0
4095
0
0
0
0
0
0
0
4095
0
0
0
0
0
0
0
4095
0
0
0
0
0
0
0
4095
0
0
0
0
0
0
0
4095
0
0
0
0
0
0
0
4095
0
0
0
0
0
0
0
4095
0
0
0
0
0
0
0
4095
0
0
0
0
0
0
0
4095
0
0
0
0
0
0
0
4095
0
0
0
0
0
0
0
4095
0
0
0
0
0
0
0
4095
0
0
0
0
0
0
0
4095
0
0
0
0
0
0
0
4095
0
0
0
0
0
0
0
4095
0
0
0
0
0
0
0
4095
0
0
0
0
0
0
0
4095
0
0
0
0
0
0
0
4095
0
0
0
0
0
0
0
4095
0
0
0
0
0
0
0
4095
0
0
0
0
0
0
0
4095
0
0
0
0
0
0
0
4095
0
0
0
0
0
0
0
4095
0
0
0
0
0
0
0
4095
0
0
0
0
0
0
0
4095
0
0
0
0
0
0
0
4095
0
0
0
0
0
0
0
4095
0
0
0
0
0
0
0
4095
0
0
0
0
0
0
0
4095
0
0
0
0
0
0
0
4095
0
0
0
0
0
0
0
4095
0
0
0
0
0
0
0
4095
0
0
0
0
0
0
0
4095
0
0
0
0
0
0
0
4095
0
0
0
0
0
0
0
4095
0
0
0
0
0
0
0
4095
0
0
0
0
0
0
0
4095
0
0
0
0
0
0
0
4095
0
0
0
0
0
0
0
4095
0
0
0
0
0
0
0
4095
0
0
0
0
0
0
0
4095
0
0
0
0
0
0
0
4095
0
0
0
0
0
0
0
4095
0
0
0
0
0
0
0
4095
0
0
0
0
0
0
0
4095
0
0
0
0
0
0
0
4095
0
0
0
0
0
0
0
4095
0
0
0
0
0
0
0
4095
0
0
0
0
0
0
0
4095
0
0
0
0
0
0
0
4095
0
0
0
0
0
0
0
4095
0
0
0
0
0
0
0
4095
0
0
0
0
0
0
0
4095
0
0
0
0
0
0
0
4095
0
0
0
0
0
0
0
4095
0
0
0
0
0
0
0
4095
0
0
0
0
0
0
0
4095
0
0
0
0
0
0
0
4095
0
0
0
0
0
0
0
4095
0
0
0
0
0
0
0
4095
0
0
0
0
0
0
0
4095
0
0
0
0
0
0
0
4095
0
0
0
0
0
0
0
4095
0
0
0
0
0
0
0
4095
0
0
0
0
0
0
0
4095
0
0
0
0
0
0
0
4095
0
0
0
0
0
0
0
4095
0
0
0
0
0
0
0
4095
0
0
0
0
0
0
0
4095
0
0
0
0
0
0
0
4095
0
0
0
0
0
0
0
4095
0
0
0
0
0
0
0
4095
0
0
0
0
0
0
0
4095
0
0
0
0
0
0
0
4095
0
0
0
0
0
0
0
4095
0
0
0
0
0
0
0
4095
0
0
0
0
0
0
0
4095
0
0
0
0
0
0
0
4095
0
0
0
0
0
0
0
4095
0
0
0
0
0
0
0
4095
0
0
0
0
0
0
0
4095
0
0
0
0
0
0
0
4095
0
0
0
0
0
0
0
4095
0
0
0
0
0
0
0
4095
0
0
0
0
0
0
0
4095
0
0
0
0
0
0
0
4095
0
0
0
0
0
0
0
4095
0
0
0
0
0
0
0
4095
0
0
0
0
0
0
0
4095
0
0
0
0
0
0
0
4095
0
0
0
0
0
0
0
4095
0
0
0
0
0
0
0
4095
0
0
0
0
0
0
0
4095
0
0
0
0
0
0
0
4095
0
0
0
0
0
0
0
4095
0
0
0
0
0
0
0
4095
0
0
0
0
0
0
0
4095
0
0
0
0
0
0
0
4095
0
0
0
0
0
0
0
4095
0
0
0
0
0
0
0
4095
0
0
0
0
0
0
0
4095
0
0
0
0
0
0
0
4095
0
0
0
0
0
0
0
4095
0
0
0
0
0
0
0
4095
0
0
0
0
0
0
0
4095
0
0
0
0
0
0
0
4095
0
0
0
0
0
0
0
4095
0
0
0
0
0
0
0
4095
0
0
0
0
0
0
0
4095
0
0
0
0
0
0
0
4095
0
0
0
0
0
0
0
4095
0
0
0
0
0
0
0
4095
0
0
0
0
0
0
0
4095
0
0
0
0
0
0
0
4095
0
0
0
0
0
0
0
4095
0
0
0
0
0
0
0
4095
0
0
0
0
0
0
0
4095
0
0
0
0
0
0
0
4095
0
0
0
0
0
0
0
4095
0
0
0
0
0
0
0
4095
0
0
0
0
0
0
0
4095
0
0
0
0
0
0
0
4095
0
0
0
0
0
0
0
4095
0
0
0
0
0
0
0
4095
0
0
0
0
0
0
0
4095
0
0
0
0
0
0
0
4095
0
0
0
0
0
0
0
4095
0
0
0
0
0
0
0
4095
0
0
0
0
0
0
0
4095
0
0
0
0
0
0
0
4095
0
0
0
0
0
0
0
4095
0
0
0
0
0
0
0
4095
0
0
0
0
0
0
0
4095
0
0
0
0
0
0
0
4095
0
0
0
0
0
0
0
4095
0
0
0
0
0
0
0
4095
0
0
0
0
0
0
0
4095
0
0
0
0
0
0
0
4095
0
0
0
0
0
0
0
4095
0
0
0
0
0
0
0
4095
0
0
0
0
0
0
0
4095
0
0
0
0
0
0
0
4095
0
0
0
0
0
0
0
4095
0
0
0
0
0
0
0
4095
0
0
0
0
0
0
0
4095
0
0
0
0
0
0
0
4095
0
0
0
0
0
0
0
4095
0
0
0
0
0
0
0
4095
0
0
0
0
0
0
0
4095
0
0
0
0
0
0
0
4095
0
0
0
0
0
0
0
4095
0
0
0
0
0
0
0
4095
0
0
0
0
0
0
0
4095
0
0
0
0
0
0
0
4095
0
0
0
0
0
0
0
4095
0
0
0
0
0
0
0
4095
0
0
0
0
0
0
0
4095
0
0
0
0
0
0
0
4095
0
0
0
0
0
0
0
4095
0
0
0
0
0
0
0
4095
0
0
0
0
0
0
0
4095
0
0
0
0
0
0
0
4095
0
0
0
0
0
0
0
4095
0
0
0
0
0
0
0
4095
0
0
0
0
0
0
0
4095
0
0
0
0
0
0
0
4095
0
0
0
0
0
0
0
4095
0
0
0
0
0
0
0
4095
0
0
0
0
0
0
0
4095
0
0
0
0
0
0
0
4095
0
0
0
0
0
0
0
4095
0
0
0
0
0
0
0
4095
0
0
0
0
0
0
0
4095
0
0
0
0
0
0
0
4095
0
0
0
0
0
0
0
4095
0
0
0
0
0
0
0
4095
0
0
0
0
0
0
0
4095
0
0
0
0
0
0
0
4095
0
0
0
0
0
0
0
4095
0
0
0
0
0
0
0
4095
0
0
0
0
0
0
0
4095
0
0
0
0
0
0
0
4095
0
0
0
0
0
0
0
4095
0
0
0
0
0
0
0
4095
0
0
0
0
0
0
0
4095
0
0
0
0
0
0
0
4095
0
0
0
0
0
0
0
4095
0
0
0
0
0
0
0
4095
0
0
0
0
0
0
0
4095
0
0
0
0
0
0
0
4095
0
0
0
0
0
0
0
4095
0
0
0
0
0
0
0
4095
0
0
0
0
0
0
0
4095
0
0
0
0
0
0
0
4095
0
0
0
0
0
0
0
4095
0
0
0
0
0
0
0
4095
0
0
0
0
0
0
0
4095
0
0
0
0
0
0
0
4095
0
0
0
0
0
0
0
4095
0
0
0
0
0
0
0
4095
0
0
0
0
0
0
0
4095
0
0
0
0
0
0
0
4095
0
0
0
0
0
0
0
4095
0
0
0
0
0
0
0
4095
0
0
0
0
0
0
0
4095
0
0
0
0
0
0
0
4095
0
0
0
0
0
0
0
4095
0
0
0
0
0
0
0
4095
0
0
0
0
0
0
0
4095
0
0
0
0
0
0
0
4095
0
0
0
0
0
0
0
4095
0
0
0
0
0
0
0
4095
0
0
0
0
0
0
0
4095
0
0
0
0
0
0
0
4095
0
0
0
0
0
0
0
4095
0
0
0
0
0
0
0
4095
0
0
0
0
0
0
0
4095
0
0
0
0
0
0
0
4095
0
0
0
0
0
0
0
4095
0
0
0
0
0
0
0
4095
0
0
0
0
0
0
0
4095
0
0
0
0
0
0
0
4095
0
0
0
0
0
0
0
4095
0
0
0
0
0
0
0
4095
0
0
0
0
0
0
0
4095
0
0
0
0
0
0
0
4095
0
0
0
0
0
0
0
4095
0
0
0
0
0
0
0
4095
0
0
0
0
0
0
0
4095
0
0
0
0
0
0
0
4095
0
0
0
0
0
0
0
4095
0
0
0
0
0
0
0
4095
0
0
0
0
0
0
0
4095
0
0
0
0
0
0
0
4095
0
0
0
0
0
0
0
4095
0
0
0
0
0
0
0
4095
0
0
0
0
0
0
0
4095
0
0
0
0
0
0
0
4095
0
0
0
0
0
0
0
4095
0
0
0
0
0
0
0
4095
0
0
0
0
0
0
0
4095
0
0
0
0
0
0
0
4095
0
0
0
0
0
0
0
4095
0
0
0
0
0
0
0
4095
0
0
0
0
0
0
0
4095
0
0
0
0
0
0
0
4095
0
0
0
0
0
0
0
4095
0
0
0
0
0
0
0
4095
0
0
0
0
0
0
0
4095
0
0
0
0
0
0
0
4095
0
0
0
0
0
0
0
4095
0
0
0
0
0
0
0
4095
0
0
0
0
0
0
0
4095
0
0
0
0
0
0
0
4095
0
0
0
0
0
0
0
4095
0
0
0
0
0
0
0
4095
0
0
0
0
0
0
0
4095
0
0
0
0
0
0
0
4095
0
0
0
0
0
0
0
4095
0
0
0
0
0
0
0
4095
0
0
0
0
0
0
0
4095
0
0
0
0
0
0
0
4095
0
0
0
0
0
0
0
4095
0
0
0
0
0
0
0
4095
0
0
0
0
0
0
0
4095
0
0
0
0
0
0
0
4095
0
0
0
0
0
0
0
4095
0
0
0
0
0
0
0
4095
0
0
0
0
0
0
0
4095
0
0
0
0
0
0
0
4095
0
0
0
0
0
0
0
4095
0
0
0
0
0
0
0
4095
0
0
0
0
0
0
0
4095
0
0
0
0
0
0
0
4095
0
0
0
0
0
0
0
4095
0
0
0
0
0
0
0
4095
0
0
0
0
0
0
0
4095
0
0
0
0
0
0
0
4095
0
0
0
0
0
0
0
4095
0
0
0
0
0
0
0
4095
0
0
0
0
0
0
0
4095
0
0
0
0
0
0
0
4095
0
0
0
0
0
0
0
4095
0
0
0
0
0
0
0
4095
0
0
0
0
0
0
0
4095
0
0
0
0
0
0
0
4095
0
0
0
0
0
0
0
4095
0
0
0
0
0
0
0
4095
0
0
0
0
0
0
0
4095
0
0
0
0
0
0
0
4095
0
0
0
0
0
0
0
4095
0
0
0
0
0
0
0
4095
0
0
0
0
0
0
0
4095
0
0
0
0
0
0
0
4095
0
0
0
0
0
0
0
4095
0
0
0
0
0
0
0
4095
0
0
0
0
0
0
0
4095
0
0
0
0
0
0
0
4095
0
0
0
0
0
0
0
4095
0
0
0
0
0
0
0
4095
0
0
0
0
0
0
0
4095
0
0
0
0
0
0
0
4095
0
0
0
0
0
0
0
4095
0
0
0
0
0
0
0
4095
0
0
0
0
0
0
0
4095
0
0
0
0
0
0
0
4095
0
0
0
0
0
0
0
4095
0
0
0
0
0
0
0
4095
0
0
0
0
0
0
0
4095
0
0
0
0
0
0
0
4095
0
0
0
0
0
0
0
4095
0
0
0
0
0
0
0
4095
0
0
0
0
0
0
0
4095
0
0
0
0
0
0
0
4095
0
0
0
0
0
0
0
4095
0
0
0
0
0
0
0
4095
0
0
0
0
0
0
0
4095
0
0
0
0
0
0
0
4095
0
0
0
0
0
0
0
4095
0
0
0
0
0
0
0
4095
0
0
0
0
0
0
0
4095
0
0
0
0
0
0
0
4095
0
0
0
0
0
0
0
4095
0
0
0
0
0
0
0
4095
0
0
0
0
0
0
0
4095
0
0
0
0
0
0
0
4095
0
0
0
0
0
0
0
4095
0
0
0
0
0
0
0
4095
0
0
0
0
0
0
0
4095
0
0
0
0
0
0
0
4095
0
0
0
0
0
0
0
4095
0
0
0
0
0
0
0
4095
0
0
0
0
0
0
0
4095
0
0
0
0
0
0
0
4095
0
0
0
0
0
0
0
4095
0
0
0
0
0
0
0
4095
0
0
0
0
0
0
0
4095
0
0
0
0
0
0
0
4095
0
0
0
0
0
0
0
4095
0
0
0
0
0
0
0
4095
0
0
0
0
0
0
0
4095
0
0
0
0
0
0
0
4095
0
0
0
0
0
0
0
4095
0
0
0
0
0
0
0
4095
0
0
0
0
0
0
0
4095
0
0
0
0
0
0
0
4095
0
0
0
0
0
0
0
4095
0
0
0
0
0
0
0
4095
0
0
0
0
0
0
0
4095
0
0
0
0
0
0
0
4095
0
0
0
0
0
0
0
4095
0
0
0
0
0
0
0
4095
0
0
0
0
0
0
0
4095
0
0
0
0
0
0
0
4095
0
0
0
0
0
0
0
4095
0
0
0
0
0
0
0
4095
0
0
0
0
0
0
0
4095
0
0
0
0
0
0
0
4095
0
0
0
0
0
0
0
4095
0
0
0
0
0
0
0
4095
0
0
0
0
0
0
0
4095
0
0
0
0
0
0
0
4095
0
0
0
0
0
0
0
4095
0
0
0
0
0
0
0
4095
0
0
0
0
0
0
0
4095
0
0
0
0
0
0
0
4095
0
0
0
0
0
0
0
4095
0
0
0
0
0
0
0
4095
0
0
0
0
0
0
0
4095
0
0
0
0
0
0
0
4095
0
0
0
0
0
0
0
4095
0
0
0
0
0
0
0
4095
0
0
0
0
0
0
0
4095
0
0
0
0
0
0
0
4095
0
0
0
0
0
0
0
4095
0
0
0
0
0
0
0
4095
0
0
0
0
0
0
0
4095
0
0
0
0
0
0
0
4095
0
0
0
0
0
0
0
4095
0
0
0
0
0
0
0
4095
0
0
0
0
0
0
0
4095
0
0
0
0
0
0
0
4095
0
0
0
0
0
0
0
4095
0
0
0
0
0
0
0
4095
0
0
0
0
0
0
0
4095
0
0
0
0
0
0
0
4095
0
0
0
0
0
0
0
4095
0
0
0
0
0
0
0
4095
0
0
0
0
0
0
0
4095
0
0
0
0
0
0
0
4095
0
0
0
0
0
0
0
4095
0
0
0
0
0
0
0
4095
0
0
0
0
0
0
0
4095
0
0
0
0
0
0
0
4095
0
0
0
0
0
0
0
4095
0
0
0
0
0
0
0
4095
0
0
0
0
0
0
0
4095
0
0
0
0
0
0
0
4095
0
0
0
0
0
0
0
4095
0
0
0
0
0
0
0
4095
0
0
0
0
0
0
0
4095
0
0
0
0
0
0
0
4095
0
0
0
0
0
0
0
4095
0
0
0
0
0
0
0
4095
0
0
0
0
0
0
0
4095
0
0
0
0
0
0
0
4095
0
0
0
0
0
0
0
4095
0
0
0
0
0
0
0
4095
0
0
0
0
0
0
0
4095
0
0
0
0
0
0
0
4095
0
0
0
0
0
0
0
4095
0
0
0
0
0
0
0
4095
0
0
0
0
0
0
0
4095
0
0
0
0
0
0
0
4095
0
0
0
0
0
0
0
4095
0
0
0
0
0
0
0
4095
0
0
0
0
0
0
0
4095
0
0
0
0
0
0
0
4095
0
0
0
0
0
0
0
4095
0
0
0
0
0
0
0
4095
0
0
0
0
0
0
0
4095
0
0
0
0
0
0
0
4095
0
0
0
0
0
0
0
4095
0
0
0
0
0
0
0
4095
0
0
0
0
0
0
0
4095
0
0
0
0
0
0
0
4095
0
0
0
0
0
0
0
4095
0
0
0
0
0
0
0
4095
0
0
0
0
0
0
0
4095
0
0
0
0
0
0
0
4095
0
0
0
0
0
0
0
4095
0
0
0
0
0
0
0
4095
0
0
0
0
0
0
0
4095
0
0
0
0
0
0
0
4095
0
0
0
0
0
0
0
4095
0
0
0
0
0
0
0
4095
0
0
0
0
0
0
0
4095
0
0
0
0
0
0
0
4095
0
0
0
0
0
0
0
4095
0
0
0
0
0
0
0
4095
0
0
0
0
0
0
0
4095
0
0
0
0
0
0
0
4095
0
0
0
0
0
0
0
4095
0
0
0
0
0
0
0
4095
0
0
0
0
0
0
0
4095
0
0
0
0
0
0
0
4095
0
0
0
0
0
0
0
4095
0
0
0
0
0
0
0
4095
0
0
0
0
0
0
0
4095
0
0
0
0
0
0
0
4095
0
0
0
0
0
0
0
4095
0
0
0
0
0
0
0
4095
0
0
0
0
0
0
0
4095
0
0
0
0
0
0
0
4095
0
0
0
0
0
0
0
4095
0
0
0
0
0
0
0
4095
0
0
0
0
0
0
0
4095
0
0
0
0
0
0
0
4095
0
0
0
0
0
0
0
4095
0
0
0
0
0
0
0
4095
0
0
0
0
0
0
0
4095
0
0
0
0
0
0
0
4095
0
0
0
0
0
0
0
4095
0
0
0
0
0
0
0
4095
0
0
0
0
0
0
0
4095
0
0
0
0
0
0
0
4095
0
0
0
0
0
0
0
4095
0
0
0
0
0
0
0
4095
0
0
0
0
0
0
0
4095
0
0
0
0
0
0
0
4095
0
0
0
0
0
0
0
4095
0
0
0
0
0
0
0
4095
0
0
0
0
0
0
0
4095
0
0
0
0
0
0
0
4095
0
0
0
0
0
0
0
4095
0
0
0
0
0
0
0
4095
0
0
0
0
0
0
0
4095
0
0
0
0
0
0
0
4095
0
0
0
0
0
0
0
4095
0
0
0
0
0
0
0
4095
0
0
0
0
0
0
0
4095
0
0
0
0
0
0
0
4095
0
0
0
0
0
0
0
4095
0
0
0
0
0
0
0
4095
0
0
0
0
0
0
0
4095
0
0
0
0
0
0
0
4095
0
0
0
0
0
0
0
4095
0
0
0
0
0
0
0
4095
0
0
0
0
0
0
0
4095
0
0
0
0
0
0
0
4095
0
0
0
0
0
0
0
4095
0
0
0
0
0
0
0
4095
0
0
0
0
0
0
0
4095
0
0
0
0
0
0
0
4095
0
0
0
0
0
0
0
4095
0
0
0
0
0
0
0
4095
0
0
0
0
0
0
0
4095
0
0
0
0
0
0
0
4095
0
0
0
0
0
0
0
4095
0
0
0
0
0
0
0
4095
0
0
0
0
0
0
0
4095
0
0
0
0
0
0
0
4095
0
0
0
0
0
0
0
4095
0
0
0
0
0
0
0
4095
0
0
0
0
0
0
0
4095
0
0
0
0
0
0
0
4095
0
0
0
0
0
0
0
4095
0
0
0
0
0
0
0
4095
0
0
0
0
0
0
0
4095
0
0
0
0
0
0
0
4095
0
0
0
0
0
0
0
4095
0
0
0
0
0
0
0
4095
0
0
0
0
0
0
0
4095
0
0
0
0
0
0
0
4095
0
0
0
0
0
0
0
4095
0
0
0
0
0
0
0
4095
0
0
0
0
0
0
0
4095
0
0
0
0
0
0
0
4095
0
0
0
0
0
0
0
4095
0
0
0
0
0
0
0
4095
0
0
0
0
0
0
0
4095
0
0
0
0
0
0
0
4095
0
0
0
0
0
0
0
4095
0
0
0
0
0
0
0
4095
0
0
0
0
0
0
0
4095
0
0
0
0
0
0
0
4095
0
0
0
0
0
0
0
4095
0
0
0
0
0
0
0
4095
0
0
0
0
0
0
0
4095
0
0
0
0
0
0
0
4095
0
0
0
0
0
0
0
4095
0
0
0
0
0
0
0
4095
0
0
0
0
0
0
0
4095
0
0
0
0
0
0
0
4095
0
0
0
0
0
0
0
4095
0
0
0
0
0
0
0
4095
0
0
0
0
0
0
0
4095
0
0
0
0
0
0
0
4095
0
0
0
0
0
0
0
4095
0
0
0
0
0
0
0
4095
0
0
0
0
0
0
0
4095
0
0
0
0
0
0
0
4095
0
0
0
0
0
0
0
4095
0
0
0
0
0
0
0
4095
0
0
0
0
0
0
0
4095
0
0
0
0
0
0
0
4095
0
0
0
0
0
0
0
4095
0
0
0
0
0
0
0
4095
0
0
0
0
0
0
0
4095
0
0
0
0
0
0
0
4095
0
0
0
0
0
0
0
4095
0
0
0
0
0
0
0
4095
0
0
0
0
0
0
0
4095
0
0
0
0
0
0
0
4095
0
0
0
0
0
0
0
4095
0
0
0
0
0
0
0
4095
0
0
0
0
0
0
0
4095
0
0
0
0
0
0
0
4095
0
0
0
0
0
0
0
4095
0
0
0
0
0
0
0
4095
0
0
0
0
0
0
0
4095
0
0
0
0
0
0
0
4095
0
0
0
0
0
0
0
4095
0
0
0
0
0
0
0
4095
0
0
0
0
0
0
0
4095
0
0
0
0
0
0
0
4095
0
0
0
0
0
0
0
4095
0
0
0
0
0
0
0
4095
0
0
0
0
0
0
0
4095
0
0
0
0
0
0
0
4095
0
0
0
0
0
0
0
4095
0
0
0
0
0
0
0
4095
0
0
0
0
0
0
0
4095
0
0
0
0
0
0
0
4095
0
0
0
0
0
0
0
4095
0
0
0
0
0
0
0
4095
0
0
0
0
0
0
0
4095
0
0
0
0
0
0
0
4095
0
0
0
0
0
0
0
4095
0
0
0
0
0
0
0
4095
0
0
0
0
0
0
0
4095
0
0
0
0
0
0
0
4095
0
0
0
0
0
0
0
4095
0
0
0
0
0
0
0
4095
0
0
0
0
0
0
0
4095
0
0
0
0
0
0
0
4095
0
0
0
0
0
0
0
4095
0
0
0
0
0
0
0
4095
0
0
0
0
0
0
0
4095
0
0
0
0
0
0
0
4095
0
0
0
0
0
0
0
4095
0
0
0
0
0
0
0
4095
0
0
0
0
0
0
0
4095
0
0
0
0
0
0
0
4095
0
0
0
0
0
0
0
4095
0
0
0
0
0
0
0
4095
0
0
0
0
0
0
0
4095
0
0
0
0
0
0
0
4095
0
0
0
0
0
0
0
4095
0
0
0
0
0
0
0
4095
0
0
0
0
0
0
0
4095
0
0
0
0
0
0
0
4095
0
0
0
0
0
0
0
4095
0
0
0
0
0
0
0
4095
0
0
0
0
0
0
0
4095
0
0
0
0
0
0
0
4095
0
0
0
0
0
0
0
4095
0
0
0
0
0
0
0
4095
0
0
0
0
0
0
0
4095
0
0
0
0
0
0
0
4095
0
0
0
0
0
0
0
4095
0
0
0
0
0
0
0
4095
0
0
0
0
0
0
0
4095
0
0
0
0
0
0
0
4095
0
0
0
0
0
0
0
4095
0
0
0
0
0
0
0
4095
0
0
0
0
0
0
0
4095
0
0
0
0
0
0
0
4095
0
0
0
0
0
0
0
4095
0
0
0
0
0
0
0
4095
0
0
0
0
0
0
0
4095
0
0
0
0
0
0
0
4095
0
0
0
0
0
0
0
4095
0
0
0
0
0
0
0
4095
0
0
0
0
0
0
0
4095
0
0
0
0
0
0
0
4095
0
0
0
0
0
0
0
4095
0
0
0
0
0
0
0
4095
0
0
0
0
0
0
0
4095
0
0
0
0
0
0
0
4095
0
0
0
0
0
0
0
4095
0
0
0
0
0
0
0
4095
0
0
0
0
0
0
0
4095
0
0
0
0
0
0
0
4095
0
0
0
0
0
0
0
4095
0
0
0
0
0
0
0
4095
0
0
0
0
0
0
0
4095
0
0
0
0
0
0
0
4095
0
0
0
0
0
0
0
4095
0
0
0
0
0
0
0
4095
0
0
0
0
0
0
0
4095
0
0
0
0
0
0
0
4095
0
0
0
0
0
0
0
4095
0
0
0
0
0
0
0
4095
0
0
0
0
0
0
0
4095
0
0
0
0
0
0
0
4095
0
0
0
0
0
0
0
4095
0
0
0
0
0
0
0
4095
0
0
0
0
0
0
0
4095
0
0
0
0
0
0
0
4095
0
0
0
0
0
0
0
4095
0
0
0
0
0
0
0
4095
0
0
0
0
0
0
0
4095
0
0
0
0
0
0
0
4095
0
0
0
0
0
0
0
4095
0
0
0
0
0
0
0
4095
0
0
0
0
0
0
0
4095
0
0
0
0
0
0
0
4095
0
0
0
0
0
0
0
4095
0
0
0
0
0
0
0
4095
0
0
0
0
0
0
0
4095
0
0
0
0
0
0
0
4095
0
0
0
0
0
0
0
4095
0
0
0
0
0
0
0
4095
0
0
0
0
0
0
0
4095
0
0
0
0
0
0
0
4095
0
0
0
0
0
0
0
4095
0
0
0
0
0
0
0
4095
0
0
0
0
0
0
0
4095
0
0
0
0
0
0
0
4095
0
0
0
0
0
0
0
4095
0
0
0
0
0
0
0
4095
0
0
0
0
0
0
0
4095
0
0
0
0
0
0
0
4095
0
0
0
0
0
0
0
4095
0
0
0
0
0
0
0
4095
0
0
0
0
0
0
0
4095
0
0
0
0
0
0
0
4095
0
0
0
0
0
0
0
4095
0
0
0
0
0
0
0
4095
0
0
0
0
0
0
0
4095
0
0
0
0
0
0
0
4095
0
0
0
0
0
0
0
4095
0
0
0
0
0
0
0
4095
0
0
0
0
0
0
0
4095
0
0
0
0
0
0
0
4095
0
0
0
0
0
0
0
4095
0
0
0
0
0
0
0
4095
0
0
0
0
0
0
0
4095
0
0
0
0
0
0
0
4095
0
0
0
0
0
0
0
4095
0
0
0
0
0
0
0
4095
0
0
0
0
0
0
0
4095
0
0
0
0
0
0
0
4095
0
0
0
0
0
0
0
4095
0
0
0
0
0
0
0
4095
0
0
0
0
0
0
0
4095
0
0
0
0
0
0
0
4095
0
0
0
0
0
0
0
4095
0
0
0
0
0
0
0
4095
0
0
0
0
0
0
0
4095
0
0
0
0
0
0
0
4095
0
0
0
0
0
0
0
4095
0
0
0
0
0
0
0
4095
0
0
0
0
0
0
0
4095
0
0
0
0
0
0
0
4095
0
0
0
0
0
0
0
4095
0
0
0
0
0
0
0
4095
0
0
0
0
0
0
0
4095
0
0
0
0
0
0
0
4095
0
0
0
0
0
0
0
4095
0
0
0
0
0
0
0
4095
0
0
0
0
0
0
0
4095
0
0
0
0
0
0
0
4095
0
0
0
0
0
0
0
4095
0
0
0
0
0
0
0
4095
0
0
0
0
0
0
0
4095
0
0
0
0
0
0
0
4095
0
0
0
0
0
0
0
4095
0
0
0
0
0
0
0
4095
0
0
0
0
0
0
0
4095
0
0
0
0
0
0
0
4095
0
0
0
0
0
0
0
4095
0
0
0
0
0
0
0
4095
0
0
0
0
0
0
0
4095
0
0
0
0
0
0
0
4095
0
0
0
0
0
0
0
4095
0
0
0
0
0
0
0
4095
0
0
0
0
0
0
0
4095
0
0
0
0
0
0
0
4095
0
0
0
0
0
0
0
4095
0
0
0
0
0
0
0
4095
0
0
0
0
0
0
0
4095
0
0
0
0
0
0
0
4095
0
0
0
0
0
0
