0
0
0
0
0
0
0
0
0
0
0
0
0
0
0
0
0
0
0
0
0
0
0
0
0
0
0
0
0
0
0
0
0
0
0
0
0
0
0
0
0
0
0
0
0
0
0
0
0
0
0
0
0
0
0
0
0
0
0
0
0
0
0
0
0
0
0
0
0
0
0
0
0
0
0
0
0
0
0
0
0
0
0
0
0
0
0
0
0
0
0
0
0
0
0
0
0
0
0
0
0
0
0
0
0
0
0
0
0
0
0
0
0
0
0
0
0
0
0
0
0
0
0
0
0
0
0
0
0
0
0
0
0
0
0
0
0
0
0
0
0
0
0
0
0
0
0
0
0
0
0
0
0
0
0
0
0
0
0
0
0
0
0
0
0
0
0
0
0
0
0
0
0
0
0
0
0
0
0
0
0
0
0
0
4092
4093
0
0
0
0
0
0
4094
4093
0
0
0
0
0
0
0
4095
0
0
0
0
0
0
4093
4094
0
0
0
0
0
0
4092
4092
0
0
0
0
0
0
4095
4095
0
0
0
0
0
0
4095
0
0
0
0
0
0
0
4090
4091
0
0
0
0
0
0
4093
4091
0
0
0
0
0
0
1
1
0
0
0
0
0
0
4091
4095
0
0
0
0
0
0
4089
4088
0
0
0
0
0
0
4
1
0
0
0
0
0
0
0
5
0
0
0
0
0
0
4083
4085
0
0
0
0
0
0
1
4090
0
0
0
0
0
0
9
11
0
0
0
0
0
0
4081
4089
0
0
0
0
0
0
4087
4079
0
0
0
0
0
0
17
12
0
0
0
0
0
0
4093
7
0
0
0
0
0
0
4071
4070
0
0
0
0
0
0
11
0
0
0
0
0
0
0
14
24
0
0
0
0
0
0
4066
4075
0
0
0
0
0
0
4090
4074
0
0
0
0
0
0
31
30
0
0
0
0
0
0
4078
2
0
0
0
0
0
0
4063
4054
0
0
0
0
0
0
32
15
0
0
0
0
0
0
12
33
0
0
0
0
0
0
4045
4052
0
0
0
0
0
0
8
4076
0
0
0
0
0
0
46
52
0
0
0
0
0
0
4054
4080
0
0
0
0
0
0
4060
4038
0
0
0
0
0
0
59
43
0
0
0
0
0
0
4094
33
0
0
0
0
0
0
4025
4022
0
0
0
0
0
0
36
4094
0
0
0
0
0
0
53
76
0
0
0
0
0
0
4020
4048
0
0
0
0
0
0
4075
4033
0
0
0
0
0
0
89
80
0
0
0
0
0
0
4062
17
0
0
0
0
0
0
4012
3992
0
0
0
0
0
0
77
33
0
0
0
0
0
0
42
88
0
0
0
0
0
0
3982
4004
0
0
0
0
0
0
10
4044
0
0
0
0
0
0
110
121
0
0
0
0
0
0
4015
4076
0
0
0
0
0
0
4013
3969
0
0
0
0
0
0
126
86
0
0
0
0
0
0
10
82
0
0
0
0
0
0
3947
3951
0
0
0
0
0
0
64
4083
0
0
0
0
0
0
116
156
0
0
0
0
0
0
3956
4017
0
0
0
0
0
0
4042
3966
0
0
0
0
0
0
172
149
0
0
0
0
0
0
4051
49
0
0
0
0
0
0
3931
3904
0
0
0
0
0
0
134
48
0
0
0
0
0
0
94
171
0
0
0
0
0
0
3894
3942
0
0
0
0
0
0
4
3991
0
0
0
0
0
0
204
213
0
0
0
0
0
0
3971
4082
0
0
0
0
0
0
3941
3871
0
0
0
0
0
0
211
134
0
0
0
0
0
0
40
157
0
0
0
0
0
0
3846
3862
0
0
0
0
0
0
90
4054
0
0
0
0
0
0
208
264
0
0
0
0
0
0
3880
3990
0
0
0
0
0
0
3989
3871
0
0
0
0
0
0
280
229
0
0
0
0
0
0
4047
104
0
0
0
0
0
0
3823
3791
0
0
0
0
0
0
195
53
0
0
0
0
0
0
173
285
0
0
0
0
0
0
3790
3877
0
0
0
0
0
0
4078
3913
0
0
0
0
0
0
325
325
0
0
0
0
0
0
3930
8
0
0
0
0
0
0
3840
3745
0
0
0
0
0
0
309
180
0
0
0
0
0
0
91
262
0
0
0
0
0
0
3716
3759
0
0
0
0
0
0
106
4000
0
0
0
0
0
0
330
397
0
0
0
0
0
0
3798
3970
0
0
0
0
0
0
3908
3745
0
0
0
0
0
0
406
317
0
0
0
0
0
0
4060
185
0
0
0
0
0
0
3684
3657
0
0
0
0
0
0
255
41
0
0
0
0
0
0
281
427
0
0
0
0
0
0
3670
3814
0
0
0
0
0
0
4030
3799
0
0
0
0
0
0
473
450
0
0
0
0
0
0
3899
54
0
0
0
0
0
0
3707
3592
0
0
0
0
0
0
411
213
0
0
0
0
0
0
171
398
0
0
0
0
0
0
3569
3650
0
0
0
0
0
0
105
3921
0
0
0
0
0
0
484
553
0
0
0
0
0
0
3717
3969
0
0
0
0
0
0
3796
3588
0
0
0
0
0
0
549
403
0
0
0
0
0
0
2
299
0
0
0
0
0
0
3519
3507
0
0
0
0
0
0
307
6
0
0
0
0
0
0
421
598
0
0
0
0
0
0
3542
3758
0
0
0
0
0
0
3955
3656
0
0
0
0
0
0
641
583
0
0
0
0
0
0
3882
127
0
0
0
0
0
0
3543
3417
0
0
0
0
0
0
515
233
0
0
0
0
0
0
282
566
0
0
0
0
0
0
3405
3541
0
0
0
0
0
0
82
3809
0
0
0
0
0
0
662
723
0
0
0
0
0
0
3643
3990
0
0
0
0
0
0
3652
3401
0
0
0
0
0
0
700
480
0
0
0
0
0
0
67
446
0
0
0
0
0
0
3332
3351
0
0
0
0
0
0
340
4036
0
0
0
0
0
0
593
792
0
0
0
0
0
0
3414
3718
0
0
0
0
0
0
3850
3482
0
0
0
0
0
0
828
717
0
0
0
0
0
0
3890
234
0
0
0
0
0
0
3349
3224
0
0
0
0
0
0
610
227
0
0
0
0
0
0
426
766
0
0
0
0
0
0
3229
3439
0
0
0
0
0
0
27
3661
0
0
0
0
0
0
868
904
0
0
0
0
0
0
3588
4043
0
0
0
0
0
0
3475
3191
0
0
0
0
0
0
852
541
0
0
0
0
0
0
166
627
0
0
0
0
0
0
3125
3192
0
0
0
0
0
0
352
3939
0
0
0
0
0
0
796
1005
0
0
0
0
0
0
3294
3702
0
0
0
0
0
0
3709
3272
0
0
0
0
0
0
1026
845
0
0
0
0
0
0
3927
377
0
0
0
0
0
0
3130
3019
0
0
0
0
0
0
691
193
0
0
0
0
0
0
604
990
0
0
0
0
0
0
3052
3352
0
0
0
0
0
0
4038
3481
0
0
0
0
0
0
1094
1090
0
0
0
0
0
0
3554
31
0
0
0
0
0
0
3266
2958
0
0
0
0
0
0
1000
581
0
0
0
0
0
0
299
840
0
0
0
0
0
0
2906
3039
0
0
0
0
0
0
335
3804
0
0
0
0
0
0
1027
1232
0
0
0
0
0
0
3186
3717
0
0
0
0
0
0
3533
3037
0
0
0
0
0
0
1226
956
0
0
0
0
0
0
3997
556
0
0
0
0
0
0
2888
2809
0
0
0
0
0
0
750
125
0
0
0
0
0
0
817
1237
0
0
0
0
0
0
2879
3288
0
0
0
0
0
0
3915
3264
0
0
0
0
0
0
1333
1270
0
0
0
0
0
0
3549
153
0
0
0
0
0
0
3025
2709
0
0
0
0
0
0
1133
589
0
0
0
0
0
0
468
1085
0
0
0
0
0
0
2679
2898
0
0
0
0
0
0
284
3633
0
0
0
0
0
0
1283
1465
0
0
0
0
0
0
3102
3765
0
0
0
0
0
0
3319
2774
0
0
0
0
0
0
1427
1048
0
0
0
0
0
0
9
771
0
0
0
0
0
0
2629
2601
0
0
0
0
0
0
781
19
0
0
0
0
0
0
1063
1504
0
0
0
0
0
0
2718
3254
0
0
0
0
0
0
3754
3013
0
0
0
0
0
0
1581
1436
0
0
0
0
0
0
3578
315
0
0
0
0
0
0
2759
2454
0
0
0
0
0
0
1245
563
0
0
0
0
0
0
676
1358
0
0
0
0
0
0
2455
2780
0
0
0
0
0
0
194
3423
0
0
0
0
0
0
1559
1699
0
0
0
0
0
0
3046
3853
0
0
0
0
0
0
3073
2493
0
0
0
0
0
0
1615
1110
0
0
0
0
0
0
156
1021
0
0
0
0
0
0
2360
2406
0
0
0
0
0
0
773
3966
0
0
0
0
0
0
1337
1780
0
0
0
0
0
0
2576
3255
0
0
0
0
0
0
3554
2736
0
0
0
0
0
0
1831
1585
0
0
0
0
0
0
3646
515
0
0
0
0
0
0
2470
2196
0
0
0
0
0
0
1327
496
0
0
0
0
0
0
922
1652
0
0
0
0
0
0
2238
2688
0
0
0
0
0
0
63
3174
0
0
0
0
0
0
1845
1922
0
0
0
0
0
0
3024
3982
0
0
0
0
0
0
2795
2197
0
0
0
0
0
0
1785
1135
0
0
0
0
0
0
345
1304
0
0
0
0
0
0
2089
2229
0
0
0
0
0
0
729
3776
0
0
0
0
0
0
1633
2060
0
0
0
0
0
0
2463
3296
0
0
0
0
0
0
3315
2431
0
0
0
0
0
0
2072
1706
0
0
0
0
0
0
3758
757
0
0
0
0
0
0
2170
1947
0
0
0
0
0
0
1378
389
0
0
0
0
0
0
1199
1961
0
0
0
0
0
0
2040
2631
0
0
0
0
0
0
3986
2892
0
0
0
0
0
0
2137
2128
0
0
0
0
0
0
3043
60
0
0
0
0
0
0
2491
1899
0
0
0
0
0
0
1928
1122
0
0
0
0
0
0
576
1614
0
0
0
0
0
0
1824
2078
0
0
0
0
0
0
640
3545
0
0
0
0
0
0
1947
2334
0
0
0
0
0
0
2384
3382
0
0
0
0
0
0
3040
2109
0
0
0
0
0
0
2298
1790
0
0
0
0
0
0
3914
1035
0
0
0
0
0
0
1858
1712
0
0
0
0
0
0
1389
234
0
0
0
0
0
0
1505
2278
0
0
0
0
0
0
1868
2619
0
0
0
0
0
0
3769
2581
0
0
0
0
0
0
2425
2309
0
0
0
0
0
0
3106
277
0
0
0
0
0
0
2167
1600
0
0
0
0
0
0
2038
1061
0
0
0
0
0
0
841
1943
0
0
0
0
0
0
1570
1961
0
0
0
0
0
0
508
3277
0
0
0
0
0
0
2273
2596
0
0
0
0
0
0
2344
3513
0
0
0
0
0
0
2735
1777
0
0
0
0
0
0
2500
1835
0
0
0
0
0
0
17
1346
0
0
0
0
0
0
1550
1503
0
0
0
0
0
0
1352
34
0
0
0
0
0
0
1836
2598
0
0
0
0
0
0
1727
2649
0
0
0
0
0
0
3511
2243
0
0
0
0
0
0
2703
2457
0
0
0
0
0
0
3216
535
0
0
0
0
0
0
1829
1314
0
0
0
0
0
0
2107
954
0
0
0
0
0
0
1144
2288
0
0
0
0
0
0
1340
1885
0
0
0
0
0
0
326
2969
0
0
0
0
0
0
2601
2834
0
0
0
0
0
0
2350
3692
0
0
0
0
0
0
2403
1440
0
0
0
0
0
0
2671
1835
0
0
0
0
0
0
259
1683
0
0
0
0
0
0
1248
1323
0
0
0
0
0
0
1269
3886
0
0
0
0
0
0
2183
2907
0
0
0
0
0
0
1625
2730
0
0
0
0
0
0
3218
1891
0
0
0
0
0
0
2963
2565
0
0
0
0
0
0
3373
832
0
0
0
0
0
0
1487
1046
0
0
0
0
0
0
2130
797
0
0
0
0
0
0
1474
2640
0
0
0
0
0
0
1138
1856
0
0
0
0
0
0
100
2632
0
0
0
0
0
0
2923
3044
0
0
0
0
0
0
2406
3918
0
0
0
0
0
0
2050
1111
0
0
0
0
0
0
2803
1784
0
0
0
0
0
0
542
2042
0
0
0
0
0
0
966
1184
0
0
0
0
0
0
1136
3600
0
0
0
0
0
0
2538
3199
0
0
0
0
0
0
1569
2860
0
0
0
0
0
0
2893
1529
0
0
0
0
0
0
3191
2627
0
0
0
0
0
0
3579
1164
0
0
0
0
0
0
1147
808
0
0
0
0
0
0
2107
595
0
0
0
0
0
0
1828
2987
0
0
0
0
0
0
976
1876
0
0
0
0
0
0
3929
2275
0
0
0
0
0
0
3231
3216
0
0
0
0
0
0
2511
92
0
0
0
0
0
0
1687
795
0
0
0
0
0
0
2891
1682
0
0
0
0
0
0
859
2411
0
0
0
0
0
0
708
1090
0
0
0
0
0
0
954
3279
0
0
0
0
0
0
3086
3152
0
0
0
0
0
0
1450
3076
0
0
0
0
0
0
1816
972
0
0
0
0
0
0
3069
2665
0
0
0
0
0
0
2705
2249
0
0
0
0
0
0
646
922
0
0
0
0
0
0
3192
1467
0
0
0
0
0
0
2949
3496
0
0
0
0
0
0
754
823
0
0
0
0
0
0
617
1147
0
0
0
0
0
0
3179
3358
0
0
0
0
0
0
1416
3446
0
0
0
0
0
0
1101
836
0
0
0
0
0
0
3043
2643
0
0
0
0
0
0
843
3732
0
0
0
0
0
0
821
1022
0
0
0
0
0
0
3102
3252
0
0
0
0
0
0
3438
3360
0
0
0
0
0
0
342
1027
0
0
0
0
0
0
1379
610
0
0
0
0
0
0
3324
3741
0
0
0
0
0
0
2932
2726
0
0
0
0
0
0
653
744
0
0
0
0
0
0
3264
1060
0
0
0
0
0
0
3516
3498
0
0
0
0
0
0
988
932
0
0
0
0
0
0
3646
566
0
0
0
0
0
0
3621
3132
0
0
0
0
0
0
490
421
0
0
0
0
0
0
34
386
0
0
0
0
0
0
82
3571
0
0
0
0
0
0
1239
4081
0
0
0
0
0
0
639
3975
0
0
0
0
0
0
2789
2848
0
0
0
0
0
0
3452
3568
0
0
0
0
0
0
345
1379
0
0
0
0
0
0
807
587
0
0
0
0
0
0
3436
3642
0
0
0
0
0
0
3985
3308
0
0
0
0
0
0
380
626
0
0
0
0
0
0
111
4
0
0
0
0
0
0
3870
3780
0
0
0
0
0
0
3912
4081
0
0
0
0
0
0
3255
206
0
0
0
0
0
0
3833
212
0
0
0
0
0
0
779
819
0
0
0
0
0
0
3782
165
0
0
0
0
0
0
108
3242
0
0
0
0
0
0
1621
341
0
0
0
0
0
0
398
4075
0
0
0
0
0
0
2477
2458
0
0
0
0
0
0
3754
3710
0
0
0
0
0
0
3471
2422
0
0
0
0
0
0
443
280
0
0
0
0
0
0
541
519
0
0
0
0
0
0
276
3679
0
0
0
0
0
0
140
3515
0
0
0
0
0
0
3939
3710
0
0
0
0
0
0
135
4028
0
0
0
0
0
0
3853
291
0
0
0
0
0
0
2872
3931
0
0
0
0
0
0
5
139
0
0
0
0
0
0
1076
1208
0
0
0
0
0
0
3774
4070
0
0
0
0
0
0
4076
2940
0
0
0
0
0
0
2206
361
0
0
0
0
0
0
310
104
0
0
0
0
0
0
1402
1865
0
0
0
0
0
0
4016
3805
0
0
0
0
0
0
3678
2774
0
0
0
0
0
0
66
6
0
0
0
0
0
0
533
314
0
0
0
0
0
0
656
4065
0
0
0
0
0
0
4041
3516
0
0
0
0
0
0
3661
3324
0
0
0
0
0
0
167
154
0
0
0
0
0
0
3951
571
0
0
0
0
0
0
2285
3891
0
0
0
0
0
0
128
46
0
0
0
0
0
0
2137
1803
0
0
0
0
0
0
3486
3943
0
0
0
0
0
0
927
1878
0
0
0
0
0
0
2572
655
0
0
0
0
0
0
3228
3254
0
0
0
0
0
0
1003
1493
0
0
0
0
0
0
143
893
0
0
0
0
0
0
3970
3179
0
0
0
0
0
0
3803
3869
0
0
0
0
0
0
568
4081
0
0
0
0
0
0
1146
261
0
0
0
0
0
0
3792
3614
0
0
0
0
0
0
3240
2961
0
0
0
0
0
0
480
305
0
0
0
0
0
0
3791
911
0
0
0
0
0
0
1890
3571
0
0
0
0
0
0
4085
207
0
0
0
0
0
0
2509
2203
0
0
0
0
0
0
3961
4073
0
0
0
0
0
0
697
1500
0
0
0
0
0
0
4071
189
0
0
0
0
0
0
3145
3555
0
0
0
0
0
0
3555
4080
0
0
0
0
0
0
395
847
0
0
0
0
0
0
174
633
0
0
0
0
0
0
3818
3695
0
0
0
0
0
0
442
3774
0
0
0
0
0
0
1739
292
0
0
0
0
0
0
3697
3737
0
0
0
0
0
0
2161
2360
0
0
0
0
0
0
753
410
0
0
0
0
0
0
2873
1993
0
0
0
0
0
0
1526
3292
0
0
0
0
0
0
1140
1126
0
0
0
0
0
0
2923
2576
0
0
0
0
0
0
3758
2917
0
0
0
0
0
0
381
1081
0
0
0
0
0
0
327
400
0
0
0
0
0
0
3238
3835
0
0
0
0
0
0
3153
3721
0
0
0
0
0
0
514
758
0
0
0
0
0
0
512
1041
0
0
0
0
0
0
3518
3569
0
0
0
0
0
0
261
3433
0
0
0
0
0
0
2133
599
0
0
0
0
0
0
3665
3915
0
0
0
0
0
0
1781
1959
0
0
0
0
0
0
983
444
0
0
0
0
0
0
3131
2378
0
0
0
0
0
0
1157
3053
0
0
0
0
0
0
1175
797
0
0
0
0
0
0
3323
2952
0
0
0
0
0
0
3503
3013
0
0
0
0
0
0
61
675
0
0
0
0
0
0
335
575
0
0
0
0
0
0
3391
67
0
0
0
0
0
0
2560
3705
0
0
0
0
0
0
583
607
0
0
0
0
0
0
1607
1643
0
0
0
0
0
0
3268
3496
0
0
0
0
0
0
1155
2336
0
0
0
0
0
0
2494
860
0
0
0
0
0
0
2543
3021
0
0
0
0
0
0
1358
1591
0
0
0
0
0
0
437
1377
0
0
0
0
0
0
3465
2814
0
0
0
0
0
0
3791
3592
0
0
0
0
0
0
1072
496
0
0
0
0
0
0
783
329
0
0
0
0
0
0
3438
3112
0
0
0
0
0
0
3802
3208
0
0
0
0
0
0
578
647
0
0
0
0
0
0
3597
425
0
0
0
0
0
0
2071
3490
0
0
0
0
0
0
584
401
0
0
0
0
0
0
2100
2003
0
0
0
0
0
0
3060
3490
0
0
0
0
0
0
1186
1923
0
0
0
0
0
0
2848
1071
0
0
0
0
0
0
2831
2991
0
0
0
0
0
0
946
1229
0
0
0
0
0
0
559
1289
0
0
0
0
0
0
3803
3225
0
0
0
0
0
0
3799
3443
0
0
0
0
0
0
893
151
0
0
0
0
0
0
1373
325
0
0
0
0
0
0
3398
3289
0
0
0
0
0
0
2697
2610
0
0
0
0
0
0
807
693
0
0
0
0
0
0
2727
1535
0
0
0
0
0
0
1721
3250
0
0
0
0
0
0
1676
1269
0
0
0
0
0
0
2530
2362
0
0
0
0
0
0
2907
2393
0
0
0
0
0
0
829
1488
0
0
0
0
0
0
3170
1232
0
0
0
0
0
0
2884
3388
0
0
0
0
0
0
545
896
0
0
0
0
0
0
726
1103
0
0
0
0
0
0
77
3634
0
0
0
0
0
0
3541
3375
0
0
0
0
0
0
659
3874
0
0
0
0
0
0
1757
594
0
0
0
0
0
0
3431
3524
0
0
0
0
0
0
2297
2219
0
0
0
0
0
0
988
666
0
0
0
0
0
0
2719
1959
0
0
0
0
0
0
1382
3066
0
0
0
0
0
0
1361
1279
0
0
0
0
0
0
2944
2710
0
0
0
0
0
0
3538
2703
0
0
0
0
0
0
476
1066
0
0
0
0
0
0
482
606
0
0
0
0
0
0
3068
3742
0
0
0
0
0
0
3096
3578
0
0
0
0
0
0
702
921
0
0
0
0
0
0
467
1091
0
0
0
0
0
0
3368
3394
0
0
0
0
0
0
381
3478
0
0
0
0
0
0
2212
737
0
0
0
0
0
0
2363
2675
0
0
0
0
0
0
1760
1910
0
0
0
0
0
0
1116
1734
0
0
0
0
0
0
3095
2396
0
0
0
0
0
0
1076
2933
0
0
0
0
0
0
1281
863
0
0
0
0
0
0
3340
3022
0
0
0
0
0
0
3400
2917
0
0
0
0
0
0
96
662
0
0
0
0
0
0
406
664
0
0
0
0
0
0
3326
33
0
0
0
0
0
0
2531
3645
0
0
0
0
0
0
650
662
0
0
0
0
0
0
1596
1665
0
0
0
0
0
0
3218
3441
0
0
0
0
0
0
1185
2346
0
0
0
0
0
0
2515
894
0
0
0
0
0
0
2513
2999
0
0
0
0
0
0
1357
1578
0
0
0
0
0
0
1180
1587
0
0
0
0
0
0
3463
2805
0
0
0
0
0
0
3788
3589
0
0
0
0
0
0
1071
495
0
0
0
0
0
0
781
320
0
0
0
0
0
0
3457
3128
0
0
0
0
0
0
3795
3214
0
0
0
0
0
0
550
613
0
0
0
0
0
0
3625
436
0
0
0
0
0
0
2091
3529
0
0
0
0
0
0
534
362
0
0
0
0
0
0
2106
1977
0
0
0
0
0
0
3122
3556
0
0
0
0
0
0
1143
1915
0
0
0
0
0
0
2797
993
0
0
0
0
0
0
2913
3045
0
0
0
0
0
0
958
1289
0
0
0
0
0
0
458
1193
0
0
0
0
0
0
3848
3212
0
0
0
0
0
0
3579
3580
0
0
0
0
0
0
794
102
0
0
0
0
0
0
1135
536
0
0
0
0
0
0
3545
3405
0
0
0
0
0
0
3393
2850
0
0
0
0
0
0
677
530
0
0
0
0
0
0
2836
1571
0
0
0
0
0
0
1808
3401
0
0
0
0
0
0
1510
1147
0
0
0
0
0
0
2530
2269
0
0
0
0
0
0
3089
2578
0
0
0
0
0
0
729
1484
0
0
0
0
0
0
3032
1036
0
0
0
0
0
0
3066
3499
0
0
0
0
0
0
3534
4015
0
0
0
0
0
0
478
921
0
0
0
0
0
0
152
646
0
0
0
0
0
0
3773
3642
0
0
0
0
0
0
476
3790
0
0
0
0
0
0
1753
315
0
0
0
0
0
0
3681
3726
0
0
0
0
0
0
2162
2361
0
0
0
0
0
0
740
395
0
0
0
0
0
0
2888
1996
0
0
0
0
0
0
1550
3331
0
0
0
0
0
0
1089
1091
0
0
0
0
0
0
2918
2535
0
0
0
0
0
0
3839
2997
0
0
0
0
0
0
339
1089
0
0
0
0
0
0
244
289
0
0
0
0
0
0
3342
3893
0
0
0
0
0
0
3195
3825
0
0
0
0
0
0
363
626
0
0
0
0
0
0
551
993
0
0
0
0
0
0
3676
3754
0
0
0
0
0
0
127
3384
0
0
0
0
0
0
2033
417
0
0
0
0
0
0
3879
4077
0
0
0
0
0
0
1774
2072
0
0
0
0
0
0
746
198
0
0
0
0
0
0
3273
2391
0
0
0
0
0
0
213
4044
0
0
0
0
0
0
836
708
0
0
0
0
0
0
329
3878
0
0
0
0
0
0
3949
3250
0
0
0
0
0
0
4037
3669
0
0
0
0
0
0
335
182
0
0
0
0
0
0
3672
202
0
0
0
0
0
0
2796
3767
0
0
0
0
0
0
193
293
0
0
0
0
0
0
1050
1267
0
0
0
0
0
0
3637
3921
0
0
0
0
0
0
66
2966
0
0
0
0
0
0
2267
457
0
0
0
0
0
0
224
44
0
0
0
0
0
0
1401
1830
0
0
0
0
0
0
4065
3853
0
0
0
0
0
0
3662
2773
0
0
0
0
0
0
59
4093
0
0
0
0
0
0
527
309
0
0
0
0
0
0
648
4042
0
0
0
0
0
0
4091
3563
0
0
0
0
0
0
3642
3342
0
0
0
0
0
0
404
45
0
0
0
0
0
0
4029
602
0
0
0
0
0
0
2536
3689
0
0
0
0
0
0
3877
246
0
0
0
0
0
0
1433
1532
0
0
0
0
0
0
287
237
0
0
0
0
0
0
3782
2576
0
0
0
0
0
0
3576
3814
0
0
0
0
0
0
493
431
0
0
0
0
0
0
4008
514
0
0
0
0
0
0
3929
3585
0
0
0
0
0
0
4056
173
0
0
0
0
0
0
4093
131
0
0
0
0
0
0
287
3934
0
0
0
0
0
0
1024
4073
0
0
0
0
0
0
77
3938
0
0
0
0
0
0
3159
3092
0
0
0
0
0
0
104
3971
0
0
0
0
0
0
4092
1011
0
0
0
0
0
0
2133
3987
0
0
0
0
0
0
3622
3962
0
0
0
0
0
0
2506
1944
0
0
0
0
0
0
367
492
0
0
0
0
0
0
422
342
0
0
0
0
0
0
3649
3710
0
0
0
0
0
0
3753
3795
0
0
0
0
0
0
3584
471
0
0
0
0
0
0
3770
322
0
0
0
0
0
0
485
470
0
0
0
0
0
0
4047
285
0
0
0
0
0
0
239
3524
0
0
0
0
0
0
1257
24
0
0
0
0
0
0
508
3990
0
0
0
0
0
0
2792
2851
0
0
0
0
0
0
3431
3542
0
0
0
0
0
0
374
1385
0
0
0
0
0
0
1043
345
0
0
0
0
0
0
3337
3582
0
0
0
0
0
0
3248
3040
0
0
0
0
0
0
520
776
0
0
0
0
0
0
2903
781
0
0
0
0
0
0
3745
3588
0
0
0
0
0
0
843
1233
0
0
0
0
0
0
3357
373
0
0
0
0
0
0
3368
3230
0
0
0
0
0
0
823
707
0
0
0
0
0
0
689
687
0
0
0
0
0
0
3868
3218
0
0
0
0
0
0
2570
3388
0
0
0
0
0
0
864
229
0
0
0
0
0
0
1309
1533
0
0
0
0
0
0
3618
3272
0
0
0
0
0
0
754
2872
0
0
0
0
0
0
976
465
0
0
0
0
0
0
3325
3177
0
0
0
0
0
0
3622
3074
0
0
0
0
0
0
890
792
0
0
0
0
0
0
2526
498
0
0
0
0
0
0
3039
3219
0
0
0
0
0
0
1197
1617
0
0
0
0
0
0
2021
1073
0
0
0
0
0
0
3143
2872
0
0
0
0
0
0
2316
2049
0
0
0
0
0
0
782
911
0
0
0
0
0
0
3389
1754
0
0
0
0
0
0
2668
3300
0
0
0
0
0
0
855
1778
0
0
0
0
0
0
955
1497
0
0
0
0
0
0
3280
3280
0
0
0
0
0
0
2489
90
0
0
0
0
0
0
1676
781
0
0
0
0
0
0
2881
1675
0
0
0
0
0
0
850
2381
0
0
0
0
0
0
776
1152
0
0
0
0
0
0
928
3305
0
0
0
0
0
0
2786
3335
0
0
0
0
0
0
1675
3085
0
0
0
0
0
0
2622
1322
0
0
0
0
0
0
3180
2478
0
0
0
0
0
0
3845
1413
0
0
0
0
0
0
1069
875
0
0
0
0
0
0
1860
316
0
0
0
0
0
0
1995
3015
0
0
0
0
0
0
1177
2162
0
0
0
0
0
0
3674
2136
0
0
0
0
0
0
3110
2958
0
0
0
0
0
0
2839
350
0
0
0
0
0
0
1678
970
0
0
0
0
0
0
2530
1318
0
0
0
0
0
0
1033
2382
0
0
0
0
0
0
1029
1506
0
0
0
0
0
0
611
3115
0
0
0
0
0
0
2702
3083
0
0
0
0
0
0
2035
3410
0
0
0
0
0
0
2512
1401
0
0
0
0
0
0
2878
2112
0
0
0
0
0
0
19
1529
0
0
0
0
0
0
1228
1178
0
0
0
0
0
0
1508
39
0
0
0
0
0
0
2022
2859
0
0
0
0
0
0
1512
2519
0
0
0
0
0
0
3468
2102
0
0
0
0
0
0
2886
2621
0
0
0
0
0
0
3166
563
0
0
0
0
0
0
1730
1192
0
0
0
0
0
0
2179
987
0
0
0
0
0
0
1168
2335
0
0
0
0
0
0
1308
1861
0
0
0
0
0
0
330
2974
0
0
0
0
0
0
2575
2803
0
0
0
0
0
0
2386
3700
0
0
0
0
0
0
2456
1526
0
0
0
0
0
0
2559
1758
0
0
0
0
0
0
244
1592
0
0
0
0
0
0
1423
1496
0
0
0
0
0
0
1178
3903
0
0
0
0
0
0
2004
2665
0
0
0
0
0
0
1851
2853
0
0
0
0
0
0
3308
2118
0
0
0
0
0
0
2634
2279
0
0
0
0
0
0
3459
729
0
0
0
0
0
0
1826
1446
0
0
0
0
0
0
1836
689
0
0
0
0
0
0
1254
2244
0
0
0
0
0
0
1602
2207
0
0
0
0
0
0
85
2880
0
0
0
0
0
0
2410
2508
0
0
0
0
0
0
2715
3948
0
0
0
0
0
0
2446
1690
0
0
0
0
0
0
2238
1424
0
0
0
0
0
0
427
1609
0
0
0
0
0
0
1649
1822
0
0
0
0
0
0
879
3715
0
0
0
0
0
0
1938
2441
0
0
0
0
0
0
2184
3160
0
0
0
0
0
0
3195
2178
0
0
0
0
0
0
2360
1941
0
0
0
0
0
0
3715
847
0
0
0
0
0
0
1961
1718
0
0
0
0
0
0
1507
425
0
0
0
0
0
0
1292
2111
0
0
0
0
0
0
1908
2541
0
0
0
0
0
0
3980
2835
0
0
0
0
0
0
2212
2201
0
0
0
0
0
0
3020
60
0
0
0
0
0
0
2480
1884
0
0
0
0
0
0
1918
1115
0
0
0
0
0
0
563
1579
0
0
0
0
0
0
1896
2145
0
0
0
0
0
0
613
3573
0
0
0
0
0
0
1834
2195
0
0
0
0
0
0
2504
3432
0
0
0
0
0
0
3129
2280
0
0
0
0
0
0
2076
1617
0
0
0
0
0
0
3932
921
0
0
0
0
0
0
2128
2002
0
0
0
0
0
0
1205
204
0
0
0
0
0
0
1287
1946
0
0
0
0
0
0
2212
2847
0
0
0
0
0
0
3824
2836
0
0
0
0
0
0
1994
1894
0
0
0
0
0
0
3291
222
0
0
0
0
0
0
2554
2104
0
0
0
0
0
0
1606
837
0
0
0
0
0
0
653
1507
0
0
0
0
0
0
2158
2459
0
0
0
0
0
0
384
3478
0
0
0
0
0
0
1696
1935
0
0
0
0
0
0
2805
3665
0
0
0
0
0
0
3106
2413
0
0
0
0
0
0
1791
1315
0
0
0
0
0
0
10
948
0
0
0
0
0
0
2320
2291
0
0
0
0
0
0
930
25
0
0
0
0
0
0
1243
1756
0
0
0
0
0
0
2510
3127
0
0
0
0
0
0
3710
2877
0
0
0
0
0
0
1756
1595
0
0
0
0
0
0
3529
340
0
0
0
0
0
0
2661
2337
0
0
0
0
0
0
1313
595
0
0
0
0
0
0
702
1403
0
0
0
0
0
0
2423
2756
0
0
0
0
0
0
195
3425
0
0
0
0
0
0
1533
1669
0
0
0
0
0
0
3079
3860
0
0
0
0
0
0
3123
2575
0
0
0
0
0
0
1509
1035
0
0
0
0
0
0
142
934
0
0
0
0
0
0
2529
2573
0
0
0
0
0
0
688
3984
0
0
0
0
0
0
1164
1549
0
0
0
0
0
0
2793
3375
0
0
0
0
0
0
3639
2951
0
0
0
0
0
0
1514
1309
0
0
0
0
0
0
3730
417
0
0
0
0
0
0
2797
2580
0
0
0
0
0
0
1044
391
0
0
0
0
0
0
711
1272
0
0
0
0
0
0
2686
3028
0
0
0
0
0
0
46
3411
0
0
0
0
0
0
1351
1405
0
0
0
0
0
0
3323
4013
0
0
0
0
0
0
3177
2756
0
0
0
0
0
0
1240
788
0
0
0
0
0
0
235
886
0
0
0
0
0
0
2749
2843
0
0
0
0
0
0
481
3887
0
0
0
0
0
0
1058
1331
0
0
0
0
0
0
3056
3586
0
0
0
0
0
0
3607
3056
0
0
0
0
0
0
1273
1047
0
0
0
0
0
0
3890
454
0
0
0
0
0
0
2952
2823
0
0
0
0
0
0
803
225
0
0
0
0
0
0
685
1118
0
0
0
0
0
0
2939
3273
0
0
0
0
0
0
4034
3432
0
0
0
0
0
0
1158
1152
0
0
0
0
0
0
3532
30
0
0
0
0
0
0
3255
2946
0
0
0
0
0
0
991
575
0
0
0
0
0
0
288
810
0
0
0
0
0
0
2968
3095
0
0
0
0
0
0
311
3828
0
0
0
0
0
0
930
1112
0
0
0
0
0
0
3289
3758
0
0
0
0
0
0
3608
3181
0
0
0
0
0
0
1038
808
0
0
0
0
0
0
4013
457
0
0
0
0
0
0
3119
3057
0
0
0
0
0
0
593
99
0
0
0
0
0
0
631
954
0
0
0
0
0
0
3174
3484
0
0
0
0
0
0
3962
3484
0
0
0
0
0
0
964
916
0
0
0
0
0
0
3708
105
0
0
0
0
0
0
3355
3141
0
0
0
0
0
0
764
397
0
0
0
0
0
0
307
712
0
0
0
0
0
0
3181
3323
0
0
0
0
0
0
178
3806
0
0
0
0
0
0
791
900
0
0
0
0
0
0
3497
3896
0
0
0
0
0
0
3639
3320
0
0
0
0
0
0
820
601
0
0
0
0
0
0
4
430
0
0
0
0
0
0
3290
3275
0
0
0
0
0
0
417
9
0
0
0
0
0
0
554
785
0
0
0
0
0
0
3389
3664
0
0
0
0
0
0
3923
3555
0
0
0
0
0
0
773
700
0
0
0
0
0
0
3847
147
0
0
0
0
0
0
3472
3331
0
0
0
0
0
0
566
255
0
0
0
0
0
0
298
601
0
0
0
0
0
0
3381
3523
0
0
0
0
0
0
82
3811
0
0
0
0
0
0
643
700
0
0
0
0
0
0
3669
3994
0
0
0
0
0
0
3691
3464
0
0
0
0
0
0
622
425
0
0
0
0
0
0
57
381
0
0
0
0
0
0
3456
3474
0
0
0
0
0
0
276
4049
0
0
0
0
0
0
465
619
0
0
0
0
0
0
3575
3807
0
0
0
0
0
0
3913
3643
0
0
0
0
0
0
593
512
0
0
0
0
0
0
3951
160
0
0
0
0
0
0
3593
3509
0
0
0
0
0
0
399
149
0
0
0
0
0
0
270
482
0
0
0
0
0
0
3561
3692
0
0
0
0
0
0
16
3838
0
0
0
0
0
0
500
521
0
0
0
0
0
0
3809
4063
0
0
0
0
0
0
3758
3605
0
0
0
0
0
0
447
285
0
0
0
0
0
0
82
316
0
0
0
0
0
0
3613
3648
0
0
0
0
0
0
169
4021
0
0
0
0
0
0
369
464
0
0
0
0
0
0
3733
3917
0
0
0
0
0
0
3925
3738
0
0
0
0
0
0
432
355
0
0
0
0
0
0
4024
151
0
0
0
0
0
0
3713
3670
0
0
0
0
0
0
264
73
0
0
0
0
0
0
222
364
0
0
0
0
0
0
3720
3828
0
0
0
0
0
0
4074
3881
0
0
0
0
0
0
365
363
0
0
0
0
0
0
3916
7
0
0
0
0
0
0
3833
3738
0
0
0
0
0
0
302
174
0
0
0
0
0
0
85
244
0
0
0
0
0
0
3756
3794
0
0
0
0
0
0
90
4015
0
0
0
0
0
0
271
324
0
0
0
0
0
0
3860
3997
0
0
0
0
0
0
3955
3833
0
0
0
0
0
0
292
227
0
0
0
0
0
0
4071
125
0
0
0
0
0
0
3826
3807
0
0
0
0
0
0
159
25
0
0
0
0
0
0
167
254
0
0
0
0
0
0
3851
3933
0
0
0
0
0
0
4060
3935
0
0
0
0
0
0
246
233
0
0
0
0
0
0
3997
25
0
0
0
0
0
0
3911
3857
0
0
0
0
0
0
186
95
0
0
0
0
0
0
72
170
0
0
0
0
0
0
3876
3910
0
0
0
0
0
0
41
4027
0
0
0
0
0
0
180
206
0
0
0
0
0
0
3958
4049
0
0
0
0
0
0
3993
3923
0
0
0
0
0
0
178
130
0
0
0
0
0
0
4095
91
0
0
0
0
0
0
3923
3921
0
0
0
0
0
0
84
0
0
0
0
0
0
0
111
158
0
0
0
0
0
0
3953
4007
0
0
0
0
0
0
4060
3989
0
0
0
0
0
0
146
132
0
0
0
0
0
0
4047
25
0
0
0
0
0
0
3980
3954
0
0
0
0
0
0
99
44
0
0
0
0
0
0
50
103
0
0
0
0
0
0
3972
3995
0
0
0
0
0
0
11
4046
0
0
0
0
0
0
101
111
0
0
0
0
0
0
4025
4077
0
0
0
0
0
0
4031
3996
0
0
0
0
0
0
92
62
0
0
0
0
0
0
6
54
0
0
0
0
0
0
4003
4005
0
0
0
0
0
0
37
4088
0
0
0
0
0
0
60
81
0
0
0
0
0
0
4028
4057
0
0
0
0
0
0
4071
4038
0
0
0
0
0
0
69
60
0
0
0
0
0
0
4077
17
0
0
0
0
0
0
4036
4026
0
0
0
0
0
0
40
13
0
0
0
0
0
0
26
49
0
0
0
0
0
0
4040
4052
0
0
0
0
0
0
4095
4069
0
0
0
0
0
0
44
46
0
0
0
0
0
0
4068
4091
0
0
0
0
0
0
4065
4052
0
0
0
0
0
0
34
21
0
0
0
0
0
0
5
22
0
0
0
0
0
0
4059
4062
0
0
0
0
0
0
8
4089
0
0
0
0
0
0
21
27
0
0
0
0
0
0
4071
4082
0
0
0
0
0
0
4083
4073
0
0
0
0
0
0
21
17
0
0
0
0
0
0
4090
6
0
0
0
0
0
0
4077
4075
0
0
0
0
0
0
9
1
0
0
0
0
0
0
6
12
0
0
0
0
0
0
4080
4084
0
0
0
0
0
0
4093
4087
0
0
0
0
0
0
8
8
0
0
0
0
0
0
4089
4094
0
0
0
0
0
0
4088
4086
0
0
0
0
0
0
4
0
0
0
0
0
0
0
4095
1
0
0
0
0
0
0
4089
4089
0
0
0
0
0
0
4095
4094
0
0
0
0
0
0
0
4095
0
0
0
0
0
0
4092
4093
0
0
0
0
0
0
4093
4092
0
0
0
0
0
0
0
4095
0
0
0
0
0
0
4094
4095
0
0
0
0
0
0
4092
4092
0
0
0
0
0
0
4094
4094
0
0
0
0
0
0
4095
0
0
0
0
0
0
0
4094
4095
0
0
0
0
0
0
4095
0
0
0
0
0
0
0
0
4095
0
0
0
0
0
0
4095
4095
0
0
0
0
0
0
4095
0
0
0
0
0
0
0
0
0
0
0
0
0
0
0
0
4095
0
0
0
0
0
0
0
0
0
0
0
0
0
0
0
0
0
0
0
0
0
0
0
0
0
0
0
0
0
0
0
0
0
0
0
0
0
0
0
0
0
0
0
0
0
0
0
0
0
0
0
0
0
0
0
0
0
0
0
0
0
0
0
0
0
0
0
0
0
0
0
0
0
0
0
0
0
0
0
0
0
0
0
0
0
0
0
0
0
0
0
0
0
0
0
0
0
0
0
0
0
0
0
0
0
0
0
0
0
0
0
0
0
0
0
0
0
0
0
0
0
0
0
0
0
0
0
0
0
0
0
0
0
0
0
0
0
0
0
0
0
0
0
0
0
0
0
0
0
0
0
0
0
0
0
0
0
0
0
0
0
0
0
0
0
0
0
0
0
0
0
0
0
0
0
0
0
0
0
0
0
0
0
0
0
0
0
0
0
0
0
0
0
0
0
0
0
0
0
0
0
0
0
0
0
0
0
0
0
0
0
0
0
0
0
0
0
0
0
0
0
0
0
0
0
0
0
0
0
0
0
0
0
0
0
0
0
0
0
0
0
0
0
0
0
0
0
0
0
0
0
0
0
0
0
0
0
0
0
0
0
0
0
0
0
0
0
0
0
0
0
0
0
0
0
0
0
0
0
0
0
0
0
0
0
0
0
0
0
0
0
0
0
0
0
0
0
0
0
0
0
0
0
0
0
0
0
0
0
0
0
0
0
0
0
0
0
0
0
0
0
0
0
0
0
0
0
0
0
0
0
0
0
0
0
0
0
0
0
0
0
0
0
0
0
0
0
0
0
0
0
0
0
0
0
0
0
0
0
0
0
0
0
0
0
0
0
0
0
0
0
0
0
0
0
0
0
0
0
0
0
0
0
0
0
0
0
0
0
0
0
0
0
0
0
0
0
0
0
0
0
0
0
0
0
0
0
0
0
0
0
0
0
0
0
0
0
0
0
0
0
0
0
0
0
0
0
0
0
0
0
0
0
0
0
0
0
0
0
0
0
0
0
0
0
0
0
0
0
0
0
0
0
0
0
0
0
0
0
0
0
0
0
0
0
0
0
0
0
0
0
0
0
0
0
0
0
0
0
0
0
0
0
0
0
0
0
0
0
0
0
0
0
0
0
0
0
0
0
0
0
0
0
0
0
0
0
0
0
0
0
0
0
0
0
0
0
0
0
0
0
0
0
0
0
0
0
0
0
0
0
0
0
0
0
0
0
0
0
0
0
0
0
0
0
0
0
0
0
0
0
0
0
0
0
0
0
0
0
0
0
0
0
0
0
0
0
0
0
0
0
0
0
0
0
0
0
0
0
0
0
0
0
0
0
0
0
0
0
0
0
0
0
0
0
0
0
0
0
0
0
0
0
0
0
0
0
0
0
0
0
0
0
0
0
0
0
0
0
0
0
0
0
0
0
0
0
0
0
0
0
0
0
0
0
0
0
0
0
0
0
0
0
0
0
0
0
0
0
0
0
0
0
0
0
0
0
0
0
0
0
0
0
0
0
0
0
0
0
0
0
0
0
0
0
0
0
0
0
0
0
0
0
0
0
0
0
0
0
0
0
0
0
0
0
0
0
0
0
0
0
0
0
0
0
0
0
0
0
0
0
0
0
0
0
0
0
0
0
0
0
0
0
0
0
0
0
0
0
0
0
0
0
0
0
0
0
0
0
0
0
0
0
0
0
0
0
0
0
0
0
0
0
0
0
0
0
0
0
0
0
0
0
0
0
0
0
0
0
0
0
0
0
0
0
0
0
0
0
0
0
0
0
0
0
0
0
0
0
0
0
0
0
0
0
0
0
0
0
0
0
0
0
0
0
0
0
0
0
0
0
0
0
0
0
0
0
0
0
0
0
0
0
0
0
0
0
0
0
0
0
0
0
0
0
0
0
0
0
0
0
0
0
0
0
0
0
0
0
0
0
0
0
0
0
0
0
0
0
0
0
0
0
0
0
0
0
0
0
0
0
0
0
0
0
0
0
0
0
0
0
0
0
0
0
0
0
0
0
0
0
0
0
0
0
0
0
0
0
0
0
0
0
0
0
0
0
0
0
0
0
0
0
0
0
0
0
0
0
0
0
0
0
0
0
0
0
0
0
0
0
0
0
0
0
0
0
0
0
0
0
0
0
0
0
0
0
0
0
0
0
0
0
0
0
0
0
0
0
0
0
0
0
0
0
0
0
0
0
0
0
0
0
0
0
0
0
0
0
0
0
0
0
0
0
0
0
0
0
0
0
0
0
0
0
0
0
0
0
0
0
0
0
0
0
0
0
0
0
0
0
0
0
0
0
0
0
0
0
0
0
0
0
0
0
0
0
0
0
0
0
0
0
0
0
0
0
0
0
0
0
0
0
0
0
0
0
0
0
0
0
0
0
0
0
0
0
0
0
0
0
0
0
0
0
0
0
0
0
0
0
0
0
0
0
0
0
0
0
0
0
0
0
0
0
0
0
0
0
0
0
0
0
0
0
0
0
0
0
0
0
0
0
0
0
0
0
0
0
0
0
0
0
0
0
0
0
0
0
0
0
0
0
0
0
0
0
0
0
0
0
0
0
0
0
0
0
0
0
0
0
0
0
0
0
0
0
0
0
0
0
0
0
0
0
0
0
0
0
0
0
0
0
0
0
0
0
0
0
0
0
0
0
0
0
0
0
0
0
0
0
0
0
0
0
0
0
0
0
0
0
0
0
0
0
0
0
0
0
0
0
0
0
0
0
0
0
0
0
0
0
0
0
0
0
0
0
0
0
0
0
0
0
0
0
0
0
0
0
0
0
0
0
0
0
0
0
0
0
0
0
0
0
0
0
0
0
0
0
0
0
0
0
0
0
0
0
0
0
0
0
0
0
0
0
0
0
0
0
0
0
0
0
0
0
0
0
0
0
0
0
0
0
0
0
0
0
0
0
0
0
0
0
0
0
0
0
0
0
0
0
0
0
0
0
0
0
0
0
0
0
0
0
0
0
0
0
0
0
0
0
0
0
0
0
0
0
0
0
0
0
0
0
0
0
0
0
0
0
0
0
0
0
0
0
0
0
0
0
0
0
0
0
0
0
0
0
0
0
0
0
0
0
0
0
0
0
0
0
0
0
0
0
0
0
0
0
0
0
0
0
0
0
0
0
0
0
0
0
0
0
0
0
0
0
0
0
0
0
0
0
0
0
0
0
0
0
0
0
0
0
0
0
0
0
0
0
0
0
0
0
0
0
0
0
0
0
0
0
0
0
0
0
0
0
0
0
0
0
0
0
0
0
0
0
0
0
0
0
0
0
0
0
0
0
0
0
0
0
0
0
0
0
0
0
0
0
0
0
0
0
0
0
0
0
0
0
0
0
0
0
0
0
0
0
0
0
0
0
0
0
0
0
0
0
0
0
0
0
0
0
0
0
0
0
0
0
0
0
0
0
0
0
0
0
0
0
0
0
0
0
0
0
0
0
0
0
0
0
0
0
0
0
0
0
0
0
0
0
0
0
0
0
0
0
0
0
0
0
0
0
0
0
0
0
0
0
0
0
0
0
0
0
0
0
0
0
0
0
0
0
0
0
0
0
0
0
0
0
0
0
0
0
0
0
0
0
0
0
0
0
0
0
0
0
0
0
0
0
0
0
0
0
0
0
0
0
0
0
0
0
0
0
0
0
0
0
0
0
0
0
0
0
0
0
0
0
0
0
0
0
0
0
0
0
0
0
0
0
0
0
0
0
0
0
0
0
0
0
0
0
0
0
0
0
0
0
0
0
0
0
0
0
0
0
0
0
0
0
0
0
0
0
0
0
0
0
0
0
0
0
0
0
0
0
0
0
0
0
0
0
0
0
0
0
0
0
0
0
0
0
0
0
0
0
0
0
0
0
0
0
0
0
0
0
0
0
0
0
0
0
0
0
0
0
0
0
0
0
0
0
0
0
0
0
0
0
0
0
0
0
0
0
0
0
0
0
0
0
0
0
0
0
0
0
0
0
0
0
0
0
0
0
0
0
0
0
0
0
0
0
0
0
0
0
0
0
0
0
0
0
0
0
0
0
0
0
0
0
0
0
0
0
0
0
0
0
0
0
0
0
0
0
0
0
0
0
0
0
0
0
0
0
0
0
0
0
0
0
0
0
0
0
0
0
0
0
0
0
0
0
0
0
0
0
0
0
0
0
0
0
0
0
0
0
0
0
0
0
0
0
0
0
0
0
0
0
0
0
0
0
0
0
0
0
0
0
0
0
0
0
0
0
0
0
0
0
0
0
0
0
0
0
0
0
0
0
0
0
0
0
0
0
0
0
0
0
0
0
0
0
0
0
0
0
0
0
0
0
0
0
0
0
0
0
0
0
0
0
0
0
0
0
0
0
0
0
0
0
0
0
0
0
0
0
0
0
0
0
0
0
0
0
0
0
0
0
0
0
0
0
0
0
0
0
0
0
0
0
0
0
0
0
0
0
0
0
0
0
0
0
0
0
0
0
0
0
0
0
0
0
0
0
0
0
0
0
0
0
0
0
0
0
0
0
0
0
0
0
0
0
0
0
0
0
0
0
0
0
0
0
0
0
0
0
0
0
0
0
0
0
0
0
0
0
0
0
0
0
0
0
0
0
0
0
0
0
0
0
0
0
0
0
0
0
0
0
0
0
0
0
0
0
0
0
0
0
0
0
0
0
0
0
0
0
0
0
0
0
0
0
0
0
0
0
0
0
0
0
0
0
0
0
0
0
0
0
0
0
0
0
0
0
0
0
0
0
0
0
0
0
0
0
0
0
0
0
0
0
0
0
0
0
0
0
0
0
0
0
0
0
0
0
0
0
0
0
0
0
0
0
0
0
0
0
0
0
0
0
0
0
0
0
0
0
0
0
0
0
0
0
0
0
0
0
0
0
0
0
0
0
0
0
0
0
0
0
0
0
0
0
0
0
0
0
0
0
0
0
0
0
0
0
0
0
0
0
0
0
0
0
0
0
0
0
0
0
0
0
0
0
0
0
0
0
0
0
0
0
0
0
0
0
0
0
0
0
0
0
0
0
0
0
0
0
0
0
0
0
0
0
0
0
0
0
0
0
0
0
0
0
0
0
0
0
0
0
0
0
0
0
0
0
0
0
0
0
0
0
0
0
0
0
0
0
0
0
0
0
0
0
0
0
0
0
0
0
0
0
0
0
0
0
0
0
0
0
0
0
0
0
0
0
0
0
0
0
0
0
0
0
0
0
0
0
0
0
0
0
0
0
0
0
0
0
0
0
0
0
0
0
0
0
0
0
0
0
0
0
0
0
0
0
0
0
0
0
0
0
0
0
0
0
0
0
0
0
0
0
0
0
0
0
0
0
0
0
0
0
0
0
0
0
0
0
0
0
0
0
0
0
0
0
0
0
0
0
0
0
0
0
0
0
0
0
0
0
0
0
0
0
0
0
0
0
0
0
0
0
0
0
0
0
0
0
0
0
0
0
0
0
0
0
0
0
0
0
0
0
0
0
0
0
0
0
0
0
0
0
0
0
0
0
0
0
0
0
0
0
0
0
0
0
0
0
0
0
0
0
0
0
0
0
0
0
0
0
0
0
0
0
0
0
0
0
0
0
0
0
0
0
0
0
0
0
0
0
0
0
0
0
0
0
0
0
0
0
0
0
0
0
0
0
0
0
0
0
0
0
0
0
0
0
0
0
0
0
0
0
0
0
0
0
0
0
0
0
0
0
0
0
0
0
0
0
0
0
0
0
0
0
0
0
0
0
0
0
0
0
0
0
0
0
0
0
0
0
0
0
0
0
0
0
0
0
0
0
0
0
0
0
0
0
0
0
0
0
0
0
0
0
0
0
0
0
0
0
0
0
0
0
0
0
0
0
0
0
0
0
0
0
0
0
0
0
0
0
0
0
0
0
0
0
0
0
0
0
0
0
0
0
0
0
0
0
0
0
0
0
0
0
0
0
0
0
0
0
0
0
0
0
0
0
0
0
0
0
0
0
0
0
0
0
0
0
0
0
0
0
0
0
0
0
0
0
0
0
0
0
0
0
0
0
0
0
0
0
0
0
0
0
0
0
0
0
0
0
0
0
0
0
0
0
0
0
0
0
0
0
0
0
0
0
0
0
0
0
0
0
0
0
0
0
0
0
0
0
0
0
0
0
0
0
0
0
0
0
0
0
0
0
0
0
0
0
0
0
0
0
0
0
0
0
0
0
0
0
0
0
0
0
0
0
0
0
0
0
0
0
0
0
0
0
0
0
0
0
0
0
0
0
0
0
0
0
0
0
0
0
0
0
0
0
0
0
0
0
0
0
0
0
0
0
0
0
0
0
0
0
0
0
0
0
0
0
0
0
0
0
0
0
0
0
0
0
0
0
0
0
0
0
0
0
0
0
0
0
0
0
0
0
0
0
0
0
0
0
0
0
0
0
0
0
0
0
0
0
0
0
0
0
0
0
0
0
0
0
0
0
0
0
0
0
0
0
0
0
0
0
0
0
0
0
0
0
0
0
0
0
0
0
0
0
0
0
0
0
0
0
0
0
0
0
0
0
0
0
0
0
0
0
0
0
0
0
0
0
0
0
0
0
0
0
0
0
0
0
0
0
0
0
0
0
0
0
0
0
0
0
0
0
0
0
0
0
0
0
0
0
0
0
0
0
0
0
0
0
0
0
0
0
0
0
0
0
0
0
0
0
0
0
0
0
0
0
0
0
0
0
0
0
0
0
0
0
0
0
0
0
0
0
0
0
0
0
0
0
0
0
0
0
0
0
0
0
0
0
0
0
0
0
0
0
0
0
0
0
0
0
0
0
0
0
0
0
0
0
0
0
0
0
0
0
0
0
0
0
0
0
0
0
0
0
0
0
0
0
0
0
0
0
0
0
0
0
0
0
0
0
0
0
0
0
0
0
0
0
0
0
0
0
0
0
0
0
0
0
0
0
0
0
0
0
0
0
0
0
0
0
0
0
0
0
0
0
0
0
0
0
0
0
0
0
0
0
0
0
0
0
0
0
0
0
0
0
0
0
0
0
0
0
0
0
0
0
0
0
0
0
0
0
0
0
0
0
0
0
0
0
0
0
0
0
0
0
0
0
0
0
0
0
0
0
0
0
0
0
0
0
0
0
0
0
0
0
0
0
0
0
0
0
0
0
0
0
0
0
0
0
0
0
0
0
0
0
0
0
0
0
0
0
0
0
0
0
0
0
0
0
0
0
0
0
0
0
0
0
0
0
0
0
0
0
0
0
0
0
0
0
0
0
0
0
0
0
0
0
0
0
0
0
0
0
0
0
0
0
0
0
0
0
0
0
0
0
0
0
0
0
0
0
0
0
0
0
0
0
0
0
0
0
0
0
0
0
0
0
0
0
0
0
0
0
0
0
0
0
0
0
0
0
0
0
0
0
0
0
0
0
0
0
0
0
0
0
0
0
0
0
0
0
0
0
0
0
0
0
0
0
0
0
0
0
0
0
0
0
0
0
0
0
0
0
0
0
0
0
0
0
0
0
0
0
0
0
0
0
0
0
0
0
0
0
0
0
0
0
0
0
0
0
0
0
0
0
0
0
0
0
0
0
0
0
0
0
0
0
0
0
0
0
0
0
0
0
0
0
0
0
0
0
0
0
0
0
0
0
0
0
0
0
0
0
0
0
0
0
0
0
0
0
0
0
0
0
0
0
0
0
0
0
0
0
0
0
0
0
0
0
0
0
0
0
0
0
0
0
0
0
0
0
0
0
0
0
0
0
0
0
0
0
0
0
0
0
0
0
0
0
0
0
0
0
0
0
0
0
0
0
0
0
0
0
0
0
0
0
0
0
0
0
0
0
0
0
0
0
0
0
0
0
0
0
0
0
0
0
0
0
0
0
0
0
0
0
0
0
0
0
0
0
0
0
0
0
0
0
0
0
0
0
0
0
0
0
0
0
0
0
0
0
0
0
0
0
0
0
0
0
0
0
0
0
0
0
0
0
0
0
0
0
0
0
0
0
0
0
0
0
0
0
0
0
0
0
0
0
0
0
0
0
0
0
0
0
0
0
0
0
0
0
0
0
0
0
0
0
0
0
0
0
0
0
0
0
0
0
0
0
0
0
0
0
0
0
0
0
0
0
0
0
0
0
0
0
0
0
0
0
0
0
0
0
0
0
0
0
0
0
0
0
0
0
0
0
0
0
0
0
0
0
0
0
0
0
0
0
0
0
0
0
0
0
0
0
0
0
0
0
0
0
0
0
0
0
0
0
0
0
0
0
0
0
0
0
0
0
0
0
0
0
0
0
0
0
0
0
0
0
0
0
0
0
0
0
0
0
0
0
0
0
0
0
0
0
0
0
0
0
0
0
0
0
0
0
0
0
0
0
0
0
0
0
0
0
0
0
0
0
0
0
0
0
0
0
0
0
0
0
0
0
0
0
0
0
0
0
0
0
0
0
0
0
0
0
0
0
0
0
0
0
0
0
0
0
0
0
0
0
0
0
0
0
0
0
0
0
0
0
0
0
0
0
0
0
0
0
0
0
0
0
0
0
0
0
0
0
0
0
0
0
0
0
0
0
0
0
0
0
0
0
0
0
0
0
0
0
0
0
0
0
0
0
0
0
0
0
0
0
0
0
0
0
0
0
0
0
0
0
0
0
0
0
0
0
0
0
0
0
0
0
0
0
0
0
0
0
0
0
0
0
0
0
0
0
0
0
0
0
0
0
0
0
0
0
0
0
0
0
0
0
0
0
0
0
0
0
0
0
0
0
0
0
0
0
0
0
0
0
0
0
0
0
0
0
0
0
0
0
0
0
0
0
0
0
0
0
0
0
0
0
0
0
0
0
0
0
0
0
0
0
0
0
0
0
0
0
0
0
0
0
0
0
0
0
0
0
0
0
0
0
0
0
0
0
0
0
0
0
0
0
0
0
0
0
0
0
0
0
0
0
0
0
0
0
0
0
0
0
0
0
0
0
0
0
0
0
0
0
0
0
0
0
0
0
0
0
0
0
0
0
0
0
0
0
0
0
0
0
0
0
0
0
0
0
0
0
0
0
0
0
0
0
0
0
0
0
0
0
0
0
0
0
0
0
0
0
0
0
0
0
0
0
0
0
0
0
0
0
0
0
0
0
0
0
0
0
0
0
0
0
0
0
0
0
0
0
0
0
0
0
0
0
0
0
0
0
0
0
0
0
0
0
0
0
0
0
0
0
0
0
0
0
0
0
0
0
0
0
0
0
0
0
0
0
0
0
0
0
0
0
0
0
0
0
0
0
0
0
0
0
0
0
0
0
0
0
0
0
0
0
0
0
0
0
0
0
0
0
0
0
0
0
0
0
0
0
0
0
0
0
0
0
0
0
0
0
0
0
0
0
0
0
0
0
0
0
0
0
0
0
0
0
0
0
0
0
0
0
0
0
0
0
0
0
0
0
0
0
0
0
0
0
0
0
0
0
0
0
0
0
0
0
0
0
0
0
0
0
0
0
0
0
0
0
0
0
0
0
0
0
0
0
0
0
0
0
0
0
0
0
0
0
0
0
0
0
0
0
0
0
0
0
0
0
0
0
0
0
0
0
0
0
0
0
0
0
0
0
0
0
0
0
0
0
0
0
0
0
0
0
0
0
0
0
0
0
0
0
0
0
0
0
0
0
0
0
0
0
0
0
0
0
0
0
0
0
0
0
0
0
0
0
0
0
0
0
0
0
0
0
0
0
0
0
0
0
0
0
0
0
0
0
0
0
0
0
0
0
0
0
0
0
0
0
0
0
0
0
0
0
0
0
0
0
0
0
0
0
0
0
0
0
0
0
0
0
0
0
0
0
0
0
0
0
0
0
0
0
0
0
0
0
0
0
0
0
0
0
0
0
0
0
0
0
0
0
0
0
0
0
0
0
0
0
0
0
0
0
0
0
0
0
0
0
0
0
0
0
0
0
0
0
0
0
0
0
0
0
0
0
0
0
0
0
0
0
0
0
0
0
0
0
0
0
0
0
0
0
0
0
0
0
0
0
0
0
0
0
0
0
0
0
0
0
0
0
0
0
0
0
0
0
0
0
0
0
0
0
0
0
0
0
0
0
0
0
0
0
0
0
0
0
0
0
0
0
0
0
0
0
0
0
0
0
0
0
0
0
0
0
0
0
0
0
0
0
0
0
0
0
0
0
0
0
0
0
0
0
0
0
0
0
0
0
0
0
0
0
0
0
0
0
0
0
0
0
0
0
0
0
0
0
0
0
0
0
0
0
0
0
0
0
0
0
0
0
0
0
0
0
0
0
0
0
0
0
0
0
0
0
0
0
0
0
0
0
0
0
0
0
0
0
0
0
0
0
0
0
0
0
0
0
0
0
0
0
0
0
0
0
0
0
0
0
0
0
0
0
0
0
0
0
0
0
0
0
0
0
0
0
0
0
0
0
0
0
0
0
0
0
0
0
0
0
0
0
0
0
0
0
0
0
0
0
0
0
0
0
0
0
0
0
0
0
0
0
0
0
0
0
0
0
0
0
0
0
0
0
0
0
0
0
0
0
0
0
0
0
0
0
0
0
0
0
0
0
0
0
0
0
0
0
0
0
0
0
0
0
0
0
0
0
0
0
0
0
0
0
0
0
0
0
0
0
0
0
0
0
0
0
0
0
0
0
0
0
0
0
0
0
0
0
0
0
0
0
0
0
0
0
0
0
0
0
0
0
0
0
0
0
0
0
0
0
0
0
0
0
0
0
0
0
0
0
0
0
0
0
0
0
0
0
0
0
0
0
0
0
0
0
0
0
0
0
0
0
0
0
0
0
0
0
0
0
0
0
0
0
0
0
0
0
0
0
0
0
0
0
0
0
0
0
0
0
0
0
0
0
0
0
0
0
0
0
0
0
0
0
0
0
0
0
0
0
0
0
0
0
0
0
0
0
0
0
0
0
0
0
0
0
0
0
0
0
0
0
0
0
0
0
0
0
0
0
0
0
0
0
0
0
0
0
0
0
0
0
0
0
0
0
0
0
0
0
0
0
0
0
0
0
0
0
0
0
0
0
0
0
0
0
0
0
0
0
0
0
0
0
0
0
0
0
0
0
0
0
0
0
0
0
0
0
0
0
0
0
0
0
0
0
0
0
0
0
0
0
0
0
0
0
0
0
0
0
0
0
0
0
0
0
0
0
0
0
0
0
0
0
0
0
0
0
0
0
0
0
0
0
0
0
0
0
0
0
0
0
0
0
0
0
0
0
0
0
0
0
0
0
0
0
0
0
0
0
0
0
0
0
0
0
0
0
0
0
0
0
0
0
0
0
0
0
0
0
0
0
0
0
0
0
0
0
0
0
0
0
0
0
0
0
0
0
0
0
0
0
0
0
0
0
0
0
0
0
0
0
0
0
0
0
0
0
0
0
0
0
0
0
0
0
0
0
0
0
0
0
0
0
0
0
0
0
0
0
0
0
0
0
0
0
0
0
0
0
0
0
0
0
0
0
0
0
0
0
0
0
0
0
0
0
0
0
0
0
0
0
0
0
0
0
0
0
0
0
0
0
0
0
0
0
0
0
0
0
0
0
0
0
0
0
0
0
0
0
0
0
0
0
0
0
0
0
0
0
0
0
0
0
0
0
0
0
0
0
0
0
0
0
0
0
0
0
0
0
0
0
0
0
0
0
0
0
0
0
0
0
0
0
0
0
0
0
0
0
0
0
0
0
0
0
0
0
0
0
0
0
0
0
0
0
0
0
0
0
0
0
0
0
0
0
0
0
0
0
0
0
0
0
0
0
0
0
0
0
0
0
0
0
0
0
0
0
0
0
0
0
0
0
0
0
0
0
0
0
0
0
0
0
0
0
0
0
0
0
0
0
0
0
0
0
0
0
0
0
0
0
0
0
0
0
0
0
0
0
0
0
0
0
0
0
0
0
0
0
0
0
0
0
0
0
0
0
0
0
0
0
0
0
0
0
0
0
0
0
0
0
0
0
0
0
0
0
0
0
0
0
0
0
0
0
0
0
0
0
0
0
0
0
0
0
0
0
0
0
0
0
0
0
0
0
0
0
0
0
0
0
0
0
0
0
0
0
0
0
0
0
0
0
0
0
0
0
0
0
0
0
0
0
0
0
0
0
0
0
0
0
0
0
0
0
0
0
0
0
0
0
0
0
0
0
0
0
0
0
0
0
0
0
0
0
0
0
0
0
0
0
0
0
0
0
0
0
0
0
0
0
0
0
0
0
0
0
0
0
0
0
0
0
0
0
0
0
0
0
0
0
0
0
0
0
0
0
0
0
0
0
0
0
0
0
0
0
0
0
0
0
0
0
0
0
0
0
0
0
0
0
0
0
0
0
0
0
0
0
0
0
0
0
0
0
0
0
0
0
0
0
0
0
0
0
0
0
0
0
0
0
0
0
0
0
0
0
0
0
0
0
0
0
0
0
0
0
0
0
0
0
0
0
0
0
0
0
0
0
0
0
0
0
0
0
0
0
0
0
0
0
0
0
0
0
0
0
0
0
0
0
0
0
0
0
0
0
0
0
0
0
0
0
0
0
0
0
0
0
0
0
0
0
0
0
0
0
0
0
0
0
0
0
0
0
0
0
0
0
0
0
0
0
0
0
0
0
0
0
0
0
0
0
0
0
0
0
0
0
0
0
0
0
0
0
0
0
0
0
0
0
0
0
0
0
0
0
0
0
0
0
0
0
0
0
0
0
0
0
0
0
0
0
0
0
0
0
0
0
0
0
0
0
0
0
0
0
0
0
0
0
0
0
0
0
0
0
0
0
0
0
0
0
0
0
0
0
0
0
0
0
0
0
0
0
0
0
0
0
0
0
0
0
0
0
0
0
0
0
0
0
0
0
0
0
0
0
0
0
0
0
0
0
0
0
0
0
0
0
0
0
0
0
0
0
0
0
0
0
0
0
0
0
0
0
0
0
0
0
0
0
0
0
0
0
0
0
0
0
0
0
0
0
0
0
0
0
0
0
0
0
0
0
0
0
0
0
0
0
0
0
0
0
0
0
0
0
0
0
0
0
0
0
0
0
0
0
0
0
0
0
0
0
0
0
0
0
0
0
0
0
0
0
0
0
0
0
0
0
0
0
0
0
0
0
0
0
0
0
0
0
0
0
0
0
0
0
0
0
0
0
0
0
0
0
0
0
0
0
0
0
0
0
0
0
0
0
0
0
0
0
0
0
0
0
0
0
0
0
0
0
0
0
0
0
0
0
0
0
0
0
0
0
0
0
0
0
0
0
0
0
0
0
0
0
0
0
0
0
0
0
0
0
0
0
0
0
0
0
0
0
0
0
0
0
0
0
0
0
0
0
0
0
0
0
0
0
0
0
0
0
0
0
0
0
0
0
0
0
0
0
0
0
0
0
0
0
0
0
0
0
0
0
0
0
0
0
0
0
0
0
0
0
0
0
0
0
0
0
0
0
0
0
0
0
0
0
0
0
0
0
0
0
0
0
0
0
0
0
0
0
0
0
0
0
0
0
0
0
0
0
0
0
0
0
0
0
0
0
0
0
0
0
0
0
0
0
0
0
0
0
0
0
0
0
0
0
0
0
0
0
0
0
0
0
0
0
0
0
0
0
0
0
0
0
0
0
0
0
0
0
0
0
0
0
0
0
0
0
0
0
0
0
0
0
0
0
0
0
0
0
0
0
0
0
0
0
0
0
0
0
0
0
0
0
0
0
0
0
0
0
0
0
0
0
0
0
0
0
0
0
0
0
0
0
0
0
0
0
0
0
0
0
0
0
0
0
0
0
0
0
0
0
0
0
0
0
0
0
0
0
0
0
0
0
0
0
0
0
0
0
0
0
0
0
0
0
0
0
0
0
0
0
0
0
0
0
0
0
0
0
0
0
0
0
0
0
0
0
0
0
0
0
0
0
0
0
0
0
0
0
0
0
0
0
0
0
0
0
0
0
0
0
0
0
0
0
0
0
0
0
0
0
0
0
0
0
0
0
0
0
0
0
0
0
0
0
0
0
0
0
0
0
0
0
0
0
0
0
0
0
0
0
0
0
0
0
0
0
0
0
0
0
0
0
0
0
0
0
0
0
0
0
0
0
0
0
0
0
0
0
0
0
0
0
0
0
0
0
0
0
0
0
0
0
0
0
0
0
0
0
0
0
0
0
0
0
0
0
0
0
0
0
0
0
0
0
0
0
0
0
0
0
0
0
0
0
0
0
0
0
0
0
0
0
0
0
0
0
0
0
0
0
0
0
0
0
0
0
0
0
0
0
0
0
0
0
0
0
0
0
0
0
0
0
0
0
0
0
0
0
0
0
0
0
0
0
0
0
0
0
0
0
0
0
0
0
0
0
0
0
0
0
0
0
0
0
0
0
0
0
0
0
0
0
0
0
0
0
0
0
0
0
0
0
0
0
0
0
0
0
0
0
0
0
0
0
0
0
0
0
0
0
0
0
0
0
0
0
0
0
0
0
0
0
0
0
0
0
0
0
0
0
0
0
0
0
0
0
0
0
0
0
0
0
0
0
0
0
0
0
0
0
0
0
0
0
0
0
0
0
0
0
0
0
0
0
0
0
0
0
0
0
0
0
0
0
0
0
0
0
0
0
0
0
0
0
0
0
0
0
0
0
0
0
0
0
0
0
0
0
0
0
0
0
0
0
0
0
0
0
0
0
0
0
0
0
0
0
0
0
0
0
0
0
0
0
0
0
0
0
0
0
0
0
0
0
0
0
0
0
0
0
0
0
0
0
0
0
0
0
0
0
0
0
0
0
0
0
0
0
0
0
0
0
0
0
0
0
0
0
0
0
0
0
0
0
0
0
0
0
0
0
0
0
0
0
0
0
0
0
0
0
0
0
0
0
0
0
0
0
0
0
0
0
0
0
0
0
0
0
0
0
0
0
0
0
0
0
0
0
0
0
0
0
0
0
0
0
0
0
0
0
0
0
0
0
0
0
0
0
0
0
0
0
0
0
0
0
0
0
0
0
0
0
0
0
0
0
0
0
0
0
0
0
0
0
0
0
0
0
0
0
0
0
0
0
0
0
0
0
0
0
0
0
0
0
0
0
0
0
0
0
0
0
0
0
0
0
0
0
0
0
0
0
0
0
0
0
0
0
0
0
0
0
0
0
0
0
0
0
0
0
0
0
0
0
0
0
0
0
0
0
0
0
0
0
0
0
0
0
0
0
0
0
0
0
0
0
0
0
0
0
0
0
0
0
0
0
0
0
0
0
0
0
0
0
0
0
0
0
0
0
0
0
0
0
0
0
0
0
0
0
0
0
0
0
0
0
0
0
0
0
0
0
0
0
0
0
0
0
0
0
0
0
0
0
0
0
0
0
0
0
0
0
0
0
0
0
0
0
0
0
0
0
0
0
0
0
0
0
0
0
0
0
0
0
0
0
0
0
0
0
0
0
0
0
0
0
0
0
0
0
0
0
0
0
0
0
0
0
0
0
0
0
0
0
0
0
0
0
0
0
0
0
0
0
0
0
0
0
0
0
0
0
0
0
0
0
0
0
0
0
0
0
0
0
0
0
0
0
0
0
0
0
0
0
0
0
0
0
0
0
0
0
0
0
0
0
0
0
0
0
0
0
0
0
0
0
0
0
0
0
0
0
0
0
0
0
0
0
0
0
0
0
0
0
0
0
0
0
0
0
0
0
0
0
0
0
0
0
0
0
0
0
0
0
0
0
0
0
0
0
0
0
0
0
0
0
0
0
0
0
0
0
0
0
0
0
0
0
0
0
0
0
0
0
0
0
0
0
0
0
0
0
0
0
0
0
0
0
0
0
0
0
0
0
0
0
0
0
0
0
0
0
0
0
0
0
0
0
0
0
0
0
0
0
0
0
0
0
0
0
0
0
0
0
0
0
0
0
0
0
0
0
0
0
0
0
0
0
0
0
0
0
0
0
0
0
0
0
0
0
0
0
0
0
0
0
0
0
0
0
0
0
0
0
0
0
0
0
0
0
0
0
0
0
0
0
0
0
0
0
0
0
0
0
0
0
0
0
0
0
0
0
0
0
0
0
0
0
0
0
0
0
0
0
0
0
0
0
0
0
0
0
0
0
0
0
0
0
0
0
0
0
0
0
0
0
0
0
0
0
0
0
0
0
0
0
0
0
0
0
0
0
0
0
0
0
0
0
0
0
0
0
0
0
0
0
0
0
0
0
0
0
0
0
0
0
0
0
0
0
0
0
0
0
0
0
0
0
0
0
0
0
0
0
0
0
0
0
0
0
0
0
0
0
0
0
0
0
0
0
0
0
0
0
0
0
0
0
0
0
0
0
0
0
0
0
0
0
0
0
0
0
0
0
0
0
0
0
0
0
0
0
0
0
0
0
0
0
0
0
0
0
0
0
0
0
0
0
0
0
0
0
0
0
0
0
0
0
0
0
0
0
0
0
0
0
0
0
0
0
0
0
0
0
0
0
0
0
0
0
0
0
0
0
0
0
0
0
0
0
0
0
0
0
0
0
0
0
0
0
0
0
0
0
0
0
0
0
0
0
0
0
0
0
0
0
0
0
0
0
0
0
0
0
0
0
0
0
0
0
0
0
0
0
0
0
0
0
0
0
0
0
0
0
0
0
0
0
0
0
0
0
0
0
0
0
0
0
0
0
0
0
0
0
0
0
0
0
0
0
0
0
0
0
0
0
0
0
0
0
0
0
0
0
0
0
0
0
0
0
0
0
0
0
0
0
0
0
0
0
0
0
0
0
0
0
0
0
0
0
0
0
0
0
0
0
0
0
0
0
0
0
0
0
0
0
0
0
0
0
0
0
0
0
0
0
0
0
0
0
0
0
0
0
0
0
0
0
0
0
0
0
0
0
0
0
0
0
0
0
0
0
0
0
0
0
0
0
0
0
0
0
0
0
0
0
0
0
0
0
0
0
0
0
0
0
0
0
0
0
0
0
0
0
0
0
0
0
0
0
0
0
0
0
0
0
0
0
0
0
0
0
0
0
0
0
0
0
0
0
0
0
0
0
0
0
0
0
0
0
0
0
0
0
0
0
0
0
0
0
0
0
0
0
0
0
0
0
0
0
0
0
0
0
0
0
0
0
0
0
0
0
0
0
0
0
0
0
0
0
0
0
0
0
0
0
0
0
0
0
0
0
0
0
0
0
0
0
0
0
0
0
0
0
0
0
0
0
0
0
0
0
0
0
0
0
0
0
0
0
0
0
0
0
0
0
0
0
0
0
0
0
0
0
0
0
0
0
0
0
0
0
0
0
0
0
0
0
0
0
0
0
0
0
0
0
0
0
0
0
0
0
0
0
0
0
0
0
0
0
0
0
0
0
0
0
0
0
0
0
0
0
0
0
0
0
0
0
0
0
0
0
0
0
0
0
0
0
0
0
0
0
0
0
0
0
0
0
0
0
0
0
0
0
0
0
0
0
0
0
0
0
0
0
0
0
0
0
0
0
0
0
0
0
0
0
0
0
0
0
0
0
0
0
0
0
0
0
0
0
0
0
0
0
0
0
0
0
0
0
0
0
0
0
0
0
0
0
0
0
0
0
0
0
0
0
0
0
0
0
0
0
0
0
0
0
0
0
0
0
0
0
0
0
0
0
0
0
0
0
0
0
0
0
0
0
0
0
0
0
0
0
0
0
0
0
0
0
0
0
0
0
0
0
0
0
0
0
0
0
0
0
0
0
0
0
0
