0
0
0
0
0
0
0
0
0
0
0
0
0
0
0
0
0
0
0
0
0
0
0
0
0
0
0
0
0
0
0
0
0
0
0
0
0
0
0
0
0
0
0
0
0
0
0
0
0
0
0
0
0
0
0
0
0
0
0
0
0
0
0
0
0
0
0
0
0
0
0
0
0
0
0
0
0
0
0
0
0
0
0
0
0
0
0
0
0
0
0
0
0
0
0
0
0
0
0
0
0
0
0
0
0
0
0
0
0
0
0
0
0
0
0
0
0
0
0
0
0
0
0
0
0
0
0
0
0
0
0
0
0
0
0
0
0
0
0
0
0
0
0
0
0
0
0
0
0
0
0
0
0
0
0
0
0
0
0
0
0
0
0
0
0
0
0
0
0
0
0
0
0
0
0
0
0
0
0
0
0
0
0
0
4092
4092
0
0
0
0
0
0
4095
4095
0
0
0
0
0
0
4093
4092
0
0
0
0
0
0
4093
4094
0
0
0
0
0
0
0
4094
0
0
0
0
0
0
4092
4092
0
0
0
0
0
0
4095
4095
0
0
0
0
0
0
4091
4090
0
0
0
0
0
0
0
0
0
0
0
0
0
0
4091
4091
0
0
0
0
0
0
4094
0
0
0
0
0
0
0
0
4093
0
0
0
0
0
0
4090
4092
0
0
0
0
0
0
4
2
0
0
0
0
0
0
4084
4086
0
0
0
0
0
0
8
9
0
0
0
0
0
0
4084
4082
0
0
0
0
0
0
7
9
0
0
0
0
0
0
4090
4085
0
0
0
0
0
0
4092
1
0
0
0
0
0
0
5
0
0
0
0
0
0
0
4078
4084
0
0
0
0
0
0
18
13
0
0
0
0
0
0
4070
4072
0
0
0
0
0
0
21
22
0
0
0
0
0
0
4073
4068
0
0
0
0
0
0
9
17
0
0
0
0
0
0
4092
4082
0
0
0
0
0
0
4082
4093
0
0
0
0
0
0
24
13
0
0
0
0
0
0
4058
4066
0
0
0
0
0
0
41
35
0
0
0
0
0
0
4050
4049
0
0
0
0
0
0
37
42
0
0
0
0
0
0
4067
4056
0
0
0
0
0
0
5
21
0
0
0
0
0
0
11
4088
0
0
0
0
0
0
4059
4077
0
0
0
0
0
0
51
35
0
0
0
0
0
0
4027
4037
0
0
0
0
0
0
68
65
0
0
0
0
0
0
4029
4024
0
0
0
0
0
0
46
60
0
0
0
0
0
0
4071
4048
0
0
0
0
0
0
4085
17
0
0
0
0
0
0
39
11
0
0
0
0
0
0
4023
4048
0
0
0
0
0
0
89
71
0
0
0
0
0
0
3992
4000
0
0
0
0
0
0
95
98
0
0
0
0
0
0
4016
3999
0
0
0
0
0
0
42
70
0
0
0
0
0
0
4091
4054
0
0
0
0
0
0
4050
4090
0
0
0
0
0
0
83
45
0
0
0
0
0
0
3974
4004
0
0
0
0
0
0
134
117
0
0
0
0
0
0
3957
3957
0
0
0
0
0
0
114
130
0
0
0
0
0
0
4017
3984
0
0
0
0
0
0
21
66
0
0
0
0
0
0
33
4077
0
0
0
0
0
0
3998
4049
0
0
0
0
0
0
142
98
0
0
0
0
0
0
3918
3947
0
0
0
0
0
0
179
172
0
0
0
0
0
0
3931
3916
0
0
0
0
0
0
115
152
0
0
0
0
0
0
4039
3985
0
0
0
0
0
0
4073
41
0
0
0
0
0
0
96
28
0
0
0
0
0
0
3929
3988
0
0
0
0
0
0
209
166
0
0
0
0
0
0
3864
3882
0
0
0
0
0
0
214
223
0
0
0
0
0
0
3923
3887
0
0
0
0
0
0
95
156
0
0
0
0
0
0
4086
4010
0
0
0
0
0
0
4003
4086
0
0
0
0
0
0
177
98
0
0
0
0
0
0
3848
3909
0
0
0
0
0
0
279
244
0
0
0
0
0
0
3817
3818
0
0
0
0
0
0
229
263
0
0
0
0
0
0
3940
3876
0
0
0
0
0
0
44
132
0
0
0
0
0
0
69
4064
0
0
0
0
0
0
3910
4008
0
0
0
0
0
0
273
190
0
0
0
0
0
0
3762
3816
0
0
0
0
0
0
338
323
0
0
0
0
0
0
3790
3765
0
0
0
0
0
0
217
282
0
0
0
0
0
0
3994
3895
0
0
0
0
0
0
4057
77
0
0
0
0
0
0
173
54
0
0
0
0
0
0
3798
3904
0
0
0
0
0
0
374
297
0
0
0
0
0
0
3688
3721
0
0
0
0
0
0
377
391
0
0
0
0
0
0
3795
3733
0
0
0
0
0
0
166
270
0
0
0
0
0
0
4081
3950
0
0
0
0
0
0
3940
4082
0
0
0
0
0
0
301
168
0
0
0
0
0
0
3678
3781
0
0
0
0
0
0
469
410
0
0
0
0
0
0
3631
3634
0
0
0
0
0
0
383
438
0
0
0
0
0
0
3842
3735
0
0
0
0
0
0
74
219
0
0
0
0
0
0
112
4045
0
0
0
0
0
0
3795
3955
0
0
0
0
0
0
441
308
0
0
0
0
0
0
3563
3648
0
0
0
0
0
0
542
517
0
0
0
0
0
0
3612
3570
0
0
0
0
0
0
344
448
0
0
0
0
0
0
3935
3781
0
0
0
0
0
0
4035
122
0
0
0
0
0
0
273
85
0
0
0
0
0
0
3635
3800
0
0
0
0
0
0
580
461
0
0
0
0
0
0
3467
3520
0
0
0
0
0
0
580
601
0
0
0
0
0
0
3638
3543
0
0
0
0
0
0
255
413
0
0
0
0
0
0
4077
3876
0
0
0
0
0
0
3861
4075
0
0
0
0
0
0
454
255
0
0
0
0
0
0
3471
3626
0
0
0
0
0
0
701
615
0
0
0
0
0
0
3408
3412
0
0
0
0
0
0
568
650
0
0
0
0
0
0
3721
3565
0
0
0
0
0
0
110
323
0
0
0
0
0
0
168
4024
0
0
0
0
0
0
3659
3893
0
0
0
0
0
0
643
449
0
0
0
0
0
0
3322
3447
0
0
0
0
0
0
786
749
0
0
0
0
0
0
3399
3339
0
0
0
0
0
0
497
646
0
0
0
0
0
0
3866
3646
0
0
0
0
0
0
4009
175
0
0
0
0
0
0
390
122
0
0
0
0
0
0
3441
3675
0
0
0
0
0
0
822
654
0
0
0
0
0
0
3208
3283
0
0
0
0
0
0
817
848
0
0
0
0
0
0
3455
3321
0
0
0
0
0
0
356
578
0
0
0
0
0
0
4069
3789
0
0
0
0
0
0
3770
4068
0
0
0
0
0
0
632
355
0
0
0
0
0
0
3231
3446
0
0
0
0
0
0
969
849
0
0
0
0
0
0
3148
3154
0
0
0
0
0
0
782
892
0
0
0
0
0
0
3584
3369
0
0
0
0
0
0
151
441
0
0
0
0
0
0
228
3996
0
0
0
0
0
0
3500
3818
0
0
0
0
0
0
874
611
0
0
0
0
0
0
3050
3219
0
0
0
0
0
0
1063
1012
0
0
0
0
0
0
3157
3077
0
0
0
0
0
0
669
868
0
0
0
0
0
0
3789
3493
0
0
0
0
0
0
3981
234
0
0
0
0
0
0
521
163
0
0
0
0
0
0
3225
3538
0
0
0
0
0
0
1095
870
0
0
0
0
0
0
2918
3018
0
0
0
0
0
0
1085
1123
0
0
0
0
0
0
3250
3074
0
0
0
0
0
0
472
764
0
0
0
0
0
0
4062
3694
0
0
0
0
0
0
3667
4059
0
0
0
0
0
0
829
466
0
0
0
0
0
0
2965
3247
0
0
0
0
0
0
1267
1109
0
0
0
0
0
0
2860
2869
0
0
0
0
0
0
1019
1162
0
0
0
0
0
0
3432
3153
0
0
0
0
0
0
195
572
0
0
0
0
0
0
298
3971
0
0
0
0
0
0
3327
3739
0
0
0
0
0
0
1129
789
0
0
0
0
0
0
2750
2969
0
0
0
0
0
0
1367
1302
0
0
0
0
0
0
2891
2790
0
0
0
0
0
0
857
1113
0
0
0
0
0
0
3703
3326
0
0
0
0
0
0
3949
300
0
0
0
0
0
0
664
208
0
0
0
0
0
0
2988
3386
0
0
0
0
0
0
1390
1105
0
0
0
0
0
0
2603
2731
0
0
0
0
0
0
1375
1422
0
0
0
0
0
0
3026
2804
0
0
0
0
0
0
597
964
0
0
0
0
0
0
4054
3591
0
0
0
0
0
0
3557
4051
0
0
0
0
0
0
1042
586
0
0
0
0
0
0
2678
3031
0
0
0
0
0
0
1586
1388
0
0
0
0
0
0
2550
2562
0
0
0
0
0
0
1273
1452
0
0
0
0
0
0
3269
2923
0
0
0
0
0
0
244
714
0
0
0
0
0
0
369
3940
0
0
0
0
0
0
3142
3653
0
0
0
0
0
0
1400
979
0
0
0
0
0
0
2430
2701
0
0
0
0
0
0
1690
1608
0
0
0
0
0
0
2610
2487
0
0
0
0
0
0
1056
1371
0
0
0
0
0
0
3615
3150
0
0
0
0
0
0
3915
369
0
0
0
0
0
0
816
256
0
0
0
0
0
0
2738
3228
0
0
0
0
0
0
1703
1355
0
0
0
0
0
0
2271
2428
0
0
0
0
0
0
1678
1738
0
0
0
0
0
0
2793
2522
0
0
0
0
0
0
726
1174
0
0
0
0
0
0
4045
3482
0
0
0
0
0
0
3442
4042
0
0
0
0
0
0
1266
712
0
0
0
0
0
0
2380
2806
0
0
0
0
0
0
1921
1682
0
0
0
0
0
0
2229
2243
0
0
0
0
0
0
1538
1753
0
0
0
0
0
0
3099
2681
0
0
0
0
0
0
295
860
0
0
0
0
0
0
445
3908
0
0
0
0
0
0
2952
3564
0
0
0
0
0
0
1679
1173
0
0
0
0
0
0
2100
2424
0
0
0
0
0
0
2024
1926
0
0
0
0
0
0
2319
2170
0
0
0
0
0
0
1262
1638
0
0
0
0
0
0
3521
2967
0
0
0
0
0
0
3882
441
0
0
0
0
0
0
972
307
0
0
0
0
0
0
2481
3063
0
0
0
0
0
0
2025
1610
0
0
0
0
0
0
1931
2118
0
0
0
0
0
0
1989
2059
0
0
0
0
0
0
2553
2233
0
0
0
0
0
0
860
1390
0
0
0
0
0
0
4038
3372
0
0
0
0
0
0
3323
4031
0
0
0
0
0
0
1492
839
0
0
0
0
0
0
2074
2577
0
0
0
0
0
0
2262
1979
0
0
0
0
0
0
1900
1918
0
0
0
0
0
0
1805
2057
0
0
0
0
0
0
2928
2437
0
0
0
0
0
0
347
1007
0
0
0
0
0
0
522
3876
0
0
0
0
0
0
2757
3473
0
0
0
0
0
0
1965
1372
0
0
0
0
0
0
1765
2145
0
0
0
0
0
0
2362
2247
0
0
0
0
0
0
2026
1854
0
0
0
0
0
0
1471
1908
0
0
0
0
0
0
3428
2784
0
0
0
0
0
0
3848
512
0
0
0
0
0
0
1129
357
0
0
0
0
0
0
2224
2899
0
0
0
0
0
0
2347
1866
0
0
0
0
0
0
1589
1807
0
0
0
0
0
0
2302
2383
0
0
0
0
0
0
2312
1944
0
0
0
0
0
0
993
1603
0
0
0
0
0
0
4029
3262
0
0
0
0
0
0
3206
4022
0
0
0
0
0
0
1720
967
0
0
0
0
0
0
1770
2350
0
0
0
0
0
0
2599
2274
0
0
0
0
0
0
1576
1596
0
0
0
0
0
0
2072
2361
0
0
0
0
0
0
2757
2195
0
0
0
0
0
0
397
1154
0
0
0
0
0
0
598
3845
0
0
0
0
0
0
2564
3385
0
0
0
0
0
0
2245
1569
0
0
0
0
0
0
1436
1871
0
0
0
0
0
0
2693
2562
0
0
0
0
0
0
1738
1542
0
0
0
0
0
0
1674
2171
0
0
0
0
0
0
3337
2605
0
0
0
0
0
0
3813
582
0
0
0
0
0
0
1284
406
0
0
0
0
0
0
1972
2738
0
0
0
0
0
0
2660
2115
0
0
0
0
0
0
1257
1502
0
0
0
0
0
0
2606
2697
0
0
0
0
0
0
2079
1661
0
0
0
0
0
0
1122
1812
0
0
0
0
0
0
4022
3155
0
0
0
0
0
0
3092
4014
0
0
0
0
0
0
1939
1091
0
0
0
0
0
0
1475
2130
0
0
0
0
0
0
2927
2561
0
0
0
0
0
0
1260
1284
0
0
0
0
0
0
2329
2654
0
0
0
0
0
0
2592
1961
0
0
0
0
0
0
446
1295
0
0
0
0
0
0
672
3816
0
0
0
0
0
0
2380
3299
0
0
0
0
0
0
2515
1757
0
0
0
0
0
0
1120
1605
0
0
0
0
0
0
3012
2865
0
0
0
0
0
0
1462
1244
0
0
0
0
0
0
1870
2424
0
0
0
0
0
0
3248
2433
0
0
0
0
0
0
3780
648
0
0
0
0
0
0
1429
452
0
0
0
0
0
0
1731
2584
0
0
0
0
0
0
2960
2353
0
0
0
0
0
0
940
1215
0
0
0
0
0
0
2896
2996
0
0
0
0
0
0
1859
1396
0
0
0
0
0
0
1246
2009
0
0
0
0
0
0
4012
3052
0
0
0
0
0
0
2983
4003
0
0
0
0
0
0
2146
1207
0
0
0
0
0
0
1197
1919
0
0
0
0
0
0
3236
2831
0
0
0
0
0
0
964
992
0
0
0
0
0
0
2571
2930
0
0
0
0
0
0
2437
1742
0
0
0
0
0
0
492
1428
0
0
0
0
0
0
740
3788
0
0
0
0
0
0
2208
3219
0
0
0
0
0
0
2766
1932
0
0
0
0
0
0
823
1359
0
0
0
0
0
0
3309
3148
0
0
0
0
0
0
1204
965
0
0
0
0
0
0
2051
2659
0
0
0
0
0
0
3167
2272
0
0
0
0
0
0
3750
710
0
0
0
0
0
0
1565
495
0
0
0
0
0
0
1508
2442
0
0
0
0
0
0
3238
2573
0
0
0
0
0
0
648
948
0
0
0
0
0
0
3162
3271
0
0
0
0
0
0
1654
1148
0
0
0
0
0
0
1359
2193
0
0
0
0
0
0
4006
2960
0
0
0
0
0
0
2885
3996
0
0
0
0
0
0
2337
1315
0
0
0
0
0
0
942
1730
0
0
0
0
0
0
3517
3078
0
0
0
0
0
0
694
723
0
0
0
0
0
0
2792
3181
0
0
0
0
0
0
2296
1542
0
0
0
0
0
0
534
1549
0
0
0
0
0
0
801
3762
0
0
0
0
0
0
2051
3146
0
0
0
0
0
0
2993
2091
0
0
0
0
0
0
557
1136
0
0
0
0
0
0
3579
3403
0
0
0
0
0
0
971
713
0
0
0
0
0
0
2215
2871
0
0
0
0
0
0
3095
2130
0
0
0
0
0
0
3724
767
0
0
0
0
0
0
1689
534
0
0
0
0
0
0
1308
2314
0
0
0
0
0
0
3485
2770
0
0
0
0
0
0
386
708
0
0
0
0
0
0
3401
3517
0
0
0
0
0
0
1472
929
0
0
0
0
0
0
1459
2353
0
0
0
0
0
0
3999
2877
0
0
0
0
0
0
2797
3990
0
0
0
0
0
0
2505
1409
0
0
0
0
0
0
718
1561
0
0
0
0
0
0
3767
3296
0
0
0
0
0
0
456
486
0
0
0
0
0
0
2987
3402
0
0
0
0
0
0
2171
1366
0
0
0
0
0
0
1157
2164
0
0
0
0
0
0
1647
3173
0
0
0
0
0
0
292
2293
0
0
0
0
0
0
2281
3855
0
0
0
0
0
0
201
1853
0
0
0
0
0
0
3820
3748
0
0
0
0
0
0
961
363
0
0
0
0
0
0
2099
3069
0
0
0
0
0
0
1932
1642
0
0
0
0
0
0
3477
1876
0
0
0
0
0
0
113
792
0
0
0
0
0
0
2101
605
0
0
0
0
0
0
3820
2029
0
0
0
0
0
0
153
382
0
0
0
0
0
0
3412
3859
0
0
0
0
0
0
1575
729
0
0
0
0
0
0
2060
2346
0
0
0
0
0
0
3426
2312
0
0
0
0
0
0
256
3736
0
0
0
0
0
0
3360
3904
0
0
0
0
0
0
1316
707
0
0
0
0
0
0
12
2689
0
0
0
0
0
0
437
33
0
0
0
0
0
0
2700
3734
0
0
0
0
0
0
1811
1352
0
0
0
0
0
0
1684
2091
0
0
0
0
0
0
1127
2660
0
0
0
0
0
0
199
2220
0
0
0
0
0
0
2448
3034
0
0
0
0
0
0
4095
1565
0
0
0
0
0
0
3822
4063
0
0
0
0
0
0
1053
168
0
0
0
0
0
0
2730
3075
0
0
0
0
0
0
1897
1556
0
0
0
0
0
0
3457
1915
0
0
0
0
0
0
197
819
0
0
0
0
0
0
286
3798
0
0
0
0
0
0
3080
3786
0
0
0
0
0
0
3947
1129
0
0
0
0
0
0
3314
64
0
0
0
0
0
0
1127
591
0
0
0
0
0
0
2438
2965
0
0
0
0
0
0
112
1681
0
0
0
0
0
0
249
3755
0
0
0
0
0
0
3474
3970
0
0
0
0
0
0
1166
594
0
0
0
0
0
0
177
2833
0
0
0
0
0
0
281
3975
0
0
0
0
0
0
2828
3879
0
0
0
0
0
0
1732
1238
0
0
0
0
0
0
892
2745
0
0
0
0
0
0
2783
3437
0
0
0
0
0
0
209
1143
0
0
0
0
0
0
223
3937
0
0
0
0
0
0
765
3920
0
0
0
0
0
0
4089
3290
0
0
0
0
0
0
919
4007
0
0
0
0
0
0
2827
3188
0
0
0
0
0
0
1859
1479
0
0
0
0
0
0
3443
1944
0
0
0
0
0
0
261
839
0
0
0
0
0
0
183
571
0
0
0
0
0
0
3217
4014
0
0
0
0
0
0
4004
876
0
0
0
0
0
0
3447
194
0
0
0
0
0
0
1036
482
0
0
0
0
0
0
2487
3044
0
0
0
0
0
0
3696
1795
0
0
0
0
0
0
773
150
0
0
0
0
0
0
3531
4033
0
0
0
0
0
0
1058
515
0
0
0
0
0
0
294
2935
0
0
0
0
0
0
170
3865
0
0
0
0
0
0
3426
3825
0
0
0
0
0
0
1108
664
0
0
0
0
0
0
932
2775
0
0
0
0
0
0
2808
3428
0
0
0
0
0
0
150
1116
0
0
0
0
0
0
310
3998
0
0
0
0
0
0
666
3837
0
0
0
0
0
0
91
3382
0
0
0
0
0
0
837
3917
0
0
0
0
0
0
2684
3394
0
0
0
0
0
0
1822
1425
0
0
0
0
0
0
3433
1963
0
0
0
0
0
0
3462
2527
0
0
0
0
0
0
4088
506
0
0
0
0
0
0
3295
4073
0
0
0
0
0
0
3922
800
0
0
0
0
0
0
3520
269
0
0
0
0
0
0
980
416
0
0
0
0
0
0
2517
3092
0
0
0
0
0
0
3694
1770
0
0
0
0
0
0
749
147
0
0
0
0
0
0
296
3473
0
0
0
0
0
0
3472
3774
0
0
0
0
0
0
383
2940
0
0
0
0
0
0
384
3798
0
0
0
0
0
0
3479
3888
0
0
0
0
0
0
1078
622
0
0
0
0
0
0
940
2797
0
0
0
0
0
0
2821
3422
0
0
0
0
0
0
120
1100
0
0
0
0
0
0
351
4027
0
0
0
0
0
0
619
3798
0
0
0
0
0
0
137
3425
0
0
0
0
0
0
799
3877
0
0
0
0
0
0
2710
3428
0
0
0
0
0
0
2080
1394
0
0
0
0
0
0
1762
1166
0
0
0
0
0
0
3501
2479
0
0
0
0
0
0
4066
490
0
0
0
0
0
0
3324
4094
0
0
0
0
0
0
3895
775
0
0
0
0
0
0
3544
293
0
0
0
0
0
0
965
396
0
0
0
0
0
0
2525
3105
0
0
0
0
0
0
3694
1764
0
0
0
0
0
0
742
147
0
0
0
0
0
0
305
3479
0
0
0
0
0
0
3460
3765
0
0
0
0
0
0
397
2952
0
0
0
0
0
0
375
3789
0
0
0
0
0
0
3486
3895
0
0
0
0
0
0
1075
619
0
0
0
0
0
0
941
2800
0
0
0
0
0
0
2821
3423
0
0
0
0
0
0
120
1100
0
0
0
0
0
0
348
4024
0
0
0
0
0
0
624
3803
0
0
0
0
0
0
129
3418
0
0
0
0
0
0
807
3886
0
0
0
0
0
0
2702
3418
0
0
0
0
0
0
2084
1402
0
0
0
0
0
0
1763
1162
0
0
0
0
0
0
3494
2477
0
0
0
0
0
0
4082
500
0
0
0
0
0
0
3305
4079
0
0
0
0
0
0
3917
797
0
0
0
0
0
0
3520
268
0
0
0
0
0
0
984
420
0
0
0
0
0
0
2514
3086
0
0
0
0
0
0
3696
1776
0
0
0
0
0
0
753
147
0
0
0
0
0
0
281
3464
0
0
0
0
0
0
1073
510
0
0
0
0
0
0
327
2966
0
0
0
0
0
0
142
3838
0
0
0
0
0
0
3444
3845
0
0
0
0
0
0
1101
654
0
0
0
0
0
0
933
2777
0
0
0
0
0
0
2810
3429
0
0
0
0
0
0
151
1116
0
0
0
0
0
0
301
3991
0
0
0
0
0
0
681
3850
0
0
0
0
0
0
71
3361
0
0
0
0
0
0
861
3944
0
0
0
0
0
0
2664
3366
0
0
0
0
0
0
1833
1447
0
0
0
0
0
0
3438
1953
0
0
0
0
0
0
278
845
0
0
0
0
0
0
163
560
0
0
0
0
0
0
3235
4026
0
0
0
0
0
0
3995
868
0
0
0
0
0
0
3446
192
0
0
0
0
0
0
1042
489
0
0
0
0
0
0
2480
3032
0
0
0
0
0
0
3698
1804
0
0
0
0
0
0
786
150
0
0
0
0
0
0
3503
4017
0
0
0
0
0
0
1102
548
0
0
0
0
0
0
234
2881
0
0
0
0
0
0
234
3930
0
0
0
0
0
0
2857
3911
0
0
0
0
0
0
1132
710
0
0
0
0
0
0
918
2731
0
0
0
0
0
0
2787
3438
0
0
0
0
0
0
211
1143
0
0
0
0
0
0
212
3929
0
0
0
0
0
0
790
3941
0
0
0
0
0
0
4054
94
0
0
0
0
0
0
968
81
0
0
0
0
0
0
2783
3141
0
0
0
0
0
0
1878
1518
0
0
0
0
0
0
3450
1927
0
0
0
0
0
0
221
827
0
0
0
0
0
0
258
3779
0
0
0
0
0
0
3105
3804
0
0
0
0
0
0
3932
1119
0
0
0
0
0
0
3316
64
0
0
0
0
0
0
1135
602
0
0
0
0
0
0
2428
2948
0
0
0
0
0
0
114
1694
0
0
0
0
0
0
266
3755
0
0
0
0
0
0
3433
3946
0
0
0
0
0
0
1231
645
0
0
0
0
0
0
91
2756
0
0
0
0
0
0
376
4069
0
0
0
0
0
0
2740
3778
0
0
0
0
0
0
1793
1327
0
0
0
0
0
0
1686
2099
0
0
0
0
0
0
1129
2661
0
0
0
0
0
0
202
2221
0
0
0
0
0
0
2432
3021
0
0
0
0
0
0
33
1596
0
0
0
0
0
0
3774
4015
0
0
0
0
0
0
1108
230
0
0
0
0
0
0
2683
3011
0
0
0
0
0
0
1922
1606
0
0
0
0
0
0
3467
1893
0
0
0
0
0
0
143
802
0
0
0
0
0
0
388
3863
0
0
0
0
0
0
3876
1999
0
0
0
0
0
0
139
368
0
0
0
0
0
0
3414
3860
0
0
0
0
0
0
1586
744
0
0
0
0
0
0
2046
2322
0
0
0
0
0
0
3428
2330
0
0
0
0
0
0
1952
456
0
0
0
0
0
0
3284
3926
0
0
0
0
0
0
1398
772
0
0
0
0
0
0
3998
2590
0
0
0
0
0
0
561
157
0
0
0
0
0
0
2786
3470
0
0
0
0
0
0
1636
1483
0
0
0
0
0
0
1140
2157
0
0
0
0
0
0
1651
3174
0
0
0
0
0
0
295
2293
0
0
0
0
0
0
2262
3841
0
0
0
0
0
0
242
1890
0
0
0
0
0
0
3759
3687
0
0
0
0
0
0
830
571
0
0
0
0
0
0
2297
2975
0
0
0
0
0
0
3063
2068
0
0
0
0
0
0
3712
785
0
0
0
0
0
0
1725
546
0
0
0
0
0
0
1264
2288
0
0
0
0
0
0
3523
2798
0
0
0
0
0
0
366
693
0
0
0
0
0
0
3402
3515
0
0
0
0
0
0
1486
949
0
0
0
0
0
0
1444
2327
0
0
0
0
0
0
4001
2896
0
0
0
0
0
0
2823
3991
0
0
0
0
0
0
2443
1374
0
0
0
0
0
0
820
1640
0
0
0
0
0
0
3634
3176
0
0
0
0
0
0
602
636
0
0
0
0
0
0
2851
3244
0
0
0
0
0
0
2269
1507
0
0
0
0
0
0
539
1562
0
0
0
0
0
0
804
3762
0
0
0
0
0
0
2055
3148
0
0
0
0
0
0
2970
2074
0
0
0
0
0
0
605
1179
0
0
0
0
0
0
3508
3333
0
0
0
0
0
0
1051
802
0
0
0
0
0
0
2146
2779
0
0
0
0
0
0
3132
2204
0
0
0
0
0
0
3739
733
0
0
0
0
0
0
1607
509
0
0
0
0
0
0
1457
2410
0
0
0
0
0
0
3281
2605
0
0
0
0
0
0
623
928
0
0
0
0
0
0
3165
3270
0
0
0
0
0
0
1669
1170
0
0
0
0
0
0
1341
2162
0
0
0
0
0
0
4008
2982
0
0
0
0
0
0
2915
3998
0
0
0
0
0
0
2266
1274
0
0
0
0
0
0
1059
1820
0
0
0
0
0
0
3365
2941
0
0
0
0
0
0
862
893
0
0
0
0
0
0
2637
3000
0
0
0
0
0
0
2407
1703
0
0
0
0
0
0
498
1442
0
0
0
0
0
0
744
3789
0
0
0
0
0
0
2213
3222
0
0
0
0
0
0
2739
1912
0
0
0
0
0
0
878
1407
0
0
0
0
0
0
3231
3069
0
0
0
0
0
0
1294
1065
0
0
0
0
0
0
1974
2556
0
0
0
0
0
0
3209
2356
0
0
0
0
0
0
3767
672
0
0
0
0
0
0
1476
468
0
0
0
0
0
0
1674
2549
0
0
0
0
0
0
3008
2389
0
0
0
0
0
0
914
1192
0
0
0
0
0
0
2897
2994
0
0
0
0
0
0
1874
1418
0
0
0
0
0
0
1226
1976
0
0
0
0
0
0
4015
3078
0
0
0
0
0
0
3016
4006
0
0
0
0
0
0
2067
1162
0
0
0
0
0
0
1326
2019
0
0
0
0
0
0
3068
2681
0
0
0
0
0
0
1150
1178
0
0
0
0
0
0
2401
2731
0
0
0
0
0
0
2560
1919
0
0
0
0
0
0
453
1311
0
0
0
0
0
0
676
3817
0
0
0
0
0
0
2386
3303
0
0
0
0
0
0
2485
1734
0
0
0
0
0
0
1177
1658
0
0
0
0
0
0
2928
2781
0
0
0
0
0
0
1558
1351
0
0
0
0
0
0
1785
2313
0
0
0
0
0
0
3295
2523
0
0
0
0
0
0
3798
607
0
0
0
0
0
0
1333
422
0
0
0
0
0
0
1910
2700
0
0
0
0
0
0
2712
2153
0
0
0
0
0
0
1228
1480
0
0
0
0
0
0
2608
2694
0
0
0
0
0
0
2097
1687
0
0
0
0
0
0
1103
1777
0
0
0
0
0
0
4023
3181
0
0
0
0
0
0
3127
4015
0
0
0
0
0
0
1854
1042
0
0
0
0
0
0
1613
2234
0
0
0
0
0
0
2747
2400
0
0
0
0
0
0
1459
1484
0
0
0
0
0
0
2146
2442
0
0
0
0
0
0
2722
2150
0
0
0
0
0
0
403
1171
0
0
0
0
0
0
602
3846
0
0
0
0
0
0
2570
3387
0
0
0
0
0
0
2214
1545
0
0
0
0
0
0
1498
1925
0
0
0
0
0
0
2604
2473
0
0
0
0
0
0
1839
1657
0
0
0
0
0
0
1586
2054
0
0
0
0
0
0
3384
2700
0
0
0
0
0
0
3832
538
0
0
0
0
0
0
1181
373
0
0
0
0
0
0
2160
2859
0
0
0
0
0
0
2400
1904
0
0
0
0
0
0
1561
1783
0
0
0
0
0
0
2304
2379
0
0
0
0
0
0
2332
1970
0
0
0
0
0
0
972
1566
0
0
0
0
0
0
4032
3291
0
0
0
0
0
0
3242
4025
0
0
0
0
0
0
1632
917
0
0
0
0
0
0
1913
2459
0
0
0
0
0
0
2413
2108
0
0
0
0
0
0
1780
1804
0
0
0
0
0
0
1882
2140
0
0
0
0
0
0
2892
2390
0
0
0
0
0
0
353
1022
0
0
0
0
0
0
528
3876
0
0
0
0
0
0
2763
3477
0
0
0
0
0
0
1933
1349
0
0
0
0
0
0
1828
2202
0
0
0
0
0
0
2269
2156
0
0
0
0
0
0
2131
1971
0
0
0
0
0
0
1378
1785
0
0
0
0
0
0
3477
2882
0
0
0
0
0
0
3866
467
0
0
0
0
0
0
1024
323
0
0
0
0
0
0
2417
3023
0
0
0
0
0
0
2079
1649
0
0
0
0
0
0
1900
2094
0
0
0
0
0
0
1991
2057
0
0
0
0
0
0
2572
2259
0
0
0
0
0
0
838
1351
0
0
0
0
0
0
4040
3400
0
0
0
0
0
0
3360
4034
0
0
0
0
0
0
1404
789
0
0
0
0
0
0
2217
2688
0
0
0
0
0
0
2073
1810
0
0
0
0
0
0
2109
2129
0
0
0
0
0
0
1613
1835
0
0
0
0
0
0
3066
2637
0
0
0
0
0
0
301
875
0
0
0
0
0
0
450
3908
0
0
0
0
0
0
2957
3567
0
0
0
0
0
0
1649
1151
0
0
0
0
0
0
2163
2482
0
0
0
0
0
0
1932
1834
0
0
0
0
0
0
2424
2287
0
0
0
0
0
0
1173
1517
0
0
0
0
0
0
3570
3065
0
0
0
0
0
0
3901
396
0
0
0
0
0
0
868
275
0
0
0
0
0
0
2676
3189
0
0
0
0
0
0
1758
1394
0
0
0
0
0
0
2242
2406
0
0
0
0
0
0
1680
1735
0
0
0
0
0
0
2810
2547
0
0
0
0
0
0
706
1137
0
0
0
0
0
0
4049
3511
0
0
0
0
0
0
3477
4043
0
0
0
0
0
0
1177
661
0
0
0
0
0
0
2521
2914
0
0
0
0
0
0
1735
1515
0
0
0
0
0
0
2435
2451
0
0
0
0
0
0
1347
1532
0
0
0
0
0
0
3235
2877
0
0
0
0
0
0
251
729
0
0
0
0
0
0
374
3940
0
0
0
0
0
0
3148
3654
0
0
0
0
0
0
1370
955
0
0
0
0
0
0
2493
2758
0
0
0
0
0
0
1600
1520
0
0
0
0
0
0
2711
2600
0
0
0
0
0
0
970
1253
0
0
0
0
0
0
3661
3245
0
0
0
0
0
0
3933
325
0
0
0
0
0
0
714
224
0
0
0
0
0
0
2927
3349
0
0
0
0
0
0
1442
1143
0
0
0
0
0
0
2575
2709
0
0
0
0
0
0
1375
1420
0
0
0
0
0
0
3044
2829
0
0
0
0
0
0
576
929
0
0
0
0
0
0
4057
3619
0
0
0
0
0
0
3591
4052
0
0
0
0
0
0
957
537
0
0
0
0
0
0
2816
3137
0
0
0
0
0
0
1408
1229
0
0
0
0
0
0
2748
2762
0
0
0
0
0
0
1090
1238
0
0
0
0
0
0
3399
3110
0
0
0
0
0
0
202
588
0
0
0
0
0
0
301
3970
0
0
0
0
0
0
3333
3742
0
0
0
0
0
0
1099
766
0
0
0
0
0
0
2809
3021
0
0
0
0
0
0
1282
1217
0
0
0
0
0
0
2987
2899
0
0
0
0
0
0
772
1000
0
0
0
0
0
0
3749
3417
0
0
0
0
0
0
3968
259
0
0
0
0
0
0
567
179
0
0
0
0
0
0
3167
3503
0
0
0
0
0
0
1143
906
0
0
0
0
0
0
2891
2999
0
0
0
0
0
0
1087
1121
0
0
0
0
0
0
3265
3096
0
0
0
0
0
0
452
730
0
0
0
0
0
0
4065
3721
0
0
0
0
0
0
3699
4061
0
0
0
0
0
0
751
421
0
0
0
0
0
0
3094
3345
0
0
0
0
0
0
1099
959
0
0
0
0
0
0
3045
3057
0
0
0
0
0
0
849
964
0
0
0
0
0
0
3555
3331
0
0
0
0
0
0
156
455
0
0
0
0
0
0
232
3997
0
0
0
0
0
0
3505
3820
0
0
0
0
0
0
847
590
0
0
0
0
0
0
3104
3268
0
0
0
0
0
0
985
935
0
0
0
0
0
0
3245
3177
0
0
0
0
0
0
591
765
0
0
0
0
0
0
3831
3577
0
0
0
0
0
0
3996
196
0
0
0
0
0
0
432
136
0
0
0
0
0
0
3389
3644
0
0
0
0
0
0
866
686
0
0
0
0
0
0
3183
3265
0
0
0
0
0
0
820
846
0
0
0
0
0
0
3470
3343
0
0
0
0
0
0
339
548
0
0
0
0
0
0
4073
3814
0
0
0
0
0
0
3797
4069
0
0
0
0
0
0
560
314
0
0
0
0
0
0
3348
3535
0
0
0
0
0
0
815
711
0
0
0
0
0
0
3316
3325
0
0
0
0
0
0
627
713
0
0
0
0
0
0
3696
3530
0
0
0
0
0
0
114
334
0
0
0
0
0
0
171
4024
0
0
0
0
0
0
3663
3894
0
0
0
0
0
0
619
430
0
0
0
0
0
0
3371
3490
0
0
0
0
0
0
716
679
0
0
0
0
0
0
3477
3428
0
0
0
0
0
0
427
552
0
0
0
0
0
0
3904
3719
0
0
0
0
0
0
4024
141
0
0
0
0
0
0
309
97
0
0
0
0
0
0
3588
3770
0
0
0
0
0
0
617
489
0
0
0
0
0
0
3445
3503
0
0
0
0
0
0
581
600
0
0
0
0
0
0
3652
3562
0
0
0
0
0
0
239
386
0
0
0
0
0
0
4079
3897
0
0
0
0
0
0
3885
4076
0
0
0
0
0
0
391
220
0
0
0
0
0
0
3574
3704
0
0
0
0
0
0
567
495
0
0
0
0
0
0
3554
3561
0
0
0
0
0
0
432
491
0
0
0
0
0
0
3819
3706
0
0
0
0
0
0
78
229
0
0
0
0
0
0
116
4045
0
0
0
0
0
0
3800
3957
0
0
0
0
0
0
420
291
0
0
0
0
0
0
3604
3685
0
0
0
0
0
0
484
459
0
0
0
0
0
0
3680
3647
0
0
0
0
0
0
286
371
0
0
0
0
0
0
3967
3844
0
0
0
0
0
0
4048
93
0
0
0
0
0
0
204
63
0
0
0
0
0
0
3760
3881
0
0
0
0
0
0
406
320
0
0
0
0
0
0
3668
3707
0
0
0
0
0
0
379
390
0
0
0
0
0
0
3807
3749
0
0
0
0
0
0
153
248
0
0
0
0
0
0
4084
3967
0
0
0
0
0
0
3960
4083
0
0
0
0
0
0
248
139
0
0
0
0
0
0
3763
3846
0
0
0
0
0
0
357
311
0
0
0
0
0
0
3754
3758
0
0
0
0
0
0
270
306
0
0
0
0
0
0
3924
3852
0
0
0
0
0
0
47
141
0
0
0
0
0
0
71
4063
0
0
0
0
0
0
3913
4009
0
0
0
0
0
0
255
178
0
0
0
0
0
0
3797
3847
0
0
0
0
0
0
291
275
0
0
0
0
0
0
3845
3825
0
0
0
0
0
0
170
219
0
0
0
0
0
0
4020
3947
0
0
0
0
0
0
4066
53
0
0
0
0
0
0
118
36
0
0
0
0
0
0
3899
3970
0
0
0
0
0
0
233
184
0
0
0
0
0
0
3848
3871
0
0
0
0
0
0
215
221
0
0
0
0
0
0
3932
3899
0
0
0
0
0
0
86
139
0
0
0
0
0
0
4089
4023
0
0
0
0
0
0
4019
4087
0
0
0
0
0
0
135
74
0
0
0
0
0
0
3913
3958
0
0
0
0
0
0
192
167
0
0
0
0
0
0
3911
3913
0
0
0
0
0
0
142
161
0
0
0
0
0
0
4004
3966
0
0
0
0
0
0
24
72
0
0
0
0
0
0
37
4079
0
0
0
0
0
0
4001
4050
0
0
0
0
0
0
128
89
0
0
0
0
0
0
3944
3969
0
0
0
0
0
0
144
136
0
0
0
0
0
0
3971
3961
0
0
0
0
0
0
81
105
0
0
0
0
0
0
4058
4022
0
0
0
0
0
0
4080
23
0
0
0
0
0
0
55
16
0
0
0
0
0
0
4003
4035
0
0
0
0
0
0
106
83
0
0
0
0
0
0
3982
3992
0
0
0
0
0
0
94
97
0
0
0
0
0
0
4022
4008
0
0
0
0
0
0
36
59
0
0
0
0
0
0
4092
4063
0
0
0
0
0
0
4062
4091
0
0
0
0
0
0
55
30
0
0
0
0
0
0
4020
4038
0
0
0
0
0
0
77
66
0
0
0
0
0
0
4021
4022
0
0
0
0
0
0
53
61
0
0
0
0
0
0
4059
4045
0
0
0
0
0
0
7
25
0
0
0
0
0
0
11
4088
0
0
0
0
0
0
4059
4077
0
0
0
0
0
0
43
29
0
0
0
0
0
0
4043
4051
0
0
0
0
0
0
47
44
0
0
0
0
0
0
4053
4050
0
0
0
0
0
0
23
31
0
0
0
0
0
0
4083
4072
0
0
0
0
0
0
4089
5
0
0
0
0
0
0
14
2
0
0
0
0
0
0
4068
4077
0
0
0
0
0
0
27
20
0
0
0
0
0
0
4064
4067
0
0
0
0
0
0
22
22
0
0
0
0
0
0
4077
4073
0
0
0
0
0
0
6
10
0
0
0
0
0
0
4094
4088
0
0
0
0
0
0
4087
4094
0
0
0
0
0
0
8
2
0
0
0
0
0
0
4079
4083
0
0
0
0
0
0
11
9
0
0
0
0
0
0
4082
4081
0
0
0
0
0
0
6
7
0
0
0
0
0
0
4089
4087
0
0
0
0
0
0
4094
1
0
0
0
0
0
0
0
4093
0
0
0
0
0
0
4090
4092
0
0
0
0
0
0
1
0
0
0
0
0
0
0
4089
4090
0
0
0
0
0
0
1
1
0
0
0
0
0
0
4092
4091
0
0
0
0
0
0
0
0
0
0
0
0
0
0
4094
4092
0
0
0
0
0
0
4093
4094
0
0
0
0
0
0
0
4094
0
0
0
0
0
0
4092
4092
0
0
0
0
0
0
4095
4095
0
0
0
0
0
0
4092
4092
0
0
0
0
0
0
0
4095
0
0
0
0
0
0
0
0
0
0
0
0
0
0
4095
0
0
0
0
0
0
0
4095
4095
0
0
0
0
0
0
4095
4095
0
0
0
0
0
0
0
0
0
0
0
0
0
0
0
0
0
0
0
0
0
0
0
0
0
0
0
0
0
0
0
0
0
0
0
0
0
0
0
0
0
0
0
0
0
0
0
0
0
0
0
0
0
0
0
0
0
0
0
0
0
0
0
0
0
0
0
0
0
0
0
0
0
0
0
0
0
0
0
0
0
0
0
0
0
0
0
0
0
0
0
0
0
0
0
0
0
0
0
0
0
0
0
0
0
0
0
0
0
0
0
0
0
0
0
0
0
0
0
0
0
0
0
0
0
0
0
0
0
0
0
0
0
0
0
0
0
0
0
0
0
0
0
0
0
0
0
0
0
0
0
0
0
0
0
0
0
0
0
0
0
0
0
0
0
0
0
0
0
0
0
0
0
0
0
0
0
0
0
0
0
0
0
0
0
0
0
0
0
0
0
0
0
0
0
0
0
0
0
0
0
0
0
0
0
0
0
0
0
0
0
0
0
0
0
0
0
0
0
0
0
0
0
0
0
0
0
0
0
0
0
0
0
0
0
0
0
0
0
0
0
0
0
0
0
0
0
0
0
0
0
0
0
0
0
0
0
0
0
0
0
0
0
0
0
0
0
0
0
0
0
0
0
0
0
0
0
0
0
0
0
0
0
0
0
0
0
0
0
0
0
0
0
0
0
0
0
0
0
0
0
0
0
0
0
0
0
0
0
0
0
0
0
0
0
0
0
0
0
0
0
0
0
0
0
0
0
0
0
0
0
0
0
0
0
0
0
0
0
0
0
0
0
0
0
0
0
0
0
0
0
0
0
0
0
0
0
0
0
0
0
0
0
0
0
0
0
0
0
0
0
0
0
0
0
0
0
0
0
0
0
0
0
0
0
0
0
0
0
0
0
0
0
0
0
0
0
0
0
0
0
0
0
0
0
0
0
0
0
0
0
0
0
0
0
0
0
0
0
0
0
0
0
0
0
0
0
0
0
0
0
0
0
0
0
0
0
0
0
0
0
0
0
0
0
0
0
0
0
0
0
0
0
0
0
0
0
0
0
0
0
0
0
0
0
0
0
0
0
0
0
0
0
0
0
0
0
0
0
0
0
0
0
0
0
0
0
0
0
0
0
0
0
0
0
0
0
0
0
0
0
0
0
0
0
0
0
0
0
0
0
0
0
0
0
0
0
0
0
0
0
0
0
0
0
0
0
0
0
0
0
0
0
0
0
0
0
0
0
0
0
0
0
0
0
0
0
0
0
0
0
0
0
0
0
0
0
0
0
0
0
0
0
0
0
0
0
0
0
0
0
0
0
0
0
0
0
0
0
0
0
0
0
0
0
0
0
0
0
0
0
0
0
0
0
0
0
0
0
0
0
0
0
0
0
0
0
0
0
0
0
0
0
0
0
0
0
0
0
0
0
0
0
0
0
0
0
0
0
0
0
0
0
0
0
0
0
0
0
0
0
0
0
0
0
0
0
0
0
0
0
0
0
0
0
0
0
0
0
0
0
0
0
0
0
0
0
0
0
0
0
0
0
0
0
0
0
0
0
0
0
0
0
0
0
0
0
0
0
0
0
0
0
0
0
0
0
0
0
0
0
0
0
0
0
0
0
0
0
0
0
0
0
0
0
0
0
0
0
0
0
0
0
0
0
0
0
0
0
0
0
0
0
0
0
0
0
0
0
0
0
0
0
0
0
0
0
0
0
0
0
0
0
0
0
0
0
0
0
0
0
0
0
0
0
0
0
0
0
0
0
0
0
0
0
0
0
0
0
0
0
0
0
0
0
0
0
0
0
0
0
0
0
0
0
0
0
0
0
0
0
0
0
0
0
0
0
0
0
0
0
0
0
0
0
0
0
0
0
0
0
0
0
0
0
0
0
0
0
0
0
0
0
0
0
0
0
0
0
0
0
0
0
0
0
0
0
0
0
0
0
0
0
0
0
0
0
0
0
0
0
0
0
0
0
0
0
0
0
0
0
0
0
0
0
0
0
0
0
0
0
0
0
0
0
0
0
0
0
0
0
0
0
0
0
0
0
0
0
0
0
0
0
0
0
0
0
0
0
0
0
0
0
0
0
0
0
0
0
0
0
0
0
0
0
0
0
0
0
0
0
0
0
0
0
0
0
0
0
0
0
0
0
0
0
0
0
0
0
0
0
0
0
0
0
0
0
0
0
0
0
0
0
0
0
0
0
0
0
0
0
0
0
0
0
0
0
0
0
0
0
0
0
0
0
0
0
0
0
0
0
0
0
0
0
0
0
0
0
0
0
0
0
0
0
0
0
0
0
0
0
0
0
0
0
0
0
0
0
0
0
0
0
0
0
0
0
0
0
0
0
0
0
0
0
0
0
0
0
0
0
0
0
0
0
0
0
0
0
0
0
0
0
0
0
0
0
0
0
0
0
0
0
0
0
0
0
0
0
0
0
0
0
0
0
0
0
0
0
0
0
0
0
0
0
0
0
0
0
0
0
0
0
0
0
0
0
0
0
0
0
0
0
0
0
0
0
0
0
0
0
0
0
0
0
0
0
0
0
0
0
0
0
0
0
0
0
0
0
0
0
0
0
0
0
0
0
0
0
0
0
0
0
0
0
0
0
0
0
0
0
0
0
0
0
0
0
0
0
0
0
0
0
0
0
0
0
0
0
0
0
0
0
0
0
0
0
0
0
0
0
0
0
0
0
0
0
0
0
0
0
0
0
0
0
0
0
0
0
0
0
0
0
0
0
0
0
0
0
0
0
0
0
0
0
0
0
0
0
0
0
0
0
0
0
0
0
0
0
0
0
0
0
0
0
0
0
0
0
0
0
0
0
0
0
0
0
0
0
0
0
0
0
0
0
0
0
0
0
0
0
0
0
0
0
0
0
0
0
0
0
0
0
0
0
0
0
0
0
0
0
0
0
0
0
0
0
0
0
0
0
0
0
0
0
0
0
0
0
0
0
0
0
0
0
0
0
0
0
0
0
0
0
0
0
0
0
0
0
0
0
0
0
0
0
0
0
0
0
0
0
0
0
0
0
0
0
0
0
0
0
0
0
0
0
0
0
0
0
0
0
0
0
0
0
0
0
0
0
0
0
0
0
0
0
0
0
0
0
0
0
0
0
0
0
0
0
0
0
0
0
0
0
0
0
0
0
0
0
0
0
0
0
0
0
0
0
0
0
0
0
0
0
0
0
0
0
0
0
0
0
0
0
0
0
0
0
0
0
0
0
0
0
0
0
0
0
0
0
0
0
0
0
0
0
0
0
0
0
0
0
0
0
0
0
0
0
0
0
0
0
0
0
0
0
0
0
0
0
0
0
0
0
0
0
0
0
0
0
0
0
0
0
0
0
0
0
0
0
0
0
0
0
0
0
0
0
0
0
0
0
0
0
0
0
0
0
0
0
0
0
0
0
0
0
0
0
0
0
0
0
0
0
0
0
0
0
0
0
0
0
0
0
0
0
0
0
0
0
0
0
0
0
0
0
0
0
0
0
0
0
0
0
0
0
0
0
0
0
0
0
0
0
0
0
0
0
0
0
0
0
0
0
0
0
0
0
0
0
0
0
0
0
0
0
0
0
0
0
0
0
0
0
0
0
0
0
0
0
0
0
0
0
0
0
0
0
0
0
0
0
0
0
0
0
0
0
0
0
0
0
0
0
0
0
0
0
0
0
0
0
0
0
0
0
0
0
0
0
0
0
0
0
0
0
0
0
0
0
0
0
0
0
0
0
0
0
0
0
0
0
0
0
0
0
0
0
0
0
0
0
0
0
0
0
0
0
0
0
0
0
0
0
0
0
0
0
0
0
0
0
0
0
0
0
0
0
0
0
0
0
0
0
0
0
0
0
0
0
0
0
0
0
0
0
0
0
0
0
0
0
0
0
0
0
0
0
0
0
0
0
0
0
0
0
0
0
0
0
0
0
0
0
0
0
0
0
0
0
0
0
0
0
0
0
0
0
0
0
0
0
0
0
0
0
0
0
0
0
0
0
0
0
0
0
0
0
0
0
0
0
0
0
0
0
0
0
0
0
0
0
0
0
0
0
0
0
0
0
0
0
0
0
0
0
0
0
0
0
0
0
0
0
0
0
0
0
0
0
0
0
0
0
0
0
0
0
0
0
0
0
0
0
0
0
0
0
0
0
0
0
0
0
0
0
0
0
0
0
0
0
0
0
0
0
0
0
0
0
0
0
0
0
0
0
0
0
0
0
0
0
0
0
0
0
0
0
0
0
0
0
0
0
0
0
0
0
0
0
0
0
0
0
0
0
0
0
0
0
0
0
0
0
0
0
0
0
0
0
0
0
0
0
0
0
0
0
0
0
0
0
0
0
0
0
0
0
0
0
0
0
0
0
0
0
0
0
0
0
0
0
0
0
0
0
0
0
0
0
0
0
0
0
0
0
0
0
0
0
0
0
0
0
0
0
0
0
0
0
0
0
0
0
0
0
0
0
0
0
0
0
0
0
0
0
0
0
0
0
0
0
0
0
0
0
0
0
0
0
0
0
0
0
0
0
0
0
0
0
0
0
0
0
0
0
0
0
0
0
0
0
0
0
0
0
0
0
0
0
0
0
0
0
0
0
0
0
0
0
0
0
0
0
0
0
0
0
0
0
0
0
0
0
0
0
0
0
0
0
0
0
0
0
0
0
0
0
0
0
0
0
0
0
0
0
0
0
0
0
0
0
0
0
0
0
0
0
0
0
0
0
0
0
0
0
0
0
0
0
0
0
0
0
0
0
0
0
0
0
0
0
0
0
0
0
0
0
0
0
0
0
0
0
0
0
0
0
0
0
0
0
0
0
0
0
0
0
0
0
0
0
0
0
0
0
0
0
0
0
0
0
0
0
0
0
0
0
0
0
0
0
0
0
0
0
0
0
0
0
0
0
0
0
0
0
0
0
0
0
0
0
0
0
0
0
0
0
0
0
0
0
0
0
0
0
0
0
0
0
0
0
0
0
0
0
0
0
0
0
0
0
0
0
0
0
0
0
0
0
0
0
0
0
0
0
0
0
0
0
0
0
0
0
0
0
0
0
0
0
0
0
0
0
0
0
0
0
0
0
0
0
0
0
0
0
0
0
0
0
0
0
0
0
0
0
0
0
0
0
0
0
0
0
0
0
0
0
0
0
0
0
0
0
0
0
0
0
0
0
0
0
0
0
0
0
0
0
0
0
0
0
0
0
0
0
0
0
0
0
0
0
0
0
0
0
0
0
0
0
0
0
0
0
0
0
0
0
0
0
0
0
0
0
0
0
0
0
0
0
0
0
0
0
0
0
0
0
0
0
0
0
0
0
0
0
0
0
0
0
0
0
0
0
0
0
0
0
0
0
0
0
0
0
0
0
0
0
0
0
0
0
0
0
0
0
0
0
0
0
0
0
0
0
0
0
0
0
0
0
0
0
0
0
0
0
0
0
0
0
0
0
0
0
0
0
0
0
0
0
0
0
0
0
0
0
0
0
0
0
0
0
0
0
0
0
0
0
0
0
0
0
0
0
0
0
0
0
0
0
0
0
0
0
0
0
0
0
0
0
0
0
0
0
0
0
0
0
0
0
0
0
0
0
0
0
0
0
0
0
0
0
0
0
0
0
0
0
0
0
0
0
0
0
0
0
0
0
0
0
0
0
0
0
0
0
0
0
0
0
0
0
0
0
0
0
0
0
0
0
0
0
0
0
0
0
0
0
0
0
0
0
0
0
0
0
0
0
0
0
0
0
0
0
0
0
0
0
0
0
0
0
0
0
0
0
0
0
0
0
0
0
0
0
0
0
0
0
0
0
0
0
0
0
0
0
0
0
0
0
0
0
0
0
0
0
0
0
0
0
0
0
0
0
0
0
0
0
0
0
0
0
0
0
0
0
0
0
0
0
0
0
0
0
0
0
0
0
0
0
0
0
0
0
0
0
0
0
0
0
0
0
0
0
0
0
0
0
0
0
0
0
0
0
0
0
0
0
0
0
0
0
0
0
0
0
0
0
0
0
0
0
0
0
0
0
0
0
0
0
0
0
0
0
0
0
0
0
0
0
0
0
0
0
0
0
0
0
0
0
0
0
0
0
0
0
0
0
0
0
0
0
0
0
0
0
0
0
0
0
0
0
0
0
0
0
0
0
0
0
0
0
0
0
0
0
0
0
0
0
0
0
0
0
0
0
0
0
0
0
0
0
0
0
0
0
0
0
0
0
0
0
0
0
0
0
0
0
0
0
0
0
0
0
0
0
0
0
0
0
0
0
0
0
0
0
0
0
0
0
0
0
0
0
0
0
0
0
0
0
0
0
0
0
0
0
0
0
0
0
0
0
0
0
0
0
0
0
0
0
0
0
0
0
0
0
0
0
0
0
0
0
0
0
0
0
0
0
0
0
0
0
0
0
0
0
0
0
0
0
0
0
0
0
0
0
0
0
0
0
0
0
0
0
0
0
0
0
0
0
0
0
0
0
0
0
0
0
0
0
0
0
0
0
0
0
0
0
0
0
0
0
0
0
0
0
0
0
0
0
0
0
0
0
0
0
0
0
0
0
0
0
0
0
0
0
0
0
0
0
0
0
0
0
0
0
0
0
0
0
0
0
0
0
0
0
0
0
0
0
0
0
0
0
0
0
0
0
0
0
0
0
0
0
0
0
0
0
0
0
0
0
0
0
0
0
0
0
0
0
0
0
0
0
0
0
0
0
0
0
0
0
0
0
0
0
0
0
0
0
0
0
0
0
0
0
0
0
0
0
0
0
0
0
0
0
0
0
0
0
0
0
0
0
0
0
0
0
0
0
0
0
0
0
0
0
0
0
0
0
0
0
0
0
0
0
0
0
0
0
0
0
0
0
0
0
0
0
0
0
0
0
0
0
0
0
0
0
0
0
0
0
0
0
0
0
0
0
0
0
0
0
0
0
0
0
0
0
0
0
0
0
0
0
0
0
0
0
0
0
0
0
0
0
0
0
0
0
0
0
0
0
0
0
0
0
0
0
0
0
0
0
0
0
0
0
0
0
0
0
0
0
0
0
0
0
0
0
0
0
0
0
0
0
0
0
0
0
0
0
0
0
0
0
0
0
0
0
0
0
0
0
0
0
0
0
0
0
0
0
0
0
0
0
0
0
0
0
0
0
0
0
0
0
0
0
0
0
0
0
0
0
0
0
0
0
0
0
0
0
0
0
0
0
0
0
0
0
0
0
0
0
0
0
0
0
0
0
0
0
0
0
0
0
0
0
0
0
0
0
0
0
0
0
0
0
0
0
0
0
0
0
0
0
0
0
0
0
0
0
0
0
0
0
0
0
0
0
0
0
0
0
0
0
0
0
0
0
0
0
0
0
0
0
0
0
0
0
0
0
0
0
0
0
0
0
0
0
0
0
0
0
0
0
0
0
0
0
0
0
0
0
0
0
0
0
0
0
0
0
0
0
0
0
0
0
0
0
0
0
0
0
0
0
0
0
0
0
0
0
0
0
0
0
0
0
0
0
0
0
0
0
0
0
0
0
0
0
0
0
0
0
0
0
0
0
0
0
0
0
0
0
0
0
0
0
0
0
0
0
0
0
0
0
0
0
0
0
0
0
0
0
0
0
0
0
0
0
0
0
0
0
0
0
0
0
0
0
0
0
0
0
0
0
0
0
0
0
0
0
0
0
0
0
0
0
0
0
0
0
0
0
0
0
0
0
0
0
0
0
0
0
0
0
0
0
0
0
0
0
0
0
0
0
0
0
0
0
0
0
0
0
0
0
0
0
0
0
0
0
0
0
0
0
0
0
0
0
0
0
0
0
0
0
0
0
0
0
0
0
0
0
0
0
0
0
0
0
0
0
0
0
0
0
0
0
0
0
0
0
0
0
0
0
0
0
0
0
0
0
0
0
0
0
0
0
0
0
0
0
0
0
0
0
0
0
0
0
0
0
0
0
0
0
0
0
0
0
0
0
0
0
0
0
0
0
0
0
0
0
0
0
0
0
0
0
0
0
0
0
0
0
0
0
0
0
0
0
0
0
0
0
0
0
0
0
0
0
0
0
0
0
0
0
0
0
0
0
0
0
0
0
0
0
0
0
0
0
0
0
0
0
0
0
0
0
0
0
0
0
0
0
0
0
0
0
0
0
0
0
0
0
0
0
0
0
0
0
0
0
0
0
0
0
0
0
0
0
0
0
0
0
0
0
0
0
0
0
0
0
0
0
0
0
0
0
0
0
0
0
0
0
0
0
0
0
0
0
0
0
0
0
0
0
0
0
0
0
0
0
0
0
0
0
0
0
0
0
0
0
0
0
0
0
0
0
0
0
0
0
0
0
0
0
0
0
0
0
0
0
0
0
0
0
0
0
0
0
0
0
0
0
0
0
0
0
0
0
0
0
0
0
0
0
0
0
0
0
0
0
0
0
0
0
0
0
0
0
0
0
0
0
0
0
0
0
0
0
0
0
0
0
0
0
0
0
0
0
0
0
0
0
0
0
0
0
0
0
0
0
0
0
0
0
0
0
0
0
0
0
0
0
0
0
0
0
0
0
0
0
0
0
0
0
0
0
0
0
0
0
0
0
0
0
0
0
0
0
0
0
0
0
0
0
0
0
0
0
0
0
0
0
0
0
0
0
0
0
0
0
0
0
0
0
0
0
0
0
0
0
0
0
0
0
0
0
0
0
0
0
0
0
0
0
0
0
0
0
0
0
0
0
0
0
0
0
0
0
0
0
0
0
0
0
0
0
0
0
0
0
0
0
0
0
0
0
0
0
0
0
0
0
0
0
0
0
0
0
0
0
0
0
0
0
0
0
0
0
0
0
0
0
0
0
0
0
0
0
0
0
0
0
0
0
0
0
0
0
0
0
0
0
0
0
0
0
0
0
0
0
0
0
0
0
0
0
0
0
0
0
0
0
0
0
0
0
0
0
0
0
0
0
0
0
0
0
0
0
0
0
0
0
0
0
0
0
0
0
0
0
0
0
0
0
0
0
0
0
0
0
0
0
0
0
0
0
0
0
0
0
0
0
0
0
0
0
0
0
0
0
0
0
0
0
0
0
0
0
0
0
0
0
0
0
0
0
0
0
0
0
0
0
0
0
0
0
0
0
0
0
0
0
0
0
0
0
0
0
0
0
0
0
0
0
0
0
0
0
0
0
0
0
0
0
0
0
0
0
0
0
0
0
0
0
0
0
0
0
0
0
0
0
0
0
0
0
0
0
0
0
0
0
0
0
0
0
0
0
0
0
0
0
0
0
0
0
0
0
0
0
0
0
0
0
0
0
0
0
0
0
0
0
0
0
0
0
0
0
0
0
0
0
0
0
0
0
0
0
0
0
0
0
0
0
0
0
0
0
0
0
0
0
0
0
0
0
0
0
0
0
0
0
0
0
0
0
0
0
0
0
0
0
0
0
0
0
0
0
0
0
0
0
0
0
0
0
0
0
0
0
0
0
0
0
0
0
0
0
0
0
0
0
0
0
0
0
0
0
0
0
0
0
0
0
0
0
0
0
0
0
0
0
0
0
0
0
0
0
0
0
0
0
0
0
0
0
0
0
0
0
0
0
0
0
0
0
0
0
0
0
0
0
0
0
0
0
0
0
0
0
0
0
0
0
0
0
0
0
0
0
0
0
0
0
0
0
0
0
0
0
0
0
0
0
0
0
0
0
0
0
0
0
0
0
0
0
0
0
0
0
0
0
0
0
0
0
0
0
0
0
0
0
0
0
0
0
0
0
0
0
0
0
0
0
0
0
0
0
0
0
0
0
0
0
0
0
0
0
0
0
0
0
0
0
0
0
0
0
0
0
0
0
0
0
0
0
0
0
0
0
0
0
0
0
0
0
0
0
0
0
0
0
0
0
0
0
0
0
0
0
0
0
0
0
0
0
0
0
0
0
0
0
0
0
0
0
0
0
0
0
0
0
0
0
0
0
0
0
0
0
0
0
0
0
0
0
0
0
0
0
0
0
0
0
0
0
0
0
0
0
0
0
0
0
0
0
0
0
0
0
0
0
0
0
0
0
0
0
0
0
0
0
0
0
0
0
0
0
0
0
0
0
0
0
0
0
0
0
0
0
0
0
0
0
0
0
0
0
0
0
0
0
0
0
0
0
0
0
0
0
0
0
0
0
0
0
0
0
0
0
0
0
0
0
0
0
0
0
0
0
0
0
0
0
0
0
0
0
0
0
0
0
0
0
0
0
0
0
0
0
0
0
0
0
0
0
0
0
0
0
0
0
0
0
0
0
0
0
0
0
0
0
0
0
0
0
0
0
0
0
0
0
0
0
0
0
0
0
0
0
0
0
0
0
0
0
0
0
0
0
0
0
0
0
0
0
0
0
0
0
0
0
0
0
0
0
0
0
0
0
0
0
0
0
0
0
0
0
0
0
0
0
0
0
0
0
0
0
0
0
0
0
0
0
0
0
0
0
0
0
0
0
0
0
0
0
0
0
0
0
0
0
0
0
0
0
0
0
0
0
0
0
0
0
0
0
0
0
0
0
0
0
0
0
0
0
0
0
0
0
0
0
0
0
0
0
0
0
0
0
0
0
0
0
0
0
0
0
0
0
0
0
0
0
0
0
0
0
0
0
0
0
0
0
0
0
0
0
0
0
0
0
0
0
0
0
0
0
0
0
0
0
0
0
0
0
0
0
0
0
0
0
0
0
0
0
0
0
0
0
0
0
0
0
0
0
0
0
0
0
0
0
0
0
0
0
0
0
0
0
0
0
0
0
0
0
0
0
0
0
0
0
0
0
0
0
0
0
0
0
0
0
0
0
0
0
0
0
0
0
0
0
0
0
0
0
0
0
0
0
0
0
0
0
0
0
0
0
0
0
0
0
0
0
0
0
0
0
0
0
0
0
0
0
0
0
0
0
0
0
0
0
0
0
0
0
0
0
0
0
0
0
0
0
0
0
0
0
0
0
0
0
0
0
0
0
0
0
0
0
0
0
0
0
0
0
0
0
0
0
0
0
0
0
0
0
0
0
0
0
0
0
0
0
0
0
0
0
0
0
0
0
0
0
0
0
0
0
0
0
0
0
0
0
0
0
0
0
0
0
0
0
0
0
0
0
0
0
0
0
0
0
0
0
0
0
0
0
0
0
0
0
0
0
0
0
0
0
0
0
0
0
0
0
0
0
0
0
0
0
0
0
0
0
0
0
0
0
0
0
0
0
0
0
0
0
0
0
0
0
0
0
0
0
0
0
0
0
0
0
0
0
0
0
0
0
0
0
0
0
0
0
0
0
0
0
0
0
0
0
0
0
0
0
0
0
0
0
0
0
0
0
0
0
0
0
0
0
0
0
0
0
0
0
0
0
0
0
0
0
0
0
0
0
0
0
0
0
0
0
0
0
0
0
0
0
0
0
0
0
0
0
0
0
0
0
0
0
0
0
0
0
0
0
0
0
0
0
0
0
0
0
0
0
0
0
0
0
0
0
0
0
0
0
0
0
0
0
0
0
0
0
0
0
0
0
0
0
0
0
0
0
0
0
0
0
0
0
0
0
0
0
0
0
0
0
0
0
0
0
0
0
0
0
0
0
0
0
0
0
0
0
0
0
0
0
0
0
0
0
0
0
0
0
0
0
0
0
0
0
0
0
0
0
0
0
0
0
0
0
0
0
0
0
0
0
0
0
0
0
0
0
0
0
0
0
0
0
0
0
0
0
0
0
0
0
0
0
0
0
0
0
0
0
0
0
0
0
0
0
0
0
0
0
0
0
0
0
0
0
0
0
0
0
0
0
0
0
0
0
0
0
0
0
0
0
0
0
0
0
0
0
0
0
0
0
0
0
0
0
0
0
0
0
0
0
0
0
0
0
0
0
0
0
0
0
0
0
0
0
0
0
0
0
0
0
0
0
0
0
0
0
0
0
0
0
0
0
0
0
0
0
0
0
0
0
0
0
0
0
0
0
0
0
0
0
0
0
0
0
0
0
0
0
0
0
0
0
0
0
0
0
0
0
0
0
0
0
0
0
0
0
0
0
0
0
0
0
0
0
0
0
0
0
0
0
0
0
0
0
0
0
0
0
0
0
0
0
0
0
0
0
0
0
0
0
0
0
0
0
0
0
0
0
0
0
0
0
0
0
0
0
0
0
0
0
0
0
0
0
0
0
0
0
0
0
0
0
0
0
0
0
0
0
0
0
0
0
0
0
0
0
0
0
0
0
0
0
0
0
0
0
0
0
0
0
0
0
0
0
0
0
0
0
0
0
0
0
0
0
0
0
0
0
0
0
0
0
0
0
0
0
0
0
0
0
0
0
0
0
0
0
0
0
0
0
0
0
0
0
0
0
0
0
0
0
0
0
0
0
0
0
0
0
0
0
0
0
0
0
0
0
0
0
0
0
0
0
0
0
0
0
0
0
0
0
0
0
0
0
0
0
0
0
0
0
0
0
0
0
0
0
0
0
0
0
0
0
0
0
0
0
0
0
0
0
0
0
0
0
0
0
0
0
0
0
0
0
0
0
0
0
0
0
0
0
0
0
0
0
0
0
0
0
0
0
0
0
0
0
0
0
0
0
0
0
0
0
0
0
0
0
0
0
0
0
0
0
0
0
0
0
0
0
0
0
0
0
0
0
0
0
0
0
0
0
0
0
0
0
0
0
0
0
0
0
0
0
0
0
0
0
0
0
0
0
0
0
0
0
0
0
0
0
0
0
0
0
0
0
0
0
0
0
0
0
0
0
0
0
0
0
0
0
0
0
0
0
0
0
0
0
0
0
0
0
0
0
0
0
0
0
0
0
0
0
0
0
0
0
0
0
0
0
0
0
0
0
0
0
0
0
0
0
0
0
0
0
0
0
0
0
0
0
0
0
0
0
0
0
0
0
0
0
0
0
0
0
0
0
0
0
0
0
0
0
0
0
0
0
0
0
0
0
0
0
0
0
0
0
0
0
0
0
0
0
0
0
0
0
0
0
0
0
0
0
0
0
0
0
0
0
0
0
0
0
0
0
0
0
0
0
0
0
0
0
0
0
0
0
0
0
0
0
0
0
0
0
0
0
0
0
0
0
0
0
0
0
0
0
0
0
0
0
0
0
0
0
0
0
0
0
0
0
0
0
0
0
0
0
0
0
0
0
0
0
0
0
0
0
0
0
0
0
0
0
0
0
0
0
0
0
0
0
0
0
0
0
0
0
0
0
0
0
0
0
0
0
0
0
0
0
0
0
0
0
0
0
0
0
0
0
0
0
0
0
0
0
0
0
0
0
0
0
0
0
0
0
0
0
0
0
0
0
0
0
0
0
0
0
0
0
0
0
0
0
0
0
0
0
0
0
0
0
0
0
0
0
0
0
0
0
0
0
0
0
0
0
0
0
0
0
0
0
0
0
0
0
0
0
0
0
0
0
0
0
0
0
0
0
0
0
0
0
0
0
0
0
0
0
0
0
0
0
0
0
0
0
0
0
0
0
0
0
0
0
0
0
0
0
0
0
0
0
0
0
0
0
0
0
0
0
0
0
0
0
0
0
0
0
0
0
0
0
0
0
0
0
0
0
0
0
0
0
0
0
0
0
0
0
0
0
0
0
0
0
0
0
0
0
0
0
0
0
0
0
0
0
0
0
0
0
0
0
0
0
0
0
0
0
0
0
0
0
0
0
0
0
0
0
0
0
0
0
0
0
0
0
0
0
0
0
0
0
0
0
0
0
0
0
0
0
0
0
0
0
0
0
0
0
0
0
0
0
0
0
0
0
0
0
0
0
0
0
0
0
0
0
0
0
0
0
0
0
0
0
0
0
0
0
0
0
0
0
0
0
0
0
0
0
0
0
0
0
0
0
0
0
0
0
0
0
0
0
0
0
0
0
0
0
0
0
0
0
0
0
0
0
0
0
0
0
0
0
0
0
0
0
0
0
0
0
0
0
0
0
0
0
0
0
0
0
0
0
0
0
0
0
0
0
0
0
0
0
0
0
0
0
0
0
0
0
0
0
0
0
0
0
0
0
0
0
0
0
0
0
0
0
0
0
0
0
0
0
0
0
0
0
0
0
0
0
0
0
0
0
0
0
0
0
0
0
0
0
0
0
0
0
0
0
0
0
0
0
0
0
0
0
0
0
0
0
0
0
0
0
0
0
0
0
0
0
0
0
0
0
0
0
0
0
0
0
0
0
0
0
0
0
0
0
0
0
0
0
0
0
0
0
0
0
0
0
0
0
0
0
0
0
0
0
0
0
0
0
0
0
0
0
0
0
0
0
0
0
0
0
0
0
0
0
0
0
0
0
0
0
0
0
0
0
0
0
0
0
0
0
0
0
0
0
0
0
0
0
0
0
0
0
0
0
0
0
0
0
0
0
0
0
0
0
0
0
0
0
0
0
0
0
0
0
0
0
0
0
0
0
0
0
0
0
0
0
0
0
0
0
0
0
0
0
0
0
0
0
0
0
0
0
0
0
0
0
0
0
0
0
0
0
0
0
0
0
0
0
0
0
0
0
0
0
0
0
0
0
0
0
0
0
0
0
0
0
0
0
0
0
0
0
0
0
0
0
0
0
0
0
0
0
0
0
0
0
0
0
0
0
0
0
0
0
0
0
0
0
0
0
0
0
0
0
0
0
0
0
0
0
0
0
0
0
0
0
0
0
0
0
0
0
0
0
0
0
0
0
0
0
0
0
0
0
0
0
0
0
0
0
0
0
0
0
0
0
0
0
0
0
0
0
0
0
0
0
0
0
0
0
0
0
0
0
0
0
0
0
0
0
0
0
0
0
0
0
0
0
0
0
0
0
0
0
0
0
0
0
0
0
0
0
0
0
0
0
0
0
0
0
0
0
0
0
0
0
0
0
0
0
0
0
0
0
0
0
0
0
0
0
0
0
0
0
0
0
0
0
0
0
0
0
0
0
0
0
0
0
0
0
0
0
0
0
0
0
0
0
0
0
0
0
0
0
0
0
0
0
0
0
0
0
0
0
0
0
0
0
0
0
0
0
0
0
0
0
0
0
0
0
0
0
0
0
0
0
0
0
0
0
0
0
0
0
0
0
0
0
0
0
0
0
0
0
0
0
0
0
0
0
0
0
0
0
0
0
0
0
0
0
0
0
0
0
0
0
0
0
0
0
0
0
0
0
0
0
0
0
0
0
0
0
0
0
0
0
0
0
0
0
0
0
0
0
0
0
0
0
0
0
0
0
0
0
0
0
0
0
0
0
0
0
0
0
0
0
0
0
0
0
0
0
0
0
0
0
0
0
0
0
0
0
0
0
0
0
0
0
0
0
0
0
0
0
0
0
0
0
0
0
0
0
0
0
0
0
0
0
0
0
0
0
0
0
0
0
0
0
0
0
0
0
0
0
0
0
0
0
0
0
0
0
0
0
0
0
0
0
0
0
0
0
0
0
0
0
0
0
0
0
0
0
0
0
0
0
0
0
0
0
0
0
0
0
0
0
0
0
0
0
0
0
0
0
0
0
0
0
0
0
0
0
0
0
0
0
0
0
0
0
0
0
0
0
0
0
0
0
0
0
0
0
0
0
0
0
0
0
0
0
0
0
0
0
0
0
0
0
0
0
0
0
0
0
0
0
0
0
0
0
0
0
0
0
0
0
0
0
0
0
0
0
0
0
0
0
0
0
0
0
0
0
0
0
0
0
0
0
0
0
0
0
0
0
0
0
0
0
0
0
0
0
0
0
0
0
0
0
0
0
0
0
0
0
0
0
0
0
0
0
0
0
0
0
0
0
0
0
0
0
0
0
0
0
0
0
0
0
0
0
0
0
0
0
0
0
0
0
0
0
0
0
0
0
0
0
0
0
0
0
0
0
0
0
0
0
0
0
0
0
0
0
0
0
0
0
0
0
0
0
0
0
0
0
0
0
0
0
0
0
0
0
0
0
0
0
0
0
0
0
0
0
0
0
0
0
0
0
0
0
0
0
0
0
0
0
0
0
0
0
0
0
0
0
0
0
0
0
0
0
0
0
0
0
0
0
0
0
0
0
0
0
0
0
0
0
0
0
0
0
0
0
0
0
0
0
0
0
0
0
0
0
0
0
0
0
0
0
0
0
0
0
0
0
0
0
0
0
0
0
0
0
0
0
0
0
0
0
0
0
0
0
0
0
0
0
0
0
0
0
0
0
0
0
0
0
0
0
0
0
0
0
0
0
0
0
0
0
0
0
0
0
0
0
0
0
0
0
0
0
0
0
0
0
0
0
0
0
0
0
0
0
0
0
0
0
0
0
0
0
0
0
0
0
0
0
0
0
0
0
0
0
0
0
0
0
0
0
0
0
0
0
0
0
0
0
0
0
0
0
0
0
0
0
0
0
0
0
0
0
0
0
0
0
0
0
0
0
0
0
0
0
0
0
0
0
0
0
0
0
0
0
0
0
0
0
0
0
0
0
0
0
0
0
0
0
0
0
0
0
0
0
0
0
0
0
0
0
0
0
0
0
0
0
0
0
0
0
0
0
0
0
0
0
0
0
0
0
0
0
0
0
0
0
0
0
0
0
0
0
0
0
0
0
0
0
0
0
0
0
0
0
0
0
0
0
0
0
0
0
0
0
0
0
0
0
0
0
0
0
0
0
0
0
0
0
0
0
0
0
0
0
0
0
0
0
0
0
0
0
0
0
0
0
0
0
0
0
0
0
0
0
0
0
0
0
0
0
0
0
0
0
0
0
0
0
0
0
0
0
0
0
0
0
0
0
0
0
0
0
0
0
0
0
0
0
0
0
0
0
0
0
0
0
0
0
0
0
0
0
0
0
0
0
0
0
0
0
0
0
0
0
0
0
0
0
0
0
0
0
0
0
0
0
0
0
0
0
0
0
0
0
0
0
0
0
0
0
0
0
0
0
0
0
0
0
0
0
0
0
0
0
0
0
0
0
0
0
0
0
0
0
0
0
0
0
0
0
0
0
0
0
0
0
0
0
0
0
0
0
0
0
0
0
0
0
0
0
0
0
0
0
0
0
0
0
0
0
0
0
0
0
0
0
0
0
0
0
0
0
0
0
0
0
0
0
0
0
0
0
0
0
0
0
0
0
0
0
0
0
0
0
0
0
0
0
0
0
0
0
0
0
0
0
0
0
0
0
0
0
0
0
0
0
0
0
0
0
0
0
0
0
0
0
0
0
0
0
0
0
0
0
0
0
0
0
0
0
0
0
0
0
0
0
0
0
0
0
0
0
0
0
0
0
0
0
0
0
0
0
0
0
0
0
0
0
0
0
0
0
0
0
0
0
0
0
0
0
0
0
0
0
0
0
0
0
0
0
0
0
0
0
0
0
0
0
0
0
0
0
0
0
0
0
0
0
0
0
0
0
0
0
0
0
0
0
0
0
0
0
0
0
0
0
0
0
0
0
0
0
0
0
0
0
0
0
0
0
0
0
0
0
0
0
0
0
0
0
0
0
0
0
0
0
0
0
0
0
0
0
0
0
0
0
0
0
0
0
0
0
0
0
0
0
0
0
0
0
0
0
0
0
0
0
0
0
0
0
0
0
0
0
0
0
0
0
0
0
0
0
0
0
0
0
0
0
0
0
0
0
0
0
0
0
0
0
0
0
0
0
0
0
0
0
0
0
0
0
0
0
0
0
0
0
0
0
0
0
0
0
0
0
0
0
0
0
0
0
0
0
0
0
0
0
0
0
0
0
0
0
0
0
0
0
0
0
0
0
0
0
0
0
0
0
0
0
0
