0
4095
0
0
0
0
0
0
0
4095
0
0
0
0
0
0
0
4095
0
0
0
0
0
0
0
4095
0
0
0
0
0
0
0
4095
0
0
0
0
0
0
0
4095
0
0
0
0
0
0
0
4095
0
0
0
0
0
0
0
4095
0
0
0
0
0
0
0
4095
0
0
0
0
0
0
0
4095
0
0
0
0
0
0
0
4095
0
0
0
0
0
0
0
4095
0
0
0
0
0
0
0
4095
0
0
0
0
0
0
0
4095
0
0
0
0
0
0
0
4095
0
0
0
0
0
0
0
4095
0
0
0
0
0
0
0
4095
0
0
0
0
0
0
0
4095
0
0
0
0
0
0
0
4095
0
0
0
0
0
0
0
4095
0
0
0
0
0
0
0
4095
0
0
0
0
0
0
0
4095
0
0
0
0
0
0
0
4095
0
0
0
0
0
0
0
4095
0
0
0
0
0
0
0
4095
0
0
0
0
0
0
0
4095
0
0
0
0
0
0
4092
4091
0
0
0
0
0
0
2
4086
0
0
0
0
0
0
3
4085
0
0
0
0
0
0
3
4085
0
0
0
0
0
0
0
4083
0
0
0
0
0
0
7
4082
0
0
0
0
0
0
4
4085
0
0
0
0
0
0
7
4090
0
0
0
0
0
0
3
2
0
0
0
0
0
0
2
12
0
0
0
0
0
0
4089
19
0
0
0
0
0
0
4088
20
0
0
0
0
0
0
4086
17
0
0
0
0
0
0
4085
7
0
0
0
0
0
0
4085
4086
0
0
0
0
0
0
4095
4063
0
0
0
0
0
0
10
4045
0
0
0
0
0
0
18
4035
0
0
0
0
0
0
25
4034
0
0
0
0
0
0
28
4045
0
0
0
0
0
0
28
4071
0
0
0
0
0
0
17
11
0
0
0
0
0
0
4
48
0
0
0
0
0
0
4083
80
0
0
0
0
0
0
4065
95
0
0
0
0
0
0
4054
90
0
0
0
0
0
0
4050
62
0
0
0
0
0
0
4057
16
0
0
0
0
0
0
4074
4052
0
0
0
0
0
0
4
3992
0
0
0
0
0
0
31
3947
0
0
0
0
0
0
59
3929
0
0
0
0
0
0
72
3947
0
0
0
0
0
0
73
3997
0
0
0
0
0
0
58
4073
0
0
0
0
0
0
28
68
0
0
0
0
0
0
4085
151
0
0
0
0
0
0
4045
208
0
0
0
0
0
0
4010
224
0
0
0
0
0
0
3992
191
0
0
0
0
0
0
3996
108
0
0
0
0
0
0
4024
4091
0
0
0
0
0
0
4069
3968
0
0
0
0
0
0
28
3860
0
0
0
0
0
0
84
3792
0
0
0
0
0
0
124
3783
0
0
0
0
0
0
145
3841
0
0
0
0
0
0
130
3962
0
0
0
0
0
0
89
20
0
0
0
0
0
0
30
183
0
0
0
0
0
0
4045
320
0
0
0
0
0
0
3975
394
0
0
0
0
0
0
3928
386
0
0
0
0
0
0
3910
291
0
0
0
0
0
0
3938
125
0
0
0
0
0
0
3998
4016
0
0
0
0
0
0
4084
3811
0
0
0
0
0
0
86
3651
0
0
0
0
0
0
170
3579
0
0
0
0
0
0
223
3613
0
0
0
0
0
0
232
3750
0
0
0
0
0
0
189
3971
0
0
0
0
0
0
109
134
0
0
0
0
0
0
4090
382
0
0
0
0
0
0
3974
556
0
0
0
0
0
0
3876
624
0
0
0
0
0
0
3819
562
0
0
0
0
0
0
3815
371
0
0
0
0
0
0
3881
83
0
0
0
0
0
0
3993
3860
0
0
0
0
0
0
38
3572
0
0
0
0
0
0
177
3382
0
0
0
0
0
0
287
3333
0
0
0
0
0
0
342
3443
0
0
0
0
0
0
327
3697
0
0
0
0
0
0
242
4051
0
0
0
0
0
0
94
336
0
0
0
0
0
0
4023
659
0
0
0
0
0
0
3861
857
0
0
0
0
0
0
3739
881
0
0
0
0
0
0
3691
717
0
0
0
0
0
0
3722
390
0
0
0
0
0
0
3842
4058
0
0
0
0
0
0
4018
3617
0
0
0
0
0
0
126
3255
0
0
0
0
0
0
313
3057
0
0
0
0
0
0
439
3070
0
0
0
0
0
0
478
3303
0
0
0
0
0
0
418
3715
0
0
0
0
0
0
267
127
0
0
0
0
0
0
52
628
0
0
0
0
0
0
3915
1015
0
0
0
0
0
0
3706
1204
0
0
0
0
0
0
3575
1136
0
0
0
0
0
0
3553
824
0
0
0
0
0
0
3643
322
0
0
0
0
0
0
3839
3825
0
0
0
0
0
0
4092
3266
0
0
0
0
0
0
264
2860
0
0
0
0
0
0
486
2700
0
0
0
0
0
0
611
2832
0
0
0
0
0
0
613
3233
0
0
0
0
0
0
485
3833
0
0
0
0
0
0
249
416
0
0
0
0
0
0
4045
1030
0
0
0
0
0
0
3751
1442
0
0
0
0
0
0
3515
1565
0
0
0
0
0
0
3392
1358
0
0
0
0
0
0
3421
850
0
0
0
0
0
0
3591
146
0
0
0
0
0
0
3876
3480
0
0
0
0
0
0
124
2822
0
0
0
0
0
0
446
2413
0
0
0
0
0
0
691
2341
0
0
0
0
0
0
797
2643
0
0
0
0
0
0
735
3259
0
0
0
0
0
0
520
4073
0
0
0
0
0
0
181
823
0
0
0
0
0
0
3892
1520
0
0
0
0
0
0
3538
1913
0
0
0
0
0
0
3291
1912
0
0
0
0
0
0
3211
1503
0
0
0
0
0
0
3313
764
0
0
0
0
0
0
3582
3934
0
0
0
0
0
0
3976
3011
0
0
0
0
0
0
307
2292
0
0
0
0
0
0
682
1930
0
0
0
0
0
0
928
2013
0
0
0
0
0
0
981
2544
0
0
0
0
0
0
827
3416
0
0
0
0
0
0
500
356
0
0
0
0
0
0
50
1351
0
0
0
0
0
0
3678
2083
0
0
0
0
0
0
3284
2394
0
0
0
0
0
0
3050
2207
0
0
0
0
0
0
3032
1543
0
0
0
0
0
0
3244
534
0
0
0
0
0
0
3635
3482
0
0
0
0
0
0
43
2429
0
0
0
0
0
0
552
1698
0
0
0
0
0
0
957
1454
0
0
0
0
0
0
1173
1761
0
0
0
0
0
0
1146
2570
0
0
0
0
0
0
872
3722
0
0
0
0
0
0
412
881
0
0
0
0
0
0
3949
1983
0
0
0
0
0
0
3404
2692
0
0
0
0
0
0
2996
2847
0
0
0
0
0
0
2811
2403
0
0
0
0
0
0
2889
1440
0
0
0
0
0
0
3227
146
0
0
0
0
0
0
3759
2882
0
0
0
0
0
0
279
1746
0
0
0
0
0
0
851
1080
0
0
0
0
0
0
1255
1031
0
0
0
0
0
0
1409
1626
0
0
0
0
0
0
1264
2759
0
0
0
0
0
0
851
99
0
0
0
0
0
0
249
1549
0
0
0
0
0
0
3677
2702
0
0
0
0
0
0
3084
3309
0
0
0
0
0
0
2691
3229
0
0
0
0
0
0
2584
2466
0
0
0
0
0
0
2796
1165
0
0
0
0
0
0
3286
3683
0
0
0
0
0
0
3960
2157
0
0
0
0
0
0
578
1006
0
0
0
0
0
0
1192
478
0
0
0
0
0
0
1563
703
0
0
0
0
0
0
1615
1646
0
0
0
0
0
0
1325
3127
0
0
0
0
0
0
751
743
0
0
0
0
0
0
9
2333
0
0
0
0
0
0
3343
3465
0
0
0
0
0
0
2725
3887
0
0
0
0
0
0
2383
3495
0
0
0
0
0
0
2399
2358
0
0
0
0
0
0
2769
699
0
0
0
0
0
0
3430
2956
0
0
0
0
0
0
149
1318
0
0
0
0
0
0
947
232
0
0
0
0
0
0
1562
4033
0
0
0
0
0
0
1861
511
0
0
0
0
0
0
1776
1852
0
0
0
0
0
0
1311
3689
0
0
0
0
0
0
565
1549
0
0
0
0
0
0
3779
3214
0
0
0
0
0
0
2952
135
0
0
0
0
0
0
2346
279
0
0
0
0
0
0
2102
3598
0
0
0
0
0
0
2272
2048
0
0
0
0
0
0
2832
37
0
0
0
0
0
0
3664
2079
0
0
0
0
0
0
511
406
0
0
0
0
0
0
1364
3575
0
0
0
0
0
0
1944
3604
0
0
0
0
0
0
2127
503
0
0
0
0
0
0
1861
2270
0
0
0
0
0
0
1203
350
0
0
0
0
0
0
282
2494
0
0
0
0
0
0
3378
51
0
0
0
0
0
0
2514
859
0
0
0
0
0
0
1970
632
0
0
0
0
0
0
1866
3501
0
0
0
0
0
0
2226
1520
0
0
0
0
0
0
2988
3280
0
0
0
0
0
0
3996
1073
0
0
0
0
0
0
946
3560
0
0
0
0
0
0
1813
2899
0
0
0
0
0
0
2311
3338
0
0
0
0
0
0
2330
710
0
0
0
0
0
0
1862
2909
0
0
0
0
0
0
997
1298
0
0
0
0
0
0
3999
3546
0
0
0
0
0
0
2914
984
0
0
0
0
0
0
2061
1475
0
0
0
0
0
0
1618
799
0
0
0
0
0
0
1697
3177
0
0
0
0
0
0
2277
765
0
0
0
0
0
0
3254
2246
0
0
0
0
0
0
323
4080
0
0
0
0
0
0
1439
2647
0
0
0
0
0
0
2269
2354
0
0
0
0
0
0
2637
3280
0
0
0
0
0
0
2458
1158
0
0
0
0
0
0
1755
3776
0
0
0
0
0
0
678
2403
0
0
0
0
0
0
3535
562
0
0
0
0
0
0
2401
1868
0
0
0
0
0
0
1603
1938
0
0
0
0
0
0
1322
742
0
0
0
0
0
0
1616
2604
0
0
0
0
0
0
2441
3888
0
0
0
0
0
0
3621
1078
0
0
0
0
0
0
825
2960
0
0
0
0
0
0
1966
1810
0
0
0
0
0
0
2714
1985
0
0
0
0
0
0
2901
3467
0
0
0
0
0
0
2479
1863
0
0
0
0
0
0
1535
756
0
0
0
0
0
0
256
3627
0
0
0
0
0
0
2999
1679
0
0
0
0
0
0
2586
3597
0
0
0
0
0
0
88
3078
0
0
0
0
0
0
945
542
0
0
0
0
0
0
1633
1787
0
0
0
0
0
0
2719
2717
0
0
0
0
0
0
0
3907
0
0
0
0
0
0
3719
2294
0
0
0
0
0
0
2198
2342
0
0
0
0
0
0
3016
309
0
0
0
0
0
0
1950
678
0
0
0
0
0
0
2274
2902
0
0
0
0
0
0
1181
2022
0
0
0
0
0
0
3828
830
0
0
0
0
0
0
2605
3464
0
0
0
0
0
0
317
3039
0
0
0
0
0
0
3679
653
0
0
0
0
0
0
2088
3082
0
0
0
0
0
0
1907
621
0
0
0
0
0
0
3136
1374
0
0
0
0
0
0
564
2599
0
0
0
0
0
0
1169
2505
0
0
0
0
0
0
2133
2283
0
0
0
0
0
0
3299
481
0
0
0
0
0
0
2010
1420
0
0
0
0
0
0
2052
4091
0
0
0
0
0
0
723
3417
0
0
0
0
0
0
2789
3618
0
0
0
0
0
0
500
3703
0
0
0
0
0
0
278
3049
0
0
0
0
0
0
642
3444
0
0
0
0
0
0
2093
2194
0
0
0
0
0
0
2210
3407
0
0
0
0
0
0
3654
4025
0
0
0
0
0
0
1004
587
0
0
0
0
0
0
3632
199
0
0
0
0
0
0
4020
974
0
0
0
0
0
0
2619
2448
0
0
0
0
0
0
2392
2099
0
0
0
0
0
0
1741
1359
0
0
0
0
0
0
156
795
0
0
0
0
0
0
2348
1800
0
0
0
0
0
0
1332
3335
0
0
0
0
0
0
1163
2128
0
0
0
0
0
0
382
1355
0
0
0
0
0
0
1077
1916
0
0
0
0
0
0
2507
2017
0
0
0
0
0
0
165
769
0
0
0
0
0
0
3605
3838
0
0
0
0
0
0
3841
3966
0
0
0
0
0
0
3087
2052
0
0
0
0
0
0
3768
3132
0
0
0
0
0
0
2901
2838
0
0
0
0
0
0
1331
2859
0
0
0
0
0
0
3157
3775
0
0
0
0
0
0
567
437
0
0
0
0
0
0
30
289
0
0
0
0
0
0
852
108
0
0
0
0
0
0
2871
2530
0
0
0
0
0
0
2862
3460
0
0
0
0
0
0
3094
378
0
0
0
0
0
0
686
320
0
0
0
0
0
0
3608
3372
0
0
0
0
0
0
216
3671
0
0
0
0
0
0
1051
2007
0
0
0
0
0
0
3223
521
0
0
0
0
0
0
2466
317
0
0
0
0
0
0
713
420
0
0
0
0
0
0
2645
2151
0
0
0
0
0
0
1320
241
0
0
0
0
0
0
830
3586
0
0
0
0
0
0
1058
3925
0
0
0
0
0
0
2560
1657
0
0
0
0
0
0
3230
1894
0
0
0
0
0
0
3754
1030
0
0
0
0
0
0
3358
3377
0
0
0
0
0
0
2734
3765
0
0
0
0
0
0
3464
541
0
0
0
0
0
0
928
3375
0
0
0
0
0
0
2677
2164
0
0
0
0
0
0
1920
2049
0
0
0
0
0
0
3658
3592
0
0
0
0
0
0
789
985
0
0
0
0
0
0
4017
1460
0
0
0
0
0
0
437
3430
0
0
0
0
0
0
318
3794
0
0
0
0
0
0
2537
397
0
0
0
0
0
0
3764
156
0
0
0
0
0
0
214
405
0
0
0
0
0
0
3442
2719
0
0
0
0
0
0
367
2427
0
0
0
0
0
0
3832
848
0
0
0
0
0
0
206
1093
0
0
0
0
0
0
2119
3943
0
0
0
0
0
0
1257
3886
0
0
0
0
0
0
3075
2171
0
0
0
0
0
0
1453
982
0
0
0
0
0
0
633
805
0
0
0
0
0
0
135
2935
0
0
0
0
0
0
799
771
0
0
0
0
0
0
1778
3682
0
0
0
0
0
0
3159
1628
0
0
0
0
0
0
2942
3272
0
0
0
0
0
0
2639
2937
0
0
0
0
0
0
3700
3258
0
0
0
0
0
0
4066
3293
0
0
0
0
0
0
1711
1897
0
0
0
0
0
0
1279
1915
0
0
0
0
0
0
2364
1148
0
0
0
0
0
0
2746
4054
0
0
0
0
0
0
1334
1341
0
0
0
0
0
0
174
760
0
0
0
0
0
0
2300
2513
0
0
0
0
0
0
504
2977
0
0
0
0
0
0
1701
2290
0
0
0
0
0
0
2409
1398
0
0
0
0
0
0
2122
3166
0
0
0
0
0
0
3174
2394
0
0
0
0
0
0
51
3454
0
0
0
0
0
0
3720
4039
0
0
0
0
0
0
1828
3211
0
0
0
0
0
0
703
3812
0
0
0
0
0
0
484
263
0
0
0
0
0
0
1313
1723
0
0
0
0
0
0
553
1924
0
0
0
0
0
0
3865
390
0
0
0
0
0
0
2577
681
0
0
0
0
0
0
1246
912
0
0
0
0
0
0
2456
260
0
0
0
0
0
0
895
1396
0
0
0
0
0
0
2773
2131
0
0
0
0
0
0
3827
2059
0
0
0
0
0
0
377
4026
0
0
0
0
0
0
175
556
0
0
0
0
0
0
1634
782
0
0
0
0
0
0
1139
2577
0
0
0
0
0
0
1236
1389
0
0
0
0
0
0
1302
2130
0
0
0
0
0
0
26
2018
0
0
0
0
0
0
3624
3715
0
0
0
0
0
0
349
931
0
0
0
0
0
0
1584
3189
0
0
0
0
0
0
3697
880
0
0
0
0
0
0
2886
2266
0
0
0
0
0
0
3140
1597
0
0
0
0
0
0
231
2138
0
0
0
0
0
0
535
895
0
0
0
0
0
0
541
3960
0
0
0
0
0
0
2906
1377
0
0
0
0
0
0
1950
2847
0
0
0
0
0
0
1999
1569
0
0
0
0
0
0
717
2682
0
0
0
0
0
0
3657
1758
0
0
0
0
0
0
3551
793
0
0
0
0
0
0
2209
1250
0
0
0
0
0
0
1896
1390
0
0
0
0
0
0
3411
3580
0
0
0
0
0
0
2791
1677
0
0
0
0
0
0
3774
1160
0
0
0
0
0
0
632
2592
0
0
0
0
0
0
89
3706
0
0
0
0
0
0
2084
3473
0
0
0
0
0
0
1865
3715
0
0
0
0
0
0
319
2903
0
0
0
0
0
0
2021
2094
0
0
0
0
0
0
113
2941
0
0
0
0
0
0
3334
1102
0
0
0
0
0
0
2174
866
0
0
0
0
0
0
1056
533
0
0
0
0
0
0
2524
1726
0
0
0
0
0
0
2705
2379
0
0
0
0
0
0
2856
1233
0
0
0
0
0
0
230
1100
0
0
0
0
0
0
870
3452
0
0
0
0
0
0
517
508
0
0
0
0
0
0
1756
1267
0
0
0
0
0
0
584
3200
0
0
0
0
0
0
1328
2174
0
0
0
0
0
0
884
3202
0
0
0
0
0
0
3608
2878
0
0
0
0
0
0
3176
52
0
0
0
0
0
0
67
844
0
0
0
0
0
0
1527
2606
0
0
0
0
0
0
1959
1212
0
0
0
0
0
0
2011
2122
0
0
0
0
0
0
3480
671
0
0
0
0
0
0
712
1404
0
0
0
0
0
0
935
599
0
0
0
0
0
0
760
70
0
0
0
0
0
0
2907
2031
0
0
0
0
0
0
972
474
0
0
0
0
0
0
1391
2800
0
0
0
0
0
0
218
3634
0
0
0
0
0
0
3201
2368
0
0
0
0
0
0
3210
954
0
0
0
0
0
0
2048
936
0
0
0
0
0
0
1951
670
0
0
0
0
0
0
511
1068
0
0
0
0
0
0
2750
1017
0
0
0
0
0
0
85
378
0
0
0
0
0
0
1038
2126
0
0
0
0
0
0
370
3678
0
0
0
0
0
0
2178
3885
0
0
0
0
0
0
1759
2146
0
0
0
0
0
0
1582
1773
0
0
0
0
0
0
1286
3262
0
0
0
0
0
0
3746
3661
0
0
0
0
0
0
2972
1434
0
0
0
0
0
0
1954
767
0
0
0
0
0
0
1023
33
0
0
0
0
0
0
911
3144
0
0
0
0
0
0
990
3073
0
0
0
0
0
0
2999
602
0
0
0
0
0
0
602
550
0
0
0
0
0
0
1178
3256
0
0
0
0
0
0
678
721
0
0
0
0
0
0
1735
1833
0
0
0
0
0
0
2301
2712
0
0
0
0
0
0
2248
2057
0
0
0
0
0
0
642
3814
0
0
0
0
0
0
3265
3309
0
0
0
0
0
0
2922
117
0
0
0
0
0
0
4065
529
0
0
0
0
0
0
1604
1988
0
0
0
0
0
0
3470
4000
0
0
0
0
0
0
3309
598
0
0
0
0
0
0
3948
4082
0
0
0
0
0
0
1032
1094
0
0
0
0
0
0
1132
653
0
0
0
0
0
0
804
465
0
0
0
0
0
0
2785
2682
0
0
0
0
0
0
3876
2779
0
0
0
0
0
0
1497
3161
0
0
0
0
0
0
4027
4084
0
0
0
0
0
0
2939
2539
0
0
0
0
0
0
1301
2983
0
0
0
0
0
0
42
2056
0
0
0
0
0
0
1866
195
0
0
0
0
0
0
3812
445
0
0
0
0
0
0
2344
972
0
0
0
0
0
0
308
76
0
0
0
0
0
0
1242
2083
0
0
0
0
0
0
450
3950
0
0
0
0
0
0
2112
316
0
0
0
0
0
0
3326
609
0
0
0
0
0
0
3326
824
0
0
0
0
0
0
1236
3564
0
0
0
0
0
0
3512
3876
0
0
0
0
0
0
2817
1356
0
0
0
0
0
0
3217
3973
0
0
0
0
0
0
2106
2820
0
0
0
0
0
0
3443
511
0
0
0
0
0
0
2874
1251
0
0
0
0
0
0
3469
81
0
0
0
0
0
0
832
434
0
0
0
0
0
0
1279
3447
0
0
0
0
0
0
1171
1396
0
0
0
0
0
0
2316
1850
0
0
0
0
0
0
854
3776
0
0
0
0
0
0
1013
3276
0
0
0
0
0
0
288
59
0
0
0
0
0
0
3091
3295
0
0
0
0
0
0
2878
3918
0
0
0
0
0
0
3112
100
0
0
0
0
0
0
1066
1958
0
0
0
0
0
0
3126
3274
0
0
0
0
0
0
2823
793
0
0
0
0
0
0
4077
4009
0
0
0
0
0
0
1137
1241
0
0
0
0
0
0
1114
2813
0
0
0
0
0
0
2218
3037
0
0
0
0
0
0
2230
3511
0
0
0
0
0
0
520
3220
0
0
0
0
0
0
1979
2882
0
0
0
0
0
0
3938
4034
0
0
0
0
0
0
2892
2275
0
0
0
0
0
0
1371
2517
0
0
0
0
0
0
221
1487
0
0
0
0
0
0
2111
1978
0
0
0
0
0
0
2525
2118
0
0
0
0
0
0
2887
566
0
0
0
0
0
0
463
170
0
0
0
0
0
0
1245
2449
0
0
0
0
0
0
2242
3202
0
0
0
0
0
0
3138
4029
0
0
0
0
0
0
3204
996
0
0
0
0
0
0
3094
1111
0
0
0
0
0
0
1056
3596
0
0
0
0
0
0
3446
3631
0
0
0
0
0
0
2874
891
0
0
0
0
0
0
3389
3389
0
0
0
0
0
0
2355
2246
0
0
0
0
0
0
1801
1359
0
0
0
0
0
0
1863
2021
0
0
0
0
0
0
3464
281
0
0
0
0
0
0
832
806
0
0
0
0
0
0
1161
4001
0
0
0
0
0
0
10
3570
0
0
0
0
0
0
2477
2071
0
0
0
0
0
0
624
9
0
0
0
0
0
0
805
3356
0
0
0
0
0
0
195
3932
0
0
0
0
0
0
3134
2818
0
0
0
0
0
0
3051
3293
0
0
0
0
0
0
3374
3558
0
0
0
0
0
0
1364
1449
0
0
0
0
0
0
230
1463
0
0
0
0
0
0
2558
1173
0
0
0
0
0
0
4070
298
0
0
0
0
0
0
1031
1825
0
0
0
0
0
0
2659
1294
0
0
0
0
0
0
3946
2080
0
0
0
0
0
0
2172
3769
0
0
0
0
0
0
300
3355
0
0
0
0
0
0
1849
2705
0
0
0
0
0
0
3950
3560
0
0
0
0
0
0
3056
1599
0
0
0
0
0
0
1931
1160
0
0
0
0
0
0
897
589
0
0
0
0
0
0
2469
1573
0
0
0
0
0
0
2749
2077
0
0
0
0
0
0
2972
871
0
0
0
0
0
0
390
759
0
0
0
0
0
0
1029
3201
0
0
0
0
0
0
636
384
0
0
0
0
0
0
1822
1257
0
0
0
0
0
0
592
3275
0
0
0
0
0
0
1294
2285
0
0
0
0
0
0
832
3301
0
0
0
0
0
0
3561
2944
0
0
0
0
0
0
3144
76
0
0
0
0
0
0
63
846
0
0
0
0
0
0
1540
2620
0
0
0
0
0
0
1970
1271
0
0
0
0
0
0
2004
2240
0
0
0
0
0
0
3447
846
0
0
0
0
0
0
639
1604
0
0
0
0
0
0
841
767
0
0
0
0
0
0
667
147
0
0
0
0
0
0
2836
1972
0
0
0
0
0
0
955
252
0
0
0
0
0
0
1448
2433
0
0
0
0
0
0
355
3180
0
0
0
0
0
0
3394
1923
0
0
0
0
0
0
1655
2827
0
0
0
0
0
0
214
2410
0
0
0
0
0
0
1815
1013
0
0
0
0
0
0
483
1511
0
0
0
0
0
0
2620
1651
0
0
0
0
0
0
3936
1103
0
0
0
0
0
0
719
2792
0
0
0
0
0
0
40
30
0
0
0
0
0
0
1914
3992
0
0
0
0
0
0
1624
89
0
0
0
0
0
0
71
3183
0
0
0
0
0
0
1844
2092
0
0
0
0
0
0
50
2646
0
0
0
0
0
0
3418
576
0
0
0
0
0
0
3670
3813
0
0
0
0
0
0
2308
3334
0
0
0
0
0
0
2923
1327
0
0
0
0
0
0
2924
2391
0
0
0
0
0
0
2926
1615
0
0
0
0
0
0
129
1776
0
0
0
0
0
0
606
176
0
0
0
0
0
0
3841
3062
0
0
0
0
0
0
2551
882
0
0
0
0
0
0
398
3220
0
0
0
0
0
0
1190
1810
0
0
0
0
0
0
947
2428
0
0
0
0
0
0
3881
1841
0
0
0
0
0
0
3614
3071
0
0
0
0
0
0
3628
52
0
0
0
0
0
0
1261
2742
0
0
0
0
0
0
2176
1423
0
0
0
0
0
0
2063
2849
0
0
0
0
0
0
3269
1840
0
0
0
0
0
0
259
2781
0
0
0
0
0
0
2099
1443
0
0
0
0
0
0
3712
1380
0
0
0
0
0
0
2325
2354
0
0
0
0
0
0
172
3888
0
0
0
0
0
0
699
2258
0
0
0
0
0
0
517
2136
0
0
0
0
0
0
3826
696
0
0
0
0
0
0
2487
1094
0
0
0
0
0
0
1100
1402
0
0
0
0
0
0
2274
777
0
0
0
0
0
0
687
1886
0
0
0
0
0
0
2562
2535
0
0
0
0
0
0
3627
2312
0
0
0
0
0
0
222
4067
0
0
0
0
0
0
98
345
0
0
0
0
0
0
1655
320
0
0
0
0
0
0
1274
130
0
0
0
0
0
0
4026
2653
0
0
0
0
0
0
1966
1078
0
0
0
0
0
0
426
1350
0
0
0
0
0
0
3963
3370
0
0
0
0
0
0
590
995
0
0
0
0
0
0
1662
3701
0
0
0
0
0
0
3143
1497
0
0
0
0
0
0
2999
3076
0
0
0
0
0
0
2731
2755
0
0
0
0
0
0
3789
3141
0
0
0
0
0
0
24
3249
0
0
0
0
0
0
1719
1891
0
0
0
0
0
0
2434
996
0
0
0
0
0
0
2341
1049
0
0
0
0
0
0
2763
3837
0
0
0
0
0
0
1396
1034
0
0
0
0
0
0
297
411
0
0
0
0
0
0
2464
2218
0
0
0
0
0
0
675
2835
0
0
0
0
0
0
1829
2394
0
0
0
0
0
0
261
507
0
0
0
0
0
0
3264
2852
0
0
0
0
0
0
157
2197
0
0
0
0
0
0
3817
140
0
0
0
0
0
0
1167
3329
0
0
0
0
0
0
2738
2454
0
0
0
0
0
0
1813
2544
0
0
0
0
0
0
1253
2835
0
0
0
0
0
0
1774
413
0
0
0
0
0
0
1019
609
0
0
0
0
0
0
341
3298
0
0
0
0
0
0
3923
3215
0
0
0
0
0
0
1937
548
0
0
0
0
0
0
2722
755
0
0
0
0
0
0
416
261
0
0
0
0
0
0
3559
2865
0
0
0
0
0
0
365
2848
0
0
0
0
0
0
3683
1456
0
0
0
0
0
0
44
3206
0
0
0
0
0
0
2966
3515
0
0
0
0
0
0
1101
3921
0
0
0
0
0
0
3871
318
0
0
0
0
0
0
1052
616
0
0
0
0
0
0
825
3959
0
0
0
0
0
0
2869
2337
0
0
0
0
0
0
764
3669
0
0
0
0
0
0
1588
3770
0
0
0
0
0
0
3400
3628
0
0
0
0
0
0
1493
1927
0
0
0
0
0
0
2809
3905
0
0
0
0
0
0
3256
632
0
0
0
0
0
0
796
3122
0
0
0
0
0
0
2691
1545
0
0
0
0
0
0
2095
1124
0
0
0
0
0
0
325
1001
0
0
0
0
0
0
3353
2284
0
0
0
0
0
0
1864
3523
0
0
0
0
0
0
937
2854
0
0
0
0
0
0
157
3520
0
0
0
0
0
0
1941
1529
0
0
0
0
0
0
2402
2214
0
0
0
0
0
0
34
846
0
0
0
0
0
0
3557
3759
0
0
0
0
0
0
3856
3775
0
0
0
0
0
0
3145
1784
0
0
0
0
0
0
3855
2809
0
0
0
0
0
0
3003
2466
0
0
0
0
0
0
1455
2439
0
0
0
0
0
0
1416
1409
0
0
0
0
0
0
2338
2851
0
0
0
0
0
0
1584
2988
0
0
0
0
0
0
3390
2095
0
0
0
0
0
0
1008
61
0
0
0
0
0
0
1500
790
0
0
0
0
0
0
3007
1039
0
0
0
0
0
0
1099
451
0
0
0
0
0
0
3551
35
0
0
0
0
0
0
3920
447
0
0
0
0
0
0
327
3253
0
0
0
0
0
0
2502
961
0
0
0
0
0
0
2222
4048
0
0
0
0
0
0
746
3574
0
0
0
0
0
0
539
2571
0
0
0
0
0
0
1633
2957
0
0
0
0
0
0
1482
2191
0
0
0
0
0
0
594
3485
0
0
0
0
0
0
2091
2190
0
0
0
0
0
0
2235
3435
0
0
0
0
0
0
3679
51
0
0
0
0
0
0
3810
1367
0
0
0
0
0
0
2592
1318
0
0
0
0
0
0
2595
48
0
0
0
0
0
0
902
685
0
0
0
0
0
0
1392
2874
0
0
0
0
0
0
1628
1199
0
0
0
0
0
0
110
320
0
0
0
0
0
0
65
2788
0
0
0
0
0
0
1411
2508
0
0
0
0
0
0
1997
3791
0
0
0
0
0
0
2962
3063
0
0
0
0
0
0
2931
562
0
0
0
0
0
0
2784
2326
0
0
0
0
0
0
178
3450
0
0
0
0
0
0
125
1300
0
0
0
0
0
0
2744
1883
0
0
0
0
0
0
3175
317
0
0
0
0
0
0
1956
897
0
0
0
0
0
0
2172
3191
0
0
0
0
0
0
1024
2243
0
0
0
0
0
0
3675
860
0
0
0
0
0
0
3814
2714
0
0
0
0
0
0
3656
2271
0
0
0
0
0
0
1452
1276
0
0
0
0
0
0
1283
3346
0
0
0
0
0
0
2107
359
0
0
0
0
0
0
3360
1411
0
0
0
0
0
0
657
3054
0
0
0
0
0
0
1898
4020
0
0
0
0
0
0
137
3840
0
0
0
0
0
0
2013
3784
0
0
0
0
0
0
2575
1379
0
0
0
0
0
0
1705
188
0
0
0
0
0
0
467
3034
0
0
0
0
0
0
3239
1121
0
0
0
0
0
0
2109
2193
0
0
0
0
0
0
1407
1944
0
0
0
0
0
0
1273
446
0
0
0
0
0
0
1723
2123
0
0
0
0
0
0
2663
3391
0
0
0
0
0
0
3883
747
0
0
0
0
0
0
1040
2928
0
0
0
0
0
0
2059
2128
0
0
0
0
0
0
2633
2597
0
0
0
0
0
0
2661
118
0
0
0
0
0
0
2133
2536
0
0
0
0
0
0
1171
1144
0
0
0
0
0
0
4077
3571
0
0
0
0
0
0
2910
1123
0
0
0
0
0
0
2009
1666
0
0
0
0
0
0
1547
1006
0
0
0
0
0
0
1625
3392
0
0
0
0
0
0
2215
1004
0
0
0
0
0
0
3186
2540
0
0
0
0
0
0
231
338
0
0
0
0
0
0
1314
3042
0
0
0
0
0
0
2104
2738
0
0
0
0
0
0
2448
3562
0
0
0
0
0
0
2282
1238
0
0
0
0
0
0
1643
3574
0
0
0
0
0
0
677
1880
0
0
0
0
0
0
3683
3851
0
0
0
0
0
0
2696
897
0
0
0
0
0
0
2015
989
0
0
0
0
0
0
1774
23
0
0
0
0
0
0
2021
2314
0
0
0
0
0
0
2694
59
0
0
0
0
0
0
3647
1924
0
0
0
0
0
0
578
177
0
0
0
0
0
0
1474
3366
0
0
0
0
0
0
2046
3470
0
0
0
0
0
0
2188
452
0
0
0
0
0
0
1873
2265
0
0
0
0
0
0
1179
327
0
0
0
0
0
0
251
2381
0
0
0
0
0
0
3384
3900
0
0
0
0
0
0
2590
491
0
0
0
0
0
0
2115
216
0
0
0
0
0
0
2063
3148
0
0
0
0
0
0
2432
1353
0
0
0
0
0
0
3137
3406
0
0
0
0
0
0
4030
1538
0
0
0
0
0
0
826
231
0
0
0
0
0
0
1531
3845
0
0
0
0
0
0
1902
172
0
0
0
0
0
0
1882
1396
0
0
0
0
0
0
1465
3158
0
0
0
0
0
0
759
978
0
0
0
0
0
0
4001
2658
0
0
0
0
0
0
3186
3753
0
0
0
0
0
0
2576
4049
0
0
0
0
0
0
2289
3502
0
0
0
0
0
0
2386
2240
0
0
0
0
0
0
2831
542
0
0
0
0
0
0
3530
2857
0
0
0
0
0
0
237
1366
0
0
0
0
0
0
974
470
0
0
0
0
0
0
1497
337
0
0
0
0
0
0
1700
984
0
0
0
0
0
0
1545
2261
0
0
0
0
0
0
1078
3885
0
0
0
0
0
0
396
1426
0
0
0
0
0
0
3743
2731
0
0
0
0
0
0
3081
3442
0
0
0
0
0
0
2645
3426
0
0
0
0
0
0
2518
2703
0
0
0
0
0
0
2722
1435
0
0
0
0
0
0
3200
3993
0
0
0
0
0
0
3860
2507
0
0
0
0
0
0
455
1382
0
0
0
0
0
0
1036
841
0
0
0
0
0
0
1393
980
0
0
0
0
0
0
1456
1759
0
0
0
0
0
0
1215
3002
0
0
0
0
0
0
730
345
0
0
0
0
0
0
103
1679
0
0
0
0
0
0
3569
2633
0
0
0
0
0
0
3061
3018
0
0
0
0
0
0
2780
2773
0
0
0
0
0
0
2778
1960
0
0
0
0
0
0
3047
760
0
0
0
0
0
0
3524
3529
0
0
0
0
0
0
15
2348
0
0
0
0
0
0
585
1554
0
0
0
0
0
0
1018
1305
0
0
0
0
0
0
1234
1633
0
0
0
0
0
0
1190
2459
0
0
0
0
0
0
902
3603
0
0
0
0
0
0
433
720
0
0
0
0
0
0
3987
1751
0
0
0
0
0
0
3481
2397
0
0
0
0
0
0
3111
2527
0
0
0
0
0
0
2960
2133
0
0
0
0
0
0
3043
1308
0
0
0
0
0
0
3345
232
0
0
0
0
0
0
3792
3234
0
0
0
0
0
0
195
2346
0
0
0
0
0
0
639
1839
0
0
0
0
0
0
942
1811
0
0
0
0
0
0
1041
2252
0
0
0
0
0
0
925
3060
0
0
0
0
0
0
618
4057
0
0
0
0
0
0
198
936
0
0
0
0
0
0
3839
1691
0
0
0
0
0
0
3456
2072
0
0
0
0
0
0
3214
2014
0
0
0
0
0
0
3160
1543
0
0
0
0
0
0
3301
769
0
0
0
0
0
0
3601
3954
0
0
0
0
0
0
3995
3099
0
0
0
0
0
0
303
2472
0
0
0
0
0
0
631
2198
0
0
0
0
0
0
819
2325
0
0
0
0
0
0
831
2808
0
0
0
0
0
0
679
3539
0
0
0
0
0
0
385
265
0
0
0
0
0
0
25
1004
0
0
0
0
0
0
3768
1512
0
0
0
0
0
0
3492
1691
0
0
0
0
0
0
3352
1515
0
0
0
0
0
0
3371
1032
0
0
0
0
0
0
3535
352
0
0
0
0
0
0
3813
3716
0
0
0
0
0
0
42
3089
0
0
0
0
0
0
349
2686
0
0
0
0
0
0
574
2587
0
0
0
0
0
0
673
2799
0
0
0
0
0
0
630
3269
0
0
0
0
0
0
462
3889
0
0
0
0
0
0
204
433
0
0
0
0
0
0
4010
959
0
0
0
0
0
0
3750
1268
0
0
0
0
0
0
3568
1303
0
0
0
0
0
0
3506
1069
0
0
0
0
0
0
3563
623
0
0
0
0
0
0
3733
64
0
0
0
0
0
0
3968
3611
0
0
0
0
0
0
124
3183
0
0
0
0
0
0
340
2958
0
0
0
0
0
0
480
2973
0
0
0
0
0
0
515
3215
0
0
0
0
0
0
445
3629
0
0
0
0
0
0
284
23
0
0
0
0
0
0
73
483
0
0
0
0
0
0
3956
827
0
0
0
0
0
0
3776
987
0
0
0
0
0
0
3672
934
0
0
0
0
0
0
3659
690
0
0
0
0
0
0
3737
315
0
0
0
0
0
0
3886
3990
0
0
0
0
0
0
4070
3608
0
0
0
0
0
0
155
3342
0
0
0
0
0
0
297
3241
0
0
0
0
0
0
374
3316
0
0
0
0
0
0
370
3549
0
0
0
0
0
0
288
3883
0
0
0
0
0
0
154
142
0
0
0
0
0
0
4091
450
0
0
0
0
0
0
3941
651
0
0
0
0
0
0
3831
706
0
0
0
0
0
0
3782
614
0
0
0
0
0
0
3796
401
0
0
0
0
0
0
3878
114
0
0
0
0
0
0
3993
3916
0
0
0
0
0
0
33
3674
0
0
0
0
0
0
150
3530
0
0
0
0
0
0
234
3509
0
0
0
0
0
0
263
3608
0
0
0
0
0
0
238
3797
0
0
0
0
0
0
169
4034
0
0
0
0
0
0
66
174
0
0
0
0
0
0
4054
357
0
0
0
0
0
0
3963
456
0
0
0
0
0
0
3902
454
0
0
0
0
0
0
3891
356
0
0
0
0
0
0
3914
197
0
0
0
0
0
0
3979
3
0
0
0
0
0
0
4062
3918
0
0
0
0
0
0
50
3786
0
0
0
0
0
0
119
3722
0
0
0
0
0
0
160
3737
0
0
0
0
0
0
168
3825
0
0
0
0
0
0
137
3958
0
0
0
0
0
0
84
12
0
0
0
0
0
0
17
147
0
0
0
0
0
0
4048
241
0
0
0
0
0
0
3999
276
0
0
0
0
0
0
3974
251
0
0
0
0
0
0
3974
177
0
0
0
0
0
0
4006
70
0
0
0
0
0
0
4048
4056
0
0
0
0
0
0
1
3963
0
0
0
0
0
0
46
3904
0
0
0
0
0
0
76
3888
0
0
0
0
0
0
92
3914
0
0
0
0
0
0
84
3973
0
0
0
0
0
0
65
4049
0
0
0
0
0
0
31
33
0
0
0
0
0
0
4089
96
0
0
0
0
0
0
4059
129
0
0
0
0
0
0
4042
131
0
0
0
0
0
0
4033
109
0
0
0
0
0
0
4042
64
0
0
0
0
0
0
4060
12
0
0
0
0
0
0
4082
4059
0
0
0
0
0
0
10
4023
0
0
0
0
0
0
27
4005
0
0
0
0
0
0
38
4007
0
0
0
0
0
0
39
4026
0
0
0
0
0
0
36
4053
0
0
0
0
0
0
20
4085
0
0
0
0
0
0
7
17
0
0
0
0
0
0
4091
32
0
0
0
0
0
0
4082
39
0
0
0
0
0
0
4076
36
0
0
0
0
0
0
4080
23
0
0
0
0
0
0
4083
10
0
0
0
0
0
0
4090
4089
0
0
0
0
0
0
1
4078
0
0
0
0
0
0
7
4072
0
0
0
0
0
0
8
4072
0
0
0
0
0
0
11
4074
0
0
0
0
0
0
9
4081
0
0
0
0
0
0
4
4086
0
0
0
0
0
0
6
4090
0
0
0
0
0
0
0
4095
0
0
0
0
0
0
0
4095
0
0
0
0
0
0
0
4095
0
0
0
0
0
0
0
4095
0
0
0
0
0
0
0
4095
0
0
0
0
0
0
4093
4092
0
0
0
0
0
0
4
4090
0
0
0
0
0
0
1
4094
0
0
0
0
0
0
0
4095
0
0
0
0
0
0
0
4095
0
0
0
0
0
0
0
4095
0
0
0
0
0
0
0
4095
0
0
0
0
0
0
0
4095
0
0
0
0
0
0
0
4095
0
0
0
0
0
0
0
4095
0
0
0
0
0
0
0
4095
0
0
0
0
0
0
0
4095
0
0
0
0
0
0
0
4095
0
0
0
0
0
0
0
4095
0
0
0
0
0
0
0
4095
0
0
0
0
0
0
0
4095
0
0
0
0
0
0
0
4095
0
0
0
0
0
0
0
4095
0
0
0
0
0
0
0
4095
0
0
0
0
0
0
0
4095
0
0
0
0
0
0
0
4095
0
0
0
0
0
0
0
4095
0
0
0
0
0
0
0
4095
0
0
0
0
0
0
0
4095
0
0
0
0
0
0
0
4095
0
0
0
0
0
0
0
4095
0
0
0
0
0
0
0
4095
0
0
0
0
0
0
0
4095
0
0
0
0
0
0
0
4095
0
0
0
0
0
0
0
4095
0
0
0
0
0
0
0
4095
0
0
0
0
0
0
0
4095
0
0
0
0
0
0
0
4095
0
0
0
0
0
0
0
4095
0
0
0
0
0
0
0
4095
0
0
0
0
0
0
0
4095
0
0
0
0
0
0
0
4095
0
0
0
0
0
0
0
4095
0
0
0
0
0
0
0
4095
0
0
0
0
0
0
0
4095
0
0
0
0
0
0
0
4095
0
0
0
0
0
0
0
4095
0
0
0
0
0
0
0
4095
0
0
0
0
0
0
0
4095
0
0
0
0
0
0
0
4095
0
0
0
0
0
0
0
4095
0
0
0
0
0
0
0
4095
0
0
0
0
0
0
0
4095
0
0
0
0
0
0
0
4095
0
0
0
0
0
0
0
4095
0
0
0
0
0
0
0
4095
0
0
0
0
0
0
0
4095
0
0
0
0
0
0
0
4095
0
0
0
0
0
0
0
4095
0
0
0
0
0
0
0
4095
0
0
0
0
0
0
0
4095
0
0
0
0
0
0
0
4095
0
0
0
0
0
0
0
4095
0
0
0
0
0
0
0
4095
0
0
0
0
0
0
0
4095
0
0
0
0
0
0
0
4095
0
0
0
0
0
0
0
4095
0
0
0
0
0
0
0
4095
0
0
0
0
0
0
0
4095
0
0
0
0
0
0
0
4095
0
0
0
0
0
0
0
4095
0
0
0
0
0
0
0
4095
0
0
0
0
0
0
0
4095
0
0
0
0
0
0
0
4095
0
0
0
0
0
0
0
4095
0
0
0
0
0
0
0
4095
0
0
0
0
0
0
0
4095
0
0
0
0
0
0
0
4095
0
0
0
0
0
0
0
4095
0
0
0
0
0
0
0
4095
0
0
0
0
0
0
0
4095
0
0
0
0
0
0
0
4095
0
0
0
0
0
0
0
4095
0
0
0
0
0
0
0
4095
0
0
0
0
0
0
0
4095
0
0
0
0
0
0
0
4095
0
0
0
0
0
0
0
4095
0
0
0
0
0
0
0
4095
0
0
0
0
0
0
0
4095
0
0
0
0
0
0
0
4095
0
0
0
0
0
0
0
4095
0
0
0
0
0
0
0
4095
0
0
0
0
0
0
0
4095
0
0
0
0
0
0
0
4095
0
0
0
0
0
0
0
4095
0
0
0
0
0
0
0
4095
0
0
0
0
0
0
0
4095
0
0
0
0
0
0
0
4095
0
0
0
0
0
0
0
4095
0
0
0
0
0
0
0
4095
0
0
0
0
0
0
0
4095
0
0
0
0
0
0
0
4095
0
0
0
0
0
0
0
4095
0
0
0
0
0
0
0
4095
0
0
0
0
0
0
0
4095
0
0
0
0
0
0
0
4095
0
0
0
0
0
0
0
4095
0
0
0
0
0
0
0
4095
0
0
0
0
0
0
0
4095
0
0
0
0
0
0
0
4095
0
0
0
0
0
0
0
4095
0
0
0
0
0
0
0
4095
0
0
0
0
0
0
0
4095
0
0
0
0
0
0
0
4095
0
0
0
0
0
0
0
4095
0
0
0
0
0
0
0
4095
0
0
0
0
0
0
0
4095
0
0
0
0
0
0
0
4095
0
0
0
0
0
0
0
4095
0
0
0
0
0
0
0
4095
0
0
0
0
0
0
0
4095
0
0
0
0
0
0
0
4095
0
0
0
0
0
0
0
4095
0
0
0
0
0
0
0
4095
0
0
0
0
0
0
0
4095
0
0
0
0
0
0
0
4095
0
0
0
0
0
0
0
4095
0
0
0
0
0
0
0
4095
0
0
0
0
0
0
0
4095
0
0
0
0
0
0
0
4095
0
0
0
0
0
0
0
4095
0
0
0
0
0
0
0
4095
0
0
0
0
0
0
0
4095
0
0
0
0
0
0
0
4095
0
0
0
0
0
0
0
4095
0
0
0
0
0
0
0
4095
0
0
0
0
0
0
0
4095
0
0
0
0
0
0
0
4095
0
0
0
0
0
0
0
4095
0
0
0
0
0
0
0
4095
0
0
0
0
0
0
0
4095
0
0
0
0
0
0
0
4095
0
0
0
0
0
0
0
4095
0
0
0
0
0
0
0
4095
0
0
0
0
0
0
0
4095
0
0
0
0
0
0
0
4095
0
0
0
0
0
0
0
4095
0
0
0
0
0
0
0
4095
0
0
0
0
0
0
0
4095
0
0
0
0
0
0
0
4095
0
0
0
0
0
0
0
4095
0
0
0
0
0
0
0
4095
0
0
0
0
0
0
0
4095
0
0
0
0
0
0
0
4095
0
0
0
0
0
0
0
4095
0
0
0
0
0
0
0
4095
0
0
0
0
0
0
0
4095
0
0
0
0
0
0
0
4095
0
0
0
0
0
0
0
4095
0
0
0
0
0
0
0
4095
0
0
0
0
0
0
0
4095
0
0
0
0
0
0
0
4095
0
0
0
0
0
0
0
4095
0
0
0
0
0
0
0
4095
0
0
0
0
0
0
0
4095
0
0
0
0
0
0
0
4095
0
0
0
0
0
0
0
4095
0
0
0
0
0
0
0
4095
0
0
0
0
0
0
0
4095
0
0
0
0
0
0
0
4095
0
0
0
0
0
0
0
4095
0
0
0
0
0
0
0
4095
0
0
0
0
0
0
0
4095
0
0
0
0
0
0
0
4095
0
0
0
0
0
0
0
4095
0
0
0
0
0
0
0
4095
0
0
0
0
0
0
0
4095
0
0
0
0
0
0
0
4095
0
0
0
0
0
0
0
4095
0
0
0
0
0
0
0
4095
0
0
0
0
0
0
0
4095
0
0
0
0
0
0
0
4095
0
0
0
0
0
0
0
4095
0
0
0
0
0
0
0
4095
0
0
0
0
0
0
0
4095
0
0
0
0
0
0
0
4095
0
0
0
0
0
0
0
4095
0
0
0
0
0
0
0
4095
0
0
0
0
0
0
0
4095
0
0
0
0
0
0
0
4095
0
0
0
0
0
0
0
4095
0
0
0
0
0
0
0
4095
0
0
0
0
0
0
0
4095
0
0
0
0
0
0
0
4095
0
0
0
0
0
0
0
4095
0
0
0
0
0
0
0
4095
0
0
0
0
0
0
0
4095
0
0
0
0
0
0
0
4095
0
0
0
0
0
0
0
4095
0
0
0
0
0
0
0
4095
0
0
0
0
0
0
0
4095
0
0
0
0
0
0
0
4095
0
0
0
0
0
0
0
4095
0
0
0
0
0
0
0
4095
0
0
0
0
0
0
0
4095
0
0
0
0
0
0
0
4095
0
0
0
0
0
0
0
4095
0
0
0
0
0
0
0
4095
0
0
0
0
0
0
0
4095
0
0
0
0
0
0
0
4095
0
0
0
0
0
0
0
4095
0
0
0
0
0
0
0
4095
0
0
0
0
0
0
0
4095
0
0
0
0
0
0
0
4095
0
0
0
0
0
0
0
4095
0
0
0
0
0
0
0
4095
0
0
0
0
0
0
0
4095
0
0
0
0
0
0
0
4095
0
0
0
0
0
0
0
4095
0
0
0
0
0
0
0
4095
0
0
0
0
0
0
0
4095
0
0
0
0
0
0
0
4095
0
0
0
0
0
0
0
4095
0
0
0
0
0
0
0
4095
0
0
0
0
0
0
0
4095
0
0
0
0
0
0
0
4095
0
0
0
0
0
0
0
4095
0
0
0
0
0
0
0
4095
0
0
0
0
0
0
0
4095
0
0
0
0
0
0
0
4095
0
0
0
0
0
0
0
4095
0
0
0
0
0
0
0
4095
0
0
0
0
0
0
0
4095
0
0
0
0
0
0
0
4095
0
0
0
0
0
0
0
4095
0
0
0
0
0
0
0
4095
0
0
0
0
0
0
0
4095
0
0
0
0
0
0
0
4095
0
0
0
0
0
0
0
4095
0
0
0
0
0
0
0
4095
0
0
0
0
0
0
0
4095
0
0
0
0
0
0
0
4095
0
0
0
0
0
0
0
4095
0
0
0
0
0
0
0
4095
0
0
0
0
0
0
0
4095
0
0
0
0
0
0
0
4095
0
0
0
0
0
0
0
4095
0
0
0
0
0
0
0
4095
0
0
0
0
0
0
0
4095
0
0
0
0
0
0
0
4095
0
0
0
0
0
0
0
4095
0
0
0
0
0
0
0
4095
0
0
0
0
0
0
0
4095
0
0
0
0
0
0
0
4095
0
0
0
0
0
0
0
4095
0
0
0
0
0
0
0
4095
0
0
0
0
0
0
0
4095
0
0
0
0
0
0
0
4095
0
0
0
0
0
0
0
4095
0
0
0
0
0
0
0
4095
0
0
0
0
0
0
0
4095
0
0
0
0
0
0
0
4095
0
0
0
0
0
0
0
4095
0
0
0
0
0
0
0
4095
0
0
0
0
0
0
0
4095
0
0
0
0
0
0
0
4095
0
0
0
0
0
0
0
4095
0
0
0
0
0
0
0
4095
0
0
0
0
0
0
0
4095
0
0
0
0
0
0
0
4095
0
0
0
0
0
0
0
4095
0
0
0
0
0
0
0
4095
0
0
0
0
0
0
0
4095
0
0
0
0
0
0
0
4095
0
0
0
0
0
0
0
4095
0
0
0
0
0
0
0
4095
0
0
0
0
0
0
0
4095
0
0
0
0
0
0
0
4095
0
0
0
0
0
0
0
4095
0
0
0
0
0
0
0
4095
0
0
0
0
0
0
0
4095
0
0
0
0
0
0
0
4095
0
0
0
0
0
0
0
4095
0
0
0
0
0
0
0
4095
0
0
0
0
0
0
0
4095
0
0
0
0
0
0
0
4095
0
0
0
0
0
0
0
4095
0
0
0
0
0
0
0
4095
0
0
0
0
0
0
0
4095
0
0
0
0
0
0
0
4095
0
0
0
0
0
0
0
4095
0
0
0
0
0
0
0
4095
0
0
0
0
0
0
0
4095
0
0
0
0
0
0
0
4095
0
0
0
0
0
0
0
4095
0
0
0
0
0
0
0
4095
0
0
0
0
0
0
0
4095
0
0
0
0
0
0
0
4095
0
0
0
0
0
0
0
4095
0
0
0
0
0
0
0
4095
0
0
0
0
0
0
0
4095
0
0
0
0
0
0
0
4095
0
0
0
0
0
0
0
4095
0
0
0
0
0
0
0
4095
0
0
0
0
0
0
0
4095
0
0
0
0
0
0
0
4095
0
0
0
0
0
0
0
4095
0
0
0
0
0
0
0
4095
0
0
0
0
0
0
0
4095
0
0
0
0
0
0
0
4095
0
0
0
0
0
0
0
4095
0
0
0
0
0
0
0
4095
0
0
0
0
0
0
0
4095
0
0
0
0
0
0
0
4095
0
0
0
0
0
0
0
4095
0
0
0
0
0
0
0
4095
0
0
0
0
0
0
0
4095
0
0
0
0
0
0
0
4095
0
0
0
0
0
0
0
4095
0
0
0
0
0
0
0
4095
0
0
0
0
0
0
0
4095
0
0
0
0
0
0
0
4095
0
0
0
0
0
0
0
4095
0
0
0
0
0
0
0
4095
0
0
0
0
0
0
0
4095
0
0
0
0
0
0
0
4095
0
0
0
0
0
0
0
4095
0
0
0
0
0
0
0
4095
0
0
0
0
0
0
0
4095
0
0
0
0
0
0
0
4095
0
0
0
0
0
0
0
4095
0
0
0
0
0
0
0
4095
0
0
0
0
0
0
0
4095
0
0
0
0
0
0
0
4095
0
0
0
0
0
0
0
4095
0
0
0
0
0
0
0
4095
0
0
0
0
0
0
0
4095
0
0
0
0
0
0
0
4095
0
0
0
0
0
0
0
4095
0
0
0
0
0
0
0
4095
0
0
0
0
0
0
0
4095
0
0
0
0
0
0
0
4095
0
0
0
0
0
0
0
4095
0
0
0
0
0
0
0
4095
0
0
0
0
0
0
0
4095
0
0
0
0
0
0
0
4095
0
0
0
0
0
0
0
4095
0
0
0
0
0
0
0
4095
0
0
0
0
0
0
0
4095
0
0
0
0
0
0
0
4095
0
0
0
0
0
0
0
4095
0
0
0
0
0
0
0
4095
0
0
0
0
0
0
0
4095
0
0
0
0
0
0
0
4095
0
0
0
0
0
0
0
4095
0
0
0
0
0
0
0
4095
0
0
0
0
0
0
0
4095
0
0
0
0
0
0
0
4095
0
0
0
0
0
0
0
4095
0
0
0
0
0
0
0
4095
0
0
0
0
0
0
0
4095
0
0
0
0
0
0
0
4095
0
0
0
0
0
0
0
4095
0
0
0
0
0
0
0
4095
0
0
0
0
0
0
0
4095
0
0
0
0
0
0
0
4095
0
0
0
0
0
0
0
4095
0
0
0
0
0
0
0
4095
0
0
0
0
0
0
0
4095
0
0
0
0
0
0
0
4095
0
0
0
0
0
0
0
4095
0
0
0
0
0
0
0
4095
0
0
0
0
0
0
0
4095
0
0
0
0
0
0
0
4095
0
0
0
0
0
0
0
4095
0
0
0
0
0
0
0
4095
0
0
0
0
0
0
0
4095
0
0
0
0
0
0
0
4095
0
0
0
0
0
0
0
4095
0
0
0
0
0
0
0
4095
0
0
0
0
0
0
0
4095
0
0
0
0
0
0
0
4095
0
0
0
0
0
0
0
4095
0
0
0
0
0
0
0
4095
0
0
0
0
0
0
0
4095
0
0
0
0
0
0
0
4095
0
0
0
0
0
0
0
4095
0
0
0
0
0
0
0
4095
0
0
0
0
0
0
0
4095
0
0
0
0
0
0
0
4095
0
0
0
0
0
0
0
4095
0
0
0
0
0
0
0
4095
0
0
0
0
0
0
0
4095
0
0
0
0
0
0
0
4095
0
0
0
0
0
0
0
4095
0
0
0
0
0
0
0
4095
0
0
0
0
0
0
0
4095
0
0
0
0
0
0
0
4095
0
0
0
0
0
0
0
4095
0
0
0
0
0
0
0
4095
0
0
0
0
0
0
0
4095
0
0
0
0
0
0
0
4095
0
0
0
0
0
0
0
4095
0
0
0
0
0
0
0
4095
0
0
0
0
0
0
0
4095
0
0
0
0
0
0
0
4095
0
0
0
0
0
0
0
4095
0
0
0
0
0
0
0
4095
0
0
0
0
0
0
0
4095
0
0
0
0
0
0
0
4095
0
0
0
0
0
0
0
4095
0
0
0
0
0
0
0
4095
0
0
0
0
0
0
0
4095
0
0
0
0
0
0
0
4095
0
0
0
0
0
0
0
4095
0
0
0
0
0
0
0
4095
0
0
0
0
0
0
0
4095
0
0
0
0
0
0
0
4095
0
0
0
0
0
0
0
4095
0
0
0
0
0
0
0
4095
0
0
0
0
0
0
0
4095
0
0
0
0
0
0
0
4095
0
0
0
0
0
0
0
4095
0
0
0
0
0
0
0
4095
0
0
0
0
0
0
0
4095
0
0
0
0
0
0
0
4095
0
0
0
0
0
0
0
4095
0
0
0
0
0
0
0
4095
0
0
0
0
0
0
0
4095
0
0
0
0
0
0
0
4095
0
0
0
0
0
0
0
4095
0
0
0
0
0
0
0
4095
0
0
0
0
0
0
0
4095
0
0
0
0
0
0
0
4095
0
0
0
0
0
0
0
4095
0
0
0
0
0
0
0
4095
0
0
0
0
0
0
0
4095
0
0
0
0
0
0
0
4095
0
0
0
0
0
0
0
4095
0
0
0
0
0
0
0
4095
0
0
0
0
0
0
0
4095
0
0
0
0
0
0
0
4095
0
0
0
0
0
0
0
4095
0
0
0
0
0
0
0
4095
0
0
0
0
0
0
0
4095
0
0
0
0
0
0
0
4095
0
0
0
0
0
0
0
4095
0
0
0
0
0
0
0
4095
0
0
0
0
0
0
0
4095
0
0
0
0
0
0
0
4095
0
0
0
0
0
0
0
4095
0
0
0
0
0
0
0
4095
0
0
0
0
0
0
0
4095
0
0
0
0
0
0
0
4095
0
0
0
0
0
0
0
4095
0
0
0
0
0
0
0
4095
0
0
0
0
0
0
0
4095
0
0
0
0
0
0
0
4095
0
0
0
0
0
0
0
4095
0
0
0
0
0
0
0
4095
0
0
0
0
0
0
0
4095
0
0
0
0
0
0
0
4095
0
0
0
0
0
0
0
4095
0
0
0
0
0
0
0
4095
0
0
0
0
0
0
0
4095
0
0
0
0
0
0
0
4095
0
0
0
0
0
0
0
4095
0
0
0
0
0
0
0
4095
0
0
0
0
0
0
0
4095
0
0
0
0
0
0
0
4095
0
0
0
0
0
0
0
4095
0
0
0
0
0
0
0
4095
0
0
0
0
0
0
0
4095
0
0
0
0
0
0
0
4095
0
0
0
0
0
0
0
4095
0
0
0
0
0
0
0
4095
0
0
0
0
0
0
0
4095
0
0
0
0
0
0
0
4095
0
0
0
0
0
0
0
4095
0
0
0
0
0
0
0
4095
0
0
0
0
0
0
0
4095
0
0
0
0
0
0
0
4095
0
0
0
0
0
0
0
4095
0
0
0
0
0
0
0
4095
0
0
0
0
0
0
0
4095
0
0
0
0
0
0
0
4095
0
0
0
0
0
0
0
4095
0
0
0
0
0
0
0
4095
0
0
0
0
0
0
0
4095
0
0
0
0
0
0
0
4095
0
0
0
0
0
0
0
4095
0
0
0
0
0
0
0
4095
0
0
0
0
0
0
0
4095
0
0
0
0
0
0
0
4095
0
0
0
0
0
0
0
4095
0
0
0
0
0
0
0
4095
0
0
0
0
0
0
0
4095
0
0
0
0
0
0
0
4095
0
0
0
0
0
0
0
4095
0
0
0
0
0
0
0
4095
0
0
0
0
0
0
0
4095
0
0
0
0
0
0
0
4095
0
0
0
0
0
0
0
4095
0
0
0
0
0
0
0
4095
0
0
0
0
0
0
0
4095
0
0
0
0
0
0
0
4095
0
0
0
0
0
0
0
4095
0
0
0
0
0
0
0
4095
0
0
0
0
0
0
0
4095
0
0
0
0
0
0
0
4095
0
0
0
0
0
0
0
4095
0
0
0
0
0
0
0
4095
0
0
0
0
0
0
0
4095
0
0
0
0
0
0
0
4095
0
0
0
0
0
0
0
4095
0
0
0
0
0
0
0
4095
0
0
0
0
0
0
0
4095
0
0
0
0
0
0
0
4095
0
0
0
0
0
0
0
4095
0
0
0
0
0
0
0
4095
0
0
0
0
0
0
0
4095
0
0
0
0
0
0
0
4095
0
0
0
0
0
0
0
4095
0
0
0
0
0
0
0
4095
0
0
0
0
0
0
0
4095
0
0
0
0
0
0
0
4095
0
0
0
0
0
0
0
4095
0
0
0
0
0
0
0
4095
0
0
0
0
0
0
0
4095
0
0
0
0
0
0
0
4095
0
0
0
0
0
0
0
4095
0
0
0
0
0
0
0
4095
0
0
0
0
0
0
0
4095
0
0
0
0
0
0
0
4095
0
0
0
0
0
0
0
4095
0
0
0
0
0
0
0
4095
0
0
0
0
0
0
0
4095
0
0
0
0
0
0
0
4095
0
0
0
0
0
0
0
4095
0
0
0
0
0
0
0
4095
0
0
0
0
0
0
0
4095
0
0
0
0
0
0
0
4095
0
0
0
0
0
0
0
4095
0
0
0
0
0
0
0
4095
0
0
0
0
0
0
0
4095
0
0
0
0
0
0
0
4095
0
0
0
0
0
0
0
4095
0
0
0
0
0
0
0
4095
0
0
0
0
0
0
0
4095
0
0
0
0
0
0
0
4095
0
0
0
0
0
0
0
4095
0
0
0
0
0
0
0
4095
0
0
0
0
0
0
0
4095
0
0
0
0
0
0
0
4095
0
0
0
0
0
0
0
4095
0
0
0
0
0
0
0
4095
0
0
0
0
0
0
0
4095
0
0
0
0
0
0
0
4095
0
0
0
0
0
0
0
4095
0
0
0
0
0
0
0
4095
0
0
0
0
0
0
0
4095
0
0
0
0
0
0
0
4095
0
0
0
0
0
0
0
4095
0
0
0
0
0
0
0
4095
0
0
0
0
0
0
0
4095
0
0
0
0
0
0
0
4095
0
0
0
0
0
0
0
4095
0
0
0
0
0
0
0
4095
0
0
0
0
0
0
0
4095
0
0
0
0
0
0
0
4095
0
0
0
0
0
0
0
4095
0
0
0
0
0
0
0
4095
0
0
0
0
0
0
0
4095
0
0
0
0
0
0
0
4095
0
0
0
0
0
0
0
4095
0
0
0
0
0
0
0
4095
0
0
0
0
0
0
0
4095
0
0
0
0
0
0
0
4095
0
0
0
0
0
0
0
4095
0
0
0
0
0
0
0
4095
0
0
0
0
0
0
0
4095
0
0
0
0
0
0
0
4095
0
0
0
0
0
0
0
4095
0
0
0
0
0
0
0
4095
0
0
0
0
0
0
0
4095
0
0
0
0
0
0
0
4095
0
0
0
0
0
0
0
4095
0
0
0
0
0
0
0
4095
0
0
0
0
0
0
0
4095
0
0
0
0
0
0
0
4095
0
0
0
0
0
0
0
4095
0
0
0
0
0
0
0
4095
0
0
0
0
0
0
0
4095
0
0
0
0
0
0
0
4095
0
0
0
0
0
0
0
4095
0
0
0
0
0
0
0
4095
0
0
0
0
0
0
0
4095
0
0
0
0
0
0
0
4095
0
0
0
0
0
0
0
4095
0
0
0
0
0
0
0
4095
0
0
0
0
0
0
0
4095
0
0
0
0
0
0
0
4095
0
0
0
0
0
0
0
4095
0
0
0
0
0
0
0
4095
0
0
0
0
0
0
0
4095
0
0
0
0
0
0
0
4095
0
0
0
0
0
0
0
4095
0
0
0
0
0
0
0
4095
0
0
0
0
0
0
0
4095
0
0
0
0
0
0
0
4095
0
0
0
0
0
0
0
4095
0
0
0
0
0
0
0
4095
0
0
0
0
0
0
0
4095
0
0
0
0
0
0
0
4095
0
0
0
0
0
0
0
4095
0
0
0
0
0
0
0
4095
0
0
0
0
0
0
0
4095
0
0
0
0
0
0
0
4095
0
0
0
0
0
0
0
4095
0
0
0
0
0
0
0
4095
0
0
0
0
0
0
0
4095
0
0
0
0
0
0
0
4095
0
0
0
0
0
0
0
4095
0
0
0
0
0
0
0
4095
0
0
0
0
0
0
0
4095
0
0
0
0
0
0
0
4095
0
0
0
0
0
0
0
4095
0
0
0
0
0
0
0
4095
0
0
0
0
0
0
0
4095
0
0
0
0
0
0
0
4095
0
0
0
0
0
0
0
4095
0
0
0
0
0
0
0
4095
0
0
0
0
0
0
0
4095
0
0
0
0
0
0
0
4095
0
0
0
0
0
0
0
4095
0
0
0
0
0
0
0
4095
0
0
0
0
0
0
0
4095
0
0
0
0
0
0
0
4095
0
0
0
0
0
0
0
4095
0
0
0
0
0
0
0
4095
0
0
0
0
0
0
0
4095
0
0
0
0
0
0
0
4095
0
0
0
0
0
0
0
4095
0
0
0
0
0
0
0
4095
0
0
0
0
0
0
0
4095
0
0
0
0
0
0
0
4095
0
0
0
0
0
0
0
4095
0
0
0
0
0
0
0
4095
0
0
0
0
0
0
0
4095
0
0
0
0
0
0
0
4095
0
0
0
0
0
0
0
4095
0
0
0
0
0
0
0
4095
0
0
0
0
0
0
0
4095
0
0
0
0
0
0
0
4095
0
0
0
0
0
0
0
4095
0
0
0
0
0
0
0
4095
0
0
0
0
0
0
0
4095
0
0
0
0
0
0
0
4095
0
0
0
0
0
0
0
4095
0
0
0
0
0
0
0
4095
0
0
0
0
0
0
0
4095
0
0
0
0
0
0
0
4095
0
0
0
0
0
0
0
4095
0
0
0
0
0
0
0
4095
0
0
0
0
0
0
0
4095
0
0
0
0
0
0
0
4095
0
0
0
0
0
0
0
4095
0
0
0
0
0
0
0
4095
0
0
0
0
0
0
0
4095
0
0
0
0
0
0
0
4095
0
0
0
0
0
0
0
4095
0
0
0
0
0
0
0
4095
0
0
0
0
0
0
0
4095
0
0
0
0
0
0
0
4095
0
0
0
0
0
0
0
4095
0
0
0
0
0
0
0
4095
0
0
0
0
0
0
0
4095
0
0
0
0
0
0
0
4095
0
0
0
0
0
0
0
4095
0
0
0
0
0
0
0
4095
0
0
0
0
0
0
0
4095
0
0
0
0
0
0
0
4095
0
0
0
0
0
0
0
4095
0
0
0
0
0
0
0
4095
0
0
0
0
0
0
0
4095
0
0
0
0
0
0
0
4095
0
0
0
0
0
0
0
4095
0
0
0
0
0
0
0
4095
0
0
0
0
0
0
0
4095
0
0
0
0
0
0
0
4095
0
0
0
0
0
0
0
4095
0
0
0
0
0
0
0
4095
0
0
0
0
0
0
0
4095
0
0
0
0
0
0
0
4095
0
0
0
0
0
0
0
4095
0
0
0
0
0
0
0
4095
0
0
0
0
0
0
0
4095
0
0
0
0
0
0
0
4095
0
0
0
0
0
0
0
4095
0
0
0
0
0
0
0
4095
0
0
0
0
0
0
0
4095
0
0
0
0
0
0
0
4095
0
0
0
0
0
0
0
4095
0
0
0
0
0
0
0
4095
0
0
0
0
0
0
0
4095
0
0
0
0
0
0
0
4095
0
0
0
0
0
0
0
4095
0
0
0
0
0
0
0
4095
0
0
0
0
0
0
0
4095
0
0
0
0
0
0
0
4095
0
0
0
0
0
0
0
4095
0
0
0
0
0
0
0
4095
0
0
0
0
0
0
0
4095
0
0
0
0
0
0
0
4095
0
0
0
0
0
0
0
4095
0
0
0
0
0
0
0
4095
0
0
0
0
0
0
0
4095
0
0
0
0
0
0
0
4095
0
0
0
0
0
0
0
4095
0
0
0
0
0
0
0
4095
0
0
0
0
0
0
0
4095
0
0
0
0
0
0
0
4095
0
0
0
0
0
0
0
4095
0
0
0
0
0
0
0
4095
0
0
0
0
0
0
0
4095
0
0
0
0
0
0
0
4095
0
0
0
0
0
0
0
4095
0
0
0
0
0
0
0
4095
0
0
0
0
0
0
0
4095
0
0
0
0
0
0
0
4095
0
0
0
0
0
0
0
4095
0
0
0
0
0
0
0
4095
0
0
0
0
0
0
0
4095
0
0
0
0
0
0
0
4095
0
0
0
0
0
0
0
4095
0
0
0
0
0
0
0
4095
0
0
0
0
0
0
0
4095
0
0
0
0
0
0
0
4095
0
0
0
0
0
0
0
4095
0
0
0
0
0
0
0
4095
0
0
0
0
0
0
0
4095
0
0
0
0
0
0
0
4095
0
0
0
0
0
0
0
4095
0
0
0
0
0
0
0
4095
0
0
0
0
0
0
0
4095
0
0
0
0
0
0
0
4095
0
0
0
0
0
0
0
4095
0
0
0
0
0
0
0
4095
0
0
0
0
0
0
0
4095
0
0
0
0
0
0
0
4095
0
0
0
0
0
0
0
4095
0
0
0
0
0
0
0
4095
0
0
0
0
0
0
0
4095
0
0
0
0
0
0
0
4095
0
0
0
0
0
0
0
4095
0
0
0
0
0
0
0
4095
0
0
0
0
0
0
0
4095
0
0
0
0
0
0
0
4095
0
0
0
0
0
0
0
4095
0
0
0
0
0
0
0
4095
0
0
0
0
0
0
0
4095
0
0
0
0
0
0
0
4095
0
0
0
0
0
0
0
4095
0
0
0
0
0
0
0
4095
0
0
0
0
0
0
0
4095
0
0
0
0
0
0
0
4095
0
0
0
0
0
0
0
4095
0
0
0
0
0
0
0
4095
0
0
0
0
0
0
0
4095
0
0
0
0
0
0
0
4095
0
0
0
0
0
0
0
4095
0
0
0
0
0
0
0
4095
0
0
0
0
0
0
0
4095
0
0
0
0
0
0
0
4095
0
0
0
0
0
0
0
4095
0
0
0
0
0
0
0
4095
0
0
0
0
0
0
0
4095
0
0
0
0
0
0
0
4095
0
0
0
0
0
0
0
4095
0
0
0
0
0
0
0
4095
0
0
0
0
0
0
0
4095
0
0
0
0
0
0
0
4095
0
0
0
0
0
0
0
4095
0
0
0
0
0
0
0
4095
0
0
0
0
0
0
0
4095
0
0
0
0
0
0
0
4095
0
0
0
0
0
0
0
4095
0
0
0
0
0
0
0
4095
0
0
0
0
0
0
0
4095
0
0
0
0
0
0
0
4095
0
0
0
0
0
0
0
4095
0
0
0
0
0
0
0
4095
0
0
0
0
0
0
0
4095
0
0
0
0
0
0
0
4095
0
0
0
0
0
0
0
4095
0
0
0
0
0
0
0
4095
0
0
0
0
0
0
0
4095
0
0
0
0
0
0
0
4095
0
0
0
0
0
0
0
4095
0
0
0
0
0
0
0
4095
0
0
0
0
0
0
0
4095
0
0
0
0
0
0
0
4095
0
0
0
0
0
0
0
4095
0
0
0
0
0
0
0
4095
0
0
0
0
0
0
0
4095
0
0
0
0
0
0
0
4095
0
0
0
0
0
0
0
4095
0
0
0
0
0
0
0
4095
0
0
0
0
0
0
0
4095
0
0
0
0
0
0
0
4095
0
0
0
0
0
0
0
4095
0
0
0
0
0
0
0
4095
0
0
0
0
0
0
0
4095
0
0
0
0
0
0
0
4095
0
0
0
0
0
0
0
4095
0
0
0
0
0
0
0
4095
0
0
0
0
0
0
0
4095
0
0
0
0
0
0
0
4095
0
0
0
0
0
0
0
4095
0
0
0
0
0
0
0
4095
0
0
0
0
0
0
0
4095
0
0
0
0
0
0
0
4095
0
0
0
0
0
0
0
4095
0
0
0
0
0
0
0
4095
0
0
0
0
0
0
0
4095
0
0
0
0
0
0
0
4095
0
0
0
0
0
0
0
4095
0
0
0
0
0
0
0
4095
0
0
0
0
0
0
0
4095
0
0
0
0
0
0
0
4095
0
0
0
0
0
0
0
4095
0
0
0
0
0
0
0
4095
0
0
0
0
0
0
0
4095
0
0
0
0
0
0
0
4095
0
0
0
0
0
0
0
4095
0
0
0
0
0
0
0
4095
0
0
0
0
0
0
0
4095
0
0
0
0
0
0
0
4095
0
0
0
0
0
0
0
4095
0
0
0
0
0
0
0
4095
0
0
0
0
0
0
0
4095
0
0
0
0
0
0
0
4095
0
0
0
0
0
0
0
4095
0
0
0
0
0
0
0
4095
0
0
0
0
0
0
0
4095
0
0
0
0
0
0
0
4095
0
0
0
0
0
0
0
4095
0
0
0
0
0
0
0
4095
0
0
0
0
0
0
0
4095
0
0
0
0
0
0
0
4095
0
0
0
0
0
0
0
4095
0
0
0
0
0
0
0
4095
0
0
0
0
0
0
0
4095
0
0
0
0
0
0
0
4095
0
0
0
0
0
0
0
4095
0
0
0
0
0
0
0
4095
0
0
0
0
0
0
0
4095
0
0
0
0
0
0
0
4095
0
0
0
0
0
0
0
4095
0
0
0
0
0
0
0
4095
0
0
0
0
0
0
0
4095
0
0
0
0
0
0
0
4095
0
0
0
0
0
0
0
4095
0
0
0
0
0
0
0
4095
0
0
0
0
0
0
0
4095
0
0
0
0
0
0
0
4095
0
0
0
0
0
0
0
4095
0
0
0
0
0
0
0
4095
0
0
0
0
0
0
0
4095
0
0
0
0
0
0
0
4095
0
0
0
0
0
0
0
4095
0
0
0
0
0
0
0
4095
0
0
0
0
0
0
0
4095
0
0
0
0
0
0
0
4095
0
0
0
0
0
0
0
4095
0
0
0
0
0
0
0
4095
0
0
0
0
0
0
0
4095
0
0
0
0
0
0
0
4095
0
0
0
0
0
0
0
4095
0
0
0
0
0
0
0
4095
0
0
0
0
0
0
0
4095
0
0
0
0
0
0
0
4095
0
0
0
0
0
0
0
4095
0
0
0
0
0
0
0
4095
0
0
0
0
0
0
0
4095
0
0
0
0
0
0
0
4095
0
0
0
0
0
0
0
4095
0
0
0
0
0
0
0
4095
0
0
0
0
0
0
0
4095
0
0
0
0
0
0
0
4095
0
0
0
0
0
0
0
4095
0
0
0
0
0
0
0
4095
0
0
0
0
0
0
0
4095
0
0
0
0
0
0
0
4095
0
0
0
0
0
0
0
4095
0
0
0
0
0
0
0
4095
0
0
0
0
0
0
0
4095
0
0
0
0
0
0
0
4095
0
0
0
0
0
0
0
4095
0
0
0
0
0
0
0
4095
0
0
0
0
0
0
0
4095
0
0
0
0
0
0
0
4095
0
0
0
0
0
0
0
4095
0
0
0
0
0
0
0
4095
0
0
0
0
0
0
0
4095
0
0
0
0
0
0
0
4095
0
0
0
0
0
0
0
4095
0
0
0
0
0
0
0
4095
0
0
0
0
0
0
0
4095
0
0
0
0
0
0
0
4095
0
0
0
0
0
0
0
4095
0
0
0
0
0
0
0
4095
0
0
0
0
0
0
0
4095
0
0
0
0
0
0
0
4095
0
0
0
0
0
0
0
4095
0
0
0
0
0
0
0
4095
0
0
0
0
0
0
0
4095
0
0
0
0
0
0
0
4095
0
0
0
0
0
0
0
4095
0
0
0
0
0
0
0
4095
0
0
0
0
0
0
0
4095
0
0
0
0
0
0
0
4095
0
0
0
0
0
0
0
4095
0
0
0
0
0
0
0
4095
0
0
0
0
0
0
0
4095
0
0
0
0
0
0
0
4095
0
0
0
0
0
0
0
4095
0
0
0
0
0
0
0
4095
0
0
0
0
0
0
0
4095
0
0
0
0
0
0
0
4095
0
0
0
0
0
0
0
4095
0
0
0
0
0
0
0
4095
0
0
0
0
0
0
0
4095
0
0
0
0
0
0
0
4095
0
0
0
0
0
0
0
4095
0
0
0
0
0
0
0
4095
0
0
0
0
0
0
0
4095
0
0
0
0
0
0
0
4095
0
0
0
0
0
0
0
4095
0
0
0
0
0
0
0
4095
0
0
0
0
0
0
0
4095
0
0
0
0
0
0
0
4095
0
0
0
0
0
0
0
4095
0
0
0
0
0
0
0
4095
0
0
0
0
0
0
0
4095
0
0
0
0
0
0
0
4095
0
0
0
0
0
0
0
4095
0
0
0
0
0
0
0
4095
0
0
0
0
0
0
0
4095
0
0
0
0
0
0
0
4095
0
0
0
0
0
0
0
4095
0
0
0
0
0
0
0
4095
0
0
0
0
0
0
0
4095
0
0
0
0
0
0
0
4095
0
0
0
0
0
0
0
4095
0
0
0
0
0
0
0
4095
0
0
0
0
0
0
0
4095
0
0
0
0
0
0
0
4095
0
0
0
0
0
0
0
4095
0
0
0
0
0
0
0
4095
0
0
0
0
0
0
0
4095
0
0
0
0
0
0
0
4095
0
0
0
0
0
0
0
4095
0
0
0
0
0
0
0
4095
0
0
0
0
0
0
0
4095
0
0
0
0
0
0
0
4095
0
0
0
0
0
0
0
4095
0
0
0
0
0
0
0
4095
0
0
0
0
0
0
0
4095
0
0
0
0
0
0
0
4095
0
0
0
0
0
0
0
4095
0
0
0
0
0
0
0
4095
0
0
0
0
0
0
0
4095
0
0
0
0
0
0
0
4095
0
0
0
0
0
0
0
4095
0
0
0
0
0
0
0
4095
0
0
0
0
0
0
0
4095
0
0
0
0
0
0
0
4095
0
0
0
0
0
0
0
4095
0
0
0
0
0
0
0
4095
0
0
0
0
0
0
0
4095
0
0
0
0
0
0
0
4095
0
0
0
0
0
0
0
4095
0
0
0
0
0
0
0
4095
0
0
0
0
0
0
0
4095
0
0
0
0
0
0
0
4095
0
0
0
0
0
0
0
4095
0
0
0
0
0
0
0
4095
0
0
0
0
0
0
