0
0
0
0
0
0
0
0
0
0
0
0
0
0
0
0
0
0
0
0
0
0
0
0
0
0
0
0
0
0
0
0
0
0
0
0
0
0
0
0
0
0
0
0
0
0
0
0
0
0
0
0
0
0
0
0
0
0
0
0
0
0
0
0
0
0
0
0
0
0
0
0
0
0
0
0
0
0
0
0
0
0
0
0
0
0
0
0
0
0
0
0
0
0
0
0
0
0
0
0
0
0
0
0
0
0
0
0
0
0
0
0
0
0
0
0
0
0
0
0
0
0
0
0
0
0
0
0
0
0
0
0
0
0
0
0
0
0
0
0
0
0
0
0
0
0
0
0
0
0
0
0
0
0
0
0
0
0
0
0
0
0
0
0
0
0
0
0
0
0
0
0
0
0
0
0
0
0
0
0
0
0
0
0
4095
4095
0
0
0
0
0
0
4092
4092
0
0
0
0
0
0
4092
4093
0
0
0
0
0
0
4095
4095
0
0
0
0
0
0
4095
4093
0
0
0
0
0
0
4092
4092
0
0
0
0
0
0
4094
4095
0
0
0
0
0
0
4094
4095
0
0
0
0
0
0
4094
4092
0
0
0
0
0
0
4092
4092
0
0
0
0
0
0
4093
4095
0
0
0
0
0
0
4094
4095
0
0
0
0
0
0
4090
4089
0
0
0
0
0
0
4089
4089
0
0
0
0
0
0
0
2
0
0
0
0
0
0
2
1
0
0
0
0
0
0
4087
4087
0
0
0
0
0
0
4086
4088
0
0
0
0
0
0
3
5
0
0
0
0
0
0
5
2
0
0
0
0
0
0
4083
4082
0
0
0
0
0
0
4084
4088
0
0
0
0
0
0
8
10
0
0
0
0
0
0
5
2
0
0
0
0
0
0
4078
4077
0
0
0
0
0
0
4085
4090
0
0
0
0
0
0
16
17
0
0
0
0
0
0
3
4093
0
0
0
0
0
0
4069
4070
0
0
0
0
0
0
4090
1
0
0
0
0
0
0
23
22
0
0
0
0
0
0
4093
4087
0
0
0
0
0
0
4061
4065
0
0
0
0
0
0
4095
8
0
0
0
0
0
0
28
26
0
0
0
0
0
0
4084
4076
0
0
0
0
0
0
4057
4062
0
0
0
0
0
0
11
18
0
0
0
0
0
0
36
30
0
0
0
0
0
0
4072
4064
0
0
0
0
0
0
4053
4061
0
0
0
0
0
0
25
33
0
0
0
0
0
0
36
26
0
0
0
0
0
0
4057
4050
0
0
0
0
0
0
4054
4066
0
0
0
0
0
0
41
48
0
0
0
0
0
0
33
19
0
0
0
0
0
0
4041
4034
0
0
0
0
0
0
4058
4075
0
0
0
0
0
0
58
62
0
0
0
0
0
0
25
8
0
0
0
0
0
0
4023
4021
0
0
0
0
0
0
4071
4091
0
0
0
0
0
0
76
76
0
0
0
0
0
0
10
4085
0
0
0
0
0
0
4006
4009
0
0
0
0
0
0
4090
16
0
0
0
0
0
0
90
85
0
0
0
0
0
0
4085
4063
0
0
0
0
0
0
3994
4004
0
0
0
0
0
0
19
41
0
0
0
0
0
0
99
87
0
0
0
0
0
0
4055
4033
0
0
0
0
0
0
3987
4004
0
0
0
0
0
0
50
71
0
0
0
0
0
0
101
80
0
0
0
0
0
0
4022
4003
0
0
0
0
0
0
3991
4016
0
0
0
0
0
0
85
102
0
0
0
0
0
0
94
65
0
0
0
0
0
0
3989
3973
0
0
0
0
0
0
4005
4038
0
0
0
0
0
0
117
130
0
0
0
0
0
0
73
38
0
0
0
0
0
0
3955
3946
0
0
0
0
0
0
4029
4067
0
0
0
0
0
0
150
154
0
0
0
0
0
0
45
3
0
0
0
0
0
0
3926
3926
0
0
0
0
0
0
4065
11
0
0
0
0
0
0
176
169
0
0
0
0
0
0
3
4053
0
0
0
0
0
0
3903
3917
0
0
0
0
0
0
13
59
0
0
0
0
0
0
192
173
0
0
0
0
0
0
4049
4004
0
0
0
0
0
0
3894
3920
0
0
0
0
0
0
69
111
0
0
0
0
0
0
196
163
0
0
0
0
0
0
3993
3951
0
0
0
0
0
0
3898
3938
0
0
0
0
0
0
126
164
0
0
0
0
0
0
184
137
0
0
0
0
0
0
3933
3900
0
0
0
0
0
0
3918
3969
0
0
0
0
0
0
184
212
0
0
0
0
0
0
154
96
0
0
0
0
0
0
3876
3854
0
0
0
0
0
0
3956
4020
0
0
0
0
0
0
239
254
0
0
0
0
0
0
108
40
0
0
0
0
0
0
3828
3821
0
0
0
0
0
0
4012
4083
0
0
0
0
0
0
283
281
0
0
0
0
0
0
45
4067
0
0
0
0
0
0
3790
3801
0
0
0
0
0
0
4080
60
0
0
0
0
0
0
312
291
0
0
0
0
0
0
4063
3987
0
0
0
0
0
0
3771
3803
0
0
0
0
0
0
67
141
0
0
0
0
0
0
322
279
0
0
0
0
0
0
3980
3908
0
0
0
0
0
0
3771
3824
0
0
0
0
0
0
157
223
0
0
0
0
0
0
310
247
0
0
0
0
0
0
3888
3827
0
0
0
0
0
0
3796
3868
0
0
0
0
0
0
247
298
0
0
0
0
0
0
270
188
0
0
0
0
0
0
3798
3754
0
0
0
0
0
0
3846
3937
0
0
0
0
0
0
330
364
0
0
0
0
0
0
207
109
0
0
0
0
0
0
3723
3699
0
0
0
0
0
0
3923
4026
0
0
0
0
0
0
400
410
0
0
0
0
0
0
121
13
0
0
0
0
0
0
3660
3664
0
0
0
0
0
0
4020
36
0
0
0
0
0
0
449
433
0
0
0
0
0
0
14
3997
0
0
0
0
0
0
3624
3655
0
0
0
0
0
0
39
150
0
0
0
0
0
0
474
427
0
0
0
0
0
0
3988
3880
0
0
0
0
0
0
3616
3678
0
0
0
0
0
0
165
267
0
0
0
0
0
0
466
389
0
0
0
0
0
0
3861
3764
0
0
0
0
0
0
3641
3732
0
0
0
0
0
0
292
379
0
0
0
0
0
0
423
318
0
0
0
0
0
0
3734
3659
0
0
0
0
0
0
3701
3818
0
0
0
0
0
0
413
476
0
0
0
0
0
0
346
217
0
0
0
0
0
0
3622
3573
0
0
0
0
0
0
3794
3931
0
0
0
0
0
0
518
550
0
0
0
0
0
0
236
90
0
0
0
0
0
0
3526
3512
0
0
0
0
0
0
3918
4069
0
0
0
0
0
0
598
591
0
0
0
0
0
0
98
4039
0
0
0
0
0
0
3464
3489
0
0
0
0
0
0
4070
128
0
0
0
0
0
0
643
600
0
0
0
0
0
0
4036
3884
0
0
0
0
0
0
3439
3504
0
0
0
0
0
0
138
286
0
0
0
0
0
0
648
562
0
0
0
0
0
0
3864
3724
0
0
0
0
0
0
3455
3561
0
0
0
0
0
0
311
441
0
0
0
0
0
0
609
484
0
0
0
0
0
0
3694
3576
0
0
0
0
0
0
3518
3660
0
0
0
0
0
0
477
578
0
0
0
0
0
0
522
365
0
0
0
0
0
0
3536
3451
0
0
0
0
0
0
3627
3799
0
0
0
0
0
0
625
689
0
0
0
0
0
0
393
210
0
0
0
0
0
0
3401
3358
0
0
0
0
0
0
3775
3969
0
0
0
0
0
0
742
762
0
0
0
0
0
0
225
26
0
0
0
0
0
0
3303
3308
0
0
0
0
0
0
3959
66
0
0
0
0
0
0
818
786
0
0
0
0
0
0
27
3920
0
0
0
0
0
0
3252
3308
0
0
0
0
0
0
72
270
0
0
0
0
0
0
846
760
0
0
0
0
0
0
3908
3716
0
0
0
0
0
0
3250
3359
0
0
0
0
0
0
292
474
0
0
0
0
0
0
819
684
0
0
0
0
0
0
3689
3521
0
0
0
0
0
0
3307
3466
0
0
0
0
0
0
508
658
0
0
0
0
0
0
731
550
0
0
0
0
0
0
3479
3349
0
0
0
0
0
0
3421
3622
0
0
0
0
0
0
706
813
0
0
0
0
0
0
588
370
0
0
0
0
0
0
3294
3214
0
0
0
0
0
0
3589
3822
0
0
0
0
0
0
871
925
0
0
0
0
0
0
398
154
0
0
0
0
0
0
3152
3128
0
0
0
0
0
0
3803
4054
0
0
0
0
0
0
990
982
0
0
0
0
0
0
164
4006
0
0
0
0
0
0
3061
3101
0
0
0
0
0
0
4053
212
0
0
0
0
0
0
1050
977
0
0
0
0
0
0
3999
3751
0
0
0
0
0
0
3033
3139
0
0
0
0
0
0
226
464
0
0
0
0
0
0
1044
908
0
0
0
0
0
0
3727
3502
0
0
0
0
0
0
3074
3243
0
0
0
0
0
0
496
704
0
0
0
0
0
0
967
772
0
0
0
0
0
0
3463
3277
0
0
0
0
0
0
3186
3409
0
0
0
0
0
0
752
913
0
0
0
0
0
0
821
574
0
0
0
0
0
0
3220
3089
0
0
0
0
0
0
3365
3634
0
0
0
0
0
0
973
1073
0
0
0
0
0
0
610
326
0
0
0
0
0
0
3024
2958
0
0
0
0
0
0
3603
3900
0
0
0
0
0
0
1143
1171
0
0
0
0
0
0
346
42
0
0
0
0
0
0
2885
2895
0
0
0
0
0
0
3888
100
0
0
0
0
0
0
1246
1197
0
0
0
0
0
0
46
3834
0
0
0
0
0
0
2818
2905
0
0
0
0
0
0
108
407
0
0
0
0
0
0
1275
1147
0
0
0
0
0
0
3818
3530
0
0
0
0
0
0
2832
2998
0
0
0
0
0
0
435
706
0
0
0
0
0
0
1218
1016
0
0
0
0
0
0
3492
3244
0
0
0
0
0
0
2930
3166
0
0
0
0
0
0
751
972
0
0
0
0
0
0
1080
812
0
0
0
0
0
0
3191
3000
0
0
0
0
0
0
3109
3404
0
0
0
0
0
0
1033
1190
0
0
0
0
0
0
861
542
0
0
0
0
0
0
2934
2815
0
0
0
0
0
0
3362
3700
0
0
0
0
0
0
1263
1340
0
0
0
0
0
0
577
224
0
0
0
0
0
0
2738
2703
0
0
0
0
0
0
3677
4037
0
0
0
0
0
0
1421
1409
0
0
0
0
0
0
237
3970
0
0
0
0
0
0
2620
2678
0
0
0
0
0
0
4035
301
0
0
0
0
0
0
1493
1390
0
0
0
0
0
0
3960
3609
0
0
0
0
0
0
2593
2742
0
0
0
0
0
0
317
654
0
0
0
0
0
0
1472
1278
0
0
0
0
0
0
3580
3263
0
0
0
0
0
0
2663
2899
0
0
0
0
0
0
696
986
0
0
0
0
0
0
1353
1078
0
0
0
0
0
0
3213
2955
0
0
0
0
0
0
2829
3142
0
0
0
0
0
0
1044
1266
0
0
0
0
0
0
1139
798
0
0
0
0
0
0
2890
2708
0
0
0
0
0
0
3088
3458
0
0
0
0
0
0
1340
1478
0
0
0
0
0
0
842
451
0
0
0
0
0
0
2628
2539
0
0
0
0
0
0
3423
3830
0
0
0
0
0
0
1562
1600
0
0
0
0
0
0
475
59
0
0
0
0
0
0
2450
2463
0
0
0
0
0
0
3815
137
0
0
0
0
0
0
1690
1623
0
0
0
0
0
0
63
3744
0
0
0
0
0
0
2372
2492
0
0
0
0
0
0
146
550
0
0
0
0
0
0
1714
1544
0
0
0
0
0
0
3723
3338
0
0
0
0
0
0
2402
2623
0
0
0
0
0
0
581
943
0
0
0
0
0
0
1627
1358
0
0
0
0
0
0
3296
2963
0
0
0
0
0
0
2546
2860
0
0
0
0
0
0
997
1292
0
0
0
0
0
0
1432
1080
0
0
0
0
0
0
2900
2648
0
0
0
0
0
0
2791
3182
0
0
0
0
0
0
1363
1569
0
0
0
0
0
0
1136
716
0
0
0
0
0
0
2568
2414
0
0
0
0
0
0
3134
3577
0
0
0
0
0
0
1656
1756
0
0
0
0
0
0
755
295
0
0
0
0
0
0
2324
2281
0
0
0
0
0
0
3551
4021
0
0
0
0
0
0
1850
1835
0
0
0
0
0
0
310
3934
0
0
0
0
0
0
2183
2258
0
0
0
0
0
0
4018
389
0
0
0
0
0
0
1931
1797
0
0
0
0
0
0
3923
3471
0
0
0
0
0
0
2161
2356
0
0
0
0
0
0
408
842
0
0
0
0
0
0
1890
1642
0
0
0
0
0
0
3435
3030
0
0
0
0
0
0
2264
2566
0
0
0
0
0
0
889
1259
0
0
0
0
0
0
1727
1376
0
0
0
0
0
0
2975
2647
0
0
0
0
0
0
2488
2885
0
0
0
0
0
0
1325
1606
0
0
0
0
0
0
1446
1010
0
0
0
0
0
0
2570
2339
0
0
0
0
0
0
2823
3290
0
0
0
0
0
0
1690
1862
0
0
0
0
0
0
1061
568
0
0
0
0
0
0
2250
2139
0
0
0
0
0
0
3250
3762
0
0
0
0
0
0
1958
2005
0
0
0
0
0
0
596
76
0
0
0
0
0
0
2039
2057
0
0
0
0
0
0
3747
172
0
0
0
0
0
0
2109
2026
0
0
0
0
0
0
80
3659
0
0
0
0
0
0
1955
2103
0
0
0
0
0
0
181
682
0
0
0
0
0
0
2125
1913
0
0
0
0
0
0
3635
3159
0
0
0
0
0
0
2006
2279
0
0
0
0
0
0
718
1166
0
0
0
0
0
0
2006
1674
0
0
0
0
0
0
3111
2704
0
0
0
0
0
0
2191
2578
0
0
0
0
0
0
1224
1586
0
0
0
0
0
0
1756
1322
0
0
0
0
0
0
2633
2327
0
0
0
0
0
0
2504
2982
0
0
0
0
0
0
1663
1914
0
0
0
0
0
0
1386
873
0
0
0
0
0
0
2239
2051
0
0
0
0
0
0
2928
3467
0
0
0
0
0
0
2008
2130
0
0
0
0
0
0
914
356
0
0
0
0
0
0
1952
1899
0
0
0
0
0
0
3436
4003
0
0
0
0
0
0
2232
2213
0
0
0
0
0
0
374
3902
0
0
0
0
0
0
1794
1886
0
0
0
0
0
0
4001
467
0
0
0
0
0
0
2318
2157
0
0
0
0
0
0
3890
3347
0
0
0
0
0
0
1782
2012
0
0
0
0
0
0
489
1007
0
0
0
0
0
0
2259
1961
0
0
0
0
0
0
3311
2828
0
0
0
0
0
0
1916
2276
0
0
0
0
0
0
1057
1497
0
0
0
0
0
0
2051
1634
0
0
0
0
0
0
2767
2376
0
0
0
0
0
0
2192
2661
0
0
0
0
0
0
1569
1902
0
0
0
0
0
0
1711
1196
0
0
0
0
0
0
2295
2025
0
0
0
0
0
0
2594
3148
0
0
0
0
0
0
1989
2193
0
0
0
0
0
0
1249
670
0
0
0
0
0
0
1930
1799
0
0
0
0
0
0
3103
3703
0
0
0
0
0
0
2293
2350
0
0
0
0
0
0
700
91
0
0
0
0
0
0
1693
1714
0
0
0
0
0
0
3686
200
0
0
0
0
0
0
2458
2359
0
0
0
0
0
0
94
3586
0
0
0
0
0
0
1607
1781
0
0
0
0
0
0
211
793
0
0
0
0
0
0
2466
2219
0
0
0
0
0
0
3565
3010
0
0
0
0
0
0
1676
1994
0
0
0
0
0
0
830
1347
0
0
0
0
0
0
2317
1934
0
0
0
0
0
0
2962
2492
0
0
0
0
0
0
1902
2348
0
0
0
0
0
0
1408
1823
0
0
0
0
0
0
2019
1519
0
0
0
0
0
0
2420
2065
0
0
0
0
0
0
2271
2818
0
0
0
0
0
0
1903
2192
0
0
0
0
0
0
1586
1000
0
0
0
0
0
0
1977
1761
0
0
0
0
0
0
2762
3377
0
0
0
0
0
0
2287
2427
0
0
0
0
0
0
1042
407
0
0
0
0
0
0
1659
1600
0
0
0
0
0
0
3348
3993
0
0
0
0
0
0
2532
2511
0
0
0
0
0
0
424
3875
0
0
0
0
0
0
1492
1595
0
0
0
0
0
0
3988
528
0
0
0
0
0
0
2618
2434
0
0
0
0
0
0
3865
3251
0
0
0
0
0
0
1488
1749
0
0
0
0
0
0
551
1134
0
0
0
0
0
0
2538
2204
0
0
0
0
0
0
3215
2671
0
0
0
0
0
0
1649
2055
0
0
0
0
0
0
1184
1678
0
0
0
0
0
0
2297
1829
0
0
0
0
0
0
2610
2174
0
0
0
0
0
0
1968
2492
0
0
0
0
0
0
1747
2119
0
0
0
0
0
0
1905
1332
0
0
0
0
0
0
2093
1792
0
0
0
0
0
0
2428
3043
0
0
0
0
0
0
2210
2435
0
0
0
0
0
0
1386
744
0
0
0
0
0
0
1696
1551
0
0
0
0
0
0
2999
3663
0
0
0
0
0
0
2536
2599
0
0
0
0
0
0
772
100
0
0
0
0
0
0
1445
1469
0
0
0
0
0
0
3644
221
0
0
0
0
0
0
2705
2598
0
0
0
0
0
0
104
3539
0
0
0
0
0
0
1362
1552
0
0
0
0
0
0
232
869
0
0
0
0
0
0
2704
2432
0
0
0
0
0
0
3514
2908
0
0
0
0
0
0
1449
1797
0
0
0
0
0
0
907
1469
0
0
0
0
0
0
2529
2109
0
0
0
0
0
0
2862
2349
0
0
0
0
0
0
1707
2193
0
0
0
0
0
0
1530
1982
0
0
0
0
0
0
2193
1649
0
0
0
0
0
0
2278
1894
0
0
0
0
0
0
2116
2710
0
0
0
0
0
0
2060
2372
0
0
0
0
0
0
1715
1080
0
0
0
0
0
0
1805
1574
0
0
0
0
0
0
2656
3320
0
0
0
0
0
0
2467
2616
0
0
0
0
0
0
1124
439
0
0
0
0
0
0
1474
1411
0
0
0
0
0
0
3291
3985
0
0
0
0
0
0
2720
2698
0
0
0
0
0
0
456
3859
0
0
0
0
0
0
1305
1416
0
0
0
0
0
0
3981
565
0
0
0
0
0
0
2800
2605
0
0
0
0
0
0
3851
3195
0
0
0
0
0
0
1313
1592
0
0
0
0
0
0
587
1209
0
0
0
0
0
0
2705
2349
0
0
0
0
0
0
3160
2582
0
0
0
0
0
0
1495
1926
0
0
0
0
0
0
1256
1780
0
0
0
0
0
0
2436
1938
0
0
0
0
0
0
2522
2060
0
0
0
0
0
0
1843
2400
0
0
0
0
0
0
1849
2241
0
0
0
0
0
0
2013
1407
0
0
0
0
0
0
1983
1666
0
0
0
0
0
0
2337
2984
0
0
0
0
0
0
2327
2564
0
0
0
0
0
0
1460
782
0
0
0
0
0
0
1572
1421
0
0
0
0
0
0
2944
3639
0
0
0
0
0
0
2661
2726
0
0
0
0
0
0
811
105
0
0
0
0
0
0
1320
1345
0
0
0
0
0
0
3623
232
0
0
0
0
0
0
2828
2715
0
0
0
0
0
0
109
3515
0
0
0
0
0
0
1246
1444
0
0
0
0
0
0
241
906
0
0
0
0
0
0
2814
2531
0
0
0
0
0
0
3493
2863
0
0
0
0
0
0
1350
1710
0
0
0
0
0
0
941
1526
0
0
0
0
0
0
2623
2188
0
0
0
0
0
0
2817
2286
0
0
0
0
0
0
1623
2126
0
0
0
0
0
0
1581
2048
0
0
0
0
0
0
2266
1704
0
0
0
0
0
0
2222
1826
0
0
0
0
0
0
2056
2668
0
0
0
0
0
0
2122
2442
0
0
0
0
0
0
1764
1112
0
0
0
0
0
0
1744
1506
0
0
0
0
0
0
2619
3300
0
0
0
0
0
0
2529
2682
0
0
0
0
0
0
1152
451
0
0
0
0
0
0
1414
1349
0
0
0
0
0
0
3273
3982
0
0
0
0
0
0
2777
2753
0
0
0
0
0
0
466
3856
0
0
0
0
0
0
1251
1364
0
0
0
0
0
0
3977
574
0
0
0
0
0
0
2849
2650
0
0
0
0
0
0
3846
3180
0
0
0
0
0
0
1270
1554
0
0
0
0
0
0
596
1226
0
0
0
0
0
0
2740
2379
0
0
0
0
0
0
3148
2562
0
0
0
0
0
0
1467
1902
0
0
0
0
0
0
1268
1797
0
0
0
0
0
0
2461
1959
0
0
0
0
0
0
2510
2043
0
0
0
0
0
0
1828
2387
0
0
0
0
0
0
1861
2254
0
0
0
0
0
0
2023
1414
0
0
0
0
0
0
1973
1655
0
0
0
0
0
0
2330
2979
0
0
0
0
0
0
2332
2569
0
0
0
0
0
0
1462
782
0
0
0
0
0
0
1573
1421
0
0
0
0
0
0
2945
3640
0
0
0
0
0
0
2657
2719
0
0
0
0
0
0
809
106
0
0
0
0
0
0
1334
1358
0
0
0
0
0
0
3625
229
0
0
0
0
0
0
2810
2698
0
0
0
0
0
0
108
3520
0
0
0
0
0
0
1267
1465
0
0
0
0
0
0
238
896
0
0
0
0
0
0
2787
2506
0
0
0
0
0
0
3500
2878
0
0
0
0
0
0
1380
1739
0
0
0
0
0
0
928
1506
0
0
0
0
0
0
2588
2158
0
0
0
0
0
0
2838
2314
0
0
0
0
0
0
1662
2156
0
0
0
0
0
0
1555
2014
0
0
0
0
0
0
2226
1674
0
0
0
0
0
0
2257
1868
0
0
0
0
0
0
2096
2696
0
0
0
0
0
0
2078
2391
0
0
0
0
0
0
1727
1089
0
0
0
0
0
0
1796
1563
0
0
0
0
0
0
2654
3318
0
0
0
0
0
0
2468
2617
0
0
0
0
0
0
1123
439
0
0
0
0
0
0
1484
1421
0
0
0
0
0
0
3295
3983
0
0
0
0
0
0
2699
2675
0
0
0
0
0
0
452
3863
0
0
0
0
0
0
1339
1449
0
0
0
0
0
0
3981
556
0
0
0
0
0
0
2757
2564
0
0
0
0
0
0
3855
3212
0
0
0
0
0
0
1366
1640
0
0
0
0
0
0
574
1182
0
0
0
0
0
0
2643
2293
0
0
0
0
0
0
3184
2621
0
0
0
0
0
0
1568
1987
0
0
0
0
0
0
1219
1728
0
0
0
0
0
0
2362
1879
0
0
0
0
0
0
2576
2128
0
0
0
0
0
0
1922
2459
0
0
0
0
0
0
1780
2158
0
0
0
0
0
0
1936
1354
0
0
0
0
0
0
2070
1765
0
0
0
0
0
0
2411
3032
0
0
0
0
0
0
2222
2448
0
0
0
0
0
0
1392
747
0
0
0
0
0
0
1695
1552
0
0
0
0
0
0
2999
3662
0
0
0
0
0
0
2521
2582
0
0
0
0
0
0
767
101
0
0
0
0
0
0
1477
1501
0
0
0
0
0
0
3649
217
0
0
0
0
0
0
2657
2551
0
0
0
0
0
0
102
3552
0
0
0
0
0
0
1426
1614
0
0
0
0
0
0
224
844
0
0
0
0
0
0
2624
2360
0
0
0
0
0
0
3535
2949
0
0
0
0
0
0
1542
1880
0
0
0
0
0
0
870
1413
0
0
0
0
0
0
2426
2023
0
0
0
0
0
0
2917
2427
0
0
0
0
0
0
1817
2282
0
0
0
0
0
0
1453
1882
0
0
0
0
0
0
2079
1564
0
0
0
0
0
0
2380
2017
0
0
0
0
0
0
2230
2790
0
0
0
0
0
0
1934
2226
0
0
0
0
0
0
1607
1012
0
0
0
0
0
0
1959
1743
0
0
0
0
0
0
2755
3372
0
0
0
0
0
0
2288
2425
0
0
0
0
0
0
1041
406
0
0
0
0
0
0
1679
1622
0
0
0
0
0
0
3356
3993
0
0
0
0
0
0
2491
2469
0
0
0
0
0
0
418
3881
0
0
0
0
0
0
1553
1656
0
0
0
0
0
0
3991
512
0
0
0
0
0
0
2534
2356
0
0
0
0
0
0
3875
3283
0
0
0
0
0
0
1591
1842
0
0
0
0
0
0
525
1082
0
0
0
0
0
0
2419
2099
0
0
0
0
0
0
3263
2748
0
0
0
0
0
0
1782
2167
0
0
0
0
0
0
1112
1577
0
0
0
0
0
0
2152
1712
0
0
0
0
0
0
2712
2305
0
0
0
0
0
0
2117
2607
0
0
0
0
0
0
1618
1961
0
0
0
0
0
0
1759
1229
0
0
0
0
0
0
2258
1983
0
0
0
0
0
0
2568
3131
0
0
0
0
0
0
2012
2216
0
0
0
0
0
0
1259
675
0
0
0
0
0
0
1930
1800
0
0
0
0
0
0
3107
3705
0
0
0
0
0
0
2271
2325
0
0
0
0
0
0
690
91
0
0
0
0
0
0
1741
1762
0
0
0
0
0
0
3694
193
0
0
0
0
0
0
2383
2287
0
0
0
0
0
0
92
3608
0
0
0
0
0
0
1706
1875
0
0
0
0
0
0
199
754
0
0
0
0
0
0
2344
2107
0
0
0
0
0
0
3597
3074
0
0
0
0
0
0
1822
2121
0
0
0
0
0
0
774
1257
0
0
0
0
0
0
2158
1798
0
0
0
0
0
0
3050
2615
0
0
0
0
0
0
2075
2487
0
0
0
0
0
0
1287
1667
0
0
0
0
0
0
1840
1384
0
0
0
0
0
0
2580
2260
0
0
0
0
0
0
2447
2942
0
0
0
0
0
0
1705
1963
0
0
0
0
0
0
1415
892
0
0
0
0
0
0
2214
2025
0
0
0
0
0
0
2916
3460
0
0
0
0
0
0
2007
2128
0
0
0
0
0
0
911
356
0
0
0
0
0
0
1978
1928
0
0
0
0
0
0
3447
4005
0
0
0
0
0
0
2177
2156
0
0
0
0
0
0
365
3909
0
0
0
0
0
0
1879
1968
0
0
0
0
0
0
4002
442
0
0
0
0
0
0
2204
2049
0
0
0
0
0
0
3903
3389
0
0
0
0
0
0
1922
2142
0
0
0
0
0
0
454
938
0
0
0
0
0
0
2093
1815
0
0
0
0
0
0
3374
2929
0
0
0
0
0
0
2099
2431
0
0
0
0
0
0
956
1356
0
0
0
0
0
0
1854
1474
0
0
0
0
0
0
2904
2555
0
0
0
0
0
0
2397
2815
0
0
0
0
0
0
1387
1680
0
0
0
0
0
0
1508
1053
0
0
0
0
0
0
2524
2288
0
0
0
0
0
0
2788
3270
0
0
0
0
0
0
1716
1890
0
0
0
0
0
0
1074
576
0
0
0
0
0
0
2251
2141
0
0
0
0
0
0
3254
3762
0
0
0
0
0
0
1930
1976
0
0
0
0
0
0
587
76
0
0
0
0
0
0
2100
2119
0
0
0
0
0
0
3756
163
0
0
0
0
0
0
2013
1932
0
0
0
0
0
0
77
3682
0
0
0
0
0
0
2080
2221
0
0
0
0
0
0
166
633
0
0
0
0
0
0
1970
1771
0
0
0
0
0
0
3676
3238
0
0
0
0
0
0
2189
2440
0
0
0
0
0
0
647
1051
0
0
0
0
0
0
1804
1503
0
0
0
0
0
0
3221
2859
0
0
0
0
0
0
2410
2754
0
0
0
0
0
0
1070
1388
0
0
0
0
0
0
1530
1151
0
0
0
0
0
0
2835
2570
0
0
0
0
0
0
2727
3138
0
0
0
0
0
0
1413
1625
0
0
0
0
0
0
1173
740
0
0
0
0
0
0
2542
2385
0
0
0
0
0
0
3122
3571
0
0
0
0
0
0
1654
1753
0
0
0
0
0
0
751
294
0
0
0
0
0
0
2354
2314
0
0
0
0
0
0
3563
4020
0
0
0
0
0
0
1783
1767
0
0
0
0
0
0
298
3942
0
0
0
0
0
0
2283
2356
0
0
0
0
0
0
4018
361
0
0
0
0
0
0
1797
1670
0
0
0
0
0
0
3940
3521
0
0
0
0
0
0
2328
2507
0
0
0
0
0
0
367
760
0
0
0
0
0
0
1696
1470
0
0
0
0
0
0
3511
3151
0
0
0
0
0
0
2479
2749
0
0
0
0
0
0
772
1096
0
0
0
0
0
0
1495
1190
0
0
0
0
0
0
3137
2855
0
0
0
0
0
0
2728
3066
0
0
0
0
0
0
1112
1349
0
0
0
0
0
0
1206
842
0
0
0
0
0
0
2836
2648
0
0
0
0
0
0
3051
3435
0
0
0
0
0
0
1368
1507
0
0
0
0
0
0
855
458
0
0
0
0
0
0
2628
2539
0
0
0
0
0
0
3426
3830
0
0
0
0
0
0
1529
1564
0
0
0
0
0
0
464
61
0
0
0
0
0
0
2517
2532
0
0
0
0
0
0
3826
128
0
0
0
0
0
0
1587
1522
0
0
0
0
0
0
61
3771
0
0
0
0
0
0
2511
2623
0
0
0
0
0
0
130
497
0
0
0
0
0
0
1543
1386
0
0
0
0
0
0
3768
3424
0
0
0
0
0
0
2604
2802
0
0
0
0
0
0
503
818
0
0
0
0
0
0
1404
1169
0
0
0
0
0
0
3415
3134
0
0
0
0
0
0
2787
3054
0
0
0
0
0
0
829
1073
0
0
0
0
0
0
1183
888
0
0
0
0
0
0
3122
2916
0
0
0
0
0
0
3041
3359
0
0
0
0
0
0
1086
1249
0
0
0
0
0
0
897
566
0
0
0
0
0
0
2903
2783
0
0
0
0
0
0
3348
3691
0
0
0
0
0
0
1262
1339
0
0
0
0
0
0
573
226
0
0
0
0
0
0
2768
2738
0
0
0
0
0
0
3689
4037
0
0
0
0
0
0
1352
1341
0
0
0
0
0
0
225
3980
0
0
0
0
0
0
2725
2781
0
0
0
0
0
0
4037
273
0
0
0
0
0
0
1352
1257
0
0
0
0
0
0
3978
3664
0
0
0
0
0
0
2767
2901
0
0
0
0
0
0
275
569
0
0
0
0
0
0
1268
1099
0
0
0
0
0
0
3659
3390
0
0
0
0
0
0
2891
3091
0
0
0
0
0
0
572
813
0
0
0
0
0
0
1108
881
0
0
0
0
0
0
3385
3176
0
0
0
0
0
0
3083
3332
0
0
0
0
0
0
820
993
0
0
0
0
0
0
889
620
0
0
0
0
0
0
3170
3031
0
0
0
0
0
0
3328
3610
0
0
0
0
0
0
1000
1103
0
0
0
0
0
0
624
334
0
0
0
0
0
0
3024
2959
0
0
0
0
0
0
3608
3901
0
0
0
0
0
0
1110
1136
0
0
0
0
0
0
335
43
0
0
0
0
0
0
2953
2963
0
0
0
0
0
0
3899
92
0
0
0
0
0
0
1142
1095
0
0
0
0
0
0
43
3861
0
0
0
0
0
0
2958
3039
0
0
0
0
0
0
91
354
0
0
0
0
0
0
1102
990
0
0
0
0
0
0
3860
3616
0
0
0
0
0
0
3032
3174
0
0
0
0
0
0
356
580
0
0
0
0
0
0
993
828
0
0
0
0
0
0
3616
3415
0
0
0
0
0
0
3171
3360
0
0
0
0
0
0
581
754
0
0
0
0
0
0
830
623
0
0
0
0
0
0
3412
3267
0
0
0
0
0
0
3355
3580
0
0
0
0
0
0
756
869
0
0
0
0
0
0
624
393
0
0
0
0
0
0
3267
3184
0
0
0
0
0
0
3578
3816
0
0
0
0
0
0
873
925
0
0
0
0
0
0
395
156
0
0
0
0
0
0
3182
3162
0
0
0
0
0
0
3815
4053
0
0
0
0
0
0
924
916
0
0
0
0
0
0
153
4017
0
0
0
0
0
0
3160
3199
0
0
0
0
0
0
4053
183
0
0
0
0
0
0
915
851
0
0
0
0
0
0
4016
3803
0
0
0
0
0
0
3198
3291
0
0
0
0
0
0
184
381
0
0
0
0
0
0
851
737
0
0
0
0
0
0
3803
3623
0
0
0
0
0
0
3289
3423
0
0
0
0
0
0
380
540
0
0
0
0
0
0
736
584
0
0
0
0
0
0
3625
3487
0
0
0
0
0
0
3426
3592
0
0
0
0
0
0
539
654
0
0
0
0
0
0
583
407
0
0
0
0
0
0
3489
3397
0
0
0
0
0
0
3594
3777
0
0
0
0
0
0
651
716
0
0
0
0
0
0
404
215
0
0
0
0
0
0
3402
3361
0
0
0
0
0
0
3778
3969
0
0
0
0
0
0
713
729
0
0
0
0
0
0
215
28
0
0
0
0
0
0
3364
3372
0
0
0
0
0
0
3970
58
0
0
0
0
0
0
724
695
0
0
0
0
0
0
27
3946
0
0
0
0
0
0
3377
3428
0
0
0
0
0
0
56
222
0
0
0
0
0
0
692
621
0
0
0
0
0
0
3948
3795
0
0
0
0
0
0
3430
3519
0
0
0
0
0
0
220
360
0
0
0
0
0
0
614
511
0
0
0
0
0
0
3797
3674
0
0
0
0
0
0
3524
3641
0
0
0
0
0
0
355
461
0
0
0
0
0
0
507
379
0
0
0
0
0
0
3679
3591
0
0
0
0
0
0
3644
3778
0
0
0
0
0
0
457
525
0
0
0
0
0
0
376
236
0
0
0
0
0
0
3597
3547
0
0
0
0
0
0
3783
3926
0
0
0
0
0
0
518
551
0
0
0
0
0
0
233
90
0
0
0
0
0
0
3555
3543
0
0
0
0
0
0
3928
4069
0
0
0
0
0
0
543
536
0
0
0
0
0
0
89
4048
0
0
0
0
0
0
3550
3572
0
0
0
0
0
0
4071
106
0
0
0
0
0
0
530
492
0
0
0
0
0
0
4048
3925
0
0
0
0
0
0
3580
3632
0
0
0
0
0
0
103
215
0
0
0
0
0
0
483
419
0
0
0
0
0
0
3929
3826
0
0
0
0
0
0
3640
3715
0
0
0
0
0
0
211
301
0
0
0
0
0
0
410
326
0
0
0
0
0
0
3832
3756
0
0
0
0
0
0
3723
3816
0
0
0
0
0
0
296
358
0
0
0
0
0
0
319
221
0
0
0
0
0
0
3762
3712
0
0
0
0
0
0
3821
3921
0
0
0
0
0
0
350
385
0
0
0
0
0
0
217
116
0
0
0
0
0
0
3722
3700
0
0
0
0
0
0
3925
4026
0
0
0
0
0
0
377
386
0
0
0
0
0
0
113
13
0
0
0
0
0
0
3709
3713
0
0
0
0
0
0
4028
28
0
0
0
0
0
0
376
361
0
0
0
0
0
0
12
4019
0
0
0
0
0
0
3724
3750
0
0
0
0
0
0
27
111
0
0
0
0
0
0
350
314
0
0
0
0
0
0
4020
3943
0
0
0
0
0
0
3760
3806
0
0
0
0
0
0
109
179
0
0
0
0
0
0
305
252
0
0
0
0
0
0
3948
3886
0
0
0
0
0
0
3814
3871
0
0
0
0
0
0
173
224
0
0
0
0
0
0
245
183
0
0
0
0
0
0
3891
3852
0
0
0
0
0
0
3878
3944
0
0
0
0
0
0
216
249
0
0
0
0
0
0
175
110
0
0
0
0
0
0
3860
3837
0
0
0
0
0
0
3948
4015
0
0
0
0
0
0
239
252
0
0
0
0
0
0
106
39
0
0
0
0
0
0
3847
3841
0
0
0
0
0
0
4017
4082
0
0
0
0
0
0
243
241
0
0
0
0
0
0
39
4073
0
0
0
0
0
0
3852
3862
0
0
0
0
0
0
4082
43
0
0
0
0
0
0
229
212
0
0
0
0
0
0
4074
4022
0
0
0
0
0
0
3872
3895
0
0
0
0
0
0
41
89
0
0
0
0
0
0
201
175
0
0
0
0
0
0
4025
3982
0
0
0
0
0
0
3904
3937
0
0
0
0
0
0
85
121
0
0
0
0
0
0
165
130
0
0
0
0
0
0
3989
3958
0
0
0
0
0
0
3945
3982
0
0
0
0
0
0
116
140
0
0
0
0
0
0
125
86
0
0
0
0
0
0
3964
3946
0
0
0
0
0
0
3988
4027
0
0
0
0
0
0
131
145
0
0
0
0
0
0
80
41
0
0
0
0
0
0
3954
3946
0
0
0
0
0
0
4029
4067
0
0
0
0
0
0
136
139
0
0
0
0
0
0
38
3
0
0
0
0
0
0
3958
3958
0
0
0
0
0
0
4069
7
0
0
0
0
0
0
127
122
0
0
0
0
0
0
2
4068
0
0
0
0
0
0
3968
3978
0
0
0
0
0
0
6
35
0
0
0
0
0
0
113
102
0
0
0
0
0
0
4070
4044
0
0
0
0
0
0
3987
4001
0
0
0
0
0
0
32
55
0
0
0
0
0
0
93
76
0
0
0
0
0
0
4049
4029
0
0
0
0
0
0
4009
4026
0
0
0
0
0
0
48
64
0
0
0
0
0
0
69
51
0
0
0
0
0
0
4035
4023
0
0
0
0
0
0
4032
4050
0
0
0
0
0
0
57
65
0
0
0
0
0
0
46
28
0
0
0
0
0
0
4030
4024
0
0
0
0
0
0
4054
4073
0
0
0
0
0
0
58
63
0
0
0
0
0
0
24
8
0
0
0
0
0
0
4033
4031
0
0
0
0
0
0
4075
4089
0
0
0
0
0
0
54
54
0
0
0
0
0
0
6
4089
0
0
0
0
0
0
4039
4041
0
0
0
0
0
0
4089
7
0
0
0
0
0
0
47
43
0
0
0
0
0
0
4088
4078
0
0
0
0
0
0
4048
4052
0
0
0
0
0
0
5
14
0
0
0
0
0
0
35
29
0
0
0
0
0
0
4081
4073
0
0
0
0
0
0
4059
4064
0
0
0
0
0
0
12
19
0
0
0
0
0
0
26
21
0
0
0
0
0
0
4075
4072
0
0
0
0
0
0
4070
4076
0
0
0
0
0
0
14
19
0
0
0
0
0
0
16
10
0
0
0
0
0
0
4074
4072
0
0
0
0
0
0
4079
4083
0
0
0
0
0
0
14
15
0
0
0
0
0
0
7
2
0
0
0
0
0
0
4078
4077
0
0
0
0
0
0
4085
4090
0
0
0
0
0
0
10
10
0
0
0
0
0
0
1
4094
0
0
0
0
0
0
4081
4081
0
0
0
0
0
0
4090
4093
0
0
0
0
0
0
7
7
0
0
0
0
0
0
4093
4091
0
0
0
0
0
0
4085
4086
0
0
0
0
0
0
4094
4095
0
0
0
0
0
0
2
2
0
0
0
0
0
0
4091
4090
0
0
0
0
0
0
4088
4090
0
0
0
0
0
0
4095
0
0
0
0
0
0
0
0
0
0
0
0
0
0
0
4091
4091
0
0
0
0
0
0
4092
4091
0
0
0
0
0
0
0
4094
0
0
0
0
0
0
4095
4095
0
0
0
0
0
0
4092
4092
0
0
0
0
0
0
4092
4092
0
0
0
0
0
0
4095
4095
0
0
0
0
0
0
0
4094
0
0
0
0
0
0
4092
4092
0
0
0
0
0
0
4091
4093
0
0
0
0
0
0
4095
4095
0
0
0
0
0
0
0
4095
0
0
0
0
0
0
0
0
0
0
0
0
0
0
0
0
0
0
0
0
0
0
0
0
0
0
0
0
0
0
0
0
0
0
0
0
0
0
0
0
0
0
0
0
0
0
4095
4095
0
0
0
0
0
0
0
0
0
0
0
0
0
0
0
4095
0
0
0
0
0
0
0
0
0
0
0
0
0
0
0
0
0
0
0
0
0
0
0
0
0
0
0
0
0
0
0
0
0
0
0
0
0
0
0
0
0
0
0
0
0
0
0
0
0
0
0
0
0
0
0
0
0
0
0
0
0
0
0
0
0
0
0
0
0
0
0
0
0
0
0
0
0
0
0
0
0
0
0
0
0
0
0
0
0
0
0
0
0
0
0
0
0
0
0
0
0
0
0
0
0
0
0
0
0
0
0
0
0
0
0
0
0
0
0
0
0
0
0
0
0
0
0
0
0
0
0
0
0
0
0
0
0
0
0
0
0
0
0
0
0
0
0
0
0
0
0
0
0
0
0
0
0
0
0
0
0
0
0
0
0
0
0
0
0
0
0
0
0
0
0
0
0
0
0
0
0
0
0
0
0
0
0
0
0
0
0
0
0
0
0
0
0
0
0
0
0
0
0
0
0
0
0
0
0
0
0
0
0
0
0
0
0
0
0
0
0
0
0
0
0
0
0
0
0
0
0
0
0
0
0
0
0
0
0
0
0
0
0
0
0
0
0
0
0
0
0
0
0
0
0
0
0
0
0
0
0
0
0
0
0
0
0
0
0
0
0
0
0
0
0
0
0
0
0
0
0
0
0
0
0
0
0
0
0
0
0
0
0
0
0
0
0
0
0
0
0
0
0
0
0
0
0
0
0
0
0
0
0
0
0
0
0
0
0
0
0
0
0
0
0
0
0
0
0
0
0
0
0
0
0
0
0
0
0
0
0
0
0
0
0
0
0
0
0
0
0
0
0
0
0
0
0
0
0
0
0
0
0
0
0
0
0
0
0
0
0
0
0
0
0
0
0
0
0
0
0
0
0
0
0
0
0
0
0
0
0
0
0
0
0
0
0
0
0
0
0
0
0
0
0
0
0
0
0
0
0
0
0
0
0
0
0
0
0
0
0
0
0
0
0
0
0
0
0
0
0
0
0
0
0
0
0
0
0
0
0
0
0
0
0
0
0
0
0
0
0
0
0
0
0
0
0
0
0
0
0
0
0
0
0
0
0
0
0
0
0
0
0
0
0
0
0
0
0
0
0
0
0
0
0
0
0
0
0
0
0
0
0
0
0
0
0
0
0
0
0
0
0
0
0
0
0
0
0
0
0
0
0
0
0
0
0
0
0
0
0
0
0
0
0
0
0
0
0
0
0
0
0
0
0
0
0
0
0
0
0
0
0
0
0
0
0
0
0
0
0
0
0
0
0
0
0
0
0
0
0
0
0
0
0
0
0
0
0
0
0
0
0
0
0
0
0
0
0
0
0
0
0
0
0
0
0
0
0
0
0
0
0
0
0
0
0
0
0
0
0
0
0
0
0
0
0
0
0
0
0
0
0
0
0
0
0
0
0
0
0
0
0
0
0
0
0
0
0
0
0
0
0
0
0
0
0
0
0
0
0
0
0
0
0
0
0
0
0
0
0
0
0
0
0
0
0
0
0
0
0
0
0
0
0
0
0
0
0
0
0
0
0
0
0
0
0
0
0
0
0
0
0
0
0
0
0
0
0
0
0
0
0
0
0
0
0
0
0
0
0
0
0
0
0
0
0
0
0
0
0
0
0
0
0
0
0
0
0
0
0
0
0
0
0
0
0
0
0
0
0
0
0
0
0
0
0
0
0
0
0
0
0
0
0
0
0
0
0
0
0
0
0
0
0
0
0
0
0
0
0
0
0
0
0
0
0
0
0
0
0
0
0
0
0
0
0
0
0
0
0
0
0
0
0
0
0
0
0
0
0
0
0
0
0
0
0
0
0
0
0
0
0
0
0
0
0
0
0
0
0
0
0
0
0
0
0
0
0
0
0
0
0
0
0
0
0
0
0
0
0
0
0
0
0
0
0
0
0
0
0
0
0
0
0
0
0
0
0
0
0
0
0
0
0
0
0
0
0
0
0
0
0
0
0
0
0
0
0
0
0
0
0
0
0
0
0
0
0
0
0
0
0
0
0
0
0
0
0
0
0
0
0
0
0
0
0
0
0
0
0
0
0
0
0
0
0
0
0
0
0
0
0
0
0
0
0
0
0
0
0
0
0
0
0
0
0
0
0
0
0
0
0
0
0
0
0
0
0
0
0
0
0
0
0
0
0
0
0
0
0
0
0
0
0
0
0
0
0
0
0
0
0
0
0
0
0
0
0
0
0
0
0
0
0
0
0
0
0
0
0
0
0
0
0
0
0
0
0
0
0
0
0
0
0
0
0
0
0
0
0
0
0
0
0
0
0
0
0
0
0
0
0
0
0
0
0
0
0
0
0
0
0
0
0
0
0
0
0
0
0
0
0
0
0
0
0
0
0
0
0
0
0
0
0
0
0
0
0
0
0
0
0
0
0
0
0
0
0
0
0
0
0
0
0
0
0
0
0
0
0
0
0
0
0
0
0
0
0
0
0
0
0
0
0
0
0
0
0
0
0
0
0
0
0
0
0
0
0
0
0
0
0
0
0
0
0
0
0
0
0
0
0
0
0
0
0
0
0
0
0
0
0
0
0
0
0
0
0
0
0
0
0
0
0
0
0
0
0
0
0
0
0
0
0
0
0
0
0
0
0
0
0
0
0
0
0
0
0
0
0
0
0
0
0
0
0
0
0
0
0
0
0
0
0
0
0
0
0
0
0
0
0
0
0
0
0
0
0
0
0
0
0
0
0
0
0
0
0
0
0
0
0
0
0
0
0
0
0
0
0
0
0
0
0
0
0
0
0
0
0
0
0
0
0
0
0
0
0
0
0
0
0
0
0
0
0
0
0
0
0
0
0
0
0
0
0
0
0
0
0
0
0
0
0
0
0
0
0
0
0
0
0
0
0
0
0
0
0
0
0
0
0
0
0
0
0
0
0
0
0
0
0
0
0
0
0
0
0
0
0
0
0
0
0
0
0
0
0
0
0
0
0
0
0
0
0
0
0
0
0
0
0
0
0
0
0
0
0
0
0
0
0
0
0
0
0
0
0
0
0
0
0
0
0
0
0
0
0
0
0
0
0
0
0
0
0
0
0
0
0
0
0
0
0
0
0
0
0
0
0
0
0
0
0
0
0
0
0
0
0
0
0
0
0
0
0
0
0
0
0
0
0
0
0
0
0
0
0
0
0
0
0
0
0
0
0
0
0
0
0
0
0
0
0
0
0
0
0
0
0
0
0
0
0
0
0
0
0
0
0
0
0
0
0
0
0
0
0
0
0
0
0
0
0
0
0
0
0
0
0
0
0
0
0
0
0
0
0
0
0
0
0
0
0
0
0
0
0
0
0
0
0
0
0
0
0
0
0
0
0
0
0
0
0
0
0
0
0
0
0
0
0
0
0
0
0
0
0
0
0
0
0
0
0
0
0
0
0
0
0
0
0
0
0
0
0
0
0
0
0
0
0
0
0
0
0
0
0
0
0
0
0
0
0
0
0
0
0
0
0
0
0
0
0
0
0
0
0
0
0
0
0
0
0
0
0
0
0
0
0
0
0
0
0
0
0
0
0
0
0
0
0
0
0
0
0
0
0
0
0
0
0
0
0
0
0
0
0
0
0
0
0
0
0
0
0
0
0
0
0
0
0
0
0
0
0
0
0
0
0
0
0
0
0
0
0
0
0
0
0
0
0
0
0
0
0
0
0
0
0
0
0
0
0
0
0
0
0
0
0
0
0
0
0
0
0
0
0
0
0
0
0
0
0
0
0
0
0
0
0
0
0
0
0
0
0
0
0
0
0
0
0
0
0
0
0
0
0
0
0
0
0
0
0
0
0
0
0
0
0
0
0
0
0
0
0
0
0
0
0
0
0
0
0
0
0
0
0
0
0
0
0
0
0
0
0
0
0
0
0
0
0
0
0
0
0
0
0
0
0
0
0
0
0
0
0
0
0
0
0
0
0
0
0
0
0
0
0
0
0
0
0
0
0
0
0
0
0
0
0
0
0
0
0
0
0
0
0
0
0
0
0
0
0
0
0
0
0
0
0
0
0
0
0
0
0
0
0
0
0
0
0
0
0
0
0
0
0
0
0
0
0
0
0
0
0
0
0
0
0
0
0
0
0
0
0
0
0
0
0
0
0
0
0
0
0
0
0
0
0
0
0
0
0
0
0
0
0
0
0
0
0
0
0
0
0
0
0
0
0
0
0
0
0
0
0
0
0
0
0
0
0
0
0
0
0
0
0
0
0
0
0
0
0
0
0
0
0
0
0
0
0
0
0
0
0
0
0
0
0
0
0
0
0
0
0
0
0
0
0
0
0
0
0
0
0
0
0
0
0
0
0
0
0
0
0
0
0
0
0
0
0
0
0
0
0
0
0
0
0
0
0
0
0
0
0
0
0
0
0
0
0
0
0
0
0
0
0
0
0
0
0
0
0
0
0
0
0
0
0
0
0
0
0
0
0
0
0
0
0
0
0
0
0
0
0
0
0
0
0
0
0
0
0
0
0
0
0
0
0
0
0
0
0
0
0
0
0
0
0
0
0
0
0
0
0
0
0
0
0
0
0
0
0
0
0
0
0
0
0
0
0
0
0
0
0
0
0
0
0
0
0
0
0
0
0
0
0
0
0
0
0
0
0
0
0
0
0
0
0
0
0
0
0
0
0
0
0
0
0
0
0
0
0
0
0
0
0
0
0
0
0
0
0
0
0
0
0
0
0
0
0
0
0
0
0
0
0
0
0
0
0
0
0
0
0
0
0
0
0
0
0
0
0
0
0
0
0
0
0
0
0
0
0
0
0
0
0
0
0
0
0
0
0
0
0
0
0
0
0
0
0
0
0
0
0
0
0
0
0
0
0
0
0
0
0
0
0
0
0
0
0
0
0
0
0
0
0
0
0
0
0
0
0
0
0
0
0
0
0
0
0
0
0
0
0
0
0
0
0
0
0
0
0
0
0
0
0
0
0
0
0
0
0
0
0
0
0
0
0
0
0
0
0
0
0
0
0
0
0
0
0
0
0
0
0
0
0
0
0
0
0
0
0
0
0
0
0
0
0
0
0
0
0
0
0
0
0
0
0
0
0
0
0
0
0
0
0
0
0
0
0
0
0
0
0
0
0
0
0
0
0
0
0
0
0
0
0
0
0
0
0
0
0
0
0
0
0
0
0
0
0
0
0
0
0
0
0
0
0
0
0
0
0
0
0
0
0
0
0
0
0
0
0
0
0
0
0
0
0
0
0
0
0
0
0
0
0
0
0
0
0
0
0
0
0
0
0
0
0
0
0
0
0
0
0
0
0
0
0
0
0
0
0
0
0
0
0
0
0
0
0
0
0
0
0
0
0
0
0
0
0
0
0
0
0
0
0
0
0
0
0
0
0
0
0
0
0
0
0
0
0
0
0
0
0
0
0
0
0
0
0
0
0
0
0
0
0
0
0
0
0
0
0
0
0
0
0
0
0
0
0
0
0
0
0
0
0
0
0
0
0
0
0
0
0
0
0
0
0
0
0
0
0
0
0
0
0
0
0
0
0
0
0
0
0
0
0
0
0
0
0
0
0
0
0
0
0
0
0
0
0
0
0
0
0
0
0
0
0
0
0
0
0
0
0
0
0
0
0
0
0
0
0
0
0
0
0
0
0
0
0
0
0
0
0
0
0
0
0
0
0
0
0
0
0
0
0
0
0
0
0
0
0
0
0
0
0
0
0
0
0
0
0
0
0
0
0
0
0
0
0
0
0
0
0
0
0
0
0
0
0
0
0
0
0
0
0
0
0
0
0
0
0
0
0
0
0
0
0
0
0
0
0
0
0
0
0
0
0
0
0
0
0
0
0
0
0
0
0
0
0
0
0
0
0
0
0
0
0
0
0
0
0
0
0
0
0
0
0
0
0
0
0
0
0
0
0
0
0
0
0
0
0
0
0
0
0
0
0
0
0
0
0
0
0
0
0
0
0
0
0
0
0
0
0
0
0
0
0
0
0
0
0
0
0
0
0
0
0
0
0
0
0
0
0
0
0
0
0
0
0
0
0
0
0
0
0
0
0
0
0
0
0
0
0
0
0
0
0
0
0
0
0
0
0
0
0
0
0
0
0
0
0
0
0
0
0
0
0
0
0
0
0
0
0
0
0
0
0
0
0
0
0
0
0
0
0
0
0
0
0
0
0
0
0
0
0
0
0
0
0
0
0
0
0
0
0
0
0
0
0
0
0
0
0
0
0
0
0
0
0
0
0
0
0
0
0
0
0
0
0
0
0
0
0
0
0
0
0
0
0
0
0
0
0
0
0
0
0
0
0
0
0
0
0
0
0
0
0
0
0
0
0
0
0
0
0
0
0
0
0
0
0
0
0
0
0
0
0
0
0
0
0
0
0
0
0
0
0
0
0
0
0
0
0
0
0
0
0
0
0
0
0
0
0
0
0
0
0
0
0
0
0
0
0
0
0
0
0
0
0
0
0
0
0
0
0
0
0
0
0
0
0
0
0
0
0
0
0
0
0
0
0
0
0
0
0
0
0
0
0
0
0
0
0
0
0
0
0
0
0
0
0
0
0
0
0
0
0
0
0
0
0
0
0
0
0
0
0
0
0
0
0
0
0
0
0
0
0
0
0
0
0
0
0
0
0
0
0
0
0
0
0
0
0
0
0
0
0
0
0
0
0
0
0
0
0
0
0
0
0
0
0
0
0
0
0
0
0
0
0
0
0
0
0
0
0
0
0
0
0
0
0
0
0
0
0
0
0
0
0
0
0
0
0
0
0
0
0
0
0
0
0
0
0
0
0
0
0
0
0
0
0
0
0
0
0
0
0
0
0
0
0
0
0
0
0
0
0
0
0
0
0
0
0
0
0
0
0
0
0
0
0
0
0
0
0
0
0
0
0
0
0
0
0
0
0
0
0
0
0
0
0
0
0
0
0
0
0
0
0
0
0
0
0
0
0
0
0
0
0
0
0
0
0
0
0
0
0
0
0
0
0
0
0
0
0
0
0
0
0
0
0
0
0
0
0
0
0
0
0
0
0
0
0
0
0
0
0
0
0
0
0
0
0
0
0
0
0
0
0
0
0
0
0
0
0
0
0
0
0
0
0
0
0
0
0
0
0
0
0
0
0
0
0
0
0
0
0
0
0
0
0
0
0
0
0
0
0
0
0
0
0
0
0
0
0
0
0
0
0
0
0
0
0
0
0
0
0
0
0
0
0
0
0
0
0
0
0
0
0
0
0
0
0
0
0
0
0
0
0
0
0
0
0
0
0
0
0
0
0
0
0
0
0
0
0
0
0
0
0
0
0
0
0
0
0
0
0
0
0
0
0
0
0
0
0
0
0
0
0
0
0
0
0
0
0
0
0
0
0
0
0
0
0
0
0
0
0
0
0
0
0
0
0
0
0
0
0
0
0
0
0
0
0
0
0
0
0
0
0
0
0
0
0
0
0
0
0
0
0
0
0
0
0
0
0
0
0
0
0
0
0
0
0
0
0
0
0
0
0
0
0
0
0
0
0
0
0
0
0
0
0
0
0
0
0
0
0
0
0
0
0
0
0
0
0
0
0
0
0
0
0
0
0
0
0
0
0
0
0
0
0
0
0
0
0
0
0
0
0
0
0
0
0
0
0
0
0
0
0
0
0
0
0
0
0
0
0
0
0
0
0
0
0
0
0
0
0
0
0
0
0
0
0
0
0
0
0
0
0
0
0
0
0
0
0
0
0
0
0
0
0
0
0
0
0
0
0
0
0
0
0
0
0
0
0
0
0
0
0
0
0
0
0
0
0
0
0
0
0
0
0
0
0
0
0
0
0
0
0
0
0
0
0
0
0
0
0
0
0
0
0
0
0
0
0
0
0
0
0
0
0
0
0
0
0
0
0
0
0
0
0
0
0
0
0
0
0
0
0
0
0
0
0
0
0
0
0
0
0
0
0
0
0
0
0
0
0
0
0
0
0
0
0
0
0
0
0
0
0
0
0
0
0
0
0
0
0
0
0
0
0
0
0
0
0
0
0
0
0
0
0
0
0
0
0
0
0
0
0
0
0
0
0
0
0
0
0
0
0
0
0
0
0
0
0
0
0
0
0
0
0
0
0
0
0
0
0
0
0
0
0
0
0
0
0
0
0
0
0
0
0
0
0
0
0
0
0
0
0
0
0
0
0
0
0
0
0
0
0
0
0
0
0
0
0
0
0
0
0
0
0
0
0
0
0
0
0
0
0
0
0
0
0
0
0
0
0
0
0
0
0
0
0
0
0
0
0
0
0
0
0
0
0
0
0
0
0
0
0
0
0
0
0
0
0
0
0
0
0
0
0
0
0
0
0
0
0
0
0
0
0
0
0
0
0
0
0
0
0
0
0
0
0
0
0
0
0
0
0
0
0
0
0
0
0
0
0
0
0
0
0
0
0
0
0
0
0
0
0
0
0
0
0
0
0
0
0
0
0
0
0
0
0
0
0
0
0
0
0
0
0
0
0
0
0
0
0
0
0
0
0
0
0
0
0
0
0
0
0
0
0
0
0
0
0
0
0
0
0
0
0
0
0
0
0
0
0
0
0
0
0
0
0
0
0
0
0
0
0
0
0
0
0
0
0
0
0
0
0
0
0
0
0
0
0
0
0
0
0
0
0
0
0
0
0
0
0
0
0
0
0
0
0
0
0
0
0
0
0
0
0
0
0
0
0
0
0
0
0
0
0
0
0
0
0
0
0
0
0
0
0
0
0
0
0
0
0
0
0
0
0
0
0
0
0
0
0
0
0
0
0
0
0
0
0
0
0
0
0
0
0
0
0
0
0
0
0
0
0
0
0
0
0
0
0
0
0
0
0
0
0
0
0
0
0
0
0
0
0
0
0
0
0
0
0
0
0
0
0
0
0
0
0
0
0
0
0
0
0
0
0
0
0
0
0
0
0
0
0
0
0
0
0
0
0
0
0
0
0
0
0
0
0
0
0
0
0
0
0
0
0
0
0
0
0
0
0
0
0
0
0
0
0
0
0
0
0
0
0
0
0
0
0
0
0
0
0
0
0
0
0
0
0
0
0
0
0
0
0
0
0
0
0
0
0
0
0
0
0
0
0
0
0
0
0
0
0
0
0
0
0
0
0
0
0
0
0
0
0
0
0
0
0
0
0
0
0
0
0
0
0
0
0
0
0
0
0
0
0
0
0
0
0
0
0
0
0
0
0
0
0
0
0
0
0
0
0
0
0
0
0
0
0
0
0
0
0
0
0
0
0
0
0
0
0
0
0
0
0
0
0
0
0
0
0
0
0
0
0
0
0
0
0
0
0
0
0
0
0
0
0
0
0
0
0
0
0
0
0
0
0
0
0
0
0
0
0
0
0
0
0
0
0
0
0
0
0
0
0
0
0
0
0
0
0
0
0
0
0
0
0
0
0
0
0
0
0
0
0
0
0
0
0
0
0
0
0
0
0
0
0
0
0
0
0
0
0
0
0
0
0
0
0
0
0
0
0
0
0
0
0
0
0
0
0
0
0
0
0
0
0
0
0
0
0
0
0
0
0
0
0
0
0
0
0
0
0
0
0
0
0
0
0
0
0
0
0
0
0
0
0
0
0
0
0
0
0
0
0
0
0
0
0
0
0
0
0
0
0
0
0
0
0
0
0
0
0
0
0
0
0
0
0
0
0
0
0
0
0
0
0
0
0
0
0
0
0
0
0
0
0
0
0
0
0
0
0
0
0
0
0
0
0
0
0
0
0
0
0
0
0
0
0
0
0
0
0
0
0
0
0
0
0
0
0
0
0
0
0
0
0
0
0
0
0
0
0
0
0
0
0
0
0
0
0
0
0
0
0
0
0
0
0
0
0
0
0
0
0
0
0
0
0
0
0
0
0
0
0
0
0
0
0
0
0
0
0
0
0
0
0
0
0
0
0
0
0
0
0
0
0
0
0
0
0
0
0
0
0
0
0
0
0
0
0
0
0
0
0
0
0
0
0
0
0
0
0
0
0
0
0
0
0
0
0
0
0
0
0
0
0
0
0
0
0
0
0
0
0
0
0
0
0
0
0
0
0
0
0
0
0
0
0
0
0
0
0
0
0
0
0
0
0
0
0
0
0
0
0
0
0
0
0
0
0
0
0
0
0
0
0
0
0
0
0
0
0
0
0
0
0
0
0
0
0
0
0
0
0
0
0
0
0
0
0
0
0
0
0
0
0
0
0
0
0
0
0
0
0
0
0
0
0
0
0
0
0
0
0
0
0
0
0
0
0
0
0
0
0
0
0
0
0
0
0
0
0
0
0
0
0
0
0
0
0
0
0
0
0
0
0
0
0
0
0
0
0
0
0
0
0
0
0
0
0
0
0
0
0
0
0
0
0
0
0
0
0
0
0
0
0
0
0
0
0
0
0
0
0
0
0
0
0
0
0
0
0
0
0
0
0
0
0
0
0
0
0
0
0
0
0
0
0
0
0
0
0
0
0
0
0
0
0
0
0
0
0
0
0
0
0
0
0
0
0
0
0
0
0
0
0
0
0
0
0
0
0
0
0
0
0
0
0
0
0
0
0
0
0
0
0
0
0
0
0
0
0
0
0
0
0
0
0
0
0
0
0
0
0
0
0
0
0
0
0
0
0
0
0
0
0
0
0
0
0
0
0
0
0
0
0
0
0
0
0
0
0
0
0
0
0
0
0
0
0
0
0
0
0
0
0
0
0
0
0
0
0
0
0
0
0
0
0
0
0
0
0
0
0
0
0
0
0
0
0
0
0
0
0
0
0
0
0
0
0
0
0
0
0
0
0
0
0
0
0
0
0
0
0
0
0
0
0
0
0
0
0
0
0
0
0
0
0
0
0
0
0
0
0
0
0
0
0
0
0
0
0
0
0
0
0
0
0
0
0
0
0
0
0
0
0
0
0
0
0
0
0
0
0
0
0
0
0
0
0
0
0
0
0
0
0
0
0
0
0
0
0
0
0
0
0
0
0
0
0
0
0
0
0
0
0
0
0
0
0
0
0
0
0
0
0
0
0
0
0
0
0
0
0
0
0
0
0
0
0
0
0
0
0
0
0
0
0
0
0
0
0
0
0
0
0
0
0
0
0
0
0
0
0
0
0
0
0
0
0
0
0
0
0
0
0
0
0
0
0
0
0
0
0
0
0
0
0
0
0
0
0
0
0
0
0
0
0
0
0
0
0
0
0
0
0
0
0
0
0
0
0
0
0
0
0
0
0
0
0
0
0
0
0
0
0
0
0
0
0
0
0
0
0
0
0
0
0
0
0
0
0
0
0
0
0
0
0
0
0
0
0
0
0
0
0
0
0
0
0
0
0
0
0
0
0
0
0
0
0
0
0
0
0
0
0
0
0
0
0
0
0
0
0
0
0
0
0
0
0
0
0
0
0
0
0
0
0
0
0
0
0
0
0
0
0
0
0
0
0
0
0
0
0
0
0
0
0
0
0
0
0
0
0
0
0
0
0
0
0
0
0
0
0
0
0
0
0
0
0
0
0
0
0
0
0
0
0
0
0
0
0
0
0
0
0
0
0
0
0
0
0
0
0
0
0
0
0
0
0
0
0
0
0
0
0
0
0
0
0
0
0
0
0
0
0
0
0
0
0
0
0
0
0
0
0
0
0
0
0
0
0
0
0
0
0
0
0
0
0
0
0
0
0
0
0
0
0
0
0
0
0
0
0
0
0
0
0
0
0
0
0
0
0
0
0
0
0
0
0
0
0
0
0
0
0
0
0
0
0
0
0
0
0
0
0
0
0
0
0
0
0
0
0
0
0
0
0
0
0
0
0
0
0
0
0
0
0
0
0
0
0
0
0
0
0
0
0
0
0
0
0
0
0
0
0
0
0
0
0
0
0
0
0
0
0
0
0
0
0
0
0
0
0
0
0
0
0
0
0
0
0
0
0
0
0
0
0
0
0
0
0
0
0
0
0
0
0
0
0
0
0
0
0
0
0
0
0
0
0
0
0
0
0
0
0
0
0
0
0
0
0
0
0
0
0
0
0
0
0
0
0
0
0
0
0
0
0
0
0
0
0
0
0
0
0
0
0
0
0
0
0
0
0
0
0
0
0
0
0
0
0
0
0
0
0
0
0
0
0
0
0
0
0
0
0
0
0
0
0
0
0
0
0
0
0
0
0
0
0
0
0
0
0
0
0
0
0
0
0
0
0
0
0
0
0
0
0
0
0
0
0
0
0
0
0
0
0
0
0
0
0
0
0
0
0
0
0
0
0
0
0
0
0
0
0
0
0
0
0
0
0
0
0
0
0
0
0
0
0
0
0
0
0
0
0
0
0
0
0
0
0
0
0
0
0
0
0
0
0
0
0
0
0
0
0
0
0
0
0
0
0
0
0
0
0
0
0
0
0
0
0
0
0
0
0
0
0
0
0
0
0
0
0
0
0
0
0
0
0
0
0
0
0
0
0
0
0
0
0
0
0
0
0
0
0
0
0
0
0
0
0
0
0
0
0
0
0
0
0
0
0
0
0
0
0
0
0
0
0
0
0
0
0
0
0
0
0
0
0
0
0
0
0
0
0
0
0
0
0
0
0
0
0
0
0
0
0
0
0
0
0
0
0
0
0
0
0
0
0
0
0
0
0
0
0
0
0
0
0
0
0
0
0
0
0
0
0
0
0
0
0
0
0
0
0
0
0
0
0
0
0
0
0
0
0
0
0
0
0
0
0
0
0
0
0
0
0
0
0
0
0
0
0
0
0
0
0
0
0
0
0
0
0
0
0
0
0
0
0
0
0
0
0
0
0
0
0
0
0
0
0
0
0
0
0
0
0
0
0
0
0
0
0
0
0
0
0
0
0
0
0
0
0
0
0
0
0
0
0
0
0
0
0
0
0
0
0
0
0
0
0
0
0
0
0
0
0
0
0
0
0
0
0
0
0
0
0
0
0
0
0
0
0
0
0
0
0
0
0
0
0
0
0
0
0
0
0
0
0
0
0
0
0
0
0
0
0
0
0
0
0
0
0
0
0
0
0
0
0
0
0
0
0
0
0
0
0
0
0
0
0
0
0
0
0
0
0
0
0
0
0
0
0
0
0
0
0
0
0
0
0
0
0
0
0
0
0
0
0
0
0
0
0
0
0
0
0
0
0
0
0
0
0
0
0
0
0
0
0
0
0
0
0
0
0
0
0
0
0
0
0
0
0
0
0
0
0
0
0
0
0
0
0
0
0
0
0
0
0
0
0
0
0
0
0
0
0
0
0
0
0
0
0
0
0
0
0
0
0
0
0
0
0
0
0
0
0
0
0
0
0
0
0
0
0
0
0
0
0
0
0
0
0
0
0
0
0
0
0
0
0
0
0
0
0
0
0
0
0
0
0
0
0
0
0
0
0
0
0
0
0
0
0
0
0
0
0
0
0
0
0
0
0
0
0
0
0
0
0
0
0
0
0
0
0
0
0
0
0
0
0
0
0
0
0
0
0
0
0
0
0
0
0
0
0
0
0
0
0
0
0
0
0
0
0
0
0
0
0
0
0
0
0
0
0
0
0
0
0
0
0
0
0
0
0
0
0
0
0
0
0
0
0
0
0
0
0
0
0
0
0
0
0
0
0
0
0
0
0
0
0
0
0
0
0
0
0
0
0
0
0
0
0
0
0
0
0
0
0
0
0
0
0
0
0
0
0
0
0
0
0
0
0
0
0
0
0
0
0
0
0
0
0
0
0
0
0
0
0
0
0
0
0
0
0
0
0
0
0
0
0
0
0
0
0
0
0
0
0
0
0
0
0
0
0
0
0
0
0
0
0
0
0
0
0
0
0
0
0
0
0
0
0
0
0
0
0
0
0
0
0
0
0
0
0
0
0
0
0
0
0
0
0
0
0
0
0
0
0
0
0
0
0
0
0
0
0
0
0
0
0
0
0
0
0
0
0
0
0
0
0
0
0
0
0
0
0
0
0
0
0
0
0
0
0
0
0
0
0
0
0
0
0
0
0
0
0
0
0
0
0
0
0
0
0
0
0
0
0
0
0
0
0
0
0
0
0
0
0
0
0
0
0
0
0
0
0
0
0
0
0
0
0
0
0
0
0
0
0
0
0
0
0
0
0
0
0
0
0
0
0
0
0
0
0
0
0
0
0
0
0
0
0
0
0
0
0
0
0
0
0
0
0
0
0
0
0
0
0
0
0
0
0
0
0
0
0
0
0
0
0
0
0
0
0
0
0
0
0
0
0
0
0
0
0
0
0
0
0
0
0
0
0
0
0
0
0
0
0
0
0
0
0
0
0
0
0
0
0
0
0
0
0
0
0
0
0
0
0
0
0
0
0
0
0
0
0
0
0
0
0
0
0
0
0
0
0
0
0
0
0
0
0
0
0
0
0
0
0
0
0
0
0
0
0
0
0
0
0
0
0
0
0
0
0
0
0
0
0
0
0
0
0
0
0
0
0
0
0
0
0
0
0
0
0
0
0
0
0
0
0
0
0
0
0
0
0
0
0
0
0
0
0
0
0
0
0
0
0
0
0
0
0
0
0
0
0
0
0
0
0
0
0
0
0
0
0
0
0
0
0
0
0
0
0
0
0
0
0
0
0
0
0
0
0
0
0
0
0
0
0
0
0
0
0
0
0
0
0
0
0
0
0
0
0
0
0
0
0
0
0
0
0
0
0
0
0
0
0
0
0
0
0
0
0
0
0
0
0
0
0
0
0
0
0
0
0
0
0
0
0
0
0
0
0
0
0
0
0
0
0
0
0
0
0
0
0
0
0
0
0
0
0
0
0
0
0
0
0
0
0
0
0
0
0
0
0
0
0
0
0
0
0
0
0
0
0
0
0
0
0
0
0
0
0
0
0
0
0
0
0
0
0
0
0
0
0
0
0
0
0
0
0
0
0
0
0
0
0
0
0
0
0
0
0
0
0
0
0
0
0
0
0
0
0
0
0
0
0
0
0
0
0
0
0
0
0
0
0
0
0
0
0
0
0
0
0
0
0
0
0
0
0
0
0
0
0
0
0
0
0
0
0
0
0
0
0
0
0
0
0
0
0
0
0
0
0
0
0
0
0
0
0
0
0
0
0
0
0
0
0
0
0
0
0
0
0
0
0
0
0
0
0
0
0
0
0
0
0
0
0
0
0
0
0
0
0
0
0
0
0
0
0
0
0
0
0
0
0
0
0
0
0
0
0
0
0
0
0
0
0
0
0
0
0
0
0
0
0
0
0
0
0
0
0
0
0
0
0
0
0
0
0
0
0
0
0
0
0
0
0
0
0
0
0
0
0
0
0
0
0
0
0
0
0
0
0
0
0
0
0
0
0
0
0
0
0
0
0
0
0
0
0
0
0
0
0
0
0
0
0
0
0
0
0
0
0
0
0
0
0
0
0
0
0
0
0
0
0
0
0
0
0
0
0
0
0
0
0
0
0
0
0
0
0
0
0
0
0
0
0
0
0
0
0
0
0
0
0
0
0
0
0
0
0
0
0
0
0
0
0
0
0
0
0
0
0
0
0
0
0
0
0
0
0
0
0
0
0
0
0
0
0
0
0
0
0
0
0
0
0
0
0
0
0
0
0
0
0
0
0
0
0
0
0
0
0
0
0
0
0
0
0
0
0
0
0
0
0
0
0
0
0
0
0
0
0
0
0
0
0
0
0
0
0
0
0
0
0
0
0
0
0
0
0
0
0
0
0
0
0
0
0
0
0
0
0
0
0
0
0
0
0
0
0
0
0
0
0
0
0
0
0
0
0
0
0
0
0
0
0
0
0
0
0
0
0
0
0
0
0
0
0
0
0
0
0
0
0
0
0
0
0
0
0
0
0
0
0
0
0
0
0
0
0
0
0
0
0
0
0
0
0
0
0
0
0
0
0
0
0
0
0
0
0
0
0
0
0
0
0
0
0
0
0
0
0
0
0
0
0
0
0
0
0
0
0
0
0
0
0
0
0
0
0
0
0
0
0
0
0
0
0
0
0
0
0
0
0
0
0
0
0
0
0
0
0
0
0
0
0
0
0
0
0
0
0
0
0
0
0
0
0
0
0
0
0
0
0
0
0
0
0
0
0
0
0
0
0
0
0
0
0
0
0
0
0
0
0
0
0
0
0
0
0
0
0
0
0
0
0
0
0
0
0
0
0
0
0
0
0
0
0
0
0
0
0
0
0
0
0
0
0
0
0
0
0
0
0
0
0
0
0
0
0
0
0
0
0
0
0
0
0
0
0
0
0
0
0
0
0
0
0
0
0
0
0
0
0
0
0
0
0
0
0
0
0
0
0
0
0
0
0
0
0
0
0
0
0
0
0
0
0
0
0
0
0
0
0
0
0
0
0
0
0
0
0
0
0
0
0
0
0
0
0
0
0
0
0
0
0
0
0
0
0
0
0
0
0
0
0
0
0
0
0
0
0
0
0
0
0
0
0
0
0
0
0
0
0
0
0
0
0
0
0
0
0
0
0
0
0
0
0
0
0
0
0
0
0
0
0
0
0
0
0
0
0
0
0
0
0
0
0
0
0
0
0
0
0
0
0
0
0
0
0
0
0
0
0
0
0
0
0
0
0
0
0
0
0
0
0
0
0
0
0
0
0
0
0
0
0
0
0
0
0
0
0
0
0
0
0
0
0
0
0
0
0
0
0
0
0
0
0
0
0
0
0
0
0
0
0
0
0
0
0
0
0
0
0
0
0
0
0
0
0
0
0
0
0
0
0
0
0
0
0
0
0
0
0
0
0
0
0
0
0
0
0
0
0
0
0
0
0
0
0
0
0
0
0
0
0
0
0
0
0
0
0
0
0
0
0
0
0
0
0
0
0
0
0
0
0
0
0
0
0
0
0
0
0
0
0
0
0
0
0
0
0
0
0
0
0
0
0
0
0
0
0
0
0
0
0
0
0
0
0
0
0
0
0
0
0
0
0
0
0
0
0
0
0
0
0
0
0
0
0
0
0
0
0
0
0
0
0
0
0
0
0
0
0
0
0
0
0
0
0
0
0
0
0
0
0
0
0
0
0
0
0
0
0
0
0
0
0
0
0
0
0
0
0
0
0
0
0
0
0
0
0
0
0
0
0
0
0
0
0
0
0
0
0
0
0
0
0
0
0
0
0
0
0
0
0
0
0
0
0
0
0
0
0
0
0
0
0
0
0
0
0
0
0
0
0
0
0
0
0
0
0
0
0
0
0
0
0
0
0
0
0
0
0
0
0
0
0
0
0
0
0
0
0
0
0
0
0
0
0
0
0
0
0
0
0
0
0
0
0
0
0
0
0
0
0
0
0
0
0
0
0
0
0
0
0
0
0
0
0
0
0
0
0
0
0
0
0
0
0
0
0
0
0
0
0
0
0
0
0
0
0
0
0
0
0
0
0
0
0
0
0
0
0
0
0
0
0
0
0
0
0
0
0
0
0
0
0
0
0
0
0
0
0
0
0
0
0
0
0
0
0
0
0
0
0
0
0
0
0
0
0
0
0
0
0
0
0
0
0
0
0
0
0
0
0
0
0
0
0
0
0
0
0
0
0
0
0
0
0
0
0
0
0
0
0
0
0
0
0
0
0
0
0
0
0
0
0
0
0
0
0
0
0
0
0
0
0
0
0
0
0
0
0
0
0
0
0
0
0
0
0
0
0
0
0
0
