4095
0
0
0
0
0
0
0
0
0
0
0
0
0
0
0
4095
0
0
0
0
0
0
0
0
0
0
0
0
0
0
0
0
0
0
0
0
0
0
0
4095
0
0
0
0
0
0
0
0
0
0
0
0
0
0
0
4095
0
0
0
0
0
0
0
0
0
0
0
0
0
0
0
4095
0
0
0
0
0
0
0
0
0
0
0
0
0
0
0
4095
0
0
0
0
0
0
0
0
0
0
0
0
0
0
0
4095
0
0
0
0
0
0
0
0
0
0
0
0
0
0
0
4095
0
0
0
0
0
0
0
0
0
0
0
0
0
0
0
4095
0
0
0
0
0
0
0
0
0
0
0
0
0
0
0
4095
0
0
0
0
0
0
0
0
0
0
0
0
0
0
0
4095
0
0
0
0
0
0
0
0
0
0
0
0
0
0
0
4094
4094
0
0
0
0
0
0
4094
4095
0
0
0
0
0
0
4094
4094
0
0
0
0
0
0
4094
4094
0
0
0
0
0
0
4094
4095
0
0
0
0
0
0
4094
4093
0
0
0
0
0
0
4093
4094
0
0
0
0
0
0
4094
4094
0
0
0
0
0
0
4092
4095
0
0
0
0
0
0
4093
4093
0
0
0
0
0
0
4092
4094
0
0
0
0
0
0
4093
4091
0
0
0
0
0
0
4092
4094
0
0
0
0
0
0
4093
4092
0
0
0
0
0
0
4095
0
0
0
0
0
0
0
4092
4090
0
0
0
0
0
0
4095
4095
0
0
0
0
0
0
4089
4089
0
0
0
0
0
0
4094
0
0
0
0
0
0
0
4089
4089
0
0
0
0
0
0
2
0
0
0
0
0
0
0
4087
4090
0
0
0
0
0
0
4
2
0
0
0
0
0
0
4087
4090
0
0
0
0
0
0
4
0
0
0
0
0
0
0
4085
4091
0
0
0
0
0
0
8
4095
0
0
0
0
0
0
4083
4091
0
0
0
0
0
0
7
4093
0
0
0
0
0
0
4084
4094
0
0
0
0
0
0
7
4090
0
0
0
0
0
0
4083
2
0
0
0
0
0
0
7
4089
0
0
0
0
0
0
4086
5
0
0
0
0
0
0
4
4083
0
0
0
0
0
0
4089
9
0
0
0
0
0
0
1
4081
0
0
0
0
0
0
4092
11
0
0
0
0
0
0
4092
4077
0
0
0
0
0
0
0
13
0
0
0
0
0
0
4087
4075
0
0
0
0
0
0
7
17
0
0
0
0
0
0
4081
4074
0
0
0
0
0
0
12
17
0
0
0
0
0
0
4074
4072
0
0
0
0
0
0
18
15
0
0
0
0
0
0
4068
4075
0
0
0
0
0
0
23
13
0
0
0
0
0
0
4063
4078
0
0
0
0
0
0
28
9
0
0
0
0
0
0
4060
4082
0
0
0
0
0
0
30
4
0
0
0
0
0
0
4059
4089
0
0
0
0
0
0
32
4093
0
0
0
0
0
0
4058
1
0
0
0
0
0
0
29
4084
0
0
0
0
0
0
4062
10
0
0
0
0
0
0
25
4075
0
0
0
0
0
0
4069
19
0
0
0
0
0
0
18
4068
0
0
0
0
0
0
4079
28
0
0
0
0
0
0
6
4059
0
0
0
0
0
0
4088
35
0
0
0
0
0
0
4090
4052
0
0
0
0
0
0
6
43
0
0
0
0
0
0
4078
4048
0
0
0
0
0
0
21
45
0
0
0
0
0
0
4063
4046
0
0
0
0
0
0
36
46
0
0
0
0
0
0
4048
4046
0
0
0
0
0
0
48
43
0
0
0
0
0
0
4037
4052
0
0
0
0
0
0
60
37
0
0
0
0
0
0
4027
4060
0
0
0
0
0
0
67
26
0
0
0
0
0
0
4021
4071
0
0
0
0
0
0
71
12
0
0
0
0
0
0
4018
4085
0
0
0
0
0
0
71
4093
0
0
0
0
0
0
4022
6
0
0
0
0
0
0
63
4076
0
0
0
0
0
0
4031
23
0
0
0
0
0
0
53
4059
0
0
0
0
0
0
4045
41
0
0
0
0
0
0
38
4041
0
0
0
0
0
0
4063
58
0
0
0
0
0
0
16
4027
0
0
0
0
0
0
4087
72
0
0
0
0
0
0
4087
4014
0
0
0
0
0
0
15
81
0
0
0
0
0
0
4063
4007
0
0
0
0
0
0
41
86
0
0
0
0
0
0
4035
4003
0
0
0
0
0
0
67
85
0
0
0
0
0
0
4012
4008
0
0
0
0
0
0
89
79
0
0
0
0
0
0
3991
4018
0
0
0
0
0
0
107
65
0
0
0
0
0
0
3974
4033
0
0
0
0
0
0
122
48
0
0
0
0
0
0
3967
4055
0
0
0
0
0
0
125
25
0
0
0
0
0
0
3965
4080
0
0
0
0
0
0
122
4093
0
0
0
0
0
0
3974
12
0
0
0
0
0
0
111
4065
0
0
0
0
0
0
3988
41
0
0
0
0
0
0
91
4036
0
0
0
0
0
0
4013
71
0
0
0
0
0
0
62
4006
0
0
0
0
0
0
4044
96
0
0
0
0
0
0
29
3983
0
0
0
0
0
0
4083
117
0
0
0
0
0
0
4084
3966
0
0
0
0
0
0
26
133
0
0
0
0
0
0
4045
3955
0
0
0
0
0
0
67
139
0
0
0
0
0
0
4004
3953
0
0
0
0
0
0
106
136
0
0
0
0
0
0
3966
3959
0
0
0
0
0
0
141
124
0
0
0
0
0
0
3934
3976
0
0
0
0
0
0
168
104
0
0
0
0
0
0
3910
4000
0
0
0
0
0
0
186
74
0
0
0
0
0
0
3899
4034
0
0
0
0
0
0
191
37
0
0
0
0
0
0
3898
4072
0
0
0
0
0
0
185
4092
0
0
0
0
0
0
3911
19
0
0
0
0
0
0
166
4050
0
0
0
0
0
0
3937
63
0
0
0
0
0
0
136
4007
0
0
0
0
0
0
3974
105
0
0
0
0
0
0
94
3966
0
0
0
0
0
0
4022
143
0
0
0
0
0
0
43
3933
0
0
0
0
0
0
4076
173
0
0
0
0
0
0
4082
3907
0
0
0
0
0
0
38
193
0
0
0
0
0
0
4022
3893
0
0
0
0
0
0
98
201
0
0
0
0
0
0
3963
3890
0
0
0
0
0
0
154
197
0
0
0
0
0
0
3911
3902
0
0
0
0
0
0
202
178
0
0
0
0
0
0
3866
3926
0
0
0
0
0
0
239
148
0
0
0
0
0
0
3838
3963
0
0
0
0
0
0
263
106
0
0
0
0
0
0
3821
4010
0
0
0
0
0
0
271
55
0
0
0
0
0
0
3823
4065
0
0
0
0
0
0
260
4091
0
0
0
0
0
0
3841
27
0
0
0
0
0
0
233
4033
0
0
0
0
0
0
3878
88
0
0
0
0
0
0
189
3974
0
0
0
0
0
0
3930
145
0
0
0
0
0
0
129
3919
0
0
0
0
0
0
3995
197
0
0
0
0
0
0
60
3874
0
0
0
0
0
0
4069
235
0
0
0
0
0
0
4076
3840
0
0
0
0
0
0
53
260
0
0
0
0
0
0
3997
3821
0
0
0
0
0
0
133
271
0
0
0
0
0
0
3919
3820
0
0
0
0
0
0
208
265
0
0
0
0
0
0
3850
3837
0
0
0
0
0
0
269
238
0
0
0
0
0
0
3792
3870
0
0
0
0
0
0
321
198
0
0
0
0
0
0
3752
3919
0
0
0
0
0
0
349
141
0
0
0
0
0
0
3733
3982
0
0
0
0
0
0
359
73
0
0
0
0
0
0
3735
4054
0
0
0
0
0
0
344
4092
0
0
0
0
0
0
3763
36
0
0
0
0
0
0
306
4014
0
0
0
0
0
0
3811
115
0
0
0
0
0
0
245
3936
0
0
0
0
0
0
3880
190
0
0
0
0
0
0
169
3868
0
0
0
0
0
0
3966
254
0
0
0
0
0
0
77
3809
0
0
0
0
0
0
4062
304
0
0
0
0
0
0
4071
3766
0
0
0
0
0
0
69
337
0
0
0
0
0
0
3969
3745
0
0
0
0
0
0
171
348
0
0
0
0
0
0
3870
3744
0
0
0
0
0
0
266
339
0
0
0
0
0
0
3783
3766
0
0
0
0
0
0
345
305
0
0
0
0
0
0
3710
3810
0
0
0
0
0
0
406
250
0
0
0
0
0
0
3661
3873
0
0
0
0
0
0
445
179
0
0
0
0
0
0
3637
3953
0
0
0
0
0
0
452
92
0
0
0
0
0
0
3643
4045
0
0
0
0
0
0
433
4093
0
0
0
0
0
0
3678
46
0
0
0
0
0
0
384
3994
0
0
0
0
0
0
3739
144
0
0
0
0
0
0
310
3899
0
0
0
0
0
0
3828
236
0
0
0
0
0
0
211
3811
0
0
0
0
0
0
3934
317
0
0
0
0
0
0
96
3740
0
0
0
0
0
0
4055
379
0
0
0
0
0
0
4067
3688
0
0
0
0
0
0
86
418
0
0
0
0
0
0
3940
3662
0
0
0
0
0
0
212
432
0
0
0
0
0
0
3818
3663
0
0
0
0
0
0
327
418
0
0
0
0
0
0
3711
3691
0
0
0
0
0
0
425
375
0
0
0
0
0
0
3624
3746
0
0
0
0
0
0
499
309
0
0
0
0
0
0
3567
3825
0
0
0
0
0
0
543
219
0
0
0
0
0
0
3539
3923
0
0
0
0
0
0
553
114
0
0
0
0
0
0
3545
4035
0
0
0
0
0
0
527
4092
0
0
0
0
0
0
3588
55
0
0
0
0
0
0
466
3974
0
0
0
0
0
0
3664
176
0
0
0
0
0
0
375
3857
0
0
0
0
0
0
3772
287
0
0
0
0
0
0
255
3753
0
0
0
0
0
0
3901
382
0
0
0
0
0
0
116
3667
0
0
0
0
0
0
4046
455
0
0
0
0
0
0
4062
3609
0
0
0
0
0
0
105
502
0
0
0
0
0
0
3910
3577
0
0
0
0
0
0
254
515
0
0
0
0
0
0
3763
3577
0
0
0
0
0
0
392
499
0
0
0
0
0
0
3638
3614
0
0
0
0
0
0
508
449
0
0
0
0
0
0
3535
3679
0
0
0
0
0
0
595
368
0
0
0
0
0
0
3466
3773
0
0
0
0
0
0
643
261
0
0
0
0
0
0
3435
3890
0
0
0
0
0
0
654
134
0
0
0
0
0
0
3445
4023
0
0
0
0
0
0
622
4095
0
0
0
0
0
0
3498
68
0
0
0
0
0
0
550
3952
0
0
0
0
0
0
3589
207
0
0
0
0
0
0
441
3816
0
0
0
0
0
0
3716
337
0
0
0
0
0
0
300
3695
0
0
0
0
0
0
3868
448
0
0
0
0
0
0
136
3595
0
0
0
0
0
0
4040
533
0
0
0
0
0
0
4056
3525
0
0
0
0
0
0
121
585
0
0
0
0
0
0
3880
3491
0
0
0
0
0
0
296
601
0
0
0
0
0
0
3710
3494
0
0
0
0
0
0
456
580
0
0
0
0
0
0
3563
3534
0
0
0
0
0
0
589
520
0
0
0
0
0
0
3444
3612
0
0
0
0
0
0
687
425
0
0
0
0
0
0
3366
3721
0
0
0
0
0
0
744
301
0
0
0
0
0
0
3333
3859
0
0
0
0
0
0
757
157
0
0
0
0
0
0
3346
4012
0
0
0
0
0
0
718
4094
0
0
0
0
0
0
3408
79
0
0
0
0
0
0
633
3930
0
0
0
0
0
0
3514
239
0
0
0
0
0
0
507
3774
0
0
0
0
0
0
3659
386
0
0
0
0
0
0
343
3634
0
0
0
0
0
0
3834
512
0
0
0
0
0
0
157
3523
0
0
0
0
0
0
4031
609
0
0
0
0
0
0
4051
3444
0
0
0
0
0
0
139
669
0
0
0
0
0
0
3849
3407
0
0
0
0
0
0
338
687
0
0
0
0
0
0
3659
3413
0
0
0
0
0
0
519
661
0
0
0
0
0
0
3491
3458
0
0
0
0
0
0
669
591
0
0
0
0
0
0
3357
3548
0
0
0
0
0
0
782
483
0
0
0
0
0
0
3270
3673
0
0
0
0
0
0
845
343
0
0
0
0
0
0
3232
3827
0
0
0
0
0
0
854
178
0
0
0
0
0
0
3249
4002
0
0
0
0
0
0
811
4094
0
0
0
0
0
0
3320
87
0
0
0
0
0
0
715
3910
0
0
0
0
0
0
3439
269
0
0
0
0
0
0
570
3734
0
0
0
0
0
0
3606
435
0
0
0
0
0
0
388
3581
0
0
0
0
0
0
3803
576
0
0
0
0
0
0
176
3454
0
0
0
0
0
0
4024
684
0
0
0
0
0
0
4048
3369
0
0
0
0
0
0
156
749
0
0
0
0
0
0
3821
3326
0
0
0
0
0
0
377
768
0
0
0
0
0
0
3608
3333
0
0
0
0
0
0
579
737
0
0
0
0
0
0
3421
3385
0
0
0
0
0
0
746
659
0
0
0
0
0
0
3274
3486
0
0
0
0
0
0
870
539
0
0
0
0
0
0
3179
3626
0
0
0
0
0
0
938
380
0
0
0
0
0
0
3137
3797
0
0
0
0
0
0
949
198
0
0
0
0
0
0
3157
3992
0
0
0
0
0
0
899
4094
0
0
0
0
0
0
3237
98
0
0
0
0
0
0
790
3891
0
0
0
0
0
0
3371
297
0
0
0
0
0
0
630
3697
0
0
0
0
0
0
3555
479
0
0
0
0
0
0
428
3527
0
0
0
0
0
0
3775
637
0
0
0
0
0
0
195
3389
0
0
0
0
0
0
4017
752
0
0
0
0
0
0
4043
3295
0
0
0
0
0
0
171
823
0
0
0
0
0
0
3794
3250
0
0
0
0
0
0
415
843
0
0
0
0
0
0
3559
3256
0
0
0
0
0
0
635
809
0
0
0
0
0
0
3358
3318
0
0
0
0
0
0
817
721
0
0
0
0
0
0
3197
3429
0
0
0
0
0
0
952
589
0
0
0
0
0
0
3093
3582
0
0
0
0
0
0
1025
415
0
0
0
0
0
0
3050
3771
0
0
0
0
0
0
1036
215
0
0
0
0
0
0
3073
3982
0
0
0
0
0
0
979
4094
0
0
0
0
0
0
3162
108
0
0
0
0
0
0
861
3873
0
0
0
0
0
0
3309
323
0
0
0
0
0
0
685
3663
0
0
0
0
0
0
3508
521
0
0
0
0
0
0
465
3479
0
0
0
0
0
0
3746
690
0
0
0
0
0
0
213
3331
0
0
0
0
0
0
4010
815
0
0
0
0
0
0
4038
3230
0
0
0
0
0
0
187
891
0
0
0
0
0
0
3770
3181
0
0
0
0
0
0
449
910
0
0
0
0
0
0
3517
3191
0
0
0
0
0
0
685
873
0
0
0
0
0
0
3300
3257
0
0
0
0
0
0
882
779
0
0
0
0
0
0
3128
3378
0
0
0
0
0
0
1023
633
0
0
0
0
0
0
3017
3544
0
0
0
0
0
0
1103
447
0
0
0
0
0
0
2973
3747
0
0
0
0
0
0
1112
230
0
0
0
0
0
0
2998
3973
0
0
0
0
0
0
1052
4095
0
0
0
0
0
0
3094
114
0
0
0
0
0
0
921
3857
0
0
0
0
0
0
3254
346
0
0
0
0
0
0
734
3633
0
0
0
0
0
0
3469
559
0
0
0
0
0
0
496
3435
0
0
0
0
0
0
3722
736
0
0
0
0
0
0
226
3279
0
0
0
0
0
0
4004
870
0
0
0
0
0
0
4033
3172
0
0
0
0
0
0
198
949
0
0
0
0
0
0
3749
3121
0
0
0
0
0
0
478
969
0
0
0
0
0
0
3480
3134
0
0
0
0
0
0
731
929
0
0
0
0
0
0
3249
3204
0
0
0
0
0
0
937
827
0
0
0
0
0
0
3069
3334
0
0
0
0
0
0
1087
673
0
0
0
0
0
0
2952
3510
0
0
0
0
0
0
1169
475
0
0
0
0
0
0
2907
3726
0
0
0
0
0
0
1178
245
0
0
0
0
0
0
2933
3965
0
0
0
0
0
0
1111
4094
0
0
0
0
0
0
3038
121
0
0
0
0
0
0
973
3844
0
0
0
0
0
0
3207
366
0
0
0
0
0
0
775
3609
0
0
0
0
0
0
3435
590
0
0
0
0
0
0
524
3401
0
0
0
0
0
0
3704
776
0
0
0
0
0
0
238
3236
0
0
0
0
0
0
3999
915
0
0
0
0
0
0
4032
3125
0
0
0
0
0
0
210
999
0
0
0
0
0
0
3731
3073
0
0
0
0
0
0
503
1018
0
0
0
0
0
0
3448
3084
0
0
0
0
0
0
765
974
0
0
0
0
0
0
3208
3161
0
0
0
0
0
0
981
868
0
0
0
0
0
0
3021
3299
0
0
0
0
0
0
1137
705
0
0
0
0
0
0
2899
3483
0
0
0
0
0
0
1222
496
0
0
0
0
0
0
2853
3708
0
0
0
0
0
0
1230
255
0
0
0
0
0
0
2882
3960
0
0
0
0
0
0
1160
4094
0
0
0
0
0
0
2992
125
0
0
0
0
0
0
1015
3833
0
0
0
0
0
0
3169
380
0
0
0
0
0
0
807
3589
0
0
0
0
0
0
3406
612
0
0
0
0
0
0
545
3373
0
0
0
0
0
0
3688
805
0
0
0
0
0
0
248
3202
0
0
0
0
0
0
3997
950
0
0
0
0
0
0
4029
3088
0
0
0
0
0
0
215
1034
0
0
0
0
0
0
3718
3037
0
0
0
0
0
0
521
1055
0
0
0
0
0
0
3427
3049
0
0
0
0
0
0
792
1009
0
0
0
0
0
0
3177
3128
0
0
0
0
0
0
1014
897
0
0
0
0
0
0
2985
3272
0
0
0
0
0
0
1176
729
0
0
0
0
0
0
2861
3464
0
0
0
0
0
0
1261
512
0
0
0
0
0
0
2813
3696
0
0
0
0
0
0
1268
265
0
0
0
0
0
0
2846
3956
0
0
0
0
0
0
1194
0
0
0
0
0
0
0
2961
131
0
0
0
0
0
0
1045
3828
0
0
0
0
0
0
3145
392
0
0
0
0
0
0
830
3575
0
0
0
0
0
0
3389
629
0
0
0
0
0
0
560
3353
0
0
0
0
0
0
3677
829
0
0
0
0
0
0
255
3180
0
0
0
0
0
0
3994
974
0
0
0
0
0
0
4027
3063
0
0
0
0
0
0
222
1059
0
0
0
0
0
0
3709
3012
0
0
0
0
0
0
533
1079
0
0
0
0
0
0
3412
3027
0
0
0
0
0
0
810
1032
0
0
0
0
0
0
3157
3109
0
0
0
0
0
0
1037
917
0
0
0
0
0
0
2962
3255
0
0
0
0
0
0
1199
744
0
0
0
0
0
0
2837
3452
0
0
0
0
0
0
1284
522
0
0
0
0
0
0
2790
3688
0
0
0
0
0
0
1290
268
0
0
0
0
0
0
2825
3953
0
0
0
0
0
0
1214
4095
0
0
0
0
0
0
2941
132
0
0
0
0
0
0
1061
3824
0
0
0
0
0
0
3130
398
0
0
0
0
0
0
840
3567
0
0
0
0
0
0
3378
638
0
0
0
0
0
0
567
3343
0
0
0
0
0
0
3671
838
0
0
0
0
0
0
257
3169
0
0
0
0
0
0
3993
986
0
0
0
0
0
0
4027
3052
0
0
0
0
0
0
224
1072
0
0
0
0
0
0
3705
2999
0
0
0
0
0
0
538
1090
0
0
0
0
0
0
3405
3016
0
0
0
0
0
0
816
1039
0
0
0
0
0
0
3149
3099
0
0
0
0
0
0
1044
923
0
0
0
0
0
0
2954
3249
0
0
0
0
0
0
1207
746
0
0
0
0
0
0
2827
3447
0
0
0
0
0
0
1293
526
0
0
0
0
0
0
2783
3688
0
0
0
0
0
0
1297
270
0
0
0
0
0
0
2819
3954
0
0
0
0
0
0
1220
4095
0
0
0
0
0
0
2937
132
0
0
0
0
0
0
1066
3823
0
0
0
0
0
0
3128
400
0
0
0
0
0
0
843
3566
0
0
0
0
0
0
3376
638
0
0
0
0
0
0
569
3344
0
0
0
0
0
0
3671
839
0
0
0
0
0
0
257
3168
0
0
0
0
0
0
3993
986
0
0
0
0
0
0
4026
3051
0
0
0
0
0
0
223
1070
0
0
0
0
0
0
3706
3001
0
0
0
0
0
0
535
1087
0
0
0
0
0
0
3408
3020
0
0
0
0
0
0
815
1038
0
0
0
0
0
0
3154
3104
0
0
0
0
0
0
1041
921
0
0
0
0
0
0
2960
3252
0
0
0
0
0
0
1202
745
0
0
0
0
0
0
2836
3450
0
0
0
0
0
0
1285
522
0
0
0
0
0
0
2791
3690
0
0
0
0
0
0
1288
270
0
0
0
0
0
0
2829
3955
0
0
0
0
0
0
1211
4095
0
0
0
0
0
0
2946
130
0
0
0
0
0
0
1055
3825
0
0
0
0
0
0
3136
394
0
0
0
0
0
0
835
3572
0
0
0
0
0
0
3383
632
0
0
0
0
0
0
562
3351
0
0
0
0
0
0
3674
828
0
0
0
0
0
0
256
3180
0
0
0
0
0
0
3994
973
0
0
0
0
0
0
4028
3066
0
0
0
0
0
0
220
1055
0
0
0
0
0
0
3710
3016
0
0
0
0
0
0
529
1071
0
0
0
0
0
0
3417
3034
0
0
0
0
0
0
801
1020
0
0
0
0
0
0
3168
3119
0
0
0
0
0
0
1023
905
0
0
0
0
0
0
2978
3266
0
0
0
0
0
0
1179
730
0
0
0
0
0
0
2858
3462
0
0
0
0
0
0
1262
512
0
0
0
0
0
0
2816
3698
0
0
0
0
0
0
1263
263
0
0
0
0
0
0
2852
3956
0
0
0
0
0
0
1184
4095
0
0
0
0
0
0
2971
128
0
0
0
0
0
0
1033
3832
0
0
0
0
0
0
3157
386
0
0
0
0
0
0
816
3584
0
0
0
0
0
0
3400
618
0
0
0
0
0
0
548
3368
0
0
0
0
0
0
3685
809
0
0
0
0
0
0
248
3201
0
0
0
0
0
0
3997
948
0
0
0
0
0
0
4029
3091
0
0
0
0
0
0
215
1028
0
0
0
0
0
0
3721
3044
0
0
0
0
0
0
515
1042
0
0
0
0
0
0
3436
3064
0
0
0
0
0
0
779
992
0
0
0
0
0
0
3194
3146
0
0
0
0
0
0
995
879
0
0
0
0
0
0
3011
3291
0
0
0
0
0
0
1145
709
0
0
0
0
0
0
2896
3482
0
0
0
0
0
0
1223
497
0
0
0
0
0
0
2856
3710
0
0
0
0
0
0
1223
256
0
0
0
0
0
0
2893
3962
0
0
0
0
0
0
1147
4094
0
0
0
0
0
0
3007
123
0
0
0
0
0
0
999
3840
0
0
0
0
0
0
3188
373
0
0
0
0
0
0
789
3602
0
0
0
0
0
0
3424
595
0
0
0
0
0
0
529
3394
0
0
0
0
0
0
3700
780
0
0
0
0
0
0
239
3234
0
0
0
0
0
0
3999
913
0
0
0
0
0
0
4033
3130
0
0
0
0
0
0
207
989
0
0
0
0
0
0
3736
3086
0
0
0
0
0
0
495
1001
0
0
0
0
0
0
3462
3105
0
0
0
0
0
0
748
952
0
0
0
0
0
0
3231
3186
0
0
0
0
0
0
953
842
0
0
0
0
0
0
3055
3324
0
0
0
0
0
0
1098
681
0
0
0
0
0
0
2947
3507
0
0
0
0
0
0
1169
474
0
0
0
0
0
0
2909
3725
0
0
0
0
0
0
1168
243
0
0
0
0
0
0
2946
3966
0
0
0
0
0
0
1094
4095
0
0
0
0
0
0
3058
118
0
0
0
0
0
0
952
3851
0
0
0
0
0
0
3230
354
0
0
0
0
0
0
750
3624
0
0
0
0
0
0
3456
567
0
0
0
0
0
0
503
3428
0
0
0
0
0
0
3720
742
0
0
0
0
0
0
228
3277
0
0
0
0
0
0
4004
866
0
0
0
0
0
0
4036
3180
0
0
0
0
0
0
196
939
0
0
0
0
0
0
3754
3139
0
0
0
0
0
0
469
950
0
0
0
0
0
0
3495
3157
0
0
0
0
0
0
708
902
0
0
0
0
0
0
3277
3235
0
0
0
0
0
0
901
797
0
0
0
0
0
0
3112
3366
0
0
0
0
0
0
1036
642
0
0
0
0
0
0
3010
3540
0
0
0
0
0
0
1103
448
0
0
0
0
0
0
2978
3747
0
0
0
0
0
0
1102
229
0
0
0
0
0
0
3013
3974
0
0
0
0
0
0
1030
4095
0
0
0
0
0
0
3119
112
0
0
0
0
0
0
894
3866
0
0
0
0
0
0
3282
334
0
0
0
0
0
0
705
3652
0
0
0
0
0
0
3494
531
0
0
0
0
0
0
472
3470
0
0
0
0
0
0
3743
695
0
0
0
0
0
0
213
3328
0
0
0
0
0
0
4009
811
0
0
0
0
0
0
4039
3236
0
0
0
0
0
0
182
878
0
0
0
0
0
0
3775
3198
0
0
0
0
0
0
436
885
0
0
0
0
0
0
3533
3218
0
0
0
0
0
0
661
842
0
0
0
0
0
0
3332
3291
0
0
0
0
0
0
840
742
0
0
0
0
0
0
3178
3416
0
0
0
0
0
0
965
597
0
0
0
0
0
0
3085
3576
0
0
0
0
0
0
1027
417
0
0
0
0
0
0
3056
3771
0
0
0
0
0
0
1024
214
0
0
0
0
0
0
3090
3983
0
0
0
0
0
0
956
4095
0
0
0
0
0
0
3189
102
0
0
0
0
0
0
829
3881
0
0
0
0
0
0
3343
309
0
0
0
0
0
0
653
3687
0
0
0
0
0
0
3540
492
0
0
0
0
0
0
436
3517
0
0
0
0
0
0
3769
642
0
0
0
0
0
0
196
3387
0
0
0
0
0
0
4015
748
0
0
0
0
0
0
4044
3304
0
0
0
0
0
0
168
808
0
0
0
0
0
0
3801
3270
0
0
0
0
0
0
402
816
0
0
0
0
0
0
3580
3289
0
0
0
0
0
0
607
772
0
0
0
0
0
0
3393
3357
0
0
0
0
0
0
771
681
0
0
0
0
0
0
3255
3473
0
0
0
0
0
0
884
547
0
0
0
0
0
0
3169
3621
0
0
0
0
0
0
940
383
0
0
0
0
0
0
3143
3798
0
0
0
0
0
0
936
195
0
0
0
0
0
0
3176
3992
0
0
0
0
0
0
872
4095
0
0
0
0
0
0
3269
94
0
0
0
0
0
0
757
3902
0
0
0
0
0
0
3409
281
0
0
0
0
0
0
594
3722
0
0
0
0
0
0
3590
447
0
0
0
0
0
0
398
3569
0
0
0
0
0
0
3799
584
0
0
0
0
0
0
178
3452
0
0
0
0
0
0
4024
681
0
0
0
0
0
0
4049
3378
0
0
0
0
0
0
153
732
0
0
0
0
0
0
3828
3348
0
0
0
0
0
0
363
739
0
0
0
0
0
0
3629
3365
0
0
0
0
0
0
550
699
0
0
0
0
0
0
3461
3428
0
0
0
0
0
0
697
615
0
0
0
0
0
0
3336
3532
0
0
0
0
0
0
797
494
0
0
0
0
0
0
3261
3668
0
0
0
0
0
0
847
343
0
0
0
0
0
0
3238
3828
0
0
0
0
0
0
841
175
0
0
0
0
0
0
3271
4003
0
0
0
0
0
0
784
0
0
0
0
0
0
0
3353
84
0
0
0
0
0
0
678
3921
0
0
0
0
0
0
3480
251
0
0
0
0
0
0
532
3761
0
0
0
0
0
0
3642
399
0
0
0
0
0
0
355
3625
0
0
0
0
0
0
3830
521
0
0
0
0
0
0
159
3519
0
0
0
0
0
0
4030
606
0
0
0
0
0
0
4054
3455
0
0
0
0
0
0
134
652
0
0
0
0
0
0
3857
3431
0
0
0
0
0
0
324
657
0
0
0
0
0
0
3680
3446
0
0
0
0
0
0
486
620
0
0
0
0
0
0
3533
3503
0
0
0
0
0
0
616
544
0
0
0
0
0
0
3423
3597
0
0
0
0
0
0
705
436
0
0
0
0
0
0
3358
3717
0
0
0
0
0
0
748
302
0
0
0
0
0
0
3339
3861
0
0
0
0
0
0
742
155
0
0
0
0
0
0
3368
4014
0
0
0
0
0
0
690
4095
0
0
0
0
0
0
3441
73
0
0
0
0
0
0
596
3943
0
0
0
0
0
0
3553
219
0
0
0
0
0
0
468
3802
0
0
0
0
0
0
3699
351
0
0
0
0
0
0
311
3683
0
0
0
0
0
0
3864
457
0
0
0
0
0
0
138
3592
0
0
0
0
0
0
4038
528
0
0
0
0
0
0
4058
3536
0
0
0
0
0
0
118
568
0
0
0
0
0
0
3888
3515
0
0
0
0
0
0
281
571
0
0
0
0
0
0
3735
3531
0
0
0
0
0
0
423
539
0
0
0
0
0
0
3605
3581
0
0
0
0
0
0
535
473
0
0
0
0
0
0
3513
3663
0
0
0
0
0
0
611
378
0
0
0
0
0
0
3456
3768
0
0
0
0
0
0
645
262
0
0
0
0
0
0
3441
3891
0
0
0
0
0
0
639
133
0
0
0
0
0
0
3467
4024
0
0
0
0
0
0
594
4094
0
0
0
0
0
0
3533
62
0
0
0
0
0
0
512
3963
0
0
0
0
0
0
3630
188
0
0
0
0
0
0
400
3844
0
0
0
0
0
0
3753
299
0
0
0
0
0
0
265
3742
0
0
0
0
0
0
3897
391
0
0
0
0
0
0
118
3665
0
0
0
0
0
0
4045
450
0
0
0
0
0
0
4063
3617
0
0
0
0
0
0
99
483
0
0
0
0
0
0
3918
3600
0
0
0
0
0
0
237
485
0
0
0
0
0
0
3787
3615
0
0
0
0
0
0
359
457
0
0
0
0
0
0
3680
3659
0
0
0
0
0
0
453
401
0
0
0
0
0
0
3602
3729
0
0
0
0
0
0
516
319
0
0
0
0
0
0
3554
3818
0
0
0
0
0
0
544
221
0
0
0
0
0
0
3543
3922
0
0
0
0
0
0
538
111
0
0
0
0
0
0
3565
4035
0
0
0
0
0
0
498
4094
0
0
0
0
0
0
3622
51
0
0
0
0
0
0
428
3983
0
0
0
0
0
0
3704
157
0
0
0
0
0
0
335
3885
0
0
0
0
0
0
3810
250
0
0
0
0
0
0
221
3800
0
0
0
0
0
0
3929
324
0
0
0
0
0
0
98
3737
0
0
0
0
0
0
4053
375
0
0
0
0
0
0
4068
3698
0
0
0
0
0
0
82
401
0
0
0
0
0
0
3949
3686
0
0
0
0
0
0
198
401
0
0
0
0
0
0
3840
3698
0
0
0
0
0
0
294
376
0
0
0
0
0
0
3754
3736
0
0
0
0
0
0
371
329
0
0
0
0
0
0
3688
3793
0
0
0
0
0
0
423
262
0
0
0
0
0
0
3651
3866
0
0
0
0
0
0
444
179
0
0
0
0
0
0
3642
3953
0
0
0
0
0
0
439
91
0
0
0
0
0
0
3662
4045
0
0
0
0
0
0
405
4094
0
0
0
0
0
0
3710
41
0
0
0
0
0
0
349
4006
0
0
0
0
0
0
3779
128
0
0
0
0
0
0
269
3924
0
0
0
0
0
0
3863
202
0
0
0
0
0
0
178
3856
0
0
0
0
0
0
3961
263
0
0
0
0
0
0
80
3807
0
0
0
0
0
0
4063
301
0
0
0
0
0
0
4072
3776
0
0
0
0
0
0
66
322
0
0
0
0
0
0
3976
3766
0
0
0
0
0
0
157
321
0
0
0
0
0
0
3890
3777
0
0
0
0
0
0
236
300
0
0
0
0
0
0
3822
3808
0
0
0
0
0
0
295
259
0
0
0
0
0
0
3772
3856
0
0
0
0
0
0
334
207
0
0
0
0
0
0
3745
3915
0
0
0
0
0
0
352
143
0
0
0
0
0
0
3739
3983
0
0
0
0
0
0
344
69
0
0
0
0
0
0
3755
4055
0
0
0
0
0
0
319
4094
0
0
0
0
0
0
3792
31
0
0
0
0
0
0
272
4025
0
0
0
0
0
0
3848
98
0
0
0
0
0
0
210
3961
0
0
0
0
0
0
3914
155
0
0
0
0
0
0
138
3910
0
0
0
0
0
0
3990
203
0
0
0
0
0
0
60
3872
0
0
0
0
0
0
4068
232
0
0
0
0
0
0
4077
3848
0
0
0
0
0
0
49
246
0
0
0
0
0
0
4004
3842
0
0
0
0
0
0
120
245
0
0
0
0
0
0
3938
3851
0
0
0
0
0
0
179
228
0
0
0
0
0
0
3887
3876
0
0
0
0
0
0
224
198
0
0
0
0
0
0
3850
3914
0
0
0
0
0
0
253
155
0
0
0
0
0
0
3829
3957
0
0
0
0
0
0
265
107
0
0
0
0
0
0
3825
4011
0
0
0
0
0
0
259
52
0
0
0
0
0
0
3839
4064
0
0
0
0
0
0
238
4094
0
0
0
0
0
0
3869
23
0
0
0
0
0
0
202
4042
0
0
0
0
0
0
3910
72
0
0
0
0
0
0
154
3995
0
0
0
0
0
0
3962
115
0
0
0
0
0
0
100
3956
0
0
0
0
0
0
4016
147
0
0
0
0
0
0
44
3929
0
0
0
0
0
0
4075
169
0
0
0
0
0
0
4082
3915
0
0
0
0
0
0
34
179
0
0
0
0
0
0
4028
3911
0
0
0
0
0
0
85
177
0
0
0
0
0
0
3982
3919
0
0
0
0
0
0
128
164
0
0
0
0
0
0
3944
3937
0
0
0
0
0
0
160
142
0
0
0
0
0
0
3919
3964
0
0
0
0
0
0
179
110
0
0
0
0
0
0
3904
3997
0
0
0
0
0
0
186
74
0
0
0
0
0
0
3904
4034
0
0
0
0
0
0
181
35
0
0
0
0
0
0
3914
4072
0
0
0
0
0
0
165
4093
0
0
0
0
0
0
3935
14
0
0
0
0
0
0
140
4057
0
0
0
0
0
0
3965
49
0
0
0
0
0
0
106
4025
0
0
0
0
0
0
4001
79
0
0
0
0
0
0
68
3999
0
0
0
0
0
0
4040
100
0
0
0
0
0
0
29
3982
0
0
0
0
0
0
4081
114
0
0
0
0
0
0
4086
3972
0
0
0
0
0
0
24
121
0
0
0
0
0
0
4050
3971
0
0
0
0
0
0
57
118
0
0
0
0
0
0
4018
3976
0
0
0
0
0
0
85
110
0
0
0
0
0
0
3993
3989
0
0
0
0
0
0
105
92
0
0
0
0
0
0
3977
4008
0
0
0
0
0
0
117
71
0
0
0
0
0
0
3969
4030
0
0
0
0
0
0
122
47
0
0
0
0
0
0
3970
4054
0
0
0
0
0
0
116
22
0
0
0
0
0
0
3977
4079
0
0
0
0
0
0
105
4094
0
0
0
0
0
0
3993
8
0
0
0
0
0
0
87
4069
0
0
0
0
0
0
4012
30
0
0
0
0
0
0
67
4052
0
0
0
0
0
0
4035
48
0
0
0
0
0
0
41
4035
0
0
0
0
0
0
4060
61
0
0
0
0
0
0
17
4025
0
0
0
0
0
0
4085
69
0
0
0
0
0
0
4087
4019
0
0
0
0
0
0
11
72
0
0
0
0
0
0
4066
4019
0
0
0
0
0
0
34
70
0
0
0
0
0
0
4049
4024
0
0
0
0
0
0
49
63
0
0
0
0
0
0
4034
4032
0
0
0
0
0
0
60
54
0
0
0
0
0
0
4027
4045
0
0
0
0
0
0
66
40
0
0
0
0
0
0
4021
4057
0
0
0
0
0
0
68
26
0
0
0
0
0
0
4023
4072
0
0
0
0
0
0
65
12
0
0
0
0
0
0
4028
4085
0
0
0
0
0
0
56
4093
0
0
0
0
0
0
4037
3
0
0
0
0
0
0
47
4081
0
0
0
0
0
0
4049
15
0
0
0
0
0
0
33
4070
0
0
0
0
0
0
4063
24
0
0
0
0
0
0
20
4063
0
0
0
0
0
0
4075
30
0
0
0
0
0
0
6
4058
0
0
0
0
0
0
4089
35
0
0
0
0
0
0
4092
4056
0
0
0
0
0
0
5
36
0
0
0
0
0
0
4080
4056
0
0
0
0
0
0
14
32
0
0
0
0
0
0
4070
4058
0
0
0
0
0
0
22
29
0
0
0
0
0
0
4066
4065
0
0
0
0
0
0
28
25
0
0
0
0
0
0
4062
4070
0
0
0
0
0
0
30
18
0
0
0
0
0
0
4061
4078
0
0
0
0
0
0
29
11
0
0
0
0
0
0
4062
4085
0
0
0
0
0
0
26
3
0
0
0
0
0
0
4065
4089
0
0
0
0
0
0
23
4093
0
0
0
0
0
0
4070
4095
0
0
0
0
0
0
17
4087
0
0
0
0
0
0
4075
3
0
0
0
0
0
0
11
4083
0
0
0
0
0
0
4081
7
0
0
0
0
0
0
5
4081
0
0
0
0
0
0
4088
10
0
0
0
0
0
0
1
4080
0
0
0
0
0
0
4091
10
0
0
0
0
0
0
4092
4080
0
0
0
0
0
0
0
10
0
0
0
0
0
0
4089
4081
0
0
0
0
0
0
3
10
0
0
0
0
0
0
4087
4083
0
0
0
0
0
0
4
8
0
0
0
0
0
0
4086
4085
0
0
0
0
0
0
6
4
0
0
0
0
0
0
4084
4087
0
0
0
0
0
0
5
2
0
0
0
0
0
0
4084
4088
0
0
0
0
0
0
5
0
0
0
0
0
0
0
4085
4091
0
0
0
0
0
0
4
4094
0
0
0
0
0
0
4087
4092
0
0
0
0
0
0
3
4093
0
0
0
0
0
0
4088
4093
0
0
0
0
0
0
1
4091
0
0
0
0
0
0
4089
4095
0
0
0
0
0
0
1
4092
0
0
0
0
0
0
4092
4094
0
0
0
0
0
0
4095
4091
0
0
0
0
0
0
4092
4095
0
0
0
0
0
0
4093
4093
0
0
0
0
0
0
4092
4095
0
0
0
0
0
0
4093
4093
0
0
0
0
0
0
4094
4095
0
0
0
0
0
0
4092
4092
0
0
0
0
0
0
4093
4095
0
0
0
0
0
0
4094
4094
0
0
0
0
0
0
4094
4094
0
0
0
0
0
0
4094
4094
0
0
0
0
0
0
4094
4094
0
0
0
0
0
0
4094
4094
0
0
0
0
0
0
4094
4095
0
0
0
0
0
0
4094
4093
0
0
0
0
0
0
4094
4095
0
0
0
0
0
0
4095
4095
0
0
0
0
0
0
4095
4095
0
0
0
0
0
0
4095
0
0
0
0
0
0
0
4095
0
0
0
0
0
0
0
4095
0
0
0
0
0
0
0
4095
0
0
0
0
0
0
0
4095
0
0
0
0
0
0
0
4095
0
0
0
0
0
0
0
4095
0
0
0
0
0
0
0
4095
0
0
0
0
0
0
0
4095
0
0
0
0
0
0
0
4095
0
0
0
0
0
0
0
4095
0
0
0
0
0
0
0
4095
0
0
0
0
0
0
0
4095
0
0
0
0
0
0
0
4095
0
0
0
0
0
0
0
4095
0
0
0
0
0
0
0
4095
0
0
0
0
0
0
0
4095
0
0
0
0
0
0
0
4095
0
0
0
0
0
0
0
4095
0
0
0
0
0
0
0
4095
0
0
0
0
0
0
0
4095
0
0
0
0
0
0
0
4095
0
0
0
0
0
0
0
4095
0
0
0
0
0
0
0
4095
0
0
0
0
0
0
0
4095
0
0
0
0
0
0
0
4095
0
0
0
0
0
0
0
4095
0
0
0
0
0
0
0
4095
0
0
0
0
0
0
0
4095
0
0
0
0
0
0
0
4095
0
0
0
0
0
0
0
4095
0
0
0
0
0
0
0
4095
0
0
0
0
0
0
0
4095
0
0
0
0
0
0
0
4095
0
0
0
0
0
0
0
4095
0
0
0
0
0
0
0
4095
0
0
0
0
0
0
0
4095
0
0
0
0
0
0
0
4095
0
0
0
0
0
0
0
4095
0
0
0
0
0
0
0
4095
0
0
0
0
0
0
0
4095
0
0
0
0
0
0
0
4095
0
0
0
0
0
0
0
4095
0
0
0
0
0
0
0
4095
0
0
0
0
0
0
0
4095
0
0
0
0
0
0
0
4095
0
0
0
0
0
0
0
4095
0
0
0
0
0
0
0
4095
0
0
0
0
0
0
0
4095
0
0
0
0
0
0
0
4095
0
0
0
0
0
0
0
4095
0
0
0
0
0
0
0
4095
0
0
0
0
0
0
0
4095
0
0
0
0
0
0
0
4095
0
0
0
0
0
0
0
4095
0
0
0
0
0
0
0
4095
0
0
0
0
0
0
0
4095
0
0
0
0
0
0
0
4095
0
0
0
0
0
0
0
4095
0
0
0
0
0
0
0
4095
0
0
0
0
0
0
0
4095
0
0
0
0
0
0
0
4095
0
0
0
0
0
0
0
4095
0
0
0
0
0
0
0
4095
0
0
0
0
0
0
0
4095
0
0
0
0
0
0
0
4095
0
0
0
0
0
0
0
4095
0
0
0
0
0
0
0
4095
0
0
0
0
0
0
0
4095
0
0
0
0
0
0
0
4095
0
0
0
0
0
0
0
4095
0
0
0
0
0
0
0
4095
0
0
0
0
0
0
0
4095
0
0
0
0
0
0
0
4095
0
0
0
0
0
0
0
4095
0
0
0
0
0
0
0
4095
0
0
0
0
0
0
0
4095
0
0
0
0
0
0
0
4095
0
0
0
0
0
0
0
4095
0
0
0
0
0
0
0
4095
0
0
0
0
0
0
0
4095
0
0
0
0
0
0
0
4095
0
0
0
0
0
0
0
4095
0
0
0
0
0
0
0
4095
0
0
0
0
0
0
0
4095
0
0
0
0
0
0
0
4095
0
0
0
0
0
0
0
4095
0
0
0
0
0
0
0
4095
0
0
0
0
0
0
0
4095
0
0
0
0
0
0
0
4095
0
0
0
0
0
0
0
4095
0
0
0
0
0
0
0
4095
0
0
0
0
0
0
0
4095
0
0
0
0
0
0
0
4095
0
0
0
0
0
0
0
4095
0
0
0
0
0
0
0
4095
0
0
0
0
0
0
0
4095
0
0
0
0
0
0
0
4095
0
0
0
0
0
0
0
4095
0
0
0
0
0
0
0
4095
0
0
0
0
0
0
0
4095
0
0
0
0
0
0
0
4095
0
0
0
0
0
0
0
4095
0
0
0
0
0
0
0
4095
0
0
0
0
0
0
0
4095
0
0
0
0
0
0
0
4095
0
0
0
0
0
0
0
4095
0
0
0
0
0
0
0
4095
0
0
0
0
0
0
0
4095
0
0
0
0
0
0
0
4095
0
0
0
0
0
0
0
4095
0
0
0
0
0
0
0
4095
0
0
0
0
0
0
0
4095
0
0
0
0
0
0
0
4095
0
0
0
0
0
0
0
4095
0
0
0
0
0
0
0
4095
0
0
0
0
0
0
0
4095
0
0
0
0
0
0
0
4095
0
0
0
0
0
0
0
4095
0
0
0
0
0
0
0
4095
0
0
0
0
0
0
0
4095
0
0
0
0
0
0
0
4095
0
0
0
0
0
0
0
4095
0
0
0
0
0
0
0
4095
0
0
0
0
0
0
0
4095
0
0
0
0
0
0
0
4095
0
0
0
0
0
0
0
4095
0
0
0
0
0
0
0
4095
0
0
0
0
0
0
0
4095
0
0
0
0
0
0
0
4095
0
0
0
0
0
0
0
4095
0
0
0
0
0
0
0
4095
0
0
0
0
0
0
0
4095
0
0
0
0
0
0
0
4095
0
0
0
0
0
0
0
4095
0
0
0
0
0
0
0
4095
0
0
0
0
0
0
0
4095
0
0
0
0
0
0
0
4095
0
0
0
0
0
0
0
4095
0
0
0
0
0
0
0
4095
0
0
0
0
0
0
0
4095
0
0
0
0
0
0
0
4095
0
0
0
0
0
0
0
4095
0
0
0
0
0
0
0
4095
0
0
0
0
0
0
0
4095
0
0
0
0
0
0
0
4095
0
0
0
0
0
0
0
4095
0
0
0
0
0
0
0
4095
0
0
0
0
0
0
0
4095
0
0
0
0
0
0
0
4095
0
0
0
0
0
0
0
4095
0
0
0
0
0
0
0
4095
0
0
0
0
0
0
0
4095
0
0
0
0
0
0
0
4095
0
0
0
0
0
0
0
4095
0
0
0
0
0
0
0
4095
0
0
0
0
0
0
0
4095
0
0
0
0
0
0
0
4095
0
0
0
0
0
0
0
4095
0
0
0
0
0
0
0
4095
0
0
0
0
0
0
0
4095
0
0
0
0
0
0
0
4095
0
0
0
0
0
0
0
4095
0
0
0
0
0
0
0
4095
0
0
0
0
0
0
0
4095
0
0
0
0
0
0
0
4095
0
0
0
0
0
0
0
4095
0
0
0
0
0
0
0
4095
0
0
0
0
0
0
0
4095
0
0
0
0
0
0
0
4095
0
0
0
0
0
0
0
4095
0
0
0
0
0
0
0
4095
0
0
0
0
0
0
0
4095
0
0
0
0
0
0
0
4095
0
0
0
0
0
0
0
4095
0
0
0
0
0
0
0
4095
0
0
0
0
0
0
0
4095
0
0
0
0
0
0
0
4095
0
0
0
0
0
0
0
4095
0
0
0
0
0
0
0
4095
0
0
0
0
0
0
0
4095
0
0
0
0
0
0
0
4095
0
0
0
0
0
0
0
4095
0
0
0
0
0
0
0
4095
0
0
0
0
0
0
0
4095
0
0
0
0
0
0
0
4095
0
0
0
0
0
0
0
4095
0
0
0
0
0
0
0
4095
0
0
0
0
0
0
0
4095
0
0
0
0
0
0
0
4095
0
0
0
0
0
0
0
4095
0
0
0
0
0
0
0
4095
0
0
0
0
0
0
0
4095
0
0
0
0
0
0
0
4095
0
0
0
0
0
0
0
4095
0
0
0
0
0
0
0
4095
0
0
0
0
0
0
0
4095
0
0
0
0
0
0
0
4095
0
0
0
0
0
0
0
4095
0
0
0
0
0
0
0
4095
0
0
0
0
0
0
0
4095
0
0
0
0
0
0
0
4095
0
0
0
0
0
0
0
4095
0
0
0
0
0
0
0
4095
0
0
0
0
0
0
0
4095
0
0
0
0
0
0
0
4095
0
0
0
0
0
0
0
4095
0
0
0
0
0
0
0
4095
0
0
0
0
0
0
0
4095
0
0
0
0
0
0
0
4095
0
0
0
0
0
0
0
4095
0
0
0
0
0
0
0
4095
0
0
0
0
0
0
0
4095
0
0
0
0
0
0
0
4095
0
0
0
0
0
0
0
4095
0
0
0
0
0
0
0
4095
0
0
0
0
0
0
0
4095
0
0
0
0
0
0
0
4095
0
0
0
0
0
0
0
4095
0
0
0
0
0
0
0
4095
0
0
0
0
0
0
0
4095
0
0
0
0
0
0
0
4095
0
0
0
0
0
0
0
4095
0
0
0
0
0
0
0
4095
0
0
0
0
0
0
0
4095
0
0
0
0
0
0
0
4095
0
0
0
0
0
0
0
4095
0
0
0
0
0
0
0
4095
0
0
0
0
0
0
0
4095
0
0
0
0
0
0
0
4095
0
0
0
0
0
0
0
4095
0
0
0
0
0
0
0
4095
0
0
0
0
0
0
0
4095
0
0
0
0
0
0
0
4095
0
0
0
0
0
0
0
4095
0
0
0
0
0
0
0
4095
0
0
0
0
0
0
0
4095
0
0
0
0
0
0
0
4095
0
0
0
0
0
0
0
4095
0
0
0
0
0
0
0
4095
0
0
0
0
0
0
0
4095
0
0
0
0
0
0
0
4095
0
0
0
0
0
0
0
4095
0
0
0
0
0
0
0
4095
0
0
0
0
0
0
0
4095
0
0
0
0
0
0
0
4095
0
0
0
0
0
0
0
4095
0
0
0
0
0
0
0
4095
0
0
0
0
0
0
0
4095
0
0
0
0
0
0
0
4095
0
0
0
0
0
0
0
4095
0
0
0
0
0
0
0
4095
0
0
0
0
0
0
0
4095
0
0
0
0
0
0
0
4095
0
0
0
0
0
0
0
4095
0
0
0
0
0
0
0
4095
0
0
0
0
0
0
0
4095
0
0
0
0
0
0
0
4095
0
0
0
0
0
0
0
4095
0
0
0
0
0
0
0
4095
0
0
0
0
0
0
0
4095
0
0
0
0
0
0
0
4095
0
0
0
0
0
0
0
4095
0
0
0
0
0
0
0
4095
0
0
0
0
0
0
0
4095
0
0
0
0
0
0
0
4095
0
0
0
0
0
0
0
4095
0
0
0
0
0
0
0
4095
0
0
0
0
0
0
0
4095
0
0
0
0
0
0
0
4095
0
0
0
0
0
0
0
4095
0
0
0
0
0
0
0
4095
0
0
0
0
0
0
0
4095
0
0
0
0
0
0
0
4095
0
0
0
0
0
0
0
4095
0
0
0
0
0
0
0
4095
0
0
0
0
0
0
0
4095
0
0
0
0
0
0
0
4095
0
0
0
0
0
0
0
4095
0
0
0
0
0
0
0
4095
0
0
0
0
0
0
0
4095
0
0
0
0
0
0
0
4095
0
0
0
0
0
0
0
4095
0
0
0
0
0
0
0
4095
0
0
0
0
0
0
0
4095
0
0
0
0
0
0
0
4095
0
0
0
0
0
0
0
4095
0
0
0
0
0
0
0
4095
0
0
0
0
0
0
0
4095
0
0
0
0
0
0
0
4095
0
0
0
0
0
0
0
4095
0
0
0
0
0
0
0
4095
0
0
0
0
0
0
0
4095
0
0
0
0
0
0
0
4095
0
0
0
0
0
0
0
4095
0
0
0
0
0
0
0
4095
0
0
0
0
0
0
0
4095
0
0
0
0
0
0
0
4095
0
0
0
0
0
0
0
4095
0
0
0
0
0
0
0
4095
0
0
0
0
0
0
0
4095
0
0
0
0
0
0
0
4095
0
0
0
0
0
0
0
4095
0
0
0
0
0
0
0
4095
0
0
0
0
0
0
0
4095
0
0
0
0
0
0
0
4095
0
0
0
0
0
0
0
4095
0
0
0
0
0
0
0
4095
0
0
0
0
0
0
0
4095
0
0
0
0
0
0
0
4095
0
0
0
0
0
0
0
4095
0
0
0
0
0
0
0
4095
0
0
0
0
0
0
0
4095
0
0
0
0
0
0
0
4095
0
0
0
0
0
0
0
4095
0
0
0
0
0
0
0
4095
0
0
0
0
0
0
0
4095
0
0
0
0
0
0
0
4095
0
0
0
0
0
0
0
4095
0
0
0
0
0
0
0
4095
0
0
0
0
0
0
0
4095
0
0
0
0
0
0
0
4095
0
0
0
0
0
0
0
4095
0
0
0
0
0
0
0
4095
0
0
0
0
0
0
0
4095
0
0
0
0
0
0
0
4095
0
0
0
0
0
0
0
4095
0
0
0
0
0
0
0
4095
0
0
0
0
0
0
0
4095
0
0
0
0
0
0
0
4095
0
0
0
0
0
0
0
4095
0
0
0
0
0
0
0
4095
0
0
0
0
0
0
0
4095
0
0
0
0
0
0
0
4095
0
0
0
0
0
0
0
4095
0
0
0
0
0
0
0
4095
0
0
0
0
0
0
0
4095
0
0
0
0
0
0
0
4095
0
0
0
0
0
0
0
4095
0
0
0
0
0
0
0
4095
0
0
0
0
0
0
0
4095
0
0
0
0
0
0
0
4095
0
0
0
0
0
0
0
4095
0
0
0
0
0
0
0
4095
0
0
0
0
0
0
0
4095
0
0
0
0
0
0
0
4095
0
0
0
0
0
0
0
4095
0
0
0
0
0
0
0
4095
0
0
0
0
0
0
0
4095
0
0
0
0
0
0
0
4095
0
0
0
0
0
0
0
4095
0
0
0
0
0
0
0
4095
0
0
0
0
0
0
0
4095
0
0
0
0
0
0
0
4095
0
0
0
0
0
0
0
4095
0
0
0
0
0
0
0
4095
0
0
0
0
0
0
0
4095
0
0
0
0
0
0
0
4095
0
0
0
0
0
0
0
4095
0
0
0
0
0
0
0
4095
0
0
0
0
0
0
0
4095
0
0
0
0
0
0
0
4095
0
0
0
0
0
0
0
4095
0
0
0
0
0
0
0
4095
0
0
0
0
0
0
0
4095
0
0
0
0
0
0
0
4095
0
0
0
0
0
0
0
4095
0
0
0
0
0
0
0
4095
0
0
0
0
0
0
0
4095
0
0
0
0
0
0
0
4095
0
0
0
0
0
0
0
4095
0
0
0
0
0
0
0
4095
0
0
0
0
0
0
0
4095
0
0
0
0
0
0
0
4095
0
0
0
0
0
0
0
4095
0
0
0
0
0
0
0
4095
0
0
0
0
0
0
0
4095
0
0
0
0
0
0
0
4095
0
0
0
0
0
0
0
4095
0
0
0
0
0
0
0
4095
0
0
0
0
0
0
0
4095
0
0
0
0
0
0
0
4095
0
0
0
0
0
0
0
4095
0
0
0
0
0
0
0
4095
0
0
0
0
0
0
0
4095
0
0
0
0
0
0
0
4095
0
0
0
0
0
0
0
4095
0
0
0
0
0
0
0
4095
0
0
0
0
0
0
0
4095
0
0
0
0
0
0
0
4095
0
0
0
0
0
0
0
4095
0
0
0
0
0
0
0
4095
0
0
0
0
0
0
0
4095
0
0
0
0
0
0
0
4095
0
0
0
0
0
0
0
4095
0
0
0
0
0
0
0
4095
0
0
0
0
0
0
0
4095
0
0
0
0
0
0
0
4095
0
0
0
0
0
0
0
4095
0
0
0
0
0
0
0
4095
0
0
0
0
0
0
0
4095
0
0
0
0
0
0
0
4095
0
0
0
0
0
0
0
4095
0
0
0
0
0
0
0
4095
0
0
0
0
0
0
0
4095
0
0
0
0
0
0
0
4095
0
0
0
0
0
0
0
4095
0
0
0
0
0
0
0
4095
0
0
0
0
0
0
0
4095
0
0
0
0
0
0
0
4095
0
0
0
0
0
0
0
4095
0
0
0
0
0
0
0
4095
0
0
0
0
0
0
0
4095
0
0
0
0
0
0
0
4095
0
0
0
0
0
0
0
4095
0
0
0
0
0
0
0
4095
0
0
0
0
0
0
0
4095
0
0
0
0
0
0
0
4095
0
0
0
0
0
0
0
4095
0
0
0
0
0
0
0
4095
0
0
0
0
0
0
0
4095
0
0
0
0
0
0
0
4095
0
0
0
0
0
0
0
4095
0
0
0
0
0
0
0
4095
0
0
0
0
0
0
0
4095
0
0
0
0
0
0
0
4095
0
0
0
0
0
0
0
4095
0
0
0
0
0
0
0
4095
0
0
0
0
0
0
0
4095
0
0
0
0
0
0
0
4095
0
0
0
0
0
0
0
4095
0
0
0
0
0
0
0
4095
0
0
0
0
0
0
0
4095
0
0
0
0
0
0
0
4095
0
0
0
0
0
0
0
4095
0
0
0
0
0
0
0
4095
0
0
0
0
0
0
0
4095
0
0
0
0
0
0
0
4095
0
0
0
0
0
0
0
4095
0
0
0
0
0
0
0
4095
0
0
0
0
0
0
0
4095
0
0
0
0
0
0
0
4095
0
0
0
0
0
0
0
4095
0
0
0
0
0
0
0
4095
0
0
0
0
0
0
0
4095
0
0
0
0
0
0
0
4095
0
0
0
0
0
0
0
4095
0
0
0
0
0
0
0
4095
0
0
0
0
0
0
0
4095
0
0
0
0
0
0
0
4095
0
0
0
0
0
0
0
4095
0
0
0
0
0
0
0
4095
0
0
0
0
0
0
0
4095
0
0
0
0
0
0
0
4095
0
0
0
0
0
0
0
4095
0
0
0
0
0
0
0
4095
0
0
0
0
0
0
0
4095
0
0
0
0
0
0
0
4095
0
0
0
0
0
0
0
4095
0
0
0
0
0
0
0
4095
0
0
0
0
0
0
0
4095
0
0
0
0
0
0
0
4095
0
0
0
0
0
0
0
4095
0
0
0
0
0
0
0
4095
0
0
0
0
0
0
0
4095
0
0
0
0
0
0
0
4095
0
0
0
0
0
0
0
4095
0
0
0
0
0
0
0
4095
0
0
0
0
0
0
0
4095
0
0
0
0
0
0
0
4095
0
0
0
0
0
0
0
4095
0
0
0
0
0
0
0
4095
0
0
0
0
0
0
0
4095
0
0
0
0
0
0
0
4095
0
0
0
0
0
0
0
4095
0
0
0
0
0
0
0
4095
0
0
0
0
0
0
0
4095
0
0
0
0
0
0
0
4095
0
0
0
0
0
0
0
4095
0
0
0
0
0
0
0
4095
0
0
0
0
0
0
0
4095
0
0
0
0
0
0
0
4095
0
0
0
0
0
0
0
4095
0
0
0
0
0
0
0
4095
0
0
0
0
0
0
0
4095
0
0
0
0
0
0
0
4095
0
0
0
0
0
0
0
4095
0
0
0
0
0
0
0
4095
0
0
0
0
0
0
0
4095
0
0
0
0
0
0
0
4095
0
0
0
0
0
0
0
4095
0
0
0
0
0
0
0
4095
0
0
0
0
0
0
0
4095
0
0
0
0
0
0
0
4095
0
0
0
0
0
0
0
4095
0
0
0
0
0
0
0
4095
0
0
0
0
0
0
0
4095
0
0
0
0
0
0
0
4095
0
0
0
0
0
0
0
4095
0
0
0
0
0
0
0
4095
0
0
0
0
0
0
0
4095
0
0
0
0
0
0
0
4095
0
0
0
0
0
0
0
4095
0
0
0
0
0
0
0
4095
0
0
0
0
0
0
0
4095
0
0
0
0
0
0
0
4095
0
0
0
0
0
0
0
4095
0
0
0
0
0
0
0
4095
0
0
0
0
0
0
0
4095
0
0
0
0
0
0
0
4095
0
0
0
0
0
0
0
4095
0
0
0
0
0
0
0
4095
0
0
0
0
0
0
0
4095
0
0
0
0
0
0
0
4095
0
0
0
0
0
0
0
4095
0
0
0
0
0
0
0
4095
0
0
0
0
0
0
0
4095
0
0
0
0
0
0
0
4095
0
0
0
0
0
0
0
4095
0
0
0
0
0
0
0
4095
0
0
0
0
0
0
0
4095
0
0
0
0
0
0
0
4095
0
0
0
0
0
0
0
4095
0
0
0
0
0
0
0
4095
0
0
0
0
0
0
0
4095
0
0
0
0
0
0
0
4095
0
0
0
0
0
0
0
4095
0
0
0
0
0
0
0
4095
0
0
0
0
0
0
0
4095
0
0
0
0
0
0
0
4095
0
0
0
0
0
0
0
4095
0
0
0
0
0
0
0
4095
0
0
0
0
0
0
0
4095
0
0
0
0
0
0
0
4095
0
0
0
0
0
0
0
4095
0
0
0
0
0
0
0
4095
0
0
0
0
0
0
0
4095
0
0
0
0
0
0
0
4095
0
0
0
0
0
0
0
4095
0
0
0
0
0
0
0
4095
0
0
0
0
0
0
0
4095
0
0
0
0
0
0
0
4095
0
0
0
0
0
0
0
4095
0
0
0
0
0
0
0
4095
0
0
0
0
0
0
0
4095
0
0
0
0
0
0
0
4095
0
0
0
0
0
0
0
4095
0
0
0
0
0
0
0
4095
0
0
0
0
0
0
0
4095
0
0
0
0
0
0
0
4095
0
0
0
0
0
0
0
4095
0
0
0
0
0
0
0
4095
0
0
0
0
0
0
0
4095
0
0
0
0
0
0
0
4095
0
0
0
0
0
0
0
4095
0
0
0
0
0
0
0
4095
0
0
0
0
0
0
0
4095
0
0
0
0
0
0
0
4095
0
0
0
0
0
0
0
4095
0
0
0
0
0
0
0
4095
0
0
0
0
0
0
0
4095
0
0
0
0
0
0
0
4095
0
0
0
0
0
0
0
4095
0
0
0
0
0
0
0
4095
0
0
0
0
0
0
0
4095
0
0
0
0
0
0
0
4095
0
0
0
0
0
0
0
4095
0
0
0
0
0
0
0
4095
0
0
0
0
0
0
0
4095
0
0
0
0
0
0
0
4095
0
0
0
0
0
0
0
4095
0
0
0
0
0
0
0
4095
0
0
0
0
0
0
0
4095
0
0
0
0
0
0
0
4095
0
0
0
0
0
0
0
4095
0
0
0
0
0
0
0
4095
0
0
0
0
0
0
0
4095
0
0
0
0
0
0
0
4095
0
0
0
0
0
0
0
4095
0
0
0
0
0
0
0
4095
0
0
0
0
0
0
0
4095
0
0
0
0
0
0
0
4095
0
0
0
0
0
0
0
4095
0
0
0
0
0
0
0
4095
0
0
0
0
0
0
0
4095
0
0
0
0
0
0
0
4095
0
0
0
0
0
0
0
4095
0
0
0
0
0
0
0
4095
0
0
0
0
0
0
0
4095
0
0
0
0
0
0
0
4095
0
0
0
0
0
0
0
4095
0
0
0
0
0
0
0
4095
0
0
0
0
0
0
0
4095
0
0
0
0
0
0
0
4095
0
0
0
0
0
0
0
4095
0
0
0
0
0
0
0
4095
0
0
0
0
0
0
0
4095
0
0
0
0
0
0
0
4095
0
0
0
0
0
0
0
4095
0
0
0
0
0
0
0
4095
0
0
0
0
0
0
0
4095
0
0
0
0
0
0
0
4095
0
0
0
0
0
0
0
4095
0
0
0
0
0
0
0
4095
0
0
0
0
0
0
0
4095
0
0
0
0
0
0
0
4095
0
0
0
0
0
0
0
4095
0
0
0
0
0
0
0
4095
0
0
0
0
0
0
0
4095
0
0
0
0
0
0
0
4095
0
0
0
0
0
0
0
4095
0
0
0
0
0
0
0
4095
0
0
0
0
0
0
0
4095
0
0
0
0
0
0
0
4095
0
0
0
0
0
0
0
4095
0
0
0
0
0
0
0
4095
0
0
0
0
0
0
0
4095
0
0
0
0
0
0
0
4095
0
0
0
0
0
0
0
4095
0
0
0
0
0
0
0
4095
0
0
0
0
0
0
0
4095
0
0
0
0
0
0
0
4095
0
0
0
0
0
0
0
4095
0
0
0
0
0
0
0
4095
0
0
0
0
0
0
0
4095
0
0
0
0
0
0
0
4095
0
0
0
0
0
0
0
4095
0
0
0
0
0
0
0
4095
0
0
0
0
0
0
0
4095
0
0
0
0
0
0
0
4095
0
0
0
0
0
0
0
4095
0
0
0
0
0
0
0
4095
0
0
0
0
0
0
0
4095
0
0
0
0
0
0
0
4095
0
0
0
0
0
0
0
4095
0
0
0
0
0
0
0
4095
0
0
0
0
0
0
0
4095
0
0
0
0
0
0
0
4095
0
0
0
0
0
0
0
4095
0
0
0
0
0
0
0
4095
0
0
0
0
0
0
0
4095
0
0
0
0
0
0
0
4095
0
0
0
0
0
0
0
4095
0
0
0
0
0
0
0
4095
0
0
0
0
0
0
0
4095
0
0
0
0
0
0
0
4095
0
0
0
0
0
0
0
4095
0
0
0
0
0
0
0
4095
0
0
0
0
0
0
0
4095
0
0
0
0
0
0
0
4095
0
0
0
0
0
0
0
4095
0
0
0
0
0
0
0
4095
0
0
0
0
0
0
0
4095
0
0
0
0
0
0
0
4095
0
0
0
0
0
0
0
4095
0
0
0
0
0
0
0
4095
0
0
0
0
0
0
0
4095
0
0
0
0
0
0
0
4095
0
0
0
0
0
0
0
4095
0
0
0
0
0
0
0
4095
0
0
0
0
0
0
0
4095
0
0
0
0
0
0
0
4095
0
0
0
0
0
0
0
4095
0
0
0
0
0
0
0
4095
0
0
0
0
0
0
0
4095
0
0
0
0
0
0
0
4095
0
0
0
0
0
0
0
4095
0
0
0
0
0
0
0
4095
0
0
0
0
0
0
0
4095
0
0
0
0
0
0
0
4095
0
0
0
0
0
0
0
4095
0
0
0
0
0
0
0
4095
0
0
0
0
0
0
0
4095
0
0
0
0
0
0
0
4095
0
0
0
0
0
0
0
4095
0
0
0
0
0
0
0
4095
0
0
0
0
0
0
0
4095
0
0
0
0
0
0
0
4095
0
0
0
0
0
0
0
4095
0
0
0
0
0
0
0
4095
0
0
0
0
0
0
0
4095
0
0
0
0
0
0
0
4095
0
0
0
0
0
0
0
4095
0
0
0
0
0
0
0
4095
0
0
0
0
0
0
0
4095
0
0
0
0
0
0
0
4095
0
0
0
0
0
0
0
4095
0
0
0
0
0
0
0
4095
0
0
0
0
0
0
0
4095
0
0
0
0
0
0
0
4095
0
0
0
0
0
0
0
4095
0
0
0
0
0
0
0
4095
0
0
0
0
0
0
0
4095
0
0
0
0
0
0
0
4095
0
0
0
0
0
0
0
4095
0
0
0
0
0
0
0
4095
0
0
0
0
0
0
0
4095
0
0
0
0
0
0
0
4095
0
0
0
0
0
0
0
4095
0
0
0
0
0
0
0
4095
0
0
0
0
0
0
0
4095
0
0
0
0
0
0
0
4095
0
0
0
0
0
0
0
4095
0
0
0
0
0
0
0
4095
0
0
0
0
0
0
0
4095
0
0
0
0
0
0
0
4095
0
0
0
0
0
0
0
4095
0
0
0
0
0
0
0
4095
0
0
0
0
0
0
0
4095
0
0
0
0
0
0
0
4095
0
0
0
0
0
0
0
4095
0
0
0
0
0
0
0
4095
0
0
0
0
0
0
0
4095
0
0
0
0
0
0
0
4095
0
0
0
0
0
0
0
4095
0
0
0
0
0
0
0
4095
0
0
0
0
0
0
0
4095
0
0
0
0
0
0
0
4095
0
0
0
0
0
0
0
4095
0
0
0
0
0
0
0
4095
0
0
0
0
0
0
0
4095
0
0
0
0
0
0
0
4095
0
0
0
0
0
0
0
4095
0
0
0
0
0
0
0
4095
0
0
0
0
0
0
0
4095
0
0
0
0
0
0
0
4095
0
0
0
0
0
0
0
4095
0
0
0
0
0
0
0
4095
0
0
0
0
0
0
0
4095
0
0
0
0
0
0
0
4095
0
0
0
0
0
0
0
4095
0
0
0
0
0
0
0
4095
0
0
0
0
0
0
0
4095
0
0
0
0
0
0
0
4095
0
0
0
0
0
0
0
4095
0
0
0
0
0
0
0
4095
0
0
0
0
0
0
0
4095
0
0
0
0
0
0
0
4095
0
0
0
0
0
0
0
4095
0
0
0
0
0
0
0
4095
0
0
0
0
0
0
0
4095
0
0
0
0
0
0
0
4095
0
0
0
0
0
0
0
4095
0
0
0
0
0
0
0
4095
0
0
0
0
0
0
0
4095
0
0
0
0
0
0
0
4095
0
0
0
0
0
0
0
4095
0
0
0
0
0
0
0
4095
0
0
0
0
0
0
0
4095
0
0
0
0
0
0
0
4095
0
0
0
0
0
0
0
4095
0
0
0
0
0
0
0
4095
0
0
0
0
0
0
0
4095
0
0
0
0
0
0
0
4095
0
0
0
0
0
0
0
4095
0
0
0
0
0
0
0
4095
0
0
0
0
0
0
0
4095
0
0
0
0
0
0
0
4095
0
0
0
0
0
0
0
4095
0
0
0
0
0
0
0
4095
0
0
0
0
0
0
0
4095
0
0
0
0
0
0
0
4095
0
0
0
0
0
0
0
4095
0
0
0
0
0
0
0
4095
0
0
0
0
0
0
0
4095
0
0
0
0
0
0
0
4095
0
0
0
0
0
0
0
4095
0
0
0
0
0
0
0
4095
0
0
0
0
0
0
0
4095
0
0
0
0
0
0
0
4095
0
0
0
0
0
0
0
4095
0
0
0
0
0
0
0
4095
0
0
0
0
0
0
0
4095
0
0
0
0
0
0
0
4095
0
0
0
0
0
0
0
4095
0
0
0
0
0
0
0
4095
0
0
0
0
0
0
0
4095
0
0
0
0
0
0
0
4095
0
0
0
0
0
0
0
4095
0
0
0
0
0
0
0
4095
0
0
0
0
0
0
0
4095
0
0
0
0
0
0
0
4095
0
0
0
0
0
0
0
4095
0
0
0
0
0
0
0
4095
0
0
0
0
0
0
0
4095
0
0
0
0
0
0
0
4095
0
0
0
0
0
0
0
4095
0
0
0
0
0
0
0
4095
0
0
0
0
0
0
0
4095
0
0
0
0
0
0
0
4095
0
0
0
0
0
0
0
4095
0
0
0
0
0
0
0
4095
0
0
0
0
0
0
0
4095
0
0
0
0
0
0
0
4095
0
0
0
0
0
0
0
4095
0
0
0
0
0
0
0
4095
0
0
0
0
0
0
0
4095
0
0
0
0
0
0
0
4095
0
0
0
0
0
0
0
4095
0
0
0
0
0
0
0
4095
0
0
0
0
0
0
0
4095
0
0
0
0
0
0
0
4095
0
0
0
0
0
0
0
4095
0
0
0
0
0
0
0
4095
0
0
0
0
0
0
0
4095
0
0
0
0
0
0
0
4095
0
0
0
0
0
0
0
4095
0
0
0
0
0
0
0
4095
0
0
0
0
0
0
0
4095
0
0
0
0
0
0
0
4095
0
0
0
0
0
0
0
4095
0
0
0
0
0
0
0
4095
0
0
0
0
0
0
0
4095
0
0
0
0
0
0
0
4095
0
0
0
0
0
0
0
4095
0
0
0
0
0
0
0
4095
0
0
0
0
0
0
0
4095
0
0
0
0
0
0
0
4095
0
0
0
0
0
0
0
4095
0
0
0
0
0
0
0
4095
0
0
0
0
0
0
0
4095
0
0
0
0
0
0
0
4095
0
0
0
0
0
0
0
4095
0
0
0
0
0
0
0
4095
0
0
0
0
0
0
0
4095
0
0
0
0
0
0
0
4095
0
0
0
0
0
0
0
4095
0
0
0
0
0
0
0
4095
0
0
0
0
0
0
0
4095
0
0
0
0
0
0
0
4095
0
0
0
0
0
0
0
4095
0
0
0
0
0
0
0
4095
0
0
0
0
0
0
0
4095
0
0
0
0
0
0
0
4095
0
0
0
0
0
0
0
4095
0
0
0
0
0
0
0
4095
0
0
0
0
0
0
0
4095
0
0
0
0
0
0
0
4095
0
0
0
0
0
0
0
4095
0
0
0
0
0
0
0
4095
0
0
0
0
0
0
0
4095
0
0
0
0
0
0
0
4095
0
0
0
0
0
0
0
4095
0
0
0
0
0
0
0
4095
0
0
0
0
0
0
0
4095
0
0
0
0
0
0
0
4095
0
0
0
0
0
0
0
4095
0
0
0
0
0
0
0
4095
0
0
0
0
0
0
0
4095
0
0
0
0
0
0
0
4095
0
0
0
0
0
0
0
4095
0
0
0
0
0
0
0
4095
0
0
0
0
0
0
0
4095
0
0
0
0
0
0
0
4095
0
0
0
0
0
0
0
4095
0
0
0
0
0
0
0
4095
0
0
0
0
0
0
0
4095
0
0
0
0
0
0
0
4095
0
0
0
0
0
0
0
4095
0
0
0
0
0
0
0
4095
0
0
0
0
0
0
0
4095
0
0
0
0
0
0
0
4095
0
0
0
0
0
0
0
4095
0
0
0
0
0
0
0
4095
0
0
0
0
0
0
0
4095
0
0
0
0
0
0
0
4095
0
0
0
0
0
0
0
4095
0
0
0
0
0
0
0
4095
0
0
0
0
0
0
0
4095
0
0
0
0
0
0
0
4095
0
0
0
0
0
0
0
4095
0
0
0
0
0
0
0
4095
0
0
0
0
0
0
0
4095
0
0
0
0
0
0
0
4095
0
0
0
0
0
0
0
4095
0
0
0
0
0
0
0
4095
0
0
0
0
0
0
0
4095
0
0
0
0
0
0
0
4095
0
0
0
0
0
0
0
4095
0
0
0
0
0
0
0
4095
0
0
0
0
0
0
0
4095
0
0
0
0
0
0
0
4095
0
0
0
0
0
0
0
4095
0
0
0
0
0
0
0
4095
0
0
0
0
0
0
0
4095
0
0
0
0
0
0
0
4095
0
0
0
0
0
0
0
4095
0
0
0
0
0
0
0
4095
0
0
0
0
0
0
0
4095
0
0
0
0
0
0
0
4095
0
0
0
0
0
0
0
4095
0
0
0
0
0
0
0
4095
0
0
0
0
0
0
0
4095
0
0
0
0
0
0
0
4095
0
0
0
0
0
0
0
4095
0
0
0
0
0
0
0
4095
0
0
0
0
0
0
0
4095
0
0
0
0
0
0
0
4095
0
0
0
0
0
0
0
4095
0
0
0
0
0
0
0
4095
0
0
0
0
0
0
0
4095
0
0
0
0
0
0
0
4095
0
0
0
0
0
0
0
4095
0
0
0
0
0
0
0
4095
0
0
0
0
0
0
0
4095
0
0
0
0
0
0
0
4095
0
0
0
0
0
0
0
4095
0
0
0
0
0
0
0
4095
0
0
0
0
0
0
0
4095
0
0
0
0
0
0
0
4095
0
0
0
0
0
0
0
4095
0
0
0
0
0
0
0
4095
0
0
0
0
0
0
0
4095
0
0
0
0
0
0
0
4095
0
0
0
0
0
0
0
4095
0
0
0
0
0
0
0
4095
0
0
0
0
0
0
0
4095
0
0
0
0
0
0
0
4095
0
0
0
0
0
0
0
4095
0
0
0
0
0
0
0
4095
0
0
0
0
0
0
0
4095
0
0
0
0
0
0
0
4095
0
0
0
0
0
0
0
4095
0
0
0
0
0
0
0
4095
0
0
0
0
0
0
0
4095
0
0
0
0
0
0
0
4095
0
0
0
0
0
0
0
4095
0
0
0
0
0
0
0
4095
0
0
0
0
0
0
0
4095
0
0
0
0
0
0
0
4095
0
0
0
0
0
0
0
4095
0
0
0
0
0
0
0
4095
0
0
0
0
0
0
0
4095
0
0
0
0
0
0
0
4095
0
0
0
0
0
0
0
4095
0
0
0
0
0
0
0
4095
0
0
0
0
0
0
0
4095
0
0
0
0
0
0
0
4095
0
0
0
0
0
0
0
4095
0
0
0
0
0
0
0
4095
0
0
0
0
0
0
0
4095
0
0
0
0
0
0
0
4095
0
0
0
0
0
0
0
4095
0
0
0
0
0
0
0
4095
0
0
0
0
0
0
0
4095
0
0
0
0
0
0
0
4095
0
0
0
0
0
0
0
4095
0
0
0
0
0
0
0
4095
0
0
0
0
0
0
0
4095
0
0
0
0
0
0
0
4095
0
0
0
0
0
0
0
4095
0
0
0
0
0
0
0
4095
0
0
0
0
0
0
0
4095
0
0
0
0
0
0
0
4095
0
0
0
0
0
0
0
4095
0
0
0
0
0
0
0
4095
0
0
0
0
0
0
0
4095
0
0
0
0
0
0
0
4095
0
0
0
0
0
0
0
4095
0
0
0
0
0
0
0
4095
0
0
0
0
0
0
0
4095
0
0
0
0
0
0
0
4095
0
0
0
0
0
0
0
4095
0
0
0
0
0
0
0
4095
0
0
0
0
0
0
0
4095
0
0
0
0
0
0
0
4095
0
0
0
0
0
0
0
4095
0
0
0
0
0
0
0
4095
0
0
0
0
0
0
0
4095
0
0
0
0
0
0
0
4095
0
0
0
0
0
0
0
4095
0
0
0
0
0
0
0
4095
0
0
0
0
0
0
0
4095
0
0
0
0
0
0
0
4095
0
0
0
0
0
0
0
4095
0
0
0
0
0
0
0
4095
0
0
0
0
0
0
0
4095
0
0
0
0
0
0
0
4095
0
0
0
0
0
0
0
4095
0
0
0
0
0
0
0
