4095
4095
0
0
0
0
0
0
4095
0
0
0
0
0
0
0
4095
4095
0
0
0
0
0
0
4095
0
0
0
0
0
0
0
4095
4095
0
0
0
0
0
0
4095
0
0
0
0
0
0
0
4095
4095
0
0
0
0
0
0
4095
0
0
0
0
0
0
0
4095
4095
0
0
0
0
0
0
4095
0
0
0
0
0
0
0
4095
4095
0
0
0
0
0
0
4095
0
0
0
0
0
0
0
4095
4095
0
0
0
0
0
0
4095
0
0
0
0
0
0
0
4095
4095
0
0
0
0
0
0
4095
0
0
0
0
0
0
0
4095
4095
0
0
0
0
0
0
4095
0
0
0
0
0
0
0
4095
4095
0
0
0
0
0
0
4095
0
0
0
0
0
0
0
4095
4095
0
0
0
0
0
0
4095
0
0
0
0
0
0
0
4095
4095
0
0
0
0
0
0
4091
4092
0
0
0
0
0
0
0
0
0
0
0
0
0
0
4091
4092
0
0
0
0
0
0
0
0
0
0
0
0
0
0
4091
4092
0
0
0
0
0
0
0
0
0
0
0
0
0
0
4091
4092
0
0
0
0
0
0
1
1
0
0
0
0
0
0
4089
4089
0
0
0
0
0
0
2
2
0
0
0
0
0
0
4088
4089
0
0
0
0
0
0
4
2
0
0
0
0
0
0
4087
4088
0
0
0
0
0
0
6
5
0
0
0
0
0
0
4084
4086
0
0
0
0
0
0
8
6
0
0
0
0
0
0
4083
4085
0
0
0
0
0
0
10
7
0
0
0
0
0
0
4080
4083
0
0
0
0
0
0
12
8
0
0
0
0
0
0
4078
4082
0
0
0
0
0
0
15
10
0
0
0
0
0
0
4075
4080
0
0
0
0
0
0
18
10
0
0
0
0
0
0
4073
4081
0
0
0
0
0
0
20
11
0
0
0
0
0
0
4070
4080
0
0
0
0
0
0
23
12
0
0
0
0
0
0
4068
4079
0
0
0
0
0
0
23
11
0
0
0
0
0
0
4068
4081
0
0
0
0
0
0
25
11
0
0
0
0
0
0
4065
4080
0
0
0
0
0
0
25
8
0
0
0
0
0
0
4066
4085
0
0
0
0
0
0
24
5
0
0
0
0
0
0
4067
4087
0
0
0
0
0
0
24
1
0
0
0
0
0
0
4069
4092
0
0
0
0
0
0
20
4093
0
0
0
0
0
0
4072
1
0
0
0
0
0
0
18
4088
0
0
0
0
0
0
4076
7
0
0
0
0
0
0
13
4081
0
0
0
0
0
0
4081
14
0
0
0
0
0
0
8
4073
0
0
0
0
0
0
4087
21
0
0
0
0
0
0
1
4065
0
0
0
0
0
0
4095
32
0
0
0
0
0
0
4089
4054
0
0
0
0
0
0
8
42
0
0
0
0
0
0
4079
4044
0
0
0
0
0
0
18
53
0
0
0
0
0
0
4067
4032
0
0
0
0
0
0
29
66
0
0
0
0
0
0
4055
4018
0
0
0
0
0
0
44
79
0
0
0
0
0
0
4041
4006
0
0
0
0
0
0
58
92
0
0
0
0
0
0
4026
3991
0
0
0
0
0
0
73
106
0
0
0
0
0
0
4011
3977
0
0
0
0
0
0
90
121
0
0
0
0
0
0
3992
3962
0
0
0
0
0
0
107
136
0
0
0
0
0
0
3977
3948
0
0
0
0
0
0
125
150
0
0
0
0
0
0
3957
3933
0
0
0
0
0
0
143
167
0
0
0
0
0
0
3938
3918
0
0
0
0
0
0
163
180
0
0
0
0
0
0
3918
3904
0
0
0
0
0
0
183
194
0
0
0
0
0
0
3899
3889
0
0
0
0
0
0
202
207
0
0
0
0
0
0
3879
3876
0
0
0
0
0
0
222
220
0
0
0
0
0
0
3861
3867
0
0
0
0
0
0
240
230
0
0
0
0
0
0
3842
3855
0
0
0
0
0
0
257
241
0
0
0
0
0
0
3825
3848
0
0
0
0
0
0
274
247
0
0
0
0
0
0
3808
3841
0
0
0
0
0
0
291
253
0
0
0
0
0
0
3794
3836
0
0
0
0
0
0
304
256
0
0
0
0
0
0
3780
3833
0
0
0
0
0
0
316
258
0
0
0
0
0
0
3770
3834
0
0
0
0
0
0
326
256
0
0
0
0
0
0
3761
3836
0
0
0
0
0
0
332
251
0
0
0
0
0
0
3755
3841
0
0
0
0
0
0
338
244
0
0
0
0
0
0
3753
3851
0
0
0
0
0
0
340
235
0
0
0
0
0
0
3753
3863
0
0
0
0
0
0
337
222
0
0
0
0
0
0
3757
3879
0
0
0
0
0
0
332
204
0
0
0
0
0
0
3763
3896
0
0
0
0
0
0
322
183
0
0
0
0
0
0
3774
3918
0
0
0
0
0
0
310
160
0
0
0
0
0
0
3789
3943
0
0
0
0
0
0
293
133
0
0
0
0
0
0
3807
3972
0
0
0
0
0
0
272
103
0
0
0
0
0
0
3830
4004
0
0
0
0
0
0
247
69
0
0
0
0
0
0
3857
4039
0
0
0
0
0
0
219
34
0
0
0
0
0
0
3888
4077
0
0
0
0
0
0
186
4091
0
0
0
0
0
0
3923
20
0
0
0
0
0
0
149
4049
0
0
0
0
0
0
3963
65
0
0
0
0
0
0
108
4004
0
0
0
0
0
0
4004
109
0
0
0
0
0
0
63
3957
0
0
0
0
0
0
4051
157
0
0
0
0
0
0
15
3909
0
0
0
0
0
0
4
206
0
0
0
0
0
0
4061
3860
0
0
0
0
0
0
57
256
0
0
0
0
0
0
4007
3808
0
0
0
0
0
0
113
309
0
0
0
0
0
0
3949
3757
0
0
0
0
0
0
171
359
0
0
0
0
0
0
3891
3706
0
0
0
0
0
0
230
411
0
0
0
0
0
0
3831
3655
0
0
0
0
0
0
292
463
0
0
0
0
0
0
3769
3603
0
0
0
0
0
0
354
512
0
0
0
0
0
0
3706
3554
0
0
0
0
0
0
417
561
0
0
0
0
0
0
3643
3506
0
0
0
0
0
0
480
608
0
0
0
0
0
0
3581
3461
0
0
0
0
0
0
542
652
0
0
0
0
0
0
3519
3418
0
0
0
0
0
0
602
693
0
0
0
0
0
0
3459
3378
0
0
0
0
0
0
662
729
0
0
0
0
0
0
3400
3343
0
0
0
0
0
0
720
764
0
0
0
0
0
0
3345
3313
0
0
0
0
0
0
772
792
0
0
0
0
0
0
3292
3286
0
0
0
0
0
0
823
815
0
0
0
0
0
0
3244
3265
0
0
0
0
0
0
869
833
0
0
0
0
0
0
3200
3251
0
0
0
0
0
0
911
845
0
0
0
0
0
0
3161
3241
0
0
0
0
0
0
946
851
0
0
0
0
0
0
3128
3238
0
0
0
0
0
0
977
851
0
0
0
0
0
0
3102
3243
0
0
0
0
0
0
1000
843
0
0
0
0
0
0
3082
3253
0
0
0
0
0
0
1016
829
0
0
0
0
0
0
3070
3273
0
0
0
0
0
0
1024
806
0
0
0
0
0
0
3065
3299
0
0
0
0
0
0
1026
776
0
0
0
0
0
0
3067
3331
0
0
0
0
0
0
1020
740
0
0
0
0
0
0
3078
3372
0
0
0
0
0
0
1003
694
0
0
0
0
0
0
3098
3420
0
0
0
0
0
0
979
642
0
0
0
0
0
0
3127
3477
0
0
0
0
0
0
947
584
0
0
0
0
0
0
3164
3540
0
0
0
0
0
0
906
517
0
0
0
0
0
0
3210
3610
0
0
0
0
0
0
854
443
0
0
0
0
0
0
3265
3685
0
0
0
0
0
0
795
364
0
0
0
0
0
0
3328
3768
0
0
0
0
0
0
728
278
0
0
0
0
0
0
3400
3857
0
0
0
0
0
0
651
187
0
0
0
0
0
0
3481
3952
0
0
0
0
0
0
567
91
0
0
0
0
0
0
3568
4050
0
0
0
0
0
0
475
4086
0
0
0
0
0
0
3664
56
0
0
0
0
0
0
377
3982
0
0
0
0
0
0
3767
163
0
0
0
0
0
0
270
3873
0
0
0
0
0
0
3876
272
0
0
0
0
0
0
158
3763
0
0
0
0
0
0
3989
382
0
0
0
0
0
0
40
3652
0
0
0
0
0
0
13
493
0
0
0
0
0
0
4017
3541
0
0
0
0
0
0
137
605
0
0
0
0
0
0
3890
3429
0
0
0
0
0
0
263
716
0
0
0
0
0
0
3763
3320
0
0
0
0
0
0
393
825
0
0
0
0
0
0
3633
3212
0
0
0
0
0
0
523
932
0
0
0
0
0
0
3502
3107
0
0
0
0
0
0
655
1035
0
0
0
0
0
0
3371
3005
0
0
0
0
0
0
783
1133
0
0
0
0
0
0
3242
2909
0
0
0
0
0
0
912
1226
0
0
0
0
0
0
3116
2820
0
0
0
0
0
0
1039
1314
0
0
0
0
0
0
2992
2736
0
0
0
0
0
0
1160
1393
0
0
0
0
0
0
2872
2660
0
0
0
0
0
0
1276
1465
0
0
0
0
0
0
2757
2592
0
0
0
0
0
0
1387
1528
0
0
0
0
0
0
2651
2534
0
0
0
0
0
0
1491
1581
0
0
0
0
0
0
2551
2486
0
0
0
0
0
0
1586
1623
0
0
0
0
0
0
2460
2449
0
0
0
0
0
0
1673
1656
0
0
0
0
0
0
2378
2423
0
0
0
0
0
0
1749
1676
0
0
0
0
0
0
2307
2408
0
0
0
0
0
0
1815
1684
0
0
0
0
0
0
2247
2405
0
0
0
0
0
0
1869
1680
0
0
0
0
0
0
2199
2416
0
0
0
0
0
0
1911
1665
0
0
0
0
0
0
2164
2440
0
0
0
0
0
0
1937
1633
0
0
0
0
0
0
2143
2475
0
0
0
0
0
0
1952
1590
0
0
0
0
0
0
2137
2526
0
0
0
0
0
0
1952
1535
0
0
0
0
0
0
2144
2588
0
0
0
0
0
0
1937
1467
0
0
0
0
0
0
2167
2664
0
0
0
0
0
0
1908
1385
0
0
0
0
0
0
2202
2752
0
0
0
0
0
0
1864
1289
0
0
0
0
0
0
2255
2852
0
0
0
0
0
0
1805
1183
0
0
0
0
0
0
2320
2963
0
0
0
0
0
0
1730
1066
0
0
0
0
0
0
2403
3088
0
0
0
0
0
0
1641
938
0
0
0
0
0
0
2499
3220
0
0
0
0
0
0
1537
799
0
0
0
0
0
0
2609
3363
0
0
0
0
0
0
1422
651
0
0
0
0
0
0
2734
3516
0
0
0
0
0
0
1290
493
0
0
0
0
0
0
2870
3677
0
0
0
0
0
0
1147
330
0
0
0
0
0
0
3019
3844
0
0
0
0
0
0
991
160
0
0
0
0
0
0
3180
4017
0
0
0
0
0
0
826
4081
0
0
0
0
0
0
3351
98
0
0
0
0
0
0
649
3900
0
0
0
0
0
0
3532
279
0
0
0
0
0
0
464
3719
0
0
0
0
0
0
3722
464
0
0
0
0
0
0
271
3535
0
0
0
0
0
0
3918
647
0
0
0
0
0
0
72
3351
0
0
0
0
0
0
24
830
0
0
0
0
0
0
3964
3169
0
0
0
0
0
0
230
1012
0
0
0
0
0
0
3756
2991
0
0
0
0
0
0
439
1188
0
0
0
0
0
0
3547
2816
0
0
0
0
0
0
649
1361
0
0
0
0
0
0
3337
2646
0
0
0
0
0
0
859
1527
0
0
0
0
0
0
3128
2482
0
0
0
0
0
0
1066
1685
0
0
0
0
0
0
2923
2329
0
0
0
0
0
0
1269
1833
0
0
0
0
0
0
2720
2185
0
0
0
0
0
0
1469
1974
0
0
0
0
0
0
2525
2053
0
0
0
0
0
0
1659
2100
0
0
0
0
0
0
2337
1931
0
0
0
0
0
0
1843
2213
0
0
0
0
0
0
2158
1823
0
0
0
0
0
0
2017
2314
0
0
0
0
0
0
1990
1731
0
0
0
0
0
0
2180
2399
0
0
0
0
0
0
1834
1654
0
0
0
0
0
0
2329
2468
0
0
0
0
0
0
1691
1592
0
0
0
0
0
0
2466
2521
0
0
0
0
0
0
1564
1550
0
0
0
0
0
0
2583
2555
0
0
0
0
0
0
1452
1522
0
0
0
0
0
0
2687
2574
0
0
0
0
0
0
1358
1515
0
0
0
0
0
0
2772
2573
0
0
0
0
0
0
1281
1525
0
0
0
0
0
0
2839
2552
0
0
0
0
0
0
1225
1555
0
0
0
0
0
0
2888
2514
0
0
0
0
0
0
1187
1603
0
0
0
0
0
0
2913
2457
0
0
0
0
0
0
1170
1670
0
0
0
0
0
0
2921
2379
0
0
0
0
0
0
1175
1756
0
0
0
0
0
0
2906
2285
0
0
0
0
0
0
1199
1860
0
0
0
0
0
0
2870
2170
0
0
0
0
0
0
1248
1984
0
0
0
0
0
0
2812
2040
0
0
0
0
0
0
1315
2123
0
0
0
0
0
0
2734
1891
0
0
0
0
0
0
1405
2279
0
0
0
0
0
0
2633
1727
0
0
0
0
0
0
1514
2450
0
0
0
0
0
0
2513
1548
0
0
0
0
0
0
1646
2637
0
0
0
0
0
0
2374
1357
0
0
0
0
0
0
1795
2835
0
0
0
0
0
0
2212
1149
0
0
0
0
0
0
1965
3047
0
0
0
0
0
0
2034
932
0
0
0
0
0
0
2153
3269
0
0
0
0
0
0
1838
704
0
0
0
0
0
0
2356
3502
0
0
0
0
0
0
1626
469
0
0
0
0
0
0
2575
3741
0
0
0
0
0
0
1400
227
0
0
0
0
0
0
2808
3985
0
0
0
0
0
0
1159
4074
0
0
0
0
0
0
3054
139
0
0
0
0
0
0
909
3825
0
0
0
0
0
0
3312
390
0
0
0
0
0
0
647
3572
0
0
0
0
0
0
3577
642
0
0
0
0
0
0
377
3320
0
0
0
0
0
0
3851
894
0
0
0
0
0
0
101
3071
0
0
0
0
0
0
34
1142
0
0
0
0
0
0
3915
2824
0
0
0
0
0
0
316
1385
0
0
0
0
0
0
3632
2585
0
0
0
0
0
0
599
1620
0
0
0
0
0
0
3348
2354
0
0
0
0
0
0
881
1849
0
0
0
0
0
0
3066
2130
0
0
0
0
0
0
1161
2064
0
0
0
0
0
0
2790
1920
0
0
0
0
0
0
1438
2271
0
0
0
0
0
0
2519
1722
0
0
0
0
0
0
1704
2461
0
0
0
0
0
0
2254
1538
0
0
0
0
0
0
1962
2636
0
0
0
0
0
0
2002
1372
0
0
0
0
0
0
2209
2794
0
0
0
0
0
0
1759
1222
0
0
0
0
0
0
2445
2934
0
0
0
0
0
0
1534
1092
0
0
0
0
0
0
2663
3055
0
0
0
0
0
0
1322
982
0
0
0
0
0
0
2866
3154
0
0
0
0
0
0
1128
893
0
0
0
0
0
0
3051
3232
0
0
0
0
0
0
954
825
0
0
0
0
0
0
3217
3289
0
0
0
0
0
0
800
781
0
0
0
0
0
0
3360
3322
0
0
0
0
0
0
667
760
0
0
0
0
0
0
3481
3331
0
0
0
0
0
0
559
762
0
0
0
0
0
0
3577
3318
0
0
0
0
0
0
473
787
0
0
0
0
0
0
3649
3279
0
0
0
0
0
0
415
839
0
0
0
0
0
0
3695
3216
0
0
0
0
0
0
381
913
0
0
0
0
0
0
3716
3131
0
0
0
0
0
0
373
1011
0
0
0
0
0
0
3711
3022
0
0
0
0
0
0
392
1131
0
0
0
0
0
0
3678
2890
0
0
0
0
0
0
439
1274
0
0
0
0
0
0
3619
2736
0
0
0
0
0
0
512
1439
0
0
0
0
0
0
3533
2562
0
0
0
0
0
0
610
1623
0
0
0
0
0
0
3421
2366
0
0
0
0
0
0
734
1827
0
0
0
0
0
0
3285
2154
0
0
0
0
0
0
883
2049
0
0
0
0
0
0
3123
1924
0
0
0
0
0
0
1056
2286
0
0
0
0
0
0
2937
1678
0
0
0
0
0
0
1253
2538
0
0
0
0
0
0
2730
1418
0
0
0
0
0
0
1471
2805
0
0
0
0
0
0
2501
1146
0
0
0
0
0
0
1711
3082
0
0
0
0
0
0
2252
864
0
0
0
0
0
0
1968
3368
0
0
0
0
0
0
1985
574
0
0
0
0
0
0
2244
3664
0
0
0
0
0
0
1704
278
0
0
0
0
0
0
2533
3963
0
0
0
0
0
0
1406
4071
0
0
0
0
0
0
2836
168
0
0
0
0
0
0
1097
3769
0
0
0
0
0
0
3151
472
0
0
0
0
0
0
777
3466
0
0
0
0
0
0
3472
772
0
0
0
0
0
0
452
3167
0
0
0
0
0
0
3802
1071
0
0
0
0
0
0
120
2871
0
0
0
0
0
0
42
1364
0
0
0
0
0
0
3881
2583
0
0
0
0
0
0
376
1647
0
0
0
0
0
0
3546
2304
0
0
0
0
0
0
711
1922
0
0
0
0
0
0
3213
2036
0
0
0
0
0
0
1041
2183
0
0
0
0
0
0
2884
1781
0
0
0
0
0
0
1369
2432
0
0
0
0
0
0
2562
1540
0
0
0
0
0
0
1687
2663
0
0
0
0
0
0
2249
1318
0
0
0
0
0
0
1994
2878
0
0
0
0
0
0
1947
1111
0
0
0
0
0
0
2288
3071
0
0
0
0
0
0
1659
927
0
0
0
0
0
0
2568
3245
0
0
0
0
0
0
1387
764
0
0
0
0
0
0
2832
3397
0
0
0
0
0
0
1134
625
0
0
0
0
0
0
3076
3526
0
0
0
0
0
0
899
509
0
0
0
0
0
0
3300
3629
0
0
0
0
0
0
687
418
0
0
0
0
0
0
3500
3706
0
0
0
0
0
0
497
353
0
0
0
0
0
0
3677
3758
0
0
0
0
0
0
334
314
0
0
0
0
0
0
3829
3784
0
0
0
0
0
0
195
302
0
0
0
0
0
0
3954
3784
0
0
0
0
0
0
84
317
0
0
0
0
0
0
4050
3757
0
0
0
0
0
0
2
358
0
0
0
0
0
0
23
3700
0
0
0
0
0
0
4043
425
0
0
0
0
0
0
62
3617
0
0
0
0
0
0
4019
522
0
0
0
0
0
0
72
3511
0
0
0
0
0
0
4023
642
0
0
0
0
0
0
53
3378
0
0
0
0
0
0
4058
788
0
0
0
0
0
0
3
3220
0
0
0
0
0
0
26
956
0
0
0
0
0
0
4022
3039
0
0
0
0
0
0
119
1149
0
0
0
0
0
0
3913
2837
0
0
0
0
0
0
240
1362
0
0
0
0
0
0
3778
2614
0
0
0
0
0
0
390
1595
0
0
0
0
0
0
3616
2370
0
0
0
0
0
0
565
1846
0
0
0
0
0
0
3427
2112
0
0
0
0
0
0
766
2114
0
0
0
0
0
0
3214
1837
0
0
0
0
0
0
992
2397
0
0
0
0
0
0
2977
1546
0
0
0
0
0
0
1238
2691
0
0
0
0
0
0
2719
1246
0
0
0
0
0
0
1506
2996
0
0
0
0
0
0
2442
936
0
0
0
0
0
0
1793
3310
0
0
0
0
0
0
2146
621
0
0
0
0
0
0
2098
3629
0
0
0
0
0
0
1835
298
0
0
0
0
0
0
2414
3952
0
0
0
0
0
0
1511
4070
0
0
0
0
0
0
2745
181
0
0
0
0
0
0
1177
3747
0
0
0
0
0
0
3085
503
0
0
0
0
0
0
832
3424
0
0
0
0
0
0
3433
824
0
0
0
0
0
0
481
3107
0
0
0
0
0
0
3784
1138
0
0
0
0
0
0
128
2798
0
0
0
0
0
0
42
1443
0
0
0
0
0
0
3869
2497
0
0
0
0
0
0
398
1739
0
0
0
0
0
0
3516
2207
0
0
0
0
0
0
749
2023
0
0
0
0
0
0
3168
1931
0
0
0
0
0
0
1094
2292
0
0
0
0
0
0
2824
1669
0
0
0
0
0
0
1431
2544
0
0
0
0
0
0
2491
1425
0
0
0
0
0
0
1761
2779
0
0
0
0
0
0
2172
1201
0
0
0
0
0
0
2074
2993
0
0
0
0
0
0
1863
995
0
0
0
0
0
0
2374
3186
0
0
0
0
0
0
1572
814
0
0
0
0
0
0
2656
3356
0
0
0
0
0
0
1298
656
0
0
0
0
0
0
2920
3503
0
0
0
0
0
0
1044
522
0
0
0
0
0
0
3162
3624
0
0
0
0
0
0
813
414
0
0
0
0
0
0
3384
3720
0
0
0
0
0
0
606
332
0
0
0
0
0
0
3577
3788
0
0
0
0
0
0
424
277
0
0
0
0
0
0
3746
3829
0
0
0
0
0
0
268
248
0
0
0
0
0
0
3891
3844
0
0
0
0
0
0
139
247
0
0
0
0
0
0
4004
3831
0
0
0
0
0
0
37
273
0
0
0
0
0
0
4091
3792
0
0
0
0
0
0
4063
327
0
0
0
0
0
0
52
3725
0
0
0
0
0
0
4021
407
0
0
0
0
0
0
79
3631
0
0
0
0
0
0
4008
513
0
0
0
0
0
0
76
3513
0
0
0
0
0
0
4025
644
0
0
0
0
0
0
45
3370
0
0
0
0
0
0
4073
800
0
0
0
0
0
0
4080
3203
0
0
0
0
0
0
52
977
0
0
0
0
0
0
3989
3014
0
0
0
0
0
0
157
1177
0
0
0
0
0
0
3872
2807
0
0
0
0
0
0
287
1396
0
0
0
0
0
0
3726
2576
0
0
0
0
0
0
446
1633
0
0
0
0
0
0
3556
2331
0
0
0
0
0
0
628
1887
0
0
0
0
0
0
3360
2069
0
0
0
0
0
0
836
2157
0
0
0
0
0
0
3143
1795
0
0
0
0
0
0
1067
2437
0
0
0
0
0
0
2903
1507
0
0
0
0
0
0
1315
2729
0
0
0
0
0
0
2642
1210
0
0
0
0
0
0
1583
3029
0
0
0
0
0
0
2366
907
0
0
0
0
0
0
1867
3335
0
0
0
0
0
0
2074
599
0
0
0
0
0
0
2168
3646
0
0
0
0
0
0
1766
287
0
0
0
0
0
0
2480
3957
0
0
0
0
0
0
1449
4070
0
0
0
0
0
0
2802
173
0
0
0
0
0
0
1125
3761
0
0
0
0
0
0
3129
481
0
0
0
0
0
0
794
3456
0
0
0
0
0
0
3463
784
0
0
0
0
0
0
459
3156
0
0
0
0
0
0
3800
1081
0
0
0
0
0
0
122
2865
0
0
0
0
0
0
40
1367
0
0
0
0
0
0
3882
2583
0
0
0
0
0
0
375
1641
0
0
0
0
0
0
3550
2315
0
0
0
0
0
0
705
1905
0
0
0
0
0
0
3223
2060
0
0
0
0
0
0
1027
2150
0
0
0
0
0
0
2905
1822
0
0
0
0
0
0
1339
2380
0
0
0
0
0
0
2598
1602
0
0
0
0
0
0
1642
2591
0
0
0
0
0
0
2302
1399
0
0
0
0
0
0
1929
2783
0
0
0
0
0
0
2022
1218
0
0
0
0
0
0
2203
2955
0
0
0
0
0
0
1758
1058
0
0
0
0
0
0
2456
3102
0
0
0
0
0
0
1514
922
0
0
0
0
0
0
2691
3226
0
0
0
0
0
0
1288
807
0
0
0
0
0
0
2906
3329
0
0
0
0
0
0
1085
719
0
0
0
0
0
0
3098
3405
0
0
0
0
0
0
905
655
0
0
0
0
0
0
3266
3457
0
0
0
0
0
0
747
614
0
0
0
0
0
0
3410
3484
0
0
0
0
0
0
615
599
0
0
0
0
0
0
3530
3487
0
0
0
0
0
0
509
610
0
0
0
0
0
0
3622
3465
0
0
0
0
0
0
431
645
0
0
0
0
0
0
3689
3419
0
0
0
0
0
0
377
702
0
0
0
0
0
0
3729
3347
0
0
0
0
0
0
352
785
0
0
0
0
0
0
3743
3254
0
0
0
0
0
0
352
891
0
0
0
0
0
0
3728
3138
0
0
0
0
0
0
379
1017
0
0
0
0
0
0
3688
3001
0
0
0
0
0
0
431
1165
0
0
0
0
0
0
3621
2843
0
0
0
0
0
0
511
1333
0
0
0
0
0
0
3529
2667
0
0
0
0
0
0
615
1517
0
0
0
0
0
0
3416
2475
0
0
0
0
0
0
742
1718
0
0
0
0
0
0
3277
2265
0
0
0
0
0
0
891
1933
0
0
0
0
0
0
3116
2042
0
0
0
0
0
0
1061
2162
0
0
0
0
0
0
2935
1807
0
0
0
0
0
0
1252
2404
0
0
0
0
0
0
2736
1563
0
0
0
0
0
0
1461
2654
0
0
0
0
0
0
2519
1309
0
0
0
0
0
0
1685
2910
0
0
0
0
0
0
2287
1047
0
0
0
0
0
0
1925
3174
0
0
0
0
0
0
2041
783
0
0
0
0
0
0
2177
3440
0
0
0
0
0
0
1782
515
0
0
0
0
0
0
2441
3709
0
0
0
0
0
0
1514
246
0
0
0
0
0
0
2713
3977
0
0
0
0
0
0
1237
4074
0
0
0
0
0
0
2991
146
0
0
0
0
0
0
958
3811
0
0
0
0
0
0
3273
408
0
0
0
0
0
0
673
3552
0
0
0
0
0
0
3560
664
0
0
0
0
0
0
387
3301
0
0
0
0
0
0
3846
912
0
0
0
0
0
0
102
3058
0
0
0
0
0
0
34
1149
0
0
0
0
0
0
3917
2826
0
0
0
0
0
0
313
1375
0
0
0
0
0
0
3639
2606
0
0
0
0
0
0
589
1590
0
0
0
0
0
0
3368
2399
0
0
0
0
0
0
854
1789
0
0
0
0
0
0
3106
2207
0
0
0
0
0
0
1111
1973
0
0
0
0
0
0
2855
2030
0
0
0
0
0
0
1357
2142
0
0
0
0
0
0
2616
1871
0
0
0
0
0
0
1589
2292
0
0
0
0
0
0
2390
1729
0
0
0
0
0
0
1808
2424
0
0
0
0
0
0
2180
1607
0
0
0
0
0
0
2009
2537
0
0
0
0
0
0
1986
1503
0
0
0
0
0
0
2194
2630
0
0
0
0
0
0
1810
1419
0
0
0
0
0
0
2362
2704
0
0
0
0
0
0
1653
1357
0
0
0
0
0
0
2508
2756
0
0
0
0
0
0
1516
1314
0
0
0
0
0
0
2635
2788
0
0
0
0
0
0
1398
1292
0
0
0
0
0
0
2741
2800
0
0
0
0
0
0
1303
1291
0
0
0
0
0
0
2828
2792
0
0
0
0
0
0
1228
1309
0
0
0
0
0
0
2890
2764
0
0
0
0
0
0
1176
1347
0
0
0
0
0
0
2934
2718
0
0
0
0
0
0
1144
1404
0
0
0
0
0
0
2955
2651
0
0
0
0
0
0
1134
1479
0
0
0
0
0
0
2952
2566
0
0
0
0
0
0
1145
1571
0
0
0
0
0
0
2930
2466
0
0
0
0
0
0
1178
1680
0
0
0
0
0
0
2887
2348
0
0
0
0
0
0
1231
1805
0
0
0
0
0
0
2826
2217
0
0
0
0
0
0
1303
1943
0
0
0
0
0
0
2744
2073
0
0
0
0
0
0
1393
2095
0
0
0
0
0
0
2644
1916
0
0
0
0
0
0
1502
2258
0
0
0
0
0
0
2527
1746
0
0
0
0
0
0
1628
2432
0
0
0
0
0
0
2394
1568
0
0
0
0
0
0
1768
2613
0
0
0
0
0
0
2247
1382
0
0
0
0
0
0
1922
2803
0
0
0
0
0
0
2085
1191
0
0
0
0
0
0
2090
2998
0
0
0
0
0
0
1912
992
0
0
0
0
0
0
2268
3196
0
0
0
0
0
0
1729
791
0
0
0
0
0
0
2456
3399
0
0
0
0
0
0
1537
590
0
0
0
0
0
0
2653
3603
0
0
0
0
0
0
1336
385
0
0
0
0
0
0
2856
3806
0
0
0
0
0
0
1131
184
0
0
0
0
0
0
3064
4007
0
0
0
0
0
0
922
4081
0
0
0
0
0
0
3275
107
0
0
0
0
0
0
709
3884
0
0
0
0
0
0
3487
301
0
0
0
0
0
0
496
3694
0
0
0
0
0
0
3701
487
0
0
0
0
0
0
284
3512
0
0
0
0
0
0
3912
668
0
0
0
0
0
0
74
3336
0
0
0
0
0
0
23
838
0
0
0
0
0
0
3963
3170
0
0
0
0
0
0
228
999
0
0
0
0
0
0
3764
3015
0
0
0
0
0
0
425
1149
0
0
0
0
0
0
3570
2870
0
0
0
0
0
0
615
1288
0
0
0
0
0
0
3383
2737
0
0
0
0
0
0
796
1415
0
0
0
0
0
0
3206
2617
0
0
0
0
0
0
968
1529
0
0
0
0
0
0
3041
2510
0
0
0
0
0
0
1129
1628
0
0
0
0
0
0
2885
2417
0
0
0
0
0
0
1278
1715
0
0
0
0
0
0
2742
2339
0
0
0
0
0
0
1416
1785
0
0
0
0
0
0
2611
2274
0
0
0
0
0
0
1538
1842
0
0
0
0
0
0
2496
2224
0
0
0
0
0
0
1648
1886
0
0
0
0
0
0
2395
2190
0
0
0
0
0
0
1741
1914
0
0
0
0
0
0
2307
2169
0
0
0
0
0
0
1821
1926
0
0
0
0
0
0
2234
2162
0
0
0
0
0
0
1884
1924
0
0
0
0
0
0
2179
2171
0
0
0
0
0
0
1935
1910
0
0
0
0
0
0
2137
2193
0
0
0
0
0
0
1969
1881
0
0
0
0
0
0
2110
2228
0
0
0
0
0
0
1987
1840
0
0
0
0
0
0
2100
2276
0
0
0
0
0
0
1991
1786
0
0
0
0
0
0
2103
2335
0
0
0
0
0
0
1982
1722
0
0
0
0
0
0
2121
2406
0
0
0
0
0
0
1956
1646
0
0
0
0
0
0
2151
2487
0
0
0
0
0
0
1918
1559
0
0
0
0
0
0
2196
2578
0
0
0
0
0
0
1867
1464
0
0
0
0
0
0
2254
2677
0
0
0
0
0
0
1803
1360
0
0
0
0
0
0
2324
2784
0
0
0
0
0
0
1727
1249
0
0
0
0
0
0
2404
2898
0
0
0
0
0
0
1643
1135
0
0
0
0
0
0
2495
3016
0
0
0
0
0
0
1547
1012
0
0
0
0
0
0
2595
3140
0
0
0
0
0
0
1443
887
0
0
0
0
0
0
2701
3267
0
0
0
0
0
0
1332
760
0
0
0
0
0
0
2816
3396
0
0
0
0
0
0
1215
629
0
0
0
0
0
0
2936
3526
0
0
0
0
0
0
1092
499
0
0
0
0
0
0
3062
3656
0
0
0
0
0
0
964
369
0
0
0
0
0
0
3191
3786
0
0
0
0
0
0
833
240
0
0
0
0
0
0
3323
3915
0
0
0
0
0
0
701
113
0
0
0
0
0
0
3457
4040
0
0
0
0
0
0
568
4085
0
0
0
0
0
0
3590
65
0
0
0
0
0
0
435
3966
0
0
0
0
0
0
3723
183
0
0
0
0
0
0
301
3851
0
0
0
0
0
0
3854
294
0
0
0
0
0
0
170
3741
0
0
0
0
0
0
3983
400
0
0
0
0
0
0
44
3639
0
0
0
0
0
0
14
501
0
0
0
0
0
0
4017
3543
0
0
0
0
0
0
134
593
0
0
0
0
0
0
3898
3453
0
0
0
0
0
0
251
679
0
0
0
0
0
0
3784
3372
0
0
0
0
0
0
361
756
0
0
0
0
0
0
3677
3299
0
0
0
0
0
0
465
824
0
0
0
0
0
0
3578
3235
0
0
0
0
0
0
561
884
0
0
0
0
0
0
3486
3180
0
0
0
0
0
0
650
936
0
0
0
0
0
0
3400
3133
0
0
0
0
0
0
730
978
0
0
0
0
0
0
3325
3095
0
0
0
0
0
0
803
1012
0
0
0
0
0
0
3256
3065
0
0
0
0
0
0
865
1035
0
0
0
0
0
0
3198
3046
0
0
0
0
0
0
920
1052
0
0
0
0
0
0
3148
3034
0
0
0
0
0
0
967
1060
0
0
0
0
0
0
3107
3030
0
0
0
0
0
0
1002
1058
0
0
0
0
0
0
3075
3036
0
0
0
0
0
0
1029
1049
0
0
0
0
0
0
3052
3049
0
0
0
0
0
0
1048
1033
0
0
0
0
0
0
3038
3069
0
0
0
0
0
0
1057
1010
0
0
0
0
0
0
3033
3096
0
0
0
0
0
0
1058
978
0
0
0
0
0
0
3035
3129
0
0
0
0
0
0
1051
941
0
0
0
0
0
0
3045
3168
0
0
0
0
0
0
1037
900
0
0
0
0
0
0
3064
3214
0
0
0
0
0
0
1016
853
0
0
0
0
0
0
3089
3263
0
0
0
0
0
0
986
801
0
0
0
0
0
0
3121
3317
0
0
0
0
0
0
951
744
0
0
0
0
0
0
3161
3375
0
0
0
0
0
0
910
687
0
0
0
0
0
0
3204
3436
0
0
0
0
0
0
864
624
0
0
0
0
0
0
3251
3498
0
0
0
0
0
0
814
561
0
0
0
0
0
0
3305
3563
0
0
0
0
0
0
759
495
0
0
0
0
0
0
3360
3628
0
0
0
0
0
0
701
431
0
0
0
0
0
0
3420
3693
0
0
0
0
0
0
640
365
0
0
0
0
0
0
3481
3759
0
0
0
0
0
0
578
299
0
0
0
0
0
0
3545
3824
0
0
0
0
0
0
513
233
0
0
0
0
0
0
3610
3888
0
0
0
0
0
0
448
170
0
0
0
0
0
0
3676
3951
0
0
0
0
0
0
384
109
0
0
0
0
0
0
3740
4011
0
0
0
0
0
0
319
51
0
0
0
0
0
0
3804
4069
0
0
0
0
0
0
255
4090
0
0
0
0
0
0
3867
28
0
0
0
0
0
0
192
4035
0
0
0
0
0
0
3928
79
0
0
0
0
0
0
131
3985
0
0
0
0
0
0
3989
128
0
0
0
0
0
0
74
3942
0
0
0
0
0
0
4046
172
0
0
0
0
0
0
18
3899
0
0
0
0
0
0
4
212
0
0
0
0
0
0
4061
3859
0
0
0
0
0
0
55
248
0
0
0
0
0
0
4012
3826
0
0
0
0
0
0
103
281
0
0
0
0
0
0
3967
3797
0
0
0
0
0
0
147
309
0
0
0
0
0
0
3924
3771
0
0
0
0
0
0
187
331
0
0
0
0
0
0
3887
3750
0
0
0
0
0
0
222
351
0
0
0
0
0
0
3853
3733
0
0
0
0
0
0
254
366
0
0
0
0
0
0
3824
3720
0
0
0
0
0
0
281
376
0
0
0
0
0
0
3799
3711
0
0
0
0
0
0
304
382
0
0
0
0
0
0
3778
3706
0
0
0
0
0
0
322
386
0
0
0
0
0
0
3761
3704
0
0
0
0
0
0
338
386
0
0
0
0
0
0
3747
3706
0
0
0
0
0
0
348
381
0
0
0
0
0
0
3738
3712
0
0
0
0
0
0
355
376
0
0
0
0
0
0
3735
3721
0
0
0
0
0
0
360
365
0
0
0
0
0
0
3732
3732
0
0
0
0
0
0
357
352
0
0
0
0
0
0
3735
3746
0
0
0
0
0
0
354
338
0
0
0
0
0
0
3739
3760
0
0
0
0
0
0
348
321
0
0
0
0
0
0
3746
3778
0
0
0
0
0
0
340
303
0
0
0
0
0
0
3757
3798
0
0
0
0
0
0
328
282
0
0
0
0
0
0
3770
3818
0
0
0
0
0
0
314
263
0
0
0
0
0
0
3785
3838
0
0
0
0
0
0
298
241
0
0
0
0
0
0
3802
3861
0
0
0
0
0
0
281
219
0
0
0
0
0
0
3820
3882
0
0
0
0
0
0
262
195
0
0
0
0
0
0
3839
3906
0
0
0
0
0
0
243
175
0
0
0
0
0
0
3859
3928
0
0
0
0
0
0
222
152
0
0
0
0
0
0
3878
3948
0
0
0
0
0
0
202
131
0
0
0
0
0
0
3899
3971
0
0
0
0
0
0
181
111
0
0
0
0
0
0
3920
3990
0
0
0
0
0
0
161
90
0
0
0
0
0
0
3941
4011
0
0
0
0
0
0
141
72
0
0
0
0
0
0
3960
4028
0
0
0
0
0
0
121
54
0
0
0
0
0
0
3980
4045
0
0
0
0
0
0
102
38
0
0
0
0
0
0
3998
4061
0
0
0
0
0
0
85
23
0
0
0
0
0
0
4017
4076
0
0
0
0
0
0
66
9
0
0
0
0
0
0
4032
4088
0
0
0
0
0
0
52
4093
0
0
0
0
0
0
4048
4
0
0
0
0
0
0
37
4082
0
0
0
0
0
0
4062
14
0
0
0
0
0
0
24
4073
0
0
0
0
0
0
4073
21
0
0
0
0
0
0
11
4066
0
0
0
0
0
0
4084
27
0
0
0
0
0
0
2
4060
0
0
0
0
0
0
4095
34
0
0
0
0
0
0
4089
4056
0
0
0
0
0
0
7
39
0
0
0
0
0
0
4080
4051
0
0
0
0
0
0
14
42
0
0
0
0
0
0
4074
4049
0
0
0
0
0
0
20
43
0
0
0
0
0
0
4069
4047
0
0
0
0
0
0
24
43
0
0
0
0
0
0
4065
4047
0
0
0
0
0
0
28
44
0
0
0
0
0
0
4063
4049
0
0
0
0
0
0
29
42
0
0
0
0
0
0
4062
4050
0
0
0
0
0
0
29
41
0
0
0
0
0
0
4061
4051
0
0
0
0
0
0
30
37
0
0
0
0
0
0
4061
4055
0
0
0
0
0
0
29
35
0
0
0
0
0
0
4063
4058
0
0
0
0
0
0
28
31
0
0
0
0
0
0
4065
4061
0
0
0
0
0
0
26
29
0
0
0
0
0
0
4066
4064
0
0
0
0
0
0
24
26
0
0
0
0
0
0
4069
4067
0
0
0
0
0
0
20
21
0
0
0
0
0
0
4072
4072
0
0
0
0
0
0
18
17
0
0
0
0
0
0
4075
4076
0
0
0
0
0
0
15
14
0
0
0
0
0
0
4078
4079
0
0
0
0
0
0
12
11
0
0
0
0
0
0
4080
4082
0
0
0
0
0
0
10
8
0
0
0
0
0
0
4083
4084
0
0
0
0
0
0
8
7
0
0
0
0
0
0
4085
4086
0
0
0
0
0
0
5
3
0
0
0
0
0
0
4087
4089
0
0
0
0
0
0
3
1
0
0
0
0
0
0
4090
4091
0
0
0
0
0
0
2
0
0
0
0
0
0
0
4090
4091
0
0
0
0
0
0
4095
4095
0
0
0
0
0
0
4092
4092
0
0
0
0
0
0
0
4095
0
0
0
0
0
0
4092
4092
0
0
0
0
0
0
0
4095
0
0
0
0
0
0
4092
4092
0
0
0
0
0
0
0
4095
0
0
0
0
0
0
4094
4095
0
0
0
0
0
0
0
4095
0
0
0
0
0
0
4095
0
0
0
0
0
0
0
0
4095
0
0
0
0
0
0
0
0
0
0
0
0
0
0
4095
4095
0
0
0
0
0
0
0
0
0
0
0
0
0
0
4095
4095
0
0
0
0
0
0
0
0
0
0
0
0
0
0
4095
4095
0
0
0
0
0
0
0
0
0
0
0
0
0
0
4095
4095
0
0
0
0
0
0
0
0
0
0
0
0
0
0
4095
4095
0
0
0
0
0
0
0
0
0
0
0
0
0
0
4095
4095
0
0
0
0
0
0
0
0
0
0
0
0
0
0
4095
4095
0
0
0
0
0
0
0
0
0
0
0
0
0
0
4095
4095
0
0
0
0
0
0
0
0
0
0
0
0
0
0
4095
4095
0
0
0
0
0
0
0
0
0
0
0
0
0
0
4095
4095
0
0
0
0
0
0
0
0
0
0
0
0
0
0
4095
4095
0
0
0
0
0
0
0
0
0
0
0
0
0
0
4095
4095
0
0
0
0
0
0
0
0
0
0
0
0
0
0
4095
4095
0
0
0
0
0
0
0
0
0
0
0
0
0
0
4095
4095
0
0
0
0
0
0
0
0
0
0
0
0
0
0
4095
4095
0
0
0
0
0
0
0
0
0
0
0
0
0
0
4095
4095
0
0
0
0
0
0
0
0
0
0
0
0
0
0
4095
4095
0
0
0
0
0
0
0
0
0
0
0
0
0
0
4095
4095
0
0
0
0
0
0
0
0
0
0
0
0
0
0
4095
4095
0
0
0
0
0
0
0
0
0
0
0
0
0
0
4095
4095
0
0
0
0
0
0
0
0
0
0
0
0
0
0
4095
4095
0
0
0
0
0
0
0
0
0
0
0
0
0
0
4095
4095
0
0
0
0
0
0
0
0
0
0
0
0
0
0
4095
4095
0
0
0
0
0
0
0
0
0
0
0
0
0
0
4095
4095
0
0
0
0
0
0
0
0
0
0
0
0
0
0
4095
4095
0
0
0
0
0
0
0
0
0
0
0
0
0
0
4095
4095
0
0
0
0
0
0
0
0
0
0
0
0
0
0
4095
4095
0
0
0
0
0
0
0
0
0
0
0
0
0
0
4095
4095
0
0
0
0
0
0
0
0
0
0
0
0
0
0
4095
4095
0
0
0
0
0
0
0
0
0
0
0
0
0
0
4095
4095
0
0
0
0
0
0
0
0
0
0
0
0
0
0
4095
4095
0
0
0
0
0
0
0
0
0
0
0
0
0
0
4095
4095
0
0
0
0
0
0
0
0
0
0
0
0
0
0
4095
4095
0
0
0
0
0
0
0
0
0
0
0
0
0
0
4095
4095
0
0
0
0
0
0
0
0
0
0
0
0
0
0
4095
4095
0
0
0
0
0
0
0
0
0
0
0
0
0
0
4095
4095
0
0
0
0
0
0
0
0
0
0
0
0
0
0
4095
4095
0
0
0
0
0
0
0
0
0
0
0
0
0
0
4095
4095
0
0
0
0
0
0
0
0
0
0
0
0
0
0
4095
4095
0
0
0
0
0
0
0
0
0
0
0
0
0
0
4095
4095
0
0
0
0
0
0
0
0
0
0
0
0
0
0
4095
4095
0
0
0
0
0
0
0
0
0
0
0
0
0
0
4095
4095
0
0
0
0
0
0
0
0
0
0
0
0
0
0
4095
4095
0
0
0
0
0
0
0
0
0
0
0
0
0
0
4095
4095
0
0
0
0
0
0
0
0
0
0
0
0
0
0
4095
4095
0
0
0
0
0
0
0
0
0
0
0
0
0
0
4095
4095
0
0
0
0
0
0
0
0
0
0
0
0
0
0
4095
4095
0
0
0
0
0
0
0
0
0
0
0
0
0
0
4095
4095
0
0
0
0
0
0
0
0
0
0
0
0
0
0
4095
4095
0
0
0
0
0
0
0
0
0
0
0
0
0
0
4095
4095
0
0
0
0
0
0
0
0
0
0
0
0
0
0
4095
4095
0
0
0
0
0
0
0
0
0
0
0
0
0
0
4095
4095
0
0
0
0
0
0
0
0
0
0
0
0
0
0
4095
4095
0
0
0
0
0
0
0
0
0
0
0
0
0
0
4095
4095
0
0
0
0
0
0
0
0
0
0
0
0
0
0
4095
4095
0
0
0
0
0
0
0
0
0
0
0
0
0
0
4095
4095
0
0
0
0
0
0
0
0
0
0
0
0
0
0
4095
4095
0
0
0
0
0
0
0
0
0
0
0
0
0
0
4095
4095
0
0
0
0
0
0
0
0
0
0
0
0
0
0
4095
4095
0
0
0
0
0
0
0
0
0
0
0
0
0
0
4095
4095
0
0
0
0
0
0
0
0
0
0
0
0
0
0
4095
4095
0
0
0
0
0
0
0
0
0
0
0
0
0
0
4095
4095
0
0
0
0
0
0
0
0
0
0
0
0
0
0
4095
4095
0
0
0
0
0
0
0
0
0
0
0
0
0
0
4095
4095
0
0
0
0
0
0
0
0
0
0
0
0
0
0
4095
4095
0
0
0
0
0
0
0
0
0
0
0
0
0
0
4095
4095
0
0
0
0
0
0
0
0
0
0
0
0
0
0
4095
4095
0
0
0
0
0
0
0
0
0
0
0
0
0
0
4095
4095
0
0
0
0
0
0
0
0
0
0
0
0
0
0
4095
4095
0
0
0
0
0
0
0
0
0
0
0
0
0
0
4095
4095
0
0
0
0
0
0
0
0
0
0
0
0
0
0
4095
4095
0
0
0
0
0
0
0
0
0
0
0
0
0
0
4095
4095
0
0
0
0
0
0
0
0
0
0
0
0
0
0
4095
4095
0
0
0
0
0
0
0
0
0
0
0
0
0
0
4095
4095
0
0
0
0
0
0
0
0
0
0
0
0
0
0
4095
4095
0
0
0
0
0
0
0
0
0
0
0
0
0
0
4095
4095
0
0
0
0
0
0
0
0
0
0
0
0
0
0
4095
4095
0
0
0
0
0
0
0
0
0
0
0
0
0
0
4095
4095
0
0
0
0
0
0
0
0
0
0
0
0
0
0
4095
4095
0
0
0
0
0
0
0
0
0
0
0
0
0
0
4095
4095
0
0
0
0
0
0
0
0
0
0
0
0
0
0
4095
4095
0
0
0
0
0
0
0
0
0
0
0
0
0
0
4095
4095
0
0
0
0
0
0
0
0
0
0
0
0
0
0
4095
4095
0
0
0
0
0
0
0
0
0
0
0
0
0
0
4095
4095
0
0
0
0
0
0
0
0
0
0
0
0
0
0
4095
4095
0
0
0
0
0
0
0
0
0
0
0
0
0
0
4095
4095
0
0
0
0
0
0
0
0
0
0
0
0
0
0
4095
4095
0
0
0
0
0
0
0
0
0
0
0
0
0
0
4095
4095
0
0
0
0
0
0
0
0
0
0
0
0
0
0
4095
4095
0
0
0
0
0
0
0
0
0
0
0
0
0
0
4095
4095
0
0
0
0
0
0
0
0
0
0
0
0
0
0
4095
4095
0
0
0
0
0
0
0
0
0
0
0
0
0
0
4095
4095
0
0
0
0
0
0
0
0
0
0
0
0
0
0
4095
4095
0
0
0
0
0
0
0
0
0
0
0
0
0
0
4095
4095
0
0
0
0
0
0
0
0
0
0
0
0
0
0
4095
4095
0
0
0
0
0
0
0
0
0
0
0
0
0
0
4095
4095
0
0
0
0
0
0
0
0
0
0
0
0
0
0
4095
4095
0
0
0
0
0
0
0
0
0
0
0
0
0
0
4095
4095
0
0
0
0
0
0
0
0
0
0
0
0
0
0
4095
4095
0
0
0
0
0
0
0
0
0
0
0
0
0
0
4095
4095
0
0
0
0
0
0
0
0
0
0
0
0
0
0
4095
4095
0
0
0
0
0
0
0
0
0
0
0
0
0
0
4095
4095
0
0
0
0
0
0
0
0
0
0
0
0
0
0
4095
4095
0
0
0
0
0
0
0
0
0
0
0
0
0
0
4095
4095
0
0
0
0
0
0
0
0
0
0
0
0
0
0
4095
4095
0
0
0
0
0
0
0
0
0
0
0
0
0
0
4095
4095
0
0
0
0
0
0
0
0
0
0
0
0
0
0
4095
4095
0
0
0
0
0
0
0
0
0
0
0
0
0
0
4095
4095
0
0
0
0
0
0
0
0
0
0
0
0
0
0
4095
4095
0
0
0
0
0
0
0
0
0
0
0
0
0
0
4095
4095
0
0
0
0
0
0
0
0
0
0
0
0
0
0
4095
4095
0
0
0
0
0
0
0
0
0
0
0
0
0
0
4095
4095
0
0
0
0
0
0
0
0
0
0
0
0
0
0
4095
4095
0
0
0
0
0
0
0
0
0
0
0
0
0
0
4095
4095
0
0
0
0
0
0
0
0
0
0
0
0
0
0
4095
4095
0
0
0
0
0
0
0
0
0
0
0
0
0
0
4095
4095
0
0
0
0
0
0
0
0
0
0
0
0
0
0
4095
4095
0
0
0
0
0
0
0
0
0
0
0
0
0
0
4095
4095
0
0
0
0
0
0
0
0
0
0
0
0
0
0
4095
4095
0
0
0
0
0
0
0
0
0
0
0
0
0
0
4095
4095
0
0
0
0
0
0
0
0
0
0
0
0
0
0
4095
4095
0
0
0
0
0
0
0
0
0
0
0
0
0
0
4095
4095
0
0
0
0
0
0
0
0
0
0
0
0
0
0
4095
4095
0
0
0
0
0
0
0
0
0
0
0
0
0
0
4095
4095
0
0
0
0
0
0
0
0
0
0
0
0
0
0
4095
4095
0
0
0
0
0
0
0
0
0
0
0
0
0
0
4095
4095
0
0
0
0
0
0
0
0
0
0
0
0
0
0
4095
4095
0
0
0
0
0
0
0
0
0
0
0
0
0
0
4095
4095
0
0
0
0
0
0
0
0
0
0
0
0
0
0
4095
4095
0
0
0
0
0
0
0
0
0
0
0
0
0
0
4095
4095
0
0
0
0
0
0
0
0
0
0
0
0
0
0
4095
4095
0
0
0
0
0
0
0
0
0
0
0
0
0
0
4095
4095
0
0
0
0
0
0
0
0
0
0
0
0
0
0
4095
4095
0
0
0
0
0
0
0
0
0
0
0
0
0
0
4095
4095
0
0
0
0
0
0
0
0
0
0
0
0
0
0
4095
4095
0
0
0
0
0
0
0
0
0
0
0
0
0
0
4095
4095
0
0
0
0
0
0
0
0
0
0
0
0
0
0
4095
4095
0
0
0
0
0
0
0
0
0
0
0
0
0
0
4095
4095
0
0
0
0
0
0
0
0
0
0
0
0
0
0
4095
4095
0
0
0
0
0
0
0
0
0
0
0
0
0
0
4095
4095
0
0
0
0
0
0
0
0
0
0
0
0
0
0
4095
4095
0
0
0
0
0
0
0
0
0
0
0
0
0
0
4095
4095
0
0
0
0
0
0
0
0
0
0
0
0
0
0
4095
4095
0
0
0
0
0
0
0
0
0
0
0
0
0
0
4095
4095
0
0
0
0
0
0
0
0
0
0
0
0
0
0
4095
4095
0
0
0
0
0
0
0
0
0
0
0
0
0
0
4095
4095
0
0
0
0
0
0
0
0
0
0
0
0
0
0
4095
4095
0
0
0
0
0
0
0
0
0
0
0
0
0
0
4095
4095
0
0
0
0
0
0
0
0
0
0
0
0
0
0
4095
4095
0
0
0
0
0
0
0
0
0
0
0
0
0
0
4095
4095
0
0
0
0
0
0
0
0
0
0
0
0
0
0
4095
4095
0
0
0
0
0
0
0
0
0
0
0
0
0
0
4095
4095
0
0
0
0
0
0
0
0
0
0
0
0
0
0
4095
4095
0
0
0
0
0
0
0
0
0
0
0
0
0
0
4095
4095
0
0
0
0
0
0
0
0
0
0
0
0
0
0
4095
4095
0
0
0
0
0
0
0
0
0
0
0
0
0
0
4095
4095
0
0
0
0
0
0
0
0
0
0
0
0
0
0
4095
4095
0
0
0
0
0
0
0
0
0
0
0
0
0
0
4095
4095
0
0
0
0
0
0
0
0
0
0
0
0
0
0
4095
4095
0
0
0
0
0
0
0
0
0
0
0
0
0
0
4095
4095
0
0
0
0
0
0
0
0
0
0
0
0
0
0
4095
4095
0
0
0
0
0
0
0
0
0
0
0
0
0
0
4095
4095
0
0
0
0
0
0
0
0
0
0
0
0
0
0
4095
4095
0
0
0
0
0
0
0
0
0
0
0
0
0
0
4095
4095
0
0
0
0
0
0
0
0
0
0
0
0
0
0
4095
4095
0
0
0
0
0
0
0
0
0
0
0
0
0
0
4095
4095
0
0
0
0
0
0
0
0
0
0
0
0
0
0
4095
4095
0
0
0
0
0
0
0
0
0
0
0
0
0
0
4095
4095
0
0
0
0
0
0
0
0
0
0
0
0
0
0
4095
4095
0
0
0
0
0
0
0
0
0
0
0
0
0
0
4095
4095
0
0
0
0
0
0
0
0
0
0
0
0
0
0
4095
4095
0
0
0
0
0
0
0
0
0
0
0
0
0
0
4095
4095
0
0
0
0
0
0
0
0
0
0
0
0
0
0
4095
4095
0
0
0
0
0
0
0
0
0
0
0
0
0
0
4095
4095
0
0
0
0
0
0
0
0
0
0
0
0
0
0
4095
4095
0
0
0
0
0
0
0
0
0
0
0
0
0
0
4095
4095
0
0
0
0
0
0
0
0
0
0
0
0
0
0
4095
4095
0
0
0
0
0
0
0
0
0
0
0
0
0
0
4095
4095
0
0
0
0
0
0
0
0
0
0
0
0
0
0
4095
4095
0
0
0
0
0
0
0
0
0
0
0
0
0
0
4095
4095
0
0
0
0
0
0
0
0
0
0
0
0
0
0
4095
4095
0
0
0
0
0
0
0
0
0
0
0
0
0
0
4095
4095
0
0
0
0
0
0
0
0
0
0
0
0
0
0
4095
4095
0
0
0
0
0
0
0
0
0
0
0
0
0
0
4095
4095
0
0
0
0
0
0
0
0
0
0
0
0
0
0
4095
4095
0
0
0
0
0
0
0
0
0
0
0
0
0
0
4095
4095
0
0
0
0
0
0
0
0
0
0
0
0
0
0
4095
4095
0
0
0
0
0
0
0
0
0
0
0
0
0
0
4095
4095
0
0
0
0
0
0
0
0
0
0
0
0
0
0
4095
4095
0
0
0
0
0
0
0
0
0
0
0
0
0
0
4095
4095
0
0
0
0
0
0
0
0
0
0
0
0
0
0
4095
4095
0
0
0
0
0
0
0
0
0
0
0
0
0
0
4095
4095
0
0
0
0
0
0
0
0
0
0
0
0
0
0
4095
4095
0
0
0
0
0
0
0
0
0
0
0
0
0
0
4095
4095
0
0
0
0
0
0
0
0
0
0
0
0
0
0
4095
4095
0
0
0
0
0
0
0
0
0
0
0
0
0
0
4095
4095
0
0
0
0
0
0
0
0
0
0
0
0
0
0
4095
4095
0
0
0
0
0
0
0
0
0
0
0
0
0
0
4095
4095
0
0
0
0
0
0
0
0
0
0
0
0
0
0
4095
4095
0
0
0
0
0
0
0
0
0
0
0
0
0
0
4095
4095
0
0
0
0
0
0
0
0
0
0
0
0
0
0
4095
4095
0
0
0
0
0
0
0
0
0
0
0
0
0
0
4095
4095
0
0
0
0
0
0
0
0
0
0
0
0
0
0
4095
4095
0
0
0
0
0
0
0
0
0
0
0
0
0
0
4095
4095
0
0
0
0
0
0
0
0
0
0
0
0
0
0
4095
4095
0
0
0
0
0
0
0
0
0
0
0
0
0
0
4095
4095
0
0
0
0
0
0
0
0
0
0
0
0
0
0
4095
4095
0
0
0
0
0
0
0
0
0
0
0
0
0
0
4095
4095
0
0
0
0
0
0
0
0
0
0
0
0
0
0
4095
4095
0
0
0
0
0
0
0
0
0
0
0
0
0
0
4095
4095
0
0
0
0
0
0
0
0
0
0
0
0
0
0
4095
4095
0
0
0
0
0
0
0
0
0
0
0
0
0
0
4095
4095
0
0
0
0
0
0
0
0
0
0
0
0
0
0
4095
4095
0
0
0
0
0
0
0
0
0
0
0
0
0
0
4095
4095
0
0
0
0
0
0
0
0
0
0
0
0
0
0
4095
4095
0
0
0
0
0
0
0
0
0
0
0
0
0
0
4095
4095
0
0
0
0
0
0
0
0
0
0
0
0
0
0
4095
4095
0
0
0
0
0
0
0
0
0
0
0
0
0
0
4095
4095
0
0
0
0
0
0
0
0
0
0
0
0
0
0
4095
4095
0
0
0
0
0
0
0
0
0
0
0
0
0
0
4095
4095
0
0
0
0
0
0
0
0
0
0
0
0
0
0
4095
4095
0
0
0
0
0
0
0
0
0
0
0
0
0
0
4095
4095
0
0
0
0
0
0
0
0
0
0
0
0
0
0
4095
4095
0
0
0
0
0
0
0
0
0
0
0
0
0
0
4095
4095
0
0
0
0
0
0
0
0
0
0
0
0
0
0
4095
4095
0
0
0
0
0
0
0
0
0
0
0
0
0
0
4095
4095
0
0
0
0
0
0
0
0
0
0
0
0
0
0
4095
4095
0
0
0
0
0
0
0
0
0
0
0
0
0
0
4095
4095
0
0
0
0
0
0
0
0
0
0
0
0
0
0
4095
4095
0
0
0
0
0
0
0
0
0
0
0
0
0
0
4095
4095
0
0
0
0
0
0
0
0
0
0
0
0
0
0
4095
4095
0
0
0
0
0
0
0
0
0
0
0
0
0
0
4095
4095
0
0
0
0
0
0
0
0
0
0
0
0
0
0
4095
4095
0
0
0
0
0
0
0
0
0
0
0
0
0
0
4095
4095
0
0
0
0
0
0
0
0
0
0
0
0
0
0
4095
4095
0
0
0
0
0
0
0
0
0
0
0
0
0
0
4095
4095
0
0
0
0
0
0
0
0
0
0
0
0
0
0
4095
4095
0
0
0
0
0
0
0
0
0
0
0
0
0
0
4095
4095
0
0
0
0
0
0
0
0
0
0
0
0
0
0
4095
4095
0
0
0
0
0
0
0
0
0
0
0
0
0
0
4095
4095
0
0
0
0
0
0
0
0
0
0
0
0
0
0
4095
4095
0
0
0
0
0
0
0
0
0
0
0
0
0
0
4095
4095
0
0
0
0
0
0
0
0
0
0
0
0
0
0
4095
4095
0
0
0
0
0
0
0
0
0
0
0
0
0
0
4095
4095
0
0
0
0
0
0
0
0
0
0
0
0
0
0
4095
4095
0
0
0
0
0
0
0
0
0
0
0
0
0
0
4095
4095
0
0
0
0
0
0
0
0
0
0
0
0
0
0
4095
4095
0
0
0
0
0
0
0
0
0
0
0
0
0
0
4095
4095
0
0
0
0
0
0
0
0
0
0
0
0
0
0
4095
4095
0
0
0
0
0
0
0
0
0
0
0
0
0
0
4095
4095
0
0
0
0
0
0
0
0
0
0
0
0
0
0
4095
4095
0
0
0
0
0
0
0
0
0
0
0
0
0
0
4095
4095
0
0
0
0
0
0
0
0
0
0
0
0
0
0
4095
4095
0
0
0
0
0
0
0
0
0
0
0
0
0
0
4095
4095
0
0
0
0
0
0
0
0
0
0
0
0
0
0
4095
4095
0
0
0
0
0
0
0
0
0
0
0
0
0
0
4095
4095
0
0
0
0
0
0
0
0
0
0
0
0
0
0
4095
4095
0
0
0
0
0
0
0
0
0
0
0
0
0
0
4095
4095
0
0
0
0
0
0
0
0
0
0
0
0
0
0
4095
4095
0
0
0
0
0
0
0
0
0
0
0
0
0
0
4095
4095
0
0
0
0
0
0
0
0
0
0
0
0
0
0
4095
4095
0
0
0
0
0
0
0
0
0
0
0
0
0
0
4095
4095
0
0
0
0
0
0
0
0
0
0
0
0
0
0
4095
4095
0
0
0
0
0
0
0
0
0
0
0
0
0
0
4095
4095
0
0
0
0
0
0
0
0
0
0
0
0
0
0
4095
4095
0
0
0
0
0
0
0
0
0
0
0
0
0
0
4095
4095
0
0
0
0
0
0
0
0
0
0
0
0
0
0
4095
4095
0
0
0
0
0
0
0
0
0
0
0
0
0
0
4095
4095
0
0
0
0
0
0
0
0
0
0
0
0
0
0
4095
4095
0
0
0
0
0
0
0
0
0
0
0
0
0
0
4095
4095
0
0
0
0
0
0
0
0
0
0
0
0
0
0
4095
4095
0
0
0
0
0
0
0
0
0
0
0
0
0
0
4095
4095
0
0
0
0
0
0
0
0
0
0
0
0
0
0
4095
4095
0
0
0
0
0
0
0
0
0
0
0
0
0
0
4095
4095
0
0
0
0
0
0
0
0
0
0
0
0
0
0
4095
4095
0
0
0
0
0
0
0
0
0
0
0
0
0
0
4095
4095
0
0
0
0
0
0
0
0
0
0
0
0
0
0
4095
4095
0
0
0
0
0
0
0
0
0
0
0
0
0
0
4095
4095
0
0
0
0
0
0
0
0
0
0
0
0
0
0
4095
4095
0
0
0
0
0
0
0
0
0
0
0
0
0
0
4095
4095
0
0
0
0
0
0
0
0
0
0
0
0
0
0
4095
4095
0
0
0
0
0
0
0
0
0
0
0
0
0
0
4095
4095
0
0
0
0
0
0
0
0
0
0
0
0
0
0
4095
4095
0
0
0
0
0
0
0
0
0
0
0
0
0
0
4095
4095
0
0
0
0
0
0
0
0
0
0
0
0
0
0
4095
4095
0
0
0
0
0
0
0
0
0
0
0
0
0
0
4095
4095
0
0
0
0
0
0
0
0
0
0
0
0
0
0
4095
4095
0
0
0
0
0
0
0
0
0
0
0
0
0
0
4095
4095
0
0
0
0
0
0
0
0
0
0
0
0
0
0
4095
4095
0
0
0
0
0
0
0
0
0
0
0
0
0
0
4095
4095
0
0
0
0
0
0
0
0
0
0
0
0
0
0
4095
4095
0
0
0
0
0
0
0
0
0
0
0
0
0
0
4095
4095
0
0
0
0
0
0
0
0
0
0
0
0
0
0
4095
4095
0
0
0
0
0
0
0
0
0
0
0
0
0
0
4095
4095
0
0
0
0
0
0
0
0
0
0
0
0
0
0
4095
4095
0
0
0
0
0
0
0
0
0
0
0
0
0
0
4095
4095
0
0
0
0
0
0
0
0
0
0
0
0
0
0
4095
4095
0
0
0
0
0
0
0
0
0
0
0
0
0
0
4095
4095
0
0
0
0
0
0
0
0
0
0
0
0
0
0
4095
4095
0
0
0
0
0
0
0
0
0
0
0
0
0
0
4095
4095
0
0
0
0
0
0
0
0
0
0
0
0
0
0
4095
4095
0
0
0
0
0
0
0
0
0
0
0
0
0
0
4095
4095
0
0
0
0
0
0
0
0
0
0
0
0
0
0
4095
4095
0
0
0
0
0
0
0
0
0
0
0
0
0
0
4095
4095
0
0
0
0
0
0
0
0
0
0
0
0
0
0
4095
4095
0
0
0
0
0
0
0
0
0
0
0
0
0
0
4095
4095
0
0
0
0
0
0
0
0
0
0
0
0
0
0
4095
4095
0
0
0
0
0
0
0
0
0
0
0
0
0
0
4095
4095
0
0
0
0
0
0
0
0
0
0
0
0
0
0
4095
4095
0
0
0
0
0
0
0
0
0
0
0
0
0
0
4095
4095
0
0
0
0
0
0
0
0
0
0
0
0
0
0
4095
4095
0
0
0
0
0
0
0
0
0
0
0
0
0
0
4095
4095
0
0
0
0
0
0
0
0
0
0
0
0
0
0
4095
4095
0
0
0
0
0
0
0
0
0
0
0
0
0
0
4095
4095
0
0
0
0
0
0
0
0
0
0
0
0
0
0
4095
4095
0
0
0
0
0
0
0
0
0
0
0
0
0
0
4095
4095
0
0
0
0
0
0
0
0
0
0
0
0
0
0
4095
4095
0
0
0
0
0
0
0
0
0
0
0
0
0
0
4095
4095
0
0
0
0
0
0
0
0
0
0
0
0
0
0
4095
4095
0
0
0
0
0
0
0
0
0
0
0
0
0
0
4095
4095
0
0
0
0
0
0
0
0
0
0
0
0
0
0
4095
4095
0
0
0
0
0
0
0
0
0
0
0
0
0
0
4095
4095
0
0
0
0
0
0
0
0
0
0
0
0
0
0
4095
4095
0
0
0
0
0
0
0
0
0
0
0
0
0
0
4095
4095
0
0
0
0
0
0
0
0
0
0
0
0
0
0
4095
4095
0
0
0
0
0
0
0
0
0
0
0
0
0
0
4095
4095
0
0
0
0
0
0
0
0
0
0
0
0
0
0
4095
4095
0
0
0
0
0
0
0
0
0
0
0
0
0
0
4095
4095
0
0
0
0
0
0
0
0
0
0
0
0
0
0
4095
4095
0
0
0
0
0
0
0
0
0
0
0
0
0
0
4095
4095
0
0
0
0
0
0
0
0
0
0
0
0
0
0
4095
4095
0
0
0
0
0
0
0
0
0
0
0
0
0
0
4095
4095
0
0
0
0
0
0
0
0
0
0
0
0
0
0
4095
4095
0
0
0
0
0
0
0
0
0
0
0
0
0
0
4095
4095
0
0
0
0
0
0
0
0
0
0
0
0
0
0
4095
4095
0
0
0
0
0
0
0
0
0
0
0
0
0
0
4095
4095
0
0
0
0
0
0
0
0
0
0
0
0
0
0
4095
4095
0
0
0
0
0
0
0
0
0
0
0
0
0
0
4095
4095
0
0
0
0
0
0
0
0
0
0
0
0
0
0
4095
4095
0
0
0
0
0
0
0
0
0
0
0
0
0
0
4095
4095
0
0
0
0
0
0
0
0
0
0
0
0
0
0
4095
4095
0
0
0
0
0
0
0
0
0
0
0
0
0
0
4095
4095
0
0
0
0
0
0
0
0
0
0
0
0
0
0
4095
4095
0
0
0
0
0
0
0
0
0
0
0
0
0
0
4095
4095
0
0
0
0
0
0
0
0
0
0
0
0
0
0
4095
4095
0
0
0
0
0
0
0
0
0
0
0
0
0
0
4095
4095
0
0
0
0
0
0
0
0
0
0
0
0
0
0
4095
4095
0
0
0
0
0
0
0
0
0
0
0
0
0
0
4095
4095
0
0
0
0
0
0
0
0
0
0
0
0
0
0
4095
4095
0
0
0
0
0
0
0
0
0
0
0
0
0
0
4095
4095
0
0
0
0
0
0
0
0
0
0
0
0
0
0
4095
4095
0
0
0
0
0
0
0
0
0
0
0
0
0
0
4095
4095
0
0
0
0
0
0
0
0
0
0
0
0
0
0
4095
4095
0
0
0
0
0
0
0
0
0
0
0
0
0
0
4095
4095
0
0
0
0
0
0
0
0
0
0
0
0
0
0
4095
4095
0
0
0
0
0
0
0
0
0
0
0
0
0
0
4095
4095
0
0
0
0
0
0
0
0
0
0
0
0
0
0
4095
4095
0
0
0
0
0
0
0
0
0
0
0
0
0
0
4095
4095
0
0
0
0
0
0
0
0
0
0
0
0
0
0
4095
4095
0
0
0
0
0
0
0
0
0
0
0
0
0
0
4095
4095
0
0
0
0
0
0
0
0
0
0
0
0
0
0
4095
4095
0
0
0
0
0
0
0
0
0
0
0
0
0
0
4095
4095
0
0
0
0
0
0
0
0
0
0
0
0
0
0
4095
4095
0
0
0
0
0
0
0
0
0
0
0
0
0
0
4095
4095
0
0
0
0
0
0
0
0
0
0
0
0
0
0
4095
4095
0
0
0
0
0
0
0
0
0
0
0
0
0
0
4095
4095
0
0
0
0
0
0
0
0
0
0
0
0
0
0
4095
4095
0
0
0
0
0
0
0
0
0
0
0
0
0
0
4095
4095
0
0
0
0
0
0
0
0
0
0
0
0
0
0
4095
4095
0
0
0
0
0
0
0
0
0
0
0
0
0
0
4095
4095
0
0
0
0
0
0
0
0
0
0
0
0
0
0
4095
4095
0
0
0
0
0
0
0
0
0
0
0
0
0
0
4095
4095
0
0
0
0
0
0
0
0
0
0
0
0
0
0
4095
4095
0
0
0
0
0
0
0
0
0
0
0
0
0
0
4095
4095
0
0
0
0
0
0
0
0
0
0
0
0
0
0
4095
4095
0
0
0
0
0
0
0
0
0
0
0
0
0
0
4095
4095
0
0
0
0
0
0
0
0
0
0
0
0
0
0
4095
4095
0
0
0
0
0
0
0
0
0
0
0
0
0
0
4095
4095
0
0
0
0
0
0
0
0
0
0
0
0
0
0
4095
4095
0
0
0
0
0
0
0
0
0
0
0
0
0
0
4095
4095
0
0
0
0
0
0
0
0
0
0
0
0
0
0
4095
4095
0
0
0
0
0
0
0
0
0
0
0
0
0
0
4095
4095
0
0
0
0
0
0
0
0
0
0
0
0
0
0
4095
4095
0
0
0
0
0
0
0
0
0
0
0
0
0
0
4095
4095
0
0
0
0
0
0
0
0
0
0
0
0
0
0
4095
4095
0
0
0
0
0
0
0
0
0
0
0
0
0
0
4095
4095
0
0
0
0
0
0
0
0
0
0
0
0
0
0
4095
4095
0
0
0
0
0
0
0
0
0
0
0
0
0
0
4095
4095
0
0
0
0
0
0
0
0
0
0
0
0
0
0
4095
4095
0
0
0
0
0
0
0
0
0
0
0
0
0
0
4095
4095
0
0
0
0
0
0
0
0
0
0
0
0
0
0
4095
4095
0
0
0
0
0
0
0
0
0
0
0
0
0
0
4095
4095
0
0
0
0
0
0
0
0
0
0
0
0
0
0
4095
4095
0
0
0
0
0
0
0
0
0
0
0
0
0
0
4095
4095
0
0
0
0
0
0
0
0
0
0
0
0
0
0
4095
4095
0
0
0
0
0
0
0
0
0
0
0
0
0
0
4095
4095
0
0
0
0
0
0
0
0
0
0
0
0
0
0
4095
4095
0
0
0
0
0
0
0
0
0
0
0
0
0
0
4095
4095
0
0
0
0
0
0
0
0
0
0
0
0
0
0
4095
4095
0
0
0
0
0
0
0
0
0
0
0
0
0
0
4095
4095
0
0
0
0
0
0
0
0
0
0
0
0
0
0
4095
4095
0
0
0
0
0
0
0
0
0
0
0
0
0
0
4095
4095
0
0
0
0
0
0
0
0
0
0
0
0
0
0
4095
4095
0
0
0
0
0
0
0
0
0
0
0
0
0
0
4095
4095
0
0
0
0
0
0
0
0
0
0
0
0
0
0
4095
4095
0
0
0
0
0
0
0
0
0
0
0
0
0
0
4095
4095
0
0
0
0
0
0
0
0
0
0
0
0
0
0
4095
4095
0
0
0
0
0
0
0
0
0
0
0
0
0
0
4095
4095
0
0
0
0
0
0
0
0
0
0
0
0
0
0
4095
4095
0
0
0
0
0
0
0
0
0
0
0
0
0
0
4095
4095
0
0
0
0
0
0
0
0
0
0
0
0
0
0
4095
4095
0
0
0
0
0
0
0
0
0
0
0
0
0
0
4095
4095
0
0
0
0
0
0
0
0
0
0
0
0
0
0
4095
4095
0
0
0
0
0
0
0
0
0
0
0
0
0
0
4095
4095
0
0
0
0
0
0
0
0
0
0
0
0
0
0
4095
4095
0
0
0
0
0
0
0
0
0
0
0
0
0
0
4095
4095
0
0
0
0
0
0
0
0
0
0
0
0
0
0
4095
4095
0
0
0
0
0
0
0
0
0
0
0
0
0
0
4095
4095
0
0
0
0
0
0
0
0
0
0
0
0
0
0
4095
4095
0
0
0
0
0
0
0
0
0
0
0
0
0
0
4095
4095
0
0
0
0
0
0
0
0
0
0
0
0
0
0
4095
4095
0
0
0
0
0
0
0
0
0
0
0
0
0
0
4095
4095
0
0
0
0
0
0
0
0
0
0
0
0
0
0
4095
4095
0
0
0
0
0
0
0
0
0
0
0
0
0
0
4095
4095
0
0
0
0
0
0
0
0
0
0
0
0
0
0
4095
4095
0
0
0
0
0
0
0
0
0
0
0
0
0
0
4095
4095
0
0
0
0
0
0
0
0
0
0
0
0
0
0
4095
4095
0
0
0
0
0
0
0
0
0
0
0
0
0
0
4095
4095
0
0
0
0
0
0
0
0
0
0
0
0
0
0
4095
4095
0
0
0
0
0
0
0
0
0
0
0
0
0
0
4095
4095
0
0
0
0
0
0
0
0
0
0
0
0
0
0
4095
4095
0
0
0
0
0
0
0
0
0
0
0
0
0
0
4095
4095
0
0
0
0
0
0
0
0
0
0
0
0
0
0
4095
4095
0
0
0
0
0
0
0
0
0
0
0
0
0
0
4095
4095
0
0
0
0
0
0
0
0
0
0
0
0
0
0
4095
4095
0
0
0
0
0
0
0
0
0
0
0
0
0
0
4095
4095
0
0
0
0
0
0
0
0
0
0
0
0
0
0
4095
4095
0
0
0
0
0
0
0
0
0
0
0
0
0
0
4095
4095
0
0
0
0
0
0
0
0
0
0
0
0
0
0
4095
4095
0
0
0
0
0
0
0
0
0
0
0
0
0
0
4095
4095
0
0
0
0
0
0
0
0
0
0
0
0
0
0
4095
4095
0
0
0
0
0
0
0
0
0
0
0
0
0
0
4095
4095
0
0
0
0
0
0
0
0
0
0
0
0
0
0
4095
4095
0
0
0
0
0
0
0
0
0
0
0
0
0
0
4095
4095
0
0
0
0
0
0
0
0
0
0
0
0
0
0
4095
4095
0
0
0
0
0
0
0
0
0
0
0
0
0
0
4095
4095
0
0
0
0
0
0
0
0
0
0
0
0
0
0
4095
4095
0
0
0
0
0
0
0
0
0
0
0
0
0
0
4095
4095
0
0
0
0
0
0
0
0
0
0
0
0
0
0
4095
4095
0
0
0
0
0
0
0
0
0
0
0
0
0
0
4095
4095
0
0
0
0
0
0
0
0
0
0
0
0
0
0
4095
4095
0
0
0
0
0
0
0
0
0
0
0
0
0
0
4095
4095
0
0
0
0
0
0
0
0
0
0
0
0
0
0
4095
4095
0
0
0
0
0
0
0
0
0
0
0
0
0
0
4095
4095
0
0
0
0
0
0
0
0
0
0
0
0
0
0
4095
4095
0
0
0
0
0
0
0
0
0
0
0
0
0
0
4095
4095
0
0
0
0
0
0
0
0
0
0
0
0
0
0
4095
4095
0
0
0
0
0
0
0
0
0
0
0
0
0
0
4095
4095
0
0
0
0
0
0
0
0
0
0
0
0
0
0
4095
4095
0
0
0
0
0
0
0
0
0
0
0
0
0
0
4095
4095
0
0
0
0
0
0
0
0
0
0
0
0
0
0
4095
4095
0
0
0
0
0
0
0
0
0
0
0
0
0
0
4095
4095
0
0
0
0
0
0
0
0
0
0
0
0
0
0
4095
4095
0
0
0
0
0
0
0
0
0
0
0
0
0
0
4095
4095
0
0
0
0
0
0
0
0
0
0
0
0
0
0
4095
4095
0
0
0
0
0
0
0
0
0
0
0
0
0
0
4095
4095
0
0
0
0
0
0
0
0
0
0
0
0
0
0
4095
4095
0
0
0
0
0
0
0
0
0
0
0
0
0
0
4095
4095
0
0
0
0
0
0
0
0
0
0
0
0
0
0
4095
4095
0
0
0
0
0
0
0
0
0
0
0
0
0
0
4095
4095
0
0
0
0
0
0
0
0
0
0
0
0
0
0
4095
4095
0
0
0
0
0
0
0
0
0
0
0
0
0
0
4095
4095
0
0
0
0
0
0
0
0
0
0
0
0
0
0
4095
4095
0
0
0
0
0
0
0
0
0
0
0
0
0
0
4095
4095
0
0
0
0
0
0
0
0
0
0
0
0
0
0
4095
4095
0
0
0
0
0
0
0
0
0
0
0
0
0
0
4095
4095
0
0
0
0
0
0
0
0
0
0
0
0
0
0
4095
4095
0
0
0
0
0
0
0
0
0
0
0
0
0
0
4095
4095
0
0
0
0
0
0
0
0
0
0
0
0
0
0
4095
4095
0
0
0
0
0
0
0
0
0
0
0
0
0
0
4095
4095
0
0
0
0
0
0
0
0
0
0
0
0
0
0
4095
4095
0
0
0
0
0
0
0
0
0
0
0
0
0
0
4095
4095
0
0
0
0
0
0
0
0
0
0
0
0
0
0
4095
4095
0
0
0
0
0
0
0
0
0
0
0
0
0
0
4095
4095
0
0
0
0
0
0
0
0
0
0
0
0
0
0
4095
4095
0
0
0
0
0
0
0
0
0
0
0
0
0
0
4095
4095
0
0
0
0
0
0
0
0
0
0
0
0
0
0
4095
4095
0
0
0
0
0
0
0
0
0
0
0
0
0
0
4095
4095
0
0
0
0
0
0
0
0
0
0
0
0
0
0
4095
4095
0
0
0
0
0
0
