0
0
0
0
0
0
0
0
0
0
0
0
0
0
0
0
0
0
0
0
0
0
0
0
0
0
0
0
0
0
0
0
0
0
0
0
0
0
0
0
0
0
0
0
0
0
0
0
0
0
0
0
0
0
0
0
0
0
0
0
0
0
0
0
0
0
0
0
0
0
0
0
0
0
0
0
0
0
0
0
0
0
0
0
0
0
0
0
0
0
0
0
0
0
0
0
0
0
0
0
0
0
0
0
0
0
0
0
0
0
0
0
0
0
0
0
0
0
0
0
0
0
0
0
0
0
0
0
0
0
0
0
0
0
0
0
0
0
0
0
0
0
0
0
0
0
0
0
0
0
0
0
0
0
0
0
0
0
0
0
0
0
0
0
0
0
0
0
0
0
0
0
0
0
0
0
0
0
0
0
0
0
0
0
4092
4091
0
0
0
0
0
0
4095
4095
0
0
0
0
0
0
4093
4092
0
0
0
0
0
0
4094
4094
0
0
0
0
0
0
4094
4093
0
0
0
0
0
0
4093
4094
0
0
0
0
0
0
4094
4092
0
0
0
0
0
0
4093
4093
0
0
0
0
0
0
4094
4094
0
0
0
0
0
0
4091
4093
0
0
0
0
0
0
4093
4094
0
0
0
0
0
0
4090
4090
0
0
0
0
0
0
0
0
0
0
0
0
0
0
4089
4089
0
0
0
0
0
0
0
0
0
0
0
0
0
0
4088
4087
0
0
0
0
0
0
1
0
0
0
0
0
0
0
4087
4086
0
0
0
0
0
0
2
1
0
0
0
0
0
0
4089
4086
0
0
0
0
0
0
1
3
0
0
0
0
0
0
4090
4088
0
0
0
0
0
0
4095
1
0
0
0
0
0
0
4094
4090
0
0
0
0
0
0
4090
4094
0
0
0
0
0
0
3
4093
0
0
0
0
0
0
4085
4090
0
0
0
0
0
0
7
1
0
0
0
0
0
0
4078
4084
0
0
0
0
0
0
12
7
0
0
0
0
0
0
4075
4077
0
0
0
0
0
0
17
14
0
0
0
0
0
0
4071
4072
0
0
0
0
0
0
20
18
0
0
0
0
0
0
4069
4069
0
0
0
0
0
0
18
20
0
0
0
0
0
0
4073
4068
0
0
0
0
0
0
15
21
0
0
0
0
0
0
4078
4070
0
0
0
0
0
0
8
19
0
0
0
0
0
0
4086
4073
0
0
0
0
0
0
4094
12
0
0
0
0
0
0
2
4084
0
0
0
0
0
0
4082
1
0
0
0
0
0
0
14
4095
0
0
0
0
0
0
4067
4082
0
0
0
0
0
0
28
13
0
0
0
0
0
0
4054
4068
0
0
0
0
0
0
40
28
0
0
0
0
0
0
4045
4055
0
0
0
0
0
0
47
40
0
0
0
0
0
0
4039
4043
0
0
0
0
0
0
50
50
0
0
0
0
0
0
4040
4036
0
0
0
0
0
0
48
55
0
0
0
0
0
0
4047
4035
0
0
0
0
0
0
37
52
0
0
0
0
0
0
4062
4043
0
0
0
0
0
0
17
40
0
0
0
0
0
0
4081
4056
0
0
0
0
0
0
4092
25
0
0
0
0
0
0
10
4076
0
0
0
0
0
0
4066
1
0
0
0
0
0
0
38
6
0
0
0
0
0
0
4039
4069
0
0
0
0
0
0
62
33
0
0
0
0
0
0
4017
4042
0
0
0
0
0
0
83
61
0
0
0
0
0
0
4001
4017
0
0
0
0
0
0
93
81
0
0
0
0
0
0
3994
3999
0
0
0
0
0
0
96
96
0
0
0
0
0
0
3999
3991
0
0
0
0
0
0
84
100
0
0
0
0
0
0
4014
3991
0
0
0
0
0
0
62
90
0
0
0
0
0
0
4041
4005
0
0
0
0
0
0
29
70
0
0
0
0
0
0
4080
4033
0
0
0
0
0
0
4086
39
0
0
0
0
0
0
25
4071
0
0
0
0
0
0
4041
4093
0
0
0
0
0
0
69
17
0
0
0
0
0
0
4001
4049
0
0
0
0
0
0
105
61
0
0
0
0
0
0
3965
4004
0
0
0
0
0
0
139
105
0
0
0
0
0
0
3942
3968
0
0
0
0
0
0
152
137
0
0
0
0
0
0
3934
3940
0
0
0
0
0
0
150
155
0
0
0
0
0
0
3945
3930
0
0
0
0
0
0
130
156
0
0
0
0
0
0
3976
3939
0
0
0
0
0
0
93
140
0
0
0
0
0
0
4021
3965
0
0
0
0
0
0
39
103
0
0
0
0
0
0
4080
4011
0
0
0
0
0
0
4072
51
0
0
0
0
0
0
48
4065
0
0
0
0
0
0
4009
4086
0
0
0
0
0
0
112
36
0
0
0
0
0
0
3949
4019
0
0
0
0
0
0
167
102
0
0
0
0
0
0
3899
3956
0
0
0
0
0
0
206
159
0
0
0
0
0
0
3871
3904
0
0
0
0
0
0
224
205
0
0
0
0
0
0
3866
3869
0
0
0
0
0
0
214
226
0
0
0
0
0
0
3888
3861
0
0
0
0
0
0
181
223
0
0
0
0
0
0
3934
3876
0
0
0
0
0
0
124
194
0
0
0
0
0
0
4003
3919
0
0
0
0
0
0
46
140
0
0
0
0
0
0
4087
3984
0
0
0
0
0
0
4054
63
0
0
0
0
0
0
80
4067
0
0
0
0
0
0
3964
4073
0
0
0
0
0
0
166
62
0
0
0
0
0
0
3884
3981
0
0
0
0
0
0
238
151
0
0
0
0
0
0
3822
3895
0
0
0
0
0
0
288
230
0
0
0
0
0
0
3790
3831
0
0
0
0
0
0
305
284
0
0
0
0
0
0
3787
3789
0
0
0
0
0
0
289
308
0
0
0
0
0
0
3821
3781
0
0
0
0
0
0
235
296
0
0
0
0
0
0
3892
3809
0
0
0
0
0
0
153
252
0
0
0
0
0
0
3987
3873
0
0
0
0
0
0
47
174
0
0
0
0
0
0
2
3962
0
0
0
0
0
0
4025
71
0
0
0
0
0
0
123
4075
0
0
0
0
0
0
3909
4049
0
0
0
0
0
0
233
98
0
0
0
0
0
0
3807
3929
0
0
0
0
0
0
323
214
0
0
0
0
0
0
3734
3824
0
0
0
0
0
0
379
308
0
0
0
0
0
0
3695
3742
0
0
0
0
0
0
396
375
0
0
0
0
0
0
3702
3696
0
0
0
0
0
0
366
399
0
0
0
0
0
0
3754
3694
0
0
0
0
0
0
292
378
0
0
0
0
0
0
3848
3738
0
0
0
0
0
0
181
313
0
0
0
0
0
0
3975
3825
0
0
0
0
0
0
45
209
0
0
0
0
0
0
23
3945
0
0
0
0
0
0
3989
74
0
0
0
0
0
0
173
4088
0
0
0
0
0
0
3843
4019
0
0
0
0
0
0
312
145
0
0
0
0
0
0
3719
3870
0
0
0
0
0
0
418
286
0
0
0
0
0
0
3633
3742
0
0
0
0
0
0
482
400
0
0
0
0
0
0
3595
3645
0
0
0
0
0
0
493
474
0
0
0
0
0
0
3610
3595
0
0
0
0
0
0
447
496
0
0
0
0
0
0
3683
3600
0
0
0
0
0
0
350
464
0
0
0
0
0
0
3807
3663
0
0
0
0
0
0
205
374
0
0
0
0
0
0
3968
3778
0
0
0
0
0
0
31
238
0
0
0
0
0
0
53
3932
0
0
0
0
0
0
3942
68
0
0
0
0
0
0
236
14
0
0
0
0
0
0
3767
3979
0
0
0
0
0
0
401
201
0
0
0
0
0
0
3620
3800
0
0
0
0
0
0
525
371
0
0
0
0
0
0
3521
3645
0
0
0
0
0
0
594
504
0
0
0
0
0
0
3487
3538
0
0
0
0
0
0
597
584
0
0
0
0
0
0
3516
3488
0
0
0
0
0
0
531
602
0
0
0
0
0
0
3612
3504
0
0
0
0
0
0
401
549
0
0
0
0
0
0
3768
3588
0
0
0
0
0
0
223
433
0
0
0
0
0
0
3969
3736
0
0
0
0
0
0
12
265
0
0
0
0
0
0
92
3924
0
0
0
0
0
0
3885
56
0
0
0
0
0
0
312
48
0
0
0
0
0
0
3679
3931
0
0
0
0
0
0
500
268
0
0
0
0
0
0
3512
3719
0
0
0
0
0
0
639
464
0
0
0
0
0
0
3403
3542
0
0
0
0
0
0
709
614
0
0
0
0
0
0
3372
3422
0
0
0
0
0
0
702
699
0
0
0
0
0
0
3422
3375
0
0
0
0
0
0
614
707
0
0
0
0
0
0
3547
3407
0
0
0
0
0
0
453
636
0
0
0
0
0
0
3740
3517
0
0
0
0
0
0
234
489
0
0
0
0
0
0
3979
3697
0
0
0
0
0
0
4077
280
0
0
0
0
0
0
144
3930
0
0
0
0
0
0
3816
33
0
0
0
0
0
0
397
90
0
0
0
0
0
0
3581
3870
0
0
0
0
0
0
609
344
0
0
0
0
0
0
3394
3627
0
0
0
0
0
0
761
566
0
0
0
0
0
0
3281
3429
0
0
0
0
0
0
830
732
0
0
0
0
0
0
3258
3302
0
0
0
0
0
0
810
820
0
0
0
0
0
0
3326
3258
0
0
0
0
0
0
692
815
0
0
0
0
0
0
3485
3308
0
0
0
0
0
0
496
719
0
0
0
0
0
0
3718
3451
0
0
0
0
0
0
236
539
0
0
0
0
0
0
3998
3667
0
0
0
0
0
0
4037
288
0
0
0
0
0
0
202
3939
0
0
0
0
0
0
3738
1
0
0
0
0
0
0
487
140
0
0
0
0
0
0
3474
3800
0
0
0
0
0
0
726
430
0
0
0
0
0
0
3270
3527
0
0
0
0
0
0
888
677
0
0
0
0
0
0
3156
3312
0
0
0
0
0
0
953
856
0
0
0
0
0
0
3142
3177
0
0
0
0
0
0
914
942
0
0
0
0
0
0
3236
3143
0
0
0
0
0
0
768
923
0
0
0
0
0
0
3430
3215
0
0
0
0
0
0
531
798
0
0
0
0
0
0
3704
3389
0
0
0
0
0
0
228
581
0
0
0
0
0
0
4028
3645
0
0
0
0
0
0
3986
290
0
0
0
0
0
0
273
3962
0
0
0
0
0
0
3651
4055
0
0
0
0
0
0
590
202
0
0
0
0
0
0
3359
3721
0
0
0
0
0
0
849
524
0
0
0
0
0
0
3142
3420
0
0
0
0
0
0
1017
795
0
0
0
0
0
0
3028
3187
0
0
0
0
0
0
1075
984
0
0
0
0
0
0
3030
3052
0
0
0
0
0
0
1013
1063
0
0
0
0
0
0
3152
3029
0
0
0
0
0
0
834
1024
0
0
0
0
0
0
3384
3126
0
0
0
0
0
0
556
872
0
0
0
0
0
0
3699
3335
0
0
0
0
0
0
209
613
0
0
0
0
0
0
4069
3634
0
0
0
0
0
0
3926
281
0
0
0
0
0
0
352
3992
0
0
0
0
0
0
3554
4003
0
0
0
0
0
0
699
272
0
0
0
0
0
0
3240
3634
0
0
0
0
0
0
976
626
0
0
0
0
0
0
3011
3305
0
0
0
0
0
0
1147
915
0
0
0
0
0
0
2902
3061
0
0
0
0
0
0
1194
1110
0
0
0
0
0
0
2922
2925
0
0
0
0
0
0
1106
1182
0
0
0
0
0
0
3076
2919
0
0
0
0
0
0
892
1121
0
0
0
0
0
0
3345
3045
0
0
0
0
0
0
571
933
0
0
0
0
0
0
3707
3292
0
0
0
0
0
0
180
637
0
0
0
0
0
0
22
3634
0
0
0
0
0
0
3855
259
0
0
0
0
0
0
439
4034
0
0
0
0
0
0
3452
3942
0
0
0
0
0
0
815
352
0
0
0
0
0
0
3115
3536
0
0
0
0
0
0
1106
735
0
0
0
0
0
0
2880
3188
0
0
0
0
0
0
1278
1042
0
0
0
0
0
0
2778
2933
0
0
0
0
0
0
1308
1237
0
0
0
0
0
0
2821
2803
0
0
0
0
0
0
1192
1296
0
0
0
0
0
0
3007
2816
0
0
0
0
0
0
937
1210
0
0
0
0
0
0
3320
2973
0
0
0
0
0
0
575
987
0
0
0
0
0
0
3725
3258
0
0
0
0
0
0
140
649
0
0
0
0
0
0
83
3644
0
0
0
0
0
0
3777
229
0
0
0
0
0
0
535
4086
0
0
0
0
0
0
3342
3871
0
0
0
0
0
0
935
438
0
0
0
0
0
0
2988
3437
0
0
0
0
0
0
1234
847
0
0
0
0
0
0
2753
3068
0
0
0
0
0
0
1400
1166
0
0
0
0
0
0
2660
2807
0
0
0
0
0
0
1414
1361
0
0
0
0
0
0
2729
2686
0
0
0
0
0
0
1266
1405
0
0
0
0
0
0
2952
2723
0
0
0
0
0
0
973
1289
0
0
0
0
0
0
3307
2911
0
0
0
0
0
0
566
1029
0
0
0
0
0
0
3754
3238
0
0
0
0
0
0
90
648
0
0
0
0
0
0
153
3663
0
0
0
0
0
0
3689
186
0
0
0
0
0
0
636
51
0
0
0
0
0
0
3231
3794
0
0
0
0
0
0
1055
532
0
0
0
0
0
0
2863
3332
0
0
0
0
0
0
1361
962
0
0
0
0
0
0
2628
2946
0
0
0
0
0
0
1520
1291
0
0
0
0
0
0
2553
2683
0
0
0
0
0
0
1511
1479
0
0
0
0
0
0
2648
2577
0
0
0
0
0
0
1327
1501
0
0
0
0
0
0
2908
2636
0
0
0
0
0
0
996
1357
0
0
0
0
0
0
3305
2862
0
0
0
0
0
0
546
1058
0
0
0
0
0
0
3794
3228
0
0
0
0
0
0
29
635
0
0
0
0
0
0
230
3697
0
0
0
0
0
0
3596
135
0
0
0
0
0
0
741
117
0
0
0
0
0
0
3117
3709
0
0
0
0
0
0
1176
630
0
0
0
0
0
0
2740
3222
0
0
0
0
0
0
1484
1077
0
0
0
0
0
0
2509
2826
0
0
0
0
0
0
1630
1411
0
0
0
0
0
0
2454
2569
0
0
0
0
0
0
1592
1587
0
0
0
0
0
0
2581
2477
0
0
0
0
0
0
1379
1589
0
0
0
0
0
0
2878
2566
0
0
0
0
0
0
1004
1410
0
0
0
0
0
0
3318
2828
0
0
0
0
0
0
515
1075
0
0
0
0
0
0
3847
3231
0
0
0
0
0
0
4057
612
0
0
0
0
0
0
313
3738
0
0
0
0
0
0
3498
73
0
0
0
0
0
0
848
195
0
0
0
0
0
0
3003
3618
0
0
0
0
0
0
1295
732
0
0
0
0
0
0
2622
3113
0
0
0
0
0
0
1598
1191
0
0
0
0
0
0
2400
2712
0
0
0
0
0
0
1729
1524
0
0
0
0
0
0
2367
2460
0
0
0
0
0
0
1664
1687
0
0
0
0
0
0
2525
2389
0
0
0
0
0
0
1414
1664
0
0
0
0
0
0
2864
2507
0
0
0
0
0
0
1002
1452
0
0
0
0
0
0
3342
2805
0
0
0
0
0
0
472
1077
0
0
0
0
0
0
3906
3249
0
0
0
0
0
0
3980
575
0
0
0
0
0
0
405
3792
0
0
0
0
0
0
3399
6
0
0
0
0
0
0
958
280
0
0
0
0
0
0
2889
3524
0
0
0
0
0
0
1408
834
0
0
0
0
0
0
2509
3005
0
0
0
0
0
0
1705
1303
0
0
0
0
0
0
2303
2601
0
0
0
0
0
0
1813
1628
0
0
0
0
0
0
2295
2362
0
0
0
0
0
0
1721
1774
0
0
0
0
0
0
2489
2314
0
0
0
0
0
0
1434
1723
0
0
0
0
0
0
2862
2463
0
0
0
0
0
0
985
1479
0
0
0
0
0
0
3377
2797
0
0
0
0
0
0
418
1064
0
0
0
0
0
0
3975
3278
0
0
0
0
0
0
3897
530
0
0
0
0
0
0
499
3855
0
0
0
0
0
0
3296
4024
0
0
0
0
0
0
1066
366
0
0
0
0
0
0
2781
3428
0
0
0
0
0
0
1515
936
0
0
0
0
0
0
2406
2898
0
0
0
0
0
0
1801
1408
0
0
0
0
0
0
2217
2500
0
0
0
0
0
0
1885
1722
0
0
0
0
0
0
2238
2276
0
0
0
0
0
0
1761
1848
0
0
0
0
0
0
2465
2254
0
0
0
0
0
0
1437
1767
0
0
0
0
0
0
2876
2436
0
0
0
0
0
0
951
1489
0
0
0
0
0
0
3424
2803
0
0
0
0
0
0
355
1039
0
0
0
0
0
0
4054
3319
0
0
0
0
0
0
3811
473
0
0
0
0
0
0
593
3924
0
0
0
0
0
0
3196
3945
0
0
0
0
0
0
1166
455
0
0
0
0
0
0
2679
3331
0
0
0
0
0
0
1612
1034
0
0
0
0
0
0
2315
2798
0
0
0
0
0
0
1883
1503
0
0
0
0
0
0
2150
2411
0
0
0
0
0
0
1942
1806
0
0
0
0
0
0
2198
2205
0
0
0
0
0
0
1784
1906
0
0
0
0
0
0
2459
2211
0
0
0
0
0
0
1428
1796
0
0
0
0
0
0
2906
2426
0
0
0
0
0
0
908
1483
0
0
0
0
0
0
3485
2827
0
0
0
0
0
0
284
1003
0
0
0
0
0
0
40
3373
0
0
0
0
0
0
3719
407
0
0
0
0
0
0
687
4000
0
0
0
0
0
0
3098
3858
0
0
0
0
0
0
1264
547
0
0
0
0
0
0
2585
3238
0
0
0
0
0
0
1700
1130
0
0
0
0
0
0
2238
2708
0
0
0
0
0
0
1948
1590
0
0
0
0
0
0
2093
2331
0
0
0
0
0
0
1980
1873
0
0
0
0
0
0
2176
2148
0
0
0
0
0
0
1792
1950
0
0
0
0
0
0
2471
2184
0
0
0
0
0
0
1400
1807
0
0
0
0
0
0
2943
2428
0
0
0
0
0
0
852
1462
0
0
0
0
0
0
3553
2864
0
0
0
0
0
0
206
954
0
0
0
0
0
0
124
3435
0
0
0
0
0
0
3629
332
0
0
0
0
0
0
781
4081
0
0
0
0
0
0
3007
3774
0
0
0
0
0
0
1351
634
0
0
0
0
0
0
2503
3148
0
0
0
0
0
0
1774
1219
0
0
0
0
0
0
2172
2624
0
0
0
0
0
0
1998
1663
0
0
0
0
0
0
2059
2266
0
0
0
0
0
0
2002
1925
0
0
0
0
0
0
2169
2110
0
0
0
0
0
0
1781
1974
0
0
0
0
0
0
2495
2172
0
0
0
0
0
0
1360
1801
0
0
0
0
0
0
2998
2449
0
0
0
0
0
0
785
1425
0
0
0
0
0
0
3627
2912
0
0
0
0
0
0
122
892
0
0
0
0
0
0
212
3505
0
0
0
0
0
0
3539
256
0
0
0
0
0
0
869
68
0
0
0
0
0
0
2922
3684
0
0
0
0
0
0
1435
724
0
0
0
0
0
0
2432
3065
0
0
0
0
0
0
1832
1295
0
0
0
0
0
0
2129
2555
0
0
0
0
0
0
2035
1727
0
0
0
0
0
0
2041
2217
0
0
0
0
0
0
2006
1965
0
0
0
0
0
0
2182
2087
0
0
0
0
0
0
1752
1982
0
0
0
0
0
0
2536
2180
0
0
0
0
0
0
1304
1778
0
0
0
0
0
0
3066
2487
0
0
0
0
0
0
711
1376
0
0
0
0
0
0
3710
2973
0
0
0
0
0
0
38
823
0
0
0
0
0
0
298
3582
0
0
0
0
0
0
3454
174
0
0
0
0
0
0
952
153
0
0
0
0
0
0
2846
3601
0
0
0
0
0
0
1499
806
0
0
0
0
0
0
2376
2988
0
0
0
0
0
0
1877
1364
0
0
0
0
0
0
2099
2499
0
0
0
0
0
0
2049
1773
0
0
0
0
0
0
2039
2183
0
0
0
0
0
0
1989
1981
0
0
0
0
0
0
2211
2083
0
0
0
0
0
0
1710
1971
0
0
0
0
0
0
2591
2205
0
0
0
0
0
0
1238
1740
0
0
0
0
0
0
3141
2539
0
0
0
0
0
0
629
1315
0
0
0
0
0
0
3792
3043
0
0
0
0
0
0
4045
742
0
0
0
0
0
0
384
3666
0
0
0
0
0
0
3372
90
0
0
0
0
0
0
1025
236
0
0
0
0
0
0
2780
3521
0
0
0
0
0
0
1554
880
0
0
0
0
0
0
2334
2923
0
0
0
0
0
0
1906
1421
0
0
0
0
0
0
2083
2452
0
0
0
0
0
0
2047
1804
0
0
0
0
0
0
2058
2167
0
0
0
0
0
0
1957
1983
0
0
0
0
0
0
2258
2096
0
0
0
0
0
0
1652
1944
0
0
0
0
0
0
2662
2246
0
0
0
0
0
0
1161
1685
0
0
0
0
0
0
3224
2605
0
0
0
0
0
0
544
1243
0
0
0
0
0
0
3880
3123
0
0
0
0
0
0
3962
659
0
0
0
0
0
0
464
3750
0
0
0
0
0
0
3299
5
0
0
0
0
0
0
1090
317
0
0
0
0
0
0
2728
3447
0
0
0
0
0
0
1593
944
0
0
0
0
0
0
2310
2866
0
0
0
0
0
0
1917
1465
0
0
0
0
0
0
2089
2424
0
0
0
0
0
0
2025
1817
0
0
0
0
0
0
2094
2168
0
0
0
0
0
0
1908
1968
0
0
0
0
0
0
2319
2126
0
0
0
0
0
0
1581
1900
0
0
0
0
0
0
2740
2304
0
0
0
0
0
0
1076
1618
0
0
0
0
0
0
3313
2680
0
0
0
0
0
0
454
1160
0
0
0
0
0
0
3968
3210
0
0
0
0
0
0
3881
572
0
0
0
0
0
0
541
3838
0
0
0
0
0
0
3236
4020
0
0
0
0
0
0
1143
394
0
0
0
0
0
0
2687
3381
0
0
0
0
0
0
1616
999
0
0
0
0
0
0
2300
2823
0
0
0
0
0
0
1907
1491
0
0
0
0
0
0
2113
2411
0
0
0
0
0
0
1986
1815
0
0
0
0
0
0
2147
2187
0
0
0
0
0
0
1845
1936
0
0
0
0
0
0
2396
2174
0
0
0
0
0
0
1496
1838
0
0
0
0
0
0
2832
2375
0
0
0
0
0
0
982
1538
0
0
0
0
0
0
3406
2766
0
0
0
0
0
0
363
1067
0
0
0
0
0
0
4053
3301
0
0
0
0
0
0
3803
482
0
0
0
0
0
0
606
3923
0
0
0
0
0
0
3179
3940
0
0
0
0
0
0
1182
463
0
0
0
0
0
0
2663
3322
0
0
0
0
0
0
1625
1043
0
0
0
0
0
0
2309
2796
0
0
0
0
0
0
1884
1505
0
0
0
0
0
0
2153
2413
0
0
0
0
0
0
1931
1795
0
0
0
0
0
0
2216
2222
0
0
0
0
0
0
1763
1884
0
0
0
0
0
0
2484
2238
0
0
0
0
0
0
1403
1764
0
0
0
0
0
0
2931
2460
0
0
0
0
0
0
886
1448
0
0
0
0
0
0
3501
2861
0
0
0
0
0
0
273
972
0
0
0
0
0
0
38
3395
0
0
0
0
0
0
3731
391
0
0
0
0
0
0
664
4006
0
0
0
0
0
0
3139
3867
0
0
0
0
0
0
1208
524
0
0
0
0
0
0
2654
3275
0
0
0
0
0
0
1617
1073
0
0
0
0
0
0
2334
2782
0
0
0
0
0
0
1840
1501
0
0
0
0
0
0
2209
2433
0
0
0
0
0
0
1860
1758
0
0
0
0
0
0
2297
2272
0
0
0
0
0
0
1672
1818
0
0
0
0
0
0
2584
2317
0
0
0
0
0
0
1297
1675
0
0
0
0
0
0
3032
2555
0
0
0
0
0
0
785
1348
0
0
0
0
0
0
3596
2964
0
0
0
0
0
0
188
872
0
0
0
0
0
0
115
3492
0
0
0
0
0
0
3671
304
0
0
0
0
0
0
710
4084
0
0
0
0
0
0
3109
3801
0
0
0
0
0
0
1222
576
0
0
0
0
0
0
2660
3241
0
0
0
0
0
0
1591
1091
0
0
0
0
0
0
2376
2781
0
0
0
0
0
0
1782
1484
0
0
0
0
0
0
2284
2470
0
0
0
0
0
0
1773
1707
0
0
0
0
0
0
2394
2341
0
0
0
0
0
0
1565
1736
0
0
0
0
0
0
2690
2407
0
0
0
0
0
0
1191
1577
0
0
0
0
0
0
3139
2661
0
0
0
0
0
0
682
1239
0
0
0
0
0
0
3690
3071
0
0
0
0
0
0
103
769
0
0
0
0
0
0
183
3586
0
0
0
0
0
0
3618
219
0
0
0
0
0
0
747
62
0
0
0
0
0
0
3092
3745
0
0
0
0
0
0
1220
616
0
0
0
0
0
0
2682
3219
0
0
0
0
0
0
1552
1097
0
0
0
0
0
0
2435
2795
0
0
0
0
0
0
1710
1451
0
0
0
0
0
0
2374
2521
0
0
0
0
0
0
1674
1639
0
0
0
0
0
0
2502
2422
0
0
0
0
0
0
1453
1644
0
0
0
0
0
0
2804
2509
0
0
0
0
0
0
1076
1466
0
0
0
0
0
0
3248
2771
0
0
0
0
0
0
581
1127
0
0
0
0
0
0
3781
3180
0
0
0
0
0
0
27
668
0
0
0
0
0
0
240
3678
0
0
0
0
0
0
3574
139
0
0
0
0
0
0
769
125
0
0
0
0
0
0
3087
3695
0
0
0
0
0
0
1202
645
0
0
0
0
0
0
2721
3209
0
0
0
0
0
0
1497
1088
0
0
0
0
0
0
2506
2825
0
0
0
0
0
0
1622
1403
0
0
0
0
0
0
2471
2586
0
0
0
0
0
0
1564
1558
0
0
0
0
0
0
2616
2516
0
0
0
0
0
0
1335
1538
0
0
0
0
0
0
2925
2623
0
0
0
0
0
0
959
1349
0
0
0
0
0
0
3356
2890
0
0
0
0
0
0
483
1012
0
0
0
0
0
0
3864
3288
0
0
0
0
0
0
4056
568
0
0
0
0
0
0
293
3767
0
0
0
0
0
0
3543
67
0
0
0
0
0
0
778
181
0
0
0
0
0
0
3099
3659
0
0
0
0
0
0
1170
661
0
0
0
0
0
0
2770
3210
0
0
0
0
0
0
1428
1064
0
0
0
0
0
0
2592
2869
0
0
0
0
0
0
1521
1341
0
0
0
0
0
0
2581
2663
0
0
0
0
0
0
1446
1466
0
0
0
0
0
0
2739
2622
0
0
0
0
0
0
1210
1426
0
0
0
0
0
0
3045
2741
0
0
0
0
0
0
847
1228
0
0
0
0
0
0
3462
3010
0
0
0
0
0
0
392
898
0
0
0
0
0
0
3939
3393
0
0
0
0
0
0
3998
472
0
0
0
0
0
0
335
3849
0
0
0
0
0
0
3525
3
0
0
0
0
0
0
777
226
0
0
0
0
0
0
3123
3634
0
0
0
0
0
0
1126
667
0
0
0
0
0
0
2834
3229
0
0
0
0
0
0
1345
1026
0
0
0
0
0
0
2690
2924
0
0
0
0
0
0
1411
1267
0
0
0
0
0
0
2702
2755
0
0
0
0
0
0
1319
1361
0
0
0
0
0
0
2869
2735
0
0
0
0
0
0
1086
1306
0
0
0
0
0
0
3166
2867
0
0
0
0
0
0
733
1102
0
0
0
0
0
0
3563
3132
0
0
0
0
0
0
308
784
0
0
0
0
0
0
4011
3497
0
0
0
0
0
0
3948
384
0
0
0
0
0
0
362
3921
0
0
0
0
0
0
3519
4042
0
0
0
0
0
0
763
262
0
0
0
0
0
0
3159
3618
0
0
0
0
0
0
1070
660
0
0
0
0
0
0
2910
3254
0
0
0
0
0
0
1253
978
0
0
0
0
0
0
2795
2991
0
0
0
0
0
0
1294
1181
0
0
0
0
0
0
2826
2853
0
0
0
0
0
0
1193
1251
0
0
0
0
0
0
2997
2855
0
0
0
0
0
0
959
1179
0
0
0
0
0
0
3287
2994
0
0
0
0
0
0
625
980
0
0
0
0
0
0
3655
3250
0
0
0
0
0
0
227
674
0
0
0
0
0
0
4069
3595
0
0
0
0
0
0
3909
300
0
0
0
0
0
0
380
3988
0
0
0
0
0
0
3523
3997
0
0
0
0
0
0
734
287
0
0
0
0
0
0
3206
3615
0
0
0
0
0
0
1002
642
0
0
0
0
0
0
2997
3296
0
0
0
0
0
0
1151
920
0
0
0
0
0
0
2910
3070
0
0
0
0
0
0
1171
1088
0
0
0
0
0
0
2956
2960
0
0
0
0
0
0
1061
1133
0
0
0
0
0
0
3128
2981
0
0
0
0
0
0
834
1051
0
0
0
0
0
0
3400
3122
0
0
0
0
0
0
522
856
0
0
0
0
0
0
3742
3366
0
0
0
0
0
0
159
570
0
0
0
0
0
0
21
3685
0
0
0
0
0
0
3881
225
0
0
0
0
0
0
385
4042
0
0
0
0
0
0
3539
3961
0
0
0
0
0
0
697
303
0
0
0
0
0
0
3266
3625
0
0
0
0
0
0
923
613
0
0
0
0
0
0
3090
3344
0
0
0
0
0
0
1043
851
0
0
0
0
0
0
3031
3157
0
0
0
0
0
0
1045
988
0
0
0
0
0
0
3086
3073
0
0
0
0
0
0
930
1011
0
0
0
0
0
0
3255
3107
0
0
0
0
0
0
714
924
0
0
0
0
0
0
3508
3247
0
0
0
0
0
0
427
735
0
0
0
0
0
0
3822
3477
0
0
0
0
0
0
99
472
0
0
0
0
0
0
60
3769
0
0
0
0
0
0
3863
160
0
0
0
0
0
0
382
4091
0
0
0
0
0
0
3566
3938
0
0
0
0
0
0
648
303
0
0
0
0
0
0
3334
3641
0
0
0
0
0
0
839
577
0
0
0
0
0
0
3192
3403
0
0
0
0
0
0
931
774
0
0
0
0
0
0
3152
3249
0
0
0
0
0
0
917
882
0
0
0
0
0
0
3218
3190
0
0
0
0
0
0
802
889
0
0
0
0
0
0
3376
3231
0
0
0
0
0
0
602
798
0
0
0
0
0
0
3609
3367
0
0
0
0
0
0
341
620
0
0
0
0
0
0
3893
3581
0
0
0
0
0
0
48
381
0
0
0
0
0
0
89
3841
0
0
0
0
0
0
3858
106
0
0
0
0
0
0
367
29
0
0
0
0
0
0
3602
3921
0
0
0
0
0
0
593
298
0
0
0
0
0
0
3409
3669
0
0
0
0
0
0
747
528
0
0
0
0
0
0
3296
3470
0
0
0
0
0
0
817
692
0
0
0
0
0
0
3275
3346
0
0
0
0
0
0
790
773
0
0
0
0
0
0
3343
3304
0
0
0
0
0
0
679
767
0
0
0
0
0
0
3493
3355
0
0
0
0
0
0
497
678
0
0
0
0
0
0
3704
3485
0
0
0
0
0
0
264
517
0
0
0
0
0
0
3950
3675
0
0
0
0
0
0
11
302
0
0
0
0
0
0
110
3907
0
0
0
0
0
0
3860
60
0
0
0
0
0
0
342
54
0
0
0
0
0
0
3645
3916
0
0
0
0
0
0
529
283
0
0
0
0
0
0
3488
3703
0
0
0
0
0
0
653
473
0
0
0
0
0
0
3403
3541
0
0
0
0
0
0
701
606
0
0
0
0
0
0
3394
3444
0
0
0
0
0
0
668
665
0
0
0
0
0
0
3465
3421
0
0
0
0
0
0
564
651
0
0
0
0
0
0
3600
3474
0
0
0
0
0
0
397
562
0
0
0
0
0
0
3785
3593
0
0
0
0
0
0
197
415
0
0
0
0
0
0
3999
3762
0
0
0
0
0
0
4078
231
0
0
0
0
0
0
119
3961
0
0
0
0
0
0
3870
25
0
0
0
0
0
0
314
72
0
0
0
0
0
0
3696
3919
0
0
0
0
0
0
465
263
0
0
0
0
0
0
3570
3744
0
0
0
0
0
0
559
417
0
0
0
0
0
0
3505
3614
0
0
0
0
0
0
588
519
0
0
0
0
0
0
3510
3542
0
0
0
0
0
0
552
559
0
0
0
0
0
0
3580
3534
0
0
0
0
0
0
456
537
0
0
0
0
0
0
3701
3587
0
0
0
0
0
0
313
456
0
0
0
0
0
0
3858
3691
0
0
0
0
0
0
141
327
0
0
0
0
0
0
4037
3838
0
0
0
0
0
0
4057
169
0
0
0
0
0
0
117
4003
0
0
0
0
0
0
3887
4093
0
0
0
0
0
0
275
79
0
0
0
0
0
0
3748
3930
0
0
0
0
0
0
395
233
0
0
0
0
0
0
3653
3791
0
0
0
0
0
0
464
355
0
0
0
0
0
0
3608
3690
0
0
0
0
0
0
480
432
0
0
0
0
0
0
3619
3638
0
0
0
0
0
0
443
456
0
0
0
0
0
0
3685
3640
0
0
0
0
0
0
359
432
0
0
0
0
0
0
3787
3687
0
0
0
0
0
0
238
357
0
0
0
0
0
0
3921
3781
0
0
0
0
0
0
94
249
0
0
0
0
0
0
4067
3903
0
0
0
0
0
0
4046
120
0
0
0
0
0
0
112
4039
0
0
0
0
0
0
3912
4077
0
0
0
0
0
0
233
79
0
0
0
0
0
0
3804
3945
0
0
0
0
0
0
325
199
0
0
0
0
0
0
3734
3839
0
0
0
0
0
0
375
292
0
0
0
0
0
0
3707
3766
0
0
0
0
0
0
379
346
0
0
0
0
0
0
3723
3730
0
0
0
0
0
0
344
360
0
0
0
0
0
0
3778
3738
0
0
0
0
0
0
270
334
0
0
0
0
0
0
3866
3782
0
0
0
0
0
0
171
271
0
0
0
0
0
0
3971
3858
0
0
0
0
0
0
60
183
0
0
0
0
0
0
4088
3958
0
0
0
0
0
0
4041
78
0
0
0
0
0
0
99
4064
0
0
0
0
0
0
3941
4066
0
0
0
0
0
0
192
74
0
0
0
0
0
0
3861
3968
0
0
0
0
0
0
257
165
0
0
0
0
0
0
3811
3887
0
0
0
0
0
0
289
230
0
0
0
0
0
0
3794
3836
0
0
0
0
0
0
288
268
0
0
0
0
0
0
3813
3814
0
0
0
0
0
0
254
271
0
0
0
0
0
0
3860
3824
0
0
0
0
0
0
197
248
0
0
0
0
0
0
3931
3864
0
0
0
0
0
0
118
196
0
0
0
0
0
0
4013
3924
0
0
0
0
0
0
34
128
0
0
0
0
0
0
3
4001
0
0
0
0
0
0
4045
47
0
0
0
0
0
0
83
4081
0
0
0
0
0
0
3972
4064
0
0
0
0
0
0
149
63
0
0
0
0
0
0
3915
3991
0
0
0
0
0
0
192
127
0
0
0
0
0
0
3883
3936
0
0
0
0
0
0
211
172
0
0
0
0
0
0
3875
3900
0
0
0
0
0
0
208
197
0
0
0
0
0
0
3892
3890
0
0
0
0
0
0
178
195
0
0
0
0
0
0
3930
3900
0
0
0
0
0
0
134
173
0
0
0
0
0
0
3983
3933
0
0
0
0
0
0
77
135
0
0
0
0
0
0
4042
3979
0
0
0
0
0
0
14
81
0
0
0
0
0
0
8
4035
0
0
0
0
0
0
4052
25
0
0
0
0
0
0
65
4094
0
0
0
0
0
0
4001
4065
0
0
0
0
0
0
107
50
0
0
0
0
0
0
3967
4017
0
0
0
0
0
0
134
91
0
0
0
0
0
0
3947
3981
0
0
0
0
0
0
145
119
0
0
0
0
0
0
3947
3961
0
0
0
0
0
0
139
132
0
0
0
0
0
0
3959
3955
0
0
0
0
0
0
117
129
0
0
0
0
0
0
3990
3968
0
0
0
0
0
0
84
111
0
0
0
0
0
0
4026
3991
0
0
0
0
0
0
45
83
0
0
0
0
0
0
4067
4023
0
0
0
0
0
0
3
47
0
0
0
0
0
0
10
4059
0
0
0
0
0
0
4062
11
0
0
0
0
0
0
45
2
0
0
0
0
0
0
4032
4072
0
0
0
0
0
0
69
33
0
0
0
0
0
0
4010
4042
0
0
0
0
0
0
84
58
0
0
0
0
0
0
4001
4020
0
0
0
0
0
0
90
77
0
0
0
0
0
0
4003
4009
0
0
0
0
0
0
84
81
0
0
0
0
0
0
4015
4010
0
0
0
0
0
0
67
77
0
0
0
0
0
0
4033
4020
0
0
0
0
0
0
46
61
0
0
0
0
0
0
4057
4035
0
0
0
0
0
0
21
44
0
0
0
0
0
0
4082
4055
0
0
0
0
0
0
4094
23
0
0
0
0
0
0
7
4077
0
0
0
0
0
0
4073
2
0
0
0
0
0
0
25
0
0
0
0
0
0
0
4055
4076
0
0
0
0
0
0
40
19
0
0
0
0
0
0
4047
4064
0
0
0
0
0
0
44
31
0
0
0
0
0
0
4043
4052
0
0
0
0
0
0
46
39
0
0
0
0
0
0
4046
4049
0
0
0
0
0
0
38
38
0
0
0
0
0
0
4054
4051
0
0
0
0
0
0
31
36
0
0
0
0
0
0
4065
4057
0
0
0
0
0
0
20
28
0
0
0
0
0
0
4077
4068
0
0
0
0
0
0
7
18
0
0
0
0
0
0
4088
4076
0
0
0
0
0
0
4092
8
0
0
0
0
0
0
2
4087
0
0
0
0
0
0
4082
4092
0
0
0
0
0
0
11
4095
0
0
0
0
0
0
4077
4085
0
0
0
0
0
0
15
8
0
0
0
0
0
0
4074
4080
0
0
0
0
0
0
16
12
0
0
0
0
0
0
4071
4076
0
0
0
0
0
0
14
12
0
0
0
0
0
0
4075
4076
0
0
0
0
0
0
12
12
0
0
0
0
0
0
4080
4079
0
0
0
0
0
0
6
8
0
0
0
0
0
0
4084
4082
0
0
0
0
0
0
4
6
0
0
0
0
0
0
4089
4084
0
0
0
0
0
0
1
3
0
0
0
0
0
0
4093
4088
0
0
0
0
0
0
4093
4095
0
0
0
0
0
0
0
4092
0
0
0
0
0
0
4090
4093
0
0
0
0
0
0
0
4093
0
0
0
0
0
0
4088
4091
0
0
0
0
0
0
4095
4094
0
0
0
0
0
0
4089
4090
0
0
0
0
0
0
0
4095
0
0
0
0
0
0
4090
4091
0
0
0
0
0
0
4094
4094
0
0
0
0
0
0
4090
4090
0
0
0
0
0
0
4094
4094
0
0
0
0
0
0
4091
4092
0
0
0
0
0
0
4095
0
0
0
0
0
0
0
4091
4091
0
0
0
0
0
0
4095
4095
0
0
0
0
0
0
4092
4091
0
0
0
0
0
0
4094
4094
0
0
0
0
0
0
4093
4092
0
0
0
0
0
0
4092
4094
0
0
0
0
0
0
4095
4095
0
0
0
0
0
0
0
0
0
0
0
0
0
0
0
0
0
0
0
0
0
0
4095
4095
0
0
0
0
0
0
4095
4095
0
0
0
0
0
0
0
4095
0
0
0
0
0
0
0
0
0
0
0
0
0
0
0
0
0
0
0
0
0
0
4095
4095
0
0
0
0
0
0
0
0
0
0
0
0
0
0
0
0
0
0
0
0
0
0
0
0
0
0
0
0
0
0
0
0
0
0
0
0
0
0
0
0
0
0
0
0
0
0
0
0
0
0
0
0
0
0
0
0
0
0
0
0
0
0
0
0
0
0
0
0
0
0
0
0
0
0
0
0
0
0
0
0
0
0
0
0
0
0
0
0
0
0
0
0
0
0
0
0
0
0
0
0
0
0
0
0
0
0
0
0
0
0
0
0
0
0
0
0
0
0
0
0
0
0
0
0
0
0
0
0
0
0
0
0
0
0
0
0
0
0
0
0
0
0
0
0
0
0
0
0
0
0
0
0
0
0
0
0
0
0
0
0
0
0
0
0
0
0
0
0
0
0
0
0
0
0
0
0
0
0
0
0
0
0
0
0
0
0
0
0
0
0
0
0
0
0
0
0
0
0
0
0
0
0
0
0
0
0
0
0
0
0
0
0
0
0
0
0
0
0
0
0
0
0
0
0
0
0
0
0
0
0
0
0
0
0
0
0
0
0
0
0
0
0
0
0
0
0
0
0
0
0
0
0
0
0
0
0
0
0
0
0
0
0
0
0
0
0
0
0
0
0
0
0
0
0
0
0
0
0
0
0
0
0
0
0
0
0
0
0
0
0
0
0
0
0
0
0
0
0
0
0
0
0
0
0
0
0
0
0
0
0
0
0
0
0
0
0
0
0
0
0
0
0
0
0
0
0
0
0
0
0
0
0
0
0
0
0
0
0
0
0
0
0
0
0
0
0
0
0
0
0
0
0
0
0
0
0
0
0
0
0
0
0
0
0
0
0
0
0
0
0
0
0
0
0
0
0
0
0
0
0
0
0
0
0
0
0
0
0
0
0
0
0
0
0
0
0
0
0
0
0
0
0
0
0
0
0
0
0
0
0
0
0
0
0
0
0
0
0
0
0
0
0
0
0
0
0
0
0
0
0
0
0
0
0
0
0
0
0
0
0
0
0
0
0
0
0
0
0
0
0
0
0
0
0
0
0
0
0
0
0
0
0
0
0
0
0
0
0
0
0
0
0
0
0
0
0
0
0
0
0
0
0
0
0
0
0
0
0
0
0
0
0
0
0
0
0
0
0
0
0
0
0
0
0
0
0
0
0
0
0
0
0
0
0
0
0
0
0
0
0
0
0
0
0
0
0
0
0
0
0
0
0
0
0
0
0
0
0
0
0
0
0
0
0
0
0
0
0
0
0
0
0
0
0
0
0
0
0
0
0
0
0
0
0
0
0
0
0
0
0
0
0
0
0
0
0
0
0
0
0
0
0
0
0
0
0
0
0
0
0
0
0
0
0
0
0
0
0
0
0
0
0
0
0
0
0
0
0
0
0
0
0
0
0
0
0
0
0
0
0
0
0
0
0
0
0
0
0
0
0
0
0
0
0
0
0
0
0
0
0
0
0
0
0
0
0
0
0
0
0
0
0
0
0
0
0
0
0
0
0
0
0
0
0
0
0
0
0
0
0
0
0
0
0
0
0
0
0
0
0
0
0
0
0
0
0
0
0
0
0
0
0
0
0
0
0
0
0
0
0
0
0
0
0
0
0
0
0
0
0
0
0
0
0
0
0
0
0
0
0
0
0
0
0
0
0
0
0
0
0
0
0
0
0
0
0
0
0
0
0
0
0
0
0
0
0
0
0
0
0
0
0
0
0
0
0
0
0
0
0
0
0
0
0
0
0
0
0
0
0
0
0
0
0
0
0
0
0
0
0
0
0
0
0
0
0
0
0
0
0
0
0
0
0
0
0
0
0
0
0
0
0
0
0
0
0
0
0
0
0
0
0
0
0
0
0
0
0
0
0
0
0
0
0
0
0
0
0
0
0
0
0
0
0
0
0
0
0
0
0
0
0
0
0
0
0
0
0
0
0
0
0
0
0
0
0
0
0
0
0
0
0
0
0
0
0
0
0
0
0
0
0
0
0
0
0
0
0
0
0
0
0
0
0
0
0
0
0
0
0
0
0
0
0
0
0
0
0
0
0
0
0
0
0
0
0
0
0
0
0
0
0
0
0
0
0
0
0
0
0
0
0
0
0
0
0
0
0
0
0
0
0
0
0
0
0
0
0
0
0
0
0
0
0
0
0
0
0
0
0
0
0
0
0
0
0
0
0
0
0
0
0
0
0
0
0
0
0
0
0
0
0
0
0
0
0
0
0
0
0
0
0
0
0
0
0
0
0
0
0
0
0
0
0
0
0
0
0
0
0
0
0
0
0
0
0
0
0
0
0
0
0
0
0
0
0
0
0
0
0
0
0
0
0
0
0
0
0
0
0
0
0
0
0
0
0
0
0
0
0
0
0
0
0
0
0
0
0
0
0
0
0
0
0
0
0
0
0
0
0
0
0
0
0
0
0
0
0
0
0
0
0
0
0
0
0
0
0
0
0
0
0
0
0
0
0
0
0
0
0
0
0
0
0
0
0
0
0
0
0
0
0
0
0
0
0
0
0
0
0
0
0
0
0
0
0
0
0
0
0
0
0
0
0
0
0
0
0
0
0
0
0
0
0
0
0
0
0
0
0
0
0
0
0
0
0
0
0
0
0
0
0
0
0
0
0
0
0
0
0
0
0
0
0
0
0
0
0
0
0
0
0
0
0
0
0
0
0
0
0
0
0
0
0
0
0
0
0
0
0
0
0
0
0
0
0
0
0
0
0
0
0
0
0
0
0
0
0
0
0
0
0
0
0
0
0
0
0
0
0
0
0
0
0
0
0
0
0
0
0
0
0
0
0
0
0
0
0
0
0
0
0
0
0
0
0
0
0
0
0
0
0
0
0
0
0
0
0
0
0
0
0
0
0
0
0
0
0
0
0
0
0
0
0
0
0
0
0
0
0
0
0
0
0
0
0
0
0
0
0
0
0
0
0
0
0
0
0
0
0
0
0
0
0
0
0
0
0
0
0
0
0
0
0
0
0
0
0
0
0
0
0
0
0
0
0
0
0
0
0
0
0
0
0
0
0
0
0
0
0
0
0
0
0
0
0
0
0
0
0
0
0
0
0
0
0
0
0
0
0
0
0
0
0
0
0
0
0
0
0
0
0
0
0
0
0
0
0
0
0
0
0
0
0
0
0
0
0
0
0
0
0
0
0
0
0
0
0
0
0
0
0
0
0
0
0
0
0
0
0
0
0
0
0
0
0
0
0
0
0
0
0
0
0
0
0
0
0
0
0
0
0
0
0
0
0
0
0
0
0
0
0
0
0
0
0
0
0
0
0
0
0
0
0
0
0
0
0
0
0
0
0
0
0
0
0
0
0
0
0
0
0
0
0
0
0
0
0
0
0
0
0
0
0
0
0
0
0
0
0
0
0
0
0
0
0
0
0
0
0
0
0
0
0
0
0
0
0
0
0
0
0
0
0
0
0
0
0
0
0
0
0
0
0
0
0
0
0
0
0
0
0
0
0
0
0
0
0
0
0
0
0
0
0
0
0
0
0
0
0
0
0
0
0
0
0
0
0
0
0
0
0
0
0
0
0
0
0
0
0
0
0
0
0
0
0
0
0
0
0
0
0
0
0
0
0
0
0
0
0
0
0
0
0
0
0
0
0
0
0
0
0
0
0
0
0
0
0
0
0
0
0
0
0
0
0
0
0
0
0
0
0
0
0
0
0
0
0
0
0
0
0
0
0
0
0
0
0
0
0
0
0
0
0
0
0
0
0
0
0
0
0
0
0
0
0
0
0
0
0
0
0
0
0
0
0
0
0
0
0
0
0
0
0
0
0
0
0
0
0
0
0
0
0
0
0
0
0
0
0
0
0
0
0
0
0
0
0
0
0
0
0
0
0
0
0
0
0
0
0
0
0
0
0
0
0
0
0
0
0
0
0
0
0
0
0
0
0
0
0
0
0
0
0
0
0
0
0
0
0
0
0
0
0
0
0
0
0
0
0
0
0
0
0
0
0
0
0
0
0
0
0
0
0
0
0
0
0
0
0
0
0
0
0
0
0
0
0
0
0
0
0
0
0
0
0
0
0
0
0
0
0
0
0
0
0
0
0
0
0
0
0
0
0
0
0
0
0
0
0
0
0
0
0
0
0
0
0
0
0
0
0
0
0
0
0
0
0
0
0
0
0
0
0
0
0
0
0
0
0
0
0
0
0
0
0
0
0
0
0
0
0
0
0
0
0
0
0
0
0
0
0
0
0
0
0
0
0
0
0
0
0
0
0
0
0
0
0
0
0
0
0
0
0
0
0
0
0
0
0
0
0
0
0
0
0
0
0
0
0
0
0
0
0
0
0
0
0
0
0
0
0
0
0
0
0
0
0
0
0
0
0
0
0
0
0
0
0
0
0
0
0
0
0
0
0
0
0
0
0
0
0
0
0
0
0
0
0
0
0
0
0
0
0
0
0
0
0
0
0
0
0
0
0
0
0
0
0
0
0
0
0
0
0
0
0
0
0
0
0
0
0
0
0
0
0
0
0
0
0
0
0
0
0
0
0
0
0
0
0
0
0
0
0
0
0
0
0
0
0
0
0
0
0
0
0
0
0
0
0
0
0
0
0
0
0
0
0
0
0
0
0
0
0
0
0
0
0
0
0
0
0
0
0
0
0
0
0
0
0
0
0
0
0
0
0
0
0
0
0
0
0
0
0
0
0
0
0
0
0
0
0
0
0
0
0
0
0
0
0
0
0
0
0
0
0
0
0
0
0
0
0
0
0
0
0
0
0
0
0
0
0
0
0
0
0
0
0
0
0
0
0
0
0
0
0
0
0
0
0
0
0
0
0
0
0
0
0
0
0
0
0
0
0
0
0
0
0
0
0
0
0
0
0
0
0
0
0
0
0
0
0
0
0
0
0
0
0
0
0
0
0
0
0
0
0
0
0
0
0
0
0
0
0
0
0
0
0
0
0
0
0
0
0
0
0
0
0
0
0
0
0
0
0
0
0
0
0
0
0
0
0
0
0
0
0
0
0
0
0
0
0
0
0
0
0
0
0
0
0
0
0
0
0
0
0
0
0
0
0
0
0
0
0
0
0
0
0
0
0
0
0
0
0
0
0
0
0
0
0
0
0
0
0
0
0
0
0
0
0
0
0
0
0
0
0
0
0
0
0
0
0
0
0
0
0
0
0
0
0
0
0
0
0
0
0
0
0
0
0
0
0
0
0
0
0
0
0
0
0
0
0
0
0
0
0
0
0
0
0
0
0
0
0
0
0
0
0
0
0
0
0
0
0
0
0
0
0
0
0
0
0
0
0
0
0
0
0
0
0
0
0
0
0
0
0
0
0
0
0
0
0
0
0
0
0
0
0
0
0
0
0
0
0
0
0
0
0
0
0
0
0
0
0
0
0
0
0
0
0
0
0
0
0
0
0
0
0
0
0
0
0
0
0
0
0
0
0
0
0
0
0
0
0
0
0
0
0
0
0
0
0
0
0
0
0
0
0
0
0
0
0
0
0
0
0
0
0
0
0
0
0
0
0
0
0
0
0
0
0
0
0
0
0
0
0
0
0
0
0
0
0
0
0
0
0
0
0
0
0
0
0
0
0
0
0
0
0
0
0
0
0
0
0
0
0
0
0
0
0
0
0
0
0
0
0
0
0
0
0
0
0
0
0
0
0
0
0
0
0
0
0
0
0
0
0
0
0
0
0
0
0
0
0
0
0
0
0
0
0
0
0
0
0
0
0
0
0
0
0
0
0
0
0
0
0
0
0
0
0
0
0
0
0
0
0
0
0
0
0
0
0
0
0
0
0
0
0
0
0
0
0
0
0
0
0
0
0
0
0
0
0
0
0
0
0
0
0
0
0
0
0
0
0
0
0
0
0
0
0
0
0
0
0
0
0
0
0
0
0
0
0
0
0
0
0
0
0
0
0
0
0
0
0
0
0
0
0
0
0
0
0
0
0
0
0
0
0
0
0
0
0
0
0
0
0
0
0
0
0
0
0
0
0
0
0
0
0
0
0
0
0
0
0
0
0
0
0
0
0
0
0
0
0
0
0
0
0
0
0
0
0
0
0
0
0
0
0
0
0
0
0
0
0
0
0
0
0
0
0
0
0
0
0
0
0
0
0
0
0
0
0
0
0
0
0
0
0
0
0
0
0
0
0
0
0
0
0
0
0
0
0
0
0
0
0
0
0
0
0
0
0
0
0
0
0
0
0
0
0
0
0
0
0
0
0
0
0
0
0
0
0
0
0
0
0
0
0
0
0
0
0
0
0
0
0
0
0
0
0
0
0
0
0
0
0
0
0
0
0
0
0
0
0
0
0
0
0
0
0
0
0
0
0
0
0
0
0
0
0
0
0
0
0
0
0
0
0
0
0
0
0
0
0
0
0
0
0
0
0
0
0
0
0
0
0
0
0
0
0
0
0
0
0
0
0
0
0
0
0
0
0
0
0
0
0
0
0
0
0
0
0
0
0
0
0
0
0
0
0
0
0
0
0
0
0
0
0
0
0
0
0
0
0
0
0
0
0
0
0
0
0
0
0
0
0
0
0
0
0
0
0
0
0
0
0
0
0
0
0
0
0
0
0
0
0
0
0
0
0
0
0
0
0
0
0
0
0
0
0
0
0
0
0
0
0
0
0
0
0
0
0
0
0
0
0
0
0
0
0
0
0
0
0
0
0
0
0
0
0
0
0
0
0
0
0
0
0
0
0
0
0
0
0
0
0
0
0
0
0
0
0
0
0
0
0
0
0
0
0
0
0
0
0
0
0
0
0
0
0
0
0
0
0
0
0
0
0
0
0
0
0
0
0
0
0
0
0
0
0
0
0
0
0
0
0
0
0
0
0
0
0
0
0
0
0
0
0
0
0
0
0
0
0
0
0
0
0
0
0
0
0
0
0
0
0
0
0
0
0
0
0
0
0
0
0
0
0
0
0
0
0
0
0
0
0
0
0
0
0
0
0
0
0
0
0
0
0
0
0
0
0
0
0
0
0
0
0
0
0
0
0
0
0
0
0
0
0
0
0
0
0
0
0
0
0
0
0
0
0
0
0
0
0
0
0
0
0
0
0
0
0
0
0
0
0
0
0
0
0
0
0
0
0
0
0
0
0
0
0
0
0
0
0
0
0
0
0
0
0
0
0
0
0
0
0
0
0
0
0
0
0
0
0
0
0
0
0
0
0
0
0
0
0
0
0
0
0
0
0
0
0
0
0
0
0
0
0
0
0
0
0
0
0
0
0
0
0
0
0
0
0
0
0
0
0
0
0
0
0
0
0
0
0
0
0
0
0
0
0
0
0
0
0
0
0
0
0
0
0
0
0
0
0
0
0
0
0
0
0
0
0
0
0
0
0
0
0
0
0
0
0
0
0
0
0
0
0
0
0
0
0
0
0
0
0
0
0
0
0
0
0
0
0
0
0
0
0
0
0
0
0
0
0
0
0
0
0
0
0
0
0
0
0
0
0
0
0
0
0
0
0
0
0
0
0
0
0
0
0
0
0
0
0
0
0
0
0
0
0
0
0
0
0
0
0
0
0
0
0
0
0
0
0
0
0
0
0
0
0
0
0
0
0
0
0
0
0
0
0
0
0
0
0
0
0
0
0
0
0
0
0
0
0
0
0
0
0
0
0
0
0
0
0
0
0
0
0
0
0
0
0
0
0
0
0
0
0
0
0
0
0
0
0
0
0
0
0
0
0
0
0
0
0
0
0
0
0
0
0
0
0
0
0
0
0
0
0
0
0
0
0
0
0
0
0
0
0
0
0
0
0
0
0
0
0
0
0
0
0
0
0
0
0
0
0
0
0
0
0
0
0
0
0
0
0
0
0
0
0
0
0
0
0
0
0
0
0
0
0
0
0
0
0
0
0
0
0
0
0
0
0
0
0
0
0
0
0
0
0
0
0
0
0
0
0
0
0
0
0
0
0
0
0
0
0
0
0
0
0
0
0
0
0
0
0
0
0
0
0
0
0
0
0
0
0
0
0
0
0
0
0
0
0
0
0
0
0
0
0
0
0
0
0
0
0
0
0
0
0
0
0
0
0
0
0
0
0
0
0
0
0
0
0
0
0
0
0
0
0
0
0
0
0
0
0
0
0
0
0
0
0
0
0
0
0
0
0
0
0
0
0
0
0
0
0
0
0
0
0
0
0
0
0
0
0
0
0
0
0
0
0
0
0
0
0
0
0
0
0
0
0
0
0
0
0
0
0
0
0
0
0
0
0
0
0
0
0
0
0
0
0
0
0
0
0
0
0
0
0
0
0
0
0
0
0
0
0
0
0
0
0
0
0
0
0
0
0
0
0
0
0
0
0
0
0
0
0
0
0
0
0
0
0
0
0
0
0
0
0
0
0
0
0
0
0
0
0
0
0
0
0
0
0
0
0
0
0
0
0
0
0
0
0
0
0
0
0
0
0
0
0
0
0
0
0
0
0
0
0
0
0
0
0
0
0
0
0
0
0
0
0
0
0
0
0
0
0
0
0
0
0
0
0
0
0
0
0
0
0
0
0
0
0
0
0
0
0
0
0
0
0
0
0
0
0
0
0
0
0
0
0
0
0
0
0
0
0
0
0
0
0
0
0
0
0
0
0
0
0
0
0
0
0
0
0
0
0
0
0
0
0
0
0
0
0
0
0
0
0
0
0
0
0
0
0
0
0
0
0
0
0
0
0
0
0
0
0
0
0
0
0
0
0
0
0
0
0
0
0
0
0
0
0
0
0
0
0
0
0
0
0
0
0
0
0
0
0
0
0
0
0
0
0
0
0
0
0
0
0
0
0
0
0
0
0
0
0
0
0
0
0
0
0
0
0
0
0
0
0
0
0
0
0
0
0
0
0
0
0
0
0
0
0
0
0
0
0
0
0
0
0
0
0
0
0
0
0
0
0
0
0
0
0
0
0
0
0
0
0
0
0
0
0
0
0
0
0
0
0
0
0
0
0
0
0
0
0
0
0
0
0
0
0
0
0
0
0
0
0
0
0
0
0
0
0
0
0
0
0
0
0
0
0
0
0
0
0
0
0
0
0
0
0
0
0
0
0
0
0
0
0
0
0
0
0
0
0
0
0
0
0
0
0
0
0
0
0
0
0
0
0
0
0
0
0
0
0
0
0
0
0
0
0
0
0
0
0
0
0
0
0
0
0
0
0
0
0
0
0
0
0
0
0
0
0
0
0
0
0
0
0
0
0
0
0
0
0
0
0
0
0
0
0
0
0
0
0
0
0
0
0
0
0
0
0
0
0
0
0
0
0
0
0
0
0
0
0
0
0
0
0
0
0
0
0
0
0
0
0
0
0
0
0
0
0
0
0
0
0
0
0
0
0
0
0
0
0
0
0
0
0
0
0
0
0
0
0
0
0
0
0
0
0
0
0
0
0
0
0
0
0
0
0
0
0
0
0
0
0
0
0
0
0
0
0
0
0
0
0
0
0
0
0
0
0
0
0
0
0
0
0
0
0
0
0
0
0
0
0
0
0
0
0
0
0
0
0
0
0
0
0
0
0
0
0
0
0
0
0
0
0
0
0
0
0
0
0
0
0
0
0
0
0
0
0
0
0
0
0
0
0
0
0
0
0
0
0
0
0
0
0
0
0
0
0
0
0
0
0
0
0
0
0
0
0
0
0
0
0
0
0
0
0
0
0
0
0
0
0
0
0
0
0
0
0
0
0
0
0
0
0
0
0
0
0
0
0
0
0
0
0
0
0
0
0
0
0
0
0
0
0
0
0
0
0
0
0
0
0
0
0
0
0
0
0
0
0
0
0
0
0
0
0
0
0
0
0
0
0
0
0
0
0
0
0
0
0
0
0
0
0
0
0
0
0
0
0
0
0
0
0
0
0
0
0
0
0
0
0
0
0
0
0
0
0
0
0
0
0
0
0
0
0
0
0
0
0
0
0
0
0
0
0
0
0
0
0
0
0
0
0
0
0
0
0
0
0
0
0
0
0
0
0
0
0
0
0
0
0
0
0
0
0
0
0
0
0
0
0
0
0
0
0
0
0
0
0
0
0
0
0
0
0
0
0
0
0
0
0
0
0
0
0
0
0
0
0
0
0
0
0
0
0
0
0
0
0
0
0
0
0
0
0
0
0
0
0
0
0
0
0
0
0
0
0
0
0
0
0
0
0
0
0
0
0
0
0
0
0
0
0
0
0
0
0
0
0
0
0
0
0
0
0
0
0
0
0
0
0
0
0
0
0
0
0
0
0
0
0
0
0
0
0
0
0
0
0
0
0
0
0
0
0
0
0
0
0
0
0
0
0
0
0
0
0
0
0
0
0
0
0
0
0
0
0
0
0
0
0
0
0
0
0
0
0
0
0
0
0
0
0
0
0
0
0
0
0
0
0
0
0
0
0
0
0
0
0
0
0
0
0
0
0
0
0
0
0
0
0
0
0
0
0
0
0
0
0
0
0
0
0
0
0
0
0
0
0
0
0
0
0
0
0
0
0
0
0
0
0
0
0
0
0
0
0
0
0
0
0
0
0
0
0
0
0
0
0
0
0
0
0
0
0
0
0
0
0
0
0
0
0
0
0
0
0
0
0
0
0
0
0
0
0
0
0
0
0
0
0
0
0
0
0
0
0
0
0
0
0
0
0
0
0
0
0
0
0
0
0
0
0
0
0
0
0
0
0
0
0
0
0
0
0
0
0
0
0
0
0
0
0
0
0
0
0
0
0
0
0
0
0
0
0
0
0
0
0
0
0
0
0
0
0
0
0
0
0
0
0
0
0
0
0
0
0
0
0
0
0
0
0
0
0
0
0
0
0
0
0
0
0
0
0
0
0
0
0
0
0
0
0
0
0
0
0
0
0
0
0
0
0
0
0
0
0
0
0
0
0
0
0
0
0
0
0
0
0
0
0
0
0
0
0
0
0
0
0
0
0
0
0
0
0
0
0
0
0
0
0
0
0
0
0
0
0
0
0
0
0
0
0
0
0
0
0
0
0
0
0
0
0
0
0
0
0
0
0
0
0
0
0
0
0
0
0
0
0
0
0
0
0
0
0
0
0
0
0
0
0
0
0
0
0
0
0
0
0
0
0
0
0
0
0
0
0
0
0
0
0
0
0
0
0
0
0
0
0
0
0
0
0
0
0
0
0
0
0
0
0
0
0
0
0
0
0
0
0
0
0
0
0
0
0
0
0
0
0
0
0
0
0
0
0
0
0
0
0
0
0
0
0
0
0
0
0
0
0
0
0
0
0
0
0
0
0
0
0
0
0
0
0
0
0
0
0
0
0
0
0
0
0
0
0
0
0
0
0
0
0
0
0
0
0
0
0
0
0
0
0
0
0
0
0
0
0
0
0
0
0
0
0
0
0
0
0
0
0
0
0
0
0
0
0
0
0
0
0
0
0
0
0
0
0
0
0
0
0
0
0
0
0
0
0
0
0
0
0
0
0
0
0
0
0
0
0
0
0
0
0
0
0
0
0
0
0
0
0
0
0
0
0
0
0
0
0
0
0
0
0
0
0
0
0
0
0
0
0
0
0
0
0
0
0
0
0
0
0
0
0
0
0
0
0
0
0
0
0
0
0
0
0
0
0
0
0
0
0
0
0
0
0
0
0
0
0
0
0
0
0
0
0
0
0
0
0
0
0
0
0
0
0
0
0
0
0
0
0
0
0
0
0
0
0
0
0
0
0
0
0
0
0
0
0
0
0
0
0
0
0
0
0
0
0
0
0
0
0
0
0
0
0
0
0
0
0
0
0
0
0
0
0
0
0
0
0
0
0
0
0
0
0
0
0
0
0
0
0
0
0
0
0
0
0
0
0
0
0
0
0
0
0
0
0
0
0
0
0
0
0
0
0
0
0
0
0
0
0
0
0
0
0
0
0
0
0
0
0
0
0
0
0
0
0
0
0
0
0
0
0
0
0
0
0
0
0
0
0
0
0
0
0
0
0
0
0
0
0
0
0
0
0
0
0
0
0
0
0
0
0
0
0
0
0
0
0
0
0
0
0
0
0
0
0
0
0
0
0
0
0
0
0
0
0
0
0
0
0
0
0
0
0
0
0
0
0
0
0
0
0
0
0
0
0
0
0
0
0
0
0
0
0
0
0
0
0
0
0
0
0
0
0
0
0
0
0
0
0
0
0
0
0
0
0
0
0
0
0
0
0
0
0
0
0
0
0
0
0
0
0
0
0
0
0
0
0
0
0
0
0
0
0
0
0
0
0
0
0
0
0
0
0
0
0
0
0
0
0
0
0
0
0
0
0
0
0
0
0
0
0
0
0
0
0
0
0
0
0
0
0
0
0
0
0
0
0
0
0
0
0
0
0
0
0
0
0
0
0
0
0
0
0
0
0
0
0
0
0
0
0
0
0
0
0
0
0
0
0
0
0
0
0
0
0
0
0
0
0
0
0
0
0
0
0
0
0
0
0
0
0
0
0
0
0
0
0
0
0
0
0
0
0
0
0
0
0
0
0
0
0
0
0
0
0
0
0
0
0
0
0
0
0
0
0
0
0
0
0
0
0
0
0
0
0
0
0
0
0
0
0
0
0
0
0
0
0
0
0
0
0
0
0
0
0
0
0
0
0
0
0
0
0
0
0
0
0
0
0
0
0
0
0
0
0
0
0
0
0
0
0
0
0
0
0
0
0
0
0
0
0
0
0
0
0
0
0
0
0
0
0
0
0
0
0
0
0
0
0
0
0
0
0
0
0
0
0
0
0
0
0
0
0
0
0
0
0
0
0
0
0
0
0
0
0
0
0
0
0
0
0
0
0
0
0
0
0
0
0
0
0
0
0
0
0
0
0
0
0
0
0
0
0
0
0
0
0
0
0
0
0
0
0
0
0
0
0
0
0
0
0
0
0
0
0
0
0
0
0
0
0
0
0
0
0
0
0
0
0
0
0
0
0
0
0
0
0
0
0
0
0
0
0
0
0
0
0
0
0
0
0
0
0
0
0
0
0
0
0
0
0
0
0
0
0
0
0
0
0
0
0
0
0
0
0
0
0
0
0
0
0
0
0
0
0
0
0
0
0
0
0
0
0
0
0
0
0
0
0
0
0
0
0
0
0
0
0
0
0
0
0
0
0
0
0
0
0
0
0
0
0
0
0
0
0
0
0
0
0
0
0
0
0
0
0
0
0
0
0
0
0
0
0
0
0
0
0
0
0
0
0
0
0
0
0
0
0
0
0
0
0
0
0
0
0
0
0
0
0
0
0
0
0
0
0
0
0
0
0
0
0
0
0
0
0
0
0
0
0
0
0
0
0
0
0
0
0
0
0
0
0
0
0
0
0
0
0
0
0
0
0
0
0
0
0
0
0
0
0
0
0
0
0
0
0
0
0
0
0
0
0
0
0
0
0
0
0
0
0
0
0
0
0
0
0
0
0
0
0
0
0
0
0
0
0
0
0
0
0
0
0
0
0
0
0
0
0
0
0
0
0
0
0
0
0
0
0
0
0
0
0
0
0
0
0
0
0
0
0
0
0
0
0
0
0
0
0
0
0
0
0
0
0
0
0
0
0
0
0
0
0
0
0
0
0
0
0
0
0
0
0
0
0
0
0
0
0
0
0
0
0
0
0
0
0
0
0
0
0
0
0
0
0
0
0
0
0
0
0
0
0
0
0
0
0
0
0
0
0
0
0
0
0
0
0
0
0
0
0
0
0
0
0
0
0
0
0
0
0
0
0
0
0
0
0
0
0
0
0
0
0
0
0
0
0
0
0
0
0
0
0
0
0
0
0
0
0
0
0
0
0
0
0
0
0
0
0
0
0
0
0
0
0
0
0
0
0
0
0
0
0
0
0
0
0
0
0
0
0
0
0
0
0
0
0
0
0
0
0
0
0
0
0
0
0
0
0
0
0
0
0
0
0
0
0
0
0
0
0
0
0
0
0
0
0
0
0
0
0
0
0
0
0
0
0
0
0
0
0
0
0
0
0
0
0
0
0
0
0
0
0
0
0
0
0
0
0
0
0
0
0
0
0
0
0
0
0
0
0
0
0
0
0
0
0
0
0
0
0
0
0
0
0
0
0
0
0
0
0
0
0
0
0
0
0
0
0
0
0
0
0
0
0
0
0
0
0
0
0
0
0
0
0
0
0
0
0
0
0
0
0
0
0
0
0
0
0
0
0
0
0
0
0
0
0
0
0
0
0
0
0
0
0
0
0
0
0
0
0
0
0
0
0
0
0
0
0
0
0
0
0
0
0
0
0
0
0
0
0
0
0
0
0
0
0
0
0
0
0
0
0
0
0
0
0
0
0
0
0
0
0
0
0
0
0
0
0
0
0
0
0
0
0
0
0
0
0
0
0
0
0
0
0
0
0
0
0
0
0
0
0
0
0
0
0
0
0
0
0
0
0
0
0
0
0
0
0
0
0
0
0
0
0
0
0
0
0
0
0
0
0
0
0
0
0
0
0
0
0
0
0
0
0
0
0
0
0
0
0
0
0
0
0
0
0
0
0
0
0
0
0
0
0
0
0
0
0
0
0
0
0
0
0
0
0
0
0
0
0
0
0
0
0
0
0
0
0
0
0
0
0
0
0
0
0
0
0
0
0
0
0
0
0
0
0
0
0
0
0
0
0
0
0
0
0
0
0
0
0
0
0
0
0
0
0
0
0
0
0
0
0
0
0
0
0
0
0
0
0
0
0
0
0
0
0
0
0
0
0
0
0
0
0
0
0
0
0
0
0
0
0
0
0
0
0
0
0
0
0
0
0
0
0
0
0
0
0
0
0
0
0
0
0
0
0
0
0
0
0
0
0
0
0
0
0
0
0
0
0
0
0
0
0
0
0
0
0
0
0
0
0
0
0
0
0
0
0
0
0
0
0
0
0
0
0
0
0
0
0
0
0
0
0
0
0
0
0
0
0
0
0
0
0
0
0
0
0
0
0
0
0
0
0
0
0
0
0
0
0
0
0
0
0
0
0
0
0
0
0
0
0
0
0
0
0
0
0
0
0
0
0
0
0
0
0
0
0
0
0
0
0
0
0
0
0
0
0
0
0
0
0
0
0
0
0
0
0
0
0
0
0
0
0
0
0
0
0
0
0
0
0
0
0
0
0
0
0
0
0
0
0
0
0
0
0
0
0
0
0
0
0
0
0
0
0
0
0
0
0
0
0
0
0
0
0
0
0
0
0
0
0
0
0
0
0
0
0
0
0
0
0
0
0
0
0
0
0
0
0
0
0
0
0
0
0
0
0
0
0
0
0
0
0
0
0
0
0
0
0
0
0
0
0
0
0
0
0
0
0
0
0
0
0
0
0
0
0
0
0
0
0
0
0
0
0
0
0
0
0
0
0
0
0
0
0
0
0
0
0
0
0
0
0
0
0
0
0
0
0
0
0
0
0
0
0
0
0
0
0
0
0
0
0
0
0
0
0
0
0
0
0
0
0
0
0
0
0
0
0
0
0
0
0
0
0
0
0
0
0
0
0
0
0
0
0
0
0
0
0
0
0
0
0
0
0
0
0
0
0
0
0
0
0
0
0
0
0
0
0
0
0
0
0
0
0
0
0
0
0
0
0
0
0
0
0
0
0
0
0
0
0
0
0
0
0
0
0
0
0
0
0
0
0
0
0
0
0
0
0
0
0
0
0
0
0
0
0
0
0
0
0
0
0
0
0
0
0
0
0
0
0
0
0
0
0
0
0
0
0
0
0
0
0
0
0
0
0
0
0
0
0
0
0
0
0
0
0
0
0
0
0
0
0
0
0
0
0
0
0
0
0
0
0
0
0
0
0
0
0
0
0
0
0
0
0
0
0
0
0
0
0
0
0
0
0
0
0
0
0
0
0
0
0
0
0
0
0
0
0
0
0
0
0
0
0
0
0
0
0
0
0
0
0
0
0
0
0
0
0
0
0
0
0
0
0
0
0
0
0
0
0
0
0
0
0
0
0
0
0
0
0
0
0
0
0
0
0
0
0
0
0
0
0
0
0
0
0
0
0
0
0
0
0
0
0
0
0
0
0
0
0
0
0
0
0
0
0
0
0
0
0
0
0
0
0
0
0
0
0
0
0
0
0
0
0
0
0
0
0
0
0
0
0
0
0
0
0
0
0
0
0
0
0
0
0
0
0
0
0
0
0
0
0
0
0
0
0
0
0
0
0
0
0
0
0
0
0
0
0
0
0
0
0
0
0
0
0
0
0
0
0
0
0
0
0
0
0
0
0
0
0
0
0
0
0
0
0
0
0
0
0
0
0
0
0
0
0
0
0
0
0
0
0
0
0
0
0
0
0
0
0
0
0
0
0
0
0
0
0
0
0
0
0
0
0
0
0
0
0
0
0
0
0
0
0
0
0
0
0
0
0
0
0
0
0
0
0
0
0
0
0
0
0
0
0
0
0
0
0
0
0
0
0
0
0
0
0
0
0
0
0
0
0
0
0
0
0
0
0
0
0
0
0
0
0
0
0
0
0
0
0
0
0
0
0
0
0
0
0
0
0
0
0
0
0
0
0
0
0
0
0
0
0
0
0
0
0
0
0
0
0
0
0
0
0
0
0
0
0
0
0
0
0
0
0
0
0
0
0
0
0
0
0
0
0
0
0
0
0
0
0
0
0
0
0
0
0
0
0
0
0
0
0
0
0
0
0
0
0
0
0
0
0
0
0
0
0
0
0
0
0
0
0
0
0
0
0
0
0
0
0
0
0
0
0
0
0
0
0
0
0
0
0
0
0
0
0
0
0
0
0
0
0
0
0
0
0
0
0
0
0
0
0
0
0
0
0
0
0
0
0
0
0
0
0
0
0
0
0
0
0
0
0
0
0
0
0
0
0
0
0
0
0
0
0
0
0
0
0
0
0
0
0
0
0
0
0
0
0
0
0
0
0
0
0
0
0
0
0
0
0
0
0
0
0
0
0
0
0
0
0
0
0
0
0
0
0
0
0
0
0
0
0
0
0
0
0
0
0
0
0
0
0
0
0
0
0
0
0
0
0
0
0
0
0
0
0
0
0
0
0
0
0
0
0
0
0
0
0
0
0
0
0
0
0
0
0
0
0
0
0
0
0
0
0
0
0
0
0
0
0
0
0
0
0
0
0
0
0
0
0
0
0
0
0
0
0
0
0
0
0
0
0
0
0
0
0
0
0
0
0
0
0
0
0
0
0
0
0
0
0
0
0
0
0
0
0
0
0
0
0
0
0
0
0
0
0
0
0
0
0
0
0
0
0
0
0
0
0
0
0
0
0
0
0
0
0
0
0
0
0
0
0
0
0
0
0
0
0
0
0
0
0
0
0
0
0
0
0
0
0
0
0
0
0
0
0
0
0
0
0
0
0
0
0
0
0
0
0
0
0
0
0
0
0
0
0
0
0
0
0
0
0
0
0
0
0
0
0
0
0
0
0
0
0
0
0
0
0
0
0
0
0
0
0
0
0
0
0
0
0
0
0
0
0
0
0
0
0
0
0
0
0
0
0
0
0
0
0
0
0
0
0
0
0
0
0
0
0
0
0
0
0
0
0
0
0
0
0
0
0
0
0
0
0
0
0
0
0
0
0
0
0
0
0
0
0
0
0
0
0
0
0
0
0
0
0
0
0
0
0
0
0
0
0
0
0
0
0
0
0
0
0
0
0
0
0
0
0
0
0
