0
0
0
0
0
0
0
0
0
0
0
0
0
0
0
0
0
0
0
0
0
0
0
0
0
0
0
0
0
0
0
0
0
0
0
0
0
0
0
0
0
0
0
0
0
0
0
0
0
0
0
0
0
0
0
0
0
0
0
0
0
0
0
0
0
0
0
0
0
0
0
0
0
0
0
0
0
0
0
0
0
0
0
0
0
0
0
0
0
0
0
0
0
0
0
0
0
0
0
0
0
0
0
0
0
0
0
0
0
0
0
0
0
0
0
0
0
0
0
0
0
0
0
0
0
0
0
0
0
0
0
0
0
0
0
0
0
0
0
0
0
0
0
0
0
0
0
0
0
0
0
0
0
0
0
0
0
0
0
0
0
0
0
0
0
0
0
0
0
0
0
0
0
0
0
0
0
0
0
0
0
0
0
0
4095
4092
0
0
0
0
0
0
4091
4091
0
0
0
0
0
0
4092
4094
0
0
0
0
0
0
4095
4095
0
0
0
0
0
0
4092
4091
0
0
0
0
0
0
4091
4092
0
0
0
0
0
0
4094
4095
0
0
0
0
0
0
4095
4093
0
0
0
0
0
0
4090
4089
0
0
0
0
0
0
4091
1
0
0
0
0
0
0
2
2
0
0
0
0
0
0
4094
4088
0
0
0
0
0
0
4086
4090
0
0
0
0
0
0
2
6
0
0
0
0
0
0
5
4090
0
0
0
0
0
0
4083
4083
0
0
0
0
0
0
4088
7
0
0
0
0
0
0
13
7
0
0
0
0
0
0
4093
4080
0
0
0
0
0
0
4075
4089
0
0
0
0
0
0
8
17
0
0
0
0
0
0
13
4089
0
0
0
0
0
0
4074
4072
0
0
0
0
0
0
4083
14
0
0
0
0
0
0
26
16
0
0
0
0
0
0
4090
4064
0
0
0
0
0
0
4061
4087
0
0
0
0
0
0
17
34
0
0
0
0
0
0
24
4083
0
0
0
0
0
0
4058
4056
0
0
0
0
0
0
4080
27
0
0
0
0
0
0
45
24
0
0
0
0
0
0
4086
4045
0
0
0
0
0
0
4044
4084
0
0
0
0
0
0
30
55
0
0
0
0
0
0
37
4074
0
0
0
0
0
0
4038
4039
0
0
0
0
0
0
4075
42
0
0
0
0
0
0
69
38
0
0
0
0
0
0
4081
4024
0
0
0
0
0
0
4021
4082
0
0
0
0
0
0
47
79
0
0
0
0
0
0
52
4065
0
0
0
0
0
0
4014
4017
0
0
0
0
0
0
4072
64
0
0
0
0
0
0
95
48
0
0
0
0
0
0
4071
3996
0
0
0
0
0
0
3997
4082
0
0
0
0
0
0
69
109
0
0
0
0
0
0
68
4050
0
0
0
0
0
0
3983
3993
0
0
0
0
0
0
4069
91
0
0
0
0
0
0
127
60
0
0
0
0
0
0
4058
3964
0
0
0
0
0
0
3970
4087
0
0
0
0
0
0
93
140
0
0
0
0
0
0
82
4032
0
0
0
0
0
0
3948
3968
0
0
0
0
0
0
4070
121
0
0
0
0
0
0
164
73
0
0
0
0
0
0
4041
3926
0
0
0
0
0
0
3940
4092
0
0
0
0
0
0
124
176
0
0
0
0
0
0
100
4011
0
0
0
0
0
0
3909
3942
0
0
0
0
0
0
4071
157
0
0
0
0
0
0
202
85
0
0
0
0
0
0
4019
3884
0
0
0
0
0
0
3909
4
0
0
0
0
0
0
161
215
0
0
0
0
0
0
116
3983
0
0
0
0
0
0
3866
3916
0
0
0
0
0
0
4075
197
0
0
0
0
0
0
246
91
0
0
0
0
0
0
3994
3838
0
0
0
0
0
0
3877
18
0
0
0
0
0
0
202
257
0
0
0
0
0
0
128
3951
0
0
0
0
0
0
3816
3887
0
0
0
0
0
0
4084
243
0
0
0
0
0
0
292
100
0
0
0
0
0
0
3963
3788
0
0
0
0
0
0
3843
33
0
0
0
0
0
0
249
301
0
0
0
0
0
0
140
3913
0
0
0
0
0
0
3761
3859
0
0
0
0
0
0
2
295
0
0
0
0
0
0
341
102
0
0
0
0
0
0
3927
3733
0
0
0
0
0
0
3811
56
0
0
0
0
0
0
303
347
0
0
0
0
0
0
149
3869
0
0
0
0
0
0
3703
3833
0
0
0
0
0
0
20
351
0
0
0
0
0
0
391
103
0
0
0
0
0
0
3886
3674
0
0
0
0
0
0
3779
82
0
0
0
0
0
0
359
392
0
0
0
0
0
0
155
3820
0
0
0
0
0
0
3642
3807
0
0
0
0
0
0
42
413
0
0
0
0
0
0
445
100
0
0
0
0
0
0
3838
3613
0
0
0
0
0
0
3748
113
0
0
0
0
0
0
421
439
0
0
0
0
0
0
156
3765
0
0
0
0
0
0
3578
3785
0
0
0
0
0
0
71
479
0
0
0
0
0
0
497
90
0
0
0
0
0
0
3784
3550
0
0
0
0
0
0
3719
152
0
0
0
0
0
0
490
487
0
0
0
0
0
0
155
3705
0
0
0
0
0
0
3509
3766
0
0
0
0
0
0
104
550
0
0
0
0
0
0
551
79
0
0
0
0
0
0
3724
3483
0
0
0
0
0
0
3692
196
0
0
0
0
0
0
564
534
0
0
0
0
0
0
148
3638
0
0
0
0
0
0
3438
3749
0
0
0
0
0
0
144
626
0
0
0
0
0
0
604
59
0
0
0
0
0
0
3659
3415
0
0
0
0
0
0
3667
246
0
0
0
0
0
0
642
579
0
0
0
0
0
0
135
3566
0
0
0
0
0
0
3365
3737
0
0
0
0
0
0
191
704
0
0
0
0
0
0
657
36
0
0
0
0
0
0
3587
3346
0
0
0
0
0
0
3649
304
0
0
0
0
0
0
723
623
0
0
0
0
0
0
118
3488
0
0
0
0
0
0
3290
3729
0
0
0
0
0
0
244
787
0
0
0
0
0
0
708
4
0
0
0
0
0
0
3510
3276
0
0
0
0
0
0
3632
367
0
0
0
0
0
0
810
665
0
0
0
0
0
0
94
3404
0
0
0
0
0
0
3213
3726
0
0
0
0
0
0
302
874
0
0
0
0
0
0
759
4064
0
0
0
0
0
0
3426
3206
0
0
0
0
0
0
3621
437
0
0
0
0
0
0
900
704
0
0
0
0
0
0
64
3315
0
0
0
0
0
0
3135
3728
0
0
0
0
0
0
370
961
0
0
0
0
0
0
805
4020
0
0
0
0
0
0
3336
3137
0
0
0
0
0
0
3615
514
0
0
0
0
0
0
993
737
0
0
0
0
0
0
26
3223
0
0
0
0
0
0
3059
3737
0
0
0
0
0
0
445
1053
0
0
0
0
0
0
849
3969
0
0
0
0
0
0
3241
3069
0
0
0
0
0
0
3615
598
0
0
0
0
0
0
1090
767
0
0
0
0
0
0
4077
3122
0
0
0
0
0
0
2984
3753
0
0
0
0
0
0
525
1146
0
0
0
0
0
0
886
3910
0
0
0
0
0
0
3141
3004
0
0
0
0
0
0
3621
687
0
0
0
0
0
0
1185
792
0
0
0
0
0
0
4025
3020
0
0
0
0
0
0
2909
3774
0
0
0
0
0
0
614
1239
0
0
0
0
0
0
921
3843
0
0
0
0
0
0
3037
2940
0
0
0
0
0
0
3637
782
0
0
0
0
0
0
1285
810
0
0
0
0
0
0
3965
2915
0
0
0
0
0
0
2837
3807
0
0
0
0
0
0
707
1331
0
0
0
0
0
0
953
3770
0
0
0
0
0
0
2929
2880
0
0
0
0
0
0
3659
886
0
0
0
0
0
0
1386
825
0
0
0
0
0
0
3896
2805
0
0
0
0
0
0
2766
3844
0
0
0
0
0
0
808
1424
0
0
0
0
0
0
973
3690
0
0
0
0
0
0
2815
2822
0
0
0
0
0
0
3685
993
0
0
0
0
0
0
1486
830
0
0
0
0
0
0
3821
2693
0
0
0
0
0
0
2701
3889
0
0
0
0
0
0
915
1517
0
0
0
0
0
0
992
3601
0
0
0
0
0
0
2699
2772
0
0
0
0
0
0
3723
1106
0
0
0
0
0
0
1586
829
0
0
0
0
0
0
3738
2580
0
0
0
0
0
0
2639
3941
0
0
0
0
0
0
1029
1607
0
0
0
0
0
0
1002
3505
0
0
0
0
0
0
2581
2727
0
0
0
0
0
0
3768
1225
0
0
0
0
0
0
1684
822
0
0
0
0
0
0
3646
2464
0
0
0
0
0
0
2582
4006
0
0
0
0
0
0
1147
1694
0
0
0
0
0
0
1002
3402
0
0
0
0
0
0
2461
2687
0
0
0
0
0
0
3821
1347
0
0
0
0
0
0
1782
805
0
0
0
0
0
0
3547
2348
0
0
0
0
0
0
2530
4075
0
0
0
0
0
0
1270
1778
0
0
0
0
0
0
998
3292
0
0
0
0
0
0
2337
2651
0
0
0
0
0
0
3883
1475
0
0
0
0
0
0
1873
779
0
0
0
0
0
0
3442
2231
0
0
0
0
0
0
2485
58
0
0
0
0
0
0
1397
1857
0
0
0
0
0
0
984
3173
0
0
0
0
0
0
2214
2626
0
0
0
0
0
0
3954
1605
0
0
0
0
0
0
1966
746
0
0
0
0
0
0
3328
2118
0
0
0
0
0
0
2448
145
0
0
0
0
0
0
1530
1935
0
0
0
0
0
0
962
3051
0
0
0
0
0
0
2091
2606
0
0
0
0
0
0
4034
1736
0
0
0
0
0
0
2053
703
0
0
0
0
0
0
3207
2002
0
0
0
0
0
0
2414
241
0
0
0
0
0
0
1667
2005
0
0
0
0
0
0
929
2921
0
0
0
0
0
0
1971
2595
0
0
0
0
0
0
26
1874
0
0
0
0
0
0
2134
652
0
0
0
0
0
0
3078
1890
0
0
0
0
0
0
2391
346
0
0
0
0
0
0
1805
2069
0
0
0
0
0
0
889
2788
0
0
0
0
0
0
1849
2594
0
0
0
0
0
0
123
2008
0
0
0
0
0
0
2212
591
0
0
0
0
0
0
2945
1781
0
0
0
0
0
0
2377
456
0
0
0
0
0
0
1945
2124
0
0
0
0
0
0
839
2648
0
0
0
0
0
0
1731
2600
0
0
0
0
0
0
230
2147
0
0
0
0
0
0
2281
518
0
0
0
0
0
0
2806
1677
0
0
0
0
0
0
2371
577
0
0
0
0
0
0
2090
2176
0
0
0
0
0
0
778
2504
0
0
0
0
0
0
1614
2617
0
0
0
0
0
0
344
2282
0
0
0
0
0
0
2345
439
0
0
0
0
0
0
2662
1575
0
0
0
0
0
0
2373
705
0
0
0
0
0
0
2234
2219
0
0
0
0
0
0
708
2356
0
0
0
0
0
0
1503
2644
0
0
0
0
0
0
465
2419
0
0
0
0
0
0
2400
349
0
0
0
0
0
0
2514
1481
0
0
0
0
0
0
2386
839
0
0
0
0
0
0
2377
2253
0
0
0
0
0
0
628
2205
0
0
0
0
0
0
1395
2679
0
0
0
0
0
0
596
2554
0
0
0
0
0
0
2447
252
0
0
0
0
0
0
2360
1390
0
0
0
0
0
0
2410
979
0
0
0
0
0
0
2518
2276
0
0
0
0
0
0
537
2050
0
0
0
0
0
0
1294
2725
0
0
0
0
0
0
732
2687
0
0
0
0
0
0
2485
142
0
0
0
0
0
0
2205
1307
0
0
0
0
0
0
2444
1128
0
0
0
0
0
0
2660
2290
0
0
0
0
0
0
440
1897
0
0
0
0
0
0
1197
2782
0
0
0
0
0
0
877
2816
0
0
0
0
0
0
2515
26
0
0
0
0
0
0
2047
1230
0
0
0
0
0
0
2486
1279
0
0
0
0
0
0
2800
2297
0
0
0
0
0
0
333
1740
0
0
0
0
0
0
1108
2848
0
0
0
0
0
0
1028
2942
0
0
0
0
0
0
2536
3998
0
0
0
0
0
0
1887
1163
0
0
0
0
0
0
2543
1438
0
0
0
0
0
0
2935
2292
0
0
0
0
0
0
213
1584
0
0
0
0
0
0
1025
2926
0
0
0
0
0
0
1184
3063
0
0
0
0
0
0
2546
3864
0
0
0
0
0
0
1724
1103
0
0
0
0
0
0
2605
1597
0
0
0
0
0
0
3067
2278
0
0
0
0
0
0
87
1429
0
0
0
0
0
0
953
3013
0
0
0
0
0
0
1345
3178
0
0
0
0
0
0
2545
3723
0
0
0
0
0
0
1563
1053
0
0
0
0
0
0
2681
1764
0
0
0
0
0
0
3194
2251
0
0
0
0
0
0
4048
1274
0
0
0
0
0
0
888
3110
0
0
0
0
0
0
1511
3287
0
0
0
0
0
0
1731
3058
0
0
0
0
0
0
1419
1004
0
0
0
0
0
0
2766
1932
0
0
0
0
0
0
1077
1465
0
0
0
0
0
0
3336
3385
0
0
0
0
0
0
822
3219
0
0
0
0
0
0
2452
1119
0
0
0
0
0
0
1716
2900
0
0
0
0
0
0
1229
947
0
0
0
0
0
0
2865
2102
0
0
0
0
0
0
1192
1417
0
0
0
0
0
0
3187
3237
0
0
0
0
0
0
805
3321
0
0
0
0
0
0
2626
1214
0
0
0
0
0
0
1682
2738
0
0
0
0
0
0
3344
1703
0
0
0
0
0
0
3009
2250
0
0
0
0
0
0
1299
1357
0
0
0
0
0
0
3028
3095
0
0
0
0
0
0
1544
3207
0
0
0
0
0
0
2798
1300
0
0
0
0
0
0
1636
2572
0
0
0
0
0
0
3189
1693
0
0
0
0
0
0
3125
2424
0
0
0
0
0
0
1400
1286
0
0
0
0
0
0
2866
2954
0
0
0
0
0
0
1520
19
0
0
0
0
0
0
2958
1385
0
0
0
0
0
0
1581
2401
0
0
0
0
0
0
3037
1695
0
0
0
0
0
0
3010
3396
0
0
0
0
0
0
1476
1215
0
0
0
0
0
0
2696
2819
0
0
0
0
0
0
1505
160
0
0
0
0
0
0
2925
1510
0
0
0
0
0
0
1513
2225
0
0
0
0
0
0
2892
1709
0
0
0
0
0
0
3919
1295
0
0
0
0
0
0
1566
1118
0
0
0
0
0
0
2522
2692
0
0
0
0
0
0
1504
314
0
0
0
0
0
0
3341
1537
0
0
0
0
0
0
1433
2044
0
0
0
0
0
0
2754
1734
0
0
0
0
0
0
4063
691
0
0
0
0
0
0
1628
1024
0
0
0
0
0
0
2344
2572
0
0
0
0
0
0
1514
474
0
0
0
0
0
0
1245
808
0
0
0
0
0
0
1338
1865
0
0
0
0
0
0
2620
1771
0
0
0
0
0
0
118
856
0
0
0
0
0
0
1691
912
0
0
0
0
0
0
2160
2459
0
0
0
0
0
0
1533
638
0
0
0
0
0
0
1417
844
0
0
0
0
0
0
1205
1705
0
0
0
0
0
0
2493
1819
0
0
0
0
0
0
280
1017
0
0
0
0
0
0
967
1028
0
0
0
0
0
0
1976
2356
0
0
0
0
0
0
1568
811
0
0
0
0
0
0
1589
869
0
0
0
0
0
0
1092
1520
0
0
0
0
0
0
2376
1880
0
0
0
0
0
0
444
1172
0
0
0
0
0
0
1011
122
0
0
0
0
0
0
1807
2254
0
0
0
0
0
0
1614
989
0
0
0
0
0
0
1755
881
0
0
0
0
0
0
1211
1307
0
0
0
0
0
0
2266
1952
0
0
0
0
0
0
619
1325
0
0
0
0
0
0
1039
4075
0
0
0
0
0
0
1619
2170
0
0
0
0
0
0
1670
1170
0
0
0
0
0
0
1914
882
0
0
0
0
0
0
306
3393
0
0
0
0
0
0
2157
2040
0
0
0
0
0
0
800
1468
0
0
0
0
0
0
1056
3924
0
0
0
0
0
0
1400
2068
0
0
0
0
0
0
1741
1356
0
0
0
0
0
0
2070
869
0
0
0
0
0
0
164
3214
0
0
0
0
0
0
2067
2135
0
0
0
0
0
0
983
1603
0
0
0
0
0
0
1031
3738
0
0
0
0
0
0
1212
2003
0
0
0
0
0
0
1822
1547
0
0
0
0
0
0
1447
3116
0
0
0
0
0
0
6
3037
0
0
0
0
0
0
2014
2224
0
0
0
0
0
0
1170
1734
0
0
0
0
0
0
1025
3572
0
0
0
0
0
0
3298
2727
0
0
0
0
0
0
1917
1735
0
0
0
0
0
0
1589
3080
0
0
0
0
0
0
3942
2862
0
0
0
0
0
0
1947
2343
0
0
0
0
0
0
1359
1854
0
0
0
0
0
0
1004
3399
0
0
0
0
0
0
3117
2687
0
0
0
0
0
0
2021
1928
0
0
0
0
0
0
1725
3030
0
0
0
0
0
0
3776
2693
0
0
0
0
0
0
2663
2228
0
0
0
0
0
0
1554
1963
0
0
0
0
0
0
973
3221
0
0
0
0
0
0
2938
2659
0
0
0
0
0
0
2169
2097
0
0
0
0
0
0
1849
2968
0
0
0
0
0
0
3603
2530
0
0
0
0
0
0
2619
2367
0
0
0
0
0
0
1748
2064
0
0
0
0
0
0
3197
3810
0
0
0
0
0
0
2767
2643
0
0
0
0
0
0
2295
2289
0
0
0
0
0
0
1964
2896
0
0
0
0
0
0
3449
2354
0
0
0
0
0
0
2583
3285
0
0
0
0
0
0
1926
2163
0
0
0
0
0
0
3140
3621
0
0
0
0
0
0
2595
2639
0
0
0
0
0
0
2191
2510
0
0
0
0
0
0
2072
2812
0
0
0
0
0
0
3266
2203
0
0
0
0
0
0
2564
3441
0
0
0
0
0
0
2122
2244
0
0
0
0
0
0
3070
3430
0
0
0
0
0
0
2436
2649
0
0
0
0
0
0
2335
2699
0
0
0
0
0
0
2168
2716
0
0
0
0
0
0
3076
2058
0
0
0
0
0
0
2555
3603
0
0
0
0
0
0
2316
2311
0
0
0
0
0
0
2990
3235
0
0
0
0
0
0
2311
2648
0
0
0
0
0
0
3260
611
0
0
0
0
0
0
2260
2605
0
0
0
0
0
0
3658
1685
0
0
0
0
0
0
2560
3774
0
0
0
0
0
0
2535
2392
0
0
0
0
0
0
2895
3039
0
0
0
0
0
0
2162
2682
0
0
0
0
0
0
3423
793
0
0
0
0
0
0
2331
2487
0
0
0
0
0
0
3460
1556
0
0
0
0
0
0
2578
3950
0
0
0
0
0
0
2726
2438
0
0
0
0
0
0
2792
2841
0
0
0
0
0
0
2025
2730
0
0
0
0
0
0
3592
967
0
0
0
0
0
0
2368
2374
0
0
0
0
0
0
3264
1440
0
0
0
0
0
0
2607
35
0
0
0
0
0
0
639
1694
0
0
0
0
0
0
2672
2645
0
0
0
0
0
0
1896
2791
0
0
0
0
0
0
3768
1138
0
0
0
0
0
0
2416
2236
0
0
0
0
0
0
3066
2109
0
0
0
0
0
0
2634
232
0
0
0
0
0
0
819
1712
0
0
0
0
0
0
2546
2448
0
0
0
0
0
0
1531
2893
0
0
0
0
0
0
3952
1302
0
0
0
0
0
0
2453
2088
0
0
0
0
0
0
2866
2014
0
0
0
0
0
0
2689
425
0
0
0
0
0
0
992
1719
0
0
0
0
0
0
2377
2276
0
0
0
0
0
0
1422
2976
0
0
0
0
0
0
42
1457
0
0
0
0
0
0
1700
2173
0
0
0
0
0
0
2667
1931
0
0
0
0
0
0
2757
617
0
0
0
0
0
0
1160
1711
0
0
0
0
0
0
2232
2086
0
0
0
0
0
0
2095
802
0
0
0
0
0
0
242
1601
0
0
0
0
0
0
1712
2010
0
0
0
0
0
0
2472
1861
0
0
0
0
0
0
2869
840
0
0
0
0
0
0
1318
1691
0
0
0
0
0
0
2078
1900
0
0
0
0
0
0
2009
910
0
0
0
0
0
0
437
1739
0
0
0
0
0
0
1709
1065
0
0
0
0
0
0
2296
1793
0
0
0
0
0
0
2961
1039
0
0
0
0
0
0
1470
1660
0
0
0
0
0
0
2156
1684
0
0
0
0
0
0
1932
1027
0
0
0
0
0
0
632
1867
0
0
0
0
0
0
1697
889
0
0
0
0
0
0
2105
1747
0
0
0
0
0
0
793
465
0
0
0
0
0
0
1610
1615
0
0
0
0
0
0
1988
1507
0
0
0
0
0
0
1867
1154
0
0
0
0
0
0
803
2003
0
0
0
0
0
0
1665
708
0
0
0
0
0
0
1920
1712
0
0
0
0
0
0
907
662
0
0
0
0
0
0
1741
1555
0
0
0
0
0
0
1810
1335
0
0
0
0
0
0
1816
1290
0
0
0
0
0
0
1003
2112
0
0
0
0
0
0
1628
521
0
0
0
0
0
0
1708
1664
0
0
0
0
0
0
1033
857
0
0
0
0
0
0
1864
1487
0
0
0
0
0
0
858
3444
0
0
0
0
0
0
1769
1439
0
0
0
0
0
0
426
2447
0
0
0
0
0
0
1575
331
0
0
0
0
0
0
1534
1656
0
0
0
0
0
0
1166
1051
0
0
0
0
0
0
1943
1428
0
0
0
0
0
0
673
3286
0
0
0
0
0
0
1742
1593
0
0
0
0
0
0
626
2533
0
0
0
0
0
0
1508
137
0
0
0
0
0
0
1367
1662
0
0
0
0
0
0
1309
1243
0
0
0
0
0
0
2043
1334
0
0
0
0
0
0
483
3138
0
0
0
0
0
0
1757
1737
0
0
0
0
0
0
821
2608
0
0
0
0
0
0
1430
4039
0
0
0
0
0
0
3476
2452
0
0
0
0
0
0
1462
1429
0
0
0
0
0
0
2372
1199
0
0
0
0
0
0
290
2999
0
0
0
0
0
0
1755
1905
0
0
0
0
0
0
1014
1893
0
0
0
0
0
0
1359
3833
0
0
0
0
0
0
3327
2482
0
0
0
0
0
0
1620
1612
0
0
0
0
0
0
2451
1084
0
0
0
0
0
0
95
2869
0
0
0
0
0
0
1770
2081
0
0
0
0
0
0
1202
1942
0
0
0
0
0
0
1259
3638
0
0
0
0
0
0
3182
2524
0
0
0
0
0
0
1786
1787
0
0
0
0
0
0
1744
3232
0
0
0
0
0
0
3988
2754
0
0
0
0
0
0
1795
2257
0
0
0
0
0
0
1386
1980
0
0
0
0
0
0
1118
3416
0
0
0
0
0
0
3050
2579
0
0
0
0
0
0
1992
1934
0
0
0
0
0
0
1798
3101
0
0
0
0
0
0
3793
2647
0
0
0
0
0
0
2605
2199
0
0
0
0
0
0
1562
2003
0
0
0
0
0
0
998
3224
0
0
0
0
0
0
2928
2646
0
0
0
0
0
0
2167
2096
0
0
0
0
0
0
1836
2959
0
0
0
0
0
0
3598
2550
0
0
0
0
0
0
2658
2386
0
0
0
0
0
0
1735
2013
0
0
0
0
0
0
3139
3806
0
0
0
0
0
0
2820
2721
0
0
0
0
0
0
2349
2251
0
0
0
0
0
0
1864
2809
0
0
0
0
0
0
3433
2447
0
0
0
0
0
0
2718
2575
0
0
0
0
0
0
1900
2012
0
0
0
0
0
0
3001
3621
0
0
0
0
0
0
2718
2810
0
0
0
0
0
0
2532
2396
0
0
0
0
0
0
1882
2656
0
0
0
0
0
0
3243
2372
0
0
0
0
0
0
2791
3536
0
0
0
0
0
0
2038
2004
0
0
0
0
0
0
2858
3440
0
0
0
0
0
0
2665
2888
0
0
0
0
0
0
2477
2563
0
0
0
0
0
0
1885
2494
0
0
0
0
0
0
3830
2071
0
0
0
0
0
0
2875
3725
0
0
0
0
0
0
2186
1978
0
0
0
0
0
0
2704
3261
0
0
0
0
0
0
2587
2995
0
0
0
0
0
0
2666
2690
0
0
0
0
0
0
1873
2327
0
0
0
0
0
0
3648
2796
0
0
0
0
0
0
2952
3923
0
0
0
0
0
0
2326
1941
0
0
0
0
0
0
2546
3092
0
0
0
0
0
0
2281
3142
0
0
0
0
0
0
2854
2806
0
0
0
0
0
0
1852
2155
0
0
0
0
0
0
3469
2757
0
0
0
0
0
0
3056
13
0
0
0
0
0
0
2456
1890
0
0
0
0
0
0
2384
2928
0
0
0
0
0
0
2227
3270
0
0
0
0
0
0
3040
2911
0
0
0
0
0
0
1818
1980
0
0
0
0
0
0
3298
2733
0
0
0
0
0
0
3201
226
0
0
0
0
0
0
2575
1830
0
0
0
0
0
0
2212
2768
0
0
0
0
0
0
2957
1132
0
0
0
0
0
0
3236
3005
0
0
0
0
0
0
1774
1804
0
0
0
0
0
0
3131
2719
0
0
0
0
0
0
3322
411
0
0
0
0
0
0
2715
1783
0
0
0
0
0
0
2042
2620
0
0
0
0
0
0
2930
1273
0
0
0
0
0
0
70
836
0
0
0
0
0
0
1725
1621
0
0
0
0
0
0
2974
2721
0
0
0
0
0
0
1182
3909
0
0
0
0
0
0
2810
1702
0
0
0
0
0
0
1870
2479
0
0
0
0
0
0
2910
1419
0
0
0
0
0
0
252
909
0
0
0
0
0
0
1660
1443
0
0
0
0
0
0
2823
2730
0
0
0
0
0
0
1316
4083
0
0
0
0
0
0
2863
1633
0
0
0
0
0
0
1692
2350
0
0
0
0
0
0
2906
1570
0
0
0
0
0
0
3752
1210
0
0
0
0
0
0
1584
1263
0
0
0
0
0
0
2681
2753
0
0
0
0
0
0
1460
157
0
0
0
0
0
0
2940
1533
0
0
0
0
0
0
1517
2226
0
0
0
0
0
0
2914
1728
0
0
0
0
0
0
3926
486
0
0
0
0
0
0
1513
1076
0
0
0
0
0
0
2548
2787
0
0
0
0
0
0
1607
320
0
0
0
0
0
0
3246
1396
0
0
0
0
0
0
1337
2115
0
0
0
0
0
0
2932
1889
0
0
0
0
0
0
4094
523
0
0
0
0
0
0
1418
900
0
0
0
0
0
0
2424
2831
0
0
0
0
0
0
1759
475
0
0
0
0
0
0
2526
3549
0
0
0
0
0
0
1154
2017
0
0
0
0
0
0
2960
2051
0
0
0
0
0
0
158
549
0
0
0
0
0
0
1283
697
0
0
0
0
0
0
2311
2885
0
0
0
0
0
0
1915
622
0
0
0
0
0
0
2564
3425
0
0
0
0
0
0
1006
1906
0
0
0
0
0
0
3000
2215
0
0
0
0
0
0
317
566
0
0
0
0
0
0
3440
1302
0
0
0
0
0
0
2210
2950
0
0
0
0
0
0
2076
765
0
0
0
0
0
0
2567
3270
0
0
0
0
0
0
1610
1585
0
0
0
0
0
0
3048
2382
0
0
0
0
0
0
3788
2838
0
0
0
0
0
0
3314
1138
0
0
0
0
0
0
1908
3030
0
0
0
0
0
0
2237
896
0
0
0
0
0
0
2584
3133
0
0
0
0
0
0
1439
2288
0
0
0
0
0
0
3091
2557
0
0
0
0
0
0
75
2802
0
0
0
0
0
0
3191
976
0
0
0
0
0
0
2596
842
0
0
0
0
0
0
1604
502
0
0
0
0
0
0
2610
2988
0
0
0
0
0
0
1276
2232
0
0
0
0
0
0
920
1973
0
0
0
0
0
0
172
2807
0
0
0
0
0
0
3062
820
0
0
0
0
0
0
2525
933
0
0
0
0
0
0
1768
617
0
0
0
0
0
0
2606
2844
0
0
0
0
0
0
1114
2182
0
0
0
0
0
0
997
2138
0
0
0
0
0
0
294
2777
0
0
0
0
0
0
2926
667
0
0
0
0
0
0
2463
1031
0
0
0
0
0
0
1929
722
0
0
0
0
0
0
2594
2699
0
0
0
0
0
0
957
2145
0
0
0
0
0
0
1084
2300
0
0
0
0
0
0
412
2740
0
0
0
0
0
0
2790
524
0
0
0
0
0
0
2411
1135
0
0
0
0
0
0
2090
817
0
0
0
0
0
0
2569
2552
0
0
0
0
0
0
807
2117
0
0
0
0
0
0
1175
2461
0
0
0
0
0
0
517
2692
0
0
0
0
0
0
2648
388
0
0
0
0
0
0
2371
1245
0
0
0
0
0
0
2250
903
0
0
0
0
0
0
2537
2403
0
0
0
0
0
0
666
2102
0
0
0
0
0
0
1274
2616
0
0
0
0
0
0
615
2637
0
0
0
0
0
0
2505
259
0
0
0
0
0
0
2342
1361
0
0
0
0
0
0
2406
978
0
0
0
0
0
0
2493
2252
0
0
0
0
0
0
529
2096
0
0
0
0
0
0
1379
2769
0
0
0
0
0
0
701
2571
0
0
0
0
0
0
2359
136
0
0
0
0
0
0
2322
1480
0
0
0
0
0
0
2560
1044
0
0
0
0
0
0
2442
2102
0
0
0
0
0
0
401
2100
0
0
0
0
0
0
1489
2913
0
0
0
0
0
0
778
2501
0
0
0
0
0
0
2215
24
0
0
0
0
0
0
2314
1604
0
0
0
0
0
0
2708
1099
0
0
0
0
0
0
2384
1955
0
0
0
0
0
0
281
2113
0
0
0
0
0
0
1604
3055
0
0
0
0
0
0
846
2423
0
0
0
0
0
0
2071
4016
0
0
0
0
0
0
2314
1731
0
0
0
0
0
0
2853
1144
0
0
0
0
0
0
2318
1809
0
0
0
0
0
0
168
2135
0
0
0
0
0
0
1722
3190
0
0
0
0
0
0
902
2338
0
0
0
0
0
0
1925
3921
0
0
0
0
0
0
2322
1858
0
0
0
0
0
0
2991
1179
0
0
0
0
0
0
2245
1666
0
0
0
0
0
0
65
2168
0
0
0
0
0
0
1843
3319
0
0
0
0
0
0
951
2248
0
0
0
0
0
0
1784
3833
0
0
0
0
0
0
2339
1987
0
0
0
0
0
0
3123
1205
0
0
0
0
0
0
2166
1525
0
0
0
0
0
0
4065
2206
0
0
0
0
0
0
1965
3441
0
0
0
0
0
0
987
2153
0
0
0
0
0
0
1645
3757
0
0
0
0
0
0
2367
2117
0
0
0
0
0
0
3250
1222
0
0
0
0
0
0
2081
1388
0
0
0
0
0
0
3978
2253
0
0
0
0
0
0
2090
3555
0
0
0
0
0
0
1019
2055
0
0
0
0
0
0
1508
3689
0
0
0
0
0
0
2400
2248
0
0
0
0
0
0
3370
1230
0
0
0
0
0
0
1992
1257
0
0
0
0
0
0
3900
2305
0
0
0
0
0
0
2215
3662
0
0
0
0
0
0
1036
1953
0
0
0
0
0
0
1375
3631
0
0
0
0
0
0
2443
2377
0
0
0
0
0
0
3482
1230
0
0
0
0
0
0
1898
1129
0
0
0
0
0
0
3832
2364
0
0
0
0
0
0
2340
3761
0
0
0
0
0
0
1049
1848
0
0
0
0
0
0
1247
3582
0
0
0
0
0
0
2490
2502
0
0
0
0
0
0
3590
1222
0
0
0
0
0
0
1802
1007
0
0
0
0
0
0
3772
2430
0
0
0
0
0
0
2460
3851
0
0
0
0
0
0
1052
1740
0
0
0
0
0
0
1123
3539
0
0
0
0
0
0
2545
2627
0
0
0
0
0
0
3686
1203
0
0
0
0
0
0
1702
891
0
0
0
0
0
0
3721
2499
0
0
0
0
0
0
2585
3935
0
0
0
0
0
0
1045
1633
0
0
0
0
0
0
1005
3507
0
0
0
0
0
0
2605
2750
0
0
0
0
0
0
3775
1181
0
0
0
0
0
0
1601
780
0
0
0
0
0
0
3677
2574
0
0
0
0
0
0
2704
4010
0
0
0
0
0
0
1033
1525
0
0
0
0
0
0
892
3483
0
0
0
0
0
0
2669
2868
0
0
0
0
0
0
3858
1150
0
0
0
0
0
0
1500
677
0
0
0
0
0
0
3642
2651
0
0
0
0
0
0
2820
4076
0
0
0
0
0
0
1013
1419
0
0
0
0
0
0
785
3465
0
0
0
0
0
0
2738
2982
0
0
0
0
0
0
3931
1114
0
0
0
0
0
0
1398
582
0
0
0
0
0
0
3617
2732
0
0
0
0
0
0
2933
39
0
0
0
0
0
0
986
1311
0
0
0
0
0
0
685
3458
0
0
0
0
0
0
2810
3091
0
0
0
0
0
0
3999
1072
0
0
0
0
0
0
1297
491
0
0
0
0
0
0
3598
2814
0
0
0
0
0
0
3042
91
0
0
0
0
0
0
956
1207
0
0
0
0
0
0
592
3455
0
0
0
0
0
0
2885
3194
0
0
0
0
0
0
4055
1027
0
0
0
0
0
0
1197
411
0
0
0
0
0
0
3586
2899
0
0
0
0
0
0
3148
132
0
0
0
0
0
0
919
1105
0
0
0
0
0
0
504
3459
0
0
0
0
0
0
2963
3296
0
0
0
0
0
0
10
977
0
0
0
0
0
0
1097
334
0
0
0
0
0
0
3583
2984
0
0
0
0
0
0
3248
168
0
0
0
0
0
0
877
1004
0
0
0
0
0
0
425
3472
0
0
0
0
0
0
3040
3390
0
0
0
0
0
0
54
922
0
0
0
0
0
0
1000
266
0
0
0
0
0
0
3584
3068
0
0
0
0
0
0
3343
197
0
0
0
0
0
0
831
907
0
0
0
0
0
0
353
3488
0
0
0
0
0
0
3120
3478
0
0
0
0
0
0
89
866
0
0
0
0
0
0
906
204
0
0
0
0
0
0
3593
3151
0
0
0
0
0
0
3433
219
0
0
0
0
0
0
783
815
0
0
0
0
0
0
287
3511
0
0
0
0
0
0
3197
3560
0
0
0
0
0
0
118
806
0
0
0
0
0
0
815
151
0
0
0
0
0
0
3606
3235
0
0
0
0
0
0
3515
232
0
0
0
0
0
0
731
726
0
0
0
0
0
0
228
3534
0
0
0
0
0
0
3274
3635
0
0
0
0
0
0
142
745
0
0
0
0
0
0
727
104
0
0
0
0
0
0
3622
3316
0
0
0
0
0
0
3594
242
0
0
0
0
0
0
678
641
0
0
0
0
0
0
176
3565
0
0
0
0
0
0
3350
3703
0
0
0
0
0
0
157
684
0
0
0
0
0
0
646
65
0
0
0
0
0
0
3645
3393
0
0
0
0
0
0
3666
246
0
0
0
0
0
0
624
561
0
0
0
0
0
0
130
3598
0
0
0
0
0
0
3427
3767
0
0
0
0
0
0
168
624
0
0
0
0
0
0
566
30
0
0
0
0
0
0
3671
3470
0
0
0
0
0
0
3732
244
0
0
0
0
0
0
568
488
0
0
0
0
0
0
89
3633
0
0
0
0
0
0
3498
3824
0
0
0
0
0
0
173
563
0
0
0
0
0
0
494
3
0
0
0
0
0
0
3699
3543
0
0
0
0
0
0
3791
239
0
0
0
0
0
0
512
420
0
0
0
0
0
0
58
3672
0
0
0
0
0
0
3568
3874
0
0
0
0
0
0
174
503
0
0
0
0
0
0
424
4079
0
0
0
0
0
0
3731
3613
0
0
0
0
0
0
3845
228
0
0
0
0
0
0
458
357
0
0
0
0
0
0
30
3710
0
0
0
0
0
0
3635
3919
0
0
0
0
0
0
168
445
0
0
0
0
0
0
361
4061
0
0
0
0
0
0
3764
3677
0
0
0
0
0
0
3891
214
0
0
0
0
0
0
404
298
0
0
0
0
0
0
10
3751
0
0
0
0
0
0
3697
3957
0
0
0
0
0
0
163
388
0
0
0
0
0
0
303
4050
0
0
0
0
0
0
3797
3738
0
0
0
0
0
0
3932
198
0
0
0
0
0
0
351
247
0
0
0
0
0
0
4090
3790
0
0
0
0
0
0
3757
3989
0
0
0
0
0
0
151
333
0
0
0
0
0
0
250
4043
0
0
0
0
0
0
3833
3794
0
0
0
0
0
0
3967
179
0
0
0
0
0
0
302
201
0
0
0
0
0
0
4076
3828
0
0
0
0
0
0
3809
4017
0
0
0
0
0
0
139
283
0
0
0
0
0
0
205
4039
0
0
0
0
0
0
3866
3845
0
0
0
0
0
0
3998
160
0
0
0
0
0
0
254
160
0
0
0
0
0
0
4069
3868
0
0
0
0
0
0
3859
4040
0
0
0
0
0
0
125
235
0
0
0
0
0
0
163
4038
0
0
0
0
0
0
3900
3893
0
0
0
0
0
0
4022
138
0
0
0
0
0
0
211
123
0
0
0
0
0
0
4065
3904
0
0
0
0
0
0
3904
4057
0
0
0
0
0
0
109
192
0
0
0
0
0
0
126
4042
0
0
0
0
0
0
3932
3935
0
0
0
0
0
0
4043
117
0
0
0
0
0
0
169
94
0
0
0
0
0
0
4064
3938
0
0
0
0
0
0
3944
4070
0
0
0
0
0
0
90
152
0
0
0
0
0
0
94
4047
0
0
0
0
0
0
3962
3970
0
0
0
0
0
0
4059
95
0
0
0
0
0
0
133
68
0
0
0
0
0
0
4064
3970
0
0
0
0
0
0
3979
4081
0
0
0
0
0
0
73
116
0
0
0
0
0
0
69
4053
0
0
0
0
0
0
3992
4002
0
0
0
0
0
0
4071
75
0
0
0
0
0
0
100
48
0
0
0
0
0
0
4068
4000
0
0
0
0
0
0
4009
4089
0
0
0
0
0
0
58
86
0
0
0
0
0
0
48
4059
0
0
0
0
0
0
4016
4028
0
0
0
0
0
0
4081
56
0
0
0
0
0
0
73
31
0
0
0
0
0
0
4072
4024
0
0
0
0
0
0
4034
4093
0
0
0
0
0
0
42
60
0
0
0
0
0
0
31
4069
0
0
0
0
0
0
4039
4048
0
0
0
0
0
0
4087
39
0
0
0
0
0
0
49
18
0
0
0
0
0
0
4076
4047
0
0
0
0
0
0
4055
4094
0
0
0
0
0
0
28
39
0
0
0
0
0
0
17
4074
0
0
0
0
0
0
4059
4066
0
0
0
0
0
0
4090
26
0
0
0
0
0
0
28
9
0
0
0
0
0
0
4083
4064
0
0
0
0
0
0
4071
4094
0
0
0
0
0
0
17
21
0
0
0
0
0
0
8
4082
0
0
0
0
0
0
4073
4080
0
0
0
0
0
0
4093
12
0
0
0
0
0
0
14
2
0
0
0
0
0
0
4087
4078
0
0
0
0
0
0
4083
4095
0
0
0
0
0
0
7
8
0
0
0
0
0
0
2
4089
0
0
0
0
0
0
4085
4087
0
0
0
0
0
0
4095
4
0
0
0
0
0
0
4
4095
0
0
0
0
0
0
4091
4087
0
0
0
0
0
0
4089
4093
0
0
0
0
0
0
0
2
0
0
0
0
0
0
0
4092
0
0
0
0
0
0
4090
4092
0
0
0
0
0
0
4094
4095
0
0
0
0
0
0
0
4094
0
0
0
0
0
0
4092
4091
0
0
0
0
0
0
4092
4094
0
0
0
0
0
0
4095
4095
0
0
0
0
0
0
4095
4092
0
0
0
0
0
0
4094
4095
0
0
0
0
0
0
4095
0
0
0
0
0
0
0
0
0
0
0
0
0
0
0
0
0
0
0
0
0
0
0
0
0
0
0
0
0
0
0
0
0
0
0
0
0
0
0
0
0
0
0
0
0
0
0
0
0
0
0
0
0
0
0
0
0
0
0
0
0
0
0
0
0
0
0
0
0
0
0
0
0
0
0
0
0
0
0
0
0
0
0
0
0
0
0
0
0
0
0
0
0
0
0
0
0
0
0
0
0
0
0
0
0
0
0
0
0
0
0
0
0
0
0
0
0
0
0
0
0
0
0
0
0
0
0
0
0
0
0
0
0
0
0
0
0
0
0
0
0
0
0
0
0
0
0
0
0
0
0
0
0
0
0
0
0
0
0
0
0
0
0
0
0
0
0
0
0
0
0
0
0
0
0
0
0
0
0
0
0
0
0
0
0
0
0
0
0
0
0
0
0
0
0
0
0
0
0
0
0
0
0
0
0
0
0
0
0
0
0
0
0
0
0
0
0
0
0
0
0
0
0
0
0
0
0
0
0
0
0
0
0
0
0
0
0
0
0
0
0
0
0
0
0
0
0
0
0
0
0
0
0
0
0
0
0
0
0
0
0
0
0
0
0
0
0
0
0
0
0
0
0
0
0
0
0
0
0
0
0
0
0
0
0
0
0
0
0
0
0
0
0
0
0
0
0
0
0
0
0
0
0
0
0
0
0
0
0
0
0
0
0
0
0
0
0
0
0
0
0
0
0
0
0
0
0
0
0
0
0
0
0
0
0
0
0
0
0
0
0
0
0
0
0
0
0
0
0
0
0
0
0
0
0
0
0
0
0
0
0
0
0
0
0
0
0
0
0
0
0
0
0
0
0
0
0
0
0
0
0
0
0
0
0
0
0
0
0
0
0
0
0
0
0
0
0
0
0
0
0
0
0
0
0
0
0
0
0
0
0
0
0
0
0
0
0
0
0
0
0
0
0
0
0
0
0
0
0
0
0
0
0
0
0
0
0
0
0
0
0
0
0
0
0
0
0
0
0
0
0
0
0
0
0
0
0
0
0
0
0
0
0
0
0
0
0
0
0
0
0
0
0
0
0
0
0
0
0
0
0
0
0
0
0
0
0
0
0
0
0
0
0
0
0
0
0
0
0
0
0
0
0
0
0
0
0
0
0
0
0
0
0
0
0
0
0
0
0
0
0
0
0
0
0
0
0
0
0
0
0
0
0
0
0
0
0
0
0
0
0
0
0
0
0
0
0
0
0
0
0
0
0
0
0
0
0
0
0
0
0
0
0
0
0
0
0
0
0
0
0
0
0
0
0
0
0
0
0
0
0
0
0
0
0
0
0
0
0
0
0
0
0
0
0
0
0
0
0
0
0
0
0
0
0
0
0
0
0
0
0
0
0
0
0
0
0
0
0
0
0
0
0
0
0
0
0
0
0
0
0
0
0
0
0
0
0
0
0
0
0
0
0
0
0
0
0
0
0
0
0
0
0
0
0
0
0
0
0
0
0
0
0
0
0
0
0
0
0
0
0
0
0
0
0
0
0
0
0
0
0
0
0
0
0
0
0
0
0
0
0
0
0
0
0
0
0
0
0
0
0
0
0
0
0
0
0
0
0
0
0
0
0
0
0
0
0
0
0
0
0
0
0
0
0
0
0
0
0
0
0
0
0
0
0
0
0
0
0
0
0
0
0
0
0
0
0
0
0
0
0
0
0
0
0
0
0
0
0
0
0
0
0
0
0
0
0
0
0
0
0
0
0
0
0
0
0
0
0
0
0
0
0
0
0
0
0
0
0
0
0
0
0
0
0
0
0
0
0
0
0
0
0
0
0
0
0
0
0
0
0
0
0
0
0
0
0
0
0
0
0
0
0
0
0
0
0
0
0
0
0
0
0
0
0
0
0
0
0
0
0
0
0
0
0
0
0
0
0
0
0
0
0
0
0
0
0
0
0
0
0
0
0
0
0
0
0
0
0
0
0
0
0
0
0
0
0
0
0
0
0
0
0
0
0
0
0
0
0
0
0
0
0
0
0
0
0
0
0
0
0
0
0
0
0
0
0
0
0
0
0
0
0
0
0
0
0
0
0
0
0
0
0
0
0
0
0
0
0
0
0
0
0
0
0
0
0
0
0
0
0
0
0
0
0
0
0
0
0
0
0
0
0
0
0
0
0
0
0
0
0
0
0
0
0
0
0
0
0
0
0
0
0
0
0
0
0
0
0
0
0
0
0
0
0
0
0
0
0
0
0
0
0
0
0
0
0
0
0
0
0
0
0
0
0
0
0
0
0
0
0
0
0
0
0
0
0
0
0
0
0
0
0
0
0
0
0
0
0
0
0
0
0
0
0
0
0
0
0
0
0
0
0
0
0
0
0
0
0
0
0
0
0
0
0
0
0
0
0
0
0
0
0
0
0
0
0
0
0
0
0
0
0
0
0
0
0
0
0
0
0
0
0
0
0
0
0
0
0
0
0
0
0
0
0
0
0
0
0
0
0
0
0
0
0
0
0
0
0
0
0
0
0
0
0
0
0
0
0
0
0
0
0
0
0
0
0
0
0
0
0
0
0
0
0
0
0
0
0
0
0
0
0
0
0
0
0
0
0
0
0
0
0
0
0
0
0
0
0
0
0
0
0
0
0
0
0
0
0
0
0
0
0
0
0
0
0
0
0
0
0
0
0
0
0
0
0
0
0
0
0
0
0
0
0
0
0
0
0
0
0
0
0
0
0
0
0
0
0
0
0
0
0
0
0
0
0
0
0
0
0
0
0
0
0
0
0
0
0
0
0
0
0
0
0
0
0
0
0
0
0
0
0
0
0
0
0
0
0
0
0
0
0
0
0
0
0
0
0
0
0
0
0
0
0
0
0
0
0
0
0
0
0
0
0
0
0
0
0
0
0
0
0
0
0
0
0
0
0
0
0
0
0
0
0
0
0
0
0
0
0
0
0
0
0
0
0
0
0
0
0
0
0
0
0
0
0
0
0
0
0
0
0
0
0
0
0
0
0
0
0
0
0
0
0
0
0
0
0
0
0
0
0
0
0
0
0
0
0
0
0
0
0
0
0
0
0
0
0
0
0
0
0
0
0
0
0
0
0
0
0
0
0
0
0
0
0
0
0
0
0
0
0
0
0
0
0
0
0
0
0
0
0
0
0
0
0
0
0
0
0
0
0
0
0
0
0
0
0
0
0
0
0
0
0
0
0
0
0
0
0
0
0
0
0
0
0
0
0
0
0
0
0
0
0
0
0
0
0
0
0
0
0
0
0
0
0
0
0
0
0
0
0
0
0
0
0
0
0
0
0
0
0
0
0
0
0
0
0
0
0
0
0
0
0
0
0
0
0
0
0
0
0
0
0
0
0
0
0
0
0
0
0
0
0
0
0
0
0
0
0
0
0
0
0
0
0
0
0
0
0
0
0
0
0
0
0
0
0
0
0
0
0
0
0
0
0
0
0
0
0
0
0
0
0
0
0
0
0
0
0
0
0
0
0
0
0
0
0
0
0
0
0
0
0
0
0
0
0
0
0
0
0
0
0
0
0
0
0
0
0
0
0
0
0
0
0
0
0
0
0
0
0
0
0
0
0
0
0
0
0
0
0
0
0
0
0
0
0
0
0
0
0
0
0
0
0
0
0
0
0
0
0
0
0
0
0
0
0
0
0
0
0
0
0
0
0
0
0
0
0
0
0
0
0
0
0
0
0
0
0
0
0
0
0
0
0
0
0
0
0
0
0
0
0
0
0
0
0
0
0
0
0
0
0
0
0
0
0
0
0
0
0
0
0
0
0
0
0
0
0
0
0
0
0
0
0
0
0
0
0
0
0
0
0
0
0
0
0
0
0
0
0
0
0
0
0
0
0
0
0
0
0
0
0
0
0
0
0
0
0
0
0
0
0
0
0
0
0
0
0
0
0
0
0
0
0
0
0
0
0
0
0
0
0
0
0
0
0
0
0
0
0
0
0
0
0
0
0
0
0
0
0
0
0
0
0
0
0
0
0
0
0
0
0
0
0
0
0
0
0
0
0
0
0
0
0
0
0
0
0
0
0
0
0
0
0
0
0
0
0
0
0
0
0
0
0
0
0
0
0
0
0
0
0
0
0
0
0
0
0
0
0
0
0
0
0
0
0
0
0
0
0
0
0
0
0
0
0
0
0
0
0
0
0
0
0
0
0
0
0
0
0
0
0
0
0
0
0
0
0
0
0
0
0
0
0
0
0
0
0
0
0
0
0
0
0
0
0
0
0
0
0
0
0
0
0
0
0
0
0
0
0
0
0
0
0
0
0
0
0
0
0
0
0
0
0
0
0
0
0
0
0
0
0
0
0
0
0
0
0
0
0
0
0
0
0
0
0
0
0
0
0
0
0
0
0
0
0
0
0
0
0
0
0
0
0
0
0
0
0
0
0
0
0
0
0
0
0
0
0
0
0
0
0
0
0
0
0
0
0
0
0
0
0
0
0
0
0
0
0
0
0
0
0
0
0
0
0
0
0
0
0
0
0
0
0
0
0
0
0
0
0
0
0
0
0
0
0
0
0
0
0
0
0
0
0
0
0
0
0
0
0
0
0
0
0
0
0
0
0
0
0
0
0
0
0
0
0
0
0
0
0
0
0
0
0
0
0
0
0
0
0
0
0
0
0
0
0
0
0
0
0
0
0
0
0
0
0
0
0
0
0
0
0
0
0
0
0
0
0
0
0
0
0
0
0
0
0
0
0
0
0
0
0
0
0
0
0
0
0
0
0
0
0
0
0
0
0
0
0
0
0
0
0
0
0
0
0
0
0
0
0
0
0
0
0
0
0
0
0
0
0
0
0
0
0
0
0
0
0
0
0
0
0
0
0
0
0
0
0
0
0
0
0
0
0
0
0
0
0
0
0
0
0
0
0
0
0
0
0
0
0
0
0
0
0
0
0
0
0
0
0
0
0
0
0
0
0
0
0
0
0
0
0
0
0
0
0
0
0
0
0
0
0
0
0
0
0
0
0
0
0
0
0
0
0
0
0
0
0
0
0
0
0
0
0
0
0
0
0
0
0
0
0
0
0
0
0
0
0
0
0
0
0
0
0
0
0
0
0
0
0
0
0
0
0
0
0
0
0
0
0
0
0
0
0
0
0
0
0
0
0
0
0
0
0
0
0
0
0
0
0
0
0
0
0
0
0
0
0
0
0
0
0
0
0
0
0
0
0
0
0
0
0
0
0
0
0
0
0
0
0
0
0
0
0
0
0
0
0
0
0
0
0
0
0
0
0
0
0
0
0
0
0
0
0
0
0
0
0
0
0
0
0
0
0
0
0
0
0
0
0
0
0
0
0
0
0
0
0
0
0
0
0
0
0
0
0
0
0
0
0
0
0
0
0
0
0
0
0
0
0
0
0
0
0
0
0
0
0
0
0
0
0
0
0
0
0
0
0
0
0
0
0
0
0
0
0
0
0
0
0
0
0
0
0
0
0
0
0
0
0
0
0
0
0
0
0
0
0
0
0
0
0
0
0
0
0
0
0
0
0
0
0
0
0
0
0
0
0
0
0
0
0
0
0
0
0
0
0
0
0
0
0
0
0
0
0
0
0
0
0
0
0
0
0
0
0
0
0
0
0
0
0
0
0
0
0
0
0
0
0
0
0
0
0
0
0
0
0
0
0
0
0
0
0
0
0
0
0
0
0
0
0
0
0
0
0
0
0
0
0
0
0
0
0
0
0
0
0
0
0
0
0
0
0
0
0
0
0
0
0
0
0
0
0
0
0
0
0
0
0
0
0
0
0
0
0
0
0
0
0
0
0
0
0
0
0
0
0
0
0
0
0
0
0
0
0
0
0
0
0
0
0
0
0
0
0
0
0
0
0
0
0
0
0
0
0
0
0
0
0
0
0
0
0
0
0
0
0
0
0
0
0
0
0
0
0
0
0
0
0
0
0
0
0
0
0
0
0
0
0
0
0
0
0
0
0
0
0
0
0
0
0
0
0
0
0
0
0
0
0
0
0
0
0
0
0
0
0
0
0
0
0
0
0
0
0
0
0
0
0
0
0
0
0
0
0
0
0
0
0
0
0
0
0
0
0
0
0
0
0
0
0
0
0
0
0
0
0
0
0
0
0
0
0
0
0
0
0
0
0
0
0
0
0
0
0
0
0
0
0
0
0
0
0
0
0
0
0
0
0
0
0
0
0
0
0
0
0
0
0
0
0
0
0
0
0
0
0
0
0
0
0
0
0
0
0
0
0
0
0
0
0
0
0
0
0
0
0
0
0
0
0
0
0
0
0
0
0
0
0
0
0
0
0
0
0
0
0
0
0
0
0
0
0
0
0
0
0
0
0
0
0
0
0
0
0
0
0
0
0
0
0
0
0
0
0
0
0
0
0
0
0
0
0
0
0
0
0
0
0
0
0
0
0
0
0
0
0
0
0
0
0
0
0
0
0
0
0
0
0
0
0
0
0
0
0
0
0
0
0
0
0
0
0
0
0
0
0
0
0
0
0
0
0
0
0
0
0
0
0
0
0
0
0
0
0
0
0
0
0
0
0
0
0
0
0
0
0
0
0
0
0
0
0
0
0
0
0
0
0
0
0
0
0
0
0
0
0
0
0
0
0
0
0
0
0
0
0
0
0
0
0
0
0
0
0
0
0
0
0
0
0
0
0
0
0
0
0
0
0
0
0
0
0
0
0
0
0
0
0
0
0
0
0
0
0
0
0
0
0
0
0
0
0
0
0
0
0
0
0
0
0
0
0
0
0
0
0
0
0
0
0
0
0
0
0
0
0
0
0
0
0
0
0
0
0
0
0
0
0
0
0
0
0
0
0
0
0
0
0
0
0
0
0
0
0
0
0
0
0
0
0
0
0
0
0
0
0
0
0
0
0
0
0
0
0
0
0
0
0
0
0
0
0
0
0
0
0
0
0
0
0
0
0
0
0
0
0
0
0
0
0
0
0
0
0
0
0
0
0
0
0
0
0
0
0
0
0
0
0
0
0
0
0
0
0
0
0
0
0
0
0
0
0
0
0
0
0
0
0
0
0
0
0
0
0
0
0
0
0
0
0
0
0
0
0
0
0
0
0
0
0
0
0
0
0
0
0
0
0
0
0
0
0
0
0
0
0
0
0
0
0
0
0
0
0
0
0
0
0
0
0
0
0
0
0
0
0
0
0
0
0
0
0
0
0
0
0
0
0
0
0
0
0
0
0
0
0
0
0
0
0
0
0
0
0
0
0
0
0
0
0
0
0
0
0
0
0
0
0
0
0
0
0
0
0
0
0
0
0
0
0
0
0
0
0
0
0
0
0
0
0
0
0
0
0
0
0
0
0
0
0
0
0
0
0
0
0
0
0
0
0
0
0
0
0
0
0
0
0
0
0
0
0
0
0
0
0
0
0
0
0
0
0
0
0
0
0
0
0
0
0
0
0
0
0
0
0
0
0
0
0
0
0
0
0
0
0
0
0
0
0
0
0
0
0
0
0
0
0
0
0
0
0
0
0
0
0
0
0
0
0
0
0
0
0
0
0
0
0
0
0
0
0
0
0
0
0
0
0
0
0
0
0
0
0
0
0
0
0
0
0
0
0
0
0
0
0
0
0
0
0
0
0
0
0
0
0
0
0
0
0
0
0
0
0
0
0
0
0
0
0
0
0
0
0
0
0
0
0
0
0
0
0
0
0
0
0
0
0
0
0
0
0
0
0
0
0
0
0
0
0
0
0
0
0
0
0
0
0
0
0
0
0
0
0
0
0
0
0
0
0
0
0
0
0
0
0
0
0
0
0
0
0
0
0
0
0
0
0
0
0
0
0
0
0
0
0
0
0
0
0
0
0
0
0
0
0
0
0
0
0
0
0
0
0
0
0
0
0
0
0
0
0
0
0
0
0
0
0
0
0
0
0
0
0
0
0
0
0
0
0
0
0
0
0
0
0
0
0
0
0
0
0
0
0
0
0
0
0
0
0
0
0
0
0
0
0
0
0
0
0
0
0
0
0
0
0
0
0
0
0
0
0
0
0
0
0
0
0
0
0
0
0
0
0
0
0
0
0
0
0
0
0
0
0
0
0
0
0
0
0
0
0
0
0
0
0
0
0
0
0
0
0
0
0
0
0
0
0
0
0
0
0
0
0
0
0
0
0
0
0
0
0
0
0
0
0
0
0
0
0
0
0
0
0
0
0
0
0
0
0
0
0
0
0
0
0
0
0
0
0
0
0
0
0
0
0
0
0
0
0
0
0
0
0
0
0
0
0
0
0
0
0
0
0
0
0
0
0
0
0
0
0
0
0
0
0
0
0
0
0
0
0
0
0
0
0
0
0
0
0
0
0
0
0
0
0
0
0
0
0
0
0
0
0
0
0
0
0
0
0
0
0
0
0
0
0
0
0
0
0
0
0
0
0
0
0
0
0
0
0
0
0
0
0
0
0
0
0
0
0
0
0
0
0
0
0
0
0
0
0
0
0
0
0
0
0
0
0
0
0
0
0
0
0
0
0
0
0
0
0
0
0
0
0
0
0
0
0
0
0
0
0
0
0
0
0
0
0
0
0
0
0
0
0
0
0
0
0
0
0
0
0
0
0
0
0
0
0
0
0
0
0
0
0
0
0
0
0
0
0
0
0
0
0
0
0
0
0
0
0
0
0
0
0
0
0
0
0
0
0
0
0
0
0
0
0
0
0
0
0
0
0
0
0
0
0
0
0
0
0
0
0
0
0
0
0
0
0
0
0
0
0
0
0
0
0
0
0
0
0
0
0
0
0
0
0
0
0
0
0
0
0
0
0
0
0
0
0
0
0
0
0
0
0
0
0
0
0
0
0
0
0
0
0
0
0
0
0
0
0
0
0
0
0
0
0
0
0
0
0
0
0
0
0
0
0
0
0
0
0
0
0
0
0
0
0
0
0
0
0
0
0
0
0
0
0
0
0
0
0
0
0
0
0
0
0
0
0
0
0
0
0
0
0
0
0
0
0
0
0
0
0
0
0
0
0
0
0
0
0
0
0
0
0
0
0
0
0
0
0
0
0
0
0
0
0
0
0
0
0
0
0
0
0
0
0
0
0
0
0
0
0
0
0
0
0
0
0
0
0
0
0
0
0
0
0
0
0
0
0
0
0
0
0
0
0
0
0
0
0
0
0
0
0
0
0
0
0
0
0
0
0
0
0
0
0
0
0
0
0
0
0
0
0
0
0
0
0
0
0
0
0
0
0
0
0
0
0
0
0
0
0
0
0
0
0
0
0
0
0
0
0
0
0
0
0
0
0
0
0
0
0
0
0
0
0
0
0
0
0
0
0
0
0
0
0
0
0
0
0
0
0
0
0
0
0
0
0
0
0
0
0
0
0
0
0
0
0
0
0
0
0
0
0
0
0
0
0
0
0
0
0
0
0
0
0
0
0
0
0
0
0
0
0
0
0
0
0
0
0
0
0
0
0
0
0
0
0
0
0
0
0
0
0
0
0
0
0
0
0
0
0
0
0
0
0
0
0
0
0
0
0
0
0
0
0
0
0
0
0
0
0
0
0
0
0
0
0
0
0
0
0
0
0
0
0
0
0
0
0
0
0
0
0
0
0
0
0
0
0
0
0
0
0
0
0
0
0
0
0
0
0
0
0
0
0
0
0
0
0
0
0
0
0
0
0
0
0
0
0
0
0
0
0
0
0
0
0
0
0
0
0
0
0
0
0
0
0
0
0
0
0
0
0
0
0
0
0
0
0
0
0
0
0
0
0
0
0
0
0
0
0
0
0
0
0
0
0
0
0
0
0
0
0
0
0
0
0
0
0
0
0
0
0
0
0
0
0
0
0
0
0
0
0
0
0
0
0
0
0
0
0
0
0
0
0
0
0
0
0
0
0
0
0
0
0
0
0
0
0
0
0
0
0
0
0
0
0
0
0
0
0
0
0
0
0
0
0
0
0
0
0
0
0
0
0
0
0
0
0
0
0
0
0
0
0
0
0
0
0
0
0
0
0
0
0
0
0
0
0
0
0
0
0
0
0
0
0
0
0
0
0
0
0
0
0
0
0
0
0
0
0
0
0
0
0
0
0
0
0
0
0
0
0
0
0
0
0
0
0
0
0
0
0
0
0
0
0
0
0
0
0
0
0
0
0
0
0
0
0
0
0
0
0
0
0
0
0
0
0
0
0
0
0
0
0
0
0
0
0
0
0
0
0
0
0
0
0
0
0
0
0
0
0
0
0
0
0
0
0
0
0
0
0
0
0
0
0
0
0
0
0
0
0
0
0
0
0
0
0
0
0
0
0
0
0
0
0
0
0
0
0
0
0
0
0
0
0
0
0
0
0
0
0
0
0
0
0
0
0
0
0
0
0
0
0
0
0
0
0
0
0
0
0
0
0
0
0
0
0
0
0
0
0
0
0
0
0
0
0
0
0
0
0
0
0
0
0
0
0
0
0
0
0
0
0
0
0
0
0
0
0
0
0
0
0
0
0
0
0
0
0
0
0
0
0
0
0
0
0
0
0
0
0
0
0
0
0
0
0
0
0
0
0
0
0
0
0
0
0
0
0
0
0
0
0
0
0
0
0
0
0
0
0
0
0
0
0
0
0
0
0
0
0
0
0
0
0
0
0
0
0
0
0
0
0
0
0
0
0
0
0
0
0
0
0
0
0
0
0
0
0
0
0
0
0
0
0
0
0
0
0
0
0
0
0
0
0
0
0
0
0
0
0
0
0
0
0
0
0
0
0
0
0
0
0
0
0
0
0
0
0
0
0
0
0
0
0
0
0
0
0
0
0
0
0
0
0
0
0
0
0
0
0
0
0
0
0
0
0
0
0
0
0
0
0
0
0
0
0
0
0
0
0
0
0
0
0
0
0
0
0
0
0
0
0
0
0
0
0
0
0
0
0
0
0
0
0
0
0
0
0
0
0
0
0
0
0
0
0
0
0
0
0
0
0
0
0
0
0
0
0
0
0
0
0
0
0
0
0
0
0
0
0
0
0
0
0
0
0
0
0
0
0
0
0
0
0
0
0
0
0
0
0
0
0
0
0
0
0
0
0
0
0
0
0
0
0
0
0
0
0
0
0
0
0
0
0
0
0
0
0
0
0
0
0
0
0
0
0
0
0
0
0
0
0
0
0
0
0
0
0
0
0
0
0
0
0
0
0
0
0
0
0
0
0
0
0
0
0
0
0
0
0
0
0
0
0
0
0
0
0
0
0
0
0
0
0
0
0
0
0
0
0
0
0
0
0
0
0
0
0
0
0
0
0
0
0
0
0
0
0
0
0
0
0
0
0
0
0
0
0
0
0
0
0
0
0
0
0
0
0
0
0
0
0
0
0
0
0
0
0
0
0
0
0
0
0
0
0
0
0
0
0
0
0
0
0
0
0
0
0
0
0
0
0
0
0
0
0
0
0
0
0
0
0
0
0
0
0
0
0
0
0
0
0
0
0
0
0
0
0
0
0
0
0
0
0
0
0
0
0
0
0
0
0
0
0
0
0
0
0
0
0
0
0
0
0
0
0
0
0
0
0
0
0
0
0
0
0
0
0
0
0
0
0
0
0
0
0
0
0
0
0
0
0
0
0
0
0
0
0
0
0
0
0
0
0
0
0
0
0
0
0
0
0
0
0
0
0
0
0
0
0
0
0
0
0
0
0
0
0
0
0
0
0
0
0
0
0
0
0
0
0
0
0
0
0
0
0
0
0
0
0
0
0
0
0
0
0
0
0
0
0
0
0
0
0
0
0
0
0
0
0
0
0
0
0
0
0
0
0
0
0
0
0
0
0
0
0
0
0
0
0
0
0
0
0
0
0
0
0
0
0
0
0
0
0
0
0
0
0
0
0
0
0
0
0
0
0
0
0
0
0
0
0
0
0
0
0
0
0
0
0
0
0
0
0
0
0
0
0
0
0
0
0
0
0
0
0
0
0
0
0
0
0
0
0
0
0
0
0
0
0
0
0
0
0
0
0
0
0
0
0
0
0
0
0
0
0
0
0
0
0
0
0
0
0
0
0
0
0
0
0
0
0
0
0
0
0
0
0
0
0
0
0
0
0
0
0
0
0
0
0
0
0
0
0
0
0
0
0
0
0
0
0
0
0
0
0
0
0
0
0
0
0
0
0
0
0
0
0
0
0
0
0
0
0
0
0
0
0
0
0
0
0
0
0
0
0
0
0
0
0
0
0
0
0
0
0
0
0
0
0
0
0
0
0
0
0
0
0
0
0
0
0
0
0
0
0
0
0
0
0
0
0
0
0
0
0
0
0
0
0
0
0
0
0
0
0
0
0
0
0
0
0
0
0
0
0
0
0
0
0
0
0
0
0
0
0
0
0
0
0
0
0
0
0
0
0
0
0
0
0
0
0
0
0
0
0
0
0
0
0
0
0
0
0
0
0
0
0
0
0
0
0
0
0
0
0
0
0
0
0
0
0
0
0
0
0
0
0
0
0
0
0
0
0
0
0
0
0
0
0
0
0
0
0
0
0
0
0
0
0
0
0
0
0
0
0
0
0
0
0
0
0
0
0
0
0
0
0
0
0
0
0
0
0
0
0
0
0
0
0
0
0
0
0
0
0
0
0
0
0
0
0
0
0
0
0
0
0
0
0
0
0
0
0
0
0
0
0
0
0
0
0
0
0
0
0
0
0
0
0
0
0
0
0
0
0
0
0
0
0
0
0
0
0
0
0
0
0
0
0
0
0
0
0
0
0
0
0
0
0
0
0
0
0
0
0
0
0
0
0
0
0
0
0
0
0
0
0
0
0
0
0
0
0
0
0
0
0
0
0
0
0
0
0
0
0
0
0
0
0
0
0
0
0
0
0
0
0
0
0
0
0
0
0
0
0
0
0
0
0
0
0
0
0
0
0
0
0
0
0
0
0
0
0
0
0
0
0
0
0
0
0
0
0
0
0
0
0
0
0
0
0
0
0
0
0
0
0
0
0
0
0
0
0
0
0
0
0
0
0
0
0
0
0
0
0
0
0
0
0
0
0
0
0
0
0
0
0
0
0
0
0
0
0
0
0
0
0
0
0
0
0
0
0
0
0
0
0
0
0
0
0
0
0
0
0
0
0
0
0
0
0
0
0
0
0
0
0
0
0
0
0
0
0
0
0
0
0
0
0
0
0
0
0
0
0
0
0
0
0
0
0
0
0
0
0
0
0
0
0
0
0
0
0
0
0
0
0
0
0
0
0
0
0
0
0
0
0
0
0
0
0
0
0
0
0
0
0
0
0
0
0
0
0
0
0
0
0
0
0
0
0
0
0
0
0
0
0
0
0
0
0
0
0
0
0
0
0
0
0
0
0
0
0
0
0
0
0
0
0
0
0
0
0
0
0
0
0
0
0
0
0
0
0
0
0
0
0
0
0
0
0
0
0
0
0
0
0
0
0
0
0
0
0
0
0
0
0
0
0
0
0
0
0
0
0
0
0
0
0
0
0
0
0
0
0
0
0
0
0
0
0
0
0
0
0
0
0
0
0
0
0
0
0
0
0
0
0
0
0
0
0
0
0
0
0
0
0
0
0
0
0
0
0
0
0
0
0
0
0
0
0
0
0
0
0
0
0
0
0
0
0
0
0
0
0
0
0
0
0
0
0
0
0
0
0
0
0
0
0
0
0
0
0
0
0
0
0
0
0
0
0
0
0
0
0
0
0
0
0
0
0
0
0
0
0
0
0
0
0
0
0
0
0
0
0
0
0
0
0
0
0
0
0
0
0
0
0
0
0
0
0
0
0
0
0
0
0
0
0
0
0
0
0
0
0
0
0
0
0
0
0
0
0
0
0
0
0
0
0
0
0
0
0
0
0
0
0
0
0
0
0
0
0
0
0
0
0
0
0
0
0
0
0
0
0
0
0
0
0
0
0
0
0
0
0
0
0
0
0
0
0
0
0
0
0
0
0
0
0
0
0
0
0
0
0
0
0
0
0
0
0
0
0
0
0
0
0
0
0
0
0
0
0
0
0
0
0
0
0
0
0
0
0
0
0
0
0
0
0
0
0
0
0
0
0
0
0
0
0
0
0
0
0
0
0
0
0
0
0
0
0
0
0
0
0
0
0
0
0
0
0
0
0
0
0
0
0
0
0
0
0
0
0
0
0
0
0
0
0
0
0
0
0
0
0
0
0
0
0
0
0
0
0
0
0
0
0
0
0
0
0
0
0
0
0
0
0
0
0
0
0
0
0
0
0
0
0
0
0
0
0
0
0
0
0
0
0
0
0
0
0
0
0
0
0
0
0
0
0
0
0
0
0
0
0
0
0
0
0
0
0
0
0
0
0
0
0
0
0
0
0
0
0
0
0
0
0
0
0
0
0
0
0
0
0
0
0
0
0
0
0
0
0
0
0
0
0
0
0
0
0
0
0
0
0
0
0
0
0
0
0
0
0
0
0
0
0
0
0
0
0
0
0
0
0
0
0
0
0
0
0
0
0
0
0
0
0
0
0
0
0
0
0
0
0
0
0
0
0
0
0
0
0
0
0
0
0
0
0
0
0
0
0
0
0
0
0
0
0
0
0
0
0
0
0
0
0
0
0
0
0
0
0
0
0
0
0
0
0
0
0
0
0
0
0
0
0
0
0
0
0
0
0
0
0
0
0
0
0
0
0
0
0
0
0
0
0
0
0
0
0
0
0
0
0
0
0
0
0
0
0
0
0
0
0
0
0
0
0
0
0
0
0
0
0
0
0
0
0
0
0
0
0
0
0
0
0
0
0
0
0
0
0
0
0
0
0
0
0
0
0
0
0
0
0
0
0
0
0
0
0
0
0
0
0
0
0
0
0
0
0
0
0
0
0
0
0
0
0
0
0
0
0
0
0
0
0
0
0
0
0
0
0
0
0
0
0
0
0
0
0
0
0
0
0
0
0
0
0
0
0
0
0
0
0
0
0
0
0
0
0
0
0
0
0
0
0
0
0
0
0
0
0
0
0
0
0
0
0
0
0
0
0
0
0
0
0
0
0
0
0
0
0
0
0
0
0
0
0
0
0
0
0
0
0
0
0
0
0
0
0
0
0
0
0
0
0
0
0
0
0
0
0
0
0
0
0
0
0
0
0
0
0
0
0
0
0
0
0
0
0
0
0
0
0
0
0
0
0
0
0
0
0
0
0
0
0
0
0
0
0
0
0
0
0
0
0
0
0
0
0
0
0
0
0
0
0
0
0
0
0
0
0
0
0
0
0
0
0
0
0
0
0
0
0
0
0
0
0
0
0
0
0
0
0
0
0
0
0
0
0
0
0
0
0
0
0
0
0
0
0
0
0
0
0
0
0
0
0
0
0
0
0
0
0
0
0
0
0
0
0
0
0
0
0
0
0
0
0
0
0
0
0
0
0
0
0
0
0
0
0
0
0
0
0
0
0
0
0
0
0
0
0
0
0
0
0
0
0
0
0
0
0
0
0
0
0
0
0
0
0
0
0
0
0
0
0
0
0
0
0
0
0
0
0
0
0
0
0
0
0
0
0
0
0
0
0
0
0
0
0
0
0
0
0
0
0
0
0
0
0
0
0
0
0
0
0
0
0
0
0
0
0
0
0
0
0
0
0
0
0
0
0
0
0
0
0
0
0
0
0
0
0
0
0
0
0
0
0
0
0
0
0
0
0
0
0
0
0
0
0
0
0
0
0
0
0
0
0
0
0
0
0
0
0
0
0
0
0
0
0
0
0
0
0
0
0
0
0
0
0
0
0
0
0
0
0
0
0
0
0
0
0
0
0
0
0
0
0
0
0
0
0
0
0
0
0
0
0
0
0
0
0
0
0
0
0
0
0
0
0
0
0
0
0
0
0
0
0
0
0
0
0
0
0
0
0
0
0
0
0
0
0
0
0
0
0
0
0
0
0
0
0
0
0
0
0
0
0
0
0
0
0
0
0
0
0
0
0
0
0
0
0
0
0
0
0
0
0
0
0
0
0
0
0
0
0
0
0
0
0
0
0
0
0
0
0
0
0
0
0
0
0
0
0
0
0
0
0
0
0
0
0
0
0
0
0
0
0
0
0
0
0
0
0
0
0
0
0
0
0
0
0
0
0
0
0
0
0
0
0
0
0
0
0
0
0
0
0
0
0
0
0
0
0
0
0
0
0
0
0
0
0
0
0
0
0
0
0
0
0
0
0
0
0
0
0
0
0
0
0
0
0
0
0
0
0
0
0
0
0
0
0
0
0
0
0
0
0
0
0
0
0
0
0
0
0
0
0
0
0
0
0
0
0
0
0
0
0
0
0
0
0
0
0
0
0
0
0
0
0
0
0
0
0
0
0
0
0
0
0
0
0
0
0
0
0
0
0
0
0
0
0
0
0
0
0
0
0
0
0
0
0
0
0
0
0
0
0
0
0
0
0
0
0
0
0
0
0
0
0
0
0
0
0
0
0
0
0
0
0
0
0
0
0
0
0
0
0
0
0
0
0
0
0
0
0
0
0
0
0
0
0
0
0
0
0
0
0
0
0
0
0
0
0
0
0
0
0
0
0
0
0
0
0
0
0
0
0
0
0
0
0
0
0
0
0
0
0
0
0
0
0
0
0
0
0
0
0
0
0
0
0
0
0
0
0
0
0
0
0
0
0
0
0
0
0
0
0
0
0
0
0
0
0
0
0
0
0
0
0
0
0
0
0
0
0
0
0
0
0
0
0
0
0
0
0
0
0
0
0
0
0
0
0
0
0
0
0
0
0
0
0
0
0
0
0
0
0
0
0
0
0
0
0
0
0
0
0
0
0
0
0
0
0
0
0
0
0
0
0
0
0
0
0
0
0
0
0
0
0
0
0
0
0
0
0
0
0
0
0
0
0
0
0
0
0
0
0
0
0
0
0
0
0
0
0
0
0
0
0
0
0
0
0
0
0
0
0
0
0
0
0
0
0
0
0
0
0
0
0
0
0
0
0
0
0
0
0
0
0
0
0
0
0
0
0
0
0
0
0
0
0
0
0
0
0
0
0
0
0
0
0
0
0
0
0
0
0
0
0
0
0
0
0
0
0
0
0
0
0
0
0
0
0
0
0
0
0
0
0
0
0
0
0
0
0
0
0
0
0
0
0
0
0
0
0
0
0
0
0
0
0
0
0
0
0
0
0
0
0
0
0
0
0
0
0
0
0
0
0
0
0
0
0
0
0
0
0
0
0
0
0
0
0
0
0
0
0
0
0
0
0
0
0
0
0
0
0
0
0
0
0
0
0
0
0
0
0
0
0
0
0
0
0
0
0
0
0
0
0
0
0
0
0
0
0
0
0
0
0
0
0
0
0
0
0
0
0
0
0
0
0
0
0
0
0
0
0
0
0
0
0
0
0
0
0
0
0
0
0
0
0
0
0
0
0
0
0
0
0
0
0
0
0
0
0
0
0
0
0
0
0
0
0
0
0
0
0
0
0
0
0
0
0
0
0
0
0
0
0
0
0
0
0
0
0
0
0
0
0
0
0
0
0
0
0
0
0
0
0
0
0
0
0
0
0
0
0
0
0
0
0
0
0
0
0
0
0
0
0
0
0
0
0
0
0
0
0
0
0
0
0
0
0
0
0
0
0
0
0
0
0
0
0
0
0
0
0
0
0
0
0
0
0
0
0
0
0
0
0
0
0
0
0
0
0
0
0
0
0
0
0
0
0
0
0
0
0
0
0
0
0
0
0
0
0
0
0
0
0
0
0
0
0
0
0
0
0
0
0
0
0
0
0
0
0
0
0
0
0
0
0
0
0
0
0
