1111
589
0
0
0
0
0
0
3528
2992
0
0
0
0
0
0
1110
592
0
0
0
0
0
0
3525
2993
0
0
0
0
0
0
3522
595
0
0
0
0
0
0
1108
2993
0
0
0
0
0
0
3519
598
0
0
0
0
0
0
1107
2994
0
0
0
0
0
0
3516
601
0
0
0
0
0
0
1106
2995
0
0
0
0
0
0
3512
604
0
0
0
0
0
0
1105
2996
0
0
0
0
0
0
3509
607
0
0
0
0
0
0
1104
2997
0
0
0
0
0
0
3506
611
0
0
0
0
0
0
1103
2998
0
0
0
0
0
0
3503
614
0
0
0
0
0
0
1102
2999
0
0
0
0
0
0
3500
617
0
0
0
0
0
0
1101
3000
0
0
0
0
0
0
3497
620
0
0
0
0
0
0
1100
3001
0
0
0
0
0
0
3494
623
0
0
0
0
0
0
1102
2995
0
0
0
0
0
0
3537
690
0
0
0
0
0
0
1163
3194
0
0
0
0
0
0
3892
440
0
0
0
0
0
0
1901
2312
0
0
0
0
0
0
459
3862
0
0
0
0
0
0
2235
2037
0
0
0
0
0
0
1031
3167
0
0
0
0
0
0
2761
1544
0
0
0
0
0
0
1301
3106
0
0
0
0
0
0
3269
846
0
0
0
0
0
0
2105
2037
0
0
0
0
0
0
3400
1063
0
0
0
0
0
0
2126
2133
0
0
0
0
0
0
256
3830
0
0
0
0
0
0
2666
1946
0
0
0
0
0
0
237
201
0
0
0
0
0
0
3887
89
0
0
0
0
0
0
1550
2912
0
0
0
0
0
0
3611
1244
0
0
0
0
0
0
2300
1664
0
0
0
0
0
0
1529
2464
0
0
0
0
0
0
2140
2864
0
0
0
0
0
0
1287
2928
0
0
0
0
0
0
297
3424
0
0
0
0
0
0
2132
2644
0
0
0
0
0
0
3610
1276
0
0
0
0
0
0
3756
3437
0
0
0
0
0
0
1861
2629
0
0
0
0
0
0
1431
3884
0
0
0
0
0
0
2672
787
0
0
0
0
0
0
841
2722
0
0
0
0
0
0
1636
3992
0
0
0
0
0
0
3261
924
0
0
0
0
0
0
1536
1254
0
0
0
0
0
0
228
1185
0
0
0
0
0
0
2168
3086
0
0
0
0
0
0
3498
2913
0
0
0
0
0
0
1907
2623
0
0
0
0
0
0
3290
2950
0
0
0
0
0
0
2366
499
0
0
0
0
0
0
1135
1908
0
0
0
0
0
0
59
2709
0
0
0
0
0
0
1763
2214
0
0
0
0
0
0
3059
2799
0
0
0
0
0
0
2617
3547
0
0
0
0
0
0
778
1041
0
0
0
0
0
0
3115
2176
0
0
0
0
0
0
2570
2106
0
0
0
0
0
0
64
3365
0
0
0
0
0
0
2859
3208
0
0
0
0
0
0
1429
1049
0
0
0
0
0
0
2572
1401
0
0
0
0
0
0
152
3789
0
0
0
0
0
0
323
210
0
0
0
0
0
0
1398
1721
0
0
0
0
0
0
3084
3517
0
0
0
0
0
0
110
3873
0
0
0
0
0
0
2946
1838
0
0
0
0
0
0
2240
2566
0
0
0
0
0
0
2890
2159
0
0
0
0
0
0
3244
2595
0
0
0
0
0
0
3070
558
0
0
0
0
0
0
3883
4075
0
0
0
0
0
0
3582
3825
0
0
0
0
0
0
1412
2979
0
0
0
0
0
0
3055
2039
0
0
0
0
0
0
2899
3541
0
0
0
0
0
0
2809
676
0
0
0
0
0
0
837
1710
0
0
0
0
0
0
2345
571
0
0
0
0
0
0
2758
2115
0
0
0
0
0
0
2760
9
0
0
0
0
0
0
154
3475
0
0
0
0
0
0
3270
1768
0
0
0
0
0
0
2047
3433
0
0
0
0
0
0
2383
3927
0
0
0
0
0
0
3227
3015
0
0
0
0
0
0
2218
2998
0
0
0
0
0
0
3612
2576
0
0
0
0
0
0
2400
1509
0
0
0
0
0
0
3847
2669
0
0
0
0
0
0
1628
232
0
0
0
0
0
0
582
72
0
0
0
0
0
0
3225
3467
0
0
0
0
0
0
3043
3710
0
0
0
0
0
0
137
345
0
0
0
0
0
0
1644
1853
0
0
0
0
0
0
3652
27
0
0
0
0
0
0
3923
2942
0
0
0
0
0
0
2527
2845
0
0
0
0
0
0
2095
3843
0
0
0
0
0
0
3483
20
0
0
0
0
0
0
1193
1055
0
0
0
0
0
0
646
3541
0
0
0
0
0
0
4047
1072
0
0
0
0
0
0
3082
2610
0
0
0
0
0
0
1174
3435
0
0
0
0
0
0
1971
1906
0
0
0
0
0
0
298
1924
0
0
0
0
0
0
3048
2901
0
0
0
0
0
0
2060
2559
0
0
0
0
0
0
3477
3011
0
0
0
0
0
0
2221
261
0
0
0
0
0
0
416
2952
0
0
0
0
0
0
3372
2741
0
0
0
0
0
0
3700
3962
0
0
0
0
0
0
813
173
0
0
0
0
0
0
3685
1823
0
0
0
0
0
0
2072
3172
0
0
0
0
0
0
1366
3832
0
0
0
0
0
0
2067
2219
0
0
0
0
0
0
397
2431
0
0
0
0
0
0
3881
2588
0
0
0
0
0
0
876
3549
0
0
0
0
0
0
1035
89
0
0
0
0
0
0
1024
172
0
0
0
0
0
0
3447
4004
0
0
0
0
0
0
3155
1884
0
0
0
0
0
0
1583
2086
0
0
0
0
0
0
2826
1436
0
0
0
0
0
0
2215
3763
0
0
0
0
0
0
1006
2991
0
0
0
0
0
0
329
3793
0
0
0
0
0
0
3661
855
0
0
0
0
0
0
1281
955
0
0
0
0
0
0
764
1312
0
0
0
0
0
0
2072
622
0
0
0
0
0
0
1963
2934
0
0
0
0
0
0
2814
2217
0
0
0
0
0
0
2488
1543
0
0
0
0
0
0
1886
2522
0
0
0
0
0
0
765
617
0
0
0
0
0
0
2667
3903
0
0
0
0
0
0
3028
373
0
0
0
0
0
0
3911
2348
0
0
0
0
0
0
906
1037
0
0
0
0
0
0
2379
2184
0
0
0
0
0
0
2892
30
0
0
0
0
0
0
2053
2685
0
0
0
0
0
0
2241
1314
0
0
0
0
0
0
3564
3531
0
0
0
0
0
0
2323
1261
0
0
0
0
0
0
1308
2972
0
0
0
0
0
0
2234
140
0
0
0
0
0
0
600
3759
0
0
0
0
0
0
934
1231
0
0
0
0
0
0
883
491
0
0
0
0
0
0
763
494
0
0
0
0
0
0
1741
1382
0
0
0
0
0
0
926
2674
0
0
0
0
0
0
3613
484
0
0
0
0
0
0
2541
790
0
0
0
0
0
0
3938
1762
0
0
0
0
0
0
928
2723
0
0
0
0
0
0
503
3428
0
0
0
0
0
0
1030
2259
0
0
0
0
0
0
3996
814
0
0
0
0
0
0
3488
1295
0
0
0
0
0
0
3702
1864
0
0
0
0
0
0
3936
1818
0
0
0
0
0
0
3033
3620
0
0
0
0
0
0
1305
424
0
0
0
0
0
0
560
1618
0
0
0
0
0
0
1101
754
0
0
0
0
0
0
700
3816
0
0
0
0
0
0
3175
1326
0
0
0
0
0
0
1505
70
0
0
0
0
0
0
403
3915
0
0
0
0
0
0
1055
2857
0
0
0
0
0
0
2813
2638
0
0
0
0
0
0
2588
3983
0
0
0
0
0
0
506
3674
0
0
0
0
0
0
3515
3671
0
0
0
0
0
0
901
1702
0
0
0
0
0
0
3891
77
0
0
0
0
0
0
3183
3862
0
0
0
0
0
0
3218
1193
0
0
0
0
0
0
975
2896
0
0
0
0
0
0
4006
2374
0
0
0
0
0
0
917
2861
0
0
0
0
0
0
3002
1784
0
0
0
0
0
0
194
1989
0
0
0
0
0
0
3385
3950
0
0
0
0
0
0
972
612
0
0
0
0
0
0
2385
3553
0
0
0
0
0
0
3952
2631
0
0
0
0
0
0
1819
3726
0
0
0
0
0
0
1237
2968
0
0
0
0
0
0
304
3836
0
0
0
0
0
0
3429
1129
0
0
0
0
0
0
1641
1636
0
0
0
0
0
0
4061
767
0
0
0
0
0
0
630
1105
0
0
0
0
0
0
371
3843
0
0
0
0
0
0
699
1759
0
0
0
0
0
0
1264
2729
0
0
0
0
0
0
1060
3266
0
0
0
0
0
0
352
2828
0
0
0
0
0
0
1386
3012
0
0
0
0
0
0
3918
291
0
0
0
0
0
0
1844
1948
0
0
0
0
0
0
63
494
0
0
0
0
0
0
1633
1333
0
0
0
0
0
0
913
2876
0
0
0
0
0
0
2804
3725
0
0
0
0
0
0
911
1969
0
0
0
0
0
0
444
480
0
0
0
0
0
0
2237
2119
0
0
0
0
0
0
713
118
0
0
0
0
0
0
2722
111
0
0
0
0
0
0
3158
820
0
0
0
0
0
0
2223
4063
0
0
0
0
0
0
2641
4082
0
0
0
0
0
0
3865
1573
0
0
0
0
0
0
4091
3830
0
0
0
0
0
0
3943
271
0
0
0
0
0
0
3267
2979
0
0
0
0
0
0
497
3452
0
0
0
0
0
0
3806
299
0
0
0
0
0
0
2888
3614
0
0
0
0
0
0
1659
3202
0
0
0
0
0
0
2560
2668
0
0
0
0
0
0
2671
4041
0
0
0
0
0
0
2176
3462
0
0
0
0
0
0
1397
142
0
0
0
0
0
0
3662
1478
0
0
0
0
0
0
645
899
0
0
0
0
0
0
537
3273
0
0
0
0
0
0
2246
468
0
0
0
0
0
0
2554
3689
0
0
0
0
0
0
898
13
0
0
0
0
0
0
4016
684
0
0
0
0
0
0
3229
2422
0
0
0
0
0
0
1555
1353
0
0
0
0
0
0
1467
1757
0
0
0
0
0
0
3614
3203
0
0
0
0
0
0
3749
2012
0
0
0
0
0
0
1558
924
0
0
0
0
0
0
2626
246
0
0
0
0
0
0
3265
3396
0
0
0
0
0
0
15
3889
0
0
0
0
0
0
3785
2038
0
0
0
0
0
0
2170
2265
0
0
0
0
0
0
489
3469
0
0
0
0
0
0
819
1489
0
0
0
0
0
0
2862
347
0
0
0
0
0
0
896
174
0
0
0
0
0
0
2890
2971
0
0
0
0
0
0
3645
219
0
0
0
0
0
0
710
2120
0
0
0
0
0
0
4044
2593
0
0
0
0
0
0
516
1188
0
0
0
0
0
0
783
722
0
0
0
0
0
0
668
657
0
0
0
0
0
0
1706
916
0
0
0
0
0
0
3936
1044
0
0
0
0
0
0
2316
4075
0
0
0
0
0
0
1164
3376
0
0
0
0
0
0
2646
2381
0
0
0
0
0
0
1075
119
0
0
0
0
0
0
1130
3836
0
0
0
0
0
0
814
166
0
0
0
0
0
0
447
1095
0
0
0
0
0
0
981
988
0
0
0
0
0
0
3267
2790
0
0
0
0
0
0
3634
1530
0
0
0
0
0
0
3449
2771
0
0
0
0
0
0
2054
1534
0
0
0
0
0
0
3897
3558
0
0
0
0
0
0
1518
4076
0
0
0
0
0
0
973
2104
0
0
0
0
0
0
666
311
0
0
0
0
0
0
2814
4048
0
0
0
0
0
0
306
3342
0
0
0
0
0
0
3004
489
0
0
0
0
0
0
417
2730
0
0
0
0
0
0
1377
3572
0
0
0
0
0
0
2701
1623
0
0
0
0
0
0
1315
108
0
0
0
0
0
0
3360
2225
0
0
0
0
0
0
872
3152
0
0
0
0
0
0
1227
786
0
0
0
0
0
0
325
2641
0
0
0
0
0
0
1002
1725
0
0
0
0
0
0
2463
2872
0
0
0
0
0
0
3892
2346
0
0
0
0
0
0
3720
2918
0
0
0
0
0
0
2367
2466
0
0
0
0
0
0
915
15
0
0
0
0
0
0
2031
1822
0
0
0
0
0
0
2597
287
0
0
0
0
0
0
321
2114
0
0
0
0
0
0
1037
1861
0
0
0
0
0
0
3352
3625
0
0
0
0
0
0
3788
3167
0
0
0
0
0
0
2690
3833
0
0
0
0
0
0
282
1761
0
0
0
0
0
0
3334
3688
0
0
0
0
0
0
3416
510
0
0
0
0
0
0
551
2670
0
0
0
0
0
0
656
888
0
0
0
0
0
0
938
1149
0
0
0
0
0
0
2790
168
0
0
0
0
0
0
3078
288
0
0
0
0
0
0
2409
1078
0
0
0
0
0
0
2205
2422
0
0
0
0
0
0
3837
3191
0
0
0
0
0
0
2365
2180
0
0
0
0
0
0
2979
355
0
0
0
0
0
0
846
1012
0
0
0
0
0
0
1925
1017
0
0
0
0
0
0
2589
42
0
0
0
0
0
0
2179
2570
0
0
0
0
0
0
2140
918
0
0
0
0
0
0
1498
2569
0
0
0
0
0
0
2625
28
0
0
0
0
0
0
3785
2814
0
0
0
0
0
0
2961
1296
0
0
0
0
0
0
4050
1037
0
0
0
0
0
0
2710
2648
0
0
0
0
0
0
3811
903
0
0
0
0
0
0
143
1564
0
0
0
0
0
0
571
993
0
0
0
0
0
0
3687
671
0
0
0
0
0
0
3452
1219
0
0
0
0
0
0
262
3954
0
0
0
0
0
0
1091
3617
0
0
0
0
0
0
554
500
0
0
0
0
0
0
2458
2637
0
0
0
0
0
0
3873
1234
0
0
0
0
0
0
47
2503
0
0
0
0
0
0
3459
2436
0
0
0
0
0
0
6
3141
0
0
0
0
0
0
982
3723
0
0
0
0
0
0
1971
2970
0
0
0
0
0
0
3514
2677
0
0
0
0
0
0
3467
1200
0
0
0
0
0
0
1319
1535
0
0
0
0
0
0
1284
2725
0
0
0
0
0
0
1565
3664
0
0
0
0
0
0
1116
3747
0
0
0
0
0
0
2416
3939
0
0
0
0
0
0
343
4044
0
0
0
0
0
0
3548
2375
0
0
0
0
0
0
2567
2996
0
0
0
0
0
0
2478
1968
0
0
0
0
0
0
3294
1479
0
0
0
0
0
0
2359
189
0
0
0
0
0
0
32
2279
0
0
0
0
0
0
4054
752
0
0
0
0
0
0
1056
945
0
0
0
0
0
0
129
2336
0
0
0
0
0
0
3792
4000
0
0
0
0
0
0
1516
3121
0
0
0
0
0
0
868
1379
0
0
0
0
0
0
937
1206
0
0
0
0
0
0
153
1205
0
0
0
0
0
0
2504
451
0
0
0
0
0
0
376
3746
0
0
0
0
0
0
3931
2778
0
0
0
0
0
0
1669
196
0
0
0
0
0
0
3738
2211
0
0
0
0
0
0
3483
880
0
0
0
0
0
0
1625
3954
0
0
0
0
0
0
3886
1377
0
0
0
0
0
0
739
3222
0
0
0
0
0
0
2025
533
0
0
0
0
0
0
4037
3338
0
0
0
0
0
0
1826
4092
0
0
0
0
0
0
3596
2982
0
0
0
0
0
0
3907
1040
0
0
0
0
0
0
1259
3348
0
0
0
0
0
0
3578
3679
0
0
0
0
0
0
3506
3319
0
0
0
0
0
0
1902
848
0
0
0
0
0
0
2252
277
0
0
0
0
0
0
3210
682
0
0
0
0
0
0
1524
2215
0
0
0
0
0
0
1499
2498
0
0
0
0
0
0
3511
1707
0
0
0
0
0
0
1256
1692
0
0
0
0
0
0
2902
1152
0
0
0
0
0
0
1341
3206
0
0
0
0
0
0
3451
2630
0
0
0
0
0
0
1594
3358
0
0
0
0
0
0
1767
54
0
0
0
0
0
0
29
2340
0
0
0
0
0
0
3832
65
0
0
0
0
0
0
3834
1211
0
0
0
0
0
0
1282
3352
0
0
0
0
0
0
1959
2365
0
0
0
0
0
0
3416
94
0
0
0
0
0
0
2041
1545
0
0
0
0
0
0
33
845
0
0
0
0
0
0
595
1715
0
0
0
0
0
0
1922
3183
0
0
0
0
0
0
3281
2068
0
0
0
0
0
0
644
313
0
0
0
0
0
0
872
1385
0
0
0
0
0
0
37
1834
0
0
0
0
0
0
1349
1281
0
0
0
0
0
0
3112
2131
0
0
0
0
0
0
440
4014
0
0
0
0
0
0
272
2784
0
0
0
0
0
0
2599
2271
0
0
0
0
0
0
2546
1036
0
0
0
0
0
0
3439
2785
0
0
0
0
0
0
2503
1476
0
0
0
0
0
0
865
3443
0
0
0
0
0
0
1135
3327
0
0
0
0
0
0
264
2786
0
0
0
0
0
0
606
1615
0
0
0
0
0
0
4015
3894
0
0
0
0
0
0
3706
2814
0
0
0
0
0
0
3314
3551
0
0
0
0
0
0
503
1210
0
0
0
0
0
0
3567
68
0
0
0
0
0
0
2981
1761
0
0
0
0
0
0
1641
1720
0
0
0
0
0
0
2922
284
0
0
0
0
0
0
2750
161
0
0
0
0
0
0
3907
645
0
0
0
0
0
0
2316
904
0
0
0
0
0
0
2032
401
0
0
0
0
0
0
2583
816
0
0
0
0
0
0
2838
3951
0
0
0
0
0
0
565
757
0
0
0
0
0
0
4017
3618
0
0
0
0
0
0
309
1813
0
0
0
0
0
0
3374
141
0
0
0
0
0
0
914
26
0
0
0
0
0
0
3659
1879
0
0
0
0
0
0
2257
2758
0
0
0
0
0
0
1601
1721
0
0
0
0
0
0
463
1325
0
0
0
0
0
0
1475
1243
0
0
0
0
0
0
715
3616
0
0
0
0
0
0
3090
3968
0
0
0
0
0
0
3728
2563
0
0
0
0
0
0
153
1629
0
0
0
0
0
0
3533
748
0
0
0
0
0
0
479
2299
0
0
0
0
0
0
2180
1236
0
0
0
0
0
0
3211
150
0
0
0
0
0
0
63
441
0
0
0
0
0
0
510
431
0
0
0
0
0
0
3734
108
0
0
0
0
0
0
1800
1265
0
0
0
0
0
0
1800
2618
0
0
0
0
0
0
2865
3547
0
0
0
0
0
0
3707
174
0
0
0
0
0
0
153
640
0
0
0
0
0
0
830
2740
0
0
0
0
0
0
986
320
0
0
0
0
0
0
3703
2245
0
0
0
0
0
0
1485
1778
0
0
0
0
0
0
1520
2324
0
0
0
0
0
0
1766
3902
0
0
0
0
0
0
2146
3323
0
0
0
0
0
0
1776
384
0
0
0
0
0
0
901
3955
0
0
0
0
0
0
337
2480
0
0
0
0
0
0
1670
1672
0
0
0
0
0
0
3263
2175
0
0
0
0
0
0
933
1249
0
0
0
0
0
0
669
2764
0
0
0
0
0
0
3350
3324
0
0
0
0
0
0
428
590
0
0
0
0
0
0
760
1497
0
0
0
0
0
0
3351
878
0
0
0
0
0
0
2061
2401
0
0
0
0
0
0
3598
2969
0
0
0
0
0
0
4010
1491
0
0
0
0
0
0
368
309
0
0
0
0
0
0
2478
508
0
0
0
0
0
0
3728
2796
0
0
0
0
0
0
483
676
0
0
0
0
0
0
365
2540
0
0
0
0
0
0
1859
3208
0
0
0
0
0
0
2885
13
0
0
0
0
0
0
463
2791
0
0
0
0
0
0
4084
109
0
0
0
0
0
0
3845
3939
0
0
0
0
0
0
3303
862
0
0
0
0
0
0
157
1621
0
0
0
0
0
0
397
760
0
0
0
0
0
0
1786
3119
0
0
0
0
0
0
2572
3782
0
0
0
0
0
0
2096
1914
0
0
0
0
0
0
3815
1314
0
0
0
0
0
0
1202
3351
0
0
0
0
0
0
86
837
0
0
0
0
0
0
3981
699
0
0
0
0
0
0
575
3248
0
0
0
0
0
0
3319
3530
0
0
0
0
0
0
1715
2614
0
0
0
0
0
0
2173
1106
0
0
0
0
0
0
260
1013
0
0
0
0
0
0
2157
2608
0
0
0
0
0
0
3394
3988
0
0
0
0
0
0
2330
2128
0
0
0
0
0
0
1413
2087
0
0
0
0
0
0
1557
1991
0
0
0
0
0
0
2226
3650
0
0
0
0
0
0
633
988
0
0
0
0
0
0
369
2261
0
0
0
0
0
0
938
544
0
0
0
0
0
0
2771
431
0
0
0
0
0
0
2699
445
0
0
0
0
0
0
2603
3132
0
0
0
0
0
0
2867
3830
0
0
0
0
0
0
3178
106
0
0
0
0
0
0
3706
2310
0
0
0
0
0
0
3001
1594
0
0
0
0
0
0
2881
454
0
0
0
0
0
0
1072
2915
0
0
0
0
0
0
948
902
0
0
0
0
0
0
3414
734
0
0
0
0
0
0
1
109
0
0
0
0
0
0
2153
482
0
0
0
0
0
0
3731
1498
0
0
0
0
0
0
1338
2028
0
0
0
0
0
0
596
320
0
0
0
0
0
0
1884
3534
0
0
0
0
0
0
706
1640
0
0
0
0
0
0
2235
1746
0
0
0
0
0
0
324
1761
0
0
0
0
0
0
281
3941
0
0
0
0
0
0
1282
11
0
0
0
0
0
0
3509
3821
0
0
0
0
0
0
89
1054
0
0
0
0
0
0
3969
2803
0
0
0
0
0
0
2280
2977
0
0
0
0
0
0
2685
3488
0
0
0
0
0
0
1896
996
0
0
0
0
0
0
2600
2754
0
0
0
0
0
0
3210
3227
0
0
0
0
0
0
1578
4076
0
0
0
0
0
0
2554
2254
0
0
0
0
0
0
1977
1759
0
0
0
0
0
0
296
3004
0
0
0
0
0
0
3914
3276
0
0
0
0
0
0
3601
2429
0
0
0
0
0
0
622
878
0
0
0
0
0
0
1840
3835
0
0
0
0
0
0
982
386
0
0
0
0
0
0
3716
2034
0
0
0
0
0
0
3381
3679
0
0
0
0
0
0
3384
2800
0
0
0
0
0
0
201
1977
0
0
0
0
0
0
2141
2980
0
0
0
0
0
0
1089
3146
0
0
0
0
0
0
3139
1193
0
0
0
0
0
0
2960
1570
0
0
0
0
0
0
3622
1732
0
0
0
0
0
0
3250
1001
0
0
0
0
0
0
1403
3457
0
0
0
0
0
0
1687
3477
0
0
0
0
0
0
430
1159
0
0
0
0
0
0
1364
3294
0
0
0
0
0
0
2968
2368
0
0
0
0
0
0
326
3297
0
0
0
0
0
0
1119
325
0
0
0
0
0
0
1090
1443
0
0
0
0
0
0
675
1705
0
0
0
0
0
0
3183
572
0
0
0
0
0
0
3065
2439
0
0
0
0
0
0
3939
1351
0
0
0
0
0
0
3206
38
0
0
0
0
0
0
525
1346
0
0
0
0
0
0
2940
2847
0
0
0
0
0
0
3996
3763
0
0
0
0
0
0
2773
2688
0
0
0
0
0
0
2699
3176
0
0
0
0
0
0
1389
3534
0
0
0
0
0
0
1145
3652
0
0
0
0
0
0
2688
2620
0
0
0
0
0
0
97
733
0
0
0
0
0
0
1954
3618
0
0
0
0
0
0
115
1610
0
0
0
0
0
0
3834
2696
0
0
0
0
0
0
1823
1458
0
0
0
0
0
0
1220
1364
0
0
0
0
0
0
2841
220
0
0
0
0
0
0
2131
417
0
0
0
0
0
0
2480
169
0
0
0
0
0
0
1325
48
0
0
0
0
0
0
2658
3977
0
0
0
0
0
0
3779
958
0
0
0
0
0
0
1937
363
0
0
0
0
0
0
3539
903
0
0
0
0
0
0
3217
2313
0
0
0
0
0
0
2997
158
0
0
0
0
0
0
1004
849
0
0
0
0
0
0
2076
851
0
0
0
0
0
0
3925
3044
0
0
0
0
0
0
690
754
0
0
0
0
0
0
4092
1705
0
0
0
0
0
0
114
69
0
0
0
0
0
0
30
190
0
0
0
0
0
0
3136
3904
0
0
0
0
0
0
3801
2793
0
0
0
0
0
0
3811
2437
0
0
0
0
0
0
468
3304
0
0
0
0
0
0
1167
86
0
0
0
0
0
0
4067
466
0
0
0
0
0
0
486
2312
0
0
0
0
0
0
1506
2131
0
0
0
0
0
0
833
3166
0
0
0
0
0
0
474
416
0
0
0
0
0
0
903
1705
0
0
0
0
0
0
3448
477
0
0
0
0
0
0
813
3118
0
0
0
0
0
0
2360
3136
0
0
0
0
0
0
3770
2243
0
0
0
0
0
0
2658
1332
0
0
0
0
0
0
466
3453
0
0
0
0
0
0
2605
2799
0
0
0
0
0
0
326
1605
0
0
0
0
0
0
104
1563
0
0
0
0
0
0
49
885
0
0
0
0
0
0
1304
837
0
0
0
0
0
0
3995
3821
0
0
0
0
0
0
123
3405
0
0
0
0
0
0
4055
3390
0
0
0
0
0
0
1664
2830
0
0
0
0
0
0
3604
1919
0
0
0
0
0
0
2561
3851
0
0
0
0
0
0
1609
102
0
0
0
0
0
0
88
448
0
0
0
0
0
0
3447
1391
0
0
0
0
0
0
2663
3958
0
0
0
0
0
0
2221
3645
0
0
0
0
0
0
1585
1044
0
0
0
0
0
0
3282
472
0
0
0
0
0
0
3858
826
0
0
0
0
0
0
1892
1018
0
0
0
0
0
0
2199
3544
0
0
0
0
0
0
1662
1123
0
0
0
0
0
0
3126
3615
0
0
0
0
0
0
3408
3204
0
0
0
0
0
0
1920
1113
0
0
0
0
0
0
3608
2694
0
0
0
0
0
0
98
1381
0
0
0
0
0
0
526
886
0
0
0
0
0
0
2267
399
0
0
0
0
0
0
2277
81
0
0
0
0
0
0
897
2532
0
0
0
0
0
0
172
1064
0
0
0
0
0
0
949
259
0
0
0
0
0
0
3351
2570
0
0
0
0
0
0
2020
3231
0
0
0
0
0
0
1330
214
0
0
0
0
0
0
2856
1346
0
0
0
0
0
0
3033
3462
0
0
0
0
0
0
400
1500
0
0
0
0
0
0
492
238
0
0
0
0
0
0
1543
3017
0
0
0
0
0
0
113
1008
0
0
0
0
0
0
2748
3402
0
0
0
0
0
0
3888
3405
0
0
0
0
0
0
1483
3966
0
0
0
0
0
0
1214
55
0
0
0
0
0
0
1012
3982
0
0
0
0
0
0
1362
956
0
0
0
0
0
0
343
1902
0
0
0
0
0
0
3917
2934
0
0
0
0
0
0
2884
161
0
0
0
0
0
0
4059
1889
0
0
0
0
0
0
1945
1058
0
0
0
0
0
0
104
2944
0
0
0
0
0
0
2353
3537
0
0
0
0
0
0
837
3387
0
0
0
0
0
0
4049
351
0
0
0
0
0
0
4040
1339
0
0
0
0
0
0
1480
1629
0
0
0
0
0
0
743
3382
0
0
0
0
0
0
54
3792
0
0
0
0
0
0
3248
1519
0
0
0
0
0
0
2329
1062
0
0
0
0
0
0
855
3309
0
0
0
0
0
0
1525
2187
0
0
0
0
0
0
1259
3859
0
0
0
0
0
0
815
1208
0
0
0
0
0
0
616
3478
0
0
0
0
0
0
1485
1630
0
0
0
0
0
0
530
2775
0
0
0
0
0
0
2435
766
0
0
0
0
0
0
2260
689
0
0
0
0
0
0
2895
1353
0
0
0
0
0
0
35
2704
0
0
0
0
0
0
1294
147
0
0
0
0
0
0
1075
3838
0
0
0
0
0
0
3727
59
0
0
0
0
0
0
2701
3759
0
0
0
0
0
0
1871
499
0
0
0
0
0
0
3226
1657
0
0
0
0
0
0
3313
1756
0
0
0
0
0
0
1605
3196
0
0
0
0
0
0
101
2151
0
0
0
0
0
0
3953
2880
0
0
0
0
0
0
2977
1381
0
0
0
0
0
0
3693
3358
0
0
0
0
0
0
4043
2313
0
0
0
0
0
0
2178
3123
0
0
0
0
0
0
215
3113
0
0
0
0
0
0
2894
3809
0
0
0
0
0
0
2284
2524
0
0
0
0
0
0
1320
3546
0
0
0
0
0
0
1700
1923
0
0
0
0
0
0
1022
3954
0
0
0
0
0
0
3032
864
0
0
0
0
0
0
2774
25
0
0
0
0
0
0
796
1165
0
0
0
0
0
0
1487
277
0
0
0
0
0
0
3236
1712
0
0
0
0
0
0
125
1369
0
0
0
0
0
0
1611
2535
0
0
0
0
0
0
2103
592
0
0
0
0
0
0
1076
1251
0
0
0
0
0
0
1030
2381
0
0
0
0
0
0
1831
3519
0
0
0
0
0
0
2972
2088
0
0
0
0
0
0
1065
1369
0
0
0
0
0
0
2840
2518
0
0
0
0
0
0
1212
3786
0
0
0
0
0
0
13
2745
0
0
0
0
0
0
222
1272
0
0
0
0
0
0
3538
1551
0
0
0
0
0
0
2112
3426
0
0
0
0
0
0
1766
3879
0
0
0
0
0
0
710
3992
0
0
0
0
0
0
3694
2121
0
0
0
0
0
0
3632
3842
0
0
0
0
0
0
3255
594
0
0
0
0
0
0
2503
1061
0
0
0
0
0
0
364
311
0
0
0
0
0
0
4071
2690
0
0
0
0
0
0
1351
3954
0
0
0
0
0
0
1100
1017
0
0
0
0
0
0
1044
1498
0
0
0
0
0
0
3424
3501
0
0
0
0
0
0
2191
1787
0
0
0
0
0
0
2910
3867
0
0
0
0
0
0
2548
3347
0
0
0
0
0
0
1254
1519
0
0
0
0
0
0
4083
1586
0
0
0
0
0
0
564
1519
0
0
0
0
0
0
1224
288
0
0
0
0
0
0
3705
708
0
0
0
0
0
0
3007
2133
0
0
0
0
0
0
3431
2980
0
0
0
0
0
0
3916
715
0
0
0
0
0
0
2968
813
0
0
0
0
0
0
182
2742
0
0
0
0
0
0
1942
1531
0
0
0
0
0
0
3686
2568
0
0
0
0
0
0
1537
1603
0
0
0
0
0
0
382
1120
0
0
0
0
0
0
494
773
0
0
0
0
0
0
1610
24
0
0
0
0
0
0
0
1684
0
0
0
0
0
0
1170
250
0
0
0
0
0
0
3647
2621
0
0
0
0
0
0
2608
3233
0
0
0
0
0
0
3089
1810
0
0
0
0
0
0
3646
3664
0
0
0
0
0
0
2822
1091
0
0
0
0
0
0
2040
2768
0
0
0
0
0
0
2186
435
0
0
0
0
0
0
2318
2583
0
0
0
0
0
0
3391
963
0
0
0
0
0
0
243
3638
0
0
0
0
0
0
855
669
0
0
0
0
0
0
3493
2050
0
0
0
0
0
0
3032
977
0
0
0
0
0
0
2107
619
0
0
0
0
0
0
3254
3710
0
0
0
0
0
0
902
3357
0
0
0
0
0
0
798
2867
0
0
0
0
0
0
3358
1498
0
0
0
0
0
0
56
3138
0
0
0
0
0
0
2120
2303
0
0
0
0
0
0
3774
2473
0
0
0
0
0
0
4072
2282
0
0
0
0
0
0
2113
2608
0
0
0
0
0
0
215
1628
0
0
0
0
0
0
3737
650
0
0
0
0
0
0
2982
2024
0
0
0
0
0
0
846
736
0
0
0
0
0
0
2366
481
0
0
0
0
0
0
2883
439
0
0
0
0
0
0
3371
3981
0
0
0
0
0
0
418
497
0
0
0
0
0
0
3837
1074
0
0
0
0
0
0
3453
2685
0
0
0
0
0
0
2090
927
0
0
0
0
0
0
49
481
0
0
0
0
0
0
3571
3842
0
0
0
0
0
0
3405
33
0
0
0
0
0
0
958
2388
0
0
0
0
0
0
1668
1143
0
0
0
0
0
0
4073
2545
0
0
0
0
0
0
3304
2596
0
0
0
0
0
0
699
614
0
0
0
0
0
0
3354
3848
0
0
0
0
0
0
2894
3898
0
0
0
0
0
0
2455
3887
0
0
0
0
0
0
1297
1900
0
0
0
0
0
0
135
3421
0
0
0
0
0
0
3470
1811
0
0
0
0
0
0
574
3056
0
0
0
0
0
0
497
2330
0
0
0
0
0
0
2451
3788
0
0
0
0
0
0
1951
2336
0
0
0
0
0
0
2577
2797
0
0
0
0
0
0
2422
12
0
0
0
0
0
0
3811
2331
0
0
0
0
0
0
1739
71
0
0
0
0
0
0
2510
3957
0
0
0
0
0
0
2027
609
0
0
0
0
0
0
1159
2484
0
0
0
0
0
0
679
1087
0
0
0
0
0
0
1119
812
0
0
0
0
0
0
430
3939
0
0
0
0
0
0
1012
77
0
0
0
0
0
0
2719
3956
0
0
0
0
0
0
2232
1005
0
0
0
0
0
0
146
570
0
0
0
0
0
0
1102
2046
0
0
0
0
0
0
514
68
0
0
0
0
0
0
688
791
0
0
0
0
0
0
1847
1683
0
0
0
0
0
0
3210
438
0
0
0
0
0
0
1485
2561
0
0
0
0
0
0
25
883
0
0
0
0
0
0
1219
4071
0
0
0
0
0
0
3644
1366
0
0
0
0
0
0
2340
4041
0
0
0
0
0
0
627
836
0
0
0
0
0
0
3737
1933
0
0
0
0
0
0
845
3352
0
0
0
0
0
0
3976
1983
0
0
0
0
0
0
1120
3589
0
0
0
0
0
0
868
1785
0
0
0
0
0
0
63
3937
0
0
0
0
0
0
930
2999
0
0
0
0
0
0
208
1038
0
0
0
0
0
0
3256
2626
0
0
0
0
0
0
1090
1304
0
0
0
0
0
0
3443
522
0
0
0
0
0
0
1507
3211
0
0
0
0
0
0
2729
2411
0
0
0
0
0
0
508
2022
0
0
0
0
0
0
3677
2554
0
0
0
0
0
0
97
3593
0
0
0
0
0
0
1450
905
0
0
0
0
0
0
3017
2990
0
0
0
0
0
0
3724
3199
0
0
0
0
0
0
3231
2151
0
0
0
0
0
0
3882
1919
0
0
0
0
0
0
3838
3708
0
0
0
0
0
0
855
539
0
0
0
0
0
0
2807
1049
0
0
0
0
0
0
3012
2661
0
0
0
0
0
0
3027
3778
0
0
0
0
0
0
357
978
0
0
0
0
0
0
2152
2353
0
0
0
0
0
0
1622
261
0
0
0
0
0
0
1521
2162
0
0
0
0
0
0
3569
1456
0
0
0
0
0
0
2319
1592
0
0
0
0
0
0
2443
339
0
0
0
0
0
0
1019
641
0
0
0
0
0
0
3291
801
0
0
0
0
0
0
929
2927
0
0
0
0
0
0
1734
3313
0
0
0
0
0
0
3917
2573
0
0
0
0
0
0
271
2922
0
0
0
0
0
0
2763
3283
0
0
0
0
0
0
2955
3768
0
0
0
0
0
0
1029
1368
0
0
0
0
0
0
3151
4092
0
0
0
0
0
0
1088
1799
0
0
0
0
0
0
3759
2363
0
0
0
0
0
0
75
1170
0
0
0
0
0
0
331
1887
0
0
0
0
0
0
3219
2294
0
0
0
0
0
0
1735
3278
0
0
0
0
0
0
554
2951
0
0
0
0
0
0
2584
3367
0
0
0
0
0
0
3463
1720
0
0
0
0
0
0
895
1186
0
0
0
0
0
0
328
748
0
0
0
0
0
0
1318
1949
0
0
0
0
0
0
1025
1104
0
0
0
0
0
0
3261
1058
0
0
0
0
0
0
775
3946
0
0
0
0
0
0
1351
575
0
0
0
0
0
0
1230
1351
0
0
0
0
0
0
1922
1131
0
0
0
0
0
0
2661
213
0
0
0
0
0
0
1633
2394
0
0
0
0
0
0
3009
3871
0
0
0
0
0
0
2394
2815
0
0
0
0
0
0
1962
1806
0
0
0
0
0
0
515
2508
0
0
0
0
0
0
1987
222
0
0
0
0
0
0
948
3989
0
0
0
0
0
0
1480
1927
0
0
0
0
0
0
2509
1151
0
0
0
0
0
0
752
2054
0
0
0
0
0
0
3813
2593
0
0
0
0
0
0
1077
2487
0
0
0
0
0
0
2262
2654
0
0
0
0
0
0
1290
1386
0
0
0
0
0
0
791
1399
0
0
0
0
0
0
3113
3616
0
0
0
0
0
0
3051
2168
0
0
0
0
0
0
4009
2389
0
0
0
0
0
0
1222
3534
0
0
0
0
0
0
2153
1918
0
0
0
0
0
0
1561
3466
0
0
0
0
0
0
2973
621
0
0
0
0
0
0
2920
2038
0
0
0
0
0
0
3883
721
0
0
0
0
0
0
1074
2263
0
0
0
0
0
0
2193
597
0
0
0
0
0
0
2236
1938
0
0
0
0
0
0
4042
2457
0
0
0
0
0
0
2154
1691
0
0
0
0
0
0
1247
2655
0
0
0
0
0
0
87
3900
0
0
0
0
0
0
2247
237
0
0
0
0
0
0
1804
1211
0
0
0
0
0
0
1890
648
0
0
0
0
0
0
783
1841
0
0
0
0
0
0
1109
363
0
0
0
0
0
0
2388
3635
0
0
0
0
0
0
3023
985
0
0
0
0
0
0
3946
2985
0
0
0
0
0
0
987
1823
0
0
0
0
0
0
2927
2709
0
0
0
0
0
0
2903
2771
0
0
0
0
0
0
2068
2606
0
0
0
0
0
0
2955
2416
0
0
0
0
0
0
2225
2156
0
0
0
0
0
0
3516
2039
0
0
0
0
0
0
3847
3341
0
0
0
0
0
0
1161
945
0
0
0
0
0
0
829
373
0
0
0
0
0
0
1845
651
0
0
0
0
0
0
584
4057
0
0
0
0
0
0
55
2430
0
0
0
0
0
0
3831
252
0
0
0
0
0
0
373
3384
0
0
0
0
0
0
2556
1957
0
0
0
0
0
0
3946
3524
0
0
0
0
0
0
1053
584
0
0
0
0
0
0
1087
956
0
0
0
0
0
0
1336
1488
0
0
0
0
0
0
373
1384
0
0
0
0
0
0
1616
2306
0
0
0
0
0
0
606
1651
0
0
0
0
0
0
1729
3739
0
0
0
0
0
0
3892
1048
0
0
0
0
0
0
803
2002
0
0
0
0
0
0
2417
1891
0
0
0
0
0
0
1844
3680
0
0
0
0
0
0
2463
938
0
0
0
0
0
0
1655
2114
0
0
0
0
0
0
895
462
0
0
0
0
0
0
712
3441
0
0
0
0
0
0
285
3147
0
0
0
0
0
0
1401
3424
0
0
0
0
0
0
2757
1928
0
0
0
0
0
0
3341
231
0
0
0
0
0
0
373
4025
0
0
0
0
0
0
2195
2618
0
0
0
0
0
0
1219
2749
0
0
0
0
0
0
245
3710
0
0
0
0
0
0
1256
3525
0
0
0
0
0
0
4003
253
0
0
0
0
0
0
3274
761
0
0
0
0
0
0
628
3943
0
0
0
0
0
0
3287
1305
0
0
0
0
0
0
2006
2203
0
0
0
0
0
0
807
3669
0
0
0
0
0
0
2494
2138
0
0
0
0
0
0
1937
2318
0
0
0
0
0
0
4080
210
0
0
0
0
0
0
2529
1858
0
0
0
0
0
0
589
3789
0
0
0
0
0
0
3407
818
0
0
0
0
0
0
1447
2895
0
0
0
0
0
0
3829
446
0
0
0
0
0
0
2143
2062
0
0
0
0
0
0
310
4022
0
0
0
0
0
0
2502
1928
0
0
0
0
0
0
1023
3370
0
0
0
0
0
0
3430
882
0
0
0
0
0
0
1872
2414
0
0
0
0
0
0
3999
241
0
0
0
0
0
0
2393
1827
0
0
0
0
0
0
251
3945
0
0
0
0
0
0
2711
1468
0
0
0
0
0
0
463
3705
0
0
0
0
0
0
2906
1248
0
0
0
0
0
0
592
3560
0
0
0
0
0
0
3025
1114
0
0
0
0
0
0
669
3472
0
0
0
0
0
0
3097
1033
0
0
0
0
0
0
715
3420
0
0
0
0
0
0
3140
984
0
0
0
0
0
0
742
3390
0
0
0
0
0
0
3165
956
0
0
0
0
0
0
756
3373
0
0
0
0
0
0
3179
939
0
0
0
0
0
0
763
3364
0
0
0
0
0
0
3187
930
0
0
0
0
0
0
766
3360
0
0
0
0
0
0
3191
925
0
0
0
0
0
0
766
3360
0
0
0
0
0
0
3192
924
0
0
0
0
0
0
765
3361
0
0
0
0
0
0
3191
924
0
0
0
0
0
0
762
3363
0
0
0
0
0
0
3190
925
0
0
0
0
0
0
759
3367
0
0
0
0
0
0
3188
927
0
0
0
0
0
0
755
3370
0
0
0
0
0
0
3186
929
0
0
0
0
0
0
751
3374
0
0
0
0
0
0
3183
931
0
0
0
0
0
0
747
3378
0
0
0
0
0
0
3181
934
0
0
0
0
0
0
742
3382
0
0
0
0
0
0
3178
937
0
0
0
0
0
0
738
3387
0
0
0
0
0
0
3175
939
0
0
0
0
0
0
734
3391
0
0
0
0
0
0
3172
942
0
0
0
0
0
0
730
3395
0
0
0
0
0
0
3170
945
0
0
0
0
0
0
725
3399
0
0
0
0
0
0
3167
948
0
0
0
0
0
0
721
3404
0
0
0
0
0
0
3164
951
0
0
0
0
0
0
717
3408
0
0
0
0
0
0
3161
953
0
0
0
0
0
0
712
3412
0
0
0
0
0
0
3158
956
0
0
0
0
0
0
708
3416
0
0
0
0
0
0
3155
959
0
0
0
0
0
0
704
3421
0
0
0
0
0
0
3153
962
0
0
0
0
0
0
699
3425
0
0
0
0
0
0
3150
965
0
0
0
0
0
0
695
3429
0
0
0
0
0
0
3147
967
0
0
0
0
0
0
691
3434
0
0
0
0
0
0
3144
970
0
0
0
0
0
0
687
3438
0
0
0
0
0
0
3141
973
0
0
0
0
0
0
682
3442
0
0
0
0
0
0
3139
976
0
0
0
0
0
0
678
3446
0
0
0
0
0
0
3136
979
0
0
0
0
0
0
674
3451
0
0
0
0
0
0
3133
981
0
0
0
0
0
0
669
3455
0
0
0
0
0
0
3130
984
0
0
0
0
0
0
665
3459
0
0
0
0
0
0
3127
987
0
0
0
0
0
0
661
3463
0
0
0
0
0
0
3124
990
0
0
0
0
0
0
657
3468
0
0
0
0
0
0
3122
993
0
0
0
0
0
0
652
3472
0
0
0
0
0
0
3119
995
0
0
0
0
0
0
648
3476
0
0
0
0
0
0
3116
998
0
0
0
0
0
0
644
3480
0
0
0
0
0
0
3113
1001
0
0
0
0
0
0
640
3485
0
0
0
0
0
0
3110
1004
0
0
0
0
0
0
635
3489
0
0
0
0
0
0
3108
1006
0
0
0
0
0
0
631
3493
0
0
0
0
0
0
3105
1009
0
0
0
0
0
0
627
3497
0
0
0
0
0
0
3102
1012
0
0
0
0
0
0
623
3501
0
0
0
0
0
0
3099
1015
0
0
0
0
0
0
618
3506
0
0
0
0
0
0
3097
1018
0
0
0
0
0
0
614
3510
0
0
0
0
0
0
3094
1020
0
0
0
0
0
0
610
3514
0
0
0
0
0
0
3091
1023
0
0
0
0
0
0
606
3518
0
0
0
0
0
0
3088
1026
0
0
0
0
0
0
601
3522
0
0
0
0
0
0
3085
1029
0
0
0
0
0
0
597
3527
0
0
0
0
0
0
3083
1031
0
0
0
0
0
0
593
3531
0
0
0
0
0
0
3080
1034
0
0
0
0
0
0
589
3535
0
0
0
0
0
0
3077
1037
0
0
0
0
0
0
585
3539
0
0
0
0
0
0
3074
1040
0
0
0
0
0
0
580
3543
0
0
0
0
0
0
3072
1042
0
0
0
0
0
0
576
3548
0
0
0
0
0
0
3069
1045
0
0
0
0
0
0
572
3552
0
0
0
0
0
0
3066
1048
0
0
0
0
0
0
568
3556
0
0
0
0
0
0
3063
1051
0
0
0
0
0
0
564
3560
0
0
0
0
0
0
3061
1053
0
0
0
0
0
0
560
3564
0
0
0
0
0
0
3058
1056
0
0
0
0
0
0
555
3568
0
0
0
0
0
0
3055
1059
0
0
0
0
0
0
551
3572
0
0
0
0
0
0
3052
1061
0
0
0
0
0
0
547
3577
0
0
0
0
0
0
3050
1064
0
0
0
0
0
0
543
3581
0
0
0
0
0
0
3047
1067
0
0
0
0
0
0
539
3585
0
0
0
0
0
0
3044
1070
0
0
0
0
0
0
534
3589
0
0
0
0
0
0
3041
1072
0
0
0
0
0
0
530
3593
0
0
0
0
0
0
3039
1075
0
0
0
0
0
0
526
3597
0
0
0
0
0
0
3036
1078
0
0
0
0
0
0
522
3601
0
0
0
0
0
0
3033
1080
0
0
0
0
0
0
518
3606
0
0
0
0
0
0
3031
1083
0
0
0
0
0
0
514
3610
0
0
0
0
0
0
3028
1086
0
0
0
0
0
0
510
3614
0
0
0
0
0
0
3025
1089
0
0
0
0
0
0
505
3618
0
0
0
0
0
0
3022
1091
0
0
0
0
0
0
501
3622
0
0
0
0
0
0
3020
1094
0
0
0
0
0
0
497
3626
0
0
0
0
0
0
3017
1097
0
0
0
0
0
0
493
3630
0
0
0
0
0
0
3014
1099
0
0
0
0
0
0
489
3634
0
0
0
0
0
0
3012
1102
0
0
0
0
0
0
485
3638
0
0
0
0
0
0
3009
1105
0
0
0
0
0
0
481
3642
0
0
0
0
0
0
3006
1107
0
0
0
0
0
0
477
3647
0
0
0
0
0
0
3003
1110
0
0
0
0
0
0
473
3651
0
0
0
0
0
0
3001
1113
0
0
0
0
0
0
468
3655
0
0
0
0
0
0
2998
1115
0
0
0
0
0
0
464
3659
0
0
0
0
0
0
2995
1118
0
0
0
0
0
0
460
3663
0
0
0
0
0
0
2993
1121
0
0
0
0
0
0
456
3667
0
0
0
0
0
0
2990
1123
0
0
0
0
0
0
452
3671
0
0
0
0
0
0
2987
1126
0
0
0
0
0
0
448
3675
0
0
0
0
0
0
2985
1129
0
0
0
0
0
0
444
3679
0
0
0
0
0
0
2982
1131
0
0
0
0
0
0
440
3683
0
0
0
0
0
0
2979
1134
0
0
0
0
0
0
436
3687
0
0
0
0
0
0
2977
1137
0
0
0
0
0
0
432
3691
0
0
0
0
0
0
2974
1139
0
0
0
0
0
0
428
3695
0
0
0
0
0
0
2971
1142
0
0
0
0
0
0
424
3699
0
0
0
0
0
0
2969
1145
0
0
0
0
0
0
420
3703
0
0
0
0
0
0
2966
1147
0
0
0
0
0
0
416
3707
0
0
0
0
0
0
2963
1150
0
0
0
0
0
0
411
3711
0
0
0
0
0
0
2961
1153
0
0
0
0
0
0
407
3715
0
0
0
0
0
0
2958
1155
0
0
0
0
0
0
403
3719
0
0
0
0
0
0
2955
1158
0
0
0
0
0
0
399
3723
0
0
0
0
0
0
2953
1161
0
0
0
0
0
0
395
3727
0
0
0
0
0
0
2950
1163
0
0
0
0
0
0
391
3731
0
0
0
0
0
0
2947
1166
0
0
0
0
0
0
387
3735
0
0
0
0
0
0
2945
1168
0
0
0
0
0
0
383
3739
0
0
0
0
0
0
2942
1171
0
0
0
0
0
0
379
3743
0
0
0
0
0
0
2939
1174
0
0
0
0
0
0
375
3747
0
0
0
0
0
0
2937
1176
0
0
0
0
0
0
371
3751
0
0
0
0
0
0
2934
1179
0
0
0
0
0
0
367
3755
0
0
0
0
0
0
2931
1182
0
0
0
0
0
0
363
3759
0
0
0
0
0
0
2929
1184
0
0
0
0
0
0
359
3763
0
0
0
0
0
0
2926
1187
0
0
0
0
0
0
355
3767
0
0
0
0
0
0
2924
1189
0
0
0
0
0
0
351
3771
0
0
0
0
0
0
2921
1192
0
0
0
0
0
0
347
3775
0
0
0
0
0
0
2918
1195
0
0
0
0
0
0
343
3779
0
0
0
0
0
0
2916
1197
0
0
0
0
0
0
339
3783
0
0
0
0
0
0
2913
1200
0
0
0
0
0
0
335
3787
0
0
0
0
0
0
2910
1202
0
0
0
0
0
0
331
3791
0
0
0
0
0
0
2908
1205
0
0
0
0
0
0
327
3795
0
0
0
0
0
0
2905
1208
0
0
0
0
0
0
323
3799
0
0
0
0
0
0
2903
1210
0
0
0
0
0
0
319
3803
0
0
0
0
0
0
2900
1213
0
0
0
0
0
0
315
3807
0
0
0
0
0
0
2897
1215
0
0
0
0
0
0
311
3811
0
0
0
0
0
0
2895
1218
0
0
0
0
0
0
307
3815
0
0
0
0
0
0
2892
1221
0
0
0
0
0
0
304
3819
0
0
0
0
0
0
2890
1223
0
0
0
0
0
0
300
3823
0
0
0
0
0
0
2887
1226
0
0
0
0
0
0
296
3826
0
0
0
0
0
0
2884
1228
0
0
0
0
0
0
292
3830
0
0
0
0
0
0
2882
1231
0
0
0
0
0
0
288
3834
0
0
0
0
0
0
2879
1233
0
0
0
0
0
0
284
3838
0
0
0
0
0
0
2877
1236
0
0
0
0
0
0
280
3842
0
0
0
0
0
0
2874
1239
0
0
0
0
0
0
276
3846
0
0
0
0
0
0
2872
1241
0
0
0
0
0
0
272
3850
0
0
0
0
0
0
2869
1244
0
0
0
0
0
0
268
3854
0
0
0
0
0
0
2866
1246
0
0
0
0
0
0
264
3858
0
0
0
0
0
0
2864
1249
0
0
0
0
0
0
260
3862
0
0
0
0
0
0
2861
1251
0
0
0
0
0
0
256
3865
0
0
0
0
0
0
2859
1254
0
0
0
0
0
0
252
3869
0
0
0
0
0
0
2856
1256
0
0
0
0
0
0
249
3873
0
0
0
0
0
0
2854
1259
0
0
0
0
0
0
245
3877
0
0
0
0
0
0
2851
1262
0
0
0
0
0
0
241
3881
0
0
0
0
0
0
2848
1264
0
0
0
0
0
0
237
3885
0
0
0
0
0
0
2846
1267
0
0
0
0
0
0
233
3889
0
0
0
0
0
0
2843
1269
0
0
0
0
0
0
229
3893
0
0
0
0
0
0
2841
1272
0
0
0
0
0
0
225
3896
0
0
0
0
0
0
2838
1274
0
0
0
0
0
0
221
3900
0
0
0
0
0
0
2836
1277
0
0
0
0
0
0
217
3904
0
0
0
0
0
0
2833
1279
0
0
0
0
0
0
214
3908
0
0
0
0
0
0
2831
1282
0
0
0
0
0
0
210
3912
0
0
0
0
0
0
2828
1284
0
0
0
0
0
0
206
3916
0
0
0
0
0
0
2826
1287
0
0
0
0
0
0
202
3919
0
0
0
0
0
0
2823
1289
0
0
0
0
0
0
198
3923
0
0
0
0
0
0
2820
1292
0
0
0
0
0
0
194
3927
0
0
0
0
0
0
2818
1294
0
0
0
0
0
0
190
3931
0
0
0
0
0
0
2815
1297
0
0
0
0
0
0
187
3935
0
0
0
0
0
0
2813
1299
0
0
0
0
0
0
183
3939
0
0
0
0
0
0
2810
1302
0
0
0
0
0
0
179
3942
0
0
0
0
0
0
2808
1304
0
0
0
0
0
0
175
3946
0
0
0
0
0
0
2805
1307
0
0
0
0
0
0
171
3950
0
0
0
0
0
0
2803
1309
0
0
0
0
0
0
167
3954
0
0
0
0
0
0
2800
1312
0
0
0
0
0
0
164
3958
0
0
0
0
0
0
2798
1314
0
0
0
0
0
0
160
3961
0
0
0
0
0
0
2795
1317
0
0
0
0
0
0
156
3965
0
0
0
0
0
0
2793
1319
0
0
0
0
0
0
152
3969
0
0
0
0
0
0
2790
1322
0
0
0
0
0
0
148
3973
0
0
0
0
0
0
2788
1324
0
0
0
0
0
0
145
3977
0
0
0
0
0
0
2785
1327
0
0
0
0
0
0
141
3980
0
0
0
0
0
0
2783
1329
0
0
0
0
0
0
137
3984
0
0
0
0
0
0
2780
1332
0
0
0
0
0
0
133
3988
0
0
0
0
0
0
2778
1334
0
0
0
0
0
0
129
3992
0
0
0
0
0
0
2775
1337
0
0
0
0
0
0
126
3995
0
0
0
0
0
0
2773
1339
0
0
0
0
0
0
122
3999
0
0
0
0
0
0
2770
1342
0
0
0
0
0
0
118
4003
0
0
0
0
0
0
2768
1344
0
0
0
0
0
0
114
4007
0
0
0
0
0
0
2765
1347
0
0
0
0
0
0
110
4011
0
0
0
0
0
0
2763
1349
0
0
0
0
0
0
107
4014
0
0
0
0
0
0
2760
1352
0
0
0
0
0
0
103
4018
0
0
0
0
0
0
2758
1354
0
0
0
0
0
0
99
4022
0
0
0
0
0
0
2755
1357
0
0
0
0
0
0
95
4025
0
0
0
0
0
0
2753
1359
0
0
0
0
0
0
92
4029
0
0
0
0
0
0
2750
1362
0
0
0
0
0
0
88
4033
0
0
0
0
0
0
2748
1364
0
0
0
0
0
0
84
4037
0
0
0
0
0
0
2745
1366
0
0
0
0
0
0
80
4040
0
0
0
0
0
0
2743
1369
0
0
0
0
0
0
77
4044
0
0
0
0
0
0
2741
1371
0
0
0
0
0
0
73
4048
0
0
0
0
0
0
2738
1374
0
0
0
0
0
0
69
4052
0
0
0
0
0
0
2736
1376
0
0
0
0
0
0
65
4055
0
0
0
0
0
0
2733
1379
0
0
0
0
0
0
62
4059
0
0
0
0
0
0
2731
1381
0
0
0
0
0
0
58
4063
0
0
0
0
0
0
2728
1384
0
0
0
0
0
0
54
4066
0
0
0
0
0
0
2726
1386
0
0
0
0
0
0
50
4070
0
0
0
0
0
0
2723
1388
0
0
0
0
0
0
47
4074
0
0
0
0
0
0
2721
1391
0
0
0
0
0
0
43
4078
0
0
0
0
0
0
2719
1393
0
0
0
0
0
0
39
4081
0
0
0
0
0
0
2716
1396
0
0
0
0
0
0
36
4085
0
0
0
0
0
0
2714
1398
0
0
0
0
0
0
32
4089
0
0
0
0
0
0
2711
1401
0
0
0
0
0
0
28
4092
0
0
0
0
0
0
2709
1403
0
0
0
0
0
0
24
0
0
0
0
0
0
0
2706
1405
0
0
0
0
0
0
21
4
0
0
0
0
0
0
2704
1408
0
0
0
0
0
0
17
7
0
0
0
0
0
0
2701
1410
0
0
0
0
0
0
13
11
0
0
0
0
0
0
2699
1413
0
0
0
0
0
0
10
15
0
0
0
0
0
0
2697
1415
0
0
0
0
0
0
6
18
0
0
0
0
0
0
2694
1417
0
0
0
0
0
0
2
22
0
0
0
0
0
0
2692
1420
0
0
0
0
0
0
4095
26
0
0
0
0
0
0
2689
1422
0
0
0
0
0
0
4091
29
0
0
0
0
0
0
2687
1425
0
0
0
0
0
0
4087
33
0
0
0
0
0
0
2685
1427
0
0
0
0
0
0
4084
37
0
0
0
0
0
0
2682
1429
0
0
0
0
0
0
4080
40
0
0
0
0
0
0
2680
1432
0
0
0
0
0
0
4076
44
0
0
0
0
0
0
2677
1434
0
0
0
0
0
0
4073
47
0
0
0
0
0
0
2675
1437
0
0
0
0
0
0
4069
51
0
0
0
0
0
0
2673
1439
0
0
0
0
0
0
4065
55
0
0
0
0
0
0
2670
1441
0
0
0
0
0
0
4062
58
0
0
0
0
0
0
2668
1444
0
0
0
0
0
0
4058
62
0
0
0
0
0
0
2665
1446
0
0
0
0
0
0
4054
66
0
0
0
0
0
0
2663
1448
0
0
0
0
0
0
4051
69
0
0
0
0
0
0
2661
1451
0
0
0
0
0
0
4047
73
0
0
0
0
0
0
2658
1453
0
0
0
0
0
0
4043
76
0
0
0
0
0
0
2656
1456
0
0
0
0
0
0
4040
80
0
0
0
0
0
0
2653
1458
0
0
0
0
0
0
4036
84
0
0
0
0
0
0
2651
1460
0
0
0
0
0
0
4033
87
0
0
0
0
0
0
2649
1463
0
0
0
0
0
0
4029
91
0
0
0
0
0
0
2646
1465
0
0
0
0
0
0
4025
94
0
0
0
0
0
0
2644
1467
0
0
0
0
0
0
4022
98
0
0
0
0
0
0
2642
1470
0
0
0
0
0
0
4018
102
0
0
0
0
0
0
2639
1472
0
0
0
0
0
0
4015
105
0
0
0
0
0
0
2637
1474
0
0
0
0
0
0
4011
109
0
0
0
0
0
0
2634
1477
0
0
0
0
0
0
4007
112
0
0
0
0
0
0
2632
1479
0
0
0
0
0
0
4004
116
0
0
0
0
0
0
2630
1482
0
0
0
0
0
0
4000
119
0
0
0
0
0
0
2627
1484
0
0
0
0
0
0
3997
123
0
0
0
0
0
0
2625
1486
0
0
0
0
0
0
3993
127
0
0
0
0
0
0
2623
1489
0
0
0
0
0
0
3989
130
0
0
0
0
0
0
2620
1491
0
0
0
0
0
0
3986
134
0
0
0
0
0
0
2618
1493
0
0
0
0
0
0
3982
137
0
0
0
0
0
0
2616
1496
0
0
0
0
0
0
3979
141
0
0
0
0
0
0
2613
1498
0
0
0
0
0
0
3975
144
0
0
0
0
0
0
2611
1500
0
0
0
0
0
0
3972
148
0
0
0
0
0
0
2609
1503
0
0
0
0
0
0
3968
151
0
0
0
0
0
0
2606
1505
0
0
0
0
0
0
3964
155
0
0
0
0
0
0
2604
1507
0
0
0
0
0
0
3961
159
0
0
0
0
0
0
2601
1510
0
0
0
0
0
0
3957
162
0
0
0
0
0
0
2599
1512
0
0
0
0
0
0
3954
166
0
0
0
0
0
0
2597
1514
0
0
0
0
0
0
3950
169
0
0
0
0
0
0
2594
1516
0
0
0
0
0
0
3947
173
0
0
0
0
0
0
2592
1519
0
0
0
0
0
0
3943
176
0
0
0
0
0
0
2590
1521
0
0
0
0
0
0
3940
180
0
0
0
0
0
0
2588
1523
0
0
0
0
0
0
3936
183
0
0
0
0
0
0
2585
1526
0
0
0
0
0
0
3933
187
0
0
0
0
0
0
2583
1528
0
0
0
0
0
0
3929
190
0
0
0
0
0
0
2581
1530
0
0
0
0
0
0
3925
194
0
0
0
0
0
0
2578
1533
0
0
0
0
0
0
3922
197
0
0
0
0
0
0
2576
1535
0
0
0
0
0
0
3918
201
0
0
0
0
0
0
2574
1537
0
0
0
0
0
0
3915
204
0
0
0
0
0
0
2571
1540
0
0
0
0
0
0
3911
208
0
0
0
0
0
0
2569
1542
0
0
0
0
0
0
3908
211
0
0
0
0
0
0
2567
1544
0
0
0
0
0
0
3904
215
0
0
0
0
0
0
2564
1546
0
0
0
0
0
0
3901
218
0
0
0
0
0
0
2562
1549
0
0
0
0
0
0
3897
222
0
0
0
0
0
0
2560
1551
0
0
0
0
0
0
3894
225
0
0
0
0
0
0
2557
1553
0
0
0
0
0
0
3890
229
0
0
0
0
0
0
2555
1556
0
0
0
0
0
0
3887
232
0
0
0
0
0
0
2553
1558
0
0
0
0
0
0
3883
236
0
0
0
0
0
0
2551
1560
0
0
0
0
0
0
3880
239
0
0
0
0
0
0
2548
1562
0
0
0
0
0
0
3876
242
0
0
0
0
0
0
2546
1565
0
0
0
0
0
0
3873
246
0
0
0
0
0
0
2544
1567
0
0
0
0
0
0
3869
249
0
0
0
0
0
0
2541
1569
0
0
0
0
0
0
3866
253
0
0
0
0
0
0
2539
1571
0
0
0
0
0
0
3863
256
0
0
0
0
0
0
2537
1574
0
0
0
0
0
0
3859
260
0
0
0
0
0
0
2535
1576
0
0
0
0
0
0
3856
263
0
0
0
0
0
0
2532
1578
0
0
0
0
0
0
3852
267
0
0
0
0
0
0
2530
1581
0
0
0
0
0
0
3849
270
0
0
0
0
0
0
2528
1583
0
0
0
0
0
0
3845
273
0
0
0
0
0
0
2526
1585
0
0
0
0
0
0
3842
277
0
0
0
0
0
0
2523
1587
0
0
0
0
0
0
3838
280
0
0
0
0
0
0
2521
1590
0
0
0
0
0
0
3835
284
0
0
0
0
0
0
2519
1592
0
0
0
0
0
0
3831
287
0
0
0
0
0
0
2516
1594
0
0
0
0
0
0
3828
291
0
0
0
0
0
0
2514
1596
0
0
0
0
0
0
3825
294
0
0
0
0
0
0
2512
1599
0
0
0
0
0
0
3821
297
0
0
0
0
0
0
2510
1601
0
0
0
0
0
0
3818
301
0
0
0
0
0
0
2507
1603
0
0
0
0
0
0
3814
304
0
0
0
0
0
0
2505
1605
0
0
0
0
0
0
3811
308
0
0
0
0
0
0
2503
1607
0
0
0
0
0
0
3807
311
0
0
0
0
0
0
2501
1610
0
0
0
0
0
0
3804
314
0
0
0
0
0
0
2498
1612
0
0
0
0
0
0
3801
318
0
0
0
0
0
0
2496
1614
0
0
0
0
0
0
3797
321
0
0
0
0
0
0
2494
1616
0
0
0
0
0
0
3794
325
0
0
0
0
0
0
2492
1619
0
0
0
0
0
0
3790
328
0
0
0
0
0
0
2490
1621
0
0
0
0
0
0
3787
331
0
0
0
0
0
0
2487
1623
0
0
0
0
0
0
3784
335
0
0
0
0
0
0
2485
1625
0
0
0
0
0
0
3780
338
0
0
0
0
0
0
2483
1627
0
0
0
0
0
0
3777
341
0
0
0
0
0
0
2481
1630
0
0
0
0
0
0
3773
345
0
0
0
0
0
0
2478
1632
0
0
0
0
0
0
3770
348
0
0
0
0
0
0
2476
1634
0
0
0
0
0
0
3767
352
0
0
0
0
0
0
2474
1636
0
0
0
0
0
0
3763
355
0
0
0
0
0
0
2472
1639
0
0
0
0
0
0
3760
358
0
0
0
0
0
0
2469
1641
0
0
0
0
0
0
3757
362
0
0
0
0
0
0
2467
1643
0
0
0
0
0
0
3753
365
0
0
0
0
0
0
2465
1645
0
0
0
0
0
0
3750
368
0
0
0
0
0
0
2463
1647
0
0
0
0
0
0
3746
372
0
0
0
0
0
0
2461
1650
0
0
0
0
0
0
3743
375
0
0
0
0
0
0
2458
1652
0
0
0
0
0
0
3740
378
0
0
0
0
0
0
2456
1654
0
0
0
0
0
0
3736
382
0
0
0
0
0
0
2454
1656
0
0
0
0
0
0
3733
385
0
0
0
0
0
0
2452
1658
0
0
0
0
0
0
3730
388
0
0
0
0
0
0
2450
1660
0
0
0
0
0
0
3726
392
0
0
0
0
0
0
2447
1663
0
0
0
0
0
0
3723
395
0
0
0
0
0
0
2445
1665
0
0
0
0
0
0
3720
398
0
0
0
0
0
0
2443
1667
0
0
0
0
0
0
3716
402
0
0
0
0
0
0
2441
1669
0
0
0
0
0
0
3713
405
0
0
0
0
0
0
2439
1671
0
0
0
0
0
0
3710
408
0
0
0
0
0
0
2436
1674
0
0
0
0
0
0
3706
412
0
0
0
0
0
0
2434
1676
0
0
0
0
0
0
3703
415
0
0
0
0
0
0
2432
1678
0
0
0
0
0
0
3700
418
0
0
0
0
0
0
2430
1680
0
0
0
0
0
0
3696
421
0
0
0
0
0
0
2428
1682
0
0
0
0
0
0
3693
425
0
0
0
0
0
0
2426
1684
0
0
0
0
0
0
3690
428
0
0
0
0
0
0
2423
1687
0
0
0
0
0
0
3686
431
0
0
0
0
0
0
2421
1689
0
0
0
0
0
0
3683
435
0
0
0
0
0
0
2419
1691
0
0
0
0
0
0
3680
438
0
0
0
0
0
0
2417
1693
0
0
0
0
0
0
3676
441
0
0
0
0
0
0
2415
1695
0
0
0
0
0
0
3673
444
0
0
0
0
0
0
2412
1697
0
0
0
0
0
0
3670
448
0
0
0
0
0
0
2410
1700
0
0
0
0
0
0
3667
451
0
0
0
0
0
0
2408
1702
0
0
0
0
0
0
3663
454
0
0
0
0
0
0
2406
1704
0
0
0
0
0
0
3660
458
0
0
0
0
0
0
2404
1706
0
0
0
0
0
0
3657
461
0
0
0
0
0
0
2402
1708
0
0
0
0
0
0
3653
464
0
0
0
0
0
0
2400
1710
0
0
0
0
0
0
3650
467
0
0
0
0
0
0
2397
1712
0
0
0
0
0
0
3647
471
0
0
0
0
0
0
2395
1715
0
0
0
0
0
0
3644
474
0
0
0
0
0
0
2393
1717
0
0
0
0
0
0
3640
477
0
0
0
0
0
0
2391
1719
0
0
0
0
0
0
3637
480
0
0
0
0
0
0
2389
1721
0
0
0
0
0
0
3634
484
0
0
0
0
0
0
2387
1723
0
0
0
0
0
0
3631
487
0
0
0
0
0
0
2384
1725
0
0
0
0
0
0
3627
490
0
0
0
0
0
0
2382
1727
0
0
0
0
0
0
3624
493
0
0
0
0
0
0
2380
1729
0
0
0
0
0
0
3621
497
0
0
0
0
0
0
2378
1732
0
0
0
0
0
0
3618
500
0
0
0
0
0
0
2376
1734
0
0
0
0
0
0
3614
503
0
0
0
0
0
0
2374
1736
0
0
0
0
0
0
3611
506
0
0
0
0
0
0
2372
1738
0
0
0
0
0
0
3608
509
0
0
0
0
0
0
2370
1740
0
0
0
0
0
0
3605
513
0
0
0
0
0
0
2367
1742
0
0
0
0
0
0
3601
516
0
0
0
0
0
0
2365
1744
0
0
0
0
0
0
3598
519
0
0
0
0
0
0
2363
1746
0
0
0
0
0
0
3595
522
0
0
0
0
0
0
2361
1749
0
0
0
0
0
0
3592
526
0
0
0
0
0
0
2359
1751
0
0
0
0
0
0
3588
529
0
0
0
0
0
0
2357
1753
0
0
0
0
0
0
3585
532
0
0
0
0
0
0
2355
1755
0
0
0
0
0
0
3582
535
0
0
0
0
0
0
2353
1757
0
0
0
0
0
0
3579
538
0
0
0
0
0
0
2350
1759
0
0
0
0
0
0
3576
541
0
0
0
0
0
0
2348
1761
0
0
0
0
0
0
3572
545
0
0
0
0
0
0
2346
1763
0
0
0
0
0
0
3569
548
0
0
0
0
0
0
2344
1765
0
0
0
0
0
0
3566
551
0
0
0
0
0
0
2342
1767
0
0
0
0
0
0
3563
554
0
0
0
0
0
0
2340
1769
0
0
0
0
0
0
3560
557
0
0
0
0
0
0
2338
1772
0
0
0
0
0
0
3556
561
0
0
0
0
0
0
2336
1774
0
0
0
0
0
0
3553
564
0
0
0
0
0
0
2334
1776
0
0
0
0
0
0
3550
567
0
0
0
0
0
0
2332
1778
0
0
0
0
0
0
3547
570
0
0
0
0
0
0
2329
1780
0
0
0
0
0
0
3544
573
0
0
0
0
0
0
2327
1782
0
0
0
0
0
0
3540
576
0
0
0
0
0
0
2325
1784
0
0
0
0
0
0
3537
580
0
0
0
0
0
0
2323
1786
0
0
0
0
0
0
3534
583
0
0
0
0
0
0
2321
1788
0
0
0
0
0
0
3531
586
0
0
0
0
0
0
2319
1790
0
0
0
0
0
0
3528
589
0
0
0
0
0
0
2317
1792
0
0
0
0
0
0
3525
592
0
0
0
0
0
0
2315
1794
0
0
0
0
0
0
3521
595
0
0
0
0
0
0
2313
1796
0
0
0
0
0
0
3518
598
0
0
0
0
0
0
2311
1799
0
0
0
0
0
0
3515
602
0
0
0
0
0
0
2309
1801
0
0
0
0
0
0
3512
605
0
0
0
0
0
0
2307
1803
0
0
0
0
0
0
3509
608
0
0
0
0
0
0
2304
1805
0
0
0
0
0
0
3506
611
0
0
0
0
0
0
2302
1807
0
0
0
0
0
0
3502
614
0
0
0
0
0
0
2300
1809
0
0
0
0
0
0
3499
617
0
0
0
0
0
0
2298
1811
0
0
0
0
0
0
3496
620
0
0
0
0
0
0
2296
1813
0
0
0
0
0
0
3493
623
0
0
0
0
0
0
2294
1815
0
0
0
0
0
0
3490
627
0
0
0
0
0
0
2292
1817
0
0
0
0
0
0
3487
630
0
0
0
0
0
0
2290
1819
0
0
0
0
0
0
3484
633
0
0
0
0
0
0
2288
1821
0
0
0
0
0
0
3481
636
0
0
0
0
0
0
2286
1823
0
0
0
0
0
0
3477
639
0
0
0
0
0
0
2284
1825
0
0
0
0
0
0
3474
642
0
0
0
0
0
0
2282
1827
0
0
0
0
0
0
3471
645
0
0
0
0
0
0
2280
1829
0
0
0
0
0
0
3468
648
0
0
0
0
0
0
2278
1831
0
0
0
0
0
0
3465
651
0
0
0
0
0
0
2276
1833
0
0
0
0
0
0
3462
655
0
0
0
0
0
0
2274
1835
0
0
0
0
0
0
3459
658
0
0
0
0
0
0
2272
1837
0
0
0
0
0
0
3456
661
0
0
0
0
0
0
2270
1839
0
0
0
0
0
0
3453
664
0
0
0
0
0
0
2268
1841
0
0
0
0
0
0
3449
667
0
0
0
0
0
0
2266
1843
0
0
0
0
0
0
3446
670
0
0
0
0
0
0
2263
1845
0
0
0
0
0
0
3443
673
0
0
0
0
0
0
2261
1847
0
0
0
0
0
0
3440
676
0
0
0
0
0
0
2259
1850
0
0
0
0
0
0
3437
679
0
0
0
0
0
0
2257
1852
0
0
0
0
0
0
3434
682
0
0
0
0
0
0
2255
1854
0
0
0
0
0
0
3431
685
0
0
0
0
0
0
2253
1856
0
0
0
0
0
0
3428
688
0
0
0
0
0
0
2251
1858
0
0
0
0
0
0
3425
691
0
0
0
0
0
0
2249
1860
0
0
0
0
0
0
3422
694
0
0
0
0
0
0
2247
1862
0
0
0
0
0
0
3419
697
0
0
0
0
0
0
2245
1864
0
0
0
0
0
0
3416
701
0
0
0
0
0
0
2243
1866
0
0
0
0
0
0
3412
704
0
0
0
0
0
0
2241
1868
0
0
0
0
0
0
3409
707
0
0
0
0
0
0
2239
1870
0
0
0
0
0
0
3406
710
0
0
0
0
0
0
2237
1872
0
0
0
0
0
0
3403
713
0
0
0
0
0
0
2235
1874
0
0
0
0
0
0
3400
716
0
0
0
0
0
0
2233
1876
0
0
0
0
0
0
3397
719
0
0
0
0
0
0
2231
1878
0
0
0
0
0
0
3394
722
0
0
0
0
0
0
2229
1880
0
0
0
0
0
0
3391
725
0
0
0
0
0
0
2227
1882
0
0
0
0
0
0
3388
728
0
0
0
0
0
0
2225
1884
0
0
0
0
0
0
3385
731
0
0
0
0
0
0
2223
1886
0
0
0
0
0
0
3382
734
0
0
0
0
0
0
2221
1888
0
0
0
0
0
0
3379
737
0
0
0
0
0
0
2219
1889
0
0
0
0
0
0
3376
740
0
0
0
0
0
0
2217
1891
0
0
0
0
0
0
3373
743
0
0
0
0
0
0
2215
1893
0
0
0
0
0
0
3370
746
0
0
0
0
0
0
2213
1895
0
0
0
0
0
0
3367
749
0
0
0
0
0
0
2211
1897
0
0
0
0
0
0
3364
752
0
0
0
0
0
0
2209
1899
0
0
0
0
0
0
3361
755
0
0
0
0
0
0
2207
1901
0
0
0
0
0
0
3358
758
0
0
0
0
0
0
2205
1903
0
0
0
0
0
0
3355
761
0
0
0
0
0
0
2203
1905
0
0
0
0
0
0
3352
764
0
0
0
0
0
0
2201
1907
0
0
0
0
0
0
3349
767
0
0
0
0
0
0
2199
1909
0
0
0
0
0
0
3346
770
0
0
0
0
0
0
2197
1911
0
0
0
0
0
0
3343
773
0
0
0
0
0
0
2195
1913
0
0
0
0
0
0
3340
776
0
0
0
0
0
0
2193
1915
0
0
0
0
0
0
3337
779
0
0
0
0
0
0
2191
1917
0
0
0
0
0
0
3334
782
0
0
0
0
0
0
2189
1919
0
0
0
0
0
0
3331
785
0
0
0
0
0
0
2188
1921
0
0
0
0
0
0
3328
788
0
0
0
0
0
0
2186
1923
0
0
0
0
0
0
3325
791
0
0
0
0
0
0
2184
1925
0
0
0
0
0
0
3322
794
0
0
0
0
0
0
2182
1927
0
0
0
0
0
0
3319
797
0
0
0
0
0
0
2180
1929
0
0
0
0
0
0
3316
800
0
0
0
0
0
0
2178
1931
0
0
0
0
0
0
3313
803
0
0
0
0
0
0
2176
1933
0
0
0
0
0
0
3310
806
0
0
0
0
0
0
2174
1935
0
0
0
0
0
0
3307
808
0
0
0
0
0
0
2172
1937
0
0
0
0
0
0
3304
811
0
0
0
0
0
0
2170
1938
0
0
0
0
0
0
3301
814
0
0
0
0
0
0
2168
1940
0
0
0
0
0
0
3298
817
0
0
0
0
0
0
2166
1942
0
0
0
0
0
0
3295
820
0
0
0
0
0
0
2164
1944
0
0
0
0
0
0
3292
823
0
0
0
0
0
0
2162
1946
0
0
0
0
0
0
3289
826
0
0
0
0
0
0
2160
1948
0
0
0
0
0
0
3286
829
0
0
0
0
0
0
2158
1950
0
0
0
0
0
0
3283
832
0
0
0
0
0
0
2156
1952
0
0
0
0
0
0
3280
835
0
0
0
0
0
0
2154
1954
0
0
0
0
0
0
3277
838
0
0
0
0
0
0
2152
1956
0
0
0
0
0
0
3274
841
0
0
0
0
0
0
2151
1958
0
0
0
0
0
0
3271
844
0
0
0
0
0
0
2149
1960
0
0
0
0
0
0
3269
847
0
0
0
0
0
0
2147
1962
0
0
0
0
0
0
3266
850
0
0
0
0
0
0
2145
1963
0
0
0
0
0
0
3263
852
0
0
0
0
0
0
2143
1965
0
0
0
0
0
0
3260
855
0
0
0
0
0
0
2141
1967
0
0
0
0
0
0
3257
858
0
0
0
0
0
0
2139
1969
0
0
0
0
0
0
3254
861
0
0
0
0
0
0
2137
1971
0
0
0
0
0
0
3251
864
0
0
0
0
0
0
2135
1973
0
0
0
0
0
0
3248
867
0
0
0
0
0
0
2133
1975
0
0
0
0
0
0
3245
870
0
0
0
0
0
0
2131
1977
0
0
0
0
0
0
3242
873
0
0
0
0
0
0
2129
1979
0
0
0
0
0
0
3239
876
0
0
0
0
0
0
2127
1981
0
0
0
0
0
0
3236
879
0
0
0
0
0
0
2126
1983
0
0
0
0
0
0
3233
881
0
0
0
0
0
0
2124
1984
0
0
0
0
0
0
3231
884
0
0
0
0
0
0
2122
1986
0
0
0
0
0
0
3228
887
0
0
0
0
0
0
2120
1988
0
0
0
0
0
0
3225
890
0
0
0
0
0
0
2118
1990
0
0
0
0
0
0
3222
893
0
0
0
0
0
0
2116
1992
0
0
0
0
0
0
3219
896
0
0
0
0
0
0
2114
1994
0
0
0
0
0
0
3216
899
0
0
0
0
0
0
2112
1996
0
0
0
0
0
0
3213
902
0
0
0
0
0
0
2110
1998
0
0
0
0
0
0
3210
904
0
0
0
0
0
0
2108
2000
0
0
0
0
0
0
3207
907
0
0
0
0
0
0
2107
2001
0
0
0
0
0
0
3205
910
0
0
0
0
0
0
2105
2003
0
0
0
0
0
0
3202
913
0
0
0
0
0
0
2103
2005
0
0
0
0
0
0
3199
916
0
0
0
0
0
0
2101
2007
0
0
0
0
0
0
3196
919
0
0
0
0
0
0
2099
2009
0
0
0
0
0
0
3193
922
0
0
0
0
0
0
2097
2011
0
0
0
0
0
0
3190
924
0
0
0
0
0
0
2095
2013
0
0
0
0
0
0
3187
927
0
0
0
0
0
0
2093
2015
0
0
0
0
0
0
3184
930
0
0
0
0
0
0
2091
2016
0
0
0
0
0
0
3182
933
0
0
0
0
0
0
2090
2018
0
0
0
0
0
0
3179
936
0
0
0
0
0
0
2088
2020
0
0
0
0
0
0
3176
939
0
0
0
0
0
0
2086
2022
0
0
0
0
0
0
3173
941
0
0
0
0
0
0
2084
2024
0
0
0
0
0
0
3170
944
0
0
0
0
0
0
2082
2026
0
0
0
0
0
0
