0
0
0
0
0
0
0
0
0
0
0
0
0
0
0
0
0
0
0
0
0
0
0
0
0
0
0
0
0
0
0
0
0
0
0
0
0
0
0
0
0
0
0
0
0
0
0
0
0
0
0
0
0
0
0
0
0
0
0
0
0
0
0
0
0
0
0
0
0
0
0
0
0
0
0
0
0
0
0
0
0
0
0
0
0
0
0
0
0
0
0
0
0
0
0
0
0
0
0
0
0
0
0
0
0
0
0
0
0
0
0
0
0
0
0
0
0
0
0
0
0
0
0
0
0
0
0
0
0
0
0
0
0
0
0
0
0
0
0
0
0
0
0
0
0
0
0
0
0
0
0
0
0
0
0
0
0
0
0
0
0
0
0
0
0
0
0
0
0
0
0
0
0
0
0
0
0
0
0
0
0
0
0
0
4093
4092
0
0
0
0
0
0
4092
4093
0
0
0
0
0
0
4093
4092
0
0
0
0
0
0
4093
4092
0
0
0
0
0
0
4093
4093
0
0
0
0
0
0
4092
4092
0
0
0
0
0
0
4092
4092
0
0
0
0
0
0
4093
4094
0
0
0
0
0
0
4091
4091
0
0
0
0
0
0
4095
4095
0
0
0
0
0
0
4091
4091
0
0
0
0
0
0
4093
4093
0
0
0
0
0
0
4092
4091
0
0
0
0
0
0
4095
4094
0
0
0
0
0
0
4091
4091
0
0
0
0
0
0
4093
4092
0
0
0
0
0
0
4091
4090
0
0
0
0
0
0
4093
4094
0
0
0
0
0
0
4088
4088
0
0
0
0
0
0
4095
4093
0
0
0
0
0
0
4092
4092
0
0
0
0
0
0
4093
4094
0
0
0
0
0
0
4092
4094
0
0
0
0
0
0
4089
4089
0
0
0
0
0
0
4095
4095
0
0
0
0
0
0
4090
4089
0
0
0
0
0
0
3
2
0
0
0
0
0
0
4086
4086
0
0
0
0
0
0
2
1
0
0
0
0
0
0
4085
4085
0
0
0
0
0
0
6
5
0
0
0
0
0
0
4083
4085
0
0
0
0
0
0
6
6
0
0
0
0
0
0
4081
4082
0
0
0
0
0
0
8
6
0
0
0
0
0
0
4082
4083
0
0
0
0
0
0
8
6
0
0
0
0
0
0
4079
4081
0
0
0
0
0
0
9
5
0
0
0
0
0
0
4081
4085
0
0
0
0
0
0
8
4
0
0
0
0
0
0
4083
4088
0
0
0
0
0
0
4
4095
0
0
0
0
0
0
4088
4091
0
0
0
0
0
0
0
4093
0
0
0
0
0
0
4090
4093
0
0
0
0
0
0
4092
4089
0
0
0
0
0
0
4094
2
0
0
0
0
0
0
4088
4083
0
0
0
0
0
0
4
8
0
0
0
0
0
0
4082
4077
0
0
0
0
0
0
11
13
0
0
0
0
0
0
4075
4071
0
0
0
0
0
0
18
19
0
0
0
0
0
0
4068
4067
0
0
0
0
0
0
24
23
0
0
0
0
0
0
4062
4063
0
0
0
0
0
0
29
25
0
0
0
0
0
0
4061
4062
0
0
0
0
0
0
32
28
0
0
0
0
0
0
4057
4060
0
0
0
0
0
0
31
26
0
0
0
0
0
0
4056
4062
0
0
0
0
0
0
30
24
0
0
0
0
0
0
4059
4067
0
0
0
0
0
0
25
15
0
0
0
0
0
0
4068
4077
0
0
0
0
0
0
17
9
0
0
0
0
0
0
4075
4085
0
0
0
0
0
0
8
4093
0
0
0
0
0
0
4086
1
0
0
0
0
0
0
4092
4083
0
0
0
0
0
0
3
14
0
0
0
0
0
0
4079
4069
0
0
0
0
0
0
18
26
0
0
0
0
0
0
4066
4057
0
0
0
0
0
0
29
35
0
0
0
0
0
0
4052
4046
0
0
0
0
0
0
42
45
0
0
0
0
0
0
4041
4038
0
0
0
0
0
0
52
55
0
0
0
0
0
0
4030
4029
0
0
0
0
0
0
62
61
0
0
0
0
0
0
4024
4027
0
0
0
0
0
0
68
61
0
0
0
0
0
0
4023
4031
0
0
0
0
0
0
66
56
0
0
0
0
0
0
4026
4037
0
0
0
0
0
0
59
47
0
0
0
0
0
0
4033
4045
0
0
0
0
0
0
51
35
0
0
0
0
0
0
4045
4062
0
0
0
0
0
0
37
18
0
0
0
0
0
0
4061
4080
0
0
0
0
0
0
18
4095
0
0
0
0
0
0
4081
4
0
0
0
0
0
0
4093
4075
0
0
0
0
0
0
5
22
0
0
0
0
0
0
4072
4053
0
0
0
0
0
0
31
47
0
0
0
0
0
0
4046
4032
0
0
0
0
0
0
52
67
0
0
0
0
0
0
4023
4012
0
0
0
0
0
0
76
85
0
0
0
0
0
0
4005
3997
0
0
0
0
0
0
94
97
0
0
0
0
0
0
3987
3987
0
0
0
0
0
0
107
104
0
0
0
0
0
0
3978
3984
0
0
0
0
0
0
111
101
0
0
0
0
0
0
3978
3989
0
0
0
0
0
0
112
95
0
0
0
0
0
0
3983
4001
0
0
0
0
0
0
100
81
0
0
0
0
0
0
3994
4018
0
0
0
0
0
0
85
59
0
0
0
0
0
0
4014
4042
0
0
0
0
0
0
60
32
0
0
0
0
0
0
4041
4070
0
0
0
0
0
0
33
1
0
0
0
0
0
0
4075
8
0
0
0
0
0
0
4094
4064
0
0
0
0
0
0
13
43
0
0
0
0
0
0
4055
4030
0
0
0
0
0
0
51
76
0
0
0
0
0
0
4019
3997
0
0
0
0
0
0
86
105
0
0
0
0
0
0
3985
3968
0
0
0
0
0
0
117
130
0
0
0
0
0
0
3958
3948
0
0
0
0
0
0
142
148
0
0
0
0
0
0
3936
3936
0
0
0
0
0
0
160
156
0
0
0
0
0
0
3922
3931
0
0
0
0
0
0
168
154
0
0
0
0
0
0
3921
3939
0
0
0
0
0
0
166
142
0
0
0
0
0
0
3929
3957
0
0
0
0
0
0
152
120
0
0
0
0
0
0
3949
3984
0
0
0
0
0
0
123
87
0
0
0
0
0
0
3980
4020
0
0
0
0
0
0
90
48
0
0
0
0
0
0
4017
4060
0
0
0
0
0
0
48
4
0
0
0
0
0
0
4066
13
0
0
0
0
0
0
4093
4052
0
0
0
0
0
0
19
60
0
0
0
0
0
0
4045
4005
0
0
0
0
0
0
72
108
0
0
0
0
0
0
3992
3960
0
0
0
0
0
0
121
150
0
0
0
0
0
0
3945
3920
0
0
0
0
0
0
165
184
0
0
0
0
0
0
3906
3892
0
0
0
0
0
0
200
208
0
0
0
0
0
0
3877
3874
0
0
0
0
0
0
221
217
0
0
0
0
0
0
3859
3869
0
0
0
0
0
0
234
216
0
0
0
0
0
0
3856
3882
0
0
0
0
0
0
226
195
0
0
0
0
0
0
3871
3907
0
0
0
0
0
0
205
164
0
0
0
0
0
0
3898
3942
0
0
0
0
0
0
173
121
0
0
0
0
0
0
3940
3994
0
0
0
0
0
0
123
66
0
0
0
0
0
0
3996
4053
0
0
0
0
0
0
65
6
0
0
0
0
0
0
4054
18
0
0
0
0
0
0
4093
4037
0
0
0
0
0
0
26
82
0
0
0
0
0
0
4028
3975
0
0
0
0
0
0
95
144
0
0
0
0
0
0
3958
3914
0
0
0
0
0
0
162
200
0
0
0
0
0
0
3896
3863
0
0
0
0
0
0
218
242
0
0
0
0
0
0
3847
3828
0
0
0
0
0
0
264
275
0
0
0
0
0
0
3808
3806
0
0
0
0
0
0
292
287
0
0
0
0
0
0
3788
3801
0
0
0
0
0
0
306
283
0
0
0
0
0
0
3785
3816
0
0
0
0
0
0
297
257
0
0
0
0
0
0
3805
3851
0
0
0
0
0
0
268
215
0
0
0
0
0
0
3841
3900
0
0
0
0
0
0
221
158
0
0
0
0
0
0
3896
3965
0
0
0
0
0
0
159
87
0
0
0
0
0
0
3965
4040
0
0
0
0
0
0
86
9
0
0
0
0
0
0
4045
26
0
0
0
0
0
0
0
4023
0
0
0
0
0
0
34
105
0
0
0
0
0
0
4009
3942
0
0
0
0
0
0
123
185
0
0
0
0
0
0
3924
3867
0
0
0
0
0
0
204
253
0
0
0
0
0
0
3847
3805
0
0
0
0
0
0
276
310
0
0
0
0
0
0
3782
3757
0
0
0
0
0
0
331
345
0
0
0
0
0
0
3736
3732
0
0
0
0
0
0
369
361
0
0
0
0
0
0
3713
3729
0
0
0
0
0
0
384
355
0
0
0
0
0
0
3708
3747
0
0
0
0
0
0
370
320
0
0
0
0
0
0
3733
3791
0
0
0
0
0
0
334
267
0
0
0
0
0
0
3782
3855
0
0
0
0
0
0
278
197
0
0
0
0
0
0
3850
3936
0
0
0
0
0
0
198
108
0
0
0
0
0
0
3936
4029
0
0
0
0
0
0
103
10
0
0
0
0
0
0
4035
31
0
0
0
0
0
0
1
4006
0
0
0
0
0
0
46
133
0
0
0
0
0
0
3992
3907
0
0
0
0
0
0
150
227
0
0
0
0
0
0
3886
3816
0
0
0
0
0
0
251
312
0
0
0
0
0
0
3790
3740
0
0
0
0
0
0
338
378
0
0
0
0
0
0
3716
3684
0
0
0
0
0
0
405
422
0
0
0
0
0
0
3658
3655
0
0
0
0
0
0
449
439
0
0
0
0
0
0
3629
3651
0
0
0
0
0
0
461
426
0
0
0
0
0
0
3631
3678
0
0
0
0
0
0
446
388
0
0
0
0
0
0
3661
3730
0
0
0
0
0
0
402
322
0
0
0
0
0
0
3717
3803
0
0
0
0
0
0
334
237
0
0
0
0
0
0
3800
3901
0
0
0
0
0
0
237
130
0
0
0
0
0
0
3905
4015
0
0
0
0
0
0
125
13
0
0
0
0
0
0
4023
38
0
0
0
0
0
0
1
3989
0
0
0
0
0
0
54
158
0
0
0
0
0
0
3972
3871
0
0
0
0
0
0
180
272
0
0
0
0
0
0
3847
3763
0
0
0
0
0
0
297
369
0
0
0
0
0
0
3739
3678
0
0
0
0
0
0
398
448
0
0
0
0
0
0
3646
3609
0
0
0
0
0
0
478
498
0
0
0
0
0
0
3582
3577
0
0
0
0
0
0
526
516
0
0
0
0
0
0
3549
3573
0
0
0
0
0
0
544
504
0
0
0
0
0
0
3548
3604
0
0
0
0
0
0
525
456
0
0
0
0
0
0
3586
3665
0
0
0
0
0
0
473
379
0
0
0
0
0
0
3654
3757
0
0
0
0
0
0
391
277
0
0
0
0
0
0
3750
3870
0
0
0
0
0
0
279
153
0
0
0
0
0
0
3873
4002
0
0
0
0
0
0
147
17
0
0
0
0
0
0
4012
45
0
0
0
0
0
0
2
3972
0
0
0
0
0
0
63
184
0
0
0
0
0
0
3953
3835
0
0
0
0
0
0
209
316
0
0
0
0
0
0
3809
3712
0
0
0
0
0
0
346
430
0
0
0
0
0
0
3681
3611
0
0
0
0
0
0
462
519
0
0
0
0
0
0
3580
3539
0
0
0
0
0
0
551
575
0
0
0
0
0
0
3504
3499
0
0
0
0
0
0
606
594
0
0
0
0
0
0
3469
3496
0
0
0
0
0
0
624
577
0
0
0
0
0
0
3469
3533
0
0
0
0
0
0
603
525
0
0
0
0
0
0
3512
3604
0
0
0
0
0
0
542
435
0
0
0
0
0
0
3590
3708
0
0
0
0
0
0
447
317
0
0
0
0
0
0
3704
3841
0
0
0
0
0
0
317
175
0
0
0
0
0
0
3842
3991
0
0
0
0
0
0
166
17
0
0
0
0
0
0
4003
54
0
0
0
0
0
0
4
3957
0
0
0
0
0
0
71
207
0
0
0
0
0
0
3935
3803
0
0
0
0
0
0
238
359
0
0
0
0
0
0
3772
3663
0
0
0
0
0
0
389
486
0
0
0
0
0
0
3629
3549
0
0
0
0
0
0
519
584
0
0
0
0
0
0
3512
3465
0
0
0
0
0
0
621
649
0
0
0
0
0
0
3429
3423
0
0
0
0
0
0
683
670
0
0
0
0
0
0
3387
3419
0
0
0
0
0
0
704
653
0
0
0
0
0
0
3391
3460
0
0
0
0
0
0
679
590
0
0
0
0
0
0
3440
3543
0
0
0
0
0
0
608
489
0
0
0
0
0
0
3529
3661
0
0
0
0
0
0
501
356
0
0
0
0
0
0
3656
3809
0
0
0
0
0
0
356
196
0
0
0
0
0
0
3812
3976
0
0
0
0
0
0
191
24
0
0
0
0
0
0
3988
57
0
0
0
0
0
0
4
3941
0
0
0
0
0
0
79
233
0
0
0
0
0
0
3916
3768
0
0
0
0
0
0
265
399
0
0
0
0
0
0
3736
3613
0
0
0
0
0
0
433
541
0
0
0
0
0
0
3574
3486
0
0
0
0
0
0
577
649
0
0
0
0
0
0
3452
3398
0
0
0
0
0
0
687
719
0
0
0
0
0
0
3360
3350
0
0
0
0
0
0
758
743
0
0
0
0
0
0
3316
3349
0
0
0
0
0
0
776
720
0
0
0
0
0
0
3319
3396
0
0
0
0
0
0
748
651
0
0
0
0
0
0
3373
3486
0
0
0
0
0
0
672
540
0
0
0
0
0
0
3472
3617
0
0
0
0
0
0
551
392
0
0
0
0
0
0
3613
3780
0
0
0
0
0
0
393
218
0
0
0
0
0
0
3784
3966
0
0
0
0
0
0
207
26
0
0
0
0
0
0
3980
64
0
0
0
0
0
0
8
3929
0
0
0
0
0
0
89
258
0
0
0
0
0
0
3899
3738
0
0
0
0
0
0
289
437
0
0
0
0
0
0
3703
3569
0
0
0
0
0
0
473
590
0
0
0
0
0
0
3530
3433
0
0
0
0
0
0
632
710
0
0
0
0
0
0
3389
3334
0
0
0
0
0
0
750
782
0
0
0
0
0
0
3295
3285
0
0
0
0
0
0
823
810
0
0
0
0
0
0
3248
3283
0
0
0
0
0
0
846
785
0
0
0
0
0
0
3253
3337
0
0
0
0
0
0
812
706
0
0
0
0
0
0
3311
3436
0
0
0
0
0
0
726
583
0
0
0
0
0
0
3422
3578
0
0
0
0
0
0
597
424
0
0
0
0
0
0
3575
3757
0
0
0
0
0
0
423
235
0
0
0
0
0
0
3761
3956
0
0
0
0
0
0
225
28
0
0
0
0
0
0
3972
71
0
0
0
0
0
0
6
3914
0
0
0
0
0
0
94
277
0
0
0
0
0
0
3884
3709
0
0
0
0
0
0
312
471
0
0
0
0
0
0
3673
3529
0
0
0
0
0
0
510
634
0
0
0
0
0
0
3490
3385
0
0
0
0
0
0
675
759
0
0
0
0
0
0
3341
3279
0
0
0
0
0
0
805
841
0
0
0
0
0
0
3237
3225
0
0
0
0
0
0
882
866
0
0
0
0
0
0
3191
3230
0
0
0
0
0
0
901
835
0
0
0
0
0
0
3195
3283
0
0
0
0
0
0
868
755
0
0
0
0
0
0
3260
3392
0
0
0
0
0
0
774
624
0
0
0
0
0
0
3375
3544
0
0
0
0
0
0
636
451
0
0
0
0
0
0
3541
3735
0
0
0
0
0
0
451
250
0
0
0
0
0
0
3739
3948
0
0
0
0
0
0
238
28
0
0
0
0
0
0
3963
74
0
0
0
0
0
0
8
3903
0
0
0
0
0
0
100
294
0
0
0
0
0
0
3873
3687
0
0
0
0
0
0
330
499
0
0
0
0
0
0
3650
3495
0
0
0
0
0
0
541
675
0
0
0
0
0
0
3454
3341
0
0
0
0
0
0
718
807
0
0
0
0
0
0
3299
3233
0
0
0
0
0
0
851
890
0
0
0
0
0
0
3188
3176
0
0
0
0
0
0
931
916
0
0
0
0
0
0
3139
3179
0
0
0
0
0
0
954
886
0
0
0
0
0
0
3145
3238
0
0
0
0
0
0
916
797
0
0
0
0
0
0
3215
3353
0
0
0
0
0
0
819
659
0
0
0
0
0
0
3339
3515
0
0
0
0
0
0
669
476
0
0
0
0
0
0
3513
3716
0
0
0
0
0
0
475
262
0
0
0
0
0
0
3721
3941
0
0
0
0
0
0
249
29
0
0
0
0
0
0
3957
80
0
0
0
0
0
0
9
3895
0
0
0
0
0
0
104
308
0
0
0
0
0
0
3861
3667
0
0
0
0
0
0
345
523
0
0
0
0
0
0
3630
3468
0
0
0
0
0
0
563
703
0
0
0
0
0
0
3425
3309
0
0
0
0
0
0
749
843
0
0
0
0
0
0
3262
3194
0
0
0
0
0
0
888
930
0
0
0
0
0
0
3149
3137
0
0
0
0
0
0
970
954
0
0
0
0
0
0
3098
3141
0
0
0
0
0
0
994
921
0
0
0
0
0
0
3110
3207
0
0
0
0
0
0
952
829
0
0
0
0
0
0
3180
3323
0
0
0
0
0
0
851
686
0
0
0
0
0
0
3308
3491
0
0
0
0
0
0
694
494
0
0
0
0
0
0
3490
3699
0
0
0
0
0
0
494
273
0
0
0
0
0
0
3707
3934
0
0
0
0
0
0
258
30
0
0
0
0
0
0
3951
83
0
0
0
0
0
0
8
3885
0
0
0
0
0
0
107
319
0
0
0
0
0
0
3855
3655
0
0
0
0
0
0
355
538
0
0
0
0
0
0
3617
3450
0
0
0
0
0
0
581
725
0
0
0
0
0
0
3404
3282
0
0
0
0
0
0
773
870
0
0
0
0
0
0
3239
3168
0
0
0
0
0
0
912
956
0
0
0
0
0
0
3123
3110
0
0
0
0
0
0
998
982
0
0
0
0
0
0
3073
3116
0
0
0
0
0
0
1020
946
0
0
0
0
0
0
3080
3181
0
0
0
0
0
0
977
851
0
0
0
0
0
0
3156
3304
0
0
0
0
0
0
872
702
0
0
0
0
0
0
3289
3477
0
0
0
0
0
0
712
507
0
0
0
0
0
0
3474
3689
0
0
0
0
0
0
507
281
0
0
0
0
0
0
3696
3930
0
0
0
0
0
0
268
34
0
0
0
0
0
0
3948
84
0
0
0
0
0
0
9
3882
0
0
0
0
0
0
108
325
0
0
0
0
0
0
3849
3644
0
0
0
0
0
0
364
551
0
0
0
0
0
0
3605
3434
0
0
0
0
0
0
592
740
0
0
0
0
0
0
3392
3268
0
0
0
0
0
0
785
885
0
0
0
0
0
0
3225
3152
0
0
0
0
0
0
929
974
0
0
0
0
0
0
3106
3092
0
0
0
0
0
0
1013
999
0
0
0
0
0
0
3054
3098
0
0
0
0
0
0
1036
961
0
0
0
0
0
0
3068
3168
0
0
0
0
0
0
989
862
0
0
0
0
0
0
3146
3295
0
0
0
0
0
0
883
712
0
0
0
0
0
0
3278
3469
0
0
0
0
0
0
721
513
0
0
0
0
0
0
3468
3686
0
0
0
0
0
0
511
284
0
0
0
0
0
0
3692
3928
0
0
0
0
0
0
271
35
0
0
0
0
0
0
3945
84
0
0
0
0
0
0
11
3880
0
0
0
0
0
0
111
328
0
0
0
0
0
0
3849
3643
0
0
0
0
0
0
364
553
0
0
0
0
0
0
3602
3431
0
0
0
0
0
0
597
745
0
0
0
0
0
0
3388
3265
0
0
0
0
0
0
789
890
0
0
0
0
0
0
3219
3146
0
0
0
0
0
0
934
978
0
0
0
0
0
0
3104
3090
0
0
0
0
0
0
1017
1000
0
0
0
0
0
0
3053
3097
0
0
0
0
0
0
1037
963
0
0
0
0
0
0
3064
3164
0
0
0
0
0
0
993
865
0
0
0
0
0
0
3144
3293
0
0
0
0
0
0
883
712
0
0
0
0
0
0
3280
3469
0
0
0
0
0
0
721
513
0
0
0
0
0
0
3468
3687
0
0
0
0
0
0
510
281
0
0
0
0
0
0
3695
3929
0
0
0
0
0
0
269
34
0
0
0
0
0
0
3946
84
0
0
0
0
0
0
11
3880
0
0
0
0
0
0
110
326
0
0
0
0
0
0
3848
3642
0
0
0
0
0
0
363
551
0
0
0
0
0
0
3607
3436
0
0
0
0
0
0
592
742
0
0
0
0
0
0
3391
3267
0
0
0
0
0
0
784
883
0
0
0
0
0
0
3227
3154
0
0
0
0
0
0
925
969
0
0
0
0
0
0
3111
3096
0
0
0
0
0
0
1009
994
0
0
0
0
0
0
3061
3105
0
0
0
0
0
0
1027
954
0
0
0
0
0
0
3074
3174
0
0
0
0
0
0
981
855
0
0
0
0
0
0
3153
3300
0
0
0
0
0
0
873
704
0
0
0
0
0
0
3289
3476
0
0
0
0
0
0
711
505
0
0
0
0
0
0
3477
3693
0
0
0
0
0
0
502
278
0
0
0
0
0
0
3699
3930
0
0
0
0
0
0
265
32
0
0
0
0
0
0
3950
84
0
0
0
0
0
0
11
3884
0
0
0
0
0
0
107
321
0
0
0
0
0
0
3852
3650
0
0
0
0
0
0
357
543
0
0
0
0
0
0
3614
3447
0
0
0
0
0
0
582
729
0
0
0
0
0
0
3406
3284
0
0
0
0
0
0
766
865
0
0
0
0
0
0
3244
3172
0
0
0
0
0
0
905
949
0
0
0
0
0
0
3134
3119
0
0
0
0
0
0
985
971
0
0
0
0
0
0
3085
3127
0
0
0
0
0
0
1002
931
0
0
0
0
0
0
3099
3195
0
0
0
0
0
0
960
837
0
0
0
0
0
0
3176
3319
0
0
0
0
0
0
853
688
0
0
0
0
0
0
3310
3493
0
0
0
0
0
0
693
492
0
0
0
0
0
0
3494
3702
0
0
0
0
0
0
491
273
0
0
0
0
0
0
3709
3934
0
0
0
0
0
0
258
32
0
0
0
0
0
0
3953
80
0
0
0
0
0
0
11
3890
0
0
0
0
0
0
104
310
0
0
0
0
0
0
3862
3664
0
0
0
0
0
0
346
526
0
0
0
0
0
0
3629
3466
0
0
0
0
0
0
562
705
0
0
0
0
0
0
3428
3311
0
0
0
0
0
0
742
836
0
0
0
0
0
0
3273
3202
0
0
0
0
0
0
875
918
0
0
0
0
0
0
3166
3152
0
0
0
0
0
0
953
940
0
0
0
0
0
0
3120
3161
0
0
0
0
0
0
970
902
0
0
0
0
0
0
3134
3228
0
0
0
0
0
0
922
804
0
0
0
0
0
0
3211
3348
0
0
0
0
0
0
822
662
0
0
0
0
0
0
3340
3515
0
0
0
0
0
0
666
474
0
0
0
0
0
0
3517
3718
0
0
0
0
0
0
469
260
0
0
0
0
0
0
3726
3941
0
0
0
0
0
0
249
33
0
0
0
0
0
0
3958
77
0
0
0
0
0
0
12
3901
0
0
0
0
0
0
99
299
0
0
0
0
0
0
3870
3680
0
0
0
0
0
0
332
505
0
0
0
0
0
0
3650
3491
0
0
0
0
0
0
539
676
0
0
0
0
0
0
3458
3344
0
0
0
0
0
0
707
801
0
0
0
0
0
0
3308
3241
0
0
0
0
0
0
836
878
0
0
0
0
0
0
3209
3194
0
0
0
0
0
0
909
896
0
0
0
0
0
0
3165
3204
0
0
0
0
0
0
922
856
0
0
0
0
0
0
3178
3267
0
0
0
0
0
0
879
766
0
0
0
0
0
0
3254
3384
0
0
0
0
0
0
780
628
0
0
0
0
0
0
3376
3544
0
0
0
0
0
0
631
450
0
0
0
0
0
0
3545
3736
0
0
0
0
0
0
445
246
0
0
0
0
0
0
3746
3951
0
0
0
0
0
0
232
29
0
0
0
0
0
0
3964
72
0
0
0
0
0
0
10
3909
0
0
0
0
0
0
93
280
0
0
0
0
0
0
3886
3706
0
0
0
0
0
0
312
477
0
0
0
0
0
0
3675
3527
0
0
0
0
0
0
507
636
0
0
0
0
0
0
3493
3386
0
0
0
0
0
0
669
755
0
0
0
0
0
0
3355
3292
0
0
0
0
0
0
786
827
0
0
0
0
0
0
3261
3248
0
0
0
0
0
0
854
841
0
0
0
0
0
0
3221
3258
0
0
0
0
0
0
863
805
0
0
0
0
0
0
3237
3319
0
0
0
0
0
0
824
720
0
0
0
0
0
0
3304
3426
0
0
0
0
0
0
732
590
0
0
0
0
0
0
3421
3577
0
0
0
0
0
0
591
420
0
0
0
0
0
0
3580
3759
0
0
0
0
0
0
418
232
0
0
0
0
0
0
3765
3956
0
0
0
0
0
0
221
28
0
0
0
0
0
0
3972
67
0
0
0
0
0
0
9
3922
0
0
0
0
0
0
86
263
0
0
0
0
0
0
3898
3731
0
0
0
0
0
0
291
444
0
0
0
0
0
0
3705
3565
0
0
0
0
0
0
472
592
0
0
0
0
0
0
3535
3434
0
0
0
0
0
0
621
702
0
0
0
0
0
0
3408
3348
0
0
0
0
0
0
728
765
0
0
0
0
0
0
3320
3308
0
0
0
0
0
0
790
779
0
0
0
0
0
0
3287
3319
0
0
0
0
0
0
801
745
0
0
0
0
0
0
3302
3379
0
0
0
0
0
0
761
664
0
0
0
0
0
0
3366
3479
0
0
0
0
0
0
673
544
0
0
0
0
0
0
3472
3616
0
0
0
0
0
0
545
388
0
0
0
0
0
0
3621
3787
0
0
0
0
0
0
383
212
0
0
0
0
0
0
3792
3968
0
0
0
0
0
0
199
23
0
0
0
0
0
0
3981
60
0
0
0
0
0
0
7
3935
0
0
0
0
0
0
79
240
0
0
0
0
0
0
3914
3760
0
0
0
0
0
0
266
406
0
0
0
0
0
0
3734
3608
0
0
0
0
0
0
433
541
0
0
0
0
0
0
3584
3492
0
0
0
0
0
0
567
641
0
0
0
0
0
0
3465
3410
0
0
0
0
0
0
666
699
0
0
0
0
0
0
3390
3378
0
0
0
0
0
0
719
710
0
0
0
0
0
0
3358
3386
0
0
0
0
0
0
728
677
0
0
0
0
0
0
3372
3442
0
0
0
0
0
0
690
603
0
0
0
0
0
0
3431
3533
0
0
0
0
0
0
612
493
0
0
0
0
0
0
3532
3662
0
0
0
0
0
0
495
353
0
0
0
0
0
0
3663
3813
0
0
0
0
0
0
350
193
0
0
0
0
0
0
3823
3982
0
0
0
0
0
0
184
23
0
0
0
0
0
0
3993
54
0
0
0
0
0
0
7
3951
0
0
0
0
0
0
70
216
0
0
0
0
0
0
3931
3792
0
0
0
0
0
0
240
366
0
0
0
0
0
0
3773
3659
0
0
0
0
0
0
386
486
0
0
0
0
0
0
3634
3551
0
0
0
0
0
0
511
578
0
0
0
0
0
0
3530
3482
0
0
0
0
0
0
597
628
0
0
0
0
0
0
3464
3451
0
0
0
0
0
0
646
636
0
0
0
0
0
0
3435
3462
0
0
0
0
0
0
653
608
0
0
0
0
0
0
3447
3508
0
0
0
0
0
0
621
541
0
0
0
0
0
0
3502
3595
0
0
0
0
0
0
546
439
0
0
0
0
0
0
3590
3707
0
0
0
0
0
0
441
314
0
0
0
0
0
0
3712
3844
0
0
0
0
0
0
309
171
0
0
0
0
0
0
3850
3992
0
0
0
0
0
0
160
19
0
0
0
0
0
0
4005
48
0
0
0
0
0
0
7
3968
0
0
0
0
0
0
62
192
0
0
0
0
0
0
3951
3827
0
0
0
0
0
0
211
324
0
0
0
0
0
0
3810
3709
0
0
0
0
0
0
341
430
0
0
0
0
0
0
3687
3614
0
0
0
0
0
0
449
508
0
0
0
0
0
0
3597
3554
0
0
0
0
0
0
526
553
0
0
0
0
0
0
3536
3526
0
0
0
0
0
0
568
560
0
0
0
0
0
0
3514
3537
0
0
0
0
0
0
572
532
0
0
0
0
0
0
3528
3583
0
0
0
0
0
0
541
473
0
0
0
0
0
0
3577
3656
0
0
0
0
0
0
477
385
0
0
0
0
0
0
3655
3755
0
0
0
0
0
0
384
274
0
0
0
0
0
0
3760
3874
0
0
0
0
0
0
272
151
0
0
0
0
0
0
3880
4004
0
0
0
0
0
0
141
17
0
0
0
0
0
0
4014
40
0
0
0
0
0
0
8
3985
0
0
0
0
0
0
53
167
0
0
0
0
0
0
3970
3863
0
0
0
0
0
0
181
280
0
0
0
0
0
0
3847
3758
0
0
0
0
0
0
294
371
0
0
0
0
0
0
3744
3679
0
0
0
0
0
0
386
437
0
0
0
0
0
0
3666
3628
0
0
0
0
0
0
452
476
0
0
0
0
0
0
3616
3605
0
0
0
0
0
0
487
482
0
0
0
0
0
0
3594
3614
0
0
0
0
0
0
491
458
0
0
0
0
0
0
3607
3654
0
0
0
0
0
0
463
404
0
0
0
0
0
0
3650
3718
0
0
0
0
0
0
408
329
0
0
0
0
0
0
3718
3804
0
0
0
0
0
0
330
234
0
0
0
0
0
0
3808
3907
0
0
0
0
0
0
230
126
0
0
0
0
0
0
3913
4018
0
0
0
0
0
0
121
15
0
0
0
0
0
0
4025
33
0
0
0
0
0
0
5
4000
0
0
0
0
0
0
45
141
0
0
0
0
0
0
3989
3898
0
0
0
0
0
0
154
237
0
0
0
0
0
0
3885
3811
0
0
0
0
0
0
248
313
0
0
0
0
0
0
3800
3745
0
0
0
0
0
0
324
370
0
0
0
0
0
0
3731
3698
0
0
0
0
0
0
378
398
0
0
0
0
0
0
3692
3684
0
0
0
0
0
0
407
401
0
0
0
0
0
0
3679
3694
0
0
0
0
0
0
408
381
0
0
0
0
0
0
3689
3727
0
0
0
0
0
0
384
336
0
0
0
0
0
0
3723
3779
0
0
0
0
0
0
338
272
0
0
0
0
0
0
3782
3853
0
0
0
0
0
0
271
193
0
0
0
0
0
0
3858
3939
0
0
0
0
0
0
190
106
0
0
0
0
0
0
3942
4029
0
0
0
0
0
0
99
10
0
0
0
0
0
0
4038
30
0
0
0
0
0
0
1
4014
0
0
0
0
0
0
37
116
0
0
0
0
0
0
4007
3933
0
0
0
0
0
0
125
193
0
0
0
0
0
0
3923
3861
0
0
0
0
0
0
202
254
0
0
0
0
0
0
3852
3808
0
0
0
0
0
0
262
299
0
0
0
0
0
0
3800
3773
0
0
0
0
0
0
306
324
0
0
0
0
0
0
3767
3759
0
0
0
0
0
0
330
327
0
0
0
0
0
0
3754
3766
0
0
0
0
0
0
331
309
0
0
0
0
0
0
3764
3797
0
0
0
0
0
0
310
271
0
0
0
0
0
0
3796
3841
0
0
0
0
0
0
272
219
0
0
0
0
0
0
3843
3901
0
0
0
0
0
0
218
155
0
0
0
0
0
0
3904
3969
0
0
0
0
0
0
150
83
0
0
0
0
0
0
3973
4042
0
0
0
0
0
0
78
9
0
0
0
0
0
0
4049
20
0
0
0
0
0
0
1
4032
0
0
0
0
0
0
27
91
0
0
0
0
0
0
4026
3966
0
0
0
0
0
0
98
153
0
0
0
0
0
0
3959
3910
0
0
0
0
0
0
159
202
0
0
0
0
0
0
3904
3867
0
0
0
0
0
0
208
237
0
0
0
0
0
0
3861
3839
0
0
0
0
0
0
243
257
0
0
0
0
0
0
3838
3832
0
0
0
0
0
0
257
256
0
0
0
0
0
0
3829
3838
0
0
0
0
0
0
258
242
0
0
0
0
0
0
3836
3862
0
0
0
0
0
0
239
209
0
0
0
0
0
0
3861
3896
0
0
0
0
0
0
210
168
0
0
0
0
0
0
3898
3943
0
0
0
0
0
0
167
118
0
0
0
0
0
0
3949
3999
0
0
0
0
0
0
114
62
0
0
0
0
0
0
4002
4054
0
0
0
0
0
0
60
6
0
0
0
0
0
0
4057
14
0
0
0
0
0
0
3
4048
0
0
0
0
0
0
20
68
0
0
0
0
0
0
4041
3995
0
0
0
0
0
0
72
113
0
0
0
0
0
0
3993
3956
0
0
0
0
0
0
118
149
0
0
0
0
0
0
3950
3922
0
0
0
0
0
0
155
177
0
0
0
0
0
0
3920
3904
0
0
0
0
0
0
179
190
0
0
0
0
0
0
3901
3896
0
0
0
0
0
0
190
188
0
0
0
0
0
0
3898
3904
0
0
0
0
0
0
190
176
0
0
0
0
0
0
3903
3921
0
0
0
0
0
0
177
155
0
0
0
0
0
0
3922
3948
0
0
0
0
0
0
155
124
0
0
0
0
0
0
3951
3983
0
0
0
0
0
0
120
85
0
0
0
0
0
0
3987
4024
0
0
0
0
0
0
83
45
0
0
0
0
0
0
4026
4065
0
0
0
0
0
0
42
3
0
0
0
0
0
0
4067
10
0
0
0
0
0
0
0
4059
0
0
0
0
0
0
12
46
0
0
0
0
0
0
4056
4024
0
0
0
0
0
0
50
79
0
0
0
0
0
0
4022
3994
0
0
0
0
0
0
82
104
0
0
0
0
0
0
3992
3971
0
0
0
0
0
0
109
125
0
0
0
0
0
0
3969
3957
0
0
0
0
0
0
125
133
0
0
0
0
0
0
3957
3955
0
0
0
0
0
0
133
132
0
0
0
0
0
0
3956
3961
0
0
0
0
0
0
130
120
0
0
0
0
0
0
3962
3974
0
0
0
0
0
0
120
104
0
0
0
0
0
0
3977
3992
0
0
0
0
0
0
106
86
0
0
0
0
0
0
3995
4017
0
0
0
0
0
0
81
57
0
0
0
0
0
0
4019
4044
0
0
0
0
0
0
57
29
0
0
0
0
0
0
4047
4074
0
0
0
0
0
0
25
4095
0
0
0
0
0
0
4078
6
0
0
0
0
0
0
4095
4071
0
0
0
0
0
0
7
30
0
0
0
0
0
0
4069
4047
0
0
0
0
0
0
32
51
0
0
0
0
0
0
4046
4028
0
0
0
0
0
0
52
68
0
0
0
0
0
0
4027
4014
0
0
0
0
0
0
68
81
0
0
0
0
0
0
4013
4004
0
0
0
0
0
0
80
84
0
0
0
0
0
0
4007
4005
0
0
0
0
0
0
81
81
0
0
0
0
0
0
4006
4009
0
0
0
0
0
0
82
76
0
0
0
0
0
0
4010
4017
0
0
0
0
0
0
73
65
0
0
0
0
0
0
4019
4029
0
0
0
0
0
0
65
53
0
0
0
0
0
0
4032
4046
0
0
0
0
0
0
46
32
0
0
0
0
0
0
4051
4065
0
0
0
0
0
0
31
16
0
0
0
0
0
0
4065
4080
0
0
0
0
0
0
15
4094
0
0
0
0
0
0
4082
2
0
0
0
0
0
0
4095
4081
0
0
0
0
0
0
1
15
0
0
0
0
0
0
4078
4066
0
0
0
0
0
0
16
26
0
0
0
0
0
0
4067
4056
0
0
0
0
0
0
27
37
0
0
0
0
0
0
4054
4047
0
0
0
0
0
0
37
43
0
0
0
0
0
0
4049
4043
0
0
0
0
0
0
43
46
0
0
0
0
0
0
4044
4043
0
0
0
0
0
0
43
43
0
0
0
0
0
0
4046
4046
0
0
0
0
0
0
42
40
0
0
0
0
0
0
4048
4052
0
0
0
0
0
0
37
33
0
0
0
0
0
0
4053
4059
0
0
0
0
0
0
31
23
0
0
0
0
0
0
4062
4068
0
0
0
0
0
0
23
15
0
0
0
0
0
0
4069
4077
0
0
0
0
0
0
14
5
0
0
0
0
0
0
4077
4085
0
0
0
0
0
0
7
4095
0
0
0
0
0
0
4087
4095
0
0
0
0
0
0
4092
4085
0
0
0
0
0
0
0
5
0
0
0
0
0
0
4086
4082
0
0
0
0
0
0
5
10
0
0
0
0
0
0
4080
4075
0
0
0
0
0
0
10
14
0
0
0
0
0
0
4076
4074
0
0
0
0
0
0
13
15
0
0
0
0
0
0
4075
4071
0
0
0
0
0
0
17
16
0
0
0
0
0
0
4074
4072
0
0
0
0
0
0
16
16
0
0
0
0
0
0
4073
4073
0
0
0
0
0
0
15
16
0
0
0
0
0
0
4075
4074
0
0
0
0
0
0
13
12
0
0
0
0
0
0
4075
4078
0
0
0
0
0
0
11
8
0
0
0
0
0
0
4082
4083
0
0
0
0
0
0
6
4
0
0
0
0
0
0
4083
4087
0
0
0
0
0
0
3
4095
0
0
0
0
0
0
4089
4092
0
0
0
0
0
0
1
4094
0
0
0
0
0
0
4089
4091
0
0
0
0
0
0
4093
4092
0
0
0
0
0
0
4091
4093
0
0
0
0
0
0
4091
4089
0
0
0
0
0
0
0
1
0
0
0
0
0
0
4089
4088
0
0
0
0
0
0
4095
4095
0
0
0
0
0
0
4091
4088
0
0
0
0
0
0
2
2
0
0
0
0
0
0
4089
4088
0
0
0
0
0
0
0
4095
0
0
0
0
0
0
4090
4090
0
0
0
0
0
0
0
4095
0
0
0
0
0
0
4089
4089
0
0
0
0
0
0
0
0
0
0
0
0
0
0
4089
4089
0
0
0
0
0
0
0
4095
0
0
0
0
0
0
4090
4090
0
0
0
0
0
0
4092
4092
0
0
0
0
0
0
4093
4093
0
0
0
0
0
0
4093
4092
0
0
0
0
0
0
4091
4093
0
0
0
0
0
0
4094
4093
0
0
0
0
0
0
4093
4092
0
0
0
0
0
0
4093
4093
0
0
0
0
0
0
4093
4092
0
0
0
0
0
0
4093
4094
0
0
0
0
0
0
4093
4093
0
0
0
0
0
0
4092
4091
0
0
0
0
0
0
4094
4095
0
0
0
0
0
0
0
4095
0
0
0
0
0
0
0
0
0
0
0
0
0
0
4095
4095
0
0
0
0
0
0
0
0
0
0
0
0
0
0
0
0
0
0
0
0
0
0
4095
4095
0
0
0
0
0
0
0
0
0
0
0
0
0
0
4095
0
0
0
0
0
0
0
4095
4095
0
0
0
0
0
0
0
0
0
0
0
0
0
0
4095
0
0
0
0
0
0
0
0
0
0
0
0
0
0
0
0
0
0
0
0
0
0
0
0
0
0
0
0
0
0
0
0
0
0
0
0
0
0
0
0
0
0
0
0
0
0
0
0
0
0
0
0
0
0
0
0
0
0
0
0
0
0
0
0
0
0
0
0
0
0
0
0
0
0
0
0
0
0
0
0
0
0
0
0
0
0
0
0
0
0
0
0
0
0
0
0
0
0
0
0
0
0
0
0
0
0
0
0
0
0
0
0
0
0
0
0
0
0
0
0
0
0
0
0
0
0
0
0
0
0
0
0
0
0
0
0
0
0
0
0
0
0
0
0
0
0
0
0
0
0
0
0
0
0
0
0
0
0
0
0
0
0
0
0
0
0
0
0
0
0
0
0
0
0
0
0
0
0
0
0
0
0
0
0
0
0
0
0
0
0
0
0
0
0
0
0
0
0
0
0
0
0
0
0
0
0
0
0
0
0
0
0
0
0
0
0
0
0
0
0
0
0
0
0
0
0
0
0
0
0
0
0
0
0
0
0
0
0
0
0
0
0
0
0
0
0
0
0
0
0
0
0
0
0
0
0
0
0
0
0
0
0
0
0
0
0
0
0
0
0
0
0
0
0
0
0
0
0
0
0
0
0
0
0
0
0
0
0
0
0
0
0
0
0
0
0
0
0
0
0
0
0
0
0
0
0
0
0
0
0
0
0
0
0
0
0
0
0
0
0
0
0
0
0
0
0
0
0
0
0
0
0
0
0
0
0
0
0
0
0
0
0
0
0
0
0
0
0
0
0
0
0
0
0
0
0
0
0
0
0
0
0
0
0
0
0
0
0
0
0
0
0
0
0
0
0
0
0
0
0
0
0
0
0
0
0
0
0
0
0
0
0
0
0
0
0
0
0
0
0
0
0
0
0
0
0
0
0
0
0
0
0
0
0
0
0
0
0
0
0
0
0
0
0
0
0
0
0
0
0
0
0
0
0
0
0
0
0
0
0
0
0
0
0
0
0
0
0
0
0
0
0
0
0
0
0
0
0
0
0
0
0
0
0
0
0
0
0
0
0
0
0
0
0
0
0
0
0
0
0
0
0
0
0
0
0
0
0
0
0
0
0
0
0
0
0
0
0
0
0
0
0
0
0
0
0
0
0
0
0
0
0
0
0
0
0
0
0
0
0
0
0
0
0
0
0
0
0
0
0
0
0
0
0
0
0
0
0
0
0
0
0
0
0
0
0
0
0
0
0
0
0
0
0
0
0
0
0
0
0
0
0
0
0
0
0
0
0
0
0
0
0
0
0
0
0
0
0
0
0
0
0
0
0
0
0
0
0
0
0
0
0
0
0
0
0
0
0
0
0
0
0
0
0
0
0
0
0
0
0
0
0
0
0
0
0
0
0
0
0
0
0
0
0
0
0
0
0
0
0
0
0
0
0
0
0
0
0
0
0
0
0
0
0
0
0
0
0
0
0
0
0
0
0
0
0
0
0
0
0
0
0
0
0
0
0
0
0
0
0
0
0
0
0
0
0
0
0
0
0
0
0
0
0
0
0
0
0
0
0
0
0
0
0
0
0
0
0
0
0
0
0
0
0
0
0
0
0
0
0
0
0
0
0
0
0
0
0
0
0
0
0
0
0
0
0
0
0
0
0
0
0
0
0
0
0
0
0
0
0
0
0
0
0
0
0
0
0
0
0
0
0
0
0
0
0
0
0
0
0
0
0
0
0
0
0
0
0
0
0
0
0
0
0
0
0
0
0
0
0
0
0
0
0
0
0
0
0
0
0
0
0
0
0
0
0
0
0
0
0
0
0
0
0
0
0
0
0
0
0
0
0
0
0
0
0
0
0
0
0
0
0
0
0
0
0
0
0
0
0
0
0
0
0
0
0
0
0
0
0
0
0
0
0
0
0
0
0
0
0
0
0
0
0
0
0
0
0
0
0
0
0
0
0
0
0
0
0
0
0
0
0
0
0
0
0
0
0
0
0
0
0
0
0
0
0
0
0
0
0
0
0
0
0
0
0
0
0
0
0
0
0
0
0
0
0
0
0
0
0
0
0
0
0
0
0
0
0
0
0
0
0
0
0
0
0
0
0
0
0
0
0
0
0
0
0
0
0
0
0
0
0
0
0
0
0
0
0
0
0
0
0
0
0
0
0
0
0
0
0
0
0
0
0
0
0
0
0
0
0
0
0
0
0
0
0
0
0
0
0
0
0
0
0
0
0
0
0
0
0
0
0
0
0
0
0
0
0
0
0
0
0
0
0
0
0
0
0
0
0
0
0
0
0
0
0
0
0
0
0
0
0
0
0
0
0
0
0
0
0
0
0
0
0
0
0
0
0
0
0
0
0
0
0
0
0
0
0
0
0
0
0
0
0
0
0
0
0
0
0
0
0
0
0
0
0
0
0
0
0
0
0
0
0
0
0
0
0
0
0
0
0
0
0
0
0
0
0
0
0
0
0
0
0
0
0
0
0
0
0
0
0
0
0
0
0
0
0
0
0
0
0
0
0
0
0
0
0
0
0
0
0
0
0
0
0
0
0
0
0
0
0
0
0
0
0
0
0
0
0
0
0
0
0
0
0
0
0
0
0
0
0
0
0
0
0
0
0
0
0
0
0
0
0
0
0
0
0
0
0
0
0
0
0
0
0
0
0
0
0
0
0
0
0
0
0
0
0
0
0
0
0
0
0
0
0
0
0
0
0
0
0
0
0
0
0
0
0
0
0
0
0
0
0
0
0
0
0
0
0
0
0
0
0
0
0
0
0
0
0
0
0
0
0
0
0
0
0
0
0
0
0
0
0
0
0
0
0
0
0
0
0
0
0
0
0
0
0
0
0
0
0
0
0
0
0
0
0
0
0
0
0
0
0
0
0
0
0
0
0
0
0
0
0
0
0
0
0
0
0
0
0
0
0
0
0
0
0
0
0
0
0
0
0
0
0
0
0
0
0
0
0
0
0
0
0
0
0
0
0
0
0
0
0
0
0
0
0
0
0
0
0
0
0
0
0
0
0
0
0
0
0
0
0
0
0
0
0
0
0
0
0
0
0
0
0
0
0
0
0
0
0
0
0
0
0
0
0
0
0
0
0
0
0
0
0
0
0
0
0
0
0
0
0
0
0
0
0
0
0
0
0
0
0
0
0
0
0
0
0
0
0
0
0
0
0
0
0
0
0
0
0
0
0
0
0
0
0
0
0
0
0
0
0
0
0
0
0
0
0
0
0
0
0
0
0
0
0
0
0
0
0
0
0
0
0
0
0
0
0
0
0
0
0
0
0
0
0
0
0
0
0
0
0
0
0
0
0
0
0
0
0
0
0
0
0
0
0
0
0
0
0
0
0
0
0
0
0
0
0
0
0
0
0
0
0
0
0
0
0
0
0
0
0
0
0
0
0
0
0
0
0
0
0
0
0
0
0
0
0
0
0
0
0
0
0
0
0
0
0
0
0
0
0
0
0
0
0
0
0
0
0
0
0
0
0
0
0
0
0
0
0
0
0
0
0
0
0
0
0
0
0
0
0
0
0
0
0
0
0
0
0
0
0
0
0
0
0
0
0
0
0
0
0
0
0
0
0
0
0
0
0
0
0
0
0
0
0
0
0
0
0
0
0
0
0
0
0
0
0
0
0
0
0
0
0
0
0
0
0
0
0
0
0
0
0
0
0
0
0
0
0
0
0
0
0
0
0
0
0
0
0
0
0
0
0
0
0
0
0
0
0
0
0
0
0
0
0
0
0
0
0
0
0
0
0
0
0
0
0
0
0
0
0
0
0
0
0
0
0
0
0
0
0
0
0
0
0
0
0
0
0
0
0
0
0
0
0
0
0
0
0
0
0
0
0
0
0
0
0
0
0
0
0
0
0
0
0
0
0
0
0
0
0
0
0
0
0
0
0
0
0
0
0
0
0
0
0
0
0
0
0
0
0
0
0
0
0
0
0
0
0
0
0
0
0
0
0
0
0
0
0
0
0
0
0
0
0
0
0
0
0
0
0
0
0
0
0
0
0
0
0
0
0
0
0
0
0
0
0
0
0
0
0
0
0
0
0
0
0
0
0
0
0
0
0
0
0
0
0
0
0
0
0
0
0
0
0
0
0
0
0
0
0
0
0
0
0
0
0
0
0
0
0
0
0
0
0
0
0
0
0
0
0
0
0
0
0
0
0
0
0
0
0
0
0
0
0
0
0
0
0
0
0
0
0
0
0
0
0
0
0
0
0
0
0
0
0
0
0
0
0
0
0
0
0
0
0
0
0
0
0
0
0
0
0
0
0
0
0
0
0
0
0
0
0
0
0
0
0
0
0
0
0
0
0
0
0
0
0
0
0
0
0
0
0
0
0
0
0
0
0
0
0
0
0
0
0
0
0
0
0
0
0
0
0
0
0
0
0
0
0
0
0
0
0
0
0
0
0
0
0
0
0
0
0
0
0
0
0
0
0
0
0
0
0
0
0
0
0
0
0
0
0
0
0
0
0
0
0
0
0
0
0
0
0
0
0
0
0
0
0
0
0
0
0
0
0
0
0
0
0
0
0
0
0
0
0
0
0
0
0
0
0
0
0
0
0
0
0
0
0
0
0
0
0
0
0
0
0
0
0
0
0
0
0
0
0
0
0
0
0
0
0
0
0
0
0
0
0
0
0
0
0
0
0
0
0
0
0
0
0
0
0
0
0
0
0
0
0
0
0
0
0
0
0
0
0
0
0
0
0
0
0
0
0
0
0
0
0
0
0
0
0
0
0
0
0
0
0
0
0
0
0
0
0
0
0
0
0
0
0
0
0
0
0
0
0
0
0
0
0
0
0
0
0
0
0
0
0
0
0
0
0
0
0
0
0
0
0
0
0
0
0
0
0
0
0
0
0
0
0
0
0
0
0
0
0
0
0
0
0
0
0
0
0
0
0
0
0
0
0
0
0
0
0
0
0
0
0
0
0
0
0
0
0
0
0
0
0
0
0
0
0
0
0
0
0
0
0
0
0
0
0
0
0
0
0
0
0
0
0
0
0
0
0
0
0
0
0
0
0
0
0
0
0
0
0
0
0
0
0
0
0
0
0
0
0
0
0
0
0
0
0
0
0
0
0
0
0
0
0
0
0
0
0
0
0
0
0
0
0
0
0
0
0
0
0
0
0
0
0
0
0
0
0
0
0
0
0
0
0
0
0
0
0
0
0
0
0
0
0
0
0
0
0
0
0
0
0
0
0
0
0
0
0
0
0
0
0
0
0
0
0
0
0
0
0
0
0
0
0
0
0
0
0
0
0
0
0
0
0
0
0
0
0
0
0
0
0
0
0
0
0
0
0
0
0
0
0
0
0
0
0
0
0
0
0
0
0
0
0
0
0
0
0
0
0
0
0
0
0
0
0
0
0
0
0
0
0
0
0
0
0
0
0
0
0
0
0
0
0
0
0
0
0
0
0
0
0
0
0
0
0
0
0
0
0
0
0
0
0
0
0
0
0
0
0
0
0
0
0
0
0
0
0
0
0
0
0
0
0
0
0
0
0
0
0
0
0
0
0
0
0
0
0
0
0
0
0
0
0
0
0
0
0
0
0
0
0
0
0
0
0
0
0
0
0
0
0
0
0
0
0
0
0
0
0
0
0
0
0
0
0
0
0
0
0
0
0
0
0
0
0
0
0
0
0
0
0
0
0
0
0
0
0
0
0
0
0
0
0
0
0
0
0
0
0
0
0
0
0
0
0
0
0
0
0
0
0
0
0
0
0
0
0
0
0
0
0
0
0
0
0
0
0
0
0
0
0
0
0
0
0
0
0
0
0
0
0
0
0
0
0
0
0
0
0
0
0
0
0
0
0
0
0
0
0
0
0
0
0
0
0
0
0
0
0
0
0
0
0
0
0
0
0
0
0
0
0
0
0
0
0
0
0
0
0
0
0
0
0
0
0
0
0
0
0
0
0
0
0
0
0
0
0
0
0
0
0
0
0
0
0
0
0
0
0
0
0
0
0
0
0
0
0
0
0
0
0
0
0
0
0
0
0
0
0
0
0
0
0
0
0
0
0
0
0
0
0
0
0
0
0
0
0
0
0
0
0
0
0
0
0
0
0
0
0
0
0
0
0
0
0
0
0
0
0
0
0
0
0
0
0
0
0
0
0
0
0
0
0
0
0
0
0
0
0
0
0
0
0
0
0
0
0
0
0
0
0
0
0
0
0
0
0
0
0
0
0
0
0
0
0
0
0
0
0
0
0
0
0
0
0
0
0
0
0
0
0
0
0
0
0
0
0
0
0
0
0
0
0
0
0
0
0
0
0
0
0
0
0
0
0
0
0
0
0
0
0
0
0
0
0
0
0
0
0
0
0
0
0
0
0
0
0
0
0
0
0
0
0
0
0
0
0
0
0
0
0
0
0
0
0
0
0
0
0
0
0
0
0
0
0
0
0
0
0
0
0
0
0
0
0
0
0
0
0
0
0
0
0
0
0
0
0
0
0
0
0
0
0
0
0
0
0
0
0
0
0
0
0
0
0
0
0
0
0
0
0
0
0
0
0
0
0
0
0
0
0
0
0
0
0
0
0
0
0
0
0
0
0
0
0
0
0
0
0
0
0
0
0
0
0
0
0
0
0
0
0
0
0
0
0
0
0
0
0
0
0
0
0
0
0
0
0
0
0
0
0
0
0
0
0
0
0
0
0
0
0
0
0
0
0
0
0
0
0
0
0
0
0
0
0
0
0
0
0
0
0
0
0
0
0
0
0
0
0
0
0
0
0
0
0
0
0
0
0
0
0
0
0
0
0
0
0
0
0
0
0
0
0
0
0
0
0
0
0
0
0
0
0
0
0
0
0
0
0
0
0
0
0
0
0
0
0
0
0
0
0
0
0
0
0
0
0
0
0
0
0
0
0
0
0
0
0
0
0
0
0
0
0
0
0
0
0
0
0
0
0
0
0
0
0
0
0
0
0
0
0
0
0
0
0
0
0
0
0
0
0
0
0
0
0
0
0
0
0
0
0
0
0
0
0
0
0
0
0
0
0
0
0
0
0
0
0
0
0
0
0
0
0
0
0
0
0
0
0
0
0
0
0
0
0
0
0
0
0
0
0
0
0
0
0
0
0
0
0
0
0
0
0
0
0
0
0
0
0
0
0
0
0
0
0
0
0
0
0
0
0
0
0
0
0
0
0
0
0
0
0
0
0
0
0
0
0
0
0
0
0
0
0
0
0
0
0
0
0
0
0
0
0
0
0
0
0
0
0
0
0
0
0
0
0
0
0
0
0
0
0
0
0
0
0
0
0
0
0
0
0
0
0
0
0
0
0
0
0
0
0
0
0
0
0
0
0
0
0
0
0
0
0
0
0
0
0
0
0
0
0
0
0
0
0
0
0
0
0
0
0
0
0
0
0
0
0
0
0
0
0
0
0
0
0
0
0
0
0
0
0
0
0
0
0
0
0
0
0
0
0
0
0
0
0
0
0
0
0
0
0
0
0
0
0
0
0
0
0
0
0
0
0
0
0
0
0
0
0
0
0
0
0
0
0
0
0
0
0
0
0
0
0
0
0
0
0
0
0
0
0
0
0
0
0
0
0
0
0
0
0
0
0
0
0
0
0
0
0
0
0
0
0
0
0
0
0
0
0
0
0
0
0
0
0
0
0
0
0
0
0
0
0
0
0
0
0
0
0
0
0
0
0
0
0
0
0
0
0
0
0
0
0
0
0
0
0
0
0
0
0
0
0
0
0
0
0
0
0
0
0
0
0
0
0
0
0
0
0
0
0
0
0
0
0
0
0
0
0
0
0
0
0
0
0
0
0
0
0
0
0
0
0
0
0
0
0
0
0
0
0
0
0
0
0
0
0
0
0
0
0
0
0
0
0
0
0
0
0
0
0
0
0
0
0
0
0
0
0
0
0
0
0
0
0
0
0
0
0
0
0
0
0
0
0
0
0
0
0
0
0
0
0
0
0
0
0
0
0
0
0
0
0
0
0
0
0
0
0
0
0
0
0
0
0
0
0
0
0
0
0
0
0
0
0
0
0
0
0
0
0
0
0
0
0
0
0
0
0
0
0
0
0
0
0
0
0
0
0
0
0
0
0
0
0
0
0
0
0
0
0
0
0
0
0
0
0
0
0
0
0
0
0
0
0
0
0
0
0
0
0
0
0
0
0
0
0
0
0
0
0
0
0
0
0
0
0
0
0
0
0
0
0
0
0
0
0
0
0
0
0
0
0
0
0
0
0
0
0
0
0
0
0
0
0
0
0
0
0
0
0
0
0
0
0
0
0
0
0
0
0
0
0
0
0
0
0
0
0
0
0
0
0
0
0
0
0
0
0
0
0
0
0
0
0
0
0
0
0
0
0
0
0
0
0
0
0
0
0
0
0
0
0
0
0
0
0
0
0
0
0
0
0
0
0
0
0
0
0
0
0
0
0
0
0
0
0
0
0
0
0
0
0
0
0
0
0
0
0
0
0
0
0
0
0
0
0
0
0
0
0
0
0
0
0
0
0
0
0
0
0
0
0
0
0
0
0
0
0
0
0
0
0
0
0
0
0
0
0
0
0
0
0
0
0
0
0
0
0
0
0
0
0
0
0
0
0
0
0
0
0
0
0
0
0
0
0
0
0
0
0
0
0
0
0
0
0
0
0
0
0
0
0
0
0
0
0
0
0
0
0
0
0
0
0
0
0
0
0
0
0
0
0
0
0
0
0
0
0
0
0
0
0
0
0
0
0
0
0
0
0
0
0
0
0
0
0
0
0
0
0
0
0
0
0
0
0
0
0
0
0
0
0
0
0
0
0
0
0
0
0
0
0
0
0
0
0
0
0
0
0
0
0
0
0
0
0
0
0
0
0
0
0
0
0
0
0
0
0
0
0
0
0
0
0
0
0
0
0
0
0
0
0
0
0
0
0
0
0
0
0
0
0
0
0
0
0
0
0
0
0
0
0
0
0
0
0
0
0
0
0
0
0
0
0
0
0
0
0
0
0
0
0
0
0
0
0
0
0
0
0
0
0
0
0
0
0
0
0
0
0
0
0
0
0
0
0
0
0
0
0
0
0
0
0
0
0
0
0
0
0
0
0
0
0
0
0
0
0
0
0
0
0
0
0
0
0
0
0
0
0
0
0
0
0
0
0
0
0
0
0
0
0
0
0
0
0
0
0
0
0
0
0
0
0
0
0
0
0
0
0
0
0
0
0
0
0
0
0
0
0
0
0
0
0
0
0
0
0
0
0
0
0
0
0
0
0
0
0
0
0
0
0
0
0
0
0
0
0
0
0
0
0
0
0
0
0
0
0
0
0
0
0
0
0
0
0
0
0
0
0
0
0
0
0
0
0
0
0
0
0
0
0
0
0
0
0
0
0
0
0
0
0
0
0
0
0
0
0
0
0
0
0
0
0
0
0
0
0
0
0
0
0
0
0
0
0
0
0
0
0
0
0
0
0
0
0
0
0
0
0
0
0
0
0
0
0
0
0
0
0
0
0
0
0
0
0
0
0
0
0
0
0
0
0
0
0
0
0
0
0
0
0
0
0
0
0
0
0
0
0
0
0
0
0
0
0
0
0
0
0
0
0
0
0
0
0
0
0
0
0
0
0
0
0
0
0
0
0
0
0
0
0
0
0
0
0
0
0
0
0
0
0
0
0
0
0
0
0
0
0
0
0
0
0
0
0
0
0
0
0
0
0
0
0
0
0
0
0
0
0
0
0
0
0
0
0
0
0
0
0
0
0
0
0
0
0
0
0
0
0
0
0
0
0
0
0
0
0
0
0
0
0
0
0
0
0
0
0
0
0
0
0
0
0
0
0
0
0
0
0
0
0
0
0
0
0
0
0
0
0
0
0
0
0
0
0
0
0
0
0
0
0
0
0
0
0
0
0
0
0
0
0
0
0
0
0
0
0
0
0
0
0
0
0
0
0
0
0
0
0
0
0
0
0
0
0
0
0
0
0
0
0
0
0
0
0
0
0
0
0
0
0
0
0
0
0
0
0
0
0
0
0
0
0
0
0
0
0
0
0
0
0
0
0
0
0
0
0
0
0
0
0
0
0
0
0
0
0
0
0
0
0
0
0
0
0
0
0
0
0
0
0
0
0
0
0
0
0
0
0
0
0
0
0
0
0
0
0
0
0
0
0
0
0
0
0
0
0
0
0
0
0
0
0
0
0
0
0
0
0
0
0
0
0
0
0
0
0
0
0
0
0
0
0
0
0
0
0
0
0
0
0
0
0
0
0
0
0
0
0
0
0
0
0
0
0
0
0
0
0
0
0
0
0
0
0
0
0
0
0
0
0
0
0
0
0
0
0
0
0
0
0
0
0
0
0
0
0
0
0
0
0
0
0
0
0
0
0
0
0
0
0
0
0
0
0
0
0
0
0
0
0
0
0
0
0
0
0
0
0
0
0
0
0
0
0
0
0
0
0
0
0
0
0
0
0
0
0
0
0
0
0
0
0
0
0
0
0
0
0
0
0
0
0
0
0
0
0
0
0
0
0
0
0
0
0
0
0
0
0
0
0
0
0
0
0
0
0
0
0
0
0
0
0
0
0
0
0
0
0
0
0
0
0
0
0
0
0
0
0
0
0
0
0
0
0
0
0
0
0
0
0
0
0
0
0
0
0
0
0
0
0
0
0
0
0
0
0
0
0
0
0
0
0
0
0
0
0
0
0
0
0
0
0
0
0
0
0
0
0
0
0
0
0
0
0
0
0
0
0
0
0
0
0
0
0
0
0
0
0
0
0
0
0
0
0
0
0
0
0
0
0
0
0
0
0
0
0
0
0
0
0
0
0
0
0
0
0
0
0
0
0
0
0
0
0
0
0
0
0
0
0
0
0
0
0
0
0
0
0
0
0
0
0
0
0
0
0
0
0
0
0
0
0
0
0
0
0
0
0
0
0
0
0
0
0
0
0
0
0
0
0
0
0
0
0
0
0
0
0
0
0
0
0
0
0
0
0
0
0
0
0
0
0
0
0
0
0
0
0
0
0
0
0
0
0
0
0
0
0
0
0
0
0
0
0
0
0
0
0
0
0
0
0
0
0
0
0
0
0
0
0
0
0
0
0
0
0
0
0
0
0
0
0
0
0
0
0
0
0
0
0
0
0
0
0
0
0
0
0
0
0
0
0
0
0
0
0
0
0
0
0
0
0
0
0
0
0
0
0
0
0
0
0
0
0
0
0
0
0
0
0
0
0
0
0
0
0
0
0
0
0
0
0
0
0
0
0
0
0
0
0
0
0
0
0
0
0
0
0
0
0
0
0
0
0
0
0
0
0
0
0
0
0
0
0
0
0
0
0
0
0
0
0
0
0
0
0
0
0
0
0
0
0
0
0
0
0
0
0
0
0
0
0
0
0
0
0
0
0
0
0
0
0
0
0
0
0
0
0
0
0
0
0
0
0
0
0
0
0
0
0
0
0
0
0
0
0
0
0
0
0
0
0
0
0
0
0
0
0
0
0
0
0
0
0
0
0
0
0
0
0
0
0
0
0
0
0
0
0
0
0
0
0
0
0
0
0
0
0
0
0
0
0
0
0
0
0
0
0
0
0
0
0
0
0
0
0
0
0
0
0
0
0
0
0
0
0
0
0
0
0
0
0
0
0
0
0
0
0
0
0
0
0
0
0
0
0
0
0
0
0
0
0
0
0
0
0
0
0
0
0
0
0
0
0
0
0
0
0
0
0
0
0
0
0
0
0
0
0
0
0
0
0
0
0
0
0
0
0
0
0
0
0
0
0
0
0
0
0
0
0
0
0
0
0
0
0
0
0
0
0
0
0
0
0
0
0
0
0
0
0
0
0
0
0
0
0
0
0
0
0
0
0
0
0
0
0
0
0
0
0
0
0
0
0
0
0
0
0
0
0
0
0
0
0
0
0
0
0
0
0
0
0
0
0
0
0
0
0
0
0
0
0
0
0
0
0
0
0
0
0
0
0
0
0
0
0
0
0
0
0
0
0
0
0
0
0
0
0
0
0
0
0
0
0
0
0
0
0
0
0
0
0
0
0
0
0
0
0
0
0
0
0
0
0
0
0
0
0
0
0
0
0
0
0
0
0
0
0
0
0
0
0
0
0
0
0
0
0
0
0
0
0
0
0
0
0
0
0
0
0
0
0
0
0
0
0
0
0
0
0
0
0
0
0
0
0
0
0
0
0
0
0
0
0
0
0
0
0
0
0
0
0
0
0
0
0
0
0
0
0
0
0
0
0
0
0
0
0
0
0
0
0
0
0
0
0
0
0
0
0
0
0
0
0
0
0
0
0
0
0
0
0
0
0
0
0
0
0
0
0
0
0
0
0
0
0
0
0
0
0
0
0
0
0
0
0
0
0
0
0
0
0
0
0
0
0
0
0
0
0
0
0
0
0
0
0
0
0
0
0
0
0
0
0
0
0
0
0
0
0
0
0
0
0
0
0
0
0
0
0
0
0
0
0
0
0
0
0
0
0
0
0
0
0
0
0
0
0
0
0
0
0
0
0
0
0
0
0
0
0
0
0
0
0
0
0
0
0
0
0
0
0
0
0
0
0
0
0
0
0
0
0
0
0
0
0
0
0
0
0
0
0
0
0
0
0
0
0
0
0
0
0
0
0
0
0
0
0
0
0
0
0
0
0
0
0
0
0
0
0
0
0
0
0
0
0
0
0
0
0
0
0
0
0
0
0
0
0
0
0
0
0
0
0
0
0
0
0
0
0
0
0
0
0
0
0
0
0
0
0
0
0
0
0
0
0
0
0
0
0
0
0
0
0
0
0
0
0
0
0
0
0
0
0
0
0
0
0
0
0
0
0
0
0
0
0
0
0
0
0
0
0
0
0
0
0
0
0
0
0
0
0
0
0
0
0
0
0
0
0
0
0
0
0
0
0
0
0
0
0
0
0
0
0
0
0
0
0
0
0
0
0
0
0
0
0
0
0
0
0
0
0
0
0
0
0
0
0
0
0
0
0
0
0
0
0
0
0
0
0
0
0
0
0
0
0
0
0
0
0
0
0
0
0
0
0
0
0
0
0
0
0
0
0
0
0
0
0
0
0
0
0
0
0
0
0
0
0
0
0
0
0
0
0
0
0
0
0
0
0
0
0
0
0
0
0
0
0
0
0
0
0
0
0
0
0
0
0
0
0
0
0
0
0
0
0
0
0
0
0
0
0
0
0
0
0
0
0
0
0
0
0
0
0
0
0
0
0
0
0
0
0
0
0
0
0
0
0
0
0
0
0
0
0
0
0
0
0
0
0
0
0
0
0
0
0
0
0
0
0
0
0
0
0
0
0
0
0
0
0
0
0
0
0
0
0
0
0
0
0
0
0
0
0
0
0
0
0
0
0
0
0
0
0
0
0
0
0
0
0
0
0
0
0
0
0
0
0
0
0
0
0
0
0
0
0
0
0
0
0
0
0
0
0
0
0
0
0
0
0
0
0
0
0
0
0
0
0
0
0
0
0
0
0
0
0
0
0
0
0
0
0
0
0
0
0
0
0
0
0
0
0
0
0
0
0
0
0
0
0
0
0
0
0
0
0
0
0
0
0
0
0
0
0
0
0
0
0
0
0
0
0
0
0
0
0
0
0
0
0
0
0
0
0
0
0
0
0
0
0
0
0
0
0
0
0
0
0
0
0
0
0
0
0
0
0
0
0
0
0
0
0
0
0
0
0
0
0
0
0
0
0
0
0
0
0
0
0
0
0
0
0
0
0
0
0
0
0
0
0
0
0
0
0
0
0
0
0
0
0
0
0
0
0
0
0
0
0
0
0
0
0
0
0
0
0
0
0
0
0
0
0
0
0
0
0
0
0
0
0
0
0
0
0
0
0
0
0
0
0
0
0
0
0
0
0
0
0
0
0
0
0
0
0
0
0
0
0
0
0
0
0
0
0
0
0
0
0
0
0
0
0
0
0
0
0
0
0
0
0
0
0
0
0
0
0
0
0
0
0
0
0
0
0
0
0
0
0
0
0
0
0
0
0
0
0
0
0
0
0
0
0
0
0
0
0
0
0
0
0
0
0
0
0
0
0
0
0
0
0
0
0
0
0
0
0
0
0
0
0
0
0
0
0
0
0
0
0
0
0
0
0
0
0
0
0
0
0
0
0
0
0
0
0
0
0
0
0
0
0
0
0
0
0
0
0
0
0
0
0
0
0
0
0
0
0
0
0
0
0
0
0
0
0
0
0
0
0
0
0
0
0
0
0
0
0
0
0
0
0
0
0
0
0
0
0
0
0
0
0
0
0
0
0
0
0
0
0
0
0
0
0
0
0
0
0
0
0
0
0
0
0
0
0
0
0
0
0
0
0
0
0
0
0
0
0
0
0
0
0
0
0
0
0
0
0
0
0
0
0
0
0
0
0
0
0
0
0
0
0
0
0
0
0
0
0
0
0
0
0
0
0
0
0
0
0
0
0
0
0
0
0
0
0
0
0
0
0
0
0
0
0
0
0
0
0
0
0
0
0
0
0
0
0
0
0
0
0
0
0
0
0
0
0
0
0
0
0
0
0
0
0
0
0
0
0
0
0
0
0
0
0
0
0
0
0
0
0
0
0
0
0
0
0
0
0
0
0
0
0
0
0
0
0
0
0
0
0
0
0
0
0
0
0
0
0
0
0
0
0
0
0
0
0
0
0
0
0
0
0
0
0
0
0
0
0
0
0
0
0
0
0
0
0
0
0
0
0
0
0
0
0
0
0
0
0
0
0
0
0
0
0
0
0
0
0
0
0
0
0
0
0
0
0
0
0
0
0
0
0
0
0
0
0
0
0
0
0
0
0
0
0
0
0
0
0
0
0
0
0
0
0
0
0
0
0
0
0
0
0
0
0
0
0
0
0
0
0
0
0
0
0
0
0
0
0
0
0
0
0
0
0
0
0
0
0
0
0
0
0
0
0
0
0
0
0
0
0
0
0
0
0
0
0
0
0
0
0
0
0
0
0
0
0
0
0
0
0
0
0
0
0
0
0
0
0
0
0
0
0
0
0
0
0
0
0
0
0
0
0
0
0
0
0
0
0
0
0
0
0
0
0
0
0
0
0
0
0
0
0
0
0
0
0
0
0
0
0
0
0
0
0
0
0
0
0
0
0
0
0
0
0
0
0
0
0
0
0
0
0
0
0
0
0
0
0
0
0
0
0
0
0
0
0
0
0
0
0
0
0
0
0
0
0
0
0
0
0
0
0
0
0
0
0
0
0
0
0
0
0
0
0
0
0
0
0
0
0
0
0
0
0
0
0
0
0
0
0
0
0
0
0
0
0
0
0
0
0
0
0
0
0
0
0
0
0
0
0
0
0
0
0
0
0
0
0
0
0
0
0
0
0
0
0
0
0
0
0
0
0
0
0
0
0
0
0
0
0
0
0
0
0
0
0
0
0
0
0
0
0
0
0
0
0
0
0
0
0
0
0
0
0
0
0
0
0
0
0
0
0
0
0
0
0
0
0
0
0
0
0
0
0
0
0
0
0
0
0
0
0
0
0
0
0
0
0
0
0
0
0
0
0
0
0
0
0
0
0
0
0
0
0
0
0
0
0
0
0
0
0
0
0
0
0
0
0
0
0
0
0
0
0
0
0
0
0
0
0
0
0
0
0
0
0
0
0
0
0
0
0
0
0
0
0
0
0
0
0
0
0
0
0
0
0
0
0
0
0
0
0
0
0
0
0
0
0
0
0
0
0
0
0
0
0
0
0
0
0
0
0
0
0
0
0
0
0
0
0
0
0
0
0
0
0
0
0
0
0
0
0
0
0
0
0
0
0
0
0
0
0
0
0
0
0
0
0
0
0
0
0
0
0
0
0
0
0
0
0
0
0
0
0
0
0
0
0
0
0
0
0
0
0
0
0
0
0
0
0
0
0
0
0
0
0
0
0
0
0
0
0
0
0
0
0
0
0
0
0
0
0
0
0
0
0
0
0
0
0
0
0
0
0
0
0
0
0
0
0
0
0
0
0
0
0
0
0
0
0
0
0
0
0
0
0
0
0
0
0
0
0
0
0
0
0
0
0
0
0
0
0
0
0
0
0
0
0
0
0
0
0
0
0
0
0
0
0
0
0
0
0
0
0
0
0
0
0
0
0
0
0
0
0
0
0
0
0
0
0
0
0
0
0
0
0
0
0
0
0
0
0
0
0
0
0
0
0
0
0
0
0
0
0
0
0
0
0
0
0
0
0
0
0
0
0
0
0
0
0
0
0
0
0
0
0
0
0
0
0
0
0
0
0
0
0
0
0
0
0
0
0
0
0
0
0
0
0
0
0
0
0
0
0
0
0
0
0
0
0
0
0
0
0
0
0
0
0
0
0
0
0
0
0
0
0
0
0
0
0
0
0
0
0
0
0
0
0
0
0
0
0
0
0
0
0
0
0
0
0
0
0
0
0
0
0
0
0
0
0
0
0
0
0
0
0
0
0
0
0
0
0
0
0
0
0
0
0
0
0
0
0
0
0
0
0
0
0
0
0
0
0
0
0
0
0
0
0
0
0
0
0
0
0
0
0
0
0
0
0
0
0
0
0
0
0
0
0
0
0
0
0
0
0
0
0
0
0
0
0
0
0
0
0
0
0
0
0
0
0
0
0
0
0
0
0
0
0
0
0
0
0
0
0
0
0
0
0
0
0
0
0
0
0
0
0
0
0
0
0
0
0
0
0
0
0
0
0
0
0
0
0
0
0
0
0
0
0
0
0
0
0
0
0
0
0
0
0
0
0
0
0
0
0
0
0
0
0
0
0
0
0
0
0
0
0
0
0
0
0
0
0
0
0
0
0
0
0
0
0
0
0
0
0
0
0
0
0
0
0
0
0
0
0
0
0
0
0
0
0
0
0
0
0
0
0
0
0
0
0
0
0
0
0
0
0
0
0
0
0
0
0
0
0
0
0
0
0
0
0
0
0
0
0
0
0
0
0
0
0
0
0
0
0
0
0
0
0
0
0
0
0
0
0
0
0
0
0
0
0
0
0
0
0
0
0
0
0
0
0
0
0
0
0
0
0
0
0
0
0
0
0
0
0
0
0
0
0
0
0
0
0
0
0
0
0
0
0
0
0
0
0
0
0
0
0
0
0
0
0
0
0
0
0
0
0
0
0
0
0
0
0
0
0
0
0
0
0
0
0
0
0
0
0
0
0
0
0
0
0
0
0
0
0
0
0
0
0
0
0
0
0
0
0
0
0
0
0
0
0
0
0
0
0
0
0
0
0
0
0
0
0
0
0
0
0
0
0
0
0
0
0
0
0
0
0
0
0
0
0
0
0
0
0
0
0
0
0
0
0
0
0
0
0
0
0
0
0
0
0
0
0
0
0
0
0
0
0
0
0
0
0
0
0
0
0
0
0
0
0
0
0
0
0
0
0
0
0
0
0
0
0
0
0
0
0
0
0
0
0
0
0
0
0
0
0
0
0
0
0
0
0
0
0
0
0
0
0
0
0
0
0
0
0
0
0
0
0
0
0
0
0
0
0
0
0
0
0
0
0
0
0
0
0
0
0
0
0
0
0
0
0
0
0
0
0
0
