0
4095
0
0
0
0
0
0
0
4095
0
0
0
0
0
0
0
4095
0
0
0
0
0
0
0
4095
0
0
0
0
0
0
0
4095
0
0
0
0
0
0
0
4095
0
0
0
0
0
0
0
4095
0
0
0
0
0
0
0
4095
0
0
0
0
0
0
0
4095
0
0
0
0
0
0
0
4095
0
0
0
0
0
0
0
4095
0
0
0
0
0
0
0
4095
0
0
0
0
0
0
0
4095
0
0
0
0
0
0
0
4095
0
0
0
0
0
0
0
4095
0
0
0
0
0
0
0
4095
0
0
0
0
0
0
0
4095
0
0
0
0
0
0
0
4095
0
0
0
0
0
0
0
4095
0
0
0
0
0
0
0
4095
0
0
0
0
0
0
0
4095
0
0
0
0
0
0
0
4095
0
0
0
0
0
0
0
4095
0
0
0
0
0
0
4091
4093
0
0
0
0
0
0
4095
4090
0
0
0
0
0
0
3
4093
0
0
0
0
0
0
4091
4093
0
0
0
0
0
0
4094
4089
0
0
0
0
0
0
2
4093
0
0
0
0
0
0
4093
4094
0
0
0
0
0
0
4091
4089
0
0
0
0
0
0
6
4092
0
0
0
0
0
0
4095
2
0
0
0
0
0
0
4086
4088
0
0
0
0
0
0
7
4092
0
0
0
0
0
0
2
6
0
0
0
0
0
0
4080
4089
0
0
0
0
0
0
8
4083
0
0
0
0
0
0
13
10
0
0
0
0
0
0
4072
4094
0
0
0
0
0
0
3
4077
0
0
0
0
0
0
25
8
0
0
0
0
0
0
4071
2
0
0
0
0
0
0
4087
4069
0
0
0
0
0
0
39
5
0
0
0
0
0
0
4072
14
0
0
0
0
0
0
4065
4064
0
0
0
0
0
0
51
4093
0
0
0
0
0
0
4086
27
0
0
0
0
0
0
4042
4066
0
0
0
0
0
0
55
4078
0
0
0
0
0
0
12
38
0
0
0
0
0
0
4021
4072
0
0
0
0
0
0
45
4060
0
0
0
0
0
0
47
45
0
0
0
0
0
0
4002
4088
0
0
0
0
0
0
21
4040
0
0
0
0
0
0
85
44
0
0
0
0
0
0
3999
18
0
0
0
0
0
0
4077
4024
0
0
0
0
0
0
120
31
0
0
0
0
0
0
4015
44
0
0
0
0
0
0
4027
4014
0
0
0
0
0
0
142
7
0
0
0
0
0
0
4054
72
0
0
0
0
0
0
3969
4019
0
0
0
0
0
0
147
4065
0
0
0
0
0
0
17
95
0
0
0
0
0
0
3922
4036
0
0
0
0
0
0
121
4024
0
0
0
0
0
0
91
108
0
0
0
0
0
0
3890
4072
0
0
0
0
0
0
67
3983
0
0
0
0
0
0
170
101
0
0
0
0
0
0
3885
27
0
0
0
0
0
0
4080
3951
0
0
0
0
0
0
239
74
0
0
0
0
0
0
3919
84
0
0
0
0
0
0
3978
3937
0
0
0
0
0
0
281
25
0
0
0
0
0
0
3996
137
0
0
0
0
0
0
3876
3946
0
0
0
0
0
0
285
4057
0
0
0
0
0
0
5
179
0
0
0
0
0
0
3785
3984
0
0
0
0
0
0
240
3985
0
0
0
0
0
0
136
199
0
0
0
0
0
0
3728
4045
0
0
0
0
0
0
146
3916
0
0
0
0
0
0
270
188
0
0
0
0
0
0
3722
31
0
0
0
0
0
0
10
3861
0
0
0
0
0
0
386
145
0
0
0
0
0
0
3776
125
0
0
0
0
0
0
3941
3835
0
0
0
0
0
0
458
67
0
0
0
0
0
0
3892
213
0
0
0
0
0
0
3771
3846
0
0
0
0
0
0
470
4060
0
0
0
0
0
0
4063
281
0
0
0
0
0
0
3624
3902
0
0
0
0
0
0
407
3946
0
0
0
0
0
0
167
314
0
0
0
0
0
0
3533
3993
0
0
0
0
0
0
269
3837
0
0
0
0
0
0
374
302
0
0
0
0
0
0
3513
22
0
0
0
0
0
0
65
3751
0
0
0
0
0
0
553
239
0
0
0
0
0
0
3586
158
0
0
0
0
0
0
3919
3708
0
0
0
0
0
0
672
130
0
0
0
0
0
0
3746
291
0
0
0
0
0
0
3668
3718
0
0
0
0
0
0
703
4079
0
0
0
0
0
0
3984
395
0
0
0
0
0
0
3449
3791
0
0
0
0
0
0
624
3917
0
0
0
0
0
0
175
452
0
0
0
0
0
0
3303
3917
0
0
0
0
0
0
440
3759
0
0
0
0
0
0
474
443
0
0
0
0
0
0
3261
4087
0
0
0
0
0
0
166
3632
0
0
0
0
0
0
735
365
0
0
0
0
0
0
3343
182
0
0
0
0
0
0
3925
3561
0
0
0
0
0
0
916
218
0
0
0
0
0
0
3549
366
0
0
0
0
0
0
3578
3564
0
0
0
0
0
0
978
23
0
0
0
0
0
0
3862
518
0
0
0
0
0
0
3268
3649
0
0
0
0
0
0
892
3900
0
0
0
0
0
0
151
606
0
0
0
0
0
0
3051
3811
0
0
0
0
0
0
666
3682
0
0
0
0
0
0
556
610
0
0
0
0
0
0
2967
4032
0
0
0
0
0
0
315
3507
0
0
0
0
0
0
915
522
0
0
0
0
0
0
3047
189
0
0
0
0
0
0
3973
3399
0
0
0
0
0
0
1176
344
0
0
0
0
0
0
3293
439
0
0
0
0
0
0
3511
3387
0
0
0
0
0
0
1283
95
0
0
0
0
0
0
3687
645
0
0
0
0
0
0
3093
3477
0
0
0
0
0
0
1212
3904
0
0
0
0
0
0
77
776
0
0
0
0
0
0
2784
3669
0
0
0
0
0
0
947
3620
0
0
0
0
0
0
602
802
0
0
0
0
0
0
2644
3945
0
0
0
0
0
0
519
3378
0
0
0
0
0
0
1084
705
0
0
0
0
0
0
2707
170
0
0
0
0
0
0
4070
3223
0
0
0
0
0
0
1444
498
0
0
0
0
0
0
2984
493
0
0
0
0
0
0
3481
3185
0
0
0
0
0
0
1621
197
0
0
0
0
0
0
3451
770
0
0
0
0
0
0
2933
3279
0
0
0
0
0
0
1572
3935
0
0
0
0
0
0
4053
953
0
0
0
0
0
0
2514
3500
0
0
0
0
0
0
1283
3575
0
0
0
0
0
0
611
1010
0
0
0
0
0
0
2295
3827
0
0
0
0
0
0
782
3261
0
0
0
0
0
0
1228
917
0
0
0
0
0
0
2328
122
0
0
0
0
0
0
126
3045
0
0
0
0
0
0
1712
686
0
0
0
0
0
0
2622
526
0
0
0
0
0
0
3496
2971
0
0
0
0
0
0
1974
334
0
0
0
0
0
0
3159
879
0
0
0
0
0
0
2807
3052
0
0
0
0
0
0
1970
3999
0
0
0
0
0
0
3869
1131
0
0
0
0
0
0
2256
3295
0
0
0
0
0
0
1671
3553
0
0
0
0
0
0
569
1231
0
0
0
0
0
0
1939
3672
0
0
0
0
0
0
1109
3156
0
0
0
0
0
0
1336
1157
0
0
0
0
0
0
1915
41
0
0
0
0
0
0
341
2868
0
0
0
0
0
0
1960
905
0
0
0
0
0
0
2209
532
0
0
0
0
0
0
3570
2742
0
0
0
0
0
0
2337
505
0
0
0
0
0
0
2801
975
0
0
0
0
0
0
2721
2805
0
0
0
0
0
0
2396
3
0
0
0
0
0
0
3622
1301
0
0
0
0
0
0
2022
3059
0
0
0
0
0
0
2108
3567
0
0
0
0
0
0
464
1460
0
0
0
0
0
0
1579
3483
0
0
0
0
0
0
1493
3076
0
0
0
0
0
0
1395
1413
0
0
0
0
0
0
1478
4020
0
0
0
0
0
0
623
2703
0
0
0
0
0
0
2178
1154
0
0
0
0
0
0
1755
503
0
0
0
0
0
0
3706
2511
0
0
0
0
0
0
2690
712
0
0
0
0
0
0
2387
1040
0
0
0
0
0
0
2691
2539
0
0
0
0
0
0
2840
139
0
0
0
0
0
0
3306
1462
0
0
0
0
0
0
1820
2795
0
0
0
0
0
0
2584
3610
0
0
0
0
0
0
294
1689
0
0
0
0
0
0
1236
3256
0
0
0
0
0
0
1934
3023
0
0
0
0
0
0
1397
1683
0
0
0
0
0
0
1032
3860
0
0
0
0
0
0
973
2555
0
0
0
0
0
0
2355
1431
0
0
0
0
0
0
1264
437
0
0
0
0
0
0
3910
2287
0
0
0
0
0
0
3021
957
0
0
0
0
0
0
1920
1080
0
0
0
0
0
0
2721
2265
0
0
0
0
0
0
3286
318
0
0
0
0
0
0
2924
1598
0
0
0
0
0
0
1669
2508
0
0
0
0
0
0
3086
3698
0
0
0
0
0
0
53
1913
0
0
0
0
0
0
916
2995
0
0
0
0
0
0
2428
3003
0
0
0
0
0
0
1331
1961
0
0
0
0
0
0
587
3662
0
0
0
0
0
0
1386
2429
0
0
0
0
0
0
2478
1728
0
0
0
0
0
0
747
332
0
0
0
0
0
0
93
2069
0
0
0
0
0
0
3323
1233
0
0
0
0
0
0
1403
1080
0
0
0
0
0
0
2825
1986
0
0
0
0
0
0
3724
538
0
0
0
0
0
0
2480
1708
0
0
0
0
0
0
1576
2205
0
0
0
0
0
0
3609
3826
0
0
0
0
0
0
3835
2119
0
0
0
0
0
0
634
2704
0
0
0
0
0
0
2966
3020
0
0
0
0
0
0
1192
2237
0
0
0
0
0
0
158
3426
0
0
0
0
0
0
1864
2335
0
0
0
0
0
0
2539
2041
0
0
0
0
0
0
222
180
0
0
0
0
0
0
445
1872
0
0
0
0
0
0
3578
1539
0
0
0
0
0
0
849
1039
0
0
0
0
0
0
2998
1713
0
0
0
0
0
0
47
793
0
0
0
0
0
0
1970
1785
0
0
0
0
0
0
1549
1888
0
0
0
0
0
0
39
3998
0
0
0
0
0
0
3446
2300
0
0
0
0
0
0
410
2387
0
0
0
0
0
0
3530
3084
0
0
0
0
0
0
978
2507
0
0
0
0
0
0
3853
3150
0
0
0
0
0
0
2397
2277
0
0
0
0
0
0
2526
2358
0
0
0
0
0
0
3792
4083
0
0
0
0
0
0
868
1704
0
0
0
0
0
0
3774
1866
0
0
0
0
0
0
270
954
0
0
0
0
0
0
3255
1449
0
0
0
0
0
0
430
1083
0
0
0
0
0
0
1414
1818
0
0
0
0
0
0
1604
1565
0
0
0
0
0
0
557
1296
0
0
0
0
0
0
2897
2958
0
0
0
0
0
0
1315
324
0
0
0
0
0
0
3875
3363
0
0
0
0
0
0
393
2187
0
0
0
0
0
0
1727
1073
0
0
0
0
0
0
1973
2864
0
0
0
0
0
0
2802
1641
0
0
0
0
0
0
338
1823
0
0
0
0
0
0
1525
1017
0
0
0
0
0
0
2837
3933
0
0
0
0
0
0
242
3479
0
0
0
0
0
0
3281
1766
0
0
0
0
0
0
1999
3549
0
0
0
0
0
0
1791
1230
0
0
0
0
0
0
1948
908
0
0
0
0
0
0
1014
529
0
0
0
0
0
0
350
1550
0
0
0
0
0
0
1358
3979
0
0
0
0
0
0
1807
2397
0
0
0
0
0
0
469
2531
0
0
0
0
0
0
2521
3086
0
0
0
0
0
0
1350
3339
0
0
0
0
0
0
1483
3726
0
0
0
0
0
0
2817
3433
0
0
0
0
0
0
1107
1498
0
0
0
0
0
0
3527
3827
0
0
0
0
0
0
2036
1560
0
0
0
0
0
0
3487
1694
0
0
0
0
0
0
1701
1177
0
0
0
0
0
0
3927
2541
0
0
0
0
0
0
3908
3464
0
0
0
0
0
0
1567
762
0
0
0
0
0
0
2693
2617
0
0
0
0
0
0
851
657
0
0
0
0
0
0
22
305
0
0
0
0
0
0
3942
2842
0
0
0
0
0
0
2278
2730
0
0
0
0
0
0
489
1594
0
0
0
0
0
0
1038
491
0
0
0
0
0
0
2866
2776
0
0
0
0
0
0
1739
1427
0
0
0
0
0
0
501
1548
0
0
0
0
0
0
3596
3787
0
0
0
0
0
0
2145
2874
0
0
0
0
0
0
1764
1639
0
0
0
0
0
0
3273
2437
0
0
0
0
0
0
3219
3457
0
0
0
0
0
0
845
2859
0
0
0
0
0
0
2303
2477
0
0
0
0
0
0
3661
2351
0
0
0
0
0
0
777
428
0
0
0
0
0
0
501
2282
0
0
0
0
0
0
1484
2808
0
0
0
0
0
0
1104
1752
0
0
0
0
0
0
685
763
0
0
0
0
0
0
3068
1047
0
0
0
0
0
0
618
2702
0
0
0
0
0
0
270
1968
0
0
0
0
0
0
3043
3517
0
0
0
0
0
0
3884
1739
0
0
0
0
0
0
2379
889
0
0
0
0
0
0
2279
2515
0
0
0
0
0
0
3597
3212
0
0
0
0
0
0
1189
3222
0
0
0
0
0
0
3140
1363
0
0
0
0
0
0
3924
1948
0
0
0
0
0
0
1311
717
0
0
0
0
0
0
4006
2397
0
0
0
0
0
0
1690
3004
0
0
0
0
0
0
2136
1669
0
0
0
0
0
0
268
989
0
0
0
0
0
0
2762
676
0
0
0
0
0
0
1291
3933
0
0
0
0
0
0
1680
1039
0
0
0
0
0
0
2661
3117
0
0
0
0
0
0
409
1645
0
0
0
0
0
0
2403
1275
0
0
0
0
0
0
262
266
0
0
0
0
0
0
162
2862
0
0
0
0
0
0
1467
3598
0
0
0
0
0
0
2459
105
0
0
0
0
0
0
1562
3164
0
0
0
0
0
0
1112
1527
0
0
0
0
0
0
3326
2485
0
0
0
0
0
0
1711
2622
0
0
0
0
0
0
45
3943
0
0
0
0
0
0
1921
3704
0
0
0
0
0
0
2668
191
0
0
0
0
0
0
1989
4036
0
0
0
0
0
0
2359
1073
0
0
0
0
0
0
3344
1003
0
0
0
0
0
0
831
1780
0
0
0
0
0
0
2320
1660
0
0
0
0
0
0
3750
5
0
0
0
0
0
0
3635
3397
0
0
0
0
0
0
2285
3542
0
0
0
0
0
0
1799
4044
0
0
0
0
0
0
1924
2868
0
0
0
0
0
0
947
3268
0
0
0
0
0
0
2915
2306
0
0
0
0
0
0
1845
2238
0
0
0
0
0
0
1633
3949
0
0
0
0
0
0
709
371
0
0
0
0
0
0
1780
319
0
0
0
0
0
0
2642
128
0
0
0
0
0
0
1959
1350
0
0
0
0
0
0
2968
623
0
0
0
0
0
0
32
2882
0
0
0
0
0
0
2063
2087
0
0
0
0
0
0
2176
4077
0
0
0
0
0
0
3701
3656
0
0
0
0
0
0
2069
3389
0
0
0
0
0
0
726
30
0
0
0
0
0
0
2351
2623
0
0
0
0
0
0
3631
1950
0
0
0
0
0
0
3850
3994
0
0
0
0
0
0
3245
1042
0
0
0
0
0
0
2238
134
0
0
0
0
0
0
71
469
0
0
0
0
0
0
2017
494
0
0
0
0
0
0
985
2114
0
0
0
0
0
0
1301
1702
0
0
0
0
0
0
320
1937
0
0
0
0
0
0
605
136
0
0
0
0
0
0
702
3212
0
0
0
0
0
0
1608
3775
0
0
0
0
0
0
3784
866
0
0
0
0
0
0
2331
3603
0
0
0
0
0
0
2797
1837
0
0
0
0
0
0
3065
2277
0
0
0
0
0
0
3891
2352
0
0
0
0
0
0
3126
3887
0
0
0
0
0
0
2565
989
0
0
0
0
0
0
2166
881
0
0
0
0
0
0
4028
3253
0
0
0
0
0
0
1807
286
0
0
0
0
0
0
1610
2388
0
0
0
0
0
0
3086
184
0
0
0
0
0
0
258
1428
0
0
0
0
0
0
1333
266
0
0
0
0
0
0
1334
3245
0
0
0
0
0
0
2298
1631
0
0
0
0
0
0
155
1016
0
0
0
0
0
0
2205
4000
0
0
0
0
0
0
2178
1546
0
0
0
0
0
0
1318
3822
0
0
0
0
0
0
2720
3861
0
0
0
0
0
0
1626
184
0
0
0
0
0
0
2933
724
0
0
0
0
0
0
1985
2650
0
0
0
0
0
0
3576
3052
0
0
0
0
0
0
1986
3991
0
0
0
0
0
0
2207
2696
0
0
0
0
0
0
1278
1319
0
0
0
0
0
0
558
565
0
0
0
0
0
0
2778
4028
0
0
0
0
0
0
925
3487
0
0
0
0
0
0
1945
1231
0
0
0
0
0
0
3479
2148
0
0
0
0
0
0
3402
3344
0
0
0
0
0
0
1697
1160
0
0
0
0
0
0
3155
2715
0
0
0
0
0
0
3550
3728
0
0
0
0
0
0
971
4037
0
0
0
0
0
0
3428
477
0
0
0
0
0
0
2295
3060
0
0
0
0
0
0
242
1892
0
0
0
0
0
0
838
569
0
0
0
0
0
0
2652
3105
0
0
0
0
0
0
593
1403
0
0
0
0
0
0
834
727
0
0
0
0
0
0
3571
3423
0
0
0
0
0
0
22
3971
0
0
0
0
0
0
1660
822
0
0
0
0
0
0
126
3427
0
0
0
0
0
0
1997
3281
0
0
0
0
0
0
2230
55
0
0
0
0
0
0
3916
2623
0
0
0
0
0
0
3222
3557
0
0
0
0
0
0
196
524
0
0
0
0
0
0
273
19
0
0
0
0
0
0
2526
3474
0
0
0
0
0
0
3596
583
0
0
0
0
0
0
2292
648
0
0
0
0
0
0
2082
127
0
0
0
0
0
0
3908
1463
0
0
0
0
0
0
941
330
0
0
0
0
0
0
1492
1660
0
0
0
0
0
0
1941
2232
0
0
0
0
0
0
1678
273
0
0
0
0
0
0
868
3583
0
0
0
0
0
0
2583
3306
0
0
0
0
0
0
2368
3368
0
0
0
0
0
0
585
2612
0
0
0
0
0
0
3063
3947
0
0
0
0
0
0
2304
2265
0
0
0
0
0
0
2478
1788
0
0
0
0
0
0
2456
4023
0
0
0
0
0
0
2864
400
0
0
0
0
0
0
1750
643
0
0
0
0
0
0
2893
646
0
0
0
0
0
0
3689
1057
0
0
0
0
0
0
1178
4030
0
0
0
0
0
0
2071
1991
0
0
0
0
0
0
3627
637
0
0
0
0
0
0
1761
3847
0
0
0
0
0
0
1587
3796
0
0
0
0
0
0
2086
3560
0
0
0
0
0
0
1630
1848
0
0
0
0
0
0
514
3259
0
0
0
0
0
0
2755
241
0
0
0
0
0
0
1759
1910
0
0
0
0
0
0
819
3409
0
0
0
0
0
0
574
2830
0
0
0
0
0
0
2307
64
0
0
0
0
0
0
2295
408
0
0
0
0
0
0
2589
2446
0
0
0
0
0
0
3204
769
0
0
0
0
0
0
1509
3677
0
0
0
0
0
0
2576
2363
0
0
0
0
0
0
1736
1688
0
0
0
0
0
0
2784
1600
0
0
0
0
0
0
2074
92
0
0
0
0
0
0
1501
3772
0
0
0
0
0
0
1407
1421
0
0
0
0
0
0
3278
1756
0
0
0
0
0
0
2571
440
0
0
0
0
0
0
1303
1520
0
0
0
0
0
0
2726
2389
0
0
0
0
0
0
69
3680
0
0
0
0
0
0
925
294
0
0
0
0
0
0
2863
258
0
0
0
0
0
0
2758
2879
0
0
0
0
0
0
446
2239
0
0
0
0
0
0
1736
3496
0
0
0
0
0
0
2991
2766
0
0
0
0
0
0
997
1682
0
0
0
0
0
0
299
787
0
0
0
0
0
0
3854
3681
0
0
0
0
0
0
921
3875
0
0
0
0
0
0
1294
988
0
0
0
0
0
0
4009
3125
0
0
0
0
0
0
2529
412
0
0
0
0
0
0
960
1091
0
0
0
0
0
0
3474
2428
0
0
0
0
0
0
3677
3484
0
0
0
0
0
0
4051
229
0
0
0
0
0
0
3513
154
0
0
0
0
0
0
2820
3308
0
0
0
0
0
0
3825
848
0
0
0
0
0
0
1820
3548
0
0
0
0
0
0
3289
3204
0
0
0
0
0
0
242
1618
0
0
0
0
0
0
559
422
0
0
0
0
0
0
1413
1402
0
0
0
0
0
0
3751
272
0
0
0
0
0
0
1257
586
0
0
0
0
0
0
611
3367
0
0
0
0
0
0
1992
3566
0
0
0
0
0
0
1767
3986
0
0
0
0
0
0
191
2485
0
0
0
0
0
0
3368
3830
0
0
0
0
0
0
2436
2494
0
0
0
0
0
0
703
3791
0
0
0
0
0
0
2800
3702
0
0
0
0
0
0
3153
579
0
0
0
0
0
0
1399
698
0
0
0
0
0
0
1876
700
0
0
0
0
0
0
3499
1548
0
0
0
0
0
0
914
94
0
0
0
0
0
0
1882
1785
0
0
0
0
0
0
3993
643
0
0
0
0
0
0
1686
4051
0
0
0
0
0
0
1274
3646
0
0
0
0
0
0
2382
3469
0
0
0
0
0
0
1148
3444
0
0
0
0
0
0
412
3006
0
0
0
0
0
0
2935
59
0
0
0
0
0
0
2010
2099
0
0
0
0
0
0
469
3451
0
0
0
0
0
0
2317
229
0
0
0
0
0
0
2519
278
0
0
0
0
0
0
2035
547
0
0
0
0
0
0
2413
2233
0
0
0
0
0
0
3589
789
0
0
0
0
0
0
1408
3879
0
0
0
0
0
0
2260
2192
0
0
0
0
0
0
3249
608
0
0
0
0
0
0
3638
1282
0
0
0
0
0
0
1718
4073
0
0
0
0
0
0
1715
3593
0
0
0
0
0
0
1659
1642
0
0
0
0
0
0
279
689
0
0
0
0
0
0
2699
141
0
0
0
0
0
0
1694
1674
0
0
0
0
0
0
2398
2521
0
0
0
0
0
0
1088
2427
0
0
0
0
0
0
2157
3897
0
0
0
0
0
0
2729
451
0
0
0
0
0
0
2429
2652
0
0
0
0
0
0
3474
3270
0
0
0
0
0
0
1668
3833
0
0
0
0
0
0
2527
2621
0
0
0
0
0
0
1323
1509
0
0
0
0
0
0
250
490
0
0
0
0
0
0
2962
3917
0
0
0
0
0
0
1051
3627
0
0
0
0
0
0
1701
1226
0
0
0
0
0
0
3546
2040
0
0
0
0
0
0
3550
3416
0
0
0
0
0
0
1550
1191
0
0
0
0
0
0
3146
2642
0
0
0
0
0
0
3380
3172
0
0
0
0
0
0
523
245
0
0
0
0
0
0
3386
462
0
0
0
0
0
0
2331
3059
0
0
0
0
0
0
231
1899
0
0
0
0
0
0
852
584
0
0
0
0
0
0
2617
3102
0
0
0
0
0
0
585
1360
0
0
0
0
0
0
922
765
0
0
0
0
0
0
3495
3458
0
0
0
0
0
0
4053
3882
0
0
0
0
0
0
1831
848
0
0
0
0
0
0
62
3523
0
0
0
0
0
0
1834
3168
0
0
0
0
0
0
2455
32
0
0
0
0
0
0
3922
2779
0
0
0
0
0
0
2945
3454
0
0
0
0
0
0
421
422
0
0
0
0
0
0
411
223
0
0
0
0
0
0
2154
3419
0
0
0
0
0
0
3752
395
0
0
0
0
0
0
2589
862
0
0
0
0
0
0
1663
163
0
0
0
0
0
0
3918
1194
0
0
0
0
0
0
1399
508
0
0
0
0
0
0
1107
1812
0
0
0
0
0
0
1750
1912
0
0
0
0
0
0
2254
367
0
0
0
0
0
0
612
3859
0
0
0
0
0
0
1165
3260
0
0
0
0
0
0
1439
3990
0
0
0
0
0
0
4060
3397
0
0
0
0
0
0
2401
3706
0
0
0
0
0
0
2855
2070
0
0
0
0
0
0
2708
2226
0
0
0
0
0
0
4029
2175
0
0
0
0
0
0
3381
4043
0
0
0
0
0
0
2285
1071
0
0
0
0
0
0
2075
680
0
0
0
0
0
0
3780
574
0
0
0
0
0
0
1975
283
0
0
0
0
0
0
1338
2224
0
0
0
0
0
0
1023
1795
0
0
0
0
0
0
244
1752
0
0
0
0
0
0
934
228
0
0
0
0
0
0
1456
3024
0
0
0
0
0
0
2072
3210
0
0
0
0
0
0
44
935
0
0
0
0
0
0
2095
3698
0
0
0
0
0
0
2689
1644
0
0
0
0
0
0
3429
2368
0
0
0
0
0
0
2470
3475
0
0
0
0
0
0
2183
119
0
0
0
0
0
0
2953
1094
0
0
0
0
0
0
1940
1063
0
0
0
0
0
0
3758
2997
0
0
0
0
0
0
807
1406
0
0
0
0
0
0
1367
2707
0
0
0
0
0
0
2662
4013
0
0
0
0
0
0
1987
381
0
0
0
0
0
0
2089
61
0
0
0
0
0
0
787
2971
0
0
0
0
0
0
2257
2842
0
0
0
0
0
0
612
1248
0
0
0
0
0
0
2969
2735
0
0
0
0
0
0
2698
1176
0
0
0
0
0
0
1770
177
0
0
0
0
0
0
1869
3826
0
0
0
0
0
0
2126
310
0
0
0
0
0
0
4050
875
0
0
0
0
0
0
1153
2780
0
0
0
0
0
0
3495
2483
0
0
0
0
0
0
1464
2477
0
0
0
0
0
0
309
3884
0
0
0
0
0
0
1936
3837
0
0
0
0
0
0
2477
152
0
0
0
0
0
0
2095
3975
0
0
0
0
0
0
2406
1120
0
0
0
0
0
0
3278
1012
0
0
0
0
0
0
847
1770
0
0
0
0
0
0
2296
1631
0
0
0
0
0
0
2813
280
0
0
0
0
0
0
1921
759
0
0
0
0
0
0
1322
4048
0
0
0
0
0
0
1892
4008
0
0
0
0
0
0
2036
3025
0
0
0
0
0
0
647
3225
0
0
0
0
0
0
3031
2138
0
0
0
0
0
0
2132
2440
0
0
0
0
0
0
1238
3991
0
0
0
0
0
0
695
92
0
0
0
0
0
0
2274
505
0
0
0
0
0
0
2240
306
0
0
0
0
0
0
1713
991
0
0
0
0
0
0
1285
2428
0
0
0
0
0
0
1115
2228
0
0
0
0
0
0
1614
1648
0
0
0
0
0
0
2929
4008
0
0
0
0
0
0
3105
1421
0
0
0
0
0
0
1798
3462
0
0
0
0
0
0
1807
3575
0
0
0
0
0
0
2715
3180
0
0
0
0
0
0
1424
2782
0
0
0
0
0
0
2029
2222
0
0
0
0
0
0
2776
2480
0
0
0
0
0
0
1072
252
0
0
0
0
0
0
721
2517
0
0
0
0
0
0
1094
1653
0
0
0
0
0
0
2227
764
0
0
0
0
0
0
1050
812
0
0
0
0
0
0
2890
1184
0
0
0
0
0
0
1941
1473
0
0
0
0
0
0
591
1847
0
0
0
0
0
0
3118
3682
0
0
0
0
0
0
3620
1726
0
0
0
0
0
0
2694
1294
0
0
0
0
0
0
2949
2354
0
0
0
0
0
0
3418
3337
0
0
0
0
0
0
970
3006
0
0
0
0
0
0
2025
2424
0
0
0
0
0
0
1120
224
0
0
0
0
0
0
657
689
0
0
0
0
0
0
233
2203
0
0
0
0
0
0
1715
2761
0
0
0
0
0
0
2130
1641
0
0
0
0
0
0
926
249
0
0
0
0
0
0
3400
965
0
0
0
0
0
0
2176
1847
0
0
0
0
0
0
2644
3808
0
0
0
0
0
0
1243
863
0
0
0
0
0
0
3928
2145
0
0
0
0
0
0
2058
1344
0
0
0
0
0
0
2000
2266
0
0
0
0
0
0
2875
1242
0
0
0
0
0
0
703
3016
0
0
0
0
0
0
1847
2045
0
0
0
0
0
0
1771
341
0
0
0
0
0
0
1506
258
0
0
0
0
0
0
3295
2323
0
0
0
0
0
0
2310
2765
0
0
0
0
0
0
2034
1989
0
0
0
0
0
0
949
2712
0
0
0
0
0
0
2156
2089
0
0
0
0
0
0
2217
2287
0
0
0
0
0
0
2002
3675
0
0
0
0
0
0
2772
3705
0
0
0
0
0
0
692
1357
0
0
0
0
0
0
1079
1581
0
0
0
0
0
0
2119
1942
0
0
0
0
0
0
3398
1510
0
0
0
0
0
0
1661
877
0
0
0
0
0
0
2926
842
0
0
0
0
0
0
2458
455
0
0
0
0
0
0
1125
494
0
0
0
0
0
0
334
1560
0
0
0
0
0
0
1386
4015
0
0
0
0
0
0
1732
2397
0
0
0
0
0
0
454
2436
0
0
0
0
0
0
2136
448
0
0
0
0
0
0
2452
2959
0
0
0
0
0
0
2488
1764
0
0
0
0
0
0
2942
3654
0
0
0
0
0
0
3872
2707
0
0
0
0
0
0
2397
37
0
0
0
0
0
0
1309
2252
0
0
0
0
0
0
397
1341
0
0
0
0
0
0
1711
3645
0
0
0
0
0
0
1651
954
0
0
0
0
0
0
1889
2424
0
0
0
0
0
0
2433
2352
0
0
0
0
0
0
3041
2077
0
0
0
0
0
0
1923
49
0
0
0
0
0
0
2651
793
0
0
0
0
0
0
3863
2671
0
0
0
0
0
0
3945
2537
0
0
0
0
0
0
3396
2714
0
0
0
0
0
0
1571
2592
0
0
0
0
0
0
3624
3449
0
0
0
0
0
0
1962
2019
0
0
0
0
0
0
2997
2222
0
0
0
0
0
0
3945
321
0
0
0
0
0
0
312
1637
0
0
0
0
0
0
3954
1561
0
0
0
0
0
0
742
1215
0
0
0
0
0
0
2774
1608
0
0
0
0
0
0
229
706
0
0
0
0
0
0
2066
1899
0
0
0
0
0
0
1385
1924
0
0
0
0
0
0
4087
3879
0
0
0
0
0
0
3622
2296
0
0
0
0
0
0
425
2528
0
0
0
0
0
0
3290
3024
0
0
0
0
0
0
1085
2357
0
0
0
0
0
0
12
3325
0
0
0
0
0
0
2071
2352
0
0
0
0
0
0
2433
2091
0
0
0
0
0
0
179
99
0
0
0
0
0
0
614
1946
0
0
0
0
0
0
3387
1543
0
0
0
0
0
0
883
918
0
0
0
0
0
0
3228
1853
0
0
0
0
0
0
3834
808
0
0
0
0
0
0
1998
1577
0
0
0
0
0
0
1928
2074
0
0
0
0
0
0
3732
4083
0
0
0
0
0
0
3358
1987
0
0
0
0
0
0
984
2564
0
0
0
0
0
0
3119
3304
0
0
0
0
0
0
664
2108
0
0
0
0
0
0
508
3247
0
0
0
0
0
0
2101
2662
0
0
0
0
0
0
1916
1928
0
0
0
0
0
0
553
4014
0
0
0
0
0
0
837
2249
0
0
0
0
0
0
2844
1487
0
0
0
0
0
0
1081
663
0
0
0
0
0
0
3613
2111
0
0
0
0
0
0
3332
865
0
0
0
0
0
0
2006
1276
0
0
0
0
0
0
2422
2249
0
0
0
0
0
0
3344
148
0
0
0
0
0
0
3173
1688
0
0
0
0
0
0
1514
2640
0
0
0
0
0
0
2892
3540
0
0
0
0
0
0
316
1844
0
0
0
0
0
0
1009
3210
0
0
0
0
0
0
2058
2952
0
0
0
0
0
0
1450
1738
0
0
0
0
0
0
954
3873
0
0
0
0
0
0
988
2547
0
0
0
0
0
0
2326
1399
0
0
0
0
0
0
1337
439
0
0
0
0
0
0
3926
2373
0
0
0
0
0
0
2841
877
0
0
0
0
0
0
2080
1001
0
0
0
0
0
0
2857
2448
0
0
0
0
0
0
2932
268
0
0
0
0
0
0
3060
1400
0
0
0
0
0
0
2009
2744
0
0
0
0
0
0
2618
3745
0
0
0
0
0
0
36
1582
0
0
0
0
0
0
1496
3213
0
0
0
0
0
0
1959
3209
0
0
0
0
0
0
1046
1534
0
0
0
0
0
0
1369
3775
0
0
0
0
0
0
1065
2823
0
0
0
0
0
0
1855
1279
0
0
0
0
0
0
1626
255
0
0
0
0
0
0
75
2634
0
0
0
0
0
0
2363
861
0
0
0
0
0
0
2208
760
0
0
0
0
0
0
3226
2657
0
0
0
0
0
0
2516
345
0
0
0
0
0
0
3015
1133
0
0
0
0
0
0
2456
2877
0
0
0
0
0
0
2313
3910
0
0
0
0
0
0
3923
1325
0
0
0
0
0
0
1960
3248
0
0
0
0
0
0
1803
3434
0
0
0
0
0
0
706
1325
0
0
0
0
0
0
1784
3717
0
0
0
0
0
0
1079
3079
0
0
0
0
0
0
1432
1139
0
0
0
0
0
0
1939
109
0
0
0
0
0
0
249
2886
0
0
0
0
0
0
1915
807
0
0
0
0
0
0
2383
551
0
0
0
0
0
0
3535
2869
0
0
0
0
0
0
2105
386
0
0
0
0
0
0
3029
890
0
0
0
0
0
0
2852
3025
0
0
0
0
0
0
1992
4037
0
0
0
0
0
0
3782
1082
0
0
0
0
0
0
2386
3317
0
0
0
0
0
0
1612
3626
0
0
0
0
0
0
430
1110
0
0
0
0
0
0
2189
3692
0
0
0
0
0
0
1036
3310
0
0
0
0
0
0
1065
986
0
0
0
0
0
0
2265
3
0
0
0
0
0
0
360
3121
0
0
0
0
0
0
1506
733
0
0
0
0
0
0
2590
377
0
0
0
0
0
0
3778
3081
0
0
0
0
0
0
1709
397
0
0
0
0
0
0
3095
676
0
0
0
0
0
0
3190
3185
0
0
0
0
0
0
1664
28
0
0
0
0
0
0
3703
854
0
0
0
0
0
0
2775
3401
0
0
0
0
0
0
1393
3782
0
0
0
0
0
0
219
904
0
0
0
0
0
0
2573
3697
0
0
0
0
0
0
948
3510
0
0
0
0
0
0
755
823
0
0
0
0
0
0
2593
4026
0
0
0
0
0
0
412
3337
0
0
0
0
0
0
1144
637
0
0
0
0
0
0
2819
241
0
0
0
0
0
0
3959
3283
0
0
0
0
0
0
1344
376
0
0
0
0
0
0
3199
491
0
0
0
0
0
0
3472
3344
0
0
0
0
0
0
1343
86
0
0
0
0
0
0
3676
651
0
0
0
0
0
0
3113
3503
0
0
0
0
0
0
1155
3904
0
0
0
0
0
0
71
709
0
0
0
0
0
0
2920
3731
0
0
0
0
0
0
828
3676
0
0
0
0
0
0
505
662
0
0
0
0
0
0
2905
3984
0
0
0
0
0
0
418
3526
0
0
0
0
0
0
831
529
0
0
0
0
0
0
3059
134
0
0
0
0
0
0
4080
3468
0
0
0
0
0
0
1015
335
0
0
0
0
0
0
3334
340
0
0
0
0
0
0
3695
3500
0
0
0
0
0
0
1039
113
0
0
0
0
0
0
3691
476
0
0
0
0
0
0
3398
3613
0
0
0
0
0
0
921
3993
0
0
0
0
0
0
4068
532
0
0
0
0
0
0
3229
3779
0
0
0
0
0
0
687
3812
0
0
0
0
0
0
311
511
0
0
0
0
0
0
3196
3970
0
0
0
0
0
0
383
3690
0
0
0
0
0
0
574
421
0
0
0
0
0
0
3290
61
0
0
0
0
0
0
60
3635
0
0
0
0
0
0
728
280
0
0
0
0
0
0
3483
219
0
0
0
0
0
0
3860
3650
0
0
0
0
0
0
765
118
0
0
0
0
0
0
3739
330
0
0
0
0
0
0
3630
3724
0
0
0
0
0
0
693
4053
0
0
0
0
0
0
4014
379
0
0
0
0
0
0
3493
3838
0
0
0
0
0
0
536
3917
0
0
0
0
0
0
171
371
0
0
0
0
0
0
3453
3976
0
0
0
0
0
0
321
3822
0
0
0
0
0
0
369
311
0
0
0
0
0
0
3508
16
0
0
0
0
0
0
91
3777
0
0
0
0
0
0
488
215
0
0
0
0
0
0
3637
128
0
0
0
0
0
0
3976
3780
0
0
0
0
0
0
525
105
0
0
0
0
0
0
3810
210
0
0
0
0
0
0
3808
3827
0
0
0
0
0
0
486
4087
0
0
0
0
0
0
4001
249
0
0
0
0
0
0
3706
3905
0
0
0
0
0
0
383
3994
0
0
0
0
0
0
79
247
0
0
0
0
0
0
3672
3995
0
0
0
0
0
0
244
3926
0
0
0
0
0
0
214
212
0
0
0
0
0
0
3702
4088
0
0
0
0
0
0
91
3894
0
0
0
0
0
0
300
151
0
0
0
0
0
0
3782
67
0
0
0
0
0
0
4047
3893
0
0
0
0
0
0
328
79
0
0
0
0
0
0
3892
121
0
0
0
0
0
0
3938
3920
0
0
0
0
0
0
307
8
0
0
0
0
0
0
4011
146
0
0
0
0
0
0
3871
3966
0
0
0
0
0
0
246
4044
0
0
0
0
0
0
23
147
0
0
0
0
0
0
3849
4023
0
0
0
0
0
0
162
4002
0
0
0
0
0
0
110
127
0
0
0
0
0
0
3862
4079
0
0
0
0
0
0
71
3982
0
0
0
0
0
0
163
91
0
0
0
0
0
0
3908
28
0
0
0
0
0
0
4085
3983
0
0
0
0
0
0
178
50
0
0
0
0
0
0
3970
61
0
0
0
0
0
0
4022
3997
0
0
0
0
0
0
168
8
0
0
0
0
0
0
4037
72
0
0
0
0
0
0
3986
4023
0
0
0
0
0
0
132
4073
0
0
0
0
0
0
1
72
0
0
0
0
0
0
3977
4053
0
0
0
0
0
0
86
4053
0
0
0
0
0
0
44
58
0
0
0
0
0
0
3986
4079
0
0
0
0
0
0
40
4044
0
0
0
0
0
0
67
43
0
0
0
0
0
0
4009
4
0
0
0
0
0
0
3
4042
0
0
0
0
0
0
73
22
0
0
0
0
0
0
4039
20
0
0
0
0
0
0
4071
4054
0
0
0
0
0
0
64
6
0
0
0
0
0
0
4068
25
0
0
0
0
0
0
4057
4067
0
0
0
0
0
0
48
4087
0
0
0
0
0
0
4092
22
0
0
0
0
0
0
4056
4079
0
0
0
0
0
0
31
4081
0
0
0
0
0
0
10
14
0
0
0
0
0
0
4062
4086
0
0
0
0
0
0
15
4078
0
0
0
0
0
0
16
7
0
0
0
0
0
0
4072
4094
0
0
0
0
0
0
3
4081
0
0
0
0
0
0
15
0
0
0
0
0
0
0
4083
1
0
0
0
0
0
0
4092
4085
0
0
0
0
0
0
10
4094
0
0
0
0
0
0
4089
1
0
0
0
0
0
0
4090
4090
0
0
0
0
0
0
7
4091
0
0
0
0
0
0
4095
4095
0
0
0
0
0
0
4091
4092
0
0
0
0
0
0
3
4092
0
0
0
0
0
0
4095
4095
0
0
0
0
0
0
4092
4091
0
0
0
0
0
0
1
4090
0
0
0
0
0
0
1
4094
0
0
0
0
0
0
4095
4095
0
0
0
0
0
0
0
4095
0
0
0
0
0
0
0
4095
0
0
0
0
0
0
0
4095
0
0
0
0
0
0
0
4095
0
0
0
0
0
0
0
4095
0
0
0
0
0
0
0
4095
0
0
0
0
0
0
0
4095
0
0
0
0
0
0
0
4095
0
0
0
0
0
0
0
4095
0
0
0
0
0
0
0
4095
0
0
0
0
0
0
0
4095
0
0
0
0
0
0
0
4095
0
0
0
0
0
0
0
4095
0
0
0
0
0
0
0
4095
0
0
0
0
0
0
0
4095
0
0
0
0
0
0
0
4095
0
0
0
0
0
0
0
4095
0
0
0
0
0
0
0
4095
0
0
0
0
0
0
0
4095
0
0
0
0
0
0
0
4095
0
0
0
0
0
0
0
4095
0
0
0
0
0
0
0
4095
0
0
0
0
0
0
0
4095
0
0
0
0
0
0
0
4095
0
0
0
0
0
0
0
4095
0
0
0
0
0
0
0
4095
0
0
0
0
0
0
0
4095
0
0
0
0
0
0
0
4095
0
0
0
0
0
0
0
4095
0
0
0
0
0
0
0
4095
0
0
0
0
0
0
0
4095
0
0
0
0
0
0
0
4095
0
0
0
0
0
0
0
4095
0
0
0
0
0
0
0
4095
0
0
0
0
0
0
0
4095
0
0
0
0
0
0
0
4095
0
0
0
0
0
0
0
4095
0
0
0
0
0
0
0
4095
0
0
0
0
0
0
0
4095
0
0
0
0
0
0
0
4095
0
0
0
0
0
0
0
4095
0
0
0
0
0
0
0
4095
0
0
0
0
0
0
0
4095
0
0
0
0
0
0
0
4095
0
0
0
0
0
0
0
4095
0
0
0
0
0
0
0
4095
0
0
0
0
0
0
0
4095
0
0
0
0
0
0
0
4095
0
0
0
0
0
0
0
4095
0
0
0
0
0
0
0
4095
0
0
0
0
0
0
0
4095
0
0
0
0
0
0
0
4095
0
0
0
0
0
0
0
4095
0
0
0
0
0
0
0
4095
0
0
0
0
0
0
0
4095
0
0
0
0
0
0
0
4095
0
0
0
0
0
0
0
4095
0
0
0
0
0
0
0
4095
0
0
0
0
0
0
0
4095
0
0
0
0
0
0
0
4095
0
0
0
0
0
0
0
4095
0
0
0
0
0
0
0
4095
0
0
0
0
0
0
0
4095
0
0
0
0
0
0
0
4095
0
0
0
0
0
0
0
4095
0
0
0
0
0
0
0
4095
0
0
0
0
0
0
0
4095
0
0
0
0
0
0
0
4095
0
0
0
0
0
0
0
4095
0
0
0
0
0
0
0
4095
0
0
0
0
0
0
0
4095
0
0
0
0
0
0
0
4095
0
0
0
0
0
0
0
4095
0
0
0
0
0
0
0
4095
0
0
0
0
0
0
0
4095
0
0
0
0
0
0
0
4095
0
0
0
0
0
0
0
4095
0
0
0
0
0
0
0
4095
0
0
0
0
0
0
0
4095
0
0
0
0
0
0
0
4095
0
0
0
0
0
0
0
4095
0
0
0
0
0
0
0
4095
0
0
0
0
0
0
0
4095
0
0
0
0
0
0
0
4095
0
0
0
0
0
0
0
4095
0
0
0
0
0
0
0
4095
0
0
0
0
0
0
0
4095
0
0
0
0
0
0
0
4095
0
0
0
0
0
0
0
4095
0
0
0
0
0
0
0
4095
0
0
0
0
0
0
0
4095
0
0
0
0
0
0
0
4095
0
0
0
0
0
0
0
4095
0
0
0
0
0
0
0
4095
0
0
0
0
0
0
0
4095
0
0
0
0
0
0
0
4095
0
0
0
0
0
0
0
4095
0
0
0
0
0
0
0
4095
0
0
0
0
0
0
0
4095
0
0
0
0
0
0
0
4095
0
0
0
0
0
0
0
4095
0
0
0
0
0
0
0
4095
0
0
0
0
0
0
0
4095
0
0
0
0
0
0
0
4095
0
0
0
0
0
0
0
4095
0
0
0
0
0
0
0
4095
0
0
0
0
0
0
0
4095
0
0
0
0
0
0
0
4095
0
0
0
0
0
0
0
4095
0
0
0
0
0
0
0
4095
0
0
0
0
0
0
0
4095
0
0
0
0
0
0
0
4095
0
0
0
0
0
0
0
4095
0
0
0
0
0
0
0
4095
0
0
0
0
0
0
0
4095
0
0
0
0
0
0
0
4095
0
0
0
0
0
0
0
4095
0
0
0
0
0
0
0
4095
0
0
0
0
0
0
0
4095
0
0
0
0
0
0
0
4095
0
0
0
0
0
0
0
4095
0
0
0
0
0
0
0
4095
0
0
0
0
0
0
0
4095
0
0
0
0
0
0
0
4095
0
0
0
0
0
0
0
4095
0
0
0
0
0
0
0
4095
0
0
0
0
0
0
0
4095
0
0
0
0
0
0
0
4095
0
0
0
0
0
0
0
4095
0
0
0
0
0
0
0
4095
0
0
0
0
0
0
0
4095
0
0
0
0
0
0
0
4095
0
0
0
0
0
0
0
4095
0
0
0
0
0
0
0
4095
0
0
0
0
0
0
0
4095
0
0
0
0
0
0
0
4095
0
0
0
0
0
0
0
4095
0
0
0
0
0
0
0
4095
0
0
0
0
0
0
0
4095
0
0
0
0
0
0
0
4095
0
0
0
0
0
0
0
4095
0
0
0
0
0
0
0
4095
0
0
0
0
0
0
0
4095
0
0
0
0
0
0
0
4095
0
0
0
0
0
0
0
4095
0
0
0
0
0
0
0
4095
0
0
0
0
0
0
0
4095
0
0
0
0
0
0
0
4095
0
0
0
0
0
0
0
4095
0
0
0
0
0
0
0
4095
0
0
0
0
0
0
0
4095
0
0
0
0
0
0
0
4095
0
0
0
0
0
0
0
4095
0
0
0
0
0
0
0
4095
0
0
0
0
0
0
0
4095
0
0
0
0
0
0
0
4095
0
0
0
0
0
0
0
4095
0
0
0
0
0
0
0
4095
0
0
0
0
0
0
0
4095
0
0
0
0
0
0
0
4095
0
0
0
0
0
0
0
4095
0
0
0
0
0
0
0
4095
0
0
0
0
0
0
0
4095
0
0
0
0
0
0
0
4095
0
0
0
0
0
0
0
4095
0
0
0
0
0
0
0
4095
0
0
0
0
0
0
0
4095
0
0
0
0
0
0
0
4095
0
0
0
0
0
0
0
4095
0
0
0
0
0
0
0
4095
0
0
0
0
0
0
0
4095
0
0
0
0
0
0
0
4095
0
0
0
0
0
0
0
4095
0
0
0
0
0
0
0
4095
0
0
0
0
0
0
0
4095
0
0
0
0
0
0
0
4095
0
0
0
0
0
0
0
4095
0
0
0
0
0
0
0
4095
0
0
0
0
0
0
0
4095
0
0
0
0
0
0
0
4095
0
0
0
0
0
0
0
4095
0
0
0
0
0
0
0
4095
0
0
0
0
0
0
0
4095
0
0
0
0
0
0
0
4095
0
0
0
0
0
0
0
4095
0
0
0
0
0
0
0
4095
0
0
0
0
0
0
0
4095
0
0
0
0
0
0
0
4095
0
0
0
0
0
0
0
4095
0
0
0
0
0
0
0
4095
0
0
0
0
0
0
0
4095
0
0
0
0
0
0
0
4095
0
0
0
0
0
0
0
4095
0
0
0
0
0
0
0
4095
0
0
0
0
0
0
0
4095
0
0
0
0
0
0
0
4095
0
0
0
0
0
0
0
4095
0
0
0
0
0
0
0
4095
0
0
0
0
0
0
0
4095
0
0
0
0
0
0
0
4095
0
0
0
0
0
0
0
4095
0
0
0
0
0
0
0
4095
0
0
0
0
0
0
0
4095
0
0
0
0
0
0
0
4095
0
0
0
0
0
0
0
4095
0
0
0
0
0
0
0
4095
0
0
0
0
0
0
0
4095
0
0
0
0
0
0
0
4095
0
0
0
0
0
0
0
4095
0
0
0
0
0
0
0
4095
0
0
0
0
0
0
0
4095
0
0
0
0
0
0
0
4095
0
0
0
0
0
0
0
4095
0
0
0
0
0
0
0
4095
0
0
0
0
0
0
0
4095
0
0
0
0
0
0
0
4095
0
0
0
0
0
0
0
4095
0
0
0
0
0
0
0
4095
0
0
0
0
0
0
0
4095
0
0
0
0
0
0
0
4095
0
0
0
0
0
0
0
4095
0
0
0
0
0
0
0
4095
0
0
0
0
0
0
0
4095
0
0
0
0
0
0
0
4095
0
0
0
0
0
0
0
4095
0
0
0
0
0
0
0
4095
0
0
0
0
0
0
0
4095
0
0
0
0
0
0
0
4095
0
0
0
0
0
0
0
4095
0
0
0
0
0
0
0
4095
0
0
0
0
0
0
0
4095
0
0
0
0
0
0
0
4095
0
0
0
0
0
0
0
4095
0
0
0
0
0
0
0
4095
0
0
0
0
0
0
0
4095
0
0
0
0
0
0
0
4095
0
0
0
0
0
0
0
4095
0
0
0
0
0
0
0
4095
0
0
0
0
0
0
0
4095
0
0
0
0
0
0
0
4095
0
0
0
0
0
0
0
4095
0
0
0
0
0
0
0
4095
0
0
0
0
0
0
0
4095
0
0
0
0
0
0
0
4095
0
0
0
0
0
0
0
4095
0
0
0
0
0
0
0
4095
0
0
0
0
0
0
0
4095
0
0
0
0
0
0
0
4095
0
0
0
0
0
0
0
4095
0
0
0
0
0
0
0
4095
0
0
0
0
0
0
0
4095
0
0
0
0
0
0
0
4095
0
0
0
0
0
0
0
4095
0
0
0
0
0
0
0
4095
0
0
0
0
0
0
0
4095
0
0
0
0
0
0
0
4095
0
0
0
0
0
0
0
4095
0
0
0
0
0
0
0
4095
0
0
0
0
0
0
0
4095
0
0
0
0
0
0
0
4095
0
0
0
0
0
0
0
4095
0
0
0
0
0
0
0
4095
0
0
0
0
0
0
0
4095
0
0
0
0
0
0
0
4095
0
0
0
0
0
0
0
4095
0
0
0
0
0
0
0
4095
0
0
0
0
0
0
0
4095
0
0
0
0
0
0
0
4095
0
0
0
0
0
0
0
4095
0
0
0
0
0
0
0
4095
0
0
0
0
0
0
0
4095
0
0
0
0
0
0
0
4095
0
0
0
0
0
0
0
4095
0
0
0
0
0
0
0
4095
0
0
0
0
0
0
0
4095
0
0
0
0
0
0
0
4095
0
0
0
0
0
0
0
4095
0
0
0
0
0
0
0
4095
0
0
0
0
0
0
0
4095
0
0
0
0
0
0
0
4095
0
0
0
0
0
0
0
4095
0
0
0
0
0
0
0
4095
0
0
0
0
0
0
0
4095
0
0
0
0
0
0
0
4095
0
0
0
0
0
0
0
4095
0
0
0
0
0
0
0
4095
0
0
0
0
0
0
0
4095
0
0
0
0
0
0
0
4095
0
0
0
0
0
0
0
4095
0
0
0
0
0
0
0
4095
0
0
0
0
0
0
0
4095
0
0
0
0
0
0
0
4095
0
0
0
0
0
0
0
4095
0
0
0
0
0
0
0
4095
0
0
0
0
0
0
0
4095
0
0
0
0
0
0
0
4095
0
0
0
0
0
0
0
4095
0
0
0
0
0
0
0
4095
0
0
0
0
0
0
0
4095
0
0
0
0
0
0
0
4095
0
0
0
0
0
0
0
4095
0
0
0
0
0
0
0
4095
0
0
0
0
0
0
0
4095
0
0
0
0
0
0
0
4095
0
0
0
0
0
0
0
4095
0
0
0
0
0
0
0
4095
0
0
0
0
0
0
0
4095
0
0
0
0
0
0
0
4095
0
0
0
0
0
0
0
4095
0
0
0
0
0
0
0
4095
0
0
0
0
0
0
0
4095
0
0
0
0
0
0
0
4095
0
0
0
0
0
0
0
4095
0
0
0
0
0
0
0
4095
0
0
0
0
0
0
0
4095
0
0
0
0
0
0
0
4095
0
0
0
0
0
0
0
4095
0
0
0
0
0
0
0
4095
0
0
0
0
0
0
0
4095
0
0
0
0
0
0
0
4095
0
0
0
0
0
0
0
4095
0
0
0
0
0
0
0
4095
0
0
0
0
0
0
0
4095
0
0
0
0
0
0
0
4095
0
0
0
0
0
0
0
4095
0
0
0
0
0
0
0
4095
0
0
0
0
0
0
0
4095
0
0
0
0
0
0
0
4095
0
0
0
0
0
0
0
4095
0
0
0
0
0
0
0
4095
0
0
0
0
0
0
0
4095
0
0
0
0
0
0
0
4095
0
0
0
0
0
0
0
4095
0
0
0
0
0
0
0
4095
0
0
0
0
0
0
0
4095
0
0
0
0
0
0
0
4095
0
0
0
0
0
0
0
4095
0
0
0
0
0
0
0
4095
0
0
0
0
0
0
0
4095
0
0
0
0
0
0
0
4095
0
0
0
0
0
0
0
4095
0
0
0
0
0
0
0
4095
0
0
0
0
0
0
0
4095
0
0
0
0
0
0
0
4095
0
0
0
0
0
0
0
4095
0
0
0
0
0
0
0
4095
0
0
0
0
0
0
0
4095
0
0
0
0
0
0
0
4095
0
0
0
0
0
0
0
4095
0
0
0
0
0
0
0
4095
0
0
0
0
0
0
0
4095
0
0
0
0
0
0
0
4095
0
0
0
0
0
0
0
4095
0
0
0
0
0
0
0
4095
0
0
0
0
0
0
0
4095
0
0
0
0
0
0
0
4095
0
0
0
0
0
0
0
4095
0
0
0
0
0
0
0
4095
0
0
0
0
0
0
0
4095
0
0
0
0
0
0
0
4095
0
0
0
0
0
0
0
4095
0
0
0
0
0
0
0
4095
0
0
0
0
0
0
0
4095
0
0
0
0
0
0
0
4095
0
0
0
0
0
0
0
4095
0
0
0
0
0
0
0
4095
0
0
0
0
0
0
0
4095
0
0
0
0
0
0
0
4095
0
0
0
0
0
0
0
4095
0
0
0
0
0
0
0
4095
0
0
0
0
0
0
0
4095
0
0
0
0
0
0
0
4095
0
0
0
0
0
0
0
4095
0
0
0
0
0
0
0
4095
0
0
0
0
0
0
0
4095
0
0
0
0
0
0
0
4095
0
0
0
0
0
0
0
4095
0
0
0
0
0
0
0
4095
0
0
0
0
0
0
0
4095
0
0
0
0
0
0
0
4095
0
0
0
0
0
0
0
4095
0
0
0
0
0
0
0
4095
0
0
0
0
0
0
0
4095
0
0
0
0
0
0
0
4095
0
0
0
0
0
0
0
4095
0
0
0
0
0
0
0
4095
0
0
0
0
0
0
0
4095
0
0
0
0
0
0
0
4095
0
0
0
0
0
0
0
4095
0
0
0
0
0
0
0
4095
0
0
0
0
0
0
0
4095
0
0
0
0
0
0
0
4095
0
0
0
0
0
0
0
4095
0
0
0
0
0
0
0
4095
0
0
0
0
0
0
0
4095
0
0
0
0
0
0
0
4095
0
0
0
0
0
0
0
4095
0
0
0
0
0
0
0
4095
0
0
0
0
0
0
0
4095
0
0
0
0
0
0
0
4095
0
0
0
0
0
0
0
4095
0
0
0
0
0
0
0
4095
0
0
0
0
0
0
0
4095
0
0
0
0
0
0
0
4095
0
0
0
0
0
0
0
4095
0
0
0
0
0
0
0
4095
0
0
0
0
0
0
0
4095
0
0
0
0
0
0
0
4095
0
0
0
0
0
0
0
4095
0
0
0
0
0
0
0
4095
0
0
0
0
0
0
0
4095
0
0
0
0
0
0
0
4095
0
0
0
0
0
0
0
4095
0
0
0
0
0
0
0
4095
0
0
0
0
0
0
0
4095
0
0
0
0
0
0
0
4095
0
0
0
0
0
0
0
4095
0
0
0
0
0
0
0
4095
0
0
0
0
0
0
0
4095
0
0
0
0
0
0
0
4095
0
0
0
0
0
0
0
4095
0
0
0
0
0
0
0
4095
0
0
0
0
0
0
0
4095
0
0
0
0
0
0
0
4095
0
0
0
0
0
0
0
4095
0
0
0
0
0
0
0
4095
0
0
0
0
0
0
0
4095
0
0
0
0
0
0
0
4095
0
0
0
0
0
0
0
4095
0
0
0
0
0
0
0
4095
0
0
0
0
0
0
0
4095
0
0
0
0
0
0
0
4095
0
0
0
0
0
0
0
4095
0
0
0
0
0
0
0
4095
0
0
0
0
0
0
0
4095
0
0
0
0
0
0
0
4095
0
0
0
0
0
0
0
4095
0
0
0
0
0
0
0
4095
0
0
0
0
0
0
0
4095
0
0
0
0
0
0
0
4095
0
0
0
0
0
0
0
4095
0
0
0
0
0
0
0
4095
0
0
0
0
0
0
0
4095
0
0
0
0
0
0
0
4095
0
0
0
0
0
0
0
4095
0
0
0
0
0
0
0
4095
0
0
0
0
0
0
0
4095
0
0
0
0
0
0
0
4095
0
0
0
0
0
0
0
4095
0
0
0
0
0
0
0
4095
0
0
0
0
0
0
0
4095
0
0
0
0
0
0
0
4095
0
0
0
0
0
0
0
4095
0
0
0
0
0
0
0
4095
0
0
0
0
0
0
0
4095
0
0
0
0
0
0
0
4095
0
0
0
0
0
0
0
4095
0
0
0
0
0
0
0
4095
0
0
0
0
0
0
0
4095
0
0
0
0
0
0
0
4095
0
0
0
0
0
0
0
4095
0
0
0
0
0
0
0
4095
0
0
0
0
0
0
0
4095
0
0
0
0
0
0
0
4095
0
0
0
0
0
0
0
4095
0
0
0
0
0
0
0
4095
0
0
0
0
0
0
0
4095
0
0
0
0
0
0
0
4095
0
0
0
0
0
0
0
4095
0
0
0
0
0
0
0
4095
0
0
0
0
0
0
0
4095
0
0
0
0
0
0
0
4095
0
0
0
0
0
0
0
4095
0
0
0
0
0
0
0
4095
0
0
0
0
0
0
0
4095
0
0
0
0
0
0
0
4095
0
0
0
0
0
0
0
4095
0
0
0
0
0
0
0
4095
0
0
0
0
0
0
0
4095
0
0
0
0
0
0
0
4095
0
0
0
0
0
0
0
4095
0
0
0
0
0
0
0
4095
0
0
0
0
0
0
0
4095
0
0
0
0
0
0
0
4095
0
0
0
0
0
0
0
4095
0
0
0
0
0
0
0
4095
0
0
0
0
0
0
0
4095
0
0
0
0
0
0
0
4095
0
0
0
0
0
0
0
4095
0
0
0
0
0
0
0
4095
0
0
0
0
0
0
0
4095
0
0
0
0
0
0
0
4095
0
0
0
0
0
0
0
4095
0
0
0
0
0
0
0
4095
0
0
0
0
0
0
0
4095
0
0
0
0
0
0
0
4095
0
0
0
0
0
0
0
4095
0
0
0
0
0
0
0
4095
0
0
0
0
0
0
0
4095
0
0
0
0
0
0
0
4095
0
0
0
0
0
0
0
4095
0
0
0
0
0
0
0
4095
0
0
0
0
0
0
0
4095
0
0
0
0
0
0
0
4095
0
0
0
0
0
0
0
4095
0
0
0
0
0
0
0
4095
0
0
0
0
0
0
0
4095
0
0
0
0
0
0
0
4095
0
0
0
0
0
0
0
4095
0
0
0
0
0
0
0
4095
0
0
0
0
0
0
0
4095
0
0
0
0
0
0
0
4095
0
0
0
0
0
0
0
4095
0
0
0
0
0
0
0
4095
0
0
0
0
0
0
0
4095
0
0
0
0
0
0
0
4095
0
0
0
0
0
0
0
4095
0
0
0
0
0
0
0
4095
0
0
0
0
0
0
0
4095
0
0
0
0
0
0
0
4095
0
0
0
0
0
0
0
4095
0
0
0
0
0
0
0
4095
0
0
0
0
0
0
0
4095
0
0
0
0
0
0
0
4095
0
0
0
0
0
0
0
4095
0
0
0
0
0
0
0
4095
0
0
0
0
0
0
0
4095
0
0
0
0
0
0
0
4095
0
0
0
0
0
0
0
4095
0
0
0
0
0
0
0
4095
0
0
0
0
0
0
0
4095
0
0
0
0
0
0
0
4095
0
0
0
0
0
0
0
4095
0
0
0
0
0
0
0
4095
0
0
0
0
0
0
0
4095
0
0
0
0
0
0
0
4095
0
0
0
0
0
0
0
4095
0
0
0
0
0
0
0
4095
0
0
0
0
0
0
0
4095
0
0
0
0
0
0
0
4095
0
0
0
0
0
0
0
4095
0
0
0
0
0
0
0
4095
0
0
0
0
0
0
0
4095
0
0
0
0
0
0
0
4095
0
0
0
0
0
0
0
4095
0
0
0
0
0
0
0
4095
0
0
0
0
0
0
0
4095
0
0
0
0
0
0
0
4095
0
0
0
0
0
0
0
4095
0
0
0
0
0
0
0
4095
0
0
0
0
0
0
0
4095
0
0
0
0
0
0
0
4095
0
0
0
0
0
0
0
4095
0
0
0
0
0
0
0
4095
0
0
0
0
0
0
0
4095
0
0
0
0
0
0
0
4095
0
0
0
0
0
0
0
4095
0
0
0
0
0
0
0
4095
0
0
0
0
0
0
0
4095
0
0
0
0
0
0
0
4095
0
0
0
0
0
0
0
4095
0
0
0
0
0
0
0
4095
0
0
0
0
0
0
0
4095
0
0
0
0
0
0
0
4095
0
0
0
0
0
0
0
4095
0
0
0
0
0
0
0
4095
0
0
0
0
0
0
0
4095
0
0
0
0
0
0
0
4095
0
0
0
0
0
0
0
4095
0
0
0
0
0
0
0
4095
0
0
0
0
0
0
0
4095
0
0
0
0
0
0
0
4095
0
0
0
0
0
0
0
4095
0
0
0
0
0
0
0
4095
0
0
0
0
0
0
0
4095
0
0
0
0
0
0
0
4095
0
0
0
0
0
0
0
4095
0
0
0
0
0
0
0
4095
0
0
0
0
0
0
0
4095
0
0
0
0
0
0
0
4095
0
0
0
0
0
0
0
4095
0
0
0
0
0
0
0
4095
0
0
0
0
0
0
0
4095
0
0
0
0
0
0
0
4095
0
0
0
0
0
0
0
4095
0
0
0
0
0
0
0
4095
0
0
0
0
0
0
0
4095
0
0
0
0
0
0
0
4095
0
0
0
0
0
0
0
4095
0
0
0
0
0
0
0
4095
0
0
0
0
0
0
0
4095
0
0
0
0
0
0
0
4095
0
0
0
0
0
0
0
4095
0
0
0
0
0
0
0
4095
0
0
0
0
0
0
0
4095
0
0
0
0
0
0
0
4095
0
0
0
0
0
0
0
4095
0
0
0
0
0
0
0
4095
0
0
0
0
0
0
0
4095
0
0
0
0
0
0
0
4095
0
0
0
0
0
0
0
4095
0
0
0
0
0
0
0
4095
0
0
0
0
0
0
0
4095
0
0
0
0
0
0
0
4095
0
0
0
0
0
0
0
4095
0
0
0
0
0
0
0
4095
0
0
0
0
0
0
0
4095
0
0
0
0
0
0
0
4095
0
0
0
0
0
0
0
4095
0
0
0
0
0
0
0
4095
0
0
0
0
0
0
0
4095
0
0
0
0
0
0
0
4095
0
0
0
0
0
0
0
4095
0
0
0
0
0
0
0
4095
0
0
0
0
0
0
0
4095
0
0
0
0
0
0
0
4095
0
0
0
0
0
0
0
4095
0
0
0
0
0
0
0
4095
0
0
0
0
0
0
0
4095
0
0
0
0
0
0
0
4095
0
0
0
0
0
0
0
4095
0
0
0
0
0
0
0
4095
0
0
0
0
0
0
0
4095
0
0
0
0
0
0
0
4095
0
0
0
0
0
0
0
4095
0
0
0
0
0
0
0
4095
0
0
0
0
0
0
0
4095
0
0
0
0
0
0
0
4095
0
0
0
0
0
0
0
4095
0
0
0
0
0
0
0
4095
0
0
0
0
0
0
0
4095
0
0
0
0
0
0
0
4095
0
0
0
0
0
0
0
4095
0
0
0
0
0
0
0
4095
0
0
0
0
0
0
0
4095
0
0
0
0
0
0
0
4095
0
0
0
0
0
0
0
4095
0
0
0
0
0
0
0
4095
0
0
0
0
0
0
0
4095
0
0
0
0
0
0
0
4095
0
0
0
0
0
0
0
4095
0
0
0
0
0
0
0
4095
0
0
0
0
0
0
0
4095
0
0
0
0
0
0
0
4095
0
0
0
0
0
0
0
4095
0
0
0
0
0
0
0
4095
0
0
0
0
0
0
0
4095
0
0
0
0
0
0
0
4095
0
0
0
0
0
0
0
4095
0
0
0
0
0
0
0
4095
0
0
0
0
0
0
0
4095
0
0
0
0
0
0
0
4095
0
0
0
0
0
0
0
4095
0
0
0
0
0
0
0
4095
0
0
0
0
0
0
0
4095
0
0
0
0
0
0
0
4095
0
0
0
0
0
0
0
4095
0
0
0
0
0
0
0
4095
0
0
0
0
0
0
0
4095
0
0
0
0
0
0
0
4095
0
0
0
0
0
0
0
4095
0
0
0
0
0
0
0
4095
0
0
0
0
0
0
0
4095
0
0
0
0
0
0
0
4095
0
0
0
0
0
0
0
4095
0
0
0
0
0
0
0
4095
0
0
0
0
0
0
0
4095
0
0
0
0
0
0
0
4095
0
0
0
0
0
0
0
4095
0
0
0
0
0
0
0
4095
0
0
0
0
0
0
0
4095
0
0
0
0
0
0
0
4095
0
0
0
0
0
0
0
4095
0
0
0
0
0
0
0
4095
0
0
0
0
0
0
0
4095
0
0
0
0
0
0
0
4095
0
0
0
0
0
0
0
4095
0
0
0
0
0
0
0
4095
0
0
0
0
0
0
0
4095
0
0
0
0
0
0
0
4095
0
0
0
0
0
0
0
4095
0
0
0
0
0
0
0
4095
0
0
0
0
0
0
0
4095
0
0
0
0
0
0
0
4095
0
0
0
0
0
0
0
4095
0
0
0
0
0
0
0
4095
0
0
0
0
0
0
0
4095
0
0
0
0
0
0
0
4095
0
0
0
0
0
0
0
4095
0
0
0
0
0
0
0
4095
0
0
0
0
0
0
0
4095
0
0
0
0
0
0
0
4095
0
0
0
0
0
0
0
4095
0
0
0
0
0
0
0
4095
0
0
0
0
0
0
0
4095
0
0
0
0
0
0
0
4095
0
0
0
0
0
0
0
4095
0
0
0
0
0
0
0
4095
0
0
0
0
0
0
0
4095
0
0
0
0
0
0
0
4095
0
0
0
0
0
0
0
4095
0
0
0
0
0
0
0
4095
0
0
0
0
0
0
0
4095
0
0
0
0
0
0
0
4095
0
0
0
0
0
0
0
4095
0
0
0
0
0
0
0
4095
0
0
0
0
0
0
0
4095
0
0
0
0
0
0
0
4095
0
0
0
0
0
0
0
4095
0
0
0
0
0
0
0
4095
0
0
0
0
0
0
0
4095
0
0
0
0
0
0
0
4095
0
0
0
0
0
0
0
4095
0
0
0
0
0
0
0
4095
0
0
0
0
0
0
0
4095
0
0
0
0
0
0
0
4095
0
0
0
0
0
0
0
4095
0
0
0
0
0
0
0
4095
0
0
0
0
0
0
0
4095
0
0
0
0
0
0
0
4095
0
0
0
0
0
0
0
4095
0
0
0
0
0
0
0
4095
0
0
0
0
0
0
0
4095
0
0
0
0
0
0
0
4095
0
0
0
0
0
0
0
4095
0
0
0
0
0
0
0
4095
0
0
0
0
0
0
0
4095
0
0
0
0
0
0
0
4095
0
0
0
0
0
0
0
4095
0
0
0
0
0
0
0
4095
0
0
0
0
0
0
0
4095
0
0
0
0
0
0
0
4095
0
0
0
0
0
0
0
4095
0
0
0
0
0
0
0
4095
0
0
0
0
0
0
0
4095
0
0
0
0
0
0
0
4095
0
0
0
0
0
0
0
4095
0
0
0
0
0
0
0
4095
0
0
0
0
0
0
0
4095
0
0
0
0
0
0
0
4095
0
0
0
0
0
0
0
4095
0
0
0
0
0
0
0
4095
0
0
0
0
0
0
0
4095
0
0
0
0
0
0
0
4095
0
0
0
0
0
0
0
4095
0
0
0
0
0
0
0
4095
0
0
0
0
0
0
0
4095
0
0
0
0
0
0
0
4095
0
0
0
0
0
0
0
4095
0
0
0
0
0
0
0
4095
0
0
0
0
0
0
0
4095
0
0
0
0
0
0
0
4095
0
0
0
0
0
0
0
4095
0
0
0
0
0
0
0
4095
0
0
0
0
0
0
0
4095
0
0
0
0
0
0
0
4095
0
0
0
0
0
0
0
4095
0
0
0
0
0
0
0
4095
0
0
0
0
0
0
0
4095
0
0
0
0
0
0
0
4095
0
0
0
0
0
0
0
4095
0
0
0
0
0
0
0
4095
0
0
0
0
0
0
0
4095
0
0
0
0
0
0
0
4095
0
0
0
0
0
0
0
4095
0
0
0
0
0
0
0
4095
0
0
0
0
0
0
0
4095
0
0
0
0
0
0
0
4095
0
0
0
0
0
0
0
4095
0
0
0
0
0
0
0
4095
0
0
0
0
0
0
0
4095
0
0
0
0
0
0
0
4095
0
0
0
0
0
0
0
4095
0
0
0
0
0
0
0
4095
0
0
0
0
0
0
0
4095
0
0
0
0
0
0
0
4095
0
0
0
0
0
0
0
4095
0
0
0
0
0
0
0
4095
0
0
0
0
0
0
0
4095
0
0
0
0
0
0
0
4095
0
0
0
0
0
0
0
4095
0
0
0
0
0
0
0
4095
0
0
0
0
0
0
0
4095
0
0
0
0
0
0
0
4095
0
0
0
0
0
0
0
4095
0
0
0
0
0
0
0
4095
0
0
0
0
0
0
0
4095
0
0
0
0
0
0
0
4095
0
0
0
0
0
0
0
4095
0
0
0
0
0
0
0
4095
0
0
0
0
0
0
0
4095
0
0
0
0
0
0
0
4095
0
0
0
0
0
0
0
4095
0
0
0
0
0
0
0
4095
0
0
0
0
0
0
0
4095
0
0
0
0
0
0
0
4095
0
0
0
0
0
0
0
4095
0
0
0
0
0
0
0
4095
0
0
0
0
0
0
0
4095
0
0
0
0
0
0
0
4095
0
0
0
0
0
0
0
4095
0
0
0
0
0
0
0
4095
0
0
0
0
0
0
0
4095
0
0
0
0
0
0
0
4095
0
0
0
0
0
0
0
4095
0
0
0
0
0
0
0
4095
0
0
0
0
0
0
0
4095
0
0
0
0
0
0
0
4095
0
0
0
0
0
0
0
4095
0
0
0
0
0
0
0
4095
0
0
0
0
0
0
0
4095
0
0
0
0
0
0
0
4095
0
0
0
0
0
0
0
4095
0
0
0
0
0
0
0
4095
0
0
0
0
0
0
0
4095
0
0
0
0
0
0
0
4095
0
0
0
0
0
0
0
4095
0
0
0
0
0
0
0
4095
0
0
0
0
0
0
0
4095
0
0
0
0
0
0
0
4095
0
0
0
0
0
0
0
4095
0
0
0
0
0
0
0
4095
0
0
0
0
0
0
0
4095
0
0
0
0
0
0
0
4095
0
0
0
0
0
0
0
4095
0
0
0
0
0
0
0
4095
0
0
0
0
0
0
0
4095
0
0
0
0
0
0
0
4095
0
0
0
0
0
0
0
4095
0
0
0
0
0
0
0
4095
0
0
0
0
0
0
0
4095
0
0
0
0
0
0
0
4095
0
0
0
0
0
0
0
4095
0
0
0
0
0
0
0
4095
0
0
0
0
0
0
0
4095
0
0
0
0
0
0
0
4095
0
0
0
0
0
0
0
4095
0
0
0
0
0
0
0
4095
0
0
0
0
0
0
0
4095
0
0
0
0
0
0
0
4095
0
0
0
0
0
0
0
4095
0
0
0
0
0
0
0
4095
0
0
0
0
0
0
0
4095
0
0
0
0
0
0
0
4095
0
0
0
0
0
0
0
4095
0
0
0
0
0
0
0
4095
0
0
0
0
0
0
0
4095
0
0
0
0
0
0
0
4095
0
0
0
0
0
0
0
4095
0
0
0
0
0
0
0
4095
0
0
0
0
0
0
0
4095
0
0
0
0
0
0
0
4095
0
0
0
0
0
0
0
4095
0
0
0
0
0
0
0
4095
0
0
0
0
0
0
0
4095
0
0
0
0
0
0
0
4095
0
0
0
0
0
0
0
4095
0
0
0
0
0
0
0
4095
0
0
0
0
0
0
0
4095
0
0
0
0
0
0
0
4095
0
0
0
0
0
0
0
4095
0
0
0
0
0
0
0
4095
0
0
0
0
0
0
0
4095
0
0
0
0
0
0
0
4095
0
0
0
0
0
0
0
4095
0
0
0
0
0
0
0
4095
0
0
0
0
0
0
0
4095
0
0
0
0
0
0
0
4095
0
0
0
0
0
0
0
4095
0
0
0
0
0
0
0
4095
0
0
0
0
0
0
0
4095
0
0
0
0
0
0
0
4095
0
0
0
0
0
0
0
4095
0
0
0
0
0
0
0
4095
0
0
0
0
0
0
0
4095
0
0
0
0
0
0
0
4095
0
0
0
0
0
0
0
4095
0
0
0
0
0
0
0
4095
0
0
0
0
0
0
0
4095
0
0
0
0
0
0
0
4095
0
0
0
0
0
0
0
4095
0
0
0
0
0
0
0
4095
0
0
0
0
0
0
0
4095
0
0
0
0
0
0
0
4095
0
0
0
0
0
0
0
4095
0
0
0
0
0
0
0
4095
0
0
0
0
0
0
0
4095
0
0
0
0
0
0
0
4095
0
0
0
0
0
0
0
4095
0
0
0
0
0
0
0
4095
0
0
0
0
0
0
0
4095
0
0
0
0
0
0
0
4095
0
0
0
0
0
0
0
4095
0
0
0
0
0
0
0
4095
0
0
0
0
0
0
0
4095
0
0
0
0
0
0
0
4095
0
0
0
0
0
0
0
4095
0
0
0
0
0
0
0
4095
0
0
0
0
0
0
0
4095
0
0
0
0
0
0
0
4095
0
0
0
0
0
0
0
4095
0
0
0
0
0
0
0
4095
0
0
0
0
0
0
0
4095
0
0
0
0
0
0
0
4095
0
0
0
0
0
0
0
4095
0
0
0
0
0
0
0
4095
0
0
0
0
0
0
0
4095
0
0
0
0
0
0
0
4095
0
0
0
0
0
0
0
4095
0
0
0
0
0
0
0
4095
0
0
0
0
0
0
0
4095
0
0
0
0
0
0
0
4095
0
0
0
0
0
0
0
4095
0
0
0
0
0
0
0
4095
0
0
0
0
0
0
0
4095
0
0
0
0
0
0
0
4095
0
0
0
0
0
0
0
4095
0
0
0
0
0
0
0
4095
0
0
0
0
0
0
0
4095
0
0
0
0
0
0
0
4095
0
0
0
0
0
0
0
4095
0
0
0
0
0
0
0
4095
0
0
0
0
0
0
0
4095
0
0
0
0
0
0
0
4095
0
0
0
0
0
0
0
4095
0
0
0
0
0
0
0
4095
0
0
0
0
0
0
0
4095
0
0
0
0
0
0
0
4095
0
0
0
0
0
0
0
4095
0
0
0
0
0
0
0
4095
0
0
0
0
0
0
0
4095
0
0
0
0
0
0
0
4095
0
0
0
0
0
0
0
4095
0
0
0
0
0
0
0
4095
0
0
0
0
0
0
0
4095
0
0
0
0
0
0
0
4095
0
0
0
0
0
0
0
4095
0
0
0
0
0
0
0
4095
0
0
0
0
0
0
0
4095
0
0
0
0
0
0
0
4095
0
0
0
0
0
0
0
4095
0
0
0
0
0
0
0
4095
0
0
0
0
0
0
0
4095
0
0
0
0
0
0
0
4095
0
0
0
0
0
0
0
4095
0
0
0
0
0
0
0
4095
0
0
0
0
0
0
0
4095
0
0
0
0
0
0
0
4095
0
0
0
0
0
0
0
4095
0
0
0
0
0
0
0
4095
0
0
0
0
0
0
0
4095
0
0
0
0
0
0
0
4095
0
0
0
0
0
0
0
4095
0
0
0
0
0
0
0
4095
0
0
0
0
0
0
0
4095
0
0
0
0
0
0
0
4095
0
0
0
0
0
0
0
4095
0
0
0
0
0
0
0
4095
0
0
0
0
0
0
0
4095
0
0
0
0
0
0
0
4095
0
0
0
0
0
0
0
4095
0
0
0
0
0
0
0
4095
0
0
0
0
0
0
0
4095
0
0
0
0
0
0
0
4095
0
0
0
0
0
0
0
4095
0
0
0
0
0
0
0
4095
0
0
0
0
0
0
0
4095
0
0
0
0
0
0
0
4095
0
0
0
0
0
0
0
4095
0
0
0
0
0
0
0
4095
0
0
0
0
0
0
0
4095
0
0
0
0
0
0
0
4095
0
0
0
0
0
0
0
4095
0
0
0
0
0
0
0
4095
0
0
0
0
0
0
0
4095
0
0
0
0
0
0
0
4095
0
0
0
0
0
0
0
4095
0
0
0
0
0
0
0
4095
0
0
0
0
0
0
0
4095
0
0
0
0
0
0
0
4095
0
0
0
0
0
0
0
4095
0
0
0
0
0
0
