0
0
0
0
0
0
0
0
0
0
0
0
0
0
0
0
0
0
0
0
0
0
0
0
0
0
0
0
0
0
0
0
0
0
0
0
0
0
0
0
0
0
0
0
0
0
0
0
0
0
0
0
0
0
0
0
0
0
0
0
0
0
0
0
0
0
0
0
0
0
0
0
0
0
0
0
0
0
0
0
0
0
0
0
0
0
0
0
0
0
0
0
0
0
0
0
0
0
0
0
0
0
0
0
0
0
0
0
0
0
0
0
0
0
0
0
0
0
0
0
0
0
0
0
0
0
0
0
0
0
0
0
0
0
0
0
0
0
0
0
0
0
0
0
0
0
0
0
0
0
0
0
0
0
0
0
0
0
0
0
0
0
0
0
0
0
0
0
0
0
0
0
0
0
0
0
0
0
0
0
0
0
0
0
4093
4092
0
0
0
0
0
0
4095
0
0
0
0
0
0
0
4092
4092
0
0
0
0
0
0
4092
4093
0
0
0
0
0
0
4095
4094
0
0
0
0
0
0
4092
4092
0
0
0
0
0
0
4095
4095
0
0
0
0
0
0
4089
4090
0
0
0
0
0
0
1
1
0
0
0
0
0
0
4089
4089
0
0
0
0
0
0
1
3
0
0
0
0
0
0
4093
4090
0
0
0
0
0
0
4093
1
0
0
0
0
0
0
1
4093
0
0
0
0
0
0
4086
4089
0
0
0
0
0
0
10
8
0
0
0
0
0
0
4079
4080
0
0
0
0
0
0
14
15
0
0
0
0
0
0
4075
4073
0
0
0
0
0
0
12
17
0
0
0
0
0
0
4084
4076
0
0
0
0
0
0
4095
9
0
0
0
0
0
0
5
4091
0
0
0
0
0
0
4076
4085
0
0
0
0
0
0
25
16
0
0
0
0
0
0
4057
4062
0
0
0
0
0
0
37
36
0
0
0
0
0
0
4052
4049
0
0
0
0
0
0
35
43
0
0
0
0
0
0
4066
4052
0
0
0
0
0
0
9
27
0
0
0
0
0
0
4
4080
0
0
0
0
0
0
4066
4087
0
0
0
0
0
0
44
27
0
0
0
0
0
0
4031
4044
0
0
0
0
0
0
69
64
0
0
0
0
0
0
4017
4015
0
0
0
0
0
0
66
77
0
0
0
0
0
0
4041
4020
0
0
0
0
0
0
26
54
0
0
0
0
0
0
4093
4060
0
0
0
0
0
0
4059
0
0
0
0
0
0
0
61
30
0
0
0
0
0
0
4000
4025
0
0
0
0
0
0
108
93
0
0
0
0
0
0
3974
3977
0
0
0
0
0
0
110
122
0
0
0
0
0
0
3999
3973
0
0
0
0
0
0
57
97
0
0
0
0
0
0
4075
4029
0
0
0
0
0
0
4062
17
0
0
0
0
0
0
76
26
0
0
0
0
0
0
3971
4012
0
0
0
0
0
0
152
123
0
0
0
0
0
0
3922
3933
0
0
0
0
0
0
165
175
0
0
0
0
0
0
3948
3918
0
0
0
0
0
0
101
149
0
0
0
0
0
0
4045
3981
0
0
0
0
0
0
4076
51
0
0
0
0
0
0
83
11
0
0
0
0
0
0
3945
4008
0
0
0
0
0
0
197
149
0
0
0
0
0
0
3866
3890
0
0
0
0
0
0
230
232
0
0
0
0
0
0
3882
3852
0
0
0
0
0
0
162
218
0
0
0
0
0
0
3998
3921
0
0
0
0
0
0
8
99
0
0
0
0
0
0
78
4077
0
0
0
0
0
0
3927
4016
0
0
0
0
0
0
236
166
0
0
0
0
0
0
3804
3849
0
0
0
0
0
0
303
293
0
0
0
0
0
0
3803
3778
0
0
0
0
0
0
236
298
0
0
0
0
0
0
3934
3843
0
0
0
0
0
0
52
165
0
0
0
0
0
0
56
4028
0
0
0
0
0
0
3919
4038
0
0
0
0
0
0
270
169
0
0
0
0
0
0
3747
3818
0
0
0
0
0
0
380
348
0
0
0
0
0
0
3714
3700
0
0
0
0
0
0
327
387
0
0
0
0
0
0
3852
3751
0
0
0
0
0
0
118
250
0
0
0
0
0
0
18
3962
0
0
0
0
0
0
3930
4081
0
0
0
0
0
0
293
158
0
0
0
0
0
0
3694
3797
0
0
0
0
0
0
460
401
0
0
0
0
0
0
3619
3623
0
0
0
0
0
0
430
482
0
0
0
0
0
0
3753
3647
0
0
0
0
0
0
202
351
0
0
0
0
0
0
4050
3874
0
0
0
0
0
0
3959
48
0
0
0
0
0
0
299
124
0
0
0
0
0
0
3652
3793
0
0
0
0
0
0
534
442
0
0
0
0
0
0
3520
3549
0
0
0
0
0
0
543
582
0
0
0
0
0
0
3635
3530
0
0
0
0
0
0
309
471
0
0
0
0
0
0
3966
3766
0
0
0
0
0
0
4012
136
0
0
0
0
0
0
284
70
0
0
0
0
0
0
3626
3811
0
0
0
0
0
0
599
466
0
0
0
0
0
0
3422
3486
0
0
0
0
0
0
665
679
0
0
0
0
0
0
3504
3409
0
0
0
0
0
0
438
603
0
0
0
0
0
0
3857
3635
0
0
0
0
0
0
4091
247
0
0
0
0
0
0
245
4083
0
0
0
0
0
0
3618
3853
0
0
0
0
0
0
650
468
0
0
0
0
0
0
3329
3436
0
0
0
0
0
0
788
769
0
0
0
0
0
0
3361
3286
0
0
0
0
0
0
582
747
0
0
0
0
0
0
3724
3489
0
0
0
0
0
0
101
384
0
0
0
0
0
0
178
3973
0
0
0
0
0
0
3636
3922
0
0
0
0
0
0
682
445
0
0
0
0
0
0
3249
3407
0
0
0
0
0
0
910
849
0
0
0
0
0
0
3214
3167
0
0
0
0
0
0
743
894
0
0
0
0
0
0
3569
3327
0
0
0
0
0
0
234
543
0
0
0
0
0
0
81
3835
0
0
0
0
0
0
3686
4024
0
0
0
0
0
0
691
396
0
0
0
0
0
0
3187
3404
0
0
0
0
0
0
1021
909
0
0
0
0
0
0
3062
3055
0
0
0
0
0
0
915
1044
0
0
0
0
0
0
3391
3152
0
0
0
0
0
0
395
723
0
0
0
0
0
0
4052
3673
0
0
0
0
0
0
3765
59
0
0
0
0
0
0
668
311
0
0
0
0
0
0
3145
3429
0
0
0
0
0
0
1120
945
0
0
0
0
0
0
2916
2960
0
0
0
0
0
0
1094
1188
0
0
0
0
0
0
3198
2972
0
0
0
0
0
0
582
918
0
0
0
0
0
0
3891
3482
0
0
0
0
0
0
3880
223
0
0
0
0
0
0
611
191
0
0
0
0
0
0
3137
3490
0
0
0
0
0
0
1195
950
0
0
0
0
0
0
2782
2888
0
0
0
0
0
0
1276
1323
0
0
0
0
0
0
2992
2794
0
0
0
0
0
0
791
1124
0
0
0
0
0
0
3700
3269
0
0
0
0
0
0
4028
417
0
0
0
0
0
0
519
37
0
0
0
0
0
0
3161
3587
0
0
0
0
0
0
1244
921
0
0
0
0
0
0
2664
2843
0
0
0
0
0
0
1449
1437
0
0
0
0
0
0
2780
2621
0
0
0
0
0
0
1020
1337
0
0
0
0
0
0
3482
3039
0
0
0
0
0
0
118
638
0
0
0
0
0
0
387
3942
0
0
0
0
0
0
3223
3725
0
0
0
0
0
0
1259
855
0
0
0
0
0
0
2573
2834
0
0
0
0
0
0
1609
1524
0
0
0
0
0
0
2568
2462
0
0
0
0
0
0
1261
1548
0
0
0
0
0
0
3238
2798
0
0
0
0
0
0
340
886
0
0
0
0
0
0
215
3718
0
0
0
0
0
0
3325
3901
0
0
0
0
0
0
1235
744
0
0
0
0
0
0
2510
2862
0
0
0
0
0
0
1751
1583
0
0
0
0
0
0
2361
2326
0
0
0
0
0
0
1508
1751
0
0
0
0
0
0
2972
2550
0
0
0
0
0
0
591
1153
0
0
0
0
0
0
5
3462
0
0
0
0
0
0
3472
22
0
0
0
0
0
0
1170
591
0
0
0
0
0
0
2487
2934
0
0
0
0
0
0
1862
1600
0
0
0
0
0
0
2173
2218
0
0
0
0
0
0
1757
1938
0
0
0
0
0
0
2692
2302
0
0
0
0
0
0
871
1434
0
0
0
0
0
0
3850
3180
0
0
0
0
0
0
3665
276
0
0
0
0
0
0
1059
394
0
0
0
0
0
0
2506
3052
0
0
0
0
0
0
1941
1574
0
0
0
0
0
0
2006
2146
0
0
0
0
0
0
1997
2100
0
0
0
0
0
0
2407
2065
0
0
0
0
0
0
1174
1718
0
0
0
0
0
0
3565
2874
0
0
0
0
0
0
3901
567
0
0
0
0
0
0
895
151
0
0
0
0
0
0
2573
3220
0
0
0
0
0
0
1976
1501
0
0
0
0
0
0
1869
2115
0
0
0
0
0
0
2218
2233
0
0
0
0
0
0
2120
1846
0
0
0
0
0
0
1495
2005
0
0
0
0
0
0
3248
2555
0
0
0
0
0
0
86
886
0
0
0
0
0
0
684
3962
0
0
0
0
0
0
2690
3437
0
0
0
0
0
0
1964
1375
0
0
0
0
0
0
1771
2134
0
0
0
0
0
0
2416
2323
0
0
0
0
0
0
1844
1653
0
0
0
0
0
0
1819
2277
0
0
0
0
0
0
2906
2228
0
0
0
0
0
0
404
1230
0
0
0
0
0
0
425
3639
0
0
0
0
0
0
2864
3703
0
0
0
0
0
0
1899
1196
0
0
0
0
0
0
1720
2207
0
0
0
0
0
0
2580
2369
0
0
0
0
0
0
1586
1495
0
0
0
0
0
0
2144
2534
0
0
0
0
0
0
2549
1902
0
0
0
0
0
0
755
1589
0
0
0
0
0
0
118
3283
0
0
0
0
0
0
3090
4016
0
0
0
0
0
0
1778
963
0
0
0
0
0
0
1721
2336
0
0
0
0
0
0
2701
2360
0
0
0
0
0
0
1354
1380
0
0
0
0
0
0
2459
2758
0
0
0
0
0
0
2181
1590
0
0
0
0
0
0
1136
1957
0
0
0
0
0
0
3866
2902
0
0
0
0
0
0
3370
274
0
0
0
0
0
0
1598
674
0
0
0
0
0
0
1778
2521
0
0
0
0
0
0
2772
2294
0
0
0
0
0
0
1160
1316
0
0
0
0
0
0
2760
2948
0
0
0
0
0
0
1812
1296
0
0
0
0
0
0
1534
2324
0
0
0
0
0
0
3480
2502
0
0
0
0
0
0
3703
666
0
0
0
0
0
0
1361
339
0
0
0
0
0
0
1897
2769
0
0
0
0
0
0
2787
2166
0
0
0
0
0
0
1013
1309
0
0
0
0
0
0
3026
3089
0
0
0
0
0
0
1454
1033
0
0
0
0
0
0
1944
2679
0
0
0
0
0
0
2888
2135
0
0
0
0
0
0
3778
1261
0
0
0
0
0
0
945
254
0
0
0
0
0
0
151
4062
0
0
0
0
0
0
1432
3906
0
0
0
0
0
0
906
2673
0
0
0
0
0
0
3272
3191
0
0
0
0
0
0
1134
764
0
0
0
0
0
0
2516
2991
0
0
0
0
0
0
2747
1548
0
0
0
0
0
0
395
1356
0
0
0
0
0
0
25
3633
0
0
0
0
0
0
513
21
0
0
0
0
0
0
452
3534
0
0
0
0
0
0
2167
3662
0
0
0
0
0
0
3443
1922
0
0
0
0
0
0
806
603
0
0
0
0
0
0
2913
3316
0
0
0
0
0
0
2311
1129
0
0
0
0
0
0
848
1809
0
0
0
0
0
0
3716
3179
0
0
0
0
0
0
3621
3658
0
0
0
0
0
0
281
416
0
0
0
0
0
0
2218
3841
0
0
0
0
0
0
2270
986
0
0
0
0
0
0
536
1804
0
0
0
0
0
0
3138
3610
0
0
0
0
0
0
1560
903
0
0
0
0
0
0
1194
2583
0
0
0
0
0
0
3960
2859
0
0
0
0
0
0
3692
193
0
0
0
0
0
0
4010
340
0
0
0
0
0
0
3189
122
0
0
0
0
0
0
2334
877
0
0
0
0
0
0
320
1754
0
0
0
0
0
0
3489
3819
0
0
0
0
0
0
1114
561
0
0
0
0
0
0
1687
3027
0
0
0
0
0
0
3474
2365
0
0
0
0
0
0
22
683
0
0
0
0
0
0
3692
4004
0
0
0
0
0
0
3479
148
0
0
0
0
0
0
1455
574
0
0
0
0
0
0
1460
2643
0
0
0
0
0
0
3786
2669
0
0
0
0
0
0
668
268
0
0
0
0
0
0
2180
3473
0
0
0
0
0
0
2974
1848
0
0
0
0
0
0
672
1156
0
0
0
0
0
0
3611
3348
0
0
0
0
0
0
3728
539
0
0
0
0
0
0
1370
317
0
0
0
0
0
0
1370
2738
0
0
0
0
0
0
4040
2748
0
0
0
0
0
0
276
25
0
0
0
0
0
0
2667
3859
0
0
0
0
0
0
2444
1363
0
0
0
0
0
0
1190
1687
0
0
0
0
0
0
3167
2827
0
0
0
0
0
0
3750
1164
0
0
0
0
0
0
1090
288
0
0
0
0
0
0
2224
3027
0
0
0
0
0
0
2937
1885
0
0
0
0
0
0
4032
1137
0
0
0
0
0
0
3157
94
0
0
0
0
0
0
2025
574
0
0
0
0
0
0
851
2127
0
0
0
0
0
0
3790
3189
0
0
0
0
0
0
31
371
0
0
0
0
0
0
828
3995
0
0
0
0
0
0
2284
3304
0
0
0
0
0
0
3072
1789
0
0
0
0
0
0
3912
981
0
0
0
0
0
0
3894
204
0
0
0
0
0
0
1496
141
0
0
0
0
0
0
1420
2657
0
0
0
0
0
0
3249
2621
0
0
0
0
0
0
487
915
0
0
0
0
0
0
509
3532
0
0
0
0
0
0
2545
3331
0
0
0
0
0
0
2247
1515
0
0
0
0
0
0
882
1817
0
0
0
0
0
0
183
3227
0
0
0
0
0
0
962
3861
0
0
0
0
0
0
1991
3191
0
0
0
0
0
0
2687
2022
0
0
0
0
0
0
1177
1452
0
0
0
0
0
0
419
2836
0
0
0
0
0
0
2775
3733
0
0
0
0
0
0
2211
1277
0
0
0
0
0
0
724
1866
0
0
0
0
0
0
521
3373
0
0
0
0
0
0
481
3531
0
0
0
0
0
0
2564
3665
0
0
0
0
0
0
2087
1454
0
0
0
0
0
0
1737
2052
0
0
0
0
0
0
4051
2268
0
0
0
0
0
0
3082
106
0
0
0
0
0
0
2092
930
0
0
0
0
0
0
1501
2137
0
0
0
0
0
0
3417
2617
0
0
0
0
0
0
3851
647
0
0
0
0
0
0
3021
289
0
0
0
0
0
0
2351
997
0
0
0
0
0
0
1026
1815
0
0
0
0
0
0
3363
3004
0
0
0
0
0
0
3192
802
0
0
0
0
0
0
1765
835
0
0
0
0
0
0
1506
2359
0
0
0
0
0
0
3616
2599
0
0
0
0
0
0
3468
459
0
0
0
0
0
0
3546
663
0
0
0
0
0
0
1740
478
0
0
0
0
0
0
1653
2423
0
0
0
0
0
0
2790
2378
0
0
0
0
0
0
3654
1385
0
0
0
0
0
0
1468
362
0
0
0
0
0
0
1601
2667
0
0
0
0
0
0
3730
2490
0
0
0
0
0
0
3151
354
0
0
0
0
0
0
4026
967
0
0
0
0
0
0
1147
5
0
0
0
0
0
0
2291
3038
0
0
0
0
0
0
2185
1713
0
0
0
0
0
0
260
1963
0
0
0
0
0
0
1392
3748
0
0
0
0
0
0
1904
2752
0
0
0
0
0
0
2905
2154
0
0
0
0
0
0
291
1165
0
0
0
0
0
0
645
3819
0
0
0
0
0
0
678
3396
0
0
0
0
0
0
2065
3478
0
0
0
0
0
0
2830
1942
0
0
0
0
0
0
835
1319
0
0
0
0
0
0
915
3168
0
0
0
0
0
0
2175
3242
0
0
0
0
0
0
2839
1867
0
0
0
0
0
0
134
1241
0
0
0
0
0
0
1005
3963
0
0
0
0
0
0
156
3045
0
0
0
0
0
0
2694
3994
0
0
0
0
0
0
2164
1317
0
0
0
0
0
0
1466
1987
0
0
0
0
0
0
391
2533
0
0
0
0
0
0
2237
3953
0
0
0
0
0
0
2564
1794
0
0
0
0
0
0
938
1529
0
0
0
0
0
0
4084
3145
0
0
0
0
0
0
3796
4075
0
0
0
0
0
0
3316
346
0
0
0
0
0
0
1498
696
0
0
0
0
0
0
2116
2677
0
0
0
0
0
0
3725
1907
0
0
0
0
0
0
2678
450
0
0
0
0
0
0
2315
1341
0
0
0
0
0
0
953
1812
0
0
0
0
0
0
11
3148
0
0
0
0
0
0
3093
4064
0
0
0
0
0
0
3761
1038
0
0
0
0
0
0
1705
257
0
0
0
0
0
0
1507
2465
0
0
0
0
0
0
3097
2516
0
0
0
0
0
0
3216
1081
0
0
0
0
0
0
1980
791
0
0
0
0
0
0
1077
2163
0
0
0
0
0
0
114
3010
0
0
0
0
0
0
4068
746
0
0
0
0
0
0
163
54
0
0
0
0
0
0
1049
3867
0
0
0
0
0
0
2197
3121
0
0
0
0
0
0
2437
1800
0
0
0
0
0
0
3975
1717
0
0
0
0
0
0
1856
24
0
0
0
0
0
0
1413
2297
0
0
0
0
0
0
3351
2660
0
0
0
0
0
0
3827
749
0
0
0
0
0
0
604
280
0
0
0
0
0
0
451
3434
0
0
0
0
0
0
2882
3709
0
0
0
0
0
0
1737
1118
0
0
0
0
0
0
515
2419
0
0
0
0
0
0
1353
3478
0
0
0
0
0
0
1721
2834
0
0
0
0
0
0
3279
2314
0
0
0
0
0
0
3857
807
0
0
0
0
0
0
1272
239
0
0
0
0
0
0
25
2778
0
0
0
0
0
0
2678
34
0
0
0
0
0
0
2322
1327
0
0
0
0
0
0
1184
1834
0
0
0
0
0
0
762
2807
0
0
0
0
0
0
1822
3589
0
0
0
0
0
0
2976
2204
0
0
0
0
0
0
578
1122
0
0
0
0
0
0
256
3502
0
0
0
0
0
0
3650
3806
0
0
0
0
0
0
3327
493
0
0
0
0
0
0
1620
681
0
0
0
0
0
0
1875
2558
0
0
0
0
0
0
4053
2142
0
0
0
0
0
0
2304
129
0
0
0
0
0
0
2696
1713
0
0
0
0
0
0
629
1416
0
0
0
0
0
0
444
3440
0
0
0
0
0
0
3244
3631
0
0
0
0
0
0
3905
887
0
0
0
0
0
0
932
110
0
0
0
0
0
0
1298
2370
0
0
0
0
0
0
3390
2718
0
0
0
0
0
0
2879
796
0
0
0
0
0
0
2327
1125
0
0
0
0
0
0
761
1818
0
0
0
0
0
0
361
3323
0
0
0
0
0
0
2620
3727
0
0
0
0
0
0
208
200
0
0
0
0
0
0
1126
3828
0
0
0
0
0
0
2017
3044
0
0
0
0
0
0
2698
1979
0
0
0
0
0
0
3669
1462
0
0
0
0
0
0
2173
329
0
0
0
0
0
0
1126
1985
0
0
0
0
0
0
3579
2946
0
0
0
0
0
0
3689
524
0
0
0
0
0
0
641
419
0
0
0
0
0
0
520
3397
0
0
0
0
0
0
2719
3643
0
0
0
0
0
0
1974
1279
0
0
0
0
0
0
236
2186
0
0
0
0
0
0
1643
3756
0
0
0
0
0
0
1462
2523
0
0
0
0
0
0
3470
2596
0
0
0
0
0
0
3556
646
0
0
0
0
0
0
1001
537
0
0
0
0
0
0
89
2748
0
0
0
0
0
0
2525
4062
0
0
0
0
0
0
2544
1480
0
0
0
0
0
0
925
1614
0
0
0
0
0
0
1026
3063
0
0
0
0
0
0
1884
3152
0
0
0
0
0
0
3161
2439
0
0
0
0
0
0
471
939
0
0
0
0
0
0
275
3609
0
0
0
0
0
0
3720
3788
0
0
0
0
0
0
3176
422
0
0
0
0
0
0
1832
832
0
0
0
0
0
0
1630
2346
0
0
0
0
0
0
204
2385
0
0
0
0
0
0
2082
3978
0
0
0
0
0
0
2859
1931
0
0
0
0
0
0
538
1253
0
0
0
0
0
0
448
3528
0
0
0
0
0
0
3326
3630
0
0
0
0
0
0
3749
806
0
0
0
0
0
0
1145
269
0
0
0
0
0
0
2356
3028
0
0
0
0
0
0
3615
1660
0
0
0
0
0
0
2651
570
0
0
0
0
0
0
2471
1354
0
0
0
0
0
0
690
1673
0
0
0
0
0
0
346
3390
0
0
0
0
0
0
2717
3743
0
0
0
0
0
0
40
1401
0
0
0
0
0
0
1365
3987
0
0
0
0
0
0
1779
2800
0
0
0
0
0
0
2916
2242
0
0
0
0
0
0
3469
1225
0
0
0
0
0
0
2308
524
0
0
0
0
0
0
1070
1850
0
0
0
0
0
0
3547
3001
0
0
0
0
0
0
3803
557
0
0
0
0
0
0
456
302
0
0
0
0
0
0
753
3584
0
0
0
0
0
0
2468
3408
0
0
0
0
0
0
2213
1533
0
0
0
0
0
0
39
1945
0
0
0
0
0
0
1772
3953
0
0
0
0
0
0
1418
2395
0
0
0
0
0
0
3424
2639
0
0
0
0
0
0
3690
696
0
0
0
0
0
0
795
402
0
0
0
0
0
0
225
3258
0
0
0
0
0
0
3125
3925
0
0
0
0
0
0
2796
1751
0
0
0
0
0
0
722
1363
0
0
0
0
0
0
1155
3267
0
0
0
0
0
0
1845
3020
0
0
0
0
0
0
3217
2178
0
0
0
0
0
0
3849
882
0
0
0
0
0
0
1344
228
0
0
0
0
0
0
3987
2723
0
0
0
0
0
0
2864
153
0
0
0
0
0
0
2103
1126
0
0
0
0
0
0
1413
2072
0
0
0
0
0
0
343
2607
0
0
0
0
0
0
2045
3839
0
0
0
0
0
0
2791
1969
0
0
0
0
0
0
707
1321
0
0
0
0
0
0
199
3358
0
0
0
0
0
0
3628
3881
0
0
0
0
0
0
3429
500
0
0
0
0
0
0
1443
592
0
0
0
0
0
0
2116
2726
0
0
0
0
0
0
3768
1905
0
0
0
0
0
0
2604
412
0
0
0
0
0
0
2399
1401
0
0
0
0
0
0
886
1722
0
0
0
0
0
0
77
3210
0
0
0
0
0
0
3048
4015
0
0
0
0
0
0
3786
1068
0
0
0
0
0
0
1697
246
0
0
0
0
0
0
1506
2464
0
0
0
0
0
0
3094
2518
0
0
0
0
0
0
3233
1088
0
0
0
0
0
0
1943
765
0
0
0
0
0
0
1136
2214
0
0
0
0
0
0
34
2933
0
0
0
0
0
0
2863
4071
0
0
0
0
0
0
81
4037
0
0
0
0
0
0
1121
3973
0
0
0
0
0
0
2160
3037
0
0
0
0
0
0
2424
1846
0
0
0
0
0
0
4051
1731
0
0
0
0
0
0
1721
4043
0
0
0
0
0
0
1602
2441
0
0
0
0
0
0
3124
2457
0
0
0
0
0
0
4069
993
0
0
0
0
0
0
376
19
0
0
0
0
0
0
634
3680
0
0
0
0
0
0
2774
3513
0
0
0
0
0
0
3048
2108
0
0
0
0
0
0
602
1106
0
0
0
0
0
0
1128
3393
0
0
0
0
0
0
2020
3043
0
0
0
0
0
0
2914
2007
0
0
0
0
0
0
155
1186
0
0
0
0
0
0
894
3924
0
0
0
0
0
0
341
3176
0
0
0
0
0
0
2465
3795
0
0
0
0
0
0
2398
1555
0
0
0
0
0
0
1264
1745
0
0
0
0
0
0
522
2731
0
0
0
0
0
0
2503
3653
0
0
0
0
0
0
2608
1516
0
0
0
0
0
0
251
1501
0
0
0
0
0
0
1018
3814
0
0
0
0
0
0
13
268
0
0
0
0
0
0
2983
4
0
0
0
0
0
0
1793
1044
0
0
0
0
0
0
1903
2368
0
0
0
0
0
0
3816
2125
0
0
0
0
0
0
2732
361
0
0
0
0
0
0
2114
1282
0
0
0
0
0
0
1287
2027
0
0
0
0
0
0
3670
2793
0
0
0
0
0
0
3576
423
0
0
0
0
0
0
3288
534
0
0
0
0
0
0
2103
749
0
0
0
0
0
0
1239
2050
0
0
0
0
0
0
3192
2793
0
0
0
0
0
0
3322
984
0
0
0
0
0
0
1678
686
0
0
0
0
0
0
1551
2472
0
0
0
0
0
0
3614
2524
0
0
0
0
0
0
3425
491
0
0
0
0
0
0
3633
673
0
0
0
0
0
0
1607
417
0
0
0
0
0
0
1834
2539
0
0
0
0
0
0
2564
2205
0
0
0
0
0
0
3912
1611
0
0
0
0
0
0
1189
92
0
0
0
0
0
0
1885
2969
0
0
0
0
0
0
3470
2179
0
0
0
0
0
0
3365
648
0
0
0
0
0
0
98
549
0
0
0
0
0
0
1294
3963
0
0
0
0
0
0
1511
2866
0
0
0
0
0
0
3265
2510
0
0
0
0
0
0
583
876
0
0
0
0
0
0
941
3421
0
0
0
0
0
0
2395
3223
0
0
0
0
0
0
2395
1639
0
0
0
0
0
0
763
1703
0
0
0
0
0
0
265
3314
0
0
0
0
0
0
919
3809
0
0
0
0
0
0
2006
3211
0
0
0
0
0
0
2687
2026
0
0
0
0
0
0
1183
1448
0
0
0
0
0
0
390
2826
0
0
0
0
0
0
2840
3777
0
0
0
0
0
0
2101
1184
0
0
0
0
0
0
870
2005
0
0
0
0
0
0
354
3196
0
0
0
0
0
0
644
3731
0
0
0
0
0
0
2435
3475
0
0
0
0
0
0
3024
1721
0
0
0
0
0
0
465
1106
0
0
0
0
0
0
3932
3544
0
0
0
0
0
0
3343
234
0
0
0
0
0
0
1754
673
0
0
0
0
0
0
1036
2384
0
0
0
0
0
0
185
3048
0
0
0
0
0
0
148
3910
0
0
0
0
0
0
2676
3959
0
0
0
0
0
0
2539
1374
0
0
0
0
0
0
1019
1582
0
0
0
0
0
0
3369
2996
0
0
0
0
0
0
3855
797
0
0
0
0
0
0
1237
461
0
0
0
0
0
0
2155
2909
0
0
0
0
0
0
2913
1921
0
0
0
0
0
0
45
1193
0
0
0
0
0
0
2983
4051
0
0
0
0
0
0
2120
1073
0
0
0
0
0
0
650
1901
0
0
0
0
0
0
3942
3401
0
0
0
0
0
0
4067
221
0
0
0
0
0
0
773
4044
0
0
0
0
0
0
2461
3379
0
0
0
0
0
0
2783
1584
0
0
0
0
0
0
188
1304
0
0
0
0
0
0
3491
3898
0
0
0
0
0
0
1878
577
0
0
0
0
0
0
1119
2248
0
0
0
0
0
0
3416
2940
0
0
0
0
0
0
495
741
0
0
0
0
0
0
307
3521
0
0
0
0
0
0
2817
3848
0
0
0
0
0
0
2572
1219
0
0
0
0
0
0
230
1523
0
0
0
0
0
0
3622
3846
0
0
0
0
0
0
1593
458
0
0
0
0
0
0
1531
2526
0
0
0
0
0
0
3796
2653
0
0
0
0
0
0
3810
359
0
0
0
0
0
0
3933
209
0
0
0
0
0
0
3235
224
0
0
0
0
0
0
2308
795
0
0
0
0
0
0
326
1819
0
0
0
0
0
0
3502
3770
0
0
0
0
0
0
1075
587
0
0
0
0
0
0
1763
3033
0
0
0
0
0
0
3348
2312
0
0
0
0
0
0
205
798
0
0
0
0
0
0
3449
3817
0
0
0
0
0
0
3659
708
0
0
0
0
0
0
1991
368
0
0
0
0
0
0
502
2140
0
0
0
0
0
0
3485
3585
0
0
0
0
0
0
1108
568
0
0
0
0
0
0
2351
2990
0
0
0
0
0
0
3071
1734
0
0
0
0
0
0
4070
1025
0
0
0
0
0
0
475
4055
0
0
0
0
0
0
107
3678
0
0
0
0
0
0
750
3920
0
0
0
0
0
0
2023
3391
0
0
0
0
0
0
3408
2032
0
0
0
0
0
0
1013
669
0
0
0
0
0
0
2565
3079
0
0
0
0
0
0
2747
1504
0
0
0
0
0
0
394
1355
0
0
0
0
0
0
17
3640
0
0
0
0
0
0
3347
3262
0
0
0
0
0
0
382
680
0
0
0
0
0
0
2319
3761
0
0
0
0
0
0
3269
1727
0
0
0
0
0
0
994
840
0
0
0
0
0
0
2538
3119
0
0
0
0
0
0
2168
1538
0
0
0
0
0
0
652
1926
0
0
0
0
0
0
159
3566
0
0
0
0
0
0
3668
3988
0
0
0
0
0
0
2155
1234
0
0
0
0
0
0
1323
1992
0
0
0
0
0
0
3064
2721
0
0
0
0
0
0
1068
1055
0
0
0
0
0
0
2643
3009
0
0
0
0
0
0
2113
1440
0
0
0
0
0
0
1099
2001
0
0
0
0
0
0
3980
2950
0
0
0
0
0
0
3216
161
0
0
0
0
0
0
1755
817
0
0
0
0
0
0
1660
2390
0
0
0
0
0
0
2828
2382
0
0
0
0
0
0
1181
1297
0
0
0
0
0
0
2664
2887
0
0
0
0
0
0
1960
1427
0
0
0
0
0
0
1365
2145
0
0
0
0
0
0
3629
2692
0
0
0
0
0
0
3609
504
0
0
0
0
0
0
1359
428
0
0
0
0
0
0
2010
2783
0
0
0
0
0
0
2557
2030
0
0
0
0
0
0
1343
1572
0
0
0
0
0
0
2628
2719
0
0
0
0
0
0
1868
1470
0
0
0
0
0
0
1573
2228
0
0
0
0
0
0
3328
2491
0
0
0
0
0
0
3970
798
0
0
0
0
0
0
981
74
0
0
0
0
0
0
2368
3159
0
0
0
0
0
0
2261
1673
0
0
0
0
0
0
1546
1871
0
0
0
0
0
0
2539
2512
0
0
0
0
0
0
1835
1566
0
0
0
0
0
0
1725
2256
0
0
0
0
0
0
3079
2349
0
0
0
0
0
0
195
1042
0
0
0
0
0
0
624
3852
0
0
0
0
0
0
2720
3511
0
0
0
0
0
0
1952
1322
0
0
0
0
0
0
1781
2182
0
0
0
0
0
0
2405
2274
0
0
0
0
0
0
1854
1704
0
0
0
0
0
0
1820
2228
0
0
0
0
0
0
2881
2261
0
0
0
0
0
0
473
1232
0
0
0
0
0
0
297
3582
0
0
0
0
0
0
3059
3834
0
0
0
0
0
0
1637
984
0
0
0
0
0
0
2038
2497
0
0
0
0
0
0
2236
2016
0
0
0
0
0
0
1922
1881
0
0
0
0
0
0
1860
2154
0
0
0
0
0
0
2735
2226
0
0
0
0
0
0
704
1370
0
0
0
0
0
0
7
3357
0
0
0
0
0
0
3378
24
0
0
0
0
0
0
1325
669
0
0
0
0
0
0
2307
2807
0
0
0
0
0
0
2033
1743
0
0
0
0
0
0
2032
2084
0
0
0
0
0
0
1852
2041
0
0
0
0
0
0
2644
2242
0
0
0
0
0
0
888
1457
0
0
0
0
0
0
3851
3182
0
0
0
0
0
0
3671
272
0
0
0
0
0
0
1024
381
0
0
0
0
0
0
2583
3105
0
0
0
0
0
0
1813
1468
0
0
0
0
0
0
2176
2307
0
0
0
0
0
0
1801
1891
0
0
0
0
0
0
2598
2298
0
0
0
0
0
0
1022
1496
0
0
0
0
0
0
3640
3052
0
0
0
0
0
0
3932
474
0
0
0
0
0
0
742
125
0
0
0
0
0
0
2855
3383
0
0
0
0
0
0
1579
1197
0
0
0
0
0
0
2346
2545
0
0
0
0
0
0
1713
1720
0
0
0
0
0
0
2597
2391
0
0
0
0
0
0
1111
1489
0
0
0
0
0
0
3476
2970
0
0
0
0
0
0
59
635
0
0
0
0
0
0
485
4001
0
0
0
0
0
0
3118
3639
0
0
0
0
0
0
1341
938
0
0
0
0
0
0
2534
2781
0
0
0
0
0
0
1592
1528
0
0
0
0
0
0
2636
2514
0
0
0
0
0
0
1157
1447
0
0
0
0
0
0
3352
2930
0
0
0
0
0
0
246
752
0
0
0
0
0
0
256
3820
0
0
0
0
0
0
3364
3862
0
0
0
0
0
0
1107
696
0
0
0
0
0
0
2734
3015
0
0
0
0
0
0
1449
1326
0
0
0
0
0
0
2708
2661
0
0
0
0
0
0
1163
1370
0
0
0
0
0
0
3270
2929
0
0
0
0
0
0
393
828
0
0
0
0
0
0
61
3679
0
0
0
0
0
0
3587
4052
0
0
0
0
0
0
880
475
0
0
0
0
0
0
2939
3240
0
0
0
0
0
0
1291
1125
0
0
0
0
0
0
2808
2822
0
0
0
0
0
0
1133
1268
0
0
0
0
0
0
3228
2962
0
0
0
0
0
0
503
867
0
0
0
0
0
0
3995
3575
0
0
0
0
0
0
3784
115
0
0
0
0
0
0
671
282
0
0
0
0
0
0
3138
3447
0
0
0
0
0
0
1121
926
0
0
0
0
0
0
2927
2991
0
0
0
0
0
0
1075
1145
0
0
0
0
0
0
3219
3026
0
0
0
0
0
0
575
869
0
0
0
0
0
0
3867
3507
0
0
0
0
0
0
3950
237
0
0
0
0
0
0
482
118
0
0
0
0
0
0
3328
3633
0
0
0
0
0
0
951
738
0
0
0
0
0
0
3061
3163
0
0
0
0
0
0
992
1010
0
0
0
0
0
0
3243
3109
0
0
0
0
0
0
613
843
0
0
0
0
0
0
3774
3476
0
0
0
0
0
0
4090
328
0
0
0
0
0
0
315
4081
0
0
0
0
0
0
3505
3794
0
0
0
0
0
0
784
563
0
0
0
0
0
0
3202
3330
0
0
0
0
0
0
893
870
0
0
0
0
0
0
3290
3209
0
0
0
0
0
0
618
790
0
0
0
0
0
0
3713
3470
0
0
0
0
0
0
100
384
0
0
0
0
0
0
174
3977
0
0
0
0
0
0
3664
3932
0
0
0
0
0
0
624
406
0
0
0
0
0
0
3342
3485
0
0
0
0
0
0
782
727
0
0
0
0
0
0
3358
3322
0
0
0
0
0
0
602
722
0
0
0
0
0
0
3682
3493
0
0
0
0
0
0
176
411
0
0
0
0
0
0
61
3904
0
0
0
0
0
0
3800
4043
0
0
0
0
0
0
479
271
0
0
0
0
0
0
3481
3629
0
0
0
0
0
0
666
592
0
0
0
0
0
0
3440
3439
0
0
0
0
0
0
562
639
0
0
0
0
0
0
3675
3535
0
0
0
0
0
0
227
414
0
0
0
0
0
0
4070
3860
0
0
0
0
0
0
3915
30
0
0
0
0
0
0
350
162
0
0
0
0
0
0
3610
3756
0
0
0
0
0
0
551
463
0
0
0
0
0
0
3530
3554
0
0
0
0
0
0
507
549
0
0
0
0
0
0
3692
3593
0
0
0
0
0
0
253
397
0
0
0
0
0
0
4008
3837
0
0
0
0
0
0
4005
89
0
0
0
0
0
0
241
75
0
0
0
0
0
0
3726
3863
0
0
0
0
0
0
442
349
0
0
0
0
0
0
3623
3663
0
0
0
0
0
0
441
455
0
0
0
0
0
0
3723
3658
0
0
0
0
0
0
256
362
0
0
0
0
0
0
3970
3836
0
0
0
0
0
0
4074
124
0
0
0
0
0
0
151
10
0
0
0
0
0
0
3828
3951
0
0
0
0
0
0
340
251
0
0
0
0
0
0
3714
3762
0
0
0
0
0
0
371
364
0
0
0
0
0
0
3769
3731
0
0
0
0
0
0
242
316
0
0
0
0
0
0
3952
3851
0
0
0
0
0
0
23
139
0
0
0
0
0
0
82
4061
0
0
0
0
0
0
3913
4017
0
0
0
0
0
0
250
168
0
0
0
0
0
0
3799
3852
0
0
0
0
0
0
297
279
0
0
0
0
0
0
3820
3804
0
0
0
0
0
0
215
265
0
0
0
0
0
0
3951
3878
0
0
0
0
0
0
52
138
0
0
0
0
0
0
32
4036
0
0
0
0
0
0
3980
4066
0
0
0
0
0
0
174
105
0
0
0
0
0
0
3877
3925
0
0
0
0
0
0
228
204
0
0
0
0
0
0
3877
3871
0
0
0
0
0
0
180
207
0
0
0
0
0
0
3964
3916
0
0
0
0
0
0
63
124
0
0
0
0
0
0
4093
4027
0
0
0
0
0
0
4029
0
0
0
0
0
0
0
111
56
0
0
0
0
0
0
3943
3985
0
0
0
0
0
0
164
140
0
0
0
0
0
0
3930
3933
0
0
0
0
0
0
141
154
0
0
0
0
0
0
3984
3954
0
0
0
0
0
0
63
104
0
0
0
0
0
0
4077
4029
0
0
0
0
0
0
4064
16
0
0
0
0
0
0
66
23
0
0
0
0
0
0
3996
4030
0
0
0
0
0
0
110
88
0
0
0
0
0
0
3978
3987
0
0
0
0
0
0
102
106
0
0
0
0
0
0
4010
3994
0
0
0
0
0
0
51
77
0
0
0
0
0
0
4070
4040
0
0
0
0
0
0
4085
20
0
0
0
0
0
0
34
4
0
0
0
0
0
0
4036
4060
0
0
0
0
0
0
66
50
0
0
0
0
0
0
4020
4029
0
0
0
0
0
0
65
65
0
0
0
0
0
0
4037
4030
0
0
0
0
0
0
38
52
0
0
0
0
0
0
4073
4055
0
0
0
0
0
0
4095
17
0
0
0
0
0
0
13
4091
0
0
0
0
0
0
4064
4081
0
0
0
0
0
0
34
23
0
0
0
0
0
0
4055
4060
0
0
0
0
0
0
34
33
0
0
0
0
0
0
4061
4059
0
0
0
0
0
0
20
26
0
0
0
0
0
0
4079
4071
0
0
0
0
0
0
2
12
0
0
0
0
0
0
3
4089
0
0
0
0
0
0
4082
4090
0
0
0
0
0
0
14
8
0
0
0
0
0
0
4077
4080
0
0
0
0
0
0
14
12
0
0
0
0
0
0
4079
4079
0
0
0
0
0
0
6
10
0
0
0
0
0
0
4086
4084
0
0
0
0
0
0
0
4
0
0
0
0
0
0
4094
4092
0
0
0
0
0
0
4092
4094
0
0
0
0
0
0
1
0
0
0
0
0
0
0
4089
4090
0
0
0
0
0
0
1
1
0
0
0
0
0
0
4092
4092
0
0
0
0
0
0
4095
0
0
0
0
0
0
0
4093
4092
0
0
0
0
0
0
4095
0
0
0
0
0
0
0
4092
4092
0
0
0
0
0
0
4092
4093
0
0
0
0
0
0
4095
4094
0
0
0
0
0
0
4093
4095
0
0
0
0
0
0
4095
4095
0
0
0
0
0
0
0
0
0
0
0
0
0
0
0
0
0
0
0
0
0
0
0
0
0
0
0
0
0
0
0
0
0
0
0
0
0
0
0
0
0
0
0
0
0
0
0
0
0
0
0
0
0
0
0
0
0
0
0
0
0
0
0
0
0
0
0
0
0
0
0
0
0
0
0
0
0
0
0
0
0
0
0
0
0
0
0
0
0
0
0
0
0
0
0
0
0
0
0
0
0
0
0
0
0
0
0
0
0
0
0
0
0
0
0
0
0
0
0
0
0
0
0
0
0
0
0
0
0
0
0
0
0
0
0
0
0
0
0
0
0
0
0
0
0
0
0
0
0
0
0
0
0
0
0
0
0
0
0
0
0
0
0
0
0
0
0
0
0
0
0
0
0
0
0
0
0
0
0
0
0
0
0
0
0
0
0
0
0
0
0
0
0
0
0
0
0
0
0
0
0
0
0
0
0
0
0
0
0
0
0
0
0
0
0
0
0
0
0
0
0
0
0
0
0
0
0
0
0
0
0
0
0
0
0
0
0
0
0
0
0
0
0
0
0
0
0
0
0
0
0
0
0
0
0
0
0
0
0
0
0
0
0
0
0
0
0
0
0
0
0
0
0
0
0
0
0
0
0
0
0
0
0
0
0
0
0
0
0
0
0
0
0
0
0
0
0
0
0
0
0
0
0
0
0
0
0
0
0
0
0
0
0
0
0
0
0
0
0
0
0
0
0
0
0
0
0
0
0
0
0
0
0
0
0
0
0
0
0
0
0
0
0
0
0
0
0
0
0
0
0
0
0
0
0
0
0
0
0
0
0
0
0
0
0
0
0
0
0
0
0
0
0
0
0
0
0
0
0
0
0
0
0
0
0
0
0
0
0
0
0
0
0
0
0
0
0
0
0
0
0
0
0
0
0
0
0
0
0
0
0
0
0
0
0
0
0
0
0
0
0
0
0
0
0
0
0
0
0
0
0
0
0
0
0
0
0
0
0
0
0
0
0
0
0
0
0
0
0
0
0
0
0
0
0
0
0
0
0
0
0
0
0
0
0
0
0
0
0
0
0
0
0
0
0
0
0
0
0
0
0
0
0
0
0
0
0
0
0
0
0
0
0
0
0
0
0
0
0
0
0
0
0
0
0
0
0
0
0
0
0
0
0
0
0
0
0
0
0
0
0
0
0
0
0
0
0
0
0
0
0
0
0
0
0
0
0
0
0
0
0
0
0
0
0
0
0
0
0
0
0
0
0
0
0
0
0
0
0
0
0
0
0
0
0
0
0
0
0
0
0
0
0
0
0
0
0
0
0
0
0
0
0
0
0
0
0
0
0
0
0
0
0
0
0
0
0
0
0
0
0
0
0
0
0
0
0
0
0
0
0
0
0
0
0
0
0
0
0
0
0
0
0
0
0
0
0
0
0
0
0
0
0
0
0
0
0
0
0
0
0
0
0
0
0
0
0
0
0
0
0
0
0
0
0
0
0
0
0
0
0
0
0
0
0
0
0
0
0
0
0
0
0
0
0
0
0
0
0
0
0
0
0
0
0
0
0
0
0
0
0
0
0
0
0
0
0
0
0
0
0
0
0
0
0
0
0
0
0
0
0
0
0
0
0
0
0
0
0
0
0
0
0
0
0
0
0
0
0
0
0
0
0
0
0
0
0
0
0
0
0
0
0
0
0
0
0
0
0
0
0
0
0
0
0
0
0
0
0
0
0
0
0
0
0
0
0
0
0
0
0
0
0
0
0
0
0
0
0
0
0
0
0
0
0
0
0
0
0
0
0
0
0
0
0
0
0
0
0
0
0
0
0
0
0
0
0
0
0
0
0
0
0
0
0
0
0
0
0
0
0
0
0
0
0
0
0
0
0
0
0
0
0
0
0
0
0
0
0
0
0
0
0
0
0
0
0
0
0
0
0
0
0
0
0
0
0
0
0
0
0
0
0
0
0
0
0
0
0
0
0
0
0
0
0
0
0
0
0
0
0
0
0
0
0
0
0
0
0
0
0
0
0
0
0
0
0
0
0
0
0
0
0
0
0
0
0
0
0
0
0
0
0
0
0
0
0
0
0
0
0
0
0
0
0
0
0
0
0
0
0
0
0
0
0
0
0
0
0
0
0
0
0
0
0
0
0
0
0
0
0
0
0
0
0
0
0
0
0
0
0
0
0
0
0
0
0
0
0
0
0
0
0
0
0
0
0
0
0
0
0
0
0
0
0
0
0
0
0
0
0
0
0
0
0
0
0
0
0
0
0
0
0
0
0
0
0
0
0
0
0
0
0
0
0
0
0
0
0
0
0
0
0
0
0
0
0
0
0
0
0
0
0
0
0
0
0
0
0
0
0
0
0
0
0
0
0
0
0
0
0
0
0
0
0
0
0
0
0
0
0
0
0
0
0
0
0
0
0
0
0
0
0
0
0
0
0
0
0
0
0
0
0
0
0
0
0
0
0
0
0
0
0
0
0
0
0
0
0
0
0
0
0
0
0
0
0
0
0
0
0
0
0
0
0
0
0
0
0
0
0
0
0
0
0
0
0
0
0
0
0
0
0
0
0
0
0
0
0
0
0
0
0
0
0
0
0
0
0
0
0
0
0
0
0
0
0
0
0
0
0
0
0
0
0
0
0
0
0
0
0
0
0
0
0
0
0
0
0
0
0
0
0
0
0
0
0
0
0
0
0
0
0
0
0
0
0
0
0
0
0
0
0
0
0
0
0
0
0
0
0
0
0
0
0
0
0
0
0
0
0
0
0
0
0
0
0
0
0
0
0
0
0
0
0
0
0
0
0
0
0
0
0
0
0
0
0
0
0
0
0
0
0
0
0
0
0
0
0
0
0
0
0
0
0
0
0
0
0
0
0
0
0
0
0
0
0
0
0
0
0
0
0
0
0
0
0
0
0
0
0
0
0
0
0
0
0
0
0
0
0
0
0
0
0
0
0
0
0
0
0
0
0
0
0
0
0
0
0
0
0
0
0
0
0
0
0
0
0
0
0
0
0
0
0
0
0
0
0
0
0
0
0
0
0
0
0
0
0
0
0
0
0
0
0
0
0
0
0
0
0
0
0
0
0
0
0
0
0
0
0
0
0
0
0
0
0
0
0
0
0
0
0
0
0
0
0
0
0
0
0
0
0
0
0
0
0
0
0
0
0
0
0
0
0
0
0
0
0
0
0
0
0
0
0
0
0
0
0
0
0
0
0
0
0
0
0
0
0
0
0
0
0
0
0
0
0
0
0
0
0
0
0
0
0
0
0
0
0
0
0
0
0
0
0
0
0
0
0
0
0
0
0
0
0
0
0
0
0
0
0
0
0
0
0
0
0
0
0
0
0
0
0
0
0
0
0
0
0
0
0
0
0
0
0
0
0
0
0
0
0
0
0
0
0
0
0
0
0
0
0
0
0
0
0
0
0
0
0
0
0
0
0
0
0
0
0
0
0
0
0
0
0
0
0
0
0
0
0
0
0
0
0
0
0
0
0
0
0
0
0
0
0
0
0
0
0
0
0
0
0
0
0
0
0
0
0
0
0
0
0
0
0
0
0
0
0
0
0
0
0
0
0
0
0
0
0
0
0
0
0
0
0
0
0
0
0
0
0
0
0
0
0
0
0
0
0
0
0
0
0
0
0
0
0
0
0
0
0
0
0
0
0
0
0
0
0
0
0
0
0
0
0
0
0
0
0
0
0
0
0
0
0
0
0
0
0
0
0
0
0
0
0
0
0
0
0
0
0
0
0
0
0
0
0
0
0
0
0
0
0
0
0
0
0
0
0
0
0
0
0
0
0
0
0
0
0
0
0
0
0
0
0
0
0
0
0
0
0
0
0
0
0
0
0
0
0
0
0
0
0
0
0
0
0
0
0
0
0
0
0
0
0
0
0
0
0
0
0
0
0
0
0
0
0
0
0
0
0
0
0
0
0
0
0
0
0
0
0
0
0
0
0
0
0
0
0
0
0
0
0
0
0
0
0
0
0
0
0
0
0
0
0
0
0
0
0
0
0
0
0
0
0
0
0
0
0
0
0
0
0
0
0
0
0
0
0
0
0
0
0
0
0
0
0
0
0
0
0
0
0
0
0
0
0
0
0
0
0
0
0
0
0
0
0
0
0
0
0
0
0
0
0
0
0
0
0
0
0
0
0
0
0
0
0
0
0
0
0
0
0
0
0
0
0
0
0
0
0
0
0
0
0
0
0
0
0
0
0
0
0
0
0
0
0
0
0
0
0
0
0
0
0
0
0
0
0
0
0
0
0
0
0
0
0
0
0
0
0
0
0
0
0
0
0
0
0
0
0
0
0
0
0
0
0
0
0
0
0
0
0
0
0
0
0
0
0
0
0
0
0
0
0
0
0
0
0
0
0
0
0
0
0
0
0
0
0
0
0
0
0
0
0
0
0
0
0
0
0
0
0
0
0
0
0
0
0
0
0
0
0
0
0
0
0
0
0
0
0
0
0
0
0
0
0
0
0
0
0
0
0
0
0
0
0
0
0
0
0
0
0
0
0
0
0
0
0
0
0
0
0
0
0
0
0
0
0
0
0
0
0
0
0
0
0
0
0
0
0
0
0
0
0
0
0
0
0
0
0
0
0
0
0
0
0
0
0
0
0
0
0
0
0
0
0
0
0
0
0
0
0
0
0
0
0
0
0
0
0
0
0
0
0
0
0
0
0
0
0
0
0
0
0
0
0
0
0
0
0
0
0
0
0
0
0
0
0
0
0
0
0
0
0
0
0
0
0
0
0
0
0
0
0
0
0
0
0
0
0
0
0
0
0
0
0
0
0
0
0
0
0
0
0
0
0
0
0
0
0
0
0
0
0
0
0
0
0
0
0
0
0
0
0
0
0
0
0
0
0
0
0
0
0
0
0
0
0
0
0
0
0
0
0
0
0
0
0
0
0
0
0
0
0
0
0
0
0
0
0
0
0
0
0
0
0
0
0
0
0
0
0
0
0
0
0
0
0
0
0
0
0
0
0
0
0
0
0
0
0
0
0
0
0
0
0
0
0
0
0
0
0
0
0
0
0
0
0
0
0
0
0
0
0
0
0
0
0
0
0
0
0
0
0
0
0
0
0
0
0
0
0
0
0
0
0
0
0
0
0
0
0
0
0
0
0
0
0
0
0
0
0
0
0
0
0
0
0
0
0
0
0
0
0
0
0
0
0
0
0
0
0
0
0
0
0
0
0
0
0
0
0
0
0
0
0
0
0
0
0
0
0
0
0
0
0
0
0
0
0
0
0
0
0
0
0
0
0
0
0
0
0
0
0
0
0
0
0
0
0
0
0
0
0
0
0
0
0
0
0
0
0
0
0
0
0
0
0
0
0
0
0
0
0
0
0
0
0
0
0
0
0
0
0
0
0
0
0
0
0
0
0
0
0
0
0
0
0
0
0
0
0
0
0
0
0
0
0
0
0
0
0
0
0
0
0
0
0
0
0
0
0
0
0
0
0
0
0
0
0
0
0
0
0
0
0
0
0
0
0
0
0
0
0
0
0
0
0
0
0
0
0
0
0
0
0
0
0
0
0
0
0
0
0
0
0
0
0
0
0
0
0
0
0
0
0
0
0
0
0
0
0
0
0
0
0
0
0
0
0
0
0
0
0
0
0
0
0
0
0
0
0
0
0
0
0
0
0
0
0
0
0
0
0
0
0
0
0
0
0
0
0
0
0
0
0
0
0
0
0
0
0
0
0
0
0
0
0
0
0
0
0
0
0
0
0
0
0
0
0
0
0
0
0
0
0
0
0
0
0
0
0
0
0
0
0
0
0
0
0
0
0
0
0
0
0
0
0
0
0
0
0
0
0
0
0
0
0
0
0
0
0
0
0
0
0
0
0
0
0
0
0
0
0
0
0
0
0
0
0
0
0
0
0
0
0
0
0
0
0
0
0
0
0
0
0
0
0
0
0
0
0
0
0
0
0
0
0
0
0
0
0
0
0
0
0
0
0
0
0
0
0
0
0
0
0
0
0
0
0
0
0
0
0
0
0
0
0
0
0
0
0
0
0
0
0
0
0
0
0
0
0
0
0
0
0
0
0
0
0
0
0
0
0
0
0
0
0
0
0
0
0
0
0
0
0
0
0
0
0
0
0
0
0
0
0
0
0
0
0
0
0
0
0
0
0
0
0
0
0
0
0
0
0
0
0
0
0
0
0
0
0
0
0
0
0
0
0
0
0
0
0
0
0
0
0
0
0
0
0
0
0
0
0
0
0
0
0
0
0
0
0
0
0
0
0
0
0
0
0
0
0
0
0
0
0
0
0
0
0
0
0
0
0
0
0
0
0
0
0
0
0
0
0
0
0
0
0
0
0
0
0
0
0
0
0
0
0
0
0
0
0
0
0
0
0
0
0
0
0
0
0
0
0
0
0
0
0
0
0
0
0
0
0
0
0
0
0
0
0
0
0
0
0
0
0
0
0
0
0
0
0
0
0
0
0
0
0
0
0
0
0
0
0
0
0
0
0
0
0
0
0
0
0
0
0
0
0
0
0
0
0
0
0
0
0
0
0
0
0
0
0
0
0
0
0
0
0
0
0
0
0
0
0
0
0
0
0
0
0
0
0
0
0
0
0
0
0
0
0
0
0
0
0
0
0
0
0
0
0
0
0
0
0
0
0
0
0
0
0
0
0
0
0
0
0
0
0
0
0
0
0
0
0
0
0
0
0
0
0
0
0
0
0
0
0
0
0
0
0
0
0
0
0
0
0
0
0
0
0
0
0
0
0
0
0
0
0
0
0
0
0
0
0
0
0
0
0
0
0
0
0
0
0
0
0
0
0
0
0
0
0
0
0
0
0
0
0
0
0
0
0
0
0
0
0
0
0
0
0
0
0
0
0
0
0
0
0
0
0
0
0
0
0
0
0
0
0
0
0
0
0
0
0
0
0
0
0
0
0
0
0
0
0
0
0
0
0
0
0
0
0
0
0
0
0
0
0
0
0
0
0
0
0
0
0
0
0
0
0
0
0
0
0
0
0
0
0
0
0
0
0
0
0
0
0
0
0
0
0
0
0
0
0
0
0
0
0
0
0
0
0
0
0
0
0
0
0
0
0
0
0
0
0
0
0
0
0
0
0
0
0
0
0
0
0
0
0
0
0
0
0
0
0
0
0
0
0
0
0
0
0
0
0
0
0
0
0
0
0
0
0
0
0
0
0
0
0
0
0
0
0
0
0
0
0
0
0
0
0
0
0
0
0
0
0
0
0
0
0
0
0
0
0
0
0
0
0
0
0
0
0
0
0
0
0
0
0
0
0
0
0
0
0
0
0
0
0
0
0
0
0
0
0
0
0
0
0
0
0
0
0
0
0
0
0
0
0
0
0
0
0
0
0
0
0
0
0
0
0
0
0
0
0
0
0
0
0
0
0
0
0
0
0
0
0
0
0
0
0
0
0
0
0
0
0
0
0
0
0
0
0
0
0
0
0
0
0
0
0
0
0
0
0
0
0
0
0
0
0
0
0
0
0
0
0
0
0
0
0
0
0
0
0
0
0
0
0
0
0
0
0
0
0
0
0
0
0
0
0
0
0
0
0
0
0
0
0
0
0
0
0
0
0
0
0
0
0
0
0
0
0
0
0
0
0
0
0
0
0
0
0
0
0
0
0
0
0
0
0
0
0
0
0
0
0
0
0
0
0
0
0
0
0
0
0
0
0
0
0
0
0
0
0
0
0
0
0
0
0
0
0
0
0
0
0
0
0
0
0
0
0
0
0
0
0
0
0
0
0
0
0
0
0
0
0
0
0
0
0
0
0
0
0
0
0
0
0
0
0
0
0
0
0
0
0
0
0
0
0
0
0
0
0
0
0
0
0
0
0
0
0
0
0
0
0
0
0
0
0
0
0
0
0
0
0
0
0
0
0
0
0
0
0
0
0
0
0
0
0
0
0
0
0
0
0
0
0
0
0
0
0
0
0
0
0
0
0
0
0
0
0
0
0
0
0
0
0
0
0
0
0
0
0
0
0
0
0
0
0
0
0
0
0
0
0
0
0
0
0
0
0
0
0
0
0
0
0
0
0
0
0
0
0
0
0
0
0
0
0
0
0
0
0
0
0
0
0
0
0
0
0
0
0
0
0
0
0
0
0
0
0
0
0
0
0
0
0
0
0
0
0
0
0
0
0
0
0
0
0
0
0
0
0
0
0
0
0
0
0
0
0
0
0
0
0
0
0
0
0
0
0
0
0
0
0
0
0
0
0
0
0
0
0
0
0
0
0
0
0
0
0
0
0
0
0
0
0
0
0
0
0
0
0
0
0
0
0
0
0
0
0
0
0
0
0
0
0
0
0
0
0
0
0
0
0
0
0
0
0
0
0
0
0
0
0
0
0
0
0
0
0
0
0
0
0
0
0
0
0
0
0
0
0
0
0
0
0
0
0
0
0
0
0
0
0
0
0
0
0
0
0
0
0
0
0
0
0
0
0
0
0
0
0
0
0
0
0
0
0
0
0
0
0
0
0
0
0
0
0
0
0
0
0
0
0
0
0
0
0
0
0
0
0
0
0
0
0
0
0
0
0
0
0
0
0
0
0
0
0
0
0
0
0
0
0
0
0
0
0
0
0
0
0
0
0
0
0
0
0
0
0
0
0
0
0
0
0
0
0
0
0
0
0
0
0
0
0
0
0
0
0
0
0
0
0
0
0
0
0
0
0
0
0
0
0
0
0
0
0
0
0
0
0
0
0
0
0
0
0
0
0
0
0
0
0
0
0
0
0
0
0
0
0
0
0
0
0
0
0
0
0
0
0
0
0
0
0
0
0
0
0
0
0
0
0
0
0
0
0
0
0
0
0
0
0
0
0
0
0
0
0
0
0
0
0
0
0
0
0
0
0
0
0
0
0
0
0
0
0
0
0
0
0
0
0
0
0
0
0
0
0
0
0
0
0
0
0
0
0
0
0
0
0
0
0
0
0
0
0
0
0
0
0
0
0
0
0
0
0
0
0
0
0
0
0
0
0
0
0
0
0
0
0
0
0
0
0
0
0
0
0
0
0
0
0
0
0
0
0
0
0
0
0
0
0
0
0
0
0
0
0
0
0
0
0
0
0
0
0
0
0
0
0
0
0
0
0
0
0
0
0
0
0
0
0
0
0
0
0
0
0
0
0
0
0
0
0
0
0
0
0
0
0
0
0
0
0
0
0
0
0
0
0
0
0
0
0
0
0
0
0
0
0
0
0
0
0
0
0
0
0
0
0
0
0
0
0
0
0
0
0
0
0
0
0
0
0
0
0
0
0
0
0
0
0
0
0
0
0
0
0
0
0
0
0
0
0
0
0
0
0
0
0
0
0
0
0
0
0
0
0
0
0
0
0
0
0
0
0
0
0
0
0
0
0
0
0
0
0
0
0
0
0
0
0
0
0
0
0
0
0
0
0
0
0
0
0
0
0
0
0
0
0
0
0
0
0
0
0
0
0
0
0
0
0
0
0
0
0
0
0
0
0
0
0
0
0
0
0
0
0
0
0
0
0
0
0
0
0
0
0
0
0
0
0
0
0
0
0
0
0
0
0
0
0
0
0
0
0
0
0
0
0
0
0
0
0
0
0
0
0
0
0
0
0
0
0
0
0
0
0
0
0
0
0
0
0
0
0
0
0
0
0
0
0
0
0
0
0
0
0
0
0
0
0
0
0
0
0
0
0
0
0
0
0
0
0
0
0
0
0
0
0
0
0
0
0
0
0
0
0
0
0
0
0
0
0
0
0
0
0
0
0
0
0
0
0
0
0
0
0
0
0
0
0
0
0
0
0
0
0
0
0
0
0
0
0
0
0
0
0
0
0
0
0
0
0
0
0
0
0
0
0
0
0
0
0
0
0
0
0
0
0
0
0
0
0
0
0
0
0
0
0
0
0
0
0
0
0
0
0
0
0
0
0
0
0
0
0
0
0
0
0
0
0
0
0
0
0
0
0
0
0
0
0
0
0
0
0
0
0
0
0
0
0
0
0
0
0
0
0
0
0
0
0
0
0
0
0
0
0
0
0
0
0
0
0
0
0
0
0
0
0
0
0
0
0
0
0
0
0
0
0
0
0
0
0
0
0
0
0
0
0
0
0
0
0
0
0
0
0
0
0
0
0
0
0
0
0
0
0
0
0
0
0
0
0
0
0
0
0
0
0
0
0
0
0
0
0
0
0
0
0
0
0
0
0
0
0
0
0
0
0
0
0
0
0
0
0
0
0
0
0
0
0
0
0
0
0
0
0
0
0
0
0
0
0
0
0
0
0
0
0
0
0
0
0
0
0
0
0
0
0
0
0
0
0
0
0
0
0
0
0
0
0
0
0
0
0
0
0
0
0
0
0
0
0
0
0
0
0
0
0
0
0
0
0
0
0
0
0
0
0
0
0
0
0
0
0
0
0
0
0
0
0
0
0
0
0
0
0
0
0
0
0
0
0
0
0
0
0
0
0
0
0
0
0
0
0
0
0
0
0
0
0
0
0
0
0
0
0
0
0
0
0
0
0
0
0
0
0
0
0
0
0
0
0
0
0
0
0
0
0
0
0
0
0
0
0
0
0
0
0
0
0
0
0
0
0
0
0
0
0
0
0
0
0
0
0
0
0
0
0
0
0
0
0
0
0
0
0
0
0
0
0
0
0
0
0
0
0
0
0
0
0
0
0
0
0
0
0
0
0
0
0
0
0
0
0
0
0
0
0
0
0
0
0
0
0
0
0
0
0
0
0
0
0
0
0
0
0
0
0
0
0
0
0
0
0
0
0
0
0
0
0
0
0
0
0
0
0
0
0
0
0
0
0
0
0
0
0
0
0
0
0
0
0
0
0
0
0
0
0
0
0
0
0
0
0
0
0
0
0
0
0
0
0
0
0
0
0
0
0
0
0
0
0
0
0
0
0
0
0
0
0
0
0
0
0
0
0
0
0
0
0
0
0
0
0
0
0
0
0
0
0
0
0
0
0
0
0
0
0
0
0
0
0
0
0
0
0
0
0
0
0
0
0
0
0
0
0
0
0
0
0
0
0
0
0
0
0
0
0
0
0
0
0
0
0
0
0
0
0
0
0
0
0
0
0
0
0
0
0
0
0
0
0
0
0
0
0
0
0
0
0
0
0
0
0
0
0
0
0
0
0
0
0
0
0
0
0
0
0
0
0
0
0
0
0
0
0
0
0
0
0
0
0
0
0
0
0
0
0
0
0
0
0
0
0
0
0
0
0
0
0
0
0
0
0
0
0
0
0
0
0
0
0
0
0
0
0
0
0
0
0
0
0
0
0
0
0
0
0
0
0
0
0
0
0
0
0
0
0
0
0
0
0
0
0
0
0
0
0
0
0
0
0
0
0
0
0
0
0
0
0
0
0
0
0
0
0
0
0
0
0
0
0
0
0
0
0
0
0
0
0
0
0
0
0
0
0
0
0
0
0
0
0
0
0
0
0
0
0
0
0
0
0
0
0
0
0
0
0
0
0
0
0
0
0
0
0
0
0
0
0
0
0
0
0
0
0
0
0
0
0
0
0
0
0
0
0
0
0
0
0
0
0
0
0
0
0
0
0
0
0
0
0
0
0
0
0
0
0
0
0
0
0
0
0
0
0
0
0
0
0
0
0
0
0
0
0
0
0
0
0
0
0
0
0
0
0
0
0
0
0
0
0
0
0
0
0
0
0
0
0
0
0
0
0
0
0
0
0
0
0
0
0
0
0
0
0
0
0
0
0
0
0
0
0
0
0
0
0
0
0
0
0
0
0
0
0
0
0
0
0
0
0
0
0
0
0
0
0
0
0
0
0
0
0
0
0
0
0
0
0
0
0
0
0
0
0
0
0
0
0
0
0
0
0
0
0
0
0
0
0
0
0
0
0
0
0
0
0
0
0
0
0
0
0
0
0
0
0
0
0
0
0
0
0
0
0
0
0
0
0
0
0
0
0
0
0
0
0
0
0
0
0
0
0
0
0
0
0
0
0
0
0
0
0
0
0
0
0
0
0
0
0
0
0
0
0
0
0
0
0
0
0
0
0
0
0
0
0
0
0
0
0
0
0
0
0
0
0
0
0
0
0
0
0
0
0
0
0
0
0
0
0
0
0
0
0
0
0
0
0
0
0
0
0
0
0
0
0
0
0
0
0
0
0
0
0
0
0
0
0
0
0
0
0
0
0
0
0
0
0
0
0
0
0
0
0
0
0
0
0
0
0
0
0
0
0
0
0
0
0
0
0
0
0
0
0
0
0
0
0
0
0
0
0
0
0
0
0
0
0
0
0
0
0
0
0
0
0
0
0
0
0
0
0
0
0
0
0
0
0
0
0
0
0
0
0
0
0
0
0
0
0
0
0
0
0
0
0
0
0
0
0
0
0
0
0
0
0
0
0
0
0
0
0
0
0
0
0
0
0
0
0
0
0
0
0
0
0
0
0
0
0
0
0
0
0
0
0
0
0
0
0
0
0
0
0
0
0
0
0
0
0
0
0
0
0
0
0
0
0
0
0
0
0
0
0
0
0
0
0
0
0
0
0
0
0
0
0
0
0
0
0
0
0
0
0
0
0
0
0
0
0
0
0
0
0
0
0
0
0
0
0
0
0
0
0
0
0
0
0
0
0
0
0
0
0
0
0
0
0
0
0
0
0
0
0
0
0
0
0
0
0
0
0
0
0
0
0
0
0
0
0
0
0
0
0
0
0
0
0
0
0
0
0
0
0
0
0
0
0
0
0
0
0
0
0
0
0
0
0
0
0
0
0
0
0
0
0
0
0
0
0
0
0
0
0
0
0
0
0
0
0
0
0
0
0
0
0
0
0
0
0
0
0
0
0
0
0
0
0
0
0
0
0
0
0
0
0
0
0
0
0
0
0
0
0
0
0
0
0
0
0
0
0
0
0
0
0
0
0
0
0
0
0
0
0
0
0
0
0
0
0
0
0
0
0
0
0
0
0
0
0
0
0
0
0
0
0
0
0
0
0
0
0
0
0
0
0
0
0
0
0
0
0
0
0
0
0
0
0
0
0
0
0
0
0
0
0
0
0
0
0
0
0
0
0
0
0
0
0
0
0
0
0
0
0
0
0
0
0
0
0
0
0
0
0
0
0
0
0
0
0
0
0
0
0
0
0
0
0
0
0
0
0
0
0
0
0
0
0
0
0
0
0
0
0
0
0
0
0
0
0
0
0
0
0
0
0
0
0
0
0
0
0
0
0
0
0
0
0
0
0
0
0
0
0
0
0
0
0
0
0
0
0
0
0
0
0
0
0
0
0
0
0
0
0
0
0
0
0
0
0
0
0
0
0
0
0
0
0
0
0
0
0
0
0
0
0
0
0
0
0
0
0
0
0
0
0
0
0
0
0
0
0
0
0
0
0
0
0
0
0
0
0
0
0
0
0
0
0
0
0
0
0
0
0
0
0
0
0
0
0
0
0
0
0
0
0
0
0
0
0
0
0
0
0
0
0
0
0
0
0
0
0
0
0
0
0
0
0
0
0
0
0
0
0
0
0
0
0
0
0
0
0
0
0
0
0
0
0
0
0
0
0
0
0
0
0
0
0
0
0
0
0
0
0
0
0
0
0
0
0
0
0
0
0
0
0
0
0
0
0
0
0
0
0
0
0
0
0
0
0
0
0
0
0
0
0
0
0
0
0
0
0
0
0
0
0
0
0
0
0
0
0
0
0
0
0
0
0
0
0
0
0
0
0
0
0
0
0
0
0
0
0
0
0
0
0
0
0
0
0
0
0
0
0
0
0
0
0
0
0
0
0
0
0
0
0
0
0
0
0
0
0
0
0
0
0
0
0
0
0
0
0
0
0
0
0
0
0
0
0
0
0
0
0
0
0
0
0
0
0
0
0
0
0
0
0
0
0
0
0
0
0
0
0
0
0
0
0
0
0
0
0
0
0
0
0
0
0
0
0
0
0
0
0
0
0
0
0
0
0
0
0
0
0
0
0
0
0
0
0
0
0
0
0
0
0
0
0
0
0
0
0
0
0
0
0
0
0
0
0
0
0
0
0
0
0
0
0
0
0
0
0
0
0
0
0
0
0
0
0
0
0
0
0
0
0
0
0
0
0
0
0
0
0
0
0
0
0
0
0
0
0
0
0
0
0
0
0
0
0
0
0
0
0
0
0
0
0
0
0
0
0
0
0
0
0
0
0
0
0
0
0
0
0
0
0
0
0
0
0
0
0
0
0
0
0
0
0
0
0
0
0
0
0
0
0
0
0
0
0
0
0
0
0
0
0
0
0
0
0
0
0
0
0
0
0
0
0
0
0
0
0
0
0
0
0
0
0
0
0
0
0
0
0
0
0
0
0
0
0
0
0
0
0
0
0
0
0
0
0
0
0
0
0
0
0
0
0
0
0
0
0
0
0
0
0
0
0
0
0
0
0
0
0
0
0
0
0
0
0
0
0
0
0
0
0
0
0
0
0
0
0
0
0
0
0
0
0
0
0
0
0
0
0
0
0
0
0
0
0
0
0
0
0
0
0
0
0
0
0
0
0
0
0
0
0
0
0
0
0
0
0
0
0
0
0
0
0
0
0
0
0
0
0
0
0
0
0
0
0
0
0
0
0
0
0
0
0
0
0
0
0
0
0
0
0
0
0
0
0
0
0
0
0
0
0
0
0
0
0
0
0
0
0
0
0
0
0
0
0
0
0
0
0
0
0
0
0
0
0
0
0
0
0
0
0
0
0
0
0
0
0
0
0
0
0
0
0
0
0
0
0
0
0
0
0
0
0
0
0
0
0
0
0
0
0
0
0
0
0
0
0
0
0
0
0
0
0
0
0
0
0
0
0
0
0
0
0
0
0
0
0
0
0
0
0
0
0
0
0
0
0
0
0
0
0
0
0
0
0
0
0
0
0
0
0
0
0
0
0
0
0
0
0
0
0
0
0
0
0
0
0
0
0
0
0
0
0
0
0
0
0
0
0
0
0
0
0
0
0
0
0
0
0
0
0
0
0
0
0
0
0
0
0
0
0
0
0
0
0
0
0
0
0
0
0
0
0
0
0
0
0
0
0
0
0
0
0
0
0
0
0
0
0
0
0
0
0
0
0
0
0
0
0
0
0
0
0
0
0
0
0
0
0
0
0
0
0
0
0
0
0
0
0
0
0
0
0
0
0
0
0
0
0
0
0
0
0
0
0
0
0
0
0
0
0
0
0
0
0
0
0
0
0
0
0
0
0
0
0
0
0
0
0
0
0
0
0
0
0
0
0
0
0
0
0
0
0
0
0
0
0
0
0
0
0
0
0
0
0
0
0
0
0
0
0
0
0
0
0
0
0
0
0
0
0
0
0
0
0
0
0
0
0
0
0
0
0
0
0
0
0
0
0
0
0
0
0
0
0
0
0
0
0
0
0
0
0
0
0
0
0
0
0
0
0
0
0
0
0
0
0
0
0
0
0
0
0
0
0
0
0
0
0
0
0
0
0
0
0
0
0
0
0
0
0
0
0
0
0
0
0
0
0
0
0
0
0
0
0
0
0
0
0
0
0
0
0
0
0
0
0
0
0
0
0
0
0
0
0
0
0
0
0
0
0
0
0
0
0
0
0
0
0
0
0
0
0
0
0
0
0
0
0
0
0
0
0
0
0
0
0
0
0
0
0
0
0
0
0
0
0
0
0
0
0
0
0
0
0
0
0
0
0
0
0
0
0
0
0
0
0
0
0
0
0
0
0
0
0
0
0
0
0
0
0
0
0
0
0
0
0
0
0
0
0
0
0
0
0
0
0
0
0
0
0
0
0
0
0
0
0
0
0
0
0
0
0
0
0
0
0
0
0
0
0
0
0
0
0
0
0
0
0
0
0
0
0
0
0
0
0
0
0
0
0
0
0
0
0
0
0
0
0
0
0
0
0
0
0
0
0
0
0
0
0
0
0
0
0
0
0
0
0
0
0
0
0
0
0
0
0
0
0
0
0
0
0
0
0
0
0
0
0
0
0
0
0
0
0
0
0
0
0
0
0
0
0
0
0
0
0
0
0
0
0
0
0
0
0
0
0
0
0
0
0
0
0
0
0
0
0
0
0
0
0
0
0
0
0
0
0
0
0
0
0
0
0
0
0
0
0
0
0
0
0
0
0
0
0
0
0
0
0
0
0
0
0
0
0
0
0
0
0
0
0
0
0
0
0
0
0
0
0
0
0
0
0
0
0
0
0
0
0
0
0
0
0
0
0
0
0
0
0
0
0
0
0
0
0
0
0
0
0
0
0
0
0
0
0
0
0
0
0
0
0
0
0
0
0
0
0
0
0
0
0
0
0
0
0
0
0
0
0
0
0
0
0
0
0
0
0
0
0
0
0
0
0
0
0
0
0
0
0
0
0
0
0
0
0
0
0
0
0
0
0
0
0
0
0
0
0
0
0
0
0
0
0
0
0
0
0
0
0
0
0
0
0
0
0
0
0
0
0
0
0
0
0
0
0
0
0
0
0
0
0
0
0
0
0
0
0
0
0
0
0
0
0
0
0
0
0
0
0
0
0
0
0
0
0
0
0
0
0
0
0
0
0
0
0
0
0
0
0
0
0
0
0
0
0
0
0
0
0
0
0
0
0
0
0
0
0
0
0
0
0
0
0
0
0
0
0
0
0
0
0
0
0
0
0
0
0
0
0
0
0
0
0
0
0
0
0
0
0
0
0
0
0
0
0
0
0
0
0
0
0
0
0
0
0
0
0
0
0
0
0
0
0
0
0
0
0
0
0
0
0
0
0
0
0
0
0
0
0
0
0
0
0
0
0
0
0
0
0
0
0
0
0
0
0
0
0
0
0
0
0
0
0
0
0
0
0
0
0
0
0
0
0
0
0
0
0
0
0
0
0
0
0
0
0
0
0
0
0
0
0
0
0
0
0
0
0
0
0
0
0
0
0
0
0
0
0
0
0
0
0
0
0
0
0
0
0
0
0
0
0
0
0
0
0
0
0
0
0
0
0
0
0
0
0
0
0
0
0
0
0
0
0
0
0
0
0
0
0
0
0
0
0
0
0
0
0
0
0
0
0
0
0
0
0
0
0
0
0
0
0
0
0
0
0
0
0
0
0
0
0
0
0
0
0
0
0
0
0
0
0
0
0
0
0
0
0
0
0
0
0
0
0
0
0
0
0
0
0
0
0
0
0
0
0
0
0
0
0
0
0
0
0
0
0
0
0
0
0
0
0
0
0
0
0
0
0
0
0
0
0
0
0
0
0
0
0
0
0
0
0
0
0
0
0
0
0
0
0
0
0
0
0
0
0
0
0
0
0
0
0
0
0
0
0
0
0
0
0
0
0
0
0
0
0
0
0
0
0
0
0
0
0
0
0
0
0
0
0
0
0
0
0
0
0
0
0
0
0
0
0
0
0
0
0
0
0
0
0
0
0
0
0
0
0
0
0
0
0
0
0
0
0
0
0
0
0
0
0
0
0
0
0
0
0
0
0
0
0
0
0
0
0
0
0
0
0
0
0
0
0
0
0
0
0
0
0
0
0
0
0
0
0
0
0
0
0
0
0
0
0
0
0
0
0
0
0
0
0
0
0
0
0
0
0
0
0
0
0
0
0
0
0
0
0
0
0
0
0
0
0
0
0
0
0
0
0
0
0
0
0
0
0
0
0
0
0
0
0
0
0
0
0
0
0
0
0
0
0
0
0
0
0
0
0
0
0
0
0
0
0
0
0
0
0
0
0
0
0
0
0
0
0
0
