4095
0
0
0
0
0
0
0
0
4095
0
0
0
0
0
0
4095
0
0
0
0
0
0
0
0
4095
0
0
0
0
0
0
0
0
0
0
0
0
0
0
4095
4095
0
0
0
0
0
0
0
0
0
0
0
0
0
0
4095
4095
0
0
0
0
0
0
0
0
0
0
0
0
0
0
4095
4095
0
0
0
0
0
0
0
0
0
0
0
0
0
0
4095
4095
0
0
0
0
0
0
0
0
0
0
0
0
0
0
4095
4095
0
0
0
0
0
0
0
0
0
0
0
0
0
0
4095
4095
0
0
0
0
0
0
0
0
0
0
0
0
0
0
4095
4095
0
0
0
0
0
0
0
0
0
0
0
0
0
0
4095
4095
0
0
0
0
0
0
0
0
0
0
0
0
0
0
4095
4095
0
0
0
0
0
0
0
0
0
0
0
0
0
0
4093
4091
0
0
0
0
0
0
4086
4085
0
0
0
0
0
0
3
4
0
0
0
0
0
0
4085
4083
0
0
0
0
0
0
4092
4094
0
0
0
0
0
0
1
4094
0
0
0
0
0
0
4082
4084
0
0
0
0
0
0
2
1
0
0
0
0
0
0
4088
4086
0
0
0
0
0
0
4089
4090
0
0
0
0
0
0
0
0
0
0
0
0
0
0
4085
4084
0
0
0
0
0
0
4095
1
0
0
0
0
0
0
4091
4090
0
0
0
0
0
0
4088
4090
0
0
0
0
0
0
0
4094
0
0
0
0
0
0
4088
4089
0
0
0
0
0
0
4094
4093
0
0
0
0
0
0
4091
4091
0
0
0
0
0
0
4088
4087
0
0
0
0
0
0
0
4095
0
0
0
0
0
0
4087
4085
0
0
0
0
0
0
4093
4093
0
0
0
0
0
0
4095
4094
0
0
0
0
0
0
4084
4084
0
0
0
0
0
0
1
4
0
0
0
0
0
0
4092
4089
0
0
0
0
0
0
4089
4089
0
0
0
0
0
0
1
1
0
0
0
0
0
0
4084
4082
0
0
0
0
0
0
4093
0
0
0
0
0
0
0
0
4093
0
0
0
0
0
0
4081
4082
0
0
0
0
0
0
6
5
0
0
0
0
0
0
4083
4081
0
0
0
0
0
0
4092
4094
0
0
0
0
0
0
3
4095
0
0
0
0
0
0
4076
4078
0
0
0
0
0
0
6
8
0
0
0
0
0
0
4085
4082
0
0
0
0
0
0
4083
4087
0
0
0
0
0
0
14
11
0
0
0
0
0
0
4070
4069
0
0
0
0
0
0
8
13
0
0
0
0
0
0
4091
4083
0
0
0
0
0
0
4075
4079
0
0
0
0
0
0
18
18
0
0
0
0
0
0
4069
4066
0
0
0
0
0
0
0
6
0
0
0
0
0
0
8
3
0
0
0
0
0
0
4067
4069
0
0
0
0
0
0
19
23
0
0
0
0
0
0
4074
4068
0
0
0
0
0
0
4084
4092
0
0
0
0
0
0
20
14
0
0
0
0
0
0
4058
4057
0
0
0
0
0
0
19
26
0
0
0
0
0
0
4087
4078
0
0
0
0
0
0
4067
4077
0
0
0
0
0
0
34
30
0
0
0
0
0
0
4054
4049
0
0
0
0
0
0
8
19
0
0
0
0
0
0
9
4095
0
0
0
0
0
0
4051
4056
0
0
0
0
0
0
39
43
0
0
0
0
0
0
4061
4050
0
0
0
0
0
0
4089
8
0
0
0
0
0
0
30
16
0
0
0
0
0
0
4036
4040
0
0
0
0
0
0
41
47
0
0
0
0
0
0
4080
4064
0
0
0
0
0
0
4064
4078
0
0
0
0
0
0
51
44
0
0
0
0
0
0
4032
4028
0
0
0
0
0
0
26
40
0
0
0
0
0
0
6
4083
0
0
0
0
0
0
4042
4052
0
0
0
0
0
0
64
65
0
0
0
0
0
0
4040
4025
0
0
0
0
0
0
3
24
0
0
0
0
0
0
36
18
0
0
0
0
0
0
4019
4023
0
0
0
0
0
0
63
72
0
0
0
0
0
0
4059
4038
0
0
0
0
0
0
4067
4090
0
0
0
0
0
0
64
52
0
0
0
0
0
0
4005
4002
0
0
0
0
0
0
52
70
0
0
0
0
0
0
4090
4066
0
0
0
0
0
0
4033
4051
0
0
0
0
0
0
85
81
0
0
0
0
0
0
4011
3997
0
0
0
0
0
0
22
49
0
0
0
0
0
0
36
12
0
0
0
0
0
0
3999
4010
0
0
0
0
0
0
90
98
0
0
0
0
0
0
4033
4009
0
0
0
0
0
0
4077
10
0
0
0
0
0
0
79
58
0
0
0
0
0
0
3981
3983
0
0
0
0
0
0
83
102
0
0
0
0
0
0
4071
4041
0
0
0
0
0
0
4031
4058
0
0
0
0
0
0
104
95
0
0
0
0
0
0
3983
3967
0
0
0
0
0
0
48
81
0
0
0
0
0
0
28
4090
0
0
0
0
0
0
3984
4003
0
0
0
0
0
0
126
131
0
0
0
0
0
0
4001
3973
0
0
0
0
0
0
4094
37
0
0
0
0
0
0
83
52
0
0
0
0
0
0
3953
3959
0
0
0
0
0
0
118
139
0
0
0
0
0
0
4047
4008
0
0
0
0
0
0
4035
4073
0
0
0
0
0
0
131
112
0
0
0
0
0
0
3942
3932
0
0
0
0
0
0
82
118
0
0
0
0
0
0
13
4063
0
0
0
0
0
0
3972
4004
0
0
0
0
0
0
161
159
0
0
0
0
0
0
3959
3929
0
0
0
0
0
0
27
73
0
0
0
0
0
0
82
39
0
0
0
0
0
0
3928
3945
0
0
0
0
0
0
159
175
0
0
0
0
0
0
4006
3963
0
0
0
0
0
0
4052
6
0
0
0
0
0
0
141
109
0
0
0
0
0
0
3906
3903
0
0
0
0
0
0
126
164
0
0
0
0
0
0
4081
4027
0
0
0
0
0
0
3970
4014
0
0
0
0
0
0
188
174
0
0
0
0
0
0
3916
3887
0
0
0
0
0
0
64
119
0
0
0
0
0
0
67
13
0
0
0
0
0
0
3906
3935
0
0
0
0
0
0
206
217
0
0
0
0
0
0
3959
3912
0
0
0
0
0
0
4077
41
0
0
0
0
0
0
149
105
0
0
0
0
0
0
3868
3872
0
0
0
0
0
0
176
212
0
0
0
0
0
0
4041
3978
0
0
0
0
0
0
3982
4041
0
0
0
0
0
0
214
188
0
0
0
0
0
0
3865
3843
0
0
0
0
0
0
115
175
0
0
0
0
0
0
41
4069
0
0
0
0
0
0
3898
3942
0
0
0
0
0
0
244
246
0
0
0
0
0
0
3905
3858
0
0
0
0
0
0
23
93
0
0
0
0
0
0
140
81
0
0
0
0
0
0
3838
3857
0
0
0
0
0
0
231
263
0
0
0
0
0
0
3988
3919
0
0
0
0
0
0
4005
4076
0
0
0
0
0
0
230
190
0
0
0
0
0
0
3816
3803
0
0
0
0
0
0
171
232
0
0
0
0
0
0
4
4019
0
0
0
0
0
0
3897
3958
0
0
0
0
0
0
285
274
0
0
0
0
0
0
3847
3801
0
0
0
0
0
0
71
150
0
0
0
0
0
0
129
52
0
0
0
0
0
0
3810
3844
0
0
0
0
0
0
290
316
0
0
0
0
0
0
3926
3849
0
0
0
0
0
0
4043
35
0
0
0
0
0
0
238
179
0
0
0
0
0
0
3770
3769
0
0
0
0
0
0
239
298
0
0
0
0
0
0
4045
3953
0
0
0
0
0
0
3913
3992
0
0
0
0
0
0
313
286
0
0
0
0
0
0
3786
3745
0
0
0
0
0
0
135
223
0
0
0
0
0
0
93
4093
0
0
0
0
0
0
3798
3854
0
0
0
0
0
0
343
355
0
0
0
0
0
0
3856
3783
0
0
0
0
0
0
2
100
0
0
0
0
0
0
225
146
0
0
0
0
0
0
3734
3749
0
0
0
0
0
0
307
361
0
0
0
0
0
0
3976
3878
0
0
0
0
0
0
3944
4039
0
0
0
0
0
0
332
285
0
0
0
0
0
0
3721
3695
0
0
0
0
0
0
210
300
0
0
0
0
0
0
42
4028
0
0
0
0
0
0
3800
3878
0
0
0
0
0
0
390
383
0
0
0
0
0
0
3781
3710
0
0
0
0
0
0
66
176
0
0
0
0
0
0
202
103
0
0
0
0
0
0
3704
3740
0
0
0
0
0
0
379
422
0
0
0
0
0
0
3902
3798
0
0
0
0
0
0
3994
11
0
0
0
0
0
0
337
267
0
0
0
0
0
0
3668
3657
0
0
0
0
0
0
288
374
0
0
0
0
0
0
4070
3949
0
0
0
0
0
0
3822
3919
0
0
0
0
0
0
427
402
0
0
0
0
0
0
3703
3643
0
0
0
0
0
0
146
264
0
0
0
0
0
0
156
38
0
0
0
0
0
0
3690
3749
0
0
0
0
0
0
443
472
0
0
0
0
0
0
3815
3709
0
0
0
0
0
0
4055
90
0
0
0
0
0
0
331
236
0
0
0
0
0
0
3618
3628
0
0
0
0
0
0
377
457
0
0
0
0
0
0
3986
3854
0
0
0
0
0
0
3862
3983
0
0
0
0
0
0
452
402
0
0
0
0
0
0
3627
3581
0
0
0
0
0
0
238
360
0
0
0
0
0
0
90
4048
0
0
0
0
0
0
3692
3780
0
0
0
0
0
0
502
507
0
0
0
0
0
0
3724
3625
0
0
0
0
0
0
40
186
0
0
0
0
0
0
296
177
0
0
0
0
0
0
3582
3619
0
0
0
0
0
0
463
528
0
0
0
0
0
0
3892
3755
0
0
0
0
0
0
3919
4060
0
0
0
0
0
0
455
378
0
0
0
0
0
0
3559
3532
0
0
0
0
0
0
335
454
0
0
0
0
0
0
13
3954
0
0
0
0
0
0
3717
3832
0
0
0
0
0
0
546
525
0
0
0
0
0
0
3628
3541
0
0
0
0
0
0
139
291
0
0
0
0
0
0
242
98
0
0
0
0
0
0
3570
3636
0
0
0
0
0
0
542
587
0
0
0
0
0
0
3786
3650
0
0
0
0
0
0
4000
64
0
0
0
0
0
0
443
336
0
0
0
0
0
0
3502
3502
0
0
0
0
0
0
436
542
0
0
0
0
0
0
4009
3845
0
0
0
0
0
0
3765
3906
0
0
0
0
0
0
575
527
0
0
0
0
0
0
3540
3470
0
0
0
0
0
0
246
402
0
0
0
0
0
0
170
3
0
0
0
0
0
0
3568
3663
0
0
0
0
0
0
612
634
0
0
0
0
0
0
3677
3547
0
0
0
0
0
0
4095
176
0
0
0
0
0
0
406
267
0
0
0
0
0
0
3460
3490
0
0
0
0
0
0
537
631
0
0
0
0
0
0
3895
3724
0
0
0
0
0
0
3835
4002
0
0
0
0
0
0
578
498
0
0
0
0
0
0
3460
3414
0
0
0
0
0
0
362
514
0
0
0
0
0
0
74
3983
0
0
0
0
0
0
3597
3726
0
0
0
0
0
0
666
660
0
0
0
0
0
0
3568
3448
0
0
0
0
0
0
113
300
0
0
0
0
0
0
343
177
0
0
0
0
0
0
3441
3503
0
0
0
0
0
0
630
701
0
0
0
0
0
0
3781
3608
0
0
0
0
0
0
3922
16
0
0
0
0
0
0
565
450
0
0
0
0
0
0
3392
3373
0
0
0
0
0
0
481
626
0
0
0
0
0
0
4058
3857
0
0
0
0
0
0
3649
3808
0
0
0
0
0
0
699
658
0
0
0
0
0
0
3463
3364
0
0
0
0
0
0
239
429
0
0
0
0
0
0
256
66
0
0
0
0
0
0
3445
3541
0
0
0
0
0
0
709
754
0
0
0
0
0
0
3653
3487
0
0
0
0
0
0
4032
143
0
0
0
0
0
0
527
378
0
0
0
0
0
0
3343
3358
0
0
0
0
0
0
595
721
0
0
0
0
0
0
3930
3725
0
0
0
0
0
0
3726
3913
0
0
0
0
0
0
709
632
0
0
0
0
0
0
3369
3295
0
0
0
0
0
0
368
558
0
0
0
0
0
0
156
4037
0
0
0
0
0
0
3471
3606
0
0
0
0
0
0
775
786
0
0
0
0
0
0
3528
3376
0
0
0
0
0
0
63
285
0
0
0
0
0
0
459
276
0
0
0
0
0
0
3316
3371
0
0
0
0
0
0
703
804
0
0
0
0
0
0
3794
3585
0
0
0
0
0
0
3830
4045
0
0
0
0
0
0
692
576
0
0
0
0
0
0
3290
3252
0
0
0
0
0
0
502
681
0
0
0
0
0
0
27
3892
0
0
0
0
0
0
3528
3700
0
0
0
0
0
0
819
790
0
0
0
0
0
0
3406
3275
0
0
0
0
0
0
208
435
0
0
0
0
0
0
363
148
0
0
0
0
0
0
3315
3411
0
0
0
0
0
0
800
868
0
0
0
0
0
0
3648
3449
0
0
0
0
0
0
3949
90
0
0
0
0
0
0
651
495
0
0
0
0
0
0
3231
3229
0
0
0
0
0
0
637
795
0
0
0
0
0
0
3976
3737
0
0
0
0
0
0
3613
3818
0
0
0
0
0
0
830
762
0
0
0
0
0
0
3295
3192
0
0
0
0
0
0
356
581
0
0
0
0
0
0
245
6
0
0
0
0
0
0
3348
3485
0
0
0
0
0
0
872
905
0
0
0
0
0
0
3508
3321
0
0
0
0
0
0
4092
247
0
0
0
0
0
0
579
384
0
0
0
0
0
0
3202
3241
0
0
0
0
0
0
760
892
0
0
0
0
0
0
3828
3585
0
0
0
0
0
0
3723
3956
0
0
0
0
0
0
821
708
0
0
0
0
0
0
3205
3140
0
0
0
0
0
0
507
719
0
0
0
0
0
0
105
3942
0
0
0
0
0
0
3406
3583
0
0
0
0
0
0
923
914
0
0
0
0
0
0
3372
3206
0
0
0
0
0
0
153
410
0
0
0
0
0
0
479
252
0
0
0
0
0
0
3199
3284
0
0
0
0
0
0
867
964
0
0
0
0
0
0
3665
3429
0
0
0
0
0
0
3857
20
0
0
0
0
0
0
773
617
0
0
0
0
0
0
3143
3116
0
0
0
0
0
0
651
845
0
0
0
0
0
0
4050
3779
0
0
0
0
0
0
3494
3707
0
0
0
0
0
0
943
889
0
0
0
0
0
0
3249
3116
0
0
0
0
0
0
317
571
0
0
0
0
0
0
350
93
0
0
0
0
0
0
3226
3356
0
0
0
0
0
0
952
1011
0
0
0
0
0
0
3510
3289
0
0
0
0
0
0
4014
194
0
0
0
0
0
0
697
499
0
0
0
0
0
0
3102
3124
0
0
0
0
0
0
788
954
0
0
0
0
0
0
3879
3606
0
0
0
0
0
0
3613
3860
0
0
0
0
0
0
931
831
0
0
0
0
0
0
3148
3052
0
0
0
0
0
0
482
728
0
0
0
0
0
0
201
4018
0
0
0
0
0
0
3285
3460
0
0
0
0
0
0
1010
1025
0
0
0
0
0
0
3360
3163
0
0
0
0
0
0
82
369
0
0
0
0
0
0
593
357
0
0
0
0
0
0
3094
3163
0
0
0
0
0
0
910
1040
0
0
0
0
0
0
3709
3440
0
0
0
0
0
0
3752
4027
0
0
0
0
0
0
893
742
0
0
0
0
0
0
3070
3019
0
0
0
0
0
0
644
870
0
0
0
0
0
0
37
3838
0
0
0
0
0
0
3375
3593
0
0
0
0
0
0
1037
1001
0
0
0
0
0
0
3227
3062
0
0
0
0
0
0
258
543
0
0
0
0
0
0
462
194
0
0
0
0
0
0
3116
3235
0
0
0
0
0
0
1005
1092
0
0
0
0
0
0
3536
3284
0
0
0
0
0
0
3915
114
0
0
0
0
0
0
812
619
0
0
0
0
0
0
3019
3018
0
0
0
0
0
0
792
988
0
0
0
0
0
0
3951
3654
0
0
0
0
0
0
3495
3750
0
0
0
0
0
0
1033
949
0
0
0
0
0
0
3112
2985
0
0
0
0
0
0
436
713
0
0
0
0
0
0
306
14
0
0
0
0
0
0
3175
3341
0
0
0
0
0
0
1070
1112
0
0
0
0
0
0
3379
3149
0
0
0
0
0
0
4092
302
0
0
0
0
0
0
710
474
0
0
0
0
0
0
3005
3053
0
0
0
0
0
0
922
1084
0
0
0
0
0
0
3772
3476
0
0
0
0
0
0
3641
3925
0
0
0
0
0
0
995
859
0
0
0
0
0
0
3023
2945
0
0
0
0
0
0
607
865
0
0
0
0
0
0
134
3919
0
0
0
0
0
0
3264
3478
0
0
0
0
0
0
1107
1096
0
0
0
0
0
0
3230
3033
0
0
0
0
0
0
180
488
0
0
0
0
0
0
572
301
0
0
0
0
0
0
3026
3125
0
0
0
0
0
0
1027
1145
0
0
0
0
0
0
3592
3313
0
0
0
0
0
0
3813
22
0
0
0
0
0
0
918
735
0
0
0
0
0
0
2970
2940
0
0
0
0
0
0
766
993
0
0
0
0
0
0
4044
3727
0
0
0
0
0
0
3387
3638
0
0
0
0
0
0
1110
1048
0
0
0
0
0
0
3105
2948
0
0
0
0
0
0
370
670
0
0
0
0
0
0
411
115
0
0
0
0
0
0
3082
3231
0
0
0
0
0
0
1106
1175
0
0
0
0
0
0
3417
3159
0
0
0
0
0
0
3996
220
0
0
0
0
0
0
809
581
0
0
0
0
0
0
2950
2973
0
0
0
0
0
0
908
1101
0
0
0
0
0
0
3852
3537
0
0
0
0
0
0
3538
3823
0
0
0
0
0
0
1075
958
0
0
0
0
0
0
3010
2898
0
0
0
0
0
0
548
833
0
0
0
0
0
0
238
4013
0
0
0
0
0
0
3167
3367
0
0
0
0
0
0
1149
1167
0
0
0
0
0
0
3265
3039
0
0
0
0
0
0
87
413
0
0
0
0
0
0
677
411
0
0
0
0
0
0
2959
3037
0
0
0
0
0
0
1028
1175
0
0
0
0
0
0
3660
3355
0
0
0
0
0
0
3708
4019
0
0
0
0
0
0
1004
836
0
0
0
0
0
0
2945
2887
0
0
0
0
0
0
721
975
0
0
0
0
0
0
42
3809
0
0
0
0
0
0
3288
3530
0
0
0
0
0
0
1159
1118
0
0
0
0
0
0
3130
2947
0
0
0
0
0
0
287
602
0
0
0
0
0
0
518
220
0
0
0
0
0
0
3004
3137
0
0
0
0
0
0
1113
1210
0
0
0
0
0
0
3481
3202
0
0
0
0
0
0
3893
123
0
0
0
0
0
0
902
689
0
0
0
0
0
0
2913
2911
0
0
0
0
0
0
869
1085
0
0
0
0
0
0
3945
3619
0
0
0
0
0
0
3438
3715
0
0
0
0
0
0
1129
1038
0
0
0
0
0
0
3022
2882
0
0
0
0
0
0
474
777
0
0
0
0
0
0
338
18
0
0
0
0
0
0
3091
3271
0
0
0
0
0
0
1164
1208
0
0
0
0
0
0
3317
3068
0
0
0
0
0
0
4091
327
0
0
0
0
0
0
769
513
0
0
0
0
0
0
2919
2970
0
0
0
0
0
0
991
1167
0
0
0
0
0
0
3752
3434
0
0
0
0
0
0
3607
3911
0
0
0
0
0
0
1069
923
0
0
0
0
0
0
2948
2862
0
0
0
0
0
0
649
925
0
0
0
0
0
0
144
3906
0
0
0
0
0
0
3208
3436
0
0
0
0
0
0
1179
1168
0
0
0
0
0
0
3177
2969
0
0
0
0
0
0
193
519
0
0
0
0
0
0
606
320
0
0
0
0
0
0
2966
3071
0
0
0
0
0
0
1087
1211
0
0
0
0
0
0
3564
3269
0
0
0
0
0
0
3796
23
0
0
0
0
0
0
970
777
0
0
0
0
0
0
2910
2877
0
0
0
0
0
0
804
1045
0
0
0
0
0
0
4042
3707
0
0
0
0
0
0
3353
3615
0
0
0
0
0
0
1159
1092
0
0
0
0
0
0
3067
2903
0
0
0
0
0
0
381
693
0
0
0
0
0
0
432
123
0
0
0
0
0
0
3044
3197
0
0
0
0
0
0
1144
1218
0
0
0
0
0
0
3397
3129
0
0
0
0
0
0
3990
225
0
0
0
0
0
0
840
605
0
0
0
0
0
0
2913
2934
0
0
0
0
0
0
931
1131
0
0
0
0
0
0
3847
3525
0
0
0
0
0
0
3521
3812
0
0
0
0
0
0
1099
980
0
0
0
0
0
0
2988
2876
0
0
0
0
0
0
558
847
0
0
0
0
0
0
241
4013
0
0
0
0
0
0
3153
3355
0
0
0
0
0
0
1167
1183
0
0
0
0
0
0
3252
3024
0
0
0
0
0
0
89
419
0
0
0
0
0
0
689
420
0
0
0
0
0
0
2944
3022
0
0
0
0
0
0
1035
1185
0
0
0
0
0
0
3661
3355
0
0
0
0
0
0
3702
4014
0
0
0
0
0
0
1011
842
0
0
0
0
0
0
2943
2886
0
0
0
0
0
0
718
972
0
0
0
0
0
0
46
3813
0
0
0
0
0
0
3289
3530
0
0
0
0
0
0
1155
1117
0
0
0
0
0
0
3135
2951
0
0
0
0
0
0
280
597
0
0
0
0
0
0
517
221
0
0
0
0
0
0
3016
3146
0
0
0
0
0
0
1098
1195
0
0
0
0
0
0
3491
3214
0
0
0
0
0
0
3894
120
0
0
0
0
0
0
892
679
0
0
0
0
0
0
2934
2931
0
0
0
0
0
0
851
1065
0
0
0
0
0
0
3948
3630
0
0
0
0
0
0
3450
3720
0
0
0
0
0
0
1102
1014
0
0
0
0
0
0
3056
2918
0
0
0
0
0
0
454
749
0
0
0
0
0
0
332
22
0
0
0
0
0
0
3121
3296
0
0
0
0
0
0
1126
1170
0
0
0
0
0
0
3346
3105
0
0
0
0
0
0
4086
310
0
0
0
0
0
0
741
497
0
0
0
0
0
0
2961
3010
0
0
0
0
0
0
954
1123
0
0
0
0
0
0
3764
3460
0
0
0
0
0
0
3627
3918
0
0
0
0
0
0
1022
884
0
0
0
0
0
0
3000
2919
0
0
0
0
0
0
618
879
0
0
0
0
0
0
140
3920
0
0
0
0
0
0
3252
3466
0
0
0
0
0
0
1119
1109
0
0
0
0
0
0
3227
3028
0
0
0
0
0
0
178
486
0
0
0
0
0
0
579
308
0
0
0
0
0
0
3024
3125
0
0
0
0
0
0
1026
1144
0
0
0
0
0
0
3595
3318
0
0
0
0
0
0
3811
19
0
0
0
0
0
0
909
728
0
0
0
0
0
0
2986
2954
0
0
0
0
0
0
750
976
0
0
0
0
0
0
4049
3737
0
0
0
0
0
0
3400
3645
0
0
0
0
0
0
1079
1020
0
0
0
0
0
0
3138
2983
0
0
0
0
0
0
354
645
0
0
0
0
0
0
404
116
0
0
0
0
0
0
3119
3262
0
0
0
0
0
0
1058
1127
0
0
0
0
0
0
3452
3205
0
0
0
0
0
0
3994
202
0
0
0
0
0
0
775
558
0
0
0
0
0
0
3006
3028
0
0
0
0
0
0
854
1036
0
0
0
0
0
0
3868
3573
0
0
0
0
0
0
3566
3833
0
0
0
0
0
0
1005
898
0
0
0
0
0
0
3088
2983
0
0
0
0
0
0
505
769
0
0
0
0
0
0
223
4025
0
0
0
0
0
0
3236
3417
0
0
0
0
0
0
1057
1078
0
0
0
0
0
0
3337
3128
0
0
0
0
0
0
75
373
0
0
0
0
0
0
624
380
0
0
0
0
0
0
3060
3129
0
0
0
0
0
0
928
1064
0
0
0
0
0
0
3706
3429
0
0
0
0
0
0
3737
4019
0
0
0
0
0
0
907
755
0
0
0
0
0
0
3065
3013
0
0
0
0
0
0
637
866
0
0
0
0
0
0
44
3847
0
0
0
0
0
0
3375
3591
0
0
0
0
0
0
1029
995
0
0
0
0
0
0
3242
3079
0
0
0
0
0
0
251
529
0
0
0
0
0
0
456
194
0
0
0
0
0
0
3144
3259
0
0
0
0
0
0
966
1052
0
0
0
0
0
0
3565
3322
0
0
0
0
0
0
3914
99
0
0
0
0
0
0
780
597
0
0
0
0
0
0
3079
3074
0
0
0
0
0
0
741
928
0
0
0
0
0
0
3970
3692
0
0
0
0
0
0
3528
3763
0
0
0
0
0
0
961
885
0
0
0
0
0
0
3190
3070
0
0
0
0
0
0
393
648
0
0
0
0
0
0
289
19
0
0
0
0
0
0
3248
3398
0
0
0
0
0
0
973
1010
0
0
0
0
0
0
3449
3242
0
0
0
0
0
0
4085
264
0
0
0
0
0
0
639
428
0
0
0
0
0
0
3123
3163
0
0
0
0
0
0
814
961
0
0
0
0
0
0
3815
3554
0
0
0
0
0
0
3688
3936
0
0
0
0
0
0
872
755
0
0
0
0
0
0
3164
3093
0
0
0
0
0
0
525
750
0
0
0
0
0
0
121
3946
0
0
0
0
0
0
3377
3559
0
0
0
0
0
0
947
940
0
0
0
0
0
0
3363
3193
0
0
0
0
0
0
144
406
0
0
0
0
0
0
491
262
0
0
0
0
0
0
3194
3276
0
0
0
0
0
0
854
955
0
0
0
0
0
0
3679
3446
0
0
0
0
0
0
3853
11
0
0
0
0
0
0
759
608
0
0
0
0
0
0
3171
3145
0
0
0
0
0
0
622
808
0
0
0
0
0
0
4059
3802
0
0
0
0
0
0
3515
3717
0
0
0
0
0
0
892
843
0
0
0
0
0
0
3306
3179
0
0
0
0
0
0
285
525
0
0
0
0
0
0
332
97
0
0
0
0
0
0
3292
3409
0
0
0
0
0
0
863
919
0
0
0
0
0
0
3571
3369
0
0
0
0
0
0
4009
162
0
0
0
0
0
0
632
456
0
0
0
0
0
0
3209
3227
0
0
0
0
0
0
691
839
0
0
0
0
0
0
3915
3674
0
0
0
0
0
0
3663
3879
0
0
0
0
0
0
811
726
0
0
0
0
0
0
3282
3197
0
0
0
0
0
0
402
616
0
0
0
0
0
0
179
4036
0
0
0
0
0
0
3406
3553
0
0
0
0
0
0
847
862
0
0
0
0
0
0
3485
3319
0
0
0
0
0
0
59
297
0
0
0
0
0
0
498
304
0
0
0
0
0
0
3270
3326
0
0
0
0
0
0
734
841
0
0
0
0
0
0
3791
3571
0
0
0
0
0
0
3810
4032
0
0
0
0
0
0
714
596
0
0
0
0
0
0
3285
3243
0
0
0
0
0
0
497
677
0
0
0
0
0
0
36
3901
0
0
0
0
0
0
3526
3694
0
0
0
0
0
0
803
777
0
0
0
0
0
0
3428
3301
0
0
0
0
0
0
188
405
0
0
0
0
0
0
359
156
0
0
0
0
0
0
3353
3442
0
0
0
0
0
0
747
815
0
0
0
0
0
0
3687
3498
0
0
0
0
0
0
3953
75
0
0
0
0
0
0
604
463
0
0
0
0
0
0
3309
3306
0
0
0
0
0
0
569
714
0
0
0
0
0
0
3997
3782
0
0
0
0
0
0
3660
3842
0
0
0
0
0
0
733
674
0
0
0
0
0
0
3407
3316
0
0
0
0
0
0
296
490
0
0
0
0
0
0
219
15
0
0
0
0
0
0
3455
3568
0
0
0
0
0
0
732
761
0
0
0
0
0
0
3611
3453
0
0
0
0
0
0
4082
193
0
0
0
0
0
0
482
325
0
0
0
0
0
0
3366
3397
0
0
0
0
0
0
605
713
0
0
0
0
0
0
3887
3694
0
0
0
0
0
0
3791
3976
0
0
0
0
0
0
649
561
0
0
0
0
0
0
3403
3350
0
0
0
0
0
0
383
550
0
0
0
0
0
0
90
3987
0
0
0
0
0
0
3565
3698
0
0
0
0
0
0
694
688
0
0
0
0
0
0
3560
3436
0
0
0
0
0
0
103
295
0
0
0
0
0
0
355
189
0
0
0
0
0
0
3440
3500
0
0
0
0
0
0
621
693
0
0
0
0
0
0
3795
3625
0
0
0
0
0
0
3914
2
0
0
0
0
0
0
550
441
0
0
0
0
0
0
3428
3407
0
0
0
0
0
0
444
582
0
0
0
0
0
0
4073
3886
0
0
0
0
0
0
3677
3821
0
0
0
0
0
0
636
600
0
0
0
0
0
0
3533
3441
0
0
0
0
0
0
200
370
0
0
0
0
0
0
238
70
0
0
0
0
0
0
3524
3606
0
0
0
0
0
0
612
651
0
0
0
0
0
0
3725
3581
0
0
0
0
0
0
4032
114
0
0
0
0
0
0
443
320
0
0
0
0
0
0
3471
3483
0
0
0
0
0
0
481
587
0
0
0
0
0
0
3970
3803
0
0
0
0
0
0
3795
3945
0
0
0
0
0
0
561
500
0
0
0
0
0
0
3532
3472
0
0
0
0
0
0
274
423
0
0
0
0
0
0
124
4057
0
0
0
0
0
0
3619
3720
0
0
0
0
0
0
578
588
0
0
0
0
0
0
3681
3568
0
0
0
0
0
0
33
196
0
0
0
0
0
0
340
208
0
0
0
0
0
0
3534
3571
0
0
0
0
0
0
494
564
0
0
0
0
0
0
3892
3744
0
0
0
0
0
0
3900
4047
0
0
0
0
0
0
479
402
0
0
0
0
0
0
3549
3520
0
0
0
0
0
0
328
449
0
0
0
0
0
0
26
3968
0
0
0
0
0
0
3714
3826
0
0
0
0
0
0
532
515
0
0
0
0
0
0
3655
3572
0
0
0
0
0
0
121
262
0
0
0
0
0
0
232
100
0
0
0
0
0
0
3607
3663
0
0
0
0
0
0
486
530
0
0
0
0
0
0
3830
3706
0
0
0
0
0
0
3999
43
0
0
0
0
0
0
388
298
0
0
0
0
0
0
3588
3585
0
0
0
0
0
0
362
455
0
0
0
0
0
0
4034
3898
0
0
0
0
0
0
3814
3930
0
0
0
0
0
0
467
428
0
0
0
0
0
0
3655
3597
0
0
0
0
0
0
184
308
0
0
0
0
0
0
139
10
0
0
0
0
0
0
3687
3757
0
0
0
0
0
0
461
478
0
0
0
0
0
0
3791
3690
0
0
0
0
0
0
4082
116
0
0
0
0
0
0
300
201
0
0
0
0
0
0
3640
3657
0
0
0
0
0
0
371
440
0
0
0
0
0
0
3969
3848
0
0
0
0
0
0
3903
4018
0
0
0
0
0
0
399
344
0
0
0
0
0
0
3669
3636
0
0
0
0
0
0
230
331
0
0
0
0
0
0
53
4028
0
0
0
0
0
0
3769
3851
0
0
0
0
0
0
418
417
0
0
0
0
0
0
3771
3694
0
0
0
0
0
0
58
175
0
0
0
0
0
0
214
114
0
0
0
0
0
0
3699
3736
0
0
0
0
0
0
367
410
0
0
0
0
0
0
3915
3815
0
0
0
0
0
0
3985
4094
0
0
0
0
0
0
324
261
0
0
0
0
0
0
3699
3686
0
0
0
0
0
0
256
335
0
0
0
0
0
0
4081
3972
0
0
0
0
0
0
3849
3935
0
0
0
0
0
0
369
346
0
0
0
0
0
0
3768
3717
0
0
0
0
0
0
113
208
0
0
0
0
0
0
134
40
0
0
0
0
0
0
3766
3813
0
0
0
0
0
0
343
367
0
0
0
0
0
0
3885
3803
0
0
0
0
0
0
4054
58
0
0
0
0
0
0
248
179
0
0
0
0
0
0
3745
3750
0
0
0
0
0
0
265
324
0
0
0
0
0
0
4025
3931
0
0
0
0
0
0
3921
4005
0
0
0
0
0
0
310
277
0
0
0
0
0
0
3783
3751
0
0
0
0
0
0
146
228
0
0
0
0
0
0
65
4073
0
0
0
0
0
0
3832
3887
0
0
0
0
0
0
310
315
0
0
0
0
0
0
3872
3809
0
0
0
0
0
0
14
101
0
0
0
0
0
0
181
111
0
0
0
0
0
0
3795
3813
0
0
0
0
0
0
258
298
0
0
0
0
0
0
3986
3906
0
0
0
0
0
0
3988
4068
0
0
0
0
0
0
249
206
0
0
0
0
0
0
3809
3795
0
0
0
0
0
0
168
229
0
0
0
0
0
0
10
4026
0
0
0
0
0
0
3899
3955
0
0
0
0
0
0
266
259
0
0
0
0
0
0
3871
3828
0
0
0
0
0
0
58
132
0
0
0
0
0
0
118
51
0
0
0
0
0
0
3846
3875
0
0
0
0
0
0
240
260
0
0
0
0
0
0
3961
3901
0
0
0
0
0
0
4043
17
0
0
0
0
0
0
188
146
0
0
0
0
0
0
3844
3842
0
0
0
0
0
0
175
219
0
0
0
0
0
0
4065
3997
0
0
0
0
0
0
3957
4013
0
0
0
0
0
0
223
204
0
0
0
0
0
0
3883
3856
0
0
0
0
0
0
85
143
0
0
0
0
0
0
64
3
0
0
0
0
0
0
3900
3933
0
0
0
0
0
0
211
219
0
0
0
0
0
0
3953
3907
0
0
0
0
0
0
4089
52
0
0
0
0
0
0
137
91
0
0
0
0
0
0
3880
3889
0
0
0
0
0
0
168
199
0
0
0
0
0
0
4037
3981
0
0
0
0
0
0
4005
4055
0
0
0
0
0
0
175
151
0
0
0
0
0
0
3906
3890
0
0
0
0
0
0
96
141
0
0
0
0
0
0
24
4067
0
0
0
0
0
0
3947
3981
0
0
0
0
0
0
179
178
0
0
0
0
0
0
3954
3922
0
0
0
0
0
0
19
68
0
0
0
0
0
0
90
47
0
0
0
0
0
0
3921
3936
0
0
0
0
0
0
152
171
0
0
0
0
0
0
4020
3978
0
0
0
0
0
0
4045
4089
0
0
0
0
0
0
131
107
0
0
0
0
0
0
3931
3925
0
0
0
0
0
0
98
131
0
0
0
0
0
0
4091
4046
0
0
0
0
0
0
3993
4026
0
0
0
0
0
0
145
138
0
0
0
0
0
0
3965
3943
0
0
0
0
0
0
38
77
0
0
0
0
0
0
51
13
0
0
0
0
0
0
3965
3983
0
0
0
0
0
0
127
137
0
0
0
0
0
0
4015
3983
0
0
0
0
0
0
4075
16
0
0
0
0
0
0
93
67
0
0
0
0
0
0
3961
3963
0
0
0
0
0
0
94
116
0
0
0
0
0
0
4069
4034
0
0
0
0
0
0
4027
4056
0
0
0
0
0
0
108
96
0
0
0
0
0
0
3983
3970
0
0
0
0
0
0
47
75
0
0
0
0
0
0
23
4086
0
0
0
0
0
0
4002
4020
0
0
0
0
0
0
105
106
0
0
0
0
0
0
4016
3995
0
0
0
0
0
0
1
29
0
0
0
0
0
0
56
34
0
0
0
0
0
0
3993
3999
0
0
0
0
0
0
80
92
0
0
0
0
0
0
4059
4035
0
0
0
0
0
0
4058
4082
0
0
0
0
0
0
75
63
0
0
0
0
0
0
4004
3999
0
0
0
0
0
0
47
66
0
0
0
0
0
0
0
4073
0
0
0
0
0
0
4031
4049
0
0
0
0
0
0
79
75
0
0
0
0
0
0
4024
4012
0
0
0
0
0
0
13
32
0
0
0
0
0
0
30
12
0
0
0
0
0
0
4023
4031
0
0
0
0
0
0
61
68
0
0
0
0
0
0
4055
4038
0
0
0
0
0
0
4075
4094
0
0
0
0
0
0
48
37
0
0
0
0
0
0
4028
4024
0
0
0
0
0
0
39
51
0
0
0
0
0
0
4090
4073
0
0
0
0
0
0
4052
4067
0
0
0
0
0
0
51
47
0
0
0
0
0
0
4040
4032
0
0
0
0
0
0
16
29
0
0
0
0
0
0
12
4094
0
0
0
0
0
0
4047
4053
0
0
0
0
0
0
45
47
0
0
0
0
0
0
4059
4050
0
0
0
0
0
0
4090
6
0
0
0
0
0
0
28
17
0
0
0
0
0
0
4044
4044
0
0
0
0
0
0
33
41
0
0
0
0
0
0
4078
4066
0
0
0
0
0
0
4073
4085
0
0
0
0
0
0
33
28
0
0
0
0
0
0
4054
4051
0
0
0
0
0
0
12
21
0
0
0
0
0
0
5
4090
0
0
0
0
0
0
4064
4069
0
0
0
0
0
0
29
29
0
0
0
0
0
0
4067
4061
0
0
0
0
0
0
0
9
0
0
0
0
0
0
12
4
0
0
0
0
0
0
4064
4066
0
0
0
0
0
0
20
22
0
0
0
0
0
0
4080
4075
0
0
0
0
0
0
4084
4090
0
0
0
0
0
0
14
12
0
0
0
0
0
0
4068
4066
0
0
0
0
0
0
6
12
0
0
0
0
0
0
4091
4084
0
0
0
0
0
0
4075
4079
0
0
0
0
0
0
14
15
0
0
0
0
0
0
4075
4072
0
0
0
0
0
0
4095
3
0
0
0
0
0
0
1
4093
0
0
0
0
0
0
4077
4078
0
0
0
0
0
0
9
12
0
0
0
0
0
0
4086
4081
0
0
0
0
0
0
4090
4093
0
0
0
0
0
0
4
2
0
0
0
0
0
0
4079
4078
0
0
0
0
0
0
1
6
0
0
0
0
0
0
4093
4088
0
0
0
0
0
0
4081
4085
0
0
0
0
0
0
5
2
0
0
0
0
0
0
4084
4084
0
0
0
0
0
0
4093
4095
0
0
0
0
0
0
4093
4088
0
0
0
0
0
0
4083
4085
0
0
0
0
0
0
4
3
0
0
0
0
0
0
4084
4083
0
0
0
0
0
0
4091
4092
0
0
0
0
0
0
4091
4093
0
0
0
0
0
0
4089
4089
0
0
0
0
0
0
4093
4094
0
0
0
0
0
0
4091
4091
0
0
0
0
0
0
4089
4089
0
0
0
0
0
0
4094
4094
0
0
0
0
0
0
4087
4087
0
0
0
0
0
0
4094
4095
0
0
0
0
0
0
4091
4091
0
0
0
0
0
0
4087
4088
0
0
0
0
0
0
0
1
0
0
0
0
0
0
4086
4085
0
0
0
0
0
0
4092
4094
0
0
0
0
0
0
1
4094
0
0
0
0
0
0
4082
4084
0
0
0
0
0
0
4
4
0
0
0
0
0
0
4086
4084
0
0
0
0
0
0
4089
4091
0
0
0
0
0
0
2
1
0
0
0
0
0
0
4084
4085
0
0
0
0
0
0
5
5
0
0
0
0
0
0
4094
4093
0
0
0
0
0
0
0
0
0
0
0
0
0
0
4095
4095
0
0
0
0
0
0
4095
0
0
0
0
0
0
0
0
0
0
0
0
0
0
0
4095
4095
0
0
0
0
0
0
0
0
0
0
0
0
0
0
4095
4095
0
0
0
0
0
0
0
0
0
0
0
0
0
0
4095
4095
0
0
0
0
0
0
0
0
0
0
0
0
0
0
4095
4095
0
0
0
0
0
0
0
0
0
0
0
0
0
0
4095
4095
0
0
0
0
0
0
0
0
0
0
0
0
0
0
4095
4095
0
0
0
0
0
0
0
0
0
0
0
0
0
0
4095
4095
0
0
0
0
0
0
0
0
0
0
0
0
0
0
4095
4095
0
0
0
0
0
0
0
0
0
0
0
0
0
0
4095
4095
0
0
0
0
0
0
0
0
0
0
0
0
0
0
4095
4095
0
0
0
0
0
0
0
0
0
0
0
0
0
0
4095
4095
0
0
0
0
0
0
0
0
0
0
0
0
0
0
4095
4095
0
0
0
0
0
0
0
0
0
0
0
0
0
0
4095
4095
0
0
0
0
0
0
0
0
0
0
0
0
0
0
4095
4095
0
0
0
0
0
0
0
0
0
0
0
0
0
0
4095
4095
0
0
0
0
0
0
0
0
0
0
0
0
0
0
4095
4095
0
0
0
0
0
0
0
0
0
0
0
0
0
0
4095
4095
0
0
0
0
0
0
0
0
0
0
0
0
0
0
4095
4095
0
0
0
0
0
0
0
0
0
0
0
0
0
0
4095
4095
0
0
0
0
0
0
0
0
0
0
0
0
0
0
4095
4095
0
0
0
0
0
0
0
0
0
0
0
0
0
0
4095
4095
0
0
0
0
0
0
0
0
0
0
0
0
0
0
4095
4095
0
0
0
0
0
0
0
0
0
0
0
0
0
0
4095
4095
0
0
0
0
0
0
0
0
0
0
0
0
0
0
4095
4095
0
0
0
0
0
0
0
0
0
0
0
0
0
0
4095
4095
0
0
0
0
0
0
0
0
0
0
0
0
0
0
4095
4095
0
0
0
0
0
0
0
0
0
0
0
0
0
0
4095
4095
0
0
0
0
0
0
0
0
0
0
0
0
0
0
4095
4095
0
0
0
0
0
0
0
0
0
0
0
0
0
0
4095
4095
0
0
0
0
0
0
0
0
0
0
0
0
0
0
4095
4095
0
0
0
0
0
0
0
0
0
0
0
0
0
0
4095
4095
0
0
0
0
0
0
0
0
0
0
0
0
0
0
4095
4095
0
0
0
0
0
0
0
0
0
0
0
0
0
0
4095
4095
0
0
0
0
0
0
0
0
0
0
0
0
0
0
4095
4095
0
0
0
0
0
0
0
0
0
0
0
0
0
0
4095
4095
0
0
0
0
0
0
0
0
0
0
0
0
0
0
4095
4095
0
0
0
0
0
0
0
0
0
0
0
0
0
0
4095
4095
0
0
0
0
0
0
0
0
0
0
0
0
0
0
4095
4095
0
0
0
0
0
0
0
0
0
0
0
0
0
0
4095
4095
0
0
0
0
0
0
0
0
0
0
0
0
0
0
4095
4095
0
0
0
0
0
0
0
0
0
0
0
0
0
0
4095
4095
0
0
0
0
0
0
0
0
0
0
0
0
0
0
4095
4095
0
0
0
0
0
0
0
0
0
0
0
0
0
0
4095
4095
0
0
0
0
0
0
0
0
0
0
0
0
0
0
4095
4095
0
0
0
0
0
0
0
0
0
0
0
0
0
0
4095
4095
0
0
0
0
0
0
0
0
0
0
0
0
0
0
4095
4095
0
0
0
0
0
0
0
0
0
0
0
0
0
0
4095
4095
0
0
0
0
0
0
0
0
0
0
0
0
0
0
4095
4095
0
0
0
0
0
0
0
0
0
0
0
0
0
0
4095
4095
0
0
0
0
0
0
0
0
0
0
0
0
0
0
4095
4095
0
0
0
0
0
0
0
0
0
0
0
0
0
0
4095
4095
0
0
0
0
0
0
0
0
0
0
0
0
0
0
4095
4095
0
0
0
0
0
0
0
0
0
0
0
0
0
0
4095
4095
0
0
0
0
0
0
0
0
0
0
0
0
0
0
4095
4095
0
0
0
0
0
0
0
0
0
0
0
0
0
0
4095
4095
0
0
0
0
0
0
0
0
0
0
0
0
0
0
4095
4095
0
0
0
0
0
0
0
0
0
0
0
0
0
0
4095
4095
0
0
0
0
0
0
0
0
0
0
0
0
0
0
4095
4095
0
0
0
0
0
0
0
0
0
0
0
0
0
0
4095
4095
0
0
0
0
0
0
0
0
0
0
0
0
0
0
4095
4095
0
0
0
0
0
0
0
0
0
0
0
0
0
0
4095
4095
0
0
0
0
0
0
0
0
0
0
0
0
0
0
4095
4095
0
0
0
0
0
0
0
0
0
0
0
0
0
0
4095
4095
0
0
0
0
0
0
0
0
0
0
0
0
0
0
4095
4095
0
0
0
0
0
0
0
0
0
0
0
0
0
0
4095
4095
0
0
0
0
0
0
0
0
0
0
0
0
0
0
4095
4095
0
0
0
0
0
0
0
0
0
0
0
0
0
0
4095
4095
0
0
0
0
0
0
0
0
0
0
0
0
0
0
4095
4095
0
0
0
0
0
0
0
0
0
0
0
0
0
0
4095
4095
0
0
0
0
0
0
0
0
0
0
0
0
0
0
4095
4095
0
0
0
0
0
0
0
0
0
0
0
0
0
0
4095
4095
0
0
0
0
0
0
0
0
0
0
0
0
0
0
4095
4095
0
0
0
0
0
0
0
0
0
0
0
0
0
0
4095
4095
0
0
0
0
0
0
0
0
0
0
0
0
0
0
4095
4095
0
0
0
0
0
0
0
0
0
0
0
0
0
0
4095
4095
0
0
0
0
0
0
0
0
0
0
0
0
0
0
4095
4095
0
0
0
0
0
0
0
0
0
0
0
0
0
0
4095
4095
0
0
0
0
0
0
0
0
0
0
0
0
0
0
4095
4095
0
0
0
0
0
0
0
0
0
0
0
0
0
0
4095
4095
0
0
0
0
0
0
0
0
0
0
0
0
0
0
4095
4095
0
0
0
0
0
0
0
0
0
0
0
0
0
0
4095
4095
0
0
0
0
0
0
0
0
0
0
0
0
0
0
4095
4095
0
0
0
0
0
0
0
0
0
0
0
0
0
0
4095
4095
0
0
0
0
0
0
0
0
0
0
0
0
0
0
4095
4095
0
0
0
0
0
0
0
0
0
0
0
0
0
0
4095
4095
0
0
0
0
0
0
0
0
0
0
0
0
0
0
4095
4095
0
0
0
0
0
0
0
0
0
0
0
0
0
0
4095
4095
0
0
0
0
0
0
0
0
0
0
0
0
0
0
4095
4095
0
0
0
0
0
0
0
0
0
0
0
0
0
0
4095
4095
0
0
0
0
0
0
0
0
0
0
0
0
0
0
4095
4095
0
0
0
0
0
0
0
0
0
0
0
0
0
0
4095
4095
0
0
0
0
0
0
0
0
0
0
0
0
0
0
4095
4095
0
0
0
0
0
0
0
0
0
0
0
0
0
0
4095
4095
0
0
0
0
0
0
0
0
0
0
0
0
0
0
4095
4095
0
0
0
0
0
0
0
0
0
0
0
0
0
0
4095
4095
0
0
0
0
0
0
0
0
0
0
0
0
0
0
4095
4095
0
0
0
0
0
0
0
0
0
0
0
0
0
0
4095
4095
0
0
0
0
0
0
0
0
0
0
0
0
0
0
4095
4095
0
0
0
0
0
0
0
0
0
0
0
0
0
0
4095
4095
0
0
0
0
0
0
0
0
0
0
0
0
0
0
4095
4095
0
0
0
0
0
0
0
0
0
0
0
0
0
0
4095
4095
0
0
0
0
0
0
0
0
0
0
0
0
0
0
4095
4095
0
0
0
0
0
0
0
0
0
0
0
0
0
0
4095
4095
0
0
0
0
0
0
0
0
0
0
0
0
0
0
4095
4095
0
0
0
0
0
0
0
0
0
0
0
0
0
0
4095
4095
0
0
0
0
0
0
0
0
0
0
0
0
0
0
4095
4095
0
0
0
0
0
0
0
0
0
0
0
0
0
0
4095
4095
0
0
0
0
0
0
0
0
0
0
0
0
0
0
4095
4095
0
0
0
0
0
0
0
0
0
0
0
0
0
0
4095
4095
0
0
0
0
0
0
0
0
0
0
0
0
0
0
4095
4095
0
0
0
0
0
0
0
0
0
0
0
0
0
0
4095
4095
0
0
0
0
0
0
0
0
0
0
0
0
0
0
4095
4095
0
0
0
0
0
0
0
0
0
0
0
0
0
0
4095
4095
0
0
0
0
0
0
0
0
0
0
0
0
0
0
4095
4095
0
0
0
0
0
0
0
0
0
0
0
0
0
0
4095
4095
0
0
0
0
0
0
0
0
0
0
0
0
0
0
4095
4095
0
0
0
0
0
0
0
0
0
0
0
0
0
0
4095
4095
0
0
0
0
0
0
0
0
0
0
0
0
0
0
4095
4095
0
0
0
0
0
0
0
0
0
0
0
0
0
0
4095
4095
0
0
0
0
0
0
0
0
0
0
0
0
0
0
4095
4095
0
0
0
0
0
0
0
0
0
0
0
0
0
0
4095
4095
0
0
0
0
0
0
0
0
0
0
0
0
0
0
4095
4095
0
0
0
0
0
0
0
0
0
0
0
0
0
0
4095
4095
0
0
0
0
0
0
0
0
0
0
0
0
0
0
4095
4095
0
0
0
0
0
0
0
0
0
0
0
0
0
0
4095
4095
0
0
0
0
0
0
0
0
0
0
0
0
0
0
4095
4095
0
0
0
0
0
0
0
0
0
0
0
0
0
0
4095
4095
0
0
0
0
0
0
0
0
0
0
0
0
0
0
4095
4095
0
0
0
0
0
0
0
0
0
0
0
0
0
0
4095
4095
0
0
0
0
0
0
0
0
0
0
0
0
0
0
4095
4095
0
0
0
0
0
0
0
0
0
0
0
0
0
0
4095
4095
0
0
0
0
0
0
0
0
0
0
0
0
0
0
4095
4095
0
0
0
0
0
0
0
0
0
0
0
0
0
0
4095
4095
0
0
0
0
0
0
0
0
0
0
0
0
0
0
4095
4095
0
0
0
0
0
0
0
0
0
0
0
0
0
0
4095
4095
0
0
0
0
0
0
0
0
0
0
0
0
0
0
4095
4095
0
0
0
0
0
0
0
0
0
0
0
0
0
0
4095
4095
0
0
0
0
0
0
0
0
0
0
0
0
0
0
4095
4095
0
0
0
0
0
0
0
0
0
0
0
0
0
0
4095
4095
0
0
0
0
0
0
0
0
0
0
0
0
0
0
4095
4095
0
0
0
0
0
0
0
0
0
0
0
0
0
0
4095
4095
0
0
0
0
0
0
0
0
0
0
0
0
0
0
4095
4095
0
0
0
0
0
0
0
0
0
0
0
0
0
0
4095
4095
0
0
0
0
0
0
0
0
0
0
0
0
0
0
4095
4095
0
0
0
0
0
0
0
0
0
0
0
0
0
0
4095
4095
0
0
0
0
0
0
0
0
0
0
0
0
0
0
4095
4095
0
0
0
0
0
0
0
0
0
0
0
0
0
0
4095
4095
0
0
0
0
0
0
0
0
0
0
0
0
0
0
4095
4095
0
0
0
0
0
0
0
0
0
0
0
0
0
0
4095
4095
0
0
0
0
0
0
0
0
0
0
0
0
0
0
4095
4095
0
0
0
0
0
0
0
0
0
0
0
0
0
0
4095
4095
0
0
0
0
0
0
0
0
0
0
0
0
0
0
4095
4095
0
0
0
0
0
0
0
0
0
0
0
0
0
0
4095
4095
0
0
0
0
0
0
0
0
0
0
0
0
0
0
4095
4095
0
0
0
0
0
0
0
0
0
0
0
0
0
0
4095
4095
0
0
0
0
0
0
0
0
0
0
0
0
0
0
4095
4095
0
0
0
0
0
0
0
0
0
0
0
0
0
0
4095
4095
0
0
0
0
0
0
0
0
0
0
0
0
0
0
4095
4095
0
0
0
0
0
0
0
0
0
0
0
0
0
0
4095
4095
0
0
0
0
0
0
0
0
0
0
0
0
0
0
4095
4095
0
0
0
0
0
0
0
0
0
0
0
0
0
0
4095
4095
0
0
0
0
0
0
0
0
0
0
0
0
0
0
4095
4095
0
0
0
0
0
0
0
0
0
0
0
0
0
0
4095
4095
0
0
0
0
0
0
0
0
0
0
0
0
0
0
4095
4095
0
0
0
0
0
0
0
0
0
0
0
0
0
0
4095
4095
0
0
0
0
0
0
0
0
0
0
0
0
0
0
4095
4095
0
0
0
0
0
0
0
0
0
0
0
0
0
0
4095
4095
0
0
0
0
0
0
0
0
0
0
0
0
0
0
4095
4095
0
0
0
0
0
0
0
0
0
0
0
0
0
0
4095
4095
0
0
0
0
0
0
0
0
0
0
0
0
0
0
4095
4095
0
0
0
0
0
0
0
0
0
0
0
0
0
0
4095
4095
0
0
0
0
0
0
0
0
0
0
0
0
0
0
4095
4095
0
0
0
0
0
0
0
0
0
0
0
0
0
0
4095
4095
0
0
0
0
0
0
0
0
0
0
0
0
0
0
4095
4095
0
0
0
0
0
0
0
0
0
0
0
0
0
0
4095
4095
0
0
0
0
0
0
0
0
0
0
0
0
0
0
4095
4095
0
0
0
0
0
0
0
0
0
0
0
0
0
0
4095
4095
0
0
0
0
0
0
0
0
0
0
0
0
0
0
4095
4095
0
0
0
0
0
0
0
0
0
0
0
0
0
0
4095
4095
0
0
0
0
0
0
0
0
0
0
0
0
0
0
4095
4095
0
0
0
0
0
0
0
0
0
0
0
0
0
0
4095
4095
0
0
0
0
0
0
0
0
0
0
0
0
0
0
4095
4095
0
0
0
0
0
0
0
0
0
0
0
0
0
0
4095
4095
0
0
0
0
0
0
0
0
0
0
0
0
0
0
4095
4095
0
0
0
0
0
0
0
0
0
0
0
0
0
0
4095
4095
0
0
0
0
0
0
0
0
0
0
0
0
0
0
4095
4095
0
0
0
0
0
0
0
0
0
0
0
0
0
0
4095
4095
0
0
0
0
0
0
0
0
0
0
0
0
0
0
4095
4095
0
0
0
0
0
0
0
0
0
0
0
0
0
0
4095
4095
0
0
0
0
0
0
0
0
0
0
0
0
0
0
4095
4095
0
0
0
0
0
0
0
0
0
0
0
0
0
0
4095
4095
0
0
0
0
0
0
0
0
0
0
0
0
0
0
4095
4095
0
0
0
0
0
0
0
0
0
0
0
0
0
0
4095
4095
0
0
0
0
0
0
0
0
0
0
0
0
0
0
4095
4095
0
0
0
0
0
0
0
0
0
0
0
0
0
0
4095
4095
0
0
0
0
0
0
0
0
0
0
0
0
0
0
4095
4095
0
0
0
0
0
0
0
0
0
0
0
0
0
0
4095
4095
0
0
0
0
0
0
0
0
0
0
0
0
0
0
4095
4095
0
0
0
0
0
0
0
0
0
0
0
0
0
0
4095
4095
0
0
0
0
0
0
0
0
0
0
0
0
0
0
4095
4095
0
0
0
0
0
0
0
0
0
0
0
0
0
0
4095
4095
0
0
0
0
0
0
0
0
0
0
0
0
0
0
4095
4095
0
0
0
0
0
0
0
0
0
0
0
0
0
0
4095
4095
0
0
0
0
0
0
0
0
0
0
0
0
0
0
4095
4095
0
0
0
0
0
0
0
0
0
0
0
0
0
0
4095
4095
0
0
0
0
0
0
0
0
0
0
0
0
0
0
4095
4095
0
0
0
0
0
0
0
0
0
0
0
0
0
0
4095
4095
0
0
0
0
0
0
0
0
0
0
0
0
0
0
4095
4095
0
0
0
0
0
0
0
0
0
0
0
0
0
0
4095
4095
0
0
0
0
0
0
0
0
0
0
0
0
0
0
4095
4095
0
0
0
0
0
0
0
0
0
0
0
0
0
0
4095
4095
0
0
0
0
0
0
0
0
0
0
0
0
0
0
4095
4095
0
0
0
0
0
0
0
0
0
0
0
0
0
0
4095
4095
0
0
0
0
0
0
0
0
0
0
0
0
0
0
4095
4095
0
0
0
0
0
0
0
0
0
0
0
0
0
0
4095
4095
0
0
0
0
0
0
0
0
0
0
0
0
0
0
4095
4095
0
0
0
0
0
0
0
0
0
0
0
0
0
0
4095
4095
0
0
0
0
0
0
0
0
0
0
0
0
0
0
4095
4095
0
0
0
0
0
0
0
0
0
0
0
0
0
0
4095
4095
0
0
0
0
0
0
0
0
0
0
0
0
0
0
4095
4095
0
0
0
0
0
0
0
0
0
0
0
0
0
0
4095
4095
0
0
0
0
0
0
0
0
0
0
0
0
0
0
4095
4095
0
0
0
0
0
0
0
0
0
0
0
0
0
0
4095
4095
0
0
0
0
0
0
0
0
0
0
0
0
0
0
4095
4095
0
0
0
0
0
0
0
0
0
0
0
0
0
0
4095
4095
0
0
0
0
0
0
0
0
0
0
0
0
0
0
4095
4095
0
0
0
0
0
0
0
0
0
0
0
0
0
0
4095
4095
0
0
0
0
0
0
0
0
0
0
0
0
0
0
4095
4095
0
0
0
0
0
0
0
0
0
0
0
0
0
0
4095
4095
0
0
0
0
0
0
0
0
0
0
0
0
0
0
4095
4095
0
0
0
0
0
0
0
0
0
0
0
0
0
0
4095
4095
0
0
0
0
0
0
0
0
0
0
0
0
0
0
4095
4095
0
0
0
0
0
0
0
0
0
0
0
0
0
0
4095
4095
0
0
0
0
0
0
0
0
0
0
0
0
0
0
4095
4095
0
0
0
0
0
0
0
0
0
0
0
0
0
0
4095
4095
0
0
0
0
0
0
0
0
0
0
0
0
0
0
4095
4095
0
0
0
0
0
0
0
0
0
0
0
0
0
0
4095
4095
0
0
0
0
0
0
0
0
0
0
0
0
0
0
4095
4095
0
0
0
0
0
0
0
0
0
0
0
0
0
0
4095
4095
0
0
0
0
0
0
0
0
0
0
0
0
0
0
4095
4095
0
0
0
0
0
0
0
0
0
0
0
0
0
0
4095
4095
0
0
0
0
0
0
0
0
0
0
0
0
0
0
4095
4095
0
0
0
0
0
0
0
0
0
0
0
0
0
0
4095
4095
0
0
0
0
0
0
0
0
0
0
0
0
0
0
4095
4095
0
0
0
0
0
0
0
0
0
0
0
0
0
0
4095
4095
0
0
0
0
0
0
0
0
0
0
0
0
0
0
4095
4095
0
0
0
0
0
0
0
0
0
0
0
0
0
0
4095
4095
0
0
0
0
0
0
0
0
0
0
0
0
0
0
4095
4095
0
0
0
0
0
0
0
0
0
0
0
0
0
0
4095
4095
0
0
0
0
0
0
0
0
0
0
0
0
0
0
4095
4095
0
0
0
0
0
0
0
0
0
0
0
0
0
0
4095
4095
0
0
0
0
0
0
0
0
0
0
0
0
0
0
4095
4095
0
0
0
0
0
0
0
0
0
0
0
0
0
0
4095
4095
0
0
0
0
0
0
0
0
0
0
0
0
0
0
4095
4095
0
0
0
0
0
0
0
0
0
0
0
0
0
0
4095
4095
0
0
0
0
0
0
0
0
0
0
0
0
0
0
4095
4095
0
0
0
0
0
0
0
0
0
0
0
0
0
0
4095
4095
0
0
0
0
0
0
0
0
0
0
0
0
0
0
4095
4095
0
0
0
0
0
0
0
0
0
0
0
0
0
0
4095
4095
0
0
0
0
0
0
0
0
0
0
0
0
0
0
4095
4095
0
0
0
0
0
0
0
0
0
0
0
0
0
0
4095
4095
0
0
0
0
0
0
0
0
0
0
0
0
0
0
4095
4095
0
0
0
0
0
0
0
0
0
0
0
0
0
0
4095
4095
0
0
0
0
0
0
0
0
0
0
0
0
0
0
4095
4095
0
0
0
0
0
0
0
0
0
0
0
0
0
0
4095
4095
0
0
0
0
0
0
0
0
0
0
0
0
0
0
4095
4095
0
0
0
0
0
0
0
0
0
0
0
0
0
0
4095
4095
0
0
0
0
0
0
0
0
0
0
0
0
0
0
4095
4095
0
0
0
0
0
0
0
0
0
0
0
0
0
0
4095
4095
0
0
0
0
0
0
0
0
0
0
0
0
0
0
4095
4095
0
0
0
0
0
0
0
0
0
0
0
0
0
0
4095
4095
0
0
0
0
0
0
0
0
0
0
0
0
0
0
4095
4095
0
0
0
0
0
0
0
0
0
0
0
0
0
0
4095
4095
0
0
0
0
0
0
0
0
0
0
0
0
0
0
4095
4095
0
0
0
0
0
0
0
0
0
0
0
0
0
0
4095
4095
0
0
0
0
0
0
0
0
0
0
0
0
0
0
4095
4095
0
0
0
0
0
0
0
0
0
0
0
0
0
0
4095
4095
0
0
0
0
0
0
0
0
0
0
0
0
0
0
4095
4095
0
0
0
0
0
0
0
0
0
0
0
0
0
0
4095
4095
0
0
0
0
0
0
0
0
0
0
0
0
0
0
4095
4095
0
0
0
0
0
0
0
0
0
0
0
0
0
0
4095
4095
0
0
0
0
0
0
0
0
0
0
0
0
0
0
4095
4095
0
0
0
0
0
0
0
0
0
0
0
0
0
0
4095
4095
0
0
0
0
0
0
0
0
0
0
0
0
0
0
4095
4095
0
0
0
0
0
0
0
0
0
0
0
0
0
0
4095
4095
0
0
0
0
0
0
0
0
0
0
0
0
0
0
4095
4095
0
0
0
0
0
0
0
0
0
0
0
0
0
0
4095
4095
0
0
0
0
0
0
0
0
0
0
0
0
0
0
4095
4095
0
0
0
0
0
0
0
0
0
0
0
0
0
0
4095
4095
0
0
0
0
0
0
0
0
0
0
0
0
0
0
4095
4095
0
0
0
0
0
0
0
0
0
0
0
0
0
0
4095
4095
0
0
0
0
0
0
0
0
0
0
0
0
0
0
4095
4095
0
0
0
0
0
0
0
0
0
0
0
0
0
0
4095
4095
0
0
0
0
0
0
0
0
0
0
0
0
0
0
4095
4095
0
0
0
0
0
0
0
0
0
0
0
0
0
0
4095
4095
0
0
0
0
0
0
0
0
0
0
0
0
0
0
4095
4095
0
0
0
0
0
0
0
0
0
0
0
0
0
0
4095
4095
0
0
0
0
0
0
0
0
0
0
0
0
0
0
4095
4095
0
0
0
0
0
0
0
0
0
0
0
0
0
0
4095
4095
0
0
0
0
0
0
0
0
0
0
0
0
0
0
4095
4095
0
0
0
0
0
0
0
0
0
0
0
0
0
0
4095
4095
0
0
0
0
0
0
0
0
0
0
0
0
0
0
4095
4095
0
0
0
0
0
0
0
0
0
0
0
0
0
0
4095
4095
0
0
0
0
0
0
0
0
0
0
0
0
0
0
4095
4095
0
0
0
0
0
0
0
0
0
0
0
0
0
0
4095
4095
0
0
0
0
0
0
0
0
0
0
0
0
0
0
4095
4095
0
0
0
0
0
0
0
0
0
0
0
0
0
0
4095
4095
0
0
0
0
0
0
0
0
0
0
0
0
0
0
4095
4095
0
0
0
0
0
0
0
0
0
0
0
0
0
0
4095
4095
0
0
0
0
0
0
0
0
0
0
0
0
0
0
4095
4095
0
0
0
0
0
0
0
0
0
0
0
0
0
0
4095
4095
0
0
0
0
0
0
0
0
0
0
0
0
0
0
4095
4095
0
0
0
0
0
0
0
0
0
0
0
0
0
0
4095
4095
0
0
0
0
0
0
0
0
0
0
0
0
0
0
4095
4095
0
0
0
0
0
0
0
0
0
0
0
0
0
0
4095
4095
0
0
0
0
0
0
0
0
0
0
0
0
0
0
4095
4095
0
0
0
0
0
0
0
0
0
0
0
0
0
0
4095
4095
0
0
0
0
0
0
0
0
0
0
0
0
0
0
4095
4095
0
0
0
0
0
0
0
0
0
0
0
0
0
0
4095
4095
0
0
0
0
0
0
0
0
0
0
0
0
0
0
4095
4095
0
0
0
0
0
0
0
0
0
0
0
0
0
0
4095
4095
0
0
0
0
0
0
0
0
0
0
0
0
0
0
4095
4095
0
0
0
0
0
0
0
0
0
0
0
0
0
0
4095
4095
0
0
0
0
0
0
0
0
0
0
0
0
0
0
4095
4095
0
0
0
0
0
0
0
0
0
0
0
0
0
0
4095
4095
0
0
0
0
0
0
0
0
0
0
0
0
0
0
4095
4095
0
0
0
0
0
0
0
0
0
0
0
0
0
0
4095
4095
0
0
0
0
0
0
0
0
0
0
0
0
0
0
4095
4095
0
0
0
0
0
0
0
0
0
0
0
0
0
0
4095
4095
0
0
0
0
0
0
0
0
0
0
0
0
0
0
4095
4095
0
0
0
0
0
0
0
0
0
0
0
0
0
0
4095
4095
0
0
0
0
0
0
0
0
0
0
0
0
0
0
4095
4095
0
0
0
0
0
0
0
0
0
0
0
0
0
0
4095
4095
0
0
0
0
0
0
0
0
0
0
0
0
0
0
4095
4095
0
0
0
0
0
0
0
0
0
0
0
0
0
0
4095
4095
0
0
0
0
0
0
0
0
0
0
0
0
0
0
4095
4095
0
0
0
0
0
0
0
0
0
0
0
0
0
0
4095
4095
0
0
0
0
0
0
0
0
0
0
0
0
0
0
4095
4095
0
0
0
0
0
0
0
0
0
0
0
0
0
0
4095
4095
0
0
0
0
0
0
0
0
0
0
0
0
0
0
4095
4095
0
0
0
0
0
0
0
0
0
0
0
0
0
0
4095
4095
0
0
0
0
0
0
0
0
0
0
0
0
0
0
4095
4095
0
0
0
0
0
0
0
0
0
0
0
0
0
0
4095
4095
0
0
0
0
0
0
0
0
0
0
0
0
0
0
4095
4095
0
0
0
0
0
0
0
0
0
0
0
0
0
0
4095
4095
0
0
0
0
0
0
0
0
0
0
0
0
0
0
4095
4095
0
0
0
0
0
0
0
0
0
0
0
0
0
0
4095
4095
0
0
0
0
0
0
0
0
0
0
0
0
0
0
4095
4095
0
0
0
0
0
0
0
0
0
0
0
0
0
0
4095
4095
0
0
0
0
0
0
0
0
0
0
0
0
0
0
4095
4095
0
0
0
0
0
0
0
0
0
0
0
0
0
0
4095
4095
0
0
0
0
0
0
0
0
0
0
0
0
0
0
4095
4095
0
0
0
0
0
0
0
0
0
0
0
0
0
0
4095
4095
0
0
0
0
0
0
0
0
0
0
0
0
0
0
4095
4095
0
0
0
0
0
0
0
0
0
0
0
0
0
0
4095
4095
0
0
0
0
0
0
0
0
0
0
0
0
0
0
4095
4095
0
0
0
0
0
0
0
0
0
0
0
0
0
0
4095
4095
0
0
0
0
0
0
0
0
0
0
0
0
0
0
4095
4095
0
0
0
0
0
0
0
0
0
0
0
0
0
0
4095
4095
0
0
0
0
0
0
0
0
0
0
0
0
0
0
4095
4095
0
0
0
0
0
0
0
0
0
0
0
0
0
0
4095
4095
0
0
0
0
0
0
0
0
0
0
0
0
0
0
4095
4095
0
0
0
0
0
0
0
0
0
0
0
0
0
0
4095
4095
0
0
0
0
0
0
0
0
0
0
0
0
0
0
4095
4095
0
0
0
0
0
0
0
0
0
0
0
0
0
0
4095
4095
0
0
0
0
0
0
0
0
0
0
0
0
0
0
4095
4095
0
0
0
0
0
0
0
0
0
0
0
0
0
0
4095
4095
0
0
0
0
0
0
0
0
0
0
0
0
0
0
4095
4095
0
0
0
0
0
0
0
0
0
0
0
0
0
0
4095
4095
0
0
0
0
0
0
0
0
0
0
0
0
0
0
4095
4095
0
0
0
0
0
0
0
0
0
0
0
0
0
0
4095
4095
0
0
0
0
0
0
0
0
0
0
0
0
0
0
4095
4095
0
0
0
0
0
0
0
0
0
0
0
0
0
0
4095
4095
0
0
0
0
0
0
0
0
0
0
0
0
0
0
4095
4095
0
0
0
0
0
0
0
0
0
0
0
0
0
0
4095
4095
0
0
0
0
0
0
0
0
0
0
0
0
0
0
4095
4095
0
0
0
0
0
0
0
0
0
0
0
0
0
0
4095
4095
0
0
0
0
0
0
0
0
0
0
0
0
0
0
4095
4095
0
0
0
0
0
0
0
0
0
0
0
0
0
0
4095
4095
0
0
0
0
0
0
0
0
0
0
0
0
0
0
4095
4095
0
0
0
0
0
0
0
0
0
0
0
0
0
0
4095
4095
0
0
0
0
0
0
0
0
0
0
0
0
0
0
4095
4095
0
0
0
0
0
0
0
0
0
0
0
0
0
0
4095
4095
0
0
0
0
0
0
0
0
0
0
0
0
0
0
4095
4095
0
0
0
0
0
0
0
0
0
0
0
0
0
0
4095
4095
0
0
0
0
0
0
0
0
0
0
0
0
0
0
4095
4095
0
0
0
0
0
0
0
0
0
0
0
0
0
0
4095
4095
0
0
0
0
0
0
0
0
0
0
0
0
0
0
4095
4095
0
0
0
0
0
0
0
0
0
0
0
0
0
0
4095
4095
0
0
0
0
0
0
0
0
0
0
0
0
0
0
4095
4095
0
0
0
0
0
0
0
0
0
0
0
0
0
0
4095
4095
0
0
0
0
0
0
0
0
0
0
0
0
0
0
4095
4095
0
0
0
0
0
0
0
0
0
0
0
0
0
0
4095
4095
0
0
0
0
0
0
0
0
0
0
0
0
0
0
4095
4095
0
0
0
0
0
0
0
0
0
0
0
0
0
0
4095
4095
0
0
0
0
0
0
0
0
0
0
0
0
0
0
4095
4095
0
0
0
0
0
0
0
0
0
0
0
0
0
0
4095
4095
0
0
0
0
0
0
0
0
0
0
0
0
0
0
4095
4095
0
0
0
0
0
0
0
0
0
0
0
0
0
0
4095
4095
0
0
0
0
0
0
0
0
0
0
0
0
0
0
4095
4095
0
0
0
0
0
0
0
0
0
0
0
0
0
0
4095
4095
0
0
0
0
0
0
0
0
0
0
0
0
0
0
4095
4095
0
0
0
0
0
0
0
0
0
0
0
0
0
0
4095
4095
0
0
0
0
0
0
0
0
0
0
0
0
0
0
4095
4095
0
0
0
0
0
0
0
0
0
0
0
0
0
0
4095
4095
0
0
0
0
0
0
0
0
0
0
0
0
0
0
4095
4095
0
0
0
0
0
0
0
0
0
0
0
0
0
0
4095
4095
0
0
0
0
0
0
0
0
0
0
0
0
0
0
4095
4095
0
0
0
0
0
0
0
0
0
0
0
0
0
0
4095
4095
0
0
0
0
0
0
0
0
0
0
0
0
0
0
4095
4095
0
0
0
0
0
0
0
0
0
0
0
0
0
0
4095
4095
0
0
0
0
0
0
0
0
0
0
0
0
0
0
4095
4095
0
0
0
0
0
0
0
0
0
0
0
0
0
0
4095
4095
0
0
0
0
0
0
0
0
0
0
0
0
0
0
4095
4095
0
0
0
0
0
0
0
0
0
0
0
0
0
0
4095
4095
0
0
0
0
0
0
0
0
0
0
0
0
0
0
4095
4095
0
0
0
0
0
0
0
0
0
0
0
0
0
0
4095
4095
0
0
0
0
0
0
0
0
0
0
0
0
0
0
4095
4095
0
0
0
0
0
0
0
0
0
0
0
0
0
0
4095
4095
0
0
0
0
0
0
0
0
0
0
0
0
0
0
4095
4095
0
0
0
0
0
0
0
0
0
0
0
0
0
0
4095
4095
0
0
0
0
0
0
0
0
0
0
0
0
0
0
4095
4095
0
0
0
0
0
0
0
0
0
0
0
0
0
0
4095
4095
0
0
0
0
0
0
0
0
0
0
0
0
0
0
4095
4095
0
0
0
0
0
0
0
0
0
0
0
0
0
0
4095
4095
0
0
0
0
0
0
0
0
0
0
0
0
0
0
4095
4095
0
0
0
0
0
0
0
0
0
0
0
0
0
0
4095
4095
0
0
0
0
0
0
0
0
0
0
0
0
0
0
4095
4095
0
0
0
0
0
0
0
0
0
0
0
0
0
0
4095
4095
0
0
0
0
0
0
0
0
0
0
0
0
0
0
4095
4095
0
0
0
0
0
0
0
0
0
0
0
0
0
0
4095
4095
0
0
0
0
0
0
0
0
0
0
0
0
0
0
4095
4095
0
0
0
0
0
0
0
0
0
0
0
0
0
0
4095
4095
0
0
0
0
0
0
0
0
0
0
0
0
0
0
4095
4095
0
0
0
0
0
0
0
0
0
0
0
0
0
0
4095
4095
0
0
0
0
0
0
0
0
0
0
0
0
0
0
4095
4095
0
0
0
0
0
0
0
0
0
0
0
0
0
0
4095
4095
0
0
0
0
0
0
0
0
0
0
0
0
0
0
4095
4095
0
0
0
0
0
0
0
0
0
0
0
0
0
0
4095
4095
0
0
0
0
0
0
0
0
0
0
0
0
0
0
4095
4095
0
0
0
0
0
0
0
0
0
0
0
0
0
0
4095
4095
0
0
0
0
0
0
0
0
0
0
0
0
0
0
4095
4095
0
0
0
0
0
0
0
0
0
0
0
0
0
0
4095
4095
0
0
0
0
0
0
0
0
0
0
0
0
0
0
4095
4095
0
0
0
0
0
0
0
0
0
0
0
0
0
0
4095
4095
0
0
0
0
0
0
0
0
0
0
0
0
0
0
4095
4095
0
0
0
0
0
0
0
0
0
0
0
0
0
0
4095
4095
0
0
0
0
0
0
0
0
0
0
0
0
0
0
4095
4095
0
0
0
0
0
0
0
0
0
0
0
0
0
0
4095
4095
0
0
0
0
0
0
0
0
0
0
0
0
0
0
4095
4095
0
0
0
0
0
0
0
0
0
0
0
0
0
0
4095
4095
0
0
0
0
0
0
0
0
0
0
0
0
0
0
4095
4095
0
0
0
0
0
0
0
0
0
0
0
0
0
0
4095
4095
0
0
0
0
0
0
0
0
0
0
0
0
0
0
4095
4095
0
0
0
0
0
0
0
0
0
0
0
0
0
0
4095
4095
0
0
0
0
0
0
0
0
0
0
0
0
0
0
4095
4095
0
0
0
0
0
0
0
0
0
0
0
0
0
0
4095
4095
0
0
0
0
0
0
0
0
0
0
0
0
0
0
4095
4095
0
0
0
0
0
0
0
0
0
0
0
0
0
0
4095
4095
0
0
0
0
0
0
0
0
0
0
0
0
0
0
4095
4095
0
0
0
0
0
0
0
0
0
0
0
0
0
0
4095
4095
0
0
0
0
0
0
0
0
0
0
0
0
0
0
4095
4095
0
0
0
0
0
0
0
0
0
0
0
0
0
0
4095
4095
0
0
0
0
0
0
0
0
0
0
0
0
0
0
4095
4095
0
0
0
0
0
0
0
0
0
0
0
0
0
0
4095
4095
0
0
0
0
0
0
0
0
0
0
0
0
0
0
4095
4095
0
0
0
0
0
0
0
0
0
0
0
0
0
0
4095
4095
0
0
0
0
0
0
0
0
0
0
0
0
0
0
4095
4095
0
0
0
0
0
0
0
0
0
0
0
0
0
0
4095
4095
0
0
0
0
0
0
0
0
0
0
0
0
0
0
4095
4095
0
0
0
0
0
0
0
0
0
0
0
0
0
0
4095
4095
0
0
0
0
0
0
0
0
0
0
0
0
0
0
4095
4095
0
0
0
0
0
0
0
0
0
0
0
0
0
0
4095
4095
0
0
0
0
0
0
0
0
0
0
0
0
0
0
4095
4095
0
0
0
0
0
0
0
0
0
0
0
0
0
0
4095
4095
0
0
0
0
0
0
0
0
0
0
0
0
0
0
4095
4095
0
0
0
0
0
0
0
0
0
0
0
0
0
0
4095
4095
0
0
0
0
0
0
0
0
0
0
0
0
0
0
4095
4095
0
0
0
0
0
0
0
0
0
0
0
0
0
0
4095
4095
0
0
0
0
0
0
0
0
0
0
0
0
0
0
4095
4095
0
0
0
0
0
0
0
0
0
0
0
0
0
0
4095
4095
0
0
0
0
0
0
0
0
0
0
0
0
0
0
4095
4095
0
0
0
0
0
0
0
0
0
0
0
0
0
0
4095
4095
0
0
0
0
0
0
0
0
0
0
0
0
0
0
4095
4095
0
0
0
0
0
0
0
0
0
0
0
0
0
0
4095
4095
0
0
0
0
0
0
0
0
0
0
0
0
0
0
4095
4095
0
0
0
0
0
0
0
0
0
0
0
0
0
0
4095
4095
0
0
0
0
0
0
0
0
0
0
0
0
0
0
4095
4095
0
0
0
0
0
0
