0
0
0
0
0
0
0
0
0
0
0
0
0
0
0
0
0
0
0
0
0
0
0
0
0
0
0
0
0
0
0
0
0
0
0
0
0
0
0
0
0
0
0
0
0
0
0
0
0
0
0
0
0
0
0
0
0
0
0
0
0
0
0
0
0
0
0
0
0
0
0
0
0
0
0
0
0
0
0
0
0
0
0
0
0
0
0
0
0
0
0
0
0
0
0
0
0
0
0
0
0
0
0
0
0
0
0
0
0
0
0
0
0
0
0
0
0
0
0
0
0
0
0
0
0
0
0
0
0
0
0
0
0
0
0
0
0
0
0
0
0
0
0
0
0
0
0
0
0
0
0
0
0
0
0
0
0
0
0
0
0
0
0
0
0
0
0
0
0
0
0
0
0
0
0
0
0
0
0
0
0
0
0
0
4094
4095
0
0
0
0
0
0
4094
4095
0
0
0
0
0
0
4094
4095
0
0
0
0
0
0
4094
4095
0
0
0
0
0
0
4094
4095
0
0
0
0
0
0
4094
4095
0
0
0
0
0
0
4094
4095
0
0
0
0
0
0
4094
4095
0
0
0
0
0
0
4094
4095
0
0
0
0
0
0
4094
4094
0
0
0
0
0
0
4093
4094
0
0
0
0
0
0
4094
0
0
0
0
0
0
0
4093
0
0
0
0
0
0
0
4094
0
0
0
0
0
0
0
4094
1
0
0
0
0
0
0
4095
1
0
0
0
0
0
0
4093
1
0
0
0
0
0
0
4095
1
0
0
0
0
0
0
4094
2
0
0
0
0
0
0
4095
1
0
0
0
0
0
0
4094
3
0
0
0
0
0
0
4094
2
0
0
0
0
0
0
4094
3
0
0
0
0
0
0
4094
4
0
0
0
0
0
0
4095
5
0
0
0
0
0
0
4095
5
0
0
0
0
0
0
4095
5
0
0
0
0
0
0
4093
5
0
0
0
0
0
0
4095
7
0
0
0
0
0
0
0
7
0
0
0
0
0
0
0
7
0
0
0
0
0
0
4095
8
0
0
0
0
0
0
4095
9
0
0
0
0
0
0
4095
10
0
0
0
0
0
0
4095
10
0
0
0
0
0
0
0
11
0
0
0
0
0
0
0
12
0
0
0
0
0
0
0
12
0
0
0
0
0
0
4095
13
0
0
0
0
0
0
1
14
0
0
0
0
0
0
1
15
0
0
0
0
0
0
1
16
0
0
0
0
0
0
0
16
0
0
0
0
0
0
0
17
0
0
0
0
0
0
1
18
0
0
0
0
0
0
1
19
0
0
0
0
0
0
1
21
0
0
0
0
0
0
1
20
0
0
0
0
0
0
1
22
0
0
0
0
0
0
2
24
0
0
0
0
0
0
1
23
0
0
0
0
0
0
0
24
0
0
0
0
0
0
1
25
0
0
0
0
0
0
1
27
0
0
0
0
0
0
2
28
0
0
0
0
0
0
0
29
0
0
0
0
0
0
2
30
0
0
0
0
0
0
3
32
0
0
0
0
0
0
3
32
0
0
0
0
0
0
2
35
0
0
0
0
0
0
2
34
0
0
0
0
0
0
2
37
0
0
0
0
0
0
4
37
0
0
0
0
0
0
3
38
0
0
0
0
0
0
2
38
0
0
0
0
0
0
4
41
0
0
0
0
0
0
4
43
0
0
0
0
0
0
4
43
0
0
0
0
0
0
3
45
0
0
0
0
0
0
4
46
0
0
0
0
0
0
5
47
0
0
0
0
0
0
4
49
0
0
0
0
0
0
4
50
0
0
0
0
0
0
5
52
0
0
0
0
0
0
4
53
0
0
0
0
0
0
6
55
0
0
0
0
0
0
5
56
0
0
0
0
0
0
6
58
0
0
0
0
0
0
6
59
0
0
0
0
0
0
4
60
0
0
0
0
0
0
5
62
0
0
0
0
0
0
6
63
0
0
0
0
0
0
6
65
0
0
0
0
0
0
6
66
0
0
0
0
0
0
6
68
0
0
0
0
0
0
7
70
0
0
0
0
0
0
8
72
0
0
0
0
0
0
7
74
0
0
0
0
0
0
6
74
0
0
0
0
0
0
7
76
0
0
0
0
0
0
8
79
0
0
0
0
0
0
8
80
0
0
0
0
0
0
8
82
0
0
0
0
0
0
9
83
0
0
0
0
0
0
9
84
0
0
0
0
0
0
7
86
0
0
0
0
0
0
10
90
0
0
0
0
0
0
10
91
0
0
0
0
0
0
9
92
0
0
0
0
0
0
10
94
0
0
0
0
0
0
10
95
0
0
0
0
0
0
11
99
0
0
0
0
0
0
12
101
0
0
0
0
0
0
11
103
0
0
0
0
0
0
11
104
0
0
0
0
0
0
10
105
0
0
0
0
0
0
12
108
0
0
0
0
0
0
13
110
0
0
0
0
0
0
13
113
0
0
0
0
0
0
12
114
0
0
0
0
0
0
13
116
0
0
0
0
0
0
14
119
0
0
0
0
0
0
14
121
0
0
0
0
0
0
12
122
0
0
0
0
0
0
13
125
0
0
0
0
0
0
13
126
0
0
0
0
0
0
14
128
0
0
0
0
0
0
14
130
0
0
0
0
0
0
15
132
0
0
0
0
0
0
14
134
0
0
0
0
0
0
15
137
0
0
0
0
0
0
15
138
0
0
0
0
0
0
16
142
0
0
0
0
0
0
17
144
0
0
0
0
0
0
16
146
0
0
0
0
0
0
16
147
0
0
0
0
0
0
16
149
0
0
0
0
0
0
17
153
0
0
0
0
0
0
18
155
0
0
0
0
0
0
16
156
0
0
0
0
0
0
17
159
0
0
0
0
0
0
19
162
0
0
0
0
0
0
18
164
0
0
0
0
0
0
19
168
0
0
0
0
0
0
19
169
0
0
0
0
0
0
19
172
0
0
0
0
0
0
19
174
0
0
0
0
0
0
19
176
0
0
0
0
0
0
21
179
0
0
0
0
0
0
20
180
0
0
0
0
0
0
20
183
0
0
0
0
0
0
20
186
0
0
0
0
0
0
21
188
0
0
0
0
0
0
21
190
0
0
0
0
0
0
22
193
0
0
0
0
0
0
21
196
0
0
0
0
0
0
21
197
0
0
0
0
0
0
22
200
0
0
0
0
0
0
22
202
0
0
0
0
0
0
23
206
0
0
0
0
0
0
24
209
0
0
0
0
0
0
23
211
0
0
0
0
0
0
23
213
0
0
0
0
0
0
25
216
0
0
0
0
0
0
25
219
0
0
0
0
0
0
25
221
0
0
0
0
0
0
24
225
0
0
0
0
0
0
25
227
0
0
0
0
0
0
26
230
0
0
0
0
0
0
26
231
0
0
0
0
0
0
27
235
0
0
0
0
0
0
27
237
0
0
0
0
0
0
27
240
0
0
0
0
0
0
27
243
0
0
0
0
0
0
27
246
0
0
0
0
0
0
29
248
0
0
0
0
0
0
28
251
0
0
0
0
0
0
29
254
0
0
0
0
0
0
28
255
0
0
0
0
0
0
30
259
0
0
0
0
0
0
30
262
0
0
0
0
0
0
30
265
0
0
0
0
0
0
31
267
0
0
0
0
0
0
31
270
0
0
0
0
0
0
30
273
0
0
0
0
0
0
31
276
0
0
0
0
0
0
31
279
0
0
0
0
0
0
31
282
0
0
0
0
0
0
33
285
0
0
0
0
0
0
33
288
0
0
0
0
0
0
33
291
0
0
0
0
0
0
35
295
0
0
0
0
0
0
33
295
0
0
0
0
0
0
34
299
0
0
0
0
0
0
34
303
0
0
0
0
0
0
34
305
0
0
0
0
0
0
34
307
0
0
0
0
0
0
34
310
0
0
0
0
0
0
35
314
0
0
0
0
0
0
37
318
0
0
0
0
0
0
37
320
0
0
0
0
0
0
37
322
0
0
0
0
0
0
38
325
0
0
0
0
0
0
37
330
0
0
0
0
0
0
38
332
0
0
0
0
0
0
38
333
0
0
0
0
0
0
39
338
0
0
0
0
0
0
38
341
0
0
0
0
0
0
39
343
0
0
0
0
0
0
39
346
0
0
0
0
0
0
41
351
0
0
0
0
0
0
42
353
0
0
0
0
0
0
41
356
0
0
0
0
0
0
40
358
0
0
0
0
0
0
41
361
0
0
0
0
0
0
41
365
0
0
0
0
0
0
41
367
0
0
0
0
0
0
42
370
0
0
0
0
0
0
41
374
0
0
0
0
0
0
43
376
0
0
0
0
0
0
44
381
0
0
0
0
0
0
45
383
0
0
0
0
0
0
45
386
0
0
0
0
0
0
44
388
0
0
0
0
0
0
44
391
0
0
0
0
0
0
44
395
0
0
0
0
0
0
44
397
0
0
0
0
0
0
46
402
0
0
0
0
0
0
45
403
0
0
0
0
0
0
46
407
0
0
0
0
0
0
46
410
0
0
0
0
0
0
47
413
0
0
0
0
0
0
48
418
0
0
0
0
0
0
49
420
0
0
0
0
0
0
48
422
0
0
0
0
0
0
48
426
0
0
0
0
0
0
49
429
0
0
0
0
0
0
49
432
0
0
0
0
0
0
49
435
0
0
0
0
0
0
50
438
0
0
0
0
0
0
49
442
0
0
0
0
0
0
51
444
0
0
0
0
0
0
51
449
0
0
0
0
0
0
52
451
0
0
0
0
0
0
51
454
0
0
0
0
0
0
51
457
0
0
0
0
0
0
52
460
0
0
0
0
0
0
52
463
0
0
0
0
0
0
53
466
0
0
0
0
0
0
53
470
0
0
0
0
0
0
53
472
0
0
0
0
0
0
54
476
0
0
0
0
0
0
54
480
0
0
0
0
0
0
57
484
0
0
0
0
0
0
56
486
0
0
0
0
0
0
54
489
0
0
0
0
0
0
56
493
0
0
0
0
0
0
55
494
0
0
0
0
0
0
56
499
0
0
0
0
0
0
56
502
0
0
0
0
0
0
57
505
0
0
0
0
0
0
58
508
0
0
0
0
0
0
57
511
0
0
0
0
0
0
60
515
0
0
0
0
0
0
60
518
0
0
0
0
0
0
60
521
0
0
0
0
0
0
58
524
0
0
0
0
0
0
61
527
0
0
0
0
0
0
60
530
0
0
0
0
0
0
60
533
0
0
0
0
0
0
61
536
0
0
0
0
0
0
60
539
0
0
0
0
0
0
62
543
0
0
0
0
0
0
61
546
0
0
0
0
0
0
64
549
0
0
0
0
0
0
64
554
0
0
0
0
0
0
63
555
0
0
0
0
0
0
63
558
0
0
0
0
0
0
64
562
0
0
0
0
0
0
63
565
0
0
0
0
0
0
65
568
0
0
0
0
0
0
64
571
0
0
0
0
0
0
66
574
0
0
0
0
0
0
65
577
0
0
0
0
0
0
67
580
0
0
0
0
0
0
68
585
0
0
0
0
0
0
68
586
0
0
0
0
0
0
66
590
0
0
0
0
0
0
68
593
0
0
0
0
0
0
67
596
0
0
0
0
0
0
68
600
0
0
0
0
0
0
69
602
0
0
0
0
0
0
69
605
0
0
0
0
0
0
68
608
0
0
0
0
0
0
69
611
0
0
0
0
0
0
71
616
0
0
0
0
0
0
71
618
0
0
0
0
0
0
70
620
0
0
0
0
0
0
71
623
0
0
0
0
0
0
71
626
0
0
0
0
0
0
71
629
0
0
0
0
0
0
71
632
0
0
0
0
0
0
72
636
0
0
0
0
0
0
72
638
0
0
0
0
0
0
73
642
0
0
0
0
0
0
73
645
0
0
0
0
0
0
73
648
0
0
0
0
0
0
74
651
0
0
0
0
0
0
74
655
0
0
0
0
0
0
74
657
0
0
0
0
0
0
76
661
0
0
0
0
0
0
76
665
0
0
0
0
0
0
76
666
0
0
0
0
0
0
76
670
0
0
0
0
0
0
76
673
0
0
0
0
0
0
76
675
0
0
0
0
0
0
78
679
0
0
0
0
0
0
78
682
0
0
0
0
0
0
78
683
0
0
0
0
0
0
77
687
0
0
0
0
0
0
78
691
0
0
0
0
0
0
79
692
0
0
0
0
0
0
79
695
0
0
0
0
0
0
79
699
0
0
0
0
0
0
80
701
0
0
0
0
0
0
80
704
0
0
0
0
0
0
80
709
0
0
0
0
0
0
82
711
0
0
0
0
0
0
82
713
0
0
0
0
0
0
81
716
0
0
0
0
0
0
81
719
0
0
0
0
0
0
82
722
0
0
0
0
0
0
81
725
0
0
0
0
0
0
82
728
0
0
0
0
0
0
83
730
0
0
0
0
0
0
84
733
0
0
0
0
0
0
84
737
0
0
0
0
0
0
84
739
0
0
0
0
0
0
84
742
0
0
0
0
0
0
84
745
0
0
0
0
0
0
85
748
0
0
0
0
0
0
86
751
0
0
0
0
0
0
85
752
0
0
0
0
0
0
86
755
0
0
0
0
0
0
86
759
0
0
0
0
0
0
87
762
0
0
0
0
0
0
88
764
0
0
0
0
0
0
87
766
0
0
0
0
0
0
88
769
0
0
0
0
0
0
88
772
0
0
0
0
0
0
87
775
0
0
0
0
0
0
88
777
0
0
0
0
0
0
88
780
0
0
0
0
0
0
88
782
0
0
0
0
0
0
89
785
0
0
0
0
0
0
90
788
0
0
0
0
0
0
89
789
0
0
0
0
0
0
90
791
0
0
0
0
0
0
91
795
0
0
0
0
0
0
91
799
0
0
0
0
0
0
91
800
0
0
0
0
0
0
91
803
0
0
0
0
0
0
92
806
0
0
0
0
0
0
91
809
0
0
0
0
0
0
93
811
0
0
0
0
0
0
91
812
0
0
0
0
0
0
93
815
0
0
0
0
0
0
92
818
0
0
0
0
0
0
93
820
0
0
0
0
0
0
93
824
0
0
0
0
0
0
95
826
0
0
0
0
0
0
93
827
0
0
0
0
0
0
94
830
0
0
0
0
0
0
93
832
0
0
0
0
0
0
94
835
0
0
0
0
0
0
96
836
0
0
0
0
0
0
96
840
0
0
0
0
0
0
96
842
0
0
0
0
0
0
95
844
0
0
0
0
0
0
97
847
0
0
0
0
0
0
96
848
0
0
0
0
0
0
95
851
0
0
0
0
0
0
96
854
0
0
0
0
0
0
97
857
0
0
0
0
0
0
98
858
0
0
0
0
0
0
96
860
0
0
0
0
0
0
98
862
0
0
0
0
0
0
98
866
0
0
0
0
0
0
99
868
0
0
0
0
0
0
97
869
0
0
0
0
0
0
98
870
0
0
0
0
0
0
99
873
0
0
0
0
0
0
98
875
0
0
0
0
0
0
99
877
0
0
0
0
0
0
100
879
0
0
0
0
0
0
99
881
0
0
0
0
0
0
100
884
0
0
0
0
0
0
102
886
0
0
0
0
0
0
100
887
0
0
0
0
0
0
101
890
0
0
0
0
0
0
100
892
0
0
0
0
0
0
101
895
0
0
0
0
0
0
101
896
0
0
0
0
0
0
101
898
0
0
0
0
0
0
101
899
0
0
0
0
0
0
102
902
0
0
0
0
0
0
102
903
0
0
0
0
0
0
102
904
0
0
0
0
0
0
102
907
0
0
0
0
0
0
102
909
0
0
0
0
0
0
103
911
0
0
0
0
0
0
102
912
0
0
0
0
0
0
102
914
0
0
0
0
0
0
103
916
0
0
0
0
0
0
103
918
0
0
0
0
0
0
103
920
0
0
0
0
0
0
104
922
0
0
0
0
0
0
104
923
0
0
0
0
0
0
104
925
0
0
0
0
0
0
105
928
0
0
0
0
0
0
104
929
0
0
0
0
0
0
104
928
0
0
0
0
0
0
105
932
0
0
0
0
0
0
105
933
0
0
0
0
0
0
105
935
0
0
0
0
0
0
105
937
0
0
0
0
0
0
106
939
0
0
0
0
0
0
105
939
0
0
0
0
0
0
106
941
0
0
0
0
0
0
106
943
0
0
0
0
0
0
107
945
0
0
0
0
0
0
106
946
0
0
0
0
0
0
107
946
0
0
0
0
0
0
106
949
0
0
0
0
0
0
106
949
0
0
0
0
0
0
107
951
0
0
0
0
0
0
107
953
0
0
0
0
0
0
108
955
0
0
0
0
0
0
107
957
0
0
0
0
0
0
108
957
0
0
0
0
0
0
108
958
0
0
0
0
0
0
109
959
0
0
0
0
0
0
107
961
0
0
0
0
0
0
108
962
0
0
0
0
0
0
108
964
0
0
0
0
0
0
109
965
0
0
0
0
0
0
107
966
0
0
0
0
0
0
109
967
0
0
0
0
0
0
107
968
0
0
0
0
0
0
109
970
0
0
0
0
0
0
109
970
0
0
0
0
0
0
108
971
0
0
0
0
0
0
110
973
0
0
0
0
0
0
109
973
0
0
0
0
0
0
110
976
0
0
0
0
0
0
110
975
0
0
0
0
0
0
110
978
0
0
0
0
0
0
109
978
0
0
0
0
0
0
111
980
0
0
0
0
0
0
109
979
0
0
0
0
0
0
109
981
0
0
0
0
0
0
110
983
0
0
0
0
0
0
110
982
0
0
0
0
0
0
110
984
0
0
0
0
0
0
110
984
0
0
0
0
0
0
111
986
0
0
0
0
0
0
110
986
0
0
0
0
0
0
110
987
0
0
0
0
0
0
111
989
0
0
0
0
0
0
110
989
0
0
0
0
0
0
111
990
0
0
0
0
0
0
110
990
0
0
0
0
0
0
111
991
0
0
0
0
0
0
111
991
0
0
0
0
0
0
111
992
0
0
0
0
0
0
110
993
0
0
0
0
0
0
111
993
0
0
0
0
0
0
111
994
0
0
0
0
0
0
111
995
0
0
0
0
0
0
111
996
0
0
0
0
0
0
111
996
0
0
0
0
0
0
111
996
0
0
0
0
0
0
111
997
0
0
0
0
0
0
112
998
0
0
0
0
0
0
112
999
0
0
0
0
0
0
112
998
0
0
0
0
0
0
111
999
0
0
0
0
0
0
111
1000
0
0
0
0
0
0
111
1000
0
0
0
0
0
0
111
1001
0
0
0
0
0
0
111
1000
0
0
0
0
0
0
111
1002
0
0
0
0
0
0
112
1001
0
0
0
0
0
0
111
1003
0
0
0
0
0
0
112
1002
0
0
0
0
0
0
111
1002
0
0
0
0
0
0
111
1002
0
0
0
0
0
0
111
1003
0
0
0
0
0
0
111
1003
0
0
0
0
0
0
112
1003
0
0
0
0
0
0
112
1003
0
0
0
0
0
0
111
1004
0
0
0
0
0
0
112
1005
0
0
0
0
0
0
112
1005
0
0
0
0
0
0
112
1004
0
0
0
0
0
0
112
1005
0
0
0
0
0
0
112
1004
0
0
0
0
0
0
112
1005
0
0
0
0
0
0
112
1004
0
0
0
0
0
0
112
1004
0
0
0
0
0
0
112
1004
0
0
0
0
0
0
112
1004
0
0
0
0
0
0
112
1004
0
0
0
0
0
0
112
1004
0
0
0
0
0
0
112
1005
0
0
0
0
0
0
112
1004
0
0
0
0
0
0
111
1005
0
0
0
0
0
0
111
1005
0
0
0
0
0
0
113
1003
0
0
0
0
0
0
111
1003
0
0
0
0
0
0
111
1003
0
0
0
0
0
0
111
1001
0
0
0
0
0
0
110
1002
0
0
0
0
0
0
110
1002
0
0
0
0
0
0
110
1002
0
0
0
0
0
0
110
1002
0
0
0
0
0
0
111
1001
0
0
0
0
0
0
112
1002
0
0
0
0
0
0
110
999
0
0
0
0
0
0
110
1000
0
0
0
0
0
0
111
1000
0
0
0
0
0
0
110
999
0
0
0
0
0
0
110
999
0
0
0
0
0
0
111
998
0
0
0
0
0
0
111
997
0
0
0
0
0
0
110
997
0
0
0
0
0
0
110
997
0
0
0
0
0
0
109
995
0
0
0
0
0
0
109
995
0
0
0
0
0
0
110
996
0
0
0
0
0
0
110
995
0
0
0
0
0
0
110
994
0
0
0
0
0
0
109
993
0
0
0
0
0
0
108
992
0
0
0
0
0
0
110
992
0
0
0
0
0
0
109
991
0
0
0
0
0
0
109
991
0
0
0
0
0
0
109
990
0
0
0
0
0
0
109
989
0
0
0
0
0
0
110
988
0
0
0
0
0
0
109
987
0
0
0
0
0
0
109
986
0
0
0
0
0
0
108
986
0
0
0
0
0
0
109
985
0
0
0
0
0
0
108
984
0
0
0
0
0
0
107
983
0
0
0
0
0
0
109
982
0
0
0
0
0
0
107
982
0
0
0
0
0
0
108
980
0
0
0
0
0
0
108
980
0
0
0
0
0
0
109
978
0
0
0
0
0
0
107
977
0
0
0
0
0
0
107
976
0
0
0
0
0
0
107
974
0
0
0
0
0
0
107
973
0
0
0
0
0
0
107
972
0
0
0
0
0
0
106
972
0
0
0
0
0
0
107
971
0
0
0
0
0
0
107
969
0
0
0
0
0
0
107
968
0
0
0
0
0
0
105
967
0
0
0
0
0
0
106
966
0
0
0
0
0
0
106
965
0
0
0
0
0
0
106
964
0
0
0
0
0
0
106
963
0
0
0
0
0
0
105
961
0
0
0
0
0
0
105
959
0
0
0
0
0
0
104
958
0
0
0
0
0
0
105
956
0
0
0
0
0
0
105
955
0
0
0
0
0
0
104
955
0
0
0
0
0
0
104
952
0
0
0
0
0
0
105
951
0
0
0
0
0
0
104
951
0
0
0
0
0
0
104
948
0
0
0
0
0
0
104
948
0
0
0
0
0
0
104
945
0
0
0
0
0
0
103
944
0
0
0
0
0
0
103
942
0
0
0
0
0
0
103
941
0
0
0
0
0
0
103
939
0
0
0
0
0
0
103
939
0
0
0
0
0
0
102
936
0
0
0
0
0
0
102
935
0
0
0
0
0
0
102
933
0
0
0
0
0
0
101
932
0
0
0
0
0
0
101
930
0
0
0
0
0
0
102
929
0
0
0
0
0
0
101
926
0
0
0
0
0
0
101
925
0
0
0
0
0
0
100
924
0
0
0
0
0
0
100
921
0
0
0
0
0
0
100
920
0
0
0
0
0
0
100
917
0
0
0
0
0
0
99
917
0
0
0
0
0
0
100
915
0
0
0
0
0
0
99
913
0
0
0
0
0
0
99
911
0
0
0
0
0
0
99
909
0
0
0
0
0
0
98
907
0
0
0
0
0
0
98
906
0
0
0
0
0
0
98
903
0
0
0
0
0
0
98
901
0
0
0
0
0
0
97
899
0
0
0
0
0
0
97
898
0
0
0
0
0
0
97
895
0
0
0
0
0
0
96
893
0
0
0
0
0
0
96
892
0
0
0
0
0
0
96
890
0
0
0
0
0
0
96
888
0
0
0
0
0
0
97
886
0
0
0
0
0
0
96
883
0
0
0
0
0
0
96
881
0
0
0
0
0
0
95
879
0
0
0
0
0
0
94
877
0
0
0
0
0
0
95
876
0
0
0
0
0
0
94
873
0
0
0
0
0
0
94
871
0
0
0
0
0
0
94
870
0
0
0
0
0
0
94
867
0
0
0
0
0
0
93
864
0
0
0
0
0
0
94
862
0
0
0
0
0
0
93
861
0
0
0
0
0
0
94
858
0
0
0
0
0
0
92
856
0
0
0
0
0
0
93
854
0
0
0
0
0
0
92
851
0
0
0
0
0
0
92
849
0
0
0
0
0
0
91
847
0
0
0
0
0
0
92
845
0
0
0
0
0
0
91
841
0
0
0
0
0
0
90
840
0
0
0
0
0
0
91
837
0
0
0
0
0
0
90
835
0
0
0
0
0
0
90
832
0
0
0
0
0
0
89
830
0
0
0
0
0
0
89
828
0
0
0
0
0
0
89
825
0
0
0
0
0
0
88
824
0
0
0
0
0
0
88
820
0
0
0
0
0
0
88
819
0
0
0
0
0
0
88
816
0
0
0
0
0
0
88
814
0
0
0
0
0
0
88
810
0
0
0
0
0
0
87
808
0
0
0
0
0
0
87
806
0
0
0
0
0
0
86
803
0
0
0
0
0
0
86
802
0
0
0
0
0
0
85
798
0
0
0
0
0
0
85
795
0
0
0
0
0
0
85
794
0
0
0
0
0
0
85
790
0
0
0
0
0
0
84
787
0
0
0
0
0
0
83
784
0
0
0
0
0
0
84
783
0
0
0
0
0
0
84
780
0
0
0
0
0
0
82
777
0
0
0
0
0
0
83
775
0
0
0
0
0
0
83
772
0
0
0
0
0
0
83
770
0
0
0
0
0
0
82
767
0
0
0
0
0
0
81
763
0
0
0
0
0
0
81
761
0
0
0
0
0
0
81
759
0
0
0
0
0
0
81
756
0
0
0
0
0
0
81
753
0
0
0
0
0
0
81
750
0
0
0
0
0
0
80
747
0
0
0
0
0
0
79
744
0
0
0
0
0
0
79
741
0
0
0
0
0
0
79
739
0
0
0
0
0
0
78
736
0
0
0
0
0
0
78
733
0
0
0
0
0
0
78
730
0
0
0
0
0
0
77
727
0
0
0
0
0
0
76
725
0
0
0
0
0
0
77
722
0
0
0
0
0
0
77
719
0
0
0
0
0
0
75
716
0
0
0
0
0
0
75
714
0
0
0
0
0
0
75
711
0
0
0
0
0
0
77
709
0
0
0
0
0
0
75
705
0
0
0
0
0
0
75
702
0
0
0
0
0
0
75
700
0
0
0
0
0
0
74
696
0
0
0
0
0
0
74
694
0
0
0
0
0
0
73
691
0
0
0
0
0
0
73
687
0
0
0
0
0
0
72
684
0
0
0
0
0
0
71
681
0
0
0
0
0
0
71
680
0
0
0
0
0
0
72
675
0
0
0
0
0
0
70
672
0
0
0
0
0
0
70
670
0
0
0
0
0
0
70
668
0
0
0
0
0
0
71
664
0
0
0
0
0
0
69
661
0
0
0
0
0
0
69
659
0
0
0
0
0
0
70
655
0
0
0
0
0
0
69
652
0
0
0
0
0
0
68
650
0
0
0
0
0
0
68
646
0
0
0
0
0
0
67
643
0
0
0
0
0
0
68
641
0
0
0
0
0
0
68
637
0
0
0
0
0
0
67
634
0
0
0
0
0
0
66
630
0
0
0
0
0
0
66
629
0
0
0
0
0
0
65
625
0
0
0
0
0
0
65
621
0
0
0
0
0
0
65
619
0
0
0
0
0
0
64
614
0
0
0
0
0
0
64
612
0
0
0
0
0
0
65
609
0
0
0
0
0
0
63
606
0
0
0
0
0
0
62
604
0
0
0
0
0
0
63
599
0
0
0
0
0
0
63
597
0
0
0
0
0
0
61
592
0
0
0
0
0
0
61
590
0
0
0
0
0
0
62
587
0
0
0
0
0
0
60
584
0
0
0
0
0
0
60
581
0
0
0
0
0
0
60
578
0
0
0
0
0
0
60
574
0
0
0
0
0
0
59
572
0
0
0
0
0
0
59
569
0
0
0
0
0
0
59
566
0
0
0
0
0
0
59
561
0
0
0
0
0
0
57
559
0
0
0
0
0
0
58
556
0
0
0
0
0
0
58
553
0
0
0
0
0
0
56
549
0
0
0
0
0
0
57
547
0
0
0
0
0
0
56
543
0
0
0
0
0
0
56
541
0
0
0
0
0
0
56
537
0
0
0
0
0
0
55
535
0
0
0
0
0
0
56
530
0
0
0
0
0
0
54
528
0
0
0
0
0
0
54
524
0
0
0
0
0
0
53
521
0
0
0
0
0
0
54
518
0
0
0
0
0
0
53
514
0
0
0
0
0
0
52
512
0
0
0
0
0
0
53
509
0
0
0
0
0
0
52
507
0
0
0
0
0
0
51
501
0
0
0
0
0
0
51
500
0
0
0
0
0
0
51
496
0
0
0
0
0
0
51
493
0
0
0
0
0
0
49
489
0
0
0
0
0
0
50
486
0
0
0
0
0
0
50
484
0
0
0
0
0
0
49
479
0
0
0
0
0
0
49
479
0
0
0
0
0
0
48
473
0
0
0
0
0
0
48
471
0
0
0
0
0
0
47
467
0
0
0
0
0
0
48
465
0
0
0
0
0
0
46
461
0
0
0
0
0
0
46
457
0
0
0
0
0
0
46
456
0
0
0
0
0
0
46
451
0
0
0
0
0
0
46
448
0
0
0
0
0
0
45
446
0
0
0
0
0
0
45
442
0
0
0
0
0
0
45
440
0
0
0
0
0
0
45
437
0
0
0
0
0
0
44
433
0
0
0
0
0
0
43
431
0
0
0
0
0
0
44
427
0
0
0
0
0
0
43
424
0
0
0
0
0
0
43
421
0
0
0
0
0
0
42
418
0
0
0
0
0
0
42
414
0
0
0
0
0
0
42
412
0
0
0
0
0
0
41
407
0
0
0
0
0
0
41
405
0
0
0
0
0
0
40
402
0
0
0
0
0
0
39
398
0
0
0
0
0
0
40
395
0
0
0
0
0
0
39
393
0
0
0
0
0
0
38
389
0
0
0
0
0
0
39
386
0
0
0
0
0
0
39
384
0
0
0
0
0
0
38
380
0
0
0
0
0
0
37
377
0
0
0
0
0
0
38
374
0
0
0
0
0
0
37
371
0
0
0
0
0
0
36
369
0
0
0
0
0
0
35
364
0
0
0
0
0
0
35
363
0
0
0
0
0
0
36
360
0
0
0
0
0
0
35
356
0
0
0
0
0
0
35
353
0
0
0
0
0
0
34
350
0
0
0
0
0
0
34
347
0
0
0
0
0
0
33
344
0
0
0
0
0
0
34
341
0
0
0
0
0
0
33
338
0
0
0
0
0
0
34
336
0
0
0
0
0
0
32
333
0
0
0
0
0
0
33
329
0
0
0
0
0
0
32
326
0
0
0
0
0
0
32
323
0
0
0
0
0
0
32
321
0
0
0
0
0
0
31
316
0
0
0
0
0
0
31
314
0
0
0
0
0
0
30
312
0
0
0
0
0
0
30
309
0
0
0
0
0
0
29
304
0
0
0
0
0
0
30
302
0
0
0
0
0
0
29
300
0
0
0
0
0
0
29
297
0
0
0
0
0
0
29
294
0
0
0
0
0
0
27
292
0
0
0
0
0
0
27
287
0
0
0
0
0
0
27
285
0
0
0
0
0
0
27
282
0
0
0
0
0
0
28
280
0
0
0
0
0
0
27
276
0
0
0
0
0
0
25
273
0
0
0
0
0
0
26
271
0
0
0
0
0
0
25
268
0
0
0
0
0
0
25
266
0
0
0
0
0
0
26
264
0
0
0
0
0
0
24
261
0
0
0
0
0
0
24
258
0
0
0
0
0
0
26
255
0
0
0
0
0
0
23
252
0
0
0
0
0
0
23
249
0
0
0
0
0
0
23
246
0
0
0
0
0
0
23
243
0
0
0
0
0
0
22
241
0
0
0
0
0
0
22
238
0
0
0
0
0
0
22
235
0
0
0
0
0
0
21
232
0
0
0
0
0
0
21
230
0
0
0
0
0
0
21
228
0
0
0
0
0
0
20
225
0
0
0
0
0
0
21
222
0
0
0
0
0
0
19
218
0
0
0
0
0
0
19
218
0
0
0
0
0
0
19
214
0
0
0
0
0
0
20
212
0
0
0
0
0
0
18
208
0
0
0
0
0
0
18
207
0
0
0
0
0
0
18
203
0
0
0
0
0
0
18
200
0
0
0
0
0
0
17
198
0
0
0
0
0
0
17
196
0
0
0
0
0
0
18
194
0
0
0
0
0
0
16
192
0
0
0
0
0
0
18
189
0
0
0
0
0
0
17
187
0
0
0
0
0
0
16
183
0
0
0
0
0
0
15
181
0
0
0
0
0
0
16
179
0
0
0
0
0
0
15
176
0
0
0
0
0
0
14
174
0
0
0
0
0
0
14
173
0
0
0
0
0
0
14
169
0
0
0
0
0
0
15
167
0
0
0
0
0
0
15
165
0
0
0
0
0
0
14
162
0
0
0
0
0
0
14
161
0
0
0
0
0
0
13
156
0
0
0
0
0
0
13
155
0
0
0
0
0
0
13
153
0
0
0
0
0
0
13
150
0
0
0
0
0
0
11
147
0
0
0
0
0
0
11
146
0
0
0
0
0
0
12
144
0
0
0
0
0
0
11
141
0
0
0
0
0
0
12
138
0
0
0
0
0
0
10
137
0
0
0
0
0
0
11
134
0
0
0
0
0
0
10
133
0
0
0
0
0
0
10
131
0
0
0
0
0
0
11
130
0
0
0
0
0
0
10
127
0
0
0
0
0
0
10
124
0
0
0
0
0
0
10
123
0
0
0
0
0
0
10
120
0
0
0
0
0
0
9
118
0
0
0
0
0
0
9
117
0
0
0
0
0
0
9
116
0
0
0
0
0
0
9
113
0
0
0
0
0
0
8
111
0
0
0
0
0
0
8
108
0
0
0
0
0
0
8
105
0
0
0
0
0
0
8
104
0
0
0
0
0
0
7
101
0
0
0
0
0
0
8
101
0
0
0
0
0
0
6
98
0
0
0
0
0
0
7
98
0
0
0
0
0
0
6
95
0
0
0
0
0
0
7
93
0
0
0
0
0
0
7
90
0
0
0
0
0
0
6
90
0
0
0
0
0
0
5
87
0
0
0
0
0
0
5
86
0
0
0
0
0
0
6
84
0
0
0
0
0
0
5
82
0
0
0
0
0
0
6
80
0
0
0
0
0
0
5
79
0
0
0
0
0
0
5
78
0
0
0
0
0
0
4
75
0
0
0
0
0
0
5
74
0
0
0
0
0
0
6
72
0
0
0
0
0
0
4
70
0
0
0
0
0
0
4
69
0
0
0
0
0
0
3
66
0
0
0
0
0
0
4
65
0
0
0
0
0
0
3
65
0
0
0
0
0
0
3
63
0
0
0
0
0
0
3
60
0
0
0
0
0
0
4
60
0
0
0
0
0
0
2
57
0
0
0
0
0
0
3
56
0
0
0
0
0
0
3
55
0
0
0
0
0
0
3
54
0
0
0
0
0
0
2
51
0
0
0
0
0
0
3
51
0
0
0
0
0
0
2
49
0
0
0
0
0
0
1
47
0
0
0
0
0
0
1
47
0
0
0
0
0
0
1
44
0
0
0
0
0
0
2
44
0
0
0
0
0
0
0
42
0
0
0
0
0
0
2
41
0
0
0
0
0
0
1
40
0
0
0
0
0
0
1
39
0
0
0
0
0
0
1
37
0
0
0
0
0
0
4095
35
0
0
0
0
0
0
2
36
0
0
0
0
0
0
0
34
0
0
0
0
0
0
1
33
0
0
0
0
0
0
0
31
0
0
0
0
0
0
0
31
0
0
0
0
0
0
0
29
0
0
0
0
0
0
0
28
0
0
0
0
0
0
0
26
0
0
0
0
0
0
0
26
0
0
0
0
0
0
4095
24
0
0
0
0
0
0
4094
24
0
0
0
0
0
0
4095
22
0
0
0
0
0
0
4095
22
0
0
0
0
0
0
4095
21
0
0
0
0
0
0
4095
20
0
0
0
0
0
0
4095
20
0
0
0
0
0
0
4095
18
0
0
0
0
0
0
4094
17
0
0
0
0
0
0
0
17
0
0
0
0
0
0
4095
15
0
0
0
0
0
0
4095
15
0
0
0
0
0
0
4094
14
0
0
0
0
0
0
4095
14
0
0
0
0
0
0
4095
13
0
0
0
0
0
0
4093
12
0
0
0
0
0
0
4094
11
0
0
0
0
0
0
4094
11
0
0
0
0
0
0
4094
10
0
0
0
0
0
0
4094
10
0
0
0
0
0
0
4094
9
0
0
0
0
0
0
4094
8
0
0
0
0
0
0
4094
7
0
0
0
0
0
0
4094
6
0
0
0
0
0
0
4094
5
0
0
0
0
0
0
4093
4
0
0
0
0
0
0
4094
5
0
0
0
0
0
0
4094
4
0
0
0
0
0
0
4094
3
0
0
0
0
0
0
4094
4
0
0
0
0
0
0
4094
3
0
0
0
0
0
0
4093
2
0
0
0
0
0
0
4092
2
0
0
0
0
0
0
4094
2
0
0
0
0
0
0
4094
2
0
0
0
0
0
0
4095
1
0
0
0
0
0
0
4093
1
0
0
0
0
0
0
4094
1
0
0
0
0
0
0
4094
1
0
0
0
0
0
0
4093
4095
0
0
0
0
0
0
4093
0
0
0
0
0
0
0
4092
4095
0
0
0
0
0
0
4094
4095
0
0
0
0
0
0
4093
4095
0
0
0
0
0
0
4094
4095
0
0
0
0
0
0
4094
4095
0
0
0
0
0
0
4094
4095
0
0
0
0
0
0
4094
4095
0
0
0
0
0
0
4094
4095
0
0
0
0
0
0
4095
4095
0
0
0
0
0
0
4094
4095
0
0
0
0
0
0
4094
4095
0
0
0
0
0
0
4094
4095
0
0
0
0
0
0
4095
4095
0
0
0
0
0
0
4095
0
0
0
0
0
0
0
0
0
0
0
0
0
0
0
0
0
0
0
0
0
0
0
0
4095
0
0
0
0
0
0
4095
4095
0
0
0
0
0
0
4095
4095
0
0
0
0
0
0
4095
0
0
0
0
0
0
0
4095
0
0
0
0
0
0
0
0
0
0
0
0
0
0
0
0
0
0
0
0
0
0
0
0
0
0
0
0
0
0
0
0
0
0
0
0
0
0
0
0
0
0
0
0
0
0
0
0
0
0
0
0
0
0
0
0
0
0
0
0
0
0
0
0
0
0
0
0
0
0
0
0
0
0
0
0
0
0
0
0
0
0
0
0
0
0
0
0
0
0
0
0
0
0
0
0
0
0
0
0
0
0
0
0
0
0
0
0
0
0
0
0
0
0
0
0
0
0
0
0
0
0
0
0
0
0
0
0
0
0
0
0
0
0
0
0
0
0
0
0
0
0
0
0
0
0
0
0
0
0
0
0
0
0
0
0
0
0
0
0
0
0
0
0
0
0
0
0
0
0
0
0
0
0
0
0
0
0
0
0
0
0
0
0
0
0
0
0
0
0
0
0
0
0
0
0
0
0
0
0
0
0
0
0
0
0
0
0
0
0
0
0
0
0
0
0
0
0
0
0
0
0
0
0
0
0
0
0
0
0
0
0
0
0
0
0
0
0
0
0
0
0
0
0
0
0
0
0
0
0
0
0
0
0
0
0
0
0
0
0
0
0
0
0
0
0
0
0
0
0
0
0
0
0
0
0
0
0
0
0
0
0
0
0
0
0
0
0
0
0
0
0
0
0
0
0
0
0
0
0
0
0
0
0
0
0
0
0
0
0
0
0
0
0
0
0
0
0
0
0
0
0
0
0
0
0
0
0
0
0
0
0
0
0
0
0
0
0
0
0
0
0
0
0
0
0
0
0
0
0
0
0
0
0
0
0
0
0
0
0
0
0
0
0
0
0
0
0
0
0
0
0
0
0
0
0
0
0
0
0
0
0
0
0
0
0
0
0
0
0
0
0
0
0
0
0
0
0
0
0
0
0
0
0
0
0
0
0
0
0
0
0
0
0
0
0
0
0
0
0
0
0
0
0
0
0
0
0
0
0
0
0
0
0
0
0
0
0
0
0
0
0
0
0
0
0
0
0
0
0
0
0
0
0
0
0
0
0
0
0
0
0
0
0
0
0
0
0
0
0
0
0
0
0
0
0
0
0
0
0
0
0
0
0
0
0
0
0
0
0
0
0
0
0
0
0
0
0
0
0
0
0
0
0
0
0
0
0
0
0
0
0
0
0
0
0
0
0
0
0
0
0
0
0
0
0
0
0
0
0
0
0
0
0
0
0
0
0
0
0
0
0
0
0
0
0
0
0
0
0
0
0
0
0
0
0
0
0
0
0
0
0
0
0
0
0
0
0
0
0
0
0
0
0
0
0
0
0
0
0
0
0
0
0
0
0
0
0
0
0
0
0
0
0
0
0
0
0
0
0
0
0
0
0
0
0
0
0
0
0
0
0
0
0
0
0
0
0
0
0
0
0
0
0
0
0
0
0
0
0
0
0
0
0
0
0
0
0
0
0
0
0
0
0
0
0
0
0
0
0
0
0
0
0
0
0
0
0
0
0
0
0
0
0
0
0
0
0
0
0
0
0
0
0
0
0
0
0
0
0
0
0
0
0
0
0
0
0
0
0
0
0
0
0
0
0
0
0
0
0
0
0
0
0
0
0
0
0
0
0
0
0
0
0
0
0
0
0
0
0
0
0
0
0
0
0
0
0
0
0
0
0
0
0
0
0
0
0
0
0
0
0
0
0
0
0
0
0
0
0
0
0
0
0
0
0
0
0
0
0
0
0
0
0
0
0
0
0
0
0
0
0
0
0
0
0
0
0
0
0
0
0
0
0
0
0
0
0
0
0
0
0
0
0
0
0
0
0
0
0
0
0
0
0
0
0
0
0
0
0
0
0
0
0
0
0
0
0
0
0
0
0
0
0
0
0
0
0
0
0
0
0
0
0
0
0
0
0
0
0
0
0
0
0
0
0
0
0
0
0
0
0
0
0
0
0
0
0
0
0
0
0
0
0
0
0
0
0
0
0
0
0
0
0
0
0
0
0
0
0
0
0
0
0
0
0
0
0
0
0
0
0
0
0
0
0
0
0
0
0
0
0
0
0
0
0
0
0
0
0
0
0
0
0
0
0
0
0
0
0
0
0
0
0
0
0
0
0
0
0
0
0
0
0
0
0
0
0
0
0
0
0
0
0
0
0
0
0
0
0
0
0
0
0
0
0
0
0
0
0
0
0
0
0
0
0
0
0
0
0
0
0
0
0
0
0
0
0
0
0
0
0
0
0
0
0
0
0
0
0
0
0
0
0
0
0
0
0
0
0
0
0
0
0
0
0
0
0
0
0
0
0
0
0
0
0
0
0
0
0
0
0
0
0
0
0
0
0
0
0
0
0
0
0
0
0
0
0
0
0
0
0
0
0
0
0
0
0
0
0
0
0
0
0
0
0
0
0
0
0
0
0
0
0
0
0
0
0
0
0
0
0
0
0
0
0
0
0
0
0
0
0
0
0
0
0
0
0
0
0
0
0
0
0
0
0
0
0
0
0
0
0
0
0
0
0
0
0
0
0
0
0
0
0
0
0
0
0
0
0
0
0
0
0
0
0
0
0
0
0
0
0
0
0
0
0
0
0
0
0
0
0
0
0
0
0
0
0
0
0
0
0
0
0
0
0
0
0
0
0
0
0
0
0
0
0
0
0
0
0
0
0
0
0
0
0
0
0
0
0
0
0
0
0
0
0
0
0
0
0
0
0
0
0
0
0
0
0
0
0
0
0
0
0
0
0
0
0
0
0
0
0
0
0
0
0
0
0
0
0
0
0
0
0
0
0
0
0
0
0
0
0
0
0
0
0
0
0
0
0
0
0
0
0
0
0
0
0
0
0
0
0
0
0
0
0
0
0
0
0
0
0
0
0
0
0
0
0
0
0
0
0
0
0
0
0
0
0
0
0
0
0
0
0
0
0
0
0
0
0
0
0
0
0
0
0
0
0
0
0
0
0
0
0
0
0
0
0
0
0
0
0
0
0
0
0
0
0
0
0
0
0
0
0
0
0
0
0
0
0
0
0
0
0
0
0
0
0
0
0
0
0
0
0
0
0
0
0
0
0
0
0
0
0
0
0
0
0
0
0
0
0
0
0
0
0
0
0
0
0
0
0
0
0
0
0
0
0
0
0
0
0
0
0
0
0
0
0
0
0
0
0
0
0
0
0
0
0
0
0
0
0
0
0
0
0
0
0
0
0
0
0
0
0
0
0
0
0
0
0
0
0
0
0
0
0
0
0
0
0
0
0
0
0
0
0
0
0
0
0
0
0
0
0
0
0
0
0
0
0
0
0
0
0
0
0
0
0
0
0
0
0
0
0
0
0
0
0
0
0
0
0
0
0
0
0
0
0
0
0
0
0
0
0
0
0
0
0
0
0
0
0
0
0
0
0
0
0
0
0
0
0
0
0
0
0
0
0
0
0
0
0
0
0
0
0
0
0
0
0
0
0
0
0
0
0
0
0
0
0
0
0
0
0
0
0
0
0
0
0
0
0
0
0
0
0
0
0
0
0
0
0
0
0
0
0
0
0
0
0
0
0
0
0
0
0
0
0
0
0
0
0
0
0
0
0
0
0
0
0
0
0
0
0
0
0
0
0
0
0
0
0
0
0
0
0
0
0
0
0
0
0
0
0
0
0
0
0
0
0
0
0
0
0
0
0
0
0
0
0
0
0
0
0
0
0
0
0
0
0
0
0
0
0
0
0
0
0
0
0
0
0
0
0
0
0
0
0
0
0
0
0
0
0
0
0
0
0
0
0
0
0
0
0
0
0
0
0
0
0
0
0
0
0
0
0
0
0
0
0
0
0
0
0
0
0
0
0
0
0
0
0
0
0
0
0
0
0
0
0
0
0
0
0
0
0
0
0
0
0
0
0
0
0
0
0
0
0
0
0
0
0
0
0
0
0
0
0
0
0
0
0
0
0
0
0
0
0
0
0
0
0
0
0
0
0
0
0
0
0
0
0
0
0
0
0
0
0
0
0
0
0
0
0
0
0
0
0
0
0
0
0
0
0
0
0
0
0
0
0
0
0
0
0
0
0
0
0
0
0
0
0
0
0
0
0
0
0
0
0
0
0
0
0
0
0
0
0
0
0
0
0
0
0
0
0
0
0
0
0
0
0
0
0
0
0
0
0
0
0
0
0
0
0
0
0
0
0
0
0
0
0
0
0
0
0
0
0
0
0
0
0
0
0
0
0
0
0
0
0
0
0
0
0
0
0
0
0
0
0
0
0
0
0
0
0
0
0
0
0
0
0
0
0
0
0
0
0
0
0
0
0
0
0
0
0
0
0
0
0
0
0
0
0
0
0
0
0
0
0
0
0
0
0
0
0
0
0
0
0
0
0
0
0
0
0
0
0
0
0
0
0
0
0
0
0
0
0
0
0
0
0
0
0
0
0
0
0
0
0
0
0
0
0
0
0
0
0
0
0
0
0
0
0
0
0
0
0
0
0
0
0
0
0
0
0
0
0
0
0
0
0
0
0
0
0
0
0
0
0
0
0
0
0
0
0
0
0
0
0
0
0
0
0
0
0
0
0
0
0
0
0
0
0
0
0
0
0
0
0
0
0
0
0
0
0
0
0
0
0
0
0
0
0
0
0
0
0
0
0
0
0
0
0
0
0
0
0
0
0
0
0
0
0
0
0
0
0
0
0
0
0
0
0
0
0
0
0
0
0
0
0
0
0
0
0
0
0
0
0
0
0
0
0
0
0
0
0
0
0
0
0
0
0
0
0
0
0
0
0
0
0
0
0
0
0
0
0
0
0
0
0
0
0
0
0
0
0
0
0
0
0
0
0
0
0
0
0
0
0
0
0
0
0
0
0
0
0
0
0
0
0
0
0
0
0
0
0
0
0
0
0
0
0
0
0
0
0
0
0
0
0
0
0
0
0
0
0
0
0
0
0
0
0
0
0
0
0
0
0
0
0
0
0
0
0
0
0
0
0
0
0
0
0
0
0
0
0
0
0
0
0
0
0
0
0
0
0
0
0
0
0
0
0
0
0
0
0
0
0
0
0
0
0
0
0
0
0
0
0
0
0
0
0
0
0
0
0
0
0
0
0
0
0
0
0
0
0
0
0
0
0
0
0
0
0
0
0
0
0
0
0
0
0
0
0
0
0
0
0
0
0
0
0
0
0
0
0
0
0
0
0
0
0
0
0
0
0
0
0
0
0
0
0
0
0
0
0
0
0
0
0
0
0
0
0
0
0
0
0
0
0
0
0
0
0
0
0
0
0
0
0
0
0
0
0
0
0
0
0
0
0
0
0
0
0
0
0
0
0
0
0
0
0
0
0
0
0
0
0
0
0
0
0
0
0
0
0
0
0
0
0
0
0
0
0
0
0
0
0
0
0
0
0
0
0
0
0
0
0
0
0
0
0
0
0
0
0
0
0
0
0
0
0
0
0
0
0
0
0
0
0
0
0
0
0
0
0
0
0
0
0
0
0
0
0
0
0
0
0
0
0
0
0
0
0
0
0
0
0
0
0
0
0
0
0
0
0
0
0
0
0
0
0
0
0
0
0
0
0
0
0
0
0
0
0
0
0
0
0
0
0
0
0
0
0
0
0
0
0
0
0
0
0
0
0
0
0
0
0
0
0
0
0
0
0
0
0
0
0
0
0
0
0
0
0
0
0
0
0
0
0
0
0
0
0
0
0
0
0
0
0
0
0
0
0
0
0
0
0
0
0
0
0
0
0
0
0
0
0
0
0
0
0
0
0
0
0
0
0
0
0
0
0
0
0
0
0
0
0
0
0
0
0
0
0
0
0
0
0
0
0
0
0
0
0
0
0
0
0
0
0
0
0
0
0
0
0
0
0
0
0
0
0
0
0
0
0
0
0
0
0
0
0
0
0
0
0
0
0
0
0
0
0
0
0
0
0
0
0
0
0
0
0
0
0
0
0
0
0
0
0
0
0
0
0
0
0
0
0
0
0
0
0
0
0
0
0
0
0
0
0
0
0
0
0
0
0
0
0
0
0
0
0
0
0
0
0
0
0
0
0
0
0
0
0
0
0
0
0
0
0
0
0
0
0
0
0
0
0
0
0
0
0
0
0
0
0
0
0
0
0
0
0
0
0
0
0
0
0
0
0
0
0
0
0
0
0
0
0
0
0
0
0
0
0
0
0
0
0
0
0
0
0
0
0
0
0
0
0
0
0
0
0
0
0
0
0
0
0
0
0
0
0
0
0
0
0
0
0
0
0
0
0
0
0
0
0
0
0
0
0
0
0
0
0
0
0
0
0
0
0
0
0
0
0
0
0
0
0
0
0
0
0
0
0
0
0
0
0
0
0
0
0
0
0
0
0
0
0
0
0
0
0
0
0
0
0
0
0
0
0
0
0
0
0
0
0
0
0
0
0
0
0
0
0
0
0
0
0
0
0
0
0
0
0
0
0
0
0
0
0
0
0
0
0
0
0
0
0
0
0
0
0
0
0
0
0
0
0
0
0
0
0
0
0
0
0
0
0
0
0
0
0
0
0
0
0
0
0
0
0
0
0
0
0
0
0
0
0
0
0
0
0
0
0
0
0
0
0
0
0
0
0
0
0
0
0
0
0
0
0
0
0
0
0
0
0
0
0
0
0
0
0
0
0
0
0
0
0
0
0
0
0
0
0
0
0
0
0
0
0
0
0
0
0
0
0
0
0
0
0
0
0
0
0
0
0
0
0
0
0
0
0
0
0
0
0
0
0
0
0
0
0
0
0
0
0
0
0
0
0
0
0
0
0
0
0
0
0
0
0
0
0
0
0
0
0
0
0
0
0
0
0
0
0
0
0
0
0
0
0
0
0
0
0
0
0
0
0
0
0
0
0
0
0
0
0
0
0
0
0
0
0
0
0
0
0
0
0
0
0
0
0
0
0
0
0
0
0
0
0
0
0
0
0
0
0
0
0
0
0
0
0
0
0
0
0
0
0
0
0
0
0
0
0
0
0
0
0
0
0
0
0
0
0
0
0
0
0
0
0
0
0
0
0
0
0
0
0
0
0
0
0
0
0
0
0
0
0
0
0
0
0
0
0
0
0
0
0
0
0
0
0
0
0
0
0
0
0
0
0
0
0
0
0
0
0
0
0
0
0
0
0
0
0
0
0
0
0
0
0
0
0
0
0
0
0
0
0
0
0
0
0
0
0
0
0
0
0
0
0
0
0
0
0
0
0
0
0
0
0
0
0
0
0
0
0
0
0
0
0
0
0
0
0
0
0
0
0
0
0
0
0
0
0
0
0
0
0
0
0
0
0
0
0
0
0
0
0
0
0
0
0
0
0
0
0
0
0
0
0
0
0
0
0
0
0
0
0
0
0
0
0
0
0
0
0
0
0
0
0
0
0
0
0
0
0
0
0
0
0
0
0
0
0
0
0
0
0
0
0
0
0
0
0
0
0
0
0
0
0
0
0
0
0
0
0
0
0
0
0
0
0
0
0
0
0
0
0
0
0
0
0
0
0
0
0
0
0
0
0
0
0
0
0
0
0
0
0
0
0
0
0
0
0
0
0
0
0
0
0
0
0
0
0
0
0
0
0
0
0
0
0
0
0
0
0
0
0
0
0
0
0
0
0
0
0
0
0
0
0
0
0
0
0
0
0
0
0
0
0
0
0
0
0
0
0
0
0
0
0
0
0
0
0
0
0
0
0
0
0
0
0
0
0
0
0
0
0
0
0
0
0
0
0
0
0
0
0
0
0
0
0
0
0
0
0
0
0
0
0
0
0
0
0
0
0
0
0
0
0
0
0
0
0
0
0
0
0
0
0
0
0
0
0
0
0
0
0
0
0
0
0
0
0
0
0
0
0
0
0
0
0
0
0
0
0
0
0
0
0
0
0
0
0
0
0
0
0
0
0
0
0
0
0
0
0
0
0
0
0
0
0
0
0
0
0
0
0
0
0
0
0
0
0
0
0
0
0
0
0
0
0
0
0
0
0
0
0
0
0
0
0
0
0
0
0
0
0
0
0
0
0
0
0
0
0
0
0
0
0
0
0
0
0
0
0
0
0
0
0
0
0
0
0
0
0
0
0
0
0
0
0
0
0
0
0
0
0
0
0
0
0
0
0
0
0
0
0
0
0
0
0
0
0
0
0
0
0
0
0
0
0
0
0
0
0
0
0
0
0
0
0
0
0
0
0
0
0
0
0
0
0
0
0
0
0
0
0
0
0
0
0
0
0
0
0
0
0
0
0
0
0
0
0
0
0
0
0
0
0
0
0
0
0
0
0
0
0
0
0
0
0
0
0
0
0
0
0
0
0
0
0
0
0
0
0
0
0
0
0
0
0
0
0
0
0
0
0
0
0
0
0
0
0
0
0
0
0
0
0
0
0
0
0
0
0
0
0
0
0
0
0
0
0
0
0
0
0
0
0
0
0
0
0
0
0
0
0
0
0
0
0
0
0
0
0
0
0
0
0
0
0
0
0
0
0
0
0
0
0
0
0
0
0
0
0
0
0
0
0
0
0
0
0
0
0
0
0
0
0
0
0
0
0
0
0
0
0
0
0
0
0
0
0
0
0
0
0
0
0
0
0
0
0
0
0
0
0
0
0
0
0
0
0
0
0
0
0
0
0
0
0
0
0
0
0
0
0
0
0
0
0
0
0
0
0
0
0
0
0
0
0
0
0
0
0
0
0
0
0
0
0
0
0
0
0
0
0
0
0
0
0
0
0
0
0
0
0
0
0
0
0
0
0
0
0
0
0
0
0
0
0
0
0
0
0
0
0
0
0
0
0
0
0
0
0
0
0
0
0
0
0
0
0
0
0
0
0
0
0
0
0
0
0
0
0
0
0
0
0
0
0
0
0
0
0
0
0
0
0
0
0
0
0
0
0
0
0
0
0
0
0
0
0
0
0
0
0
0
0
0
0
0
0
0
0
0
0
0
0
0
0
0
0
0
0
0
0
0
0
0
0
0
0
0
0
0
0
0
0
0
0
0
0
0
0
0
0
0
0
0
0
0
0
0
0
0
0
0
0
0
0
0
0
0
0
0
0
0
0
0
0
0
0
0
0
0
0
0
0
0
0
0
0
0
0
0
0
0
0
0
0
0
0
0
0
0
0
0
0
0
0
0
0
0
0
0
0
0
0
0
0
0
0
0
0
0
0
0
0
0
0
0
0
0
0
0
0
0
0
0
0
0
0
0
0
0
0
0
0
0
0
0
0
0
0
0
0
0
0
0
0
0
0
0
0
0
0
0
0
0
0
0
0
0
0
0
0
0
0
0
0
0
0
0
0
0
0
0
0
0
0
0
0
0
0
0
0
0
0
0
0
0
0
0
0
0
0
0
0
0
0
0
0
0
0
0
0
0
0
0
0
0
0
0
0
0
0
0
0
0
0
0
0
0
0
0
0
0
0
0
0
0
0
0
0
0
0
0
0
0
0
0
0
0
0
0
0
0
0
0
0
0
0
0
0
0
0
0
0
0
0
0
0
0
0
0
0
0
0
0
0
0
0
0
0
0
0
0
0
0
0
0
0
0
0
0
0
0
0
0
0
0
0
0
0
0
0
0
0
0
0
0
0
0
0
0
0
0
0
0
0
0
0
0
0
0
0
0
0
0
0
0
0
0
0
0
0
0
0
0
0
0
0
0
0
0
0
0
0
0
0
0
0
0
0
0
0
0
0
0
0
0
0
0
0
0
0
0
0
0
0
0
0
0
0
0
0
0
0
0
0
0
0
0
0
0
0
0
0
0
0
0
0
0
0
0
0
0
0
0
0
0
0
0
0
0
0
0
0
0
0
0
0
0
0
0
0
0
0
0
0
0
0
0
0
0
0
0
0
0
0
0
0
0
0
0
0
0
0
0
0
0
0
0
0
0
0
0
0
0
0
0
0
0
0
0
0
0
0
0
0
0
0
0
0
0
0
0
0
0
0
0
0
0
0
0
0
0
0
0
0
0
0
0
0
0
0
0
0
0
0
0
0
0
0
0
0
0
0
0
0
0
0
0
0
0
0
0
0
0
0
0
0
0
0
0
0
0
0
0
0
0
0
0
0
0
0
0
0
0
0
0
0
0
0
0
0
0
0
0
0
0
0
0
0
0
0
0
0
0
0
0
0
0
0
0
0
0
0
0
0
0
0
0
0
0
0
0
0
0
0
0
0
0
0
0
0
0
0
0
0
0
0
0
0
0
0
0
0
0
0
0
0
0
0
0
0
0
0
0
0
0
0
0
0
0
0
0
0
0
0
0
0
0
0
0
0
0
0
0
0
0
0
0
0
0
0
0
0
0
0
0
0
0
0
0
0
0
0
0
0
0
0
0
0
0
0
0
0
0
0
0
0
0
0
0
0
0
0
0
0
0
0
0
0
0
0
0
0
0
0
0
0
0
0
0
0
0
0
0
0
0
0
0
0
0
0
0
0
0
0
0
0
0
0
0
0
0
0
0
0
0
0
0
0
0
0
0
0
0
0
0
0
0
0
0
0
0
0
0
0
0
0
0
0
0
0
0
0
0
0
0
0
0
0
0
0
0
0
0
0
0
0
0
0
0
0
0
0
0
0
0
0
0
0
0
0
0
0
0
0
0
0
0
0
0
0
0
0
0
0
0
0
0
0
0
0
0
0
0
0
0
0
0
0
0
0
0
0
0
0
0
0
0
0
0
0
0
0
0
0
0
0
0
0
0
0
0
0
0
0
0
0
0
0
0
0
0
0
0
0
0
0
0
0
0
0
0
0
0
0
0
0
0
0
0
0
0
0
0
0
0
0
0
0
0
0
0
0
0
0
0
0
0
0
0
0
0
0
0
0
0
0
0
0
0
0
0
0
0
0
0
0
0
0
0
0
0
0
0
0
0
0
0
0
0
0
0
0
0
0
0
0
0
0
0
0
0
0
0
0
0
0
0
0
0
0
0
0
0
0
0
0
0
0
0
0
0
0
0
0
0
0
0
0
0
0
0
0
0
0
0
0
0
0
0
0
0
0
0
0
0
0
0
0
0
0
0
0
0
0
0
0
0
0
0
0
0
0
0
0
0
0
0
0
0
0
0
0
0
0
0
0
0
0
0
0
0
0
0
0
0
0
0
0
0
0
0
0
0
0
0
0
0
0
0
0
0
0
0
0
0
0
0
0
0
0
0
0
0
0
0
0
0
0
0
0
0
0
0
0
0
0
0
0
0
0
0
0
0
0
0
0
0
0
0
0
0
0
0
0
0
0
0
0
0
0
0
0
0
0
0
0
0
0
0
0
0
0
0
0
0
0
0
0
0
0
0
0
0
0
0
0
0
0
0
0
0
0
0
0
0
0
0
0
0
0
0
0
0
0
0
0
0
0
0
0
0
0
0
0
0
0
0
0
0
0
0
0
0
0
0
0
0
0
0
0
0
0
0
0
0
0
0
0
0
0
0
0
0
0
0
0
0
0
0
0
0
0
0
0
0
0
0
0
0
0
0
0
0
0
0
0
0
0
0
0
0
0
0
0
0
0
0
0
0
0
0
0
0
0
0
0
0
0
0
0
0
0
0
0
0
0
0
0
0
0
0
0
0
0
0
0
0
0
0
0
0
0
0
0
0
0
0
0
0
0
0
0
0
0
0
0
0
0
0
0
0
0
0
0
0
0
0
0
0
0
0
0
0
0
0
0
0
0
0
0
0
0
0
0
0
0
0
0
0
0
0
0
0
0
0
0
0
0
0
0
0
0
0
0
0
0
0
0
0
0
0
0
0
0
0
0
0
0
0
0
0
0
0
0
0
0
0
0
0
0
0
0
0
0
0
0
0
0
0
0
0
0
0
0
0
0
0
0
0
0
0
0
0
0
0
0
0
0
0
0
0
0
0
0
0
0
0
0
0
0
0
0
0
0
0
0
0
0
0
0
0
0
0
0
0
0
0
0
0
0
0
0
0
0
0
0
0
0
0
0
0
0
0
0
0
0
0
0
0
0
0
0
0
0
0
0
0
0
0
0
0
0
0
0
0
0
0
0
0
0
0
0
0
0
0
0
0
0
0
0
0
0
0
0
0
0
0
0
0
0
0
0
0
0
0
0
0
0
0
0
0
0
0
0
0
0
0
0
0
0
0
0
0
0
0
0
0
0
0
0
0
0
0
0
0
0
0
0
0
0
0
0
0
0
0
0
0
0
0
0
0
0
0
0
0
0
0
0
0
0
0
0
0
0
0
0
0
0
0
0
0
0
0
0
0
0
0
0
0
0
0
0
0
0
0
0
0
0
0
0
0
0
0
0
0
0
0
0
0
0
0
0
0
0
0
0
0
0
0
0
0
0
0
0
0
0
0
0
0
0
0
0
0
0
0
0
0
0
0
0
0
0
0
0
0
0
0
0
0
0
0
0
0
0
0
0
0
0
0
0
0
0
0
0
0
0
0
0
0
0
0
0
0
0
0
0
0
0
0
0
0
0
0
0
0
0
0
0
0
0
0
0
0
0
0
0
0
0
0
0
0
0
0
0
0
0
0
0
0
0
0
0
0
0
0
0
0
0
0
0
0
0
0
0
0
0
0
0
0
0
0
0
0
0
0
0
0
0
0
0
0
0
0
0
0
0
0
0
0
0
0
0
0
0
0
0
0
0
0
0
0
0
0
0
0
0
0
0
0
0
0
0
0
0
0
0
0
0
0
0
0
0
0
0
0
0
0
0
0
0
0
0
0
0
0
0
0
0
0
0
0
0
0
0
0
0
0
0
0
0
0
0
0
0
0
0
0
0
0
0
0
0
0
0
0
0
0
0
0
0
0
0
0
0
0
0
0
0
0
0
0
0
0
0
0
0
0
0
0
0
0
0
0
0
0
0
0
0
0
0
0
0
0
0
0
0
0
0
0
0
0
0
0
0
0
0
0
0
0
0
0
0
0
0
0
0
0
0
0
0
0
0
0
0
0
0
0
0
0
0
0
0
0
0
0
0
0
0
0
0
0
0
0
0
0
0
0
0
0
0
0
0
0
0
0
0
0
0
0
0
0
0
0
0
0
0
0
0
0
0
0
0
0
0
0
0
0
0
0
0
0
0
0
0
0
0
0
0
0
0
0
0
0
0
0
0
0
0
0
0
0
0
0
0
0
0
0
0
0
0
0
0
0
0
0
0
0
0
0
0
0
0
0
0
0
0
0
0
0
0
0
0
0
0
0
0
0
0
0
0
0
0
0
0
0
0
0
0
0
0
0
0
0
0
0
0
0
0
0
0
0
0
0
0
0
0
0
0
0
0
0
0
0
0
0
0
0
0
0
0
0
0
0
0
0
0
0
0
0
0
0
0
0
0
0
0
0
0
0
0
0
0
0
0
0
0
0
0
0
0
0
0
0
0
0
0
0
0
0
0
0
0
0
0
0
0
0
0
0
0
0
0
0
0
0
0
0
0
0
0
0
0
0
0
0
0
0
0
0
0
0
0
0
0
0
0
0
0
0
0
0
0
0
0
0
0
0
0
0
0
0
0
0
0
0
0
0
0
0
0
0
0
0
0
0
0
0
0
0
0
0
0
0
0
0
0
0
0
0
0
0
0
0
0
0
0
0
0
0
0
0
0
0
0
0
0
0
0
0
0
0
0
0
0
0
0
0
0
0
0
0
0
0
0
0
0
0
0
0
0
0
0
0
0
0
0
0
0
0
0
0
0
0
0
0
0
0
0
0
0
0
0
0
0
0
0
0
0
0
0
0
0
0
0
0
0
0
0
0
0
0
0
0
0
0
0
0
0
0
0
0
0
0
0
0
0
0
0
0
0
0
0
0
0
0
0
0
0
0
0
0
0
0
0
0
0
0
0
0
0
0
0
0
0
0
0
0
0
0
0
0
0
0
0
0
0
0
0
0
0
0
0
0
0
0
0
0
0
0
0
0
0
0
0
0
0
0
0
0
0
0
0
0
0
0
0
0
0
0
0
0
0
0
0
0
0
0
0
0
0
0
0
0
0
0
0
0
0
0
0
0
0
0
0
0
0
0
0
0
0
0
0
0
0
0
0
0
0
0
0
0
0
0
0
0
0
0
0
0
0
0
0
0
0
0
0
0
0
0
0
0
0
0
0
0
0
0
0
0
0
0
0
0
0
0
0
0
0
0
0
0
0
0
0
0
0
0
0
0
0
0
0
0
0
0
0
0
0
0
0
0
0
0
0
0
0
0
0
0
0
0
0
0
0
0
0
0
0
0
0
0
0
0
0
0
0
0
0
0
0
0
0
0
0
0
0
0
0
0
0
0
0
0
0
0
0
0
0
0
0
0
0
0
0
0
0
0
0
0
0
0
0
0
0
0
0
0
0
0
0
0
0
0
0
0
0
0
0
0
0
0
0
0
0
0
0
0
0
0
0
0
0
0
0
0
0
0
0
0
0
0
0
0
0
0
0
0
0
0
0
0
0
0
0
0
0
0
0
0
0
0
0
0
0
0
0
0
0
0
0
0
0
0
0
0
0
0
0
0
0
0
0
0
0
0
0
0
0
0
0
0
0
0
0
0
0
0
0
0
0
0
0
0
0
0
0
0
0
0
0
0
0
0
0
0
0
0
0
0
0
0
0
0
0
0
0
0
0
0
0
0
0
0
0
0
0
0
0
0
0
0
0
0
0
0
0
0
0
0
0
0
0
0
0
0
0
0
0
0
0
0
0
0
0
0
0
0
0
0
0
0
0
0
0
0
0
0
0
0
0
0
0
0
0
0
0
0
0
0
0
0
0
0
0
0
0
0
0
0
0
0
0
0
0
0
0
0
0
0
0
0
0
0
0
0
0
0
0
0
0
0
0
0
0
0
0
0
0
0
0
0
0
0
0
0
0
0
0
0
0
0
0
0
0
0
0
0
0
0
0
0
0
0
0
0
0
0
0
0
0
0
0
0
0
0
0
0
0
0
0
0
0
0
0
0
0
0
0
0
0
0
0
0
0
0
0
0
0
0
0
0
0
0
0
0
0
0
0
0
0
0
0
0
0
0
0
0
0
0
0
0
0
0
0
0
0
0
0
0
0
0
0
0
0
0
0
0
0
0
0
0
0
0
0
0
0
0
0
0
0
0
0
0
0
0
0
0
0
0
0
0
0
0
0
0
0
0
0
0
0
0
0
0
0
0
0
0
0
0
0
0
0
0
0
0
0
0
0
0
0
0
0
0
0
0
0
0
0
0
0
0
0
0
0
0
0
0
0
0
0
0
0
0
0
0
0
0
0
0
0
0
0
0
0
0
0
0
0
0
0
0
0
0
0
0
0
0
0
0
0
0
0
0
0
0
0
0
0
0
0
0
0
0
0
0
0
0
0
0
0
0
0
0
0
0
0
0
0
0
0
0
0
0
0
0
0
0
0
0
0
0
0
0
0
0
0
0
0
0
0
0
0
0
0
0
0
0
0
0
0
0
0
0
0
0
0
0
0
0
0
0
0
0
0
0
0
0
0
0
0
0
0
0
0
0
0
0
0
0
0
0
0
0
0
0
0
0
0
0
0
0
0
0
0
0
0
0
0
0
0
0
0
0
0
0
0
0
0
0
0
0
0
0
0
0
0
0
0
0
0
0
0
0
0
0
0
0
0
0
0
0
0
0
0
0
0
0
0
0
0
0
0
0
0
0
0
0
0
0
0
0
0
0
0
0
0
0
0
0
0
0
0
0
0
0
0
0
0
0
0
0
0
0
0
0
0
0
0
0
0
0
0
0
0
0
0
0
0
0
0
0
0
0
0
0
0
0
0
0
0
0
0
0
0
0
0
0
0
0
0
0
0
0
0
0
0
0
0
0
0
0
0
0
0
0
0
0
0
0
0
0
0
0
0
0
0
0
0
0
0
0
0
0
0
0
0
0
0
0
0
0
0
0
0
0
0
0
0
0
0
0
0
0
0
0
0
0
0
0
0
0
0
0
0
0
0
0
0
0
0
0
0
0
0
0
0
0
0
0
0
0
0
0
0
0
0
0
0
0
0
0
0
0
0
0
0
0
0
0
0
0
0
0
0
0
0
0
0
0
0
0
0
0
0
0
0
0
0
0
0
0
0
0
0
0
0
0
0
0
0
0
0
0
0
0
0
0
0
0
0
0
0
0
0
0
0
0
0
0
0
0
0
0
0
0
0
0
0
0
0
0
0
0
0
0
0
0
0
0
0
0
0
0
0
0
0
0
0
0
0
0
0
0
0
0
0
0
0
0
0
0
0
0
0
0
0
0
0
0
0
0
0
0
0
0
0
0
0
0
0
0
0
0
0
0
0
0
0
0
0
0
0
0
0
0
0
0
0
0
0
0
0
0
0
0
0
0
0
0
0
0
0
0
0
0
0
0
0
0
0
0
0
0
0
0
0
0
0
0
0
0
0
0
0
0
0
0
0
0
0
0
0
0
0
0
0
0
0
0
0
0
0
0
0
0
0
0
0
0
0
0
0
0
0
0
0
0
0
0
0
0
0
0
0
0
0
0
0
0
0
0
0
0
0
0
0
0
0
0
0
0
0
0
0
0
0
0
0
0
0
0
0
0
0
0
0
0
0
0
0
0
0
0
0
0
0
0
0
0
0
0
0
0
0
0
0
0
0
0
0
0
0
0
0
0
0
0
0
0
0
0
0
0
0
0
0
0
0
0
0
0
0
0
0
0
0
0
0
0
0
0
0
0
0
0
0
0
0
0
0
0
0
0
0
0
0
0
0
0
0
0
0
0
0
0
0
0
0
0
0
0
0
0
0
0
0
0
0
0
0
0
0
0
0
0
0
0
0
0
0
0
0
0
0
0
0
0
0
0
0
0
0
0
0
0
0
0
0
0
0
0
0
0
0
0
0
0
0
0
0
0
0
0
0
0
0
0
0
0
0
0
0
0
0
0
0
0
0
0
0
0
0
0
0
0
0
0
0
0
0
0
0
0
0
0
0
0
0
0
0
0
0
0
0
0
0
0
0
0
0
0
0
0
0
0
0
0
0
0
0
0
0
0
0
0
0
0
0
0
0
0
0
0
0
0
0
0
0
0
0
0
0
0
0
0
0
0
0
0
0
0
0
0
0
0
0
0
0
0
0
0
0
0
0
0
0
0
0
0
0
0
0
0
0
0
0
0
0
0
0
0
0
0
0
0
0
0
0
0
0
0
0
0
0
0
0
0
0
0
0
0
0
0
0
0
0
0
0
0
0
0
0
0
0
0
0
0
0
0
0
0
0
0
0
0
0
0
0
0
0
0
0
0
0
0
0
0
0
0
0
0
0
0
0
0
0
0
0
0
0
0
0
0
0
0
0
0
0
0
0
0
0
0
0
0
0
0
0
0
0
0
0
0
0
0
0
0
0
0
0
0
0
0
0
0
0
0
0
0
0
0
0
0
0
0
0
0
0
0
0
0
0
0
0
0
0
0
0
0
0
0
0
0
0
0
0
0
0
0
0
0
0
0
0
0
0
0
0
0
0
0
0
0
0
0
0
0
0
0
0
0
0
0
0
0
0
0
0
0
0
0
0
0
0
0
0
0
0
0
0
0
0
0
0
0
0
0
0
0
0
0
0
0
0
0
0
0
0
0
0
0
0
0
0
0
0
0
0
0
0
0
0
0
0
0
0
0
0
0
0
0
0
0
0
0
0
0
0
0
0
0
0
0
0
0
0
0
0
0
0
0
