0
0
0
0
0
0
0
0
0
0
0
0
0
0
0
0
0
0
0
0
0
0
0
0
0
0
0
0
0
0
0
0
0
0
0
0
0
0
0
0
0
0
0
0
0
0
0
0
0
0
0
0
0
0
0
0
0
0
0
0
0
0
0
0
0
0
0
0
0
0
0
0
0
0
0
0
0
0
0
0
0
0
0
0
0
0
0
0
0
0
0
0
0
0
0
0
0
0
0
0
0
0
0
0
0
0
0
0
0
0
0
0
0
0
0
0
0
0
0
0
0
0
0
0
0
0
0
0
0
0
0
0
0
0
0
0
0
0
0
0
0
0
0
0
0
0
0
0
0
0
0
0
0
0
0
0
0
0
0
0
0
0
0
0
0
0
0
0
0
0
0
0
0
0
0
0
0
0
0
0
0
0
0
0
0
0
0
0
0
0
0
0
4092
4092
0
0
0
0
0
0
4092
4092
0
0
0
0
0
0
4092
4092
0
0
0
0
0
0
4095
0
0
0
0
0
0
0
0
0
0
0
0
0
0
0
0
4095
0
0
0
0
0
0
4093
4093
0
0
0
0
0
0
4089
4089
0
0
0
0
0
0
4089
4089
0
0
0
0
0
0
4093
4094
0
0
0
0
0
0
4
5
0
0
0
0
0
0
6
5
0
0
0
0
0
0
4095
4094
0
0
0
0
0
0
4085
4084
0
0
0
0
0
0
4082
4083
0
0
0
0
0
0
4088
4091
0
0
0
0
0
0
7
10
0
0
0
0
0
0
17
16
0
0
0
0
0
0
7
4
0
0
0
0
0
0
4083
4080
0
0
0
0
0
0
4069
4070
0
0
0
0
0
0
4077
4083
0
0
0
0
0
0
9
13
0
0
0
0
0
0
30
29
0
0
0
0
0
0
21
16
0
0
0
0
0
0
4084
4078
0
0
0
0
0
0
4054
4054
0
0
0
0
0
0
4060
4066
0
0
0
0
0
0
4
11
0
0
0
0
0
0
42
44
0
0
0
0
0
0
42
37
0
0
0
0
0
0
4092
4082
0
0
0
0
0
0
4041
4039
0
0
0
0
0
0
4036
4043
0
0
0
0
0
0
4087
1
0
0
0
0
0
0
54
60
0
0
0
0
0
0
69
61
0
0
0
0
0
0
15
2
0
0
0
0
0
0
4035
4027
0
0
0
0
0
0
4006
4014
0
0
0
0
0
0
4062
4077
0
0
0
0
0
0
57
67
0
0
0
0
0
0
98
93
0
0
0
0
0
0
47
29
0
0
0
0
0
0
4038
4024
0
0
0
0
0
0
3978
3982
0
0
0
0
0
0
4025
4044
0
0
0
0
0
0
46
62
0
0
0
0
0
0
126
125
0
0
0
0
0
0
88
68
0
0
0
0
0
0
4055
4034
0
0
0
0
0
0
3953
3952
0
0
0
0
0
0
3978
3999
0
0
0
0
0
0
20
45
0
0
0
0
0
0
147
151
0
0
0
0
0
0
138
117
0
0
0
0
0
0
4089
4061
0
0
0
0
0
0
3939
3930
0
0
0
0
0
0
3926
3946
0
0
0
0
0
0
4073
10
0
0
0
0
0
0
154
168
0
0
0
0
0
0
192
173
0
0
0
0
0
0
46
11
0
0
0
0
0
0
3939
3919
0
0
0
0
0
0
3872
3889
0
0
0
0
0
0
4012
4053
0
0
0
0
0
0
142
168
0
0
0
0
0
0
243
230
0
0
0
0
0
0
116
74
0
0
0
0
0
0
3963
3931
0
0
0
0
0
0
3824
3834
0
0
0
0
0
0
3934
3979
0
0
0
0
0
0
109
147
0
0
0
0
0
0
285
281
0
0
0
0
0
0
198
152
0
0
0
0
0
0
4011
3965
0
0
0
0
0
0
3792
3791
0
0
0
0
0
0
3850
3895
0
0
0
0
0
0
45
98
0
0
0
0
0
0
308
317
0
0
0
0
0
0
287
242
0
0
0
0
0
0
4086
4027
0
0
0
0
0
0
3782
3764
0
0
0
0
0
0
3760
3801
0
0
0
0
0
0
4053
21
0
0
0
0
0
0
303
330
0
0
0
0
0
0
375
336
0
0
0
0
0
0
90
21
0
0
0
0
0
0
3802
3765
0
0
0
0
0
0
3676
3709
0
0
0
0
0
0
3941
4016
0
0
0
0
0
0
265
313
0
0
0
0
0
0
450
424
0
0
0
0
0
0
212
135
0
0
0
0
0
0
3857
3800
0
0
0
0
0
0
3612
3630
0
0
0
0
0
0
3811
3891
0
0
0
0
0
0
190
259
0
0
0
0
0
0
502
493
0
0
0
0
0
0
346
267
0
0
0
0
0
0
3951
3872
0
0
0
0
0
0
3574
3572
0
0
0
0
0
0
3676
3754
0
0
0
0
0
0
79
167
0
0
0
0
0
0
520
535
0
0
0
0
0
0
483
408
0
0
0
0
0
0
4081
3983
0
0
0
0
0
0
3576
3548
0
0
0
0
0
0
3541
3612
0
0
0
0
0
0
4026
37
0
0
0
0
0
0
497
539
0
0
0
0
0
0
609
545
0
0
0
0
0
0
147
35
0
0
0
0
0
0
3625
3567
0
0
0
0
0
0
3427
3480
0
0
0
0
0
0
3852
3969
0
0
0
0
0
0
421
494
0
0
0
0
0
0
708
668
0
0
0
0
0
0
334
212
0
0
0
0
0
0
3726
3637
0
0
0
0
0
0
3344
3373
0
0
0
0
0
0
3659
3782
0
0
0
0
0
0
296
401
0
0
0
0
0
0
771
757
0
0
0
0
0
0
532
410
0
0
0
0
0
0
3877
3757
0
0
0
0
0
0
3307
3304
0
0
0
0
0
0
3461
3580
0
0
0
0
0
0
120
254
0
0
0
0
0
0
781
803
0
0
0
0
0
0
723
611
0
0
0
0
0
0
4074
3930
0
0
0
0
0
0
3327
3286
0
0
0
0
0
0
3279
3383
0
0
0
0
0
0
3996
56
0
0
0
0
0
0
728
791
0
0
0
0
0
0
891
799
0
0
0
0
0
0
217
52
0
0
0
0
0
0
3412
3329
0
0
0
0
0
0
3129
3207
0
0
0
0
0
0
3744
3915
0
0
0
0
0
0
608
713
0
0
0
0
0
0
1018
956
0
0
0
0
0
0
478
305
0
0
0
0
0
0
3569
3442
0
0
0
0
0
0
3028
3070
0
0
0
0
0
0
3476
3651
0
0
0
0
0
0
420
567
0
0
0
0
0
0
1088
1068
0
0
0
0
0
0
747
574
0
0
0
0
0
0
3789
3624
0
0
0
0
0
0
2994
2991
0
0
0
0
0
0
3214
3381
0
0
0
0
0
0
166
352
0
0
0
0
0
0
1083
1113
0
0
0
0
0
0
1000
844
0
0
0
0
0
0
4068
3869
0
0
0
0
0
0
3039
2983
0
0
0
0
0
0
2978
3120
0
0
0
0
0
0
3961
78
0
0
0
0
0
0
995
1080
0
0
0
0
0
0
1214
1088
0
0
0
0
0
0
296
72
0
0
0
0
0
0
3172
3059
0
0
0
0
0
0
2790
2896
0
0
0
0
0
0
3623
3852
0
0
0
0
0
0
818
960
0
0
0
0
0
0
1369
1286
0
0
0
0
0
0
642
408
0
0
0
0
0
0
3391
3223
0
0
0
0
0
0
2674
2731
0
0
0
0
0
0
3272
3506
0
0
0
0
0
0
558
753
0
0
0
0
0
0
1440
1414
0
0
0
0
0
0
989
761
0
0
0
0
0
0
3692
3472
0
0
0
0
0
0
2648
2642
0
0
0
0
0
0
2937
3155
0
0
0
0
0
0
219
462
0
0
0
0
0
0
1419
1457
0
0
0
0
0
0
1307
1102
0
0
0
0
0
0
4060
3800
0
0
0
0
0
0
2722
2649
0
0
0
0
0
0
2643
2829
0
0
0
0
0
0
3921
101
0
0
0
0
0
0
1288
1398
0
0
0
0
0
0
1570
1406
0
0
0
0
0
0
382
93
0
0
0
0
0
0
2907
2763
0
0
0
0
0
0
2418
2554
0
0
0
0
0
0
3489
3786
0
0
0
0
0
0
1049
1230
0
0
0
0
0
0
1750
1644
0
0
0
0
0
0
821
522
0
0
0
0
0
0
3200
2985
0
0
0
0
0
0
2289
2359
0
0
0
0
0
0
3050
3347
0
0
0
0
0
0
708
956
0
0
0
0
0
0
1826
1791
0
0
0
0
0
0
1251
961
0
0
0
0
0
0
3587
3310
0
0
0
0
0
0
2270
2265
0
0
0
0
0
0
2638
2913
0
0
0
0
0
0
277
581
0
0
0
0
0
0
1779
1829
0
0
0
0
0
0
1637
1381
0
0
0
0
0
0
4054
3727
0
0
0
0
0
0
2383
2291
0
0
0
0
0
0
2285
2518
0
0
0
0
0
0
3878
127
0
0
0
0
0
0
1601
1738
0
0
0
0
0
0
1949
1745
0
0
0
0
0
0
474
116
0
0
0
0
0
0
2626
2447
0
0
0
0
0
0
2022
2191
0
0
0
0
0
0
3347
3713
0
0
0
0
0
0
1293
1517
0
0
0
0
0
0
2154
2024
0
0
0
0
0
0
1009
641
0
0
0
0
0
0
2996
2733
0
0
0
0
0
0
1880
1967
0
0
0
0
0
0
2818
3180
0
0
0
0
0
0
865
1168
0
0
0
0
0
0
2230
2188
0
0
0
0
0
0
1526
1174
0
0
0
0
0
0
3477
3141
0
0
0
0
0
0
1877
1870
0
0
0
0
0
0
2327
2661
0
0
0
0
0
0
337
706
0
0
0
0
0
0
2156
2216
0
0
0
0
0
0
1983
1672
0
0
0
0
0
0
4045
3651
0
0
0
0
0
0
2028
1918
0
0
0
0
0
0
1913
2194
0
0
0
0
0
0
3835
154
0
0
0
0
0
0
1926
2090
0
0
0
0
0
0
2342
2097
0
0
0
0
0
0
571
140
0
0
0
0
0
0
2334
2119
0
0
0
0
0
0
1614
1818
0
0
0
0
0
0
3200
3638
0
0
0
0
0
0
1547
1813
0
0
0
0
0
0
2571
2415
0
0
0
0
0
0
1204
767
0
0
0
0
0
0
2787
2473
0
0
0
0
0
0
1460
1566
0
0
0
0
0
0
2578
3010
0
0
0
0
0
0
1028
1387
0
0
0
0
0
0
2643
2593
0
0
0
0
0
0
1808
1390
0
0
0
0
0
0
3364
2966
0
0
0
0
0
0
1473
1466
0
0
0
0
0
0
2007
2402
0
0
0
0
0
0
397
832
0
0
0
0
0
0
2542
2610
0
0
0
0
0
0
2333
1966
0
0
0
0
0
0
4038
3574
0
0
0
0
0
0
1667
1537
0
0
0
0
0
0
1534
1866
0
0
0
0
0
0
3790
180
0
0
0
0
0
0
2258
2448
0
0
0
0
0
0
2742
2455
0
0
0
0
0
0
666
165
0
0
0
0
0
0
2039
1788
0
0
0
0
0
0
1202
1439
0
0
0
0
0
0
3054
3564
0
0
0
0
0
0
1801
2110
0
0
0
0
0
0
2991
2809
0
0
0
0
0
0
1399
890
0
0
0
0
0
0
2577
2213
0
0
0
0
0
0
1040
1163
0
0
0
0
0
0
2336
2836
0
0
0
0
0
0
1190
1607
0
0
0
0
0
0
3058
2999
0
0
0
0
0
0
2089
1606
0
0
0
0
0
0
3252
2791
0
0
0
0
0
0
1072
1064
0
0
0
0
0
0
1689
2145
0
0
0
0
0
0
458
959
0
0
0
0
0
0
2923
3002
0
0
0
0
0
0
2683
2261
0
0
0
0
0
0
4030
3497
0
0
0
0
0
0
1310
1161
0
0
0
0
0
0
1160
1539
0
0
0
0
0
0
3746
207
0
0
0
0
0
0
2583
2801
0
0
0
0
0
0
3134
2806
0
0
0
0
0
0
762
188
0
0
0
0
0
0
1749
1464
0
0
0
0
0
0
794
1065
0
0
0
0
0
0
2908
3490
0
0
0
0
0
0
2051
2402
0
0
0
0
0
0
3403
3196
0
0
0
0
0
0
1591
1012
0
0
0
0
0
0
2370
1956
0
0
0
0
0
0
629
3987
0
0
0
0
0
0
2375
2573
0
0
0
0
0
0
1347
1815
0
0
0
0
0
0
3462
3396
0
0
0
0
0
0
2388
1936
0
0
0
0
0
0
3147
2622
0
0
0
0
0
0
682
673
0
0
0
0
0
0
2319
1834
0
0
0
0
0
0
520
1071
0
0
0
0
0
0
3294
3381
0
0
0
0
0
0
3554
1951
0
0
0
0
0
0
4006
3416
0
0
0
0
0
0
965
798
0
0
0
0
0
0
3358
498
0
0
0
0
0
0
3670
250
0
0
0
0
0
0
2899
3142
0
0
0
0
0
0
955
653
0
0
0
0
0
0
738
289
0
0
0
0
0
0
1472
1152
0
0
0
0
0
0
3264
3268
0
0
0
0
0
0
3016
3338
0
0
0
0
0
0
2287
2679
0
0
0
0
0
0
1296
707
0
0
0
0
0
0
1823
1275
0
0
0
0
0
0
2180
1714
0
0
0
0
0
0
2132
2893
0
0
0
0
0
0
2172
2069
0
0
0
0
0
0
1488
2019
0
0
0
0
0
0
629
1878
0
0
0
0
0
0
3055
1508
0
0
0
0
0
0
3028
2458
0
0
0
0
0
0
3530
2198
0
0
0
0
0
0
3874
846
0
0
0
0
0
0
540
1212
0
0
0
0
0
0
3646
523
0
0
0
0
0
0
506
419
0
0
0
0
0
0
4049
3383
0
0
0
0
0
0
640
456
0
0
0
0
0
0
3293
3371
0
0
0
0
0
0
3778
176
0
0
0
0
0
0
3191
3460
0
0
0
0
0
0
1184
972
0
0
0
0
0
0
697
313
0
0
0
0
0
0
1210
860
0
0
0
0
0
0
2601
2868
0
0
0
0
0
0
2582
3207
0
0
0
0
0
0
2507
2943
0
0
0
0
0
0
1305
1350
0
0
0
0
0
0
1642
1687
0
0
0
0
0
0
2004
1491
0
0
0
0
0
0
2375
2904
0
0
0
0
0
0
1263
2878
0
0
0
0
0
0
1652
2215
0
0
0
0
0
0
1699
1259
0
0
0
0
0
0
51
3008
0
0
0
0
0
0
2977
2300
0
0
0
0
0
0
1867
2463
0
0
0
0
0
0
3615
3860
0
0
0
0
0
0
588
1271
0
0
0
0
0
0
745
2174
0
0
0
0
0
0
843
653
0
0
0
0
0
0
3893
3367
0
0
0
0
0
0
346
3365
0
0
0
0
0
0
2983
3056
0
0
0
0
0
0
3865
196
0
0
0
0
0
0
3459
3748
0
0
0
0
0
0
1355
1309
0
0
0
0
0
0
1077
404
0
0
0
0
0
0
979
595
0
0
0
0
0
0
2398
2564
0
0
0
0
0
0
2823
2846
0
0
0
0
0
0
2701
3174
0
0
0
0
0
0
1935
1727
0
0
0
0
0
0
1192
1423
0
0
0
0
0
0
1825
1295
0
0
0
0
0
0
2408
2292
0
0
0
0
0
0
1070
2742
0
0
0
0
0
0
1776
2382
0
0
0
0
0
0
2017
1570
0
0
0
0
0
0
265
3171
0
0
0
0
0
0
2892
2168
0
0
0
0
0
0
1563
2160
0
0
0
0
0
0
3377
3669
0
0
0
0
0
0
634
1366
0
0
0
0
0
0
1027
2464
0
0
0
0
0
0
1101
870
0
0
0
0
0
0
3886
3310
0
0
0
0
0
0
3304
1768
0
0
0
0
0
0
2664
2830
0
0
0
0
0
0
3533
147
0
0
0
0
0
0
3689
787
0
0
0
0
0
0
1638
1605
0
0
0
0
0
0
788
720
0
0
0
0
0
0
780
367
0
0
0
0
0
0
2261
2253
0
0
0
0
0
0
3327
3150
0
0
0
0
0
0
2888
3371
0
0
0
0
0
0
2094
1996
0
0
0
0
0
0
2646
901
0
0
0
0
0
0
1675
1107
0
0
0
0
0
0
1826
1955
0
0
0
0
0
0
31
1309
0
0
0
0
0
0
1838
2537
0
0
0
0
0
0
1928
2134
0
0
0
0
0
0
455
96
0
0
0
0
0
0
2821
2102
0
0
0
0
0
0
1915
2261
0
0
0
0
0
0
3191
3499
0
0
0
0
0
0
821
1397
0
0
0
0
0
0
2590
2102
0
0
0
0
0
0
1306
1038
0
0
0
0
0
0
3754
3265
0
0
0
0
0
0
3084
1539
0
0
0
0
0
0
2437
2632
0
0
0
0
0
0
3507
164
0
0
0
0
0
0
3884
997
0
0
0
0
0
0
1871
1814
0
0
0
0
0
0
843
734
0
0
0
0
0
0
612
178
0
0
0
0
0
0
2027
2038
0
0
0
0
0
0
3243
3107
0
0
0
0
0
0
3032
3537
0
0
0
0
0
0
2328
2214
0
0
0
0
0
0
2754
969
0
0
0
0
0
0
1560
964
0
0
0
0
0
0
1599
1737
0
0
0
0
0
0
3997
1217
0
0
0
0
0
0
1923
2652
0
0
0
0
0
0
2146
2348
0
0
0
0
0
0
601
208
0
0
0
0
0
0
2763
2012
0
0
0
0
0
0
1711
2057
0
0
0
0
0
0
3031
3369
0
0
0
0
0
0
852
1460
0
0
0
0
0
0
2779
2294
0
0
0
0
0
0
1477
1181
0
0
0
0
0
0
3751
3228
0
0
0
0
0
0
2913
1360
0
0
0
0
0
0
2260
2480
0
0
0
0
0
0
3485
176
0
0
0
0
0
0
4035
1160
0
0
0
0
0
0
2051
1974
0
0
0
0
0
0
887
745
0
0
0
0
0
0
481
33
0
0
0
0
0
0
1846
1873
0
0
0
0
0
0
3179
3075
0
0
0
0
0
0
3138
3661
0
0
0
0
0
0
2503
2380
0
0
0
0
0
0
2836
1021
0
0
0
0
0
0
1476
860
0
0
0
0
0
0
1430
1575
0
0
0
0
0
0
3901
1150
0
0
0
0
0
0
1986
2737
0
0
0
0
0
0
2305
2504
0
0
0
0
0
0
708
291
0
0
0
0
0
0
2721
1947
0
0
0
0
0
0
1564
1909
0
0
0
0
0
0
2916
3278
0
0
0
0
0
0
873
1505
0
0
0
0
0
0
2912
2430
0
0
0
0
0
0
1597
1281
0
0
0
0
0
0
3748
3201
0
0
0
0
0
0
2794
1234
0
0
0
0
0
0
2138
2373
0
0
0
0
0
0
3471
185
0
0
0
0
0
0
41
1272
0
0
0
0
0
0
2174
2082
0
0
0
0
0
0
917
752
0
0
0
0
0
0
395
4031
0
0
0
0
0
0
1727
1765
0
0
0
0
0
0
3138
3053
0
0
0
0
0
0
3208
3745
0
0
0
0
0
0
2617
2486
0
0
0
0
0
0
2888
1055
0
0
0
0
0
0
1421
792
0
0
0
0
0
0
1322
1473
0
0
0
0
0
0
3841
1107
0
0
0
0
0
0
2025
2789
0
0
0
0
0
0
2402
2598
0
0
0
0
0
0
771
339
0
0
0
0
0
0
2697
1909
0
0
0
0
0
0
1476
1821
0
0
0
0
0
0
2849
3222
0
0
0
0
0
0
886
1530
0
0
0
0
0
0
2989
2509
0
0
0
0
0
0
1665
1337
0
0
0
0
0
0
3747
3188
0
0
0
0
0
0
1406
1773
0
0
0
0
0
0
2083
2332
0
0
0
0
0
0
3822
3985
0
0
0
0
0
0
88
1325
0
0
0
0
0
0
2235
2139
0
0
0
0
0
0
931
755
0
0
0
0
0
0
353
3107
0
0
0
0
0
0
1670
1669
0
0
0
0
0
0
1794
3652
0
0
0
0
0
0
3251
3796
0
0
0
0
0
0
2516
2580
0
0
0
0
0
0
3787
2393
0
0
0
0
0
0
1446
755
0
0
0
0
0
0
1408
1433
0
0
0
0
0
0
3821
214
0
0
0
0
0
0
2036
2761
0
0
0
0
0
0
2733
2696
0
0
0
0
0
0
795
350
0
0
0
0
0
0
2540
1947
0
0
0
0
0
0
1812
1500
0
0
0
0
0
0
2825
3206
0
0
0
0
0
0
1013
1534
0
0
0
0
0
0
2399
2167
0
0
0
0
0
0
1664
1356
0
0
0
0
0
0
4047
3254
0
0
0
0
0
0
1404
1763
0
0
0
0
0
0
2076
2325
0
0
0
0
0
0
3822
3985
0
0
0
0
0
0
89
1326
0
0
0
0
0
0
2233
2137
0
0
0
0
0
0
930
755
0
0
0
0
0
0
357
3113
0
0
0
0
0
0
1678
1676
0
0
0
0
0
0
1798
3654
0
0
0
0
0
0
3242
3785
0
0
0
0
0
0
2649
2514
0
0
0
0
0
0
2900
1061
0
0
0
0
0
0
1410
778
0
0
0
0
0
0
1307
1459
0
0
0
0
0
0
3836
1102
0
0
0
0
0
0
2027
2792
0
0
0
0
0
0
2402
2598
0
0
0
0
0
0
770
337
0
0
0
0
0
0
2700
1914
0
0
0
0
0
0
1490
1838
0
0
0
0
0
0
2864
3236
0
0
0
0
0
0
881
1522
0
0
0
0
0
0
2961
2480
0
0
0
0
0
0
1635
1311
0
0
0
0
0
0
3748
3194
0
0
0
0
0
0
2770
1210
0
0
0
0
0
0
2119
2357
0
0
0
0
0
0
3469
186
0
0
0
0
0
0
45
1275
0
0
0
0
0
0
2171
2081
0
0
0
0
0
0
915
751
0
0
0
0
0
0
408
4048
0
0
0
0
0
0
1754
1790
0
0
0
0
0
0
3149
3060
0
0
0
0
0
0
3183
3714
0
0
0
0
0
0
2566
2437
0
0
0
0
0
0
2861
1037
0
0
0
0
0
0
1454
835
0
0
0
0
0
0
1398
1546
0
0
0
0
0
0
3889
1141
0
0
0
0
0
0
1990
2744
0
0
0
0
0
0
2306
2502
0
0
0
0
0
0
701
284
0
0
0
0
0
0
2728
1957
0
0
0
0
0
0
1592
1939
0
0
0
0
0
0
2947
3303
0
0
0
0
0
0
866
1489
0
0
0
0
0
0
2856
2373
0
0
0
0
0
0
1538
1229
0
0
0
0
0
0
3750
3216
0
0
0
0
0
0
2872
1319
0
0
0
0
0
0
2229
2454
0
0
0
0
0
0
3482
178
0
0
0
0
0
0
4041
1166
0
0
0
0
0
0
2047
1968
0
0
0
0
0
0
883
742
0
0
0
0
0
0
504
59
0
0
0
0
0
0
1890
1914
0
0
0
0
0
0
3199
3085
0
0
0
0
0
0
3096
3612
0
0
0
0
0
0
2421
2300
0
0
0
0
0
0
2791
993
0
0
0
0
0
0
1530
928
0
0
0
0
0
0
1550
1694
0
0
0
0
0
0
3978
1205
0
0
0
0
0
0
1928
2660
0
0
0
0
0
0
2147
2346
0
0
0
0
0
0
592
200
0
0
0
0
0
0
2773
2026
0
0
0
0
0
0
1752
2101
0
0
0
0
0
0
3076
3407
0
0
0
0
0
0
841
1436
0
0
0
0
0
0
2696
2208
0
0
0
0
0
0
1389
1104
0
0
0
0
0
0
3753
3250
0
0
0
0
0
0
3030
1485
0
0
0
0
0
0
2396
2599
0
0
0
0
0
0
3503
166
0
0
0
0
0
0
3892
1005
0
0
0
0
0
0
1865
1806
0
0
0
0
0
0
840
732
0
0
0
0
0
0
641
213
0
0
0
0
0
0
2085
2095
0
0
0
0
0
0
3270
3122
0
0
0
0
0
0
2973
3468
0
0
0
0
0
0
2215
2108
0
0
0
0
0
0
2693
930
0
0
0
0
0
0
1635
1058
0
0
0
0
0
0
1766
1899
0
0
0
0
0
0
5
1293
0
0
0
0
0
0
1845
2546
0
0
0
0
0
0
1930
2135
0
0
0
0
0
0
443
86
0
0
0
0
0
0
2831
2118
0
0
0
0
0
0
1970
2319
0
0
0
0
0
0
3250
3549
0
0
0
0
0
0
807
1366
0
0
0
0
0
0
2482
1988
0
0
0
0
0
0
1192
938
0
0
0
0
0
0
3758
3294
0
0
0
0
0
0
3237
1702
0
0
0
0
0
0
2613
2788
0
0
0
0
0
0
3529
151
0
0
0
0
0
0
3699
794
0
0
0
0
0
0
1629
1595
0
0
0
0
0
0
781
718
0
0
0
0
0
0
818
412
0
0
0
0
0
0
2334
2324
0
0
0
0
0
0
3360
3168
0
0
0
0
0
0
2816
3284
0
0
0
0
0
0
2079
1860
0
0
0
0
0
0
1249
1458
0
0
0
0
0
0
1779
1238
0
0
0
0
0
0
2334
2224
0
0
0
0
0
0
1041
2723
0
0
0
0
0
0
1785
2393
0
0
0
0
0
0
2017
1567
0
0
0
0
0
0
251
3158
0
0
0
0
0
0
2904
2188
0
0
0
0
0
0
1631
2230
0
0
0
0
0
0
3448
3728
0
0
0
0
0
0
616
1331
0
0
0
0
0
0
899
2330
0
0
0
0
0
0
964
751
0
0
0
0
0
0
3890
3346
0
0
0
0
0
0
268
3286
0
0
0
0
0
0
2921
3006
0
0
0
0
0
0
3861
199
0
0
0
0
0
0
3470
3758
0
0
0
0
0
0
1346
1296
0
0
0
0
0
0
1070
400
0
0
0
0
0
0
1022
644
0
0
0
0
0
0
2483
2646
0
0
0
0
0
0
2861
2866
0
0
0
0
0
0
2617
3074
0
0
0
0
0
0
1771
1570
0
0
0
0
0
0
1105
1366
0
0
0
0
0
0
1935
1432
0
0
0
0
0
0
2648
2525
0
0
0
0
0
0
1223
2853
0
0
0
0
0
0
1661
2228
0
0
0
0
0
0
1702
1257
0
0
0
0
0
0
35
2991
0
0
0
0
0
0
2990
2321
0
0
0
0
0
0
1942
2542
0
0
0
0
0
0
3696
710
0
0
0
0
0
0
571
1276
0
0
0
0
0
0
3818
696
0
0
0
0
0
0
640
528
0
0
0
0
0
0
4048
3360
0
0
0
0
0
0
553
368
0
0
0
0
0
0
3226
3316
0
0
0
0
0
0
3773
178
0
0
0
0
0
0
3203
3470
0
0
0
0
0
0
1172
959
0
0
0
0
0
0
688
309
0
0
0
0
0
0
1261
920
0
0
0
0
0
0
2697
2959
0
0
0
0
0
0
2624
3230
0
0
0
0
0
0
2412
2831
0
0
0
0
0
0
1121
1173
0
0
0
0
0
0
1543
1623
0
0
0
0
0
0
2126
1644
0
0
0
0
0
0
2645
3166
0
0
0
0
0
0
2757
2396
0
0
0
0
0
0
1514
2027
0
0
0
0
0
0
1952
1268
0
0
0
0
0
0
1704
2083
0
0
0
0
0
0
3053
2498
0
0
0
0
0
0
396
3609
0
0
0
0
0
0
790
2233
0
0
0
0
0
0
562
1156
0
0
0
0
0
0
3482
3570
0
0
0
0
0
0
331
3442
0
0
0
0
0
0
4051
3381
0
0
0
0
0
0
869
702
0
0
0
0
0
0
3409
3656
0
0
0
0
0
0
3664
207
0
0
0
0
0
0
2911
3154
0
0
0
0
0
0
942
638
0
0
0
0
0
0
727
284
0
0
0
0
0
0
1524
1214
0
0
0
0
0
0
3010
3669
0
0
0
0
0
0
2945
3369
0
0
0
0
0
0
2186
2560
0
0
0
0
0
0
1704
872
0
0
0
0
0
0
1431
1130
0
0
0
0
0
0
2307
1882
0
0
0
0
0
0
3748
2573
0
0
0
0
0
0
1987
2489
0
0
0
0
0
0
1355
1836
0
0
0
0
0
0
3466
3395
0
0
0
0
0
0
2369
1917
0
0
0
0
0
0
3164
2649
0
0
0
0
0
0
772
767
0
0
0
0
0
0
1657
1605
0
0
0
0
0
0
482
1030
0
0
0
0
0
0
3122
3201
0
0
0
0
0
0
2836
2385
0
0
0
0
0
0
4026
3468
0
0
0
0
0
0
1210
1061
0
0
0
0
0
0
1083
1477
0
0
0
0
0
0
3739
210
0
0
0
0
0
0
2599
2815
0
0
0
0
0
0
3122
2790
0
0
0
0
0
0
753
186
0
0
0
0
0
0
1805
1529
0
0
0
0
0
0
904
1172
0
0
0
0
0
0
2958
3517
0
0
0
0
0
0
1943
2273
0
0
0
0
0
0
3194
2993
0
0
0
0
0
0
1479
939
0
0
0
0
0
0
2509
2131
0
0
0
0
0
0
937
1068
0
0
0
0
0
0
2295
2811
0
0
0
0
0
0
1203
1622
0
0
0
0
0
0
3062
2998
0
0
0
0
0
0
2069
1588
0
0
0
0
0
0
3271
2819
0
0
0
0
0
0
1165
1163
0
0
0
0
0
0
1786
2229
0
0
0
0
0
0
434
908
0
0
0
0
0
0
2744
2814
0
0
0
0
0
0
2492
2096
0
0
0
0
0
0
4034
3545
0
0
0
0
0
0
1564
1434
0
0
0
0
0
0
1454
1801
0
0
0
0
0
0
3782
184
0
0
0
0
0
0
2272
2461
0
0
0
0
0
0
2729
2439
0
0
0
0
0
0
657
161
0
0
0
0
0
0
2097
1856
0
0
0
0
0
0
1313
1548
0
0
0
0
0
0
3105
3592
0
0
0
0
0
0
1691
1979
0
0
0
0
0
0
2777
2603
0
0
0
0
0
0
1285
814
0
0
0
0
0
0
2718
2390
0
0
0
0
0
0
1356
1471
0
0
0
0
0
0
2536
2982
0
0
0
0
0
0
1041
1404
0
0
0
0
0
0
2646
2591
0
0
0
0
0
0
1788
1371
0
0
0
0
0
0
3383
2993
0
0
0
0
0
0
1568
1565
0
0
0
0
0
0
2106
2487
0
0
0
0
0
0
372
782
0
0
0
0
0
0
2360
2418
0
0
0
0
0
0
2139
1798
0
0
0
0
0
0
4042
3622
0
0
0
0
0
0
1925
1813
0
0
0
0
0
0
1834
2131
0
0
0
0
0
0
3827
156
0
0
0
0
0
0
1942
2102
0
0
0
0
0
0
2330
2081
0
0
0
0
0
0
561
138
0
0
0
0
0
0
2391
2187
0
0
0
0
0
0
1726
1924
0
0
0
0
0
0
3253
3667
0
0
0
0
0
0
1436
1680
0
0
0
0
0
0
2357
2208
0
0
0
0
0
0
1089
690
0
0
0
0
0
0
2929
2650
0
0
0
0
0
0
1776
1874
0
0
0
0
0
0
2776
3155
0
0
0
0
0
0
879
1184
0
0
0
0
0
0
2233
2186
0
0
0
0
0
0
1506
1155
0
0
0
0
0
0
3495
3167
0
0
0
0
0
0
1971
1969
0
0
0
0
0
0
2424
2745
0
0
0
0
0
0
312
655
0
0
0
0
0
0
1975
2025
0
0
0
0
0
0
1791
1506
0
0
0
0
0
0
4051
3700
0
0
0
0
0
0
2283
2190
0
0
0
0
0
0
2208
2456
0
0
0
0
0
0
3870
129
0
0
0
0
0
0
1616
1749
0
0
0
0
0
0
1937
1729
0
0
0
0
0
0
465
114
0
0
0
0
0
0
2682
2512
0
0
0
0
0
0
2132
2298
0
0
0
0
0
0
3399
3741
0
0
0
0
0
0
1186
1388
0
0
0
0
0
0
1946
1822
0
0
0
0
0
0
897
568
0
0
0
0
0
0
3134
2905
0
0
0
0
0
0
2189
2269
0
0
0
0
0
0
3011
3321
0
0
0
0
0
0
720
971
0
0
0
0
0
0
1828
1790
0
0
0
0
0
0
1233
945
0
0
0
0
0
0
3605
3338
0
0
0
0
0
0
2361
2360
0
0
0
0
0
0
2733
2994
0
0
0
0
0
0
254
533
0
0
0
0
0
0
1606
1646
0
0
0
0
0
0
1454
1222
0
0
0
0
0
0
4060
3775
0
0
0
0
0
0
2628
2553
0
0
0
0
0
0
2570
2770
0
0
0
0
0
0
3914
104
0
0
0
0
0
0
1302
1410
0
0
0
0
0
0
1559
1392
0
0
0
0
0
0
372
91
0
0
0
0
0
0
2961
2825
0
0
0
0
0
0
2521
2655
0
0
0
0
0
0
3536
3811
0
0
0
0
0
0
947
1108
0
0
0
0
0
0
1552
1453
0
0
0
0
0
0
715
453
0
0
0
0
0
0
3330
3149
0
0
0
0
0
0
2581
2645
0
0
0
0
0
0
3236
3484
0
0
0
0
0
0
570
769
0
0
0
0
0
0
1444
1414
0
0
0
0
0
0
970
744
0
0
0
0
0
0
3709
3499
0
0
0
0
0
0
2731
2730
0
0
0
0
0
0
3025
3232
0
0
0
0
0
0
199
417
0
0
0
0
0
0
1256
1286
0
0
0
0
0
0
1136
954
0
0
0
0
0
0
4067
3844
0
0
0
0
0
0
2952
2894
0
0
0
0
0
0
2910
3066
0
0
0
0
0
0
3954
81
0
0
0
0
0
0
1008
1091
0
0
0
0
0
0
1204
1075
0
0
0
0
0
0
287
69
0
0
0
0
0
0
3222
3117
0
0
0
0
0
0
2885
2989
0
0
0
0
0
0
3666
3877
0
0
0
0
0
0
724
848
0
0
0
0
0
0
1184
1109
0
0
0
0
0
0
544
344
0
0
0
0
0
0
3513
3374
0
0
0
0
0
0
2945
2994
0
0
0
0
0
0
3443
3631
0
0
0
0
0
0
430
581
0
0
0
0
0
0
1089
1066
0
0
0
0
0
0
731
560
0
0
0
0
0
0
3804
3645
0
0
0
0
0
0
3073
3072
0
0
0
0
0
0
3294
3448
0
0
0
0
0
0
147
311
0
0
0
0
0
0
935
958
0
0
0
0
0
0
843
708
0
0
0
0
0
0
4073
3909
0
0
0
0
0
0
3249
3207
0
0
0
0
0
0
3219
3335
0
0
0
0
0
0
3990
58
0
0
0
0
0
0
740
801
0
0
0
0
0
0
881
786
0
0
0
0
0
0
209
49
0
0
0
0
0
0
3457
3381
0
0
0
0
0
0
3214
3289
0
0
0
0
0
0
3783
3937
0
0
0
0
0
0
523
611
0
0
0
0
0
0
855
800
0
0
0
0
0
0
391
248
0
0
0
0
0
0
3678
3578
0
0
0
0
0
0
3270
3307
0
0
0
0
0
0
3628
3762
0
0
0
0
0
0
306
413
0
0
0
0
0
0
774
757
0
0
0
0
0
0
517
395
0
0
0
0
0
0
3890
3779
0
0
0
0
0
0
3374
3375
0
0
0
0
0
0
3531
3640
0
0
0
0
0
0
102
216
0
0
0
0
0
0
653
668
0
0
0
0
0
0
585
491
0
0
0
0
0
0
4081
3966
0
0
0
0
0
0
3509
3479
0
0
0
0
0
0
3491
3571
0
0
0
0
0
0
4022
39
0
0
0
0
0
0
505
547
0
0
0
0
0
0
602
536
0
0
0
0
0
0
141
32
0
0
0
0
0
0
3662
3610
0
0
0
0
0
0
3500
3551
0
0
0
0
0
0
3884
3987
0
0
0
0
0
0
350
410
0
0
0
0
0
0
570
533
0
0
0
0
0
0
260
164
0
0
0
0
0
0
3816
3750
0
0
0
0
0
0
3550
3573
0
0
0
0
0
0
3789
3877
0
0
0
0
0
0
199
269
0
0
0
0
0
0
504
492
0
0
0
0
0
0
335
256
0
0
0
0
0
0
3961
3889
0
0
0
0
0
0
3630
3630
0
0
0
0
0
0
3734
3804
0
0
0
0
0
0
64
137
0
0
0
0
0
0
414
422
0
0
0
0
0
0
370
310
0
0
0
0
0
0
4085
4013
0
0
0
0
0
0
3727
3710
0
0
0
0
0
0
3718
3768
0
0
0
0
0
0
4050
23
0
0
0
0
0
0
311
337
0
0
0
0
0
0
368
328
0
0
0
0
0
0
86
19
0
0
0
0
0
0
3832
3801
0
0
0
0
0
0
3734
3765
0
0
0
0
0
0
3967
4029
0
0
0
0
0
0
208
243
0
0
0
0
0
0
337
314
0
0
0
0
0
0
152
94
0
0
0
0
0
0
3932
3893
0
0
0
0
0
0
3777
3791
0
0
0
0
0
0
3917
3968
0
0
0
0
0
0
113
153
0
0
0
0
0
0
286
279
0
0
0
0
0
0
189
144
0
0
0
0
0
0
4020
3979
0
0
0
0
0
0
3835
3836
0
0
0
0
0
0
3893
3933
0
0
0
0
0
0
34
74
0
0
0
0
0
0
225
230
0
0
0
0
0
0
198
166
0
0
0
0
0
0
4089
4051
0
0
0
0
0
0
3898
3889
0
0
0
0
0
0
3895
3923
0
0
0
0
0
0
4070
12
0
0
0
0
0
0
160
173
0
0
0
0
0
0
188
167
0
0
0
0
0
0
43
9
0
0
0
0
0
0
3961
3946
0
0
0
0
0
0
3914
3930
0
0
0
0
0
0
4032
4062
0
0
0
0
0
0
100
118
0
0
0
0
0
0
162
150
0
0
0
0
0
0
70
44
0
0
0
0
0
0
4017
3999
0
0
0
0
0
0
3945
3952
0
0
0
0
0
0
4012
4035
0
0
0
0
0
0
50
69
0
0
0
0
0
0
126
123
0
0
0
0
0
0
82
62
0
0
0
0
0
0
4061
4043
0
0
0
0
0
0
3982
3983
0
0
0
0
0
0
4009
4026
0
0
0
0
0
0
13
29
0
0
0
0
0
0
91
93
0
0
0
0
0
0
79
66
0
0
0
0
0
0
4091
4075
0
0
0
0
0
0
4018
4014
0
0
0
0
0
0
4017
4028
0
0
0
0
0
0
4085
3
0
0
0
0
0
0
57
62
0
0
0
0
0
0
65
57
0
0
0
0
0
0
13
2
0
0
0
0
0
0
4049
4044
0
0
0
0
0
0
4033
4039
0
0
0
0
0
0
4073
4083
0
0
0
0
0
0
30
35
0
0
0
0
0
0
49
44
0
0
0
0
0
0
20
11
0
0
0
0
0
0
4071
4065
0
0
0
0
0
0
4052
4054
0
0
0
0
0
0
4071
4078
0
0
0
0
0
0
11
16
0
0
0
0
0
0
30
28
0
0
0
0
0
0
18
13
0
0
0
0
0
0
4085
4082
0
0
0
0
0
0
4069
4070
0
0
0
0
0
0
4076
4079
0
0
0
0
0
0
1
4
0
0
0
0
0
0
15
15
0
0
0
0
0
0
12
10
0
0
0
0
0
0
4094
4091
0
0
0
0
0
0
4082
4083
0
0
0
0
0
0
4082
4084
0
0
0
0
0
0
4092
4095
0
0
0
0
0
0
5
5
0
0
0
0
0
0
4
4
0
0
0
0
0
0
0
4094
0
0
0
0
0
0
4089
4089
0
0
0
0
0
0
4089
4089
0
0
0
0
0
0
4092
4092
0
0
0
0
0
0
4095
0
0
0
0
0
0
0
0
0
0
0
0
0
0
0
0
4095
0
0
0
0
0
0
4092
4092
0
0
0
0
0
0
4092
4092
0
0
0
0
0
0
4092
4092
0
0
0
0
0
0
0
4095
0
0
0
0
0
0
0
4095
0
0
0
0
0
0
4095
0
0
0
0
0
0
0
4095
0
0
0
0
0
0
0
0
0
0
0
0
0
0
0
0
0
0
0
0
0
0
0
0
0
0
0
0
0
0
0
0
0
0
0
0
0
0
0
0
0
0
0
0
0
0
0
0
0
0
0
0
0
0
0
0
0
0
0
0
0
0
0
0
0
0
0
0
0
0
0
0
0
0
0
0
0
0
0
0
0
0
0
0
0
0
0
0
0
0
0
0
0
0
0
0
0
0
0
0
0
0
0
0
0
0
0
0
0
0
0
0
0
0
0
0
0
0
0
0
0
0
0
0
0
0
0
0
0
0
0
0
0
0
0
0
0
0
0
0
0
0
0
0
0
0
0
0
0
0
0
0
0
0
0
0
0
0
0
0
0
0
0
0
0
0
0
0
0
0
0
0
0
0
0
0
0
0
0
0
0
0
0
0
0
0
0
0
0
0
0
0
0
0
0
0
0
0
0
0
0
0
0
0
0
0
0
0
0
0
0
0
0
0
0
0
0
0
0
0
0
0
0
0
0
0
0
0
0
0
0
0
0
0
0
0
0
0
0
0
0
0
0
0
0
0
0
0
0
0
0
0
0
0
0
0
0
0
0
0
0
0
0
0
0
0
0
0
0
0
0
0
0
0
0
0
0
0
0
0
0
0
0
0
0
0
0
0
0
0
0
0
0
0
0
0
0
0
0
0
0
0
0
0
0
0
0
0
0
0
0
0
0
0
0
0
0
0
0
0
0
0
0
0
0
0
0
0
0
0
0
0
0
0
0
0
0
0
0
0
0
0
0
0
0
0
0
0
0
0
0
0
0
0
0
0
0
0
0
0
0
0
0
0
0
0
0
0
0
0
0
0
0
0
0
0
0
0
0
0
0
0
0
0
0
0
0
0
0
0
0
0
0
0
0
0
0
0
0
0
0
0
0
0
0
0
0
0
0
0
0
0
0
0
0
0
0
0
0
0
0
0
0
0
0
0
0
0
0
0
0
0
0
0
0
0
0
0
0
0
0
0
0
0
0
0
0
0
0
0
0
0
0
0
0
0
0
0
0
0
0
0
0
0
0
0
0
0
0
0
0
0
0
0
0
0
0
0
0
0
0
0
0
0
0
0
0
0
0
0
0
0
0
0
0
0
0
0
0
0
0
0
0
0
0
0
0
0
0
0
0
0
0
0
0
0
0
0
0
0
0
0
0
0
0
0
0
0
0
0
0
0
0
0
0
0
0
0
0
0
0
0
0
0
0
0
0
0
0
0
0
0
0
0
0
0
0
0
0
0
0
0
0
0
0
0
0
0
0
0
0
0
0
0
0
0
0
0
0
0
0
0
0
0
0
0
0
0
0
0
0
0
0
0
0
0
0
0
0
0
0
0
0
0
0
0
0
0
0
0
0
0
0
0
0
0
0
0
0
0
0
0
0
0
0
0
0
0
0
0
0
0
0
0
0
0
0
0
0
0
0
0
0
0
0
0
0
0
0
0
0
0
0
0
0
0
0
0
0
0
0
0
0
0
0
0
0
0
0
0
0
0
0
0
0
0
0
0
0
0
0
0
0
0
0
0
0
0
0
0
0
0
0
0
0
0
0
0
0
0
0
0
0
0
0
0
0
0
0
0
0
0
0
0
0
0
0
0
0
0
0
0
0
0
0
0
0
0
0
0
0
0
0
0
0
0
0
0
0
0
0
0
0
0
0
0
0
0
0
0
0
0
0
0
0
0
0
0
0
0
0
0
0
0
0
0
0
0
0
0
0
0
0
0
0
0
0
0
0
0
0
0
0
0
0
0
0
0
0
0
0
0
0
0
0
0
0
0
0
0
0
0
0
0
0
0
0
0
0
0
0
0
0
0
0
0
0
0
0
0
0
0
0
0
0
0
0
0
0
0
0
0
0
0
0
0
0
0
0
0
0
0
0
0
0
0
0
0
0
0
0
0
0
0
0
0
0
0
0
0
0
0
0
0
0
0
0
0
0
0
0
0
0
0
0
0
0
0
0
0
0
0
0
0
0
0
0
0
0
0
0
0
0
0
0
0
0
0
0
0
0
0
0
0
0
0
0
0
0
0
0
0
0
0
0
0
0
0
0
0
0
0
0
0
0
0
0
0
0
0
0
0
0
0
0
0
0
0
0
0
0
0
0
0
0
0
0
0
0
0
0
0
0
0
0
0
0
0
0
0
0
0
0
0
0
0
0
0
0
0
0
0
0
0
0
0
0
0
0
0
0
0
0
0
0
0
0
0
0
0
0
0
0
0
0
0
0
0
0
0
0
0
0
0
0
0
0
0
0
0
0
0
0
0
0
0
0
0
0
0
0
0
0
0
0
0
0
0
0
0
0
0
0
0
0
0
0
0
0
0
0
0
0
0
0
0
0
0
0
0
0
0
0
0
0
0
0
0
0
0
0
0
0
0
0
0
0
0
0
0
0
0
0
0
0
0
0
0
0
0
0
0
0
0
0
0
0
0
0
0
0
0
0
0
0
0
0
0
0
0
0
0
0
0
0
0
0
0
0
0
0
0
0
0
0
0
0
0
0
0
0
0
0
0
0
0
0
0
0
0
0
0
0
0
0
0
0
0
0
0
0
0
0
0
0
0
0
0
0
0
0
0
0
0
0
0
0
0
0
0
0
0
0
0
0
0
0
0
0
0
0
0
0
0
0
0
0
0
0
0
0
0
0
0
0
0
0
0
0
0
0
0
0
0
0
0
0
0
0
0
0
0
0
0
0
0
0
0
0
0
0
0
0
0
0
0
0
0
0
0
0
0
0
0
0
0
0
0
0
0
0
0
0
0
0
0
0
0
0
0
0
0
0
0
0
0
0
0
0
0
0
0
0
0
0
0
0
0
0
0
0
0
0
0
0
0
0
0
0
0
0
0
0
0
0
0
0
0
0
0
0
0
0
0
0
0
0
0
0
0
0
0
0
0
0
0
0
0
0
0
0
0
0
0
0
0
0
0
0
0
0
0
0
0
0
0
0
0
0
0
0
0
0
0
0
0
0
0
0
0
0
0
0
0
0
0
0
0
0
0
0
0
0
0
0
0
0
0
0
0
0
0
0
0
0
0
0
0
0
0
0
0
0
0
0
0
0
0
0
0
0
0
0
0
0
0
0
0
0
0
0
0
0
0
0
0
0
0
0
0
0
0
0
0
0
0
0
0
0
0
0
0
0
0
0
0
0
0
0
0
0
0
0
0
0
0
0
0
0
0
0
0
0
0
0
0
0
0
0
0
0
0
0
0
0
0
0
0
0
0
0
0
0
0
0
0
0
0
0
0
0
0
0
0
0
0
0
0
0
0
0
0
0
0
0
0
0
0
0
0
0
0
0
0
0
0
0
0
0
0
0
0
0
0
0
0
0
0
0
0
0
0
0
0
0
0
0
0
0
0
0
0
0
0
0
0
0
0
0
0
0
0
0
0
0
0
0
0
0
0
0
0
0
0
0
0
0
0
0
0
0
0
0
0
0
0
0
0
0
0
0
0
0
0
0
0
0
0
0
0
0
0
0
0
0
0
0
0
0
0
0
0
0
0
0
0
0
0
0
0
0
0
0
0
0
0
0
0
0
0
0
0
0
0
0
0
0
0
0
0
0
0
0
0
0
0
0
0
0
0
0
0
0
0
0
0
0
0
0
0
0
0
0
0
0
0
0
0
0
0
0
0
0
0
0
0
0
0
0
0
0
0
0
0
0
0
0
0
0
0
0
0
0
0
0
0
0
0
0
0
0
0
0
0
0
0
0
0
0
0
0
0
0
0
0
0
0
0
0
0
0
0
0
0
0
0
0
0
0
0
0
0
0
0
0
0
0
0
0
0
0
0
0
0
0
0
0
0
0
0
0
0
0
0
0
0
0
0
0
0
0
0
0
0
0
0
0
0
0
0
0
0
0
0
0
0
0
0
0
0
0
0
0
0
0
0
0
0
0
0
0
0
0
0
0
0
0
0
0
0
0
0
0
0
0
0
0
0
0
0
0
0
0
0
0
0
0
0
0
0
0
0
0
0
0
0
0
0
0
0
0
0
0
0
0
0
0
0
0
0
0
0
0
0
0
0
0
0
0
0
0
0
0
0
0
0
0
0
0
0
0
0
0
0
0
0
0
0
0
0
0
0
0
0
0
0
0
0
0
0
0
0
0
0
0
0
0
0
0
0
0
0
0
0
0
0
0
0
0
0
0
0
0
0
0
0
0
0
0
0
0
0
0
0
0
0
0
0
0
0
0
0
0
0
0
0
0
0
0
0
0
0
0
0
0
0
0
0
0
0
0
0
0
0
0
0
0
0
0
0
0
0
0
0
0
0
0
0
0
0
0
0
0
0
0
0
0
0
0
0
0
0
0
0
0
0
0
0
0
0
0
0
0
0
0
0
0
0
0
0
0
0
0
0
0
0
0
0
0
0
0
0
0
0
0
0
0
0
0
0
0
0
0
0
0
0
0
0
0
0
0
0
0
0
0
0
0
0
0
0
0
0
0
0
0
0
0
0
0
0
0
0
0
0
0
0
0
0
0
0
0
0
0
0
0
0
0
0
0
0
0
0
0
0
0
0
0
0
0
0
0
0
0
0
0
0
0
0
0
0
0
0
0
0
0
0
0
0
0
0
0
0
0
0
0
0
0
0
0
0
0
0
0
0
0
0
0
0
0
0
0
0
0
0
0
0
0
0
0
0
0
0
0
0
0
0
0
0
0
0
0
0
0
0
0
0
0
0
0
0
0
0
0
0
0
0
0
0
0
0
0
0
0
0
0
0
0
0
0
0
0
0
0
0
0
0
0
0
0
0
0
0
0
0
0
0
0
0
0
0
0
0
0
0
0
0
0
0
0
0
0
0
0
0
0
0
0
0
0
0
0
0
0
0
0
0
0
0
0
0
0
0
0
0
0
0
0
0
0
0
0
0
0
0
0
0
0
0
0
0
0
0
0
0
0
0
0
0
0
0
0
0
0
0
0
0
0
0
0
0
0
0
0
0
0
0
0
0
0
0
0
0
0
0
0
0
0
0
0
0
0
0
0
0
0
0
0
0
0
0
0
0
0
0
0
0
0
0
0
0
0
0
0
0
0
0
0
0
0
0
0
0
0
0
0
0
0
0
0
0
0
0
0
0
0
0
0
0
0
0
0
0
0
0
0
0
0
0
0
0
0
0
0
0
0
0
0
0
0
0
0
0
0
0
0
0
0
0
0
0
0
0
0
0
0
0
0
0
0
0
0
0
0
0
0
0
0
0
0
0
0
0
0
0
0
0
0
0
0
0
0
0
0
0
0
0
0
0
0
0
0
0
0
0
0
0
0
0
0
0
0
0
0
0
0
0
0
0
0
0
0
0
0
0
0
0
0
0
0
0
0
0
0
0
0
0
0
0
0
0
0
0
0
0
0
0
0
0
0
0
0
0
0
0
0
0
0
0
0
0
0
0
0
0
0
0
0
0
0
0
0
0
0
0
0
0
0
0
0
0
0
0
0
0
0
0
0
0
0
0
0
0
0
0
0
0
0
0
0
0
0
0
0
0
0
0
0
0
0
0
0
0
0
0
0
0
0
0
0
0
0
0
0
0
0
0
0
0
0
0
0
0
0
0
0
0
0
0
0
0
0
0
0
0
0
0
0
0
0
0
0
0
0
0
0
0
0
0
0
0
0
0
0
0
0
0
0
0
0
0
0
0
0
0
0
0
0
0
0
0
0
0
0
0
0
0
0
0
0
0
0
0
0
0
0
0
0
0
0
0
0
0
0
0
0
0
0
0
0
0
0
0
0
0
0
0
0
0
0
0
0
0
0
0
0
0
0
0
0
0
0
0
0
0
0
0
0
0
0
0
0
0
0
0
0
0
0
0
0
0
0
0
0
0
0
0
0
0
0
0
0
0
0
0
0
0
0
0
0
0
0
0
0
0
0
0
0
0
0
0
0
0
0
0
0
0
0
0
0
0
0
0
0
0
0
0
0
0
0
0
0
0
0
0
0
0
0
0
0
0
0
0
0
0
0
0
0
0
0
0
0
0
0
0
0
0
0
0
0
0
0
0
0
0
0
0
0
0
0
0
0
0
0
0
0
0
0
0
0
0
0
0
0
0
0
0
0
0
0
0
0
0
0
0
0
0
0
0
0
0
0
0
0
0
0
0
0
0
0
0
0
0
0
0
0
0
0
0
0
0
0
0
0
0
0
0
0
0
0
0
0
0
0
0
0
0
0
0
0
0
0
0
0
0
0
0
0
0
0
0
0
0
0
0
0
0
0
0
0
0
0
0
0
0
0
0
0
0
0
0
0
0
0
0
0
0
0
0
0
0
0
0
0
0
0
0
0
0
0
0
0
0
0
0
0
0
0
0
0
0
0
0
0
0
0
0
0
0
0
0
0
0
0
0
0
0
0
0
0
0
0
0
0
0
0
0
0
0
0
0
0
0
0
0
0
0
0
0
0
0
0
0
0
0
0
0
0
0
0
0
0
0
0
0
0
0
0
0
0
0
0
0
0
0
0
0
0
0
0
0
0
0
0
0
0
0
0
0
0
0
0
0
0
0
0
0
0
0
0
0
0
0
0
0
0
0
0
0
0
0
0
0
0
0
0
0
0
0
0
0
0
0
0
0
0
0
0
0
0
0
0
0
0
0
0
0
0
0
0
0
0
0
0
0
0
0
0
0
0
0
0
0
0
0
0
0
0
0
0
0
0
0
0
0
0
0
0
0
0
0
0
0
0
0
0
0
0
0
0
0
0
0
0
0
0
0
0
0
0
0
0
0
0
0
0
0
0
0
0
0
0
0
0
0
0
0
0
0
0
0
0
0
0
0
0
0
0
0
0
0
0
0
0
0
0
0
0
0
0
0
0
0
0
0
0
0
0
0
0
0
0
0
0
0
0
0
0
0
0
0
0
0
0
0
0
0
0
0
0
0
0
0
0
0
0
0
0
0
0
0
0
0
0
0
0
0
0
0
0
0
0
0
0
0
0
0
0
0
0
0
0
0
0
0
0
0
0
0
0
0
0
0
0
0
0
0
0
0
0
0
0
0
0
0
0
0
0
0
0
0
0
0
0
0
0
0
0
0
0
0
0
0
0
0
0
0
0
0
0
0
0
0
0
0
0
0
0
0
0
0
0
0
0
0
0
0
0
0
0
0
0
0
0
0
0
0
0
0
0
0
0
0
0
0
0
0
0
0
0
0
0
0
0
0
0
0
0
0
0
0
0
0
0
0
0
0
0
0
0
0
0
0
0
0
0
0
0
0
0
0
0
0
0
0
0
0
0
0
0
0
0
0
0
0
0
0
0
0
0
0
0
0
0
0
0
0
0
0
0
0
0
0
0
0
0
0
0
0
0
0
0
0
0
0
0
0
0
0
0
0
0
0
0
0
0
0
0
0
0
0
0
0
0
0
0
0
0
0
0
0
0
0
0
0
0
0
0
0
0
0
0
0
0
0
0
0
0
0
0
0
0
0
0
0
0
0
0
0
0
0
0
0
0
0
0
0
0
0
0
0
0
0
0
0
0
0
0
0
0
0
0
0
0
0
0
0
0
0
0
0
0
0
0
0
0
0
0
0
0
0
0
0
0
0
0
0
0
0
0
0
0
0
0
0
0
0
0
0
0
0
0
0
0
0
0
0
0
0
0
0
0
0
0
0
0
0
0
0
0
0
0
0
0
0
0
0
0
0
0
0
0
0
0
0
0
0
0
0
0
0
0
0
0
0
0
0
0
0
0
0
0
0
0
0
0
0
0
0
0
0
0
0
0
0
0
0
0
0
0
0
0
0
0
0
0
0
0
0
0
0
0
0
0
0
0
0
0
0
0
0
0
0
0
0
0
0
0
0
0
0
0
0
0
0
0
0
0
0
0
0
0
0
0
0
0
0
0
0
0
0
0
0
0
0
0
0
0
0
0
0
0
0
0
0
0
0
0
0
0
0
0
0
0
0
0
0
0
0
0
0
0
0
0
0
0
0
0
0
0
0
0
0
0
0
0
0
0
0
0
0
0
0
0
0
0
0
0
0
0
0
0
0
0
0
0
0
0
0
0
0
0
0
0
0
0
0
0
0
0
0
0
0
0
0
0
0
0
0
0
0
0
0
0
0
0
0
0
0
0
0
0
0
0
0
0
0
0
0
0
0
0
0
0
0
0
0
0
0
0
0
0
0
0
0
0
0
0
0
0
0
0
0
0
0
0
0
0
0
0
0
0
0
0
0
0
0
0
0
0
0
0
0
0
0
0
0
0
0
0
0
0
0
0
0
0
0
0
0
0
0
0
0
0
0
0
0
0
0
0
0
0
0
0
0
0
0
0
0
0
0
0
0
0
0
0
0
0
0
0
0
0
0
0
0
0
0
0
0
0
0
0
0
0
0
0
0
0
0
0
0
0
0
0
0
0
0
0
0
0
0
0
0
0
0
0
0
0
0
0
0
0
0
0
0
0
0
0
0
0
0
0
0
0
0
0
0
0
0
0
0
0
0
0
0
0
0
0
0
0
0
0
0
0
0
0
0
0
0
0
0
0
0
0
0
0
0
0
0
0
0
0
0
0
0
0
0
0
0
0
0
0
0
0
0
0
0
0
0
0
0
0
0
0
0
0
0
0
0
0
0
0
0
0
0
0
0
0
0
0
0
0
0
0
0
0
0
0
0
0
0
0
0
0
0
0
0
0
0
0
0
0
0
0
0
0
0
0
0
0
0
0
0
0
0
0
0
0
0
0
0
0
0
0
0
0
0
0
0
0
0
0
0
0
0
0
0
0
0
0
0
0
0
0
0
0
0
0
0
0
0
0
0
0
0
0
0
0
0
0
0
0
0
0
0
0
0
0
0
0
0
0
0
0
0
0
0
0
0
0
0
0
0
0
0
0
0
0
0
0
0
0
0
0
0
0
0
0
0
0
0
0
0
0
0
0
0
0
0
0
0
0
0
0
0
0
0
0
0
0
0
0
0
0
0
0
0
0
0
0
0
0
0
0
0
0
0
0
0
0
0
0
0
0
0
0
0
0
0
0
0
0
0
0
0
0
0
0
0
0
0
0
0
0
0
0
0
0
0
0
0
0
0
0
0
0
0
0
0
0
0
0
0
0
0
0
0
0
0
0
0
0
0
0
0
0
0
0
0
0
0
0
0
0
0
0
0
0
0
0
0
0
0
0
0
0
0
0
0
0
0
0
0
0
0
0
0
0
0
0
0
0
0
0
0
0
0
0
0
0
0
0
0
0
0
0
0
0
0
0
0
0
0
0
0
0
0
0
0
0
0
0
0
0
0
0
0
0
0
0
0
0
0
0
0
0
0
0
0
0
0
0
0
0
0
0
0
0
0
0
0
0
0
0
0
0
0
0
0
0
0
0
0
0
0
0
0
0
0
0
0
0
0
0
0
0
0
0
0
0
0
0
0
0
0
0
0
0
0
0
0
0
0
0
0
0
0
0
0
0
0
0
0
0
0
0
0
0
0
0
0
0
0
0
0
0
0
0
0
0
0
0
0
0
0
0
0
0
0
0
0
0
0
0
0
0
0
0
0
0
0
0
0
0
0
0
0
0
0
0
0
0
0
0
0
0
0
0
0
0
0
0
0
0
0
0
0
0
0
0
0
0
0
0
0
0
0
0
0
0
0
0
0
0
0
0
0
0
0
0
0
0
0
0
0
0
0
0
0
0
0
0
0
0
0
0
0
0
0
0
0
0
0
0
0
0
0
0
0
0
0
0
0
0
0
0
0
0
0
0
0
0
0
0
0
0
0
0
0
0
0
0
0
0
0
0
0
0
0
0
0
0
0
0
0
0
0
0
0
0
0
0
0
0
0
0
0
0
0
0
0
0
0
0
0
0
0
0
0
0
0
0
0
0
0
0
0
0
0
0
0
0
0
0
0
0
0
0
0
0
0
0
0
0
0
0
0
0
0
0
0
0
0
0
0
0
0
0
0
0
0
0
0
0
0
0
0
0
0
0
0
0
0
0
0
0
0
0
0
0
0
0
0
0
0
0
0
0
0
0
0
0
0
0
0
0
0
0
0
0
0
0
0
0
0
0
0
0
0
0
0
0
0
0
0
0
0
0
0
0
0
0
0
0
0
0
0
0
0
0
0
0
0
0
0
0
0
0
0
0
0
0
0
0
0
0
0
0
0
0
0
0
0
0
0
0
0
0
0
0
0
0
0
0
0
0
0
0
0
0
0
0
0
0
0
0
0
0
0
0
0
0
0
0
0
0
0
0
0
0
0
0
0
0
0
0
0
0
0
0
0
0
0
0
0
0
0
0
0
0
0
0
0
0
0
0
0
0
0
0
0
0
0
0
0
0
0
0
0
0
0
0
0
0
0
0
0
0
0
0
0
0
0
0
0
0
0
0
0
0
0
0
0
0
0
0
0
0
0
0
0
0
0
0
0
0
0
0
0
0
0
0
0
0
0
0
0
0
0
0
0
0
0
0
0
0
0
0
0
0
0
0
0
0
0
0
0
0
0
0
0
0
0
0
0
0
0
0
0
0
0
0
0
0
0
0
0
0
0
0
0
0
0
0
0
0
0
0
0
0
0
0
0
0
0
0
0
0
0
0
0
0
0
0
0
0
0
0
0
0
0
0
0
0
0
0
0
0
0
0
0
0
0
0
0
0
0
0
0
0
0
0
0
0
0
0
0
0
0
0
0
0
0
0
0
0
0
0
0
0
0
0
0
0
0
0
0
0
0
0
0
0
0
0
0
0
0
0
0
0
0
0
0
0
0
0
0
0
0
0
0
0
0
0
0
0
0
0
0
0
0
0
0
0
0
0
0
0
0
0
0
0
0
0
0
0
0
0
0
0
0
0
0
0
0
0
0
0
0
0
0
0
0
0
0
0
0
0
0
0
0
0
0
0
0
0
0
0
0
0
0
0
0
0
0
0
0
0
0
0
0
0
0
0
0
0
0
0
0
0
0
0
0
0
0
0
0
0
0
0
0
0
0
0
0
0
0
0
0
0
0
0
0
0
0
0
0
0
0
0
0
0
0
0
0
0
0
0
0
0
0
0
0
0
0
0
0
0
0
0
0
0
0
0
0
0
0
0
0
0
0
0
0
0
0
0
0
0
0
0
0
0
0
0
0
0
0
0
0
0
0
0
0
0
0
0
0
0
0
0
0
0
0
0
0
0
0
0
0
0
0
0
0
0
0
0
0
0
0
0
0
0
0
0
0
0
0
0
0
0
0
0
0
0
0
0
0
0
0
0
0
0
0
0
0
0
0
0
0
0
0
0
0
0
0
0
0
0
0
0
0
0
0
0
0
0
0
0
0
0
0
0
0
0
0
0
0
0
0
0
0
0
0
0
0
0
0
0
0
0
0
0
0
0
0
0
0
0
0
0
0
0
0
0
0
0
0
0
0
0
0
0
0
0
0
0
0
0
0
0
0
0
0
0
0
0
0
0
0
0
0
0
0
0
0
0
0
0
0
0
0
0
0
0
0
0
0
0
0
0
0
0
0
0
0
0
0
0
0
0
0
0
0
0
0
0
0
0
0
0
0
0
0
0
0
0
0
0
0
0
0
0
0
0
0
0
0
0
0
0
0
0
0
0
0
0
0
0
0
0
0
0
0
0
0
0
0
0
0
0
0
0
0
0
0
0
0
0
0
0
0
0
0
0
0
0
0
0
0
0
0
0
0
0
0
0
0
0
0
0
0
0
0
0
0
0
0
0
0
0
0
0
0
0
0
0
0
0
0
0
0
0
0
0
0
0
0
0
0
0
0
0
0
0
0
0
0
0
0
0
0
0
0
0
0
0
0
0
0
0
0
0
0
0
0
0
0
0
0
0
0
0
0
0
0
0
0
0
0
0
0
0
0
0
0
0
0
0
0
0
0
0
0
0
0
0
0
0
0
0
0
0
0
0
0
0
0
0
0
0
0
0
0
0
0
0
0
0
0
0
0
0
0
0
0
0
0
0
0
0
0
0
0
0
0
0
0
0
0
0
0
0
0
0
0
0
0
0
0
0
0
0
0
0
0
0
0
0
0
0
0
0
0
0
0
0
0
0
0
0
0
0
0
0
0
0
0
0
0
0
0
0
0
0
0
0
0
0
0
0
0
0
0
0
0
0
0
0
0
0
0
0
0
0
0
0
0
0
0
0
0
0
0
0
0
0
0
0
0
0
0
0
0
0
0
0
0
0
0
0
0
0
0
0
0
0
0
0
0
0
0
0
0
0
0
0
0
0
0
0
0
0
0
0
0
0
0
0
0
0
0
0
0
0
0
0
0
0
0
0
0
0
0
0
0
0
0
0
0
0
0
0
0
0
0
0
0
0
0
0
0
0
0
0
0
0
0
0
0
0
0
0
0
0
0
0
0
0
0
0
0
0
0
0
0
0
0
0
0
0
0
0
0
0
0
0
0
0
0
0
0
0
0
0
0
0
0
0
0
0
0
0
0
0
0
0
0
0
0
0
0
0
0
0
0
0
0
0
0
0
0
0
0
0
0
0
0
0
0
0
0
0
0
0
0
0
0
0
0
0
0
0
0
0
0
0
0
0
0
0
0
0
0
0
0
0
0
0
0
0
0
0
0
0
0
0
0
0
0
0
0
0
0
0
0
0
0
0
0
0
0
0
0
0
0
0
0
0
0
0
0
0
0
0
0
0
0
0
0
0
0
0
0
0
0
0
0
0
0
0
0
0
0
0
0
0
0
0
0
0
0
0
0
0
0
0
0
0
0
0
0
0
0
0
0
0
0
0
0
0
0
0
0
0
0
0
0
0
0
0
0
0
0
0
0
0
0
0
0
0
0
0
0
0
0
0
0
0
0
0
0
0
0
0
0
0
0
0
0
0
0
0
0
0
0
0
0
0
0
0
0
0
0
0
0
0
0
0
0
0
0
0
0
0
0
0
0
0
0
0
0
0
0
0
0
0
0
0
0
0
0
0
0
0
0
0
0
0
0
0
0
0
0
0
0
0
0
0
0
0
0
0
0
0
0
0
0
0
0
0
0
0
0
0
0
0
0
0
0
0
0
0
0
0
0
0
0
0
0
0
0
0
0
0
0
0
0
0
0
0
0
0
0
0
0
0
0
0
0
0
0
0
0
0
0
0
0
0
0
0
0
0
0
0
0
0
0
0
0
0
0
0
0
0
0
0
0
0
0
0
0
0
0
0
0
0
0
0
0
0
0
0
0
0
0
0
0
0
0
0
0
0
0
0
0
0
0
0
0
0
0
0
0
0
0
0
0
0
0
0
0
0
0
0
0
0
0
0
0
0
0
0
0
0
0
0
0
0
0
0
0
0
0
0
0
0
0
0
0
0
0
0
0
0
0
0
0
0
0
0
0
0
0
0
0
0
0
0
0
0
0
0
0
0
0
0
0
0
0
0
0
0
0
0
0
0
0
0
0
0
0
0
0
0
0
0
0
0
0
0
0
0
0
0
0
0
0
0
0
0
0
0
0
0
0
0
0
0
0
0
0
0
0
0
0
0
0
0
0
0
0
0
0
0
0
0
0
0
0
0
0
0
0
0
0
0
0
0
0
0
0
0
0
0
0
0
0
0
0
0
0
0
0
0
0
0
0
0
0
0
0
0
0
0
0
0
0
0
0
0
0
0
0
0
0
0
0
0
0
0
0
0
0
0
0
0
0
0
0
0
0
0
0
0
0
0
0
0
0
0
0
0
0
0
0
0
0
0
0
0
0
0
0
0
0
0
0
0
0
0
0
0
0
0
0
0
0
0
0
0
0
0
0
0
0
0
0
0
0
0
0
0
0
0
0
0
0
0
0
0
0
0
0
0
0
0
0
0
0
0
0
0
0
0
0
0
0
0
0
0
0
0
0
0
0
0
0
0
0
0
0
0
0
0
0
0
0
0
0
0
0
0
0
0
0
0
0
0
0
0
0
0
0
0
0
0
0
0
0
0
0
0
0
0
0
0
0
0
0
0
0
0
0
0
0
0
0
0
0
0
0
0
0
0
0
0
0
0
0
0
0
0
0
0
0
0
0
0
0
0
0
0
0
0
0
0
0
0
0
0
0
0
0
0
0
0
0
0
0
0
0
0
0
0
0
0
0
0
0
0
0
0
0
0
0
0
0
0
0
0
0
0
0
0
0
0
0
0
0
0
0
0
0
0
0
0
0
0
0
0
0
0
0
0
0
0
0
0
0
0
0
0
0
0
0
0
0
0
0
0
0
0
0
0
0
0
0
0
0
0
0
0
0
0
0
0
0
0
0
0
0
0
0
0
0
0
0
0
0
0
0
0
0
0
0
0
0
0
0
0
0
0
0
0
0
0
0
0
0
0
0
0
0
0
0
0
0
0
0
0
0
0
0
0
0
0
0
0
0
0
0
0
0
0
0
0
0
0
0
0
0
0
0
0
0
0
0
0
0
0
0
0
0
0
0
0
0
0
0
0
0
0
0
0
0
0
0
0
0
0
0
0
0
0
0
0
0
0
0
0
0
0
0
0
0
0
0
0
0
0
0
0
0
0
0
0
0
0
0
0
0
0
0
0
0
0
0
0
0
0
0
0
0
0
0
0
0
0
0
0
0
0
0
0
0
0
0
0
0
0
0
0
0
0
0
0
0
0
0
0
0
0
0
0
0
0
0
0
0
0
0
0
0
0
0
0
0
0
0
0
0
0
0
0
0
0
0
0
0
0
0
0
0
0
0
0
0
0
0
0
0
0
0
0
0
0
0
0
0
0
0
0
0
0
0
0
0
0
0
0
0
0
0
0
0
0
0
0
0
0
0
0
0
0
0
0
0
0
0
0
0
0
0
0
0
0
0
0
0
0
0
0
0
0
0
0
0
0
0
0
0
0
0
0
0
0
0
0
0
0
0
0
0
0
0
0
0
0
0
0
0
0
0
0
0
0
0
0
0
0
0
0
0
0
0
0
0
0
0
0
0
0
0
0
0
0
0
0
0
0
0
0
0
0
0
0
0
0
0
0
0
0
0
0
0
0
0
0
0
0
0
0
0
0
0
0
0
0
0
0
0
0
0
0
0
0
0
0
0
0
0
0
0
0
0
0
0
0
0
0
0
0
0
0
0
0
0
0
0
0
0
0
0
0
0
0
0
0
0
0
0
0
0
0
0
0
0
0
0
0
0
0
0
0
0
0
0
0
0
0
0
0
0
0
0
0
0
0
0
0
0
0
0
0
0
0
0
0
0
0
0
0
0
0
0
0
0
0
0
0
0
0
0
0
0
0
0
0
0
0
0
0
0
0
0
0
0
0
0
0
0
0
0
0
0
0
0
0
0
0
0
0
0
0
0
0
0
0
0
0
0
0
0
0
0
0
0
0
0
0
0
0
0
0
0
0
0
0
0
0
0
0
0
0
0
0
0
0
0
0
0
0
0
0
0
0
0
0
0
0
0
0
0
0
0
0
0
0
0
0
0
0
0
0
0
0
0
0
0
0
0
0
0
0
0
0
0
0
0
0
0
0
0
0
0
0
0
0
0
0
0
0
0
0
0
0
0
0
0
0
0
0
0
0
0
0
0
0
0
0
0
0
0
0
0
0
0
0
0
0
0
0
0
0
0
0
0
0
0
0
0
0
0
0
0
0
0
0
0
0
0
0
0
0
0
0
0
0
0
0
0
0
0
0
0
0
0
0
0
0
0
0
0
0
0
0
0
0
0
0
0
0
0
0
0
0
0
0
0
0
0
0
0
0
0
0
0
0
0
0
0
0
0
0
0
0
0
0
0
0
0
0
0
0
0
0
0
0
0
0
0
0
0
0
0
0
0
0
0
0
0
0
0
0
0
0
0
0
0
0
0
0
0
0
0
0
0
0
0
0
0
0
0
0
0
0
0
0
0
0
0
0
0
0
0
0
0
0
0
0
0
0
0
0
0
0
0
0
0
0
0
0
0
0
0
0
0
0
0
0
0
0
0
0
0
0
0
0
0
0
0
0
0
0
0
0
0
0
0
0
0
0
0
0
0
0
0
0
0
0
0
0
0
0
0
0
0
0
0
0
0
0
0
0
0
0
0
0
0
0
0
0
0
0
0
0
0
0
0
0
0
0
0
0
0
0
0
0
0
0
0
0
0
0
0
0
0
0
0
0
0
0
0
0
0
0
0
0
0
0
0
0
0
0
0
0
0
0
0
0
0
0
0
0
0
0
0
0
0
0
0
0
0
0
0
0
0
0
0
0
0
0
0
0
0
0
0
0
0
0
0
0
0
0
0
0
0
0
0
0
0
0
0
0
0
0
0
0
0
0
0
0
0
0
0
0
0
0
0
0
0
0
0
0
0
0
0
0
0
0
0
0
0
0
0
0
0
0
0
0
0
0
0
0
0
0
0
0
0
0
0
0
0
0
0
0
0
0
0
0
0
0
0
0
0
0
0
0
0
0
0
0
0
0
0
0
0
0
0
0
0
0
0
0
0
0
0
0
0
0
0
0
0
0
0
0
0
0
0
0
0
0
0
0
0
0
0
0
0
0
0
0
0
0
0
0
0
0
0
0
0
0
0
0
0
0
0
0
0
0
0
0
0
0
0
0
0
0
0
0
0
0
0
0
0
0
0
0
0
0
0
0
0
0
0
0
0
0
0
0
0
0
0
0
0
0
0
0
0
0
0
0
0
0
0
0
0
0
0
0
0
0
0
0
0
0
0
0
0
0
0
0
0
0
0
0
0
0
0
0
0
0
0
0
0
0
0
0
0
0
0
0
0
0
0
0
0
0
0
0
0
0
0
0
0
0
0
0
0
0
0
0
0
0
0
0
0
0
0
0
0
0
0
0
0
0
0
0
0
0
0
0
0
0
0
0
0
0
0
0
0
0
0
0
0
0
0
0
0
0
0
0
0
0
0
0
0
0
0
0
0
0
0
0
0
0
0
0
0
0
0
0
0
0
0
0
0
0
0
0
0
0
0
0
0
0
0
0
0
0
0
0
0
0
0
0
0
0
0
0
0
0
0
0
0
0
0
0
0
0
0
0
0
0
0
0
0
0
0
0
0
0
0
0
0
0
0
0
0
0
0
0
0
0
0
0
0
0
0
0
0
0
0
0
0
0
0
0
0
0
0
0
0
0
0
0
0
0
0
0
0
0
0
0
0
0
0
0
0
0
0
0
0
0
0
0
0
0
0
0
0
0
0
0
0
0
0
0
0
0
0
0
0
0
0
0
0
0
0
0
0
0
0
0
0
0
0
0
0
0
0
0
0
0
0
0
0
0
0
0
0
0
0
0
0
0
0
0
0
0
0
0
0
0
0
0
0
0
0
0
0
0
0
0
0
0
0
0
0
0
0
0
0
0
0
0
0
0
0
0
0
0
0
0
0
0
0
0
0
0
0
0
0
0
0
0
0
0
0
0
0
0
0
0
0
0
0
0
0
0
0
0
0
0
0
0
0
0
0
0
0
0
0
0
0
0
0
0
0
0
0
0
0
0
0
0
0
0
0
0
0
0
0
0
0
0
0
0
0
0
0
0
0
0
0
0
0
0
0
0
0
0
0
0
0
0
0
0
0
0
0
0
0
0
0
0
0
0
0
0
0
0
0
0
0
0
0
0
0
0
0
0
0
0
0
0
0
0
0
0
0
0
0
0
0
0
0
0
0
0
0
0
0
0
0
0
0
0
0
0
0
0
0
0
0
0
0
0
0
0
0
0
0
0
0
0
0
0
0
0
0
0
0
0
0
0
0
0
0
0
0
0
0
0
0
0
0
0
0
0
