0
4095
0
0
0
0
0
0
0
4095
0
0
0
0
0
0
0
4095
0
0
0
0
0
0
0
4095
0
0
0
0
0
0
0
4095
0
0
0
0
0
0
0
4095
0
0
0
0
0
0
0
4095
0
0
0
0
0
0
0
4095
0
0
0
0
0
0
0
4095
0
0
0
0
0
0
0
4095
0
0
0
0
0
0
0
4095
0
0
0
0
0
0
0
4095
0
0
0
0
0
0
0
4095
0
0
0
0
0
0
0
4095
0
0
0
0
0
0
0
4095
0
0
0
0
0
0
0
4095
0
0
0
0
0
0
0
4095
0
0
0
0
0
0
0
4095
0
0
0
0
0
0
0
4095
0
0
0
0
0
0
0
4095
0
0
0
0
0
0
0
4095
0
0
0
0
0
0
0
4095
0
0
0
0
0
0
0
4095
0
0
0
0
0
0
0
4089
0
0
0
0
0
0
38
4053
0
0
0
0
0
0
57
4033
0
0
0
0
0
0
80
4010
0
0
0
0
0
0
99
3992
0
0
0
0
0
0
120
3971
0
0
0
0
0
0
130
3961
0
0
0
0
0
0
145
3944
0
0
0
0
0
0
168
3927
0
0
0
0
0
0
160
3930
0
0
0
0
0
0
183
3914
0
0
0
0
0
0
151
3935
0
0
0
0
0
0
192
3908
0
0
0
0
0
0
148
3935
0
0
0
0
0
0
214
3890
0
0
0
0
0
0
136
3945
0
0
0
0
0
0
217
3889
0
0
0
0
0
0
124
3955
0
0
0
0
0
0
228
3877
0
0
0
0
0
0
129
3953
0
0
0
0
0
0
220
3885
0
0
0
0
0
0
117
3971
0
0
0
0
0
0
181
3916
0
0
0
0
0
0
123
3972
0
0
0
0
0
0
146
3941
0
0
0
0
0
0
150
3956
0
0
0
0
0
0
96
3977
0
0
0
0
0
0
193
3924
0
0
0
0
0
0
71
3989
0
0
0
0
0
0
252
3878
0
0
0
0
0
0
34
4013
0
0
0
0
0
0
313
3828
0
0
0
0
0
0
6
4034
0
0
0
0
0
0
346
3805
0
0
0
0
0
0
4050
4082
0
0
0
0
0
0
354
3794
0
0
0
0
0
0
4050
4085
0
0
0
0
0
0
359
3780
0
0
0
0
0
0
4082
4067
0
0
0
0
0
0
330
3793
0
0
0
0
0
0
40
4032
0
0
0
0
0
0
281
3819
0
0
0
0
0
0
130
3970
0
0
0
0
0
0
195
3875
0
0
0
0
0
0
234
3903
0
0
0
0
0
0
65
3973
0
0
0
0
0
0
328
3838
0
0
0
0
0
0
4043
4055
0
0
0
0
0
0
457
3739
0
0
0
0
0
0
3943
33
0
0
0
0
0
0
567
3651
0
0
0
0
0
0
3860
101
0
0
0
0
0
0
637
3589
0
0
0
0
0
0
3818
143
0
0
0
0
0
0
657
3565
0
0
0
0
0
0
3809
169
0
0
0
0
0
0
591
3605
0
0
0
0
0
0
3858
151
0
0
0
0
0
0
487
3667
0
0
0
0
0
0
3982
76
0
0
0
0
0
0
333
3763
0
0
0
0
0
0
84
4033
0
0
0
0
0
0
157
3878
0
0
0
0
0
0
311
3870
0
0
0
0
0
0
4038
4029
0
0
0
0
0
0
542
3702
0
0
0
0
0
0
3822
93
0
0
0
0
0
0
747
3547
0
0
0
0
0
0
3633
239
0
0
0
0
0
0
916
3414
0
0
0
0
0
0
3481
371
0
0
0
0
0
0
996
3340
0
0
0
0
0
0
3418
440
0
0
0
0
0
0
999
3314
0
0
0
0
0
0
3464
431
0
0
0
0
0
0
903
3357
0
0
0
0
0
0
3617
341
0
0
0
0
0
0
730
3454
0
0
0
0
0
0
3878
169
0
0
0
0
0
0
457
3634
0
0
0
0
0
0
88
4063
0
0
0
0
0
0
94
3890
0
0
0
0
0
0
430
3823
0
0
0
0
0
0
3826
54
0
0
0
0
0
0
804
3547
0
0
0
0
0
0
3486
307
0
0
0
0
0
0
1134
3293
0
0
0
0
0
0
3200
533
0
0
0
0
0
0
1378
3091
0
0
0
0
0
0
3020
692
0
0
0
0
0
0
1492
2977
0
0
0
0
0
0
2973
759
0
0
0
0
0
0
1476
2949
0
0
0
0
0
0
3085
714
0
0
0
0
0
0
1301
3039
0
0
0
0
0
0
3333
571
0
0
0
0
0
0
972
3243
0
0
0
0
0
0
3723
320
0
0
0
0
0
0
524
3544
0
0
0
0
0
0
103
0
0
0
0
0
0
0
4077
3931
0
0
0
0
0
0
614
3739
0
0
0
0
0
0
3525
236
0
0
0
0
0
0
1147
3341
0
0
0
0
0
0
3043
599
0
0
0
0
0
0
1604
2984
0
0
0
0
0
0
2656
909
0
0
0
0
0
0
1921
2719
0
0
0
0
0
0
2416
1128
0
0
0
0
0
0
2044
2585
0
0
0
0
0
0
2382
1204
0
0
0
0
0
0
1967
2589
0
0
0
0
0
0
2567
1123
0
0
0
0
0
0
1680
2741
0
0
0
0
0
0
2973
878
0
0
0
0
0
0
1183
3059
0
0
0
0
0
0
3534
515
0
0
0
0
0
0
527
3502
0
0
0
0
0
0
132
36
0
0
0
0
0
0
3903
4005
0
0
0
0
0
0
890
3586
0
0
0
0
0
0
3175
436
0
0
0
0
0
0
1625
3032
0
0
0
0
0
0
2533
925
0
0
0
0
0
0
2210
2572
0
0
0
0
0
0
2039
1325
0
0
0
0
0
0
2619
2216
0
0
0
0
0
0
1794
1559
0
0
0
0
0
0
2758
2049
0
0
0
0
0
0
1798
1627
0
0
0
0
0
0
2605
2088
0
0
0
0
0
0
2101
1479
0
0
0
0
0
0
2155
2350
0
0
0
0
0
0
2651
1152
0
0
0
0
0
0
1439
2818
0
0
0
0
0
0
3420
647
0
0
0
0
0
0
561
3411
0
0
0
0
0
0
282
4076
0
0
0
0
0
0
3680
10
0
0
0
0
0
0
1248
3380
0
0
0
0
0
0
2727
710
0
0
0
0
0
0
2156
2696
0
0
0
0
0
0
1901
1346
0
0
0
0
0
0
2884
2119
0
0
0
0
0
0
1292
1851
0
0
0
0
0
0
3338
1719
0
0
0
0
0
0
996
2146
0
0
0
0
0
0
3459
1539
0
0
0
0
0
0
1088
2165
0
0
0
0
0
0
3210
1628
0
0
0
0
0
0
1529
1937
0
0
0
0
0
0
2592
1987
0
0
0
0
0
0
2318
1442
0
0
0
0
0
0
1674
2583
0
0
0
0
0
0
3355
753
0
0
0
0
0
0
522
3373
0
0
0
0
0
0
462
4009
0
0
0
0
0
0
3377
163
0
0
0
0
0
0
1687
3120
0
0
0
0
0
0
2188
1044
0
0
0
0
0
0
2806
2272
0
0
0
0
0
0
1178
1831
0
0
0
0
0
0
3664
1582
0
0
0
0
0
0
483
2416
0
0
0
0
0
0
81
1115
0
0
0
0
0
0
200
2720
0
0
0
0
0
0
166
941
0
0
0
0
0
0
366
2712
0
0
0
0
0
0
3872
1110
0
0
0
0
0
0
972
2388
0
0
0
0
0
0
3027
1623
0
0
0
0
0
0
1981
1755
0
0
0
0
0
0
1826
2412
0
0
0
0
0
0
3311
859
0
0
0
0
0
0
396
3397
0
0
0
0
0
0
710
3903
0
0
0
0
0
0
2976
388
0
0
0
0
0
0
2205
2808
0
0
0
0
0
0
1557
1441
0
0
0
0
0
0
3550
1777
0
0
0
0
0
0
391
2355
0
0
0
0
0
0
451
966
0
0
0
0
0
0
3710
3024
0
0
0
0
0
0
985
464
0
0
0
0
0
0
3414
3370
0
0
0
0
0
0
976
337
0
0
0
0
0
0
3697
3297
0
0
0
0
0
0
448
576
0
0
0
0
0
0
442
2816
0
0
0
0
0
0
3486
1215
0
0
0
0
0
0
1761
1963
0
0
0
0
0
0
2024
2177
0
0
0
0
0
0
3400
852
0
0
0
0
0
0
273
3394
0
0
0
0
0
0
1099
3679
0
0
0
0
0
0
2555
608
0
0
0
0
0
0
2855
2392
0
0
0
0
0
0
863
1881
0
0
0
0
0
0
282
1221
0
0
0
0
0
0
3623
2941
0
0
0
0
0
0
1390
308
0
0
0
0
0
0
2769
3690
0
0
0
0
0
0
1943
3859
0
0
0
0
0
0
2536
4011
0
0
0
0
0
0
1859
3756
0
0
0
0
0
0
2966
3863
0
0
0
0
0
0
1101
52
0
0
0
0
0
0
4020
3250
0
0
0
0
0
0
3859
883
0
0
0
0
0
0
1503
2234
0
0
0
0
0
0
2054
2088
0
0
0
0
0
0
3460
899
0
0
0
0
0
0
4074
3540
0
0
0
0
0
0
1466
3504
0
0
0
0
0
0
1949
989
0
0
0
0
0
0
3495
2004
0
0
0
0
0
0
27
2443
0
0
0
0
0
0
1128
664
0
0
0
0
0
0
2637
3633
0
0
0
0
0
0
2330
3755
0
0
0
0
0
0
1737
346
0
0
0
0
0
0
2877
3183
0
0
0
0
0
0
1589
628
0
0
0
0
0
0
2682
3133
0
0
0
0
0
0
2200
372
0
0
0
0
0
0
1712
3653
0
0
0
0
0
0
3513
3690
0
0
0
0
0
0
78
582
0
0
0
0
0
0
1343
2425
0
0
0
0
0
0
2065
1993
0
0
0
0
0
0
3648
840
0
0
0
0
0
0
3748
3688
0
0
0
0
0
0
1995
3185
0
0
0
0
0
0
1356
1332
0
0
0
0
0
0
220
1458
0
0
0
0
0
0
3306
2968
0
0
0
0
0
0
2120
4069
0
0
0
0
0
0
1684
185
0
0
0
0
0
0
3403
2977
0
0
0
0
0
0
776
1027
0
0
0
0
0
0
3899
2421
0
0
0
0
0
0
692
1303
0
0
0
0
0
0
3514
2489
0
0
0
0
0
0
1482
946
0
0
0
0
0
0
2286
3176
0
0
0
0
0
0
3081
4075
0
0
0
0
0
0
336
320
0
0
0
0
0
0
1238
2588
0
0
0
0
0
0
1963
1985
0
0
0
0
0
0
3902
739
0
0
0
0
0
0
3343
3895
0
0
0
0
0
0
2582
2834
0
0
0
0
0
0
652
1774
0
0
0
0
0
0
1046
921
0
0
0
0
0
0
2373
3599
0
0
0
0
0
0
3099
3399
0
0
0
0
0
0
646
914
0
0
0
0
0
0
361
2216
0
0
0
0
0
0
3869
1752
0
0
0
0
0
0
1704
268
0
0
0
0
0
0
3033
3340
0
0
0
0
0
0
1069
938
0
0
0
0
0
0
39
2340
0
0
0
0
0
0
746
216
0
0
0
0
0
0
1645
1377
0
0
0
0
0
0
2098
2574
0
0
0
0
0
0
513
3371
0
0
0
0
0
0
3337
514
0
0
0
0
0
0
3854
949
0
0
0
0
0
0
3792
3261
0
0
0
0
0
0
3045
2616
0
0
0
0
0
0
378
1786
0
0
0
0
0
0
1855
407
0
0
0
0
0
0
1671
4001
0
0
0
0
0
0
4
2713
0
0
0
0
0
0
3797
1563
0
0
0
0
0
0
2253
122
0
0
0
0
0
0
1946
3912
0
0
0
0
0
0
2490
137
0
0
0
0
0
0
2237
3519
0
0
0
0
0
0
2961
2880
0
0
0
0
0
0
2350
330
0
0
0
0
0
0
748
694
0
0
0
0
0
0
941
2149
0
0
0
0
0
0
3086
1115
0
0
0
0
0
0
3945
37
0
0
0
0
0
0
3356
266
0
0
0
0
0
0
3777
1208
0
0
0
0
0
0
3916
2906
0
0
0
0
0
0
3485
2431
0
0
0
0
0
0
50
1838
0
0
0
0
0
0
2658
3998
0
0
0
0
0
0
978
296
0
0
0
0
0
0
1012
2006
0
0
0
0
0
0
2952
2113
0
0
0
0
0
0
3330
3413
0
0
0
0
0
0
1133
386
0
0
0
0
0
0
3442
3497
0
0
0
0
0
0
1516
4071
0
0
0
0
0
0
2493
3617
0
0
0
0
0
0
1838
770
0
0
0
0
0
0
1213
49
0
0
0
0
0
0
749
2370
0
0
0
0
0
0
1439
3002
0
0
0
0
0
0
4095
18
0
0
0
0
0
0
3731
3775
0
0
0
0
0
0
162
945
0
0
0
0
0
0
897
1504
0
0
0
0
0
0
153
1947
0
0
0
0
0
0
1929
3702
0
0
0
0
0
0
3620
3341
0
0
0
0
0
0
3398
1633
0
0
0
0
0
0
3547
2449
0
0
0
0
0
0
984
1689
0
0
0
0
0
0
69
554
0
0
0
0
0
0
654
3837
0
0
0
0
0
0
453
1063
0
0
0
0
0
0
1836
558
0
0
0
0
0
0
2947
3693
0
0
0
0
0
0
2858
2086
0
0
0
0
0
0
187
4082
0
0
0
0
0
0
1375
3177
0
0
0
0
0
0
3794
3510
0
0
0
0
0
0
2941
4085
0
0
0
0
0
0
3301
3594
0
0
0
0
0
0
1508
2573
0
0
0
0
0
0
2414
3704
0
0
0
0
0
0
2995
530
0
0
0
0
0
0
4053
2545
0
0
0
0
0
0
3208
3359
0
0
0
0
0
0
3498
3075
0
0
0
0
0
0
2829
1382
0
0
0
0
0
0
1893
2970
0
0
0
0
0
0
247
2385
0
0
0
0
0
0
247
3911
0
0
0
0
0
0
121
682
0
0
0
0
0
0
241
2123
0
0
0
0
0
0
3020
223
0
0
0
0
0
0
2433
1088
0
0
0
0
0
0
3780
1565
0
0
0
0
0
0
3116
272
0
0
0
0
0
0
3396
3840
0
0
0
0
0
0
1782
2095
0
0
0
0
0
0
3908
1742
0
0
0
0
0
0
3733
1711
0
0
0
0
0
0
2303
132
0
0
0
0
0
0
2759
1007
0
0
0
0
0
0
3392
3335
0
0
0
0
0
0
1309
3534
0
0
0
0
0
0
1867
1145
0
0
0
0
0
0
291
251
0
0
0
0
0
0
836
355
0
0
0
0
0
0
350
2244
0
0
0
0
0
0
3592
537
0
0
0
0
0
0
3610
1435
0
0
0
0
0
0
1515
3614
0
0
0
0
0
0
1129
3261
0
0
0
0
0
0
1267
1859
0
0
0
0
0
0
85
1118
0
0
0
0
0
0
878
2401
0
0
0
0
0
0
2720
1739
0
0
0
0
0
0
2799
1761
0
0
0
0
0
0
949
2952
0
0
0
0
0
0
897
393
0
0
0
0
0
0
2321
3997
0
0
0
0
0
0
324
787
0
0
0
0
0
0
1191
1331
0
0
0
0
0
0
901
1912
0
0
0
0
0
0
142
3253
0
0
0
0
0
0
3119
666
0
0
0
0
0
0
551
1810
0
0
0
0
0
0
1233
1830
0
0
0
0
0
0
497
2124
0
0
0
0
0
0
1589
3838
0
0
0
0
0
0
2169
2617
0
0
0
0
0
0
614
3408
0
0
0
0
0
0
745
2359
0
0
0
0
0
0
1853
3334
0
0
0
0
0
0
1222
2181
0
0
0
0
0
0
2737
1730
0
0
0
0
0
0
2084
3983
0
0
0
0
0
0
260
54
0
0
0
0
0
0
3628
1875
0
0
0
0
0
0
2085
1192
0
0
0
0
0
0
2030
3244
0
0
0
0
0
0
2340
1887
0
0
0
0
0
0
1293
1256
0
0
0
0
0
0
3746
3042
0
0
0
0
0
0
2560
343
0
0
0
0
0
0
595
1431
0
0
0
0
0
0
3290
70
0
0
0
0
0
0
2371
290
0
0
0
0
0
0
1677
957
0
0
0
0
0
0
1966
2357
0
0
0
0
0
0
3856
893
0
0
0
0
0
0
214
2063
0
0
0
0
0
0
3796
2712
0
0
0
0
0
0
2454
1969
0
0
0
0
0
0
511
3173
0
0
0
0
0
0
2182
13
0
0
0
0
0
0
2055
1664
0
0
0
0
0
0
3023
2807
0
0
0
0
0
0
2060
1007
0
0
0
0
0
0
397
1096
0
0
0
0
0
0
3752
473
0
0
0
0
0
0
2980
3932
0
0
0
0
0
0
4066
2880
0
0
0
0
0
0
3721
3470
0
0
0
0
0
0
193
726
0
0
0
0
0
0
4055
3514
0
0
0
0
0
0
1392
900
0
0
0
0
0
0
2592
3055
0
0
0
0
0
0
2365
1650
0
0
0
0
0
0
683
4056
0
0
0
0
0
0
1758
367
0
0
0
0
0
0
3936
401
0
0
0
0
0
0
1766
1026
0
0
0
0
0
0
1390
1140
0
0
0
0
0
0
2310
3682
0
0
0
0
0
0
1292
2333
0
0
0
0
0
0
3468
1047
0
0
0
0
0
0
3720
2864
0
0
0
0
0
0
4044
4000
0
0
0
0
0
0
879
2136
0
0
0
0
0
0
8
2183
0
0
0
0
0
0
1732
1618
0
0
0
0
0
0
474
2714
0
0
0
0
0
0
1774
2597
0
0
0
0
0
0
1036
2296
0
0
0
0
0
0
3698
1353
0
0
0
0
0
0
288
2310
0
0
0
0
0
0
301
3610
0
0
0
0
0
0
1462
3813
0
0
0
0
0
0
1317
1105
0
0
0
0
0
0
117
4081
0
0
0
0
0
0
1610
1266
0
0
0
0
0
0
2122
118
0
0
0
0
0
0
3262
3344
0
0
0
0
0
0
3068
267
0
0
0
0
0
0
1865
2892
0
0
0
0
0
0
1201
1521
0
0
0
0
0
0
2948
1156
0
0
0
0
0
0
3046
3930
0
0
0
0
0
0
3719
2696
0
0
0
0
0
0
3020
663
0
0
0
0
0
0
436
2829
0
0
0
0
0
0
3843
512
0
0
0
0
0
0
1051
2297
0
0
0
0
0
0
1964
3068
0
0
0
0
0
0
163
2376
0
0
0
0
0
0
3510
454
0
0
0
0
0
0
1165
3979
0
0
0
0
0
0
1174
1382
0
0
0
0
0
0
3731
284
0
0
0
0
0
0
1925
1141
0
0
0
0
0
0
2635
3354
0
0
0
0
0
0
3800
3021
0
0
0
0
0
0
1022
2434
0
0
0
0
0
0
2523
2446
0
0
0
0
0
0
1309
1184
0
0
0
0
0
0
3611
674
0
0
0
0
0
0
3700
3950
0
0
0
0
0
0
819
460
0
0
0
0
0
0
3279
46
0
0
0
0
0
0
1773
3036
0
0
0
0
0
0
1558
2591
0
0
0
0
0
0
3997
1201
0
0
0
0
0
0
3844
373
0
0
0
0
0
0
3552
3187
0
0
0
0
0
0
64
2653
0
0
0
0
0
0
2460
2807
0
0
0
0
0
0
507
402
0
0
0
0
0
0
3376
2230
0
0
0
0
0
0
2108
2188
0
0
0
0
0
0
1939
239
0
0
0
0
0
0
760
2053
0
0
0
0
0
0
1566
3094
0
0
0
0
0
0
1755
3254
0
0
0
0
0
0
2581
1320
0
0
0
0
0
0
637
3315
0
0
0
0
0
0
684
2769
0
0
0
0
0
0
694
273
0
0
0
0
0
0
4047
3356
0
0
0
0
0
0
46
259
0
0
0
0
0
0
909
3428
0
0
0
0
0
0
200
887
0
0
0
0
0
0
3888
1339
0
0
0
0
0
0
1158
1601
0
0
0
0
0
0
3279
3820
0
0
0
0
0
0
3824
1135
0
0
0
0
0
0
2356
2904
0
0
0
0
0
0
3118
2505
0
0
0
0
0
0
2180
2493
0
0
0
0
0
0
3145
2616
0
0
0
0
0
0
2961
3819
0
0
0
0
0
0
3189
1466
0
0
0
0
0
0
450
795
0
0
0
0
0
0
3605
526
0
0
0
0
0
0
3055
2138
0
0
0
0
0
0
3211
606
0
0
0
0
0
0
970
534
0
0
0
0
0
0
29
3246
0
0
0
0
0
0
980
3395
0
0
0
0
0
0
3435
738
0
0
0
0
0
0
1665
3354
0
0
0
0
0
0
2463
3035
0
0
0
0
0
0
3415
3230
0
0
0
0
0
0
2535
922
0
0
0
0
0
0
1642
3589
0
0
0
0
0
0
1175
78
0
0
0
0
0
0
141
1375
0
0
0
0
0
0
266
248
0
0
0
0
0
0
400
1341
0
0
0
0
0
0
299
2823
0
0
0
0
0
0
1315
2909
0
0
0
0
0
0
2032
3239
0
0
0
0
0
0
2945
1140
0
0
0
0
0
0
3474
2042
0
0
0
0
0
0
2320
1047
0
0
0
0
0
0
1661
3717
0
0
0
0
0
0
828
3759
0
0
0
0
0
0
1005
2840
0
0
0
0
0
0
2352
2326
0
0
0
0
0
0
1507
1898
0
0
0
0
0
0
3951
1612
0
0
0
0
0
0
77
382
0
0
0
0
0
0
3218
3879
0
0
0
0
0
0
1690
3841
0
0
0
0
0
0
3741
555
0
0
0
0
0
0
3029
1953
0
0
0
0
0
0
2376
4078
0
0
0
0
0
0
1956
3899
0
0
0
0
0
0
813
75
0
0
0
0
0
0
227
3001
0
0
0
0
0
0
3767
2284
0
0
0
0
0
0
3491
358
0
0
0
0
0
0
4052
503
0
0
0
0
0
0
2866
4009
0
0
0
0
0
0
2026
2710
0
0
0
0
0
0
2407
966
0
0
0
0
0
0
2278
1516
0
0
0
0
0
0
489
2518
0
0
0
0
0
0
3697
396
0
0
0
0
0
0
1087
387
0
0
0
0
0
0
1529
3562
0
0
0
0
0
0
2250
694
0
0
0
0
0
0
3048
130
0
0
0
0
0
0
1339
1246
0
0
0
0
0
0
646
3311
0
0
0
0
0
0
2746
3238
0
0
0
0
0
0
1136
224
0
0
0
0
0
0
3012
457
0
0
0
0
0
0
3722
3649
0
0
0
0
0
0
1866
2321
0
0
0
0
0
0
3492
1004
0
0
0
0
0
0
3626
978
0
0
0
0
0
0
1732
1195
0
0
0
0
0
0
149
483
0
0
0
0
0
0
1126
2343
0
0
0
0
0
0
3210
482
0
0
0
0
0
0
4050
3197
0
0
0
0
0
0
3798
126
0
0
0
0
0
0
1180
483
0
0
0
0
0
0
1162
3718
0
0
0
0
0
0
2749
406
0
0
0
0
0
0
2473
493
0
0
0
0
0
0
1989
801
0
0
0
0
0
0
4089
3780
0
0
0
0
0
0
3353
2794
0
0
0
0
0
0
545
679
0
0
0
0
0
0
3504
65
0
0
0
0
0
0
3332
3977
0
0
0
0
0
0
2150
2070
0
0
0
0
0
0
915
2195
0
0
0
0
0
0
1762
515
0
0
0
0
0
0
1168
2614
0
0
0
0
0
0
160
3126
0
0
0
0
0
0
2831
1576
0
0
0
0
0
0
2974
387
0
0
0
0
0
0
1544
3501
0
0
0
0
0
0
1095
1480
0
0
0
0
0
0
3305
620
0
0
0
0
0
0
1696
3542
0
0
0
0
0
0
877
1565
0
0
0
0
0
0
120
4058
0
0
0
0
0
0
1418
1450
0
0
0
0
0
0
2129
139
0
0
0
0
0
0
3067
3480
0
0
0
0
0
0
3203
226
0
0
0
0
0
0
1509
3115
0
0
0
0
0
0
1579
1304
0
0
0
0
0
0
2403
1501
0
0
0
0
0
0
3678
3527
0
0
0
0
0
0
2945
3207
0
0
0
0
0
0
3902
61
0
0
0
0
0
0
3585
3478
0
0
0
0
0
0
793
3862
0
0
0
0
0
0
3215
330
0
0
0
0
0
0
3070
2247
0
0
0
0
0
0
2441
4007
0
0
0
0
0
0
423
3767
0
0
0
0
0
0
2401
3045
0
0
0
0
0
0
1914
769
0
0
0
0
0
0
1623
2378
0
0
0
0
0
0
2288
771
0
0
0
0
0
0
1000
936
0
0
0
0
0
0
3709
2961
0
0
0
0
0
0
1619
1894
0
0
0
0
0
0
1900
2769
0
0
0
0
0
0
2477
71
0
0
0
0
0
0
2468
1387
0
0
0
0
0
0
533
873
0
0
0
0
0
0
1762
3716
0
0
0
0
0
0
1842
3327
0
0
0
0
0
0
448
1578
0
0
0
0
0
0
3265
1535
0
0
0
0
0
0
2353
3096
0
0
0
0
0
0
2098
3494
0
0
0
0
0
0
2490
1277
0
0
0
0
0
0
621
2883
0
0
0
0
0
0
51
1685
0
0
0
0
0
0
922
802
0
0
0
0
0
0
3660
2774
0
0
0
0
0
0
73
316
0
0
0
0
0
0
1739
4029
0
0
0
0
0
0
3300
564
0
0
0
0
0
0
3217
3776
0
0
0
0
0
0
3152
2039
0
0
0
0
0
0
3334
3648
0
0
0
0
0
0
4054
3626
0
0
0
0
0
0
1273
317
0
0
0
0
0
0
3906
1442
0
0
0
0
0
0
1393
4081
0
0
0
0
0
0
3869
3474
0
0
0
0
0
0
1628
3496
0
0
0
0
0
0
3109
2387
0
0
0
0
0
0
3334
3682
0
0
0
0
0
0
3857
3865
0
0
0
0
0
0
1062
2670
0
0
0
0
0
0
14
1525
0
0
0
0
0
0
899
2342
0
0
0
0
0
0
279
586
0
0
0
0
0
0
2866
1446
0
0
0
0
0
0
2889
2518
0
0
0
0
0
0
2033
3495
0
0
0
0
0
0
752
1372
0
0
0
0
0
0
1352
2425
0
0
0
0
0
0
774
2103
0
0
0
0
0
0
2198
1234
0
0
0
0
0
0
2166
799
0
0
0
0
0
0
2283
2521
0
0
0
0
0
0
2535
2728
0
0
0
0
0
0
438
2527
0
0
0
0
0
0
2509
1666
0
0
0
0
0
0
483
359
0
0
0
0
0
0
2683
98
0
0
0
0
0
0
1857
1390
0
0
0
0
0
0
3113
499
0
0
0
0
0
0
1023
144
0
0
0
0
0
0
997
2474
0
0
0
0
0
0
3739
3369
0
0
0
0
0
0
2319
3310
0
0
0
0
0
0
1928
2788
0
0
0
0
0
0
1080
718
0
0
0
0
0
0
3743
1109
0
0
0
0
0
0
3700
42
0
0
0
0
0
0
3947
1198
0
0
0
0
0
0
1534
932
0
0
0
0
0
0
1891
2840
0
0
0
0
0
0
89
3484
0
0
0
0
0
0
777
839
0
0
0
0
0
0
3477
583
0
0
0
0
0
0
2788
1376
0
0
0
0
0
0
676
2229
0
0
0
0
0
0
1880
272
0
0
0
0
0
0
3335
686
0
0
0
0
0
0
3123
4007
0
0
0
0
0
0
3670
4028
0
0
0
0
0
0
1759
3112
0
0
0
0
0
0
857
481
0
0
0
0
0
0
4094
3174
0
0
0
0
0
0
640
1140
0
0
0
0
0
0
255
408
0
0
0
0
0
0
1065
782
0
0
0
0
0
0
1206
42
0
0
0
0
0
0
3401
1129
0
0
0
0
0
0
3200
2501
0
0
0
0
0
0
1385
1122
0
0
0
0
0
0
2451
730
0
0
0
0
0
0
2704
489
0
0
0
0
0
0
3798
2315
0
0
0
0
0
0
282
1338
0
0
0
0
0
0
299
2201
0
0
0
0
0
0
2938
3272
0
0
0
0
0
0
2961
2695
0
0
0
0
0
0
1196
1680
0
0
0
0
0
0
451
209
0
0
0
0
0
0
2211
1626
0
0
0
0
0
0
3875
3995
0
0
0
0
0
0
621
146
0
0
0
0
0
0
1718
1081
0
0
0
0
0
0
3667
2145
0
0
0
0
0
0
3116
2930
0
0
0
0
0
0
2483
4086
0
0
0
0
0
0
612
723
0
0
0
0
0
0
673
2274
0
0
0
0
0
0
2910
2209
0
0
0
0
0
0
2954
3735
0
0
0
0
0
0
1235
315
0
0
0
0
0
0
3136
3780
0
0
0
0
0
0
1632
3955
0
0
0
0
0
0
2304
3827
0
0
0
0
0
0
1858
687
0
0
0
0
0
0
1262
94
0
0
0
0
0
0
576
2402
0
0
0
0
0
0
1779
2853
0
0
0
0
0
0
3586
282
0
0
0
0
0
0
338
3380
0
0
0
0
0
0
3331
1510
0
0
0
0
0
0
2007
814
0
0
0
0
0
0
2896
2821
0
0
0
0
0
0
3487
2669
0
0
0
0
0
0
1886
413
0
0
0
0
0
0
1228
307
0
0
0
0
0
0
2
2703
0
0
0
0
0
0
3748
1639
0
0
0
0
0
0
2105
196
0
0
0
0
0
0
2228
3726
0
0
0
0
0
0
2140
365
0
0
0
0
0
0
2721
3176
0
0
0
0
0
0
2435
3257
0
0
0
0
0
0
2939
3986
0
0
0
0
0
0
168
1139
0
0
0
0
0
0
1499
1695
0
0
0
0
0
0
2640
1495
0
0
0
0
0
0
202
3797
0
0
0
0
0
0
3182
486
0
0
0
0
0
0
3738
1132
0
0
0
0
0
0
74
2847
0
0
0
0
0
0
2933
2710
0
0
0
0
0
0
846
1394
0
0
0
0
0
0
1550
578
0
0
0
0
0
0
2355
3517
0
0
0
0
0
0
3446
3105
0
0
0
0
0
0
731
852
0
0
0
0
0
0
323
2176
0
0
0
0
0
0
144
1538
0
0
0
0
0
0
1189
580
0
0
0
0
0
0
543
1494
0
0
0
0
0
0
176
1532
0
0
0
0
0
0
1885
731
0
0
0
0
0
0
3772
967
0
0
0
0
0
0
3918
3526
0
0
0
0
0
0
998
3397
0
0
0
0
0
0
2296
1842
0
0
0
0
0
0
2454
1232
0
0
0
0
0
0
855
4051
0
0
0
0
0
0
3359
3703
0
0
0
0
0
0
3365
2200
0
0
0
0
0
0
575
1801
0
0
0
0
0
0
1366
579
0
0
0
0
0
0
2613
3480
0
0
0
0
0
0
2843
3451
0
0
0
0
0
0
1385
478
0
0
0
0
0
0
3540
2754
0
0
0
0
0
0
1052
934
0
0
0
0
0
0
3388
2667
0
0
0
0
0
0
1554
780
0
0
0
0
0
0
2441
3165
0
0
0
0
0
0
2818
51
0
0
0
0
0
0
824
83
0
0
0
0
0
0
569
2957
0
0
0
0
0
0
2813
1501
0
0
0
0
0
0
2782
1437
0
0
0
0
0
0
518
3105
0
0
0
0
0
0
1023
3860
0
0
0
0
0
0
2351
653
0
0
0
0
0
0
3196
2249
0
0
0
0
0
0
334
2187
0
0
0
0
0
0
868
869
0
0
0
0
0
0
2954
3367
0
0
0
0
0
0
2100
3924
0
0
0
0
0
0
2120
26
0
0
0
0
0
0
2621
3374
0
0
0
0
0
0
1995
287
0
0
0
0
0
0
2404
3356
0
0
0
0
0
0
2564
50
0
0
0
0
0
0
1489
3858
0
0
0
0
0
0
3751
3443
0
0
0
0
0
0
7
704
0
0
0
0
0
0
1327
2347
0
0
0
0
0
0
2260
1950
0
0
0
0
0
0
3270
1009
0
0
0
0
0
0
239
3377
0
0
0
0
0
0
1163
3680
0
0
0
0
0
0
2377
717
0
0
0
0
0
0
2996
2308
0
0
0
0
0
0
726
1973
0
0
0
0
0
0
388
1136
0
0
0
0
0
0
3615
2954
0
0
0
0
0
0
1340
320
0
0
0
0
0
0
2966
3560
0
0
0
0
0
0
1685
4018
0
0
0
0
0
0
2955
3714
0
0
0
0
0
0
1420
4061
0
0
0
0
0
0
3512
3460
0
0
0
0
0
0
561
449
0
0
0
0
0
0
515
2788
0
0
0
0
0
0
3353
1287
0
0
0
0
0
0
1970
1830
0
0
0
0
0
0
1744
2381
0
0
0
0
0
0
3658
654
0
0
0
0
0
0
47
3582
0
0
0
0
0
0
1252
3532
0
0
0
0
0
0
2503
701
0
0
0
0
0
0
2737
2423
0
0
0
0
0
0
1112
1775
0
0
0
0
0
0
3907
1493
0
0
0
0
0
0
160
2556
0
0
0
0
0
0
553
844
0
0
0
0
0
0
3789
3012
0
0
0
0
0
0
767
566
0
0
0
0
0
0
3842
3101
0
0
0
0
0
0
456
669
0
0
0
0
0
0
279
2839
0
0
0
0
0
0
3761
1132
0
0
0
0
0
0
1251
2233
0
0
0
0
0
0
2641
1852
0
0
0
0
0
0
2516
1388
0
0
0
0
0
0
1290
2777
0
0
0
0
0
0
3924
402
0
0
0
0
0
0
3972
3784
0
0
0
0
0
0
1218
3487
0
0
0
0
0
0
2659
660
0
0
0
0
0
0
2442
2562
0
0
0
0
0
0
1568
1511
0
0
0
0
0
0
3345
1838
0
0
0
0
0
0
832
2122
0
0
0
0
0
0
3903
1335
0
0
0
0
0
0
529
2436
0
0
0
0
0
0
4028
1139
0
0
0
0
0
0
642
2459
0
0
0
0
0
0
3693
1287
0
0
0
0
0
0
1129
2207
0
0
0
0
0
0
2996
1711
0
0
0
0
0
0
1931
1712
0
0
0
0
0
0
2020
2355
0
0
0
0
0
0
2972
1012
0
0
0
0
0
0
909
3119
0
0
0
0
0
0
22
204
0
0
0
0
0
0
3874
3928
0
0
0
0
0
0
1136
3482
0
0
0
0
0
0
2846
598
0
0
0
0
0
0
2085
2760
0
0
0
0
0
0
2008
1255
0
0
0
0
0
0
2773
2201
0
0
0
0
0
0
1476
1707
0
0
0
0
0
0
3158
1845
0
0
0
0
0
0
1270
1939
0
0
0
0
0
0
3172
1759
0
0
0
0
0
0
1386
1939
0
0
0
0
0
0
2875
1892
0
0
0
0
0
0
1848
1675
0
0
0
0
0
0
2301
2241
0
0
0
0
0
0
2531
1241
0
0
0
0
0
0
1528
2753
0
0
0
0
0
0
3370
672
0
0
0
0
0
0
644
3365
0
0
0
0
0
0
173
36
0
0
0
0
0
0
3852
4008
0
0
0
0
0
0
1012
3515
0
0
0
0
0
0
3064
503
0
0
0
0
0
0
1731
2957
0
0
0
0
0
0
2472
968
0
0
0
0
0
0
2245
2534
0
0
0
0
0
0
2101
1291
0
0
0
0
0
0
2490
2295
0
0
0
0
0
0
1997
1427
0
0
0
0
0
0
2473
2245
0
0
0
0
0
0
2137
1389
0
0
0
0
0
0
2203
2385
0
0
0
0
0
0
2500
1185
0
0
0
0
0
0
1720
2688
0
0
0
0
0
0
3043
836
0
0
0
0
0
0
1106
3102
0
0
0
0
0
0
3672
409
0
0
0
0
0
0
428
3577
0
0
0
0
0
0
251
4021
0
0
0
0
0
0
3876
4049
0
0
0
0
0
0
859
3574
0
0
0
0
0
0
3302
390
0
0
0
0
0
0
1354
3189
0
0
0
0
0
0
2881
726
0
0
0
0
0
0
1698
2900
0
0
0
0
0
0
2648
932
0
0
0
0
0
0
1864
2727
0
0
0
0
0
0
2630
984
0
0
0
0
0
0
1837
2698
0
0
0
0
0
0
2772
927
0
0
0
0
0
0
1603
2831
0
0
0
0
0
0
3047
773
0
0
0
0
0
0
1214
3087
0
0
0
0
0
0
3432
526
0
0
0
0
0
0
764
3393
0
0
0
0
0
0
3892
210
0
0
0
0
0
0
279
3736
0
0
0
0
0
0
272
3962
0
0
0
0
0
0
3935
4052
0
0
0
0
0
0
716
3621
0
0
0
0
0
0
3596
208
0
0
0
0
0
0
1069
3341
0
0
0
0
0
0
3327
429
0
0
0
0
0
0
1264
3178
0
0
0
0
0
0
3168
581
0
0
0
0
0
0
1311
3123
0
0
0
0
0
0
3120
658
0
0
0
0
0
0
1220
3162
0
0
0
0
0
0
3235
601
0
0
0
0
0
0
1070
3237
0
0
0
0
0
0
3476
446
0
0
0
0
0
0
822
3397
0
0
0
0
0
0
3748
271
0
0
0
0
0
0
500
3622
0
0
0
0
0
0
4048
63
0
0
0
0
0
0
188
3842
0
0
0
0
0
0
268
3927
0
0
0
0
0
0
4003
4050
0
0
0
0
0
0
525
3732
0
0
0
0
0
0
3780
126
0
0
0
0
0
0
722
3573
0
0
0
0
0
0
3636
245
0
0
0
0
0
0
837
3473
0
0
0
0
0
0
3557
326
0
0
0
0
0
0
847
3452
0
0
0
0
0
0
3545
361
0
0
0
0
0
0
768
3494
0
0
0
0
0
0
3640
306
0
0
0
0
0
0
660
3553
0
0
0
0
0
0
3793
205
0
0
0
0
0
0
512
3645
0
0
0
0
0
0
3989
65
0
0
0
0
0
0
357
3743
0
0
0
0
0
0
103
4004
0
0
0
0
0
0
206
3845
0
0
0
0
0
0
291
3864
0
0
0
0
0
0
44
3970
0
0
0
0
0
0
415
3773
0
0
0
0
0
0
4016
4068
0
0
0
0
0
0
508
3698
0
0
0
0
0
0
3939
42
0
0
0
0
0
0
525
3682
0
0
0
0
0
0
3890
96
0
0
0
0
0
0
508
3689
0
0
0
0
0
0
3895
104
0
0
0
0
0
0
463
3711
0
0
0
0
0
0
3959
64
0
0
0
0
0
0
400
3749
0
0
0
0
0
0
4043
9
0
0
0
0
0
0
313
3808
0
0
0
0
0
0
33
4047
0
0
0
0
0
0
222
3872
0
0
0
0
0
0
120
3984
0
0
0
0
0
0
140
3930
0
0
0
0
0
0
206
3917
0
0
0
0
0
0
80
3977
0
0
0
0
0
0
253
3879
0
0
0
0
0
0
42
4009
0
0
0
0
0
0
281
3856
0
0
0
0
0
0
20
4028
0
0
0
0
0
0
304
3832
0
0
0
0
0
0
27
4027
0
0
0
0
0
0
288
3841
0
0
0
0
0
0
42
4019
0
0
0
0
0
0
277
3840
0
0
0
0
0
0
86
3985
0
0
0
0
0
0
249
3859
0
0
0
0
0
0
114
3969
0
0
0
0
0
0
210
3890
0
0
0
0
0
0
138
3953
0
0
0
0
0
0
175
3917
0
0
0
0
0
0
159
3938
0
0
0
0
0
0
153
3935
0
0
0
0
0
0
164
3935
0
0
0
0
0
0
138
3948
0
0
0
0
0
0
175
3926
0
0
0
0
0
0
131
3955
0
0
0
0
0
0
178
3923
0
0
0
0
0
0
131
3957
0
0
0
0
0
0
164
3935
0
0
0
0
0
0
128
3960
0
0
0
0
0
0
164
3933
0
0
0
0
0
0
138
3951
0
0
0
0
0
0
164
3930
0
0
0
0
0
0
154
3938
0
0
0
0
0
0
163
3932
0
0
0
0
0
0
151
3940
0
0
0
0
0
0
161
3932
0
0
0
0
0
0
162
3930
0
0
0
0
0
0
165
3929
0
0
0
0
0
0
160
3938
0
0
0
0
0
0
136
3963
0
0
0
0
0
0
107
3992
0
0
0
0
0
0
80
4018
0
0
0
0
0
0
59
4039
0
0
0
0
0
0
42
4055
0
0
0
0
0
0
29
4067
0
0
0
0
0
0
20
4076
0
0
0
0
0
0
14
4082
0
0
0
0
0
0
9
4086
0
0
0
0
0
0
6
4089
0
0
0
0
0
0
4
4091
0
0
0
0
0
0
2
4093
0
0
0
0
0
0
1
4094
0
0
0
0
0
0
1
4094
0
0
0
0
0
0
0
4095
0
0
0
0
0
0
0
4095
0
0
0
0
0
0
0
4095
0
0
0
0
0
0
0
4095
0
0
0
0
0
0
0
4095
0
0
0
0
0
0
0
4095
0
0
0
0
0
0
0
4095
0
0
0
0
0
0
0
4095
0
0
0
0
0
0
0
4095
0
0
0
0
0
0
0
4095
0
0
0
0
0
0
0
4095
0
0
0
0
0
0
0
4095
0
0
0
0
0
0
0
4095
0
0
0
0
0
0
0
4095
0
0
0
0
0
0
0
4095
0
0
0
0
0
0
0
4095
0
0
0
0
0
0
0
4095
0
0
0
0
0
0
0
4095
0
0
0
0
0
0
0
4095
0
0
0
0
0
0
0
4095
0
0
0
0
0
0
0
4095
0
0
0
0
0
0
0
4095
0
0
0
0
0
0
0
4095
0
0
0
0
0
0
0
4095
0
0
0
0
0
0
0
4095
0
0
0
0
0
0
0
4095
0
0
0
0
0
0
0
4095
0
0
0
0
0
0
0
4095
0
0
0
0
0
0
0
4095
0
0
0
0
0
0
0
4095
0
0
0
0
0
0
0
4095
0
0
0
0
0
0
0
4095
0
0
0
0
0
0
0
4095
0
0
0
0
0
0
0
4095
0
0
0
0
0
0
0
4095
0
0
0
0
0
0
0
4095
0
0
0
0
0
0
0
4095
0
0
0
0
0
0
0
4095
0
0
0
0
0
0
0
4095
0
0
0
0
0
0
0
4095
0
0
0
0
0
0
0
4095
0
0
0
0
0
0
0
4095
0
0
0
0
0
0
0
4095
0
0
0
0
0
0
0
4095
0
0
0
0
0
0
0
4095
0
0
0
0
0
0
0
4095
0
0
0
0
0
0
0
4095
0
0
0
0
0
0
0
4095
0
0
0
0
0
0
0
4095
0
0
0
0
0
0
0
4095
0
0
0
0
0
0
0
4095
0
0
0
0
0
0
0
4095
0
0
0
0
0
0
0
4095
0
0
0
0
0
0
0
4095
0
0
0
0
0
0
0
4095
0
0
0
0
0
0
0
4095
0
0
0
0
0
0
0
4095
0
0
0
0
0
0
0
4095
0
0
0
0
0
0
0
4095
0
0
0
0
0
0
0
4095
0
0
0
0
0
0
0
4095
0
0
0
0
0
0
0
4095
0
0
0
0
0
0
0
4095
0
0
0
0
0
0
0
4095
0
0
0
0
0
0
0
4095
0
0
0
0
0
0
0
4095
0
0
0
0
0
0
0
4095
0
0
0
0
0
0
0
4095
0
0
0
0
0
0
0
4095
0
0
0
0
0
0
0
4095
0
0
0
0
0
0
0
4095
0
0
0
0
0
0
0
4095
0
0
0
0
0
0
0
4095
0
0
0
0
0
0
0
4095
0
0
0
0
0
0
0
4095
0
0
0
0
0
0
0
4095
0
0
0
0
0
0
0
4095
0
0
0
0
0
0
0
4095
0
0
0
0
0
0
0
4095
0
0
0
0
0
0
0
4095
0
0
0
0
0
0
0
4095
0
0
0
0
0
0
0
4095
0
0
0
0
0
0
0
4095
0
0
0
0
0
0
0
4095
0
0
0
0
0
0
0
4095
0
0
0
0
0
0
0
4095
0
0
0
0
0
0
0
4095
0
0
0
0
0
0
0
4095
0
0
0
0
0
0
0
4095
0
0
0
0
0
0
0
4095
0
0
0
0
0
0
0
4095
0
0
0
0
0
0
0
4095
0
0
0
0
0
0
0
4095
0
0
0
0
0
0
0
4095
0
0
0
0
0
0
0
4095
0
0
0
0
0
0
0
4095
0
0
0
0
0
0
0
4095
0
0
0
0
0
0
0
4095
0
0
0
0
0
0
0
4095
0
0
0
0
0
0
0
4095
0
0
0
0
0
0
0
4095
0
0
0
0
0
0
0
4095
0
0
0
0
0
0
0
4095
0
0
0
0
0
0
0
4095
0
0
0
0
0
0
0
4095
0
0
0
0
0
0
0
4095
0
0
0
0
0
0
0
4095
0
0
0
0
0
0
0
4095
0
0
0
0
0
0
0
4095
0
0
0
0
0
0
0
4095
0
0
0
0
0
0
0
4095
0
0
0
0
0
0
0
4095
0
0
0
0
0
0
0
4095
0
0
0
0
0
0
0
4095
0
0
0
0
0
0
0
4095
0
0
0
0
0
0
0
4095
0
0
0
0
0
0
0
4095
0
0
0
0
0
0
0
4095
0
0
0
0
0
0
0
4095
0
0
0
0
0
0
0
4095
0
0
0
0
0
0
0
4095
0
0
0
0
0
0
0
4095
0
0
0
0
0
0
0
4095
0
0
0
0
0
0
0
4095
0
0
0
0
0
0
0
4095
0
0
0
0
0
0
0
4095
0
0
0
0
0
0
0
4095
0
0
0
0
0
0
0
4095
0
0
0
0
0
0
0
4095
0
0
0
0
0
0
0
4095
0
0
0
0
0
0
0
4095
0
0
0
0
0
0
0
4095
0
0
0
0
0
0
0
4095
0
0
0
0
0
0
0
4095
0
0
0
0
0
0
0
4095
0
0
0
0
0
0
0
4095
0
0
0
0
0
0
0
4095
0
0
0
0
0
0
0
4095
0
0
0
0
0
0
0
4095
0
0
0
0
0
0
0
4095
0
0
0
0
0
0
0
4095
0
0
0
0
0
0
0
4095
0
0
0
0
0
0
0
4095
0
0
0
0
0
0
0
4095
0
0
0
0
0
0
0
4095
0
0
0
0
0
0
0
4095
0
0
0
0
0
0
0
4095
0
0
0
0
0
0
0
4095
0
0
0
0
0
0
0
4095
0
0
0
0
0
0
0
4095
0
0
0
0
0
0
0
4095
0
0
0
0
0
0
0
4095
0
0
0
0
0
0
0
4095
0
0
0
0
0
0
0
4095
0
0
0
0
0
0
0
4095
0
0
0
0
0
0
0
4095
0
0
0
0
0
0
0
4095
0
0
0
0
0
0
0
4095
0
0
0
0
0
0
0
4095
0
0
0
0
0
0
0
4095
0
0
0
0
0
0
0
4095
0
0
0
0
0
0
0
4095
0
0
0
0
0
0
0
4095
0
0
0
0
0
0
0
4095
0
0
0
0
0
0
0
4095
0
0
0
0
0
0
0
4095
0
0
0
0
0
0
0
4095
0
0
0
0
0
0
0
4095
0
0
0
0
0
0
0
4095
0
0
0
0
0
0
0
4095
0
0
0
0
0
0
0
4095
0
0
0
0
0
0
0
4095
0
0
0
0
0
0
0
4095
0
0
0
0
0
0
0
4095
0
0
0
0
0
0
0
4095
0
0
0
0
0
0
0
4095
0
0
0
0
0
0
0
4095
0
0
0
0
0
0
0
4095
0
0
0
0
0
0
0
4095
0
0
0
0
0
0
0
4095
0
0
0
0
0
0
0
4095
0
0
0
0
0
0
0
4095
0
0
0
0
0
0
0
4095
0
0
0
0
0
0
0
4095
0
0
0
0
0
0
0
4095
0
0
0
0
0
0
0
4095
0
0
0
0
0
0
0
4095
0
0
0
0
0
0
0
4095
0
0
0
0
0
0
0
4095
0
0
0
0
0
0
0
4095
0
0
0
0
0
0
0
4095
0
0
0
0
0
0
0
4095
0
0
0
0
0
0
0
4095
0
0
0
0
0
0
0
4095
0
0
0
0
0
0
0
4095
0
0
0
0
0
0
0
4095
0
0
0
0
0
0
0
4095
0
0
0
0
0
0
0
4095
0
0
0
0
0
0
0
4095
0
0
0
0
0
0
0
4095
0
0
0
0
0
0
0
4095
0
0
0
0
0
0
0
4095
0
0
0
0
0
0
0
4095
0
0
0
0
0
0
0
4095
0
0
0
0
0
0
0
4095
0
0
0
0
0
0
0
4095
0
0
0
0
0
0
0
4095
0
0
0
0
0
0
0
4095
0
0
0
0
0
0
0
4095
0
0
0
0
0
0
0
4095
0
0
0
0
0
0
0
4095
0
0
0
0
0
0
0
4095
0
0
0
0
0
0
0
4095
0
0
0
0
0
0
0
4095
0
0
0
0
0
0
0
4095
0
0
0
0
0
0
0
4095
0
0
0
0
0
0
0
4095
0
0
0
0
0
0
0
4095
0
0
0
0
0
0
0
4095
0
0
0
0
0
0
0
4095
0
0
0
0
0
0
0
4095
0
0
0
0
0
0
0
4095
0
0
0
0
0
0
0
4095
0
0
0
0
0
0
0
4095
0
0
0
0
0
0
0
4095
0
0
0
0
0
0
0
4095
0
0
0
0
0
0
0
4095
0
0
0
0
0
0
0
4095
0
0
0
0
0
0
0
4095
0
0
0
0
0
0
0
4095
0
0
0
0
0
0
0
4095
0
0
0
0
0
0
0
4095
0
0
0
0
0
0
0
4095
0
0
0
0
0
0
0
4095
0
0
0
0
0
0
0
4095
0
0
0
0
0
0
0
4095
0
0
0
0
0
0
0
4095
0
0
0
0
0
0
0
4095
0
0
0
0
0
0
0
4095
0
0
0
0
0
0
0
4095
0
0
0
0
0
0
0
4095
0
0
0
0
0
0
0
4095
0
0
0
0
0
0
0
4095
0
0
0
0
0
0
0
4095
0
0
0
0
0
0
0
4095
0
0
0
0
0
0
0
4095
0
0
0
0
0
0
0
4095
0
0
0
0
0
0
0
4095
0
0
0
0
0
0
0
4095
0
0
0
0
0
0
0
4095
0
0
0
0
0
0
0
4095
0
0
0
0
0
0
0
4095
0
0
0
0
0
0
0
4095
0
0
0
0
0
0
0
4095
0
0
0
0
0
0
0
4095
0
0
0
0
0
0
0
4095
0
0
0
0
0
0
0
4095
0
0
0
0
0
0
0
4095
0
0
0
0
0
0
0
4095
0
0
0
0
0
0
0
4095
0
0
0
0
0
0
0
4095
0
0
0
0
0
0
0
4095
0
0
0
0
0
0
0
4095
0
0
0
0
0
0
0
4095
0
0
0
0
0
0
0
4095
0
0
0
0
0
0
0
4095
0
0
0
0
0
0
0
4095
0
0
0
0
0
0
0
4095
0
0
0
0
0
0
0
4095
0
0
0
0
0
0
0
4095
0
0
0
0
0
0
0
4095
0
0
0
0
0
0
0
4095
0
0
0
0
0
0
0
4095
0
0
0
0
0
0
0
4095
0
0
0
0
0
0
0
4095
0
0
0
0
0
0
0
4095
0
0
0
0
0
0
0
4095
0
0
0
0
0
0
0
4095
0
0
0
0
0
0
0
4095
0
0
0
0
0
0
0
4095
0
0
0
0
0
0
0
4095
0
0
0
0
0
0
0
4095
0
0
0
0
0
0
0
4095
0
0
0
0
0
0
0
4095
0
0
0
0
0
0
0
4095
0
0
0
0
0
0
0
4095
0
0
0
0
0
0
0
4095
0
0
0
0
0
0
0
4095
0
0
0
0
0
0
0
4095
0
0
0
0
0
0
0
4095
0
0
0
0
0
0
0
4095
0
0
0
0
0
0
0
4095
0
0
0
0
0
0
0
4095
0
0
0
0
0
0
0
4095
0
0
0
0
0
0
0
4095
0
0
0
0
0
0
0
4095
0
0
0
0
0
0
0
4095
0
0
0
0
0
0
0
4095
0
0
0
0
0
0
0
4095
0
0
0
0
0
0
0
4095
0
0
0
0
0
0
0
4095
0
0
0
0
0
0
0
4095
0
0
0
0
0
0
0
4095
0
0
0
0
0
0
0
4095
0
0
0
0
0
0
0
4095
0
0
0
0
0
0
0
4095
0
0
0
0
0
0
0
4095
0
0
0
0
0
0
0
4095
0
0
0
0
0
0
0
4095
0
0
0
0
0
0
0
4095
0
0
0
0
0
0
0
4095
0
0
0
0
0
0
0
4095
0
0
0
0
0
0
0
4095
0
0
0
0
0
0
0
4095
0
0
0
0
0
0
0
4095
0
0
0
0
0
0
0
4095
0
0
0
0
0
0
0
4095
0
0
0
0
0
0
0
4095
0
0
0
0
0
0
0
4095
0
0
0
0
0
0
0
4095
0
0
0
0
0
0
0
4095
0
0
0
0
0
0
0
4095
0
0
0
0
0
0
0
4095
0
0
0
0
0
0
0
4095
0
0
0
0
0
0
0
4095
0
0
0
0
0
0
0
4095
0
0
0
0
0
0
0
4095
0
0
0
0
0
0
0
4095
0
0
0
0
0
0
0
4095
0
0
0
0
0
0
0
4095
0
0
0
0
0
0
0
4095
0
0
0
0
0
0
0
4095
0
0
0
0
0
0
0
4095
0
0
0
0
0
0
0
4095
0
0
0
0
0
0
0
4095
0
0
0
0
0
0
0
4095
0
0
0
0
0
0
0
4095
0
0
0
0
0
0
0
4095
0
0
0
0
0
0
0
4095
0
0
0
0
0
0
0
4095
0
0
0
0
0
0
0
4095
0
0
0
0
0
0
0
4095
0
0
0
0
0
0
0
4095
0
0
0
0
0
0
0
4095
0
0
0
0
0
0
0
4095
0
0
0
0
0
0
0
4095
0
0
0
0
0
0
0
4095
0
0
0
0
0
0
0
4095
0
0
0
0
0
0
0
4095
0
0
0
0
0
0
0
4095
0
0
0
0
0
0
0
4095
0
0
0
0
0
0
0
4095
0
0
0
0
0
0
0
4095
0
0
0
0
0
0
0
4095
0
0
0
0
0
0
0
4095
0
0
0
0
0
0
0
4095
0
0
0
0
0
0
0
4095
0
0
0
0
0
0
0
4095
0
0
0
0
0
0
0
4095
0
0
0
0
0
0
0
4095
0
0
0
0
0
0
0
4095
0
0
0
0
0
0
0
4095
0
0
0
0
0
0
0
4095
0
0
0
0
0
0
0
4095
0
0
0
0
0
0
0
4095
0
0
0
0
0
0
0
4095
0
0
0
0
0
0
0
4095
0
0
0
0
0
0
0
4095
0
0
0
0
0
0
0
4095
0
0
0
0
0
0
0
4095
0
0
0
0
0
0
0
4095
0
0
0
0
0
0
0
4095
0
0
0
0
0
0
0
4095
0
0
0
0
0
0
0
4095
0
0
0
0
0
0
0
4095
0
0
0
0
0
0
0
4095
0
0
0
0
0
0
0
4095
0
0
0
0
0
0
0
4095
0
0
0
0
0
0
0
4095
0
0
0
0
0
0
0
4095
0
0
0
0
0
0
0
4095
0
0
0
0
0
0
0
4095
0
0
0
0
0
0
0
4095
0
0
0
0
0
0
0
4095
0
0
0
0
0
0
0
4095
0
0
0
0
0
0
0
4095
0
0
0
0
0
0
0
4095
0
0
0
0
0
0
0
4095
0
0
0
0
0
0
0
4095
0
0
0
0
0
0
0
4095
0
0
0
0
0
0
0
4095
0
0
0
0
0
0
0
4095
0
0
0
0
0
0
0
4095
0
0
0
0
0
0
0
4095
0
0
0
0
0
0
0
4095
0
0
0
0
0
0
0
4095
0
0
0
0
0
0
0
4095
0
0
0
0
0
0
0
4095
0
0
0
0
0
0
0
4095
0
0
0
0
0
0
0
4095
0
0
0
0
0
0
0
4095
0
0
0
0
0
0
0
4095
0
0
0
0
0
0
0
4095
0
0
0
0
0
0
0
4095
0
0
0
0
0
0
0
4095
0
0
0
0
0
0
0
4095
0
0
0
0
0
0
0
4095
0
0
0
0
0
0
0
4095
0
0
0
0
0
0
0
4095
0
0
0
0
0
0
0
4095
0
0
0
0
0
0
0
4095
0
0
0
0
0
0
0
4095
0
0
0
0
0
0
0
4095
0
0
0
0
0
0
0
4095
0
0
0
0
0
0
0
4095
0
0
0
0
0
0
0
4095
0
0
0
0
0
0
0
4095
0
0
0
0
0
0
0
4095
0
0
0
0
0
0
0
4095
0
0
0
0
0
0
0
4095
0
0
0
0
0
0
0
4095
0
0
0
0
0
0
0
4095
0
0
0
0
0
0
0
4095
0
0
0
0
0
0
0
4095
0
0
0
0
0
0
0
4095
0
0
0
0
0
0
0
4095
0
0
0
0
0
0
0
4095
0
0
0
0
0
0
0
4095
0
0
0
0
0
0
0
4095
0
0
0
0
0
0
0
4095
0
0
0
0
0
0
0
4095
0
0
0
0
0
0
0
4095
0
0
0
0
0
0
0
4095
0
0
0
0
0
0
0
4095
0
0
0
0
0
0
0
4095
0
0
0
0
0
0
0
4095
0
0
0
0
0
0
0
4095
0
0
0
0
0
0
0
4095
0
0
0
0
0
0
0
4095
0
0
0
0
0
0
0
4095
0
0
0
0
0
0
0
4095
0
0
0
0
0
0
0
4095
0
0
0
0
0
0
0
4095
0
0
0
0
0
0
0
4095
0
0
0
0
0
0
0
4095
0
0
0
0
0
0
0
4095
0
0
0
0
0
0
0
4095
0
0
0
0
0
0
0
4095
0
0
0
0
0
0
0
4095
0
0
0
0
0
0
0
4095
0
0
0
0
0
0
0
4095
0
0
0
0
0
0
0
4095
0
0
0
0
0
0
0
4095
0
0
0
0
0
0
0
4095
0
0
0
0
0
0
0
4095
0
0
0
0
0
0
0
4095
0
0
0
0
0
0
0
4095
0
0
0
0
0
0
0
4095
0
0
0
0
0
0
0
4095
0
0
0
0
0
0
0
4095
0
0
0
0
0
0
0
4095
0
0
0
0
0
0
0
4095
0
0
0
0
0
0
0
4095
0
0
0
0
0
0
0
4095
0
0
0
0
0
0
0
4095
0
0
0
0
0
0
0
4095
0
0
0
0
0
0
0
4095
0
0
0
0
0
0
0
4095
0
0
0
0
0
0
0
4095
0
0
0
0
0
0
0
4095
0
0
0
0
0
0
0
4095
0
0
0
0
0
0
0
4095
0
0
0
0
0
0
0
4095
0
0
0
0
0
0
0
4095
0
0
0
0
0
0
0
4095
0
0
0
0
0
0
0
4095
0
0
0
0
0
0
0
4095
0
0
0
0
0
0
0
4095
0
0
0
0
0
0
0
4095
0
0
0
0
0
0
0
4095
0
0
0
0
0
0
0
4095
0
0
0
0
0
0
0
4095
0
0
0
0
0
0
0
4095
0
0
0
0
0
0
0
4095
0
0
0
0
0
0
0
4095
0
0
0
0
0
0
0
4095
0
0
0
0
0
0
0
4095
0
0
0
0
0
0
0
4095
0
0
0
0
0
0
0
4095
0
0
0
0
0
0
0
4095
0
0
0
0
0
0
0
4095
0
0
0
0
0
0
0
4095
0
0
0
0
0
0
0
4095
0
0
0
0
0
0
0
4095
0
0
0
0
0
0
0
4095
0
0
0
0
0
0
0
4095
0
0
0
0
0
0
0
4095
0
0
0
0
0
0
0
4095
0
0
0
0
0
0
0
4095
0
0
0
0
0
0
0
4095
0
0
0
0
0
0
0
4095
0
0
0
0
0
0
0
4095
0
0
0
0
0
0
0
4095
0
0
0
0
0
0
0
4095
0
0
0
0
0
0
0
4095
0
0
0
0
0
0
0
4095
0
0
0
0
0
0
0
4095
0
0
0
0
0
0
0
4095
0
0
0
0
0
0
0
4095
0
0
0
0
0
0
0
4095
0
0
0
0
0
0
0
4095
0
0
0
0
0
0
0
4095
0
0
0
0
0
0
0
4095
0
0
0
0
0
0
0
4095
0
0
0
0
0
0
0
4095
0
0
0
0
0
0
0
4095
0
0
0
0
0
0
0
4095
0
0
0
0
0
0
0
4095
0
0
0
0
0
0
0
4095
0
0
0
0
0
0
0
4095
0
0
0
0
0
0
0
4095
0
0
0
0
0
0
0
4095
0
0
0
0
0
0
0
4095
0
0
0
0
0
0
0
4095
0
0
0
0
0
0
0
4095
0
0
0
0
0
0
0
4095
0
0
0
0
0
0
0
4095
0
0
0
0
0
0
0
4095
0
0
0
0
0
0
0
4095
0
0
0
0
0
0
0
4095
0
0
0
0
0
0
0
4095
0
0
0
0
0
0
0
4095
0
0
0
0
0
0
0
4095
0
0
0
0
0
0
0
4095
0
0
0
0
0
0
0
4095
0
0
0
0
0
0
0
4095
0
0
0
0
0
0
0
4095
0
0
0
0
0
0
0
4095
0
0
0
0
0
0
0
4095
0
0
0
0
0
0
0
4095
0
0
0
0
0
0
0
4095
0
0
0
0
0
0
0
4095
0
0
0
0
0
0
0
4095
0
0
0
0
0
0
0
4095
0
0
0
0
0
0
0
4095
0
0
0
0
0
0
0
4095
0
0
0
0
0
0
0
4095
0
0
0
0
0
0
0
4095
0
0
0
0
0
0
0
4095
0
0
0
0
0
0
0
4095
0
0
0
0
0
0
0
4095
0
0
0
0
0
0
0
4095
0
0
0
0
0
0
0
4095
0
0
0
0
0
0
0
4095
0
0
0
0
0
0
0
4095
0
0
0
0
0
0
0
4095
0
0
0
0
0
0
0
4095
0
0
0
0
0
0
0
4095
0
0
0
0
0
0
0
4095
0
0
0
0
0
0
0
4095
0
0
0
0
0
0
0
4095
0
0
0
0
0
0
0
4095
0
0
0
0
0
0
0
4095
0
0
0
0
0
0
0
4095
0
0
0
0
0
0
0
4095
0
0
0
0
0
0
0
4095
0
0
0
0
0
0
0
4095
0
0
0
0
0
0
0
4095
0
0
0
0
0
0
0
4095
0
0
0
0
0
0
0
4095
0
0
0
0
0
0
0
4095
0
0
0
0
0
0
0
4095
0
0
0
0
0
0
0
4095
0
0
0
0
0
0
0
4095
0
0
0
0
0
0
0
4095
0
0
0
0
0
0
0
4095
0
0
0
0
0
0
0
4095
0
0
0
0
0
0
0
4095
0
0
0
0
0
0
0
4095
0
0
0
0
0
0
0
4095
0
0
0
0
0
0
0
4095
0
0
0
0
0
0
0
4095
0
0
0
0
0
0
0
4095
0
0
0
0
0
0
0
4095
0
0
0
0
0
0
0
4095
0
0
0
0
0
0
0
4095
0
0
0
0
0
0
0
4095
0
0
0
0
0
0
0
4095
0
0
0
0
0
0
0
4095
0
0
0
0
0
0
0
4095
0
0
0
0
0
0
0
4095
0
0
0
0
0
0
0
4095
0
0
0
0
0
0
0
4095
0
0
0
0
0
0
0
4095
0
0
0
0
0
0
0
4095
0
0
0
0
0
0
0
4095
0
0
0
0
0
0
0
4095
0
0
0
0
0
0
0
4095
0
0
0
0
0
0
0
4095
0
0
0
0
0
0
0
4095
0
0
0
0
0
0
0
4095
0
0
0
0
0
0
0
4095
0
0
0
0
0
0
0
4095
0
0
0
0
0
0
0
4095
0
0
0
0
0
0
0
4095
0
0
0
0
0
0
0
4095
0
0
0
0
0
0
0
4095
0
0
0
0
0
0
0
4095
0
0
0
0
0
0
0
4095
0
0
0
0
0
0
0
4095
0
0
0
0
0
0
0
4095
0
0
0
0
0
0
0
4095
0
0
0
0
0
0
0
4095
0
0
0
0
0
0
0
4095
0
0
0
0
0
0
0
4095
0
0
0
0
0
0
0
4095
0
0
0
0
0
0
0
4095
0
0
0
0
0
0
0
4095
0
0
0
0
0
0
0
4095
0
0
0
0
0
0
0
4095
0
0
0
0
0
0
0
4095
0
0
0
0
0
0
0
4095
0
0
0
0
0
0
0
4095
0
0
0
0
0
0
0
4095
0
0
0
0
0
0
0
4095
0
0
0
0
0
0
0
4095
0
0
0
0
0
0
0
4095
0
0
0
0
0
0
0
4095
0
0
0
0
0
0
0
4095
0
0
0
0
0
0
0
4095
0
0
0
0
0
0
0
4095
0
0
0
0
0
0
0
4095
0
0
0
0
0
0
0
4095
0
0
0
0
0
0
0
4095
0
0
0
0
0
0
0
4095
0
0
0
0
0
0
0
4095
0
0
0
0
0
0
0
4095
0
0
0
0
0
0
0
4095
0
0
0
0
0
0
0
4095
0
0
0
0
0
0
0
4095
0
0
0
0
0
0
0
4095
0
0
0
0
0
0
0
4095
0
0
0
0
0
0
0
4095
0
0
0
0
0
0
0
4095
0
0
0
0
0
0
0
4095
0
0
0
0
0
0
0
4095
0
0
0
0
0
0
0
4095
0
0
0
0
0
0
0
4095
0
0
0
0
0
0
0
4095
0
0
0
0
0
0
0
4095
0
0
0
0
0
0
0
4095
0
0
0
0
0
0
0
4095
0
0
0
0
0
0
0
4095
0
0
0
0
0
0
0
4095
0
0
0
0
0
0
0
4095
0
0
0
0
0
0
0
4095
0
0
0
0
0
0
0
4095
0
0
0
0
0
0
0
4095
0
0
0
0
0
0
0
4095
0
0
0
0
0
0
0
4095
0
0
0
0
0
0
0
4095
0
0
0
0
0
0
0
4095
0
0
0
0
0
0
0
4095
0
0
0
0
0
0
0
4095
0
0
0
0
0
0
0
4095
0
0
0
0
0
0
0
4095
0
0
0
0
0
0
0
4095
0
0
0
0
0
0
0
4095
0
0
0
0
0
0
0
4095
0
0
0
0
0
0
0
4095
0
0
0
0
0
0
0
4095
0
0
0
0
0
0
0
4095
0
0
0
0
0
0
0
4095
0
0
0
0
0
0
0
4095
0
0
0
0
0
0
0
4095
0
0
0
0
0
0
0
4095
0
0
0
0
0
0
0
4095
0
0
0
0
0
0
0
4095
0
0
0
0
0
0
0
4095
0
0
0
0
0
0
0
4095
0
0
0
0
0
0
0
4095
0
0
0
0
0
0
0
4095
0
0
0
0
0
0
0
4095
0
0
0
0
0
0
0
4095
0
0
0
0
0
0
0
4095
0
0
0
0
0
0
0
4095
0
0
0
0
0
0
0
4095
0
0
0
0
0
0
0
4095
0
0
0
0
0
0
0
4095
0
0
0
0
0
0
0
4095
0
0
0
0
0
0
0
4095
0
0
0
0
0
0
0
4095
0
0
0
0
0
0
0
4095
0
0
0
0
0
0
0
4095
0
0
0
0
0
0
0
4095
0
0
0
0
0
0
0
4095
0
0
0
0
0
0
0
4095
0
0
0
0
0
0
0
4095
0
0
0
0
0
0
0
4095
0
0
0
0
0
0
0
4095
0
0
0
0
0
0
0
4095
0
0
0
0
0
0
0
4095
0
0
0
0
0
0
0
4095
0
0
0
0
0
0
0
4095
0
0
0
0
0
0
0
4095
0
0
0
0
0
0
0
4095
0
0
0
0
0
0
0
4095
0
0
0
0
0
0
0
4095
0
0
0
0
0
0
0
4095
0
0
0
0
0
0
0
4095
0
0
0
0
0
0
0
4095
0
0
0
0
0
0
0
4095
0
0
0
0
0
0
0
4095
0
0
0
0
0
0
0
4095
0
0
0
0
0
0
0
4095
0
0
0
0
0
0
0
4095
0
0
0
0
0
0
0
4095
0
0
0
0
0
0
0
4095
0
0
0
0
0
0
0
4095
0
0
0
0
0
0
0
4095
0
0
0
0
0
0
0
4095
0
0
0
0
0
0
0
4095
0
0
0
0
0
0
0
4095
0
0
0
0
0
0
0
4095
0
0
0
0
0
0
0
4095
0
0
0
0
0
0
0
4095
0
0
0
0
0
0
0
4095
0
0
0
0
0
0
0
4095
0
0
0
0
0
0
0
4095
0
0
0
0
0
0
0
4095
0
0
0
0
0
0
0
4095
0
0
0
0
0
0
0
4095
0
0
0
0
0
0
0
4095
0
0
0
0
0
0
0
4095
0
0
0
0
0
0
0
4095
0
0
0
0
0
0
0
4095
0
0
0
0
0
0
0
4095
0
0
0
0
0
0
0
4095
0
0
0
0
0
0
0
4095
0
0
0
0
0
0
0
4095
0
0
0
0
0
0
0
4095
0
0
0
0
0
0
0
4095
0
0
0
0
0
0
0
4095
0
0
0
0
0
0
0
4095
0
0
0
0
0
0
0
4095
0
0
0
0
0
0
0
4095
0
0
0
0
0
0
0
4095
0
0
0
0
0
0
0
4095
0
0
0
0
0
0
0
4095
0
0
0
0
0
0
0
4095
0
0
0
0
0
0
0
4095
0
0
0
0
0
0
0
4095
0
0
0
0
0
0
0
4095
0
0
0
0
0
0
0
4095
0
0
0
0
0
0
0
4095
0
0
0
0
0
0
0
4095
0
0
0
0
0
0
0
4095
0
0
0
0
0
0
0
4095
0
0
0
0
0
0
0
4095
0
0
0
0
0
0
0
4095
0
0
0
0
0
0
0
4095
0
0
0
0
0
0
0
4095
0
0
0
0
0
0
0
4095
0
0
0
0
0
0
0
4095
0
0
0
0
0
0
0
4095
0
0
0
0
0
0
0
4095
0
0
0
0
0
0
0
4095
0
0
0
0
0
0
0
4095
0
0
0
0
0
0
0
4095
0
0
0
0
0
0
0
4095
0
0
0
0
0
0
0
4095
0
0
0
0
0
0
0
4095
0
0
0
0
0
0
0
4095
0
0
0
0
0
0
0
4095
0
0
0
0
0
0
0
4095
0
0
0
0
0
0
0
4095
0
0
0
0
0
0
0
4095
0
0
0
0
0
0
0
4095
0
0
0
0
0
0
0
4095
0
0
0
0
0
0
0
4095
0
0
0
0
0
0
0
4095
0
0
0
0
0
0
0
4095
0
0
0
0
0
0
0
4095
0
0
0
0
0
0
0
4095
0
0
0
0
0
0
0
4095
0
0
0
0
0
0
0
4095
0
0
0
0
0
0
0
4095
0
0
0
0
0
0
0
4095
0
0
0
0
0
0
0
4095
0
0
0
0
0
0
0
4095
0
0
0
0
0
0
0
4095
0
0
0
0
0
0
0
4095
0
0
0
0
0
0
0
4095
0
0
0
0
0
0
0
4095
0
0
0
0
0
0
0
4095
0
0
0
0
0
0
0
4095
0
0
0
0
0
0
0
4095
0
0
0
0
0
0
0
4095
0
0
0
0
0
0
0
4095
0
0
0
0
0
0
0
4095
0
0
0
0
0
0
0
4095
0
0
0
0
0
0
0
4095
0
0
0
0
0
0
0
4095
0
0
0
0
0
0
0
4095
0
0
0
0
0
0
0
4095
0
0
0
0
0
0
0
4095
0
0
0
0
0
0
0
4095
0
0
0
0
0
0
0
4095
0
0
0
0
0
0
0
4095
0
0
0
0
0
0
0
4095
0
0
0
0
0
0
0
4095
0
0
0
0
0
0
0
4095
0
0
0
0
0
0
0
4095
0
0
0
0
0
0
0
4095
0
0
0
0
0
0
0
4095
0
0
0
0
0
0
0
4095
0
0
0
0
0
0
0
4095
0
0
0
0
0
0
0
4095
0
0
0
0
0
0
0
4095
0
0
0
0
0
0
0
4095
0
0
0
0
0
0
0
4095
0
0
0
0
0
0
0
4095
0
0
0
0
0
0
0
4095
0
0
0
0
0
0
0
4095
0
0
0
0
0
0
0
4095
0
0
0
0
0
0
0
4095
0
0
0
0
0
0
0
4095
0
0
0
0
0
0
0
4095
0
0
0
0
0
0
0
4095
0
0
0
0
0
0
0
4095
0
0
0
0
0
0
0
4095
0
0
0
0
0
0
0
4095
0
0
0
0
0
0
0
4095
0
0
0
0
0
0
0
4095
0
0
0
0
0
0
0
4095
0
0
0
0
0
0
0
4095
0
0
0
0
0
0
0
4095
0
0
0
0
0
0
0
4095
0
0
0
0
0
0
0
4095
0
0
0
0
0
0
0
4095
0
0
0
0
0
0
0
4095
0
0
0
0
0
0
0
4095
0
0
0
0
0
0
0
4095
0
0
0
0
0
0
0
4095
0
0
0
0
0
0
0
4095
0
0
0
0
0
0
0
4095
0
0
0
0
0
0
0
4095
0
0
0
0
0
0
0
4095
0
0
0
0
0
0
0
4095
0
0
0
0
0
0
0
4095
0
0
0
0
0
0
0
4095
0
0
0
0
0
0
0
4095
0
0
0
0
0
0
0
4095
0
0
0
0
0
0
0
4095
0
0
0
0
0
0
0
4095
0
0
0
0
0
0
0
4095
0
0
0
0
0
0
0
4095
0
0
0
0
0
0
0
4095
0
0
0
0
0
0
0
4095
0
0
0
0
0
0
0
4095
0
0
0
0
0
0
0
4095
0
0
0
0
0
0
0
4095
0
0
0
0
0
0
0
4095
0
0
0
0
0
0
0
4095
0
0
0
0
0
0
0
4095
0
0
0
0
0
0
0
4095
0
0
0
0
0
0
0
4095
0
0
0
0
0
0
0
4095
0
0
0
0
0
0
0
4095
0
0
0
0
0
0
0
4095
0
0
0
0
0
0
0
4095
0
0
0
0
0
0
0
4095
0
0
0
0
0
0
0
4095
0
0
0
0
0
0
0
4095
0
0
0
0
0
0
0
4095
0
0
0
0
0
0
0
4095
0
0
0
0
0
0
0
4095
0
0
0
0
0
0
0
4095
0
0
0
0
0
0
0
4095
0
0
0
0
0
0
0
4095
0
0
0
0
0
0
0
4095
0
0
0
0
0
0
0
4095
0
0
0
0
0
0
0
4095
0
0
0
0
0
0
0
4095
0
0
0
0
0
0
0
4095
0
0
0
0
0
0
0
4095
0
0
0
0
0
0
0
4095
0
0
0
0
0
0
0
4095
0
0
0
0
0
0
0
4095
0
0
0
0
0
0
0
4095
0
0
0
0
0
0
0
4095
0
0
0
0
0
0
0
4095
0
0
0
0
0
0
0
4095
0
0
0
0
0
0
0
4095
0
0
0
0
0
0
0
4095
0
0
0
0
0
0
0
4095
0
0
0
0
0
0
0
4095
0
0
0
0
0
0
0
4095
0
0
0
0
0
0
0
4095
0
0
0
0
0
0
0
4095
0
0
0
0
0
0
0
4095
0
0
0
0
0
0
0
4095
0
0
0
0
0
0
0
4095
0
0
0
0
0
0
0
4095
0
0
0
0
0
0
0
4095
0
0
0
0
0
0
0
4095
0
0
0
0
0
0
0
4095
0
0
0
0
0
0
0
4095
0
0
0
0
0
0
0
4095
0
0
0
0
0
0
0
4095
0
0
0
0
0
0
0
4095
0
0
0
0
0
0
0
4095
0
0
0
0
0
0
0
4095
0
0
0
0
0
0
0
4095
0
0
0
0
0
0
0
4095
0
0
0
0
0
0
0
4095
0
0
0
0
0
0
0
4095
0
0
0
0
0
0
0
4095
0
0
0
0
0
0
0
4095
0
0
0
0
0
0
0
4095
0
0
0
0
0
0
0
4095
0
0
0
0
0
0
0
4095
0
0
0
0
0
0
0
4095
0
0
0
0
0
0
0
4095
0
0
0
0
0
0
0
4095
0
0
0
0
0
0
0
4095
0
0
0
0
0
0
0
4095
0
0
0
0
0
0
0
4095
0
0
0
0
0
0
0
4095
0
0
0
0
0
0
0
4095
0
0
0
0
0
0
0
4095
0
0
0
0
0
0
0
4095
0
0
0
0
0
0
0
4095
0
0
0
0
0
0
0
4095
0
0
0
0
0
0
0
4095
0
0
0
0
0
0
0
4095
0
0
0
0
0
0
0
4095
0
0
0
0
0
0
0
4095
0
0
0
0
0
0
0
4095
0
0
0
0
0
0
0
4095
0
0
0
0
0
0
0
4095
0
0
0
0
0
0
0
4095
0
0
0
0
0
0
0
4095
0
0
0
0
0
0
0
4095
0
0
0
0
0
0
0
4095
0
0
0
0
0
0
0
4095
0
0
0
0
0
0
0
4095
0
0
0
0
0
0
0
4095
0
0
0
0
0
0
0
4095
0
0
0
0
0
0
0
4095
0
0
0
0
0
0
0
4095
0
0
0
0
0
0
0
4095
0
0
0
0
0
0
0
4095
0
0
0
0
0
0
0
4095
0
0
0
0
0
0
0
4095
0
0
0
0
0
0
0
4095
0
0
0
0
0
0
0
4095
0
0
0
0
0
0
0
4095
0
0
0
0
0
0
0
4095
0
0
0
0
0
0
0
4095
0
0
0
0
0
0
0
4095
0
0
0
0
0
0
0
4095
0
0
0
0
0
0
0
4095
0
0
0
0
0
0
0
4095
0
0
0
0
0
0
0
4095
0
0
0
0
0
0
0
4095
0
0
0
0
0
0
0
4095
0
0
0
0
0
0
