4095
4095
0
0
0
0
0
0
4095
4095
0
0
0
0
0
0
4095
4095
0
0
0
0
0
0
4095
0
0
0
0
0
0
0
0
0
0
0
0
0
0
0
0
0
0
0
0
0
0
0
0
0
0
0
0
0
0
0
4095
4095
0
0
0
0
0
0
4095
4095
0
0
0
0
0
0
4095
4095
0
0
0
0
0
0
4095
4095
0
0
0
0
0
0
0
0
0
0
0
0
0
0
0
0
0
0
0
0
0
0
0
0
0
0
0
0
0
0
0
0
0
0
0
0
0
0
4095
4095
0
0
0
0
0
0
4095
4095
0
0
0
0
0
0
4095
4095
0
0
0
0
0
0
4095
4095
0
0
0
0
0
0
0
0
0
0
0
0
0
0
0
0
0
0
0
0
0
0
0
0
0
0
0
0
0
0
0
0
0
0
0
0
0
0
4087
4084
0
0
0
0
0
0
4066
4062
0
0
0
0
0
0
4047
4045
0
0
0
0
0
0
4040
4041
0
0
0
0
0
0
4051
4054
0
0
0
0
0
0
4068
4070
0
0
0
0
0
0
4074
4073
0
0
0
0
0
0
4070
4067
0
0
0
0
0
0
4048
4047
0
0
0
0
0
0
4047
4045
0
0
0
0
0
0
4049
4050
0
0
0
0
0
0
4052
4053
0
0
0
0
0
0
4079
4080
0
0
0
0
0
0
4068
4069
0
0
0
0
0
0
4075
4073
0
0
0
0
0
0
4077
4077
0
0
0
0
0
0
4046
4044
0
0
0
0
0
0
4072
4071
0
0
0
0
0
0
4045
4045
0
0
0
0
0
0
4053
4050
0
0
0
0
0
0
4070
4073
0
0
0
0
0
0
4036
4034
0
0
0
0
0
0
4087
4089
0
0
0
0
0
0
4050
4050
0
0
0
0
0
0
4060
4056
0
0
0
0
0
0
4081
4087
0
0
0
0
0
0
4029
4024
0
0
0
0
0
0
7
11
0
0
0
0
0
0
4049
4050
0
0
0
0
0
0
4066
4060
0
0
0
0
0
0
4094
5
0
0
0
0
0
0
4008
4001
0
0
0
0
0
0
14
19
0
0
0
0
0
0
4039
4041
0
0
0
0
0
0
4074
4069
0
0
0
0
0
0
33
45
0
0
0
0
0
0
4023
4014
0
0
0
0
0
0
46
50
0
0
0
0
0
0
4017
4015
0
0
0
0
0
0
4025
4013
0
0
0
0
0
0
4073
4084
0
0
0
0
0
0
3931
3923
0
0
0
0
0
0
31
41
0
0
0
0
0
0
4014
4016
0
0
0
0
0
0
4050
4039
0
0
0
0
0
0
27
42
0
0
0
0
0
0
3933
3918
0
0
0
0
0
0
58
67
0
0
0
0
0
0
3997
3999
0
0
0
0
0
0
4048
4037
0
0
0
0
0
0
59
80
0
0
0
0
0
0
3945
3926
0
0
0
0
0
0
94
101
0
0
0
0
0
0
3960
3959
0
0
0
0
0
0
3994
3977
0
0
0
0
0
0
15
37
0
0
0
0
0
0
3851
3830
0
0
0
0
0
0
84
97
0
0
0
0
0
0
3955
3961
0
0
0
0
0
0
4042
4027
0
0
0
0
0
0
109
140
0
0
0
0
0
0
3907
3883
0
0
0
0
0
0
185
200
0
0
0
0
0
0
3990
3991
0
0
0
0
0
0
4042
4016
0
0
0
0
0
0
78
107
0
0
0
0
0
0
3805
3778
0
0
0
0
0
0
163
182
0
0
0
0
0
0
3949
3955
0
0
0
0
0
0
4048
4023
0
0
0
0
0
0
143
180
0
0
0
0
0
0
3814
3780
0
0
0
0
0
0
212
231
0
0
0
0
0
0
3929
3932
0
0
0
0
0
0
4024
3996
0
0
0
0
0
0
148
187
0
0
0
0
0
0
3749
3708
0
0
0
0
0
0
214
234
0
0
0
0
0
0
3877
3884
0
0
0
0
0
0
4011
3980
0
0
0
0
0
0
176
224
0
0
0
0
0
0
3730
3684
0
0
0
0
0
0
266
289
0
0
0
0
0
0
3867
3869
0
0
0
0
0
0
3982
3945
0
0
0
0
0
0
177
233
0
0
0
0
0
0
3687
3639
0
0
0
0
0
0
329
357
0
0
0
0
0
0
3885
3892
0
0
0
0
0
0
4034
3996
0
0
0
0
0
0
266
323
0
0
0
0
0
0
3655
3595
0
0
0
0
0
0
326
354
0
0
0
0
0
0
3802
3809
0
0
0
0
0
0
3971
3929
0
0
0
0
0
0
258
328
0
0
0
0
0
0
3621
3562
0
0
0
0
0
0
420
455
0
0
0
0
0
0
3838
3843
0
0
0
0
0
0
3990
3938
0
0
0
0
0
0
270
341
0
0
0
0
0
0
3526
3458
0
0
0
0
0
0
411
450
0
0
0
0
0
0
3784
3792
0
0
0
0
0
0
3983
3931
0
0
0
0
0
0
341
422
0
0
0
0
0
0
3526
3453
0
0
0
0
0
0
503
543
0
0
0
0
0
0
3784
3791
0
0
0
0
0
0
3986
3928
0
0
0
0
0
0
372
457
0
0
0
0
0
0
3461
3379
0
0
0
0
0
0
525
570
0
0
0
0
0
0
3746
3754
0
0
0
0
0
0
3968
3904
0
0
0
0
0
0
390
483
0
0
0
0
0
0
3390
3301
0
0
0
0
0
0
564
615
0
0
0
0
0
0
3714
3725
0
0
0
0
0
0
3963
3892
0
0
0
0
0
0
421
523
0
0
0
0
0
0
3334
3238
0
0
0
0
0
0
621
680
0
0
0
0
0
0
3725
3740
0
0
0
0
0
0
4013
3938
0
0
0
0
0
0
510
618
0
0
0
0
0
0
3302
3194
0
0
0
0
0
0
664
721
0
0
0
0
0
0
3653
3665
0
0
0
0
0
0
3951
3873
0
0
0
0
0
0
522
641
0
0
0
0
0
0
3239
3125
0
0
0
0
0
0
719
779
0
0
0
0
0
0
3615
3627
0
0
0
0
0
0
3925
3840
0
0
0
0
0
0
546
674
0
0
0
0
0
0
3168
3047
0
0
0
0
0
0
780
849
0
0
0
0
0
0
3625
3640
0
0
0
0
0
0
3956
3863
0
0
0
0
0
0
617
755
0
0
0
0
0
0
3130
2999
0
0
0
0
0
0
842
910
0
0
0
0
0
0
3561
3573
0
0
0
0
0
0
3909
3812
0
0
0
0
0
0
639
787
0
0
0
0
0
0
3057
2918
0
0
0
0
0
0
889
964
0
0
0
0
0
0
3525
3541
0
0
0
0
0
0
3900
3798
0
0
0
0
0
0
693
851
0
0
0
0
0
0
3011
2866
0
0
0
0
0
0
976
1057
0
0
0
0
0
0
3529
3544
0
0
0
0
0
0
3919
3807
0
0
0
0
0
0
735
901
0
0
0
0
0
0
2927
2773
0
0
0
0
0
0
1024
1110
0
0
0
0
0
0
3481
3497
0
0
0
0
0
0
3892
3772
0
0
0
0
0
0
759
934
0
0
0
0
0
0
2843
2679
0
0
0
0
0
0
1071
1163
0
0
0
0
0
0
3442
3461
0
0
0
0
0
0
3890
3766
0
0
0
0
0
0
828
1015
0
0
0
0
0
0
2804
2632
0
0
0
0
0
0
1165
1262
0
0
0
0
0
0
3435
3452
0
0
0
0
0
0
3889
3757
0
0
0
0
0
0
872
1067
0
0
0
0
0
0
2707
2522
0
0
0
0
0
0
1193
1295
0
0
0
0
0
0
3374
3394
0
0
0
0
0
0
3872
3735
0
0
0
0
0
0
928
1133
0
0
0
0
0
0
2649
2454
0
0
0
0
0
0
1270
1379
0
0
0
0
0
0
3361
3385
0
0
0
0
0
0
3891
3746
0
0
0
0
0
0
1000
1215
0
0
0
0
0
0
2594
2388
0
0
0
0
0
0
1334
1446
0
0
0
0
0
0
3294
3315
0
0
0
0
0
0
3839
3687
0
0
0
0
0
0
1017
1245
0
0
0
0
0
0
2499
2286
0
0
0
0
0
0
1400
1518
0
0
0
0
0
0
3278
3302
0
0
0
0
0
0
3861
3702
0
0
0
0
0
0
1092
1328
0
0
0
0
0
0
2437
2214
0
0
0
0
0
0
1486
1609
0
0
0
0
0
0
3252
3277
0
0
0
0
0
0
3844
3675
0
0
0
0
0
0
1120
1365
0
0
0
0
0
0
2326
2091
0
0
0
0
0
0
1517
1647
0
0
0
0
0
0
3187
3214
0
0
0
0
0
0
3825
3651
0
0
0
0
0
0
1192
1453
0
0
0
0
0
0
2302
2058
0
0
0
0
0
0
1638
1775
0
0
0
0
0
0
3195
3218
0
0
0
0
0
0
3824
3637
0
0
0
0
0
0
1215
1485
0
0
0
0
0
0
2182
1928
0
0
0
0
0
0
1673
1817
0
0
0
0
0
0
3134
3161
0
0
0
0
0
0
3810
3619
0
0
0
0
0
0
1286
1566
0
0
0
0
0
0
2113
1847
0
0
0
0
0
0
1742
1890
0
0
0
0
0
0
3093
3121
0
0
0
0
0
0
3804
3605
0
0
0
0
0
0
1346
1638
0
0
0
0
0
0
2045
1767
0
0
0
0
0
0
1815
1969
0
0
0
0
0
0
3046
3077
0
0
0
0
0
0
3783
3579
0
0
0
0
0
0
1398
1703
0
0
0
0
0
0
1964
1676
0
0
0
0
0
0
1881
2040
0
0
0
0
0
0
3012
3045
0
0
0
0
0
0
3794
3581
0
0
0
0
0
0
1471
1786
0
0
0
0
0
0
1902
1603
0
0
0
0
0
0
1969
2135
0
0
0
0
0
0
2985
3018
0
0
0
0
0
0
3774
3551
0
0
0
0
0
0
1505
1830
0
0
0
0
0
0
1796
1486
0
0
0
0
0
0
2024
2196
0
0
0
0
0
0
2937
2971
0
0
0
0
0
0
3766
3538
0
0
0
0
0
0
1581
1920
0
0
0
0
0
0
1748
1428
0
0
0
0
0
0
2125
2302
0
0
0
0
0
0
2905
2936
0
0
0
0
0
0
3732
3492
0
0
0
0
0
0
1596
1947
0
0
0
0
0
0
1634
1304
0
0
0
0
0
0
2169
2352
0
0
0
0
0
0
2844
2878
0
0
0
0
0
0
3721
3477
0
0
0
0
0
0
1675
2038
0
0
0
0
0
0
1582
1240
0
0
0
0
0
0
2266
2456
0
0
0
0
0
0
2832
2868
0
0
0
0
0
0
3732
3478
0
0
0
0
0
0
1726
2098
0
0
0
0
0
0
1477
1122
0
0
0
0
0
0
2305
2499
0
0
0
0
0
0
2761
2800
0
0
0
0
0
0
3703
3443
0
0
0
0
0
0
1781
2167
0
0
0
0
0
0
1413
1051
0
0
0
0
0
0
2415
2620
0
0
0
0
0
0
2771
2809
0
0
0
0
0
0
3718
3447
0
0
0
0
0
0
1837
2232
0
0
0
0
0
0
1319
945
0
0
0
0
0
0
2472
2682
0
0
0
0
0
0
2710
2749
0
0
0
0
0
0
3690
3412
0
0
0
0
0
0
1884
2291
0
0
0
0
0
0
1234
851
0
0
0
0
0
0
2543
2761
0
0
0
0
0
0
2687
2730
0
0
0
0
0
0
3707
3423
0
0
0
0
0
0
1976
2394
0
0
0
0
0
0
1182
781
0
0
0
0
0
0
2600
2818
0
0
0
0
0
0
2600
2644
0
0
0
0
0
0
3659
3370
0
0
0
0
0
0
2012
2447
0
0
0
0
0
0
1109
701
0
0
0
0
0
0
2700
2926
0
0
0
0
0
0
2603
2648
0
0
0
0
0
0
3683
3382
0
0
0
0
0
0
2074
2518
0
0
0
0
0
0
1027
607
0
0
0
0
0
0
2770
3002
0
0
0
0
0
0
2560
2603
0
0
0
0
0
0
3645
3336
0
0
0
0
0
0
2100
2556
0
0
0
0
0
0
929
500
0
0
0
0
0
0
2826
3067
0
0
0
0
0
0
2527
2574
0
0
0
0
0
0
3660
3343
0
0
0
0
0
0
2184
2649
0
0
0
0
0
0
873
431
0
0
0
0
0
0
2906
3149
0
0
0
0
0
0
2473
2518
0
0
0
0
0
0
3622
3297
0
0
0
0
0
0
2211
2689
0
0
0
0
0
0
782
331
0
0
0
0
0
0
2363
555
0
0
0
0
0
0
3034
1042
0
0
0
0
0
0
775
2940
0
0
0
0
0
0
2474
293
0
0
0
0
0
0
471
3709
0
0
0
0
0
0
2380
808
0
0
0
0
0
0
3964
1074
0
0
0
0
0
0
3528
2295
0
0
0
0
0
0
2113
2226
0
0
0
0
0
0
177
3439
0
0
0
0
0
0
2577
1472
0
0
0
0
0
0
1912
3587
0
0
0
0
0
0
3197
1546
0
0
0
0
0
0
52
1650
0
0
0
0
0
0
3377
3527
0
0
0
0
0
0
2382
2786
0
0
0
0
0
0
3766
122
0
0
0
0
0
0
2970
3224
0
0
0
0
0
0
41
3706
0
0
0
0
0
0
338
3842
0
0
0
0
0
0
2473
1411
0
0
0
0
0
0
2438
3276
0
0
0
0
0
0
2753
2766
0
0
0
0
0
0
241
285
0
0
0
0
0
0
74
3053
0
0
0
0
0
0
2232
2329
0
0
0
0
0
0
3054
4031
0
0
0
0
0
0
777
1112
0
0
0
0
0
0
632
899
0
0
0
0
0
0
472
4088
0
0
0
0
0
0
3796
3824
0
0
0
0
0
0
3304
4094
0
0
0
0
0
0
514
754
0
0
0
0
0
0
167
178
0
0
0
0
0
0
3849
3398
0
0
0
0
0
0
1977
2111
0
0
0
0
0
0
3219
1942
0
0
0
0
0
0
510
1460
0
0
0
0
0
0
2225
3565
0
0
0
0
0
0
348
1466
0
0
0
0
0
0
656
3990
0
0
0
0
0
0
1605
3043
0
0
0
0
0
0
2489
2183
0
0
0
0
0
0
2491
2552
0
0
0
0
0
0
1034
3347
0
0
0
0
0
0
1835
3732
0
0
0
0
0
0
2040
2251
0
0
0
0
0
0
2537
2091
0
0
0
0
0
0
2525
1474
0
0
0
0
0
0
70
2399
0
0
0
0
0
0
1903
270
0
0
0
0
0
0
2031
2301
0
0
0
0
0
0
951
3704
0
0
0
0
0
0
2961
1905
0
0
0
0
0
0
99
718
0
0
0
0
0
0
1950
300
0
0
0
0
0
0
908
892
0
0
0
0
0
0
808
3560
0
0
0
0
0
0
899
4094
0
0
0
0
0
0
45
664
0
0
0
0
0
0
1139
3874
0
0
0
0
0
0
910
890
0
0
0
0
0
0
1753
1841
0
0
0
0
0
0
917
23
0
0
0
0
0
0
2917
4094
0
0
0
0
0
0
2635
1107
0
0
0
0
0
0
351
280
0
0
0
0
0
0
1643
222
0
0
0
0
0
0
1237
114
0
0
0
0
0
0
3738
200
0
0
0
0
0
0
1159
3772
0
0
0
0
0
0
515
530
0
0
0
0
0
0
177
3118
0
0
0
0
0
0
1185
325
0
0
0
0
0
0
346
2378
0
0
0
0
0
0
2889
1355
0
0
0
0
0
0
3679
167
0
0
0
0
0
0
1544
105
0
0
0
0
0
0
955
2793
0
0
0
0
0
0
3561
10
0
0
0
0
0
0
2216
525
0
0
0
0
0
0
461
480
0
0
0
0
0
0
3654
3746
0
0
0
0
0
0
1294
455
0
0
0
0
0
0
2525
3821
0
0
0
0
0
0
3028
1501
0
0
0
0
0
0
1228
1135
0
0
0
0
0
0
1523
70
0
0
0
0
0
0
1407
250
0
0
0
0
0
0
3433
3968
0
0
0
0
0
0
928
3574
0
0
0
0
0
0
448
467
0
0
0
0
0
0
153
3098
0
0
0
0
0
0
1344
515
0
0
0
0
0
0
315
2308
0
0
0
0
0
0
3065
1546
0
0
0
0
0
0
3550
33
0
0
0
0
0
0
1508
48
0
0
0
0
0
0
1015
2886
0
0
0
0
0
0
3355
3875
0
0
0
0
0
0
2439
769
0
0
0
0
0
0
394
415
0
0
0
0
0
0
3678
3745
0
0
0
0
0
0
1434
621
0
0
0
0
0
0
2304
3568
0
0
0
0
0
0
3186
1673
0
0
0
0
0
0
1099
1011
0
0
0
0
0
0
1488
17
0
0
0
0
0
0
1546
420
0
0
0
0
0
0
3248
3755
0
0
0
0
0
0
1106
3764
0
0
0
0
0
0
346
370
0
0
0
0
0
0
121
3047
0
0
0
0
0
0
1465
662
0
0
0
0
0
0
105
2075
0
0
0
0
0
0
2105
107
0
0
0
0
0
0
270
433
0
0
0
0
0
0
1292
227
0
0
0
0
0
0
179
1890
0
0
0
0
0
0
2783
3532
0
0
0
0
0
0
1367
315
0
0
0
0
0
0
828
1090
0
0
0
0
0
0
1328
2342
0
0
0
0
0
0
3650
1790
0
0
0
0
0
0
239
483
0
0
0
0
0
0
839
2475
0
0
0
0
0
0
1163
1725
0
0
0
0
0
0
547
1418
0
0
0
0
0
0
3750
922
0
0
0
0
0
0
2453
126
0
0
0
0
0
0
3101
1915
0
0
0
0
0
0
110
1418
0
0
0
0
0
0
2589
3974
0
0
0
0
0
0
351
1516
0
0
0
0
0
0
1392
3178
0
0
0
0
0
0
607
3035
0
0
0
0
0
0
762
1845
0
0
0
0
0
0
399
342
0
0
0
0
0
0
3107
190
0
0
0
0
0
0
2313
3612
0
0
0
0
0
0
445
2968
0
0
0
0
0
0
1786
2916
0
0
0
0
0
0
972
899
0
0
0
0
0
0
2894
186
0
0
0
0
0
0
2304
3563
0
0
0
0
0
0
1820
221
0
0
0
0
0
0
1567
2710
0
0
0
0
0
0
1042
882
0
0
0
0
0
0
2984
296
0
0
0
0
0
0
1746
3018
0
0
0
0
0
0
1972
365
0
0
0
0
0
0
1562
2733
0
0
0
0
0
0
956
782
0
0
0
0
0
0
3165
472
0
0
0
0
0
0
1615
2891
0
0
0
0
0
0
1939
323
0
0
0
0
0
0
1564
2743
0
0
0
0
0
0
879
712
0
0
0
0
0
0
3243
550
0
0
0
0
0
0
1643
2918
0
0
0
0
0
0
1963
345
0
0
0
0
0
0
1600
2777
0
0
0
0
0
0
874
708
0
0
0
0
0
0
3261
568
0
0
0
0
0
0
1633
2904
0
0
0
0
0
0
1958
342
0
0
0
0
0
0
1578
2750
0
0
0
0
0
0
835
664
0
0
0
0
0
0
3208
517
0
0
0
0
0
0
1565
2834
0
0
0
0
0
0
1929
318
0
0
0
0
0
0
1556
2734
0
0
0
0
0
0
861
694
0
0
0
0
0
0
3272
585
0
0
0
0
0
0
1603
2869
0
0
0
0
0
0
1982
367
0
0
0
0
0
0
1551
2725
0
0
0
0
0
0
842
671
0
0
0
0
0
0
3257
573
0
0
0
0
0
0
1573
2840
0
0
0
0
0
0
1998
386
0
0
0
0
0
0
1556
2732
0
0
0
0
0
0
855
683
0
0
0
0
0
0
3276
592
0
0
0
0
0
0
1563
2828
0
0
0
0
0
0
2002
392
0
0
0
0
0
0
1554
2730
0
0
0
0
0
0
856
682
0
0
0
0
0
0
3279
597
0
0
0
0
0
0
1555
2819
0
0
0
0
0
0
2015
408
0
0
0
0
0
0
1566
2744
0
0
0
0
0
0
882
708
0
0
0
0
0
0
3307
624
0
0
0
0
0
0
1558
2818
0
0
0
0
0
0
2000
391
0
0
0
0
0
0
1526
2699
0
0
0
0
0
0
812
634
0
0
0
0
0
0
3229
547
0
0
0
0
0
0
1496
2760
0
0
0
0
0
0
1974
368
0
0
0
0
0
0
1530
2706
0
0
0
0
0
0
834
657
0
0
0
0
0
0
3250
567
0
0
0
0
0
0
1506
2768
0
0
0
0
0
0
1971
364
0
0
0
0
0
0
1520
2696
0
0
0
0
0
0
825
648
0
0
0
0
0
0
3247
565
0
0
0
0
0
0
1508
2771
0
0
0
0
0
0
1981
377
0
0
0
0
0
0
1555
2734
0
0
0
0
0
0
878
705
0
0
0
0
0
0
3321
639
0
0
0
0
0
0
1578
2837
0
0
0
0
0
0
2007
397
0
0
0
0
0
0
1547
2721
0
0
0
0
0
0
839
664
0
0
0
0
0
0
3264
582
0
0
0
0
0
0
1555
2819
0
0
0
0
0
0
1996
389
0
0
0
0
0
0
1567
2745
0
0
0
0
0
0
868
696
0
0
0
0
0
0
3281
596
0
0
0
0
0
0
1571
2836
0
0
0
0
0
0
1982
372
0
0
0
0
0
0
1558
2734
0
0
0
0
0
0
856
685
0
0
0
0
0
0
3267
580
0
0
0
0
0
0
1580
2846
0
0
0
0
0
0
1968
355
0
0
0
0
0
0
1561
2736
0
0
0
0
0
0
851
682
0
0
0
0
0
0
3255
567
0
0
0
0
0
0
1600
2868
0
0
0
0
0
0
1958
343
0
0
0
0
0
0
1562
2737
0
0
0
0
0
0
837
667
0
0
0
0
0
0
3216
525
0
0
0
0
0
0
1592
2863
0
0
0
0
0
0
1928
315
0
0
0
0
0
0
1585
2763
0
0
0
0
0
0
883
720
0
0
0
0
0
0
3270
578
0
0
0
0
0
0
1678
2948
0
0
0
0
0
0
1947
329
0
0
0
0
0
0
1600
2774
0
0
0
0
0
0
869
704
0
0
0
0
0
0
3224
529
0
0
0
0
0
0
1674
2950
0
0
0
0
0
0
1914
297
0
0
0
0
0
0
1611
2784
0
0
0
0
0
0
862
698
0
0
0
0
0
0
3187
486
0
0
0
0
0
0
1673
2953
0
0
0
0
0
0
1878
263
0
0
0
0
0
0
1640
2817
0
0
0
0
0
0
914
756
0
0
0
0
0
0
3233
530
0
0
0
0
0
0
1758
3041
0
0
0
0
0
0
1896
273
0
0
0
0
0
0
1653
2824
0
0
0
0
0
0
877
718
0
0
0
0
0
0
3148
438
0
0
0
0
0
0
1713
2999
0
0
0
0
0
0
1799
176
0
0
0
0
0
0
1620
2794
0
0
0
0
0
0
866
716
0
0
0
0
0
0
3162
454
0
0
0
0
0
0
1808
3098
0
0
0
0
0
0
1825
197
0
0
0
0
0
0
1667
2837
0
0
0
0
0
0
869
715
0
0
0
0
0
0
3092
373
0
0
0
0
0
0
1774
3071
0
0
0
0
0
0
1753
127
0
0
0
0
0
0
1682
2857
0
0
0
0
0
0
906
760
0
0
0
0
0
0
3120
399
0
0
0
0
0
0
1867
3168
0
0
0
0
0
0
1760
129
0
0
0
0
0
0
1720
2889
0
0
0
0
0
0
896
749
0
0
0
0
0
0
3054
324
0
0
0
0
0
0
1860
3169
0
0
0
0
0
0
1698
67
0
0
0
0
0
0
1734
2910
0
0
0
0
0
0
937
800
0
0
0
0
0
0
3086
348
0
0
0
0
0
0
1932
3240
0
0
0
0
0
0
1650
13
0
0
0
0
0
0
2950
3915
0
0
0
0
0
0
116
2655
0
0
0
0
0
0
3399
912
0
0
0
0
0
0
267
2917
0
0
0
0
0
0
500
3358
0
0
0
0
0
0
3257
3957
0
0
0
0
0
0
4034
3448
0
0
0
0
0
0
2369
1192
0
0
0
0
0
0
4030
1785
0
0
0
0
0
0
1547
3866
0
0
0
0
0
0
3363
3700
0
0
0
0
0
0
2075
963
0
0
0
0
0
0
2064
87
0
0
0
0
0
0
220
2349
0
0
0
0
0
0
304
2829
0
0
0
0
0
0
429
974
0
0
0
0
0
0
2558
1776
0
0
0
0
0
0
785
3929
0
0
0
0
0
0
2490
413
0
0
0
0
0
0
2801
1067
0
0
0
0
0
0
60
472
0
0
0
0
0
0
2
2715
0
0
0
0
0
0
3899
3000
0
0
0
0
0
0
3646
170
0
0
0
0
0
0
3004
1320
0
0
0
0
0
0
1108
1091
0
0
0
0
0
0
431
3120
0
0
0
0
0
0
1196
322
0
0
0
0
0
0
3598
105
0
0
0
0
0
0
2704
1198
0
0
0
0
0
0
956
950
0
0
0
0
0
0
1607
180
0
0
0
0
0
0
1225
351
0
0
0
0
0
0
3679
115
0
0
0
0
0
0
2713
1193
0
0
0
0
0
0
439
445
0
0
0
0
0
0
1527
102
0
0
0
0
0
0
1157
311
0
0
0
0
0
0
3690
144
0
0
0
0
0
0
2913
1382
0
0
0
0
0
0
528
537
0
0
0
0
0
0
1551
115
0
0
0
0
0
0
1141
280
0
0
0
0
0
0
3634
97
0
0
0
0
0
0
2819
1286
0
0
0
0
0
0
566
581
0
0
0
0
0
0
1573
148
0
0
0
0
0
0
1177
308
0
0
0
0
0
0
3744
215
0
0
0
0
0
0
2778
1233
0
0
0
0
0
0
585
598
0
0
0
0
0
0
1540
119
0
0
0
0
0
0
1090
209
0
0
0
0
0
0
3760
241
0
0
0
0
0
0
2698
1154
0
0
0
0
0
0
642
658
0
0
0
0
0
0
1590
174
0
0
0
0
0
0
1074
180
0
0
0
0
0
0
3832
319
0
0
0
0
0
0
2633
1084
0
0
0
0
0
0
663
677
0
0
0
0
0
0
1587
179
0
0
0
0
0
0
1034
133
0
0
0
0
0
0
3905
398
0
0
0
0
0
0
2559
1003
0
0
0
0
0
0
662
675
0
0
0
0
0
0
1571
170
0
0
0
0
0
0
971
62
0
0
0
0
0
0
3968
475
0
0
0
0
0
0
2522
961
0
0
0
0
0
0
721
732
0
0
0
0
0
0
1597
203
0
0
0
0
0
0
943
25
0
0
0
0
0
0
4055
572
0
0
0
0
0
0
2481
914
0
0
0
0
0
0
765
774
0
0
0
0
0
0
1603
211
0
0
0
0
0
0
856
4022
0
0
0
0
0
0
4077
602
0
0
0
0
0
0
1692
1134
0
0
0
0
0
0
1088
655
0
0
0
0
0
0
1687
1638
0
0
0
0
0
0
551
715
0
0
0
0
0
0
1476
1305
0
0
0
0
0
0
319
3896
0
0
0
0
0
0
806
1735
0
0
0
0
0
0
1068
1403
0
0
0
0
0
0
1346
1196
0
0
0
0
0
0
3941
3734
0
0
0
0
0
0
1059
1130
0
0
0
0
0
0
943
1711
0
0
0
0
0
0
372
804
0
0
0
0
0
0
229
101
0
0
0
0
0
0
1095
636
0
0
0
0
0
0
1022
1156
0
0
0
0
0
0
3532
181
0
0
0
0
0
0
845
1265
0
0
0
0
0
0
3873
3851
0
0
0
0
0
0
1145
670
0
0
0
0
0
0
392
3451
0
0
0
0
0
0
3379
34
0
0
0
0
0
0
1871
2326
0
0
0
0
0
0
3832
3812
0
0
0
0
0
0
2974
1845
0
0
0
0
0
0
385
3433
0
0
0
0
0
0
3385
73
0
0
0
0
0
0
1869
2330
0
0
0
0
0
0
3315
3566
0
0
0
0
0
0
3032
1915
0
0
0
0
0
0
1665
3659
0
0
0
0
0
0
3448
139
0
0
0
0
0
0
1262
3727
0
0
0
0
0
0
3281
3518
0
0
0
0
0
0
1299
737
0
0
0
0
0
0
1549
3536
0
0
0
0
0
0
3865
1278
0
0
0
0
0
0
1244
3722
0
0
0
0
0
0
2703
596
0
0
0
0
0
0
1416
866
0
0
0
0
0
0
2325
3750
0
0
0
0
0
0
3337
2784
0
0
0
0
0
0
1889
3294
0
0
0
0
0
0
2427
2977
0
0
0
0
0
0
501
3581
0
0
0
0
0
0
2716
3209
0
0
0
0
0
0
539
1212
0
0
0
0
0
0
1185
823
0
0
0
0
0
0
566
1408
0
0
0
0
0
0
917
390
0
0
0
0
0
0
282
826
0
0
0
0
0
0
1898
1971
0
0
0
0
0
0
1893
1402
0
0
0
0
0
0
2138
2622
0
0
0
0
0
0
225
3788
0
0
0
0
0
0
2985
3198
0
0
0
0
0
0
1696
1823
0
0
0
0
0
0
3593
3281
0
0
0
0
0
0
2415
2891
0
0
0
0
0
0
1010
617
0
0
0
0
0
0
2968
3152
0
0
0
0
0
0
2711
2758
0
0
0
0
0
0
3466
3165
0
0
0
0
0
0
2010
2423
0
0
0
0
0
0
1099
728
0
0
0
0
0
0
2521
2735
0
0
0
0
0
0
2822
2865
0
0
0
0
0
0
3654
3377
0
0
0
0
0
0
1929
2324
0
0
0
0
0
0
1300
920
0
0
0
0
0
0
2378
2587
0
0
0
0
0
0
2743
2781
0
0
0
0
0
0
3667
3403
0
0
0
0
0
0
1827
2220
0
0
0
0
0
0
1413
1045
0
0
0
0
0
0
2384
2592
0
0
0
0
0
0
2819
2853
0
0
0
0
0
0
3715
3451
0
0
0
0
0
0
1747
2126
0
0
0
0
0
0
1441
1081
0
0
0
0
0
0
2270
2470
0
0
0
0
0
0
2802
2840
0
0
0
0
0
0
3715
3466
0
0
0
0
0
0
1741
2113
0
0
0
0
0
0
1578
1230
0
0
0
0
0
0
2248
2439
0
0
0
0
0
0
2866
2898
0
0
0
0
0
0
3723
3480
0
0
0
0
0
0
1679
2038
0
0
0
0
0
0
1642
1304
0
0
0
0
0
0
2150
2334
0
0
0
0
0
0
2873
2906
0
0
0
0
0
0
3713
3480
0
0
0
0
0
0
1618
1967
0
0
0
0
0
0
1728
1401
0
0
0
0
0
0
2092
2270
0
0
0
0
0
0
2938
2970
0
0
0
0
0
0
3743
3515
0
0
0
0
0
0
1565
1901
0
0
0
0
0
0
1805
1489
0
0
0
0
0
0
2022
2193
0
0
0
0
0
0
2968
2997
0
0
0
0
0
0
3733
3512
0
0
0
0
0
0
1479
1805
0
0
0
0
0
0
1868
1565
0
0
0
0
0
0
1954
2122
0
0
0
0
0
0
3034
3062
0
0
0
0
0
0
3767
3552
0
0
0
0
0
0
1435
1750
0
0
0
0
0
0
1957
1667
0
0
0
0
0
0
1889
2052
0
0
0
0
0
0
3074
3097
0
0
0
0
0
0
3760
3552
0
0
0
0
0
0
1364
1664
0
0
0
0
0
0
1998
1717
0
0
0
0
0
0
1779
1937
0
0
0
0
0
0
3086
3116
0
0
0
0
0
0
3796
3601
0
0
0
0
0
0
1362
1654
0
0
0
0
0
0
2140
1867
0
0
0
0
0
0
1739
1887
0
0
0
0
0
0
3125
3150
0
0
0
0
0
0
3782
3592
0
0
0
0
0
0
1270
1549
0
0
0
0
0
0
2169
1907
0
0
0
0
0
0
1639
1784
0
0
0
0
0
0
3166
3191
0
0
0
0
0
0
3808
3626
0
0
0
0
0
0
1229
1494
0
0
0
0
0
0
2253
2003
0
0
0
0
0
0
1586
1728
0
0
0
0
0
0
3230
3255
0
0
0
0
0
0
3841
3667
0
0
0
0
0
0
1189
1444
0
0
0
0
0
0
2339
2099
0
0
0
0
0
0
1516
1649
0
0
0
0
0
0
3239
3261
0
0
0
0
0
0
3815
3648
0
0
0
0
0
0
1116
1360
0
0
0
0
0
0
2406
2176
0
0
0
0
0
0
1446
1573
0
0
0
0
0
0
3278
3298
0
0
0
0
0
0
3827
3666
0
0
0
0
0
0
1061
1297
0
0
0
0
0
0
2493
2275
0
0
0
0
0
0
1391
1512
0
0
0
0
0
0
3307
3324
0
0
0
0
0
0
3819
3667
0
0
0
0
0
0
1001
1228
0
0
0
0
0
0
2561
2355
0
0
0
0
0
0
1327
1443
0
0
0
0
0
0
3357
3373
0
0
0
0
0
0
3853
3707
0
0
0
0
0
0
968
1180
0
0
0
0
0
0
2632
2434
0
0
0
0
0
0
1258
1371
0
0
0
0
0
0
3406
3426
0
0
0
0
0
0
3881
3742
0
0
0
0
0
0
920
1121
0
0
0
0
0
0
2689
2498
0
0
0
0
0
0
1159
1262
0
0
0
0
0
0
3389
3409
0
0
0
0
0
0
3861
3734
0
0
0
0
0
0
882
1077
0
0
0
0
0
0
2795
2616
0
0
0
0
0
0
1136
1234
0
0
0
0
0
0
3463
3478
0
0
0
0
0
0
3892
3770
0
0
0
0
0
0
844
1026
0
0
0
0
0
0
2855
2683
0
0
0
0
0
0
1048
1140
0
0
0
0
0
0
3461
3476
0
0
0
0
0
0
3870
3753
0
0
0
0
0
0
762
933
0
0
0
0
0
0
2895
2735
0
0
0
0
0
0
985
1075
0
0
0
0
0
0
3511
3526
0
0
0
0
0
0
3904
3795
0
0
0
0
0
0
742
906
0
0
0
0
0
0
2997
2846
0
0
0
0
0
0
954
1035
0
0
0
0
0
0
3550
3563
0
0
0
0
0
0
3906
3803
0
0
0
0
0
0
681
833
0
0
0
0
0
0
3030
2886
0
0
0
0
0
0
860
936
0
0
0
0
0
0
3552
3565
0
0
0
0
0
0
3897
3802
0
0
0
0
0
0
641
788
0
0
0
0
0
0
3124
2991
0
0
0
0
0
0
839
912
0
0
0
0
0
0
3618
3628
0
0
0
0
0
0
3932
3841
0
0
0
0
0
0
606
739
0
0
0
0
0
0
3168
3043
0
0
0
0
0
0
772
843
0
0
0
0
0
0
3652
3663
0
0
0
0
0
0
3942
3856
0
0
0
0
0
0
556
681
0
0
0
0
0
0
3220
3103
0
0
0
0
0
0
706
769
0
0
0
0
0
0
3655
3664
0
0
0
0
0
0
3923
3842
0
0
0
0
0
0
493
611
0
0
0
0
0
0
3277
3171
0
0
0
0
0
0
668
727
0
0
0
0
0
0
3707
3714
0
0
0
0
0
0
3945
3868
0
0
0
0
0
0
452
558
0
0
0
0
0
0
3317
3219
0
0
0
0
0
0
612
672
0
0
0
0
0
0
3753
3763
0
0
0
0
0
0
3988
3919
0
0
0
0
0
0
441
535
0
0
0
0
0
0
3358
3261
0
0
0
0
0
0
507
559
0
0
0
0
0
0
3712
3724
0
0
0
0
0
0
3959
3897
0
0
0
0
0
0
400
494
0
0
0
0
0
0
3453
3366
0
0
0
0
0
0
509
557
0
0
0
0
0
0
3777
3785
0
0
0
0
0
0
3977
3918
0
0
0
0
0
0
364
449
0
0
0
0
0
0
3503
3426
0
0
0
0
0
0
471
514
0
0
0
0
0
0
3806
3812
0
0
0
0
0
0
3977
3922
0
0
0
0
0
0
320
398
0
0
0
0
0
0
3538
3466
0
0
0
0
0
0
414
453
0
0
0
0
0
0
3813
3818
0
0
0
0
0
0
3973
3924
0
0
0
0
0
0
272
339
0
0
0
0
0
0
3555
3491
0
0
0
0
0
0
358
397
0
0
0
0
0
0
3849
3856
0
0
0
0
0
0
4006
3963
0
0
0
0
0
0
275
339
0
0
0
0
0
0
3644
3583
0
0
0
0
0
0
326
356
0
0
0
0
0
0
3843
3846
0
0
0
0
0
0
3976
3940
0
0
0
0
0
0
241
300
0
0
0
0
0
0
3708
3658
0
0
0
0
0
0
332
363
0
0
0
0
0
0
3920
3922
0
0
0
0
0
0
4022
3984
0
0
0
0
0
0
197
245
0
0
0
0
0
0
3692
3643
0
0
0
0
0
0
222
249
0
0
0
0
0
0
3880
3885
0
0
0
0
0
0
4004
3975
0
0
0
0
0
0
183
227
0
0
0
0
0
0
3756
3712
0
0
0
0
0
0
208
228
0
0
0
0
0
0
3894
3897
0
0
0
0
0
0
3994
3967
0
0
0
0
0
0
137
179
0
0
0
0
0
0
3795
3759
0
0
0
0
0
0
205
226
0
0
0
0
0
0
3956
3957
0
0
0
0
0
0
4026
4000
0
0
0
0
0
0
128
164
0
0
0
0
0
0
3834
3803
0
0
0
0
0
0
172
190
0
0
0
0
0
0
3968
3968
0
0
0
0
0
0
4021
3997
0
0
0
0
0
0
81
109
0
0
0
0
0
0
3836
3811
0
0
0
0
0
0
138
157
0
0
0
0
0
0
4002
4005
0
0
0
0
0
0
4061
4044
0
0
0
0
0
0
106
130
0
0
0
0
0
0
3895
3870
0
0
0
0
0
0
91
102
0
0
0
0
0
0
3950
3950
0
0
0
0
0
0
3994
3979
0
0
0
0
0
0
25
47
0
0
0
0
0
0
3884
3865
0
0
0
0
0
0
54
67
0
0
0
0
0
0
3985
3989
0
0
0
0
0
0
4045
4036
0
0
0
0
0
0
67
86
0
0
0
0
0
0
3970
3952
0
0
0
0
0
0
77
85
0
0
0
0
0
0
4014
4014
0
0
0
0
0
0
4037
4026
0
0
0
0
0
0
17
30
0
0
0
0
0
0
3945
3933
0
0
0
0
0
0
24
33
0
0
0
0
0
0
4010
4012
0
0
0
0
0
0
4043
4036
0
0
0
0
0
0
13
23
0
0
0
0
0
0
3979
3969
0
0
0
0
0
0
16
21
0
0
0
0
0
0
4024
4026
0
0
0
0
0
0
4060
4057
0
0
0
0
0
0
34
44
0
0
0
0
0
0
4041
4033
0
0
0
0
0
0
36
38
0
0
0
0
0
0
4044
4041
0
0
0
0
0
0
4036
4030
0
0
0
0
0
0
4069
4076
0
0
0
0
0
0
4009
4005
0
0
0
0
0
0
0
6
0
0
0
0
0
0
4067
4068
0
0
0
0
0
0
4078
4073
0
0
0
0
0
0
4089
4092
0
0
0
0
0
0
4031
4026
0
0
0
0
0
0
4070
4073
0
0
0
0
0
0
4048
4048
0
0
0
0
0
0
4056
4055
0
0
0
0
0
0
4077
4080
0
0
0
0
0
0
4051
4049
0
0
0
0
0
0
4080
4081
0
0
0
0
0
0
4064
4063
0
0
0
0
0
0
4062
4060
0
0
0
0
0
0
4065
4066
0
0
0
0
0
0
4047
4045
0
0
0
0
0
0
4058
4059
0
0
0
0
0
0
4058
4057
0
0
0
0
0
0
4057
4056
0
0
0
0
0
0
4061
4062
0
0
0
0
0
0
4059
4059
0
0
0
0
0
0
4066
4066
0
0
0
0
0
0
4067
4067
0
0
0
0
0
0
4068
4069
0
0
0
0
0
0
4070
4069
0
0
0
0
0
0
4065
4063
0
0
0
0
0
0
4057
4056
0
0
0
0
0
0
4052
4053
0
0
0
0
0
0
4058
4060
0
0
0
0
0
0
4077
4080
0
0
0
0
0
0
3
5
0
0
0
0
0
0
16
17
0
0
0
0
0
0
15
15
0
0
0
0
0
0
7
5
0
0
0
0
0
0
4093
4092
0
0
0
0
0
0
4088
4088
0
0
0
0
0
0
4089
4089
0
0
0
0
0
0
4093
4094
0
0
0
0
0
0
1
1
0
0
0
0
0
0
3
3
0
0
0
0
0
0
2
2
0
0
0
0
0
0
0
0
0
0
0
0
0
0
4095
4094
0
0
0
0
0
0
4094
4094
0
0
0
0
0
0
4094
4094
0
0
0
0
0
0
4095
4095
0
0
0
0
0
0
0
0
0
0
0
0
0
0
0
0
0
0
0
0
0
0
0
0
0
0
0
0
0
0
0
0
0
0
0
0
0
0
4095
4095
0
0
0
0
0
0
4095
4095
0
0
0
0
0
0
4095
4095
0
0
0
0
0
0
4095
0
0
0
0
0
0
0
0
0
0
0
0
0
0
0
0
0
0
0
0
0
0
0
0
0
0
0
0
0
0
0
4095
4095
0
0
0
0
0
0
4095
4095
0
0
0
0
0
0
4095
4095
0
0
0
0
0
0
4095
4095
0
0
0
0
0
0
0
0
0
0
0
0
0
0
0
0
0
0
0
0
0
0
0
0
0
0
0
0
0
0
0
0
0
0
0
0
0
0
4095
4095
0
0
0
0
0
0
4095
4095
0
0
0
0
0
0
4095
4095
0
0
0
0
0
0
4095
4095
0
0
0
0
0
0
0
0
0
0
0
0
0
0
0
0
0
0
0
0
0
0
0
0
0
0
0
0
0
0
0
0
0
0
0
0
0
0
4095
4095
0
0
0
0
0
0
4095
4095
0
0
0
0
0
0
4095
4095
0
0
0
0
0
0
4095
4095
0
0
0
0
0
0
0
0
0
0
0
0
0
0
0
0
0
0
0
0
0
0
0
0
0
0
0
0
0
0
0
0
0
0
0
0
0
0
0
0
0
0
0
0
0
0
4095
4095
0
0
0
0
0
0
0
0
0
0
0
0
0
0
4095
4095
0
0
0
0
0
0
0
0
0
0
0
0
0
0
0
0
0
0
0
0
0
0
0
0
0
0
0
0
0
0
0
0
0
0
0
0
0
0
0
0
0
0
0
0
0
0
4095
4095
0
0
0
0
0
0
0
0
0
0
0
0
0
0
4095
4095
0
0
0
0
0
0
0
0
0
0
0
0
0
0
0
0
0
0
0
0
0
0
0
0
0
0
0
0
0
0
0
0
0
0
0
0
0
0
0
0
0
0
0
0
0
0
4095
4095
0
0
0
0
0
0
0
0
0
0
0
0
0
0
4095
4095
0
0
0
0
0
0
0
0
0
0
0
0
0
0
0
0
0
0
0
0
0
0
0
0
0
0
0
0
0
0
0
0
0
0
0
0
0
0
0
0
0
0
0
0
0
0
4095
4095
0
0
0
0
0
0
0
0
0
0
0
0
0
0
4095
4095
0
0
0
0
0
0
0
0
0
0
0
0
0
0
0
0
0
0
0
0
0
0
0
0
0
0
0
0
0
0
0
0
0
0
0
0
0
0
0
0
0
0
0
0
0
0
4095
4095
0
0
0
0
0
0
0
0
0
0
0
0
0
0
4095
4095
0
0
0
0
0
0
0
0
0
0
0
0
0
0
0
0
0
0
0
0
0
0
0
0
0
0
0
0
0
0
0
0
0
0
0
0
0
0
0
0
0
0
0
0
0
0
4095
4095
0
0
0
0
0
0
0
0
0
0
0
0
0
0
4095
4095
0
0
0
0
0
0
0
0
0
0
0
0
0
0
0
0
0
0
0
0
0
0
0
0
0
0
0
0
0
0
0
0
0
0
0
0
0
0
0
0
0
0
0
0
0
0
4095
4095
0
0
0
0
0
0
0
0
0
0
0
0
0
0
4095
4095
0
0
0
0
0
0
0
0
0
0
0
0
0
0
0
0
0
0
0
0
0
0
0
0
0
0
0
0
0
0
0
0
0
0
0
0
0
0
0
0
0
0
0
0
0
0
4095
4095
0
0
0
0
0
0
0
0
0
0
0
0
0
0
4095
4095
0
0
0
0
0
0
0
0
0
0
0
0
0
0
0
0
0
0
0
0
0
0
0
0
0
0
0
0
0
0
0
0
0
0
0
0
0
0
0
0
0
0
0
0
0
0
4095
4095
0
0
0
0
0
0
0
0
0
0
0
0
0
0
4095
4095
0
0
0
0
0
0
0
0
0
0
0
0
0
0
0
0
0
0
0
0
0
0
0
0
0
0
0
0
0
0
0
0
0
0
0
0
0
0
0
0
0
0
0
0
0
0
4095
4095
0
0
0
0
0
0
0
0
0
0
0
0
0
0
4095
4095
0
0
0
0
0
0
0
0
0
0
0
0
0
0
0
0
0
0
0
0
0
0
0
0
0
0
0
0
0
0
0
0
0
0
0
0
0
0
0
0
0
0
0
0
0
0
4095
4095
0
0
0
0
0
0
0
0
0
0
0
0
0
0
4095
4095
0
0
0
0
0
0
0
0
0
0
0
0
0
0
0
0
0
0
0
0
0
0
0
0
0
0
0
0
0
0
0
0
0
0
0
0
0
0
0
0
0
0
0
0
0
0
4095
4095
0
0
0
0
0
0
0
0
0
0
0
0
0
0
4095
4095
0
0
0
0
0
0
0
0
0
0
0
0
0
0
0
0
0
0
0
0
0
0
0
0
0
0
0
0
0
0
0
0
0
0
0
0
0
0
0
0
0
0
0
0
0
0
4095
4095
0
0
0
0
0
0
0
0
0
0
0
0
0
0
4095
4095
0
0
0
0
0
0
0
0
0
0
0
0
0
0
0
0
0
0
0
0
0
0
0
0
0
0
0
0
0
0
0
0
0
0
0
0
0
0
0
0
0
0
0
0
0
0
4095
4095
0
0
0
0
0
0
0
0
0
0
0
0
0
0
4095
4095
0
0
0
0
0
0
0
0
0
0
0
0
0
0
0
0
0
0
0
0
0
0
0
0
0
0
0
0
0
0
0
0
0
0
0
0
0
0
0
0
0
0
0
0
0
0
4095
4095
0
0
0
0
0
0
0
0
0
0
0
0
0
0
4095
4095
0
0
0
0
0
0
0
0
0
0
0
0
0
0
0
0
0
0
0
0
0
0
0
0
0
0
0
0
0
0
0
0
0
0
0
0
0
0
0
0
0
0
0
0
0
0
4095
4095
0
0
0
0
0
0
0
0
0
0
0
0
0
0
4095
4095
0
0
0
0
0
0
0
0
0
0
0
0
0
0
0
0
0
0
0
0
0
0
0
0
0
0
0
0
0
0
0
0
0
0
0
0
0
0
0
0
0
0
0
0
0
0
4095
4095
0
0
0
0
0
0
0
0
0
0
0
0
0
0
4095
4095
0
0
0
0
0
0
0
0
0
0
0
0
0
0
0
0
0
0
0
0
0
0
0
0
0
0
0
0
0
0
0
0
0
0
0
0
0
0
0
0
0
0
0
0
0
0
4095
4095
0
0
0
0
0
0
0
0
0
0
0
0
0
0
4095
4095
0
0
0
0
0
0
0
0
0
0
0
0
0
0
0
0
0
0
0
0
0
0
0
0
0
0
0
0
0
0
0
0
0
0
0
0
0
0
0
0
0
0
0
0
0
0
4095
4095
0
0
0
0
0
0
0
0
0
0
0
0
0
0
4095
4095
0
0
0
0
0
0
0
0
0
0
0
0
0
0
0
0
0
0
0
0
0
0
0
0
0
0
0
0
0
0
0
0
0
0
0
0
0
0
0
0
0
0
0
0
0
0
4095
4095
0
0
0
0
0
0
0
0
0
0
0
0
0
0
4095
4095
0
0
0
0
0
0
0
0
0
0
0
0
0
0
0
0
0
0
0
0
0
0
0
0
0
0
0
0
0
0
0
0
0
0
0
0
0
0
0
0
0
0
0
0
0
0
4095
4095
0
0
0
0
0
0
0
0
0
0
0
0
0
0
4095
4095
0
0
0
0
0
0
0
0
0
0
0
0
0
0
0
0
0
0
0
0
0
0
0
0
0
0
0
0
0
0
0
0
0
0
0
0
0
0
0
0
0
0
0
0
0
0
4095
4095
0
0
0
0
0
0
0
0
0
0
0
0
0
0
4095
4095
0
0
0
0
0
0
0
0
0
0
0
0
0
0
0
0
0
0
0
0
0
0
0
0
0
0
0
0
0
0
0
0
0
0
0
0
0
0
0
0
0
0
0
0
0
0
4095
4095
0
0
0
0
0
0
0
0
0
0
0
0
0
0
4095
4095
0
0
0
0
0
0
0
0
0
0
0
0
0
0
0
0
0
0
0
0
0
0
0
0
0
0
0
0
0
0
0
0
0
0
0
0
0
0
0
0
0
0
0
0
0
0
4095
4095
0
0
0
0
0
0
0
0
0
0
0
0
0
0
4095
4095
0
0
0
0
0
0
0
0
0
0
0
0
0
0
0
0
0
0
0
0
0
0
0
0
0
0
0
0
0
0
0
0
0
0
0
0
0
0
0
0
0
0
0
0
0
0
4095
4095
0
0
0
0
0
0
0
0
0
0
0
0
0
0
4095
4095
0
0
0
0
0
0
0
0
0
0
0
0
0
0
0
0
0
0
0
0
0
0
0
0
0
0
0
0
0
0
0
0
0
0
0
0
0
0
0
0
0
0
0
0
0
0
4095
4095
0
0
0
0
0
0
0
0
0
0
0
0
0
0
4095
4095
0
0
0
0
0
0
0
0
0
0
0
0
0
0
0
0
0
0
0
0
0
0
0
0
0
0
0
0
0
0
0
0
0
0
0
0
0
0
0
0
0
0
0
0
0
0
4095
4095
0
0
0
0
0
0
0
0
0
0
0
0
0
0
4095
4095
0
0
0
0
0
0
0
0
0
0
0
0
0
0
0
0
0
0
0
0
0
0
0
0
0
0
0
0
0
0
0
0
0
0
0
0
0
0
0
0
0
0
0
0
0
0
4095
4095
0
0
0
0
0
0
0
0
0
0
0
0
0
0
4095
4095
0
0
0
0
0
0
0
0
0
0
0
0
0
0
0
0
0
0
0
0
0
0
0
0
0
0
0
0
0
0
0
0
0
0
0
0
0
0
0
0
0
0
0
0
0
0
4095
4095
0
0
0
0
0
0
0
0
0
0
0
0
0
0
4095
4095
0
0
0
0
0
0
0
0
0
0
0
0
0
0
0
0
0
0
0
0
0
0
0
0
0
0
0
0
0
0
0
0
0
0
0
0
0
0
0
0
0
0
0
0
0
0
4095
4095
0
0
0
0
0
0
0
0
0
0
0
0
0
0
4095
4095
0
0
0
0
0
0
0
0
0
0
0
0
0
0
0
0
0
0
0
0
0
0
0
0
0
0
0
0
0
0
0
0
0
0
0
0
0
0
0
0
0
0
0
0
0
0
4095
4095
0
0
0
0
0
0
0
0
0
0
0
0
0
0
4095
4095
0
0
0
0
0
0
0
0
0
0
0
0
0
0
0
0
0
0
0
0
0
0
0
0
0
0
0
0
0
0
0
0
0
0
0
0
0
0
0
0
0
0
0
0
0
0
4095
4095
0
0
0
0
0
0
0
0
0
0
0
0
0
0
4095
4095
0
0
0
0
0
0
0
0
0
0
0
0
0
0
0
0
0
0
0
0
0
0
0
0
0
0
0
0
0
0
0
0
0
0
0
0
0
0
0
0
0
0
0
0
0
0
4095
4095
0
0
0
0
0
0
0
0
0
0
0
0
0
0
4095
4095
0
0
0
0
0
0
0
0
0
0
0
0
0
0
0
0
0
0
0
0
0
0
0
0
0
0
0
0
0
0
0
0
0
0
0
0
0
0
0
0
0
0
0
0
0
0
4095
4095
0
0
0
0
0
0
0
0
0
0
0
0
0
0
4095
4095
0
0
0
0
0
0
0
0
0
0
0
0
0
0
0
0
0
0
0
0
0
0
0
0
0
0
0
0
0
0
0
0
0
0
0
0
0
0
0
0
0
0
0
0
0
0
4095
4095
0
0
0
0
0
0
0
0
0
0
0
0
0
0
4095
4095
0
0
0
0
0
0
0
0
0
0
0
0
0
0
0
0
0
0
0
0
0
0
0
0
0
0
0
0
0
0
0
0
0
0
0
0
0
0
0
0
0
0
0
0
0
0
4095
4095
0
0
0
0
0
0
0
0
0
0
0
0
0
0
4095
4095
0
0
0
0
0
0
0
0
0
0
0
0
0
0
0
0
0
0
0
0
0
0
0
0
0
0
0
0
0
0
0
0
0
0
0
0
0
0
0
0
0
0
0
0
0
0
4095
4095
0
0
0
0
0
0
0
0
0
0
0
0
0
0
4095
4095
0
0
0
0
0
0
0
0
0
0
0
0
0
0
0
0
0
0
0
0
0
0
0
0
0
0
0
0
0
0
0
0
0
0
0
0
0
0
0
0
0
0
0
0
0
0
4095
4095
0
0
0
0
0
0
0
0
0
0
0
0
0
0
4095
4095
0
0
0
0
0
0
0
0
0
0
0
0
0
0
0
0
0
0
0
0
0
0
0
0
0
0
0
0
0
0
0
0
0
0
0
0
0
0
0
0
0
0
0
0
0
0
4095
4095
0
0
0
0
0
0
0
0
0
0
0
0
0
0
4095
4095
0
0
0
0
0
0
0
0
0
0
0
0
0
0
0
0
0
0
0
0
0
0
0
0
0
0
0
0
0
0
0
0
0
0
0
0
0
0
0
0
0
0
0
0
0
0
4095
4095
0
0
0
0
0
0
0
0
0
0
0
0
0
0
4095
4095
0
0
0
0
0
0
0
0
0
0
0
0
0
0
0
0
0
0
0
0
0
0
0
0
0
0
0
0
0
0
0
0
0
0
0
0
0
0
0
0
0
0
0
0
0
0
4095
4095
0
0
0
0
0
0
0
0
0
0
0
0
0
0
4095
4095
0
0
0
0
0
0
0
0
0
0
0
0
0
0
0
0
0
0
0
0
0
0
0
0
0
0
0
0
0
0
0
0
0
0
0
0
0
0
0
0
0
0
0
0
0
0
4095
4095
0
0
0
0
0
0
0
0
0
0
0
0
0
0
4095
4095
0
0
0
0
0
0
0
0
0
0
0
0
0
0
0
0
0
0
0
0
0
0
0
0
0
0
0
0
0
0
0
0
0
0
0
0
0
0
0
0
0
0
0
0
0
0
4095
4095
0
0
0
0
0
0
0
0
0
0
0
0
0
0
4095
4095
0
0
0
0
0
0
0
0
0
0
0
0
0
0
0
0
0
0
0
0
0
0
0
0
0
0
0
0
0
0
0
0
0
0
0
0
0
0
0
0
0
0
0
0
0
0
4095
4095
0
0
0
0
0
0
0
0
0
0
0
0
0
0
4095
4095
0
0
0
0
0
0
0
0
0
0
0
0
0
0
0
0
0
0
0
0
0
0
0
0
0
0
0
0
0
0
0
0
0
0
0
0
0
0
0
0
0
0
0
0
0
0
4095
4095
0
0
0
0
0
0
0
0
0
0
0
0
0
0
4095
4095
0
0
0
0
0
0
0
0
0
0
0
0
0
0
0
0
0
0
0
0
0
0
0
0
0
0
0
0
0
0
0
0
0
0
0
0
0
0
0
0
0
0
0
0
0
0
4095
4095
0
0
0
0
0
0
0
0
0
0
0
0
0
0
4095
4095
0
0
0
0
0
0
0
0
0
0
0
0
0
0
0
0
0
0
0
0
0
0
0
0
0
0
0
0
0
0
0
0
0
0
0
0
0
0
0
0
0
0
0
0
0
0
4095
4095
0
0
0
0
0
0
0
0
0
0
0
0
0
0
4095
4095
0
0
0
0
0
0
0
0
0
0
0
0
0
0
0
0
0
0
0
0
0
0
0
0
0
0
0
0
0
0
0
0
0
0
0
0
0
0
0
0
0
0
0
0
0
0
4095
4095
0
0
0
0
0
0
0
0
0
0
0
0
0
0
4095
4095
0
0
0
0
0
0
0
0
0
0
0
0
0
0
0
0
0
0
0
0
0
0
0
0
0
0
0
0
0
0
0
0
0
0
0
0
0
0
0
0
0
0
0
0
0
0
4095
4095
0
0
0
0
0
0
0
0
0
0
0
0
0
0
4095
4095
0
0
0
0
0
0
0
0
0
0
0
0
0
0
0
0
0
0
0
0
0
0
0
0
0
0
0
0
0
0
0
0
0
0
0
0
0
0
0
0
0
0
0
0
0
0
4095
4095
0
0
0
0
0
0
0
0
0
0
0
0
0
0
4095
4095
0
0
0
0
0
0
0
0
0
0
0
0
0
0
0
0
0
0
0
0
0
0
0
0
0
0
0
0
0
0
0
0
0
0
0
0
0
0
0
0
0
0
0
0
0
0
4095
4095
0
0
0
0
0
0
0
0
0
0
0
0
0
0
4095
4095
0
0
0
0
0
0
0
0
0
0
0
0
0
0
0
0
0
0
0
0
0
0
0
0
0
0
0
0
0
0
0
0
0
0
0
0
0
0
0
0
0
0
0
0
0
0
4095
4095
0
0
0
0
0
0
0
0
0
0
0
0
0
0
4095
4095
0
0
0
0
0
0
0
0
0
0
0
0
0
0
0
0
0
0
0
0
0
0
0
0
0
0
0
0
0
0
0
0
0
0
0
0
0
0
0
0
0
0
0
0
0
0
4095
4095
0
0
0
0
0
0
0
0
0
0
0
0
0
0
4095
4095
0
0
0
0
0
0
0
0
0
0
0
0
0
0
0
0
0
0
0
0
0
0
0
0
0
0
0
0
0
0
0
0
0
0
0
0
0
0
0
0
0
0
0
0
0
0
4095
4095
0
0
0
0
0
0
0
0
0
0
0
0
0
0
4095
4095
0
0
0
0
0
0
0
0
0
0
0
0
0
0
0
0
0
0
0
0
0
0
0
0
0
0
0
0
0
0
0
0
0
0
0
0
0
0
0
0
0
0
0
0
0
0
4095
4095
0
0
0
0
0
0
0
0
0
0
0
0
0
0
4095
4095
0
0
0
0
0
0
0
0
0
0
0
0
0
0
0
0
0
0
0
0
0
0
0
0
0
0
0
0
0
0
0
0
0
0
0
0
0
0
0
0
0
0
0
0
0
0
4095
4095
0
0
0
0
0
0
0
0
0
0
0
0
0
0
4095
4095
0
0
0
0
0
0
0
0
0
0
0
0
0
0
0
0
0
0
0
0
0
0
0
0
0
0
0
0
0
0
0
0
0
0
0
0
0
0
0
0
0
0
0
0
0
0
4095
4095
0
0
0
0
0
0
0
0
0
0
0
0
0
0
4095
4095
0
0
0
0
0
0
0
0
0
0
0
0
0
0
0
0
0
0
0
0
0
0
0
0
0
0
0
0
0
0
0
0
0
0
0
0
0
0
0
0
0
0
0
0
0
0
4095
4095
0
0
0
0
0
0
0
0
0
0
0
0
0
0
4095
4095
0
0
0
0
0
0
0
0
0
0
0
0
0
0
0
0
0
0
0
0
0
0
0
0
0
0
0
0
0
0
0
0
0
0
0
0
0
0
0
0
0
0
0
0
0
0
4095
4095
0
0
0
0
0
0
0
0
0
0
0
0
0
0
4095
4095
0
0
0
0
0
0
0
0
0
0
0
0
0
0
0
0
0
0
0
0
0
0
0
0
0
0
0
0
0
0
0
0
0
0
0
0
0
0
0
0
0
0
0
0
0
0
4095
4095
0
0
0
0
0
0
0
0
0
0
0
0
0
0
4095
4095
0
0
0
0
0
0
0
0
0
0
0
0
0
0
0
0
0
0
0
0
0
0
0
0
0
0
0
0
0
0
0
0
0
0
0
0
0
0
0
0
0
0
0
0
0
0
4095
4095
0
0
0
0
0
0
0
0
0
0
0
0
0
0
4095
4095
0
0
0
0
0
0
0
0
0
0
0
0
0
0
0
0
0
0
0
0
0
0
0
0
0
0
0
0
0
0
0
0
0
0
0
0
0
0
0
0
0
0
0
0
0
0
4095
4095
0
0
0
0
0
0
0
0
0
0
0
0
0
0
4095
4095
0
0
0
0
0
0
0
0
0
0
0
0
0
0
0
0
0
0
0
0
0
0
0
0
0
0
0
0
0
0
0
0
0
0
0
0
0
0
0
0
0
0
0
0
0
0
4095
4095
0
0
0
0
0
0
0
0
0
0
0
0
0
0
4095
4095
0
0
0
0
0
0
0
0
0
0
0
0
0
0
0
0
0
0
0
0
0
0
0
0
0
0
0
0
0
0
0
0
0
0
0
0
0
0
0
0
0
0
0
0
0
0
4095
4095
0
0
0
0
0
0
0
0
0
0
0
0
0
0
4095
4095
0
0
0
0
0
0
0
0
0
0
0
0
0
0
0
0
0
0
0
0
0
0
0
0
0
0
0
0
0
0
0
0
0
0
0
0
0
0
0
0
0
0
0
0
0
0
4095
4095
0
0
0
0
0
0
0
0
0
0
0
0
0
0
4095
4095
0
0
0
0
0
0
0
0
0
0
0
0
0
0
0
0
0
0
0
0
0
0
0
0
0
0
0
0
0
0
0
0
0
0
0
0
0
0
0
0
0
0
0
0
0
0
4095
4095
0
0
0
0
0
0
0
0
0
0
0
0
0
0
4095
4095
0
0
0
0
0
0
0
0
0
0
0
0
0
0
0
0
0
0
0
0
0
0
0
0
0
0
0
0
0
0
0
0
0
0
0
0
0
0
0
0
0
0
0
0
0
0
4095
4095
0
0
0
0
0
0
0
0
0
0
0
0
0
0
4095
4095
0
0
0
0
0
0
0
0
0
0
0
0
0
0
0
0
0
0
0
0
0
0
0
0
0
0
0
0
0
0
0
0
0
0
0
0
0
0
0
0
0
0
0
0
0
0
4095
4095
0
0
0
0
0
0
0
0
0
0
0
0
0
0
4095
4095
0
0
0
0
0
0
0
0
0
0
0
0
0
0
0
0
0
0
0
0
0
0
0
0
0
0
0
0
0
0
0
0
0
0
0
0
0
0
0
0
0
0
0
0
0
0
4095
4095
0
0
0
0
0
0
0
0
0
0
0
0
0
0
4095
4095
0
0
0
0
0
0
0
0
0
0
0
0
0
0
0
0
0
0
0
0
0
0
0
0
0
0
0
0
0
0
0
0
0
0
0
0
0
0
0
0
0
0
0
0
0
0
4095
4095
0
0
0
0
0
0
0
0
0
0
0
0
0
0
4095
4095
0
0
0
0
0
0
0
0
0
0
0
0
0
0
0
0
0
0
0
0
0
0
0
0
0
0
0
0
0
0
0
0
0
0
0
0
0
0
0
0
0
0
0
0
0
0
4095
4095
0
0
0
0
0
0
0
0
0
0
0
0
0
0
4095
4095
0
0
0
0
0
0
0
0
0
0
0
0
0
0
0
0
0
0
0
0
0
0
0
0
0
0
0
0
0
0
0
0
0
0
0
0
0
0
0
0
0
0
0
0
0
0
4095
4095
0
0
0
0
0
0
0
0
0
0
0
0
0
0
4095
4095
0
0
0
0
0
0
0
0
0
0
0
0
0
0
0
0
0
0
0
0
0
0
0
0
0
0
0
0
0
0
0
0
0
0
0
0
0
0
0
0
0
0
0
0
0
0
4095
4095
0
0
0
0
0
0
0
0
0
0
0
0
0
0
4095
4095
0
0
0
0
0
0
0
0
0
0
0
0
0
0
0
0
0
0
0
0
0
0
0
0
0
0
0
0
0
0
0
0
0
0
0
0
0
0
0
0
0
0
0
0
0
0
4095
4095
0
0
0
0
0
0
0
0
0
0
0
0
0
0
4095
4095
0
0
0
0
0
0
0
0
0
0
0
0
0
0
0
0
0
0
0
0
0
0
0
0
0
0
0
0
0
0
0
0
0
0
0
0
0
0
0
0
0
0
0
0
0
0
4095
4095
0
0
0
0
0
0
0
0
0
0
0
0
0
0
4095
4095
0
0
0
0
0
0
0
0
0
0
0
0
0
0
0
0
0
0
0
0
0
0
0
0
0
0
0
0
0
0
0
0
0
0
0
0
0
0
0
0
0
0
0
0
0
0
4095
4095
0
0
0
0
0
0
0
0
0
0
0
0
0
0
4095
4095
0
0
0
0
0
0
0
0
0
0
0
0
0
0
0
0
0
0
0
0
0
0
0
0
0
0
0
0
0
0
0
0
0
0
0
0
0
0
0
0
0
0
0
0
0
0
4095
4095
0
0
0
0
0
0
0
0
0
0
0
0
0
0
4095
4095
0
0
0
0
0
0
0
0
0
0
0
0
0
0
0
0
0
0
0
0
0
0
0
0
0
0
0
0
0
0
0
0
0
0
0
0
0
0
0
0
0
0
0
0
0
0
4095
4095
0
0
0
0
0
0
0
0
0
0
0
0
0
0
4095
4095
0
0
0
0
0
0
0
0
0
0
0
0
0
0
0
0
0
0
0
0
0
0
0
0
0
0
0
0
0
0
0
0
0
0
0
0
0
0
0
0
0
0
0
0
0
0
4095
4095
0
0
0
0
0
0
0
0
0
0
0
0
0
0
4095
4095
0
0
0
0
0
0
0
0
0
0
0
0
0
0
0
0
0
0
0
0
0
0
0
0
0
0
0
0
0
0
0
0
0
0
0
0
0
0
0
0
0
0
0
0
0
0
4095
4095
0
0
0
0
0
0
0
0
0
0
0
0
0
0
4095
4095
0
0
0
0
0
0
0
0
0
0
0
0
0
0
0
0
0
0
0
0
0
0
0
0
0
0
0
0
0
0
0
0
0
0
0
0
0
0
0
0
0
0
0
0
0
0
4095
4095
0
0
0
0
0
0
0
0
0
0
0
0
0
0
4095
4095
0
0
0
0
0
0
0
0
0
0
0
0
0
0
0
0
0
0
0
0
0
0
0
0
0
0
0
0
0
0
0
0
0
0
0
0
0
0
0
0
0
0
0
0
0
0
4095
4095
0
0
0
0
0
0
0
0
0
0
0
0
0
0
4095
4095
0
0
0
0
0
0
0
0
0
0
0
0
0
0
0
0
0
0
0
0
0
0
0
0
0
0
0
0
0
0
0
0
0
0
0
0
0
0
0
0
0
0
0
0
0
0
4095
4095
0
0
0
0
0
0
0
0
0
0
0
0
0
0
4095
4095
0
0
0
0
0
0
0
0
0
0
0
0
0
0
0
0
0
0
0
0
0
0
0
0
0
0
0
0
0
0
0
0
0
0
0
0
0
0
0
0
0
0
0
0
0
0
4095
4095
0
0
0
0
0
0
0
0
0
0
0
0
0
0
4095
4095
0
0
0
0
0
0
0
0
0
0
0
0
0
0
0
0
0
0
0
0
0
0
0
0
0
0
0
0
0
0
0
0
0
0
0
0
0
0
0
0
0
0
0
0
0
0
4095
4095
0
0
0
0
0
0
0
0
0
0
0
0
0
0
4095
4095
0
0
0
0
0
0
0
0
0
0
0
0
0
0
0
0
0
0
0
0
0
0
0
0
0
0
0
0
0
0
0
0
0
0
0
0
0
0
0
0
0
0
0
0
0
0
4095
4095
0
0
0
0
0
0
0
0
0
0
0
0
0
0
4095
4095
0
0
0
0
0
0
0
0
0
0
0
0
0
0
0
0
0
0
0
0
0
0
0
0
0
0
0
0
0
0
0
0
0
0
0
0
0
0
0
0
0
0
0
0
0
0
4095
4095
0
0
0
0
0
0
0
0
0
0
0
0
0
0
4095
4095
0
0
0
0
0
0
0
0
0
0
0
0
0
0
0
0
0
0
0
0
0
0
0
0
0
0
0
0
0
0
0
0
0
0
0
0
0
0
0
0
0
0
0
0
0
0
4095
4095
0
0
0
0
0
0
0
0
0
0
0
0
0
0
4095
4095
0
0
0
0
0
0
0
0
0
0
0
0
0
0
0
0
0
0
0
0
0
0
0
0
0
0
0
0
0
0
0
0
0
0
0
0
0
0
0
0
0
0
0
0
0
0
4095
4095
0
0
0
0
0
0
0
0
0
0
0
0
0
0
4095
4095
0
0
0
0
0
0
0
0
0
0
0
0
0
0
0
0
0
0
0
0
0
0
0
0
0
0
0
0
0
0
0
0
0
0
0
0
0
0
0
0
0
0
0
0
0
0
4095
4095
0
0
0
0
0
0
0
0
0
0
0
0
0
0
4095
4095
0
0
0
0
0
0
0
0
0
0
0
0
0
0
0
0
0
0
0
0
0
0
0
0
0
0
0
0
0
0
0
0
0
0
0
0
0
0
0
0
0
0
0
0
0
0
4095
4095
0
0
0
0
0
0
0
0
0
0
0
0
0
0
4095
4095
0
0
0
0
0
0
0
0
0
0
0
0
0
0
0
0
0
0
0
0
0
0
0
0
0
0
0
0
0
0
0
0
0
0
0
0
0
0
0
0
0
0
0
0
0
0
4095
4095
0
0
0
0
0
0
0
0
0
0
0
0
0
0
4095
4095
0
0
0
0
0
0
0
0
0
0
0
0
0
0
0
0
0
0
0
0
0
0
0
0
0
0
0
0
0
0
0
0
0
0
0
0
0
0
0
0
0
0
0
0
0
0
4095
4095
0
0
0
0
0
0
0
0
0
0
0
0
0
0
4095
4095
0
0
0
0
0
0
0
0
0
0
0
0
0
0
0
0
0
0
0
0
0
0
0
0
0
0
0
0
0
0
0
0
0
0
0
0
0
0
0
0
0
0
0
0
0
0
4095
4095
0
0
0
0
0
0
0
0
0
0
0
0
0
0
4095
4095
0
0
0
0
0
0
0
0
0
0
0
0
0
0
0
0
0
0
0
0
0
0
0
0
0
0
0
0
0
0
0
0
0
0
0
0
0
0
0
0
0
0
0
0
0
0
4095
4095
0
0
0
0
0
0
0
0
0
0
0
0
0
0
4095
4095
0
0
0
0
0
0
0
0
0
0
0
0
0
0
0
0
0
0
0
0
0
0
0
0
0
0
0
0
0
0
0
0
0
0
0
0
0
0
0
0
0
0
0
0
0
0
4095
4095
0
0
0
0
0
0
0
0
0
0
0
0
0
0
4095
4095
0
0
0
0
0
0
0
0
0
0
0
0
0
0
0
0
0
0
0
0
0
0
0
0
0
0
0
0
0
0
0
0
0
0
0
0
0
0
0
0
0
0
0
0
0
0
4095
4095
0
0
0
0
0
0
0
0
0
0
0
0
0
0
4095
4095
0
0
0
0
0
0
0
0
0
0
0
0
0
0
0
0
0
0
0
0
0
0
0
0
0
0
0
0
0
0
0
0
0
0
0
0
0
0
0
0
0
0
0
0
0
0
4095
4095
0
0
0
0
0
0
0
0
0
0
0
0
0
0
4095
4095
0
0
0
0
0
0
0
0
0
0
0
0
0
0
0
0
0
0
0
0
0
0
0
0
0
0
0
0
0
0
0
0
0
0
0
0
0
0
0
0
0
0
0
0
0
0
4095
4095
0
0
0
0
0
0
0
0
0
0
0
0
0
0
4095
4095
0
0
0
0
0
0
0
0
0
0
0
0
0
0
0
0
0
0
0
0
0
0
0
0
0
0
0
0
0
0
0
0
0
0
0
0
0
0
0
0
0
0
0
0
0
0
4095
4095
0
0
0
0
0
0
0
0
0
0
0
0
0
0
4095
4095
0
0
0
0
0
0
0
0
0
0
0
0
0
0
0
0
0
0
0
0
0
0
0
0
0
0
0
0
0
0
0
0
0
0
0
0
0
0
0
0
0
0
0
0
0
0
4095
4095
0
0
0
0
0
0
0
0
0
0
0
0
0
0
4095
4095
0
0
0
0
0
0
0
0
0
0
0
0
0
0
0
0
0
0
0
0
0
0
0
0
0
0
0
0
0
0
0
0
0
0
0
0
0
0
0
0
0
0
0
0
0
0
4095
4095
0
0
0
0
0
0
0
0
0
0
0
0
0
0
4095
4095
0
0
0
0
0
0
0
0
0
0
0
0
0
0
0
0
0
0
0
0
0
0
0
0
0
0
0
0
0
0
0
0
0
0
0
0
0
0
0
0
0
0
0
0
0
0
4095
4095
0
0
0
0
0
0
0
0
0
0
0
0
0
0
4095
4095
0
0
0
0
0
0
0
0
0
0
0
0
0
0
0
0
0
0
0
0
0
0
0
0
0
0
0
0
0
0
0
0
0
0
0
0
0
0
0
0
0
0
0
0
0
0
4095
4095
0
0
0
0
0
0
0
0
0
0
0
0
0
0
4095
4095
0
0
0
0
0
0
0
0
0
0
0
0
0
0
0
0
0
0
0
0
0
0
0
0
0
0
0
0
0
0
0
0
0
0
0
0
0
0
0
0
0
0
0
0
0
0
4095
4095
0
0
0
0
0
0
0
0
0
0
0
0
0
0
4095
4095
0
0
0
0
0
0
0
0
0
0
0
0
0
0
0
0
0
0
0
0
0
0
0
0
0
0
0
0
0
0
0
0
0
0
0
0
0
0
0
0
0
0
0
0
0
0
4095
4095
0
0
0
0
0
0
0
0
0
0
0
0
0
0
4095
4095
0
0
0
0
0
0
0
0
0
0
0
0
0
0
0
0
0
0
0
0
0
0
0
0
0
0
0
0
0
0
0
0
0
0
0
0
0
0
0
0
0
0
0
0
0
0
4095
4095
0
0
0
0
0
0
0
0
0
0
0
0
0
0
4095
4095
0
0
0
0
0
0
0
0
0
0
0
0
0
0
0
0
0
0
0
0
0
0
0
0
0
0
0
0
0
0
0
0
0
0
0
0
0
0
0
0
0
0
0
0
0
0
4095
4095
0
0
0
0
0
0
0
0
0
0
0
0
0
0
4095
4095
0
0
0
0
0
0
0
0
0
0
0
0
0
0
0
0
0
0
0
0
0
0
0
0
0
0
0
0
0
0
0
0
0
0
0
0
0
0
0
0
0
0
0
0
0
0
4095
4095
0
0
0
0
0
0
0
0
0
0
0
0
0
0
4095
4095
0
0
0
0
0
0
0
0
0
0
0
0
0
0
0
0
0
0
0
0
0
0
0
0
0
0
0
0
0
0
0
0
0
0
0
0
0
0
0
0
0
0
0
0
0
0
4095
4095
0
0
0
0
0
0
0
0
0
0
0
0
0
0
4095
4095
0
0
0
0
0
0
0
0
0
0
0
0
0
0
0
0
0
0
0
0
0
0
0
0
0
0
0
0
0
0
0
0
0
0
0
0
0
0
0
0
0
0
0
0
0
0
4095
4095
0
0
0
0
0
0
0
0
0
0
0
0
0
0
4095
4095
0
0
0
0
0
0
0
0
0
0
0
0
0
0
0
0
0
0
0
0
0
0
0
0
0
0
0
0
0
0
0
0
0
0
0
0
0
0
0
0
0
0
0
0
0
0
4095
4095
0
0
0
0
0
0
0
0
0
0
0
0
0
0
4095
4095
0
0
0
0
0
0
0
0
0
0
0
0
0
0
0
0
0
0
0
0
0
0
0
0
0
0
0
0
0
0
0
0
0
0
0
0
0
0
0
0
0
0
0
0
0
0
4095
4095
0
0
0
0
0
0
0
0
0
0
0
0
0
0
4095
4095
0
0
0
0
0
0
0
0
0
0
0
0
0
0
0
0
0
0
0
0
0
0
0
0
0
0
0
0
0
0
0
0
0
0
0
0
0
0
0
0
0
0
0
0
0
0
4095
4095
0
0
0
0
0
0
0
0
0
0
0
0
0
0
4095
4095
0
0
0
0
0
0
0
0
0
0
0
0
0
0
0
0
0
0
0
0
0
0
0
0
0
0
0
0
0
0
0
0
0
0
0
0
0
0
0
0
0
0
0
0
0
0
4095
4095
0
0
0
0
0
0
0
0
0
0
0
0
0
0
4095
4095
0
0
0
0
0
0
0
0
0
0
0
0
0
0
0
0
0
0
0
0
0
0
0
0
0
0
0
0
0
0
0
0
0
0
0
0
0
0
0
0
0
0
0
0
0
0
4095
4095
0
0
0
0
0
0
0
0
0
0
0
0
0
0
4095
4095
0
0
0
0
0
0
0
0
0
0
0
0
0
0
0
0
0
0
0
0
0
0
0
0
0
0
0
0
0
0
0
0
0
0
0
0
0
0
0
0
0
0
0
0
0
0
