0
0
0
0
0
0
0
0
0
0
0
0
0
0
0
0
0
0
0
0
0
0
0
0
0
0
0
0
0
0
0
0
0
0
0
0
0
0
0
0
0
0
0
0
0
0
0
0
0
0
0
0
0
0
0
0
0
0
0
0
0
0
0
0
0
0
0
0
0
0
0
0
0
0
0
0
0
0
0
0
0
0
0
0
0
0
0
0
0
0
0
0
0
0
0
0
0
0
0
0
0
0
0
0
0
0
0
0
0
0
0
0
0
0
0
0
0
0
0
0
0
0
0
0
0
0
0
0
0
0
0
0
0
0
0
0
0
0
0
0
0
0
0
0
0
0
0
0
0
0
0
0
0
0
0
0
0
0
0
0
0
0
0
0
0
0
0
0
0
0
0
0
0
0
0
0
0
0
0
0
0
0
0
0
0
0
0
0
0
0
0
0
0
0
0
0
0
0
0
0
0
0
0
0
0
0
0
0
0
0
0
0
0
0
0
0
0
0
0
0
0
0
0
0
0
0
0
0
0
0
0
0
0
0
0
0
0
0
0
0
0
0
0
0
0
0
0
0
0
0
0
0
0
0
0
0
0
0
0
0
0
0
0
0
0
0
0
0
0
0
0
0
0
0
0
0
0
0
0
0
4093
4093
0
0
0
0
0
0
4093
4093
0
0
0
0
0
0
4090
4090
0
0
0
0
0
0
4089
4090
0
0
0
0
0
0
4089
4089
0
0
0
0
0
0
4087
4087
0
0
0
0
0
0
4084
4086
0
0
0
0
0
0
4083
4084
0
0
0
0
0
0
4080
4081
0
0
0
0
0
0
4079
4081
0
0
0
0
0
0
4076
4077
0
0
0
0
0
0
4075
4077
0
0
0
0
0
0
4072
4074
0
0
0
0
0
0
4070
4072
0
0
0
0
0
0
4069
4073
0
0
0
0
0
0
4070
4073
0
0
0
0
0
0
4070
4073
0
0
0
0
0
0
4070
4073
0
0
0
0
0
0
4070
4073
0
0
0
0
0
0
4070
4073
0
0
0
0
0
0
4073
4077
0
0
0
0
0
0
4076
4079
0
0
0
0
0
0
4079
4081
0
0
0
0
0
0
4085
4086
0
0
0
0
0
0
4090
4091
0
0
0
0
0
0
4094
0
0
0
0
0
0
0
5
7
0
0
0
0
0
0
14
14
0
0
0
0
0
0
21
19
0
0
0
0
0
0
29
28
0
0
0
0
0
0
36
35
0
0
0
0
0
0
46
41
0
0
0
0
0
0
52
49
0
0
0
0
0
0
61
55
0
0
0
0
0
0
67
60
0
0
0
0
0
0
72
67
0
0
0
0
0
0
79
73
0
0
0
0
0
0
84
75
0
0
0
0
0
0
84
75
0
0
0
0
0
0
88
78
0
0
0
0
0
0
87
78
0
0
0
0
0
0
85
75
0
0
0
0
0
0
81
72
0
0
0
0
0
0
77
67
0
0
0
0
0
0
70
61
0
0
0
0
0
0
62
52
0
0
0
0
0
0
50
42
0
0
0
0
0
0
38
31
0
0
0
0
0
0
24
18
0
0
0
0
0
0
9
4
0
0
0
0
0
0
4089
4085
0
0
0
0
0
0
4070
4069
0
0
0
0
0
0
4052
4052
0
0
0
0
0
0
4034
4036
0
0
0
0
0
0
4014
4019
0
0
0
0
0
0
3995
4001
0
0
0
0
0
0
3976
3987
0
0
0
0
0
0
3961
3972
0
0
0
0
0
0
3945
3959
0
0
0
0
0
0
3931
3947
0
0
0
0
0
0
3920
3937
0
0
0
0
0
0
3910
3929
0
0
0
0
0
0
3904
3922
0
0
0
0
0
0
3900
3921
0
0
0
0
0
0
3897
3920
0
0
0
0
0
0
3900
3922
0
0
0
0
0
0
3905
3928
0
0
0
0
0
0
3915
3938
0
0
0
0
0
0
3929
3950
0
0
0
0
0
0
3944
3964
0
0
0
0
0
0
3964
3983
0
0
0
0
0
0
3987
4005
0
0
0
0
0
0
4012
4027
0
0
0
0
0
0
4042
4054
0
0
0
0
0
0
4072
4081
0
0
0
0
0
0
8
13
0
0
0
0
0
0
42
45
0
0
0
0
0
0
77
75
0
0
0
0
0
0
110
105
0
0
0
0
0
0
145
136
0
0
0
0
0
0
178
165
0
0
0
0
0
0
209
193
0
0
0
0
0
0
239
220
0
0
0
0
0
0
265
242
0
0
0
0
0
0
289
260
0
0
0
0
0
0
307
277
0
0
0
0
0
0
322
290
0
0
0
0
0
0
332
296
0
0
0
0
0
0
336
298
0
0
0
0
0
0
336
299
0
0
0
0
0
0
330
292
0
0
0
0
0
0
317
279
0
0
0
0
0
0
299
262
0
0
0
0
0
0
277
240
0
0
0
0
0
0
248
213
0
0
0
0
0
0
212
181
0
0
0
0
0
0
175
147
0
0
0
0
0
0
130
105
0
0
0
0
0
0
82
64
0
0
0
0
0
0
33
18
0
0
0
0
0
0
4076
4067
0
0
0
0
0
0
4021
4018
0
0
0
0
0
0
3966
3969
0
0
0
0
0
0
3912
3922
0
0
0
0
0
0
3859
3873
0
0
0
0
0
0
3807
3828
0
0
0
0
0
0
3758
3785
0
0
0
0
0
0
3714
3747
0
0
0
0
0
0
3675
3713
0
0
0
0
0
0
3642
3684
0
0
0
0
0
0
3612
3660
0
0
0
0
0
0
3592
3644
0
0
0
0
0
0
3580
3634
0
0
0
0
0
0
3573
3630
0
0
0
0
0
0
3578
3636
0
0
0
0
0
0
3588
3648
0
0
0
0
0
0
3608
3667
0
0
0
0
0
0
3638
3696
0
0
0
0
0
0
3676
3730
0
0
0
0
0
0
3718
3772
0
0
0
0
0
0
3773
3821
0
0
0
0
0
0
3833
3875
0
0
0
0
0
0
3897
3933
0
0
0
0
0
0
3968
3997
0
0
0
0
0
0
4042
4065
0
0
0
0
0
0
24
37
0
0
0
0
0
0
102
108
0
0
0
0
0
0
181
177
0
0
0
0
0
0
260
247
0
0
0
0
0
0
337
314
0
0
0
0
0
0
408
379
0
0
0
0
0
0
477
438
0
0
0
0
0
0
539
492
0
0
0
0
0
0
593
540
0
0
0
0
0
0
640
579
0
0
0
0
0
0
678
611
0
0
0
0
0
0
706
633
0
0
0
0
0
0
721
645
0
0
0
0
0
0
727
647
0
0
0
0
0
0
719
637
0
0
0
0
0
0
703
619
0
0
0
0
0
0
672
590
0
0
0
0
0
0
630
551
0
0
0
0
0
0
576
501
0
0
0
0
0
0
513
442
0
0
0
0
0
0
439
374
0
0
0
0
0
0
355
299
0
0
0
0
0
0
266
217
0
0
0
0
0
0
169
129
0
0
0
0
0
0
68
38
0
0
0
0
0
0
4058
4039
0
0
0
0
0
0
3951
3944
0
0
0
0
0
0
3844
3850
0
0
0
0
0
0
3739
3757
0
0
0
0
0
0
3637
3666
0
0
0
0
0
0
3540
3581
0
0
0
0
0
0
3451
3503
0
0
0
0
0
0
3368
3433
0
0
0
0
0
0
3296
3370
0
0
0
0
0
0
3235
3319
0
0
0
0
0
0
3187
3278
0
0
0
0
0
0
3154
3253
0
0
0
0
0
0
3134
3238
0
0
0
0
0
0
3129
3236
0
0
0
0
0
0
3140
3248
0
0
0
0
0
0
3165
3274
0
0
0
0
0
0
3207
3315
0
0
0
0
0
0
3264
3370
0
0
0
0
0
0
3334
3436
0
0
0
0
0
0
3419
3513
0
0
0
0
0
0
3517
3603
0
0
0
0
0
0
3625
3701
0
0
0
0
0
0
3746
3810
0
0
0
0
0
0
3870
3922
0
0
0
0
0
0
4001
4040
0
0
0
0
0
0
41
66
0
0
0
0
0
0
179
190
0
0
0
0
0
0
318
312
0
0
0
0
0
0
452
430
0
0
0
0
0
0
582
545
0
0
0
0
0
0
705
654
0
0
0
0
0
0
820
753
0
0
0
0
0
0
922
841
0
0
0
0
0
0
1012
918
0
0
0
0
0
0
1089
984
0
0
0
0
0
0
1148
1031
0
0
0
0
0
0
1188
1064
0
0
0
0
0
0
1212
1082
0
0
0
0
0
0
1215
1080
0
0
0
0
0
0
1200
1063
0
0
0
0
0
0
1166
1027
0
0
0
0
0
0
1111
975
0
0
0
0
0
0
1039
907
0
0
0
0
0
0
947
822
0
0
0
0
0
0
840
723
0
0
0
0
0
0
717
611
0
0
0
0
0
0
581
487
0
0
0
0
0
0
432
352
0
0
0
0
0
0
275
211
0
0
0
0
0
0
110
62
0
0
0
0
0
0
4038
4006
0
0
0
0
0
0
3866
3855
0
0
0
0
0
0
3696
3705
0
0
0
0
0
0
3531
3558
0
0
0
0
0
0
3369
3417
0
0
0
0
0
0
3220
3285
0
0
0
0
0
0
3080
3163
0
0
0
0
0
0
2956
3056
0
0
0
0
0
0
2847
2964
0
0
0
0
0
0
2755
2885
0
0
0
0
0
0
2685
2828
0
0
0
0
0
0
2637
2789
0
0
0
0
0
0
2611
2771
0
0
0
0
0
0
2607
2772
0
0
0
0
0
0
2626
2796
0
0
0
0
0
0
2671
2841
0
0
0
0
0
0
2739
2906
0
0
0
0
0
0
2830
2991
0
0
0
0
0
0
2941
3094
0
0
0
0
0
0
3072
3215
0
0
0
0
0
0
3223
3353
0
0
0
0
0
0
3389
3503
0
0
0
0
0
0
3568
3665
0
0
0
0
0
0
3758
3836
0
0
0
0
0
0
3955
4014
0
0
0
0
0
0
65
102
0
0
0
0
0
0
269
283
0
0
0
0
0
0
472
463
0
0
0
0
0
0
669
638
0
0
0
0
0
0
862
805
0
0
0
0
0
0
1040
963
0
0
0
0
0
0
1206
1107
0
0
0
0
0
0
1353
1234
0
0
0
0
0
0
1481
1343
0
0
0
0
0
0
1588
1434
0
0
0
0
0
0
1671
1502
0
0
0
0
0
0
1725
1544
0
0
0
0
0
0
1755
1565
0
0
0
0
0
0
1758
1561
0
0
0
0
0
0
1732
1532
0
0
0
0
0
0
1677
1477
0
0
0
0
0
0
1595
1399
0
0
0
0
0
0
1488
1297
0
0
0
0
0
0
1356
1175
0
0
0
0
0
0
1198
1029
0
0
0
0
0
0
1021
869
0
0
0
0
0
0
824
689
0
0
0
0
0
0
612
499
0
0
0
0
0
0
389
298
0
0
0
0
0
0
157
89
0
0
0
0
0
0
4015
3971
0
0
0
0
0
0
3775
3760
0
0
0
0
0
0
3538
3549
0
0
0
0
0
0
3307
3345
0
0
0
0
0
0
3086
3150
0
0
0
0
0
0
2879
2969
0
0
0
0
0
0
2687
2804
0
0
0
0
0
0
2517
2656
0
0
0
0
0
0
2370
2531
0
0
0
0
0
0
2248
2429
0
0
0
0
0
0
2154
2351
0
0
0
0
0
0
2091
2302
0
0
0
0
0
0
2059
2280
0
0
0
0
0
0
2059
2287
0
0
0
0
0
0
2091
2321
0
0
0
0
0
0
2155
2385
0
0
0
0
0
0
2251
2478
0
0
0
0
0
0
2377
2596
0
0
0
0
0
0
2531
2740
0
0
0
0
0
0
2713
2905
0
0
0
0
0
0
2916
3093
0
0
0
0
0
0
3144
3299
0
0
0
0
0
0
3386
3517
0
0
0
0
0
0
3643
3749
0
0
0
0
0
0
3911
3988
0
0
0
0
0
0
87
134
0
0
0
0
0
0
360
379
0
0
0
0
0
0
631
618
0
0
0
0
0
0
893
850
0
0
0
0
0
0
1146
1072
0
0
0
0
0
0
1381
1277
0
0
0
0
0
0
1594
1463
0
0
0
0
0
0
1788
1629
0
0
0
0
0
0
1954
1771
0
0
0
0
0
0
2092
1887
0
0
0
0
0
0
2195
1972
0
0
0
0
0
0
2264
2026
0
0
0
0
0
0
2300
2050
0
0
0
0
0
0
2299
2041
0
0
0
0
0
0
2260
2000
0
0
0
0
0
0
2187
1925
0
0
0
0
0
0
2077
1820
0
0
0
0
0
0
1932
1684
0
0
0
0
0
0
1757
1523
0
0
0
0
0
0
1551
1332
0
0
0
0
0
0
1320
1122
0
0
0
0
0
0
1064
889
0
0
0
0
0
0
790
643
0
0
0
0
0
0
502
383
0
0
0
0
0
0
202
115
0
0
0
0
0
0
3993
3939
0
0
0
0
0
0
3686
3665
0
0
0
0
0
0
3384
3398
0
0
0
0
0
0
3092
3141
0
0
0
0
0
0
2811
2894
0
0
0
0
0
0
2548
2665
0
0
0
0
0
0
2309
2457
0
0
0
0
0
0
2094
2273
0
0
0
0
0
0
1913
2117
0
0
0
0
0
0
1761
1991
0
0
0
0
0
0
1648
1897
0
0
0
0
0
0
1572
1837
0
0
0
0
0
0
1534
1813
0
0
0
0
0
0
1537
1825
0
0
0
0
0
0
1583
1873
0
0
0
0
0
0
1666
1956
0
0
0
0
0
0
1789
2075
0
0
0
0
0
0
1951
2225
0
0
0
0
0
0
2145
2406
0
0
0
0
0
0
2374
2616
0
0
0
0
0
0
2632
2850
0
0
0
0
0
0
2915
3108
0
0
0
0
0
0
3218
3381
0
0
0
0
0
0
3537
3667
0
0
0
0
0
0
3867
3964
0
0
0
0
0
0
106
167
0
0
0
0
0
0
445
468
0
0
0
0
0
0
777
762
0
0
0
0
0
0
1099
1044
0
0
0
0
0
0
1405
1314
0
0
0
0
0
0
1692
1564
0
0
0
0
0
0
1952
1790
0
0
0
0
0
0
2184
1989
0
0
0
0
0
0
2385
2160
0
0
0
0
0
0
2547
2297
0
0
0
0
0
0
2670
2398
0
0
0
0
0
0
2752
2462
0
0
0
0
0
0
2790
2486
0
0
0
0
0
0
2784
2472
0
0
0
0
0
0
2735
2419
0
0
0
0
0
0
2642
2326
0
0
0
0
0
0
2505
2195
0
0
0
0
0
0
2329
2030
0
0
0
0
0
0
2115
1832
0
0
0
0
0
0
1865
1603
0
0
0
0
0
0
1584
1346
0
0
0
0
0
0
1276
1066
0
0
0
0
0
0
947
771
0
0
0
0
0
0
601
460
0
0
0
0
0
0
242
138
0
0
0
0
0
0
3973
3908
0
0
0
0
0
0
3610
3585
0
0
0
0
0
0
3250
3267
0
0
0
0
0
0
2903
2962
0
0
0
0
0
0
2572
2670
0
0
0
0
0
0
2262
2401
0
0
0
0
0
0
1982
2158
0
0
0
0
0
0
1733
1943
0
0
0
0
0
0
1519
1762
0
0
0
0
0
0
1345
1615
0
0
0
0
0
0
1214
1509
0
0
0
0
0
0
1128
1442
0
0
0
0
0
0
1088
1417
0
0
0
0
0
0
1096
1434
0
0
0
0
0
0
1151
1492
0
0
0
0
0
0
1254
1594
0
0
0
0
0
0
1402
1735
0
0
0
0
0
0
1592
1913
0
0
0
0
0
0
1824
2128
0
0
0
0
0
0
2093
2373
0
0
0
0
0
0
2393
2648
0
0
0
0
0
0
2725
2949
0
0
0
0
0
0
3078
3267
0
0
0
0
0
0
3449
3601
0
0
0
0
0
0
3831
3943
0
0
0
0
0
0
124
194
0
0
0
0
0
0
514
539
0
0
0
0
0
0
894
877
0
0
0
0
0
0
1264
1201
0
0
0
0
0
0
1617
1511
0
0
0
0
0
0
1944
1796
0
0
0
0
0
0
2241
2054
0
0
0
0
0
0
2505
2282
0
0
0
0
0
0
2729
2472
0
0
0
0
0
0
2914
2627
0
0
0
0
0
0
3050
2739
0
0
0
0
0
0
3140
2808
0
0
0
0
0
0
3179
2833
0
0
0
0
0
0
3170
2814
0
0
0
0
0
0
3111
2750
0
0
0
0
0
0
2999
2641
0
0
0
0
0
0
2842
2490
0
0
0
0
0
0
2639
2299
0
0
0
0
0
0
2393
2072
0
0
0
0
0
0
2108
1812
0
0
0
0
0
0
1789
1521
0
0
0
0
0
0
1439
1204
0
0
0
0
0
0
1065
867
0
0
0
0
0
0
675
517
0
0
0
0
0
0
271
155
0
0
0
0
0
0
3959
3887
0
0
0
0
0
0
3550
3522
0
0
0
0
0
0
3148
3167
0
0
0
0
0
0
2761
2828
0
0
0
0
0
0
2392
2504
0
0
0
0
0
0
2049
2205
0
0
0
0
0
0
1738
1934
0
0
0
0
0
0
1463
1699
0
0
0
0
0
0
1229
1500
0
0
0
0
0
0
1039
1341
0
0
0
0
0
0
898
1224
0
0
0
0
0
0
805
1153
0
0
0
0
0
0
765
1129
0
0
0
0
0
0
777
1152
0
0
0
0
0
0
842
1219
0
0
0
0
0
0
958
1334
0
0
0
0
0
0
1123
1492
0
0
0
0
0
0
1337
1691
0
0
0
0
0
0
1595
1930
0
0
0
0
0
0
1892
2203
0
0
0
0
0
0
2226
2507
0
0
0
0
0
0
2591
2839
0
0
0
0
0
0
2980
3188
0
0
0
0
0
0
3387
3553
0
0
0
0
0
0
3806
3929
0
0
0
0
0
0
136
212
0
0
0
0
0
0
560
589
0
0
0
0
0
0
975
956
0
0
0
0
0
0
1378
1310
0
0
0
0
0
0
1759
1644
0
0
0
0
0
0
2112
1952
0
0
0
0
0
0
2434
2229
0
0
0
0
0
0
2717
2473
0
0
0
0
0
0
2957
2678
0
0
0
0
0
0
3152
2840
0
0
0
0
0
0
3296
2959
0
0
0
0
0
0
3390
3032
0
0
0
0
0
0
3430
3054
0
0
0
0
0
0
3416
3032
0
0
0
0
0
0
3348
2959
0
0
0
0
0
0
3226
2840
0
0
0
0
0
0
3054
2674
0
0
0
0
0
0
2832
2467
0
0
0
0
0
0
2566
2222
0
0
0
0
0
0
2258
1938
0
0
0
0
0
0
1913
1625
0
0
0
0
0
0
1538
1285
0
0
0
0
0
0
1138
925
0
0
0
0
0
0
721
550
0
0
0
0
0
0
290
164
0
0
0
0
0
0
3949
3873
0
0
0
0
0
0
3515
3487
0
0
0
0
0
0
3089
3110
0
0
0
0
0
0
2678
2750
0
0
0
0
0
0
2290
2409
0
0
0
0
0
0
1930
2094
0
0
0
0
0
0
1603
1811
0
0
0
0
0
0
1314
1563
0
0
0
0
0
0
1069
1355
0
0
0
0
0
0
872
1190
0
0
0
0
0
0
727
1072
0
0
0
0
0
0
633
999
0
0
0
0
0
0
595
978
0
0
0
0
0
0
610
1003
0
0
0
0
0
0
681
1079
0
0
0
0
0
0
806
1201
0
0
0
0
0
0
984
1371
0
0
0
0
0
0
1211
1582
0
0
0
0
0
0
1483
1834
0
0
0
0
0
0
1796
2121
0
0
0
0
0
0
2146
2440
0
0
0
0
0
0
2530
2787
0
0
0
0
0
0
2935
3152
0
0
0
0
0
0
3360
3532
0
0
0
0
0
0
3796
3923
0
0
0
0
0
0
141
219
0
0
0
0
0
0
580
610
0
0
0
0
0
0
1010
990
0
0
0
0
0
0
1425
1355
0
0
0
0
0
0
1818
1699
0
0
0
0
0
0
2181
2014
0
0
0
0
0
0
2509
2299
0
0
0
0
0
0
2799
2548
0
0
0
0
0
0
3044
2756
0
0
0
0
0
0
3241
2921
0
0
0
0
0
0
3386
3039
0
0
0
0
0
0
3479
3110
0
0
0
0
0
0
3516
3131
0
0
0
0
0
0
3498
3103
0
0
0
0
0
0
3425
3026
0
0
0
0
0
0
3297
2901
0
0
0
0
0
0
3117
2730
0
0
0
0
0
0
2888
2517
0
0
0
0
0
0
2614
2263
0
0
0
0
0
0
2299
1974
0
0
0
0
0
0
1947
1653
0
0
0
0
0
0
1563
1306
0
0
0
0
0
0
1156
941
0
0
0
0
0
0
731
558
0
0
0
0
0
0
292
166
0
0
0
0
0
0
3949
3871
0
0
0
0
0
0
3509
3479
0
0
0
0
0
0
3080
3101
0
0
0
0
0
0
2667
2738
0
0
0
0
0
0
2275
2395
0
0
0
0
0
0
1914
2081
0
0
0
0
0
0
1589
1799
0
0
0
0
0
0
1301
1552
0
0
0
0
0
0
1057
1345
0
0
0
0
0
0
863
1182
0
0
0
0
0
0
719
1066
0
0
0
0
0
0
629
997
0
0
0
0
0
0
595
978
0
0
0
0
0
0
614
1007
0
0
0
0
0
0
688
1085
0
0
0
0
0
0
816
1210
0
0
0
0
0
0
996
1382
0
0
0
0
0
0
1225
1594
0
0
0
0
0
0
1499
1848
0
0
0
0
0
0
1812
2135
0
0
0
0
0
0
2161
2453
0
0
0
0
0
0
2542
2798
0
0
0
0
0
0
2947
3161
0
0
0
0
0
0
3367
3538
0
0
0
0
0
0
3799
3925
0
0
0
0
0
0
141
217
0
0
0
0
0
0
572
601
0
0
0
0
0
0
996
975
0
0
0
0
0
0
1403
1333
0
0
0
0
0
0
1786
1669
0
0
0
0
0
0
2142
1978
0
0
0
0
0
0
2463
2257
0
0
0
0
0
0
2745
2498
0
0
0
0
0
0
2981
2699
0
0
0
0
0
0
3172
2857
0
0
0
0
0
0
3311
2971
0
0
0
0
0
0
3398
3037
0
0
0
0
0
0
3429
3053
0
0
0
0
0
0
3410
3025
0
0
0
0
0
0
3335
2947
0
0
0
0
0
0
3208
2821
0
0
0
0
0
0
3031
2653
0
0
0
0
0
0
2804
2443
0
0
0
0
0
0
2536
2194
0
0
0
0
0
0
2226
1911
0
0
0
0
0
0
1884
1600
0
0
0
0
0
0
1512
1263
0
0
0
0
0
0
1116
907
0
0
0
0
0
0
705
539
0
0
0
0
0
0
283
161
0
0
0
0
0
0
3954
3879
0
0
0
0
0
0
3532
3504
0
0
0
0
0
0
3120
3139
0
0
0
0
0
0
2723
2792
0
0
0
0
0
0
2350
2465
0
0
0
0
0
0
2006
2166
0
0
0
0
0
0
1696
1897
0
0
0
0
0
0
1423
1664
0
0
0
0
0
0
1194
1470
0
0
0
0
0
0
1010
1316
0
0
0
0
0
0
877
1207
0
0
0
0
0
0
793
1145
0
0
0
0
0
0
764
1131
0
0
0
0
0
0
786
1162
0
0
0
0
0
0
861
1238
0
0
0
0
0
0
984
1359
0
0
0
0
0
0
1159
1526
0
0
0
0
0
0
1378
1729
0
0
0
0
0
0
1638
1969
0
0
0
0
0
0
1939
2244
0
0
0
0
0
0
2271
2545
0
0
0
0
0
0
2631
2872
0
0
0
0
0
0
3013
3215
0
0
0
0
0
0
3410
3570
0
0
0
0
0
0
3818
3936
0
0
0
0
0
0
131
204
0
0
0
0
0
0
536
564
0
0
0
0
0
0
933
915
0
0
0
0
0
0
1313
1248
0
0
0
0
0
0
1671
1561
0
0
0
0
0
0
2001
1848
0
0
0
0
0
0
2297
2104
0
0
0
0
0
0
2557
2327
0
0
0
0
0
0
2776
2512
0
0
0
0
0
0
2951
2657
0
0
0
0
0
0
3076
2759
0
0
0
0
0
0
3154
2818
0
0
0
0
0
0
3181
2830
0
0
0
0
0
0
3159
2800
0
0
0
0
0
0
3086
2726
0
0
0
0
0
0
2966
2607
0
0
0
0
0
0
2797
2448
0
0
0
0
0
0
2586
2251
0
0
0
0
0
0
2335
2021
0
0
0
0
0
0
2049
1759
0
0
0
0
0
0
1733
1472
0
0
0
0
0
0
1388
1159
0
0
0
0
0
0
1024
831
0
0
0
0
0
0
646
493
0
0
0
0
0
0
257
147
0
0
0
0
0
0
3965
3896
0
0
0
0
0
0
3581
3555
0
0
0
0
0
0
3203
3222
0
0
0
0
0
0
2844
2908
0
0
0
0
0
0
2505
2610
0
0
0
0
0
0
2194
2340
0
0
0
0
0
0
1913
2097
0
0
0
0
0
0
1667
1887
0
0
0
0
0
0
1465
1714
0
0
0
0
0
0
1299
1578
0
0
0
0
0
0
1183
1483
0
0
0
0
0
0
1111
1429
0
0
0
0
0
0
1088
1419
0
0
0
0
0
0
1112
1450
0
0
0
0
0
0
1181
1522
0
0
0
0
0
0
1297
1634
0
0
0
0
0
0
1455
1785
0
0
0
0
0
0
1655
1971
0
0
0
0
0
0
1893
2190
0
0
0
0
0
0
2162
2435
0
0
0
0
0
0
2462
2709
0
0
0
0
0
0
2786
3001
0
0
0
0
0
0
3128
3309
0
0
0
0
0
0
3484
3627
0
0
0
0
0
0
3846
3952
0
0
0
0
0
0
116
181
0
0
0
0
0
0
475
500
0
0
0
0
0
0
828
811
0
0
0
0
0
0
1162
1104
0
0
0
0
0
0
1479
1381
0
0
0
0
0
0
1770
1635
0
0
0
0
0
0
2030
1858
0
0
0
0
0
0
2258
2053
0
0
0
0
0
0
2447
2214
0
0
0
0
0
0
2599
2341
0
0
0
0
0
0
2706
2428
0
0
0
0
0
0
2772
2475
0
0
0
0
0
0
2792
2485
0
0
0
0
0
0
2768
2453
0
0
0
0
0
0
2701
2385
0
0
0
0
0
0
2594
2280
0
0
0
0
0
0
2443
2138
0
0
0
0
0
0
2257
1964
0
0
0
0
0
0
2036
1761
0
0
0
0
0
0
1785
1530
0
0
0
0
0
0
1504
1276
0
0
0
0
0
0
1205
1007
0
0
0
0
0
0
888
721
0
0
0
0
0
0
559
426
0
0
0
0
0
0
223
128
0
0
0
0
0
0
3983
3924
0
0
0
0
0
0
3649
3628
0
0
0
0
0
0
3328
3344
0
0
0
0
0
0
3017
3072
0
0
0
0
0
0
2727
2817
0
0
0
0
0
0
2461
2586
0
0
0
0
0
0
2222
2381
0
0
0
0
0
0
2015
2205
0
0
0
0
0
0
1842
2057
0
0
0
0
0
0
1704
1943
0
0
0
0
0
0
1609
1866
0
0
0
0
0
0
1551
1823
0
0
0
0
0
0
1533
1816
0
0
0
0
0
0
1556
1845
0
0
0
0
0
0
1618
1907
0
0
0
0
0
0
1719
2006
0
0
0
0
0
0
1857
2138
0
0
0
0
0
0
2030
2298
0
0
0
0
0
0
2231
2484
0
0
0
0
0
0
2463
2695
0
0
0
0
0
0
2717
2927
0
0
0
0
0
0
2992
3175
0
0
0
0
0
0
3280
3434
0
0
0
0
0
0
3581
3702
0
0
0
0
0
0
3888
3976
0
0
0
0
0
0
97
151
0
0
0
0
0
0
399
419
0
0
0
0
0
0
692
678
0
0
0
0
0
0
971
921
0
0
0
0
0
0
1232
1150
0
0
0
0
0
0
1473
1359
0
0
0
0
0
0
1686
1544
0
0
0
0
0
0
1874
1704
0
0
0
0
0
0
2029
1835
0
0
0
0
0
0
2150
1935
0
0
0
0
0
0
2237
2005
0
0
0
0
0
0
2288
2042
0
0
0
0
0
0
2302
2048
0
0
0
0
0
0
2279
2019
0
0
0
0
0
0
2221
1961
0
0
0
0
0
0
2129
1872
0
0
0
0
0
0
2003
1752
0
0
0
0
0
0
1846
1607
0
0
0
0
0
0
1665
1440
0
0
0
0
0
0
1458
1249
0
0
0
0
0
0
1228
1041
0
0
0
0
0
0
980
818
0
0
0
0
0
0
722
586
0
0
0
0
0
0
453
346
0
0
0
0
0
0
180
101
0
0
0
0
0
0
4004
3956
0
0
0
0
0
0
3736
3718
0
0
0
0
0
0
3474
3488
0
0
0
0
0
0
3226
3271
0
0
0
0
0
0
2993
3067
0
0
0
0
0
0
2780
2882
0
0
0
0
0
0
2592
2719
0
0
0
0
0
0
2427
2580
0
0
0
0
0
0
2292
2466
0
0
0
0
0
0
2185
2376
0
0
0
0
0
0
2112
2317
0
0
0
0
0
0
2068
2285
0
0
0
0
0
0
2058
2283
0
0
0
0
0
0
2077
2307
0
0
0
0
0
0
2130
2362
0
0
0
0
0
0
2214
2443
0
0
0
0
0
0
2325
2548
0
0
0
0
0
0
2465
2676
0
0
0
0
0
0
2627
2826
0
0
0
0
0
0
2811
2995
0
0
0
0
0
0
3012
3177
0
0
0
0
0
0
3229
3372
0
0
0
0
0
0
3457
3577
0
0
0
0
0
0
3692
3788
0
0
0
0
0
0
3933
4002
0
0
0
0
0
0
75
117
0
0
0
0
0
0
310
326
0
0
0
0
0
0
537
525
0
0
0
0
0
0
753
715
0
0
0
0
0
0
953
890
0
0
0
0
0
0
1138
1050
0
0
0
0
0
0
1302
1191
0
0
0
0
0
0
1444
1313
0
0
0
0
0
0
1561
1410
0
0
0
0
0
0
1651
1486
0
0
0
0
0
0
1714
1536
0
0
0
0
0
0
1751
1562
0
0
0
0
0
0
1757
1564
0
0
0
0
0
0
1738
1540
0
0
0
0
0
0
1690
1492
0
0
0
0
0
0
1618
1421
0
0
0
0
0
0
1519
1328
0
0
0
0
0
0
1398
1217
0
0
0
0
0
0
1257
1086
0
0
0
0
0
0
1099
941
0
0
0
0
0
0
925
784
0
0
0
0
0
0
737
614
0
0
0
0
0
0
542
439
0
0
0
0
0
0
339
259
0
0
0
0
0
0
135
76
0
0
0
0
0
0
4026
3991
0
0
0
0
0
0
3827
3813
0
0
0
0
0
0
3633
3643
0
0
0
0
0
0
3451
3483
0
0
0
0
0
0
3278
3334
0
0
0
0
0
0
3124
3199
0
0
0
0
0
0
2985
3080
0
0
0
0
0
0
2866
2978
0
0
0
0
0
0
2769
2898
0
0
0
0
0
0
2693
2835
0
0
0
0
0
0
2641
2792
0
0
0
0
0
0
2612
2772
0
0
0
0
0
0
2606
2773
0
0
0
0
0
0
2626
2795
0
0
0
0
0
0
2669
2836
0
0
0
0
0
0
2731
2898
0
0
0
0
0
0
2814
2975
0
0
0
0
0
0
2916
3070
0
0
0
0
0
0
3036
3179
0
0
0
0
0
0
3171
3304
0
0
0
0
0
0
3318
3437
0
0
0
0
0
0
3476
3579
0
0
0
0
0
0
3640
3726
0
0
0
0
0
0
3809
3877
0
0
0
0
0
0
3978
4027
0
0
0
0
0
0
51
81
0
0
0
0
0
0
218
229
0
0
0
0
0
0
380
371
0
0
0
0
0
0
530
502
0
0
0
0
0
0
670
625
0
0
0
0
0
0
796
735
0
0
0
0
0
0
912
835
0
0
0
0
0
0
1009
917
0
0
0
0
0
0
1087
982
0
0
0
0
0
0
1148
1032
0
0
0
0
0
0
1189
1065
0
0
0
0
0
0
1212
1081
0
0
0
0
0
0
1214
1079
0
0
0
0
0
0
1197
1060
0
0
0
0
0
0
1162
1025
0
0
0
0
0
0
1109
973
0
0
0
0
0
0
1038
907
0
0
0
0
0
0
955
830
0
0
0
0
0
0
855
739
0
0
0
0
0
0
745
638
0
0
0
0
0
0
623
529
0
0
0
0
0
0
496
414
0
0
0
0
0
0
364
295
0
0
0
0
0
0
227
173
0
0
0
0
0
0
89
49
0
0
0
0
0
0
4049
4025
0
0
0
0
0
0
3917
3908
0
0
0
0
0
0
3787
3795
0
0
0
0
0
0
3665
3689
0
0
0
0
0
0
3554
3591
0
0
0
0
0
0
3453
3504
0
0
0
0
0
0
3365
3428
0
0
0
0
0
0
3287
3361
0
0
0
0
0
0
3226
3310
0
0
0
0
0
0
3179
3271
0
0
0
0
0
0
3148
3248
0
0
0
0
0
0
3133
3235
0
0
0
0
0
0
3130
3238
0
0
0
0
0
0
3147
3256
0
0
0
0
0
0
3176
3284
0
0
0
0
0
0
3219
3326
0
0
0
0
0
0
3276
3379
0
0
0
0
0
0
3343
3441
0
0
0
0
0
0
3421
3513
0
0
0
0
0
0
3508
3593
0
0
0
0
0
0
3603
3678
0
0
0
0
0
0
3704
3769
0
0
0
0
0
0
3807
3862
0
0
0
0
0
0
3914
3956
0
0
0
0
0
0
4022
4053
0
0
0
0
0
0
33
51
0
0
0
0
0
0
135
141
0
0
0
0
0
0
233
228
0
0
0
0
0
0
325
308
0
0
0
0
0
0
409
382
0
0
0
0
0
0
487
449
0
0
0
0
0
0
555
506
0
0
0
0
0
0
611
554
0
0
0
0
0
0
657
594
0
0
0
0
0
0
692
621
0
0
0
0
0
0
714
639
0
0
0
0
0
0
724
646
0
0
0
0
0
0
723
641
0
0
0
0
0
0
710
628
0
0
0
0
0
0
687
605
0
0
0
0
0
0
652
572
0
0
0
0
0
0
611
533
0
0
0
0
0
0
559
484
0
0
0
0
0
0
498
430
0
0
0
0
0
0
432
369
0
0
0
0
0
0
361
306
0
0
0
0
0
0
285
237
0
0
0
0
0
0
207
167
0
0
0
0
0
0
129
98
0
0
0
0
0
0
48
26
0
0
0
0
0
0
4067
4054
0
0
0
0
0
0
3992
3988
0
0
0
0
0
0
3921
3925
0
0
0
0
0
0
3854
3867
0
0
0
0
0
0
3793
3814
0
0
0
0
0
0
3738
3767
0
0
0
0
0
0
3691
3727
0
0
0
0
0
0
3651
3692
0
0
0
0
0
0
3619
3666
0
0
0
0
0
0
3596
3647
0
0
0
0
0
0
3582
3636
0
0
0
0
0
0
3576
3633
0
0
0
0
0
0
3577
3636
0
0
0
0
0
0
3588
3647
0
0
0
0
0
0
3606
3665
0
0
0
0
0
0
3631
3687
0
0
0
0
0
0
3663
3717
0
0
0
0
0
0
3701
3753
0
0
0
0
0
0
3744
3791
0
0
0
0
0
0
3790
3834
0
0
0
0
0
0
3841
3880
0
0
0
0
0
0
3893
3928
0
0
0
0
0
0
3949
3976
0
0
0
0
0
0
4002
4025
0
0
0
0
0
0
4057
4073
0
0
0
0
0
0
15
24
0
0
0
0
0
0
65
70
0
0
0
0
0
0
115
112
0
0
0
0
0
0
159
151
0
0
0
0
0
0
199
185
0
0
0
0
0
0
235
218
0
0
0
0
0
0
267
243
0
0
0
0
0
0
292
264
0
0
0
0
0
0
311
281
0
0
0
0
0
0
326
292
0
0
0
0
0
0
333
298
0
0
0
0
0
0
335
298
0
0
0
0
0
0
333
295
0
0
0
0
0
0
324
286
0
0
0
0
0
0
312
274
0
0
0
0
0
0
295
257
0
0
0
0
0
0
273
239
0
0
0
0
0
0
248
214
0
0
0
0
0
0
220
188
0
0
0
0
0
0
189
161
0
0
0
0
0
0
156
132
0
0
0
0
0
0
124
103
0
0
0
0
0
0
89
70
0
0
0
0
0
0
53
39
0
0
0
0
0
0
19
10
0
0
0
0
0
0
4083
4077
0
0
0
0
0
0
4052
4050
0
0
0
0
0
0
4024
4025
0
0
0
0
0
0
3996
4001
0
0
0
0
0
0
3971
3980
0
0
0
0
0
0
3950
3963
0
0
0
0
0
0
3933
3947
0
0
0
0
0
0
3919
3936
0
0
0
0
0
0
3909
3928
0
0
0
0
0
0
3902
3921
0
0
0
0
0
0
3900
3921
0
0
0
0
0
0
3899
3921
0
0
0
0
0
0
3901
3924
0
0
0
0
0
0
3907
3929
0
0
0
0
0
0
3915
3938
0
0
0
0
0
0
3927
3948
0
0
0
0
0
0
3940
3961
0
0
0
0
0
0
3955
3974
0
0
0
0
0
0
3972
3990
0
0
0
0
0
0
3990
4005
0
0
0
0
0
0
4009
4022
0
0
0
0
0
0
4027
4038
0
0
0
0
0
0
4046
4054
0
0
0
0
0
0
4064
4072
0
0
0
0
0
0
4083
4087
0
0
0
0
0
0
2
5
0
0
0
0
0
0
18
19
0
0
0
0
0
0
33
33
0
0
0
0
0
0
45
43
0
0
0
0
0
0
57
53
0
0
0
0
0
0
67
61
0
0
0
0
0
0
75
68
0
0
0
0
0
0
81
73
0
0
0
0
0
0
85
77
0
0
0
0
0
0
86
77
0
0
0
0
0
0
87
78
0
0
0
0
0
0
85
75
0
0
0
0
0
0
83
74
0
0
0
0
0
0
81
71
0
0
0
0
0
0
76
67
0
0
0
0
0
0
70
61
0
0
0
0
0
0
64
54
0
0
0
0
0
0
54
48
0
0
0
0
0
0
48
40
0
0
0
0
0
0
38
33
0
0
0
0
0
0
32
26
0
0
0
0
0
0
23
18
0
0
0
0
0
0
15
12
0
0
0
0
0
0
7
7
0
0
0
0
0
0
2
1
0
0
0
0
0
0
4092
4090
0
0
0
0
0
0
4085
4084
0
0
0
0
0
0
4081
4081
0
0
0
0
0
0
4078
4078
0
0
0
0
0
0
4074
4077
0
0
0
0
0
0
4071
4074
0
0
0
0
0
0
4069
4072
0
0
0
0
0
0
4069
4072
0
0
0
0
0
0
4070
4073
0
0
0
0
0
0
4070
4073
0
0
0
0
0
0
4070
4073
0
0
0
0
0
0
4070
4073
0
0
0
0
0
0
4072
4075
0
0
0
0
0
0
4075
4078
0
0
0
0
0
0
4075
4078
0
0
0
0
0
0
4079
4081
0
0
0
0
0
0
4079
4081
0
0
0
0
0
0
4082
4084
0
0
0
0
0
0
4085
4087
0
0
0
0
0
0
4086
4088
0
0
0
0
0
0
4088
4090
0
0
0
0
0
0
4090
4091
0
0
0
0
0
0
4091
4091
0
0
0
0
0
0
4093
4094
0
0
0
0
0
0
4093
4093
0
0
0
0
0
0
0
0
0
0
0
0
0
0
0
0
0
0
0
0
0
0
0
4095
0
0
0
0
0
0
4095
4095
0
0
0
0
0
0
4095
4095
0
0
0
0
0
0
4095
0
0
0
0
0
0
0
0
0
0
0
0
0
0
0
0
0
0
0
0
0
0
0
0
0
0
0
0
0
0
0
0
0
0
0
0
0
0
0
0
0
0
0
0
0
0
0
0
0
0
0
0
0
0
0
0
0
0
0
0
0
0
0
0
0
0
0
0
0
0
0
0
0
0
0
0
0
0
0
0
0
0
0
0
0
0
0
0
0
0
0
0
0
0
0
0
0
0
0
0
0
0
0
0
0
0
0
0
0
0
0
0
0
0
0
0
0
0
0
0
0
0
0
0
0
0
0
0
0
0
0
0
0
0
0
0
0
0
0
0
0
0
0
0
0
0
0
0
0
0
0
0
0
0
0
0
0
0
0
0
0
0
0
0
0
0
0
0
0
0
0
0
0
0
0
0
0
0
0
0
0
0
0
0
0
0
0
0
0
0
0
0
0
0
0
0
0
0
0
0
0
0
0
0
0
0
0
0
0
0
0
0
0
0
0
0
0
0
0
0
0
0
0
0
0
0
0
0
0
0
0
0
0
0
0
0
0
0
0
0
0
0
0
0
0
0
0
0
0
0
0
0
0
0
0
0
0
0
0
0
0
0
0
0
0
0
0
0
0
0
0
0
0
0
0
0
0
0
0
0
0
0
0
0
0
0
0
0
0
0
0
0
0
0
0
0
0
0
0
0
0
0
0
0
0
0
0
0
0
0
0
0
0
0
0
0
0
0
0
0
0
0
0
0
0
0
0
0
0
0
0
0
0
0
0
0
0
0
0
0
0
0
0
0
0
0
0
0
0
0
0
0
0
0
0
0
0
0
0
0
0
0
0
0
0
0
0
0
0
0
0
0
0
0
0
0
0
0
0
0
0
0
0
0
0
0
0
0
0
0
0
0
0
0
0
0
0
0
0
0
0
0
0
0
0
0
0
0
0
0
0
0
0
0
0
0
0
0
0
0
0
0
0
0
0
0
0
0
0
0
0
0
0
0
0
0
0
0
0
0
0
0
0
0
0
0
0
0
0
0
0
0
0
0
0
0
0
0
0
0
0
0
0
0
0
0
0
0
0
0
0
0
0
0
0
0
0
0
0
0
0
0
0
0
0
0
0
0
0
0
0
0
0
0
0
0
0
0
0
0
0
0
0
0
0
0
0
0
0
0
0
0
0
0
0
0
0
0
0
0
0
0
0
0
0
0
0
0
0
0
0
0
0
0
0
0
0
0
0
0
0
0
0
0
0
0
0
0
0
0
0
0
0
0
0
0
0
0
0
0
0
0
0
0
0
0
0
0
0
0
0
0
0
0
0
0
0
0
0
0
0
0
0
0
0
0
0
0
0
0
0
0
0
0
0
0
0
0
0
0
0
0
0
0
0
0
0
0
0
0
0
0
0
0
0
0
0
0
0
0
0
0
0
0
0
0
0
0
0
0
0
0
0
0
0
0
0
0
0
0
0
0
0
0
0
0
0
0
0
0
0
0
0
0
0
0
0
0
0
0
0
0
0
0
0
0
0
0
0
0
0
0
0
0
0
0
0
0
0
0
0
0
0
0
0
0
0
0
0
0
0
0
0
0
0
0
0
0
0
0
0
0
0
0
0
0
0
0
0
0
0
0
0
0
0
0
0
0
0
0
0
0
0
0
0
0
0
0
0
0
0
0
0
0
0
0
0
0
0
0
0
0
0
0
0
0
0
0
0
0
0
0
0
0
0
0
0
0
0
0
0
0
0
0
0
0
0
0
0
0
0
0
0
0
0
0
0
0
0
0
0
0
0
0
0
0
0
0
0
0
0
0
0
0
0
0
0
0
0
0
0
0
0
0
0
0
0
0
0
0
0
0
0
0
0
0
0
0
0
0
0
0
0
0
0
0
0
0
0
0
0
0
0
0
0
0
0
0
0
0
0
0
0
0
0
0
0
0
0
0
0
0
0
0
0
0
0
0
0
0
0
0
0
0
0
0
0
0
0
0
0
0
0
0
0
0
0
0
0
0
0
0
0
0
0
0
0
0
0
0
0
0
0
0
0
0
0
0
0
0
0
0
0
0
0
0
0
0
0
0
0
0
0
0
0
0
0
0
0
0
0
0
0
0
0
0
0
0
0
0
0
0
0
0
0
0
0
0
0
0
0
0
0
0
0
0
0
0
0
0
0
0
0
0
0
0
0
0
0
0
0
0
0
0
0
0
0
0
0
0
0
0
0
0
0
0
0
0
0
0
0
0
0
0
0
0
0
0
0
0
0
0
0
0
0
0
0
0
0
0
0
0
0
0
0
0
0
0
0
0
0
0
0
0
0
0
0
0
0
0
0
0
0
0
0
0
0
0
0
0
0
0
0
0
0
0
0
0
0
0
0
0
0
0
0
0
0
0
0
0
0
0
0
0
0
0
0
0
0
0
0
0
0
0
0
0
0
0
0
0
0
0
0
0
0
0
0
0
0
0
0
0
0
0
0
0
0
0
0
0
0
0
0
0
0
0
0
0
0
0
0
0
0
0
0
0
0
0
0
0
0
0
0
0
0
0
0
0
0
0
0
0
0
0
0
0
0
0
0
0
0
0
0
0
0
0
0
0
0
0
0
0
0
0
0
0
0
0
0
0
0
0
0
0
0
0
0
0
0
0
0
0
0
0
0
0
0
0
0
0
0
0
0
0
0
0
0
0
0
0
0
0
0
0
0
0
0
0
0
0
0
0
0
0
0
0
0
0
0
0
0
0
0
0
0
0
0
0
0
0
0
0
0
0
0
0
0
0
0
0
0
0
0
0
0
0
0
0
0
0
0
0
0
0
0
0
0
0
0
0
0
0
0
0
0
0
0
0
0
0
0
0
0
0
0
0
0
0
0
0
0
0
0
0
0
0
0
0
0
0
0
0
0
0
0
0
0
0
0
0
0
0
0
0
0
0
0
0
0
0
0
0
0
0
0
0
0
0
0
0
0
0
0
0
0
0
0
0
0
0
0
0
0
0
0
0
0
0
0
0
0
0
0
0
0
0
0
0
0
0
0
0
0
0
0
0
0
0
0
0
0
0
0
0
0
0
0
0
0
0
0
0
0
0
0
0
0
0
0
0
0
0
0
0
0
0
0
0
0
0
0
0
0
0
0
0
0
0
0
0
0
0
0
0
0
0
0
0
0
0
0
0
0
0
0
0
0
0
0
0
0
0
0
0
0
0
0
0
0
0
0
0
0
0
0
0
0
0
0
0
0
0
0
0
0
0
0
0
0
0
0
0
0
0
0
0
0
0
0
0
0
0
0
0
0
0
0
0
0
0
0
0
0
0
0
0
0
0
0
0
0
0
0
0
0
0
0
0
0
0
0
0
0
0
0
0
0
0
0
0
0
0
0
0
0
0
0
0
0
0
0
0
0
0
0
0
0
0
0
0
0
0
0
0
0
0
0
0
0
0
0
0
0
0
0
0
0
0
0
0
0
0
0
0
0
0
0
0
0
0
0
0
0
0
0
0
0
0
0
0
0
0
0
0
0
0
0
0
0
0
0
0
0
0
0
0
0
0
0
0
0
0
0
0
0
0
0
0
0
0
0
0
0
0
0
0
0
0
0
0
0
0
0
0
0
0
0
0
0
0
0
0
0
0
0
0
0
0
0
0
0
0
0
0
0
0
0
0
0
0
0
0
0
0
0
0
0
0
0
0
0
0
0
0
0
0
0
0
0
0
0
0
0
0
0
0
0
0
0
0
0
0
0
0
0
0
0
0
0
0
0
0
0
0
0
0
0
0
0
0
0
0
0
0
0
0
0
0
0
0
0
0
0
0
0
0
0
0
0
0
0
0
0
0
0
0
0
0
0
0
0
0
0
0
0
0
0
0
0
0
0
0
0
0
0
0
0
0
0
0
0
0
0
0
0
0
0
0
0
0
0
0
0
0
0
0
0
0
0
0
0
0
0
0
0
0
0
0
0
0
0
0
0
0
0
0
0
0
0
0
0
0
0
0
0
0
0
0
0
0
0
0
0
0
0
0
0
0
0
0
0
0
0
0
0
0
0
0
0
0
0
0
0
0
0
0
0
0
0
0
0
0
0
0
0
0
0
0
0
0
0
0
0
0
0
0
0
0
0
0
0
0
0
0
0
0
0
0
0
0
0
0
0
0
0
0
0
0
0
0
0
0
0
0
0
0
0
0
0
0
0
0
0
0
0
0
0
0
0
0
0
0
0
0
0
0
0
0
0
0
0
0
0
0
0
0
0
0
0
0
0
0
0
0
0
0
0
0
0
0
0
0
0
0
0
0
0
0
0
0
0
0
0
0
0
0
0
0
0
0
0
0
0
0
0
0
0
0
0
0
0
0
0
0
0
0
0
0
0
0
0
0
0
0
0
0
0
0
0
0
0
0
0
0
0
0
0
0
0
0
0
0
0
0
0
0
0
0
0
0
0
0
0
0
0
0
0
0
0
0
0
0
0
0
0
0
0
0
0
0
0
0
0
0
0
0
0
0
0
0
0
0
0
0
0
0
0
0
0
0
0
0
0
0
0
0
0
0
0
0
0
0
0
0
0
0
0
0
0
0
0
0
0
0
0
0
0
0
0
0
0
0
0
0
0
0
0
0
0
0
0
0
0
0
0
0
0
0
0
0
0
0
0
0
0
0
0
0
0
0
0
0
0
0
0
0
0
0
0
0
0
0
0
0
0
0
0
0
0
0
0
0
0
0
0
0
0
0
0
0
0
0
0
0
0
0
0
0
0
0
0
0
0
0
0
0
0
0
0
0
0
0
0
0
0
0
0
0
0
0
0
0
0
0
0
0
0
0
0
0
0
0
0
0
0
0
0
0
0
0
0
0
0
0
0
0
0
0
0
0
0
0
0
0
0
0
0
0
0
0
0
0
0
0
0
0
0
0
0
0
0
0
0
0
0
0
0
0
0
0
0
0
0
0
0
0
0
0
0
0
0
0
0
0
0
0
0
0
0
0
0
0
0
0
0
0
0
0
0
0
0
0
0
0
0
0
0
0
0
0
0
0
0
0
0
0
0
0
0
0
0
0
0
0
0
0
0
0
0
0
0
0
0
0
0
0
0
0
0
0
0
0
0
0
0
0
0
0
0
0
0
0
0
0
0
0
0
0
0
0
0
0
0
0
0
0
0
0
0
0
0
0
0
0
0
0
0
0
0
0
0
0
0
0
0
0
0
0
0
0
0
0
0
0
0
0
0
0
0
0
0
0
0
0
0
0
0
0
0
0
0
0
0
0
0
0
0
0
0
0
0
0
0
0
0
0
0
0
0
0
0
0
0
0
0
0
0
0
0
0
0
0
0
0
0
0
0
0
0
0
0
0
0
0
0
0
0
0
0
0
0
0
0
0
0
0
0
0
0
0
0
0
0
0
0
0
0
0
0
0
0
0
0
0
0
0
0
0
0
0
0
0
0
0
0
0
0
0
0
0
0
0
0
0
0
0
0
0
0
0
0
0
0
0
0
0
0
0
0
0
0
0
0
0
0
0
0
0
0
0
0
0
0
0
0
0
0
0
0
0
0
0
0
0
0
0
0
0
0
0
0
0
0
0
0
0
0
0
0
0
0
0
0
0
0
0
0
0
0
0
0
0
0
0
0
0
0
0
0
0
0
0
0
0
0
0
0
0
0
0
0
0
0
0
0
0
0
0
0
0
0
0
0
0
0
0
0
0
0
0
0
0
0
0
0
0
0
0
0
0
0
0
0
0
0
0
0
0
0
0
0
0
0
0
0
0
0
0
0
0
0
0
0
0
0
0
0
0
0
0
0
0
0
0
0
0
0
0
0
0
0
0
0
0
0
0
0
0
0
0
0
0
0
0
0
0
0
0
0
0
0
0
0
0
0
0
0
0
0
0
0
0
0
0
0
0
0
0
0
0
0
0
0
0
0
0
0
0
0
0
0
0
0
0
0
0
0
0
0
0
0
0
0
0
0
0
0
0
0
0
0
0
0
0
0
0
0
0
0
0
0
0
0
0
0
0
0
0
0
0
0
0
0
0
0
0
0
0
0
0
0
0
0
0
0
0
0
0
0
0
0
0
0
0
0
0
0
0
0
0
0
0
0
0
0
0
0
0
0
0
0
0
0
0
0
0
0
0
0
0
0
0
0
0
0
0
0
0
0
0
0
0
0
0
0
0
0
0
0
0
0
0
0
0
0
0
0
0
0
0
0
0
0
0
0
0
0
0
0
0
0
0
0
0
0
0
0
0
0
0
0
0
0
0
0
0
0
0
0
0
0
0
0
0
0
0
0
0
0
0
0
0
0
0
0
0
0
0
0
0
0
0
0
0
0
0
0
0
0
0
0
0
0
0
0
0
0
0
0
0
0
0
0
0
0
0
0
0
0
0
0
0
0
0
0
0
0
0
0
0
0
0
0
0
0
0
0
0
0
0
0
0
0
0
0
0
0
0
0
0
0
0
0
0
0
0
0
0
0
0
0
0
0
0
0
0
0
0
0
0
0
0
0
0
0
0
0
0
0
0
0
0
0
0
0
0
0
0
0
0
0
0
0
0
0
0
0
0
0
0
0
0
0
0
0
0
0
0
0
0
0
0
0
0
0
0
0
0
0
0
0
0
0
0
0
0
0
0
0
0
0
0
0
0
0
0
0
0
0
0
0
0
0
0
0
0
0
0
0
0
0
0
0
0
0
0
0
0
0
0
0
0
0
0
0
0
0
0
0
0
0
0
0
0
0
0
0
0
0
0
0
0
0
0
0
0
0
0
0
0
0
0
0
0
0
0
0
0
0
0
0
0
0
0
0
0
0
0
0
0
0
0
0
0
0
0
0
0
0
0
0
0
0
0
0
0
0
0
0
0
0
0
0
0
0
0
0
0
0
0
0
0
0
0
0
0
0
0
0
0
0
0
0
0
0
0
0
0
0
0
0
0
0
0
0
0
0
0
0
0
0
0
0
0
0
0
0
0
0
0
0
0
0
0
0
0
0
0
0
0
0
0
0
0
0
0
0
0
0
0
0
0
0
0
0
0
0
0
0
0
0
0
0
0
0
0
0
0
0
0
0
0
0
0
0
0
0
0
0
0
0
0
0
0
0
0
0
0
0
0
0
0
0
0
0
0
0
0
0
0
0
0
0
0
0
0
0
0
0
0
0
0
0
0
0
0
0
0
0
0
0
0
0
0
0
0
0
0
0
0
0
0
0
0
0
0
0
0
0
0
0
0
0
0
0
0
0
0
0
0
0
0
0
0
0
0
0
0
0
0
0
0
0
0
0
0
0
0
0
0
0
0
0
0
0
0
0
0
0
0
0
0
0
0
0
0
0
0
0
0
0
0
0
0
0
0
0
0
0
0
0
0
0
0
0
0
0
0
0
0
0
0
0
0
0
0
0
0
0
0
0
0
0
0
0
0
0
0
0
0
0
0
0
0
0
0
0
0
0
0
0
0
0
0
0
0
0
0
0
0
0
0
0
0
0
0
0
0
0
0
0
0
0
0
0
0
0
0
0
0
0
0
0
0
0
0
0
0
0
0
0
0
0
0
0
0
0
0
0
0
0
0
0
0
0
0
0
0
0
0
0
0
0
0
0
0
0
0
0
0
0
0
0
0
0
0
0
0
0
0
0
0
0
0
0
0
0
0
0
0
0
0
0
0
0
0
0
0
0
0
0
0
0
0
0
0
0
0
0
0
0
0
0
0
0
0
0
0
0
0
0
0
0
0
0
0
0
0
0
0
0
0
0
0
0
0
0
0
0
0
0
0
0
0
0
0
0
0
0
0
0
0
0
0
0
0
0
0
0
0
0
0
0
0
0
0
0
0
0
0
0
0
0
0
0
0
0
0
0
0
0
0
0
0
0
0
0
0
0
0
0
0
0
0
0
0
0
0
0
0
0
0
0
0
0
0
0
0
0
0
0
0
0
0
0
0
0
0
0
0
0
0
0
0
0
0
0
0
0
0
0
0
0
0
0
0
0
0
0
0
0
0
0
0
0
0
0
0
0
0
0
0
0
0
0
0
0
0
0
0
0
0
0
0
0
0
0
0
0
0
0
0
0
0
0
0
0
0
0
0
0
0
0
0
0
0
0
0
0
0
0
0
0
0
0
0
0
0
0
0
0
0
0
0
0
0
0
0
0
0
0
0
0
0
0
0
0
0
0
0
0
0
0
0
0
0
0
0
0
0
0
0
0
0
0
0
0
0
0
0
0
0
0
0
0
0
0
0
0
0
0
0
0
0
0
0
0
0
0
0
0
0
0
0
0
0
0
0
0
0
0
0
0
0
0
0
0
0
0
0
0
0
0
0
0
0
0
0
0
0
0
0
0
0
0
0
0
0
0
0
0
0
0
0
0
0
0
0
0
0
0
0
0
0
0
0
0
0
0
0
0
0
0
0
0
0
0
0
0
0
0
0
0
0
0
0
0
0
0
0
0
0
0
0
0
0
0
0
0
0
0
0
0
0
0
0
0
0
0
0
0
0
0
0
0
0
0
0
0
0
0
0
0
0
0
0
0
0
0
0
0
0
0
0
0
0
0
0
0
0
0
0
0
0
0
0
0
0
0
0
0
0
0
0
0
0
0
0
0
0
0
0
0
0
0
0
0
0
0
0
0
0
0
0
0
0
0
0
0
0
0
0
0
0
0
0
0
0
0
0
0
0
0
0
0
0
0
0
0
0
0
0
0
0
0
0
0
0
0
0
0
0
0
0
0
0
0
0
0
0
0
0
0
0
0
0
0
0
0
0
0
0
0
0
0
0
0
0
0
0
0
0
0
0
0
0
0
0
0
0
0
0
0
0
0
0
0
0
0
0
0
0
0
0
0
0
0
0
0
0
0
0
0
0
0
0
0
0
0
0
0
0
0
0
0
0
0
0
0
0
0
0
0
0
0
0
0
0
0
0
0
0
0
0
0
0
0
0
0
0
0
0
0
0
0
0
0
0
0
0
0
0
0
0
0
0
0
0
0
0
0
0
0
0
0
0
0
0
0
0
0
0
0
0
0
0
0
0
0
0
0
0
0
0
0
0
0
0
0
0
0
0
0
0
0
0
0
0
0
0
0
0
0
0
0
0
0
0
0
0
0
0
0
0
0
0
0
0
0
0
0
0
0
0
0
0
0
0
0
0
0
0
0
0
0
0
0
0
0
0
0
0
0
0
0
0
0
0
0
0
0
0
0
0
0
0
0
0
0
0
0
0
0
0
0
0
0
0
0
0
0
0
0
0
0
0
0
0
0
0
0
0
0
0
0
0
0
0
0
0
0
0
0
0
0
0
0
0
0
0
0
0
0
0
0
0
0
0
0
0
0
0
0
0
0
0
0
0
0
0
0
0
0
0
0
0
0
0
0
0
0
0
0
0
0
0
0
0
0
0
0
0
0
0
0
0
0
0
0
0
0
0
0
0
0
0
0
0
0
0
0
0
0
0
0
0
0
0
0
0
0
0
0
0
0
0
0
0
0
0
0
0
0
0
0
0
0
0
0
0
0
0
0
0
0
0
0
0
0
0
0
0
0
0
0
0
0
0
0
0
0
0
0
0
0
0
0
0
0
0
0
0
0
0
0
0
0
0
0
0
0
0
0
0
0
0
0
0
0
0
0
0
0
0
0
0
0
0
0
0
0
0
0
0
0
0
0
0
0
0
0
0
0
0
0
0
0
0
0
0
0
0
0
0
0
0
0
0
0
0
0
0
0
0
0
0
0
0
0
0
0
0
0
0
0
0
0
0
0
0
0
0
0
0
0
0
0
0
0
0
0
0
0
0
0
0
0
0
0
0
0
0
0
0
0
0
0
0
0
0
0
0
0
0
0
0
0
0
0
0
0
0
0
0
0
0
0
0
0
0
0
0
0
0
0
0
0
0
0
0
0
0
0
0
0
0
0
0
0
0
0
0
0
0
0
0
0
0
0
0
0
0
0
0
0
0
0
0
0
0
0
0
0
0
0
0
0
0
0
0
0
0
0
0
0
0
0
0
0
0
0
0
0
0
0
0
0
0
0
0
0
0
0
0
0
0
0
0
0
0
0
0
0
0
0
0
0
0
0
0
0
0
0
0
0
0
0
0
0
0
0
0
0
0
0
0
0
0
0
0
0
0
0
0
0
0
0
0
0
0
0
0
0
0
0
0
0
0
0
0
0
0
0
0
0
0
0
0
0
0
0
0
0
0
0
0
0
0
0
0
0
0
0
0
0
0
0
0
0
0
0
0
0
0
0
0
0
0
0
0
0
0
0
0
0
0
0
0
0
0
0
0
0
0
0
0
0
0
0
0
0
0
0
0
0
0
0
0
0
0
0
0
0
0
0
0
0
0
0
0
0
0
0
0
0
0
0
0
0
0
0
0
0
0
0
0
0
0
0
0
0
0
0
0
0
0
0
0
0
0
0
0
0
0
0
0
0
0
0
0
0
0
0
0
0
0
0
0
0
0
0
0
0
0
0
0
0
0
0
0
0
0
0
0
0
0
0
0
0
0
0
0
0
0
0
0
0
0
0
0
0
0
0
0
0
0
0
0
0
0
0
0
0
0
0
0
0
0
0
0
0
0
0
0
0
0
0
0
0
0
0
0
0
0
0
0
0
0
0
0
0
0
0
0
0
0
0
0
0
0
0
0
0
0
0
0
0
0
0
0
0
0
0
0
0
0
0
0
0
0
0
0
0
0
0
0
0
0
0
0
0
0
0
0
0
0
0
0
0
0
0
0
0
0
0
0
0
0
0
0
0
0
0
0
0
0
0
0
0
0
0
0
0
0
0
0
0
0
0
0
0
0
0
0
0
0
0
0
0
0
0
0
0
0
0
0
0
0
0
0
0
0
0
0
0
0
0
0
0
0
0
0
0
0
0
0
0
0
0
0
0
0
0
0
0
0
0
0
0
0
0
0
0
0
0
0
0
0
0
0
0
0
0
0
0
0
0
0
0
0
0
0
0
0
0
0
0
0
0
0
0
0
0
0
0
0
0
0
0
0
0
0
0
0
0
0
0
0
0
0
0
0
0
0
0
0
0
0
0
0
0
0
0
0
0
0
0
0
0
0
0
0
0
0
0
0
0
0
0
0
0
0
0
0
0
0
0
0
0
0
0
0
0
0
0
0
0
0
0
0
0
0
0
0
0
0
0
0
0
0
0
0
0
0
0
0
0
0
0
0
0
0
0
0
0
0
0
0
0
0
0
0
0
0
0
0
0
0
0
0
0
0
0
0
0
0
0
0
0
0
0
0
0
0
0
0
0
0
0
0
0
0
0
0
0
0
0
0
0
0
0
0
0
0
0
0
0
0
0
0
0
0
0
0
0
0
0
0
0
0
0
0
0
0
0
0
0
0
0
0
0
0
0
0
0
0
0
0
0
0
0
0
0
0
0
0
0
0
0
0
0
0
0
0
0
0
0
0
0
0
0
0
0
0
0
0
0
0
0
0
0
0
0
0
0
0
0
0
0
0
0
0
0
0
0
0
0
0
0
0
0
0
0
0
0
0
0
0
0
0
0
0
0
0
0
0
0
0
0
0
0
0
0
0
0
0
0
0
0
0
0
0
0
0
0
0
0
0
0
0
0
0
0
0
0
0
0
0
0
0
0
0
0
0
0
0
0
0
0
0
0
0
0
0
0
0
0
0
0
0
0
0
0
0
0
0
0
0
0
0
0
0
0
0
0
0
0
0
0
0
0
0
0
0
0
0
0
0
0
0
0
0
0
0
0
0
0
0
0
0
0
0
0
0
0
0
0
0
0
0
0
0
0
0
0
0
0
0
0
0
0
0
0
0
0
0
0
0
0
0
0
0
0
0
0
0
0
0
0
0
0
0
0
0
0
0
0
0
0
0
0
0
0
0
0
0
0
0
0
0
0
0
0
0
0
0
0
0
0
0
0
0
0
0
0
0
0
0
0
0
0
0
0
0
0
0
0
0
0
0
0
0
0
0
0
0
0
0
0
0
0
0
0
0
0
0
0
0
0
0
0
0
0
0
0
0
0
0
0
0
0
0
0
0
0
0
0
0
0
0
0
0
0
0
0
0
0
0
0
0
0
0
0
0
0
0
0
0
0
0
0
0
0
0
0
0
0
0
0
0
0
0
0
0
0
0
0
0
0
0
0
0
0
0
0
0
0
0
0
0
0
0
0
0
0
0
0
0
0
0
0
0
0
0
0
0
0
0
0
0
0
0
0
0
0
0
0
0
0
0
0
0
0
0
0
0
0
0
0
0
0
0
0
0
0
0
0
0
0
0
0
0
0
0
0
0
0
0
0
0
0
0
0
0
0
0
0
0
0
0
0
0
0
0
0
0
0
0
0
0
0
0
0
0
0
0
0
0
0
0
0
0
0
0
0
0
0
0
0
0
0
0
0
0
0
0
0
0
0
0
0
0
0
0
0
0
0
0
0
0
0
0
0
0
0
0
0
0
0
0
0
0
0
0
0
0
0
0
0
0
0
0
0
0
0
0
0
0
0
0
0
0
0
0
0
0
0
0
0
0
0
0
0
0
0
0
0
0
0
0
0
0
0
0
0
0
0
0
0
0
0
0
0
0
0
0
0
0
0
0
0
0
0
0
0
0
0
0
0
0
0
0
0
0
0
0
0
0
0
0
0
0
0
0
0
0
0
0
0
0
0
0
0
0
0
0
0
0
0
0
0
0
0
0
0
0
0
0
0
0
0
0
0
0
0
0
0
0
0
0
0
0
0
0
0
0
0
0
0
0
0
0
0
0
0
0
0
0
0
0
0
0
0
0
0
0
0
0
0
0
0
0
0
0
0
0
0
0
0
0
0
0
0
0
0
0
0
0
0
0
0
0
0
0
0
0
0
0
0
0
0
0
0
0
0
0
0
0
0
0
0
0
0
0
0
0
0
0
0
0
0
0
0
0
0
0
0
0
0
0
0
0
0
0
0
0
0
0
0
0
0
0
0
0
0
0
0
0
0
0
0
0
0
0
0
0
0
0
0
0
0
0
0
0
0
0
0
0
0
0
0
0
0
0
0
0
0
0
0
0
0
0
0
0
0
0
0
0
0
0
0
0
0
0
0
0
0
0
0
0
0
0
0
0
0
0
0
0
0
0
0
0
0
0
0
0
0
0
0
0
0
0
0
0
0
0
0
0
0
0
0
0
0
0
0
0
0
0
0
0
0
0
0
0
0
0
0
0
0
0
0
0
0
0
0
0
0
0
0
0
0
0
0
0
0
0
0
0
0
0
0
0
0
0
0
0
0
0
0
0
0
0
0
0
0
0
0
0
0
0
0
0
0
0
0
0
0
0
0
0
0
0
0
0
0
0
0
0
0
0
0
0
0
0
0
0
0
0
0
0
0
0
0
0
0
0
0
0
0
0
0
0
0
0
0
0
0
0
0
0
0
0
0
0
0
0
0
0
0
0
0
0
0
0
0
0
0
0
0
0
0
0
0
0
0
0
0
0
0
0
0
0
0
0
0
0
0
0
0
0
0
0
0
0
0
0
0
0
0
0
0
0
0
0
0
0
0
0
0
0
0
0
0
0
0
0
0
0
0
0
0
0
0
0
0
0
0
0
0
0
0
0
0
0
0
0
0
0
0
0
0
0
0
0
0
0
0
0
0
0
0
0
0
0
0
0
0
0
0
0
0
0
0
0
0
0
0
0
0
0
0
0
0
0
0
0
0
0
0
0
0
0
0
0
0
0
0
0
0
0
0
0
0
0
0
0
0
0
0
0
0
0
0
0
0
0
0
0
0
0
0
0
0
0
0
0
0
0
0
0
0
0
0
0
0
0
0
0
0
0
0
0
0
0
0
0
0
0
0
0
0
0
0
0
0
0
0
0
0
0
0
0
0
0
0
0
0
0
0
0
0
0
0
0
0
0
0
0
0
0
0
0
0
0
0
0
0
0
0
0
0
0
0
0
0
0
0
0
0
0
0
0
0
0
0
0
0
0
0
0
0
0
0
0
0
0
0
0
0
0
0
0
0
0
0
0
0
0
0
0
0
0
0
0
0
0
0
0
0
0
0
0
0
0
0
0
0
0
0
0
0
0
0
0
0
0
0
0
0
0
0
0
0
0
0
0
0
0
0
0
0
0
0
0
0
0
0
0
0
0
0
0
0
0
0
0
0
0
0
0
0
0
0
0
0
0
0
0
0
0
0
0
0
0
0
0
0
0
0
0
0
0
0
0
0
0
0
0
0
0
0
0
0
0
0
0
0
0
0
0
0
0
0
0
0
0
0
0
0
0
0
0
0
0
0
0
0
0
0
0
0
0
0
0
0
0
0
0
0
0
0
0
0
0
0
0
0
0
0
0
0
0
0
0
0
0
0
0
0
0
0
0
0
0
0
0
0
0
0
0
0
0
0
0
0
0
0
0
0
0
0
0
0
0
0
0
0
0
0
0
0
0
0
0
0
0
0
0
0
0
0
0
0
0
0
0
0
0
0
0
0
0
0
0
0
0
0
0
0
0
0
0
0
0
0
0
0
0
0
0
0
0
0
0
0
0
0
0
0
0
0
0
0
0
0
0
0
0
0
0
0
0
0
0
0
0
0
0
0
0
0
0
0
0
0
0
0
0
0
0
0
0
0
0
0
0
0
0
0
0
0
0
0
0
0
0
0
0
0
0
0
0
0
0
0
0
0
0
0
0
0
0
0
0
0
0
0
0
0
0
0
0
0
0
0
0
0
0
0
0
0
0
0
0
0
0
0
0
0
0
0
0
0
0
0
0
0
0
0
0
0
0
0
0
0
0
0
0
0
0
0
0
0
0
0
0
0
0
0
0
0
0
0
0
0
0
0
0
0
0
0
0
0
0
0
0
0
0
0
0
0
0
0
0
0
0
0
0
0
0
0
0
0
0
0
0
0
0
0
0
0
0
0
0
0
0
0
0
0
0
0
0
0
0
0
0
0
0
0
0
0
0
0
0
0
0
0
0
0
0
0
0
0
0
0
0
0
0
0
0
0
0
0
0
0
0
0
0
0
0
0
0
0
0
0
0
0
0
0
0
0
0
0
0
0
0
0
0
0
0
0
0
0
0
0
0
0
0
0
0
0
0
0
0
0
0
0
0
0
0
0
0
0
0
0
0
0
0
0
0
0
0
0
0
0
0
0
0
0
0
0
0
0
0
0
0
0
0
0
0
0
0
0
0
0
0
0
0
0
0
0
0
0
0
0
0
0
0
0
0
0
0
0
0
0
0
0
0
0
0
0
0
0
0
0
0
0
0
0
0
0
0
0
0
0
0
0
0
0
0
0
0
0
0
0
0
0
0
0
0
0
0
0
0
0
0
0
0
0
0
0
0
0
0
0
0
0
0
0
0
0
0
0
0
0
0
0
0
0
0
0
0
0
0
0
0
0
0
0
0
0
0
0
0
0
0
0
0
0
0
0
0
0
0
0
0
0
0
0
0
0
0
0
0
0
0
0
0
0
0
0
0
0
0
0
0
0
0
0
0
0
0
0
0
0
0
0
0
0
0
0
0
0
0
0
0
0
0
0
0
0
0
0
0
0
0
0
0
0
0
0
0
0
0
0
0
0
0
0
0
0
0
0
0
0
0
0
0
0
0
0
0
0
0
0
0
0
0
0
0
0
0
0
0
0
0
0
0
0
0
0
0
0
0
0
0
0
0
0
0
0
0
0
0
0
0
0
0
0
0
0
0
0
0
0
0
0
0
0
0
0
0
0
0
0
0
0
0
0
0
0
0
0
0
0
0
0
0
0
0
0
0
0
0
0
0
0
0
0
0
0
0
0
0
0
0
0
0
0
0
0
0
0
0
0
0
0
0
0
0
0
0
0
0
0
0
0
0
0
0
0
0
0
0
0
0
0
0
0
0
0
0
0
0
0
0
0
0
0
0
0
0
0
0
0
0
0
0
0
0
0
0
0
0
0
0
0
0
0
0
0
0
0
0
0
0
0
0
0
0
0
0
0
0
0
0
0
0
0
0
0
0
0
0
0
0
0
0
0
0
0
0
0
0
0
0
0
0
0
0
0
0
0
0
0
0
0
0
0
0
0
0
0
0
0
0
0
0
0
0
0
0
0
0
0
0
0
0
0
0
0
0
0
0
0
0
0
0
0
0
0
0
0
0
0
0
0
0
0
0
0
0
0
0
0
0
0
0
0
0
0
0
0
0
0
0
0
0
0
0
0
0
0
0
0
0
0
0
0
0
0
0
0
0
0
0
0
0
0
0
0
0
0
0
0
0
0
0
0
0
0
0
0
0
0
0
0
0
0
0
0
0
0
0
0
0
0
0
0
0
0
0
0
0
0
0
0
0
0
0
0
0
0
0
0
0
0
0
0
0
0
0
0
0
0
0
0
0
0
0
0
0
0
0
0
0
0
0
0
0
0
0
0
0
0
0
0
0
0
0
0
0
0
0
0
0
0
0
0
0
0
0
0
0
0
0
0
0
0
0
0
0
0
0
0
0
0
0
0
0
0
0
0
0
0
0
0
0
0
0
0
0
0
0
0
0
0
0
0
0
0
0
0
0
0
0
0
0
0
0
0
0
0
0
0
0
0
0
0
0
0
0
0
0
0
0
0
0
0
0
0
0
0
0
0
0
0
0
0
0
0
0
0
0
0
0
0
0
0
0
0
0
0
0
0
0
0
0
0
0
0
0
0
0
0
0
0
0
0
0
0
0
0
0
0
0
0
0
0
0
0
0
0
0
0
0
0
0
0
0
0
0
0
0
0
0
0
0
0
0
0
0
0
0
0
0
0
0
0
0
0
0
0
0
0
0
0
0
0
0
0
0
0
0
0
0
0
0
0
0
0
0
0
0
0
0
0
0
0
0
0
0
0
0
0
0
0
0
0
0
0
0
0
0
0
0
0
0
0
0
0
0
0
0
0
0
0
0
0
0
0
0
0
0
0
0
0
0
0
0
0
0
0
0
0
0
0
0
0
0
0
0
0
0
0
0
0
0
0
0
0
0
0
0
0
0
0
0
0
0
0
0
0
0
0
0
0
0
0
0
0
0
0
0
0
0
0
0
0
0
0
0
0
0
0
0
0
0
0
0
0
0
0
0
0
0
0
0
0
0
0
0
0
0
0
0
0
0
0
0
0
0
0
0
0
0
0
0
0
0
0
0
0
0
0
0
0
0
0
0
0
0
0
0
0
0
0
0
0
0
0
0
0
0
0
0
0
0
0
0
0
0
0
0
0
0
0
0
0
0
0
0
0
0
0
0
0
0
0
0
0
0
0
0
0
0
0
0
0
0
0
0
0
0
0
0
0
0
0
0
0
0
0
0
0
0
0
0
0
0
0
0
0
0
0
0
0
0
0
0
0
0
0
0
0
0
0
0
0
0
0
0
0
0
0
0
0
0
0
0
0
0
0
0
0
0
0
0
0
0
0
0
0
0
0
0
0
0
0
0
0
0
0
0
0
0
0
0
0
0
0
0
0
0
0
0
0
0
0
0
0
0
0
0
0
0
0
0
0
0
0
0
0
0
0
0
0
0
0
0
0
0
0
0
0
0
0
0
0
0
0
0
0
0
0
0
0
0
0
0
0
0
0
0
0
0
0
0
0
0
0
0
0
0
0
0
0
0
0
0
0
0
0
0
0
0
0
0
0
0
0
0
0
0
0
0
0
0
0
0
0
0
0
0
0
0
0
0
0
0
0
0
0
0
0
0
0
0
0
0
0
0
0
0
0
0
0
0
0
0
0
0
0
0
0
0
0
0
0
0
0
0
0
0
0
0
0
0
0
0
0
0
0
0
0
0
0
0
0
0
0
0
0
0
0
0
0
0
0
0
0
0
0
0
0
0
0
0
0
0
0
0
0
0
0
0
0
0
0
0
0
0
0
0
0
0
0
0
0
0
0
0
0
0
0
0
0
0
0
0
0
0
0
0
0
0
0
0
0
0
0
