0
0
0
0
0
0
0
0
0
0
0
0
0
0
0
0
0
0
0
0
0
0
0
0
0
0
0
0
0
0
0
0
0
0
0
0
0
0
0
0
0
0
0
0
0
0
0
0
0
0
0
0
0
0
0
0
0
0
0
0
0
0
0
0
0
0
0
0
0
0
0
0
0
0
0
0
0
0
0
0
0
0
0
0
0
0
0
0
0
0
0
0
0
0
0
0
0
0
0
0
0
0
0
0
0
0
0
0
0
0
0
0
0
0
0
0
0
0
0
0
0
0
0
0
0
0
0
0
0
0
0
0
0
0
0
0
0
0
0
0
0
0
0
0
0
0
0
0
0
0
0
0
0
0
0
0
0
0
0
0
0
0
0
0
0
0
0
0
0
0
0
0
0
0
0
0
0
0
0
0
0
0
0
0
4095
4092
0
0
0
0
0
0
4092
4094
0
0
0
0
0
0
4094
4093
0
0
0
0
0
0
4091
4092
0
0
0
0
0
0
4094
4094
0
0
0
0
0
0
4092
4091
0
0
0
0
0
0
4094
4095
0
0
0
0
0
0
4095
4093
0
0
0
0
0
0
4091
4093
0
0
0
0
0
0
1
4095
0
0
0
0
0
0
4088
4089
0
0
0
0
0
0
4095
2
0
0
0
0
0
0
4093
4086
0
0
0
0
0
0
4089
2
0
0
0
0
0
0
6
4092
0
0
0
0
0
0
4083
4090
0
0
0
0
0
0
8
7
0
0
0
0
0
0
4085
4079
0
0
0
0
0
0
4095
14
0
0
0
0
0
0
3
4081
0
0
0
0
0
0
4079
2
0
0
0
0
0
0
17
2
0
0
0
0
0
0
4073
4078
0
0
0
0
0
0
15
22
0
0
0
0
0
0
4086
4067
0
0
0
0
0
0
4086
19
0
0
0
0
0
0
19
4082
0
0
0
0
0
0
4061
4089
0
0
0
0
0
0
34
18
0
0
0
0
0
0
4064
4057
0
0
0
0
0
0
13
40
0
0
0
0
0
0
2
4054
0
0
0
0
0
0
4067
20
0
0
0
0
0
0
42
4092
0
0
0
0
0
0
4040
4067
0
0
0
0
0
0
45
47
0
0
0
0
0
0
4064
4035
0
0
0
0
0
0
4094
55
0
0
0
0
0
0
27
4054
0
0
0
0
0
0
4036
6
0
0
0
0
0
0
70
24
0
0
0
0
0
0
4023
4033
0
0
0
0
0
0
45
76
0
0
0
0
0
0
4082
4014
0
0
0
0
0
0
4063
59
0
0
0
0
0
0
68
4070
0
0
0
0
0
0
4000
4069
0
0
0
0
0
0
92
65
0
0
0
0
0
0
4020
3994
0
0
0
0
0
0
24
105
0
0
0
0
0
0
24
4006
0
0
0
0
0
0
4015
41
0
0
0
0
0
0
112
12
0
0
0
0
0
0
3968
4019
0
0
0
0
0
0
99
116
0
0
0
0
0
0
4042
3956
0
0
0
0
0
0
4077
118
0
0
0
0
0
0
81
4023
0
0
0
0
0
0
3958
4094
0
0
0
0
0
0
153
72
0
0
0
0
0
0
3957
3956
0
0
0
0
0
0
77
163
0
0
0
0
0
0
4093
3937
0
0
0
0
0
0
4010
103
0
0
0
0
0
0
150
4069
0
0
0
0
0
0
3905
4024
0
0
0
0
0
0
173
147
0
0
0
0
0
0
3976
3897
0
0
0
0
0
0
24
194
0
0
0
0
0
0
73
3946
0
0
0
0
0
0
3926
52
0
0
0
0
0
0
215
52
0
0
0
0
0
0
3876
3937
0
0
0
0
0
0
159
222
0
0
0
0
0
0
4032
3854
0
0
0
0
0
0
4034
191
0
0
0
0
0
0
170
3998
0
0
0
0
0
0
3845
4061
0
0
0
0
0
0
260
155
0
0
0
0
0
0
3881
3844
0
0
0
0
0
0
103
280
0
0
0
0
0
0
31
3848
0
0
0
0
0
0
3922
141
0
0
0
0
0
0
270
4092
0
0
0
0
0
0
3786
3943
0
0
0
0
0
0
264
266
0
0
0
0
0
0
3936
3769
0
0
0
0
0
0
4095
297
0
0
0
0
0
0
158
3893
0
0
0
0
0
0
3802
42
0
0
0
0
0
0
349
127
0
0
0
0
0
0
3766
3814
0
0
0
0
0
0
214
361
0
0
0
0
0
0
4042
3732
0
0
0
0
0
0
3954
262
0
0
0
0
0
0
297
3995
0
0
0
0
0
0
3702
3994
0
0
0
0
0
0
385
276
0
0
0
0
0
0
3807
3696
0
0
0
0
0
0
104
416
0
0
0
0
0
0
103
3758
0
0
0
0
0
0
3793
161
0
0
0
0
0
0
423
51
0
0
0
0
0
0
3644
3826
0
0
0
0
0
0
357
419
0
0
0
0
0
0
3917
3617
0
0
0
0
0
0
4034
409
0
0
0
0
0
0
284
3854
0
0
0
0
0
0
3642
4094
0
0
0
0
0
0
505
244
0
0
0
0
0
0
3654
3653
0
0
0
0
0
0
254
526
0
0
0
0
0
0
4089
3605
0
0
0
0
0
0
3834
321
0
0
0
0
0
0
463
4022
0
0
0
0
0
0
3531
3887
0
0
0
0
0
0
516
440
0
0
0
0
0
0
3748
3517
0
0
0
0
0
0
75
564
0
0
0
0
0
0
215
3678
0
0
0
0
0
0
3623
150
0
0
0
0
0
0
607
151
0
0
0
0
0
0
3493
3661
0
0
0
0
0
0
438
608
0
0
0
0
0
0
3928
3451
0
0
0
0
0
0
3932
508
0
0
0
0
0
0
453
3845
0
0
0
0
0
0
3448
4009
0
0
0
0
0
0
674
403
0
0
0
0
0
0
3551
3457
0
0
0
0
0
0
263
711
0
0
0
0
0
0
83
3479
0
0
0
0
0
0
3668
353
0
0
0
0
0
0
664
4090
0
0
0
0
0
0
3343
3731
0
0
0
0
0
0
642
644
0
0
0
0
0
0
3717
3317
0
0
0
0
0
0
2
712
0
0
0
0
0
0
375
3621
0
0
0
0
0
0
3416
99
0
0
0
0
0
0
810
297
0
0
0
0
0
0
3343
3453
0
0
0
0
0
0
493
825
0
0
0
0
0
0
3982
3280
0
0
0
0
0
0
3780
589
0
0
0
0
0
0
664
3874
0
0
0
0
0
0
3228
3874
0
0
0
0
0
0
846
610
0
0
0
0
0
0
3471
3229
0
0
0
0
0
0
229
900
0
0
0
0
0
0
223
3375
0
0
0
0
0
0
3455
346
0
0
0
0
0
0
897
113
0
0
0
0
0
0
3149
3528
0
0
0
0
0
0
747
880
0
0
0
0
0
0
3727
3105
0
0
0
0
0
0
3973
843
0
0
0
0
0
0
583
3603
0
0
0
0
0
0
3174
4095
0
0
0
0
0
0
1024
494
0
0
0
0
0
0
3210
3209
0
0
0
0
0
0
509
1054
0
0
0
0
0
0
4088
3122
0
0
0
0
0
0
3580
636
0
0
0
0
0
0
914
3954
0
0
0
0
0
0
2994
3687
0
0
0
0
0
0
1006
858
0
0
0
0
0
0
3427
2981
0
0
0
0
0
0
145
1085
0
0
0
0
0
0
416
3300
0
0
0
0
0
0
3201
290
0
0
0
0
0
0
1150
288
0
0
0
0
0
0
2963
3278
0
0
0
0
0
0
823
1144
0
0
0
0
0
0
3785
2895
0
0
0
0
0
0
3794
947
0
0
0
0
0
0
838
3632
0
0
0
0
0
0
2906
3938
0
0
0
0
0
0
1238
740
0
0
0
0
0
0
3106
2935
0
0
0
0
0
0
477
1290
0
0
0
0
0
0
152
2988
0
0
0
0
0
0
3326
634
0
0
0
0
0
0
1193
4091
0
0
0
0
0
0
2758
3448
0
0
0
0
0
0
1142
1143
0
0
0
0
0
0
3430
2724
0
0
0
0
0
0
3
1252
0
0
0
0
0
0
661
3269
0
0
0
0
0
0
2912
176
0
0
0
0
0
0
1409
518
0
0
0
0
0
0
2796
2988
0
0
0
0
0
0
851
1421
0
0
0
0
0
0
3904
2701
0
0
0
0
0
0
3559
1009
0
0
0
0
0
0
1133
3720
0
0
0
0
0
0
2627
3722
0
0
0
0
0
0
1433
1032
0
0
0
0
0
0
3046
2639
0
0
0
0
0
0
385
1513
0
0
0
0
0
0
374
2892
0
0
0
0
0
0
3030
576
0
0
0
0
0
0
1490
191
0
0
0
0
0
0
2532
3158
0
0
0
0
0
0
1235
1452
0
0
0
0
0
0
3492
2473
0
0
0
0
0
0
3897
1380
0
0
0
0
0
0
953
3294
0
0
0
0
0
0
2599
0
0
0
0
0
0
0
1661
802
0
0
0
0
0
0
2668
2666
0
0
0
0
0
0
821
1699
0
0
0
0
0
0
4085
2537
0
0
0
0
0
0
3271
1017
0
0
0
0
0
0
1458
3871
0
0
0
0
0
0
2349
3448
0
0
0
0
0
0
1594
1360
0
0
0
0
0
0
3042
2338
0
0
0
0
0
0
231
1711
0
0
0
0
0
0
652
2847
0
0
0
0
0
0
2696
453
0
0
0
0
0
0
1793
451
0
0
0
0
0
0
2335
2825
0
0
0
0
0
0
1275
1774
0
0
0
0
0
0
3618
2242
0
0
0
0
0
0
3632
1461
0
0
0
0
0
0
1290
3385
0
0
0
0
0
0
2275
3856
0
0
0
0
0
0
1893
1134
0
0
0
0
0
0
2590
2327
0
0
0
0
0
0
725
1959
0
0
0
0
0
0
234
2417
0
0
0
0
0
0
2936
962
0
0
0
0
0
0
1799
4089
0
0
0
0
0
0
2086
3123
0
0
0
0
0
0
1712
1713
0
0
0
0
0
0
3100
2046
0
0
0
0
0
0
6
1865
0
0
0
0
0
0
984
2868
0
0
0
0
0
0
2342
263
0
0
0
0
0
0
2087
768
0
0
0
0
0
0
2180
2461
0
0
0
0
0
0
1253
2093
0
0
0
0
0
0
3814
2048
0
0
0
0
0
0
3311
1481
0
0
0
0
0
0
1657
3547
0
0
0
0
0
0
1953
3551
0
0
0
0
0
0
2086
1503
0
0
0
0
0
0
2573
1982
0
0
0
0
0
0
558
2190
0
0
0
0
0
0
542
2359
0
0
0
0
0
0
2563
832
0
0
0
0
0
0
2146
278
0
0
0
0
0
0
1854
2749
0
0
0
0
0
0
1769
2078
0
0
0
0
0
0
3233
1780
0
0
0
0
0
0
3814
1968
0
0
0
0
0
0
1358
2959
0
0
0
0
0
0
1975
1
0
0
0
0
0
0
2352
1135
0
0
0
0
0
0
2082
2079
0
0
0
0
0
0
1157
2393
0
0
0
0
0
0
4081
1905
0
0
0
0
0
0
2939
1427
0
0
0
0
0
0
2041
3781
0
0
0
0
0
0
1653
3192
0
0
0
0
0
0
2226
1900
0
0
0
0
0
0
2630
1651
0
0
0
0
0
0
319
2374
0
0
0
0
0
0
904
2370
0
0
0
0
0
0
2163
628
0
0
0
0
0
0
2476
624
0
0
0
0
0
0
1671
2346
0
0
0
0
0
0
1754
2437
0
0
0
0
0
0
3441
1556
0
0
0
0
0
0
3463
2001
0
0
0
0
0
0
1764
3128
0
0
0
0
0
0
1616
3769
0
0
0
0
0
0
2575
1542
0
0
0
0
0
0
2051
1696
0
0
0
0
0
0
984
2658
0
0
0
0
0
0
316
1829
0
0
0
0
0
0
2529
1298
0
0
0
0
0
0
2427
4088
0
0
0
0
0
0
1391
2787
0
0
0
0
0
0
2299
2301
0
0
0
0
0
0
2764
1350
0
0
0
0
0
0
10
2497
0
0
0
0
0
0
1314
2458
0
0
0
0
0
0
1758
350
0
0
0
0
0
0
2778
1024
0
0
0
0
0
0
1553
1925
0
0
0
0
0
0
1660
2775
0
0
0
0
0
0
3725
1387
0
0
0
0
0
0
3060
1954
0
0
0
0
0
0
2188
3375
0
0
0
0
0
0
1277
3379
0
0
0
0
0
0
2740
1975
0
0
0
0
0
0
2101
1326
0
0
0
0
0
0
732
2868
0
0
0
0
0
0
709
1828
0
0
0
0
0
0
2093
1086
0
0
0
0
0
0
2795
363
0
0
0
0
0
0
1181
2347
0
0
0
0
0
0
2296
2697
0
0
0
0
0
0
2978
1094
0
0
0
0
0
0
3731
2546
0
0
0
0
0
0
1755
2629
0
0
0
0
0
0
1361
1
0
0
0
0
0
0
3030
1464
0
0
0
0
0
0
1508
1506
0
0
0
0
0
0
1486
3072
0
0
0
0
0
0
4077
1290
0
0
0
0
0
0
2615
1826
0
0
0
0
0
0
2609
3695
0
0
0
0
0
0
983
2944
0
0
0
0
0
0
2834
2417
0
0
0
0
0
0
2233
991
0
0
0
0
0
0
407
3014
0
0
0
0
0
0
1149
1910
0
0
0
0
0
0
1650
797
0
0
0
0
0
0
3129
789
0
0
0
0
0
0
1038
1890
0
0
0
0
0
0
2209
3070
0
0
0
0
0
0
3275
903
0
0
0
0
0
0
3301
2511
0
0
0
0
0
0
2213
2883
0
0
0
0
0
0
990
3687
0
0
0
0
0
0
3221
1930
0
0
0
0
0
0
1546
1102
0
0
0
0
0
0
1226
3312
0
0
0
0
0
0
395
1273
0
0
0
0
0
0
2148
2386
0
0
0
0
0
0
2996
4095
0
0
0
0
0
0
3017
3249
0
0
0
0
0
0
2881
2825
0
0
0
0
0
0
1918
2944
0
0
0
0
0
0
4
3083
0
0
0
0
0
0
846
1547
0
0
0
0
0
0
1238
423
0
0
0
0
0
0
1173
510
0
0
0
0
0
0
974
1436
0
0
0
0
0
0
2601
1136
0
0
0
0
0
0
3650
780
0
0
0
0
0
0
3632
2901
0
0
0
0
0
0
2651
2451
0
0
0
0
0
0
2919
3964
0
0
0
0
0
0
1066
1628
0
0
0
0
0
0
1107
2997
0
0
0
0
0
0
1655
1212
0
0
0
0
0
0
66
1603
0
0
0
0
0
0
2449
1846
0
0
0
0
0
0
1120
3795
0
0
0
0
0
0
2847
2761
0
0
0
0
0
0
2563
3259
0
0
0
0
0
0
2222
2727
0
0
0
0
0
0
356
2804
0
0
0
0
0
0
1305
1820
0
0
0
0
0
0
806
4062
0
0
0
0
0
0
1389
1004
0
0
0
0
0
0
1208
992
0
0
0
0
0
0
2341
1405
0
0
0
0
0
0
4055
766
0
0
0
0
0
0
3136
2688
0
0
0
0
0
0
3115
2883
0
0
0
0
0
0
2656
3469
0
0
0
0
0
0
1128
2068
0
0
0
0
0
0
1322
2682
0
0
0
0
0
0
1273
1281
0
0
0
0
0
0
563
996
0
0
0
0
0
0
1973
1437
0
0
0
0
0
0
1432
191
0
0
0
0
0
0
2733
2299
0
0
0
0
0
0
3166
1346
0
0
0
0
0
0
2581
2601
0
0
0
0
0
0
3959
3462
0
0
0
0
0
0
1771
2169
0
0
0
0
0
0
2722
262
0
0
0
0
0
0
1558
1482
0
0
0
0
0
0
552
2865
0
0
0
0
0
0
1988
1599
0
0
0
0
0
0
3761
296
0
0
0
0
0
0
2653
2382
0
0
0
0
0
0
1241
2572
0
0
0
0
0
0
2464
2955
0
0
0
0
0
0
3865
1036
0
0
0
0
0
0
1636
2433
0
0
0
0
0
0
1581
1035
0
0
0
0
0
0
1076
1253
0
0
0
0
0
0
3813
1771
0
0
0
0
0
0
1675
709
0
0
0
0
0
0
2983
1803
0
0
0
0
0
0
2908
1642
0
0
0
0
0
0
2250
2791
0
0
0
0
0
0
3442
3254
0
0
0
0
0
0
2292
2592
0
0
0
0
0
0
2427
3838
0
0
0
0
0
0
1605
1973
0
0
0
0
0
0
764
2523
0
0
0
0
0
0
1564
1710
0
0
0
0
0
0
183
451
0
0
0
0
0
0
2163
2001
0
0
0
0
0
0
1577
3081
0
0
0
0
0
0
2328
2468
0
0
0
0
0
0
3703
1420
0
0
0
0
0
0
2019
2271
0
0
0
0
0
0
1071
1704
0
0
0
0
0
0
1568
1599
0
0
0
0
0
0
2656
1515
0
0
0
0
0
0
1832
1234
0
0
0
0
0
0
2318
3651
0
0
0
0
0
0
2555
1861
0
0
0
0
0
0
2506
2868
0
0
0
0
0
0
2916
2956
0
0
0
0
0
0
444
2294
0
0
0
0
0
0
2214
3306
0
0
0
0
0
0
1315
2463
0
0
0
0
0
0
1066
2254
0
0
0
0
0
0
1863
1481
0
0
0
0
0
0
718
703
0
0
0
0
0
0
1676
1526
0
0
0
0
0
0
1844
296
0
0
0
0
0
0
2547
1956
0
0
0
0
0
0
3451
1741
0
0
0
0
0
0
2444
2222
0
0
0
0
0
0
3860
3775
0
0
0
0
0
0
2077
2047
0
0
0
0
0
0
2341
984
0
0
0
0
0
0
1930
1723
0
0
0
0
0
0
251
2509
0
0
0
0
0
0
2160
1971
0
0
0
0
0
0
3037
2240
0
0
0
0
0
0
2422
2568
0
0
0
0
0
0
806
2813
0
0
0
0
0
0
2058
2798
0
0
0
0
0
0
1906
573
0
0
0
0
0
0
1455
2067
0
0
0
0
0
0
1343
2165
0
0
0
0
0
0
1232
1050
0
0
0
0
0
0
3514
1815
0
0
0
0
0
0
2025
837
0
0
0
0
0
0
1864
3778
0
0
0
0
0
0
3102
1981
0
0
0
0
0
0
2205
2468
0
0
0
0
0
0
3318
3483
0
0
0
0
0
0
250
1752
0
0
0
0
0
0
2103
3758
0
0
0
0
0
0
1673
2228
0
0
0
0
0
0
544
2216
0
0
0
0
0
0
1676
1998
0
0
0
0
0
0
260
211
0
0
0
0
0
0
1924
2089
0
0
0
0
0
0
1868
3118
0
0
0
0
0
0
2035
2291
0
0
0
0
0
0
1662
914
0
0
0
0
0
0
1880
1996
0
0
0
0
0
0
1038
1950
0
0
0
0
0
0
1734
1462
0
0
0
0
0
0
3178
1274
0
0
0
0
0
0
2144
1344
0
0
0
0
0
0
2087
3420
0
0
0
0
0
0
2685
2129
0
0
0
0
0
0
2745
1824
0
0
0
0
0
0
2808
3101
0
0
0
0
0
0
660
2261
0
0
0
0
0
0
1961
3212
0
0
0
0
0
0
2312
385
0
0
0
0
0
0
931
2011
0
0
0
0
0
0
1893
1710
0
0
0
0
0
0
804
539
0
0
0
0
0
0
3766
2357
0
0
0
0
0
0
2071
3676
0
0
0
0
0
0
2351
1793
0
0
0
0
0
0
3601
1951
0
0
0
0
0
0
1615
2249
0
0
0
0
0
0
483
1668
0
0
0
0
0
0
2227
1967
0
0
0
0
0
0
2148
958
0
0
0
0
0
0
1886
1871
0
0
0
0
0
0
2370
3109
0
0
0
0
0
0
2231
2158
0
0
0
0
0
0
3059
2083
0
0
0
0
0
0
2316
2657
0
0
0
0
0
0
967
2812
0
0
0
0
0
0
1885
2715
0
0
0
0
0
0
2050
717
0
0
0
0
0
0
1375
1903
0
0
0
0
0
0
1342
2313
0
0
0
0
0
0
1305
957
0
0
0
0
0
0
3386
1834
0
0
0
0
0
0
2173
892
0
0
0
0
0
0
1735
3668
0
0
0
0
0
0
3185
2119
0
0
0
0
0
0
2189
2338
0
0
0
0
0
0
3270
3573
0
0
0
0
0
0
347
1721
0
0
0
0
0
0
1985
405
0
0
0
0
0
0
1767
2315
0
0
0
0
0
0
467
2111
0
0
0
0
0
0
2479
1864
0
0
0
0
0
0
3609
2401
0
0
0
0
0
0
1846
2128
0
0
0
0
0
0
1957
3134
0
0
0
0
0
0
2185
2206
0
0
0
0
0
0
1730
993
0
0
0
0
0
0
1849
1913
0
0
0
0
0
0
1026
2015
0
0
0
0
0
0
1777
1426
0
0
0
0
0
0
3114
1274
0
0
0
0
0
0
2208
1377
0
0
0
0
0
0
2036
3367
0
0
0
0
0
0
2714
2186
0
0
0
0
0
0
2744
1776
0
0
0
0
0
0
2785
3129
0
0
0
0
0
0
696
2254
0
0
0
0
0
0
1921
3197
0
0
0
0
0
0
2342
414
0
0
0
0
0
0
911
1980
0
0
0
0
0
0
1897
1734
0
0
0
0
0
0
812
526
0
0
0
0
0
0
3753
2362
0
0
0
0
0
0
2085
3679
0
0
0
0
0
0
2341
1787
0
0
0
0
0
0
3603
1953
0
0
0
0
0
0
1615
2249
0
0
0
0
0
0
485
1663
0
0
0
0
0
0
2220
1971
0
0
0
0
0
0
2161
960
0
0
0
0
0
0
1868
1861
0
0
0
0
0
0
2386
3127
0
0
0
0
0
0
2223
2134
0
0
0
0
0
0
3055
2110
0
0
0
0
0
0
2335
2639
0
0
0
0
0
0
931
2814
0
0
0
0
0
0
1929
2736
0
0
0
0
0
0
2007
676
0
0
0
0
0
0
1401
1955
0
0
0
0
0
0
1342
2261
0
0
0
0
0
0
1277
993
0
0
0
0
0
0
3440
1825
0
0
0
0
0
0
2103
866
0
0
0
0
0
0
1802
3725
0
0
0
0
0
0
3138
2042
0
0
0
0
0
0
2199
2418
0
0
0
0
0
0
3299
3512
0
0
0
0
0
0
278
1744
0
0
0
0
0
0
2077
3749
0
0
0
0
0
0
1691
2239
0
0
0
0
0
0
540
2209
0
0
0
0
0
0
1677
1998
0
0
0
0
0
0
259
216
0
0
0
0
0
0
1933
2081
0
0
0
0
0
0
1843
3118
0
0
0
0
0
0
2067
2312
0
0
0
0
0
0
1628
876
0
0
0
0
0
0
1899
2049
0
0
0
0
0
0
1042
1897
0
0
0
0
0
0
1694
1495
0
0
0
0
0
0
3246
1272
0
0
0
0
0
0
2056
1302
0
0
0
0
0
0
2167
3500
0
0
0
0
0
0
2634
2025
0
0
0
0
0
0
2747
1926
0
0
0
0
0
0
2865
3030
0
0
0
0
0
0
553
2277
0
0
0
0
0
0
2098
3264
0
0
0
0
0
0
2180
272
0
0
0
0
0
0
1020
2163
0
0
0
0
0
0
1872
1554
0
0
0
0
0
0
743
661
0
0
0
0
0
0
1636
1536
0
0
0
0
0
0
1883
306
0
0
0
0
0
0
2522
1938
0
0
0
0
0
0
3459
1753
0
0
0
0
0
0
2445
2222
0
0
0
0
0
0
3862
3765
0
0
0
0
0
0
2061
2057
0
0
0
0
0
0
2376
988
0
0
0
0
0
0
1881
1694
0
0
0
0
0
0
300
2567
0
0
0
0
0
0
2130
1893
0
0
0
0
0
0
3027
2316
0
0
0
0
0
0
2480
2518
0
0
0
0
0
0
1480
2573
0
0
0
0
0
0
2184
2859
0
0
0
0
0
0
1788
457
0
0
0
0
0
0
1529
2219
0
0
0
0
0
0
1583
1214
0
0
0
0
0
0
1163
1146
0
0
0
0
0
0
3672
1789
0
0
0
0
0
0
1824
764
0
0
0
0
0
0
2863
1700
0
0
0
0
0
0
2974
1754
0
0
0
0
0
0
2238
2698
0
0
0
0
0
0
3408
3308
0
0
0
0
0
0
2348
2578
0
0
0
0
0
0
2378
3825
0
0
0
0
0
0
1396
2028
0
0
0
0
0
0
753
2507
0
0
0
0
0
0
1565
1710
0
0
0
0
0
0
182
465
0
0
0
0
0
0
2184
1989
0
0
0
0
0
0
1533
3850
0
0
0
0
0
0
2375
2512
0
0
0
0
0
0
3642
1348
0
0
0
0
0
0
2057
2372
0
0
0
0
0
0
1084
1607
0
0
0
0
0
0
1492
1664
0
0
0
0
0
0
2788
1513
0
0
0
0
0
0
1671
1156
0
0
0
0
0
0
2471
3803
0
0
0
0
0
0
2459
1664
0
0
0
0
0
0
2508
3064
0
0
0
0
0
0
3024
2819
0
0
0
0
0
0
2510
3101
0
0
0
0
0
0
2476
3401
0
0
0
0
0
0
1032
2222
0
0
0
0
0
0
1239
2545
0
0
0
0
0
0
1048
1423
0
0
0
0
0
0
602
929
0
0
0
0
0
0
1910
1456
0
0
0
0
0
0
1492
208
0
0
0
0
0
0
2663
2244
0
0
0
0
0
0
3180
1366
0
0
0
0
0
0
2581
2601
0
0
0
0
0
0
3961
3444
0
0
0
0
0
0
1748
2184
0
0
0
0
0
0
2775
267
0
0
0
0
0
0
1450
1460
0
0
0
0
0
0
629
2955
0
0
0
0
0
0
1943
1479
0
0
0
0
0
0
3748
1185
0
0
0
0
0
0
2726
2310
0
0
0
0
0
0
1083
3347
0
0
0
0
0
0
2642
3059
0
0
0
0
0
0
2909
3122
0
0
0
0
0
0
1743
2673
0
0
0
0
0
0
31
3311
0
0
0
0
0
0
939
1420
0
0
0
0
0
0
1015
1196
0
0
0
0
0
0
1361
593
0
0
0
0
0
0
776
1316
0
0
0
0
0
0
2694
1292
0
0
0
0
0
0
2833
2940
0
0
0
0
0
0
3580
2981
0
0
0
0
0
0
2725
2433
0
0
0
0
0
0
2849
3945
0
0
0
0
0
0
1111
1661
0
0
0
0
0
0
1089
2973
0
0
0
0
0
0
1652
1210
0
0
0
0
0
0
61
1620
0
0
0
0
0
0
2478
1829
0
0
0
0
0
0
1059
3787
0
0
0
0
0
0
2934
2813
0
0
0
0
0
0
2478
3157
0
0
0
0
0
0
2272
2862
0
0
0
0
0
0
3695
2908
0
0
0
0
0
0
1229
1892
0
0
0
0
0
0
985
4062
0
0
0
0
0
0
1134
871
0
0
0
0
0
0
1177
1234
0
0
0
0
0
0
2175
1155
0
0
0
0
0
0
4086
1017
0
0
0
0
0
0
3258
2519
0
0
0
0
0
0
2804
3674
0
0
0
0
0
0
2996
3608
0
0
0
0
0
0
3018
2571
0
0
0
0
0
0
2372
788
0
0
0
0
0
0
424
3155
0
0
0
0
0
0
1196
1825
0
0
0
0
0
0
1572
819
0
0
0
0
0
0
3207
810
0
0
0
0
0
0
991
1855
0
0
0
0
0
0
2225
3094
0
0
0
0
0
0
3275
903
0
0
0
0
0
0
3303
2488
0
0
0
0
0
0
2183
2903
0
0
0
0
0
0
1058
3692
0
0
0
0
0
0
3124
1872
0
0
0
0
0
0
1642
1214
0
0
0
0
0
0
1171
3160
0
0
0
0
0
0
378
1425
0
0
0
0
0
0
2263
1515
0
0
0
0
0
0
2812
4090
0
0
0
0
0
0
992
2593
0
0
0
0
0
0
2614
2617
0
0
0
0
0
0
2595
1004
0
0
0
0
0
0
10
2785
0
0
0
0
0
0
1457
2287
0
0
0
0
0
0
1531
382
0
0
0
0
0
0
3017
1112
0
0
0
0
0
0
1358
1760
0
0
0
0
0
0
1772
2958
0
0
0
0
0
0
3706
1236
0
0
0
0
0
0
3008
2044
0
0
0
0
0
0
2273
3351
0
0
0
0
0
0
1196
3358
0
0
0
0
0
0
2794
2014
0
0
0
0
0
0
2083
1302
0
0
0
0
0
0
731
2867
0
0
0
0
0
0
705
1849
0
0
0
0
0
0
2127
1066
0
0
0
0
0
0
2720
354
0
0
0
0
0
0
1284
2407
0
0
0
0
0
0
2195
2578
0
0
0
0
0
0
3040
1255
0
0
0
0
0
0
3750
2386
0
0
0
0
0
0
1635
2734
0
0
0
0
0
0
1574
4095
0
0
0
0
0
0
2768
1338
0
0
0
0
0
0
1753
1752
0
0
0
0
0
0
1332
2752
0
0
0
0
0
0
4082
1605
0
0
0
0
0
0
2789
1602
0
0
0
0
0
0
2277
3749
0
0
0
0
0
0
1404
3098
0
0
0
0
0
0
2428
2070
0
0
0
0
0
0
2515
1461
0
0
0
0
0
0
338
2531
0
0
0
0
0
0
960
2278
0
0
0
0
0
0
2075
654
0
0
0
0
0
0
2561
648
0
0
0
0
0
0
1618
2307
0
0
0
0
0
0
1773
2463
0
0
0
0
0
0
3443
1556
0
0
0
0
0
0
3466
1978
0
0
0
0
0
0
1731
3150
0
0
0
0
0
0
1690
3776
0
0
0
0
0
0
2470
1479
0
0
0
0
0
0
2160
1822
0
0
0
0
0
0
921
2489
0
0
0
0
0
0
298
1993
0
0
0
0
0
0
2654
1188
0
0
0
0
0
0
2205
4091
0
0
0
0
0
0
1664
2918
0
0
0
0
0
0
2043
2046
0
0
0
0
0
0
2927
1683
0
0
0
0
0
0
5
2170
0
0
0
0
0
0
1134
2688
0
0
0
0
0
0
2104
296
0
0
0
0
0
0
2340
863
0
0
0
0
0
0
1975
2288
0
0
0
0
0
0
1369
2285
0
0
0
0
0
0
3795
1890
0
0
0
0
0
0
3255
1573
0
0
0
0
0
0
1748
3523
0
0
0
0
0
0
1868
3529
0
0
0
0
0
0
2141
1543
0
0
0
0
0
0
2555
1957
0
0
0
0
0
0
558
2189
0
0
0
0
0
0
537
2382
0
0
0
0
0
0
2596
810
0
0
0
0
0
0
2069
269
0
0
0
0
0
0
1963
2816
0
0
0
0
0
0
1661
1952
0
0
0
0
0
0
3296
1948
0
0
0
0
0
0
3836
1799
0
0
0
0
0
0
1231
3069
0
0
0
0
0
0
2200
4094
0
0
0
0
0
0
2077
1002
0
0
0
0
0
0
2341
2338
0
0
0
0
0
0
995
2057
0
0
0
0
0
0
4084
2237
0
0
0
0
0
0
3122
1195
0
0
0
0
0
0
1692
3837
0
0
0
0
0
0
2096
3354
0
0
0
0
0
0
1798
1532
0
0
0
0
0
0
2927
2147
0
0
0
0
0
0
250
1867
0
0
0
0
0
0
705
2753
0
0
0
0
0
0
2608
479
0
0
0
0
0
0
1878
474
0
0
0
0
0
0
2279
2786
0
0
0
0
0
0
1295
1800
0
0
0
0
0
0
3618
2242
0
0
0
0
0
0
3636
1439
0
0
0
0
0
0
1256
3409
0
0
0
0
0
0
2351
3863
0
0
0
0
0
0
1787
1071
0
0
0
0
0
0
2697
2452
0
0
0
0
0
0
662
1793
0
0
0
0
0
0
213
2583
0
0
0
0
0
0
3061
852
0
0
0
0
0
0
1579
4093
0
0
0
0
0
0
2358
3253
0
0
0
0
0
0
1456
1457
0
0
0
0
0
0
3262
2378
0
0
0
0
0
0
3
1539
0
0
0
0
0
0
803
3099
0
0
0
0
0
0
2685
209
0
0
0
0
0
0
1652
608
0
0
0
0
0
0
2602
2822
0
0
0
0
0
0
961
1605
0
0
0
0
0
0
3885
2548
0
0
0
0
0
0
3508
1098
0
0
0
0
0
0
1218
3696
0
0
0
0
0
0
2544
3700
0
0
0
0
0
0
1484
1070
0
0
0
0
0
0
3028
2614
0
0
0
0
0
0
384
1512
0
0
0
0
0
0
370
2914
0
0
0
0
0
0
3063
556
0
0
0
0
0
0
1418
185
0
0
0
0
0
0
2634
3220
0
0
0
0
0
0
1134
1332
0
0
0
0
0
0
3551
2632
0
0
0
0
0
0
3916
1221
0
0
0
0
0
0
834
3401
0
0
0
0
0
0
2811
4095
0
0
0
0
0
0
1401
675
0
0
0
0
0
0
2916
2916
0
0
0
0
0
0
666
1379
0
0
0
0
0
0
4089
2853
0
0
0
0
0
0
3445
796
0
0
0
0
0
0
1127
3924
0
0
0
0
0
0
2767
3602
0
0
0
0
0
0
1188
1013
0
0
0
0
0
0
3324
2808
0
0
0
0
0
0
164
1229
0
0
0
0
0
0
463
3215
0
0
0
0
0
0
3121
313
0
0
0
0
0
0
1225
307
0
0
0
0
0
0
2913
3243
0
0
0
0
0
0
841
1168
0
0
0
0
0
0
3786
2896
0
0
0
0
0
0
3798
926
0
0
0
0
0
0
808
3654
0
0
0
0
0
0
2975
3945
0
0
0
0
0
0
1141
684
0
0
0
0
0
0
3203
3047
0
0
0
0
0
0
422
1139
0
0
0
0
0
0
135
3136
0
0
0
0
0
0
3440
539
0
0
0
0
0
0
994
4092
0
0
0
0
0
0
3004
3566
0
0
0
0
0
0
911
912
0
0
0
0
0
0
3576
3025
0
0
0
0
0
0
1
956
0
0
0
0
0
0
496
3477
0
0
0
0
0
0
3224
127
0
0
0
0
0
0
1016
373
0
0
0
0
0
0
3179
3314
0
0
0
0
0
0
586
980
0
0
0
0
0
0
3966
3152
0
0
0
0
0
0
3737
666
0
0
0
0
0
0
737
3853
0
0
0
0
0
0
3160
3856
0
0
0
0
0
0
890
642
0
0
0
0
0
0
3455
3207
0
0
0
0
0
0
227
900
0
0
0
0
0
0
220
3393
0
0
0
0
0
0
3482
327
0
0
0
0
0
0
837
108
0
0
0
0
0
0
3236
3581
0
0
0
0
0
0
664
778
0
0
0
0
0
0
3777
3243
0
0
0
0
0
0
3991
707
0
0
0
0
0
0
481
3694
0
0
0
0
0
0
3355
4095
0
0
0
0
0
0
802
387
0
0
0
0
0
0
3421
3420
0
0
0
0
0
0
377
784
0
0
0
0
0
0
4091
3390
0
0
0
0
0
0
3727
447
0
0
0
0
0
0
631
3997
0
0
0
0
0
0
3351
3818
0
0
0
0
0
0
659
563
0
0
0
0
0
0
3667
3381
0
0
0
0
0
0
89
677
0
0
0
0
0
0
254
3612
0
0
0
0
0
0
3561
170
0
0
0
0
0
0
665
167
0
0
0
0
0
0
3454
3631
0
0
0
0
0
0
453
628
0
0
0
0
0
0
3930
3452
0
0
0
0
0
0
3937
494
0
0
0
0
0
0
429
3860
0
0
0
0
0
0
3502
4014
0
0
0
0
0
0
598
358
0
0
0
0
0
0
3626
3545
0
0
0
0
0
0
217
590
0
0
0
0
0
0
68
3598
0
0
0
0
0
0
3758
275
0
0
0
0
0
0
507
4092
0
0
0
0
0
0
3539
3825
0
0
0
0
0
0
459
459
0
0
0
0
0
0
3834
3554
0
0
0
0
0
0
4095
478
0
0
0
0
0
0
247
3789
0
0
0
0
0
0
3664
61
0
0
0
0
0
0
497
182
0
0
0
0
0
0
3646
3713
0
0
0
0
0
0
282
473
0
0
0
0
0
0
4033
3641
0
0
0
0
0
0
3923
317
0
0
0
0
0
0
349
3979
0
0
0
0
0
0
3652
3981
0
0
0
0
0
0
416
299
0
0
0
0
0
0
3796
3680
0
0
0
0
0
0
103
415
0
0
0
0
0
0
100
3771
0
0
0
0
0
0
3814
148
0
0
0
0
0
0
378
48
0
0
0
0
0
0
3708
3862
0
0
0
0
0
0
294
346
0
0
0
0
0
0
3954
3717
0
0
0
0
0
0
4048
309
0
0
0
0
0
0
210
3919
0
0
0
0
0
0
3774
4093
0
0
0
0
0
0
342
165
0
0
0
0
0
0
3807
3807
0
0
0
0
0
0
159
329
0
0
0
0
0
0
4092
3798
0
0
0
0
0
0
3942
185
0
0
0
0
0
0
258
4055
0
0
0
0
0
0
3790
3980
0
0
0
0
0
0
265
225
0
0
0
0
0
0
3922
3808
0
0
0
0
0
0
34
266
0
0
0
0
0
0
96
3904
0
0
0
0
0
0
3886
63
0
0
0
0
0
0
253
62
0
0
0
0
0
0
3851
3918
0
0
0
0
0
0
168
234
0
0
0
0
0
0
4031
3854
0
0
0
0
0
0
4034
178
0
0
0
0
0
0
154
4009
0
0
0
0
0
0
3881
4065
0
0
0
0
0
0
211
125
0
0
0
0
0
0
3930
3901
0
0
0
0
0
0
74
203
0
0
0
0
0
0
21
3925
0
0
0
0
0
0
3980
91
0
0
0
0
0
0
168
4093
0
0
0
0
0
0
3911
4005
0
0
0
0
0
0
146
148
0
0
0
0
0
0
4010
3921
0
0
0
0
0
0
4095
149
0
0
0
0
0
0
75
3999
0
0
0
0
0
0
3962
17
0
0
0
0
0
0
149
52
0
0
0
0
0
0
3961
3981
0
0
0
0
0
0
81
137
0
0
0
0
0
0
4076
3964
0
0
0
0
0
0
4044
88
0
0
0
0
0
0
94
4063
0
0
0
0
0
0
3972
4062
0
0
0
0
0
0
108
77
0
0
0
0
0
0
4016
3986
0
0
0
0
0
0
25
104
0
0
0
0
0
0
23
4013
0
0
0
0
0
0
4023
33
0
0
0
0
0
0
88
9
0
0
0
0
0
0
4003
4041
0
0
0
0
0
0
64
76
0
0
0
0
0
0
4062
4009
0
0
0
0
0
0
4083
65
0
0
0
0
0
0
43
4055
0
0
0
0
0
0
4026
4094
0
0
0
0
0
0
67
31
0
0
0
0
0
0
4037
4037
0
0
0
0
0
0
26
59
0
0
0
0
0
0
4093
4039
0
0
0
0
0
0
4066
30
0
0
0
0
0
0
42
4086
0
0
0
0
0
0
4042
4074
0
0
0
0
0
0
40
33
0
0
0
0
0
0
4066
4048
0
0
0
0
0
0
2
38
0
0
0
0
0
0
12
4067
0
0
0
0
0
0
4065
7
0
0
0
0
0
0
31
6
0
0
0
0
0
0
4064
4071
0
0
0
0
0
0
17
25
0
0
0
0
0
0
4087
4066
0
0
0
0
0
0
4087
17
0
0
0
0
0
0
12
4085
0
0
0
0
0
0
4073
4090
0
0
0
0
0
0
16
8
0
0
0
0
0
0
4079
4078
0
0
0
0
0
0
4
15
0
0
0
0
0
0
4094
4080
0
0
0
0
0
0
4086
2
0
0
0
0
0
0
9
4095
0
0
0
0
0
0
4083
4089
0
0
0
0
0
0
4
4
0
0
0
0
0
0
4089
4086
0
0
0
0
0
0
4093
3
0
0
0
0
0
0
1
4090
0
0
0
0
0
0
4090
4094
0
0
0
0
0
0
1
4095
0
0
0
0
0
0
4091
4091
0
0
0
0
0
0
4093
0
0
0
0
0
0
0
4092
4091
0
0
0
0
0
0
4092
4094
0
0
0
0
0
0
4095
4092
0
0
0
0
0
0
4091
4092
0
0
0
0
0
0
4095
4095
0
0
0
0
0
0
4092
4092
0
0
0
0
0
0
4094
4095
0
0
0
0
0
0
4095
0
0
0
0
0
0
0
0
0
0
0
0
0
0
0
0
0
0
0
0
0
0
0
0
0
0
0
0
0
0
0
0
0
0
0
0
0
0
0
0
0
0
0
0
0
0
0
0
0
0
0
0
0
0
0
0
0
0
0
0
0
0
0
0
0
0
0
0
0
0
0
0
0
0
0
0
0
0
0
0
0
0
0
0
0
0
0
0
0
0
0
0
0
0
0
0
0
0
0
0
0
0
0
0
0
0
0
0
0
0
0
0
0
0
0
0
0
0
0
0
0
0
0
0
0
0
0
0
0
0
0
0
0
0
0
0
0
0
0
0
0
0
0
0
0
0
0
0
0
0
0
0
0
0
0
0
0
0
0
0
0
0
0
0
0
0
0
0
0
0
0
0
0
0
0
0
0
0
0
0
0
0
0
0
0
0
0
0
0
0
0
0
0
0
0
0
0
0
0
0
0
0
0
0
0
0
0
0
0
0
0
0
0
0
0
0
0
0
0
0
0
0
0
0
0
0
0
0
0
0
0
0
0
0
0
0
0
0
0
0
0
0
0
0
0
0
0
0
0
0
0
0
0
0
0
0
0
0
0
0
0
0
0
0
0
0
0
0
0
0
0
0
0
0
0
0
0
0
0
0
0
0
0
0
0
0
0
0
0
0
0
0
0
0
0
0
0
0
0
0
0
0
0
0
0
0
0
0
0
0
0
0
0
0
0
0
0
0
0
0
0
0
0
0
0
0
0
0
0
0
0
0
0
0
0
0
0
0
0
0
0
0
0
0
0
0
0
0
0
0
0
0
0
0
0
0
0
0
0
0
0
0
0
0
0
0
0
0
0
0
0
0
0
0
0
0
0
0
0
0
0
0
0
0
0
0
0
0
0
0
0
0
0
0
0
0
0
0
0
0
0
0
0
0
0
0
0
0
0
0
0
0
0
0
0
0
0
0
0
0
0
0
0
0
0
0
0
0
0
0
0
0
0
0
0
0
0
0
0
0
0
0
0
0
0
0
0
0
0
0
0
0
0
0
0
0
0
0
0
0
0
0
0
0
0
0
0
0
0
0
0
0
0
0
0
0
0
0
0
0
0
0
0
0
0
0
0
0
0
0
0
0
0
0
0
0
0
0
0
0
0
0
0
0
0
0
0
0
0
0
0
0
0
0
0
0
0
0
0
0
0
0
0
0
0
0
0
0
0
0
0
0
0
0
0
0
0
0
0
0
0
0
0
0
0
0
0
0
0
0
0
0
0
0
0
0
0
0
0
0
0
0
0
0
0
0
0
0
0
0
0
0
0
0
0
0
0
0
0
0
0
0
0
0
0
0
0
0
0
0
0
0
0
0
0
0
0
0
0
0
0
0
0
0
0
0
0
0
0
0
0
0
0
0
0
0
0
0
0
0
0
0
0
0
0
0
0
0
0
0
0
0
0
0
0
0
0
0
0
0
0
0
0
0
0
0
0
0
0
0
0
0
0
0
0
0
0
0
0
0
0
0
0
0
0
0
0
0
0
0
0
0
0
0
0
0
0
0
0
0
0
0
0
0
0
0
0
0
0
0
0
0
0
0
0
0
0
0
0
0
0
0
0
0
0
0
0
0
0
0
0
0
0
0
0
0
0
0
0
0
0
0
0
0
0
0
0
0
0
0
0
0
0
0
0
0
0
0
0
0
0
0
0
0
0
0
0
0
0
0
0
0
0
0
0
0
0
0
0
0
0
0
0
0
0
0
0
0
0
0
0
0
0
0
0
0
0
0
0
0
0
0
0
0
0
0
0
0
0
0
0
0
0
0
0
0
0
0
0
0
0
0
0
0
0
0
0
0
0
0
0
0
0
0
0
0
0
0
0
0
0
0
0
0
0
0
0
0
0
0
0
0
0
0
0
0
0
0
0
0
0
0
0
0
0
0
0
0
0
0
0
0
0
0
0
0
0
0
0
0
0
0
0
0
0
0
0
0
0
0
0
0
0
0
0
0
0
0
0
0
0
0
0
0
0
0
0
0
0
0
0
0
0
0
0
0
0
0
0
0
0
0
0
0
0
0
0
0
0
0
0
0
0
0
0
0
0
0
0
0
0
0
0
0
0
0
0
0
0
0
0
0
0
0
0
0
0
0
0
0
0
0
0
0
0
0
0
0
0
0
0
0
0
0
0
0
0
0
0
0
0
0
0
0
0
0
0
0
0
0
0
0
0
0
0
0
0
0
0
0
0
0
0
0
0
0
0
0
0
0
0
0
0
0
0
0
0
0
0
0
0
0
0
0
0
0
0
0
0
0
0
0
0
0
0
0
0
0
0
0
0
0
0
0
0
0
0
0
0
0
0
0
0
0
0
0
0
0
0
0
0
0
0
0
0
0
0
0
0
0
0
0
0
0
0
0
0
0
0
0
0
0
0
0
0
0
0
0
0
0
0
0
0
0
0
0
0
0
0
0
0
0
0
0
0
0
0
0
0
0
0
0
0
0
0
0
0
0
0
0
0
0
0
0
0
0
0
0
0
0
0
0
0
0
0
0
0
0
0
0
0
0
0
0
0
0
0
0
0
0
0
0
0
0
0
0
0
0
0
0
0
0
0
0
0
0
0
0
0
0
0
0
0
0
0
0
0
0
0
0
0
0
0
0
0
0
0
0
0
0
0
0
0
0
0
0
0
0
0
0
0
0
0
0
0
0
0
0
0
0
0
0
0
0
0
0
0
0
0
0
0
0
0
0
0
0
0
0
0
0
0
0
0
0
0
0
0
0
0
0
0
0
0
0
0
0
0
0
0
0
0
0
0
0
0
0
0
0
0
0
0
0
0
0
0
0
0
0
0
0
0
0
0
0
0
0
0
0
0
0
0
0
0
0
0
0
0
0
0
0
0
0
0
0
0
0
0
0
0
0
0
0
0
0
0
0
0
0
0
0
0
0
0
0
0
0
0
0
0
0
0
0
0
0
0
0
0
0
0
0
0
0
0
0
0
0
0
0
0
0
0
0
0
0
0
0
0
0
0
0
0
0
0
0
0
0
0
0
0
0
0
0
0
0
0
0
0
0
0
0
0
0
0
0
0
0
0
0
0
0
0
0
0
0
0
0
0
0
0
0
0
0
0
0
0
0
0
0
0
0
0
0
0
0
0
0
0
0
0
0
0
0
0
0
0
0
0
0
0
0
0
0
0
0
0
0
0
0
0
0
0
0
0
0
0
0
0
0
0
0
0
0
0
0
0
0
0
0
0
0
0
0
0
0
0
0
0
0
0
0
0
0
0
0
0
0
0
0
0
0
0
0
0
0
0
0
0
0
0
0
0
0
0
0
0
0
0
0
0
0
0
0
0
0
0
0
0
0
0
0
0
0
0
0
0
0
0
0
0
0
0
0
0
0
0
0
0
0
0
0
0
0
0
0
0
0
0
0
0
0
0
0
0
0
0
0
0
0
0
0
0
0
0
0
0
0
0
0
0
0
0
0
0
0
0
0
0
0
0
0
0
0
0
0
0
0
0
0
0
0
0
0
0
0
0
0
0
0
0
0
0
0
0
0
0
0
0
0
0
0
0
0
0
0
0
0
0
0
0
0
0
0
0
0
0
0
0
0
0
0
0
0
0
0
0
0
0
0
0
0
0
0
0
0
0
0
0
0
0
0
0
0
0
0
0
0
0
0
0
0
0
0
0
0
0
0
0
0
0
0
0
0
0
0
0
0
0
0
0
0
0
0
0
0
0
0
0
0
0
0
0
0
0
0
0
0
0
0
0
0
0
0
0
0
0
0
0
0
0
0
0
0
0
0
0
0
0
0
0
0
0
0
0
0
0
0
0
0
0
0
0
0
0
0
0
0
0
0
0
0
0
0
0
0
0
0
0
0
0
0
0
0
0
0
0
0
0
0
0
0
0
0
0
0
0
0
0
0
0
0
0
0
0
0
0
0
0
0
0
0
0
0
0
0
0
0
0
0
0
0
0
0
0
0
0
0
0
0
0
0
0
0
0
0
0
0
0
0
0
0
0
0
0
0
0
0
0
0
0
0
0
0
0
0
0
0
0
0
0
0
0
0
0
0
0
0
0
0
0
0
0
0
0
0
0
0
0
0
0
0
0
0
0
0
0
0
0
0
0
0
0
0
0
0
0
0
0
0
0
0
0
0
0
0
0
0
0
0
0
0
0
0
0
0
0
0
0
0
0
0
0
0
0
0
0
0
0
0
0
0
0
0
0
0
0
0
0
0
0
0
0
0
0
0
0
0
0
0
0
0
0
0
0
0
0
0
0
0
0
0
0
0
0
0
0
0
0
0
0
0
0
0
0
0
0
0
0
0
0
0
0
0
0
0
0
0
0
0
0
0
0
0
0
0
0
0
0
0
0
0
0
0
0
0
0
0
0
0
0
0
0
0
0
0
0
0
0
0
0
0
0
0
0
0
0
0
0
0
0
0
0
0
0
0
0
0
0
0
0
0
0
0
0
0
0
0
0
0
0
0
0
0
0
0
0
0
0
0
0
0
0
0
0
0
0
0
0
0
0
0
0
0
0
0
0
0
0
0
0
0
0
0
0
0
0
0
0
0
0
0
0
0
0
0
0
0
0
0
0
0
0
0
0
0
0
0
0
0
0
0
0
0
0
0
0
0
0
0
0
0
0
0
0
0
0
0
0
0
0
0
0
0
0
0
0
0
0
0
0
0
0
0
0
0
0
0
0
0
0
0
0
0
0
0
0
0
0
0
0
0
0
0
0
0
0
0
0
0
0
0
0
0
0
0
0
0
0
0
0
0
0
0
0
0
0
0
0
0
0
0
0
0
0
0
0
0
0
0
0
0
0
0
0
0
0
0
0
0
0
0
0
0
0
0
0
0
0
0
0
0
0
0
0
0
0
0
0
0
0
0
0
0
0
0
0
0
0
0
0
0
0
0
0
0
0
0
0
0
0
0
0
0
0
0
0
0
0
0
0
0
0
0
0
0
0
0
0
0
0
0
0
0
0
0
0
0
0
0
0
0
0
0
0
0
0
0
0
0
0
0
0
0
0
0
0
0
0
0
0
0
0
0
0
0
0
0
0
0
0
0
0
0
0
0
0
0
0
0
0
0
0
0
0
0
0
0
0
0
0
0
0
0
0
0
0
0
0
0
0
0
0
0
0
0
0
0
0
0
0
0
0
0
0
0
0
0
0
0
0
0
0
0
0
0
0
0
0
0
0
0
0
0
0
0
0
0
0
0
0
0
0
0
0
0
0
0
0
0
0
0
0
0
0
0
0
0
0
0
0
0
0
0
0
0
0
0
0
0
0
0
0
0
0
0
0
0
0
0
0
0
0
0
0
0
0
0
0
0
0
0
0
0
0
0
0
0
0
0
0
0
0
0
0
0
0
0
0
0
0
0
0
0
0
0
0
0
0
0
0
0
0
0
0
0
0
0
0
0
0
0
0
0
0
0
0
0
0
0
0
0
0
0
0
0
0
0
0
0
0
0
0
0
0
0
0
0
0
0
0
0
0
0
0
0
0
0
0
0
0
0
0
0
0
0
0
0
0
0
0
0
0
0
0
0
0
0
0
0
0
0
0
0
0
0
0
0
0
0
0
0
0
0
0
0
0
0
0
0
0
0
0
0
0
0
0
0
0
0
0
0
0
0
0
0
0
0
0
0
0
0
0
0
0
0
0
0
0
0
0
0
0
0
0
0
0
0
0
0
0
0
0
0
0
0
0
0
0
0
0
0
0
0
0
0
0
0
0
0
0
0
0
0
0
0
0
0
0
0
0
0
0
0
0
0
0
0
0
0
0
0
0
0
0
0
0
0
0
0
0
0
0
0
0
0
0
0
0
0
0
0
0
0
0
0
0
0
0
0
0
0
0
0
0
0
0
0
0
0
0
0
0
0
0
0
0
0
0
0
0
0
0
0
0
0
0
0
0
0
0
0
0
0
0
0
0
0
0
0
0
0
0
0
0
0
0
0
0
0
0
0
0
0
0
0
0
0
0
0
0
0
0
0
0
0
0
0
0
0
0
0
0
0
0
0
0
0
0
0
0
0
0
0
0
0
0
0
0
0
0
0
0
0
0
0
0
0
0
0
0
0
0
0
0
0
0
0
0
0
0
0
0
0
0
0
0
0
0
0
0
0
0
0
0
0
0
0
0
0
0
0
0
0
0
0
0
0
0
0
0
0
0
0
0
0
0
0
0
0
0
0
0
0
0
0
0
0
0
0
0
0
0
0
0
0
0
0
0
0
0
0
0
0
0
0
0
0
0
0
0
0
0
0
0
0
0
0
0
0
0
0
0
0
0
0
0
0
0
0
0
0
0
0
0
0
0
0
0
0
0
0
0
0
0
0
0
0
0
0
0
0
0
0
0
0
0
0
0
0
0
0
0
0
0
0
0
0
0
0
0
0
0
0
0
0
0
0
0
0
0
0
0
0
0
0
0
0
0
0
0
0
0
0
0
0
0
0
0
0
0
0
0
0
0
0
0
0
0
0
0
0
0
0
0
0
0
0
0
0
0
0
0
0
0
0
0
0
0
0
0
0
0
0
0
0
0
0
0
0
0
0
0
0
0
0
0
0
0
0
0
0
0
0
0
0
0
0
0
0
0
0
0
0
0
0
0
0
0
0
0
0
0
0
0
0
0
0
0
0
0
0
0
0
0
0
0
0
0
0
0
0
0
0
0
0
0
0
0
0
0
0
0
0
0
0
0
0
0
0
0
0
0
0
0
0
0
0
0
0
0
0
0
0
0
0
0
0
0
0
0
0
0
0
0
0
0
0
0
0
0
0
0
0
0
0
0
0
0
0
0
0
0
0
0
0
0
0
0
0
0
0
0
0
0
0
0
0
0
0
0
0
0
0
0
0
0
0
0
0
0
0
0
0
0
0
0
0
0
0
0
0
0
0
0
0
0
0
0
0
0
0
0
0
0
0
0
0
0
0
0
0
0
0
0
0
0
0
0
0
0
0
0
0
0
0
0
0
0
0
0
0
0
0
0
0
0
0
0
0
0
0
0
0
0
0
0
0
0
0
0
0
0
0
0
0
0
0
0
0
0
0
0
0
0
0
0
0
0
0
0
0
0
0
0
0
0
0
0
0
0
0
0
0
0
0
0
0
0
0
0
0
0
0
0
0
0
0
0
0
0
0
0
0
0
0
0
0
0
0
0
0
0
0
0
0
0
0
0
0
0
0
0
0
0
0
0
0
0
0
0
0
0
0
0
0
0
0
0
0
0
0
0
0
0
0
0
0
0
0
0
0
0
0
0
0
0
0
0
0
0
0
0
0
0
0
0
0
0
0
0
0
0
0
0
0
0
0
0
0
0
0
0
0
0
0
0
0
0
0
0
0
0
0
0
0
0
0
0
0
0
0
0
0
0
0
0
0
0
0
0
0
0
0
0
0
0
0
0
0
0
0
0
0
0
0
0
0
0
0
0
0
0
0
0
0
0
0
0
0
0
0
0
0
0
0
0
0
0
0
0
0
0
0
0
0
0
0
0
0
0
0
0
0
0
0
0
0
0
0
0
0
0
0
0
0
0
0
0
0
0
0
0
0
0
0
0
0
0
0
0
0
0
0
0
0
0
0
0
0
0
0
0
0
0
0
0
0
0
0
0
0
0
0
0
0
0
0
0
0
0
0
0
0
0
0
0
0
0
0
0
0
0
0
0
0
0
0
0
0
0
0
0
0
0
0
0
0
0
0
0
0
0
0
0
0
0
0
0
0
0
0
0
0
0
0
0
0
0
0
0
0
0
0
0
0
0
0
0
0
0
0
0
0
0
0
0
0
0
0
0
0
0
0
0
0
0
0
0
0
0
0
0
0
0
0
0
0
0
0
0
0
0
0
0
0
0
0
0
0
0
0
0
0
0
0
0
0
0
0
0
0
0
0
0
0
0
0
0
0
0
0
0
0
0
0
0
0
0
0
0
0
0
0
0
0
0
0
0
0
0
0
0
0
0
0
0
0
0
0
0
0
0
0
0
0
0
0
0
0
0
0
0
0
0
0
0
0
0
0
0
0
0
0
0
0
0
0
0
0
0
0
0
0
0
0
0
0
0
0
0
0
0
0
0
0
0
0
0
0
0
0
0
0
0
0
0
0
0
0
0
0
0
0
0
0
0
0
0
0
0
0
0
0
0
0
0
0
0
0
0
0
0
0
0
0
0
0
0
0
0
0
0
0
0
0
0
0
0
0
0
0
0
0
0
0
0
0
0
0
0
0
0
0
0
0
0
0
0
0
0
0
0
0
0
0
0
0
0
0
0
0
0
0
0
0
0
0
0
0
0
0
0
0
0
0
0
0
0
0
0
0
0
0
0
0
0
0
0
0
0
0
0
0
0
0
0
0
0
0
0
0
0
0
0
0
0
0
0
0
0
0
0
0
0
0
0
0
0
0
0
0
0
0
0
0
0
0
0
0
0
0
0
0
0
0
0
0
0
0
0
0
0
0
0
0
0
0
0
0
0
0
0
0
0
0
0
0
0
0
0
0
0
0
0
0
0
0
0
0
0
0
0
0
0
0
0
0
0
0
0
0
0
0
0
0
0
0
0
0
0
0
0
0
0
0
0
0
0
0
0
0
0
0
0
0
0
0
0
0
0
0
0
0
0
0
0
0
0
0
0
0
0
0
0
0
0
0
0
0
0
0
0
0
0
0
0
0
0
0
0
0
0
0
0
0
0
0
0
0
0
0
0
0
0
0
0
0
0
0
0
0
0
0
0
0
0
0
0
0
0
0
0
0
0
0
0
0
0
0
0
0
0
0
0
0
0
0
0
0
0
0
0
0
0
0
0
0
0
0
0
0
0
0
0
0
0
0
0
0
0
0
0
0
0
0
0
0
0
0
0
0
0
0
0
0
0
0
0
0
0
0
0
0
0
0
0
0
0
0
0
0
0
0
0
0
0
0
0
0
0
0
0
0
0
0
0
0
0
0
0
0
0
0
0
0
0
0
0
0
0
0
0
0
0
0
0
0
0
0
0
0
0
0
0
0
0
0
0
0
0
0
0
0
0
0
0
0
0
0
0
0
0
0
0
0
0
0
0
0
0
0
0
0
0
0
0
0
0
0
0
0
0
0
0
0
0
0
0
0
0
0
0
0
0
0
0
0
0
0
0
0
0
0
0
0
0
0
0
0
0
0
0
0
0
0
0
0
0
0
0
0
0
0
0
0
0
0
0
0
0
0
0
0
0
0
0
0
0
0
0
0
0
0
0
0
0
0
0
0
0
0
0
0
0
0
0
0
0
0
0
0
0
0
0
0
0
0
0
0
0
0
0
0
0
0
0
0
0
0
0
0
0
0
0
0
0
0
0
0
0
0
0
0
0
0
0
0
0
0
0
0
0
0
0
0
0
0
0
0
0
0
0
0
0
0
0
0
0
0
0
0
0
0
0
0
0
0
0
0
0
0
0
0
0
0
0
0
0
0
0
0
0
0
0
0
0
0
0
0
0
0
0
0
0
0
0
0
0
0
0
0
0
0
0
0
0
0
0
0
0
0
0
0
0
0
0
0
0
0
0
0
0
0
0
0
0
0
0
0
0
0
0
0
0
0
0
0
0
0
0
0
0
0
0
0
0
0
0
0
0
0
0
0
0
0
0
0
0
0
0
0
0
0
0
0
0
0
0
0
0
0
0
0
0
0
0
0
0
0
0
0
0
0
0
0
0
0
0
0
0
0
0
0
0
0
0
0
0
0
0
0
0
0
0
0
0
0
0
0
0
0
0
0
0
0
0
0
0
0
0
0
0
0
0
0
0
0
0
0
0
0
0
0
0
0
0
0
0
0
0
0
0
0
0
0
0
0
0
0
0
0
0
0
0
0
0
0
0
0
0
0
0
0
0
0
0
0
0
0
0
0
0
0
0
0
0
0
0
0
0
0
0
0
0
0
0
0
0
0
0
0
0
0
0
0
0
0
0
0
0
0
0
0
0
0
0
0
0
0
0
0
0
0
0
0
0
0
0
0
0
0
0
0
0
0
0
0
0
0
0
0
0
0
0
0
0
0
0
0
0
0
0
0
0
0
0
0
0
0
0
0
0
0
0
0
0
0
0
0
0
0
0
0
0
0
0
0
0
0
0
0
0
0
0
0
0
0
0
0
0
0
0
0
0
0
0
0
0
0
0
0
0
0
0
0
0
0
0
0
0
0
0
0
0
0
0
0
0
0
0
0
0
0
0
0
0
0
0
0
0
0
0
0
0
0
0
0
0
0
0
0
0
0
0
0
0
0
0
0
0
0
0
0
0
0
0
0
0
0
0
0
0
0
0
0
0
0
0
0
0
0
0
0
0
0
0
0
0
0
0
0
0
0
0
0
0
0
0
0
0
0
0
0
0
0
0
0
0
0
0
0
0
0
0
0
0
0
0
0
0
0
0
0
0
0
0
0
0
0
0
0
0
0
0
0
0
0
0
0
0
0
0
0
0
0
0
0
0
0
0
0
0
0
0
0
0
0
0
0
0
0
0
0
0
0
0
0
0
0
0
0
0
0
0
0
0
0
0
0
0
0
0
0
0
0
0
0
0
0
0
0
0
0
0
0
0
0
0
0
0
0
0
0
0
0
0
0
0
0
0
0
0
0
0
0
0
0
0
0
0
0
0
0
0
0
0
0
0
0
0
0
0
0
0
0
0
0
0
0
0
0
0
0
0
0
0
0
0
0
0
0
0
0
0
0
0
0
0
0
0
0
0
0
0
0
0
0
0
0
0
0
0
0
0
0
0
0
0
0
0
0
0
0
0
0
0
0
0
0
0
0
0
0
0
0
0
0
0
0
0
0
0
0
0
0
0
0
0
0
0
0
0
0
0
0
0
0
0
0
0
0
0
0
0
0
0
0
0
0
0
0
0
0
0
0
0
0
0
0
0
0
0
0
0
0
0
0
0
0
0
0
0
0
0
0
0
0
0
0
0
0
0
0
0
0
0
0
0
0
0
0
0
0
0
0
0
0
0
0
0
0
0
0
0
0
0
0
0
0
0
0
0
0
0
0
0
0
0
0
0
0
0
0
0
0
0
0
0
0
0
0
0
0
0
0
0
0
0
0
0
0
0
0
0
0
0
0
0
0
0
0
0
0
0
0
0
0
0
0
0
0
0
0
0
0
0
0
0
0
0
0
0
0
0
0
0
0
0
0
0
0
0
0
0
0
0
0
0
0
0
0
0
0
0
0
0
0
0
0
0
0
0
0
0
0
0
0
0
0
0
0
0
0
0
0
0
0
0
0
0
0
0
0
0
0
0
0
0
0
0
0
0
0
0
0
0
0
0
0
0
0
0
0
0
0
0
0
0
0
0
0
0
0
0
0
0
0
0
0
0
0
0
0
0
0
0
0
0
0
0
0
0
0
0
0
0
0
0
0
0
0
0
0
0
0
0
0
0
0
0
0
0
0
0
0
0
0
0
0
0
0
0
0
0
0
0
0
0
0
0
0
0
0
0
0
0
0
0
0
0
0
0
0
0
0
0
0
0
0
0
0
0
0
0
0
0
0
0
0
0
0
0
0
0
0
0
0
0
0
0
0
0
0
0
0
0
0
0
0
0
0
0
0
0
0
0
0
0
0
0
0
0
0
0
0
0
0
0
0
0
0
0
0
0
0
0
0
0
0
0
0
0
0
0
0
0
0
0
0
0
0
0
0
0
0
0
0
0
0
0
0
0
0
0
0
0
0
0
0
0
0
0
0
0
0
0
0
0
0
0
0
0
0
0
0
0
0
0
0
0
0
0
0
0
0
0
0
0
0
0
0
0
0
0
0
0
0
0
0
0
0
0
0
0
0
0
0
0
0
0
0
0
0
0
0
0
0
0
0
0
0
0
0
0
0
0
0
0
0
0
0
0
0
0
0
0
0
0
0
0
0
0
0
0
0
0
0
0
0
0
0
0
0
0
0
0
0
0
0
0
0
0
0
0
0
0
0
0
0
0
0
0
0
0
0
0
0
0
0
0
0
0
0
0
0
0
0
0
0
0
0
0
0
0
0
0
0
0
0
0
0
0
0
0
0
0
0
0
0
0
0
0
0
0
0
0
0
0
0
0
0
0
0
0
0
0
0
0
0
0
0
0
0
0
0
0
0
0
0
0
0
0
0
0
0
0
0
0
0
0
0
0
0
0
0
0
0
0
0
0
0
0
0
0
0
0
0
0
0
0
0
0
0
0
0
0
0
0
0
0
0
0
0
0
0
0
0
0
0
0
0
0
0
0
0
0
0
0
0
0
0
0
0
0
0
0
0
0
0
0
0
0
0
0
0
0
0
0
0
0
0
0
0
0
0
0
0
0
0
0
0
0
0
0
0
0
0
0
0
0
0
0
0
0
0
0
0
0
0
0
0
0
0
0
0
0
0
0
0
0
0
0
0
0
0
0
0
0
0
0
0
0
0
0
0
0
0
0
0
0
0
0
0
0
0
0
0
0
0
0
0
0
0
0
0
0
0
0
0
0
0
0
0
0
0
0
0
0
0
0
0
0
0
0
0
0
0
0
0
0
0
0
0
0
0
0
0
0
0
0
0
0
0
0
0
0
0
0
0
0
0
0
0
0
0
0
0
0
0
0
0
0
0
0
0
0
0
0
0
0
0
0
0
0
0
0
0
0
0
0
0
0
0
0
0
0
0
0
0
0
0
0
0
0
0
0
0
0
0
0
0
0
0
0
0
0
0
0
0
0
0
0
0
0
0
0
0
0
0
0
0
0
0
0
0
0
0
0
0
0
0
0
0
0
0
0
0
0
0
0
0
0
0
0
0
0
0
0
0
0
0
0
0
0
0
0
0
0
0
0
0
0
0
0
0
0
0
0
0
0
0
0
0
0
0
0
0
0
0
0
0
0
0
0
0
0
0
0
0
0
0
0
0
0
0
0
0
0
0
0
0
0
0
0
0
0
0
0
0
0
0
0
0
0
0
0
0
0
0
0
0
0
0
0
0
0
0
0
0
0
0
0
0
0
0
0
0
0
0
0
0
0
0
0
0
0
0
0
0
0
0
0
0
0
0
0
0
0
0
0
0
0
0
0
0
0
0
0
0
0
0
0
0
0
0
0
0
0
0
0
0
0
0
0
0
0
0
0
0
0
0
0
0
0
0
0
0
0
0
0
0
0
0
0
0
0
0
0
0
0
0
0
0
0
0
0
0
0
0
0
0
0
0
0
0
0
0
0
0
0
0
0
0
0
0
0
0
0
0
0
0
0
0
0
0
0
0
0
0
0
0
0
0
0
0
0
0
0
0
0
0
0
0
0
0
0
0
0
0
0
0
0
0
0
0
0
0
0
0
0
0
0
0
0
0
0
0
0
0
0
0
0
0
0
0
0
0
0
0
0
0
0
0
0
0
0
0
0
0
0
0
0
0
0
0
0
0
0
0
0
0
0
0
0
0
0
0
0
0
0
0
0
0
0
0
0
0
0
0
0
0
0
0
0
0
0
0
0
0
0
0
0
0
0
0
0
0
0
0
0
0
0
0
0
0
0
0
0
0
0
0
0
0
0
0
0
0
0
0
0
0
0
0
0
0
0
0
0
0
0
0
0
0
0
0
0
0
0
0
0
0
0
0
0
0
0
0
0
0
0
0
0
0
0
0
0
0
0
0
0
0
0
0
0
0
0
0
0
0
0
0
0
0
0
0
0
0
0
0
0
0
0
0
0
0
0
0
0
0
0
0
0
0
0
0
0
0
0
0
0
0
0
0
0
0
0
0
0
0
0
0
0
0
0
0
0
0
0
0
0
0
0
0
0
0
0
0
0
0
0
0
0
0
0
0
0
0
0
0
0
0
0
0
0
0
0
0
0
0
0
0
0
0
0
0
0
0
0
0
0
0
0
0
0
0
0
0
0
0
0
0
0
0
0
0
0
0
0
0
0
0
0
0
0
0
0
0
0
0
0
0
0
0
0
0
0
0
0
0
0
0
0
0
0
0
0
0
0
0
0
0
0
0
0
0
0
0
0
0
0
0
0
0
0
0
0
0
0
0
0
0
0
0
0
0
0
0
0
0
0
0
0
0
0
0
0
0
0
0
0
0
0
0
0
0
0
0
0
0
0
0
0
0
0
0
0
0
0
0
0
0
0
0
0
0
0
0
0
0
0
0
0
0
0
0
0
0
0
0
0
0
0
0
0
0
0
0
0
0
0
0
0
0
0
0
0
0
0
0
0
0
0
0
0
0
0
0
0
0
0
0
0
0
0
0
0
0
0
0
0
0
0
0
0
0
0
0
0
0
0
0
0
0
0
0
0
0
0
0
0
0
0
0
0
0
0
0
0
0
0
0
0
0
0
0
0
0
0
0
0
0
0
0
0
0
0
0
0
0
0
0
0
0
0
0
0
0
0
0
0
0
0
0
0
0
0
0
0
0
0
0
0
0
0
0
0
0
0
0
0
0
0
0
0
0
0
0
0
0
0
0
0
0
0
0
0
0
0
0
0
0
0
0
0
0
0
0
0
0
0
0
0
0
0
0
0
0
0
0
0
0
0
0
0
0
0
0
0
0
0
0
0
0
0
0
0
0
0
0
0
0
0
0
0
0
0
0
0
0
0
0
0
0
0
0
0
0
0
0
0
0
0
0
0
0
0
0
0
0
0
0
0
0
0
0
0
0
0
0
0
0
0
0
0
0
0
0
0
0
0
0
0
0
0
0
0
0
0
0
0
0
0
0
0
0
0
0
0
0
0
0
0
0
0
0
0
0
0
0
0
0
0
0
0
0
0
0
0
0
0
0
0
0
0
0
0
0
0
0
0
0
0
0
0
0
0
0
0
0
0
0
0
0
0
0
0
0
0
0
0
0
0
0
0
0
0
0
0
0
0
0
0
0
0
0
0
0
0
0
0
0
0
0
0
0
0
0
0
0
0
0
0
0
0
0
0
0
0
0
0
0
0
0
0
0
0
0
0
0
0
0
0
0
0
0
0
0
0
0
0
0
0
0
0
0
0
0
0
0
0
0
0
0
0
0
0
0
0
0
0
0
0
0
0
0
0
0
0
0
0
0
0
0
0
0
0
0
0
0
0
0
0
0
0
0
0
0
0
0
0
0
0
0
0
0
0
0
0
0
0
0
0
0
0
0
0
0
0
0
0
0
0
0
0
0
0
0
0
0
0
0
0
0
0
0
0
0
0
0
0
0
0
0
0
0
0
0
0
0
0
0
0
0
0
0
0
0
0
0
0
0
0
0
0
0
0
0
0
0
0
0
0
0
0
0
0
0
0
0
0
0
0
0
0
0
0
0
0
0
0
0
0
0
0
0
0
0
0
0
0
0
0
0
0
0
0
0
0
0
0
0
0
0
0
0
0
0
0
0
0
0
0
0
0
0
0
0
0
0
0
0
0
0
0
0
0
0
0
0
0
0
0
0
0
0
0
0
0
0
0
0
0
0
0
0
0
0
0
0
0
0
0
0
0
0
0
0
0
0
0
0
0
0
0
0
0
0
0
0
0
0
0
0
0
0
0
0
0
0
0
0
0
0
0
0
0
0
0
0
0
0
0
0
0
0
0
0
0
0
0
0
0
0
0
0
0
0
0
0
0
0
0
0
0
0
0
0
0
0
0
0
0
0
0
0
0
0
0
0
0
0
0
0
0
0
0
0
0
0
0
0
0
0
0
0
0
0
0
0
0
0
0
0
0
0
0
0
0
0
0
0
0
0
0
0
0
0
0
0
0
0
0
0
0
0
0
0
0
0
0
0
0
0
0
0
0
0
0
0
0
0
0
0
0
0
0
0
0
0
0
0
0
0
0
0
0
0
0
0
0
0
0
0
0
0
0
0
0
0
0
0
0
0
0
0
0
0
0
0
0
0
0
0
0
0
0
0
0
0
0
0
0
0
0
0
0
0
0
0
0
0
0
0
0
0
0
0
0
0
0
0
0
0
0
0
0
0
0
0
0
0
0
0
0
0
0
0
0
0
0
0
0
0
0
0
0
0
0
0
0
0
0
0
0
0
0
0
0
0
0
0
0
0
0
0
0
0
0
0
0
0
0
0
0
0
0
0
0
0
0
0
0
0
0
0
0
0
0
0
0
0
0
0
0
0
0
0
0
0
0
0
0
0
0
0
0
0
0
0
0
0
0
0
0
0
0
0
0
0
0
0
0
0
0
0
0
0
0
0
0
0
0
0
0
0
0
0
0
0
0
0
0
0
0
0
0
0
0
0
0
0
0
0
0
0
0
0
0
0
0
0
0
0
0
0
0
0
0
0
0
0
0
0
0
0
0
0
0
0
0
0
0
0
0
0
0
0
0
0
0
0
0
0
0
0
0
0
0
0
0
0
0
0
0
0
0
0
0
0
0
0
0
0
0
0
0
0
0
0
0
0
0
0
0
0
0
0
0
0
0
0
0
0
0
0
0
0
0
0
0
0
0
0
0
0
0
0
0
0
0
0
0
0
0
0
0
0
0
0
0
0
0
0
0
0
0
0
0
0
0
0
0
0
0
0
0
0
0
0
0
0
0
0
0
0
0
0
0
0
0
0
0
0
0
0
0
0
0
0
0
0
0
0
0
0
0
0
0
0
0
0
0
0
0
0
0
0
0
0
0
0
0
0
0
0
0
0
0
0
0
0
0
0
0
0
0
0
0
0
0
0
0
0
0
0
0
0
0
0
0
0
0
0
0
0
0
0
0
0
0
0
0
0
0
0
0
0
0
0
0
0
0
0
0
0
0
0
0
0
0
0
0
0
0
0
0
0
0
0
0
0
0
0
0
0
0
0
0
0
0
0
0
0
0
0
0
0
0
0
0
0
0
0
0
0
0
0
0
0
0
0
0
0
0
0
0
0
0
0
0
0
0
0
0
0
0
0
0
0
0
0
0
0
0
0
0
0
0
0
0
0
0
0
0
0
0
0
0
0
0
0
0
0
0
0
0
0
0
0
0
0
0
0
0
0
0
0
0
0
0
0
0
0
0
0
0
0
0
0
0
0
0
0
0
0
0
0
0
0
0
0
0
0
0
0
0
0
0
0
0
0
0
0
0
0
0
0
0
0
0
0
0
0
0
0
0
0
0
0
0
0
0
0
0
0
0
0
0
0
0
0
0
0
0
0
0
0
0
0
0
0
0
0
0
0
0
0
0
0
0
0
0
0
0
0
0
0
0
0
0
0
0
0
0
0
0
0
0
0
0
0
0
0
0
0
0
0
0
0
0
0
0
0
0
0
0
0
0
0
0
0
0
0
0
0
0
0
0
0
0
0
0
0
0
0
0
0
0
0
0
0
0
0
0
0
0
0
0
0
0
0
0
0
0
0
0
0
0
0
0
0
0
0
0
0
0
0
0
0
0
0
0
0
0
0
0
0
0
0
0
0
0
0
0
0
0
0
0
0
0
0
0
0
0
0
0
0
0
0
0
0
0
0
0
0
0
0
0
0
0
0
0
0
0
0
0
0
0
0
0
0
0
0
0
0
0
0
0
0
0
0
0
0
0
0
0
0
0
0
0
0
0
0
0
0
0
0
0
0
0
0
0
0
0
0
0
0
0
0
0
0
0
0
0
0
0
0
0
0
0
0
0
0
0
0
0
0
0
0
0
0
0
0
0
0
0
0
0
0
0
0
0
0
0
0
0
0
0
0
0
0
0
0
0
0
0
0
0
0
0
0
0
0
0
0
0
0
0
0
0
0
0
0
0
0
0
0
0
0
0
0
0
0
0
0
0
0
0
0
0
0
0
0
0
0
0
0
0
