0
0
0
0
0
0
0
0
0
0
0
0
0
0
0
0
0
0
0
0
0
0
0
0
0
0
0
0
0
0
0
0
0
0
0
0
0
0
0
0
0
0
0
0
0
0
0
0
0
0
0
0
0
0
0
0
0
0
0
0
0
0
0
0
0
0
0
0
0
0
0
0
0
0
0
0
0
0
0
0
0
0
0
0
0
0
0
0
0
0
0
0
0
0
0
0
0
0
0
0
0
0
0
0
0
0
0
0
0
0
0
0
0
0
0
0
0
0
0
0
0
0
0
0
0
0
0
0
0
0
0
0
0
0
0
0
0
0
0
0
0
0
0
0
0
0
0
0
0
0
0
0
0
0
0
0
0
0
0
0
0
0
0
0
0
0
0
0
0
0
0
0
0
0
0
0
0
0
0
0
0
0
0
0
4093
4094
0
0
0
0
0
0
4092
4091
0
0
0
0
0
0
4094
4092
0
0
0
0
0
0
0
4095
0
0
0
0
0
0
4094
4095
0
0
0
0
0
0
4091
4093
0
0
0
0
0
0
4092
4091
0
0
0
0
0
0
4094
4093
0
0
0
0
0
0
2
1
0
0
0
0
0
0
4094
1
0
0
0
0
0
0
4089
4091
0
0
0
0
0
0
4093
4090
0
0
0
0
0
0
2
0
0
0
0
0
0
0
2
5
0
0
0
0
0
0
4089
4095
0
0
0
0
0
0
4085
4085
0
0
0
0
0
0
4094
4088
0
0
0
0
0
0
9
4
0
0
0
0
0
0
2
9
0
0
0
0
0
0
4082
4090
0
0
0
0
0
0
4083
4079
0
0
0
0
0
0
5
4090
0
0
0
0
0
0
16
15
0
0
0
0
0
0
4093
10
0
0
0
0
0
0
4071
4079
0
0
0
0
0
0
4083
4072
0
0
0
0
0
0
18
3
0
0
0
0
0
0
20
26
0
0
0
0
0
0
4081
5
0
0
0
0
0
0
4062
4065
0
0
0
0
0
0
4093
4072
0
0
0
0
0
0
34
20
0
0
0
0
0
0
16
34
0
0
0
0
0
0
4062
4087
0
0
0
0
0
0
4058
4050
0
0
0
0
0
0
15
4080
0
0
0
0
0
0
46
40
0
0
0
0
0
0
4095
32
0
0
0
0
0
0
4040
4062
0
0
0
0
0
0
4066
4040
0
0
0
0
0
0
42
6
0
0
0
0
0
0
51
60
0
0
0
0
0
0
4069
18
0
0
0
0
0
0
4026
4036
0
0
0
0
0
0
4087
4043
0
0
0
0
0
0
70
37
0
0
0
0
0
0
39
72
0
0
0
0
0
0
4036
4086
0
0
0
0
0
0
4021
4009
0
0
0
0
0
0
25
4061
0
0
0
0
0
0
90
74
0
0
0
0
0
0
10
68
0
0
0
0
0
0
3999
4045
0
0
0
0
0
0
4035
3994
0
0
0
0
0
0
71
2
0
0
0
0
0
0
95
107
0
0
0
0
0
0
4061
43
0
0
0
0
0
0
3973
3999
0
0
0
0
0
0
4072
4000
0
0
0
0
0
0
116
56
0
0
0
0
0
0
78
125
0
0
0
0
0
0
4004
4092
0
0
0
0
0
0
3967
3957
0
0
0
0
0
0
33
4030
0
0
0
0
0
0
148
113
0
0
0
0
0
0
31
119
0
0
0
0
0
0
3948
4027
0
0
0
0
0
0
3990
3934
0
0
0
0
0
0
102
4089
0
0
0
0
0
0
157
165
0
0
0
0
0
0
4057
80
0
0
0
0
0
0
3910
3956
0
0
0
0
0
0
4046
3943
0
0
0
0
0
0
169
70
0
0
0
0
0
0
129
192
0
0
0
0
0
0
3975
12
0
0
0
0
0
0
3898
3895
0
0
0
0
0
0
32
3986
0
0
0
0
0
0
218
155
0
0
0
0
0
0
64
184
0
0
0
0
0
0
3893
4015
0
0
0
0
0
0
3929
3860
0
0
0
0
0
0
131
4066
0
0
0
0
0
0
232
229
0
0
0
0
0
0
4064
134
0
0
0
0
0
0
3833
3914
0
0
0
0
0
0
4004
3866
0
0
0
0
0
0
229
79
0
0
0
0
0
0
199
273
0
0
0
0
0
0
3948
41
0
0
0
0
0
0
3816
3827
0
0
0
0
0
0
20
3922
0
0
0
0
0
0
299
197
0
0
0
0
0
0
114
267
0
0
0
0
0
0
3834
4011
0
0
0
0
0
0
3852
3774
0
0
0
0
0
0
155
4029
0
0
0
0
0
0
324
301
0
0
0
0
0
0
4082
205
0
0
0
0
0
0
3750
3875
0
0
0
0
0
0
3946
3776
0
0
0
0
0
0
285
76
0
0
0
0
0
0
285
363
0
0
0
0
0
0
3928
85
0
0
0
0
0
0
3718
3755
0
0
0
0
0
0
4092
3845
0
0
0
0
0
0
386
232
0
0
0
0
0
0
182
366
0
0
0
0
0
0
3776
4021
0
0
0
0
0
0
3755
3677
0
0
0
0
0
0
171
3977
0
0
0
0
0
0
427
373
0
0
0
0
0
0
18
292
0
0
0
0
0
0
3658
3842
0
0
0
0
0
0
3870
3671
0
0
0
0
0
0
343
62
0
0
0
0
0
0
389
463
0
0
0
0
0
0
3919
147
0
0
0
0
0
0
3608
3682
0
0
0
0
0
0
4049
3747
0
0
0
0
0
0
479
263
0
0
0
0
0
0
267
478
0
0
0
0
0
0
3722
4043
0
0
0
0
0
0
3645
3576
0
0
0
0
0
0
172
3905
0
0
0
0
0
0
541
444
0
0
0
0
0
0
70
399
0
0
0
0
0
0
3566
3819
0
0
0
0
0
0
3775
3553
0
0
0
0
0
0
393
29
0
0
0
0
0
0
510
569
0
0
0
0
0
0
3925
230
0
0
0
0
0
0
3488
3613
0
0
0
0
0
0
3988
3633
0
0
0
0
0
0
571
278
0
0
0
0
0
0
372
601
0
0
0
0
0
0
3679
4086
0
0
0
0
0
0
3515
3468
0
0
0
0
0
0
157
3813
0
0
0
0
0
0
665
510
0
0
0
0
0
0
142
523
0
0
0
0
0
0
3475
3811
0
0
0
0
0
0
3659
3424
0
0
0
0
0
0
430
4073
0
0
0
0
0
0
645
676
0
0
0
0
0
0
3947
332
0
0
0
0
0
0
3362
3552
0
0
0
0
0
0
3905
3500
0
0
0
0
0
0
660
278
0
0
0
0
0
0
496
735
0
0
0
0
0
0
3646
52
0
0
0
0
0
0
3375
3363
0
0
0
0
0
0
124
3700
0
0
0
0
0
0
793
565
0
0
0
0
0
0
235
662
0
0
0
0
0
0
3389
3820
0
0
0
0
0
0
3525
3286
0
0
0
0
0
0
456
4001
0
0
0
0
0
0
790
781
0
0
0
0
0
0
3992
453
0
0
0
0
0
0
3235
3502
0
0
0
0
0
0
3802
3355
0
0
0
0
0
0
742
261
0
0
0
0
0
0
639
876
0
0
0
0
0
0
3629
134
0
0
0
0
0
0
3224
3260
0
0
0
0
0
0
70
3569
0
0
0
0
0
0
921
607
0
0
0
0
0
0
348
815
0
0
0
0
0
0
3313
3847
0
0
0
0
0
0
3373
3145
0
0
0
0
0
0
462
3907
0
0
0
0
0
0
948
881
0
0
0
0
0
0
4057
596
0
0
0
0
0
0
3107
3468
0
0
0
0
0
0
3676
3194
0
0
0
0
0
0
811
220
0
0
0
0
0
0
800
1018
0
0
0
0
0
0
3633
240
0
0
0
0
0
0
3063
3164
0
0
0
0
0
0
4087
3417
0
0
0
0
0
0
1046
632
0
0
0
0
0
0
487
980
0
0
0
0
0
0
3250
3899
0
0
0
0
0
0
3205
3001
0
0
0
0
0
0
449
3789
0
0
0
0
0
0
1111
970
0
0
0
0
0
0
51
756
0
0
0
0
0
0
2983
3451
0
0
0
0
0
0
3526
3024
0
0
0
0
0
0
867
157
0
0
0
0
0
0
974
1159
0
0
0
0
0
0
3658
369
0
0
0
0
0
0
2898
3081
0
0
0
0
0
0
3986
3248
0
0
0
0
0
0
1164
637
0
0
0
0
0
0
645
1153
0
0
0
0
0
0
3204
3973
0
0
0
0
0
0
3024
2862
0
0
0
0
0
0
410
3648
0
0
0
0
0
0
1274
1044
0
0
0
0
0
0
167
933
0
0
0
0
0
0
2872
3460
0
0
0
0
0
0
3359
2849
0
0
0
0
0
0
903
70
0
0
0
0
0
0
1162
1297
0
0
0
0
0
0
3710
521
0
0
0
0
0
0
2734
3015
0
0
0
0
0
0
3858
3063
0
0
0
0
0
0
1271
620
0
0
0
0
0
0
823
1330
0
0
0
0
0
0
3180
4074
0
0
0
0
0
0
2833
2730
0
0
0
0
0
0
347
3485
0
0
0
0
0
0
1438
1101
0
0
0
0
0
0
305
1123
0
0
0
0
0
0
2773
3490
0
0
0
0
0
0
3171
2670
0
0
0
0
0
0
914
4051
0
0
0
0
0
0
1355
1422
0
0
0
0
0
0
3787
695
0
0
0
0
0
0
2574
2968
0
0
0
0
0
0
3705
2868
0
0
0
0
0
0
1361
575
0
0
0
0
0
0
1018
1507
0
0
0
0
0
0
3180
106
0
0
0
0
0
0
2636
2610
0
0
0
0
0
0
255
3301
0
0
0
0
0
0
1594
1136
0
0
0
0
0
0
471
1325
0
0
0
0
0
0
2692
3547
0
0
0
0
0
0
2968
2495
0
0
0
0
0
0
902
3912
0
0
0
0
0
0
1555
1535
0
0
0
0
0
0
3892
888
0
0
0
0
0
0
2422
2943
0
0
0
0
0
0
3529
2662
0
0
0
0
0
0
1432
504
0
0
0
0
0
0
1229
1681
0
0
0
0
0
0
3205
258
0
0
0
0
0
0
2437
2506
0
0
0
0
0
0
135
3100
0
0
0
0
0
0
1739
1148
0
0
0
0
0
0
658
1533
0
0
0
0
0
0
2631
3633
0
0
0
0
0
0
2752
2326
0
0
0
0
0
0
861
3747
0
0
0
0
0
0
1753
1628
0
0
0
0
0
0
4025
1097
0
0
0
0
0
0
2284
2947
0
0
0
0
0
0
3331
2451
0
0
0
0
0
0
1479
404
0
0
0
0
0
0
1450
1844
0
0
0
0
0
0
3262
436
0
0
0
0
0
0
2240
2423
0
0
0
0
0
0
4085
2883
0
0
0
0
0
0
1868
1131
0
0
0
0
0
0
866
1742
0
0
0
0
0
0
2600
3748
0
0
0
0
0
0
2527
2168
0
0
0
0
0
0
789
3557
0
0
0
0
0
0
1947
1700
0
0
0
0
0
0
90
1320
0
0
0
0
0
0
2165
2979
0
0
0
0
0
0
3113
2243
0
0
0
0
0
0
1499
274
0
0
0
0
0
0
1678
1996
0
0
0
0
0
0
3347
635
0
0
0
0
0
0
2050
2364
0
0
0
0
0
0
3909
2655
0
0
0
0
0
0
1978
1085
0
0
0
0
0
0
1092
1951
0
0
0
0
0
0
2594
3890
0
0
0
0
0
0
2297
2025
0
0
0
0
0
0
689
3347
0
0
0
0
0
0
2130
1745
0
0
0
0
0
0
278
1552
0
0
0
0
0
0
2067
3041
0
0
0
0
0
0
2879
2037
0
0
0
0
0
0
1487
116
0
0
0
0
0
0
1909
2129
0
0
0
0
0
0
3463
854
0
0
0
0
0
0
1873
2333
0
0
0
0
0
0
3710
2417
0
0
0
0
0
0
2064
1007
0
0
0
0
0
0
1332
2151
0
0
0
0
0
0
2619
4063
0
0
0
0
0
0
2068
1902
0
0
0
0
0
0
557
3119
0
0
0
0
0
0
2298
1761
0
0
0
0
0
0
488
1791
0
0
0
0
0
0
1994
3134
0
0
0
0
0
0
2634
1841
0
0
0
0
0
0
1446
4027
0
0
0
0
0
0
2135
2239
0
0
0
0
0
0
3612
1092
0
0
0
0
0
0
1713
2331
0
0
0
0
0
0
3487
2180
0
0
0
0
0
0
2121
898
0
0
0
0
0
0
1583
2342
0
0
0
0
0
0
2677
165
0
0
0
0
0
0
1843
1803
0
0
0
0
0
0
394
2874
0
0
0
0
0
0
2449
1747
0
0
0
0
0
0
720
2029
0
0
0
0
0
0
1952
3259
0
0
0
0
0
0
2380
1660
0
0
0
0
0
0
1371
3817
0
0
0
0
0
0
2356
2326
0
0
0
0
0
0
3788
1341
0
0
0
0
0
0
1574
2361
0
0
0
0
0
0
3245
1942
0
0
0
0
0
0
2148
756
0
0
0
0
0
0
1838
2513
0
0
0
0
0
0
2768
385
0
0
0
0
0
0
1629
1734
0
0
0
0
0
0
202
2620
0
0
0
0
0
0
2575
1699
0
0
0
0
0
0
972
2263
0
0
0
0
0
0
1940
3414
0
0
0
0
0
0
2124
1497
0
0
0
0
0
0
1263
3586
0
0
0
0
0
0
2563
2380
0
0
0
0
0
0
3994
1600
0
0
0
0
0
0
1461
2426
0
0
0
0
0
0
2987
1712
0
0
0
0
0
0
2142
585
0
0
0
0
0
0
2094
2665
0
0
0
0
0
0
2894
626
0
0
0
0
0
0
1430
1695
0
0
0
0
0
0
4081
2359
0
0
0
0
0
0
2673
1618
0
0
0
0
0
0
1236
2487
0
0
0
0
0
0
1964
3600
0
0
0
0
0
0
1869
1358
0
0
0
0
0
0
1122
3335
0
0
0
0
0
0
2752
2404
0
0
0
0
0
0
128
1863
0
0
0
0
0
0
1379
2526
0
0
0
0
0
0
2717
1495
0
0
0
0
0
0
2100
384
0
0
0
0
0
0
2346
2789
0
0
0
0
0
0
3051
886
0
0
0
0
0
0
1251
1688
0
0
0
0
0
0
3839
2095
0
0
0
0
0
0
2741
1503
0
0
0
0
0
0
1510
2697
0
0
0
0
0
0
2022
3813
0
0
0
0
0
0
1621
1247
0
0
0
0
0
0
947
3069
0
0
0
0
0
0
2919
2391
0
0
0
0
0
0
379
2123
0
0
0
0
0
0
1327
2657
0
0
0
0
0
0
2440
1295
0
0
0
0
0
0
2024
160
0
0
0
0
0
0
2588
2886
0
0
0
0
0
0
3240
1157
0
0
0
0
0
0
1097
1716
0
0
0
0
0
0
3578
1837
0
0
0
0
0
0
2775
1353
0
0
0
0
0
0
1787
2886
0
0
0
0
0
0
2120
4052
0
0
0
0
0
0
1387
1165
0
0
0
0
0
0
744
2794
0
0
0
0
0
0
3061
2346
0
0
0
0
0
0
648
2378
0
0
0
0
0
0
1311
2822
0
0
0
0
0
0
2164
1116
0
0
0
0
0
0
1911
4007
0
0
0
0
0
0
2813
2951
0
0
0
0
0
0
3459
1436
0
0
0
0
0
0
969
1781
0
0
0
0
0
0
3300
1587
0
0
0
0
0
0
2774
1174
0
0
0
0
0
0
2064
3054
0
0
0
0
0
0
2248
214
0
0
0
0
0
0
1169
1119
0
0
0
0
0
0
512
2513
0
0
0
0
0
0
3171
2263
0
0
0
0
0
0
931
2621
0
0
0
0
0
0
1331
3017
0
0
0
0
0
0
1889
961
0
0
0
0
0
0
1763
3740
0
0
0
0
0
0
3019
2980
0
0
0
0
0
0
3702
1717
0
0
0
0
0
0
877
1883
0
0
0
0
0
0
3013
1352
0
0
0
0
0
0
2735
964
0
0
0
0
0
0
2334
3192
0
0
0
0
0
0
2413
487
0
0
0
0
0
0
975
1107
0
0
0
0
0
0
256
2231
0
0
0
0
0
0
3247
2142
0
0
0
0
0
0
1224
2848
0
0
0
0
0
0
1389
3241
0
0
0
0
0
0
1624
840
0
0
0
0
0
0
1583
3459
0
0
0
0
0
0
3200
2971
0
0
0
0
0
0
3967
1995
0
0
0
0
0
0
817
2018
0
0
0
0
0
0
2720
1137
0
0
0
0
0
0
2657
726
0
0
0
0
0
0
2592
3298
0
0
0
0
0
0
2611
775
0
0
0
0
0
0
810
1134
0
0
0
0
0
0
4077
1957
0
0
0
0
0
0
3287
1990
0
0
0
0
0
0
1517
3051
0
0
0
0
0
0
1486
3490
0
0
0
0
0
0
1373
750
0
0
0
0
0
0
1371
3169
0
0
0
0
0
0
3354
2929
0
0
0
0
0
0
154
2265
0
0
0
0
0
0
797
2189
0
0
0
0
0
0
2426
945
0
0
0
0
0
0
2542
467
0
0
0
0
0
0
2833
3369
0
0
0
0
0
0
2837
1069
0
0
0
0
0
0
671
1198
0
0
0
0
0
0
3790
1695
0
0
0
0
0
0
3289
1803
0
0
0
0
0
0
1808
3229
0
0
0
0
0
0
1618
3759
0
0
0
0
0
0
1144
696
0
0
0
0
0
0
1130
2875
0
0
0
0
0
0
3472
2844
0
0
0
0
0
0
450
2521
0
0
0
0
0
0
813
2390
0
0
0
0
0
0
2138
782
0
0
0
0
0
0
2391
189
0
0
0
0
0
0
3052
3405
0
0
0
0
0
0
3088
1361
0
0
0
0
0
0
571
1299
0
0
0
0
0
0
3489
1446
0
0
0
0
0
0
3253
1588
0
0
0
0
0
0
2090
3376
0
0
0
0
0
0
1788
4045
0
0
0
0
0
0
938
681
0
0
0
0
0
0
868
2583
0
0
0
0
0
0
3556
2725
0
0
0
0
0
0
752
2759
0
0
0
0
0
0
871
2621
0
0
0
0
0
0
1863
651
0
0
0
0
0
0
2207
3994
0
0
0
0
0
0
3243
3401
0
0
0
0
0
0
3361
1651
0
0
0
0
0
0
506
1439
0
0
0
0
0
0
3186
1222
0
0
0
0
0
0
3175
1344
0
0
0
0
0
0
2361
3491
0
0
0
0
0
0
1986
244
0
0
0
0
0
0
762
704
0
0
0
0
0
0
585
2297
0
0
0
0
0
0
3603
2570
0
0
0
0
0
0
1056
2972
0
0
0
0
0
0
966
2874
0
0
0
0
0
0
1603
556
0
0
0
0
0
0
1991
3695
0
0
0
0
0
0
3402
3358
0
0
0
0
0
0
3653
1931
0
0
0
0
0
0
479
1609
0
0
0
0
0
0
2881
1019
0
0
0
0
0
0
3062
1078
0
0
0
0
0
0
2610
3568
0
0
0
0
0
0
2216
544
0
0
0
0
0
0
619
766
0
0
0
0
0
0
288
2024
0
0
0
0
0
0
3608
2382
0
0
0
0
0
0
1356
3158
0
0
0
0
0
0
1098
3149
0
0
0
0
0
0
1362
497
0
0
0
0
0
0
1748
3394
0
0
0
0
0
0
3529
3275
0
0
0
0
0
0
3955
2196
0
0
0
0
0
0
492
1812
0
0
0
0
0
0
2587
848
0
0
0
0
0
0
2912
796
0
0
0
0
0
0
2836
3608
0
0
0
0
0
0
2472
845
0
0
0
0
0
0
511
867
0
0
0
0
0
0
4078
1769
0
0
0
0
0
0
3574
2163
0
0
0
0
0
0
1646
3311
0
0
0
0
0
0
1267
3440
0
0
0
0
0
0
1151
477
0
0
0
0
0
0
1481
3094
0
0
0
0
0
0
3620
3160
0
0
0
0
0
0
166
2440
0
0
0
0
0
0
547
2045
0
0
0
0
0
0
2303
713
0
0
0
0
0
0
2728
501
0
0
0
0
0
0
3034
3607
0
0
0
0
0
0
2749
1141
0
0
0
0
0
0
440
1003
0
0
0
0
0
0
3770
1537
0
0
0
0
0
0
3499
1919
0
0
0
0
0
0
1920
3431
0
0
0
0
0
0
1467
3737
0
0
0
0
0
0
970
497
0
0
0
0
0
0
1196
2804
0
0
0
0
0
0
3667
3003
0
0
0
0
0
0
473
2657
0
0
0
0
0
0
640
2300
0
0
0
0
0
0
2040
614
0
0
0
0
0
0
2512
200
0
0
0
0
0
0
3199
3569
0
0
0
0
0
0
3040
1425
0
0
0
0
0
0
411
1173
0
0
0
0
0
0
3462
1331
0
0
0
0
0
0
3390
1655
0
0
0
0
0
0
2175
3512
0
0
0
0
0
0
1697
4041
0
0
0
0
0
0
821
555
0
0
0
0
0
0
899
2527
0
0
0
0
0
0
3677
2818
0
0
0
0
0
0
776
2848
0
0
0
0
0
0
769
2574
0
0
0
0
0
0
1795
549
0
0
0
0
0
0
2268
3991
0
0
0
0
0
0
3328
3490
0
0
0
0
0
0
3343
1691
0
0
0
0
0
0
421
1375
0
0
0
0
0
0
3165
1158
0
0
0
0
0
0
3243
1373
0
0
0
0
0
0
2403
3556
0
0
0
0
0
0
1949
248
0
0
0
0
0
0
709
651
0
0
0
0
0
0
594
2271
0
0
0
0
0
0
3648
2602
0
0
0
0
0
0
1067
3004
0
0
0
0
0
0
933
2862
0
0
0
0
0
0
1581
525
0
0
0
0
0
0
2005
3693
0
0
0
0
0
0
3420
3375
0
0
0
0
0
0
3650
1938
0
0
0
0
0
0
471
1603
0
0
0
0
0
0
2881
1018
0
0
0
0
0
0
3060
1078
0
0
0
0
0
0
2604
3560
0
0
0
0
0
0
2224
542
0
0
0
0
0
0
636
783
0
0
0
0
0
0
287
2037
0
0
0
0
0
0
3581
2362
0
0
0
0
0
0
1342
3127
0
0
0
0
0
0
1130
3158
0
0
0
0
0
0
1398
542
0
0
0
0
0
0
1725
3404
0
0
0
0
0
0
3475
3226
0
0
0
0
0
0
3955
2157
0
0
0
0
0
0
558
1854
0
0
0
0
0
0
2618
913
0
0
0
0
0
0
2850
779
0
0
0
0
0
0
2771
3525
0
0
0
0
0
0
2511
825
0
0
0
0
0
0
603
949
0
0
0
0
0
0
4078
1831
0
0
0
0
0
0
3473
2102
0
0
0
0
0
0
1595
3211
0
0
0
0
0
0
1354
3458
0
0
0
0
0
0
1248
595
0
0
0
0
0
0
1431
3129
0
0
0
0
0
0
3489
3047
0
0
0
0
0
0
158
2348
0
0
0
0
0
0
683
2123
0
0
0
0
0
0
2375
848
0
0
0
0
0
0
2615
481
0
0
0
0
0
0
2903
3451
0
0
0
0
0
0
2808
1090
0
0
0
0
0
0
608
1144
0
0
0
0
0
0
3786
1659
0
0
0
0
0
0
3332
1826
0
0
0
0
0
0
1824
3258
0
0
0
0
0
0
1601
3756
0
0
0
0
0
0
1135
687
0
0
0
0
0
0
1133
2875
0
0
0
0
0
0
3463
2836
0
0
0
0
0
0
446
2505
0
0
0
0
0
0
841
2405
0
0
0
0
0
0
2162
822
0
0
0
0
0
0
2357
187
0
0
0
0
0
0
2998
3344
0
0
0
0
0
0
3107
1333
0
0
0
0
0
0
652
1365
0
0
0
0
0
0
3507
1518
0
0
0
0
0
0
3156
1540
0
0
0
0
0
0
2022
3265
0
0
0
0
0
0
1868
4045
0
0
0
0
0
0
1060
813
0
0
0
0
0
0
833
2645
0
0
0
0
0
0
3399
2605
0
0
0
0
0
0
716
2628
0
0
0
0
0
0
1030
2694
0
0
0
0
0
0
1980
834
0
0
0
0
0
0
2085
3999
0
0
0
0
0
0
3053
3202
0
0
0
0
0
0
3405
1549
0
0
0
0
0
0
734
1608
0
0
0
0
0
0
3247
1413
0
0
0
0
0
0
2956
1251
0
0
0
0
0
0
2187
3236
0
0
0
0
0
0
2144
224
0
0
0
0
0
0
1023
970
0
0
0
0
0
0
539
2443
0
0
0
0
0
0
3301
2354
0
0
0
0
0
0
964
2714
0
0
0
0
0
0
1244
2983
0
0
0
0
0
0
1833
882
0
0
0
0
0
0
1804
3734
0
0
0
0
0
0
3071
3030
0
0
0
0
0
0
3696
1735
0
0
0
0
0
0
852
1866
0
0
0
0
0
0
3011
1347
0
0
0
0
0
0
2730
962
0
0
0
0
0
0
2319
3170
0
0
0
0
0
0
2428
480
0
0
0
0
0
0
1024
1155
0
0
0
0
0
0
254
2272
0
0
0
0
0
0
3168
2091
0
0
0
0
0
0
1186
2761
0
0
0
0
0
0
1478
3269
0
0
0
0
0
0
1721
967
0
0
0
0
0
0
1516
3487
0
0
0
0
0
0
3050
2831
0
0
0
0
0
0
3972
1891
0
0
0
0
0
0
999
2134
0
0
0
0
0
0
2804
1316
0
0
0
0
0
0
2486
679
0
0
0
0
0
0
2412
3069
0
0
0
0
0
0
2716
716
0
0
0
0
0
0
1064
1364
0
0
0
0
0
0
4081
2134
0
0
0
0
0
0
3005
1819
0
0
0
0
0
0
1377
2773
0
0
0
0
0
0
1731
3547
0
0
0
0
0
0
1644
1082
0
0
0
0
0
0
1230
3265
0
0
0
0
0
0
2994
2614
0
0
0
0
0
0
135
2011
0
0
0
0
0
0
1176
2409
0
0
0
0
0
0
2627
1323
0
0
0
0
0
0
2230
410
0
0
0
0
0
0
2470
2937
0
0
0
0
0
0
3000
926
0
0
0
0
0
0
1137
1592
0
0
0
0
0
0
3834
2032
0
0
0
0
0
0
2816
1543
0
0
0
0
0
0
1538
2749
0
0
0
0
0
0
1993
3809
0
0
0
0
0
0
1605
1229
0
0
0
0
0
0
951
3070
0
0
0
0
0
0
2903
2377
0
0
0
0
0
0
372
2096
0
0
0
0
0
0
1376
2683
0
0
0
0
0
0
2484
1366
0
0
0
0
0
0
1965
157
0
0
0
0
0
0
2491
2779
0
0
0
0
0
0
3274
1104
0
0
0
0
0
0
1244
1834
0
0
0
0
0
0
3609
1964
0
0
0
0
0
0
2606
1271
0
0
0
0
0
0
1665
2691
0
0
0
0
0
0
2261
4052
0
0
0
0
0
0
1602
1399
0
0
0
0
0
0
683
2907
0
0
0
0
0
0
2782
2130
0
0
0
0
0
0
583
2147
0
0
0
0
0
0
1595
2951
0
0
0
0
0
0
2373
1439
0
0
0
0
0
0
1695
4019
0
0
0
0
0
0
2476
2597
0
0
0
0
0
0
3536
1253
0
0
0
0
0
0
1378
2084
0
0
0
0
0
0
3411
1932
0
0
0
0
0
0
2380
1007
0
0
0
0
0
0
1758
2601
0
0
0
0
0
0
2529
179
0
0
0
0
0
0
1634
1592
0
0
0
0
0
0
430
2774
0
0
0
0
0
0
2634
1879
0
0
0
0
0
0
765
2159
0
0
0
0
0
0
1827
3210
0
0
0
0
0
0
2299
1545
0
0
0
0
0
0
1428
3809
0
0
0
0
0
0
2427
2394
0
0
0
0
0
0
3780
1370
0
0
0
0
0
0
1540
2339
0
0
0
0
0
0
3244
1935
0
0
0
0
0
0
2143
754
0
0
0
0
0
0
1814
2481
0
0
0
0
0
0
2792
375
0
0
0
0
0
0
1699
1802
0
0
0
0
0
0
199
2676
0
0
0
0
0
0
2462
1625
0
0
0
0
0
0
918
2142
0
0
0
0
0
0
2068
3455
0
0
0
0
0
0
2259
1676
0
0
0
0
0
0
1170
3627
0
0
0
0
0
0
2348
2180
0
0
0
0
0
0
3999
1452
0
0
0
0
0
0
1721
2590
0
0
0
0
0
0
3107
1968
0
0
0
0
0
0
1899
519
0
0
0
0
0
0
1838
2338
0
0
0
0
0
0
3046
544
0
0
0
0
0
0
1792
2021
0
0
0
0
0
0
4085
2609
0
0
0
0
0
0
2273
1375
0
0
0
0
0
0
1038
2091
0
0
0
0
0
0
2313
3681
0
0
0
0
0
0
2253
1830
0
0
0
0
0
0
924
3473
0
0
0
0
0
0
2241
1956
0
0
0
0
0
0
100
1501
0
0
0
0
0
0
1919
2838
0
0
0
0
0
0
3002
2033
0
0
0
0
0
0
1654
304
0
0
0
0
0
0
1829
2175
0
0
0
0
0
0
3284
683
0
0
0
0
0
0
1912
2248
0
0
0
0
0
0
3903
2575
0
0
0
0
0
0
2068
1133
0
0
0
0
0
0
1128
2014
0
0
0
0
0
0
2556
3884
0
0
0
0
0
0
2277
2002
0
0
0
0
0
0
692
3349
0
0
0
0
0
0
2111
1729
0
0
0
0
0
0
269
1519
0
0
0
0
0
0
2127
3073
0
0
0
0
0
0
2931
2123
0
0
0
0
0
0
1414
111
0
0
0
0
0
0
1791
1996
0
0
0
0
0
0
3506
791
0
0
0
0
0
0
2054
2476
0
0
0
0
0
0
3749
2574
0
0
0
0
0
0
1857
906
0
0
0
0
0
0
1184
1912
0
0
0
0
0
0
2793
4065
0
0
0
0
0
0
2331
2188
0
0
0
0
0
0
483
3257
0
0
0
0
0
0
1959
1499
0
0
0
0
0
0
410
1507
0
0
0
0
0
0
2341
3293
0
0
0
0
0
0
2891
2238
0
0
0
0
0
0
1182
4040
0
0
0
0
0
0
1722
1806
0
0
0
0
0
0
3706
869
0
0
0
0
0
0
2212
2701
0
0
0
0
0
0
3622
2600
0
0
0
0
0
0
1641
694
0
0
0
0
0
0
1207
1787
0
0
0
0
0
0
3019
122
0
0
0
0
0
0
2410
2382
0
0
0
0
0
0
293
3193
0
0
0
0
0
0
1793
1278
0
0
0
0
0
0
520
1467
0
0
0
0
0
0
2557
3495
0
0
0
0
0
0
2881
2372
0
0
0
0
0
0
964
3903
0
0
0
0
0
0
1632
1610
0
0
0
0
0
0
3882
917
0
0
0
0
0
0
2384
2919
0
0
0
0
0
0
3526
2652
0
0
0
0
0
0
1427
501
0
0
0
0
0
0
1204
1647
0
0
0
0
0
0
3232
247
0
0
0
0
0
0
2511
2579
0
0
0
0
0
0
130
3159
0
0
0
0
0
0
1617
1066
0
0
0
0
0
0
600
1401
0
0
0
0
0
0
2771
3676
0
0
0
0
0
0
2898
2520
0
0
0
0
0
0
761
3791
0
0
0
0
0
0
1522
1412
0
0
0
0
0
0
4033
937
0
0
0
0
0
0
2564
3124
0
0
0
0
0
0
3460
2728
0
0
0
0
0
0
1217
331
0
0
0
0
0
0
1174
1494
0
0
0
0
0
0
3426
347
0
0
0
0
0
0
2632
2777
0
0
0
0
0
0
4089
3154
0
0
0
0
0
0
1436
868
0
0
0
0
0
0
652
1316
0
0
0
0
0
0
2976
3835
0
0
0
0
0
0
2940
2676
0
0
0
0
0
0
577
3706
0
0
0
0
0
0
1395
1217
0
0
0
0
0
0
62
932
0
0
0
0
0
0
2748
3316
0
0
0
0
0
0
3422
2824
0
0
0
0
0
0
1017
186
0
0
0
0
0
0
1121
1332
0
0
0
0
0
0
3599
417
0
0
0
0
0
0
2764
2970
0
0
0
0
0
0
3979
3173
0
0
0
0
0
0
1252
686
0
0
0
0
0
0
679
1215
0
0
0
0
0
0
3169
3967
0
0
0
0
0
0
3005
2840
0
0
0
0
0
0
414
3650
0
0
0
0
0
0
1255
1028
0
0
0
0
0
0
157
900
0
0
0
0
0
0
2928
3489
0
0
0
0
0
0
3408
2933
0
0
0
0
0
0
830
64
0
0
0
0
0
0
1047
1168
0
0
0
0
0
0
3749
460
0
0
0
0
0
0
2908
3154
0
0
0
0
0
0
3893
3211
0
0
0
0
0
0
1071
521
0
0
0
0
0
0
680
1099
0
0
0
0
0
0
3347
4076
0
0
0
0
0
0
3087
3005
0
0
0
0
0
0
274
3617
0
0
0
0
0
0
1110
850
0
0
0
0
0
0
230
850
0
0
0
0
0
0
3106
3642
0
0
0
0
0
0
3420
3053
0
0
0
0
0
0
660
4065
0
0
0
0
0
0
958
1004
0
0
0
0
0
0
3877
481
0
0
0
0
0
0
3053
3324
0
0
0
0
0
0
3834
3271
0
0
0
0
0
0
899
380
0
0
0
0
0
0
659
975
0
0
0
0
0
0
3509
66
0
0
0
0
0
0
3181
3165
0
0
0
0
0
0
158
3608
0
0
0
0
0
0
963
685
0
0
0
0
0
0
277
784
0
0
0
0
0
0
3274
3774
0
0
0
0
0
0
3451
3181
0
0
0
0
0
0
509
3993
0
0
0
0
0
0
858
845
0
0
0
0
0
0
3981
479
0
0
0
0
0
0
3202
3482
0
0
0
0
0
0
3799
3345
0
0
0
0
0
0
737
258
0
0
0
0
0
0
618
845
0
0
0
0
0
0
3651
125
0
0
0
0
0
0
3287
3322
0
0
0
0
0
0
65
3619
0
0
0
0
0
0
817
537
0
0
0
0
0
0
301
704
0
0
0
0
0
0
3430
3884
0
0
0
0
0
0
3498
3308
0
0
0
0
0
0
376
3943
0
0
0
0
0
0
749
695
0
0
0
0
0
0
4063
459
0
0
0
0
0
0
3345
3620
0
0
0
0
0
0
3787
3430
0
0
0
0
0
0
587
159
0
0
0
0
0
0
563
717
0
0
0
0
0
0
3773
165
0
0
0
0
0
0
3397
3466
0
0
0
0
0
0
4092
3648
0
0
0
0
0
0
676
408
0
0
0
0
0
0
305
615
0
0
0
0
0
0
3571
3971
0
0
0
0
0
0
3560
3437
0
0
0
0
0
0
265
3914
0
0
0
0
0
0
638
556
0
0
0
0
0
0
26
422
0
0
0
0
0
0
3482
3741
0
0
0
0
0
0
3792
3521
0
0
0
0
0
0
455
83
0
0
0
0
0
0
498
591
0
0
0
0
0
0
3874
183
0
0
0
0
0
0
3509
3599
0
0
0
0
0
0
4044
3691
0
0
0
0
0
0
544
296
0
0
0
0
0
0
292
523
0
0
0
0
0
0
3696
4039
0
0
0
0
0
0
3629
3558
0
0
0
0
0
0
175
3905
0
0
0
0
0
0
527
432
0
0
0
0
0
0
64
375
0
0
0
0
0
0
3609
3842
0
0
0
0
0
0
3812
3615
0
0
0
0
0
0
340
26
0
0
0
0
0
0
426
474
0
0
0
0
0
0
3954
184
0
0
0
0
0
0
3617
3716
0
0
0
0
0
0
4015
3744
0
0
0
0
0
0
423
205
0
0
0
0
0
0
265
430
0
0
0
0
0
0
3803
4087
0
0
0
0
0
0
3704
3672
0
0
0
0
0
0
103
3910
0
0
0
0
0
0
421
322
0
0
0
0
0
0
85
320
0
0
0
0
0
0
3724
3925
0
0
0
0
0
0
3843
3706
0
0
0
0
0
0
242
4083
0
0
0
0
0
0
349
366
0
0
0
0
0
0
4015
172
0
0
0
0
0
0
3720
3817
0
0
0
0
0
0
4002
3801
0
0
0
0
0
0
316
132
0
0
0
0
0
0
228
339
0
0
0
0
0
0
3891
21
0
0
0
0
0
0
3779
3775
0
0
0
0
0
0
52
3928
0
0
0
0
0
0
323
229
0
0
0
0
0
0
92
260
0
0
0
0
0
0
3822
3987
0
0
0
0
0
0
3884
3795
0
0
0
0
0
0
163
4061
0
0
0
0
0
0
274
269
0
0
0
0
0
0
4057
149
0
0
0
0
0
0
3814
3901
0
0
0
0
0
0
4003
3861
0
0
0
0
0
0
224
77
0
0
0
0
0
0
186
254
0
0
0
0
0
0
3960
35
0
0
0
0
0
0
3854
3864
0
0
0
0
0
0
18
3955
0
0
0
0
0
0
235
155
0
0
0
0
0
0
84
199
0
0
0
0
0
0
3906
4035
0
0
0
0
0
0
3927
3875
0
0
0
0
0
0
103
4052
0
0
0
0
0
0
202
187
0
0
0
0
0
0
4085
120
0
0
0
0
0
0
3895
3968
0
0
0
0
0
0
4014
3921
0
0
0
0
0
0
151
40
0
0
0
0
0
0
141
180
0
0
0
0
0
0
4013
38
0
0
0
0
0
0
3922
3940
0
0
0
0
0
0
4094
3986
0
0
0
0
0
0
160
96
0
0
0
0
0
0
70
142
0
0
0
0
0
0
3974
4065
0
0
0
0
0
0
3973
3945
0
0
0
0
0
0
58
4053
0
0
0
0
0
0
139
121
0
0
0
0
0
0
2
88
0
0
0
0
0
0
3964
4019
0
0
0
0
0
0
4030
3975
0
0
0
0
0
0
91
14
0
0
0
0
0
0
97
116
0
0
0
0
0
0
4050
34
0
0
0
0
0
0
3982
3999
0
0
0
0
0
0
4084
4018
0
0
0
0
0
0
98
52
0
0
0
0
0
0
50
92
0
0
0
0
0
0
4024
4083
0
0
0
0
0
0
4014
4002
0
0
0
0
0
0
28
4062
0
0
0
0
0
0
84
68
0
0
0
0
0
0
8
57
0
0
0
0
0
0
4018
4054
0
0
0
0
0
0
4052
4021
0
0
0
0
0
0
48
1
0
0
0
0
0
0
58
66
0
0
0
0
0
0
4074
24
0
0
0
0
0
0
4030
4044
0
0
0
0
0
0
4084
4048
0
0
0
0
0
0
50
22
0
0
0
0
0
0
30
49
0
0
0
0
0
0
4059
4092
0
0
0
0
0
0
4049
4045
0
0
0
0
0
0
10
4075
0
0
0
0
0
0
43
32
0
0
0
0
0
0
7
31
0
0
0
0
0
0
4058
4078
0
0
0
0
0
0
4070
4056
0
0
0
0
0
0
19
4093
0
0
0
0
0
0
27
29
0
0
0
0
0
0
4088
12
0
0
0
0
0
0
4065
4072
0
0
0
0
0
0
4087
4072
0
0
0
0
0
0
21
7
0
0
0
0
0
0
13
21
0
0
0
0
0
0
4081
4095
0
0
0
0
0
0
4076
4075
0
0
0
0
0
0
1
4085
0
0
0
0
0
0
14
9
0
0
0
0
0
0
1
9
0
0
0
0
0
0
4081
4088
0
0
0
0
0
0
4086
4081
0
0
0
0
0
0
4
4092
0
0
0
0
0
0
6
6
0
0
0
0
0
0
4092
2
0
0
0
0
0
0
4087
4090
0
0
0
0
0
0
4092
4089
0
0
0
0
0
0
2
4095
0
0
0
0
0
0
2
2
0
0
0
0
0
0
4091
4094
0
0
0
0
0
0
4090
4091
0
0
0
0
0
0
4094
4092
0
0
0
0
0
0
0
4094
0
0
0
0
0
0
4094
4095
0
0
0
0
0
0
4091
4093
0
0
0
0
0
0
4092
4091
0
0
0
0
0
0
4095
4093
0
0
0
0
0
0
0
0
0
0
0
0
0
0
4094
4095
0
0
0
0
0
0
4093
4095
0
0
0
0
0
0
0
4095
0
0
0
0
0
0
0
0
0
0
0
0
0
0
4095
4095
0
0
0
0
0
0
0
4095
0
0
0
0
0
0
4095
0
0
0
0
0
0
0
4095
4095
0
0
0
0
0
0
0
0
0
0
0
0
0
0
4095
0
0
0
0
0
0
0
0
0
0
0
0
0
0
0
0
0
0
0
0
0
0
0
0
0
0
0
0
0
0
0
0
0
0
0
0
0
0
0
0
0
0
0
0
0
0
0
0
0
0
0
0
0
0
0
0
0
0
0
0
0
0
0
0
0
0
0
0
0
0
0
0
0
0
0
0
0
0
0
0
0
0
0
0
0
0
0
0
0
0
0
0
0
0
0
0
0
0
0
0
0
0
0
0
0
0
0
0
0
0
0
0
0
0
0
0
0
0
0
0
0
0
0
0
0
0
0
0
0
0
0
0
0
0
0
0
0
0
0
0
0
0
0
0
0
0
0
0
0
0
0
0
0
0
0
0
0
0
0
0
0
0
0
0
0
0
0
0
0
0
0
0
0
0
0
0
0
0
0
0
0
0
0
0
0
0
0
0
0
0
0
0
0
0
0
0
0
0
0
0
0
0
0
0
0
0
0
0
0
0
0
0
0
0
0
0
0
0
0
0
0
0
0
0
0
0
0
0
0
0
0
0
0
0
0
0
0
0
0
0
0
0
0
0
0
0
0
0
0
0
0
0
0
0
0
0
0
0
0
0
0
0
0
0
0
0
0
0
0
0
0
0
0
0
0
0
0
0
0
0
0
0
0
0
0
0
0
0
0
0
0
0
0
0
0
0
0
0
0
0
0
0
0
0
0
0
0
0
0
0
0
0
0
0
0
0
0
0
0
0
0
0
0
0
0
0
0
0
0
0
0
0
0
0
0
0
0
0
0
0
0
0
0
0
0
0
0
0
0
0
0
0
0
0
0
0
0
0
0
0
0
0
0
0
0
0
0
0
0
0
0
0
0
0
0
0
0
0
0
0
0
0
0
0
0
0
0
0
0
0
0
0
0
0
0
0
0
0
0
0
0
0
0
0
0
0
0
0
0
0
0
0
0
0
0
0
0
0
0
0
0
0
0
0
0
0
0
0
0
0
0
0
0
0
0
0
0
0
0
0
0
0
0
0
0
0
0
0
0
0
0
0
0
0
0
0
0
0
0
0
0
0
0
0
0
0
0
0
0
0
0
0
0
0
0
0
0
0
0
0
0
0
0
0
0
0
0
0
0
0
0
0
0
0
0
0
0
0
0
0
0
0
0
0
0
0
0
0
0
0
0
0
0
0
0
0
0
0
0
0
0
0
0
0
0
0
0
0
0
0
0
0
0
0
0
0
0
0
0
0
0
0
0
0
0
0
0
0
0
0
0
0
0
0
0
0
0
0
0
0
0
0
0
0
0
0
0
0
0
0
0
0
0
0
0
0
0
0
0
0
0
0
0
0
0
0
0
0
0
0
0
0
0
0
0
0
0
0
0
0
0
0
0
0
0
0
0
0
0
0
0
0
0
0
0
0
0
0
0
0
0
0
0
0
0
0
0
0
0
0
0
0
0
0
0
0
0
0
0
0
0
0
0
0
0
0
0
0
0
0
0
0
0
0
0
0
0
0
0
0
0
0
0
0
0
0
0
0
0
0
0
0
0
0
0
0
0
0
0
0
0
0
0
0
0
0
0
0
0
0
0
0
0
0
0
0
0
0
0
0
0
0
0
0
0
0
0
0
0
0
0
0
0
0
0
0
0
0
0
0
0
0
0
0
0
0
0
0
0
0
0
0
0
0
0
0
0
0
0
0
0
0
0
0
0
0
0
0
0
0
0
0
0
0
0
0
0
0
0
0
0
0
0
0
0
0
0
0
0
0
0
0
0
0
0
0
0
0
0
0
0
0
0
0
0
0
0
0
0
0
0
0
0
0
0
0
0
0
0
0
0
0
0
0
0
0
0
0
0
0
0
0
0
0
0
0
0
0
0
0
0
0
0
0
0
0
0
0
0
0
0
0
0
0
0
0
0
0
0
0
0
0
0
0
0
0
0
0
0
0
0
0
0
0
0
0
0
0
0
0
0
0
0
0
0
0
0
0
0
0
0
0
0
0
0
0
0
0
0
0
0
0
0
0
0
0
0
0
0
0
0
0
0
0
0
0
0
0
0
0
0
0
0
0
0
0
0
0
0
0
0
0
0
0
0
0
0
0
0
0
0
0
0
0
0
0
0
0
0
0
0
0
0
0
0
0
0
0
0
0
0
0
0
0
0
0
0
0
0
0
0
0
0
0
0
0
0
0
0
0
0
0
0
0
0
0
0
0
0
0
0
0
0
0
0
0
0
0
0
0
0
0
0
0
0
0
0
0
0
0
0
0
0
0
0
0
0
0
0
0
0
0
0
0
0
0
0
0
0
0
0
0
0
0
0
0
0
0
0
0
0
0
0
0
0
0
0
0
0
0
0
0
0
0
0
0
0
0
0
0
0
0
0
0
0
0
0
0
0
0
0
0
0
0
0
0
0
0
0
0
0
0
0
0
0
0
0
0
0
0
0
0
0
0
0
0
0
0
0
0
0
0
0
0
0
0
0
0
0
0
0
0
0
0
0
0
0
0
0
0
0
0
0
0
0
0
0
0
0
0
0
0
0
0
0
0
0
0
0
0
0
0
0
0
0
0
0
0
0
0
0
0
0
0
0
0
0
0
0
0
0
0
0
0
0
0
0
0
0
0
0
0
0
0
0
0
0
0
0
0
0
0
0
0
0
0
0
0
0
0
0
0
0
0
0
0
0
0
0
0
0
0
0
0
0
0
0
0
0
0
0
0
0
0
0
0
0
0
0
0
0
0
0
0
0
0
0
0
0
0
0
0
0
0
0
0
0
0
0
0
0
0
0
0
0
0
0
0
0
0
0
0
0
0
0
0
0
0
0
0
0
0
0
0
0
0
0
0
0
0
0
0
0
0
0
0
0
0
0
0
0
0
0
0
0
0
0
0
0
0
0
0
0
0
0
0
0
0
0
0
0
0
0
0
0
0
0
0
0
0
0
0
0
0
0
0
0
0
0
0
0
0
0
0
0
0
0
0
0
0
0
0
0
0
0
0
0
0
0
0
0
0
0
0
0
0
0
0
0
0
0
0
0
0
0
0
0
0
0
0
0
0
0
0
0
0
0
0
0
0
0
0
0
0
0
0
0
0
0
0
0
0
0
0
0
0
0
0
0
0
0
0
0
0
0
0
0
0
0
0
0
0
0
0
0
0
0
0
0
0
0
0
0
0
0
0
0
0
0
0
0
0
0
0
0
0
0
0
0
0
0
0
0
0
0
0
0
0
0
0
0
0
0
0
0
0
0
0
0
0
0
0
0
0
0
0
0
0
0
0
0
0
0
0
0
0
0
0
0
0
0
0
0
0
0
0
0
0
0
0
0
0
0
0
0
0
0
0
0
0
0
0
0
0
0
0
0
0
0
0
0
0
0
0
0
0
0
0
0
0
0
0
0
0
0
0
0
0
0
0
0
0
0
0
0
0
0
0
0
0
0
0
0
0
0
0
0
0
0
0
0
0
0
0
0
0
0
0
0
0
0
0
0
0
0
0
0
0
0
0
0
0
0
0
0
0
0
0
0
0
0
0
0
0
0
0
0
0
0
0
0
0
0
0
0
0
0
0
0
0
0
0
0
0
0
0
0
0
0
0
0
0
0
0
0
0
0
0
0
0
0
0
0
0
0
0
0
0
0
0
0
0
0
0
0
0
0
0
0
0
0
0
0
0
0
0
0
0
0
0
0
0
0
0
0
0
0
0
0
0
0
0
0
0
0
0
0
0
0
0
0
0
0
0
0
0
0
0
0
0
0
0
0
0
0
0
0
0
0
0
0
0
0
0
0
0
0
0
0
0
0
0
0
0
0
0
0
0
0
0
0
0
0
0
0
0
0
0
0
0
0
0
0
0
0
0
0
0
0
0
0
0
0
0
0
0
0
0
0
0
0
0
0
0
0
0
0
0
0
0
0
0
0
0
0
0
0
0
0
0
0
0
0
0
0
0
0
0
0
0
0
0
0
0
0
0
0
0
0
0
0
0
0
0
0
0
0
0
0
0
0
0
0
0
0
0
0
0
0
0
0
0
0
0
0
0
0
0
0
0
0
0
0
0
0
0
0
0
0
0
0
0
0
0
0
0
0
0
0
0
0
0
0
0
0
0
0
0
0
0
0
0
0
0
0
0
0
0
0
0
0
0
0
0
0
0
0
0
0
0
0
0
0
0
0
0
0
0
0
0
0
0
0
0
0
0
0
0
0
0
0
0
0
0
0
0
0
0
0
0
0
0
0
0
0
0
0
0
0
0
0
0
0
0
0
0
0
0
0
0
0
0
0
0
0
0
0
0
0
0
0
0
0
0
0
0
0
0
0
0
0
0
0
0
0
0
0
0
0
0
0
0
0
0
0
0
0
0
0
0
0
0
0
0
0
0
0
0
0
0
0
0
0
0
0
0
0
0
0
0
0
0
0
0
0
0
0
0
0
0
0
0
0
0
0
0
0
0
0
0
0
0
0
0
0
0
0
0
0
0
0
0
0
0
0
0
0
0
0
0
0
0
0
0
0
0
0
0
0
0
0
0
0
0
0
0
0
0
0
0
0
0
0
0
0
0
0
0
0
0
0
0
0
0
0
0
0
0
0
0
0
0
0
0
0
0
0
0
0
0
0
0
0
0
0
0
0
0
0
0
0
0
0
0
0
0
0
0
0
0
0
0
0
0
0
0
0
0
0
0
0
0
0
0
0
0
0
0
0
0
0
0
0
0
0
0
0
0
0
0
0
0
0
0
0
0
0
0
0
0
0
0
0
0
0
0
0
0
0
0
0
0
0
0
0
0
0
0
0
0
0
0
0
0
0
0
0
0
0
0
0
0
0
0
0
0
0
0
0
0
0
0
0
0
0
0
0
0
0
0
0
0
0
0
0
0
0
0
0
0
0
0
0
0
0
0
0
0
0
0
0
0
0
0
0
0
0
0
0
0
0
0
0
0
0
0
0
0
0
0
0
0
0
0
0
0
0
0
0
0
0
0
0
0
0
0
0
0
0
0
0
0
0
0
0
0
0
0
0
0
0
0
0
0
0
0
0
0
0
0
0
0
0
0
0
0
0
0
0
0
0
0
0
0
0
0
0
0
0
0
0
0
0
0
0
0
0
0
0
0
0
0
0
0
0
0
0
0
0
0
0
0
0
0
0
0
0
0
0
0
0
0
0
0
0
0
0
0
0
0
0
0
0
0
0
0
0
0
0
0
0
0
0
0
0
0
0
0
0
0
0
0
0
0
0
0
0
0
0
0
0
0
0
0
0
0
0
0
0
0
0
0
0
0
0
0
0
0
0
0
0
0
0
0
0
0
0
0
0
0
0
0
0
0
0
0
0
0
0
0
0
0
0
0
0
0
0
0
0
0
0
0
0
0
0
0
0
0
0
0
0
0
0
0
0
0
0
0
0
0
0
0
0
0
0
0
0
0
0
0
0
0
0
0
0
0
0
0
0
0
0
0
0
0
0
0
0
0
0
0
0
0
0
0
0
0
0
0
0
0
0
0
0
0
0
0
0
0
0
0
0
0
0
0
0
0
0
0
0
0
0
0
0
0
0
0
0
0
0
0
0
0
0
0
0
0
0
0
0
0
0
0
0
0
0
0
0
0
0
0
0
0
0
0
0
0
0
0
0
0
0
0
0
0
0
0
0
0
0
0
0
0
0
0
0
0
0
0
0
0
0
0
0
0
0
0
0
0
0
0
0
0
0
0
0
0
0
0
0
0
0
0
0
0
0
0
0
0
0
0
0
0
0
0
0
0
0
0
0
0
0
0
0
0
0
0
0
0
0
0
0
0
0
0
0
0
0
0
0
0
0
0
0
0
0
0
0
0
0
0
0
0
0
0
0
0
0
0
0
0
0
0
0
0
0
0
0
0
0
0
0
0
0
0
0
0
0
0
0
0
0
0
0
0
0
0
0
0
0
0
0
0
0
0
0
0
0
0
0
0
0
0
0
0
0
0
0
0
0
0
0
0
0
0
0
0
0
0
0
0
0
0
0
0
0
0
0
0
0
0
0
0
0
0
0
0
0
0
0
0
0
0
0
0
0
0
0
0
0
0
0
0
0
0
0
0
0
0
0
0
0
0
0
0
0
0
0
0
0
0
0
0
0
0
0
0
0
0
0
0
0
0
0
0
0
0
0
0
0
0
0
0
0
0
0
0
0
0
0
0
0
0
0
0
0
0
0
0
0
0
0
0
0
0
0
0
0
0
0
0
0
0
0
0
0
0
0
0
0
0
0
0
0
0
0
0
0
0
0
0
0
0
0
0
0
0
0
0
0
0
0
0
0
0
0
0
0
0
0
0
0
0
0
0
0
0
0
0
0
0
0
0
0
0
0
0
0
0
0
0
0
0
0
0
0
0
0
0
0
0
0
0
0
0
0
0
0
0
0
0
0
0
0
0
0
0
0
0
0
0
0
0
0
0
0
0
0
0
0
0
0
0
0
0
0
0
0
0
0
0
0
0
0
0
0
0
0
0
0
0
0
0
0
0
0
0
0
0
0
0
0
0
0
0
0
0
0
0
0
0
0
0
0
0
0
0
0
0
0
0
0
0
0
0
0
0
0
0
0
0
0
0
0
0
0
0
0
0
0
0
0
0
0
0
0
0
0
0
0
0
0
0
0
0
0
0
0
0
0
0
0
0
0
0
0
0
0
0
0
0
0
0
0
0
0
0
0
0
0
0
0
0
0
0
0
0
0
0
0
0
0
0
0
0
0
0
0
0
0
0
0
0
0
0
0
0
0
0
0
0
0
0
0
0
0
0
0
0
0
0
0
0
0
0
0
0
0
0
0
0
0
0
0
0
0
0
0
0
0
0
0
0
0
0
0
0
0
0
0
0
0
0
0
0
0
0
0
0
0
0
0
0
0
0
0
0
0
0
0
0
0
0
0
0
0
0
0
0
0
0
0
0
0
0
0
0
0
0
0
0
0
0
0
0
0
0
0
0
0
0
0
0
0
0
0
0
0
0
0
0
0
0
0
0
0
0
0
0
0
0
0
0
0
0
0
0
0
0
0
0
0
0
0
0
0
0
0
0
0
0
0
0
0
0
0
0
0
0
0
0
0
0
0
0
0
0
0
0
0
0
0
0
0
0
0
0
0
0
0
0
0
0
0
0
0
0
0
0
0
0
0
0
0
0
0
0
0
0
0
0
0
0
0
0
0
0
0
0
0
0
0
0
0
0
0
0
0
0
0
0
0
0
0
0
0
0
0
0
0
0
0
0
0
0
0
0
0
0
0
0
0
0
0
0
0
0
0
0
0
0
0
0
0
0
0
0
0
0
0
0
0
0
0
0
0
0
0
0
0
0
0
0
0
0
0
0
0
0
0
0
0
0
0
0
0
0
0
0
0
0
0
0
0
0
0
0
0
0
0
0
0
0
0
0
0
0
0
0
0
0
0
0
0
0
0
0
0
0
0
0
0
0
0
0
0
0
0
0
0
0
0
0
0
0
0
0
0
0
0
0
0
0
0
0
0
0
0
0
0
0
0
0
0
0
0
0
0
0
0
0
0
0
0
0
0
0
0
0
0
0
0
0
0
0
0
0
0
0
0
0
0
0
0
0
0
0
0
0
0
0
0
0
0
0
0
0
0
0
0
0
0
0
0
0
0
0
0
0
0
0
0
0
0
0
0
0
0
0
0
0
0
0
0
0
0
0
0
0
0
0
0
0
0
0
0
0
0
0
0
0
0
0
0
0
0
0
0
0
0
0
0
0
0
0
0
0
0
0
0
0
0
0
0
0
0
0
0
0
0
0
0
0
0
0
0
0
0
0
0
0
0
0
0
0
0
0
0
0
0
0
0
0
0
0
0
0
0
0
0
0
0
0
0
0
0
0
0
0
0
0
0
0
0
0
0
0
0
0
0
0
0
0
0
0
0
0
0
0
0
0
0
0
0
0
0
0
0
0
0
0
0
0
0
0
0
0
0
0
0
0
0
0
0
0
0
0
0
0
0
0
0
0
0
0
0
0
0
0
0
0
0
0
0
0
0
0
0
0
0
0
0
0
0
0
0
0
0
0
0
0
0
0
0
0
0
0
0
0
0
0
0
0
0
0
0
0
0
0
0
0
0
0
0
0
0
0
0
0
0
0
0
0
0
0
0
0
0
0
0
0
0
0
0
0
0
0
0
0
0
0
0
0
0
0
0
0
0
0
0
0
0
0
0
0
0
0
0
0
0
0
0
0
0
0
0
0
0
0
0
0
0
0
0
0
0
0
0
0
0
0
0
0
0
0
0
0
0
0
0
0
0
0
0
0
0
0
0
0
0
0
0
0
0
0
0
0
0
0
0
0
0
0
0
0
0
0
0
0
0
0
0
0
0
0
0
0
0
0
0
0
0
0
0
0
0
0
0
0
0
0
0
0
0
0
0
0
0
0
0
0
0
0
0
0
0
0
0
0
0
0
0
0
0
0
0
0
0
0
0
0
0
0
0
0
0
0
0
0
0
0
0
0
0
0
0
0
0
0
0
0
0
0
0
0
0
0
0
0
0
0
0
0
0
0
0
0
0
0
0
0
0
0
0
0
0
0
0
0
0
0
0
0
0
0
0
0
0
0
0
0
0
0
0
0
0
0
0
0
0
0
0
0
0
0
0
0
0
0
0
0
0
0
0
0
0
0
0
0
0
0
0
0
0
0
0
0
0
0
0
0
0
0
0
0
0
0
0
0
0
0
0
0
0
0
0
0
0
0
0
0
0
0
0
0
0
0
0
0
0
0
0
0
0
0
0
0
0
0
0
0
0
0
0
0
0
0
0
0
0
0
0
0
0
0
0
0
0
0
0
0
0
0
0
0
0
0
0
0
0
0
0
0
0
0
0
0
0
0
0
0
0
0
0
0
0
0
0
0
0
0
0
0
0
0
0
0
0
0
0
0
0
0
0
0
0
0
0
0
0
0
0
0
0
0
0
0
0
0
0
0
0
0
0
0
0
0
0
0
0
0
0
0
0
0
0
0
0
0
0
0
0
0
0
0
0
0
0
0
0
0
0
0
0
0
0
0
0
0
0
0
0
0
0
0
0
0
0
0
0
0
0
0
0
0
0
0
0
0
0
0
0
0
0
0
0
0
0
0
0
0
0
0
0
0
0
0
0
0
0
0
0
0
0
0
0
0
0
0
0
0
0
0
0
0
0
0
0
0
0
0
0
0
0
0
0
0
0
0
0
0
0
0
0
0
0
0
0
0
0
0
0
0
0
0
0
0
0
0
0
0
0
0
0
0
0
0
0
0
0
0
0
0
0
0
0
0
0
0
0
0
0
0
0
0
0
0
0
0
0
0
0
0
0
0
0
0
0
0
0
0
0
0
0
0
0
0
0
0
0
0
0
0
0
0
0
0
0
0
0
0
0
0
0
0
0
0
0
0
0
0
0
0
0
0
0
0
0
0
0
0
0
0
0
0
0
0
0
0
0
0
0
0
0
0
0
0
0
0
0
0
0
0
0
0
0
0
0
0
0
0
0
0
0
0
0
0
0
0
0
0
0
0
0
0
0
0
0
0
0
0
0
0
0
0
0
0
0
0
0
0
0
0
0
0
0
0
0
0
0
0
0
0
0
0
0
0
0
0
0
0
0
0
0
0
0
0
0
0
0
0
0
0
0
0
0
0
0
0
0
0
0
0
0
0
0
0
0
0
0
0
0
0
0
0
0
0
0
0
0
0
0
0
0
0
0
0
0
0
0
0
0
0
0
0
0
0
0
0
0
0
0
0
0
0
0
0
0
0
0
0
0
0
0
0
0
0
0
0
0
0
0
0
0
0
0
0
0
0
0
0
0
0
0
0
0
0
0
0
0
0
0
0
0
0
0
0
0
0
0
0
0
0
0
0
0
0
0
0
0
0
0
0
0
0
0
0
0
0
0
0
0
0
0
0
0
0
0
0
0
0
0
0
0
0
0
0
0
0
0
0
0
0
0
0
0
0
0
0
0
0
0
0
0
0
0
0
0
0
0
0
0
0
0
0
0
0
0
0
0
0
0
0
0
0
0
0
0
0
0
0
0
0
0
0
0
0
0
0
0
0
0
0
0
0
0
0
0
0
0
0
0
0
0
0
0
0
0
0
0
0
0
0
0
0
0
0
0
0
0
0
0
0
0
0
0
0
0
0
0
0
0
0
0
0
0
0
0
0
0
0
0
0
0
0
0
0
0
0
0
0
0
0
0
0
0
0
0
0
0
0
0
0
0
0
0
0
0
0
0
0
0
0
0
0
0
0
0
0
0
0
0
0
0
0
0
0
0
0
0
0
0
0
0
0
0
0
0
0
0
0
0
0
0
0
0
0
0
0
0
0
0
0
0
0
0
0
0
0
0
0
0
0
0
0
0
0
0
0
0
0
0
0
0
0
0
0
0
0
0
0
0
0
0
0
0
0
0
0
0
0
0
0
0
0
0
0
0
0
0
0
0
0
0
0
0
0
0
0
0
0
0
0
0
0
0
0
0
0
0
0
0
0
0
0
0
0
0
0
0
0
0
0
0
0
0
0
0
0
0
0
0
0
0
0
0
0
0
0
0
0
0
0
0
0
0
0
0
0
0
0
0
0
0
0
0
0
0
0
0
0
0
0
0
0
0
0
0
0
0
0
0
0
0
0
0
0
0
0
0
0
0
0
0
0
0
0
0
0
0
0
0
0
0
0
0
0
0
0
0
0
0
0
0
0
0
0
0
0
0
0
0
0
0
0
0
0
0
0
0
0
0
0
0
0
0
0
0
0
0
0
0
0
0
0
0
0
0
0
0
0
0
0
0
0
0
0
0
0
0
0
0
0
0
0
0
0
0
0
0
0
0
0
0
0
0
0
0
0
0
0
0
0
0
0
0
0
0
0
0
0
0
0
0
0
0
0
0
0
0
0
0
0
0
0
0
0
0
0
0
0
0
0
0
0
0
0
0
0
0
0
0
0
0
0
0
0
0
0
0
0
0
0
0
0
0
0
0
0
0
0
0
0
0
0
0
0
0
0
0
0
0
0
0
0
0
0
0
0
0
0
0
0
0
0
0
0
0
0
0
0
0
0
0
0
0
0
0
0
0
0
0
0
0
0
0
0
0
0
0
0
0
0
0
0
0
0
0
0
0
0
0
0
0
0
0
0
0
0
0
0
0
0
0
0
0
0
0
0
0
0
0
0
0
0
0
0
0
0
0
0
0
0
0
0
0
0
0
0
0
0
0
0
0
0
0
0
0
0
0
0
0
0
0
0
0
0
0
0
0
0
0
0
0
0
0
0
0
0
0
0
0
0
0
0
0
0
0
0
0
0
0
0
0
0
0
0
0
0
0
0
0
0
0
0
0
0
0
0
0
0
0
0
0
0
0
0
0
0
0
0
0
0
0
0
0
0
0
0
0
0
0
0
0
0
0
0
0
0
0
0
0
0
0
0
0
0
0
0
0
0
0
0
0
0
0
0
0
0
0
0
0
0
0
0
0
0
0
0
0
0
0
0
0
0
0
0
0
0
0
0
0
0
0
0
0
0
0
0
0
0
0
0
0
0
0
0
0
0
0
0
0
0
0
0
0
0
0
0
0
0
0
0
0
0
0
0
0
0
0
0
0
0
0
0
0
0
0
0
0
0
0
0
0
0
0
0
0
0
0
0
0
0
0
0
0
0
0
0
0
0
0
0
0
0
0
0
0
0
0
0
0
0
0
0
0
0
0
0
0
0
0
0
0
0
0
0
0
0
0
0
0
0
0
0
0
0
0
0
0
0
0
0
0
0
0
0
0
0
0
0
0
0
0
0
0
0
0
0
0
0
0
0
0
0
0
0
0
0
0
0
0
0
0
0
0
0
0
0
0
0
0
0
0
0
0
0
0
0
0
0
0
0
0
0
0
0
0
0
0
0
0
0
0
0
0
0
0
0
0
0
0
0
0
0
0
0
0
0
0
0
0
0
0
0
0
0
0
0
0
0
0
0
0
0
0
0
0
0
0
0
0
0
0
0
0
0
0
0
0
0
0
0
0
0
0
0
0
0
0
0
0
0
0
0
0
0
0
0
0
0
0
0
0
0
0
0
0
0
0
0
0
0
0
0
0
0
0
0
0
0
0
0
0
0
0
0
0
0
0
0
0
0
0
0
0
0
0
0
0
0
0
0
0
0
0
0
0
0
0
0
0
0
0
0
0
0
0
0
0
0
0
0
0
0
0
0
0
0
0
0
0
0
0
0
0
0
0
0
0
0
0
0
0
0
0
0
0
0
0
0
0
0
0
0
0
0
0
0
0
0
0
0
0
0
0
0
0
0
0
0
0
0
0
0
0
0
0
0
0
0
0
0
0
0
0
0
0
0
0
0
0
0
0
0
0
0
0
0
0
0
0
0
0
0
0
0
0
0
0
0
0
0
0
0
0
0
0
0
0
0
0
0
0
0
0
0
0
0
0
0
0
0
0
0
0
0
0
0
0
0
0
0
0
0
0
0
0
0
0
0
0
0
0
0
0
0
0
0
0
0
0
0
0
0
0
0
0
0
0
0
0
0
0
0
0
0
0
0
0
0
0
0
0
0
0
0
0
0
0
0
0
0
0
0
0
0
0
0
0
0
0
0
0
0
0
0
0
0
0
0
0
0
0
0
0
0
0
0
0
0
0
0
0
0
0
0
0
0
0
0
0
0
0
0
0
0
0
0
0
0
0
0
0
0
0
0
0
0
0
0
0
0
0
0
0
0
0
0
0
0
0
0
0
0
0
0
0
0
0
0
0
0
0
0
0
0
0
0
0
0
0
0
0
0
0
0
0
0
0
0
0
0
0
0
0
0
0
0
0
0
0
0
0
0
0
0
0
0
0
0
0
0
0
0
0
0
0
0
0
0
0
0
0
0
0
0
0
0
0
0
0
0
0
0
0
0
0
0
0
0
0
0
0
0
0
0
0
0
0
0
0
0
0
0
0
0
0
0
0
0
0
0
0
0
0
0
0
0
0
0
0
0
0
0
0
0
0
0
0
0
0
0
0
0
0
0
0
0
0
0
0
0
0
0
0
0
0
0
0
0
0
0
0
0
0
0
0
0
0
0
0
0
0
0
0
0
0
0
0
0
0
0
0
0
0
0
0
0
0
0
0
0
0
0
0
0
0
0
0
0
0
0
0
0
0
0
0
0
0
0
0
0
0
0
0
0
0
0
0
0
0
0
0
0
0
0
0
0
0
0
0
0
0
0
0
0
0
0
0
0
0
0
0
0
0
0
0
0
0
0
0
0
0
0
0
0
0
0
0
0
0
0
0
0
0
0
0
0
0
0
0
0
0
0
0
0
0
0
0
0
0
0
0
0
0
0
0
0
0
0
0
0
0
0
0
0
0
0
0
0
0
0
0
0
0
0
0
0
0
0
0
0
0
0
0
0
0
0
0
0
0
0
0
0
0
0
0
0
0
0
0
0
0
0
0
0
0
0
0
0
0
0
0
0
0
0
0
0
0
0
0
0
0
0
0
0
0
0
0
0
0
0
0
0
0
0
0
0
0
0
0
0
0
0
0
0
0
0
0
0
0
0
0
0
0
0
0
0
0
0
0
0
0
0
0
0
0
0
0
0
0
0
0
0
0
0
0
0
0
0
0
0
0
0
0
0
0
0
0
0
0
0
0
0
0
0
0
0
0
0
0
0
0
0
0
0
0
0
0
0
0
0
0
0
0
0
0
0
0
0
0
0
0
0
0
0
0
0
0
0
0
0
0
0
0
0
0
0
0
0
0
0
0
0
0
0
0
0
0
0
0
0
0
0
0
0
0
0
0
0
0
0
0
0
0
0
0
0
0
0
0
0
0
0
0
0
0
0
0
0
0
0
0
0
0
0
0
0
0
0
0
0
0
0
0
0
0
0
0
0
0
0
0
0
0
0
0
0
0
0
0
0
0
0
0
0
0
0
0
0
0
0
0
0
0
0
0
0
0
0
0
0
0
0
0
0
0
0
0
0
0
0
0
0
0
0
0
0
0
0
0
0
0
0
0
0
0
0
0
0
0
0
0
0
0
0
0
0
0
0
0
0
0
0
0
0
0
0
0
0
0
0
0
0
0
0
0
0
0
0
0
0
0
0
0
0
0
0
0
0
0
0
0
0
0
0
0
0
0
0
0
0
0
0
0
0
0
0
0
0
0
0
0
0
0
0
0
0
0
0
0
0
0
0
0
0
0
0
0
0
0
0
0
0
0
0
0
0
0
0
0
0
0
0
0
0
0
0
0
0
0
0
0
0
0
0
0
0
0
0
0
0
0
0
0
0
0
0
0
0
0
0
0
0
0
0
0
0
0
0
0
0
0
0
0
0
0
0
0
0
0
0
0
0
0
0
0
0
0
0
0
0
0
0
0
0
0
0
0
0
0
0
0
0
0
0
0
0
0
0
0
0
0
0
0
0
0
0
0
0
0
0
0
0
0
0
0
0
0
0
0
0
0
0
0
0
0
0
0
0
0
0
0
0
0
0
0
0
0
0
0
0
0
0
0
0
0
0
0
0
0
0
0
0
0
0
0
0
0
0
0
0
0
0
0
0
0
0
0
0
0
0
0
0
0
0
0
0
0
0
0
0
0
0
0
0
0
0
0
0
0
0
0
0
0
0
0
0
0
0
0
0
0
0
0
0
0
0
0
0
0
0
0
0
0
0
0
0
0
0
0
0
0
0
0
0
0
0
0
0
0
0
0
0
0
0
0
0
0
0
0
0
0
0
0
0
0
0
0
0
0
0
0
0
0
0
0
0
0
0
0
0
0
0
0
0
0
0
0
0
0
0
0
0
0
0
0
0
0
0
0
0
0
0
0
0
0
0
0
0
0
0
0
0
0
0
0
0
0
0
0
0
0
0
0
0
0
0
0
0
0
0
0
0
0
0
0
0
0
0
0
0
0
0
0
0
0
0
0
0
0
0
0
0
0
0
0
0
0
0
0
0
0
0
0
0
0
0
0
0
0
0
0
0
0
0
0
0
0
0
0
0
0
0
0
0
0
0
0
0
0
0
0
0
0
0
0
0
0
0
0
0
0
0
0
0
0
0
0
0
0
0
0
0
0
0
0
0
0
0
0
0
0
0
0
0
0
0
0
0
0
0
0
0
0
0
0
0
0
0
0
0
0
0
0
0
0
0
0
0
0
0
0
0
0
0
0
0
0
0
0
0
0
0
0
0
0
0
0
0
0
0
0
0
0
0
0
0
0
0
0
0
0
0
0
0
0
0
0
0
0
0
0
0
0
0
0
0
0
0
0
0
0
0
0
0
0
0
0
0
0
0
0
0
0
0
0
0
0
0
0
0
0
0
0
0
0
0
0
0
0
0
0
0
0
0
0
0
0
0
0
0
0
0
0
0
0
0
0
0
0
0
0
0
0
0
0
0
0
0
0
0
0
0
0
0
0
0
0
0
0
0
0
0
0
0
0
0
0
0
0
0
0
0
0
0
0
0
0
0
0
0
0
0
0
0
0
0
0
0
0
0
0
0
0
0
0
0
0
0
0
0
0
0
0
0
0
0
0
0
0
0
0
0
0
0
0
0
0
0
0
0
0
0
0
0
0
0
0
0
0
0
0
0
0
0
0
0
0
0
0
0
0
0
0
0
0
0
0
0
0
0
0
0
0
0
0
0
0
0
0
0
0
0
0
0
0
0
0
0
0
0
0
0
0
0
0
0
0
0
0
0
0
0
0
0
0
0
0
0
0
0
0
0
0
0
0
0
0
0
0
0
0
0
0
0
0
0
0
0
0
0
0
0
0
0
0
0
0
0
0
0
0
0
0
0
0
0
0
0
0
0
0
0
0
0
0
0
0
0
0
0
0
0
0
0
0
0
0
0
0
0
0
0
0
0
0
0
0
0
0
0
0
0
0
0
0
0
0
0
0
0
0
0
0
0
0
0
0
0
0
0
0
0
0
0
0
0
0
0
0
0
0
0
0
0
0
0
0
0
0
0
0
0
0
0
0
0
0
0
0
0
0
0
0
0
0
0
0
0
0
0
0
0
0
0
0
0
0
0
0
0
0
0
0
0
0
0
0
0
0
0
0
0
0
0
0
0
0
0
0
0
0
0
0
0
0
0
0
0
0
0
0
0
0
0
0
0
0
0
0
0
0
0
0
0
0
0
0
0
0
0
0
0
0
0
0
0
0
0
0
0
0
0
0
0
0
0
0
0
0
0
0
0
0
0
0
0
0
0
0
0
0
0
0
0
0
0
0
0
0
0
0
0
0
0
0
0
0
0
0
0
0
0
0
0
0
0
0
0
0
0
0
0
0
0
0
0
0
0
0
0
0
0
0
0
0
0
0
0
0
0
0
0
0
0
0
0
0
0
0
0
0
0
0
0
0
0
0
0
0
0
0
0
0
0
0
0
0
0
0
0
0
0
0
0
0
0
0
0
0
0
0
0
0
0
0
0
0
0
0
0
0
0
0
0
0
0
0
0
0
0
0
0
0
0
0
0
0
0
0
0
0
0
0
0
0
0
0
0
0
0
0
0
0
0
0
0
0
0
0
0
0
0
0
0
0
0
0
0
0
0
0
0
0
0
0
0
0
0
0
0
0
0
0
0
0
0
0
0
0
0
0
0
0
0
0
0
0
0
0
0
0
0
0
0
0
0
0
0
0
0
0
0
0
0
0
0
0
0
0
0
0
0
0
0
0
0
0
0
0
0
0
0
0
0
0
0
0
0
0
0
0
0
0
0
0
0
0
0
0
0
0
0
0
0
0
0
0
0
0
0
0
0
0
0
0
0
0
0
0
0
0
0
0
0
0
0
0
0
0
0
0
0
0
0
0
0
0
0
0
0
0
0
0
0
0
0
0
0
0
0
0
0
0
0
0
0
0
0
0
0
0
0
0
0
0
0
0
0
0
0
0
0
0
0
0
0
0
0
0
0
0
0
0
0
0
0
0
0
0
0
0
0
0
0
0
0
0
0
0
0
0
0
0
0
0
0
0
0
0
0
0
0
0
0
0
0
0
0
0
0
0
0
0
0
0
0
0
0
0
0
0
0
0
0
0
0
0
0
0
0
0
0
0
0
0
0
0
0
0
0
0
0
0
0
0
0
0
0
0
0
0
0
0
0
0
0
0
0
0
0
0
0
0
0
0
0
0
0
0
0
0
0
0
0
0
0
0
0
0
0
0
0
0
0
0
0
0
0
0
0
0
0
0
0
0
0
0
0
0
0
0
0
0
0
0
0
0
0
0
0
0
0
0
0
0
0
0
0
0
0
0
0
0
0
0
0
0
0
0
0
0
0
0
0
0
0
0
0
0
0
0
0
0
0
0
0
0
0
0
0
0
0
0
0
0
0
0
0
0
0
0
0
0
0
0
0
0
0
0
0
0
0
0
0
0
0
0
0
0
0
0
0
0
0
0
0
0
0
0
0
0
0
0
0
0
0
0
0
0
0
0
0
0
0
0
0
0
0
0
0
0
0
0
0
0
0
0
0
0
0
0
0
0
0
0
0
0
0
0
0
0
0
0
0
0
0
0
0
0
0
0
0
0
0
0
0
0
0
0
0
0
0
0
0
0
0
0
0
0
0
0
0
0
0
0
0
0
0
0
0
0
0
0
0
0
0
0
0
0
0
0
0
0
0
0
0
0
0
0
