24
854
0
0
0
0
0
0
3533
718
0
0
0
0
0
0
3436
3689
0
0
0
0
0
0
2137
155
0
0
0
0
0
0
3681
1846
0
0
0
0
0
0
3599
894
0
0
0
0
0
0
3511
2612
0
0
0
0
0
0
1417
1730
0
0
0
0
0
0
3175
3270
0
0
0
0
0
0
3518
739
0
0
0
0
0
0
2616
1884
0
0
0
0
0
0
2180
516
0
0
0
0
0
0
711
2528
0
0
0
0
0
0
2299
2667
0
0
0
0
0
0
3092
124
0
0
0
0
0
0
3484
117
0
0
0
0
0
0
1427
2920
0
0
0
0
0
0
2842
1045
0
0
0
0
0
0
170
1681
0
0
0
0
0
0
3897
3102
0
0
0
0
0
0
1019
3266
0
0
0
0
0
0
2352
1477
0
0
0
0
0
0
1570
1887
0
0
0
0
0
0
644
3363
0
0
0
0
0
0
3939
3658
0
0
0
0
0
0
3669
622
0
0
0
0
0
0
2716
1302
0
0
0
0
0
0
2276
3043
0
0
0
0
0
0
623
1689
0
0
0
0
0
0
247
1153
0
0
0
0
0
0
3858
3737
0
0
0
0
0
0
1529
2206
0
0
0
0
0
0
319
836
0
0
0
0
0
0
3294
4072
0
0
0
0
0
0
1745
3301
0
0
0
0
0
0
3104
2926
0
0
0
0
0
0
506
2901
0
0
0
0
0
0
3028
172
0
0
0
0
0
0
1059
3718
0
0
0
0
0
0
944
3713
0
0
0
0
0
0
240
1841
0
0
0
0
0
0
2567
2858
0
0
0
0
0
0
3404
444
0
0
0
0
0
0
3603
666
0
0
0
0
0
0
1626
3560
0
0
0
0
0
0
1702
3694
0
0
0
0
0
0
1256
3947
0
0
0
0
0
0
1093
2175
0
0
0
0
0
0
773
2298
0
0
0
0
0
0
1039
199
0
0
0
0
0
0
3378
2807
0
0
0
0
0
0
923
2314
0
0
0
0
0
0
1310
3244
0
0
0
0
0
0
1183
148
0
0
0
0
0
0
3878
3101
0
0
0
0
0
0
3454
2529
0
0
0
0
0
0
1894
553
0
0
0
0
0
0
2884
2835
0
0
0
0
0
0
1393
1437
0
0
0
0
0
0
2228
2708
0
0
0
0
0
0
3075
3830
0
0
0
0
0
0
2485
3687
0
0
0
0
0
0
1413
1635
0
0
0
0
0
0
1436
3393
0
0
0
0
0
0
1290
437
0
0
0
0
0
0
3010
1150
0
0
0
0
0
0
668
2041
0
0
0
0
0
0
2699
842
0
0
0
0
0
0
397
88
0
0
0
0
0
0
3960
2042
0
0
0
0
0
0
3540
59
0
0
0
0
0
0
3856
3704
0
0
0
0
0
0
1010
1092
0
0
0
0
0
0
100
363
0
0
0
0
0
0
1919
1258
0
0
0
0
0
0
2808
473
0
0
0
0
0
0
961
1071
0
0
0
0
0
0
795
3150
0
0
0
0
0
0
971
507
0
0
0
0
0
0
3605
652
0
0
0
0
0
0
939
229
0
0
0
0
0
0
2163
3370
0
0
0
0
0
0
3083
2472
0
0
0
0
0
0
3873
3567
0
0
0
0
0
0
3493
660
0
0
0
0
0
0
2712
869
0
0
0
0
0
0
159
1199
0
0
0
0
0
0
2190
206
0
0
0
0
0
0
2164
2120
0
0
0
0
0
0
1338
1618
0
0
0
0
0
0
3726
1047
0
0
0
0
0
0
3783
3060
0
0
0
0
0
0
180
1847
0
0
0
0
0
0
1013
2865
0
0
0
0
0
0
3669
3741
0
0
0
0
0
0
131
757
0
0
0
0
0
0
65
1621
0
0
0
0
0
0
3232
38
0
0
0
0
0
0
1778
2212
0
0
0
0
0
0
508
205
0
0
0
0
0
0
317
3781
0
0
0
0
0
0
3212
218
0
0
0
0
0
0
4067
3925
0
0
0
0
0
0
3308
766
0
0
0
0
0
0
1887
1081
0
0
0
0
0
0
1580
1774
0
0
0
0
0
0
1138
3131
0
0
0
0
0
0
1821
464
0
0
0
0
0
0
1935
383
0
0
0
0
0
0
2909
3015
0
0
0
0
0
0
2600
2791
0
0
0
0
0
0
332
2777
0
0
0
0
0
0
57
3455
0
0
0
0
0
0
3993
3691
0
0
0
0
0
0
1882
2646
0
0
0
0
0
0
2843
2011
0
0
0
0
0
0
2330
619
0
0
0
0
0
0
2687
903
0
0
0
0
0
0
2241
3245
0
0
0
0
0
0
1021
2385
0
0
0
0
0
0
3098
856
0
0
0
0
0
0
1940
2785
0
0
0
0
0
0
3190
3668
0
0
0
0
0
0
526
1411
0
0
0
0
0
0
3043
2693
0
0
0
0
0
0
115
349
0
0
0
0
0
0
2866
943
0
0
0
0
0
0
316
604
0
0
0
0
0
0
1582
1545
0
0
0
0
0
0
2156
346
0
0
0
0
0
0
3149
989
0
0
0
0
0
0
3893
1074
0
0
0
0
0
0
127
1533
0
0
0
0
0
0
918
1375
0
0
0
0
0
0
87
1798
0
0
0
0
0
0
1844
1162
0
0
0
0
0
0
180
2019
0
0
0
0
0
0
903
2520
0
0
0
0
0
0
1626
2967
0
0
0
0
0
0
2088
917
0
0
0
0
0
0
2815
2910
0
0
0
0
0
0
2714
1481
0
0
0
0
0
0
1812
207
0
0
0
0
0
0
1453
87
0
0
0
0
0
0
66
362
0
0
0
0
0
0
1165
1742
0
0
0
0
0
0
2255
2141
0
0
0
0
0
0
1555
2147
0
0
0
0
0
0
511
615
0
0
0
0
0
0
2668
300
0
0
0
0
0
0
1784
1408
0
0
0
0
0
0
2864
1314
0
0
0
0
0
0
3317
2733
0
0
0
0
0
0
1885
422
0
0
0
0
0
0
269
3947
0
0
0
0
0
0
1369
1804
0
0
0
0
0
0
3785
2519
0
0
0
0
0
0
2359
649
0
0
0
0
0
0
519
540
0
0
0
0
0
0
3583
1193
0
0
0
0
0
0
3306
3182
0
0
0
0
0
0
2739
254
0
0
0
0
0
0
3513
3276
0
0
0
0
0
0
2025
730
0
0
0
0
0
0
351
2507
0
0
0
0
0
0
2561
598
0
0
0
0
0
0
1497
3467
0
0
0
0
0
0
2507
1887
0
0
0
0
0
0
1151
1761
0
0
0
0
0
0
3454
3208
0
0
0
0
0
0
3194
1361
0
0
0
0
0
0
2471
2112
0
0
0
0
0
0
752
388
0
0
0
0
0
0
792
2556
0
0
0
0
0
0
3439
1717
0
0
0
0
0
0
3887
1815
0
0
0
0
0
0
2336
1038
0
0
0
0
0
0
573
3254
0
0
0
0
0
0
1481
3774
0
0
0
0
0
0
210
1174
0
0
0
0
0
0
3636
37
0
0
0
0
0
0
4087
3362
0
0
0
0
0
0
3820
1550
0
0
0
0
0
0
1563
771
0
0
0
0
0
0
3403
2390
0
0
0
0
0
0
2023
2382
0
0
0
0
0
0
1028
627
0
0
0
0
0
0
2830
1649
0
0
0
0
0
0
2702
742
0
0
0
0
0
0
1497
2208
0
0
0
0
0
0
1320
230
0
0
0
0
0
0
1993
3915
0
0
0
0
0
0
2046
1728
0
0
0
0
0
0
1739
1940
0
0
0
0
0
0
3284
3298
0
0
0
0
0
0
395
1772
0
0
0
0
0
0
2151
1999
0
0
0
0
0
0
723
3104
0
0
0
0
0
0
1493
3849
0
0
0
0
0
0
1976
3477
0
0
0
0
0
0
2127
3735
0
0
0
0
0
0
2803
3542
0
0
0
0
0
0
3301
1998
0
0
0
0
0
0
892
1886
0
0
0
0
0
0
420
4076
0
0
0
0
0
0
981
3988
0
0
0
0
0
0
1005
2826
0
0
0
0
0
0
4092
1749
0
0
0
0
0
0
3182
1843
0
0
0
0
0
0
528
528
0
0
0
0
0
0
305
2080
0
0
0
0
0
0
3982
3743
0
0
0
0
0
0
143
3589
0
0
0
0
0
0
3067
3257
0
0
0
0
0
0
2991
3142
0
0
0
0
0
0
417
3292
0
0
0
0
0
0
1467
3108
0
0
0
0
0
0
1057
207
0
0
0
0
0
0
1178
395
0
0
0
0
0
0
2415
625
0
0
0
0
0
0
2250
1129
0
0
0
0
0
0
3347
3904
0
0
0
0
0
0
3451
3716
0
0
0
0
0
0
3637
2839
0
0
0
0
0
0
3297
1936
0
0
0
0
0
0
1842
449
0
0
0
0
0
0
1405
2776
0
0
0
0
0
0
571
3669
0
0
0
0
0
0
2483
4024
0
0
0
0
0
0
1298
982
0
0
0
0
0
0
3875
3867
0
0
0
0
0
0
573
1464
0
0
0
0
0
0
1111
878
0
0
0
0
0
0
521
2491
0
0
0
0
0
0
818
1025
0
0
0
0
0
0
3069
287
0
0
0
0
0
0
1280
622
0
0
0
0
0
0
2669
118
0
0
0
0
0
0
389
231
0
0
0
0
0
0
1251
4050
0
0
0
0
0
0
2241
342
0
0
0
0
0
0
3425
1710
0
0
0
0
0
0
787
297
0
0
0
0
0
0
3443
1027
0
0
0
0
0
0
1831
1582
0
0
0
0
0
0
1898
3311
0
0
0
0
0
0
152
3066
0
0
0
0
0
0
1413
894
0
0
0
0
0
0
1782
3144
0
0
0
0
0
0
441
3178
0
0
0
0
0
0
3103
3770
0
0
0
0
0
0
252
58
0
0
0
0
0
0
2016
2540
0
0
0
0
0
0
90
1447
0
0
0
0
0
0
1914
16
0
0
0
0
0
0
181
3838
0
0
0
0
0
0
2739
1046
0
0
0
0
0
0
1531
1283
0
0
0
0
0
0
3688
2381
0
0
0
0
0
0
1641
2867
0
0
0
0
0
0
3601
3804
0
0
0
0
0
0
381
1129
0
0
0
0
0
0
583
2418
0
0
0
0
0
0
2191
3934
0
0
0
0
0
0
2144
2470
0
0
0
0
0
0
2459
2091
0
0
0
0
0
0
1976
2272
0
0
0
0
0
0
593
2095
0
0
0
0
0
0
2573
182
0
0
0
0
0
0
1029
2289
0
0
0
0
0
0
2730
3772
0
0
0
0
0
0
1778
4056
0
0
0
0
0
0
1679
656
0
0
0
0
0
0
96
616
0
0
0
0
0
0
465
2044
0
0
0
0
0
0
3954
1203
0
0
0
0
0
0
1653
3017
0
0
0
0
0
0
1885
1595
0
0
0
0
0
0
3460
3359
0
0
0
0
0
0
3709
3284
0
0
0
0
0
0
2545
2824
0
0
0
0
0
0
2157
3029
0
0
0
0
0
0
1805
1993
0
0
0
0
0
0
2475
231
0
0
0
0
0
0
3786
197
0
0
0
0
0
0
1334
2762
0
0
0
0
0
0
3206
1886
0
0
0
0
0
0
2928
3127
0
0
0
0
0
0
3470
1858
0
0
0
0
0
0
2586
194
0
0
0
0
0
0
78
3738
0
0
0
0
0
0
544
2190
0
0
0
0
0
0
1710
2549
0
0
0
0
0
0
1402
2687
0
0
0
0
0
0
3060
3793
0
0
0
0
0
0
202
2588
0
0
0
0
0
0
2074
1358
0
0
0
0
0
0
3024
1744
0
0
0
0
0
0
1485
3710
0
0
0
0
0
0
284
3980
0
0
0
0
0
0
2554
1567
0
0
0
0
0
0
1742
3488
0
0
0
0
0
0
277
3495
0
0
0
0
0
0
2989
3227
0
0
0
0
0
0
2673
2016
0
0
0
0
0
0
425
2708
0
0
0
0
0
0
2997
1232
0
0
0
0
0
0
3112
1774
0
0
0
0
0
0
1613
3932
0
0
0
0
0
0
1319
2764
0
0
0
0
0
0
997
4003
0
0
0
0
0
0
1145
133
0
0
0
0
0
0
1309
1346
0
0
0
0
0
0
1914
3361
0
0
0
0
0
0
608
2209
0
0
0
0
0
0
3490
4081
0
0
0
0
0
0
2475
1041
0
0
0
0
0
0
88
4006
0
0
0
0
0
0
657
87
0
0
0
0
0
0
2787
3487
0
0
0
0
0
0
1509
3576
0
0
0
0
0
0
2069
567
0
0
0
0
0
0
886
3488
0
0
0
0
0
0
3582
2569
0
0
0
0
0
0
139
2418
0
0
0
0
0
0
1120
1488
0
0
0
0
0
0
3615
2960
0
0
0
0
0
0
1371
88
0
0
0
0
0
0
2205
3454
0
0
0
0
0
0
1007
3262
0
0
0
0
0
0
730
3830
0
0
0
0
0
0
2772
2705
0
0
0
0
0
0
1063
1814
0
0
0
0
0
0
86
808
0
0
0
0
0
0
2791
2223
0
0
0
0
0
0
3932
2893
0
0
0
0
0
0
2863
4063
0
0
0
0
0
0
3258
3254
0
0
0
0
0
0
3700
2769
0
0
0
0
0
0
1833
2922
0
0
0
0
0
0
588
2652
0
0
0
0
0
0
1723
2196
0
0
0
0
0
0
938
1290
0
0
0
0
0
0
933
3299
0
0
0
0
0
0
1352
3081
0
0
0
0
0
0
3079
1588
0
0
0
0
0
0
3784
2536
0
0
0
0
0
0
3501
987
0
0
0
0
0
0
2353
2311
0
0
0
0
0
0
282
3985
0
0
0
0
0
0
3268
2959
0
0
0
0
0
0
2450
2335
0
0
0
0
0
0
3954
34
0
0
0
0
0
0
2228
2041
0
0
0
0
0
0
191
3191
0
0
0
0
0
0
852
3711
0
0
0
0
0
0
4001
3610
0
0
0
0
0
0
2048
567
0
0
0
0
0
0
3042
3347
0
0
0
0
0
0
875
3352
0
0
0
0
0
0
1736
2558
0
0
0
0
0
0
1878
1068
0
0
0
0
0
0
3326
1571
0
0
0
0
0
0
1257
3163
0
0
0
0
0
0
1971
3801
0
0
0
0
0
0
3826
3295
0
0
0
0
0
0
1038
2257
0
0
0
0
0
0
3750
708
0
0
0
0
0
0
190
1337
0
0
0
0
0
0
1996
317
0
0
0
0
0
0
1935
2543
0
0
0
0
0
0
1004
988
0
0
0
0
0
0
2841
3501
0
0
0
0
0
0
612
3372
0
0
0
0
0
0
1449
3165
0
0
0
0
0
0
3347
1142
0
0
0
0
0
0
3258
3288
0
0
0
0
0
0
1074
719
0
0
0
0
0
0
6
1356
0
0
0
0
0
0
3960
2657
0
0
0
0
0
0
760
152
0
0
0
0
0
0
3932
2182
0
0
0
0
0
0
3842
3850
0
0
0
0
0
0
993
564
0
0
0
0
0
0
61
1780
0
0
0
0
0
0
2720
3807
0
0
0
0
0
0
3936
576
0
0
0
0
0
0
1819
463
0
0
0
0
0
0
3399
1690
0
0
0
0
0
0
196
2415
0
0
0
0
0
0
2270
97
0
0
0
0
0
0
3468
2509
0
0
0
0
0
0
2451
3429
0
0
0
0
0
0
3584
548
0
0
0
0
0
0
3983
2117
0
0
0
0
0
0
3633
3161
0
0
0
0
0
0
546
1612
0
0
0
0
0
0
929
1954
0
0
0
0
0
0
757
1378
0
0
0
0
0
0
2638
3587
0
0
0
0
0
0
4028
1168
0
0
0
0
0
0
987
1213
0
0
0
0
0
0
3816
1788
0
0
0
0
0
0
1507
215
0
0
0
0
0
0
1130
2969
0
0
0
0
0
0
2680
2865
0
0
0
0
0
0
2284
3589
0
0
0
0
0
0
3570
1253
0
0
0
0
0
0
1209
1230
0
0
0
0
0
0
409
2975
0
0
0
0
0
0
1647
1921
0
0
0
0
0
0
2719
650
0
0
0
0
0
0
2855
2514
0
0
0
0
0
0
2859
1467
0
0
0
0
0
0
174
2026
0
0
0
0
0
0
1634
2542
0
0
0
0
0
0
3686
2570
0
0
0
0
0
0
2135
3319
0
0
0
0
0
0
1817
3213
0
0
0
0
0
0
220
2576
0
0
0
0
0
0
1769
140
0
0
0
0
0
0
3329
1337
0
0
0
0
0
0
2907
784
0
0
0
0
0
0
3395
1407
0
0
0
0
0
0
1725
3832
0
0
0
0
0
0
3181
39
0
0
0
0
0
0
1576
535
0
0
0
0
0
0
1284
3208
0
0
0
0
0
0
749
1019
0
0
0
0
0
0
3582
3510
0
0
0
0
0
0
3013
1829
0
0
0
0
0
0
423
3697
0
0
0
0
0
0
3990
1125
0
0
0
0
0
0
3592
3408
0
0
0
0
0
0
2784
2044
0
0
0
0
0
0
3023
709
0
0
0
0
0
0
2160
165
0
0
0
0
0
0
181
25
0
0
0
0
0
0
1967
442
0
0
0
0
0
0
3904
626
0
0
0
0
0
0
3392
1320
0
0
0
0
0
0
2325
2866
0
0
0
0
0
0
1989
2545
0
0
0
0
0
0
3056
420
0
0
0
0
0
0
2914
3543
0
0
0
0
0
0
1287
884
0
0
0
0
0
0
1863
2657
0
0
0
0
0
0
1332
3073
0
0
0
0
0
0
3873
949
0
0
0
0
0
0
1647
964
0
0
0
0
0
0
1644
3430
0
0
0
0
0
0
3403
148
0
0
0
0
0
0
3277
1210
0
0
0
0
0
0
1449
18
0
0
0
0
0
0
3428
2947
0
0
0
0
0
0
682
1616
0
0
0
0
0
0
2303
1739
0
0
0
0
0
0
2948
4027
0
0
0
0
0
0
2402
2933
0
0
0
0
0
0
448
2264
0
0
0
0
0
0
1917
1122
0
0
0
0
0
0
2494
2760
0
0
0
0
0
0
1199
1221
0
0
0
0
0
0
2392
1531
0
0
0
0
0
0
3388
3151
0
0
0
0
0
0
293
2111
0
0
0
0
0
0
2258
2395
0
0
0
0
0
0
6
127
0
0
0
0
0
0
1215
2857
0
0
0
0
0
0
3266
1699
0
0
0
0
0
0
2736
596
0
0
0
0
0
0
1780
1390
0
0
0
0
0
0
408
1500
0
0
0
0
0
0
594
2289
0
0
0
0
0
0
1950
455
0
0
0
0
0
0
280
79
0
0
0
0
0
0
1768
11
0
0
0
0
0
0
1667
256
0
0
0
0
0
0
1804
3487
0
0
0
0
0
0
383
940
0
0
0
0
0
0
3651
1895
0
0
0
0
0
0
2375
969
0
0
0
0
0
0
3519
3517
0
0
0
0
0
0
2201
3059
0
0
0
0
0
0
2142
3737
0
0
0
0
0
0
2553
1092
0
0
0
0
0
0
520
519
0
0
0
0
0
0
888
804
0
0
0
0
0
0
404
721
0
0
0
0
0
0
2110
3623
0
0
0
0
0
0
1090
1471
0
0
0
0
0
0
2726
2068
0
0
0
0
0
0
2658
1242
0
0
0
0
0
0
2186
834
0
0
0
0
0
0
2189
3196
0
0
0
0
0
0
2125
530
0
0
0
0
0
0
2221
70
0
0
0
0
0
0
3144
2497
0
0
0
0
0
0
3786
3652
0
0
0
0
0
0
2600
2376
0
0
0
0
0
0
819
2096
0
0
0
0
0
0
3086
2638
0
0
0
0
0
0
844
1624
0
0
0
0
0
0
3288
2577
0
0
0
0
0
0
2963
2987
0
0
0
0
0
0
3621
2603
0
0
0
0
0
0
755
2132
0
0
0
0
0
0
2003
393
0
0
0
0
0
0
1373
3757
0
0
0
0
0
0
3777
1313
0
0
0
0
0
0
3204
2199
0
0
0
0
0
0
2741
14
0
0
0
0
0
0
2957
4017
0
0
0
0
0
0
3362
1587
0
0
0
0
0
0
2632
2523
0
0
0
0
0
0
1155
606
0
0
0
0
0
0
356
692
0
0
0
0
0
0
4091
2816
0
0
0
0
0
0
3332
1201
0
0
0
0
0
0
3951
3010
0
0
0
0
0
0
3703
2266
0
0
0
0
0
0
1668
3872
0
0
0
0
0
0
956
2884
0
0
0
0
0
0
2493
2398
0
0
0
0
0
0
635
2797
0
0
0
0
0
0
3061
2713
0
0
0
0
0
0
630
862
0
0
0
0
0
0
440
1731
0
0
0
0
0
0
491
927
0
0
0
0
0
0
105
1892
0
0
0
0
0
0
1549
3929
0
0
0
0
0
0
2901
338
0
0
0
0
0
0
622
3598
0
0
0
0
0
0
2356
1600
0
0
0
0
0
0
2451
3420
0
0
0
0
0
0
1235
1617
0
0
0
0
0
0
3204
2873
0
0
0
0
0
0
2661
1646
0
0
0
0
0
0
1651
3325
0
0
0
0
0
0
1684
473
0
0
0
0
0
0
1803
2141
0
0
0
0
0
0
779
3826
0
0
0
0
0
0
3203
2085
0
0
0
0
0
0
155
2029
0
0
0
0
0
0
2067
873
0
0
0
0
0
0
1044
3324
0
0
0
0
0
0
1286
138
0
0
0
0
0
0
412
171
0
0
0
0
0
0
3503
3624
0
0
0
0
0
0
3890
1634
0
0
0
0
0
0
1448
4027
0
0
0
0
0
0
4054
2515
0
0
0
0
0
0
1885
1068
0
0
0
0
0
0
2657
3715
0
0
0
0
0
0
1035
1057
0
0
0
0
0
0
3775
782
0
0
0
0
0
0
1579
3015
0
0
0
0
0
0
1117
550
0
0
0
0
0
0
545
3106
0
0
0
0
0
0
1438
1880
0
0
0
0
0
0
2994
1487
0
0
0
0
0
0
3794
1530
0
0
0
0
0
0
1837
2680
0
0
0
0
0
0
802
3725
0
0
0
0
0
0
486
429
0
0
0
0
0
0
1491
1994
0
0
0
0
0
0
1387
1409
0
0
0
0
0
0
2870
1382
0
0
0
0
0
0
968
2757
0
0
0
0
0
0
3425
205
0
0
0
0
0
0
574
1172
0
0
0
0
0
0
1040
1552
0
0
0
0
0
0
3151
3422
0
0
0
0
0
0
3114
1939
0
0
0
0
0
0
2232
355
0
0
0
0
0
0
1768
4001
0
0
0
0
0
0
3775
924
0
0
0
0
0
0
1688
835
0
0
0
0
0
0
2771
608
0
0
0
0
0
0
1327
2077
0
0
0
0
0
0
1522
3423
0
0
0
0
0
0
467
314
0
0
0
0
0
0
1712
3918
0
0
0
0
0
0
3405
2009
0
0
0
0
0
0
195
2762
0
0
0
0
0
0
1771
536
0
0
0
0
0
0
965
2111
0
0
0
0
0
0
3557
1792
0
0
0
0
0
0
1424
1236
0
0
0
0
0
0
2983
963
0
0
0
0
0
0
670
1249
0
0
0
0
0
0
3695
3076
0
0
0
0
0
0
2955
1962
0
0
0
0
0
0
514
3096
0
0
0
0
0
0
2483
1662
0
0
0
0
0
0
1139
3945
0
0
0
0
0
0
2409
2139
0
0
0
0
0
0
848
3954
0
0
0
0
0
0
1146
3834
0
0
0
0
0
0
3947
3203
0
0
0
0
0
0
3091
2971
0
0
0
0
0
0
3857
423
0
0
0
0
0
0
2050
1601
0
0
0
0
0
0
2943
3683
0
0
0
0
0
0
3501
1149
0
0
0
0
0
0
6
1623
0
0
0
0
0
0
2246
1065
0
0
0
0
0
0
3107
3875
0
0
0
0
0
0
1139
2388
0
0
0
0
0
0
1708
278
0
0
0
0
0
0
2097
3524
0
0
0
0
0
0
3122
754
0
0
0
0
0
0
974
1339
0
0
0
0
0
0
3163
2382
0
0
0
0
0
0
394
2519
0
0
0
0
0
0
2674
724
0
0
0
0
0
0
4048
2635
0
0
0
0
0
0
1675
1419
0
0
0
0
0
0
57
652
0
0
0
0
0
0
1905
90
0
0
0
0
0
0
1460
2251
0
0
0
0
0
0
275
605
0
0
0
0
0
0
1864
1071
0
0
0
0
0
0
1824
2399
0
0
0
0
0
0
420
2148
0
0
0
0
0
0
1630
3214
0
0
0
0
0
0
3552
2930
0
0
0
0
0
0
1188
3622
0
0
0
0
0
0
1667
2190
0
0
0
0
0
0
1502
2861
0
0
0
0
0
0
2266
1130
0
0
0
0
0
0
2719
3846
0
0
0
0
0
0
2175
670
0
0
0
0
0
0
1858
3419
0
0
0
0
0
0
2659
560
0
0
0
0
0
0
1000
2497
0
0
0
0
0
0
3543
2307
0
0
0
0
0
0
572
407
0
0
0
0
0
0
2437
3826
0
0
0
0
0
0
3133
381
0
0
0
0
0
0
1363
2546
0
0
0
0
0
0
1225
2980
0
0
0
0
0
0
1503
1711
0
0
0
0
0
0
3871
3881
0
0
0
0
0
0
387
1464
0
0
0
0
0
0
1693
886
0
0
0
0
0
0
470
540
0
0
0
0
0
0
2868
2828
0
0
0
0
0
0
16
553
0
0
0
0
0
0
921
709
0
0
0
0
0
0
2189
1606
0
0
0
0
0
0
3901
2359
0
0
0
0
0
0
3062
769
0
0
0
0
0
0
273
2366
0
0
0
0
0
0
1458
3506
0
0
0
0
0
0
388
2978
0
0
0
0
0
0
49
3081
0
0
0
0
0
0
2124
612
0
0
0
0
0
0
1112
2021
0
0
0
0
0
0
464
2600
0
0
0
0
0
0
3765
1340
0
0
0
0
0
0
1650
1764
0
0
0
0
0
0
1727
2850
0
0
0
0
0
0
679
3159
0
0
0
0
0
0
3489
1745
0
0
0
0
0
0
3997
2899
0
0
0
0
0
0
2482
1825
0
0
0
0
0
0
617
1906
0
0
0
0
0
0
2052
299
0
0
0
0
0
0
2820
1722
0
0
0
0
0
0
2033
100
0
0
0
0
0
0
1155
323
0
0
0
0
0
0
804
3549
0
0
0
0
0
0
514
2754
0
0
0
0
0
0
1650
2389
0
0
0
0
0
0
1405
2792
0
0
0
0
0
0
4079
2860
0
0
0
0
0
0
196
2609
0
0
0
0
0
0
3431
998
0
0
0
0
0
0
1966
78
0
0
0
0
0
0
1723
2770
0
0
0
0
0
0
4013
3586
0
0
0
0
0
0
283
2788
0
0
0
0
0
0
3932
2821
0
0
0
0
0
0
1775
2767
0
0
0
0
0
0
2279
2210
0
0
0
0
0
0
1270
2958
0
0
0
0
0
0
3233
4078
0
0
0
0
0
0
1115
1215
0
0
0
0
0
0
3153
1518
0
0
0
0
0
0
2657
3667
0
0
0
0
0
0
2672
2984
0
0
0
0
0
0
1814
140
0
0
0
0
0
0
1351
464
0
0
0
0
0
0
2679
3182
0
0
0
0
0
0
2511
3884
0
0
0
0
0
0
3603
2423
0
0
0
0
0
0
3283
2555
0
0
0
0
0
0
287
1039
0
0
0
0
0
0
985
545
0
0
0
0
0
0
2196
2963
0
0
0
0
0
0
3400
1107
0
0
0
0
0
0
185
104
0
0
0
0
0
0
2551
2835
0
0
0
0
0
0
3670
3816
0
0
0
0
0
0
3808
893
0
0
0
0
0
0
1151
2350
0
0
0
0
0
0
478
3994
0
0
0
0
0
0
749
452
0
0
0
0
0
0
1967
467
0
0
0
0
0
0
1285
692
0
0
0
0
0
0
1931
3646
0
0
0
0
0
0
1978
1143
0
0
0
0
0
0
411
46
0
0
0
0
0
0
23
2607
0
0
0
0
0
0
278
2988
0
0
0
0
0
0
1909
2632
0
0
0
0
0
0
2131
1085
0
0
0
0
0
0
1333
3140
0
0
0
0
0
0
3551
201
0
0
0
0
0
0
273
1226
0
0
0
0
0
0
2905
280
0
0
0
0
0
0
835
2135
0
0
0
0
0
0
30
2126
0
0
0
0
0
0
2623
610
0
0
0
0
0
0
1894
111
0
0
0
0
0
0
1339
368
0
0
0
0
0
0
3951
1172
0
0
0
0
0
0
2976
1742
0
0
0
0
0
0
3217
2795
0
0
0
0
0
0
3543
1959
0
0
0
0
0
0
2293
1983
0
0
0
0
0
0
271
2811
0
0
0
0
0
0
3849
2005
0
0
0
0
0
0
4009
4024
0
0
0
0
0
0
4056
2509
0
0
0
0
0
0
1465
1557
0
0
0
0
0
0
2100
530
0
0
0
0
0
0
2299
1577
0
0
0
0
0
0
1162
1438
0
0
0
0
0
0
3018
1053
0
0
0
0
0
0
3073
3495
0
0
0
0
0
0
4042
3182
0
0
0
0
0
0
1582
1373
0
0
0
0
0
0
1366
1573
0
0
0
0
0
0
3421
1817
0
0
0
0
0
0
2426
3666
0
0
0
0
0
0
750
1308
0
0
0
0
0
0
3718
1183
0
0
0
0
0
0
3039
219
0
0
0
0
0
0
626
2938
0
0
0
0
0
0
4088
3644
0
0
0
0
0
0
3037
3891
0
0
0
0
0
0
353
1498
0
0
0
0
0
0
2761
1002
0
0
0
0
0
0
3049
435
0
0
0
0
0
0
3636
1471
0
0
0
0
0
0
3090
2627
0
0
0
0
0
0
2860
3002
0
0
0
0
0
0
3126
3200
0
0
0
0
0
0
3048
3925
0
0
0
0
0
0
1266
369
0
0
0
0
0
0
2369
3817
0
0
0
0
0
0
267
3893
0
0
0
0
0
0
1362
953
0
0
0
0
0
0
2086
2646
0
0
0
0
0
0
3589
356
0
0
0
0
0
0
3026
359
0
0
0
0
0
0
1336
96
0
0
0
0
0
0
105
1520
0
0
0
0
0
0
1855
3848
0
0
0
0
0
0
1168
443
0
0
0
0
0
0
40
2401
0
0
0
0
0
0
1394
2322
0
0
0
0
0
0
4085
2011
0
0
0
0
0
0
1913
2717
0
0
0
0
0
0
1436
3332
0
0
0
0
0
0
1731
3586
0
0
0
0
0
0
3138
1392
0
0
0
0
0
0
3036
3792
0
0
0
0
0
0
1108
2061
0
0
0
0
0
0
1294
1882
0
0
0
0
0
0
3087
2935
0
0
0
0
0
0
510
4010
0
0
0
0
0
0
3827
273
0
0
0
0
0
0
131
2084
0
0
0
0
0
0
1107
514
0
0
0
0
0
0
3378
3419
0
0
0
0
0
0
4003
1887
0
0
0
0
0
0
1543
3308
0
0
0
0
0
0
2272
2698
0
0
0
0
0
0
3202
915
0
0
0
0
0
0
510
3096
0
0
0
0
0
0
935
966
0
0
0
0
0
0
2339
2673
0
0
0
0
0
0
667
1267
0
0
0
0
0
0
2051
2779
0
0
0
0
0
0
3483
2303
0
0
0
0
0
0
709
3538
0
0
0
0
0
0
226
1332
0
0
0
0
0
0
975
1251
0
0
0
0
0
0
369
724
0
0
0
0
0
0
602
3141
0
0
0
0
0
0
305
1025
0
0
0
0
0
0
2582
3761
0
0
0
0
0
0
1541
341
0
0
0
0
0
0
3374
1306
0
0
0
0
0
0
3327
1574
0
0
0
0
0
0
2762
428
0
0
0
0
0
0
1740
684
0
0
0
0
0
0
1552
1343
0
0
0
0
0
0
290
3821
0
0
0
0
0
0
2887
3140
0
0
0
0
0
0
927
3131
0
0
0
0
0
0
63
2863
0
0
0
0
0
0
2307
694
0
0
0
0
0
0
2974
1176
0
0
0
0
0
0
1866
1996
0
0
0
0
0
0
1061
4039
0
0
0
0
0
0
3714
3397
0
0
0
0
0
0
1242
1315
0
0
0
0
0
0
3415
383
0
0
0
0
0
0
114
3422
0
0
0
0
0
0
859
648
0
0
0
0
0
0
3976
1452
0
0
0
0
0
0
1387
2565
0
0
0
0
0
0
725
1569
0
0
0
0
0
0
1285
698
0
0
0
0
0
0
2803
3440
0
0
0
0
0
0
3934
2202
0
0
0
0
0
0
3881
1900
0
0
0
0
0
0
4055
601
0
0
0
0
0
0
265
3760
0
0
0
0
0
0
3345
3266
0
0
0
0
0
0
1154
2556
0
0
0
0
0
0
2379
2768
0
0
0
0
0
0
562
3049
0
0
0
0
0
0
3494
3191
0
0
0
0
0
0
106
3242
0
0
0
0
0
0
2313
1549
0
0
0
0
0
0
3819
1817
0
0
0
0
0
0
2947
1532
0
0
0
0
0
0
2944
1844
0
0
0
0
0
0
2305
2506
0
0
0
0
0
0
3218
837
0
0
0
0
0
0
3818
625
0
0
0
0
0
0
105
1041
0
0
0
0
0
0
2294
2234
0
0
0
0
0
0
3065
1996
0
0
0
0
0
0
215
2493
0
0
0
0
0
0
870
2327
0
0
0
0
0
0
922
2818
0
0
0
0
0
0
1521
1141
0
0
0
0
0
0
3500
655
0
0
0
0
0
0
975
515
0
0
0
0
0
0
3150
1403
0
0
0
0
0
0
2927
1303
0
0
0
0
0
0
588
425
0
0
0
0
0
0
2430
4093
0
0
0
0
0
0
3726
3014
0
0
0
0
0
0
358
1497
0
0
0
0
0
0
1234
2591
0
0
0
0
0
0
842
3666
0
0
0
0
0
0
2696
1020
0
0
0
0
0
0
1607
2618
0
0
0
0
0
0
1099
4046
0
0
0
0
0
0
2690
2381
0
0
0
0
0
0
2671
508
0
0
0
0
0
0
2481
2149
0
0
0
0
0
0
453
994
0
0
0
0
0
0
2024
652
0
0
0
0
0
0
681
2021
0
0
0
0
0
0
1418
938
0
0
0
0
0
0
985
2061
0
0
0
0
0
0
979
817
0
0
0
0
0
0
3663
3103
0
0
0
0
0
0
3400
3677
0
0
0
0
0
0
3735
4012
0
0
0
0
0
0
2168
354
0
0
0
0
0
0
48
3890
0
0
0
0
0
0
1097
338
0
0
0
0
0
0
2657
1774
0
0
0
0
0
0
1621
1417
0
0
0
0
0
0
1464
3931
0
0
0
0
0
0
2076
791
0
0
0
0
0
0
3665
2568
0
0
0
0
0
0
3944
886
0
0
0
0
0
0
180
1867
0
0
0
0
0
0
3934
2301
0
0
0
0
0
0
2334
1552
0
0
0
0
0
0
942
1535
0
0
0
0
0
0
2610
3574
0
0
0
0
0
0
2111
572
0
0
0
0
0
0
2002
619
0
0
0
0
0
0
3167
113
0
0
0
0
0
0
2485
3168
0
0
0
0
0
0
624
2203
0
0
0
0
0
0
1700
3537
0
0
0
0
0
0
3149
3097
0
0
0
0
0
0
1566
1667
0
0
0
0
0
0
455
220
0
0
0
0
0
0
778
542
0
0
0
0
0
0
2176
1793
0
0
0
0
0
0
129
2946
0
0
0
0
0
0
382
2869
0
0
0
0
0
0
1373
2295
0
0
0
0
0
0
1675
343
0
0
0
0
0
0
1142
336
0
0
0
0
0
0
3667
508
0
0
0
0
0
0
2512
2027
0
0
0
0
0
0
3490
1213
0
0
0
0
0
0
134
2826
0
0
0
0
0
0
755
2571
0
0
0
0
0
0
2043
2102
0
0
0
0
0
0
3071
101
0
0
0
0
0
0
4089
379
0
0
0
0
0
0
2464
1916
0
0
0
0
0
0
1971
2596
0
0
0
0
0
0
1983
3576
0
0
0
0
0
0
237
1205
0
0
0
0
0
0
2720
1220
0
0
0
0
0
0
3195
1184
0
0
0
0
0
0
648
1116
0
0
0
0
0
0
3794
1441
0
0
0
0
0
0
1950
1368
0
0
0
0
0
0
542
3627
0
0
0
0
0
0
797
2235
0
0
0
0
0
0
294
102
0
0
0
0
0
0
1830
2098
0
0
0
0
0
0
811
489
0
0
0
0
0
0
1921
2105
0
0
0
0
0
0
3501
3636
0
0
0
0
0
0
1642
1038
0
0
0
0
0
0
3887
2082
0
0
0
0
0
0
2489
470
0
0
0
0
0
0
2443
3615
0
0
0
0
0
0
1638
1116
0
0
0
0
0
0
3317
2870
0
0
0
0
0
0
3921
1795
0
0
0
0
0
0
3436
3635
0
0
0
0
0
0
3556
327
0
0
0
0
0
0
1318
108
0
0
0
0
0
0
2823
2241
0
0
0
0
0
0
2401
30
0
0
0
0
0
0
904
535
0
0
0
0
0
0
2517
3148
0
0
0
0
0
0
3585
3466
0
0
0
0
0
0
271
2220
0
0
0
0
0
0
639
4010
0
0
0
0
0
0
3555
3172
0
0
0
0
0
0
3223
1558
0
0
0
0
0
0
2043
321
0
0
0
0
0
0
1534
2098
0
0
0
0
0
0
2265
3906
0
0
0
0
0
0
3132
6
0
0
0
0
0
0
1622
3534
0
0
0
0
0
0
4067
313
0
0
0
0
0
0
824
1364
0
0
0
0
0
0
743
3798
0
0
0
0
0
0
2745
2679
0
0
0
0
0
0
2836
1780
0
0
0
0
0
0
2324
3023
0
0
0
0
0
0
668
919
0
0
0
0
0
0
782
733
0
0
0
0
0
0
2733
3304
0
0
0
0
0
0
1705
720
0
0
0
0
0
0
3529
3030
0
0
0
0
0
0
3791
2098
0
0
0
0
0
0
2815
3315
0
0
0
0
0
0
1508
478
0
0
0
0
0
0
1269
641
0
0
0
0
0
0
1168
498
0
0
0
0
0
0
2703
2621
0
0
0
0
0
0
134
3568
0
0
0
0
0
0
2011
2392
0
0
0
0
0
0
491
1230
0
0
0
0
0
0
160
3012
0
0
0
0
0
0
3281
694
0
0
0
0
0
0
3309
2251
0
0
0
0
0
0
1710
1466
0
0
0
0
0
0
2240
1614
0
0
0
0
0
0
3866
575
0
0
0
0
0
0
3117
186
0
0
0
0
0
0
2776
1759
0
0
0
0
0
0
3694
3667
0
0
0
0
0
0
3332
2309
0
0
0
0
0
0
3833
2398
0
0
0
0
0
0
2282
2900
0
0
0
0
0
0
3526
1835
0
0
0
0
0
0
2307
1469
0
0
0
0
0
0
2230
3794
0
0
0
0
0
0
2789
417
0
0
0
0
0
0
4011
95
0
0
0
0
0
0
79
3477
0
0
0
0
0
0
833
3856
0
0
0
0
0
0
3786
3791
0
0
0
0
0
0
3467
3828
0
0
0
0
0
0
2388
1514
0
0
0
0
0
0
116
2251
0
0
0
0
0
0
3166
2052
0
0
0
0
0
0
1830
3356
0
0
0
0
0
0
789
414
0
0
0
0
0
0
3941
3093
0
0
0
0
0
0
1112
1992
0
0
0
0
0
0
3043
4079
0
0
0
0
0
0
3441
765
0
0
0
0
0
0
3958
1252
0
0
0
0
0
0
2222
3343
0
0
0
0
0
0
2515
3929
0
0
0
0
0
0
1050
3007
0
0
0
0
0
0
2904
2410
0
0
0
0
0
0
554
2248
0
0
0
0
0
0
686
675
0
0
0
0
0
0
3387
3832
0
0
0
0
0
0
3511
2140
0
0
0
0
0
0
2798
2670
0
0
0
0
0
0
340
1854
0
0
0
0
0
0
1327
815
0
0
0
0
0
0
962
667
0
0
0
0
0
0
1772
3728
0
0
0
0
0
0
3865
7
0
0
0
0
0
0
1204
912
0
0
0
0
0
0
1396
2305
0
0
0
0
0
0
3937
3474
0
0
0
0
0
0
860
2134
0
0
0
0
0
0
129
1496
0
0
0
0
0
0
3927
1715
0
0
0
0
0
0
1526
796
0
0
0
0
0
0
340
2756
0
0
0
0
0
0
2073
1758
0
0
0
0
0
0
196
3184
0
0
0
0
0
0
497
643
0
0
0
0
0
0
1838
1320
0
0
0
0
0
0
1196
3295
0
0
0
0
0
0
2314
880
0
0
0
0
0
0
132
3815
0
0
0
0
0
0
757
3741
0
0
0
0
0
0
2791
1506
0
0
0
0
0
0
2964
626
0
0
0
0
0
0
3759
864
0
0
0
0
0
0
3537
3921
0
0
0
0
0
0
3032
102
0
0
0
0
0
0
2658
2088
0
0
0
0
0
0
1750
3551
0
0
0
0
0
0
2321
1925
0
0
0
0
0
0
2142
2916
0
0
0
0
0
0
2350
3981
0
0
0
0
0
0
3946
3709
0
0
0
0
0
0
4094
2227
0
0
0
0
0
0
1991
358
0
0
0
0
0
0
2214
801
0
0
0
0
0
0
3144
2323
0
0
0
0
0
0
3275
2133
0
0
0
0
0
0
3256
4077
0
0
0
0
0
0
1126
3229
0
0
0
0
0
0
2962
2056
0
0
0
0
0
0
2967
1894
0
0
0
0
0
0
2016
3278
0
0
0
0
0
0
2609
3223
0
0
0
0
0
0
3204
1586
0
0
0
0
0
0
1678
1976
0
0
0
0
0
0
1055
1143
0
0
0
0
0
0
1106
2228
0
0
0
0
0
0
112
3030
0
0
0
0
0
0
3888
287
0
0
0
0
0
0
163
1908
0
0
0
0
0
0
3193
189
0
0
0
0
0
0
2947
2314
0
0
0
0
0
0
55
2825
0
0
0
0
0
0
3991
1592
0
0
0
0
0
0
3239
3780
0
0
0
0
0
0
4082
1959
0
0
0
0
0
0
4014
1317
0
0
0
0
0
0
2422
2200
0
0
0
0
0
0
3157
767
0
0
0
0
0
0
948
1270
0
0
0
0
0
0
399
3156
0
0
0
0
0
0
1119
2974
0
0
0
0
0
0
2366
3439
0
0
0
0
0
0
3523
3147
0
0
0
0
0
0
2063
2967
0
0
0
0
0
0
1824
2948
0
0
0
0
0
0
1833
457
0
0
0
0
0
0
843
1310
0
0
0
0
0
0
1014
2871
0
0
0
0
0
0
3236
12
0
0
0
0
0
0
3863
1170
0
0
0
0
0
0
3575
2577
0
0
0
0
0
0
2066
1826
0
0
0
0
0
0
890
3009
0
0
0
0
0
0
2912
2579
0
0
0
0
0
0
506
21
0
0
0
0
0
0
2079
11
0
0
0
0
0
0
3806
541
0
0
0
0
0
0
4046
4061
0
0
0
0
0
0
575
2571
0
0
0
0
0
0
149
629
0
0
0
0
0
0
2138
1484
0
0
0
0
0
0
3340
2609
0
0
0
0
0
0
642
315
0
0
0
0
0
0
2993
534
0
0
0
0
0
0
1019
360
0
0
0
0
0
0
3639
825
0
0
0
0
0
0
929
1169
0
0
0
0
0
0
1364
1909
0
0
0
0
0
0
255
890
0
0
0
0
0
0
1644
3428
0
0
0
0
0
0
3845
523
0
0
0
0
0
0
3615
519
0
0
0
0
0
0
2886
3561
0
0
0
0
0
0
2455
3657
0
0
0
0
0
0
2668
1534
0
0
0
0
0
0
689
3090
0
0
0
0
0
0
2121
1049
0
0
0
0
0
0
2689
1041
0
0
0
0
0
0
3219
1131
0
0
0
0
0
0
1990
819
0
0
0
0
0
0
1761
123
0
0
0
0
0
0
2607
3777
0
0
0
0
0
0
2001
2254
0
0
0
0
0
0
1059
2794
0
0
0
0
0
0
2402
98
0
0
0
0
0
0
1715
204
0
0
0
0
0
0
824
1482
0
0
0
0
0
0
3466
1468
0
0
0
0
0
0
1001
105
0
0
0
0
0
0
2978
4015
0
0
0
0
0
0
1754
3684
0
0
0
0
0
0
1859
1743
0
0
0
0
0
0
3068
1950
0
0
0
0
0
0
1852
1852
0
0
0
0
0
0
1930
3188
0
0
0
0
0
0
3215
570
0
0
0
0
0
0
2200
4043
0
0
0
0
0
0
1144
2338
0
0
0
0
0
0
3146
2977
0
0
0
0
0
0
2098
3309
0
0
0
0
0
0
27
2430
0
0
0
0
0
0
2020
719
0
0
0
0
0
0
620
2671
0
0
0
0
0
0
1697
2505
0
0
0
0
0
0
1220
1000
0
0
0
0
0
0
3758
1886
0
0
0
0
0
0
2351
3889
0
0
0
0
0
0
3666
2888
0
0
0
0
0
0
601
2295
0
0
0
0
0
0
3926
123
0
0
0
0
0
0
3046
2622
0
0
0
0
0
0
2710
1630
0
0
0
0
0
0
844
1595
0
0
0
0
0
0
2481
57
0
0
0
0
0
0
3996
2677
0
0
0
0
0
0
1429
1154
0
0
0
0
0
0
2598
3668
0
0
0
0
0
0
42
587
0
0
0
0
0
0
1907
1894
0
0
0
0
0
0
2369
3745
0
0
0
0
0
0
3313
426
0
0
0
0
0
0
3523
3162
0
0
0
0
0
0
3421
2582
0
0
0
0
0
0
3171
4004
0
0
0
0
0
0
1912
3601
0
0
0
0
0
0
2353
3236
0
0
0
0
0
0
742
141
0
0
0
0
0
0
1469
392
0
0
0
0
0
0
3311
1369
0
0
0
0
0
0
2680
2083
0
0
0
0
0
0
2023
93
0
0
0
0
0
0
633
54
0
0
0
0
0
0
1976
408
0
0
0
0
0
0
1791
2246
0
0
0
0
0
0
42
1513
0
0
0
0
0
0
1915
2962
0
0
0
0
0
0
2349
1361
0
0
0
0
0
0
1971
1073
0
0
0
0
0
0
3693
3624
0
0
0
0
0
0
3826
2143
0
0
0
0
0
0
1565
2954
0
0
0
0
0
0
1672
2923
0
0
0
0
0
0
3463
2718
0
0
0
0
0
0
52
2686
0
0
0
0
0
0
2319
1746
0
0
0
0
0
0
2743
1842
0
0
0
0
0
0
563
1726
0
0
0
0
0
0
2983
2406
0
0
0
0
0
0
2316
3957
0
0
0
0
0
0
3885
3603
0
0
0
0
0
0
2370
2668
0
0
0
0
0
0
2229
1001
0
0
0
0
0
0
1349
135
0
0
0
0
0
0
2300
3567
0
0
0
0
0
0
2309
159
0
0
0
0
0
0
1752
2003
0
0
0
0
0
0
190
1794
0
0
0
0
0
0
3573
299
0
0
0
0
0
0
2950
1742
0
0
0
0
0
0
2442
2587
0
0
0
0
0
0
897
324
0
0
0
0
0
0
3532
139
0
0
0
0
0
0
2874
3534
0
0
0
0
0
0
621
3451
0
0
0
0
0
0
2329
1241
0
0
0
0
0
0
2247
2565
0
0
0
0
0
0
2707
1676
0
0
0
0
0
0
67
1822
0
0
0
0
0
0
3825
339
0
0
0
0
0
0
3086
3670
0
0
0
0
0
0
1493
332
0
0
0
0
0
0
343
3288
0
0
0
0
0
0
3570
2324
0
0
0
0
0
0
704
1807
0
0
0
0
0
0
1395
731
0
0
0
0
0
0
1783
2286
0
0
0
0
0
0
846
286
0
0
0
0
0
0
2780
2174
0
0
0
0
0
0
2012
3626
0
0
0
0
0
0
2251
3313
0
0
0
0
0
0
1123
3853
0
0
0
0
0
0
1315
648
0
0
0
0
0
0
2142
479
0
0
0
0
0
0
2687
357
0
0
0
0
0
0
2057
286
0
0
0
0
0
0
2707
1533
0
0
0
0
0
0
817
2877
0
0
0
0
0
0
571
3697
0
0
0
0
0
0
2178
956
0
0
0
0
0
0
3647
1232
0
0
0
0
0
0
3964
3692
0
0
0
0
0
0
2468
2503
0
0
0
0
0
0
2005
3284
0
0
0
0
0
0
2482
4041
0
0
0
0
0
0
3336
1632
0
0
0
0
0
0
3472
773
0
0
0
0
0
0
339
3886
0
0
0
0
0
0
802
3577
0
0
0
0
0
0
174
1742
0
0
0
0
0
0
3711
1424
0
0
0
0
0
0
2465
1654
0
0
0
0
0
0
1757
1249
0
0
0
0
0
0
24
653
0
0
0
0
0
0
1981
861
0
0
0
0
0
0
4028
2269
0
0
0
0
0
0
3262
2393
0
0
0
0
0
0
3280
1600
0
0
0
0
0
0
2818
2657
0
0
0
0
0
0
549
452
0
0
0
0
0
0
325
3149
0
0
0
0
0
0
3267
3648
0
0
0
0
0
0
88
3496
0
0
0
0
0
0
2367
875
0
0
0
0
0
0
2423
3493
0
0
0
0
0
0
772
416
0
0
0
0
0
0
765
980
0
0
0
0
0
0
198
3301
0
0
0
0
0
0
492
2349
0
0
0
0
0
0
1666
4001
0
0
0
0
0
0
680
162
0
0
0
0
0
0
128
431
0
0
0
0
0
0
2958
1123
0
0
0
0
0
0
1087
3579
0
0
0
0
0
0
1483
1082
0
0
0
0
0
0
1696
3841
0
0
0
0
0
0
615
666
0
0
0
0
0
0
1597
159
0
0
0
0
0
0
3517
1627
0
0
0
0
0
0
3086
2131
0
0
0
0
0
0
664
1355
0
0
0
0
0
0
1094
624
0
0
0
0
0
0
3467
1096
0
0
0
0
0
0
3745
2831
0
0
0
0
0
0
299
2507
0
0
0
0
0
0
2406
2838
0
0
0
0
0
0
1838
569
0
0
0
0
0
0
761
2750
0
0
0
0
0
0
2772
2627
0
0
0
0
0
0
2427
4015
0
0
0
0
0
0
954
777
0
0
0
0
0
0
3480
809
0
0
0
0
0
0
343
2855
0
0
0
0
0
0
994
3254
0
0
0
0
0
0
127
2463
0
0
0
0
0
0
3953
2174
0
0
0
0
0
0
3924
1085
0
0
0
0
0
0
893
1713
0
0
0
0
0
0
210
1945
0
0
0
0
0
0
1638
885
0
0
0
0
0
0
537
541
0
0
0
0
0
0
1548
1406
0
0
0
0
0
0
3995
3119
0
0
0
0
0
0
662
1402
0
0
0
0
0
0
974
2951
0
0
0
0
0
0
1475
1358
0
0
0
0
0
0
943
3873
0
0
0
0
0
0
2898
3471
0
0
0
0
0
0
3711
1757
0
0
0
0
0
0
691
919
0
0
0
0
0
0
2876
3581
0
0
0
0
0
0
592
993
0
0
0
0
0
0
2884
1477
0
0
0
0
0
0
2675
1253
0
0
0
0
0
0
4090
3858
0
0
0
0
0
0
802
2966
0
0
0
0
0
0
2666
2285
0
0
0
0
0
0
3412
1611
0
0
0
0
0
0
3194
3427
0
0
0
0
0
0
2963
1698
0
0
0
0
0
0
1364
2992
0
0
0
0
0
0
1196
2260
0
0
0
0
0
0
3473
1682
0
0
0
0
0
0
2121
4020
0
0
0
0
0
0
1884
2469
0
0
0
0
0
0
3370
3181
0
0
0
0
0
0
1783
93
0
0
0
0
0
0
3801
3335
0
0
0
0
0
0
2370
2289
0
0
0
0
0
0
736
2961
0
0
0
0
0
0
1202
2786
0
0
0
0
0
0
3661
1579
0
0
0
0
0
0
759
3806
0
0
0
0
0
0
755
4061
0
0
0
0
0
0
3417
145
0
0
0
0
0
0
2185
3074
0
0
0
0
0
0
580
3731
0
0
0
0
0
0
2742
1106
0
0
0
0
0
0
4065
1502
0
0
0
0
0
0
2076
2315
0
0
0
0
0
0
1088
1432
0
0
0
0
0
0
152
241
0
0
0
0
0
0
891
1893
0
0
0
0
0
0
525
1207
0
0
0
0
0
0
1148
798
0
0
0
0
0
0
3743
3805
0
0
0
0
0
0
1225
1193
0
0
0
0
0
0
1188
1870
0
0
0
0
0
0
3217
1342
0
0
0
0
0
0
659
2147
0
0
0
0
0
0
4093
1025
0
0
0
0
0
0
1245
263
0
0
0
0
0
0
2535
1027
0
0
0
0
0
0
2537
69
0
0
0
0
0
0
3909
396
0
0
0
0
0
0
3927
3563
0
0
0
0
0
0
2809
2776
0
0
0
0
0
0
3120
962
0
0
0
0
0
0
2016
2388
0
0
0
0
0
0
2090
2085
0
0
0
0
0
0
3245
3135
0
0
0
0
0
0
1717
1740
0
0
0
0
0
0
1847
2282
0
0
0
0
0
0
2207
2989
0
0
0
0
0
0
2006
1122
0
0
0
0
0
0
3949
2683
0
0
0
0
0
0
843
380
0
0
0
0
0
0
2781
3422
0
0
0
0
0
0
3712
3572
0
0
0
0
0
0
2786
2187
0
0
0
0
0
0
46
2583
0
0
0
0
0
0
2301
3179
0
0
0
0
0
0
58
1449
0
0
0
0
0
0
4044
1190
0
0
0
0
0
0
2045
529
0
0
0
0
0
0
2001
1424
0
0
0
0
0
0
2664
1269
0
0
0
0
0
0
2010
3550
0
0
0
0
0
0
530
1791
0
0
0
0
0
0
1108
3827
0
0
0
0
0
0
1228
3776
0
0
0
0
0
0
2590
210
0
0
0
0
0
0
1227
1355
0
0
0
0
0
0
1179
2165
0
0
0
0
0
0
3323
1341
0
0
0
0
0
0
337
3657
0
0
0
0
0
0
2209
1349
0
0
0
0
0
0
2123
3933
0
0
0
0
0
0
1338
2448
0
0
0
0
0
0
1975
3774
0
0
0
0
0
0
1586
1592
0
0
0
0
0
0
2236
2531
0
0
0
0
0
0
1945
381
0
0
0
0
0
0
187
992
0
0
0
0
0
0
339
2527
0
0
0
0
0
0
787
3865
0
0
0
0
0
0
3173
120
0
0
0
0
0
0
563
2461
0
0
0
0
0
0
3341
2306
0
0
0
0
0
0
400
3491
0
0
0
0
0
0
1843
1492
0
0
0
0
0
0
2180
1086
0
0
0
0
0
0
1176
221
0
0
0
0
0
0
1264
3923
0
0
0
0
0
0
3299
328
0
0
0
0
0
0
762
2979
0
0
0
0
0
0
260
3380
0
0
0
0
0
0
4061
2401
0
0
0
0
0
0
1260
1803
0
0
0
0
0
0
3486
3352
0
0
0
0
0
0
3944
2626
0
0
0
0
0
0
1494
2960
0
0
0
0
0
0
2932
3280
0
0
0
0
0
0
731
3236
0
0
0
0
0
0
3097
3712
0
0
0
0
0
0
3924
3203
0
0
0
0
0
0
799
3489
0
0
0
0
0
0
3378
4072
0
0
0
0
0
0
2620
912
0
0
0
0
0
0
2709
1131
0
0
0
0
0
0
2652
1119
0
0
0
0
0
0
1999
2976
0
0
0
0
0
0
1600
3501
0
0
0
0
0
0
893
895
0
0
0
0
0
0
2260
2709
0
0
0
0
0
0
1440
1931
0
0
0
0
0
0
1513
135
0
0
0
0
0
0
1156
313
0
0
0
0
0
0
475
3537
0
0
0
0
0
0
780
3942
0
0
0
0
0
0
4025
3109
0
0
0
0
0
0
1174
1976
0
0
0
0
0
0
2139
416
0
0
0
0
0
0
254
2089
0
0
0
0
0
0
396
3685
0
0
0
0
0
0
992
2700
0
0
0
0
0
0
2379
2698
0
0
0
0
0
0
2854
813
0
0
0
0
0
0
733
3950
0
0
0
0
0
0
3943
3487
0
0
0
0
0
0
564
3439
0
0
0
0
0
0
2219
788
0
0
0
0
0
0
277
3681
0
0
0
0
0
0
3895
2189
0
0
0
0
0
0
432
722
0
0
0
0
0
0
2173
3795
0
0
0
0
0
0
481
308
0
0
0
0
0
0
2342
833
0
0
0
0
0
0
2012
1089
0
0
0
0
0
0
2488
903
0
0
0
0
0
0
2373
550
0
0
0
0
0
0
2635
1636
0
0
0
0
0
0
1251
1494
0
0
0
0
0
0
3873
604
0
0
0
0
0
0
3379
183
0
0
0
0
0
0
3016
2195
0
0
0
0
0
0
50
1403
0
0
0
0
0
0
14
1890
0
0
0
0
0
0
212
2633
0
0
0
0
0
0
3283
1879
0
0
0
0
0
0
91
372
0
0
0
0
0
0
2288
1993
0
0
0
0
0
0
673
1347
0
0
0
0
0
0
3863
3765
0
0
0
0
0
0
516
508
0
0
0
0
0
0
3333
3560
0
0
0
0
0
0
317
577
0
0
0
0
0
0
2968
1550
0
0
0
0
0
0
632
1076
0
0
0
0
0
0
2947
2102
0
0
0
0
0
0
3704
362
0
0
0
0
0
0
2702
3653
0
0
0
0
0
0
102
531
0
0
0
0
0
0
454
1759
0
0
0
0
0
0
1246
3081
0
0
0
0
0
0
1075
1073
0
0
0
0
0
0
3569
247
0
0
0
0
0
0
2792
3358
0
0
0
0
0
0
1629
1826
0
0
0
0
0
0
952
3116
0
0
0
0
0
0
427
3659
0
0
0
0
0
0
2018
4038
0
0
0
0
0
0
3179
3799
0
0
0
0
0
0
4036
928
0
0
0
0
0
0
2803
1666
0
0
0
0
0
0
3049
2163
0
0
0
0
0
0
1752
2589
0
0
0
0
0
0
2334
2427
0
0
0
0
0
0
68
1444
0
0
0
0
0
0
2757
949
0
0
0
0
0
0
401
479
0
0
0
0
0
0
307
3867
0
0
0
0
0
0
16
1106
0
0
0
0
0
0
252
3855
0
0
0
0
0
0
2201
310
0
0
0
0
0
0
124
3215
0
0
0
0
0
0
893
431
0
0
0
0
0
0
635
513
0
0
0
0
0
0
3438
2240
0
0
0
0
0
0
3025
2548
0
0
0
0
0
0
836
1771
0
0
0
0
0
0
487
2280
0
0
0
0
0
0
2989
2083
0
0
0
0
0
0
3568
685
0
0
0
0
0
0
3516
2882
0
0
0
0
0
0
3501
3432
0
0
0
0
0
0
3788
1910
0
0
0
0
0
0
1468
1129
0
0
0
0
0
0
2357
1327
0
0
0
0
0
0
74
3976
0
0
0
0
0
0
2580
1423
0
0
0
0
0
0
1649
3770
0
0
0
0
0
0
1545
1363
0
0
0
0
0
0
181
1597
0
0
0
0
0
0
1859
3468
0
0
0
0
0
0
2077
257
0
0
0
0
0
0
210
1487
0
0
0
0
0
0
2016
1192
0
0
0
0
0
0
824
217
0
0
0
0
0
0
507
3900
0
0
0
0
0
0
3489
3127
0
0
0
0
0
0
3793
326
0
0
0
0
0
0
1674
412
0
0
0
0
0
0
1653
673
0
0
0
0
0
0
430
330
0
0
0
0
0
0
661
2770
0
0
0
0
0
0
1295
1905
0
0
0
0
0
0
2607
567
0
0
0
0
0
0
3637
1634
0
0
0
0
0
0
2090
3626
0
0
0
0
0
0
1815
927
0
0
0
0
0
0
742
3823
0
0
0
0
0
0
673
295
0
0
0
0
0
0
852
3689
0
0
0
0
0
0
3729
3768
0
0
0
0
0
0
2836
819
0
0
0
0
0
0
1313
1078
0
0
0
0
0
0
3320
1214
0
0
0
0
0
0
3756
2021
0
0
0
0
0
0
2836
2272
0
0
0
0
0
0
1830
1384
0
0
0
0
0
0
1002
2181
0
0
0
0
0
0
1848
4018
0
0
0
0
0
0
35
851
0
0
0
0
0
0
1150
2401
0
0
0
0
0
0
1223
2530
0
0
0
0
0
0
4023
2823
0
0
0
0
0
0
555
196
0
0
0
0
0
0
1615
2448
0
0
0
0
0
0
3915
3020
0
0
0
0
0
0
664
2934
0
0
0
0
0
0
2895
1337
0
0
0
0
0
0
3761
3488
0
0
0
0
0
0
2477
1220
0
0
0
0
0
0
3906
2796
0
0
0
0
0
0
858
1237
0
0
0
0
0
0
838
3549
0
0
0
0
0
0
1595
3917
0
0
0
0
0
0
464
172
0
0
0
0
0
0
2431
1005
0
0
0
0
0
0
3749
2169
0
0
0
0
0
0
962
2534
0
0
0
0
0
0
2200
404
0
0
0
0
0
0
859
3367
0
0
0
0
0
0
2570
356
0
0
0
0
0
0
230
2439
0
0
0
0
0
0
2387
1306
0
0
0
0
0
0
2891
2174
0
0
0
0
0
0
960
178
0
0
0
0
0
0
3428
3011
0
0
0
0
0
0
845
2911
0
0
0
0
0
0
2366
549
0
0
0
0
0
0
1674
1069
0
0
0
0
0
0
1057
978
0
0
0
0
0
0
3103
3356
0
0
0
0
0
0
1210
1219
0
0
0
0
0
0
3045
1843
0
0
0
0
0
0
1967
3004
0
0
0
0
0
0
583
24
0
0
0
0
0
0
2860
949
0
0
0
0
0
0
1738
2271
0
0
0
0
0
0
490
3639
0
0
0
0
0
0
2519
3205
0
0
0
0
0
0
1779
3439
0
0
0
0
0
0
3025
2818
0
0
0
0
0
0
2626
3482
0
0
0
0
0
0
1083
1552
0
0
0
0
0
0
2168
2975
0
0
0
0
0
0
560
4034
0
0
0
0
0
0
2159
1931
0
0
0
0
0
0
3582
3066
0
0
0
0
0
0
348
1116
0
0
0
0
0
0
1257
107
0
0
0
0
0
0
915
1154
0
0
0
0
0
0
2075
1070
0
0
0
0
0
0
2021
1684
0
0
0
0
0
0
3018
3714
0
0
0
0
0
0
662
422
0
0
0
0
0
0
3709
12
0
0
0
0
0
0
3965
2962
0
0
0
0
0
0
3914
2954
0
0
0
0
0
0
1324
1342
0
0
0
0
0
0
2951
1227
0
0
0
0
0
0
1229
3612
0
0
0
0
0
0
1761
978
0
0
0
0
0
0
49
2498
0
0
0
0
0
0
1236
3887
0
0
0
0
0
0
417
2597
0
0
0
0
0
0
3831
2869
0
0
0
0
0
0
1785
3688
0
0
0
0
0
0
2716
3624
0
0
0
0
0
0
271
1689
0
0
0
0
0
0
3950
3012
0
0
0
0
0
0
32
1838
0
0
0
0
0
0
2041
1687
0
0
0
0
0
0
3237
3253
0
0
0
0
0
0
2114
3750
0
0
0
0
0
0
244
927
0
0
0
0
0
0
446
2179
0
0
0
0
0
0
3441
349
0
0
0
0
0
0
3161
1715
0
0
0
0
0
0
3375
2121
0
0
0
0
0
0
1846
3528
0
0
0
0
0
0
963
164
0
0
0
0
0
0
2026
595
0
0
0
0
0
0
446
39
0
0
0
0
0
0
2575
3318
0
0
0
0
0
0
835
313
0
0
0
0
0
0
2911
427
0
0
0
0
0
0
2816
2949
0
0
0
0
0
0
1189
2803
0
0
0
0
0
0
2687
1698
0
0
0
0
0
0
507
2635
0
0
0
0
0
0
3670
3282
0
0
0
0
0
0
1103
2132
0
0
0
0
0
0
2625
1429
0
0
0
0
0
0
2701
1552
0
0
0
0
0
0
472
974
0
0
0
0
0
0
706
1240
0
0
0
0
0
0
2017
595
0
0
0
0
0
0
1550
1565
0
0
0
0
0
0
778
1031
0
0
0
0
0
0
1036
277
0
0
0
0
0
0
701
3619
0
0
0
0
0
0
2193
2777
0
0
0
0
0
0
3530
2489
0
0
0
0
0
0
2818
3126
0
0
0
0
0
0
1621
463
0
0
0
0
0
0
3175
438
0
0
0
0
0
0
2259
3336
0
0
0
0
0
0
2509
650
0
0
0
0
0
0
1406
424
0
0
0
0
0
0
1412
3239
0
0
0
0
0
0
355
1209
0
0
0
0
0
0
2113
2503
0
0
0
0
0
0
2762
1608
0
0
0
0
0
0
1964
2736
0
0
0
0
0
0
383
3888
0
0
0
0
0
0
3818
1690
0
0
0
0
0
0
838
1959
0
0
0
0
0
0
1545
3212
0
0
0
0
0
0
226
760
0
0
0
0
0
0
2612
2232
0
0
0
0
0
0
3901
1668
0
0
0
0
0
0
2248
3640
0
0
0
0
0
0
4063
2707
0
0
0
0
0
0
633
1331
0
0
0
0
0
0
2802
2359
0
0
0
0
0
0
3259
2654
0
0
0
0
0
0
1606
2990
0
0
0
0
0
0
3482
3796
0
0
0
0
0
0
537
3311
0
0
0
0
0
0
1957
2816
0
0
0
0
0
0
1905
114
0
0
0
0
0
0
835
2350
0
0
0
0
0
0
2305
1184
0
0
0
0
0
0
1541
2135
0
0
0
0
0
0
2490
2260
0
0
0
0
0
0
3619
1031
0
0
0
0
0
0
1553
2053
0
0
0
0
0
0
1489
615
0
0
0
0
0
0
1936
931
0
0
0
0
0
0
1543
377
0
0
0
0
0
0
264
2844
0
0
0
0
0
0
3735
2191
0
0
0
0
0
0
1432
3156
0
0
0
0
0
0
3221
358
0
0
0
0
0
0
14
4091
0
0
0
0
0
0
3910
259
0
0
0
0
0
0
137
2858
0
0
0
0
0
0
2583
3732
0
0
0
0
0
0
2823
2903
0
0
0
0
0
0
932
3297
0
0
0
0
0
0
1020
2539
0
0
0
0
0
0
2241
1778
0
0
0
0
0
0
1430
3449
0
0
0
0
0
0
1889
3272
0
0
0
0
0
0
899
893
0
0
0
0
0
0
2887
3200
0
0
0
0
0
0
2379
2481
0
0
0
0
0
0
3919
3476
0
0
0
0
0
0
2271
792
0
0
0
0
0
0
1804
1628
0
0
0
0
0
0
2520
1168
0
0
0
0
0
0
3565
1934
0
0
0
0
0
0
188
3627
0
0
0
0
0
0
1205
3490
0
0
0
0
0
0
235
2378
0
0
0
0
0
0
3451
3535
0
0
0
0
0
0
3219
829
0
0
0
0
0
0
1093
800
0
0
0
0
0
0
396
508
0
0
0
0
0
0
3742
2180
0
0
0
0
0
0
262
940
0
0
0
0
0
0
809
380
0
0
0
0
0
0
3155
3631
0
0
0
0
0
0
3268
2104
0
0
0
0
0
0
3888
1872
0
0
0
0
0
0
1218
4062
0
0
0
0
0
0
1540
1385
0
0
0
0
0
0
37
3529
0
0
0
0
0
0
1295
3345
0
0
0
0
0
0
3830
3670
0
0
0
0
0
0
2220
3275
0
0
0
0
0
0
3665
393
0
0
0
0
0
0
1324
3518
0
0
0
0
0
0
389
42
0
0
0
0
0
0
3472
2403
0
0
0
0
0
0
3650
150
0
0
0
0
0
0
1500
3879
0
0
0
0
0
0
1519
3024
0
0
0
0
0
0
3908
2594
0
0
0
0
0
0
2232
3756
0
0
0
0
0
0
2231
3785
0
0
0
0
0
0
1305
1790
0
0
0
0
0
0
1567
3961
0
0
0
0
0
0
2777
627
0
0
0
0
0
0
626
1488
0
0
0
0
0
0
1930
1866
0
0
0
0
0
0
625
462
0
0
0
0
0
0
2174
432
0
0
0
0
0
0
1212
2977
0
0
0
0
0
0
2745
3880
0
0
0
0
0
0
3576
2397
0
0
0
0
0
0
984
3934
0
0
0
0
0
0
635
3105
0
0
0
0
0
0
2073
431
0
0
0
0
0
0
1117
2515
0
0
0
0
0
0
3303
9
0
0
0
0
0
0
1770
2283
0
0
0
0
0
0
2270
2063
0
0
0
0
0
0
1063
3442
0
0
0
0
0
0
1893
1063
0
0
0
0
0
0
2010
3249
0
0
0
0
0
0
1078
1093
0
0
0
0
0
0
187
3002
0
0
0
0
0
0
2863
827
0
0
0
0
0
0
3173
2660
0
0
0
0
0
0
2923
375
0
0
0
0
0
0
3102
2069
0
0
0
0
0
0
4061
3069
0
0
0
0
0
0
1238
2665
0
0
0
0
0
0
2372
2785
0
0
0
0
0
0
882
3801
0
0
0
0
0
0
409
2817
0
0
0
0
0
0
3446
2163
0
0
0
0
0
0
1598
2218
0
0
0
0
0
0
3796
2821
0
0
0
0
0
0
2244
4095
0
0
0
0
0
0
2646
142
0
0
0
0
0
0
2888
3416
0
0
0
0
0
0
716
3357
0
0
0
0
0
0
614
1958
0
0
0
0
0
0
294
3048
0
0
0
0
0
0
476
2513
0
0
0
0
0
0
1192
3860
0
0
0
0
0
0
230
2653
0
0
0
0
0
0
654
3407
0
0
0
0
0
0
1092
673
0
0
0
0
0
0
3898
256
0
0
0
0
0
0
3596
3088
0
0
0
0
0
0
1893
3847
0
0
0
0
0
0
817
2785
0
0
0
0
0
0
597
2093
0
0
0
0
0
0
3573
2164
0
0
0
0
0
0
116
4067
0
0
0
0
0
0
2794
1815
0
0
0
0
0
0
3721
3383
0
0
0
0
0
0
3380
2770
0
0
0
0
0
0
2473
3264
0
0
0
0
0
0
732
3765
0
0
0
0
0
0
1815
1607
0
0
0
0
0
0
3855
75
0
0
0
0
0
0
4089
1989
0
0
0
0
0
0
2171
2514
0
0
0
0
0
0
2053
2509
0
0
0
0
0
0
301
2776
0
0
0
0
0
0
1488
2580
0
0
0
0
0
0
3982
3345
0
0
0
0
0
0
1869
3005
0
0
0
0
0
0
835
3205
0
0
0
0
0
0
1417
4069
0
0
0
0
0
0
2110
2604
0
0
0
0
0
0
1878
186
0
0
0
0
0
0
678
2622
0
0
0
0
0
0
1815
3831
0
0
0
0
0
0
1454
3833
0
0
0
0
0
0
3645
445
0
0
0
0
0
0
1711
1539
0
0
0
0
0
0
2922
996
0
0
0
0
0
0
1805
932
0
0
0
0
0
0
566
3405
0
0
0
0
0
0
2891
3278
0
0
0
0
0
0
3580
383
0
0
0
0
0
0
357
2902
0
0
0
0
0
0
3746
1947
0
0
0
0
0
0
1634
1452
0
0
0
0
0
0
1384
1984
0
0
0
0
0
0
31
1555
0
0
0
0
0
0
1511
3314
0
0
0
0
0
0
2966
1729
0
0
0
0
0
0
2384
625
0
0
0
0
0
0
1435
289
0
0
0
0
0
0
188
877
0
0
0
0
0
0
2964
3075
0
0
0
0
0
0
237
3508
0
0
0
0
0
0
2884
811
0
0
0
0
0
0
3839
2825
0
0
0
0
0
0
3925
3842
0
0
0
0
0
0
585
3292
0
0
0
0
0
0
807
2541
0
0
0
0
0
0
3144
447
0
0
0
0
0
0
1658
3375
0
0
0
0
0
0
1064
240
0
0
0
0
0
0
2137
202
0
0
0
0
0
0
709
2236
0
0
0
0
0
0
3204
1682
0
0
0
0
0
0
2009
2766
0
0
0
0
0
0
4020
477
0
0
0
0
0
0
1923
551
0
0
0
0
0
0
4032
1344
0
0
0
0
0
0
1260
347
0
0
0
0
0
0
1453
3947
0
0
0
0
0
0
675
4048
0
0
0
0
0
0
201
1329
0
0
0
0
0
0
2764
2066
0
0
0
0
0
0
2335
1395
0
0
0
0
0
0
559
1248
0
0
0
0
0
0
2776
4066
0
0
0
0
0
0
2768
2664
0
0
0
0
0
0
1835
1810
0
0
0
0
0
0
3353
3486
0
0
0
0
0
0
532
415
0
0
0
0
0
0
1760
2489
0
0
0
0
0
0
2335
1675
0
0
0
0
0
0
2392
1500
0
0
0
0
0
0
2444
2692
0
0
0
0
0
0
2072
2304
0
0
0
0
0
0
930
3478
0
0
0
0
0
0
2438
3856
0
0
0
0
0
0
225
523
0
0
0
0
0
0
1144
3578
0
0
0
0
0
0
1449
3329
0
0
0
0
0
0
1236
3400
0
0
0
0
0
0
1125
2747
0
0
0
0
0
0
2086
2764
0
0
0
0
0
0
2140
3536
0
0
0
0
0
0
2301
537
0
0
0
0
0
0
3834
2322
0
0
0
0
0
0
686
3302
0
0
0
0
0
0
3611
3343
0
0
0
0
0
0
1417
3100
0
0
0
0
0
0
4053
887
0
0
0
0
0
0
2828
4022
0
0
0
0
0
0
3093
3467
0
0
0
0
0
0
1107
1707
0
0
0
0
0
0
3165
1146
0
0
0
0
0
0
1476
2756
0
0
0
0
0
0
2293
436
0
0
0
0
0
0
3510
713
0
0
0
0
0
0
22
4070
0
0
0
0
0
0
2059
768
0
0
0
0
0
0
4013
2945
0
0
0
0
0
0
978
1857
0
0
0
0
0
0
1099
4024
0
0
0
0
0
0
195
363
0
0
0
0
0
0
2518
626
0
0
0
0
0
0
1578
3540
0
0
0
0
0
0
1167
3341
0
0
0
0
0
0
3714
3198
0
0
0
0
0
0
691
3715
0
0
0
0
0
0
2192
1097
0
0
0
0
0
0
1724
1906
0
0
0
0
0
0
2998
237
0
0
0
0
0
0
762
1779
0
0
0
0
0
0
1194
4018
0
0
0
0
0
0
875
1448
0
0
0
0
0
0
2241
3442
0
0
0
0
0
0
3973
2881
0
0
0
0
0
0
3832
3923
0
0
0
0
0
0
1196
1274
0
0
0
0
0
0
332
3853
0
0
0
0
0
0
3229
2734
0
0
0
0
0
0
4047
3756
0
0
0
0
0
0
671
527
0
0
0
0
0
0
1806
2180
0
0
0
0
0
0
1794
3319
0
0
0
0
0
0
1079
2728
0
0
0
0
0
0
1411
3626
0
0
0
0
0
0
2846
1091
0
0
0
0
0
0
561
3324
0
0
0
0
0
0
1902
1611
0
0
0
0
0
0
3280
1563
0
0
0
0
0
0
1086
1872
0
0
0
0
0
0
2318
141
0
0
0
0
0
0
2830
1771
0
0
0
0
0
0
2844
694
0
0
0
0
0
0
2059
1066
0
0
0
0
0
0
1882
881
0
0
0
0
0
0
3069
1500
0
0
0
0
0
0
3666
3609
0
0
0
0
0
0
3066
1082
0
0
0
0
0
0
3728
3841
0
0
0
0
0
0
3660
515
0
0
0
0
0
0
2083
1151
0
0
0
0
0
0
3065
3911
0
0
0
0
0
0
2266
3654
0
0
0
0
0
0
3240
2350
0
0
0
0
0
0
3168
1084
0
0
0
0
0
0
2160
3711
0
0
0
0
0
0
2628
3215
0
0
0
0
0
0
322
1520
0
0
0
0
0
0
1230
1310
0
0
0
0
0
0
4035
2627
0
0
0
0
0
0
3978
2216
0
0
0
0
0
0
3456
3719
0
0
0
0
0
0
3813
1790
0
0
0
0
0
0
2613
47
0
0
0
0
0
0
2295
2549
0
0
0
0
0
0
2642
3695
0
0
0
0
0
0
85
975
0
0
0
0
0
0
1470
2514
0
0
0
0
0
0
1478
693
0
0
0
0
0
0
2532
92
0
0
0
0
0
0
1712
2856
0
0
0
0
0
0
2031
510
0
0
0
0
0
0
3069
3989
0
0
0
0
0
0
3437
3880
0
0
0
0
0
0
3765
1773
0
0
0
0
0
0
3155
3163
0
0
0
0
0
0
2042
3622
0
0
0
0
0
0
2000
2791
0
0
0
0
0
0
1090
126
0
0
0
0
0
0
3936
1024
0
0
0
0
0
0
959
2256
0
0
0
0
0
0
4015
2849
0
0
0
0
0
0
3218
1813
0
0
0
0
0
0
1154
593
0
0
0
0
0
0
3610
2396
0
0
0
0
0
0
3286
3162
0
0
0
0
0
0
3409
3996
0
0
0
0
0
0
239
35
0
0
0
0
0
0
3740
1417
0
0
0
0
0
0
2212
1382
0
0
0
0
0
0
1193
2220
0
0
0
0
0
0
3650
1026
0
0
0
0
0
0
624
3173
0
0
0
0
0
0
2482
3928
0
0
0
0
0
0
464
967
0
0
0
0
0
0
2425
983
0
0
0
0
0
0
3505
2443
0
0
0
0
0
0
2431
2139
0
0
0
0
0
0
2764
409
0
0
0
0
0
0
3018
1622
0
0
0
0
0
0
4040
4074
0
0
0
0
0
0
2313
1203
0
0
0
0
0
0
523
1164
0
0
0
0
0
0
2842
913
0
0
0
0
0
0
118
23
0
0
0
0
0
0
2953
4033
0
0
0
0
0
0
223
3585
0
0
0
0
0
0
148
2372
0
0
0
0
0
0
3264
1242
0
0
0
0
0
0
4095
2133
0
0
0
0
0
0
386
3095
0
0
0
0
0
0
2806
875
0
0
0
0
0
0
2548
3394
0
0
0
0
0
0
147
4012
0
0
0
0
0
0
811
1274
0
0
0
0
0
0
3079
3526
0
0
0
0
0
0
1195
1084
0
0
0
0
0
0
405
3206
0
0
0
0
0
0
401
2333
0
0
0
0
0
0
2679
3036
0
0
0
0
0
0
2285
1575
0
0
0
0
0
0
779
3324
0
0
0
0
0
0
881
2622
0
0
0
0
0
0
2068
3372
0
0
0
0
0
0
3178
2229
0
0
0
0
0
0
130
525
0
0
0
0
0
0
3350
3317
0
0
0
0
0
0
2216
4059
0
0
0
0
0
0
3899
3693
0
0
0
0
0
0
269
3900
0
0
0
0
0
0
419
848
0
0
0
0
0
0
1592
2194
0
0
0
0
0
0
1530
1891
0
0
0
0
0
0
26
1377
0
0
0
0
0
0
1677
3984
0
0
0
0
0
0
4069
2433
0
0
0
0
0
0
3771
3986
0
0
0
0
0
0
553
3659
0
0
0
0
0
0
791
2738
0
0
0
0
0
0
139
3380
0
0
0
0
0
0
588
3859
0
0
0
0
0
0
945
3327
0
0
0
0
0
0
2574
1127
0
0
0
0
0
0
3116
1469
0
0
0
0
0
0
