0
4095
0
0
0
0
0
0
4095
0
0
0
0
0
0
0
0
4095
0
0
0
0
0
0
4095
0
0
0
0
0
0
0
4095
4095
0
0
0
0
0
0
0
0
0
0
0
0
0
0
4095
4095
0
0
0
0
0
0
0
0
0
0
0
0
0
0
4095
4095
0
0
0
0
0
0
0
0
0
0
0
0
0
0
4095
4095
0
0
0
0
0
0
0
0
0
0
0
0
0
0
4095
4095
0
0
0
0
0
0
0
0
0
0
0
0
0
0
4095
4095
0
0
0
0
0
0
0
0
0
0
0
0
0
0
4095
4095
0
0
0
0
0
0
0
0
0
0
0
0
0
0
4095
4095
0
0
0
0
0
0
0
0
0
0
0
0
0
0
4095
4095
0
0
0
0
0
0
0
0
0
0
0
0
0
0
4095
4095
0
0
0
0
0
0
4091
4090
0
0
0
0
0
0
4094
4094
0
0
0
0
0
0
4093
4092
0
0
0
0
0
0
4092
4092
0
0
0
0
0
0
4092
4093
0
0
0
0
0
0
4093
4093
0
0
0
0
0
0
4092
4093
0
0
0
0
0
0
4091
4091
0
0
0
0
0
0
4092
4093
0
0
0
0
0
0
4093
4093
0
0
0
0
0
0
4095
4094
0
0
0
0
0
0
4093
4091
0
0
0
0
0
0
4092
4090
0
0
0
0
0
0
4091
4091
0
0
0
0
0
0
4091
4093
0
0
0
0
0
0
4092
4094
0
0
0
0
0
0
1
4094
0
0
0
0
0
0
0
4092
0
0
0
0
0
0
4090
4087
0
0
0
0
0
0
4088
4092
0
0
0
0
0
0
4089
4095
0
0
0
0
0
0
2
1
0
0
0
0
0
0
0
4092
0
0
0
0
0
0
4094
4086
0
0
0
0
0
0
4084
4085
0
0
0
0
0
0
4087
4094
0
0
0
0
0
0
4093
3
0
0
0
0
0
0
5
1
0
0
0
0
0
0
2
4086
0
0
0
0
0
0
4088
4080
0
0
0
0
0
0
4081
4088
0
0
0
0
0
0
4087
3
0
0
0
0
0
0
5
7
0
0
0
0
0
0
9
4093
0
0
0
0
0
0
4095
4081
0
0
0
0
0
0
4080
4078
0
0
0
0
0
0
4080
4094
0
0
0
0
0
0
4094
12
0
0
0
0
0
0
13
8
0
0
0
0
0
0
11
4088
0
0
0
0
0
0
4084
4072
0
0
0
0
0
0
4074
4083
0
0
0
0
0
0
4080
9
0
0
0
0
0
0
9
16
0
0
0
0
0
0
19
1
0
0
0
0
0
0
2
4072
0
0
0
0
0
0
4076
4073
0
0
0
0
0
0
4064
4089
0
0
0
0
0
0
4091
20
0
0
0
0
0
0
24
18
0
0
0
0
0
0
20
4084
0
0
0
0
0
0
4086
4062
0
0
0
0
0
0
4058
4073
0
0
0
0
0
0
4069
10
0
0
0
0
0
0
13
31
0
0
0
0
0
0
32
8
0
0
0
0
0
0
13
4070
0
0
0
0
0
0
4065
4056
0
0
0
0
0
0
4051
4084
0
0
0
0
0
0
4085
29
0
0
0
0
0
0
34
32
0
0
0
0
0
0
36
4087
0
0
0
0
0
0
4090
4052
0
0
0
0
0
0
4045
4061
0
0
0
0
0
0
4054
11
0
0
0
0
0
0
12
42
0
0
0
0
0
0
50
21
0
0
0
0
0
0
25
4063
0
0
0
0
0
0
4061
4040
0
0
0
0
0
0
4034
4076
0
0
0
0
0
0
4075
39
0
0
0
0
0
0
39
47
0
0
0
0
0
0
58
4095
0
0
0
0
0
0
1
4040
0
0
0
0
0
0
4032
4042
0
0
0
0
0
0
4036
10
0
0
0
0
0
0
9
58
0
0
0
0
0
0
67
37
0
0
0
0
0
0
43
4061
0
0
0
0
0
0
4058
4021
0
0
0
0
0
0
4013
4064
0
0
0
0
0
0
4057
43
0
0
0
0
0
0
50
69
0
0
0
0
0
0
78
9
0
0
0
0
0
0
10
4025
0
0
0
0
0
0
4023
4024
0
0
0
0
0
0
4013
4
0
0
0
0
0
0
1
74
0
0
0
0
0
0
83
57
0
0
0
0
0
0
65
4061
0
0
0
0
0
0
4061
4002
0
0
0
0
0
0
3992
4044
0
0
0
0
0
0
4038
48
0
0
0
0
0
0
51
91
0
0
0
0
0
0
103
23
0
0
0
0
0
0
28
4016
0
0
0
0
0
0
4011
3999
0
0
0
0
0
0
3986
4087
0
0
0
0
0
0
4085
90
0
0
0
0
0
0
101
83
0
0
0
0
0
0
93
4069
0
0
0
0
0
0
4066
3980
0
0
0
0
0
0
3971
4021
0
0
0
0
0
0
4010
47
0
0
0
0
0
0
51
115
0
0
0
0
0
0
130
45
0
0
0
0
0
0
53
4013
0
0
0
0
0
0
4001
3970
0
0
0
0
0
0
3956
4070
0
0
0
0
0
0
4065
103
0
0
0
0
0
0
114
110
0
0
0
0
0
0
125
4078
0
0
0
0
0
0
4082
3963
0
0
0
0
0
0
3948
3992
0
0
0
0
0
0
3978
43
0
0
0
0
0
0
46
139
0
0
0
0
0
0
156
73
0
0
0
0
0
0
82
4010
0
0
0
0
0
0
4001
3942
0
0
0
0
0
0
3925
4048
0
0
0
0
0
0
4040
112
0
0
0
0
0
0
123
142
0
0
0
0
0
0
162
2
0
0
0
0
0
0
6
3947
0
0
0
0
0
0
3933
3960
0
0
0
0
0
0
3943
30
0
0
0
0
0
0
35
165
0
0
0
0
0
0
181
104
0
0
0
0
0
0
119
4014
0
0
0
0
0
0
4008
3913
0
0
0
0
0
0
3893
4019
0
0
0
0
0
0
4006
116
0
0
0
0
0
0
129
178
0
0
0
0
0
0
197
26
0
0
0
0
0
0
33
3934
0
0
0
0
0
0
3922
3925
0
0
0
0
0
0
3901
13
0
0
0
0
0
0
9
181
0
0
0
0
0
0
203
139
0
0
0
0
0
0
160
4024
0
0
0
0
0
0
4019
3885
0
0
0
0
0
0
3862
3982
0
0
0
0
0
0
3968
116
0
0
0
0
0
0
124
210
0
0
0
0
0
0
234
59
0
0
0
0
0
0
70
3924
0
0
0
0
0
0
3912
3885
0
0
0
0
0
0
3858
4081
0
0
0
0
0
0
4078
201
0
0
0
0
0
0
222
181
0
0
0
0
0
0
206
4043
0
0
0
0
0
0
4041
3859
0
0
0
0
0
0
3833
3942
0
0
0
0
0
0
3922
106
0
0
0
0
0
0
113
244
0
0
0
0
0
0
273
98
0
0
0
0
0
0
114
3926
0
0
0
0
0
0
3909
3844
0
0
0
0
0
0
3816
4049
0
0
0
0
0
0
4041
213
0
0
0
0
0
0
233
226
0
0
0
0
0
0
254
4068
0
0
0
0
0
0
4074
3838
0
0
0
0
0
0
3807
3893
0
0
0
0
0
0
3870
87
0
0
0
0
0
0
93
276
0
0
0
0
0
0
309
145
0
0
0
0
0
0
165
3935
0
0
0
0
0
0
3919
3803
0
0
0
0
0
0
3770
4006
0
0
0
0
0
0
3994
217
0
0
0
0
0
0
236
272
0
0
0
0
0
0
306
7
0
0
0
0
0
0
18
3822
0
0
0
0
0
0
3792
3845
0
0
0
0
0
0
3815
61
0
0
0
0
0
0
61
302
0
0
0
0
0
0
338
195
0
0
0
0
0
0
222
3950
0
0
0
0
0
0
3936
3764
0
0
0
0
0
0
3730
3959
0
0
0
0
0
0
3938
213
0
0
0
0
0
0
233
318
0
0
0
0
0
0
357
53
0
0
0
0
0
0
65
3810
0
0
0
0
0
0
3782
3793
0
0
0
0
0
0
3756
24
0
0
0
0
0
0
22
325
0
0
0
0
0
0
360
250
0
0
0
0
0
0
282
3974
0
0
0
0
0
0
3967
3733
0
0
0
0
0
0
3693
3902
0
0
0
0
0
0
3875
199
0
0
0
0
0
0
215
362
0
0
0
0
0
0
406
105
0
0
0
0
0
0
123
3812
0
0
0
0
0
0
3784
3739
0
0
0
0
0
0
3697
4074
0
0
0
0
0
0
4067
340
0
0
0
0
0
0
374
308
0
0
0
0
0
0
348
4010
0
0
0
0
0
0
4008
3704
0
0
0
0
0
0
3662
3842
0
0
0
0
0
0
3810
177
0
0
0
0
0
0
190
405
0
0
0
0
0
0
450
163
0
0
0
0
0
0
191
3822
0
0
0
0
0
0
3794
3688
0
0
0
0
0
0
3640
4019
0
0
0
0
0
0
4008
348
0
0
0
0
0
0
379
365
0
0
0
0
0
0
414
4056
0
0
0
0
0
0
4060
3683
0
0
0
0
0
0
3640
3777
0
0
0
0
0
0
3737
141
0
0
0
0
0
0
151
443
0
0
0
0
0
0
489
228
0
0
0
0
0
0
264
3842
0
0
0
0
0
0
3819
3637
0
0
0
0
0
0
3589
3959
0
0
0
0
0
0
3935
340
0
0
0
0
0
0
372
424
0
0
0
0
0
0
481
17
0
0
0
0
0
0
27
3671
0
0
0
0
0
0
3630
3711
0
0
0
0
0
0
3663
95
0
0
0
0
0
0
98
468
0
0
0
0
0
0
520
301
0
0
0
0
0
0
340
3872
0
0
0
0
0
0
3858
3595
0
0
0
0
0
0
3542
3889
0
0
0
0
0
0
3856
323
0
0
0
0
0
0
355
486
0
0
0
0
0
0
539
79
0
0
0
0
0
0
102
3671
0
0
0
0
0
0
3629
3642
0
0
0
0
0
0
3591
40
0
0
0
0
0
0
32
485
0
0
0
0
0
0
540
375
0
0
0
0
0
0
422
3917
0
0
0
0
0
0
3906
3559
0
0
0
0
0
0
3503
3812
0
0
0
0
0
0
3774
297
0
0
0
0
0
0
318
534
0
0
0
0
0
0
598
155
0
0
0
0
0
0
181
3681
0
0
0
0
0
0
3643
3577
0
0
0
0
0
0
3518
4067
0
0
0
0
0
0
4056
496
0
0
0
0
0
0
541
445
0
0
0
0
0
0
505
3975
0
0
0
0
0
0
3969
3531
0
0
0
0
0
0
3477
3734
0
0
0
0
0
0
3685
252
0
0
0
0
0
0
272
580
0
0
0
0
0
0
646
236
0
0
0
0
0
0
272
3707
0
0
0
0
0
0
3670
3517
0
0
0
0
0
0
3455
3992
0
0
0
0
0
0
3969
492
0
0
0
0
0
0
535
519
0
0
0
0
0
0
587
4043
0
0
0
0
0
0
4047
3517
0
0
0
0
0
0
3457
3650
0
0
0
0
0
0
3594
198
0
0
0
0
0
0
211
617
0
0
0
0
0
0
683
322
0
0
0
0
0
0
367
3743
0
0
0
0
0
0
3715
3464
0
0
0
0
0
0
3393
3906
0
0
0
0
0
0
3875
473
0
0
0
0
0
0
515
589
0
0
0
0
0
0
662
24
0
0
0
0
0
0
39
3514
0
0
0
0
0
0
3456
3569
0
0
0
0
0
0
3503
131
0
0
0
0
0
0
136
642
0
0
0
0
0
0
707
408
0
0
0
0
0
0
466
3795
0
0
0
0
0
0
3775
3420
0
0
0
0
0
0
3343
3814
0
0
0
0
0
0
3775
441
0
0
0
0
0
0
478
653
0
0
0
0
0
0
732
112
0
0
0
0
0
0
137
3525
0
0
0
0
0
0
3472
3491
0
0
0
0
0
0
3418
55
0
0
0
0
0
0
47
651
0
0
0
0
0
0
720
499
0
0
0
0
0
0
565
3861
0
0
0
0
0
0
3847
3383
0
0
0
0
0
0
3309
3722
0
0
0
0
0
0
3668
391
0
0
0
0
0
0
424
710
0
0
0
0
0
0
791
207
0
0
0
0
0
0
241
3550
0
0
0
0
0
0
3502
3417
0
0
0
0
0
0
3337
4060
0
0
0
0
0
0
4040
648
0
0
0
0
0
0
715
587
0
0
0
0
0
0
660
3938
0
0
0
0
0
0
3934
3362
0
0
0
0
0
0
3288
3624
0
0
0
0
0
0
3562
330
0
0
0
0
0
0
353
753
0
0
0
0
0
0
838
308
0
0
0
0
0
0
353
3592
0
0
0
0
0
0
3547
3351
0
0
0
0
0
0
3268
3961
0
0
0
0
0
0
3934
632
0
0
0
0
0
0
694
671
0
0
0
0
0
0
752
4028
0
0
0
0
0
0
4035
3356
0
0
0
0
0
0
3283
3528
0
0
0
0
0
0
3456
255
0
0
0
0
0
0
268
787
0
0
0
0
0
0
871
409
0
0
0
0
0
0
469
3650
0
0
0
0
0
0
3613
3293
0
0
0
0
0
0
3208
3856
0
0
0
0
0
0
3819
600
0
0
0
0
0
0
652
746
0
0
0
0
0
0
837
33
0
0
0
0
0
0
50
3363
0
0
0
0
0
0
3293
3435
0
0
0
0
0
0
3352
164
0
0
0
0
0
0
171
805
0
0
0
0
0
0
888
514
0
0
0
0
0
0
583
3720
0
0
0
0
0
0
3696
3252
0
0
0
0
0
0
3162
3749
0
0
0
0
0
0
3694
545
0
0
0
0
0
0
595
813
0
0
0
0
0
0
906
139
0
0
0
0
0
0
173
3391
0
0
0
0
0
0
3325
3348
0
0
0
0
0
0
3257
64
0
0
0
0
0
0
58
807
0
0
0
0
0
0
888
617
0
0
0
0
0
0
695
3807
0
0
0
0
0
0
3793
3224
0
0
0
0
0
0
3128
3635
0
0
0
0
0
0
3572
480
0
0
0
0
0
0
519
870
0
0
0
0
0
0
966
254
0
0
0
0
0
0
296
3431
0
0
0
0
0
0
3372
3269
0
0
0
0
0
0
3173
4054
0
0
0
0
0
0
4030
788
0
0
0
0
0
0
869
715
0
0
0
0
0
0
801
3905
0
0
0
0
0
0
3903
3211
0
0
0
0
0
0
3118
3525
0
0
0
0
0
0
3452
399
0
0
0
0
0
0
427
910
0
0
0
0
0
0
1009
371
0
0
0
0
0
0
426
3491
0
0
0
0
0
0
3441
3202
0
0
0
0
0
0
3101
3934
0
0
0
0
0
0
3904
759
0
0
0
0
0
0
828
802
0
0
0
0
0
0
899
4015
0
0
0
0
0
0
4025
3215
0
0
0
0
0
0
3126
3419
0
0
0
0
0
0
3335
304
0
0
0
0
0
0
320
933
0
0
0
0
0
0
1035
489
0
0
0
0
0
0
557
3567
0
0
0
0
0
0
3528
3151
0
0
0
0
0
0
3045
3813
0
0
0
0
0
0
3766
705
0
0
0
0
0
0
771
881
0
0
0
0
0
0
986
39
0
0
0
0
0
0
60
3236
0
0
0
0
0
0
3154
3320
0
0
0
0
0
0
3226
195
0
0
0
0
0
0
199
943
0
0
0
0
0
0
1041
604
0
0
0
0
0
0
683
3659
0
0
0
0
0
0
3629
3109
0
0
0
0
0
0
3006
3691
0
0
0
0
0
0
3630
636
0
0
0
0
0
0
693
948
0
0
0
0
0
0
1055
164
0
0
0
0
0
0
199
3276
0
0
0
0
0
0
3204
3231
0
0
0
0
0
0
3125
75
0
0
0
0
0
0
66
930
0
0
0
0
0
0
1024
711
0
0
0
0
0
0
804
3763
0
0
0
0
0
0
3748
3091
0
0
0
0
0
0
2986
3567
0
0
0
0
0
0
3494
552
0
0
0
0
0
0
597
998
0
0
0
0
0
0
1109
292
0
0
0
0
0
0
343
3338
0
0
0
0
0
0
3269
3151
0
0
0
0
0
0
3040
4045
0
0
0
0
0
0
4023
901
0
0
0
0
0
0
989
815
0
0
0
0
0
0
914
3879
0
0
0
0
0
0
3874
3091
0
0
0
0
0
0
2986
3448
0
0
0
0
0
0
3365
453
0
0
0
0
0
0
482
1031
0
0
0
0
0
0
1144
420
0
0
0
0
0
0
482
3413
0
0
0
0
0
0
3357
3090
0
0
0
0
0
0
2975
3914
0
0
0
0
0
0
3878
853
0
0
0
0
0
0
931
901
0
0
0
0
0
0
1012
4006
0
0
0
0
0
0
4017
3110
0
0
0
0
0
0
3008
3337
0
0
0
0
0
0
3243
339
0
0
0
0
0
0
357
1045
0
0
0
0
0
0
1158
547
0
0
0
0
0
0
623
3508
0
0
0
0
0
0
3461
3041
0
0
0
0
0
0
2926
3782
0
0
0
0
0
0
3728
785
0
0
0
0
0
0
857
979
0
0
0
0
0
0
1094
42
0
0
0
0
0
0
68
3144
0
0
0
0
0
0
3053
3236
0
0
0
0
0
0
3133
216
0
0
0
0
0
0
221
1040
0
0
0
0
0
0
1150
667
0
0
0
0
0
0
754
3614
0
0
0
0
0
0
3583
3012
0
0
0
0
0
0
2896
3651
0
0
0
0
0
0
3583
701
0
0
0
0
0
0
761
1039
0
0
0
0
0
0
1156
180
0
0
0
0
0
0
220
3201
0
0
0
0
0
0
3117
3147
0
0
0
0
0
0
3035
83
0
0
0
0
0
0
74
1018
0
0
0
0
0
0
1117
776
0
0
0
0
0
0
877
3735
0
0
0
0
0
0
3715
3003
0
0
0
0
0
0
2887
3519
0
0
0
0
0
0
3443
600
0
0
0
0
0
0
647
1083
0
0
0
0
0
0
1202
316
0
0
0
0
0
0
371
3276
0
0
0
0
0
0
3200
3072
0
0
0
0
0
0
2958
4045
0
0
0
0
0
0
4013
970
0
0
0
0
0
0
1070
879
0
0
0
0
0
0
984
3864
0
0
0
0
0
0
3860
3014
0
0
0
0
0
0
2903
3400
0
0
0
0
0
0
3310
486
0
0
0
0
0
0
519
1106
0
0
0
0
0
0
1224
449
0
0
0
0
0
0
519
3367
0
0
0
0
0
0
3306
3019
0
0
0
0
0
0
2896
3900
0
0
0
0
0
0
3863
909
0
0
0
0
0
0
994
962
0
0
0
0
0
0
1080
4002
0
0
0
0
0
0
4012
3046
0
0
0
0
0
0
2938
3288
0
0
0
0
0
0
3191
362
0
0
0
0
0
0
380
1109
0
0
0
0
0
0
1226
580
0
0
0
0
0
0
658
3471
0
0
0
0
0
0
3423
2978
0
0
0
0
0
0
2861
3764
0
0
0
0
0
0
3708
829
0
0
0
0
0
0
902
1031
0
0
0
0
0
0
1154
47
0
0
0
0
0
0
72
3094
0
0
0
0
0
0
3001
3194
0
0
0
0
0
0
3082
226
0
0
0
0
0
0
231
1091
0
0
0
0
0
0
1205
699
0
0
0
0
0
0
788
3590
0
0
0
0
0
0
3559
2962
0
0
0
0
0
0
2841
3629
0
0
0
0
0
0
3562
733
0
0
0
0
0
0
792
1084
0
0
0
0
0
0
1207
186
0
0
0
0
0
0
231
3166
0
0
0
0
0
0
3077
3108
0
0
0
0
0
0
2994
85
0
0
0
0
0
0
75
1056
0
0
0
0
0
0
1158
804
0
0
0
0
0
0
909
3723
0
0
0
0
0
0
3703
2964
0
0
0
0
0
0
2850
3504
0
0
0
0
0
0
3421
620
0
0
0
0
0
0
670
1118
0
0
0
0
0
0
1237
325
0
0
0
0
0
0
381
3250
0
0
0
0
0
0
3178
3047
0
0
0
0
0
0
2925
4041
0
0
0
0
0
0
4013
999
0
0
0
0
0
0
1096
899
0
0
0
0
0
0
1010
3862
0
0
0
0
0
0
3854
2987
0
0
0
0
0
0
2877
3385
0
0
0
0
0
0
3294
496
0
0
0
0
0
0
529
1128
0
0
0
0
0
0
1249
459
0
0
0
0
0
0
530
3355
0
0
0
0
0
0
3292
2999
0
0
0
0
0
0
2880
3900
0
0
0
0
0
0
3857
924
0
0
0
0
0
0
1009
977
0
0
0
0
0
0
1092
4000
0
0
0
0
0
0
4010
3031
0
0
0
0
0
0
2927
3282
0
0
0
0
0
0
3179
362
0
0
0
0
0
0
384
1119
0
0
0
0
0
0
1236
584
0
0
0
0
0
0
664
3468
0
0
0
0
0
0
3421
2974
0
0
0
0
0
0
2851
3760
0
0
0
0
0
0
3708
832
0
0
0
0
0
0
904
1035
0
0
0
0
0
0
1157
45
0
0
0
0
0
0
73
3095
0
0
0
0
0
0
2998
3192
0
0
0
0
0
0
3086
228
0
0
0
0
0
0
230
1091
0
0
0
0
0
0
1202
695
0
0
0
0
0
0
787
3594
0
0
0
0
0
0
3563
2969
0
0
0
0
0
0
2850
3632
0
0
0
0
0
0
3561
724
0
0
0
0
0
0
787
1076
0
0
0
0
0
0
1195
186
0
0
0
0
0
0
225
3171
0
0
0
0
0
0
3091
3123
0
0
0
0
0
0
3005
85
0
0
0
0
0
0
73
1040
0
0
0
0
0
0
1144
796
0
0
0
0
0
0
893
3725
0
0
0
0
0
0
3711
2984
0
0
0
0
0
0
2868
3510
0
0
0
0
0
0
3434
609
0
0
0
0
0
0
654
1095
0
0
0
0
0
0
1214
318
0
0
0
0
0
0
376
3270
0
0
0
0
0
0
3196
3066
0
0
0
0
0
0
2950
4043
0
0
0
0
0
0
4014
972
0
0
0
0
0
0
1067
876
0
0
0
0
0
0
985
3866
0
0
0
0
0
0
3860
3018
0
0
0
0
0
0
2911
3404
0
0
0
0
0
0
3314
482
0
0
0
0
0
0
514
1096
0
0
0
0
0
0
1211
444
0
0
0
0
0
0
513
3377
0
0
0
0
0
0
3318
3035
0
0
0
0
0
0
2916
3903
0
0
0
0
0
0
3866
893
0
0
0
0
0
0
974
942
0
0
0
0
0
0
1054
4003
0
0
0
0
0
0
4015
3072
0
0
0
0
0
0
2972
3310
0
0
0
0
0
0
3216
350
0
0
0
0
0
0
368
1077
0
0
0
0
0
0
1183
557
0
0
0
0
0
0
637
3494
0
0
0
0
0
0
3450
3020
0
0
0
0
0
0
2906
3776
0
0
0
0
0
0
3725
795
0
0
0
0
0
0
866
990
0
0
0
0
0
0
1103
44
0
0
0
0
0
0
70
3143
0
0
0
0
0
0
3054
3237
0
0
0
0
0
0
3133
215
0
0
0
0
0
0
217
1034
0
0
0
0
0
0
1138
659
0
0
0
0
0
0
747
3623
0
0
0
0
0
0
3589
3026
0
0
0
0
0
0
2917
3657
0
0
0
0
0
0
3591
685
0
0
0
0
0
0
743
1015
0
0
0
0
0
0
1130
176
0
0
0
0
0
0
214
3227
0
0
0
0
0
0
3148
3178
0
0
0
0
0
0
3072
79
0
0
0
0
0
0
70
977
0
0
0
0
0
0
1073
746
0
0
0
0
0
0
838
3751
0
0
0
0
0
0
3734
3055
0
0
0
0
0
0
2946
3549
0
0
0
0
0
0
3478
570
0
0
0
0
0
0
610
1021
0
0
0
0
0
0
1132
298
0
0
0
0
0
0
350
3328
0
0
0
0
0
0
3257
3138
0
0
0
0
0
0
3033
4045
0
0
0
0
0
0
4019
903
0
0
0
0
0
0
992
815
0
0
0
0
0
0
912
3882
0
0
0
0
0
0
3880
3100
0
0
0
0
0
0
2997
3454
0
0
0
0
0
0
3375
445
0
0
0
0
0
0
474
1009
0
0
0
0
0
0
1117
409
0
0
0
0
0
0
473
3434
0
0
0
0
0
0
3382
3122
0
0
0
0
0
0
3013
3919
0
0
0
0
0
0
3884
818
0
0
0
0
0
0
891
864
0
0
0
0
0
0
964
4010
0
0
0
0
0
0
4023
3160
0
0
0
0
0
0
3067
3379
0
0
0
0
0
0
3294
318
0
0
0
0
0
0
334
979
0
0
0
0
0
0
1078
508
0
0
0
0
0
0
582
3551
0
0
0
0
0
0
3508
3119
0
0
0
0
0
0
3012
3802
0
0
0
0
0
0
3759
720
0
0
0
0
0
0
783
896
0
0
0
0
0
0
998
39
0
0
0
0
0
0
62
3233
0
0
0
0
0
0
3154
3320
0
0
0
0
0
0
3225
193
0
0
0
0
0
0
195
931
0
0
0
0
0
0
1025
595
0
0
0
0
0
0
671
3668
0
0
0
0
0
0
3643
3137
0
0
0
0
0
0
3038
3702
0
0
0
0
0
0
3644
613
0
0
0
0
0
0
665
908
0
0
0
0
0
0
1008
156
0
0
0
0
0
0
192
3321
0
0
0
0
0
0
3250
3276
0
0
0
0
0
0
3183
69
0
0
0
0
0
0
63
870
0
0
0
0
0
0
954
663
0
0
0
0
0
0
746
3792
0
0
0
0
0
0
3774
3170
0
0
0
0
0
0
3076
3610
0
0
0
0
0
0
3546
501
0
0
0
0
0
0
540
905
0
0
0
0
0
0
1000
262
0
0
0
0
0
0
307
3415
0
0
0
0
0
0
3360
3254
0
0
0
0
0
0
3159
4052
0
0
0
0
0
0
4029
794
0
0
0
0
0
0
868
713
0
0
0
0
0
0
800
3908
0
0
0
0
0
0
3906
3225
0
0
0
0
0
0
3136
3535
0
0
0
0
0
0
3467
389
0
0
0
0
0
0
413
881
0
0
0
0
0
0
971
355
0
0
0
0
0
0
410
3520
0
0
0
0
0
0
3472
3246
0
0
0
0
0
0
3154
3942
0
0
0
0
0
0
3912
709
0
0
0
0
0
0
771
747
0
0
0
0
0
0
836
4022
0
0
0
0
0
0
4032
3287
0
0
0
0
0
0
3206
3476
0
0
0
0
0
0
3402
274
0
0
0
0
0
0
287
842
0
0
0
0
0
0
928
439
0
0
0
0
0
0
495
3623
0
0
0
0
0
0
3594
3259
0
0
0
0
0
0
3169
3846
0
0
0
0
0
0
3807
615
0
0
0
0
0
0
669
766
0
0
0
0
0
0
850
32
0
0
0
0
0
0
53
3360
0
0
0
0
0
0
3292
3433
0
0
0
0
0
0
3357
165
0
0
0
0
0
0
162
788
0
0
0
0
0
0
871
505
0
0
0
0
0
0
567
3732
0
0
0
0
0
0
3713
3285
0
0
0
0
0
0
3201
3764
0
0
0
0
0
0
3711
515
0
0
0
0
0
0
560
765
0
0
0
0
0
0
848
131
0
0
0
0
0
0
160
3444
0
0
0
0
0
0
3385
3407
0
0
0
0
0
0
3330
61
0
0
0
0
0
0
49
725
0
0
0
0
0
0
797
554
0
0
0
0
0
0
621
3838
0
0
0
0
0
0
3830
3324
0
0
0
0
0
0
3247
3691
0
0
0
0
0
0
3636
416
0
0
0
0
0
0
449
750
0
0
0
0
0
0
829
217
0
0
0
0
0
0
256
3532
0
0
0
0
0
0
3486
3399
0
0
0
0
0
0
3319
4057
0
0
0
0
0
0
4038
653
0
0
0
0
0
0
716
588
0
0
0
0
0
0
659
3940
0
0
0
0
0
0
3939
3377
0
0
0
0
0
0
3307
3635
0
0
0
0
0
0
3578
317
0
0
0
0
0
0
336
720
0
0
0
0
0
0
795
289
0
0
0
0
0
0
336
3626
0
0
0
0
0
0
3588
3404
0
0
0
0
0
0
3328
3969
0
0
0
0
0
0
3944
576
0
0
0
0
0
0
624
605
0
0
0
0
0
0
676
4037
0
0
0
0
0
0
4041
3438
0
0
0
0
0
0
3378
3594
0
0
0
0
0
0
3535
223
0
0
0
0
0
0
229
676
0
0
0
0
0
0
749
353
0
0
0
0
0
0
399
3718
0
0
0
0
0
0
3691
3422
0
0
0
0
0
0
3353
3896
0
0
0
0
0
0
3861
490
0
0
0
0
0
0
534
611
0
0
0
0
0
0
680
25
0
0
0
0
0
0
42
3511
0
0
0
0
0
0
3454
3566
0
0
0
0
0
0
3508
129
0
0
0
0
0
0
130
624
0
0
0
0
0
0
688
398
0
0
0
0
0
0
448
3808
0
0
0
0
0
0
3793
3454
0
0
0
0
0
0
3389
3831
0
0
0
0
0
0
3794
405
0
0
0
0
0
0
438
600
0
0
0
0
0
0
664
101
0
0
0
0
0
0
125
3585
0
0
0
0
0
0
3539
3556
0
0
0
0
0
0
3496
45
0
0
0
0
0
0
38
565
0
0
0
0
0
0
622
431
0
0
0
0
0
0
482
3895
0
0
0
0
0
0
3887
3497
0
0
0
0
0
0
3436
3780
0
0
0
0
0
0
3739
321
0
0
0
0
0
0
344
577
0
0
0
0
0
0
638
167
0
0
0
0
0
0
194
3661
0
0
0
0
0
0
3626
3560
0
0
0
0
0
0
3500
4064
0
0
0
0
0
0
4053
502
0
0
0
0
0
0
543
445
0
0
0
0
0
0
502
3978
0
0
0
0
0
0
3974
3548
0
0
0
0
0
0
3496
3745
0
0
0
0
0
0
3703
240
0
0
0
0
0
0
254
544
0
0
0
0
0
0
599
219
0
0
0
0
0
0
252
3739
0
0
0
0
0
0
3712
3575
0
0
0
0
0
0
3516
3997
0
0
0
0
0
0
3981
431
0
0
0
0
0
0
469
454
0
0
0
0
0
0
505
4050
0
0
0
0
0
0
4056
3605
0
0
0
0
0
0
3557
3719
0
0
0
0
0
0
3679
165
0
0
0
0
0
0
170
502
0
0
0
0
0
0
552
260
0
0
0
0
0
0
295
3816
0
0
0
0
0
0
3794
3596
0
0
0
0
0
0
3549
3948
0
0
0
0
0
0
3922
360
0
0
0
0
0
0
391
447
0
0
0
0
0
0
497
17
0
0
0
0
0
0
31
3669
0
0
0
0
0
0
3626
3710
0
0
0
0
0
0
3664
90
0
0
0
0
0
0
95
456
0
0
0
0
0
0
498
287
0
0
0
0
0
0
324
3889
0
0
0
0
0
0
3875
3629
0
0
0
0
0
0
3586
3906
0
0
0
0
0
0
3877
289
0
0
0
0
0
0
314
432
0
0
0
0
0
0
475
71
0
0
0
0
0
0
91
3731
0
0
0
0
0
0
3697
3709
0
0
0
0
0
0
3666
29
0
0
0
0
0
0
25
400
0
0
0
0
0
0
438
303
0
0
0
0
0
0
340
3953
0
0
0
0
0
0
3949
3672
0
0
0
0
0
0
3631
3874
0
0
0
0
0
0
3843
223
0
0
0
0
0
0
241
404
0
0
0
0
0
0
447
117
0
0
0
0
0
0
135
3792
0
0
0
0
0
0
3767
3721
0
0
0
0
0
0
3681
4073
0
0
0
0
0
0
4064
344
0
0
0
0
0
0
376
308
0
0
0
0
0
0
344
4012
0
0
0
0
0
0
4013
3719
0
0
0
0
0
0
3680
3851
0
0
0
0
0
0
3825
163
0
0
0
0
0
0
173
370
0
0
0
0
0
0
409
149
0
0
0
0
0
0
172
3854
0
0
0
0
0
0
3833
3738
0
0
0
0
0
0
3704
4031
0
0
0
0
0
0
4014
285
0
0
0
0
0
0
316
306
0
0
0
0
0
0
337
4063
0
0
0
0
0
0
4068
3766
0
0
0
0
0
0
3739
3845
0
0
0
0
0
0
3815
106
0
0
0
0
0
0
112
333
0
0
0
0
0
0
364
170
0
0
0
0
0
0
195
3911
0
0
0
0
0
0
3897
3766
0
0
0
0
0
0
3735
3998
0
0
0
0
0
0
3979
232
0
0
0
0
0
0
254
290
0
0
0
0
0
0
322
8
0
0
0
0
0
0
20
3818
0
0
0
0
0
0
3791
3844
0
0
0
0
0
0
3818
58
0
0
0
0
0
0
60
291
0
0
0
0
0
0
318
183
0
0
0
0
0
0
206
3959
0
0
0
0
0
0
3955
3800
0
0
0
0
0
0
3768
3971
0
0
0
0
0
0
3958
183
0
0
0
0
0
0
196
268
0
0
0
0
0
0
299
46
0
0
0
0
0
0
55
3864
0
0
0
0
0
0
3847
3854
0
0
0
0
0
0
3824
15
0
0
0
0
0
0
16
249
0
0
0
0
0
0
269
185
0
0
0
0
0
0
208
4005
0
0
0
0
0
0
4002
3834
0
0
0
0
0
0
3810
3957
0
0
0
0
0
0
3939
134
0
0
0
0
0
0
146
246
0
0
0
0
0
0
268
67
0
0
0
0
0
0
83
3912
0
0
0
0
0
0
3895
3867
0
0
0
0
0
0
3845
4081
0
0
0
0
0
0
4074
202
0
0
0
0
0
0
224
183
0
0
0
0
0
0
204
4045
0
0
0
0
0
0
4045
3871
0
0
0
0
0
0
3851
3952
0
0
0
0
0
0
3935
95
0
0
0
0
0
0
98
213
0
0
0
0
0
0
238
84
0
0
0
0
0
0
97
3953
0
0
0
0
0
0
3943
3889
0
0
0
0
0
0
3868
4056
0
0
0
0
0
0
4049
164
0
0
0
0
0
0
176
172
0
0
0
0
0
0
192
4076
0
0
0
0
0
0
4079
3907
0
0
0
0
0
0
3891
3953
0
0
0
0
0
0
3935
57
0
0
0
0
0
0
61
184
0
0
0
0
0
0
203
93
0
0
0
0
0
0
106
3990
0
0
0
0
0
0
3985
3912
0
0
0
0
0
0
3896
4041
0
0
0
0
0
0
4030
124
0
0
0
0
0
0
137
156
0
0
0
0
0
0
173
3
0
0
0
0
0
0
10
3944
0
0
0
0
0
0
3931
3960
0
0
0
0
0
0
3944
27
0
0
0
0
0
0
31
152
0
0
0
0
0
0
167
98
0
0
0
0
0
0
106
4022
0
0
0
0
0
0
4019
3939
0
0
0
0
0
0
3925
4029
0
0
0
0
0
0
4021
92
0
0
0
0
0
0
100
136
0
0
0
0
0
0
152
21
0
0
0
0
0
0
25
3974
0
0
0
0
0
0
3968
3972
0
0
0
0
0
0
3956
5
0
0
0
0
0
0
6
122
0
0
0
0
0
0
132
90
0
0
0
0
0
0
102
4051
0
0
0
0
0
0
4046
3963
0
0
0
0
0
0
3953
4026
0
0
0
0
0
0
4016
61
0
0
0
0
0
0
71
117
0
0
0
0
0
0
126
31
0
0
0
0
0
0
37
4005
0
0
0
0
0
0
3999
3986
0
0
0
0
0
0
3975
4085
0
0
0
0
0
0
4082
92
0
0
0
0
0
0
102
81
0
0
0
0
0
0
94
4071
0
0
0
0
0
0
4070
3989
0
0
0
0
0
0
3982
4029
0
0
0
0
0
0
4021
39
0
0
0
0
0
0
40
92
0
0
0
0
0
0
103
37
0
0
0
0
0
0
40
4029
0
0
0
0
0
0
4028
4004
0
0
0
0
0
0
3995
4076
0
0
0
0
0
0
4073
66
0
0
0
0
0
0
73
71
0
0
0
0
0
0
78
4085
0
0
0
0
0
0
4088
4016
0
0
0
0
0
0
4010
4036
0
0
0
0
0
0
4027
20
0
0
0
0
0
0
22
72
0
0
0
0
0
0
79
36
0
0
0
0
0
0
40
4052
0
0
0
0
0
0
4050
4021
0
0
0
0
0
0
4014
4070
0
0
0
0
0
0
4068
45
0
0
0
0
0
0
50
58
0
0
0
0
0
0
63
4095
0
0
0
0
0
0
0
4034
0
0
0
0
0
0
4033
4043
0
0
0
0
0
0
4038
9
0
0
0
0
0
0
9
54
0
0
0
0
0
0
56
30
0
0
0
0
0
0
35
4067
0
0
0
0
0
0
4068
4039
0
0
0
0
0
0
4033
4068
0
0
0
0
0
0
4069
30
0
0
0
0
0
0
29
42
0
0
0
0
0
0
48
3
0
0
0
0
0
0
6
4052
0
0
0
0
0
0
4053
4053
0
0
0
0
0
0
4050
1
0
0
0
0
0
0
4095
35
0
0
0
0
0
0
39
25
0
0
0
0
0
0
30
4081
0
0
0
0
0
0
4077
4050
0
0
0
0
0
0
4054
4076
0
0
0
0
0
0
4068
13
0
0
0
0
0
0
18
32
0
0
0
0
0
0
31
3
0
0
0
0
0
0
9
4069
0
0
0
0
0
0
4065
4062
0
0
0
0
0
0
4061
4090
0
0
0
0
0
0
4090
21
0
0
0
0
0
0
22
18
0
0
0
0
0
0
23
4089
0
0
0
0
0
0
4085
4066
0
0
0
0
0
0
4066
4078
0
0
0
0
0
0
4077
6
0
0
0
0
0
0
5
17
0
0
0
0
0
0
18
4
0
0
0
0
0
0
6
4080
0
0
0
0
0
0
4078
4071
0
0
0
0
0
0
4074
4091
0
0
0
0
0
0
4086
10
0
0
0
0
0
0
13
12
0
0
0
0
0
0
12
4090
0
0
0
0
0
0
4092
4077
0
0
0
0
0
0
4079
4082
0
0
0
0
0
0
4081
0
0
0
0
0
0
0
4095
8
0
0
0
0
0
0
10
1
0
0
0
0
0
0
3
4086
0
0
0
0
0
0
4086
4081
0
0
0
0
0
0
4081
4088
0
0
0
0
0
0
4089
3
0
0
0
0
0
0
1
3
0
0
0
0
0
0
5
4091
0
0
0
0
0
0
4093
4085
0
0
0
0
0
0
4085
4085
0
0
0
0
0
0
4086
4092
0
0
0
0
0
0
4095
3
0
0
0
0
0
0
0
4093
0
0
0
0
0
0
2
4092
0
0
0
0
0
0
4089
4087
0
0
0
0
0
0
4088
4091
0
0
0
0
0
0
4089
4095
0
0
0
0
0
0
1
1
0
0
0
0
0
0
4095
4093
0
0
0
0
0
0
4092
4089
0
0
0
0
0
0
4091
4090
0
0
0
0
0
0
4090
4092
0
0
0
0
0
0
4094
4094
0
0
0
0
0
0
4094
4093
0
0
0
0
0
0
4095
4093
0
0
0
0
0
0
4092
4093
0
0
0
0
0
0
4091
4091
0
0
0
0
0
0
4092
4092
0
0
0
0
0
0
4092
4093
0
0
0
0
0
0
4093
4093
0
0
0
0
0
0
4092
4093
0
0
0
0
0
0
4092
4092
0
0
0
0
0
0
4094
4094
0
0
0
0
0
0
4093
4092
0
0
0
0
0
0
4092
4092
0
0
0
0
0
0
1
0
0
0
0
0
0
0
4095
4095
0
0
0
0
0
0
0
4095
0
0
0
0
0
0
0
0
0
0
0
0
0
0
4095
4095
0
0
0
0
0
0
0
0
0
0
0
0
0
0
4095
4095
0
0
0
0
0
0
0
0
0
0
0
0
0
0
4095
0
0
0
0
0
0
0
4095
4095
0
0
0
0
0
0
0
0
0
0
0
0
0
0
4095
4095
0
0
0
0
0
0
0
0
0
0
0
0
0
0
4095
4095
0
0
0
0
0
0
0
0
0
0
0
0
0
0
4095
4095
0
0
0
0
0
0
0
0
0
0
0
0
0
0
4095
4095
0
0
0
0
0
0
0
0
0
0
0
0
0
0
4095
4095
0
0
0
0
0
0
0
0
0
0
0
0
0
0
4095
4095
0
0
0
0
0
0
0
0
0
0
0
0
0
0
4095
4095
0
0
0
0
0
0
0
0
0
0
0
0
0
0
4095
4095
0
0
0
0
0
0
0
0
0
0
0
0
0
0
4095
4095
0
0
0
0
0
0
0
0
0
0
0
0
0
0
4095
4095
0
0
0
0
0
0
0
0
0
0
0
0
0
0
4095
4095
0
0
0
0
0
0
0
0
0
0
0
0
0
0
4095
4095
0
0
0
0
0
0
0
0
0
0
0
0
0
0
4095
4095
0
0
0
0
0
0
0
0
0
0
0
0
0
0
4095
4095
0
0
0
0
0
0
0
0
0
0
0
0
0
0
4095
4095
0
0
0
0
0
0
0
0
0
0
0
0
0
0
4095
4095
0
0
0
0
0
0
0
0
0
0
0
0
0
0
4095
4095
0
0
0
0
0
0
0
0
0
0
0
0
0
0
4095
4095
0
0
0
0
0
0
0
0
0
0
0
0
0
0
4095
4095
0
0
0
0
0
0
0
0
0
0
0
0
0
0
4095
4095
0
0
0
0
0
0
0
0
0
0
0
0
0
0
4095
4095
0
0
0
0
0
0
0
0
0
0
0
0
0
0
4095
4095
0
0
0
0
0
0
0
0
0
0
0
0
0
0
4095
4095
0
0
0
0
0
0
0
0
0
0
0
0
0
0
4095
4095
0
0
0
0
0
0
0
0
0
0
0
0
0
0
4095
4095
0
0
0
0
0
0
0
0
0
0
0
0
0
0
4095
4095
0
0
0
0
0
0
0
0
0
0
0
0
0
0
4095
4095
0
0
0
0
0
0
0
0
0
0
0
0
0
0
4095
4095
0
0
0
0
0
0
0
0
0
0
0
0
0
0
4095
4095
0
0
0
0
0
0
0
0
0
0
0
0
0
0
4095
4095
0
0
0
0
0
0
0
0
0
0
0
0
0
0
4095
4095
0
0
0
0
0
0
0
0
0
0
0
0
0
0
4095
4095
0
0
0
0
0
0
0
0
0
0
0
0
0
0
4095
4095
0
0
0
0
0
0
0
0
0
0
0
0
0
0
4095
4095
0
0
0
0
0
0
0
0
0
0
0
0
0
0
4095
4095
0
0
0
0
0
0
0
0
0
0
0
0
0
0
4095
4095
0
0
0
0
0
0
0
0
0
0
0
0
0
0
4095
4095
0
0
0
0
0
0
0
0
0
0
0
0
0
0
4095
4095
0
0
0
0
0
0
0
0
0
0
0
0
0
0
4095
4095
0
0
0
0
0
0
0
0
0
0
0
0
0
0
4095
4095
0
0
0
0
0
0
0
0
0
0
0
0
0
0
4095
4095
0
0
0
0
0
0
0
0
0
0
0
0
0
0
4095
4095
0
0
0
0
0
0
0
0
0
0
0
0
0
0
4095
4095
0
0
0
0
0
0
0
0
0
0
0
0
0
0
4095
4095
0
0
0
0
0
0
0
0
0
0
0
0
0
0
4095
4095
0
0
0
0
0
0
0
0
0
0
0
0
0
0
4095
4095
0
0
0
0
0
0
0
0
0
0
0
0
0
0
4095
4095
0
0
0
0
0
0
0
0
0
0
0
0
0
0
4095
4095
0
0
0
0
0
0
0
0
0
0
0
0
0
0
4095
4095
0
0
0
0
0
0
0
0
0
0
0
0
0
0
4095
4095
0
0
0
0
0
0
0
0
0
0
0
0
0
0
4095
4095
0
0
0
0
0
0
0
0
0
0
0
0
0
0
4095
4095
0
0
0
0
0
0
0
0
0
0
0
0
0
0
4095
4095
0
0
0
0
0
0
0
0
0
0
0
0
0
0
4095
4095
0
0
0
0
0
0
0
0
0
0
0
0
0
0
4095
4095
0
0
0
0
0
0
0
0
0
0
0
0
0
0
4095
4095
0
0
0
0
0
0
0
0
0
0
0
0
0
0
4095
4095
0
0
0
0
0
0
0
0
0
0
0
0
0
0
4095
4095
0
0
0
0
0
0
0
0
0
0
0
0
0
0
4095
4095
0
0
0
0
0
0
0
0
0
0
0
0
0
0
4095
4095
0
0
0
0
0
0
0
0
0
0
0
0
0
0
4095
4095
0
0
0
0
0
0
0
0
0
0
0
0
0
0
4095
4095
0
0
0
0
0
0
0
0
0
0
0
0
0
0
4095
4095
0
0
0
0
0
0
0
0
0
0
0
0
0
0
4095
4095
0
0
0
0
0
0
0
0
0
0
0
0
0
0
4095
4095
0
0
0
0
0
0
0
0
0
0
0
0
0
0
4095
4095
0
0
0
0
0
0
0
0
0
0
0
0
0
0
4095
4095
0
0
0
0
0
0
0
0
0
0
0
0
0
0
4095
4095
0
0
0
0
0
0
0
0
0
0
0
0
0
0
4095
4095
0
0
0
0
0
0
0
0
0
0
0
0
0
0
4095
4095
0
0
0
0
0
0
0
0
0
0
0
0
0
0
4095
4095
0
0
0
0
0
0
0
0
0
0
0
0
0
0
4095
4095
0
0
0
0
0
0
0
0
0
0
0
0
0
0
4095
4095
0
0
0
0
0
0
0
0
0
0
0
0
0
0
4095
4095
0
0
0
0
0
0
0
0
0
0
0
0
0
0
4095
4095
0
0
0
0
0
0
0
0
0
0
0
0
0
0
4095
4095
0
0
0
0
0
0
0
0
0
0
0
0
0
0
4095
4095
0
0
0
0
0
0
0
0
0
0
0
0
0
0
4095
4095
0
0
0
0
0
0
0
0
0
0
0
0
0
0
4095
4095
0
0
0
0
0
0
0
0
0
0
0
0
0
0
4095
4095
0
0
0
0
0
0
0
0
0
0
0
0
0
0
4095
4095
0
0
0
0
0
0
0
0
0
0
0
0
0
0
4095
4095
0
0
0
0
0
0
0
0
0
0
0
0
0
0
4095
4095
0
0
0
0
0
0
0
0
0
0
0
0
0
0
4095
4095
0
0
0
0
0
0
0
0
0
0
0
0
0
0
4095
4095
0
0
0
0
0
0
0
0
0
0
0
0
0
0
4095
4095
0
0
0
0
0
0
0
0
0
0
0
0
0
0
4095
4095
0
0
0
0
0
0
0
0
0
0
0
0
0
0
4095
4095
0
0
0
0
0
0
0
0
0
0
0
0
0
0
4095
4095
0
0
0
0
0
0
0
0
0
0
0
0
0
0
4095
4095
0
0
0
0
0
0
0
0
0
0
0
0
0
0
4095
4095
0
0
0
0
0
0
0
0
0
0
0
0
0
0
4095
4095
0
0
0
0
0
0
0
0
0
0
0
0
0
0
4095
4095
0
0
0
0
0
0
0
0
0
0
0
0
0
0
4095
4095
0
0
0
0
0
0
0
0
0
0
0
0
0
0
4095
4095
0
0
0
0
0
0
0
0
0
0
0
0
0
0
4095
4095
0
0
0
0
0
0
0
0
0
0
0
0
0
0
4095
4095
0
0
0
0
0
0
0
0
0
0
0
0
0
0
4095
4095
0
0
0
0
0
0
0
0
0
0
0
0
0
0
4095
4095
0
0
0
0
0
0
0
0
0
0
0
0
0
0
4095
4095
0
0
0
0
0
0
0
0
0
0
0
0
0
0
4095
4095
0
0
0
0
0
0
0
0
0
0
0
0
0
0
4095
4095
0
0
0
0
0
0
0
0
0
0
0
0
0
0
4095
4095
0
0
0
0
0
0
0
0
0
0
0
0
0
0
4095
4095
0
0
0
0
0
0
0
0
0
0
0
0
0
0
4095
4095
0
0
0
0
0
0
0
0
0
0
0
0
0
0
4095
4095
0
0
0
0
0
0
0
0
0
0
0
0
0
0
4095
4095
0
0
0
0
0
0
0
0
0
0
0
0
0
0
4095
4095
0
0
0
0
0
0
0
0
0
0
0
0
0
0
4095
4095
0
0
0
0
0
0
0
0
0
0
0
0
0
0
4095
4095
0
0
0
0
0
0
0
0
0
0
0
0
0
0
4095
4095
0
0
0
0
0
0
0
0
0
0
0
0
0
0
4095
4095
0
0
0
0
0
0
0
0
0
0
0
0
0
0
4095
4095
0
0
0
0
0
0
0
0
0
0
0
0
0
0
4095
4095
0
0
0
0
0
0
0
0
0
0
0
0
0
0
4095
4095
0
0
0
0
0
0
0
0
0
0
0
0
0
0
4095
4095
0
0
0
0
0
0
0
0
0
0
0
0
0
0
4095
4095
0
0
0
0
0
0
0
0
0
0
0
0
0
0
4095
4095
0
0
0
0
0
0
0
0
0
0
0
0
0
0
4095
4095
0
0
0
0
0
0
0
0
0
0
0
0
0
0
4095
4095
0
0
0
0
0
0
0
0
0
0
0
0
0
0
4095
4095
0
0
0
0
0
0
0
0
0
0
0
0
0
0
4095
4095
0
0
0
0
0
0
0
0
0
0
0
0
0
0
4095
4095
0
0
0
0
0
0
0
0
0
0
0
0
0
0
4095
4095
0
0
0
0
0
0
0
0
0
0
0
0
0
0
4095
4095
0
0
0
0
0
0
0
0
0
0
0
0
0
0
4095
4095
0
0
0
0
0
0
0
0
0
0
0
0
0
0
4095
4095
0
0
0
0
0
0
0
0
0
0
0
0
0
0
4095
4095
0
0
0
0
0
0
0
0
0
0
0
0
0
0
4095
4095
0
0
0
0
0
0
0
0
0
0
0
0
0
0
4095
4095
0
0
0
0
0
0
0
0
0
0
0
0
0
0
4095
4095
0
0
0
0
0
0
0
0
0
0
0
0
0
0
4095
4095
0
0
0
0
0
0
0
0
0
0
0
0
0
0
4095
4095
0
0
0
0
0
0
0
0
0
0
0
0
0
0
4095
4095
0
0
0
0
0
0
0
0
0
0
0
0
0
0
4095
4095
0
0
0
0
0
0
0
0
0
0
0
0
0
0
4095
4095
0
0
0
0
0
0
0
0
0
0
0
0
0
0
4095
4095
0
0
0
0
0
0
0
0
0
0
0
0
0
0
4095
4095
0
0
0
0
0
0
0
0
0
0
0
0
0
0
4095
4095
0
0
0
0
0
0
0
0
0
0
0
0
0
0
4095
4095
0
0
0
0
0
0
0
0
0
0
0
0
0
0
4095
4095
0
0
0
0
0
0
0
0
0
0
0
0
0
0
4095
4095
0
0
0
0
0
0
0
0
0
0
0
0
0
0
4095
4095
0
0
0
0
0
0
0
0
0
0
0
0
0
0
4095
4095
0
0
0
0
0
0
0
0
0
0
0
0
0
0
4095
4095
0
0
0
0
0
0
0
0
0
0
0
0
0
0
4095
4095
0
0
0
0
0
0
0
0
0
0
0
0
0
0
4095
4095
0
0
0
0
0
0
0
0
0
0
0
0
0
0
4095
4095
0
0
0
0
0
0
0
0
0
0
0
0
0
0
4095
4095
0
0
0
0
0
0
0
0
0
0
0
0
0
0
4095
4095
0
0
0
0
0
0
0
0
0
0
0
0
0
0
4095
4095
0
0
0
0
0
0
0
0
0
0
0
0
0
0
4095
4095
0
0
0
0
0
0
0
0
0
0
0
0
0
0
4095
4095
0
0
0
0
0
0
0
0
0
0
0
0
0
0
4095
4095
0
0
0
0
0
0
0
0
0
0
0
0
0
0
4095
4095
0
0
0
0
0
0
0
0
0
0
0
0
0
0
4095
4095
0
0
0
0
0
0
0
0
0
0
0
0
0
0
4095
4095
0
0
0
0
0
0
0
0
0
0
0
0
0
0
4095
4095
0
0
0
0
0
0
0
0
0
0
0
0
0
0
4095
4095
0
0
0
0
0
0
0
0
0
0
0
0
0
0
4095
4095
0
0
0
0
0
0
0
0
0
0
0
0
0
0
4095
4095
0
0
0
0
0
0
0
0
0
0
0
0
0
0
4095
4095
0
0
0
0
0
0
0
0
0
0
0
0
0
0
4095
4095
0
0
0
0
0
0
0
0
0
0
0
0
0
0
4095
4095
0
0
0
0
0
0
0
0
0
0
0
0
0
0
4095
4095
0
0
0
0
0
0
0
0
0
0
0
0
0
0
4095
4095
0
0
0
0
0
0
0
0
0
0
0
0
0
0
4095
4095
0
0
0
0
0
0
0
0
0
0
0
0
0
0
4095
4095
0
0
0
0
0
0
0
0
0
0
0
0
0
0
4095
4095
0
0
0
0
0
0
0
0
0
0
0
0
0
0
4095
4095
0
0
0
0
0
0
0
0
0
0
0
0
0
0
4095
4095
0
0
0
0
0
0
0
0
0
0
0
0
0
0
4095
4095
0
0
0
0
0
0
0
0
0
0
0
0
0
0
4095
4095
0
0
0
0
0
0
0
0
0
0
0
0
0
0
4095
4095
0
0
0
0
0
0
0
0
0
0
0
0
0
0
4095
4095
0
0
0
0
0
0
0
0
0
0
0
0
0
0
4095
4095
0
0
0
0
0
0
0
0
0
0
0
0
0
0
4095
4095
0
0
0
0
0
0
0
0
0
0
0
0
0
0
4095
4095
0
0
0
0
0
0
0
0
0
0
0
0
0
0
4095
4095
0
0
0
0
0
0
0
0
0
0
0
0
0
0
4095
4095
0
0
0
0
0
0
0
0
0
0
0
0
0
0
4095
4095
0
0
0
0
0
0
0
0
0
0
0
0
0
0
4095
4095
0
0
0
0
0
0
0
0
0
0
0
0
0
0
4095
4095
0
0
0
0
0
0
0
0
0
0
0
0
0
0
4095
4095
0
0
0
0
0
0
0
0
0
0
0
0
0
0
4095
4095
0
0
0
0
0
0
0
0
0
0
0
0
0
0
4095
4095
0
0
0
0
0
0
0
0
0
0
0
0
0
0
4095
4095
0
0
0
0
0
0
0
0
0
0
0
0
0
0
4095
4095
0
0
0
0
0
0
0
0
0
0
0
0
0
0
4095
4095
0
0
0
0
0
0
0
0
0
0
0
0
0
0
4095
4095
0
0
0
0
0
0
0
0
0
0
0
0
0
0
4095
4095
0
0
0
0
0
0
0
0
0
0
0
0
0
0
4095
4095
0
0
0
0
0
0
0
0
0
0
0
0
0
0
4095
4095
0
0
0
0
0
0
0
0
0
0
0
0
0
0
4095
4095
0
0
0
0
0
0
0
0
0
0
0
0
0
0
4095
4095
0
0
0
0
0
0
0
0
0
0
0
0
0
0
4095
4095
0
0
0
0
0
0
0
0
0
0
0
0
0
0
4095
4095
0
0
0
0
0
0
0
0
0
0
0
0
0
0
4095
4095
0
0
0
0
0
0
0
0
0
0
0
0
0
0
4095
4095
0
0
0
0
0
0
0
0
0
0
0
0
0
0
4095
4095
0
0
0
0
0
0
0
0
0
0
0
0
0
0
4095
4095
0
0
0
0
0
0
0
0
0
0
0
0
0
0
4095
4095
0
0
0
0
0
0
0
0
0
0
0
0
0
0
4095
4095
0
0
0
0
0
0
0
0
0
0
0
0
0
0
4095
4095
0
0
0
0
0
0
0
0
0
0
0
0
0
0
4095
4095
0
0
0
0
0
0
0
0
0
0
0
0
0
0
4095
4095
0
0
0
0
0
0
0
0
0
0
0
0
0
0
4095
4095
0
0
0
0
0
0
0
0
0
0
0
0
0
0
4095
4095
0
0
0
0
0
0
0
0
0
0
0
0
0
0
4095
4095
0
0
0
0
0
0
0
0
0
0
0
0
0
0
4095
4095
0
0
0
0
0
0
0
0
0
0
0
0
0
0
4095
4095
0
0
0
0
0
0
0
0
0
0
0
0
0
0
4095
4095
0
0
0
0
0
0
0
0
0
0
0
0
0
0
4095
4095
0
0
0
0
0
0
0
0
0
0
0
0
0
0
4095
4095
0
0
0
0
0
0
0
0
0
0
0
0
0
0
4095
4095
0
0
0
0
0
0
0
0
0
0
0
0
0
0
4095
4095
0
0
0
0
0
0
0
0
0
0
0
0
0
0
4095
4095
0
0
0
0
0
0
0
0
0
0
0
0
0
0
4095
4095
0
0
0
0
0
0
0
0
0
0
0
0
0
0
4095
4095
0
0
0
0
0
0
0
0
0
0
0
0
0
0
4095
4095
0
0
0
0
0
0
0
0
0
0
0
0
0
0
4095
4095
0
0
0
0
0
0
0
0
0
0
0
0
0
0
4095
4095
0
0
0
0
0
0
0
0
0
0
0
0
0
0
4095
4095
0
0
0
0
0
0
0
0
0
0
0
0
0
0
4095
4095
0
0
0
0
0
0
0
0
0
0
0
0
0
0
4095
4095
0
0
0
0
0
0
0
0
0
0
0
0
0
0
4095
4095
0
0
0
0
0
0
0
0
0
0
0
0
0
0
4095
4095
0
0
0
0
0
0
0
0
0
0
0
0
0
0
4095
4095
0
0
0
0
0
0
0
0
0
0
0
0
0
0
4095
4095
0
0
0
0
0
0
0
0
0
0
0
0
0
0
4095
4095
0
0
0
0
0
0
0
0
0
0
0
0
0
0
4095
4095
0
0
0
0
0
0
0
0
0
0
0
0
0
0
4095
4095
0
0
0
0
0
0
0
0
0
0
0
0
0
0
4095
4095
0
0
0
0
0
0
0
0
0
0
0
0
0
0
4095
4095
0
0
0
0
0
0
0
0
0
0
0
0
0
0
4095
4095
0
0
0
0
0
0
0
0
0
0
0
0
0
0
4095
4095
0
0
0
0
0
0
0
0
0
0
0
0
0
0
4095
4095
0
0
0
0
0
0
0
0
0
0
0
0
0
0
4095
4095
0
0
0
0
0
0
0
0
0
0
0
0
0
0
4095
4095
0
0
0
0
0
0
0
0
0
0
0
0
0
0
4095
4095
0
0
0
0
0
0
0
0
0
0
0
0
0
0
4095
4095
0
0
0
0
0
0
0
0
0
0
0
0
0
0
4095
4095
0
0
0
0
0
0
0
0
0
0
0
0
0
0
4095
4095
0
0
0
0
0
0
0
0
0
0
0
0
0
0
4095
4095
0
0
0
0
0
0
0
0
0
0
0
0
0
0
4095
4095
0
0
0
0
0
0
0
0
0
0
0
0
0
0
4095
4095
0
0
0
0
0
0
0
0
0
0
0
0
0
0
4095
4095
0
0
0
0
0
0
0
0
0
0
0
0
0
0
4095
4095
0
0
0
0
0
0
0
0
0
0
0
0
0
0
4095
4095
0
0
0
0
0
0
0
0
0
0
0
0
0
0
4095
4095
0
0
0
0
0
0
0
0
0
0
0
0
0
0
4095
4095
0
0
0
0
0
0
0
0
0
0
0
0
0
0
4095
4095
0
0
0
0
0
0
0
0
0
0
0
0
0
0
4095
4095
0
0
0
0
0
0
0
0
0
0
0
0
0
0
4095
4095
0
0
0
0
0
0
0
0
0
0
0
0
0
0
4095
4095
0
0
0
0
0
0
0
0
0
0
0
0
0
0
4095
4095
0
0
0
0
0
0
0
0
0
0
0
0
0
0
4095
4095
0
0
0
0
0
0
0
0
0
0
0
0
0
0
4095
4095
0
0
0
0
0
0
0
0
0
0
0
0
0
0
4095
4095
0
0
0
0
0
0
0
0
0
0
0
0
0
0
4095
4095
0
0
0
0
0
0
0
0
0
0
0
0
0
0
4095
4095
0
0
0
0
0
0
0
0
0
0
0
0
0
0
4095
4095
0
0
0
0
0
0
0
0
0
0
0
0
0
0
4095
4095
0
0
0
0
0
0
0
0
0
0
0
0
0
0
4095
4095
0
0
0
0
0
0
0
0
0
0
0
0
0
0
4095
4095
0
0
0
0
0
0
0
0
0
0
0
0
0
0
4095
4095
0
0
0
0
0
0
0
0
0
0
0
0
0
0
4095
4095
0
0
0
0
0
0
0
0
0
0
0
0
0
0
4095
4095
0
0
0
0
0
0
0
0
0
0
0
0
0
0
4095
4095
0
0
0
0
0
0
0
0
0
0
0
0
0
0
4095
4095
0
0
0
0
0
0
0
0
0
0
0
0
0
0
4095
4095
0
0
0
0
0
0
0
0
0
0
0
0
0
0
4095
4095
0
0
0
0
0
0
0
0
0
0
0
0
0
0
4095
4095
0
0
0
0
0
0
0
0
0
0
0
0
0
0
4095
4095
0
0
0
0
0
0
0
0
0
0
0
0
0
0
4095
4095
0
0
0
0
0
0
0
0
0
0
0
0
0
0
4095
4095
0
0
0
0
0
0
0
0
0
0
0
0
0
0
4095
4095
0
0
0
0
0
0
0
0
0
0
0
0
0
0
4095
4095
0
0
0
0
0
0
0
0
0
0
0
0
0
0
4095
4095
0
0
0
0
0
0
0
0
0
0
0
0
0
0
4095
4095
0
0
0
0
0
0
0
0
0
0
0
0
0
0
4095
4095
0
0
0
0
0
0
0
0
0
0
0
0
0
0
4095
4095
0
0
0
0
0
0
0
0
0
0
0
0
0
0
4095
4095
0
0
0
0
0
0
0
0
0
0
0
0
0
0
4095
4095
0
0
0
0
0
0
0
0
0
0
0
0
0
0
4095
4095
0
0
0
0
0
0
0
0
0
0
0
0
0
0
4095
4095
0
0
0
0
0
0
0
0
0
0
0
0
0
0
4095
4095
0
0
0
0
0
0
0
0
0
0
0
0
0
0
4095
4095
0
0
0
0
0
0
0
0
0
0
0
0
0
0
4095
4095
0
0
0
0
0
0
0
0
0
0
0
0
0
0
4095
4095
0
0
0
0
0
0
0
0
0
0
0
0
0
0
4095
4095
0
0
0
0
0
0
0
0
0
0
0
0
0
0
4095
4095
0
0
0
0
0
0
0
0
0
0
0
0
0
0
4095
4095
0
0
0
0
0
0
0
0
0
0
0
0
0
0
4095
4095
0
0
0
0
0
0
0
0
0
0
0
0
0
0
4095
4095
0
0
0
0
0
0
0
0
0
0
0
0
0
0
4095
4095
0
0
0
0
0
0
0
0
0
0
0
0
0
0
4095
4095
0
0
0
0
0
0
0
0
0
0
0
0
0
0
4095
4095
0
0
0
0
0
0
0
0
0
0
0
0
0
0
4095
4095
0
0
0
0
0
0
0
0
0
0
0
0
0
0
4095
4095
0
0
0
0
0
0
0
0
0
0
0
0
0
0
4095
4095
0
0
0
0
0
0
0
0
0
0
0
0
0
0
4095
4095
0
0
0
0
0
0
0
0
0
0
0
0
0
0
4095
4095
0
0
0
0
0
0
0
0
0
0
0
0
0
0
4095
4095
0
0
0
0
0
0
0
0
0
0
0
0
0
0
4095
4095
0
0
0
0
0
0
0
0
0
0
0
0
0
0
4095
4095
0
0
0
0
0
0
0
0
0
0
0
0
0
0
4095
4095
0
0
0
0
0
0
0
0
0
0
0
0
0
0
4095
4095
0
0
0
0
0
0
0
0
0
0
0
0
0
0
4095
4095
0
0
0
0
0
0
0
0
0
0
0
0
0
0
4095
4095
0
0
0
0
0
0
0
0
0
0
0
0
0
0
4095
4095
0
0
0
0
0
0
0
0
0
0
0
0
0
0
4095
4095
0
0
0
0
0
0
0
0
0
0
0
0
0
0
4095
4095
0
0
0
0
0
0
0
0
0
0
0
0
0
0
4095
4095
0
0
0
0
0
0
0
0
0
0
0
0
0
0
4095
4095
0
0
0
0
0
0
0
0
0
0
0
0
0
0
4095
4095
0
0
0
0
0
0
0
0
0
0
0
0
0
0
4095
4095
0
0
0
0
0
0
0
0
0
0
0
0
0
0
4095
4095
0
0
0
0
0
0
0
0
0
0
0
0
0
0
4095
4095
0
0
0
0
0
0
0
0
0
0
0
0
0
0
4095
4095
0
0
0
0
0
0
0
0
0
0
0
0
0
0
4095
4095
0
0
0
0
0
0
0
0
0
0
0
0
0
0
4095
4095
0
0
0
0
0
0
0
0
0
0
0
0
0
0
4095
4095
0
0
0
0
0
0
0
0
0
0
0
0
0
0
4095
4095
0
0
0
0
0
0
0
0
0
0
0
0
0
0
4095
4095
0
0
0
0
0
0
0
0
0
0
0
0
0
0
4095
4095
0
0
0
0
0
0
0
0
0
0
0
0
0
0
4095
4095
0
0
0
0
0
0
0
0
0
0
0
0
0
0
4095
4095
0
0
0
0
0
0
0
0
0
0
0
0
0
0
4095
4095
0
0
0
0
0
0
0
0
0
0
0
0
0
0
4095
4095
0
0
0
0
0
0
0
0
0
0
0
0
0
0
4095
4095
0
0
0
0
0
0
0
0
0
0
0
0
0
0
4095
4095
0
0
0
0
0
0
0
0
0
0
0
0
0
0
4095
4095
0
0
0
0
0
0
0
0
0
0
0
0
0
0
4095
4095
0
0
0
0
0
0
0
0
0
0
0
0
0
0
4095
4095
0
0
0
0
0
0
0
0
0
0
0
0
0
0
4095
4095
0
0
0
0
0
0
0
0
0
0
0
0
0
0
4095
4095
0
0
0
0
0
0
0
0
0
0
0
0
0
0
4095
4095
0
0
0
0
0
0
0
0
0
0
0
0
0
0
4095
4095
0
0
0
0
0
0
0
0
0
0
0
0
0
0
4095
4095
0
0
0
0
0
0
0
0
0
0
0
0
0
0
4095
4095
0
0
0
0
0
0
0
0
0
0
0
0
0
0
4095
4095
0
0
0
0
0
0
0
0
0
0
0
0
0
0
4095
4095
0
0
0
0
0
0
0
0
0
0
0
0
0
0
4095
4095
0
0
0
0
0
0
0
0
0
0
0
0
0
0
4095
4095
0
0
0
0
0
0
0
0
0
0
0
0
0
0
4095
4095
0
0
0
0
0
0
0
0
0
0
0
0
0
0
4095
4095
0
0
0
0
0
0
0
0
0
0
0
0
0
0
4095
4095
0
0
0
0
0
0
0
0
0
0
0
0
0
0
4095
4095
0
0
0
0
0
0
0
0
0
0
0
0
0
0
4095
4095
0
0
0
0
0
0
0
0
0
0
0
0
0
0
4095
4095
0
0
0
0
0
0
0
0
0
0
0
0
0
0
4095
4095
0
0
0
0
0
0
0
0
0
0
0
0
0
0
4095
4095
0
0
0
0
0
0
0
0
0
0
0
0
0
0
4095
4095
0
0
0
0
0
0
0
0
0
0
0
0
0
0
4095
4095
0
0
0
0
0
0
0
0
0
0
0
0
0
0
4095
4095
0
0
0
0
0
0
0
0
0
0
0
0
0
0
4095
4095
0
0
0
0
0
0
0
0
0
0
0
0
0
0
4095
4095
0
0
0
0
0
0
0
0
0
0
0
0
0
0
4095
4095
0
0
0
0
0
0
0
0
0
0
0
0
0
0
4095
4095
0
0
0
0
0
0
0
0
0
0
0
0
0
0
4095
4095
0
0
0
0
0
0
0
0
0
0
0
0
0
0
4095
4095
0
0
0
0
0
0
0
0
0
0
0
0
0
0
4095
4095
0
0
0
0
0
0
0
0
0
0
0
0
0
0
4095
4095
0
0
0
0
0
0
0
0
0
0
0
0
0
0
4095
4095
0
0
0
0
0
0
0
0
0
0
0
0
0
0
4095
4095
0
0
0
0
0
0
0
0
0
0
0
0
0
0
4095
4095
0
0
0
0
0
0
0
0
0
0
0
0
0
0
4095
4095
0
0
0
0
0
0
0
0
0
0
0
0
0
0
4095
4095
0
0
0
0
0
0
0
0
0
0
0
0
0
0
4095
4095
0
0
0
0
0
0
0
0
0
0
0
0
0
0
4095
4095
0
0
0
0
0
0
0
0
0
0
0
0
0
0
4095
4095
0
0
0
0
0
0
0
0
0
0
0
0
0
0
4095
4095
0
0
0
0
0
0
0
0
0
0
0
0
0
0
4095
4095
0
0
0
0
0
0
0
0
0
0
0
0
0
0
4095
4095
0
0
0
0
0
0
0
0
0
0
0
0
0
0
4095
4095
0
0
0
0
0
0
0
0
0
0
0
0
0
0
4095
4095
0
0
0
0
0
0
0
0
0
0
0
0
0
0
4095
4095
0
0
0
0
0
0
0
0
0
0
0
0
0
0
4095
4095
0
0
0
0
0
0
0
0
0
0
0
0
0
0
4095
4095
0
0
0
0
0
0
0
0
0
0
0
0
0
0
4095
4095
0
0
0
0
0
0
0
0
0
0
0
0
0
0
4095
4095
0
0
0
0
0
0
0
0
0
0
0
0
0
0
4095
4095
0
0
0
0
0
0
0
0
0
0
0
0
0
0
4095
4095
0
0
0
0
0
0
0
0
0
0
0
0
0
0
4095
4095
0
0
0
0
0
0
0
0
0
0
0
0
0
0
4095
4095
0
0
0
0
0
0
0
0
0
0
0
0
0
0
4095
4095
0
0
0
0
0
0
0
0
0
0
0
0
0
0
4095
4095
0
0
0
0
0
0
0
0
0
0
0
0
0
0
4095
4095
0
0
0
0
0
0
0
0
0
0
0
0
0
0
4095
4095
0
0
0
0
0
0
0
0
0
0
0
0
0
0
4095
4095
0
0
0
0
0
0
0
0
0
0
0
0
0
0
4095
4095
0
0
0
0
0
0
0
0
0
0
0
0
0
0
4095
4095
0
0
0
0
0
0
0
0
0
0
0
0
0
0
4095
4095
0
0
0
0
0
0
0
0
0
0
0
0
0
0
4095
4095
0
0
0
0
0
0
0
0
0
0
0
0
0
0
4095
4095
0
0
0
0
0
0
0
0
0
0
0
0
0
0
4095
4095
0
0
0
0
0
0
0
0
0
0
0
0
0
0
4095
4095
0
0
0
0
0
0
0
0
0
0
0
0
0
0
4095
4095
0
0
0
0
0
0
0
0
0
0
0
0
0
0
4095
4095
0
0
0
0
0
0
0
0
0
0
0
0
0
0
4095
4095
0
0
0
0
0
0
0
0
0
0
0
0
0
0
4095
4095
0
0
0
0
0
0
0
0
0
0
0
0
0
0
4095
4095
0
0
0
0
0
0
0
0
0
0
0
0
0
0
4095
4095
0
0
0
0
0
0
0
0
0
0
0
0
0
0
4095
4095
0
0
0
0
0
0
0
0
0
0
0
0
0
0
4095
4095
0
0
0
0
0
0
0
0
0
0
0
0
0
0
4095
4095
0
0
0
0
0
0
0
0
0
0
0
0
0
0
4095
4095
0
0
0
0
0
0
0
0
0
0
0
0
0
0
4095
4095
0
0
0
0
0
0
0
0
0
0
0
0
0
0
4095
4095
0
0
0
0
0
0
0
0
0
0
0
0
0
0
4095
4095
0
0
0
0
0
0
0
0
0
0
0
0
0
0
4095
4095
0
0
0
0
0
0
0
0
0
0
0
0
0
0
4095
4095
0
0
0
0
0
0
0
0
0
0
0
0
0
0
4095
4095
0
0
0
0
0
0
0
0
0
0
0
0
0
0
4095
4095
0
0
0
0
0
0
0
0
0
0
0
0
0
0
4095
4095
0
0
0
0
0
0
0
0
0
0
0
0
0
0
4095
4095
0
0
0
0
0
0
0
0
0
0
0
0
0
0
4095
4095
0
0
0
0
0
0
0
0
0
0
0
0
0
0
4095
4095
0
0
0
0
0
0
0
0
0
0
0
0
0
0
4095
4095
0
0
0
0
0
0
0
0
0
0
0
0
0
0
4095
4095
0
0
0
0
0
0
0
0
0
0
0
0
0
0
4095
4095
0
0
0
0
0
0
0
0
0
0
0
0
0
0
4095
4095
0
0
0
0
0
0
0
0
0
0
0
0
0
0
4095
4095
0
0
0
0
0
0
0
0
0
0
0
0
0
0
4095
4095
0
0
0
0
0
0
0
0
0
0
0
0
0
0
4095
4095
0
0
0
0
0
0
0
0
0
0
0
0
0
0
4095
4095
0
0
0
0
0
0
0
0
0
0
0
0
0
0
4095
4095
0
0
0
0
0
0
0
0
0
0
0
0
0
0
4095
4095
0
0
0
0
0
0
0
0
0
0
0
0
0
0
4095
4095
0
0
0
0
0
0
0
0
0
0
0
0
0
0
4095
4095
0
0
0
0
0
0
0
0
0
0
0
0
0
0
4095
4095
0
0
0
0
0
0
0
0
0
0
0
0
0
0
4095
4095
0
0
0
0
0
0
0
0
0
0
0
0
0
0
4095
4095
0
0
0
0
0
0
0
0
0
0
0
0
0
0
4095
4095
0
0
0
0
0
0
0
0
0
0
0
0
0
0
4095
4095
0
0
0
0
0
0
0
0
0
0
0
0
0
0
4095
4095
0
0
0
0
0
0
0
0
0
0
0
0
0
0
4095
4095
0
0
0
0
0
0
0
0
0
0
0
0
0
0
4095
4095
0
0
0
0
0
0
0
0
0
0
0
0
0
0
4095
4095
0
0
0
0
0
0
0
0
0
0
0
0
0
0
4095
4095
0
0
0
0
0
0
0
0
0
0
0
0
0
0
4095
4095
0
0
0
0
0
0
0
0
0
0
0
0
0
0
4095
4095
0
0
0
0
0
0
0
0
0
0
0
0
0
0
4095
4095
0
0
0
0
0
0
0
0
0
0
0
0
0
0
4095
4095
0
0
0
0
0
0
0
0
0
0
0
0
0
0
4095
4095
0
0
0
0
0
0
0
0
0
0
0
0
0
0
4095
4095
0
0
0
0
0
0
0
0
0
0
0
0
0
0
4095
4095
0
0
0
0
0
0
0
0
0
0
0
0
0
0
4095
4095
0
0
0
0
0
0
0
0
0
0
0
0
0
0
4095
4095
0
0
0
0
0
0
0
0
0
0
0
0
0
0
4095
4095
0
0
0
0
0
0
0
0
0
0
0
0
0
0
4095
4095
0
0
0
0
0
0
0
0
0
0
0
0
0
0
4095
4095
0
0
0
0
0
0
0
0
0
0
0
0
0
0
4095
4095
0
0
0
0
0
0
0
0
0
0
0
0
0
0
4095
4095
0
0
0
0
0
0
0
0
0
0
0
0
0
0
4095
4095
0
0
0
0
0
0
0
0
0
0
0
0
0
0
4095
4095
0
0
0
0
0
0
0
0
0
0
0
0
0
0
4095
4095
0
0
0
0
0
0
0
0
0
0
0
0
0
0
4095
4095
0
0
0
0
0
0
0
0
0
0
0
0
0
0
4095
4095
0
0
0
0
0
0
0
0
0
0
0
0
0
0
4095
4095
0
0
0
0
0
0
0
0
0
0
0
0
0
0
4095
4095
0
0
0
0
0
0
0
0
0
0
0
0
0
0
4095
4095
0
0
0
0
0
0
0
0
0
0
0
0
0
0
4095
4095
0
0
0
0
0
0
0
0
0
0
0
0
0
0
4095
4095
0
0
0
0
0
0
0
0
0
0
0
0
0
0
4095
4095
0
0
0
0
0
0
0
0
0
0
0
0
0
0
4095
4095
0
0
0
0
0
0
0
0
0
0
0
0
0
0
4095
4095
0
0
0
0
0
0
0
0
0
0
0
0
0
0
4095
4095
0
0
0
0
0
0
0
0
0
0
0
0
0
0
4095
4095
0
0
0
0
0
0
0
0
0
0
0
0
0
0
4095
4095
0
0
0
0
0
0
0
0
0
0
0
0
0
0
4095
4095
0
0
0
0
0
0
0
0
0
0
0
0
0
0
4095
4095
0
0
0
0
0
0
0
0
0
0
0
0
0
0
4095
4095
0
0
0
0
0
0
0
0
0
0
0
0
0
0
4095
4095
0
0
0
0
0
0
0
0
0
0
0
0
0
0
4095
4095
0
0
0
0
0
0
0
0
0
0
0
0
0
0
4095
4095
0
0
0
0
0
0
0
0
0
0
0
0
0
0
4095
4095
0
0
0
0
0
0
0
0
0
0
0
0
0
0
4095
4095
0
0
0
0
0
0
0
0
0
0
0
0
0
0
4095
4095
0
0
0
0
0
0
0
0
0
0
0
0
0
0
4095
4095
0
0
0
0
0
0
0
0
0
0
0
0
0
0
4095
4095
0
0
0
0
0
0
0
0
0
0
0
0
0
0
4095
4095
0
0
0
0
0
0
0
0
0
0
0
0
0
0
4095
4095
0
0
0
0
0
0
0
0
0
0
0
0
0
0
4095
4095
0
0
0
0
0
0
0
0
0
0
0
0
0
0
