0
0
0
0
0
0
0
0
0
0
0
0
0
0
0
0
0
0
0
0
0
0
0
0
0
0
0
0
0
0
0
0
0
0
0
0
0
0
0
0
0
0
0
0
0
0
0
0
0
0
0
0
0
0
0
0
0
0
0
0
0
0
0
0
0
0
0
0
0
0
0
0
0
0
0
0
0
0
0
0
0
0
0
0
0
0
0
0
0
0
0
0
0
0
0
0
0
0
0
0
0
0
0
0
0
0
0
0
0
0
0
0
0
0
0
0
0
0
0
0
0
0
0
0
0
0
0
0
0
0
0
0
0
0
0
0
0
0
0
0
0
0
0
0
0
0
0
0
0
0
0
0
0
0
0
0
0
0
0
0
0
0
0
0
0
0
0
0
0
0
0
0
0
0
0
0
0
0
0
0
0
0
0
0
4091
4092
0
0
0
0
0
0
4092
4090
0
0
0
0
0
0
4094
4092
0
0
0
0
0
0
4092
4092
0
0
0
0
0
0
4093
4093
0
0
0
0
0
0
4093
4092
0
0
0
0
0
0
4094
4093
0
0
0
0
0
0
4091
4091
0
0
0
0
0
0
4092
4092
0
0
0
0
0
0
4092
4093
0
0
0
0
0
0
4092
4091
0
0
0
0
0
0
4092
4091
0
0
0
0
0
0
4094
4091
0
0
0
0
0
0
4094
4092
0
0
0
0
0
0
4095
4095
0
0
0
0
0
0
4095
4095
0
0
0
0
0
0
4095
4095
0
0
0
0
0
0
0
0
0
0
0
0
0
0
4093
0
0
0
0
0
0
0
4089
4093
0
0
0
0
0
0
4089
4094
0
0
0
0
0
0
4086
4090
0
0
0
0
0
0
4088
4088
0
0
0
0
0
0
4086
4086
0
0
0
0
0
0
4085
4082
0
0
0
0
0
0
4093
4086
0
0
0
0
0
0
4094
4087
0
0
0
0
0
0
0
4089
0
0
0
0
0
0
5
4093
0
0
0
0
0
0
9
3
0
0
0
0
0
0
9
8
0
0
0
0
0
0
6
9
0
0
0
0
0
0
2
10
0
0
0
0
0
0
4095
9
0
0
0
0
0
0
4086
4
0
0
0
0
0
0
4078
4091
0
0
0
0
0
0
4074
4083
0
0
0
0
0
0
4073
4079
0
0
0
0
0
0
4074
4072
0
0
0
0
0
0
4079
4072
0
0
0
0
0
0
4087
4073
0
0
0
0
0
0
4095
4078
0
0
0
0
0
0
11
4088
0
0
0
0
0
0
17
0
0
0
0
0
0
0
23
12
0
0
0
0
0
0
23
21
0
0
0
0
0
0
20
27
0
0
0
0
0
0
9
23
0
0
0
0
0
0
4094
20
0
0
0
0
0
0
4077
8
0
0
0
0
0
0
4065
4091
0
0
0
0
0
0
4058
4078
0
0
0
0
0
0
4053
4065
0
0
0
0
0
0
4057
4055
0
0
0
0
0
0
4067
4053
0
0
0
0
0
0
4081
4056
0
0
0
0
0
0
4
4067
0
0
0
0
0
0
21
4084
0
0
0
0
0
0
37
7
0
0
0
0
0
0
45
25
0
0
0
0
0
0
45
39
0
0
0
0
0
0
37
46
0
0
0
0
0
0
20
44
0
0
0
0
0
0
4094
35
0
0
0
0
0
0
4072
20
0
0
0
0
0
0
4048
4089
0
0
0
0
0
0
4034
4065
0
0
0
0
0
0
4028
4046
0
0
0
0
0
0
4035
4033
0
0
0
0
0
0
4053
4030
0
0
0
0
0
0
4075
4035
0
0
0
0
0
0
10
4055
0
0
0
0
0
0
38
4080
0
0
0
0
0
0
60
15
0
0
0
0
0
0
72
40
0
0
0
0
0
0
73
63
0
0
0
0
0
0
57
73
0
0
0
0
0
0
34
71
0
0
0
0
0
0
0
54
0
0
0
0
0
0
4060
28
0
0
0
0
0
0
4027
4089
0
0
0
0
0
0
4006
4054
0
0
0
0
0
0
3998
4024
0
0
0
0
0
0
4008
4004
0
0
0
0
0
0
4032
3999
0
0
0
0
0
0
4067
4012
0
0
0
0
0
0
15
4037
0
0
0
0
0
0
57
4076
0
0
0
0
0
0
88
20
0
0
0
0
0
0
106
62
0
0
0
0
0
0
101
89
0
0
0
0
0
0
86
106
0
0
0
0
0
0
48
102
0
0
0
0
0
0
4095
78
0
0
0
0
0
0
4047
39
0
0
0
0
0
0
4005
4091
0
0
0
0
0
0
3974
4041
0
0
0
0
0
0
3962
3998
0
0
0
0
0
0
3976
3972
0
0
0
0
0
0
4010
3965
0
0
0
0
0
0
4059
3979
0
0
0
0
0
0
23
4020
0
0
0
0
0
0
75
4068
0
0
0
0
0
0
118
28
0
0
0
0
0
0
143
83
0
0
0
0
0
0
139
120
0
0
0
0
0
0
115
143
0
0
0
0
0
0
65
135
0
0
0
0
0
0
1
104
0
0
0
0
0
0
4032
55
0
0
0
0
0
0
3974
4087
0
0
0
0
0
0
3936
4024
0
0
0
0
0
0
3922
3968
0
0
0
0
0
0
3941
3935
0
0
0
0
0
0
3985
3928
0
0
0
0
0
0
4050
3948
0
0
0
0
0
0
27
3995
0
0
0
0
0
0
100
4062
0
0
0
0
0
0
153
37
0
0
0
0
0
0
186
108
0
0
0
0
0
0
182
158
0
0
0
0
0
0
148
184
0
0
0
0
0
0
85
177
0
0
0
0
0
0
3
136
0
0
0
0
0
0
4017
71
0
0
0
0
0
0
3942
4086
0
0
0
0
0
0
3893
4004
0
0
0
0
0
0
3878
3935
0
0
0
0
0
0
3899
3891
0
0
0
0
0
0
3956
3883
0
0
0
0
0
0
4037
3909
0
0
0
0
0
0
37
3970
0
0
0
0
0
0
126
4054
0
0
0
0
0
0
194
47
0
0
0
0
0
0
232
135
0
0
0
0
0
0
227
197
0
0
0
0
0
0
185
231
0
0
0
0
0
0
105
220
0
0
0
0
0
0
4
170
0
0
0
0
0
0
3997
88
0
0
0
0
0
0
3909
4087
0
0
0
0
0
0
3845
3985
0
0
0
0
0
0
3826
3898
0
0
0
0
0
0
3854
3846
0
0
0
0
0
0
3924
3835
0
0
0
0
0
0
4025
3869
0
0
0
0
0
0
46
3944
0
0
0
0
0
0
153
4042
0
0
0
0
0
0
241
62
0
0
0
0
0
0
282
166
0
0
0
0
0
0
278
240
0
0
0
0
0
0
226
279
0
0
0
0
0
0
129
267
0
0
0
0
0
0
6
205
0
0
0
0
0
0
3977
109
0
0
0
0
0
0
3868
4084
0
0
0
0
0
0
3796
3962
0
0
0
0
0
0
3773
3860
0
0
0
0
0
0
3807
3796
0
0
0
0
0
0
3892
3784
0
0
0
0
0
0
4011
3823
0
0
0
0
0
0
54
3911
0
0
0
0
0
0
186
4034
0
0
0
0
0
0
287
74
0
0
0
0
0
0
339
196
0
0
0
0
0
0
334
290
0
0
0
0
0
0
266
330
0
0
0
0
0
0
154
317
0
0
0
0
0
0
7
245
0
0
0
0
0
0
3957
129
0
0
0
0
0
0
3825
4082
0
0
0
0
0
0
3741
3938
0
0
0
0
0
0
3716
3818
0
0
0
0
0
0
3756
3744
0
0
0
0
0
0
3855
3727
0
0
0
0
0
0
4000
3779
0
0
0
0
0
0
63
3880
0
0
0
0
0
0
218
4024
0
0
0
0
0
0
336
85
0
0
0
0
0
0
398
233
0
0
0
0
0
0
388
338
0
0
0
0
0
0
314
390
0
0
0
0
0
0
179
369
0
0
0
0
0
0
11
287
0
0
0
0
0
0
3933
150
0
0
0
0
0
0
3784
4081
0
0
0
0
0
0
3686
3914
0
0
0
0
0
0
3656
3774
0
0
0
0
0
0
3704
3689
0
0
0
0
0
0
3818
3671
0
0
0
0
0
0
3982
3726
0
0
0
0
0
0
74
3848
0
0
0
0
0
0
251
4013
0
0
0
0
0
0
387
99
0
0
0
0
0
0
457
267
0
0
0
0
0
0
449
391
0
0
0
0
0
0
361
447
0
0
0
0
0
0
207
427
0
0
0
0
0
0
14
330
0
0
0
0
0
0
3911
173
0
0
0
0
0
0
3738
4077
0
0
0
0
0
0
3625
3887
0
0
0
0
0
0
3594
3730
0
0
0
0
0
0
3647
3630
0
0
0
0
0
0
3779
3612
0
0
0
0
0
0
3967
3676
0
0
0
0
0
0
85
3814
0
0
0
0
0
0
288
4002
0
0
0
0
0
0
440
113
0
0
0
0
0
0
520
303
0
0
0
0
0
0
510
443
0
0
0
0
0
0
410
509
0
0
0
0
0
0
235
482
0
0
0
0
0
0
16
374
0
0
0
0
0
0
3886
197
0
0
0
0
0
0
3692
4075
0
0
0
0
0
0
3567
3862
0
0
0
0
0
0
3530
3683
0
0
0
0
0
0
3587
3570
0
0
0
0
0
0
3738
3550
0
0
0
0
0
0
3953
3626
0
0
0
0
0
0
95
3779
0
0
0
0
0
0
324
3990
0
0
0
0
0
0
497
129
0
0
0
0
0
0
586
342
0
0
0
0
0
0
573
501
0
0
0
0
0
0
460
571
0
0
0
0
0
0
262
541
0
0
0
0
0
0
19
419
0
0
0
0
0
0
3864
221
0
0
0
0
0
0
3646
4075
0
0
0
0
0
0
3504
3834
0
0
0
0
0
0
3463
3634
0
0
0
0
0
0
3531
3512
0
0
0
0
0
0
3698
3489
0
0
0
0
0
0
3934
3570
0
0
0
0
0
0
109
3745
0
0
0
0
0
0
360
3981
0
0
0
0
0
0
553
144
0
0
0
0
0
0
651
381
0
0
0
0
0
0
637
555
0
0
0
0
0
0
509
631
0
0
0
0
0
0
294
603
0
0
0
0
0
0
21
464
0
0
0
0
0
0
3836
244
0
0
0
0
0
0
3597
4073
0
0
0
0
0
0
3439
3805
0
0
0
0
0
0
3397
3586
0
0
0
0
0
0
3472
3451
0
0
0
0
0
0
3656
3425
0
0
0
0
0
0
3919
3516
0
0
0
0
0
0
118
3707
0
0
0
0
0
0
398
3969
0
0
0
0
0
0
609
159
0
0
0
0
0
0
716
418
0
0
0
0
0
0
701
610
0
0
0
0
0
0
562
696
0
0
0
0
0
0
321
660
0
0
0
0
0
0
24
512
0
0
0
0
0
0
3813
269
0
0
0
0
0
0
3552
4073
0
0
0
0
0
0
3380
3780
0
0
0
0
0
0
3331
3539
0
0
0
0
0
0
3413
3390
0
0
0
0
0
0
3615
3362
0
0
0
0
0
0
3903
3462
0
0
0
0
0
0
128
3670
0
0
0
0
0
0
434
3956
0
0
0
0
0
0
665
173
0
0
0
0
0
0
784
459
0
0
0
0
0
0
763
663
0
0
0
0
0
0
613
761
0
0
0
0
0
0
350
720
0
0
0
0
0
0
27
558
0
0
0
0
0
0
3786
291
0
0
0
0
0
0
3501
4069
0
0
0
0
0
0
3317
3751
0
0
0
0
0
0
3265
3490
0
0
0
0
0
0
3355
3329
0
0
0
0
0
0
3575
3301
0
0
0
0
0
0
3886
3407
0
0
0
0
0
0
142
3636
0
0
0
0
0
0
470
3945
0
0
0
0
0
0
722
187
0
0
0
0
0
0
849
497
0
0
0
0
0
0
827
721
0
0
0
0
0
0
661
820
0
0
0
0
0
0
380
781
0
0
0
0
0
0
26
600
0
0
0
0
0
0
3763
315
0
0
0
0
0
0
3456
4068
0
0
0
0
0
0
3255
3725
0
0
0
0
0
0
3199
3442
0
0
0
0
0
0
3297
3269
0
0
0
0
0
0
3538
3241
0
0
0
0
0
0
3871
3357
0
0
0
0
0
0
152
3601
0
0
0
0
0
0
508
3934
0
0
0
0
0
0
776
202
0
0
0
0
0
0
910
533
0
0
0
0
0
0
889
773
0
0
0
0
0
0
713
883
0
0
0
0
0
0
407
837
0
0
0
0
0
0
27
644
0
0
0
0
0
0
3739
339
0
0
0
0
0
0
3410
4068
0
0
0
0
0
0
3195
3699
0
0
0
0
0
0
3135
3396
0
0
0
0
0
0
3242
3212
0
0
0
0
0
0
3498
3181
0
0
0
0
0
0
3855
3306
0
0
0
0
0
0
164
3567
0
0
0
0
0
0
543
3924
0
0
0
0
0
0
828
216
0
0
0
0
0
0
975
570
0
0
0
0
0
0
949
826
0
0
0
0
0
0
760
941
0
0
0
0
0
0
434
891
0
0
0
0
0
0
32
686
0
0
0
0
0
0
3720
364
0
0
0
0
0
0
3363
4064
0
0
0
0
0
0
3139
3674
0
0
0
0
0
0
3076
3352
0
0
0
0
0
0
3188
3158
0
0
0
0
0
0
3458
3123
0
0
0
0
0
0
3843
3256
0
0
0
0
0
0
174
3534
0
0
0
0
0
0
576
3914
0
0
0
0
0
0
880
230
0
0
0
0
0
0
1031
603
0
0
0
0
0
0
1008
877
0
0
0
0
0
0
804
995
0
0
0
0
0
0
461
946
0
0
0
0
0
0
34
727
0
0
0
0
0
0
3696
382
0
0
0
0
0
0
3324
4063
0
0
0
0
0
0
3083
3651
0
0
0
0
0
0
3015
3310
0
0
0
0
0
0
3136
3104
0
0
0
0
0
0
3423
3067
0
0
0
0
0
0
3828
3209
0
0
0
0
0
0
184
3505
0
0
0
0
0
0
607
3903
0
0
0
0
0
0
928
243
0
0
0
0
0
0
1090
636
0
0
0
0
0
0
1061
924
0
0
0
0
0
0
847
1051
0
0
0
0
0
0
486
996
0
0
0
0
0
0
35
766
0
0
0
0
0
0
3674
401
0
0
0
0
0
0
3282
4061
0
0
0
0
0
0
3032
3628
0
0
0
0
0
0
2960
3269
0
0
0
0
0
0
3088
3054
0
0
0
0
0
0
3390
3016
0
0
0
0
0
0
3817
3166
0
0
0
0
0
0
193
3476
0
0
0
0
0
0
637
3893
0
0
0
0
0
0
974
255
0
0
0
0
0
0
1144
669
0
0
0
0
0
0
1111
967
0
0
0
0
0
0
891
1102
0
0
0
0
0
0
509
1042
0
0
0
0
0
0
38
802
0
0
0
0
0
0
3655
422
0
0
0
0
0
0
3246
4060
0
0
0
0
0
0
2982
3605
0
0
0
0
0
0
2912
3234
0
0
0
0
0
0
3042
3009
0
0
0
0
0
0
3355
2965
0
0
0
0
0
0
3802
3124
0
0
0
0
0
0
201
3448
0
0
0
0
0
0
666
3886
0
0
0
0
0
0
1017
267
0
0
0
0
0
0
1192
697
0
0
0
0
0
0
1161
1009
0
0
0
0
0
0
927
1148
0
0
0
0
0
0
530
1086
0
0
0
0
0
0
39
834
0
0
0
0
0
0
3635
437
0
0
0
0
0
0
3212
4059
0
0
0
0
0
0
2938
3588
0
0
0
0
0
0
2863
3199
0
0
0
0
0
0
3001
2965
0
0
0
0
0
0
3329
2924
0
0
0
0
0
0
3790
3086
0
0
0
0
0
0
208
3422
0
0
0
0
0
0
691
3878
0
0
0
0
0
0
1053
276
0
0
0
0
0
0
1235
722
0
0
0
0
0
0
1202
1046
0
0
0
0
0
0
960
1190
0
0
0
0
0
0
549
1123
0
0
0
0
0
0
43
866
0
0
0
0
0
0
3619
454
0
0
0
0
0
0
3179
4057
0
0
0
0
0
0
2899
3568
0
0
0
0
0
0
2822
3170
0
0
0
0
0
0
2962
2924
0
0
0
0
0
0
3303
2885
0
0
0
0
0
0
3780
3054
0
0
0
0
0
0
217
3401
0
0
0
0
0
0
716
3873
0
0
0
0
0
0
1086
282
0
0
0
0
0
0
1275
744
0
0
0
0
0
0
1241
1080
0
0
0
0
0
0
990
1225
0
0
0
0
0
0
567
1160
0
0
0
0
0
0
42
893
0
0
0
0
0
0
3606
467
0
0
0
0
0
0
3155
4059
0
0
0
0
0
0
2862
3552
0
0
0
0
0
0
2784
3140
0
0
0
0
0
0
2930
2893
0
0
0
0
0
0
3279
2851
0
0
0
0
0
0
3772
3026
0
0
0
0
0
0
224
3382
0
0
0
0
0
0
734
3865
0
0
0
0
0
0
1117
292
0
0
0
0
0
0
1309
766
0
0
0
0
0
0
1274
1107
0
0
0
0
0
0
1017
1258
0
0
0
0
0
0
582
1191
0
0
0
0
0
0
45
917
0
0
0
0
0
0
3594
480
0
0
0
0
0
0
3130
4056
0
0
0
0
0
0
2833
3540
0
0
0
0
0
0
2751
3116
0
0
0
0
0
0
2903
2863
0
0
0
0
0
0
3261
2821
0
0
0
0
0
0
3763
3000
0
0
0
0
0
0
226
3365
0
0
0
0
0
0
752
3859
0
0
0
0
0
0
1143
300
0
0
0
0
0
0
1337
782
0
0
0
0
0
0
1304
1133
0
0
0
0
0
0
1039
1286
0
0
0
0
0
0
594
1216
0
0
0
0
0
0
45
935
0
0
0
0
0
0
3581
490
0
0
0
0
0
0
3109
4054
0
0
0
0
0
0
2806
3530
0
0
0
0
0
0
2725
3098
0
0
0
0
0
0
2879
2839
0
0
0
0
0
0
3246
2797
0
0
0
0
0
0
3758
2979
0
0
0
0
0
0
233
3354
0
0
0
0
0
0
761
3855
0
0
0
0
0
0
1162
303
0
0
0
0
0
0
1362
796
0
0
0
0
0
0
1324
1151
0
0
0
0
0
0
1057
1307
0
0
0
0
0
0
606
1238
0
0
0
0
0
0
45
950
0
0
0
0
0
0
3574
496
0
0
0
0
0
0
3098
4057
0
0
0
0
0
0
2787
3519
0
0
0
0
0
0
2705
3084
0
0
0
0
0
0
2861
2821
0
0
0
0
0
0
3232
2777
0
0
0
0
0
0
3752
2962
0
0
0
0
0
0
237
3343
0
0
0
0
0
0
775
3854
0
0
0
0
0
0
1178
308
0
0
0
0
0
0
1379
805
0
0
0
0
0
0
1342
1167
0
0
0
0
0
0
1068
1322
0
0
0
0
0
0
613
1252
0
0
0
0
0
0
47
961
0
0
0
0
0
0
3570
504
0
0
0
0
0
0
3083
4052
0
0
0
0
0
0
2774
3515
0
0
0
0
0
0
2691
3075
0
0
0
0
0
0
2848
2807
0
0
0
0
0
0
3225
2765
0
0
0
0
0
0
3750
2953
0
0
0
0
0
0
237
3336
0
0
0
0
0
0
781
3851
0
0
0
0
0
0
1187
309
0
0
0
0
0
0
1392
815
0
0
0
0
0
0
1352
1177
0
0
0
0
0
0
1077
1333
0
0
0
0
0
0
615
1259
0
0
0
0
0
0
48
969
0
0
0
0
0
0
3565
507
0
0
0
0
0
0
3079
4054
0
0
0
0
0
0
2766
3509
0
0
0
0
0
0
2681
3068
0
0
0
0
0
0
2840
2801
0
0
0
0
0
0
3219
2757
0
0
0
0
0
0
3748
2948
0
0
0
0
0
0
239
3333
0
0
0
0
0
0
783
3847
0
0
0
0
0
0
1192
311
0
0
0
0
0
0
1397
816
0
0
0
0
0
0
1358
1180
0
0
0
0
0
0
1080
1337
0
0
0
0
0
0
618
1264
0
0
0
0
0
0
46
968
0
0
0
0
0
0
3565
507
0
0
0
0
0
0
3077
4055
0
0
0
0
0
0
2764
3511
0
0
0
0
0
0
2680
3067
0
0
0
0
0
0
2840
2799
0
0
0
0
0
0
3218
2757
0
0
0
0
0
0
3748
2946
0
0
0
0
0
0
238
3333
0
0
0
0
0
0
783
3847
0
0
0
0
0
0
1195
313
0
0
0
0
0
0
1395
817
0
0
0
0
0
0
1354
1179
0
0
0
0
0
0
1078
1334
0
0
0
0
0
0
618
1263
0
0
0
0
0
0
46
967
0
0
0
0
0
0
3566
507
0
0
0
0
0
0
3078
4055
0
0
0
0
0
0
2765
3511
0
0
0
0
0
0
2684
3068
0
0
0
0
0
0
2848
2807
0
0
0
0
0
0
3223
2761
0
0
0
0
0
0
3750
2952
0
0
0
0
0
0
235
3333
0
0
0
0
0
0
782
3851
0
0
0
0
0
0
1187
312
0
0
0
0
0
0
1388
810
0
0
0
0
0
0
1349
1172
0
0
0
0
0
0
1075
1331
0
0
0
0
0
0
611
1251
0
0
0
0
0
0
48
963
0
0
0
0
0
0
3570
504
0
0
0
0
0
0
3085
4056
0
0
0
0
0
0
2775
3514
0
0
0
0
0
0
2697
3080
0
0
0
0
0
0
2853
2814
0
0
0
0
0
0
3232
2774
0
0
0
0
0
0
3751
2960
0
0
0
0
0
0
235
3342
0
0
0
0
0
0
773
3852
0
0
0
0
0
0
1175
307
0
0
0
0
0
0
1374
803
0
0
0
0
0
0
1335
1160
0
0
0
0
0
0
1064
1315
0
0
0
0
0
0
606
1241
0
0
0
0
0
0
48
952
0
0
0
0
0
0
3577
499
0
0
0
0
0
0
3096
4054
0
0
0
0
0
0
2792
3523
0
0
0
0
0
0
2712
3091
0
0
0
0
0
0
2870
2829
0
0
0
0
0
0
3239
2789
0
0
0
0
0
0
3756
2975
0
0
0
0
0
0
232
3353
0
0
0
0
0
0
763
3855
0
0
0
0
0
0
1161
304
0
0
0
0
0
0
1356
793
0
0
0
0
0
0
1314
1142
0
0
0
0
0
0
1046
1294
0
0
0
0
0
0
598
1223
0
0
0
0
0
0
48
938
0
0
0
0
0
0
3583
489
0
0
0
0
0
0
3113
4055
0
0
0
0
0
0
2813
3533
0
0
0
0
0
0
2732
3105
0
0
0
0
0
0
2891
2851
0
0
0
0
0
0
3256
2813
0
0
0
0
0
0
3762
2993
0
0
0
0
0
0
230
3366
0
0
0
0
0
0
749
3859
0
0
0
0
0
0
1139
297
0
0
0
0
0
0
1329
776
0
0
0
0
0
0
1292
1123
0
0
0
0
0
0
1027
1273
0
0
0
0
0
0
586
1197
0
0
0
0
0
0
46
920
0
0
0
0
0
0
3592
480
0
0
0
0
0
0
3132
4056
0
0
0
0
0
0
2840
3544
0
0
0
0
0
0
2762
3126
0
0
0
0
0
0
2916
2877
0
0
0
0
0
0
3274
2840
0
0
0
0
0
0
3769
3019
0
0
0
0
0
0
222
3381
0
0
0
0
0
0
733
3864
0
0
0
0
0
0
1113
291
0
0
0
0
0
0
1299
758
0
0
0
0
0
0
1261
1095
0
0
0
0
0
0
1003
1239
0
0
0
0
0
0
573
1172
0
0
0
0
0
0
43
895
0
0
0
0
0
0
3606
469
0
0
0
0
0
0
3156
4058
0
0
0
0
0
0
2871
3556
0
0
0
0
0
0
2797
3152
0
0
0
0
0
0
2945
2910
0
0
0
0
0
0
3292
2873
0
0
0
0
0
0
3775
3045
0
0
0
0
0
0
217
3400
0
0
0
0
0
0
713
3871
0
0
0
0
0
0
1084
283
0
0
0
0
0
0
1263
738
0
0
0
0
0
0
1225
1065
0
0
0
0
0
0
973
1204
0
0
0
0
0
0
557
1138
0
0
0
0
0
0
43
870
0
0
0
0
0
0
3620
456
0
0
0
0
0
0
3183
4056
0
0
0
0
0
0
2908
3573
0
0
0
0
0
0
2836
3181
0
0
0
0
0
0
2984
2946
0
0
0
0
0
0
3318
2911
0
0
0
0
0
0
3786
3078
0
0
0
0
0
0
212
3424
0
0
0
0
0
0
688
3876
0
0
0
0
0
0
1047
273
0
0
0
0
0
0
1223
715
0
0
0
0
0
0
1185
1028
0
0
0
0
0
0
941
1166
0
0
0
0
0
0
534
1096
0
0
0
0
0
0
41
840
0
0
0
0
0
0
3636
440
0
0
0
0
0
0
3216
4060
0
0
0
0
0
0
2950
3592
0
0
0
0
0
0
2880
3213
0
0
0
0
0
0
3020
2985
0
0
0
0
0
0
3347
2952
0
0
0
0
0
0
3799
3115
0
0
0
0
0
0
203
3447
0
0
0
0
0
0
663
3885
0
0
0
0
0
0
1009
264
0
0
0
0
0
0
1177
688
0
0
0
0
0
0
1140
989
0
0
0
0
0
0
906
1120
0
0
0
0
0
0
516
1057
0
0
0
0
0
0
37
807
0
0
0
0
0
0
3655
422
0
0
0
0
0
0
3249
4062
0
0
0
0
0
0
2993
3611
0
0
0
0
0
0
2929
3247
0
0
0
0
0
0
3063
3031
0
0
0
0
0
0
3377
2999
0
0
0
0
0
0
3810
3157
0
0
0
0
0
0
192
3473
0
0
0
0
0
0
636
3894
0
0
0
0
0
0
964
250
0
0
0
0
0
0
1129
659
0
0
0
0
0
0
1091
947
0
0
0
0
0
0
868
1073
0
0
0
0
0
0
492
1009
0
0
0
0
0
0
37
773
0
0
0
0
0
0
3673
403
0
0
0
0
0
0
3288
4062
0
0
0
0
0
0
3044
3633
0
0
0
0
0
0
2980
3285
0
0
0
0
0
0
3109
3078
0
0
0
0
0
0
3409
3047
0
0
0
0
0
0
3824
3201
0
0
0
0
0
0
184
3502
0
0
0
0
0
0
605
3902
0
0
0
0
0
0
918
238
0
0
0
0
0
0
1072
626
0
0
0
0
0
0
1039
902
0
0
0
0
0
0
824
1020
0
0
0
0
0
0
469
959
0
0
0
0
0
0
37
735
0
0
0
0
0
0
3695
384
0
0
0
0
0
0
3325
4061
0
0
0
0
0
0
3097
3656
0
0
0
0
0
0
3037
3327
0
0
0
0
0
0
3160
3130
0
0
0
0
0
0
3444
3102
0
0
0
0
0
0
3838
3246
0
0
0
0
0
0
173
3531
0
0
0
0
0
0
575
3913
0
0
0
0
0
0
871
226
0
0
0
0
0
0
1016
592
0
0
0
0
0
0
982
853
0
0
0
0
0
0
778
962
0
0
0
0
0
0
444
909
0
0
0
0
0
0
33
693
0
0
0
0
0
0
3717
362
0
0
0
0
0
0
3370
4067
0
0
0
0
0
0
3150
3679
0
0
0
0
0
0
3099
3370
0
0
0
0
0
0
3215
3187
0
0
0
0
0
0
3481
3159
0
0
0
0
0
0
3852
3296
0
0
0
0
0
0
163
3565
0
0
0
0
0
0
541
3924
0
0
0
0
0
0
820
212
0
0
0
0
0
0
955
557
0
0
0
0
0
0
925
803
0
0
0
0
0
0
734
909
0
0
0
0
0
0
417
854
0
0
0
0
0
0
30
652
0
0
0
0
0
0
3740
340
0
0
0
0
0
0
3413
4066
0
0
0
0
0
0
3209
3705
0
0
0
0
0
0
3157
3414
0
0
0
0
0
0
3267
3240
0
0
0
0
0
0
3521
3219
0
0
0
0
0
0
3866
3344
0
0
0
0
0
0
152
3599
0
0
0
0
0
0
504
3934
0
0
0
0
0
0
765
199
0
0
0
0
0
0
892
519
0
0
0
0
0
0
863
749
0
0
0
0
0
0
685
848
0
0
0
0
0
0
390
796
0
0
0
0
0
0
29
607
0
0
0
0
0
0
3762
317
0
0
0
0
0
0
3459
4068
0
0
0
0
0
0
3269
3732
0
0
0
0
0
0
3221
3461
0
0
0
0
0
0
3326
3301
0
0
0
0
0
0
3559
3278
0
0
0
0
0
0
3881
3395
0
0
0
0
0
0
142
3635
0
0
0
0
0
0
467
3944
0
0
0
0
0
0
713
185
0
0
0
0
0
0
827
481
0
0
0
0
0
0
802
697
0
0
0
0
0
0
633
784
0
0
0
0
0
0
359
735
0
0
0
0
0
0
27
563
0
0
0
0
0
0
3787
292
0
0
0
0
0
0
3508
4071
0
0
0
0
0
0
3329
3759
0
0
0
0
0
0
3287
3507
0
0
0
0
0
0
3385
3362
0
0
0
0
0
0
3599
3341
0
0
0
0
0
0
3898
3450
0
0
0
0
0
0
131
3668
0
0
0
0
0
0
433
3958
0
0
0
0
0
0
656
169
0
0
0
0
0
0
764
445
0
0
0
0
0
0
738
640
0
0
0
0
0
0
583
722
0
0
0
0
0
0
329
677
0
0
0
0
0
0
25
519
0
0
0
0
0
0
3812
268
0
0
0
0
0
0
3555
4072
0
0
0
0
0
0
3393
3787
0
0
0
0
0
0
3352
3555
0
0
0
0
0
0
3443
3423
0
0
0
0
0
0
3639
3404
0
0
0
0
0
0
3913
3501
0
0
0
0
0
0
119
3704
0
0
0
0
0
0
397
3967
0
0
0
0
0
0
601
155
0
0
0
0
0
0
699
407
0
0
0
0
0
0
672
584
0
0
0
0
0
0
534
659
0
0
0
0
0
0
304
620
0
0
0
0
0
0
21
471
0
0
0
0
0
0
3836
244
0
0
0
0
0
0
3604
4074
0
0
0
0
0
0
3456
3815
0
0
0
0
0
0
3419
3604
0
0
0
0
0
0
3501
3482
0
0
0
0
0
0
3680
3467
0
0
0
0
0
0
3929
3557
0
0
0
0
0
0
109
3739
0
0
0
0
0
0
359
3981
0
0
0
0
0
0
543
139
0
0
0
0
0
0
631
367
0
0
0
0
0
0
609
530
0
0
0
0
0
0
481
595
0
0
0
0
0
0
274
559
0
0
0
0
0
0
18
425
0
0
0
0
0
0
3862
221
0
0
0
0
0
0
3649
4076
0
0
0
0
0
0
3517
3841
0
0
0
0
0
0
3487
3653
0
0
0
0
0
0
3561
3543
0
0
0
0
0
0
3721
3527
0
0
0
0
0
0
3948
3611
0
0
0
0
0
0
99
3777
0
0
0
0
0
0
322
3993
0
0
0
0
0
0
487
125
0
0
0
0
0
0
568
330
0
0
0
0
0
0
546
474
0
0
0
0
0
0
430
534
0
0
0
0
0
0
244
500
0
0
0
0
0
0
16
380
0
0
0
0
0
0
3887
198
0
0
0
0
0
0
3696
4077
0
0
0
0
0
0
3579
3868
0
0
0
0
0
0
3552
3701
0
0
0
0
0
0
3616
3601
0
0
0
0
0
0
3766
3592
0
0
0
0
0
0
3963
3665
0
0
0
0
0
0
85
3809
0
0
0
0
0
0
286
4004
0
0
0
0
0
0
431
109
0
0
0
0
0
0
504
293
0
0
0
0
0
0
483
418
0
0
0
0
0
0
382
473
0
0
0
0
0
0
215
442
0
0
0
0
0
0
15
336
0
0
0
0
0
0
3910
173
0
0
0
0
0
0
3745
4082
0
0
0
0
0
0
3637
3893
0
0
0
0
0
0
3618
3748
0
0
0
0
0
0
3674
3661
0
0
0
0
0
0
3802
3650
0
0
0
0
0
0
3978
3715
0
0
0
0
0
0
78
3847
0
0
0
0
0
0
252
4016
0
0
0
0
0
0
377
94
0
0
0
0
0
0
441
255
0
0
0
0
0
0
425
370
0
0
0
0
0
0
334
413
0
0
0
0
0
0
187
387
0
0
0
0
0
0
11
292
0
0
0
0
0
0
3934
151
0
0
0
0
0
0
3789
4083
0
0
0
0
0
0
3698
3919
0
0
0
0
0
0
3678
3793
0
0
0
0
0
0
3728
3715
0
0
0
0
0
0
3842
3709
0
0
0
0
0
0
3993
3766
0
0
0
0
0
0
64
3879
0
0
0
0
0
0
219
4026
0
0
0
0
0
0
328
84
0
0
0
0
0
0
379
220
0
0
0
0
0
0
365
316
0
0
0
0
0
0
286
356
0
0
0
0
0
0
161
331
0
0
0
0
0
0
10
254
0
0
0
0
0
0
3953
128
0
0
0
0
0
0
3832
4084
0
0
0
0
0
0
3756
3945
0
0
0
0
0
0
3737
3834
0
0
0
0
0
0
3782
3772
0
0
0
0
0
0
3875
3763
0
0
0
0
0
0
4007
3813
0
0
0
0
0
0
53
3907
0
0
0
0
0
0
184
4034
0
0
0
0
0
0
279
71
0
0
0
0
0
0
320
186
0
0
0
0
0
0
310
268
0
0
0
0
0
0
242
300
0
0
0
0
0
0
135
280
0
0
0
0
0
0
8
211
0
0
0
0
0
0
3978
109
0
0
0
0
0
0
3871
4084
0
0
0
0
0
0
3806
3967
0
0
0
0
0
0
3794
3876
0
0
0
0
0
0
3829
3822
0
0
0
0
0
0
3909
3813
0
0
0
0
0
0
4024
3859
0
0
0
0
0
0
45
3941
0
0
0
0
0
0
151
4042
0
0
0
0
0
0
233
57
0
0
0
0
0
0
269
157
0
0
0
0
0
0
255
220
0
0
0
0
0
0
202
247
0
0
0
0
0
0
115
234
0
0
0
0
0
0
7
178
0
0
0
0
0
0
3997
89
0
0
0
0
0
0
3910
4085
0
0
0
0
0
0
3856
3989
0
0
0
0
0
0
3845
3914
0
0
0
0
0
0
3877
3871
0
0
0
0
0
0
3942
3865
0
0
0
0
0
0
4037
3901
0
0
0
0
0
0
35
3967
0
0
0
0
0
0
124
4050
0
0
0
0
0
0
189
47
0
0
0
0
0
0
218
124
0
0
0
0
0
0
209
181
0
0
0
0
0
0
163
202
0
0
0
0
0
0
90
187
0
0
0
0
0
0
5
142
0
0
0
0
0
0
4016
72
0
0
0
0
0
0
3944
4086
0
0
0
0
0
0
3903
4009
0
0
0
0
0
0
3895
3950
0
0
0
0
0
0
3918
3913
0
0
0
0
0
0
3975
3912
0
0
0
0
0
0
4045
3939
0
0
0
0
0
0
28
3992
0
0
0
0
0
0
98
4061
0
0
0
0
0
0
149
36
0
0
0
0
0
0
173
100
0
0
0
0
0
0
166
143
0
0
0
0
0
0
128
159
0
0
0
0
0
0
68
145
0
0
0
0
0
0
2
110
0
0
0
0
0
0
4031
55
0
0
0
0
0
0
3977
4088
0
0
0
0
0
0
3944
4028
0
0
0
0
0
0
3938
3979
0
0
0
0
0
0
3959
3956
0
0
0
0
0
0
3999
3950
0
0
0
0
0
0
4057
3975
0
0
0
0
0
0
20
4016
0
0
0
0
0
0
74
4067
0
0
0
0
0
0
113
26
0
0
0
0
0
0
130
74
0
0
0
0
0
0
124
107
0
0
0
0
0
0
97
121
0
0
0
0
0
0
53
110
0
0
0
0
0
0
2
83
0
0
0
0
0
0
4046
40
0
0
0
0
0
0
4007
4092
0
0
0
0
0
0
3982
4043
0
0
0
0
0
0
3976
4007
0
0
0
0
0
0
3991
3987
0
0
0
0
0
0
4025
3990
0
0
0
0
0
0
4064
4002
0
0
0
0
0
0
15
4037
0
0
0
0
0
0
53
4074
0
0
0
0
0
0
81
17
0
0
0
0
0
0
95
54
0
0
0
0
0
0
90
77
0
0
0
0
0
0
68
86
0
0
0
0
0
0
37
78
0
0
0
0
0
0
4094
57
0
0
0
0
0
0
4061
30
0
0
0
0
0
0
4029
4090
0
0
0
0
0
0
4012
4056
0
0
0
0
0
0
4013
4034
0
0
0
0
0
0
4022
4021
0
0
0
0
0
0
4043
4018
0
0
0
0
0
0
4073
4030
0
0
0
0
0
0
10
4054
0
0
0
0
0
0
36
4080
0
0
0
0
0
0
54
10
0
0
0
0
0
0
65
35
0
0
0
0
0
0
62
53
0
0
0
0
0
0
46
56
0
0
0
0
0
0
25
52
0
0
0
0
0
0
4092
36
0
0
0
0
0
0
4070
15
0
0
0
0
0
0
4053
4091
0
0
0
0
0
0
4040
4069
0
0
0
0
0
0
4038
4052
0
0
0
0
0
0
4048
4046
0
0
0
0
0
0
4063
4046
0
0
0
0
0
0
4080
4053
0
0
0
0
0
0
5
4067
0
0
0
0
0
0
21
4083
0
0
0
0
0
0
34
5
0
0
0
0
0
0
38
19
0
0
0
0
0
0
35
30
0
0
0
0
0
0
27
32
0
0
0
0
0
0
14
31
0
0
0
0
0
0
4095
23
0
0
0
0
0
0
4077
7
0
0
0
0
0
0
4069
4092
0
0
0
0
0
0
4062
4079
0
0
0
0
0
0
4061
4069
0
0
0
0
0
0
4065
4066
0
0
0
0
0
0
4074
4064
0
0
0
0
0
0
4086
4071
0
0
0
0
0
0
4095
4078
0
0
0
0
0
0
10
4088
0
0
0
0
0
0
15
1
0
0
0
0
0
0
20
10
0
0
0
0
0
0
16
15
0
0
0
0
0
0
13
16
0
0
0
0
0
0
5
14
0
0
0
0
0
0
4094
10
0
0
0
0
0
0
4086
3
0
0
0
0
0
0
4081
4092
0
0
0
0
0
0
4077
4084
0
0
0
0
0
0
4080
4083
0
0
0
0
0
0
4080
4081
0
0
0
0
0
0
4086
4081
0
0
0
0
0
0
4089
4082
0
0
0
0
0
0
4095
4086
0
0
0
0
0
0
2
4092
0
0
0
0
0
0
4
4093
0
0
0
0
0
0
6
3
0
0
0
0
0
0
4
2
0
0
0
0
0
0
3
4
0
0
0
0
0
0
4095
3
0
0
0
0
0
0
4090
4093
0
0
0
0
0
0
4092
4094
0
0
0
0
0
0
4091
4093
0
0
0
0
0
0
4086
4090
0
0
0
0
0
0
4089
4090
0
0
0
0
0
0
4089
4089
0
0
0
0
0
0
4090
4089
0
0
0
0
0
0
4090
4089
0
0
0
0
0
0
4093
4089
0
0
0
0
0
0
4095
4094
0
0
0
0
0
0
4094
4092
0
0
0
0
0
0
4095
4095
0
0
0
0
0
0
4093
4093
0
0
0
0
0
0
4093
4094
0
0
0
0
0
0
4093
4092
0
0
0
0
0
0
4092
4092
0
0
0
0
0
0
4093
4093
0
0
0
0
0
0
4094
4093
0
0
0
0
0
0
4093
4093
0
0
0
0
0
0
4095
4094
0
0
0
0
0
0
4094
4094
0
0
0
0
0
0
4095
0
0
0
0
0
0
0
4095
4095
0
0
0
0
0
0
0
0
0
0
0
0
0
0
4095
4095
0
0
0
0
0
0
4095
4095
0
0
0
0
0
0
0
0
0
0
0
0
0
0
4095
4095
0
0
0
0
0
0
0
4095
0
0
0
0
0
0
0
0
0
0
0
0
0
0
4095
4095
0
0
0
0
0
0
0
4095
0
0
0
0
0
0
4095
0
0
0
0
0
0
0
4095
4095
0
0
0
0
0
0
0
0
0
0
0
0
0
0
4095
0
0
0
0
0
0
0
0
0
0
0
0
0
0
0
0
0
0
0
0
0
0
0
0
0
0
0
0
0
0
0
0
0
0
0
0
0
0
0
0
0
0
0
0
0
0
0
0
0
0
0
0
0
0
0
0
0
0
0
0
0
0
0
0
0
0
0
0
0
0
0
0
0
0
0
0
0
0
0
0
0
0
0
0
0
0
0
0
0
0
0
0
0
0
0
0
0
0
0
0
0
0
0
0
0
0
0
0
0
0
0
0
0
0
0
0
0
0
0
0
0
0
0
0
0
0
0
0
0
0
0
0
0
0
0
0
0
0
0
0
0
0
0
0
0
0
0
0
0
0
0
0
0
0
0
0
0
0
0
0
0
0
0
0
0
0
0
0
0
0
0
0
0
0
0
0
0
0
0
0
0
0
0
0
0
0
0
0
0
0
0
0
0
0
0
0
0
0
0
0
0
0
0
0
0
0
0
0
0
0
0
0
0
0
0
0
0
0
0
0
0
0
0
0
0
0
0
0
0
0
0
0
0
0
0
0
0
0
0
0
0
0
0
0
0
0
0
0
0
0
0
0
0
0
0
0
0
0
0
0
0
0
0
0
0
0
0
0
0
0
0
0
0
0
0
0
0
0
0
0
0
0
0
0
0
0
0
0
0
0
0
0
0
0
0
0
0
0
0
0
0
0
0
0
0
0
0
0
0
0
0
0
0
0
0
0
0
0
0
0
0
0
0
0
0
0
0
0
0
0
0
0
0
0
0
0
0
0
0
0
0
0
0
0
0
0
0
0
0
0
0
0
0
0
0
0
0
0
0
0
0
0
0
0
0
0
0
0
0
0
0
0
0
0
0
0
0
0
0
0
0
0
0
0
0
0
0
0
0
0
0
0
0
0
0
0
0
0
0
0
0
0
0
0
0
0
0
0
0
0
0
0
0
0
0
0
0
0
0
0
0
0
0
0
0
0
0
0
0
0
0
0
0
0
0
0
0
0
0
0
0
0
0
0
0
0
0
0
0
0
0
0
0
0
0
0
0
0
0
0
0
0
0
0
0
0
0
0
0
0
0
0
0
0
0
0
0
0
0
0
0
0
0
0
0
0
0
0
0
0
0
0
0
0
0
0
0
0
0
0
0
0
0
0
0
0
0
0
0
0
0
0
0
0
0
0
0
0
0
0
0
0
0
0
0
0
0
0
0
0
0
0
0
0
0
0
0
0
0
0
0
0
0
0
0
0
0
0
0
0
0
0
0
0
0
0
0
0
0
0
0
0
0
0
0
0
0
0
0
0
0
0
0
0
0
0
0
0
0
0
0
0
0
0
0
0
0
0
0
0
0
0
0
0
0
0
0
0
0
0
0
0
0
0
0
0
0
0
0
0
0
0
0
0
0
0
0
0
0
0
0
0
0
0
0
0
0
0
0
0
0
0
0
0
0
0
0
0
0
0
0
0
0
0
0
0
0
0
0
0
0
0
0
0
0
0
0
0
0
0
0
0
0
0
0
0
0
0
0
0
0
0
0
0
0
0
0
0
0
0
0
0
0
0
0
0
0
0
0
0
0
0
0
0
0
0
0
0
0
0
0
0
0
0
0
0
0
0
0
0
0
0
0
0
0
0
0
0
0
0
0
0
0
0
0
0
0
0
0
0
0
0
0
0
0
0
0
0
0
0
0
0
0
0
0
0
0
0
0
0
0
0
0
0
0
0
0
0
0
0
0
0
0
0
0
0
0
0
0
0
0
0
0
0
0
0
0
0
0
0
0
0
0
0
0
0
0
0
0
0
0
0
0
0
0
0
0
0
0
0
0
0
0
0
0
0
0
0
0
0
0
0
0
0
0
0
0
0
0
0
0
0
0
0
0
0
0
0
0
0
0
0
0
0
0
0
0
0
0
0
0
0
0
0
0
0
0
0
0
0
0
0
0
0
0
0
0
0
0
0
0
0
0
0
0
0
0
0
0
0
0
0
0
0
0
0
0
0
0
0
0
0
0
0
0
0
0
0
0
0
0
0
0
0
0
0
0
0
0
0
0
0
0
0
0
0
0
0
0
0
0
0
0
0
0
0
0
0
0
0
0
0
0
0
0
0
0
0
0
0
0
0
0
0
0
0
0
0
0
0
0
0
0
0
0
0
0
0
0
0
0
0
0
0
0
0
0
0
0
0
0
0
0
0
0
0
0
0
0
0
0
0
0
0
0
0
0
0
0
0
0
0
0
0
0
0
0
0
0
0
0
0
0
0
0
0
0
0
0
0
0
0
0
0
0
0
0
0
0
0
0
0
0
0
0
0
0
0
0
0
0
0
0
0
0
0
0
0
0
0
0
0
0
0
0
0
0
0
0
0
0
0
0
0
0
0
0
0
0
0
0
0
0
0
0
0
0
0
0
0
0
0
0
0
0
0
0
0
0
0
0
0
0
0
0
0
0
0
0
0
0
0
0
0
0
0
0
0
0
0
0
0
0
0
0
0
0
0
0
0
0
0
0
0
0
0
0
0
0
0
0
0
0
0
0
0
0
0
0
0
0
0
0
0
0
0
0
0
0
0
0
0
0
0
0
0
0
0
0
0
0
0
0
0
0
0
0
0
0
0
0
0
0
0
0
0
0
0
0
0
0
0
0
0
0
0
0
0
0
0
0
0
0
0
0
0
0
0
0
0
0
0
0
0
0
0
0
0
0
0
0
0
0
0
0
0
0
0
0
0
0
0
0
0
0
0
0
0
0
0
0
0
0
0
0
0
0
0
0
0
0
0
0
0
0
0
0
0
0
0
0
0
0
0
0
0
0
0
0
0
0
0
0
0
0
0
0
0
0
0
0
0
0
0
0
0
0
0
0
0
0
0
0
0
0
0
0
0
0
0
0
0
0
0
0
0
0
0
0
0
0
0
0
0
0
0
0
0
0
0
0
0
0
0
0
0
0
0
0
0
0
0
0
0
0
0
0
0
0
0
0
0
0
0
0
0
0
0
0
0
0
0
0
0
0
0
0
0
0
0
0
0
0
0
0
0
0
0
0
0
0
0
0
0
0
0
0
0
0
0
0
0
0
0
0
0
0
0
0
0
0
0
0
0
0
0
0
0
0
0
0
0
0
0
0
0
0
0
0
0
0
0
0
0
0
0
0
0
0
0
0
0
0
0
0
0
0
0
0
0
0
0
0
0
0
0
0
0
0
0
0
0
0
0
0
0
0
0
0
0
0
0
0
0
0
0
0
0
0
0
0
0
0
0
0
0
0
0
0
0
0
0
0
0
0
0
0
0
0
0
0
0
0
0
0
0
0
0
0
0
0
0
0
0
0
0
0
0
0
0
0
0
0
0
0
0
0
0
0
0
0
0
0
0
0
0
0
0
0
0
0
0
0
0
0
0
0
0
0
0
0
0
0
0
0
0
0
0
0
0
0
0
0
0
0
0
0
0
0
0
0
0
0
0
0
0
0
0
0
0
0
0
0
0
0
0
0
0
0
0
0
0
0
0
0
0
0
0
0
0
0
0
0
0
0
0
0
0
0
0
0
0
0
0
0
0
0
0
0
0
0
0
0
0
0
0
0
0
0
0
0
0
0
0
0
0
0
0
0
0
0
0
0
0
0
0
0
0
0
0
0
0
0
0
0
0
0
0
0
0
0
0
0
0
0
0
0
0
0
0
0
0
0
0
0
0
0
0
0
0
0
0
0
0
0
0
0
0
0
0
0
0
0
0
0
0
0
0
0
0
0
0
0
0
0
0
0
0
0
0
0
0
0
0
0
0
0
0
0
0
0
0
0
0
0
0
0
0
0
0
0
0
0
0
0
0
0
0
0
0
0
0
0
0
0
0
0
0
0
0
0
0
0
0
0
0
0
0
0
0
0
0
0
0
0
0
0
0
0
0
0
0
0
0
0
0
0
0
0
0
0
0
0
0
0
0
0
0
0
0
0
0
0
0
0
0
0
0
0
0
0
0
0
0
0
0
0
0
0
0
0
0
0
0
0
0
0
0
0
0
0
0
0
0
0
0
0
0
0
0
0
0
0
0
0
0
0
0
0
0
0
0
0
0
0
0
0
0
0
0
0
0
0
0
0
0
0
0
0
0
0
0
0
0
0
0
0
0
0
0
0
0
0
0
0
0
0
0
0
0
0
0
0
0
0
0
0
0
0
0
0
0
0
0
0
0
0
0
0
0
0
0
0
0
0
0
0
0
0
0
0
0
0
0
0
0
0
0
0
0
0
0
0
0
0
0
0
0
0
0
0
0
0
0
0
0
0
0
0
0
0
0
0
0
0
0
0
0
0
0
0
0
0
0
0
0
0
0
0
0
0
0
0
0
0
0
0
0
0
0
0
0
0
0
0
0
0
0
0
0
0
0
0
0
0
0
0
0
0
0
0
0
0
0
0
0
0
0
0
0
0
0
0
0
0
0
0
0
0
0
0
0
0
0
0
0
0
0
0
0
0
0
0
0
0
0
0
0
0
0
0
0
0
0
0
0
0
0
0
0
0
0
0
0
0
0
0
0
0
0
0
0
0
0
0
0
0
0
0
0
0
0
0
0
0
0
0
0
0
0
0
0
0
0
0
0
0
0
0
0
0
0
0
0
0
0
0
0
0
0
0
0
0
0
0
0
0
0
0
0
0
0
0
0
0
0
0
0
0
0
0
0
0
0
0
0
0
0
0
0
0
0
0
0
0
0
0
0
0
0
0
0
0
0
0
0
0
0
0
0
0
0
0
0
0
0
0
0
0
0
0
0
0
0
0
0
0
0
0
0
0
0
0
0
0
0
0
0
0
0
0
0
0
0
0
0
0
0
0
0
0
0
0
0
0
0
0
0
0
0
0
0
0
0
0
0
0
0
0
0
0
0
0
0
0
0
0
0
0
0
0
0
0
0
0
0
0
0
0
0
0
0
0
0
0
0
0
0
0
0
0
0
0
0
0
0
0
0
0
0
0
0
0
0
0
0
0
0
0
0
0
0
0
0
0
0
0
0
0
0
0
0
0
0
0
0
0
0
0
0
0
0
0
0
0
0
0
0
0
0
0
0
0
0
0
0
0
0
0
0
0
0
0
0
0
0
0
0
0
0
0
0
0
0
0
0
0
0
0
0
0
0
0
0
0
0
0
0
0
0
0
0
0
0
0
0
0
0
0
0
0
0
0
0
0
0
0
0
0
0
0
0
0
0
0
0
0
0
0
0
0
0
0
0
0
0
0
0
0
0
0
0
0
0
0
0
0
0
0
0
0
0
0
0
0
0
0
0
0
0
0
0
0
0
0
0
0
0
0
0
0
0
0
0
0
0
0
0
0
0
0
0
0
0
0
0
0
0
0
0
0
0
0
0
0
0
0
0
0
0
0
0
0
0
0
0
0
0
0
0
0
0
0
0
0
0
0
0
0
0
0
0
0
0
0
0
0
0
0
0
0
0
0
0
0
0
0
0
0
0
0
0
0
0
0
0
0
0
0
0
0
0
0
0
0
0
0
0
0
0
0
0
0
0
0
0
0
0
0
0
0
0
0
0
0
0
0
0
0
0
0
0
0
0
0
0
0
0
0
0
0
0
0
0
0
0
0
0
0
0
0
0
0
0
0
0
0
0
0
0
0
0
0
0
0
0
0
0
0
0
0
0
0
0
0
0
0
0
0
0
0
0
0
0
0
0
0
0
0
0
0
0
0
0
0
0
0
0
0
0
0
0
0
0
0
0
0
0
0
0
0
0
0
0
0
0
0
0
0
0
0
0
0
0
0
0
0
0
0
0
0
0
0
0
0
0
0
0
0
0
0
0
0
0
0
0
0
0
0
0
0
0
0
0
0
0
0
0
0
0
0
0
0
0
0
0
0
0
0
0
0
0
0
0
0
0
0
0
0
0
0
0
0
0
0
0
0
0
0
0
0
0
0
0
0
0
0
0
0
0
0
0
0
0
0
0
0
0
0
0
0
0
0
0
0
0
0
0
0
0
0
0
0
0
0
0
0
0
0
0
0
0
0
0
0
0
0
0
0
0
0
0
0
0
0
0
0
0
0
0
0
0
0
0
0
0
0
0
0
0
0
0
0
0
0
0
0
0
0
0
0
0
0
0
0
0
0
0
0
0
0
0
0
0
0
0
0
0
0
0
0
0
0
0
0
0
0
0
0
0
0
0
0
0
0
0
0
0
0
0
0
0
0
0
0
0
0
0
0
0
0
0
0
0
0
0
0
0
0
0
0
0
0
0
0
0
0
0
0
0
0
0
0
0
0
0
0
0
0
0
0
0
0
0
0
0
0
0
0
0
0
0
0
0
0
0
0
0
0
0
0
0
0
0
0
0
0
0
0
0
0
0
0
0
0
0
0
0
0
0
0
0
0
0
0
0
0
0
0
0
0
0
0
0
0
0
0
0
0
0
0
0
0
0
0
0
0
0
0
0
0
0
0
0
0
0
0
0
0
0
0
0
0
0
0
0
0
0
0
0
0
0
0
0
0
0
0
0
0
0
0
0
0
0
0
0
0
0
0
0
0
0
0
0
0
0
0
0
0
0
0
0
0
0
0
0
0
0
0
0
0
0
0
0
0
0
0
0
0
0
0
0
0
0
0
0
0
0
0
0
0
0
0
0
0
0
0
0
0
0
0
0
0
0
0
0
0
0
0
0
0
0
0
0
0
0
0
0
0
0
0
0
0
0
0
0
0
0
0
0
0
0
0
0
0
0
0
0
0
0
0
0
0
0
0
0
0
0
0
0
0
0
0
0
0
0
0
0
0
0
0
0
0
0
0
0
0
0
0
0
0
0
0
0
0
0
0
0
0
0
0
0
0
0
0
0
0
0
0
0
0
0
0
0
0
0
0
0
0
0
0
0
0
0
0
0
0
0
0
0
0
0
0
0
0
0
0
0
0
0
0
0
0
0
0
0
0
0
0
0
0
0
0
0
0
0
0
0
0
0
0
0
0
0
0
0
0
0
0
0
0
0
0
0
0
0
0
0
0
0
0
0
0
0
0
0
0
0
0
0
0
0
0
0
0
0
0
0
0
0
0
0
0
0
0
0
0
0
0
0
0
0
0
0
0
0
0
0
0
0
0
0
0
0
0
0
0
0
0
0
0
0
0
0
0
0
0
0
0
0
0
0
0
0
0
0
0
0
0
0
0
0
0
0
0
0
0
0
0
0
0
0
0
0
0
0
0
0
0
0
0
0
0
0
0
0
0
0
0
0
0
0
0
0
0
0
0
0
0
0
0
0
0
0
0
0
0
0
0
0
0
0
0
0
0
0
0
0
0
0
0
0
0
0
0
0
0
0
0
0
0
0
0
0
0
0
0
0
0
0
0
0
0
0
0
0
0
0
0
0
0
0
0
0
0
0
0
0
0
0
0
0
0
0
0
0
0
0
0
0
0
0
0
0
0
0
0
0
0
0
0
0
0
0
0
0
0
0
0
0
0
0
0
0
0
0
0
0
0
0
0
0
0
0
0
0
0
0
0
0
0
0
0
0
0
0
0
0
0
0
0
0
0
0
0
0
0
0
0
0
0
0
0
0
0
0
0
0
0
0
0
0
0
0
0
0
0
0
0
0
0
0
0
0
0
0
0
0
0
0
0
0
0
0
0
0
0
0
0
0
0
0
0
0
0
0
0
0
0
0
0
0
0
0
0
0
0
0
0
0
0
0
0
0
0
0
0
0
0
0
0
0
0
0
0
0
0
0
0
0
0
0
0
0
0
0
0
0
0
0
0
0
0
0
0
0
0
0
0
0
0
0
0
0
0
0
0
0
0
0
0
0
0
0
0
0
0
0
0
0
0
0
0
0
0
0
0
0
0
0
0
0
0
0
0
0
0
0
0
0
0
0
0
0
0
0
0
0
0
0
0
0
0
0
0
0
0
0
0
0
0
0
0
0
0
0
0
0
0
0
0
0
0
0
0
0
0
0
0
0
0
0
0
0
0
0
0
0
0
0
0
0
0
0
0
0
0
0
0
0
0
0
0
0
0
0
0
0
0
0
0
0
0
0
0
0
0
0
0
0
0
0
0
0
0
0
0
0
0
0
0
0
0
0
0
0
0
0
0
0
0
0
0
0
0
0
0
0
0
0
0
0
0
0
0
0
0
0
0
0
0
0
0
0
0
0
0
0
0
0
0
0
0
0
0
0
0
0
0
0
0
0
0
0
0
0
0
0
0
0
0
0
0
0
0
0
0
0
0
0
0
0
0
0
0
0
0
0
0
0
0
0
0
0
0
0
0
0
0
0
0
0
0
0
0
0
0
0
0
0
0
0
0
0
0
0
0
0
0
0
0
0
0
0
0
0
0
0
0
0
0
0
0
0
0
0
0
0
0
0
0
0
0
0
0
0
0
0
0
0
0
0
0
0
0
0
0
0
0
0
0
0
0
0
0
0
0
0
0
0
0
0
0
0
0
0
0
0
0
0
0
0
0
0
0
0
0
0
0
0
0
0
0
0
0
0
0
0
0
0
0
0
0
0
0
0
0
0
0
0
0
0
0
0
0
0
0
0
0
0
0
0
0
0
0
0
0
0
0
0
0
0
0
0
0
0
0
0
0
0
0
0
0
0
0
0
0
0
0
0
0
0
0
0
0
0
0
0
0
0
0
0
0
0
0
0
0
0
0
0
0
0
0
0
0
0
0
0
0
0
0
0
0
0
0
0
0
0
0
0
0
0
0
0
0
0
0
0
0
0
0
0
0
0
0
0
0
0
0
0
0
0
0
0
0
0
0
0
0
0
0
0
0
0
0
0
0
0
0
0
0
0
0
0
0
0
0
0
0
0
0
0
0
0
0
0
0
0
0
0
0
0
0
0
0
0
0
0
0
0
0
0
0
0
0
0
0
0
0
0
0
0
0
0
0
0
0
0
0
0
0
0
0
0
0
0
0
0
0
0
0
0
0
0
0
0
0
0
0
0
0
0
0
0
0
0
0
0
0
0
0
0
0
0
0
0
0
0
0
0
0
0
0
0
0
0
0
0
0
0
0
0
0
0
0
0
0
0
0
0
0
0
0
0
0
0
0
0
0
0
0
0
0
0
0
0
0
0
0
0
0
0
0
0
0
0
0
0
0
0
0
0
0
0
0
0
0
0
0
0
0
0
0
0
0
0
0
0
0
0
0
0
0
0
0
0
0
0
0
0
0
0
0
0
0
0
0
0
0
0
0
0
0
0
0
0
0
0
0
0
0
0
0
0
0
0
0
0
0
0
0
0
0
0
0
0
0
0
0
0
0
0
0
0
0
0
0
0
0
0
0
0
0
0
0
0
0
0
0
0
0
0
0
0
0
0
0
0
0
0
0
0
0
0
0
0
0
0
0
0
0
0
0
0
0
0
0
0
0
0
0
0
0
0
0
0
0
0
0
0
0
0
0
0
0
0
0
0
0
0
0
0
0
0
0
0
0
0
0
0
0
0
0
0
0
0
0
0
0
0
0
0
0
0
0
0
0
0
0
0
0
0
0
0
0
0
0
0
0
0
0
0
0
0
0
0
0
0
0
0
0
0
0
0
0
0
0
0
0
0
0
0
0
0
0
0
0
0
0
0
0
0
0
0
0
0
0
0
0
0
0
0
0
0
0
0
0
0
0
0
0
0
0
0
0
0
0
0
0
0
0
0
0
0
0
0
0
0
0
0
0
0
0
0
0
0
0
0
0
0
0
0
0
0
0
0
0
0
0
0
0
0
0
0
0
0
0
0
0
0
0
0
0
0
0
0
0
0
0
0
0
0
0
0
0
0
0
0
0
0
0
0
0
0
0
0
0
0
0
0
0
0
0
0
0
0
0
0
0
0
0
0
0
0
0
0
0
0
0
0
0
0
0
0
0
0
0
0
0
0
0
0
0
0
0
0
0
0
0
0
0
0
0
0
0
0
0
0
0
0
0
0
0
0
0
0
0
0
0
0
0
0
0
0
0
0
0
0
0
0
0
0
0
0
0
0
0
0
0
0
0
0
0
0
0
0
0
0
0
0
0
0
0
0
0
0
0
0
0
0
0
0
0
0
0
0
0
0
0
0
0
0
0
0
0
0
0
0
0
0
0
0
0
0
0
0
0
0
0
0
0
0
0
0
0
0
0
0
0
0
0
0
0
0
0
0
0
0
0
0
0
0
0
0
0
0
0
0
0
0
0
0
0
0
0
0
0
0
0
0
0
0
0
0
0
0
0
0
0
0
0
0
0
0
0
0
0
0
0
0
0
0
0
0
0
0
0
0
0
0
0
0
0
0
0
0
0
0
0
0
0
0
0
0
0
0
0
0
0
0
0
0
0
0
0
0
0
0
0
0
0
0
0
0
0
0
0
0
0
0
0
0
0
0
0
0
0
0
0
0
0
0
0
0
0
0
0
0
0
0
0
0
0
0
0
0
0
0
0
0
0
0
0
0
0
0
0
0
0
0
0
0
0
0
0
0
0
0
0
0
0
0
0
0
0
0
0
0
0
0
0
0
0
0
0
0
0
0
0
0
0
0
0
0
0
0
0
0
0
0
0
0
0
0
0
0
0
0
0
0
0
0
0
0
0
0
0
0
0
0
0
0
0
0
0
0
0
0
0
0
0
0
0
0
0
0
0
0
0
0
0
0
0
0
0
0
0
0
0
0
0
0
0
0
0
0
0
0
0
0
0
0
0
0
0
0
0
0
0
0
0
0
0
0
0
0
0
0
0
0
0
0
0
0
0
0
0
0
0
0
0
0
0
0
0
0
0
0
0
0
0
0
0
0
0
0
0
0
0
0
0
0
0
0
0
0
0
0
0
0
0
0
0
0
0
0
0
0
0
0
0
0
0
0
0
0
0
0
0
0
0
0
0
0
0
0
0
0
0
0
0
0
0
0
0
0
0
0
0
0
0
0
0
0
0
0
0
0
0
0
0
0
0
0
0
0
0
0
0
0
0
0
0
0
0
0
0
0
0
0
0
0
0
0
0
0
0
0
0
0
0
0
0
0
0
0
0
0
0
0
0
0
0
0
0
0
0
0
0
0
0
0
0
0
0
0
0
0
0
0
0
0
0
0
0
0
0
0
0
0
0
0
0
0
0
0
0
0
0
0
0
0
0
0
0
0
0
0
0
0
0
0
0
0
0
0
0
0
0
0
0
0
0
0
0
0
0
0
0
0
0
0
0
0
0
0
0
0
0
0
0
0
0
0
0
0
0
0
0
0
0
0
0
0
0
0
0
0
0
0
0
0
0
0
0
0
0
0
0
0
0
0
0
0
0
0
0
0
0
0
0
0
0
0
0
0
0
0
0
0
0
0
0
0
0
0
0
0
0
0
0
0
0
0
0
0
0
0
0
0
0
0
0
0
0
0
0
0
0
0
0
0
0
0
0
0
0
0
0
0
0
0
0
0
0
0
0
0
0
0
0
0
0
0
0
0
0
0
0
0
0
0
0
0
0
0
0
0
0
0
0
0
0
0
0
0
0
0
0
0
0
0
0
0
0
0
0
0
0
0
0
0
0
0
0
0
0
0
0
0
0
0
0
0
0
0
0
0
0
0
0
0
0
0
0
0
0
0
0
0
0
0
0
0
0
0
0
0
0
0
0
0
0
0
0
0
0
0
0
0
0
0
0
0
0
0
0
0
0
0
0
0
0
0
0
0
0
0
0
0
0
0
0
0
0
0
0
0
0
0
0
0
0
0
0
0
0
0
0
0
0
0
0
0
0
0
0
0
0
0
0
0
0
0
0
0
0
0
0
0
0
0
0
0
0
0
0
0
0
0
0
0
0
0
0
0
0
0
0
0
0
0
0
0
0
0
0
0
0
0
0
0
0
0
0
0
0
0
0
0
0
0
0
0
0
0
0
0
0
0
0
0
0
0
0
0
0
0
0
0
0
0
0
0
0
0
0
0
0
0
0
0
0
0
0
0
0
0
0
0
0
0
0
0
0
0
0
0
0
0
0
0
0
0
0
0
0
0
0
0
0
0
0
0
0
0
0
0
0
0
0
0
0
0
0
0
0
0
0
0
0
0
0
0
0
0
0
0
0
0
0
0
0
0
0
0
0
0
0
0
0
0
0
0
0
0
0
0
0
0
0
0
0
0
0
0
0
0
0
0
0
0
0
0
0
0
0
0
0
0
0
0
0
0
0
0
0
0
0
0
0
0
0
0
0
0
0
0
0
0
0
0
0
0
0
0
0
0
0
0
0
0
0
0
0
0
0
0
0
0
0
0
0
0
0
0
0
0
0
0
0
0
0
0
0
0
0
0
0
0
0
0
0
0
0
0
0
0
0
0
0
0
0
0
0
0
0
0
0
0
0
0
0
0
0
0
0
0
0
0
0
0
0
0
0
0
0
0
0
0
0
0
0
0
0
0
0
0
0
0
0
0
0
0
0
0
0
0
0
0
0
0
0
0
0
0
0
0
0
0
0
0
0
0
0
0
0
0
0
0
0
0
0
0
0
0
0
0
0
0
0
0
0
0
0
0
0
0
0
0
0
0
0
0
0
0
0
0
0
0
0
0
0
0
0
0
0
0
0
0
0
0
0
0
0
0
0
0
0
0
0
0
0
0
0
0
0
0
0
0
0
0
0
0
0
0
0
0
0
0
0
0
0
0
0
0
0
0
0
0
0
0
0
0
0
0
0
0
0
0
0
0
0
0
0
0
0
0
0
0
0
0
0
0
0
0
0
0
0
0
0
0
0
0
0
0
0
0
0
0
0
0
0
0
0
0
0
0
0
0
0
0
0
0
0
0
0
0
0
0
0
0
0
0
0
0
0
0
0
0
0
0
0
0
0
0
0
0
0
0
0
0
0
0
0
0
0
0
0
0
0
0
0
0
0
0
0
0
0
0
0
0
0
0
0
0
0
0
0
0
0
0
0
0
0
0
0
0
0
0
0
0
0
0
0
0
0
0
0
0
0
0
0
0
0
0
0
0
0
0
0
0
0
0
0
0
0
0
0
0
0
0
0
0
0
0
0
0
0
0
0
0
0
0
0
0
0
0
0
0
0
0
0
0
0
0
0
0
0
0
0
0
0
0
0
0
0
0
0
0
0
0
0
0
0
0
0
0
0
0
0
0
0
0
0
0
0
0
0
0
0
0
0
0
0
0
0
0
0
0
0
0
0
0
0
0
0
0
0
0
0
0
0
0
0
0
0
0
0
0
0
0
0
0
0
0
0
0
0
0
0
0
0
0
0
0
0
0
0
0
0
0
0
0
0
0
0
0
0
0
0
0
0
0
0
0
0
0
0
0
0
0
0
0
0
0
0
0
0
0
0
0
0
0
0
0
0
0
0
0
0
0
0
0
0
0
0
0
0
0
0
0
0
0
0
0
0
0
0
0
0
0
0
0
0
0
0
0
0
0
0
0
0
0
0
0
0
0
0
0
0
0
0
0
0
0
0
0
0
0
0
0
0
0
0
0
0
0
0
0
0
0
0
0
0
0
0
0
0
0
0
0
0
0
0
0
0
0
0
0
0
0
0
0
0
0
0
0
0
0
0
0
0
0
0
0
0
0
0
0
0
0
0
0
0
0
0
0
0
0
0
0
0
0
0
0
0
0
0
0
0
0
0
0
0
0
0
0
0
0
0
0
0
0
0
0
0
0
0
0
0
0
0
0
0
0
0
0
0
0
0
0
0
0
0
0
0
0
0
0
0
0
0
0
0
0
0
0
0
0
0
0
0
0
0
0
0
0
0
0
0
0
0
0
0
0
0
0
0
0
0
0
0
0
0
0
0
0
0
0
0
0
0
0
0
0
0
0
0
0
0
0
0
0
0
0
0
0
0
0
0
0
0
0
0
0
0
0
0
0
0
0
0
0
0
0
0
0
0
0
0
0
0
0
0
0
0
0
0
0
0
0
0
0
0
0
0
0
0
0
0
0
0
0
0
0
0
0
0
0
0
0
0
0
0
0
0
0
0
0
0
0
0
0
0
0
0
0
0
0
0
0
0
0
0
0
0
0
0
0
0
0
0
0
0
0
0
0
0
0
0
0
0
0
0
0
0
0
0
0
0
0
0
0
0
0
0
0
0
0
0
0
0
0
0
0
0
0
0
0
0
0
0
0
0
0
0
0
0
0
0
0
0
0
0
0
0
0
0
0
0
0
0
0
0
0
0
0
0
0
0
0
0
0
0
0
0
0
0
0
0
0
0
0
0
0
0
0
0
0
0
0
0
0
0
0
0
0
0
0
0
0
0
0
0
0
0
0
0
0
0
0
0
0
0
0
0
0
0
0
0
0
0
0
0
0
0
0
0
0
0
0
0
0
0
0
0
0
0
0
0
0
0
0
0
0
0
0
0
0
0
0
0
0
0
0
0
0
0
0
0
0
0
0
0
0
0
0
0
0
0
0
0
0
0
0
0
0
0
0
0
0
0
0
0
0
0
0
0
0
0
0
0
0
0
0
0
0
0
0
0
0
0
0
0
0
0
0
0
0
0
0
0
0
0
0
0
0
0
0
0
0
0
0
0
0
0
0
0
0
0
0
0
0
0
0
0
0
0
0
0
0
0
0
0
0
0
0
0
0
0
0
0
0
0
0
0
0
0
0
0
0
0
0
0
0
0
0
0
0
0
0
0
0
0
0
0
0
0
0
0
0
0
0
0
0
0
0
0
0
0
0
0
0
0
0
0
0
0
0
0
0
0
0
0
0
0
0
0
0
0
0
0
0
0
0
0
0
0
0
0
0
0
0
0
0
0
0
0
0
0
0
0
0
0
0
0
0
0
0
0
0
0
0
0
0
0
0
0
0
0
0
0
0
0
0
0
0
0
0
0
0
0
0
0
0
0
0
0
0
0
0
0
0
0
0
0
0
0
0
0
0
0
0
0
0
0
0
0
0
0
0
0
0
0
0
0
0
0
0
0
0
0
0
0
0
0
0
0
0
0
0
0
0
0
0
0
0
0
0
0
0
0
0
0
0
0
0
0
0
0
0
0
0
0
0
0
0
0
0
0
0
0
0
0
0
0
0
0
0
0
0
0
0
0
0
0
0
0
0
0
0
0
0
0
0
0
0
0
0
0
0
0
0
0
0
0
0
0
0
0
0
0
0
0
0
0
0
0
0
0
0
0
0
0
0
0
0
0
0
0
0
0
0
0
0
0
0
0
0
0
0
0
0
0
0
0
0
0
0
0
0
0
0
0
0
0
0
0
0
0
0
0
0
0
0
0
0
0
0
0
0
0
0
0
0
0
0
0
0
0
0
0
0
0
0
0
0
0
0
0
0
0
0
0
0
0
0
0
0
0
0
0
0
0
0
0
0
0
0
0
0
0
0
0
0
0
0
0
0
0
0
0
0
0
0
0
0
0
0
0
0
0
0
0
0
0
0
0
0
0
0
0
0
0
0
0
0
0
0
0
0
0
0
0
0
0
0
0
0
0
0
0
0
0
0
0
0
0
0
0
0
0
0
0
0
0
0
0
0
0
0
0
0
0
0
0
0
0
0
0
0
0
0
0
0
0
0
0
0
0
0
0
0
0
0
0
0
0
0
0
0
0
0
0
0
0
0
0
0
0
0
0
0
0
0
0
0
0
0
0
0
0
0
0
0
0
0
0
0
0
0
0
0
0
0
0
0
0
0
0
0
0
0
0
0
0
0
0
0
0
0
0
0
0
0
0
0
0
0
0
0
0
0
0
0
0
0
0
0
0
0
0
0
0
0
0
0
0
0
0
0
0
0
0
0
0
0
0
0
0
0
0
0
0
0
0
0
0
0
0
0
0
0
0
0
0
0
0
0
0
0
0
0
0
0
0
0
0
0
0
0
0
0
0
0
0
0
0
0
0
0
0
0
0
0
0
0
0
0
0
0
0
0
0
0
0
0
0
0
0
0
0
0
0
0
0
0
0
0
0
0
0
0
0
0
0
0
0
0
0
0
0
0
0
0
0
0
0
0
0
0
0
0
0
0
0
0
0
0
0
0
0
0
0
0
0
0
0
0
0
0
0
0
0
0
0
0
0
0
0
0
0
0
0
0
0
0
0
0
0
0
0
0
0
0
0
0
0
0
0
0
0
0
0
0
0
0
0
0
0
0
0
0
0
0
0
0
0
0
0
0
0
0
0
0
0
0
0
0
0
0
0
0
0
0
0
0
0
0
0
0
0
0
0
0
0
0
0
0
0
0
0
0
0
0
0
0
0
0
0
0
0
0
0
0
0
0
0
0
0
0
0
0
0
0
0
0
0
0
0
0
0
0
0
0
0
0
0
0
0
0
0
0
0
0
0
0
0
0
0
0
0
0
0
0
0
0
0
0
0
0
0
0
0
0
0
0
0
0
0
0
0
0
0
0
0
0
0
0
0
0
0
0
0
0
0
0
0
0
0
0
0
0
0
0
0
0
0
0
0
0
0
0
0
0
0
0
0
0
0
0
0
0
0
0
0
0
0
0
0
0
0
0
0
0
0
0
0
0
0
0
0
0
0
0
0
0
0
0
0
0
0
0
0
0
0
0
0
0
0
0
0
0
0
0
0
0
0
0
0
0
0
0
0
0
0
0
0
0
0
0
0
0
0
0
0
0
0
0
0
0
0
0
0
0
0
0
0
0
0
0
0
0
0
0
0
0
0
0
0
0
0
0
0
0
0
0
0
0
0
0
0
0
0
0
0
0
0
0
0
0
0
0
0
0
0
0
0
0
0
0
0
0
0
0
0
0
0
0
0
0
0
0
0
0
0
0
0
0
0
0
0
0
0
0
0
0
0
0
0
0
0
0
0
0
0
0
0
0
0
0
0
0
0
0
0
0
0
0
0
0
0
0
0
0
0
0
0
0
0
0
0
0
0
0
0
0
0
0
0
0
0
0
0
0
0
0
0
0
0
0
0
0
0
0
0
0
0
0
0
0
0
0
0
0
0
0
0
0
0
0
0
0
0
0
0
0
0
0
0
0
0
0
0
0
0
0
0
0
0
0
0
0
0
0
0
0
0
0
0
0
0
0
0
0
0
0
0
0
0
0
0
0
0
0
0
0
0
0
0
0
0
0
0
0
0
0
0
0
0
0
0
0
0
0
0
0
0
0
0
0
0
0
0
0
0
0
0
0
0
0
0
0
0
0
0
0
0
0
0
0
0
0
0
0
0
0
0
0
0
0
0
0
0
0
0
0
0
0
0
0
0
0
0
0
0
0
0
0
0
0
0
0
0
0
0
0
0
0
0
0
0
0
0
0
0
0
0
0
0
0
0
0
0
0
0
0
0
0
0
0
0
0
0
0
0
0
0
0
0
0
0
0
0
0
0
0
0
0
0
0
0
0
0
0
0
0
0
0
0
0
0
0
0
0
0
0
0
0
0
0
0
0
0
0
0
0
0
0
0
0
0
0
0
0
0
0
0
0
0
0
0
0
0
0
0
0
0
0
0
0
0
0
0
0
0
0
0
0
0
0
0
0
0
0
0
0
0
0
0
0
0
0
0
0
0
0
0
0
0
0
0
0
0
0
0
0
0
0
0
0
0
0
0
0
0
0
0
0
0
0
0
