1211
932
0
0
0
0
0
0
3153
2846
0
0
0
0
0
0
1217
930
0
0
0
0
0
0
3155
2840
0
0
0
0
0
0
3157
928
0
0
0
0
0
0
1229
2834
0
0
0
0
0
0
3159
926
0
0
0
0
0
0
1235
2828
0
0
0
0
0
0
3161
924
0
0
0
0
0
0
1241
2822
0
0
0
0
0
0
3163
922
0
0
0
0
0
0
1247
2816
0
0
0
0
0
0
3165
920
0
0
0
0
0
0
1254
2810
0
0
0
0
0
0
3167
918
0
0
0
0
0
0
1260
2804
0
0
0
0
0
0
3169
916
0
0
0
0
0
0
1266
2798
0
0
0
0
0
0
3171
914
0
0
0
0
0
0
1272
2792
0
0
0
0
0
0
3173
912
0
0
0
0
0
0
1278
2786
0
0
0
0
0
0
3175
910
0
0
0
0
0
0
1281
2782
0
0
0
0
0
0
3179
905
0
0
0
0
0
0
1283
2778
0
0
0
0
0
0
3173
909
0
0
0
0
0
0
1278
2781
0
0
0
0
0
0
3178
900
0
0
0
0
0
0
1286
2770
0
0
0
0
0
0
3167
909
0
0
0
0
0
0
1263
2790
0
0
0
0
0
0
3144
926
0
0
0
0
0
0
1258
2785
0
0
0
0
0
0
3139
918
0
0
0
0
0
0
1236
2794
0
0
0
0
0
0
3112
931
0
0
0
0
0
0
1197
2817
0
0
0
0
0
0
3076
950
0
0
0
0
0
0
1146
2848
0
0
0
0
0
0
3023
982
0
0
0
0
0
0
1089
2887
0
0
0
0
0
0
2933
1059
0
0
0
0
0
0
970
2996
0
0
0
0
0
0
2829
1155
0
0
0
0
0
0
859
3108
0
0
0
0
0
0
2687
1308
0
0
0
0
0
0
707
3277
0
0
0
0
0
0
2550
1472
0
0
0
0
0
0
559
3463
0
0
0
0
0
0
2419
1649
0
0
0
0
0
0
448
3631
0
0
0
0
0
0
2324
1810
0
0
0
0
0
0
415
3734
0
0
0
0
0
0
2335
1876
0
0
0
0
0
0
453
3776
0
0
0
0
0
0
2446
1842
0
0
0
0
0
0
639
3663
0
0
0
0
0
0
2702
1652
0
0
0
0
0
0
960
3398
0
0
0
0
0
0
3088
1309
0
0
0
0
0
0
1403
2980
0
0
0
0
0
0
3589
815
0
0
0
0
0
0
1920
2451
0
0
0
0
0
0
30
239
0
0
0
0
0
0
2484
1822
0
0
0
0
0
0
574
3704
0
0
0
0
0
0
2978
1219
0
0
0
0
0
0
1015
3131
0
0
0
0
0
0
3342
705
0
0
0
0
0
0
1258
2721
0
0
0
0
0
0
3486
380
0
0
0
0
0
0
1270
2522
0
0
0
0
0
0
3353
323
0
0
0
0
0
0
975
2632
0
0
0
0
0
0
2887
617
0
0
0
0
0
0
321
3132
0
0
0
0
0
0
2095
1278
0
0
0
0
0
0
3461
3989
0
0
0
0
0
0
993
2318
0
0
0
0
0
0
2249
1080
0
0
0
0
0
0
3820
3603
0
0
0
0
0
0
932
2461
0
0
0
0
0
0
2471
969
0
0
0
0
0
0
3703
3944
0
0
0
0
0
0
1231
2413
0
0
0
0
0
0
2561
1237
0
0
0
0
0
0
250
3676
0
0
0
0
0
0
1782
2327
0
0
0
0
0
0
3798
462
0
0
0
0
0
0
1488
2968
0
0
0
0
0
0
2883
1835
0
0
0
0
0
0
1792
3006
0
0
0
0
0
0
3184
1896
0
0
0
0
0
0
2741
2353
0
0
0
0
0
0
231
1018
0
0
0
0
0
0
222
980
0
0
0
0
0
0
3905
3031
0
0
0
0
0
0
2273
3105
0
0
0
0
0
0
2230
441
0
0
0
0
0
0
513
694
0
0
0
0
0
0
3707
400
0
0
0
0
0
0
2891
2182
0
0
0
0
0
0
444
4025
0
0
0
0
0
0
903
3797
0
0
0
0
0
0
370
3899
0
0
0
0
0
0
2465
1746
0
0
0
0
0
0
919
2904
0
0
0
0
0
0
3240
416
0
0
0
0
0
0
1012
2276
0
0
0
0
0
0
3023
75
0
0
0
0
0
0
245
2515
0
0
0
0
0
0
1789
809
0
0
0
0
0
0
2577
3841
0
0
0
0
0
0
3619
2709
0
0
0
0
0
0
3959
2181
0
0
0
0
0
0
520
1530
0
0
0
0
0
0
540
1429
0
0
0
0
0
0
979
1107
0
0
0
0
0
0
884
1242
0
0
0
0
0
0
1236
1130
0
0
0
0
0
0
317
2309
0
0
0
0
0
0
1800
1066
0
0
0
0
0
0
828
2433
0
0
0
0
0
0
2137
1516
0
0
0
0
0
0
2459
1565
0
0
0
0
0
0
41
353
0
0
0
0
0
0
1313
3539
0
0
0
0
0
0
3660
1668
0
0
0
0
0
0
1714
3942
0
0
0
0
0
0
721
1273
0
0
0
0
0
0
3675
2671
0
0
0
0
0
0
3416
3271
0
0
0
0
0
0
2996
3832
0
0
0
0
0
0
3347
3691
0
0
0
0
0
0
3469
3566
0
0
0
0
0
0
110
2881
0
0
0
0
0
0
556
2264
0
0
0
0
0
0
2333
268
0
0
0
0
0
0
3802
9
0
0
0
0
0
0
3809
2245
0
0
0
0
0
0
732
2155
0
0
0
0
0
0
149
921
0
0
0
0
0
0
3610
3984
0
0
0
0
0
0
51
3941
0
0
0
0
0
0
1191
1753
0
0
0
0
0
0
1589
1231
0
0
0
0
0
0
3859
2257
0
0
0
0
0
0
800
926
0
0
0
0
0
0
3513
227
0
0
0
0
0
0
1900
3021
0
0
0
0
0
0
3137
45
0
0
0
0
0
0
1039
3285
0
0
0
0
0
0
2322
2962
0
0
0
0
0
0
2809
1309
0
0
0
0
0
0
3008
186
0
0
0
0
0
0
2786
1670
0
0
0
0
0
0
1407
2180
0
0
0
0
0
0
3346
1808
0
0
0
0
0
0
99
2679
0
0
0
0
0
0
3990
2333
0
0
0
0
0
0
3234
159
0
0
0
0
0
0
2828
769
0
0
0
0
0
0
1063
3540
0
0
0
0
0
0
3248
1936
0
0
0
0
0
0
337
1574
0
0
0
0
0
0
2924
3751
0
0
0
0
0
0
2000
1263
0
0
0
0
0
0
1563
2295
0
0
0
0
0
0
2213
2149
0
0
0
0
0
0
2945
1834
0
0
0
0
0
0
747
211
0
0
0
0
0
0
275
2295
0
0
0
0
0
0
3013
3656
0
0
0
0
0
0
1399
893
0
0
0
0
0
0
3457
1103
0
0
0
0
0
0
2705
409
0
0
0
0
0
0
1568
1142
0
0
0
0
0
0
44
3969
0
0
0
0
0
0
2197
1994
0
0
0
0
0
0
1476
1003
0
0
0
0
0
0
2939
653
0
0
0
0
0
0
272
2063
0
0
0
0
0
0
2612
3606
0
0
0
0
0
0
720
345
0
0
0
0
0
0
921
3637
0
0
0
0
0
0
764
2918
0
0
0
0
0
0
473
2613
0
0
0
0
0
0
570
431
0
0
0
0
0
0
3278
1418
0
0
0
0
0
0
3624
900
0
0
0
0
0
0
1206
3215
0
0
0
0
0
0
820
2106
0
0
0
0
0
0
1943
1220
0
0
0
0
0
0
369
1068
0
0
0
0
0
0
2546
1013
0
0
0
0
0
0
2724
4004
0
0
0
0
0
0
1402
3503
0
0
0
0
0
0
1731
1120
0
0
0
0
0
0
701
2136
0
0
0
0
0
0
3423
1025
0
0
0
0
0
0
3619
1480
0
0
0
0
0
0
1865
575
0
0
0
0
0
0
1646
1718
0
0
0
0
0
0
3630
896
0
0
0
0
0
0
622
684
0
0
0
0
0
0
1175
1012
0
0
0
0
0
0
3998
2923
0
0
0
0
0
0
374
335
0
0
0
0
0
0
579
425
0
0
0
0
0
0
754
212
0
0
0
0
0
0
3888
2499
0
0
0
0
0
0
2585
3562
0
0
0
0
0
0
175
1172
0
0
0
0
0
0
235
1125
0
0
0
0
0
0
2166
1321
0
0
0
0
0
0
1154
3996
0
0
0
0
0
0
3617
837
0
0
0
0
0
0
3290
3300
0
0
0
0
0
0
1219
1851
0
0
0
0
0
0
3937
1529
0
0
0
0
0
0
731
54
0
0
0
0
0
0
3955
3508
0
0
0
0
0
0
1406
1107
0
0
0
0
0
0
3840
66
0
0
0
0
0
0
1847
2784
0
0
0
0
0
0
1541
923
0
0
0
0
0
0
2133
1225
0
0
0
0
0
0
3031
3765
0
0
0
0
0
0
2364
728
0
0
0
0
0
0
3348
3187
0
0
0
0
0
0
555
3293
0
0
0
0
0
0
3160
1247
0
0
0
0
0
0
2866
2697
0
0
0
0
0
0
278
1567
0
0
0
0
0
0
3081
910
0
0
0
0
0
0
2231
476
0
0
0
0
0
0
2990
4084
0
0
0
0
0
0
3033
2123
0
0
0
0
0
0
3936
2376
0
0
0
0
0
0
1018
3086
0
0
0
0
0
0
2666
2777
0
0
0
0
0
0
455
2390
0
0
0
0
0
0
253
3756
0
0
0
0
0
0
3528
2997
0
0
0
0
0
0
1645
1565
0
0
0
0
0
0
1750
1855
0
0
0
0
0
0
3747
1565
0
0
0
0
0
0
3385
1982
0
0
0
0
0
0
2581
3752
0
0
0
0
0
0
2427
2598
0
0
0
0
0
0
760
2174
0
0
0
0
0
0
604
2559
0
0
0
0
0
0
540
724
0
0
0
0
0
0
3457
2333
0
0
0
0
0
0
1546
798
0
0
0
0
0
0
457
1600
0
0
0
0
0
0
2894
4007
0
0
0
0
0
0
2639
1305
0
0
0
0
0
0
376
1358
0
0
0
0
0
0
554
543
0
0
0
0
0
0
1907
2277
0
0
0
0
0
0
2934
3690
0
0
0
0
0
0
2101
502
0
0
0
0
0
0
2281
1026
0
0
0
0
0
0
3844
1122
0
0
0
0
0
0
2047
790
0
0
0
0
0
0
399
3439
0
0
0
0
0
0
4092
1912
0
0
0
0
0
0
557
997
0
0
0
0
0
0
150
1590
0
0
0
0
0
0
709
2672
0
0
0
0
0
0
566
56
0
0
0
0
0
0
707
168
0
0
0
0
0
0
1237
1553
0
0
0
0
0
0
100
112
0
0
0
0
0
0
196
2054
0
0
0
0
0
0
3931
223
0
0
0
0
0
0
3085
3121
0
0
0
0
0
0
1609
2332
0
0
0
0
0
0
1343
173
0
0
0
0
0
0
1221
3199
0
0
0
0
0
0
750
712
0
0
0
0
0
0
2082
104
0
0
0
0
0
0
2360
1746
0
0
0
0
0
0
3858
499
0
0
0
0
0
0
1769
1024
0
0
0
0
0
0
1759
1205
0
0
0
0
0
0
1610
1503
0
0
0
0
0
0
1979
2509
0
0
0
0
0
0
1415
350
0
0
0
0
0
0
2132
3800
0
0
0
0
0
0
3209
866
0
0
0
0
0
0
1611
264
0
0
0
0
0
0
3060
2308
0
0
0
0
0
0
3966
274
0
0
0
0
0
0
2648
1609
0
0
0
0
0
0
3628
898
0
0
0
0
0
0
3527
2330
0
0
0
0
0
0
3697
1188
0
0
0
0
0
0
3138
3260
0
0
0
0
0
0
3330
2200
0
0
0
0
0
0
1465
336
0
0
0
0
0
0
146
1214
0
0
0
0
0
0
2897
438
0
0
0
0
0
0
1994
1715
0
0
0
0
0
0
1471
922
0
0
0
0
0
0
1588
1430
0
0
0
0
0
0
4087
2637
0
0
0
0
0
0
3140
287
0
0
0
0
0
0
35
881
0
0
0
0
0
0
706
2303
0
0
0
0
0
0
3742
776
0
0
0
0
0
0
3789
3749
0
0
0
0
0
0
2200
985
0
0
0
0
0
0
1465
2753
0
0
0
0
0
0
3031
3769
0
0
0
0
0
0
1530
789
0
0
0
0
0
0
1730
2226
0
0
0
0
0
0
1799
3399
0
0
0
0
0
0
3134
2715
0
0
0
0
0
0
1254
2162
0
0
0
0
0
0
274
2516
0
0
0
0
0
0
3056
1306
0
0
0
0
0
0
2811
1078
0
0
0
0
0
0
866
1015
0
0
0
0
0
0
2294
3071
0
0
0
0
0
0
1859
2145
0
0
0
0
0
0
787
651
0
0
0
0
0
0
3518
2161
0
0
0
0
0
0
3656
1840
0
0
0
0
0
0
2625
3296
0
0
0
0
0
0
533
1712
0
0
0
0
0
0
2035
1362
0
0
0
0
0
0
1825
737
0
0
0
0
0
0
2991
3679
0
0
0
0
0
0
969
1562
0
0
0
0
0
0
1839
3549
0
0
0
0
0
0
3793
1324
0
0
0
0
0
0
3756
3560
0
0
0
0
0
0
3211
1545
0
0
0
0
0
0
1897
3979
0
0
0
0
0
0
2533
1706
0
0
0
0
0
0
3741
216
0
0
0
0
0
0
1814
2875
0
0
0
0
0
0
1574
340
0
0
0
0
0
0
314
1405
0
0
0
0
0
0
1193
3662
0
0
0
0
0
0
1879
3535
0
0
0
0
0
0
2134
730
0
0
0
0
0
0
193
2314
0
0
0
0
0
0
191
18
0
0
0
0
0
0
140
865
0
0
0
0
0
0
2010
1239
0
0
0
0
0
0
2077
1219
0
0
0
0
0
0
1932
1326
0
0
0
0
0
0
2234
3159
0
0
0
0
0
0
2318
770
0
0
0
0
0
0
884
2674
0
0
0
0
0
0
1315
3851
0
0
0
0
0
0
3874
2625
0
0
0
0
0
0
3419
1940
0
0
0
0
0
0
2870
2420
0
0
0
0
0
0
313
1511
0
0
0
0
0
0
3341
1061
0
0
0
0
0
0
3135
1734
0
0
0
0
0
0
3994
3904
0
0
0
0
0
0
2684
1426
0
0
0
0
0
0
3254
4062
0
0
0
0
0
0
725
3156
0
0
0
0
0
0
2997
2580
0
0
0
0
0
0
1657
3189
0
0
0
0
0
0
272
396
0
0
0
0
0
0
1568
2109
0
0
0
0
0
0
3542
378
0
0
0
0
0
0
1854
468
0
0
0
0
0
0
2015
3496
0
0
0
0
0
0
2838
2265
0
0
0
0
0
0
1428
1002
0
0
0
0
0
0
279
1790
0
0
0
0
0
0
3892
3782
0
0
0
0
0
0
1805
119
0
0
0
0
0
0
78
3207
0
0
0
0
0
0
1570
3332
0
0
0
0
0
0
3272
3165
0
0
0
0
0
0
3078
3063
0
0
0
0
0
0
3225
1641
0
0
0
0
0
0
4034
2938
0
0
0
0
0
0
406
2486
0
0
0
0
0
0
3245
2794
0
0
0
0
0
0
2218
3789
0
0
0
0
0
0
2495
3250
0
0
0
0
0
0
3800
1004
0
0
0
0
0
0
566
3427
0
0
0
0
0
0
3587
3352
0
0
0
0
0
0
860
3473
0
0
0
0
0
0
140
2394
0
0
0
0
0
0
2759
501
0
0
0
0
0
0
702
1347
0
0
0
0
0
0
1152
331
0
0
0
0
0
0
543
1035
0
0
0
0
0
0
2701
1098
0
0
0
0
0
0
2294
1393
0
0
0
0
0
0
1934
1944
0
0
0
0
0
0
631
182
0
0
0
0
0
0
2089
2288
0
0
0
0
0
0
126
2319
0
0
0
0
0
0
2405
1073
0
0
0
0
0
0
3122
1841
0
0
0
0
0
0
3670
953
0
0
0
0
0
0
308
1644
0
0
0
0
0
0
1410
2424
0
0
0
0
0
0
1161
1861
0
0
0
0
0
0
139
1287
0
0
0
0
0
0
821
844
0
0
0
0
0
0
3268
2742
0
0
0
0
0
0
1601
1759
0
0
0
0
0
0
2096
3351
0
0
0
0
0
0
1304
3782
0
0
0
0
0
0
355
3464
0
0
0
0
0
0
3666
281
0
0
0
0
0
0
1216
4046
0
0
0
0
0
0
2512
2742
0
0
0
0
0
0
1993
2025
0
0
0
0
0
0
203
1411
0
0
0
0
0
0
51
2551
0
0
0
0
0
0
1929
1896
0
0
0
0
0
0
629
1113
0
0
0
0
0
0
780
807
0
0
0
0
0
0
3699
3661
0
0
0
0
0
0
3830
707
0
0
0
0
0
0
4041
4003
0
0
0
0
0
0
2693
1487
0
0
0
0
0
0
3175
948
0
0
0
0
0
0
2627
1569
0
0
0
0
0
0
3365
4033
0
0
0
0
0
0
1534
595
0
0
0
0
0
0
2627
1081
0
0
0
0
0
0
3259
786
0
0
0
0
0
0
1330
1652
0
0
0
0
0
0
3122
3432
0
0
0
0
0
0
2182
2964
0
0
0
0
0
0
1247
1361
0
0
0
0
0
0
2977
1594
0
0
0
0
0
0
595
1964
0
0
0
0
0
0
2788
2758
0
0
0
0
0
0
2670
3184
0
0
0
0
0
0
3729
1053
0
0
0
0
0
0
1505
3098
0
0
0
0
0
0
234
3846
0
0
0
0
0
0
3334
92
0
0
0
0
0
0
2293
2999
0
0
0
0
0
0
2296
3513
0
0
0
0
0
0
3178
1350
0
0
0
0
0
0
1644
407
0
0
0
0
0
0
3883
3168
0
0
0
0
0
0
1166
3065
0
0
0
0
0
0
3346
3010
0
0
0
0
0
0
3238
622
0
0
0
0
0
0
1075
2310
0
0
0
0
0
0
1402
3017
0
0
0
0
0
0
1403
3028
0
0
0
0
0
0
3987
1771
0
0
0
0
0
0
3040
1795
0
0
0
0
0
0
2606
2535
0
0
0
0
0
0
2724
762
0
0
0
0
0
0
1787
947
0
0
0
0
0
0
1827
1795
0
0
0
0
0
0
917
2865
0
0
0
0
0
0
1821
317
0
0
0
0
0
0
2404
803
0
0
0
0
0
0
2629
4031
0
0
0
0
0
0
2094
385
0
0
0
0
0
0
3194
2814
0
0
0
0
0
0
2554
3798
0
0
0
0
0
0
2715
993
0
0
0
0
0
0
858
1296
0
0
0
0
0
0
1971
3370
0
0
0
0
0
0
923
325
0
0
0
0
0
0
1160
3380
0
0
0
0
0
0
1110
3876
0
0
0
0
0
0
989
870
0
0
0
0
0
0
729
250
0
0
0
0
0
0
2180
2124
0
0
0
0
0
0
3685
3625
0
0
0
0
0
0
1339
571
0
0
0
0
0
0
1614
1977
0
0
0
0
0
0
3446
714
0
0
0
0
0
0
3478
1674
0
0
0
0
0
0
2282
1623
0
0
0
0
0
0
3542
770
0
0
0
0
0
0
2599
156
0
0
0
0
0
0
1650
1657
0
0
0
0
0
0
1933
3319
0
0
0
0
0
0
473
1343
0
0
0
0
0
0
164
175
0
0
0
0
0
0
3840
2415
0
0
0
0
0
0
1568
3744
0
0
0
0
0
0
1693
798
0
0
0
0
0
0
2916
3554
0
0
0
0
0
0
3860
798
0
0
0
0
0
0
3656
1501
0
0
0
0
0
0
2777
335
0
0
0
0
0
0
3255
3188
0
0
0
0
0
0
470
3620
0
0
0
0
0
0
1754
3880
0
0
0
0
0
0
2164
453
0
0
0
0
0
0
2754
970
0
0
0
0
0
0
1602
3195
0
0
0
0
0
0
413
828
0
0
0
0
0
0
2193
3399
0
0
0
0
0
0
1976
4024
0
0
0
0
0
0
2914
1528
0
0
0
0
0
0
2059
2639
0
0
0
0
0
0
3066
3975
0
0
0
0
0
0
1877
840
0
0
0
0
0
0
2983
2612
0
0
0
0
0
0
1968
153
0
0
0
0
0
0
1364
4060
0
0
0
0
0
0
23
2456
0
0
0
0
0
0
728
2418
0
0
0
0
0
0
1092
1118
0
0
0
0
0
0
3473
1398
0
0
0
0
0
0
89
1061
0
0
0
0
0
0
3941
1830
0
0
0
0
0
0
3569
1030
0
0
0
0
0
0
2749
3937
0
0
0
0
0
0
785
2148
0
0
0
0
0
0
50
951
0
0
0
0
0
0
1630
2891
0
0
0
0
0
0
1429
1924
0
0
0
0
0
0
1288
3640
0
0
0
0
0
0
2277
2091
0
0
0
0
0
0
1379
758
0
0
0
0
0
0
786
1515
0
0
0
0
0
0
3805
3921
0
0
0
0
0
0
2527
459
0
0
0
0
0
0
2288
14
0
0
0
0
0
0
2274
377
0
0
0
0
0
0
921
3762
0
0
0
0
0
0
3203
3729
0
0
0
0
0
0
175
3590
0
0
0
0
0
0
2034
1666
0
0
0
0
0
0
3155
3025
0
0
0
0
0
0
252
2361
0
0
0
0
0
0
2528
2019
0
0
0
0
0
0
2144
906
0
0
0
0
0
0
367
379
0
0
0
0
0
0
873
3012
0
0
0
0
0
0
3402
823
0
0
0
0
0
0
1450
3998
0
0
0
0
0
0
2253
3302
0
0
0
0
0
0
660
3814
0
0
0
0
0
0
3807
2813
0
0
0
0
0
0
3214
1016
0
0
0
0
0
0
978
3801
0
0
0
0
0
0
3653
710
0
0
0
0
0
0
1016
2985
0
0
0
0
0
0
1921
2456
0
0
0
0
0
0
3499
1651
0
0
0
0
0
0
27
2881
0
0
0
0
0
0
3036
3794
0
0
0
0
0
0
3140
3066
0
0
0
0
0
0
3242
121
0
0
0
0
0
0
3586
1244
0
0
0
0
0
0
1673
1258
0
0
0
0
0
0
75
3146
0
0
0
0
0
0
313
136
0
0
0
0
0
0
1068
415
0
0
0
0
0
0
3762
2877
0
0
0
0
0
0
83
523
0
0
0
0
0
0
3601
3138
0
0
0
0
0
0
1404
582
0
0
0
0
0
0
2263
541
0
0
0
0
0
0
3449
3184
0
0
0
0
0
0
56
1545
0
0
0
0
0
0
1544
206
0
0
0
0
0
0
1479
917
0
0
0
0
0
0
4029
3351
0
0
0
0
0
0
2732
521
0
0
0
0
0
0
3838
3466
0
0
0
0
0
0
3694
4093
0
0
0
0
0
0
3906
1524
0
0
0
0
0
0
2928
2548
0
0
0
0
0
0
3545
3793
0
0
0
0
0
0
1562
2085
0
0
0
0
0
0
3919
3333
0
0
0
0
0
0
356
2698
0
0
0
0
0
0
100
2251
0
0
0
0
0
0
518
1462
0
0
0
0
0
0
2602
539
0
0
0
0
0
0
3209
3298
0
0
0
0
0
0
3540
197
0
0
0
0
0
0
2118
3004
0
0
0
0
0
0
242
1097
0
0
0
0
0
0
132
1547
0
0
0
0
0
0
3349
452
0
0
0
0
0
0
3726
2638
0
0
0
0
0
0
3112
4087
0
0
0
0
0
0
2622
1472
0
0
0
0
0
0
3578
3629
0
0
0
0
0
0
1208
3323
0
0
0
0
0
0
3561
1578
0
0
0
0
0
0
1743
1052
0
0
0
0
0
0
2579
1095
0
0
0
0
0
0
234
2361
0
0
0
0
0
0
3892
1363
0
0
0
0
0
0
497
1883
0
0
0
0
0
0
1193
3330
0
0
0
0
0
0
2667
2470
0
0
0
0
0
0
3007
3264
0
0
0
0
0
0
3137
2778
0
0
0
0
0
0
778
833
0
0
0
0
0
0
86
3457
0
0
0
0
0
0
708
158
0
0
0
0
0
0
2503
2392
0
0
0
0
0
0
332
3389
0
0
0
0
0
0
556
3829
0
0
0
0
0
0
2240
796
0
0
0
0
0
0
1456
1606
0
0
0
0
0
0
3997
3564
0
0
0
0
0
0
706
2652
0
0
0
0
0
0
785
2206
0
0
0
0
0
0
1841
2051
0
0
0
0
0
0
2073
1593
0
0
0
0
0
0
100
1014
0
0
0
0
0
0
3511
1557
0
0
0
0
0
0
1793
1943
0
0
0
0
0
0
3715
797
0
0
0
0
0
0
2898
2159
0
0
0
0
0
0
2343
2290
0
0
0
0
0
0
2403
114
0
0
0
0
0
0
3825
3800
0
0
0
0
0
0
1363
3618
0
0
0
0
0
0
1292
3326
0
0
0
0
0
0
311
3134
0
0
0
0
0
0
778
467
0
0
0
0
0
0
1033
3440
0
0
0
0
0
0
1538
4044
0
0
0
0
0
0
1603
1859
0
0
0
0
0
0
3341
596
0
0
0
0
0
0
3840
784
0
0
0
0
0
0
3841
160
0
0
0
0
0
0
3471
1403
0
0
0
0
0
0
162
1105
0
0
0
0
0
0
2179
2091
0
0
0
0
0
0
2140
4080
0
0
0
0
0
0
3460
3559
0
0
0
0
0
0
1599
1306
0
0
0
0
0
0
1892
257
0
0
0
0
0
0
1304
686
0
0
0
0
0
0
2911
1129
0
0
0
0
0
0
1871
10
0
0
0
0
0
0
333
593
0
0
0
0
0
0
3146
2615
0
0
0
0
0
0
1400
3214
0
0
0
0
0
0
1658
1124
0
0
0
0
0
0
177
1311
0
0
0
0
0
0
2047
3318
0
0
0
0
0
0
2177
3448
0
0
0
0
0
0
1705
1302
0
0
0
0
0
0
2532
1744
0
0
0
0
0
0
3950
3066
0
0
0
0
0
0
2815
3206
0
0
0
0
0
0
2411
1386
0
0
0
0
0
0
1246
3052
0
0
0
0
0
0
1628
2747
0
0
0
0
0
0
582
931
0
0
0
0
0
0
3713
480
0
0
0
0
0
0
1570
2869
0
0
0
0
0
0
3694
760
0
0
0
0
0
0
1002
3215
0
0
0
0
0
0
1097
2227
0
0
0
0
0
0
1244
3924
0
0
0
0
0
0
2069
3737
0
0
0
0
0
0
3828
3440
0
0
0
0
0
0
1314
3546
0
0
0
0
0
0
1728
2635
0
0
0
0
0
0
3912
2792
0
0
0
0
0
0
3406
2514
0
0
0
0
0
0
3106
3948
0
0
0
0
0
0
139
3944
0
0
0
0
0
0
2119
2177
0
0
0
0
0
0
871
2950
0
0
0
0
0
0
328
2549
0
0
0
0
0
0
2187
1334
0
0
0
0
0
0
26
2753
0
0
0
0
0
0
836
2510
0
0
0
0
0
0
1650
2057
0
0
0
0
0
0
1318
1785
0
0
0
0
0
0
1223
985
0
0
0
0
0
0
1890
2343
0
0
0
0
0
0
284
1689
0
0
0
0
0
0
23
3994
0
0
0
0
0
0
630
2805
0
0
0
0
0
0
2549
2362
0
0
0
0
0
0
2168
2600
0
0
0
0
0
0
3078
2215
0
0
0
0
0
0
3528
702
0
0
0
0
0
0
346
1556
0
0
0
0
0
0
693
1581
0
0
0
0
0
0
2653
1320
0
0
0
0
0
0
503
1640
0
0
0
0
0
0
3511
1149
0
0
0
0
0
0
3834
2850
0
0
0
0
0
0
3760
2548
0
0
0
0
0
0
2330
1604
0
0
0
0
0
0
187
2337
0
0
0
0
0
0
2696
2255
0
0
0
0
0
0
1350
563
0
0
0
0
0
0
3710
1911
0
0
0
0
0
0
822
751
0
0
0
0
0
0
1034
8
0
0
0
0
0
0
641
3355
0
0
0
0
0
0
927
873
0
0
0
0
0
0
1050
3698
0
0
0
0
0
0
3939
1767
0
0
0
0
0
0
2214
3013
0
0
0
0
0
0
3078
2730
0
0
0
0
0
0
3003
2696
0
0
0
0
0
0
1858
1943
0
0
0
0
0
0
1562
2811
0
0
0
0
0
0
1582
1995
0
0
0
0
0
0
3853
717
0
0
0
0
0
0
2303
2303
0
0
0
0
0
0
2186
1386
0
0
0
0
0
0
264
1528
0
0
0
0
0
0
3688
4095
0
0
0
0
0
0
1585
1415
0
0
0
0
0
0
3142
914
0
0
0
0
0
0
895
189
0
0
0
0
0
0
2910
2483
0
0
0
0
0
0
2505
2861
0
0
0
0
0
0
2749
1739
0
0
0
0
0
0
2945
371
0
0
0
0
0
0
3224
2022
0
0
0
0
0
0
3376
2430
0
0
0
0
0
0
1438
3538
0
0
0
0
0
0
2053
3891
0
0
0
0
0
0
1135
1174
0
0
0
0
0
0
1153
4030
0
0
0
0
0
0
3616
1936
0
0
0
0
0
0
3732
3425
0
0
0
0
0
0
3681
1853
0
0
0
0
0
0
936
3481
0
0
0
0
0
0
4043
2375
0
0
0
0
0
0
3871
451
0
0
0
0
0
0
3931
1843
0
0
0
0
0
0
1398
2854
0
0
0
0
0
0
1928
3578
0
0
0
0
0
0
966
885
0
0
0
0
0
0
2396
1686
0
0
0
0
0
0
2505
517
0
0
0
0
0
0
608
1837
0
0
0
0
0
0
84
3521
0
0
0
0
0
0
3280
3797
0
0
0
0
0
0
2220
3777
0
0
0
0
0
0
1702
1179
0
0
0
0
0
0
722
1998
0
0
0
0
0
0
1291
3862
0
0
0
0
0
0
760
4080
0
0
0
0
0
0
3346
2256
0
0
0
0
0
0
3718
1474
0
0
0
0
0
0
3157
3758
0
0
0
0
0
0
2187
1866
0
0
0
0
0
0
3499
2450
0
0
0
0
0
0
4081
784
0
0
0
0
0
0
682
1746
0
0
0
0
0
0
2003
1587
0
0
0
0
0
0
2175
2586
0
0
0
0
0
0
3083
1432
0
0
0
0
0
0
1007
2503
0
0
0
0
0
0
3850
1760
0
0
0
0
0
0
1447
4059
0
0
0
0
0
0
2994
1116
0
0
0
0
0
0
982
560
0
0
0
0
0
0
3684
1943
0
0
0
0
0
0
4089
2905
0
0
0
0
0
0
3797
2731
0
0
0
0
0
0
2259
441
0
0
0
0
0
0
1861
1745
0
0
0
0
0
0
3045
1078
0
0
0
0
0
0
1589
4053
0
0
0
0
0
0
2419
2377
0
0
0
0
0
0
1326
3933
0
0
0
0
0
0
1044
350
0
0
0
0
0
0
2517
38
0
0
0
0
0
0
565
2248
0
0
0
0
0
0
3140
3889
0
0
0
0
0
0
43
3768
0
0
0
0
0
0
2350
3065
0
0
0
0
0
0
4010
3699
0
0
0
0
0
0
1540
2369
0
0
0
0
0
0
2480
399
0
0
0
0
0
0
3617
1789
0
0
0
0
0
0
3700
3125
0
0
0
0
0
0
1559
3197
0
0
0
0
0
0
1474
4013
0
0
0
0
0
0
1023
2267
0
0
0
0
0
0
3657
3521
0
0
0
0
0
0
3283
1670
0
0
0
0
0
0
3781
2136
0
0
0
0
0
0
3069
514
0
0
0
0
0
0
2800
2101
0
0
0
0
0
0
2502
3802
0
0
0
0
0
0
4056
3428
0
0
0
0
0
0
3196
1169
0
0
0
0
0
0
784
1733
0
0
0
0
0
0
2565
431
0
0
0
0
0
0
2289
2289
0
0
0
0
0
0
1618
2908
0
0
0
0
0
0
439
1100
0
0
0
0
0
0
351
622
0
0
0
0
0
0
1956
455
0
0
0
0
0
0
1326
81
0
0
0
0
0
0
1035
56
0
0
0
0
0
0
3012
851
0
0
0
0
0
0
2633
1623
0
0
0
0
0
0
1317
3994
0
0
0
0
0
0
4074
1196
0
0
0
0
0
0
82
2280
0
0
0
0
0
0
2653
1383
0
0
0
0
0
0
830
2942
0
0
0
0
0
0
3881
2362
0
0
0
0
0
0
3902
1800
0
0
0
0
0
0
705
2482
0
0
0
0
0
0
1916
2360
0
0
0
0
0
0
4075
2451
0
0
0
0
0
0
2454
3918
0
0
0
0
0
0
1013
3942
0
0
0
0
0
0
1709
1187
0
0
0
0
0
0
1196
4013
0
0
0
0
0
0
1536
1077
0
0
0
0
0
0
2494
67
0
0
0
0
0
0
3307
634
0
0
0
0
0
0
719
4014
0
0
0
0
0
0
440
1611
0
0
0
0
0
0
2254
920
0
0
0
0
0
0
1477
3005
0
0
0
0
0
0
69
1602
0
0
0
0
0
0
2294
541
0
0
0
0
0
0
3796
130
0
0
0
0
0
0
465
303
0
0
0
0
0
0
357
1230
0
0
0
0
0
0
3337
2973
0
0
0
0
0
0
1119
1570
0
0
0
0
0
0
1665
1290
0
0
0
0
0
0
2704
1788
0
0
0
0
0
0
3200
3728
0
0
0
0
0
0
961
2859
0
0
0
0
0
0
1737
213
0
0
0
0
0
0
3474
2280
0
0
0
0
0
0
620
1370
0
0
0
0
0
0
2991
1538
0
0
0
0
0
0
376
3620
0
0
0
0
0
0
1536
2852
0
0
0
0
0
0
33
3397
0
0
0
0
0
0
1937
1045
0
0
0
0
0
0
2576
3565
0
0
0
0
0
0
1578
3808
0
0
0
0
0
0
173
314
0
0
0
0
0
0
2388
1493
0
0
0
0
0
0
3143
158
0
0
0
0
0
0
4061
2843
0
0
0
0
0
0
3279
3330
0
0
0
0
0
0
1132
3833
0
0
0
0
0
0
3414
1566
0
0
0
0
0
0
2370
2878
0
0
0
0
0
0
3372
2295
0
0
0
0
0
0
3425
1021
0
0
0
0
0
0
1188
3860
0
0
0
0
0
0
1422
3659
0
0
0
0
0
0
195
1552
0
0
0
0
0
0
2613
3767
0
0
0
0
0
0
2759
375
0
0
0
0
0
0
576
3379
0
0
0
0
0
0
2338
2465
0
0
0
0
0
0
2060
3496
0
0
0
0
0
0
1416
806
0
0
0
0
0
0
2899
4039
0
0
0
0
0
0
3830
3710
0
0
0
0
0
0
2768
1099
0
0
0
0
0
0
973
3276
0
0
0
0
0
0
1104
3335
0
0
0
0
0
0
238
247
0
0
0
0
0
0
1077
3449
0
0
0
0
0
0
2616
3248
0
0
0
0
0
0
2676
1354
0
0
0
0
0
0
2448
1092
0
0
0
0
0
0
3357
3942
0
0
0
0
0
0
3402
2353
0
0
0
0
0
0
3508
2583
0
0
0
0
0
0
2356
990
0
0
0
0
0
0
1032
3768
0
0
0
0
0
0
1364
1827
0
0
0
0
0
0
858
2560
0
0
0
0
0
0
2868
3707
0
0
0
0
0
0
1456
788
0
0
0
0
0
0
357
1272
0
0
0
0
0
0
3410
2023
0
0
0
0
0
0
541
415
0
0
0
0
0
0
3138
1725
0
0
0
0
0
0
3304
1388
0
0
0
0
0
0
1295
3374
0
0
0
0
0
0
3046
211
0
0
0
0
0
0
808
2600
0
0
0
0
0
0
45
3739
0
0
0
0
0
0
2035
2051
0
0
0
0
0
0
2692
139
0
0
0
0
0
0
108
3248
0
0
0
0
0
0
1869
1249
0
0
0
0
0
0
605
3026
0
0
0
0
0
0
3734
127
0
0
0
0
0
0
3566
790
0
0
0
0
0
0
2350
2367
0
0
0
0
0
0
3233
1929
0
0
0
0
0
0
2565
2940
0
0
0
0
0
0
351
1410
0
0
0
0
0
0
402
1614
0
0
0
0
0
0
3115
3226
0
0
0
0
0
0
3820
2654
0
0
0
0
0
0
3009
3560
0
0
0
0
0
0
46
2426
0
0
0
0
0
0
3666
2859
0
0
0
0
0
0
873
1427
0
0
0
0
0
0
399
1741
0
0
0
0
0
0
3536
3902
0
0
0
0
0
0
1790
3852
0
0
0
0
0
0
3868
2833
0
0
0
0
0
0
1773
3213
0
0
0
0
0
0
2041
1501
0
0
0
0
0
0
346
3960
0
0
0
0
0
0
3399
43
0
0
0
0
0
0
2456
1102
0
0
0
0
0
0
1332
1816
0
0
0
0
0
0
2591
387
0
0
0
0
0
0
3647
3232
0
0
0
0
0
0
1235
1332
0
0
0
0
0
0
1326
1184
0
0
0
0
0
0
2891
3554
0
0
0
0
0
0
2427
4072
0
0
0
0
0
0
1929
3049
0
0
0
0
0
0
3164
3401
0
0
0
0
0
0
2435
2865
0
0
0
0
0
0
3875
2915
0
0
0
0
0
0
103
3894
0
0
0
0
0
0
2954
2743
0
0
0
0
0
0
2846
870
0
0
0
0
0
0
294
1896
0
0
0
0
0
0
2754
1159
0
0
0
0
0
0
3673
1453
0
0
0
0
0
0
2294
1956
0
0
0
0
0
0
326
435
0
0
0
0
0
0
2312
2274
0
0
0
0
0
0
2472
2476
0
0
0
0
0
0
3035
1816
0
0
0
0
0
0
57
937
0
0
0
0
0
0
275
646
0
0
0
0
0
0
1883
3284
0
0
0
0
0
0
2117
2943
0
0
0
0
0
0
3923
1224
0
0
0
0
0
0
51
853
0
0
0
0
0
0
1886
3148
0
0
0
0
0
0
2072
2772
0
0
0
0
0
0
641
4092
0
0
0
0
0
0
3862
766
0
0
0
0
0
0
2542
1919
0
0
0
0
0
0
1120
3262
0
0
0
0
0
0
3775
424
0
0
0
0
0
0
1958
2179
0
0
0
0
0
0
303
3658
0
0
0
0
0
0
2251
1673
0
0
0
0
0
0
329
3442
0
0
0
0
0
0
2017
1744
0
0
0
0
0
0
3985
3748
0
0
0
0
0
0
1363
2296
0
0
0
0
0
0
3188
378
0
0
0
0
0
0
422
3200
0
0
0
0
0
0
2152
1408
0
0
0
0
0
0
3428
215
0
0
0
0
0
0
1046
2561
0
0
0
0
0
0
2328
1384
0
0
0
0
0
0
4088
3705
0
0
0
0
0
0
1304
2512
0
0
0
0
0
0
3203
604
0
0
0
0
0
0
516
3415
0
0
0
0
0
0
2541
1385
0
0
0
0
0
0
4057
4085
0
0
0
0
0
0
2159
1874
0
0
0
0
0
0
3785
356
0
0
0
0
0
0
2049
2065
0
0
0
0
0
0
3789
423
0
0
0
0
0
0
2138
2039
0
0
0
0
0
0
3936
322
0
0
0
0
0
0
2416
1787
0
0
0
0
0
0
167
7
0
0
0
0
0
0
2793
1411
0
0
0
0
0
0
553
3707
0
0
0
0
0
0
3208
976
0
0
0
0
0
0
932
3299
0
0
0
0
0
0
3585
565
0
0
0
0
0
0
1266
2929
0
0
0
0
0
0
3891
223
0
0
0
0
0
0
1515
2643
0
0
0
0
0
0
16
4062
0
0
0
0
0
0
1670
2456
0
0
0
0
0
0
135
3915
0
0
0
0
0
0
1742
2358
0
0
0
0
0
0
188
3838
0
0
0
0
0
0
1758
2324
0
0
0
0
0
0
168
3850
0
0
0
0
0
0
1682
2395
0
0
0
0
0
0
105
3907
0
0
0
0
0
0
1609
2468
0
0
0
0
0
0
7
4010
0
0
0
0
0
0
1528
2554
0
0
0
0
0
0
4025
4093
0
0
0
0
0
0
1445
2641
0
0
0
0
0
0
3965
61
0
0
0
0
0
0
1386
2702
0
0
0
0
0
0
3928
99
0
0
0
0
0
0
1343
2748
0
0
0
0
0
0
3886
150
0
0
0
0
0
0
1259
2843
0
0
0
0
0
0
3834
208
0
0
0
0
0
0
1221
2885
0
0
0
0
0
0
3823
223
0
0
0
0
0
0
1206
2901
0
0
0
0
0
0
3824
222
0
0
0
0
0
0
1199
2909
0
0
0
0
0
0
3831
216
0
0
0
0
0
0
1195
2913
0
0
0
0
0
0
3839
207
0
0
0
0
0
0
1192
2916
0
0
0
0
0
0
3848
199
0
0
0
0
0
0
1189
2919
0
0
0
0
0
0
3858
190
0
0
0
0
0
0
1187
2921
0
0
0
0
0
0
3867
181
0
0
0
0
0
0
1184
2924
0
0
0
0
0
0
3876
171
0
0
0
0
0
0
1182
2926
0
0
0
0
0
0
3885
162
0
0
0
0
0
0
1179
2929
0
0
0
0
0
0
3894
153
0
0
0
0
0
0
1177
2931
0
0
0
0
0
0
3903
144
0
0
0
0
0
0
1174
2934
0
0
0
0
0
0
3913
135
0
0
0
0
0
0
1172
2936
0
0
0
0
0
0
3922
126
0
0
0
0
0
0
1169
2939
0
0
0
0
0
0
3931
117
0
0
0
0
0
0
1167
2941
0
0
0
0
0
0
3940
108
0
0
0
0
0
0
1164
2944
0
0
0
0
0
0
3949
99
0
0
0
0
0
0
1162
2946
0
0
0
0
0
0
3958
90
0
0
0
0
0
0
1159
2948
0
0
0
0
0
0
3967
81
0
0
0
0
0
0
1157
2951
0
0
0
0
0
0
3976
73
0
0
0
0
0
0
1154
2953
0
0
0
0
0
0
3985
64
0
0
0
0
0
0
1152
2956
0
0
0
0
0
0
3994
55
0
0
0
0
0
0
1149
2958
0
0
0
0
0
0
4003
46
0
0
0
0
0
0
1147
2961
0
0
0
0
0
0
4012
37
0
0
0
0
0
0
1145
2963
0
0
0
0
0
0
4021
28
0
0
0
0
0
0
1142
2965
0
0
0
0
0
0
4030
20
0
0
0
0
0
0
1140
2968
0
0
0
0
0
0
4038
11
0
0
0
0
0
0
1137
2970
0
0
0
0
0
0
4047
2
0
0
0
0
0
0
1135
2973
0
0
0
0
0
0
4056
4089
0
0
0
0
0
0
1132
2975
0
0
0
0
0
0
4065
4081
0
0
0
0
0
0
1130
2977
0
0
0
0
0
0
4074
4072
0
0
0
0
0
0
1128
2980
0
0
0
0
0
0
4082
4063
0
0
0
0
0
0
1125
2982
0
0
0
0
0
0
4091
4055
0
0
0
0
0
0
1123
2985
0
0
0
0
0
0
4
4046
0
0
0
0
0
0
1120
2987
0
0
0
0
0
0
13
4037
0
0
0
0
0
0
1118
2989
0
0
0
0
0
0
21
4029
0
0
0
0
0
0
1116
2992
0
0
0
0
0
0
30
4020
0
0
0
0
0
0
1113
2994
0
0
0
0
0
0
39
4012
0
0
0
0
0
0
1111
2996
0
0
0
0
0
0
47
4003
0
0
0
0
0
0
1108
2999
0
0
0
0
0
0
56
3995
0
0
0
0
0
0
1106
3001
0
0
0
0
0
0
65
3986
0
0
0
0
0
0
1104
3003
0
0
0
0
0
0
73
3978
0
0
0
0
0
0
1101
3006
0
0
0
0
0
0
82
3969
0
0
0
0
0
0
1099
3008
0
0
0
0
0
0
90
3961
0
0
0
0
0
0
1097
3010
0
0
0
0
0
0
99
3952
0
0
0
0
0
0
1094
3013
0
0
0
0
0
0
107
3944
0
0
0
0
0
0
1092
3015
0
0
0
0
0
0
116
3935
0
0
0
0
0
0
1090
3017
0
0
0
0
0
0
124
3927
0
0
0
0
0
0
1087
3020
0
0
0
0
0
0
133
3919
0
0
0
0
0
0
1085
3022
0
0
0
0
0
0
141
3910
0
0
0
0
0
0
1083
3024
0
0
0
0
0
0
150
3902
0
0
0
0
0
0
1080
3026
0
0
0
0
0
0
158
3894
0
0
0
0
0
0
1078
3029
0
0
0
0
0
0
166
3885
0
0
0
0
0
0
1076
3031
0
0
0
0
0
0
175
3877
0
0
0
0
0
0
1074
3033
0
0
0
0
0
0
183
3869
0
0
0
0
0
0
1071
3036
0
0
0
0
0
0
191
3861
0
0
0
0
0
0
1069
3038
0
0
0
0
0
0
200
3852
0
0
0
0
0
0
1067
3040
0
0
0
0
0
0
208
3844
0
0
0
0
0
0
1064
3042
0
0
0
0
0
0
216
3836
0
0
0
0
0
0
1062
3045
0
0
0
0
0
0
225
3828
0
0
0
0
0
0
1060
3047
0
0
0
0
0
0
233
3820
0
0
0
0
0
0
1058
3049
0
0
0
0
0
0
241
3812
0
0
0
0
0
0
1055
3051
0
0
0
0
0
0
249
3803
0
0
0
0
0
0
1053
3053
0
0
0
0
0
0
257
3795
0
0
0
0
0
0
1051
3056
0
0
0
0
0
0
266
3787
0
0
0
0
0
0
1049
3058
0
0
0
0
0
0
274
3779
0
0
0
0
0
0
1046
3060
0
0
0
0
0
0
282
3771
0
0
0
0
0
0
1044
3062
0
0
0
0
0
0
290
3763
0
0
0
0
0
0
1042
3065
0
0
0
0
0
0
298
3755
0
0
0
0
0
0
1040
3067
0
0
0
0
0
0
306
3747
0
0
0
0
0
0
1038
3069
0
0
0
0
0
0
314
3739
0
0
0
0
0
0
1035
3071
0
0
0
0
0
0
322
3731
0
0
0
0
0
0
1033
3073
0
0
0
0
0
0
330
3723
0
0
0
0
0
0
1031
3075
0
0
0
0
0
0
338
3715
0
0
0
0
0
0
1029
3078
0
0
0
0
0
0
346
3707
0
0
0
0
0
0
1027
3080
0
0
0
0
0
0
354
3699
0
0
0
0
0
0
1024
3082
0
0
0
0
0
0
362
3692
0
0
0
0
0
0
1022
3084
0
0
0
0
0
0
370
3684
0
0
0
0
0
0
1020
3086
0
0
0
0
0
0
378
3676
0
0
0
0
0
0
1018
3088
0
0
0
0
0
0
386
3668
0
0
0
0
0
0
1016
3091
0
0
0
0
0
0
394
3660
0
0
0
0
0
0
1013
3093
0
0
0
0
0
0
402
3652
0
0
0
0
0
0
1011
3095
0
0
0
0
0
0
410
3645
0
0
0
0
0
0
1009
3097
0
0
0
0
0
0
418
3637
0
0
0
0
0
0
1007
3099
0
0
0
0
0
0
425
3629
0
0
0
0
0
0
1005
3101
0
0
0
0
0
0
433
3621
0
0
0
0
0
0
1003
3103
0
0
0
0
0
0
441
3614
0
0
0
0
0
0
1001
3105
0
0
0
0
0
0
449
3606
0
0
0
0
0
0
998
3108
0
0
0
0
0
0
457
3598
0
0
0
0
0
0
996
3110
0
0
0
0
0
0
464
3591
0
0
0
0
0
0
994
3112
0
0
0
0
0
0
472
3583
0
0
0
0
0
0
992
3114
0
0
0
0
0
0
480
3575
0
0
0
0
0
0
990
3116
0
0
0
0
0
0
487
3568
0
0
0
0
0
0
988
3118
0
0
0
0
0
0
495
3560
0
0
0
0
0
0
986
3120
0
0
0
0
0
0
503
3553
0
0
0
0
0
0
984
3122
0
0
0
0
0
0
510
3545
0
0
0
0
0
0
982
3124
0
0
0
0
0
0
518
3537
0
0
0
0
0
0
979
3126
0
0
0
0
0
0
526
3530
0
0
0
0
0
0
977
3128
0
0
0
0
0
0
533
3522
0
0
0
0
0
0
975
3130
0
0
0
0
0
0
541
3515
0
0
0
0
0
0
973
3133
0
0
0
0
0
0
548
3507
0
0
0
0
0
0
971
3135
0
0
0
0
0
0
556
3500
0
0
0
0
0
0
969
3137
0
0
0
0
0
0
564
3492
0
0
0
0
0
0
967
3139
0
0
0
0
0
0
571
3485
0
0
0
0
0
0
965
3141
0
0
0
0
0
0
579
3478
0
0
0
0
0
0
963
3143
0
0
0
0
0
0
586
3470
0
0
0
0
0
0
961
3145
0
0
0
0
0
0
594
3463
0
0
0
0
0
0
959
3147
0
0
0
0
0
0
601
3455
0
0
0
0
0
0
957
3149
0
0
0
0
0
0
608
3448
0
0
0
0
0
0
955
3151
0
0
0
0
0
0
616
3441
0
0
0
0
0
0
953
3153
0
0
0
0
0
0
623
3433
0
0
0
0
0
0
951
3155
0
0
0
0
0
0
631
3426
0
0
0
0
0
0
949
3157
0
0
0
0
0
0
638
3419
0
0
0
0
0
0
947
3159
0
0
0
0
0
0
645
3412
0
0
0
0
0
0
945
3161
0
0
0
0
0
0
653
3404
0
0
0
0
0
0
943
3163
0
0
0
0
0
0
660
3397
0
0
0
0
0
0
941
3165
0
0
0
0
0
0
667
3390
0
0
0
0
0
0
939
3167
0
0
0
0
0
0
675
3383
0
0
0
0
0
0
937
3169
0
0
0
0
0
0
682
3375
0
0
0
0
0
0
935
3171
0
0
0
0
0
0
689
3368
0
0
0
0
0
0
933
3173
0
0
0
0
0
0
697
3361
0
0
0
0
0
0
931
3175
0
0
0
0
0
0
704
3354
0
0
0
0
0
0
929
3177
0
0
0
0
0
0
711
3347
0
0
0
0
0
0
927
3179
0
0
0
0
0
0
718
3340
0
0
0
0
0
0
925
3181
0
0
0
0
0
0
725
3332
0
0
0
0
0
0
923
3183
0
0
0
0
0
0
733
3325
0
0
0
0
0
0
921
3185
0
0
0
0
0
0
740
3318
0
0
0
0
0
0
919
3186
0
0
0
0
0
0
747
3311
0
0
0
0
0
0
917
3188
0
0
0
0
0
0
754
3304
0
0
0
0
0
0
915
3190
0
0
0
0
0
0
761
3297
0
0
0
0
0
0
913
3192
0
0
0
0
0
0
768
3290
0
0
0
0
0
0
911
3194
0
0
0
0
0
0
775
3283
0
0
0
0
0
0
909
3196
0
0
0
0
0
0
782
3276
0
0
0
0
0
0
907
3198
0
0
0
0
0
0
789
3269
0
0
0
0
0
0
905
3200
0
0
0
0
0
0
796
3262
0
0
0
0
0
0
903
3202
0
0
0
0
0
0
804
3255
0
0
0
0
0
0
901
3204
0
0
0
0
0
0
811
3248
0
0
0
0
0
0
899
3206
0
0
0
0
0
0
818
3241
0
0
0
0
0
0
897
3208
0
0
0
0
0
0
824
3234
0
0
0
0
0
0
895
3209
0
0
0
0
0
0
831
3228
0
0
0
0
0
0
894
3211
0
0
0
0
0
0
838
3221
0
0
0
0
0
0
892
3213
0
0
0
0
0
0
845
3214
0
0
0
0
0
0
890
3215
0
0
0
0
0
0
852
3207
0
0
0
0
0
0
888
3217
0
0
0
0
0
0
859
3200
0
0
0
0
0
0
886
3219
0
0
0
0
0
0
866
3193
0
0
0
0
0
0
884
3221
0
0
0
0
0
0
873
3187
0
0
0
0
0
0
882
3223
0
0
0
0
0
0
880
3180
0
0
0
0
0
0
880
3224
0
0
0
0
0
0
887
3173
0
0
0
0
0
0
878
3226
0
0
0
0
0
0
893
3166
0
0
0
0
0
0
877
3228
0
0
0
0
0
0
900
3159
0
0
0
0
0
0
875
3230
0
0
0
0
0
0
907
3153
0
0
0
0
0
0
873
3232
0
0
0
0
0
0
914
3146
0
0
0
0
0
0
871
3234
0
0
0
0
0
0
921
3139
0
0
0
0
0
0
869
3235
0
0
0
0
0
0
927
3133
0
0
0
0
0
0
867
3237
0
0
0
0
0
0
934
3126
0
0
0
0
0
0
865
3239
0
0
0
0
0
0
941
3119
0
0
0
0
0
0
864
3241
0
0
0
0
0
0
948
3113
0
0
0
0
0
0
862
3243
0
0
0
0
0
0
954
3106
0
0
0
0
0
0
860
3245
0
0
0
0
0
0
961
3099
0
0
0
0
0
0
858
3246
0
0
0
0
0
0
968
3093
0
0
0
0
0
0
856
3248
0
0
0
0
0
0
974
3086
0
0
0
0
0
0
854
3250
0
0
0
0
0
0
981
3080
0
0
0
0
0
0
853
3252
0
0
0
0
0
0
988
3073
0
0
0
0
0
0
851
3254
0
0
0
0
0
0
994
3067
0
0
0
0
0
0
849
3255
0
0
0
0
0
0
1001
3060
0
0
0
0
0
0
847
3257
0
0
0
0
0
0
1007
3053
0
0
0
0
0
0
845
3259
0
0
0
0
0
0
1014
3047
0
0
0
0
0
0
844
3261
0
0
0
0
0
0
1021
3041
0
0
0
0
0
0
842
3263
0
0
0
0
0
0
1027
3034
0
0
0
0
0
0
840
3264
0
0
0
0
0
0
1034
3028
0
0
0
0
0
0
838
3266
0
0
0
0
0
0
1040
3021
0
0
0
0
0
0
836
3268
0
0
0
0
0
0
1047
3015
0
0
0
0
0
0
835
3270
0
0
0
0
0
0
1053
3008
0
0
0
0
0
0
833
3271
0
0
0
0
0
0
1060
3002
0
0
0
0
0
0
831
3273
0
0
0
0
0
0
1066
2995
0
0
0
0
0
0
829
3275
0
0
0
0
0
0
1073
2989
0
0
0
0
0
0
827
3277
0
0
0
0
0
0
1079
2983
0
0
0
0
0
0
826
3278
0
0
0
0
0
0
1085
2976
0
0
0
0
0
0
824
3280
0
0
0
0
0
0
1092
2970
0
0
0
0
0
0
822
3282
0
0
0
0
0
0
1098
2964
0
0
0
0
0
0
820
3284
0
0
0
0
0
0
1105
2957
0
0
0
0
0
0
819
3285
0
0
0
0
0
0
1111
2951
0
0
0
0
0
0
817
3287
0
0
0
0
0
0
1117
2945
0
0
0
0
0
0
815
3289
0
0
0
0
0
0
1124
2939
0
0
0
0
0
0
813
3291
0
0
0
0
0
0
1130
2932
0
0
0
0
0
0
812
3292
0
0
0
0
0
0
1136
2926
0
0
0
0
0
0
810
3294
0
0
0
0
0
0
1143
2920
0
0
0
0
0
0
808
3296
0
0
0
0
0
0
1149
2914
0
0
0
0
0
0
807
3297
0
0
0
0
0
0
1155
2907
0
0
0
0
0
0
805
3299
0
0
0
0
0
0
1161
2901
0
0
0
0
0
0
803
3301
0
0
0
0
0
0
1168
2895
0
0
0
0
0
0
801
3302
0
0
0
0
0
0
1174
2889
0
0
0
0
0
0
800
3304
0
0
0
0
0
0
1180
2883
0
0
0
0
0
0
798
3306
0
0
0
0
0
0
1186
2877
0
0
0
0
0
0
796
3308
0
0
0
0
0
0
1193
2870
0
0
0
0
0
0
795
3309
0
0
0
0
0
0
1199
2864
0
0
0
0
0
0
793
3311
0
0
0
0
0
0
1205
2858
0
0
0
0
0
0
791
3313
0
0
0
0
0
0
1211
2852
0
0
0
0
0
0
790
3314
0
0
0
0
0
0
1217
2846
0
0
0
0
0
0
788
3316
0
0
0
0
0
0
1223
2840
0
0
0
0
0
0
786
3318
0
0
0
0
0
0
1229
2834
0
0
0
0
0
0
784
3319
0
0
0
0
0
0
1236
2828
0
0
0
0
0
0
783
3321
0
0
0
0
0
0
1242
2822
0
0
0
0
0
0
781
3322
0
0
0
0
0
0
1248
2816
0
0
0
0
0
0
779
3324
0
0
0
0
0
0
1254
2810
0
0
0
0
0
0
778
3326
0
0
0
0
0
0
1260
2804
0
0
0
0
0
0
776
3327
0
0
0
0
0
0
1266
2798
0
0
0
0
0
0
774
3329
0
0
0
0
0
0
1272
2792
0
0
0
0
0
0
773
3331
0
0
0
0
0
0
1278
2786
0
0
0
0
0
0
771
3332
0
0
0
0
0
0
1284
2780
0
0
0
0
0
0
770
3334
0
0
0
0
0
0
1290
2774
0
0
0
0
0
0
768
3336
0
0
0
0
0
0
1296
2768
0
0
0
0
0
0
766
3337
0
0
0
0
0
0
1302
2762
0
0
0
0
0
0
765
3339
0
0
0
0
0
0
1308
2756
0
0
0
0
0
0
763
3340
0
0
0
0
0
0
1314
2751
0
0
0
0
0
0
761
3342
0
0
0
0
0
0
1320
2745
0
0
0
0
0
0
760
3344
0
0
0
0
0
0
1326
2739
0
0
0
0
0
0
758
3345
0
0
0
0
0
0
1331
2733
0
0
0
0
0
0
757
3347
0
0
0
0
0
0
1337
2727
0
0
0
0
0
0
755
3348
0
0
0
0
0
0
1343
2721
0
0
0
0
0
0
753
3350
0
0
0
0
0
0
1349
2716
0
0
0
0
0
0
752
3352
0
0
0
0
0
0
1355
2710
0
0
0
0
0
0
750
3353
0
0
0
0
0
0
1361
2704
0
0
0
0
0
0
748
3355
0
0
0
0
0
0
1367
2698
0
0
0
0
0
0
747
3356
0
0
0
0
0
0
1372
2693
0
0
0
0
0
0
745
3358
0
0
0
0
0
0
1378
2687
0
0
0
0
0
0
744
3360
0
0
0
0
0
0
1384
2681
0
0
0
0
0
0
742
3361
0
0
0
0
0
0
1390
2675
0
0
0
0
0
0
741
3363
0
0
0
0
0
0
1396
2670
0
0
0
0
0
0
739
3364
0
0
0
0
0
0
1401
2664
0
0
0
0
0
0
737
3366
0
0
0
0
0
0
1407
2658
0
0
0
0
0
0
736
3367
0
0
0
0
0
0
1413
2653
0
0
0
0
0
0
734
3369
0
0
0
0
0
0
1418
2647
0
0
0
0
0
0
733
3370
0
0
0
0
0
0
1424
2641
0
0
0
0
0
0
731
3372
0
0
0
0
0
0
1430
2636
0
0
0
0
0
0
730
3374
0
0
0
0
0
0
1436
2630
0
0
0
0
0
0
728
3375
0
0
0
0
0
0
1441
2625
0
0
0
0
0
0
726
3377
0
0
0
0
0
0
1447
2619
0
0
0
0
0
0
725
3378
0
0
0
0
0
0
1452
2613
0
0
0
0
0
0
723
3380
0
0
0
0
0
0
1458
2608
0
0
0
0
0
0
722
3381
0
0
0
0
0
0
1464
2602
0
0
0
0
0
0
720
3383
0
0
0
0
0
0
1469
2597
0
0
0
0
0
0
719
3384
0
0
0
0
0
0
1475
2591
0
0
0
0
0
0
717
3386
0
0
0
0
0
0
1480
2586
0
0
0
0
0
0
716
3387
0
0
0
0
0
0
1486
2580
0
0
0
0
0
0
714
3389
0
0
0
0
0
0
1492
2575
0
0
0
0
0
0
713
3390
0
0
0
0
0
0
1497
2569
0
0
0
0
0
0
711
3392
0
0
0
0
0
0
1503
2564
0
0
0
0
0
0
710
3393
0
0
0
0
0
0
1508
2558
0
0
0
0
0
0
708
3395
0
0
0
0
0
0
1514
2553
0
0
0
0
0
0
707
3396
0
0
0
0
0
0
1519
2547
0
0
0
0
0
0
705
3398
0
0
0
0
0
0
1525
2542
0
0
0
0
0
0
704
3399
0
0
0
0
0
0
1530
2537
0
0
0
0
0
0
702
3401
0
0
0
0
0
0
1536
2531
0
0
0
0
0
0
701
3402
0
0
0
0
0
0
1541
2526
0
0
0
0
0
0
699
3404
0
0
0
0
0
0
1547
2520
0
0
0
0
0
0
698
3405
0
0
0
0
0
0
1552
2515
0
0
0
0
0
0
696
3407
0
0
0
0
0
0
1557
2510
0
0
0
0
0
0
695
3408
0
0
0
0
0
0
1563
2504
0
0
0
0
0
0
693
3410
0
0
0
0
0
0
1568
2499
0
0
0
0
0
0
692
3411
0
0
0
0
0
0
1574
2494
0
0
0
0
0
0
690
3412
0
0
0
0
0
0
1579
2488
0
0
0
0
0
0
689
3414
0
0
0
0
0
0
1584
2483
0
0
0
0
0
0
687
3415
0
0
0
0
0
0
1590
2478
0
0
0
0
0
0
686
3417
0
0
0
0
0
0
1595
2472
0
0
0
0
0
0
684
3418
0
0
0
0
0
0
1600
2467
0
0
0
0
0
0
683
3420
0
0
0
0
0
0
1606
2462
0
0
0
0
0
0
681
3421
0
0
0
0
0
0
1611
2457
0
0
0
0
0
0
680
3423
0
0
0
0
0
0
1616
2451
0
0
0
0
0
0
678
3424
0
0
0
0
0
0
1621
2446
0
0
0
0
0
0
677
3425
0
0
0
0
0
0
1627
2441
0
0
0
0
0
0
676
3427
0
0
0
0
0
0
1632
2436
0
0
0
0
0
0
674
3428
0
0
0
0
0
0
1637
2431
0
0
0
0
0
0
673
3430
0
0
0
0
0
0
1642
2425
0
0
0
0
0
0
671
3431
0
0
0
0
0
0
1648
2420
0
0
0
0
0
0
670
3433
0
0
0
0
0
0
1653
2415
0
0
0
0
0
0
668
3434
0
0
0
0
0
0
1658
2410
0
0
0
0
0
0
667
3435
0
0
0
0
0
0
1663
2405
0
0
0
0
0
0
666
3437
0
0
0
0
0
0
1668
2400
0
0
0
0
0
0
664
3438
0
0
0
0
0
0
1674
2395
0
0
0
0
0
0
663
3440
0
0
0
0
0
0
1679
2390
0
0
0
0
0
0
661
3441
0
0
0
0
0
0
1684
2384
0
0
0
0
0
0
660
3442
0
0
0
0
0
0
1689
2379
0
0
0
0
0
0
658
3444
0
0
0
0
0
0
1694
2374
0
0
0
0
0
0
657
3445
0
0
0
0
0
0
1699
2369
0
0
0
0
0
0
656
3447
0
0
0
0
0
0
1704
2364
0
0
0
0
0
0
654
3448
0
0
0
0
0
0
1710
2359
0
0
0
0
0
0
653
3449
0
0
0
0
0
0
1715
2354
0
0
0
0
0
0
651
3451
0
0
0
0
0
0
1720
2349
0
0
0
0
0
0
650
3452
0
0
0
0
0
0
1725
2344
0
0
0
0
0
0
649
3453
0
0
0
0
0
0
1730
2339
0
0
0
0
0
0
647
3455
0
0
0
0
0
0
1735
2334
0
0
0
0
0
0
646
3456
0
0
0
0
0
0
1740
2329
0
0
0
0
0
0
645
3458
0
0
0
0
0
0
1745
2324
0
0
0
0
0
0
643
3459
0
0
0
0
0
0
1750
2319
0
0
0
0
0
0
642
3460
0
0
0
0
0
0
1755
2314
0
0
0
0
0
0
640
3462
0
0
0
0
0
0
1760
2309
0
0
0
0
0
0
639
3463
0
0
0
0
0
0
1765
2304
0
0
0
0
0
0
638
3464
0
0
0
0
0
0
1770
2300
0
0
0
0
0
0
636
3466
0
0
0
0
0
0
1775
2295
0
0
0
0
0
0
635
3467
0
0
0
0
0
0
1780
2290
0
0
0
0
0
0
634
3468
0
0
0
0
0
0
1785
2285
0
0
0
0
0
0
632
3470
0
0
0
0
0
0
1790
2280
0
0
0
0
0
0
631
3471
0
0
0
0
0
0
1794
2275
0
0
0
0
0
0
630
3472
0
0
0
0
0
0
1799
2270
0
0
0
0
0
0
628
3474
0
0
0
0
0
0
1804
2265
0
0
0
0
0
0
627
3475
0
0
0
0
0
0
1809
2261
0
0
0
0
0
0
626
3476
0
0
0
0
0
0
1814
2256
0
0
0
0
0
0
624
3478
0
0
0
0
0
0
1819
2251
0
0
0
0
0
0
623
3479
0
0
0
0
0
0
1824
2246
0
0
0
0
0
0
622
3480
0
0
0
0
0
0
1829
2241
0
0
0
0
0
0
620
3482
0
0
0
0
0
0
1833
2237
0
0
0
0
0
0
619
3483
0
0
0
0
0
0
1838
2232
0
0
0
0
0
0
618
3484
0
0
0
0
0
0
1843
2227
0
0
0
0
0
0
616
3485
0
0
0
0
0
0
1848
2222
0
0
0
0
0
0
615
3487
0
0
0
0
0
0
1853
2218
0
0
0
0
0
0
614
3488
0
0
0
0
0
0
1857
2213
0
0
0
0
0
0
612
3489
0
0
0
0
0
0
1862
2208
0
0
0
0
0
0
611
3491
0
0
0
0
0
0
1867
2204
0
0
0
0
0
0
610
3492
0
0
0
0
0
0
1872
2199
0
0
0
0
0
0
608
3493
0
0
0
0
0
0
1876
2194
0
0
0
0
0
0
607
3495
0
0
0
0
0
0
1881
2190
0
0
0
0
0
0
606
3496
0
0
0
0
0
0
1886
2185
0
0
0
0
0
0
605
3497
0
0
0
0
0
0
1890
2180
0
0
0
0
0
0
603
3498
0
0
0
0
0
0
1895
2176
0
0
0
0
0
0
602
3500
0
0
0
0
0
0
1900
2171
0
0
0
0
0
0
601
3501
0
0
0
0
0
0
1905
2166
0
0
0
0
0
0
599
3502
0
0
0
0
0
0
1909
2162
0
0
0
0
0
0
598
3503
0
0
0
0
0
0
1914
2157
0
0
0
0
0
0
597
3505
0
0
0
0
0
0
1919
2152
0
0
0
0
0
0
596
3506
0
0
0
0
0
0
1923
2148
0
0
0
0
0
0
594
3507
0
0
0
0
0
0
1928
2143
0
0
0
0
0
0
593
3508
0
0
0
0
0
0
1932
2139
0
0
0
0
0
0
592
3510
0
0
0
0
0
0
1937
2134
0
0
0
0
0
0
591
3511
0
0
0
0
0
0
1942
2130
0
0
0
0
0
0
589
3512
0
0
0
0
0
0
1946
2125
0
0
0
0
0
0
588
3513
0
0
0
0
0
0
1951
2121
0
0
0
0
0
0
587
3515
0
0
0
0
0
0
1955
2116
0
0
0
0
0
0
586
3516
0
0
0
0
0
0
1960
2112
0
0
0
0
0
0
584
3517
0
0
0
0
0
0
1964
2107
0
0
0
0
0
0
583
3518
0
0
0
0
0
0
1969
2103
0
0
0
0
0
0
582
3520
0
0
0
0
0
0
1973
2098
0
0
0
0
0
0
581
3521
0
0
0
0
0
0
1978
2094
0
0
0
0
0
0
579
3522
0
0
0
0
0
0
1983
2089
0
0
0
0
0
0
578
3523
0
0
0
0
0
0
1987
2085
0
0
0
0
0
0
577
3525
0
0
0
0
0
0
1992
2080
0
0
0
0
0
0
576
3526
0
0
0
0
0
0
1996
2076
0
0
0
0
0
0
574
3527
0
0
0
0
0
0
2000
2071
0
0
0
0
0
0
573
3528
0
0
0
0
0
0
2005
2067
0
0
0
0
0
0
572
3529
0
0
0
0
0
0
2009
2063
0
0
0
0
0
0
571
3531
0
0
0
0
0
0
2014
2058
0
0
0
0
0
0
569
3532
0
0
0
0
0
0
2018
2054
0
0
0
0
0
0
568
3533
0
0
0
0
0
0
2023
2049
0
0
0
0
0
0
567
3534
0
0
0
0
0
0
2027
2045
0
0
0
0
0
0
566
3535
0
0
0
0
0
0
2031
2041
0
0
0
0
0
0
565
3537
0
0
0
0
0
0
2036
2036
0
0
0
0
0
0
563
3538
0
0
0
0
0
0
2040
2032
0
0
0
0
0
0
562
3539
0
0
0
0
0
0
2045
2028
0
0
0
0
0
0
561
3540
0
0
0
0
0
0
2049
2023
0
0
0
0
0
0
560
3541
0
0
0
0
0
0
2053
2019
0
0
0
0
0
0
559
3543
0
0
0
0
0
0
2058
2015
0
0
0
0
0
0
557
3544
0
0
0
0
0
0
2062
2011
0
0
0
0
0
0
556
3545
0
0
0
0
0
0
2066
2006
0
0
0
0
0
0
555
3546
0
0
0
0
0
0
2071
2002
0
0
0
0
0
0
554
3547
0
0
0
0
0
0
2075
1998
0
0
0
0
0
0
553
3548
0
0
0
0
0
0
2079
1993
0
0
0
0
0
0
552
3550
0
0
0
0
0
0
2084
1989
0
0
0
0
0
0
550
3551
0
0
0
0
0
0
2088
1985
0
0
0
0
0
0
549
3552
0
0
0
0
0
0
2092
1981
0
0
0
0
0
0
548
3553
0
0
0
0
0
0
2096
1977
0
0
0
0
0
0
547
3554
0
0
0
0
0
0
2101
1972
0
0
0
0
0
0
546
3555
0
0
0
0
0
0
2105
1968
0
0
0
0
0
0
544
3557
0
0
0
0
0
0
2109
1964
0
0
0
0
0
0
543
3558
0
0
0
0
0
0
2113
1960
0
0
0
0
0
0
542
3559
0
0
0
0
0
0
2118
1956
0
0
0
0
0
0
541
3560
0
0
0
0
0
0
2122
1951
0
0
0
0
0
0
540
3561
0
0
0
0
0
0
2126
1947
0
0
0
0
0
0
539
3562
0
0
0
0
0
0
2130
1943
0
0
0
0
0
0
538
3563
0
0
0
0
0
0
2134
1939
0
0
0
0
0
0
536
3565
0
0
0
0
0
0
2139
1935
0
0
0
0
0
0
535
3566
0
0
0
0
0
0
2143
1931
0
0
0
0
0
0
534
3567
0
0
0
0
0
0
2147
1927
0
0
0
0
0
0
533
3568
0
0
0
0
0
0
2151
1922
0
0
0
0
0
0
532
3569
0
0
0
0
0
0
2155
1918
0
0
0
0
0
0
531
3570
0
0
0
0
0
0
2159
1914
0
0
0
0
0
0
530
3571
0
0
0
0
0
0
2163
1910
0
0
0
0
0
0
528
3572
0
0
0
0
0
0
2168
1906
0
0
0
0
0
0
527
3573
0
0
0
0
0
0
2172
1902
0
0
0
0
0
0
526
3575
0
0
0
0
0
0
2176
1898
0
0
0
0
0
0
525
3576
0
0
0
0
0
0
2180
1894
0
0
0
0
0
0
524
3577
0
0
0
0
0
0
2184
1890
0
0
0
0
0
0
523
3578
0
0
0
0
0
0
2188
1886
0
0
0
0
0
0
522
3579
0
0
0
0
0
0
2192
1882
0
0
0
0
0
0
521
3580
0
0
0
0
0
0
2196
1878
0
0
0
0
0
0
520
3581
0
0
0
0
0
0
2200
1874
0
0
0
0
0
0
518
3582
0
0
0
0
0
0
2204
1870
0
0
0
0
0
0
517
3583
0
0
0
0
0
0
2208
1866
0
0
0
0
0
0
516
3585
0
0
0
0
0
0
2212
1862
0
0
0
0
0
0
515
3586
0
0
0
0
0
0
2216
1858
0
0
0
0
0
0
514
3587
0
0
0
0
0
0
2220
1854
0
0
0
0
0
0
513
3588
0
0
0
0
0
0
2224
1850
0
0
0
0
0
0
512
3589
0
0
0
0
0
0
2228
1846
0
0
0
0
0
0
511
3590
0
0
0
0
0
0
2232
1842
0
0
0
0
0
0
510
3591
0
0
0
0
0
0
2236
1838
0
0
0
0
0
0
509
3592
0
0
0
0
0
0
2240
1834
0
0
0
0
0
0
507
3593
0
0
0
0
0
0
2244
1830
0
0
0
0
0
0
506
3594
0
0
0
0
0
0
2248
1827
0
0
0
0
0
0
505
3595
0
0
0
0
0
0
2252
1823
0
0
0
0
0
0
504
3596
0
0
0
0
0
0
2256
1819
0
0
0
0
0
0
503
3597
0
0
0
0
0
0
2260
1815
0
0
0
0
0
0
502
3598
0
0
0
0
0
0
2264
1811
0
0
0
0
0
0
501
3600
0
0
0
0
0
0
2268
1807
0
0
0
0
0
0
500
3601
0
0
0
0
0
0
2272
1803
0
0
0
0
0
0
499
3602
0
0
0
0
0
0
2275
1800
0
0
0
0
0
0
498
3603
0
0
0
0
0
0
2279
1796
0
0
0
0
0
0
497
3604
0
0
0
0
0
0
2283
1792
0
0
0
0
0
0
496
3605
0
0
0
0
0
0
2287
1788
0
0
0
0
0
0
495
3606
0
0
0
0
0
0
2291
1784
0
0
0
0
0
0
494
3607
0
0
0
0
0
0
2295
1780
0
0
0
0
0
0
492
3608
0
0
0
0
0
0
2299
1777
0
0
0
0
0
0
491
3609
0
0
0
0
0
0
2302
1773
0
0
0
0
0
0
490
3610
0
0
0
0
0
0
2306
1769
0
0
0
0
0
0
489
3611
0
0
0
0
0
0
2310
1765
0
0
0
0
0
0
488
3612
0
0
0
0
0
0
2314
1762
0
0
0
0
0
0
487
3613
0
0
0
0
0
0
2318
1758
0
0
0
0
0
0
486
3614
0
0
0
0
0
0
2321
1754
0
0
0
0
0
0
485
3615
0
0
0
0
0
0
2325
1750
0
0
0
0
0
0
484
3616
0
0
0
0
0
0
2329
1747
0
0
0
0
0
0
483
3617
0
0
0
0
0
0
2333
1743
0
0
0
0
0
0
482
3618
0
0
0
0
0
0
2336
1739
0
0
0
0
0
0
481
3619
0
0
0
0
0
0
2340
1735
0
0
0
0
0
0
480
3620
0
0
0
0
0
0
2344
1732
0
0
0
0
0
0
479
3621
0
0
0
0
0
0
2348
1728
0
0
0
0
0
0
478
3622
0
0
0
0
0
0
2351
1724
0
0
0
0
0
0
477
3623
0
0
0
0
0
0
2355
1721
0
0
0
0
0
0
476
3624
0
0
0
0
0
0
2359
1717
0
0
0
0
0
0
475
3625
0
0
0
0
0
0
2362
1713
0
0
0
0
0
0
474
3626
0
0
0
0
0
0
2366
1710
0
0
0
0
0
0
473
3627
0
0
0
0
0
0
2370
1706
0
0
0
0
0
0
472
3628
0
0
0
0
0
0
2374
1702
0
0
0
0
0
0
471
3629
0
0
0
0
0
0
2377
1699
0
0
0
0
0
0
470
3630
0
0
0
0
0
0
2381
1695
0
0
0
0
0
0
469
3631
0
0
0
0
0
0
2384
1692
0
0
0
0
0
0
468
3632
0
0
0
0
0
0
2388
1688
0
0
0
0
0
0
467
3633
0
0
0
0
0
0
2392
1684
0
0
0
0
0
0
466
3634
0
0
0
0
0
0
2395
1681
0
0
0
0
0
0
465
3635
0
0
0
0
0
0
2399
1677
0
0
0
0
0
0
464
3636
0
0
0
0
0
0
2403
1674
0
0
0
0
0
0
463
3637
0
0
0
0
0
0
2406
1670
0
0
0
0
0
0
462
3638
0
0
0
0
0
0
2410
1667
0
0
0
0
0
0
461
3639
0
0
0
0
0
0
2413
1663
0
0
0
0
0
0
460
3640
0
0
0
0
0
0
2417
1659
0
0
0
0
0
0
459
3641
0
0
0
0
0
0
2421
1656
0
0
0
0
0
0
458
3642
0
0
0
0
0
0
2424
1652
0
0
0
0
0
0
457
3643
0
0
0
0
0
0
2428
1649
0
0
0
0
0
0
456
3644
0
0
0
0
0
0
2431
1645
0
0
0
0
0
0
455
3645
0
0
0
0
0
0
2435
1642
0
0
0
0
0
0
454
3646
0
0
0
0
0
0
2438
1638
0
0
0
0
0
0
453
3647
0
0
0
0
0
0
2442
1635
0
0
0
0
0
0
452
3648
0
0
0
0
0
0
2445
1631
0
0
0
0
0
0
451
3649
0
0
0
0
0
0
2449
1628
0
0
0
0
0
0
450
3650
0
0
0
0
0
0
2452
1624
0
0
0
0
0
0
449
3651
0
0
0
0
0
0
2456
1621
0
0
0
0
0
0
448
3652
0
0
0
0
0
0
2459
1618
0
0
0
0
0
0
447
3653
0
0
0
0
0
0
2463
1614
0
0
0
0
0
0
446
3654
0
0
0
0
0
0
2466
1611
0
0
0
0
0
0
445
3654
0
0
0
0
0
0
2470
1607
0
0
0
0
0
0
444
3655
0
0
0
0
0
0
2473
1604
0
0
0
0
0
0
444
3656
0
0
0
0
0
0
2477
1600
0
0
0
0
0
0
443
3657
0
0
0
0
0
0
2480
1597
0
0
0
0
0
0
442
3658
0
0
0
0
0
0
2484
1594
0
0
0
0
0
0
441
3659
0
0
0
0
0
0
2487
1590
0
0
0
0
0
0
440
3660
0
0
0
0
0
0
2490
1587
0
0
0
0
0
0
439
3661
0
0
0
0
0
0
2494
1583
0
0
0
0
0
0
438
3662
0
0
0
0
0
0
2497
1580
0
0
0
0
0
0
437
3663
0
0
0
0
0
0
2501
1577
0
0
0
0
0
0
436
3664
0
0
0
0
0
0
2504
1573
0
0
0
0
0
0
435
3665
0
0
0
0
0
0
2507
1570
0
0
0
0
0
0
434
3666
0
0
0
0
0
0
2511
1567
0
0
0
0
0
0
433
3667
0
0
0
0
0
0
2514
1563
0
0
0
0
0
0
432
3667
0
0
0
0
0
0
2518
1560
0
0
0
0
0
0
431
3668
0
0
0
0
0
0
2521
1557
0
0
0
0
0
0
430
3669
0
0
0
0
0
0
2524
1553
0
0
0
0
0
0
430
3670
0
0
0
0
0
0
2528
1550
0
0
0
0
0
0
429
3671
0
0
0
0
0
0
2531
1547
0
0
0
0
0
0
428
3672
0
0
0
0
0
0
2534
1543
0
0
0
0
0
0
427
3673
0
0
0
0
0
0
2538
1540
0
0
0
0
0
0
426
3674
0
0
0
0
0
0
2541
1537
0
0
0
0
0
0
425
3675
0
0
0
0
0
0
2544
1534
0
0
0
0
0
0
424
3676
0
0
0
0
0
0
2548
1530
0
0
0
0
0
0
423
3676
0
0
0
0
0
0
