0
0
0
0
0
0
0
0
0
0
0
0
0
0
0
0
0
0
0
0
0
0
0
0
0
0
0
0
0
0
0
0
0
0
0
0
0
0
0
0
0
0
0
0
0
0
0
0
0
0
0
0
0
0
0
0
0
0
0
0
0
0
0
0
0
0
0
0
0
0
0
0
0
0
0
0
0
0
0
0
0
0
0
0
0
0
0
0
0
0
0
0
0
0
0
0
0
0
0
0
0
0
0
0
0
0
0
0
0
0
0
0
0
0
0
0
0
0
0
0
0
0
0
0
0
0
0
0
0
0
0
0
0
0
0
0
0
0
0
0
0
0
0
0
0
0
0
0
0
0
0
0
0
0
0
0
0
0
0
0
0
0
0
0
0
0
0
0
0
0
0
0
0
0
0
0
0
0
0
0
0
0
0
0
0
4095
0
0
0
0
0
0
4092
4093
0
0
0
0
0
0
4092
4093
0
0
0
0
0
0
0
0
0
0
0
0
0
0
0
0
0
0
0
0
0
0
4093
4092
0
0
0
0
0
0
4092
4093
0
0
0
0
0
0
4095
0
0
0
0
0
0
0
1
1
0
0
0
0
0
0
4095
4092
0
0
0
0
0
0
4086
4087
0
0
0
0
0
0
4090
4090
0
0
0
0
0
0
5
7
0
0
0
0
0
0
4
3
0
0
0
0
0
0
4084
4082
0
0
0
0
0
0
4080
4083
0
0
0
0
0
0
3
7
0
0
0
0
0
0
16
15
0
0
0
0
0
0
4090
4087
0
0
0
0
0
0
4072
4071
0
0
0
0
0
0
4089
4094
0
0
0
0
0
0
25
26
0
0
0
0
0
0
11
5
0
0
0
0
0
0
4066
4063
0
0
0
0
0
0
4067
4073
0
0
0
0
0
0
21
27
0
0
0
0
0
0
35
29
0
0
0
0
0
0
4076
4067
0
0
0
0
0
0
4044
4047
0
0
0
0
0
0
2
12
0
0
0
0
0
0
55
56
0
0
0
0
0
0
9
4094
0
0
0
0
0
0
4033
4030
0
0
0
0
0
0
4060
4073
0
0
0
0
0
0
57
64
0
0
0
0
0
0
52
38
0
0
0
0
0
0
4043
4033
0
0
0
0
0
0
4018
4027
0
0
0
0
0
0
28
44
0
0
0
0
0
0
91
86
0
0
0
0
0
0
4087
4068
0
0
0
0
0
0
3987
3987
0
0
0
0
0
0
4067
4089
0
0
0
0
0
0
105
112
0
0
0
0
0
0
58
36
0
0
0
0
0
0
3995
3981
0
0
0
0
0
0
3995
4016
0
0
0
0
0
0
75
96
0
0
0
0
0
0
127
110
0
0
0
0
0
0
4048
4021
0
0
0
0
0
0
3941
3949
0
0
0
0
0
0
4095
31
0
0
0
0
0
0
163
165
0
0
0
0
0
0
45
9
0
0
0
0
0
0
3930
3917
0
0
0
0
0
0
3992
4027
0
0
0
0
0
0
143
165
0
0
0
0
0
0
150
120
0
0
0
0
0
0
3985
3952
0
0
0
0
0
0
3897
3918
0
0
0
0
0
0
55
98
0
0
0
0
0
0
224
214
0
0
0
0
0
0
6
4054
0
0
0
0
0
0
3854
3851
0
0
0
0
0
0
4013
4064
0
0
0
0
0
0
228
246
0
0
0
0
0
0
151
103
0
0
0
0
0
0
3896
3863
0
0
0
0
0
0
3869
3910
0
0
0
0
0
0
140
189
0
0
0
0
0
0
275
246
0
0
0
0
0
0
4027
3967
0
0
0
0
0
0
3780
3791
0
0
0
0
0
0
4070
39
0
0
0
0
0
0
322
328
0
0
0
0
0
0
119
51
0
0
0
0
0
0
3788
3761
0
0
0
0
0
0
3873
3936
0
0
0
0
0
0
252
298
0
0
0
0
0
0
305
251
0
0
0
0
0
0
3917
3852
0
0
0
0
0
0
3718
3753
0
0
0
0
0
0
68
149
0
0
0
0
0
0
412
398
0
0
0
0
0
0
46
4056
0
0
0
0
0
0
3672
3660
0
0
0
0
0
0
3916
4005
0
0
0
0
0
0
384
424
0
0
0
0
0
0
298
218
0
0
0
0
0
0
3778
3713
0
0
0
0
0
0
3685
3752
0
0
0
0
0
0
205
290
0
0
0
0
0
0
484
443
0
0
0
0
0
0
4024
3920
0
0
0
0
0
0
3565
3577
0
0
0
0
0
0
4009
24
0
0
0
0
0
0
522
541
0
0
0
0
0
0
242
132
0
0
0
0
0
0
3620
3567
0
0
0
0
0
0
3699
3797
0
0
0
0
0
0
371
457
0
0
0
0
0
0
520
444
0
0
0
0
0
0
3859
3749
0
0
0
0
0
0
3480
3527
0
0
0
0
0
0
59
186
0
0
0
0
0
0
649
639
0
0
0
0
0
0
129
4089
0
0
0
0
0
0
3454
3424
0
0
0
0
0
0
3767
3899
0
0
0
0
0
0
559
631
0
0
0
0
0
0
502
387
0
0
0
0
0
0
3660
3552
0
0
0
0
0
0
3441
3531
0
0
0
0
0
0
251
388
0
0
0
0
0
0
746
696
0
0
0
0
0
0
4053
3895
0
0
0
0
0
0
3307
3312
0
0
0
0
0
0
3901
4065
0
0
0
0
0
0
753
795
0
0
0
0
0
0
419
262
0
0
0
0
0
0
3439
3347
0
0
0
0
0
0
3461
3598
0
0
0
0
0
0
485
619
0
0
0
0
0
0
792
691
0
0
0
0
0
0
3826
3659
0
0
0
0
0
0
3194
3246
0
0
0
0
0
0
7
195
0
0
0
0
0
0
926
926
0
0
0
0
0
0
263
69
0
0
0
0
0
0
3216
3157
0
0
0
0
0
0
3559
3741
0
0
0
0
0
0
743
856
0
0
0
0
0
0
766
613
0
0
0
0
0
0
3554
3391
0
0
0
0
0
0
3142
3252
0
0
0
0
0
0
267
466
0
0
0
0
0
0
1055
1003
0
0
0
0
0
0
32
3908
0
0
0
0
0
0
3015
3005
0
0
0
0
0
0
3738
3963
0
0
0
0
0
0
998
1075
0
0
0
0
0
0
659
451
0
0
0
0
0
0
3260
3120
0
0
0
0
0
0
3168
3340
0
0
0
0
0
0
577
773
0
0
0
0
0
0
1117
999
0
0
0
0
0
0
3828
3594
0
0
0
0
0
0
2865
2916
0
0
0
0
0
0
4001
160
0
0
0
0
0
0
1229
1250
0
0
0
0
0
0
457
200
0
0
0
0
0
0
2967
2868
0
0
0
0
0
0
3289
3523
0
0
0
0
0
0
913
1083
0
0
0
0
0
0
1092
902
0
0
0
0
0
0
3478
3248
0
0
0
0
0
0
2791
2917
0
0
0
0
0
0
242
515
0
0
0
0
0
0
1401
1354
0
0
0
0
0
0
162
3965
0
0
0
0
0
0
2705
2667
0
0
0
0
0
0
3514
3803
0
0
0
0
0
0
1246
1370
0
0
0
0
0
0
958
700
0
0
0
0
0
0
3100
2898
0
0
0
0
0
0
2817
3022
0
0
0
0
0
0
635
902
0
0
0
0
0
0
1489
1359
0
0
0
0
0
0
3883
3569
0
0
0
0
0
0
2505
2546
0
0
0
0
0
0
3841
75
0
0
0
0
0
0
1544
1599
0
0
0
0
0
0
712
389
0
0
0
0
0
0
2725
2573
0
0
0
0
0
0
2960
3243
0
0
0
0
0
0
1060
1298
0
0
0
0
0
0
1465
1248
0
0
0
0
0
0
3443
3135
0
0
0
0
0
0
2402
2533
0
0
0
0
0
0
161
514
0
0
0
0
0
0
1769
1740
0
0
0
0
0
0
352
4081
0
0
0
0
0
0
2389
2312
0
0
0
0
0
0
3226
3580
0
0
0
0
0
0
1477
1661
0
0
0
0
0
0
1317
1010
0
0
0
0
0
0
2973
2695
0
0
0
0
0
0
2416
2646
0
0
0
0
0
0
645
995
0
0
0
0
0
0
1894
1763
0
0
0
0
0
0
3993
3598
0
0
0
0
0
0
2129
2147
0
0
0
0
0
0
3617
4026
0
0
0
0
0
0
1854
1957
0
0
0
0
0
0
1030
645
0
0
0
0
0
0
2505
2287
0
0
0
0
0
0
2574
2901
0
0
0
0
0
0
1165
1483
0
0
0
0
0
0
1886
1648
0
0
0
0
0
0
3463
3067
0
0
0
0
0
0
1982
2109
0
0
0
0
0
0
17
457
0
0
0
0
0
0
2148
2148
0
0
0
0
0
0
610
163
0
0
0
0
0
0
2083
1954
0
0
0
0
0
0
2879
3294
0
0
0
0
0
0
1680
1935
0
0
0
0
0
0
1727
1380
0
0
0
0
0
0
2891
2528
0
0
0
0
0
0
1979
2225
0
0
0
0
0
0
596
1036
0
0
0
0
0
0
2322
2200
0
0
0
0
0
0
73
3687
0
0
0
0
0
0
1754
1733
0
0
0
0
0
0
3326
3810
0
0
0
0
0
0
2147
2311
0
0
0
0
0
0
1407
962
0
0
0
0
0
0
2323
2028
0
0
0
0
0
0
2139
2502
0
0
0
0
0
0
1216
1626
0
0
0
0
0
0
2339
2091
0
0
0
0
0
0
3543
3056
0
0
0
0
0
0
1552
1661
0
0
0
0
0
0
3903
334
0
0
0
0
0
0
2519
2562
0
0
0
0
0
0
932
411
0
0
0
0
0
0
1809
1611
0
0
0
0
0
0
2470
2942
0
0
0
0
0
0
1837
2176
0
0
0
0
0
0
2183
1806
0
0
0
0
0
0
2869
2412
0
0
0
0
0
0
1514
1764
0
0
0
0
0
0
479
1016
0
0
0
0
0
0
2752
2656
0
0
0
0
0
0
317
3843
0
0
0
0
0
0
1393
1322
0
0
0
0
0
0
2973
3531
0
0
0
0
0
0
2405
2641
0
0
0
0
0
0
1839
1344
0
0
0
0
0
0
2194
1809
0
0
0
0
0
0
1666
2056
0
0
0
0
0
0
1204
1712
0
0
0
0
0
0
2811
2565
0
0
0
0
0
0
3695
3110
0
0
0
0
0
0
1124
1203
0
0
0
0
0
0
3623
143
0
0
0
0
0
0
2865
2965
0
0
0
0
0
0
1317
723
0
0
0
0
0
0
1576
1297
0
0
0
0
0
0
2015
2535
0
0
0
0
0
0
1935
2368
0
0
0
0
0
0
2668
2271
0
0
0
0
0
0
2915
2359
0
0
0
0
0
0
1977
3728
0
0
0
0
0
0
279
926
0
0
0
0
0
0
3172
2181
0
0
0
0
0
0
551
5
0
0
0
0
0
0
1066
929
0
0
0
0
0
0
2701
3193
0
0
0
0
0
0
2611
2931
0
0
0
0
0
0
1152
2203
0
0
0
0
0
0
2129
1646
0
0
0
0
0
0
3165
3574
0
0
0
0
0
0
1111
1733
0
0
0
0
0
0
835
1060
0
0
0
0
0
0
3873
3256
0
0
0
0
0
0
1652
3195
0
0
0
0
0
0
3453
3870
0
0
0
0
0
0
3171
3344
0
0
0
0
0
0
2012
1102
0
0
0
0
0
0
1400
1030
0
0
0
0
0
0
3659
3153
0
0
0
0
0
0
1966
2501
0
0
0
0
0
0
1169
670
0
0
0
0
0
0
2991
2393
0
0
0
0
0
0
2568
2788
0
0
0
0
0
0
112
730
0
0
0
0
0
0
2628
1113
0
0
0
0
0
0
826
280
0
0
0
0
0
0
784
572
0
0
0
0
0
0
3350
2322
0
0
0
0
0
0
2753
3168
0
0
0
0
0
0
687
244
0
0
0
0
0
0
2147
1549
0
0
0
0
0
0
2667
3162
0
0
0
0
0
0
1009
1657
0
0
0
0
0
0
1747
1545
0
0
0
0
0
0
4038
3546
0
0
0
0
0
0
1279
2761
0
0
0
0
0
0
2598
3640
0
0
0
0
0
0
3420
2745
0
0
0
0
0
0
995
1990
0
0
0
0
0
0
1292
824
0
0
0
0
0
0
3142
3593
0
0
0
0
0
0
1908
2561
0
0
0
0
0
0
1673
1183
0
0
0
0
0
0
3152
2501
0
0
0
0
0
0
2122
2302
0
0
0
0
0
0
3980
510
0
0
0
0
0
0
2977
1530
0
0
0
0
0
0
1714
637
0
0
0
0
0
0
570
1196
0
0
0
0
0
0
3774
3379
0
0
0
0
0
0
2821
3343
0
0
0
0
0
0
1209
752
0
0
0
0
0
0
2179
1547
0
0
0
0
0
0
2267
2571
0
0
0
0
0
0
906
1436
0
0
0
0
0
0
2174
2021
0
0
0
0
0
0
296
3722
0
0
0
0
0
0
961
2367
0
0
0
0
0
0
3652
2795
0
0
0
0
0
0
3606
3023
0
0
0
0
0
0
573
18
0
0
0
0
0
0
1273
687
0
0
0
0
0
0
2617
3074
0
0
0
0
0
0
1835
2521
0
0
0
0
0
0
2063
1773
0
0
0
0
0
0
3328
2749
0
0
0
0
0
0
1719
1840
0
0
0
0
0
0
3134
206
0
0
0
0
0
0
3262
1900
0
0
0
0
0
0
681
1511
0
0
0
0
0
0
422
955
0
0
0
0
0
0
3251
3820
0
0
0
0
0
0
2797
3438
0
0
0
0
0
0
1729
1277
0
0
0
0
0
0
2311
1621
0
0
0
0
0
0
1795
2065
0
0
0
0
0
0
604
1319
0
0
0
0
0
0
2553
2464
0
0
0
0
0
0
1172
4063
0
0
0
0
0
0
708
2026
0
0
0
0
0
0
4088
3858
0
0
0
0
0
0
3709
3229
0
0
0
0
0
0
1105
528
0
0
0
0
0
0
1274
655
0
0
0
0
0
0
2104
2550
0
0
0
0
0
0
1662
2407
0
0
0
0
0
0
2513
2267
0
0
0
0
0
0
3665
2904
0
0
0
0
0
0
1367
1420
0
0
0
0
0
0
102
3473
0
0
0
0
0
0
3479
2203
0
0
0
0
0
0
259
469
0
0
0
0
0
0
359
785
0
0
0
0
0
0
2718
3299
0
0
0
0
0
0
2754
3430
0
0
0
0
0
0
2231
1801
0
0
0
0
0
0
2463
1841
0
0
0
0
0
0
1366
1585
0
0
0
0
0
0
227
1030
0
0
0
0
0
0
2868
2857
0
0
0
0
0
0
132
825
0
0
0
0
0
0
531
1756
0
0
0
0
0
0
3565
211
0
0
0
0
0
0
3714
3355
0
0
0
0
0
0
1634
1054
0
0
0
0
0
0
1414
686
0
0
0
0
0
0
1619
2033
0
0
0
0
0
0
1473
2143
0
0
0
0
0
0
3010
2651
0
0
0
0
0
0
427
3221
0
0
0
0
0
0
1091
1056
0
0
0
0
0
0
3704
3038
0
0
0
0
0
0
3611
2437
0
0
0
0
0
0
789
37
0
0
0
0
0
0
398
704
0
0
0
0
0
0
2196
2770
0
0
0
0
0
0
2607
3343
0
0
0
0
0
0
2696
2303
0
0
0
0
0
0
2786
2071
0
0
0
0
0
0
901
1226
0
0
0
0
0
0
3436
678
0
0
0
0
0
0
3106
3186
0
0
0
0
0
0
3798
3866
0
0
0
0
0
0
445
1565
0
0
0
0
0
0
3033
3792
0
0
0
0
0
0
3641
3392
0
0
0
0
0
0
2142
1579
0
0
0
0
0
0
1605
819
0
0
0
0
0
0
1177
1545
0
0
0
0
0
0
1120
1971
0
0
0
0
0
0
3346
3060
0
0
0
0
0
0
885
3611
0
0
0
0
0
0
894
765
0
0
0
0
0
0
30
4075
0
0
0
0
0
0
3652
2587
0
0
0
0
0
0
1316
558
0
0
0
0
0
0
461
3894
0
0
0
0
0
0
1715
2252
0
0
0
0
0
0
2340
3175
0
0
0
0
0
0
3110
2771
0
0
0
0
0
0
3170
2281
0
0
0
0
0
0
605
850
0
0
0
0
0
0
375
3903
0
0
0
0
0
0
2808
3441
0
0
0
0
0
0
225
265
0
0
0
0
0
0
451
1461
0
0
0
0
0
0
2513
3269
0
0
0
0
0
0
3534
155
0
0
0
0
0
0
2603
2086
0
0
0
0
0
0
1811
1103
0
0
0
0
0
0
796
1100
0
0
0
0
0
0
702
1629
0
0
0
0
0
0
3599
3399
0
0
0
0
0
0
3964
413
0
0
0
0
0
0
1239
554
0
0
0
0
0
0
3602
407
0
0
0
0
0
0
3588
2642
0
0
0
0
0
0
1829
1081
0
0
0
0
0
0
669
3996
0
0
0
0
0
0
1268
1761
0
0
0
0
0
0
2095
2849
0
0
0
0
0
0
3490
3174
0
0
0
0
0
0
4067
2647
0
0
0
0
0
0
396
546
0
0
0
0
0
0
3965
3440
0
0
0
0
0
0
2864
3604
0
0
0
0
0
0
748
3938
0
0
0
0
0
0
562
1453
0
0
0
0
0
0
2017
2752
0
0
0
0
0
0
3320
4091
0
0
0
0
0
0
3020
2556
0
0
0
0
0
0
2185
1393
0
0
0
0
0
0
453
727
0
0
0
0
0
0
3879
1233
0
0
0
0
0
0
3762
3660
0
0
0
0
0
0
3546
3478
0
0
0
0
0
0
1229
434
0
0
0
0
0
0
3082
3985
0
0
0
0
0
0
280
18
0
0
0
0
0
0
2302
1589
0
0
0
0
0
0
921
104
0
0
0
0
0
0
881
1317
0
0
0
0
0
0
1698
2620
0
0
0
0
0
0
3755
3524
0
0
0
0
0
0
455
3079
0
0
0
0
0
0
272
232
0
0
0
0
0
0
282
358
0
0
0
0
0
0
2825
3673
0
0
0
0
0
0
1256
361
0
0
0
0
0
0
3861
50
0
0
0
0
0
0
1570
2260
0
0
0
0
0
0
2993
3857
0
0
0
0
0
0
3370
2972
0
0
0
0
0
0
2612
1656
0
0
0
0
0
0
234
420
0
0
0
0
0
0
795
326
0
0
0
0
0
0
3837
3928
0
0
0
0
0
0
4065
3983
0
0
0
0
0
0
1320
418
0
0
0
0
0
0
2589
3474
0
0
0
0
0
0
96
3958
0
0
0
0
0
0
2721
2055
0
0
0
0
0
0
1187
458
0
0
0
0
0
0
519
951
0
0
0
0
0
0
1241
2227
0
0
0
0
0
0
3928
3789
0
0
0
0
0
0
3547
4003
0
0
0
0
0
0
251
111
0
0
0
0
0
0
3864
784
0
0
0
0
0
0
95
3191
0
0
0
0
0
0
1728
858
0
0
0
0
0
0
45
233
0
0
0
0
0
0
1182
1816
0
0
0
0
0
0
2693
3461
0
0
0
0
0
0
3692
3303
0
0
0
0
0
0
3090
2081
0
0
0
0
0
0
15
276
0
0
0
0
0
0
282
3930
0
0
0
0
0
0
3807
4001
0
0
0
0
0
0
473
3560
0
0
0
0
0
0
2
950
0
0
0
0
0
0
2141
2991
0
0
0
0
0
0
3873
3730
0
0
0
0
0
0
3072
2474
0
0
0
0
0
0
1614
813
0
0
0
0
0
0
296
641
0
0
0
0
0
0
295
1785
0
0
0
0
0
0
4094
3887
0
0
0
0
0
0
4061
410
0
0
0
0
0
0
334
87
0
0
0
0
0
0
3374
276
0
0
0
0
0
0
3960
3059
0
0
0
0
0
0
2151
1326
0
0
0
0
0
0
366
3676
0
0
0
0
0
0
882
1429
0
0
0
0
0
0
2243
3073
0
0
0
0
0
0
3867
3570
0
0
0
0
0
0
4047
2542
0
0
0
0
0
0
4090
148
0
0
0
0
0
0
708
843
0
0
0
0
0
0
3224
3984
0
0
0
0
0
0
942
4058
0
0
0
0
0
0
276
1129
0
0
0
0
0
0
1752
2545
0
0
0
0
0
0
3517
244
0
0
0
0
0
0
3329
2823
0
0
0
0
0
0
2081
1136
0
0
0
0
0
0
133
428
0
0
0
0
0
0
3881
1298
0
0
0
0
0
0
4067
3964
0
0
0
0
0
0
3627
3500
0
0
0
0
0
0
964
154
0
0
0
0
0
0
2928
3886
0
0
0
0
0
0
3699
2817
0
0
0
0
0
0
2504
1746
0
0
0
0
0
0
787
4026
0
0
0
0
0
0
655
1117
0
0
0
0
0
0
1758
2724
0
0
0
0
0
0
3983
3739
0
0
0
0
0
0
463
3041
0
0
0
0
0
0
70
119
0
0
0
0
0
0
216
334
0
0
0
0
0
0
2997
3857
0
0
0
0
0
0
1363
431
0
0
0
0
0
0
3733
3999
0
0
0
0
0
0
1437
2153
0
0
0
0
0
0
3069
3957
0
0
0
0
0
0
3508
3095
0
0
0
0
0
0
2582
1601
0
0
0
0
0
0
105
298
0
0
0
0
0
0
787
342
0
0
0
0
0
0
3949
4038
0
0
0
0
0
0
5
4000
0
0
0
0
0
0
1237
330
0
0
0
0
0
0
2538
3438
0
0
0
0
0
0
150
4020
0
0
0
0
0
0
2776
2102
0
0
0
0
0
0
1161
422
0
0
0
0
0
0
473
910
0
0
0
0
0
0
1248
2241
0
0
0
0
0
0
3960
3818
0
0
0
0
0
0
3549
4000
0
0
0
0
0
0
240
99
0
0
0
0
0
0
3863
783
0
0
0
0
0
0
91
3186
0
0
0
0
0
0
1722
852
0
0
0
0
0
0
60
252
0
0
0
0
0
0
1207
1838
0
0
0
0
0
0
2674
3436
0
0
0
0
0
0
3646
3258
0
0
0
0
0
0
3098
2099
0
0
0
0
0
0
81
340
0
0
0
0
0
0
295
3928
0
0
0
0
0
0
3727
3915
0
0
0
0
0
0
432
3537
0
0
0
0
0
0
86
1044
0
0
0
0
0
0
2216
3049
0
0
0
0
0
0
3798
477
0
0
0
0
0
0
2948
2377
0
0
0
0
0
0
1666
890
0
0
0
0
0
0
439
773
0
0
0
0
0
0
282
1738
0
0
0
0
0
0
3930
3724
0
0
0
0
0
0
4027
410
0
0
0
0
0
0
506
269
0
0
0
0
0
0
3465
330
0
0
0
0
0
0
3798
2877
0
0
0
0
0
0
2003
1214
0
0
0
0
0
0
497
3839
0
0
0
0
0
0
1082
1605
0
0
0
0
0
0
2163
2950
0
0
0
0
0
0
3626
3344
0
0
0
0
0
0
4060
2607
0
0
0
0
0
0
255
409
0
0
0
0
0
0
3934
3435
0
0
0
0
0
0
2963
3706
0
0
0
0
0
0
794
3965
0
0
0
0
0
0
506
1392
0
0
0
0
0
0
1977
2722
0
0
0
0
0
0
3339
19
0
0
0
0
0
0
3038
2568
0
0
0
0
0
0
2186
1394
0
0
0
0
0
0
471
746
0
0
0
0
0
0
3878
1225
0
0
0
0
0
0
3711
3608
0
0
0
0
0
0
3526
3473
0
0
0
0
0
0
1308
522
0
0
0
0
0
0
3138
4025
0
0
0
0
0
0
188
4007
0
0
0
0
0
0
2195
1501
0
0
0
0
0
0
1005
212
0
0
0
0
0
0
1043
1460
0
0
0
0
0
0
1649
2534
0
0
0
0
0
0
3547
3325
0
0
0
0
0
0
448
3116
0
0
0
0
0
0
511
476
0
0
0
0
0
0
363
388
0
0
0
0
0
0
2579
3406
0
0
0
0
0
0
1085
241
0
0
0
0
0
0
46
295
0
0
0
0
0
0
1830
2473
0
0
0
0
0
0
2823
3625
0
0
0
0
0
0
3083
2647
0
0
0
0
0
0
2695
1815
0
0
0
0
0
0
633
805
0
0
0
0
0
0
3411
722
0
0
0
0
0
0
3412
3496
0
0
0
0
0
0
3903
3913
0
0
0
0
0
0
214
1315
0
0
0
0
0
0
2884
3689
0
0
0
0
0
0
3843
3544
0
0
0
0
0
0
2297
1705
0
0
0
0
0
0
1529
718
0
0
0
0
0
0
1044
1427
0
0
0
0
0
0
1140
2013
0
0
0
0
0
0
3435
3142
0
0
0
0
0
0
892
3605
0
0
0
0
0
0
857
729
0
0
0
0
0
0
24
4073
0
0
0
0
0
0
3644
2576
0
0
0
0
0
0
1295
540
0
0
0
0
0
0
503
3946
0
0
0
0
0
0
1786
2314
0
0
0
0
0
0
2294
3109
0
0
0
0
0
0
2980
2652
0
0
0
0
0
0
3193
2334
0
0
0
0
0
0
790
1033
0
0
0
0
0
0
408
3893
0
0
0
0
0
0
2584
3207
0
0
0
0
0
0
111
202
0
0
0
0
0
0
686
1726
0
0
0
0
0
0
2721
3428
0
0
0
0
0
0
3321
3991
0
0
0
0
0
0
2292
1818
0
0
0
0
0
0
1957
1318
0
0
0
0
0
0
1158
1481
0
0
0
0
0
0
661
1502
0
0
0
0
0
0
3139
2945
0
0
0
0
0
0
3869
416
0
0
0
0
0
0
1719
1056
0
0
0
0
0
0
3852
3718
0
0
0
0
0
0
4084
3647
0
0
0
0
0
0
1416
764
0
0
0
0
0
0
1033
354
0
0
0
0
0
0
1826
2247
0
0
0
0
0
0
1873
2506
0
0
0
0
0
0
2820
2550
0
0
0
0
0
0
3652
2834
0
0
0
0
0
0
1116
1174
0
0
0
0
0
0
47
3467
0
0
0
0
0
0
2141
2839
0
0
0
0
0
0
338
520
0
0
0
0
0
0
263
678
0
0
0
0
0
0
2648
3245
0
0
0
0
0
0
2790
3472
0
0
0
0
0
0
2260
1822
0
0
0
0
0
0
2463
1844
0
0
0
0
0
0
1395
1615
0
0
0
0
0
0
226
1016
0
0
0
0
0
0
2779
2763
0
0
0
0
0
0
98
816
0
0
0
0
0
0
672
1908
0
0
0
0
0
0
3665
278
0
0
0
0
0
0
3553
3165
0
0
0
0
0
0
1444
900
0
0
0
0
0
0
1562
880
0
0
0
0
0
0
1902
2286
0
0
0
0
0
0
1384
1988
0
0
0
0
0
0
2642
2299
0
0
0
0
0
0
4060
3300
0
0
0
0
0
0
1967
1484
0
0
0
0
0
0
3856
3092
0
0
0
0
0
0
3169
1960
0
0
0
0
0
0
484
3922
0
0
0
0
0
0
801
241
0
0
0
0
0
0
2674
3152
0
0
0
0
0
0
2267
2946
0
0
0
0
0
0
2126
1748
0
0
0
0
0
0
2934
2350
0
0
0
0
0
0
1611
1908
0
0
0
0
0
0
3944
575
0
0
0
0
0
0
1900
2421
0
0
0
0
0
0
347
1156
0
0
0
0
0
0
238
847
0
0
0
0
0
0
3563
71
0
0
0
0
0
0
3022
3588
0
0
0
0
0
0
1375
952
0
0
0
0
0
0
2075
1406
0
0
0
0
0
0
2079
2405
0
0
0
0
0
0
934
1494
0
0
0
0
0
0
2302
2141
0
0
0
0
0
0
310
3716
0
0
0
0
0
0
2419
1864
0
0
0
0
0
0
3647
2789
0
0
0
0
0
0
3592
3002
0
0
0
0
0
0
542
4089
0
0
0
0
0
0
1330
760
0
0
0
0
0
0
2721
3164
0
0
0
0
0
0
1769
2426
0
0
0
0
0
0
1975
1523
0
0
0
0
0
0
3359
2828
0
0
0
0
0
0
1982
2102
0
0
0
0
0
0
3633
185
0
0
0
0
0
0
2944
1563
0
0
0
0
0
0
521
1422
0
0
0
0
0
0
758
396
0
0
0
0
0
0
3561
3111
0
0
0
0
0
0
2510
3068
0
0
0
0
0
0
1288
899
0
0
0
0
0
0
2557
1915
0
0
0
0
0
0
2265
2667
0
0
0
0
0
0
539
1039
0
0
0
0
0
0
1447
1827
0
0
0
0
0
0
583
4074
0
0
0
0
0
0
454
1232
0
0
0
0
0
0
3514
2560
0
0
0
0
0
0
3070
3442
0
0
0
0
0
0
506
1011
0
0
0
0
0
0
1833
1280
0
0
0
0
0
0
2863
3248
0
0
0
0
0
0
1308
1930
0
0
0
0
0
0
1665
1399
0
0
0
0
0
0
3823
3182
0
0
0
0
0
0
1345
2897
0
0
0
0
0
0
3395
3958
0
0
0
0
0
0
3385
2630
0
0
0
0
0
0
612
1616
0
0
0
0
0
0
1279
899
0
0
0
0
0
0
3572
3088
0
0
0
0
0
0
2010
2554
0
0
0
0
0
0
1208
698
0
0
0
0
0
0
2992
2396
0
0
0
0
0
0
3054
2817
0
0
0
0
0
0
111
713
0
0
0
0
0
0
2518
997
0
0
0
0
0
0
786
268
0
0
0
0
0
0
954
756
0
0
0
0
0
0
1962
2858
0
0
0
0
0
0
2553
2937
0
0
0
0
0
0
492
981
0
0
0
0
0
0
2317
1786
0
0
0
0
0
0
3007
3378
0
0
0
0
0
0
845
1490
0
0
0
0
0
0
2358
670
0
0
0
0
0
0
25
3553
0
0
0
0
0
0
865
1778
0
0
0
0
0
0
3224
3601
0
0
0
0
0
0
2881
3096
0
0
0
0
0
0
2178
1259
0
0
0
0
0
0
1784
1400
0
0
0
0
0
0
2639
1698
0
0
0
0
0
0
1547
2062
0
0
0
0
0
0
486
1556
0
0
0
0
0
0
3412
2812
0
0
0
0
0
0
994
2068
0
0
0
0
0
0
3852
402
0
0
0
0
0
0
2989
3036
0
0
0
0
0
0
1093
480
0
0
0
0
0
0
1455
1230
0
0
0
0
0
0
2245
2784
0
0
0
0
0
0
2063
2442
0
0
0
0
0
0
2421
1998
0
0
0
0
0
0
2754
2258
0
0
0
0
0
0
1312
1587
0
0
0
0
0
0
508
1078
0
0
0
0
0
0
2889
2784
0
0
0
0
0
0
330
3834
0
0
0
0
0
0
1335
1266
0
0
0
0
0
0
2962
3527
0
0
0
0
0
0
2390
2621
0
0
0
0
0
0
1806
1316
0
0
0
0
0
0
2256
1886
0
0
0
0
0
0
1775
2152
0
0
0
0
0
0
1134
1609
0
0
0
0
0
0
2612
2378
0
0
0
0
0
0
3729
3194
0
0
0
0
0
0
1410
1485
0
0
0
0
0
0
3672
126
0
0
0
0
0
0
2519
2604
0
0
0
0
0
0
1142
626
0
0
0
0
0
0
1939
1704
0
0
0
0
0
0
2339
2780
0
0
0
0
0
0
1612
1971
0
0
0
0
0
0
2192
1862
0
0
0
0
0
0
3140
2691
0
0
0
0
0
0
1653
1847
0
0
0
0
0
0
228
727
0
0
0
0
0
0
2466
2420
0
0
0
0
0
0
486
4075
0
0
0
0
0
0
1801
1701
0
0
0
0
0
0
2948
3419
0
0
0
0
0
0
1921
2153
0
0
0
0
0
0
1683
1289
0
0
0
0
0
0
2686
2341
0
0
0
0
0
0
2027
2314
0
0
0
0
0
0
780
1203
0
0
0
0
0
0
2257
2095
0
0
0
0
0
0
3977
3514
0
0
0
0
0
0
1835
1858
0
0
0
0
0
0
3554
4017
0
0
0
0
0
0
2062
2171
0
0
0
0
0
0
1126
703
0
0
0
0
0
0
2390
2159
0
0
0
0
0
0
2489
2838
0
0
0
0
0
0
1207
1533
0
0
0
0
0
0
1924
1674
0
0
0
0
0
0
3462
3069
0
0
0
0
0
0
2017
2147
0
0
0
0
0
0
16
440
0
0
0
0
0
0
2042
2038
0
0
0
0
0
0
569
152
0
0
0
0
0
0
2250
2133
0
0
0
0
0
0
2996
3373
0
0
0
0
0
0
1490
1715
0
0
0
0
0
0
1507
1203
0
0
0
0
0
0
3063
2756
0
0
0
0
0
0
2312
2522
0
0
0
0
0
0
490
855
0
0
0
0
0
0
1888
1787
0
0
0
0
0
0
59
3770
0
0
0
0
0
0
2255
2243
0
0
0
0
0
0
3501
3877
0
0
0
0
0
0
1629
1749
0
0
0
0
0
0
1049
717
0
0
0
0
0
0
2797
2583
0
0
0
0
0
0
2685
2950
0
0
0
0
0
0
859
1146
0
0
0
0
0
0
1627
1450
0
0
0
0
0
0
3719
3385
0
0
0
0
0
0
2387
2464
0
0
0
0
0
0
3968
219
0
0
0
0
0
0
1632
1655
0
0
0
0
0
0
593
258
0
0
0
0
0
0
2664
2543
0
0
0
0
0
0
3094
3387
0
0
0
0
0
0
1109
1311
0
0
0
0
0
0
1294
1067
0
0
0
0
0
0
3380
3116
0
0
0
0
0
0
2616
2763
0
0
0
0
0
0
267
567
0
0
0
0
0
0
1519
1463
0
0
0
0
0
0
172
3957
0
0
0
0
0
0
2655
2619
0
0
0
0
0
0
3505
3799
0
0
0
0
0
0
1235
1353
0
0
0
0
0
0
927
676
0
0
0
0
0
0
3152
2963
0
0
0
0
0
0
2910
3103
0
0
0
0
0
0
574
815
0
0
0
0
0
0
1319
1199
0
0
0
0
0
0
3911
3641
0
0
0
0
0
0
2749
2787
0
0
0
0
0
0
3883
61
0
0
0
0
0
0
1248
1290
0
0
0
0
0
0
562
306
0
0
0
0
0
0
3035
2922
0
0
0
0
0
0
3235
3453
0
0
0
0
0
0
781
956
0
0
0
0
0
0
1060
899
0
0
0
0
0
0
3634
3419
0
0
0
0
0
0
2924
3019
0
0
0
0
0
0
108
345
0
0
0
0
0
0
1168
1145
0
0
0
0
0
0
228
4084
0
0
0
0
0
0
3018
2973
0
0
0
0
0
0
3559
3777
0
0
0
0
0
0
887
997
0
0
0
0
0
0
774
591
0
0
0
0
0
0
3448
3290
0
0
0
0
0
0
3151
3285
0
0
0
0
0
0
352
544
0
0
0
0
0
0
1016
943
0
0
0
0
0
0
4041
3834
0
0
0
0
0
0
3088
3099
0
0
0
0
0
0
3855
4060
0
0
0
0
0
0
906
954
0
0
0
0
0
0
492
305
0
0
0
0
0
0
3352
3255
0
0
0
0
0
0
3399
3551
0
0
0
0
0
0
517
656
0
0
0
0
0
0
820
713
0
0
0
0
0
0
3826
3661
0
0
0
0
0
0
3218
3274
0
0
0
0
0
0
5
184
0
0
0
0
0
0
848
845
0
0
0
0
0
0
235
61
0
0
0
0
0
0
3337
3290
0
0
0
0
0
0
3645
3800
0
0
0
0
0
0
601
690
0
0
0
0
0
0
602
479
0
0
0
0
0
0
3683
3561
0
0
0
0
0
0
3389
3473
0
0
0
0
0
0
192
335
0
0
0
0
0
0
734
693
0
0
0
0
0
0
22
3969
0
0
0
0
0
0
3389
3384
0
0
0
0
0
0
3869
4011
0
0
0
0
0
0
612
657
0
0
0
0
0
0
392
267
0
0
0
0
0
0
3611
3533
0
0
0
0
0
0
3573
3671
0
0
0
0
0
0
312
419
0
0
0
0
0
0
586
523
0
0
0
0
0
0
3959
3840
0
0
0
0
0
0
3486
3514
0
0
0
0
0
0
4048
76
0
0
0
0
0
0
569
577
0
0
0
0
0
0
204
88
0
0
0
0
0
0
3603
3563
0
0
0
0
0
0
3754
3854
0
0
0
0
0
0
372
440
0
0
0
0
0
0
429
354
0
0
0
0
0
0
3858
3771
0
0
0
0
0
0
3610
3657
0
0
0
0
0
0
84
183
0
0
0
0
0
0
485
467
0
0
0
0
0
0
52
4050
0
0
0
0
0
0
3642
3631
0
0
0
0
0
0
3911
4002
0
0
0
0
0
0
378
413
0
0
0
0
0
0
279
203
0
0
0
0
0
0
3812
3754
0
0
0
0
0
0
3743
3800
0
0
0
0
0
0
167
237
0
0
0
0
0
0
380
346
0
0
0
0
0
0
4040
3963
0
0
0
0
0
0
3713
3725
0
0
0
0
0
0
4034
14
0
0
0
0
0
0
342
352
0
0
0
0
0
0
152
81
0
0
0
0
0
0
3810
3779
0
0
0
0
0
0
3866
3923
0
0
0
0
0
0
201
246
0
0
0
0
0
0
269
227
0
0
0
0
0
0
3977
3923
0
0
0
0
0
0
3801
3826
0
0
0
0
0
0
23
81
0
0
0
0
0
0
280
275
0
0
0
0
0
0
52
4091
0
0
0
0
0
0
3842
3832
0
0
0
0
0
0
3970
4021
0
0
0
0
0
0
199
223
0
0
0
0
0
0
171
130
0
0
0
0
0
0
3953
3918
0
0
0
0
0
0
3889
3919
0
0
0
0
0
0
72
113
0
0
0
0
0
0
209
193
0
0
0
0
0
0
4083
4041
0
0
0
0
0
0
3892
3895
0
0
0
0
0
0
4046
4087
0
0
0
0
0
0
173
181
0
0
0
0
0
0
90
55
0
0
0
0
0
0
3958
3939
0
0
0
0
0
0
3970
3997
0
0
0
0
0
0
89
113
0
0
0
0
0
0
137
119
0
0
0
0
0
0
4049
4023
0
0
0
0
0
0
3950
3960
0
0
0
0
0
0
4094
26
0
0
0
0
0
0
129
128
0
0
0
0
0
0
33
8
0
0
0
0
0
0
3983
3976
0
0
0
0
0
0
4030
4053
0
0
0
0
0
0
80
92
0
0
0
0
0
0
80
62
0
0
0
0
0
0
4040
4024
0
0
0
0
0
0
4006
4017
0
0
0
0
0
0
21
39
0
0
0
0
0
0
84
78
0
0
0
0
0
0
0
4079
0
0
0
0
0
0
4018
4017
0
0
0
0
0
0
4070
4085
0
0
0
0
0
0
61
64
0
0
0
0
0
0
35
23
0
0
0
0
0
0
4049
4041
0
0
0
0
0
0
4049
4056
0
0
0
0
0
0
23
33
0
0
0
0
0
0
44
39
0
0
0
0
0
0
4083
4073
0
0
0
0
0
0
4050
4053
0
0
0
0
0
0
4091
2
0
0
0
0
0
0
34
34
0
0
0
0
0
0
9
1
0
0
0
0
0
0
4066
4063
0
0
0
0
0
0
4074
4080
0
0
0
0
0
0
16
19
0
0
0
0
0
0
17
13
0
0
0
0
0
0
4084
4081
0
0
0
0
0
0
4074
4077
0
0
0
0
0
0
1
3
0
0
0
0
0
0
13
12
0
0
0
0
0
0
0
4093
0
0
0
0
0
0
4083
4084
0
0
0
0
0
0
4089
4091
0
0
0
0
0
0
4
4
0
0
0
0
0
0
1
1
0
0
0
0
0
0
4089
4090
0
0
0
0
0
0
4089
4090
0
0
0
0
0
0
0
4095
0
0
0
0
0
0
0
4095
0
0
0
0
0
0
4092
4092
0
0
0
0
0
0
4092
4093
0
0
0
0
0
0
4092
4094
0
0
0
0
0
0
4095
0
0
0
0
0
0
0
0
0
0
0
0
0
0
0
4092
4092
0
0
0
0
0
0
4093
0
0
0
0
0
0
0
4095
0
0
0
0
0
0
0
0
0
0
0
0
0
0
0
0
0
0
0
0
0
0
0
4095
4095
0
0
0
0
0
0
0
0
0
0
0
0
0
0
0
0
0
0
0
0
0
0
0
0
0
0
0
0
0
0
0
0
0
0
0
0
0
0
0
0
0
0
0
0
0
0
0
0
0
0
0
0
0
0
0
0
0
0
0
0
0
0
0
0
0
0
0
0
0
0
0
0
0
0
0
0
0
0
0
0
0
0
0
0
0
0
0
0
0
0
0
0
0
0
0
0
0
0
0
0
0
0
0
0
0
0
0
0
0
0
0
0
0
0
0
0
0
0
0
0
0
0
0
0
0
0
0
0
0
0
0
0
0
0
0
0
0
0
0
0
0
0
0
0
0
0
0
0
0
0
0
0
0
0
0
0
0
0
0
0
0
0
0
0
0
0
0
0
0
0
0
0
0
0
0
0
0
0
0
0
0
0
0
0
0
0
0
0
0
0
0
0
0
0
0
0
0
0
0
0
0
0
0
0
0
0
0
0
0
0
0
0
0
0
0
0
0
0
0
0
0
0
0
0
0
0
0
0
0
0
0
0
0
0
0
0
0
0
0
0
0
0
0
0
0
0
0
0
0
0
0
0
0
0
0
0
0
0
0
0
0
0
0
0
0
0
0
0
0
0
0
0
0
0
0
0
0
0
0
0
0
0
0
0
0
0
0
0
0
0
0
0
0
0
0
0
0
0
0
0
0
0
0
0
0
0
0
0
0
0
0
0
0
0
0
0
0
0
0
0
0
0
0
0
0
0
0
0
0
0
0
0
0
0
0
0
0
0
0
0
0
0
0
0
0
0
0
0
0
0
0
0
0
0
0
0
0
0
0
0
0
0
0
0
0
0
0
0
0
0
0
0
0
0
0
0
0
0
0
0
0
0
0
0
0
0
0
0
0
0
0
0
0
0
0
0
0
0
0
0
0
0
0
0
0
0
0
0
0
0
0
0
0
0
0
0
0
0
0
0
0
0
0
0
0
0
0
0
0
0
0
0
0
0
0
0
0
0
0
0
0
0
0
0
0
0
0
0
0
0
0
0
0
0
0
0
0
0
0
0
0
0
0
0
0
0
0
0
0
0
0
0
0
0
0
0
0
0
0
0
0
0
0
0
0
0
0
0
0
0
0
0
0
0
0
0
0
0
0
0
0
0
0
0
0
0
0
0
0
0
0
0
0
0
0
0
0
0
0
0
0
0
0
0
0
0
0
0
0
0
0
0
0
0
0
0
0
0
0
0
0
0
0
0
0
0
0
0
0
0
0
0
0
0
0
0
0
0
0
0
0
0
0
0
0
0
0
0
0
0
0
0
0
0
0
0
0
0
0
0
0
0
0
0
0
0
0
0
0
0
0
0
0
0
0
0
0
0
0
0
0
0
0
0
0
0
0
0
0
0
0
0
0
0
0
0
0
0
0
0
0
0
0
0
0
0
0
0
0
0
0
0
0
0
0
0
0
0
0
0
0
0
0
0
0
0
0
0
0
0
0
0
0
0
0
0
0
0
0
0
0
0
0
0
0
0
0
0
0
0
0
0
0
0
0
0
0
0
0
0
0
0
0
0
0
0
0
0
0
0
0
0
0
0
0
0
0
0
0
0
0
0
0
0
0
0
0
0
0
0
0
0
0
0
0
0
0
0
0
0
0
0
0
0
0
0
0
0
0
0
0
0
0
0
0
0
0
0
0
0
0
0
0
0
0
0
0
0
0
0
0
0
0
0
0
0
0
0
0
0
0
0
0
0
0
0
0
0
0
0
0
0
0
0
0
0
0
0
0
0
0
0
0
0
0
0
0
0
0
0
0
0
0
0
0
0
0
0
0
0
0
0
0
0
0
0
0
0
0
0
0
0
0
0
0
0
0
0
0
0
0
0
0
0
0
0
0
0
0
0
0
0
0
0
0
0
0
0
0
0
0
0
0
0
0
0
0
0
0
0
0
0
0
0
0
0
0
0
0
0
0
0
0
0
0
0
0
0
0
0
0
0
0
0
0
0
0
0
0
0
0
0
0
0
0
0
0
0
0
0
0
0
0
0
0
0
0
0
0
0
0
0
0
0
0
0
0
0
0
0
0
0
0
0
0
0
0
0
0
0
0
0
0
0
0
0
0
0
0
0
0
0
0
0
0
0
0
0
0
0
0
0
0
0
0
0
0
0
0
0
0
0
0
0
0
0
0
0
0
0
0
0
0
0
0
0
0
0
0
0
0
0
0
0
0
0
0
0
0
0
0
0
0
0
0
0
0
0
0
0
0
0
0
0
0
0
0
0
0
0
0
0
0
0
0
0
0
0
0
0
0
0
0
0
0
0
0
0
0
0
0
0
0
0
0
0
0
0
0
0
0
0
0
0
0
0
0
0
0
0
0
0
0
0
0
0
0
0
0
0
0
0
0
0
0
0
0
0
0
0
0
0
0
0
0
0
0
0
0
0
0
0
0
0
0
0
0
0
0
0
0
0
0
0
0
0
0
0
0
0
0
0
0
0
0
0
0
0
0
0
0
0
0
0
0
0
0
0
0
0
0
0
0
0
0
0
0
0
0
0
0
0
0
0
0
0
0
0
0
0
0
0
0
0
0
0
0
0
0
0
0
0
0
0
0
0
0
0
0
0
0
0
0
0
0
0
0
0
0
0
0
0
0
0
0
0
0
0
0
0
0
0
0
0
0
0
0
0
0
0
0
0
0
0
0
0
0
0
0
0
0
0
0
0
0
0
0
0
0
0
0
0
0
0
0
0
0
0
0
0
0
0
0
0
0
0
0
0
0
0
0
0
0
0
0
0
0
0
0
0
0
0
0
0
0
0
0
0
0
0
0
0
0
0
0
0
0
0
0
0
0
0
0
0
0
0
0
0
0
0
0
0
0
0
0
0
0
0
0
0
0
0
0
0
0
0
0
0
0
0
0
0
0
0
0
0
0
0
0
0
0
0
0
0
0
0
0
0
0
0
0
0
0
0
0
0
0
0
0
0
0
0
0
0
0
0
0
0
0
0
0
0
0
0
0
0
0
0
0
0
0
0
0
0
0
0
0
0
0
0
0
0
0
0
0
0
0
0
0
0
0
0
0
0
0
0
0
0
0
0
0
0
0
0
0
0
0
0
0
0
0
0
0
0
0
0
0
0
0
0
0
0
0
0
0
0
0
0
0
0
0
0
0
0
0
0
0
0
0
0
0
0
0
0
0
0
0
0
0
0
0
0
0
0
0
0
0
0
0
0
0
0
0
0
0
0
0
0
0
0
0
0
0
0
0
0
0
0
0
0
0
0
0
0
0
0
0
0
0
0
0
0
0
0
0
0
0
0
0
0
0
0
0
0
0
0
0
0
0
0
0
0
0
0
0
0
0
0
0
0
0
0
0
0
0
0
0
0
0
0
0
0
0
0
0
0
0
0
0
0
0
0
0
0
0
0
0
0
0
0
0
0
0
0
0
0
0
0
0
0
0
0
0
0
0
0
0
0
0
0
0
0
0
0
0
0
0
0
0
0
0
0
0
0
0
0
0
0
0
0
0
0
0
0
0
0
0
0
0
0
0
0
0
0
0
0
0
0
0
0
0
0
0
0
0
0
0
0
0
0
0
0
0
0
0
0
0
0
0
0
0
0
0
0
0
0
0
0
0
0
0
0
0
0
0
0
0
0
0
0
0
0
0
0
0
0
0
0
0
0
0
0
0
0
0
0
0
0
0
0
0
0
0
0
0
0
0
0
0
0
0
0
0
0
0
0
0
0
0
0
0
0
0
0
0
0
0
0
0
0
0
0
0
0
0
0
0
0
0
0
0
0
0
0
0
0
0
0
0
0
0
0
0
0
0
0
0
0
0
0
0
0
0
0
0
0
0
0
0
0
0
0
0
0
0
0
0
0
0
0
0
0
0
0
0
0
0
0
0
0
0
0
0
0
0
0
0
0
0
0
0
0
0
0
0
0
0
0
0
0
0
0
0
0
0
0
0
0
0
0
0
0
0
0
0
0
0
0
0
0
0
0
0
0
0
0
0
0
0
0
0
0
0
0
0
0
0
0
0
0
0
0
0
0
0
0
0
0
0
0
0
0
0
0
0
0
0
0
0
0
0
0
0
0
0
0
0
0
0
0
0
0
0
0
0
0
0
0
0
0
0
0
0
0
0
0
0
0
0
0
0
0
0
0
0
0
0
0
0
0
0
0
0
0
0
0
0
0
0
0
0
0
0
0
0
0
0
0
0
0
0
0
0
0
0
0
0
0
0
0
0
0
0
0
0
0
0
0
0
0
0
0
0
0
0
0
0
0
0
0
0
0
0
0
0
0
0
0
0
0
0
0
0
0
0
0
0
0
0
0
0
0
0
0
0
0
0
0
0
0
0
0
0
0
0
0
0
0
0
0
0
0
0
0
0
0
0
0
0
0
0
0
0
0
0
0
0
0
0
0
0
0
0
0
0
0
0
0
0
0
0
0
0
0
0
0
0
0
0
0
0
0
0
0
0
0
0
0
0
0
0
0
0
0
0
0
0
0
0
0
0
0
0
0
0
0
0
0
0
0
0
0
0
0
0
0
0
0
0
0
0
0
0
0
0
0
0
0
0
0
0
0
0
0
0
0
0
0
0
0
0
0
0
0
0
0
0
0
0
0
0
0
0
0
0
0
0
0
0
0
0
0
0
0
0
0
0
0
0
0
0
0
0
0
0
0
0
0
0
0
0
0
0
0
0
0
0
0
0
0
0
0
0
0
0
0
0
0
0
0
0
0
0
0
0
0
0
0
0
0
0
0
0
0
0
0
0
0
0
0
0
0
0
0
0
0
0
0
0
0
0
0
0
0
0
0
0
0
0
0
0
0
0
0
0
0
0
0
0
0
0
0
0
0
0
0
0
0
0
0
0
0
0
0
0
0
0
0
0
0
0
0
0
0
0
0
0
0
0
0
0
0
0
0
0
0
0
0
0
0
0
0
0
0
0
0
0
0
0
0
0
0
0
0
0
0
0
0
0
0
0
0
0
0
0
0
0
0
0
0
0
0
0
0
0
0
0
0
0
0
0
0
0
0
0
0
0
0
0
0
0
0
0
0
0
0
0
0
0
0
0
0
0
0
0
0
0
0
0
0
0
0
0
0
0
0
0
0
0
0
0
0
0
0
0
0
0
0
0
0
0
0
0
0
0
0
0
0
0
0
0
0
0
0
0
0
0
0
0
0
0
0
0
0
0
0
0
0
0
0
0
0
0
0
0
0
0
0
0
0
0
0
0
0
0
0
0
0
0
0
0
0
0
0
0
0
0
0
0
0
0
0
0
0
0
0
0
0
0
0
0
0
0
0
0
0
0
0
0
0
0
0
0
0
0
0
0
0
0
0
0
0
0
0
0
0
0
0
0
0
0
0
0
0
0
0
0
0
0
0
0
0
0
0
0
0
0
0
0
0
0
0
0
0
0
0
0
0
0
0
0
0
0
0
0
0
0
0
0
0
0
0
0
0
0
0
0
0
0
0
0
0
0
0
0
0
0
0
0
0
0
0
0
0
0
0
0
0
0
0
0
0
0
0
0
0
0
0
0
0
0
0
0
0
0
0
0
0
0
0
0
0
0
0
0
0
0
0
0
0
0
0
0
0
0
0
0
0
0
0
0
0
0
0
0
0
0
0
0
0
0
0
0
0
0
0
0
0
0
0
0
0
0
0
0
0
0
0
0
0
0
0
0
0
0
0
0
0
0
0
0
0
0
0
0
0
0
0
0
0
0
0
0
0
0
0
0
0
0
0
0
0
0
0
0
0
0
0
0
0
0
0
0
0
0
0
0
0
0
0
0
0
0
0
0
0
0
0
0
0
0
0
0
0
0
0
0
0
0
0
0
0
0
0
0
0
0
0
0
0
0
0
0
0
0
0
0
0
0
0
0
0
0
0
0
0
0
0
0
0
0
0
0
0
0
0
0
0
0
0
0
0
0
0
0
0
0
0
0
0
0
0
0
0
0
0
0
0
0
0
0
0
0
0
0
0
0
0
0
0
0
0
0
0
0
0
0
0
0
0
0
0
0
0
0
0
0
0
0
0
0
0
0
0
0
0
0
0
0
0
0
0
0
0
0
0
0
0
0
0
0
0
0
0
0
0
0
0
0
0
0
0
0
0
0
0
0
0
0
0
0
0
0
0
0
0
0
0
0
0
0
0
0
0
0
0
0
0
0
0
0
0
0
0
0
0
0
0
0
0
0
0
0
0
0
0
0
0
0
0
0
0
0
0
0
0
0
0
0
0
0
0
0
0
0
0
0
0
0
0
0
0
0
0
0
0
0
0
0
0
0
0
0
0
0
0
0
0
0
0
0
0
0
0
0
0
0
0
0
0
0
0
0
0
0
0
0
0
0
0
0
0
0
0
0
0
0
0
0
0
0
0
0
0
0
0
0
0
0
0
0
0
0
0
0
0
0
0
0
0
0
0
0
0
0
0
0
0
0
0
0
0
0
0
0
0
0
0
0
0
0
0
0
0
0
0
0
0
0
0
0
0
0
0
0
0
0
0
0
0
0
0
0
0
0
0
0
0
0
0
0
0
0
0
0
0
0
0
0
0
0
0
0
0
0
0
0
0
0
0
0
0
0
0
0
0
0
0
0
0
0
0
0
0
0
0
0
0
0
0
0
0
0
0
0
0
0
0
0
0
0
0
0
0
0
0
0
0
0
0
0
0
0
0
0
0
0
0
0
0
0
0
0
0
0
0
0
0
0
0
0
0
0
0
0
0
0
0
0
0
0
0
0
0
0
0
0
0
0
0
0
0
0
0
0
0
0
0
0
0
0
0
0
0
0
0
0
0
0
0
0
0
0
0
0
0
0
0
0
0
0
0
0
0
0
0
0
0
0
0
0
0
0
0
0
0
0
0
0
0
0
0
0
0
0
0
0
0
0
0
0
0
0
0
0
0
0
0
0
0
0
0
0
0
0
0
0
0
0
0
0
0
0
0
0
0
0
0
0
0
0
0
0
0
0
0
0
0
0
0
0
0
0
0
0
0
0
0
0
0
0
0
0
0
0
0
0
0
0
0
0
0
0
0
0
0
0
0
0
0
0
0
0
0
0
0
0
0
0
0
0
0
0
0
0
0
0
0
0
0
0
0
0
0
0
0
0
0
0
0
0
0
0
0
0
0
0
0
0
0
0
0
0
0
0
0
0
0
0
0
0
0
0
0
0
0
0
0
0
0
0
0
0
0
0
0
0
0
0
0
0
0
0
0
0
0
0
0
0
0
0
0
0
0
0
0
0
0
0
0
0
0
0
0
0
0
0
0
0
0
0
0
0
0
0
0
0
0
0
0
0
0
0
0
0
0
0
0
0
0
0
0
0
0
0
0
0
0
0
0
0
0
0
0
0
0
0
0
0
0
0
0
0
0
0
0
0
0
0
0
0
0
0
0
0
0
0
0
0
0
0
0
0
0
0
0
0
0
0
0
0
0
0
0
0
0
0
0
0
0
0
0
0
0
0
0
0
0
0
0
0
0
0
0
0
0
0
0
0
0
0
0
0
0
0
0
0
0
0
0
0
0
0
0
0
0
0
0
0
0
0
0
0
0
0
0
0
0
0
0
0
0
0
0
0
0
0
0
0
0
0
0
0
0
0
0
0
0
0
0
0
0
0
0
0
0
0
0
0
0
0
0
0
0
0
0
0
0
0
0
0
0
0
0
0
0
0
0
0
0
0
0
0
0
0
0
0
0
0
0
0
0
0
0
0
0
0
0
0
0
0
0
0
0
0
0
0
0
0
0
0
0
0
0
0
0
0
0
0
0
0
0
0
0
0
0
0
0
0
0
0
0
0
0
0
0
0
0
0
0
0
0
0
0
0
0
0
0
0
0
0
0
0
0
0
0
0
0
0
0
0
0
0
0
0
0
0
0
0
0
0
0
0
0
0
0
0
0
0
0
0
0
0
0
0
0
0
0
0
0
0
0
0
0
0
0
0
0
0
0
0
0
0
0
0
0
0
0
0
0
0
0
0
0
0
0
0
0
0
0
0
0
0
0
0
0
0
0
0
0
0
0
0
0
0
0
0
0
0
0
0
0
0
0
0
0
0
0
0
0
0
0
0
0
0
0
0
0
0
0
0
0
0
0
0
0
0
0
0
0
0
0
0
0
0
0
0
0
0
0
0
0
0
0
0
0
0
0
0
0
0
0
0
0
0
0
0
0
0
0
0
0
0
0
0
0
0
0
0
0
0
0
0
0
0
0
0
0
0
0
0
0
0
0
0
0
0
0
0
0
0
0
0
0
0
0
0
0
0
0
0
0
0
0
0
0
0
0
0
0
0
0
0
0
0
0
0
0
0
0
0
0
0
0
0
0
0
0
0
0
0
0
0
0
0
0
0
0
0
0
0
0
0
0
0
0
0
0
0
0
0
0
0
0
0
0
0
0
0
0
0
0
0
0
0
0
0
0
0
0
0
0
0
0
0
0
0
0
0
0
0
0
0
0
0
0
0
0
0
0
0
0
0
0
0
0
0
0
0
0
0
0
0
0
0
0
0
0
0
0
0
0
0
0
0
0
0
0
0
0
0
0
0
0
0
0
0
0
0
0
0
0
0
0
0
0
0
0
0
0
0
0
0
0
0
0
0
0
0
0
0
0
0
0
0
0
0
0
0
0
0
0
0
0
0
0
0
0
0
0
0
0
0
0
0
0
0
0
0
0
0
0
0
0
0
0
0
0
0
0
0
0
0
0
0
0
0
0
0
0
0
0
0
0
0
0
0
0
0
0
0
0
0
0
0
0
0
0
0
0
0
0
0
0
0
0
0
0
0
0
0
0
0
0
0
0
0
0
0
0
0
0
0
0
0
0
0
0
0
0
0
0
0
0
0
0
0
0
0
0
0
0
0
0
0
0
0
0
0
0
0
0
0
0
0
0
0
0
0
0
0
0
0
0
0
0
0
0
0
0
0
0
0
0
0
0
0
0
0
0
0
0
0
0
0
0
0
0
0
0
0
0
0
0
0
0
0
0
0
0
0
0
0
0
0
0
0
0
0
0
0
0
0
0
0
0
0
0
0
0
0
0
0
0
0
0
0
0
0
0
0
0
0
0
0
0
0
0
0
0
0
0
0
0
0
0
0
0
0
0
0
0
0
0
0
0
0
0
0
0
0
0
0
0
0
0
0
0
0
0
0
0
0
0
0
0
0
0
0
0
0
0
0
0
0
0
0
0
0
0
0
0
0
0
0
0
0
0
0
0
0
0
0
0
0
0
0
0
0
0
0
0
0
0
0
0
0
0
0
0
0
0
0
0
0
0
0
0
0
0
0
0
0
0
0
0
0
0
0
0
0
0
0
0
0
0
0
0
0
0
0
0
0
0
0
0
0
0
0
0
0
0
0
0
0
0
0
0
0
0
0
0
0
0
0
0
0
0
0
0
0
0
0
0
0
0
0
0
0
0
0
0
0
0
0
0
0
0
0
0
0
0
0
0
0
0
0
0
0
0
0
0
0
0
0
0
0
0
0
0
0
0
0
0
0
0
0
0
0
0
0
0
0
0
0
0
0
0
0
0
0
0
0
0
0
0
0
0
0
0
0
0
0
0
0
0
0
0
0
0
0
0
0
0
0
0
0
0
0
0
0
0
0
0
0
0
0
0
0
0
0
0
0
0
0
0
0
0
0
0
0
0
0
0
0
0
0
0
0
0
0
0
0
0
0
0
0
0
0
0
0
0
0
0
0
0
0
0
0
0
0
0
0
0
0
0
0
0
0
0
0
0
0
0
0
0
0
0
0
0
0
0
0
0
0
0
0
0
0
0
0
0
0
0
0
0
0
0
0
0
0
0
0
0
0
0
0
0
0
0
0
0
0
0
0
0
0
0
0
0
0
0
0
0
0
0
0
0
0
0
0
0
0
0
0
0
0
0
0
0
0
0
0
0
0
0
0
0
0
0
0
0
0
0
0
0
0
0
0
0
0
0
0
0
0
0
0
0
0
0
0
0
0
0
0
0
0
0
0
0
0
0
0
0
0
0
0
0
0
0
0
0
0
0
0
0
0
0
0
0
0
0
0
0
0
0
0
0
0
0
0
0
0
0
0
0
0
0
0
0
0
0
0
0
0
0
0
0
0
0
0
0
0
0
0
0
0
0
0
0
0
0
0
0
0
0
0
0
0
0
0
0
0
0
0
0
0
0
0
0
0
0
0
0
0
0
0
0
0
0
0
0
0
0
0
0
0
0
0
0
0
0
0
0
0
0
0
0
0
0
0
0
0
0
0
0
0
0
0
0
0
0
0
0
0
0
0
0
0
0
0
0
0
0
0
0
0
0
0
0
0
0
0
0
0
0
0
0
0
0
0
0
0
0
0
0
0
0
0
0
0
0
0
0
0
0
0
0
0
0
0
0
0
0
0
0
0
0
0
0
0
0
0
0
0
0
0
0
0
0
0
0
0
0
0
0
0
0
0
0
0
0
0
0
0
0
0
0
0
0
0
0
0
0
0
0
0
0
0
0
0
0
0
0
0
0
0
0
0
0
0
0
0
0
0
0
0
0
0
0
0
0
0
0
0
0
0
0
0
0
0
0
0
0
0
0
0
0
0
0
0
0
0
0
0
0
0
0
0
0
0
0
0
0
0
0
0
0
0
0
0
0
0
0
0
0
0
0
0
0
0
0
0
0
0
0
0
0
0
0
0
0
0
0
0
0
0
0
0
0
0
0
0
0
0
0
0
0
0
0
0
0
0
0
0
0
0
0
0
0
0
0
0
0
0
0
0
0
0
0
0
0
0
0
0
0
0
0
0
0
0
0
0
0
0
0
0
0
0
0
0
0
0
0
0
0
0
0
0
0
0
0
0
0
0
0
0
0
0
0
0
0
0
0
0
0
0
0
0
0
0
0
0
0
0
0
0
0
0
0
0
0
0
0
0
0
0
0
0
0
0
0
0
0
0
0
0
0
0
0
0
0
0
0
0
0
0
0
0
0
0
0
0
0
0
0
0
0
0
0
0
0
0
0
0
0
0
0
0
0
0
0
0
0
0
0
0
0
0
0
0
0
0
0
0
0
0
0
0
0
0
0
0
0
0
0
0
0
0
0
0
0
0
0
0
0
0
0
0
0
0
0
0
0
0
0
0
0
0
0
0
0
0
0
0
0
0
0
0
0
0
0
0
0
0
0
0
0
0
0
0
0
0
0
0
0
0
0
0
0
0
0
0
0
0
0
0
0
0
0
0
0
0
0
0
0
0
0
0
0
0
0
0
0
0
0
0
0
0
0
0
0
0
0
0
0
0
0
0
0
0
0
0
0
0
0
0
0
0
0
0
0
0
0
0
0
0
0
0
0
0
0
0
0
0
0
0
0
0
0
0
0
0
0
0
0
0
0
0
0
0
0
0
0
0
0
0
0
0
0
0
0
0
0
0
0
0
0
0
0
0
0
0
0
0
0
0
0
0
0
0
0
0
0
0
0
0
0
0
0
0
0
0
0
0
0
0
0
0
0
0
0
0
0
0
0
0
0
0
0
0
0
0
0
0
0
0
0
0
0
0
0
0
0
0
0
0
0
0
0
0
0
0
0
0
0
0
0
0
0
0
0
0
0
0
0
0
0
0
0
0
0
0
0
0
0
0
0
0
0
0
0
0
0
0
0
0
0
0
0
0
0
0
0
0
0
0
0
0
0
0
0
0
0
0
0
0
0
0
0
0
0
0
0
0
0
0
0
0
0
0
0
0
0
0
0
0
0
0
0
0
0
0
0
0
0
0
0
0
0
0
0
0
0
0
0
0
0
0
0
0
0
0
0
0
0
0
0
0
0
0
0
0
0
0
0
0
0
0
0
0
0
0
0
0
0
0
0
0
0
0
0
0
0
0
0
0
0
0
0
0
0
0
0
0
0
0
0
0
0
0
0
0
0
0
0
0
0
0
0
0
0
0
0
0
0
0
0
0
0
0
0
0
0
0
0
0
0
0
0
0
0
0
0
0
0
0
0
0
0
0
0
0
0
0
0
0
0
0
0
0
0
0
0
0
0
0
0
0
0
0
0
0
0
0
0
0
0
0
0
0
0
0
0
0
0
0
0
0
0
0
0
0
0
0
0
0
0
0
0
0
0
0
0
0
0
0
0
0
0
0
0
0
0
0
0
0
0
0
0
0
0
0
0
0
0
0
0
0
0
0
0
0
0
0
0
0
0
0
0
0
0
0
0
0
0
0
0
0
0
0
0
0
0
0
0
0
0
0
0
0
0
0
0
0
0
0
0
0
0
0
0
0
0
0
0
0
0
0
0
0
0
0
0
0
0
0
0
0
0
0
0
0
0
0
0
0
0
0
0
0
0
0
0
0
0
0
0
0
0
0
0
0
0
0
0
0
0
0
0
0
0
0
0
0
0
0
0
0
0
0
0
0
0
0
0
0
0
0
0
0
0
0
0
0
0
0
0
0
0
0
0
0
0
0
0
0
0
0
0
0
0
0
0
0
0
0
0
0
0
0
0
0
0
0
0
0
0
0
0
0
0
0
0
0
0
0
0
0
0
0
0
0
0
0
0
0
0
0
0
0
0
0
0
0
0
0
0
0
0
0
0
0
0
0
0
0
0
0
0
0
0
0
0
0
0
0
0
0
0
0
0
0
0
0
0
0
0
0
0
0
0
0
0
0
0
0
0
0
0
0
0
0
0
0
0
0
0
0
0
0
0
0
0
0
0
0
0
0
0
0
0
0
0
0
0
0
0
0
0
0
0
0
0
0
0
0
0
0
0
0
0
0
0
0
0
0
0
0
0
0
0
0
0
0
0
0
0
0
0
0
0
0
0
0
0
0
0
0
0
0
0
0
0
0
0
0
0
0
0
0
0
0
0
0
0
0
0
0
0
0
0
0
0
0
0
0
0
0
0
0
0
0
0
0
0
0
0
0
0
0
0
0
0
0
0
0
0
0
0
0
0
0
0
0
0
0
0
0
0
0
0
0
0
0
0
0
0
0
0
0
0
0
0
0
0
0
0
0
0
0
0
0
0
0
0
0
0
0
0
0
0
0
0
0
0
0
0
0
0
0
0
0
0
0
0
0
0
0
0
0
0
0
0
0
0
0
0
0
0
0
0
0
0
0
0
0
0
0
0
0
0
0
0
0
0
0
0
0
0
0
0
0
0
0
0
0
0
0
0
0
0
0
0
0
0
0
0
0
0
0
0
0
0
0
0
0
0
0
0
0
0
0
0
0
0
0
0
0
0
0
0
0
0
0
0
0
0
0
0
0
0
0
0
0
0
0
0
0
0
0
0
0
0
0
0
0
0
0
0
0
0
0
0
0
0
0
0
0
0
0
0
0
0
0
0
0
0
0
0
0
0
0
0
0
0
0
0
0
0
0
0
0
0
0
0
0
0
0
0
0
0
0
0
0
0
0
0
0
0
0
0
0
0
0
0
0
0
0
0
0
0
0
0
0
0
0
0
0
0
0
0
0
0
0
0
0
0
0
0
0
0
0
0
0
0
0
0
0
0
0
0
0
0
0
0
0
0
0
0
0
0
0
0
0
0
0
0
0
0
0
0
0
0
0
0
0
0
0
0
0
0
0
0
0
0
0
0
0
0
0
0
0
0
0
0
0
0
0
0
0
0
0
0
0
0
0
0
0
0
0
0
0
0
0
0
0
0
0
0
0
0
0
0
0
0
0
0
0
0
0
0
0
0
0
0
0
0
0
0
0
0
0
0
0
0
0
0
0
0
0
0
0
0
0
0
0
0
0
0
0
0
0
0
0
0
0
0
0
0
0
0
0
0
0
0
0
0
0
0
0
0
0
0
0
0
0
0
0
0
0
0
0
0
0
0
0
0
0
0
0
0
0
0
0
0
0
0
0
0
0
0
0
0
0
0
0
0
0
0
0
0
0
0
0
0
0
0
0
0
0
0
0
0
0
0
0
0
0
0
0
0
0
0
0
0
0
0
0
0
0
0
0
0
0
0
0
0
0
0
0
0
0
0
0
0
0
0
0
0
0
0
0
0
0
0
0
0
0
0
0
0
0
0
0
0
0
0
0
0
0
0
0
0
0
0
0
0
0
0
0
0
0
0
0
0
0
0
0
0
0
0
0
0
0
0
0
0
0
0
0
0
0
0
0
0
0
0
0
0
0
0
0
0
0
0
0
0
0
0
0
0
0
0
0
0
0
0
0
0
0
0
0
0
0
0
0
0
0
0
0
0
0
0
0
0
0
0
0
0
0
0
0
0
0
0
0
0
0
0
0
0
0
0
0
0
0
0
0
0
0
0
0
0
0
0
0
0
0
0
0
0
0
0
0
0
0
0
0
0
0
0
0
0
0
0
0
0
0
0
0
0
0
0
0
0
0
0
0
0
0
0
0
0
0
0
0
0
0
0
0
0
0
0
0
0
0
0
0
0
0
0
0
0
0
0
0
0
0
0
0
0
0
0
0
0
0
0
0
0
0
0
0
0
0
0
0
0
0
0
0
0
0
0
0
0
0
0
0
0
0
0
0
0
0
0
0
0
0
0
0
0
0
0
0
0
0
0
0
0
0
0
0
0
0
0
0
0
0
0
0
0
0
0
0
0
0
0
0
0
0
0
0
0
0
0
0
0
0
0
0
0
0
0
0
0
0
0
0
0
0
0
0
0
0
0
0
0
0
0
0
0
0
0
0
0
0
0
0
0
0
0
0
0
0
0
0
0
0
0
0
0
0
0
0
0
0
0
0
0
0
0
0
0
0
0
0
0
0
0
0
0
0
0
0
0
0
0
0
0
0
0
0
0
0
0
0
0
0
0
0
0
0
0
0
0
0
0
0
0
0
0
0
0
0
0
0
0
0
0
0
0
0
0
0
0
0
0
0
0
0
0
0
0
0
0
0
0
0
0
0
0
0
0
0
0
0
0
0
0
0
0
0
0
0
0
0
0
0
0
0
0
0
0
0
0
0
0
0
0
0
0
0
0
0
0
0
0
0
0
0
0
0
0
0
0
0
0
0
0
0
0
0
0
0
0
0
0
0
0
0
0
0
0
0
0
0
0
0
0
0
0
0
0
0
0
0
0
0
0
0
0
0
0
0
0
0
0
0
0
0
0
0
0
0
0
0
0
0
0
0
0
0
0
0
0
0
0
0
0
0
0
0
0
0
0
0
0
0
0
0
0
0
0
0
0
0
0
0
0
0
0
0
0
0
0
0
0
0
0
0
0
0
0
0
0
0
0
0
0
0
0
0
0
0
0
0
0
0
0
0
0
0
0
0
0
0
0
0
0
0
0
0
0
0
0
0
0
0
0
0
0
0
0
0
0
0
0
0
0
0
0
0
0
0
0
0
0
0
0
0
0
0
0
0
0
0
0
0
0
0
0
0
0
0
0
0
0
0
0
0
0
0
0
0
0
0
0
0
0
0
0
0
0
0
0
0
0
0
0
0
0
0
0
0
0
0
0
0
0
0
0
0
0
0
0
0
0
0
0
0
0
0
0
0
0
0
0
0
0
0
0
0
0
0
0
0
0
0
0
0
0
0
0
0
0
0
0
0
0
0
0
0
0
0
0
0
0
0
0
0
0
0
0
0
0
0
0
0
0
0
0
0
0
0
0
0
0
0
0
0
0
0
0
0
0
0
0
0
0
0
0
0
0
0
0
0
0
0
0
0
0
0
0
0
0
0
0
0
0
0
0
0
0
0
0
0
0
0
0
0
0
0
0
0
0
0
0
0
0
0
0
0
0
0
0
0
0
0
0
0
0
0
0
0
0
0
0
0
0
0
0
0
0
0
0
0
0
0
0
0
0
0
0
0
0
0
0
0
0
0
0
0
0
0
0
0
0
0
0
0
0
0
0
0
0
0
0
0
0
0
0
0
0
0
0
0
0
0
0
0
0
0
0
0
0
0
0
0
0
0
0
0
0
0
0
0
0
0
0
0
0
0
0
0
0
0
0
0
0
0
0
0
0
0
0
0
0
0
0
0
0
0
0
0
0
0
0
0
0
0
0
0
0
0
0
0
0
0
0
0
0
0
0
0
0
0
0
0
0
0
0
0
0
0
0
0
0
0
0
0
0
0
0
0
0
0
0
0
0
0
0
0
0
0
0
0
0
0
0
0
0
0
0
0
0
0
0
0
0
0
0
0
0
0
0
0
0
0
0
0
0
0
0
0
0
0
0
0
0
0
0
0
0
0
0
0
0
0
0
0
0
0
0
0
0
0
0
0
0
0
0
0
0
0
0
0
0
0
0
0
0
0
0
0
0
0
0
0
0
0
0
0
0
0
0
0
0
0
0
0
0
0
0
0
0
0
0
0
0
0
0
0
0
0
0
0
0
0
0
0
0
0
0
0
0
0
0
0
0
0
0
0
0
0
0
0
0
0
0
0
0
0
0
0
0
0
0
0
0
0
0
0
0
0
0
0
0
0
0
0
0
0
0
0
0
0
0
0
0
0
0
0
0
0
0
0
0
0
0
0
0
0
0
0
0
0
0
0
0
0
0
0
0
0
0
0
0
0
0
0
0
0
0
0
0
0
0
0
0
0
0
0
0
0
0
0
0
0
0
0
0
0
0
0
0
0
0
0
0
0
0
0
0
0
0
0
0
0
0
0
0
0
0
0
0
0
0
0
0
0
0
0
0
0
0
0
0
0
0
0
0
0
0
0
0
0
0
0
0
0
0
0
0
0
0
0
0
0
0
0
0
0
0
0
0
0
0
0
0
0
0
0
0
0
0
0
0
0
0
0
0
0
0
0
0
0
0
0
0
0
0
0
0
0
0
0
0
0
0
0
0
0
0
0
0
0
0
0
0
0
0
0
0
0
0
0
0
0
0
0
0
0
0
0
0
0
0
0
0
0
0
0
0
0
0
0
0
0
0
0
0
0
0
0
0
0
0
0
0
0
0
0
0
0
0
0
0
0
0
0
0
0
0
0
0
0
0
0
0
0
0
0
0
0
0
0
0
0
0
0
0
0
0
0
0
0
0
0
0
0
0
0
0
0
0
0
0
0
0
0
0
0
0
0
0
0
0
0
0
0
0
0
0
0
0
0
0
0
0
0
0
0
0
0
0
0
0
0
0
0
0
0
0
0
0
0
0
0
0
0
0
0
0
0
0
0
0
0
0
0
0
0
0
0
0
0
0
0
0
0
0
0
0
0
0
0
0
0
0
0
0
0
0
0
0
0
0
0
0
0
0
0
0
0
0
0
0
0
0
0
0
0
0
0
0
0
0
0
0
0
0
0
0
0
0
0
0
0
0
0
0
0
0
0
0
0
0
0
0
0
0
0
0
0
0
0
0
0
0
0
0
0
0
0
0
0
0
0
0
0
0
0
0
0
0
0
0
0
0
0
0
0
0
0
0
0
0
0
0
0
0
0
0
0
0
0
0
0
0
0
0
0
0
0
0
0
0
0
0
0
0
0
0
0
0
0
0
0
0
0
0
0
0
0
0
0
0
0
0
0
0
0
0
0
0
0
0
0
0
0
0
0
0
0
0
0
0
0
0
0
0
0
0
0
0
0
0
0
0
0
0
0
0
0
0
0
0
0
0
0
0
0
0
0
0
0
0
0
0
0
0
0
0
0
0
0
0
0
0
0
0
0
0
0
0
0
0
0
0
0
0
0
0
0
0
0
0
0
0
0
0
0
0
0
0
0
0
0
0
0
0
0
0
0
0
0
0
0
0
0
0
