0
0
0
0
0
0
0
0
0
0
0
0
0
0
0
0
0
0
0
0
0
0
0
0
0
0
0
0
0
0
0
0
0
0
0
0
0
0
0
0
0
0
0
0
0
0
0
0
0
0
0
0
0
0
0
0
0
0
0
0
0
0
0
0
0
0
0
0
0
0
0
0
0
0
0
0
0
0
0
0
0
0
0
0
0
0
0
0
0
0
0
0
0
0
0
0
0
0
0
0
0
0
0
0
0
0
0
0
0
0
0
0
0
0
0
0
0
0
0
0
0
0
0
0
0
0
0
0
0
0
0
0
0
0
0
0
0
0
0
0
0
0
0
0
0
0
0
0
0
0
0
0
0
0
0
0
0
0
0
0
0
0
0
0
0
0
0
0
0
0
0
0
0
0
0
0
0
0
0
0
0
0
0
0
4092
4094
0
0
0
0
0
0
4092
4094
0
0
0
0
0
0
4092
4094
0
0
0
0
0
0
4092
4094
0
0
0
0
0
0
4092
4094
0
0
0
0
0
0
4092
4094
0
0
0
0
0
0
4092
4095
0
0
0
0
0
0
4091
4092
0
0
0
0
0
0
4091
4092
0
0
0
0
0
0
4091
4091
0
0
0
0
0
0
4092
4090
0
0
0
0
0
0
4093
4088
0
0
0
0
0
0
4092
4088
0
0
0
0
0
0
4094
4088
0
0
0
0
0
0
4095
4086
0
0
0
0
0
0
4095
4085
0
0
0
0
0
0
5
4087
0
0
0
0
0
0
4
4087
0
0
0
0
0
0
9
4090
0
0
0
0
0
0
8
4090
0
0
0
0
0
0
11
4093
0
0
0
0
0
0
12
0
0
0
0
0
0
0
12
5
0
0
0
0
0
0
12
8
0
0
0
0
0
0
9
12
0
0
0
0
0
0
8
16
0
0
0
0
0
0
3
18
0
0
0
0
0
0
0
22
0
0
0
0
0
0
4089
21
0
0
0
0
0
0
4086
25
0
0
0
0
0
0
4079
23
0
0
0
0
0
0
4073
20
0
0
0
0
0
0
4066
16
0
0
0
0
0
0
4061
11
0
0
0
0
0
0
4056
6
0
0
0
0
0
0
4054
4093
0
0
0
0
0
0
4052
4084
0
0
0
0
0
0
4054
4074
0
0
0
0
0
0
4055
4064
0
0
0
0
0
0
4060
4056
0
0
0
0
0
0
4067
4050
0
0
0
0
0
0
4077
4044
0
0
0
0
0
0
4088
4038
0
0
0
0
0
0
3
4035
0
0
0
0
0
0
16
4034
0
0
0
0
0
0
29
4038
0
0
0
0
0
0
40
4043
0
0
0
0
0
0
55
4053
0
0
0
0
0
0
62
4064
0
0
0
0
0
0
71
4079
0
0
0
0
0
0
76
4093
0
0
0
0
0
0
78
16
0
0
0
0
0
0
74
32
0
0
0
0
0
0
68
50
0
0
0
0
0
0
58
66
0
0
0
0
0
0
43
80
0
0
0
0
0
0
27
92
0
0
0
0
0
0
6
99
0
0
0
0
0
0
4083
103
0
0
0
0
0
0
4058
99
0
0
0
0
0
0
4037
93
0
0
0
0
0
0
4014
84
0
0
0
0
0
0
3997
67
0
0
0
0
0
0
3979
45
0
0
0
0
0
0
3969
22
0
0
0
0
0
0
3963
4091
0
0
0
0
0
0
3961
4063
0
0
0
0
0
0
3967
4034
0
0
0
0
0
0
3979
4007
0
0
0
0
0
0
3995
3982
0
0
0
0
0
0
4018
3959
0
0
0
0
0
0
4046
3943
0
0
0
0
0
0
4077
3934
0
0
0
0
0
0
15
3930
0
0
0
0
0
0
51
3934
0
0
0
0
0
0
84
3945
0
0
0
0
0
0
116
3963
0
0
0
0
0
0
145
3989
0
0
0
0
0
0
169
4020
0
0
0
0
0
0
184
4057
0
0
0
0
0
0
194
4095
0
0
0
0
0
0
193
43
0
0
0
0
0
0
186
85
0
0
0
0
0
0
168
125
0
0
0
0
0
0
140
159
0
0
0
0
0
0
107
190
0
0
0
0
0
0
65
213
0
0
0
0
0
0
19
228
0
0
0
0
0
0
4068
232
0
0
0
0
0
0
4017
227
0
0
0
0
0
0
3969
209
0
0
0
0
0
0
3924
181
0
0
0
0
0
0
3884
144
0
0
0
0
0
0
3852
100
0
0
0
0
0
0
3830
48
0
0
0
0
0
0
3819
4089
0
0
0
0
0
0
3821
4030
0
0
0
0
0
0
3834
3972
0
0
0
0
0
0
3860
3918
0
0
0
0
0
0
3898
3870
0
0
0
0
0
0
3944
3829
0
0
0
0
0
0
4001
3799
0
0
0
0
0
0
4063
3781
0
0
0
0
0
0
32
3775
0
0
0
0
0
0
100
3786
0
0
0
0
0
0
166
3808
0
0
0
0
0
0
226
3845
0
0
0
0
0
0
277
3896
0
0
0
0
0
0
318
3956
0
0
0
0
0
0
346
4025
0
0
0
0
0
0
359
4
0
0
0
0
0
0
357
80
0
0
0
0
0
0
338
156
0
0
0
0
0
0
304
226
0
0
0
0
0
0
255
289
0
0
0
0
0
0
191
342
0
0
0
0
0
0
118
379
0
0
0
0
0
0
37
404
0
0
0
0
0
0
4047
408
0
0
0
0
0
0
3961
394
0
0
0
0
0
0
3877
362
0
0
0
0
0
0
3801
315
0
0
0
0
0
0
3734
250
0
0
0
0
0
0
3683
173
0
0
0
0
0
0
3648
83
0
0
0
0
0
0
3632
4084
0
0
0
0
0
0
3635
3987
0
0
0
0
0
0
3661
3892
0
0
0
0
0
0
3706
3804
0
0
0
0
0
0
3769
3724
0
0
0
0
0
0
3849
3658
0
0
0
0
0
0
3941
3611
0
0
0
0
0
0
4043
3583
0
0
0
0
0
0
56
3579
0
0
0
0
0
0
164
3596
0
0
0
0
0
0
267
3636
0
0
0
0
0
0
362
3699
0
0
0
0
0
0
445
3779
0
0
0
0
0
0
506
3875
0
0
0
0
0
0
549
3987
0
0
0
0
0
0
568
9
0
0
0
0
0
0
561
127
0
0
0
0
0
0
529
245
0
0
0
0
0
0
473
353
0
0
0
0
0
0
395
450
0
0
0
0
0
0
297
530
0
0
0
0
0
0
182
586
0
0
0
0
0
0
57
619
0
0
0
0
0
0
4023
625
0
0
0
0
0
0
3889
600
0
0
0
0
0
0
3766
553
0
0
0
0
0
0
3650
477
0
0
0
0
0
0
3553
376
0
0
0
0
0
0
3476
258
0
0
0
0
0
0
3427
126
0
0
0
0
0
0
3406
4080
0
0
0
0
0
0
3414
3935
0
0
0
0
0
0
3453
3796
0
0
0
0
0
0
3520
3663
0
0
0
0
0
0
3615
3549
0
0
0
0
0
0
3733
3456
0
0
0
0
0
0
3872
3388
0
0
0
0
0
0
4021
3350
0
0
0
0
0
0
81
3344
0
0
0
0
0
0
238
3373
0
0
0
0
0
0
387
3434
0
0
0
0
0
0
523
3523
0
0
0
0
0
0
639
3641
0
0
0
0
0
0
728
3782
0
0
0
0
0
0
785
3940
0
0
0
0
0
0
809
13
0
0
0
0
0
0
799
183
0
0
0
0
0
0
753
349
0
0
0
0
0
0
671
501
0
0
0
0
0
0
558
637
0
0
0
0
0
0
418
746
0
0
0
0
0
0
257
824
0
0
0
0
0
0
81
868
0
0
0
0
0
0
3993
872
0
0
0
0
0
0
3810
838
0
0
0
0
0
0
3637
767
0
0
0
0
0
0
3478
660
0
0
0
0
0
0
3346
522
0
0
0
0
0
0
3241
359
0
0
0
0
0
0
3175
174
0
0
0
0
0
0
3146
4075
0
0
0
0
0
0
3161
3876
0
0
0
0
0
0
3218
3685
0
0
0
0
0
0
3311
3506
0
0
0
0
0
0
3442
3352
0
0
0
0
0
0
3605
3225
0
0
0
0
0
0
3792
3137
0
0
0
0
0
0
3996
3088
0
0
0
0
0
0
112
3085
0
0
0
0
0
0
323
3123
0
0
0
0
0
0
523
3206
0
0
0
0
0
0
703
3329
0
0
0
0
0
0
855
3490
0
0
0
0
0
0
973
3679
0
0
0
0
0
0
1048
3891
0
0
0
0
0
0
1078
16
0
0
0
0
0
0
1063
244
0
0
0
0
0
0
997
463
0
0
0
0
0
0
889
666
0
0
0
0
0
0
739
843
0
0
0
0
0
0
552
985
0
0
0
0
0
0
339
1085
0
0
0
0
0
0
107
1140
0
0
0
0
0
0
3960
1145
0
0
0
0
0
0
3720
1099
0
0
0
0
0
0
3496
1003
0
0
0
0
0
0
3291
861
0
0
0
0
0
0
3120
680
0
0
0
0
0
0
2988
466
0
0
0
0
0
0
2902
227
0
0
0
0
0
0
2868
4069
0
0
0
0
0
0
2889
3813
0
0
0
0
0
0
2962
3564
0
0
0
0
0
0
3086
3338
0
0
0
0
0
0
3256
3139
0
0
0
0
0
0
3466
2979
0
0
0
0
0
0
3709
2867
0
0
0
0
0
0
3968
2807
0
0
0
0
0
0
144
2802
0
0
0
0
0
0
414
2856
0
0
0
0
0
0
667
2963
0
0
0
0
0
0
895
3123
0
0
0
0
0
0
1089
3326
0
0
0
0
0
0
1234
3567
0
0
0
0
0
0
1329
3837
0
0
0
0
0
0
1365
24
0
0
0
0
0
0
1341
309
0
0
0
0
0
0
1259
584
0
0
0
0
0
0
1120
838
0
0
0
0
0
0
929
1060
0
0
0
0
0
0
694
1236
0
0
0
0
0
0
425
1361
0
0
0
0
0
0
134
1427
0
0
0
0
0
0
3928
1432
0
0
0
0
0
0
3628
1370
0
0
0
0
0
0
3348
1252
0
0
0
0
0
0
3095
1073
0
0
0
0
0
0
2882
845
0
0
0
0
0
0
2721
579
0
0
0
0
0
0
2618
280
0
0
0
0
0
0
2578
4064
0
0
0
0
0
0
2605
3748
0
0
0
0
0
0
2697
3442
0
0
0
0
0
0
2852
3161
0
0
0
0
0
0
3064
2919
0
0
0
0
0
0
3323
2724
0
0
0
0
0
0
3621
2588
0
0
0
0
0
0
3941
2516
0
0
0
0
0
0
177
2512
0
0
0
0
0
0
507
2579
0
0
0
0
0
0
815
2713
0
0
0
0
0
0
1093
2911
0
0
0
0
0
0
1325
3159
0
0
0
0
0
0
1503
3454
0
0
0
0
0
0
1615
3781
0
0
0
0
0
0
1659
29
0
0
0
0
0
0
1626
374
0
0
0
0
0
0
1525
709
0
0
0
0
0
0
1354
1013
0
0
0
0
0
0
1121
1280
0
0
0
0
0
0
838
1493
0
0
0
0
0
0
512
1641
0
0
0
0
0
0
160
1717
0
0
0
0
0
0
3894
1721
0
0
0
0
0
0
3535
1647
0
0
0
0
0
0
3199
1500
0
0
0
0
0
0
2899
1287
0
0
0
0
0
0
2645
1013
0
0
0
0
0
0
2452
692
0
0
0
0
0
0
2332
335
0
0
0
0
0
0
2287
4057
0
0
0
0
0
0
2319
3681
0
0
0
0
0
0
2431
3317
0
0
0
0
0
0
2619
2986
0
0
0
0
0
0
2870
2699
0
0
0
0
0
0
3180
2469
0
0
0
0
0
0
3533
2309
0
0
0
0
0
0
3915
2226
0
0
0
0
0
0
210
2225
0
0
0
0
0
0
599
2307
0
0
0
0
0
0
964
2465
0
0
0
0
0
0
1289
2696
0
0
0
0
0
0
1561
2995
0
0
0
0
0
0
1769
3343
0
0
0
0
0
0
1899
3726
0
0
0
0
0
0
1947
34
0
0
0
0
0
0
1909
440
0
0
0
0
0
0
1788
830
0
0
0
0
0
0
1585
1189
0
0
0
0
0
0
1312
1496
0
0
0
0
0
0
978
1744
0
0
0
0
0
0
598
1913
0
0
0
0
0
0
189
2002
0
0
0
0
0
0
3862
2005
0
0
0
0
0
0
3446
1917
0
0
0
0
0
0
3055
1746
0
0
0
0
0
0
2704
1494
0
0
0
0
0
0
2413
1173
0
0
0
0
0
0
2194
802
0
0
0
0
0
0
2053
388
0
0
0
0
0
0
2003
4050
0
0
0
0
0
0
2045
3617
0
0
0
0
0
0
2175
3198
0
0
0
0
0
0
2391
2815
0
0
0
0
0
0
2685
2486
0
0
0
0
0
0
3042
2223
0
0
0
0
0
0
3450
2044
0
0
0
0
0
0
3889
1950
0
0
0
0
0
0
242
1947
0
0
0
0
0
0
689
2044
0
0
0
0
0
0
1105
2227
0
0
0
0
0
0
1477
2496
0
0
0
0
0
0
1787
2837
0
0
0
0
0
0
2022
3236
0
0
0
0
0
0
2170
3674
0
0
0
0
0
0
2219
39
0
0
0
0
0
0
2177
503
0
0
0
0
0
0
2035
947
0
0
0
0
0
0
1804
1352
0
0
0
0
0
0
1492
1703
0
0
0
0
0
0
1112
1980
0
0
0
0
0
0
679
2173
0
0
0
0
0
0
213
2271
0
0
0
0
0
0
3831
2270
0
0
0
0
0
0
3359
2169
0
0
0
0
0
0
2915
1972
0
0
0
0
0
0
2525
1687
0
0
0
0
0
0
2195
1326
0
0
0
0
0
0
1948
905
0
0
0
0
0
0
1794
437
0
0
0
0
0
0
1738
4046
0
0
0
0
0
0
1786
3557
0
0
0
0
0
0
1937
3087
0
0
0
0
0
0
2182
2658
0
0
0
0
0
0
2512
2288
0
0
0
0
0
0
2913
1996
0
0
0
0
0
0
3373
1795
0
0
0
0
0
0
3863
1692
0
0
0
0
0
0
272
1693
0
0
0
0
0
0
770
1802
0
0
0
0
0
0
1235
2008
0
0
0
0
0
0
1649
2309
0
0
0
0
0
0
1992
2690
0
0
0
0
0
0
2253
3135
0
0
0
0
0
0
2415
3627
0
0
0
0
0
0
2471
43
0
0
0
0
0
0
2420
559
0
0
0
0
0
0
2263
1053
0
0
0
0
0
0
2003
1502
0
0
0
0
0
0
1656
1890
0
0
0
0
0
0
1233
2197
0
0
0
0
0
0
752
2406
0
0
0
0
0
0
236
2514
0
0
0
0
0
0
3802
2513
0
0
0
0
0
0
3282
2399
0
0
0
0
0
0
2792
2177
0
0
0
0
0
0
2360
1862
0
0
0
0
0
0
2000
1462
0
0
0
0
0
0
1729
995
0
0
0
0
0
0
1561
482
0
0
0
0
0
0
1502
4040
0
0
0
0
0
0
1558
3502
0
0
0
0
0
0
1723
2986
0
0
0
0
0
0
1994
2518
0
0
0
0
0
0
2360
2114
0
0
0
0
0
0
2802
1794
0
0
0
0
0
0
3305
1575
0
0
0
0
0
0
3841
1466
0
0
0
0
0
0
299
1467
0
0
0
0
0
0
841
1587
0
0
0
0
0
0
1350
1817
0
0
0
0
0
0
1798
2147
0
0
0
0
0
0
2176
2564
0
0
0
0
0
0
2457
3052
0
0
0
0
0
0
2631
3588
0
0
0
0
0
0
2691
50
0
0
0
0
0
0
2633
609
0
0
0
0
0
0
2458
1145
0
0
0
0
0
0
2175
1631
0
0
0
0
0
0
1795
2051
0
0
0
0
0
0
1337
2382
0
0
0
0
0
0
816
2609
0
0
0
0
0
0
255
2723
0
0
0
0
0
0
3779
2719
0
0
0
0
0
0
3214
2593
0
0
0
0
0
0
2689
2355
0
0
0
0
0
0
2222
2012
0
0
0
0
0
0
1833
1577
0
0
0
0
0
0
1544
1075
0
0
0
0
0
0
1363
518
0
0
0
0
0
0
1304
4037
0
0
0
0
0
0
1364
3458
0
0
0
0
0
0
1545
2903
0
0
0
0
0
0
1839
2400
0
0
0
0
0
0
2230
1967
0
0
0
0
0
0
2706
1627
0
0
0
0
0
0
3246
1393
0
0
0
0
0
0
3825
1276
0
0
0
0
0
0
319
1282
0
0
0
0
0
0
901
1411
0
0
0
0
0
0
1445
1659
0
0
0
0
0
0
1923
2013
0
0
0
0
0
0
2322
2461
0
0
0
0
0
0
2622
2980
0
0
0
0
0
0
2807
3552
0
0
0
0
0
0
2868
54
0
0
0
0
0
0
2805
648
0
0
0
0
0
0
2618
1220
0
0
0
0
0
0
2314
1737
0
0
0
0
0
0
1911
2181
0
0
0
0
0
0
1420
2531
0
0
0
0
0
0
865
2770
0
0
0
0
0
0
270
2889
0
0
0
0
0
0
3759
2882
0
0
0
0
0
0
3163
2747
0
0
0
0
0
0
2606
2494
0
0
0
0
0
0
2114
2130
0
0
0
0
0
0
1703
1670
0
0
0
0
0
0
1397
1136
0
0
0
0
0
0
1209
549
0
0
0
0
0
0
1148
4033
0
0
0
0
0
0
1214
3423
0
0
0
0
0
0
1406
2839
0
0
0
0
0
0
1717
2309
0
0
0
0
0
0
2131
1854
0
0
0
0
0
0
2636
1498
0
0
0
0
0
0
3205
1255
0
0
0
0
0
0
3810
1134
0
0
0
0
0
0
336
1140
0
0
0
0
0
0
948
1279
0
0
0
0
0
0
1514
1539
0
0
0
0
0
0
2018
1913
0
0
0
0
0
0
2433
2383
0
0
0
0
0
0
2746
2929
0
0
0
0
0
0
2938
3528
0
0
0
0
0
0
3000
56
0
0
0
0
0
0
2932
679
0
0
0
0
0
0
2734
1275
0
0
0
0
0
0
2416
1812
0
0
0
0
0
0
1993
2275
0
0
0
0
0
0
1481
2641
0
0
0
0
0
0
901
2885
0
0
0
0
0
0
281
3008
0
0
0
0
0
0
3745
2999
0
0
0
0
0
0
3124
2858
0
0
0
0
0
0
2545
2592
0
0
0
0
0
0
2035
2210
0
0
0
0
0
0
1614
1733
0
0
0
0
0
0
1295
1177
0
0
0
0
0
0
1103
567
0
0
0
0
0
0
1042
4031
0
0
0
0
0
0
1112
3399
0
0
0
0
0
0
1313
2795
0
0
0
0
0
0
1637
2249
0
0
0
0
0
0
2067
1780
0
0
0
0
0
0
2588
1412
0
0
0
0
0
0
3174
1162
0
0
0
0
0
0
3803
1039
0
0
0
0
0
0
347
1049
0
0
0
0
0
0
976
1193
0
0
0
0
0
0
1560
1463
0
0
0
0
0
0
2077
1849
0
0
0
0
0
0
2505
2335
0
0
0
0
0
0
2823
2896
0
0
0
0
0
0
3018
3512
0
0
0
0
0
0
3080
57
0
0
0
0
0
0
3009
696
0
0
0
0
0
0
2803
1306
0
0
0
0
0
0
2475
1857
0
0
0
0
0
0
2040
2330
0
0
0
0
0
0
1517
2702
0
0
0
0
0
0
922
2952
0
0
0
0
0
0
286
3075
0
0
0
0
0
0
3737
3064
0
0
0
0
0
0
3105
2915
0
0
0
0
0
0
2516
2644
0
0
0
0
0
0
1995
2254
0
0
0
0
0
0
1566
1767
0
0
0
0
0
0
1243
1198
0
0
0
0
0
0
1048
578
0
0
0
0
0
0
987
4028
0
0
0
0
0
0
1062
3387
0
0
0
0
0
0
1267
2773
0
0
0
0
0
0
1599
2219
0
0
0
0
0
0
2036
1744
0
0
0
0
0
0
2566
1373
0
0
0
0
0
0
3162
1121
0
0
0
0
0
0
3799
998
0
0
0
0
0
0
352
1011
0
0
0
0
0
0
988
1160
0
0
0
0
0
0
1577
1434
0
0
0
0
0
0
2099
1827
0
0
0
0
0
0
2529
2318
0
0
0
0
0
0
2850
2885
0
0
0
0
0
0
3044
3509
0
0
0
0
0
0
3105
58
0
0
0
0
0
0
3031
702
0
0
0
0
0
0
2823
1315
0
0
0
0
0
0
2492
1870
0
0
0
0
0
0
2053
2343
0
0
0
0
0
0
1523
2716
0
0
0
0
0
0
925
2967
0
0
0
0
0
0
289
3088
0
0
0
0
0
0
3736
3076
0
0
0
0
0
0
3100
2924
0
0
0
0
0
0
2512
2651
0
0
0
0
0
0
1991
2259
0
0
0
0
0
0
1561
1767
0
0
0
0
0
0
1242
1200
0
0
0
0
0
0
1049
577
0
0
0
0
0
0
989
4029
0
0
0
0
0
0
1064
3387
0
0
0
0
0
0
1272
2775
0
0
0
0
0
0
1605
2223
0
0
0
0
0
0
2043
1752
0
0
0
0
0
0
2569
1381
0
0
0
0
0
0
3165
1132
0
0
0
0
0
0
3801
1012
0
0
0
0
0
0
350
1027
0
0
0
0
0
0
982
1176
0
0
0
0
0
0
1566
1452
0
0
0
0
0
0
2086
1843
0
0
0
0
0
0
2510
2331
0
0
0
0
0
0
2828
2896
0
0
0
0
0
0
3019
3514
0
0
0
0
0
0
3077
58
0
0
0
0
0
0
3000
695
0
0
0
0
0
0
2793
1302
0
0
0
0
0
0
2464
1848
0
0
0
0
0
0
2029
2317
0
0
0
0
0
0
1505
2683
0
0
0
0
0
0
914
2928
0
0
0
0
0
0
284
3047
0
0
0
0
0
0
3739
3031
0
0
0
0
0
0
3115
2883
0
0
0
0
0
0
2536
2610
0
0
0
0
0
0
2023
2221
0
0
0
0
0
0
1602
1736
0
0
0
0
0
0
1291
1179
0
0
0
0
0
0
1102
567
0
0
0
0
0
0
1046
4029
0
0
0
0
0
0
1121
3401
0
0
0
0
0
0
1326
2799
0
0
0
0
0
0
1654
2260
0
0
0
0
0
0
2084
1800
0
0
0
0
0
0
2603
1439
0
0
0
0
0
0
3187
1197
0
0
0
0
0
0
3808
1084
0
0
0
0
0
0
342
1098
0
0
0
0
0
0
959
1245
0
0
0
0
0
0
1531
1515
0
0
0
0
0
0
2034
1899
0
0
0
0
0
0
2448
2377
0
0
0
0
0
0
2754
2926
0
0
0
0
0
0
2939
3530
0
0
0
0
0
0
2994
59
0
0
0
0
0
0
2918
676
0
0
0
0
0
0
2715
1265
0
0
0
0
0
0
2392
1796
0
0
0
0
0
0
1970
2248
0
0
0
0
0
0
1459
2602
0
0
0
0
0
0
885
2838
0
0
0
0
0
0
275
2950
0
0
0
0
0
0
3750
2935
0
0
0
0
0
0
3145
2789
0
0
0
0
0
0
2586
2523
0
0
0
0
0
0
2092
2148
0
0
0
0
0
0
1687
1678
0
0
0
0
0
0
1387
1138
0
0
0
0
0
0
1208
549
0
0
0
0
0
0
1155
4032
0
0
0
0
0
0
1230
3427
0
0
0
0
0
0
1430
2849
0
0
0
0
0
0
1746
2330
0
0
0
0
0
0
2162
1887
0
0
0
0
0
0
2660
1544
0
0
0
0
0
0
3222
1312
0
0
0
0
0
0
3819
1203
0
0
0
0
0
0
328
1220
0
0
0
0
0
0
919
1363
0
0
0
0
0
0
1466
1623
0
0
0
0
0
0
1948
1993
0
0
0
0
0
0
2341
2450
0
0
0
0
0
0
2635
2978
0
0
0
0
0
0
2809
3553
0
0
0
0
0
0
2858
55
0
0
0
0
0
0
2786
645
0
0
0
0
0
0
2588
1208
0
0
0
0
0
0
2280
1713
0
0
0
0
0
0
1875
2142
0
0
0
0
0
0
1388
2477
0
0
0
0
0
0
841
2699
0
0
0
0
0
0
263
2807
0
0
0
0
0
0
3768
2790
0
0
0
0
0
0
3193
2648
0
0
0
0
0
0
2663
2394
0
0
0
0
0
0
2196
2037
0
0
0
0
0
0
1813
1591
0
0
0
0
0
0
1530
1077
0
0
0
0
0
0
1361
518
0
0
0
0
0
0
1314
4036
0
0
0
0
0
0
1386
3461
0
0
0
0
0
0
1576
2917
0
0
0
0
0
0
1877
2429
0
0
0
0
0
0
2271
2011
0
0
0
0
0
0
2742
1688
0
0
0
0
0
0
3272
1473
0
0
0
0
0
0
3835
1372
0
0
0
0
0
0
310
1389
0
0
0
0
0
0
866
1526
0
0
0
0
0
0
1378
1771
0
0
0
0
0
0
1828
2119
0
0
0
0
0
0
2199
2551
0
0
0
0
0
0
2472
3049
0
0
0
0
0
0
2632
3587
0
0
0
0
0
0
2679
52
0
0
0
0
0
0
2609
605
0
0
0
0
0
0
2423
1130
0
0
0
0
0
0
2133
1602
0
0
0
0
0
0
1753
2001
0
0
0
0
0
0
1296
2312
0
0
0
0
0
0
786
2520
0
0
0
0
0
0
243
2617
0
0
0
0
0
0
3790
2598
0
0
0
0
0
0
3255
2466
0
0
0
0
0
0
2761
2228
0
0
0
0
0
0
2328
1893
0
0
0
0
0
0
1974
1477
0
0
0
0
0
0
1711
999
0
0
0
0
0
0
1557
479
0
0
0
0
0
0
1516
4039
0
0
0
0
0
0
1584
3507
0
0
0
0
0
0
1764
3003
0
0
0
0
0
0
2042
2553
0
0
0
0
0
0
2409
2169
0
0
0
0
0
0
2846
1870
0
0
0
0
0
0
3335
1673
0
0
0
0
0
0
3855
1583
0
0
0
0
0
0
285
1599
0
0
0
0
0
0
797
1727
0
0
0
0
0
0
1270
1955
0
0
0
0
0
0
1684
2276
0
0
0
0
0
0
2023
2675
0
0
0
0
0
0
2270
3131
0
0
0
0
0
0
2419
3631
0
0
0
0
0
0
2458
47
0
0
0
0
0
0
2391
555
0
0
0
0
0
0
2220
1035
0
0
0
0
0
0
1953
1466
0
0
0
0
0
0
1604
1832
0
0
0
0
0
0
1186
2116
0
0
0
0
0
0
717
2302
0
0
0
0
0
0
223
2389
0
0
0
0
0
0
3817
2371
0
0
0
0
0
0
3328
2247
0
0
0
0
0
0
2879
2029
0
0
0
0
0
0
2488
1722
0
0
0
0
0
0
2164
1344
0
0
0
0
0
0
1929
909
0
0
0
0
0
0
1790
434
0
0
0
0
0
0
1753
4045
0
0
0
0
0
0
1818
3563
0
0
0
0
0
0
1981
3105
0
0
0
0
0
0
2237
2697
0
0
0
0
0
0
2567
2350
0
0
0
0
0
0
2965
2083
0
0
0
0
0
0
3408
1905
0
0
0
0
0
0
3879
1826
0
0
0
0
0
0
257
1842
0
0
0
0
0
0
718
1959
0
0
0
0
0
0
1145
2169
0
0
0
0
0
0
1515
2458
0
0
0
0
0
0
1818
2818
0
0
0
0
0
0
2042
3230
0
0
0
0
0
0
2171
3677
0
0
0
0
0
0
2205
42
0
0
0
0
0
0
2143
497
0
0
0
0
0
0
1987
926
0
0
0
0
0
0
1748
1313
0
0
0
0
0
0
1433
1638
0
0
0
0
0
0
1058
1889
0
0
0
0
0
0
639
2055
0
0
0
0
0
0
197
2130
0
0
0
0
0
0
3846
2113
0
0
0
0
0
0
3412
2003
0
0
0
0
0
0
3013
1806
0
0
0
0
0
0
2664
1531
0
0
0
0
0
0
2380
1193
0
0
0
0
0
0
2172
805
0
0
0
0
0
0
2049
386
0
0
0
0
0
0
2019
4048
0
0
0
0
0
0
2077
3622
0
0
0
0
0
0
2225
3220
0
0
0
0
0
0
2451
2858
0
0
0
0
0
0
2746
2554
0
0
0
0
0
0
3098
2320
0
0
0
0
0
0
3491
2164
0
0
0
0
0
0
3905
2094
0
0
0
0
0
0
227
2111
0
0
0
0
0
0
632
2217
0
0
0
0
0
0
1006
2402
0
0
0
0
0
0
1332
2659
0
0
0
0
0
0
1594
2974
0
0
0
0
0
0
1788
3337
0
0
0
0
0
0
1901
3729
0
0
0
0
0
0
1928
37
0
0
0
0
0
0
1874
435
0
0
0
0
0
0
1736
809
0
0
0
0
0
0
1525
1145
0
0
0
0
0
0
1249
1428
0
0
0
0
0
0
921
1645
0
0
0
0
0
0
557
1788
0
0
0
0
0
0
171
1853
0
0
0
0
0
0
3878
1835
0
0
0
0
0
0
3502
1737
0
0
0
0
0
0
3157
1566
0
0
0
0
0
0
2855
1328
0
0
0
0
0
0
2610
1032
0
0
0
0
0
0
2432
697
0
0
0
0
0
0
2328
332
0
0
0
0
0
0
2304
4055
0
0
0
0
0
0
2356
3688
0
0
0
0
0
0
2484
3340
0
0
0
0
0
0
2680
3031
0
0
0
0
0
0
2936
2770
0
0
0
0
0
0
3239
2571
0
0
0
0
0
0
3578
2440
0
0
0
0
0
0
3931
2381
0
0
0
0
0
0
195
2398
0
0
0
0
0
0
540
2489
0
0
0
0
0
0
859
2647
0
0
0
0
0
0
1135
2868
0
0
0
0
0
0
1361
3140
0
0
0
0
0
0
1523
3448
0
0
0
0
0
0
1619
3784
0
0
0
0
0
0
1640
30
0
0
0
0
0
0
1592
369
0
0
0
0
0
0
1474
686
0
0
0
0
0
0
1291
970
0
0
0
0
0
0
1055
1208
0
0
0
0
0
0
779
1391
0
0
0
0
0
0
470
1511
0
0
0
0
0
0
144
1564
0
0
0
0
0
0
3912
1547
0
0
0
0
0
0
3594
1462
0
0
0
0
0
0
3304
1318
0
0
0
0
0
0
3052
1114
0
0
0
0
0
0
2847
866
0
0
0
0
0
0
2699
582
0
0
0
0
0
0
2614
278
0
0
0
0
0
0
2596
4060
0
0
0
0
0
0
2640
3753
0
0
0
0
0
0
2749
3463
0
0
0
0
0
0
2915
3207
0
0
0
0
0
0
3129
2989
0
0
0
0
0
0
3382
2826
0
0
0
0
0
0
3664
2718
0
0
0
0
0
0
3959
2672
0
0
0
0
0
0
161
2687
0
0
0
0
0
0
449
2764
0
0
0
0
0
0
708
2898
0
0
0
0
0
0
938
3081
0
0
0
0
0
0
1123
3306
0
0
0
0
0
0
1255
3562
0
0
0
0
0
0
1331
3839
0
0
0
0
0
0
1348
27
0
0
0
0
0
0
1305
303
0
0
0
0
0
0
1207
563
0
0
0
0
0
0
1058
795
0
0
0
0
0
0
864
988
0
0
0
0
0
0
636
1136
0
0
0
0
0
0
381
1231
0
0
0
0
0
0
116
1273
0
0
0
0
0
0
3945
1258
0
0
0
0
0
0
3687
1188
0
0
0
0
0
0
3455
1069
0
0
0
0
0
0
3250
902
0
0
0
0
0
0
3085
701
0
0
0
0
0
0
2967
471
0
0
0
0
0
0
2900
223
0
0
0
0
0
0
2885
4066
0
0
0
0
0
0
2925
3820
0
0
0
0
0
0
3013
3588
0
0
0
0
0
0
3149
3382
0
0
0
0
0
0
3319
3210
0
0
0
0
0
0
3524
3079
0
0
0
0
0
0
3751
2994
0
0
0
0
0
0
3986
2959
0
0
0
0
0
0
128
2973
0
0
0
0
0
0
357
3037
0
0
0
0
0
0
564
3144
0
0
0
0
0
0
744
3291
0
0
0
0
0
0
889
3472
0
0
0
0
0
0
993
3673
0
0
0
0
0
0
1051
3892
0
0
0
0
0
0
1063
20
0
0
0
0
0
0
1029
239
0
0
0
0
0
0
948
441
0
0
0
0
0
0
829
622
0
0
0
0
0
0
676
774
0
0
0
0
0
0
498
889
0
0
0
0
0
0
297
963
0
0
0
0
0
0
90
993
0
0
0
0
0
0
3978
980
0
0
0
0
0
0
3778
922
0
0
0
0
0
0
3595
828
0
0
0
0
0
0
3439
698
0
0
0
0
0
0
3312
541
0
0
0
0
0
0
3222
363
0
0
0
0
0
0
3173
172
0
0
0
0
0
0
3163
4073
0
0
0
0
0
0
3194
3884
0
0
0
0
0
0
3265
3706
0
0
0
0
0
0
3369
3548
0
0
0
0
0
0
3504
3419
0
0
0
0
0
0
3660
3320
0
0
0
0
0
0
3831
3256
0
0
0
0
0
0
4012
3231
0
0
0
0
0
0
97
3242
0
0
0
0
0
0
270
3294
0
0
0
0
0
0
426
3376
0
0
0
0
0
0
561
3487
0
0
0
0
0
0
668
3623
0
0
0
0
0
0
744
3777
0
0
0
0
0
0
788
3942
0
0
0
0
0
0
795
13
0
0
0
0
0
0
767
177
0
0
0
0
0
0
707
329
0
0
0
0
0
0
617
463
0
0
0
0
0
0
501
576
0
0
0
0
0
0
369
659
0
0
0
0
0
0
220
711
0
0
0
0
0
0
66
732
0
0
0
0
0
0
4008
719
0
0
0
0
0
0
3861
677
0
0
0
0
0
0
3729
607
0
0
0
0
0
0
3614
510
0
0
0
0
0
0
3523
393
0
0
0
0
0
0
3459
263
0
0
0
0
0
0
3424
124
0
0
0
0
0
0
3420
4079
0
0
0
0
0
0
3444
3940
0
0
0
0
0
0
3496
3813
0
0
0
0
0
0
3573
3702
0
0
0
0
0
0
3668
3608
0
0
0
0
0
0
3782
3540
0
0
0
0
0
0
3908
3496
0
0
0
0
0
0
4035
3480
0
0
0
0
0
0
68
3490
0
0
0
0
0
0
190
3526
0
0
0
0
0
0
302
3585
0
0
0
0
0
0
396
3666
0
0
0
0
0
0
469
3762
0
0
0
0
0
0
521
3871
0
0
0
0
0
0
551
3988
0
0
0
0
0
0
554
8
0
0
0
0
0
0
534
123
0
0
0
0
0
0
490
228
0
0
0
0
0
0
426
321
0
0
0
0
0
0
345
396
0
0
0
0
0
0
253
451
0
0
0
0
0
0
151
486
0
0
0
0
0
0
45
500
0
0
0
0
0
0
4034
490
0
0
0
0
0
0
3936
459
0
0
0
0
0
0
3845
408
0
0
0
0
0
0
3770
342
0
0
0
0
0
0
3710
263
0
0
0
0
0
0
3669
175
0
0
0
0
0
0
3646
81
0
0
0
0
0
0
3643
4083
0
0
0
0
0
0
3662
3992
0
0
0
0
0
0
3697
3907
0
0
0
0
0
0
3751
3834
0
0
0
0
0
0
3817
3774
0
0
0
0
0
0
3892
3731
0
0
0
0
0
0
3972
3703
0
0
0
0
0
0
4057
3693
0
0
0
0
0
0
43
3702
0
0
0
0
0
0
123
3728
0
0
0
0
0
0
192
3768
0
0
0
0
0
0
251
3820
0
0
0
0
0
0
299
3883
0
0
0
0
0
0
332
3954
0
0
0
0
0
0
348
4027
0
0
0
0
0
0
347
4
0
0
0
0
0
0
334
76
0
0
0
0
0
0
306
142
0
0
0
0
0
0
264
198
0
0
0
0
0
0
212
244
0
0
0
0
0
0
154
276
0
0
0
0
0
0
91
298
0
0
0
0
0
0
26
304
0
0
0
0
0
0
4056
296
0
0
0
0
0
0
3999
278
0
0
0
0
0
0
3944
245
0
0
0
0
0
0
3897
205
0
0
0
0
0
0
3864
156
0
0
0
0
0
0
3839
103
0
0
0
0
0
0
3829
46
0
0
0
0
0
0
3829
4087
0
0
0
0
0
0
3841
4033
0
0
0
0
0
0
3864
3986
0
0
0
0
0
0
3895
3942
0
0
0
0
0
0
3933
3910
0
0
0
0
0
0
3977
3885
0
0
0
0
0
0
4024
3872
0
0
0
0
0
0
4073
3869
0
0
0
0
0
0
23
3874
0
0
0
0
0
0
68
3889
0
0
0
0
0
0
107
3913
0
0
0
0
0
0
139
3942
0
0
0
0
0
0
163
3978
0
0
0
0
0
0
179
4018
0
0
0
0
0
0
187
4057
0
0
0
0
0
0
185
2
0
0
0
0
0
0
175
39
0
0
0
0
0
0
160
75
0
0
0
0
0
0
137
103
0
0
0
0
0
0
111
125
0
0
0
0
0
0
78
141
0
0
0
0
0
0
45
151
0
0
0
0
0
0
11
153
0
0
0
0
0
0
4074
147
0
0
0
0
0
0
4046
137
0
0
0
0
0
0
4019
119
0
0
0
0
0
0
3997
99
0
0
0
0
0
0
3982
75
0
0
0
0
0
0
3972
48
0
0
0
0
0
0
3967
21
0
0
0
0
0
0
3968
4090
0
0
0
0
0
0
3976
4067
0
0
0
0
0
0
3987
4043
0
0
0
0
0
0
4003
4025
0
0
0
0
0
0
4020
4011
0
0
0
0
0
0
4041
4002
0
0
0
0
0
0
4064
3995
0
0
0
0
0
0
4085
3996
0
0
0
0
0
0
9
3999
0
0
0
0
0
0
27
4006
0
0
0
0
0
0
42
4019
0
0
0
0
0
0
55
4030
0
0
0
0
0
0
65
4047
0
0
0
0
0
0
71
4063
0
0
0
0
0
0
71
4080
0
0
0
0
0
0
71
0
0
0
0
0
0
0
66
14
0
0
0
0
0
0
58
26
0
0
0
0
0
0
49
37
0
0
0
0
0
0
39
43
0
0
0
0
0
0
26
48
0
0
0
0
0
0
13
51
0
0
0
0
0
0
2
51
0
0
0
0
0
0
4087
47
0
0
0
0
0
0
4077
41
0
0
0
0
0
0
4069
37
0
0
0
0
0
0
4062
29
0
0
0
0
0
0
4060
21
0
0
0
0
0
0
4057
13
0
0
0
0
0
0
4056
4
0
0
0
0
0
0
4059
4093
0
0
0
0
0
0
4062
4086
0
0
0
0
0
0
4065
4078
0
0
0
0
0
0
4071
4076
0
0
0
0
0
0
4076
4072
0
0
0
0
0
0
4081
4071
0
0
0
0
0
0
4087
4069
0
0
0
0
0
0
4092
4070
0
0
0
0
0
0
0
4072
0
0
0
0
0
0
3
4074
0
0
0
0
0
0
7
4079
0
0
0
0
0
0
10
4082
0
0
0
0
0
0
10
4086
0
0
0
0
0
0
10
4090
0
0
0
0
0
0
9
4093
0
0
0
0
0
0
9
4092
0
0
0
0
0
0
8
0
0
0
0
0
0
0
4
1
0
0
0
0
0
0
3
1
0
0
0
0
0
0
1
2
0
0
0
0
0
0
0
3
0
0
0
0
0
0
0
3
0
0
0
0
0
0
4094
2
0
0
0
0
0
0
4093
2
0
0
0
0
0
0
4092
0
0
0
0
0
0
0
4092
4095
0
0
0
0
0
0
4092
4095
0
0
0
0
0
0
4092
4094
0
0
0
0
0
0
4092
4094
0
0
0
0
0
0
4092
4094
0
0
0
0
0
0
4092
4094
0
0
0
0
0
0
4092
4094
0
0
0
0
0
0
4093
4092
0
0
0
0
0
0
4093
4092
0
0
0
0
0
0
0
4095
0
0
0
0
0
0
0
0
0
0
0
0
0
0
0
4095
0
0
0
0
0
0
0
4095
0
0
0
0
0
0
0
0
0
0
0
0
0
0
0
0
0
0
0
0
0
0
0
0
0
0
0
0
0
0
0
0
0
0
0
0
0
0
0
0
0
0
0
0
0
0
0
0
0
0
0
0
0
0
0
0
0
0
0
0
0
0
0
0
0
0
0
0
0
0
0
0
0
0
0
0
0
0
0
0
0
0
0
0
0
0
0
0
0
0
0
0
0
0
0
0
0
0
0
0
0
0
0
0
0
0
0
0
0
0
0
0
0
0
0
0
0
0
0
0
0
0
0
0
0
0
0
0
0
0
0
0
0
0
0
0
0
0
0
0
0
0
0
0
0
0
0
0
0
0
0
0
0
0
0
0
0
0
0
0
0
0
0
0
0
0
0
0
0
0
0
0
0
0
0
0
0
0
0
0
0
0
0
0
0
0
0
0
0
0
0
0
0
0
0
0
0
0
0
0
0
0
0
0
0
0
0
0
0
0
0
0
0
0
0
0
0
0
0
0
0
0
0
0
0
0
0
0
0
0
0
0
0
0
0
0
0
0
0
0
0
0
0
0
0
0
0
0
0
0
0
0
0
0
0
0
0
0
0
0
0
0
0
0
0
0
0
0
0
0
0
0
0
0
0
0
0
0
0
0
0
0
0
0
0
0
0
0
0
0
0
0
0
0
0
0
0
0
0
0
0
0
0
0
0
0
0
0
0
0
0
0
0
0
0
0
0
0
0
0
0
0
0
0
0
0
0
0
0
0
0
0
0
0
0
0
0
0
0
0
0
0
0
0
0
0
0
0
0
0
0
0
0
0
0
0
0
0
0
0
0
0
0
0
0
0
0
0
0
0
0
0
0
0
0
0
0
0
0
0
0
0
0
0
0
0
0
0
0
0
0
0
0
0
0
0
0
0
0
0
0
0
0
0
0
0
0
0
0
0
0
0
0
0
0
0
0
0
0
0
0
0
0
0
0
0
0
0
0
0
0
0
0
0
0
0
0
0
0
0
0
0
0
0
0
0
0
0
0
0
0
0
0
0
0
0
0
0
0
0
0
0
0
0
0
0
0
0
0
0
0
0
0
0
0
0
0
0
0
0
0
0
0
0
0
0
0
0
0
0
0
0
0
0
0
0
0
0
0
0
0
0
0
0
0
0
0
0
0
0
0
0
0
0
0
0
0
0
0
0
0
0
0
0
0
0
0
0
0
0
0
0
0
0
0
0
0
0
0
0
0
0
0
0
0
0
0
0
0
0
0
0
0
0
0
0
0
0
0
0
0
0
0
0
0
0
0
0
0
0
0
0
0
0
0
0
0
0
0
0
0
0
0
0
0
0
0
0
0
0
0
0
0
0
0
0
0
0
0
0
0
0
0
0
0
0
0
0
0
0
0
0
0
0
0
0
0
0
0
0
0
0
0
0
0
0
0
0
0
0
0
0
0
0
0
0
0
0
0
0
0
0
0
0
0
0
0
0
0
0
0
0
0
0
0
0
0
0
0
0
0
0
0
0
0
0
0
0
0
0
0
0
0
0
0
0
0
0
0
0
0
0
0
0
0
0
0
0
0
0
0
0
0
0
0
0
0
0
0
0
0
0
0
0
0
0
0
0
0
0
0
0
0
0
0
0
0
0
0
0
0
0
0
0
0
0
0
0
0
0
0
0
0
0
0
0
0
0
0
0
0
0
0
0
0
0
0
0
0
0
0
0
0
0
0
0
0
0
0
0
0
0
0
0
0
0
0
0
0
0
0
0
0
0
0
0
0
0
0
0
0
0
0
0
0
0
0
0
0
0
0
0
0
0
0
0
0
0
0
0
0
0
0
0
0
0
0
0
0
0
0
0
0
0
0
0
0
0
0
0
0
0
0
0
0
0
0
0
0
0
0
0
0
0
0
0
0
0
0
0
0
0
0
0
0
0
0
0
0
0
0
0
0
0
0
0
0
0
0
0
0
0
0
0
0
0
0
0
0
0
0
0
0
0
0
0
0
0
0
0
0
0
0
0
0
0
0
0
0
0
0
0
0
0
0
0
0
0
0
0
0
0
0
0
0
0
0
0
0
0
0
0
0
0
0
0
0
0
0
0
0
0
0
0
0
0
0
0
0
0
0
0
0
0
0
0
0
0
0
0
0
0
0
0
0
0
0
0
0
0
0
0
0
0
0
0
0
0
0
0
0
0
0
0
0
0
0
0
0
0
0
0
0
0
0
0
0
0
0
0
0
0
0
0
0
0
0
0
0
0
0
0
0
0
0
0
0
0
0
0
0
0
0
0
0
0
0
0
0
0
0
0
0
0
0
0
0
0
0
0
0
0
0
0
0
0
0
0
0
0
0
0
0
0
0
0
0
0
0
0
0
0
0
0
0
0
0
0
0
0
0
0
0
0
0
0
0
0
0
0
0
0
0
0
0
0
0
0
0
0
0
0
0
0
0
0
0
0
0
0
0
0
0
0
0
0
0
0
0
0
0
0
0
0
0
0
0
0
0
0
0
0
0
0
0
0
0
0
0
0
0
0
0
0
0
0
0
0
0
0
0
0
0
0
0
0
0
0
0
0
0
0
0
0
0
0
0
0
0
0
0
0
0
0
0
0
0
0
0
0
0
0
0
0
0
0
0
0
0
0
0
0
0
0
0
0
0
0
0
0
0
0
0
0
0
0
0
0
0
0
0
0
0
0
0
0
0
0
0
0
0
0
0
0
0
0
0
0
0
0
0
0
0
0
0
0
0
0
0
0
0
0
0
0
0
0
0
0
0
0
0
0
0
0
0
0
0
0
0
0
0
0
0
0
0
0
0
0
0
0
0
0
0
0
0
0
0
0
0
0
0
0
0
0
0
0
0
0
0
0
0
0
0
0
0
0
0
0
0
0
0
0
0
0
0
0
0
0
0
0
0
0
0
0
0
0
0
0
0
0
0
0
0
0
0
0
0
0
0
0
0
0
0
0
0
0
0
0
0
0
0
0
0
0
0
0
0
0
0
0
0
0
0
0
0
0
0
0
0
0
0
0
0
0
0
0
0
0
0
0
0
0
0
0
0
0
0
0
0
0
0
0
0
0
0
0
0
0
0
0
0
0
0
0
0
0
0
0
0
0
0
0
0
0
0
0
0
0
0
0
0
0
0
0
0
0
0
0
0
0
0
0
0
0
0
0
0
0
0
0
0
0
0
0
0
0
0
0
0
0
0
0
0
0
0
0
0
0
0
0
0
0
0
0
0
0
0
0
0
0
0
0
0
0
0
0
0
0
0
0
0
0
0
0
0
0
0
0
0
0
0
0
0
0
0
0
0
0
0
0
0
0
0
0
0
0
0
0
0
0
0
0
0
0
0
0
0
0
0
0
0
0
0
0
0
0
0
0
0
0
0
0
0
0
0
0
0
0
0
0
0
0
0
0
0
0
0
0
0
0
0
0
0
0
0
0
0
0
0
0
0
0
0
0
0
0
0
0
0
0
0
0
0
0
0
0
0
0
0
0
0
0
0
0
0
0
0
0
0
0
0
0
0
0
0
0
0
0
0
0
0
0
0
0
0
0
0
0
0
0
0
0
0
0
0
0
0
0
0
0
0
0
0
0
0
0
0
0
0
0
0
0
0
0
0
0
0
0
0
0
0
0
0
0
0
0
0
0
0
0
0
0
0
0
0
0
0
0
0
0
0
0
0
0
0
0
0
0
0
0
0
0
0
0
0
0
0
0
0
0
0
0
0
0
0
0
0
0
0
0
0
0
0
0
0
0
0
0
0
0
0
0
0
0
0
0
0
0
0
0
0
0
0
0
0
0
0
0
0
0
0
0
0
0
0
0
0
0
0
0
0
0
0
0
0
0
0
0
0
0
0
0
0
0
0
0
0
0
0
0
0
0
0
0
0
0
0
0
0
0
0
0
0
0
0
0
0
0
0
0
0
0
0
0
0
0
0
0
0
0
0
0
0
0
0
0
0
0
0
0
0
0
0
0
0
0
0
0
0
0
0
0
0
0
0
0
0
0
0
0
0
0
0
0
0
0
0
0
0
0
0
0
0
0
0
0
0
0
0
0
0
0
0
0
0
0
0
0
0
0
0
0
0
0
0
0
0
0
0
0
0
0
0
0
0
0
0
0
0
0
0
0
0
0
0
0
0
0
0
0
0
0
0
0
0
0
0
0
0
0
0
0
0
0
0
0
0
0
0
0
0
0
0
0
0
0
0
0
0
0
0
0
0
0
0
0
0
0
0
0
0
0
0
0
0
0
0
0
0
0
0
0
0
0
0
0
0
0
0
0
0
0
0
0
0
0
0
0
0
0
0
0
0
0
0
0
0
0
0
0
0
0
0
0
0
0
0
0
0
0
0
0
0
0
0
0
0
0
0
0
0
0
0
0
0
0
0
0
0
0
0
0
0
0
0
0
0
0
0
0
0
0
0
0
0
0
0
0
0
0
0
0
0
0
0
0
0
0
0
0
0
0
0
0
0
0
0
0
0
0
0
0
0
0
0
0
0
0
0
0
0
0
0
0
0
0
0
0
0
0
0
0
0
0
0
0
0
0
0
0
0
0
0
0
0
0
0
0
0
0
0
0
0
0
0
0
0
0
0
0
0
0
0
0
0
0
0
0
0
0
0
0
0
0
0
0
0
0
0
0
0
0
0
0
0
0
0
0
0
0
0
0
0
0
0
0
0
0
0
0
0
0
0
0
0
0
0
0
0
0
0
0
0
0
0
0
0
0
0
0
0
0
0
0
0
0
0
0
0
0
0
0
0
0
0
0
0
0
0
0
0
0
0
0
0
0
0
0
0
0
0
0
0
0
0
0
0
0
0
0
0
0
0
0
0
0
0
0
0
0
0
0
0
0
0
0
0
0
0
0
0
0
0
0
0
0
0
0
0
0
0
0
0
0
0
0
0
0
0
0
0
0
0
0
0
0
0
0
0
0
0
0
0
0
0
0
0
0
0
0
0
0
0
0
0
0
0
0
0
0
0
0
0
0
0
0
0
0
0
0
0
0
0
0
0
0
0
0
0
0
0
0
0
0
0
0
0
0
0
0
0
0
0
0
0
0
0
0
0
0
0
0
0
0
0
0
0
0
0
0
0
0
0
0
0
0
0
0
0
0
0
0
0
0
0
0
0
0
0
0
0
0
0
0
0
0
0
0
0
0
0
0
0
0
0
0
0
0
0
0
0
0
0
0
0
0
0
0
0
0
0
0
0
0
0
0
0
0
0
0
0
0
0
0
0
0
0
0
0
0
0
0
0
0
0
0
0
0
0
0
0
0
0
0
0
0
0
0
0
0
0
0
0
0
0
0
0
0
0
0
0
0
0
0
0
0
0
0
0
0
0
0
0
0
0
0
0
0
0
0
0
0
0
0
0
0
0
0
0
0
0
0
0
0
0
0
0
0
0
0
0
0
0
0
0
0
0
0
0
0
0
0
0
0
0
0
0
0
0
0
0
0
0
0
0
0
0
0
0
0
0
0
0
0
0
0
0
0
0
0
0
0
0
0
0
0
0
0
0
0
0
0
0
0
0
0
0
0
0
0
0
0
0
0
0
0
0
0
0
0
0
0
0
0
0
0
0
0
0
0
0
0
0
0
0
0
0
0
0
0
0
0
0
0
0
0
0
0
0
0
0
0
0
0
0
0
0
0
0
0
0
0
0
0
0
0
0
0
0
0
0
0
0
0
0
0
0
0
0
0
0
0
0
0
0
0
0
0
0
0
0
0
0
0
0
0
0
0
0
0
0
0
0
0
0
0
0
0
0
0
0
0
0
0
0
0
0
0
0
0
0
0
0
0
0
0
0
0
0
0
0
0
0
0
0
0
0
0
0
0
0
0
0
0
0
0
0
0
0
0
0
0
0
0
0
0
0
0
0
0
0
0
0
0
0
0
0
0
0
0
0
0
0
0
0
0
0
0
0
0
0
0
0
0
0
0
0
0
0
0
0
0
0
0
0
0
0
0
0
0
0
0
0
0
0
0
0
0
0
0
0
0
0
0
0
0
0
0
0
0
0
0
0
0
0
0
0
0
0
0
0
0
0
0
0
0
0
0
0
0
0
0
0
0
0
0
0
0
0
0
0
0
0
0
0
0
0
0
0
0
0
0
0
0
0
0
0
0
0
0
0
0
0
0
0
0
0
0
0
0
0
0
0
0
0
0
0
0
0
0
0
0
0
0
0
0
0
0
0
0
0
0
0
0
0
0
0
0
0
0
0
0
0
0
0
0
0
0
0
0
0
0
0
0
0
0
0
0
0
0
0
0
0
0
0
0
0
0
0
0
0
0
0
0
0
0
0
0
0
0
0
0
0
0
0
0
0
0
0
0
0
0
0
0
0
0
0
0
0
0
0
0
0
0
0
0
0
0
0
0
0
0
0
0
0
0
0
0
0
0
0
0
0
0
0
0
0
0
0
0
0
0
0
0
0
0
0
0
0
0
0
0
0
0
0
0
0
0
0
0
0
0
0
0
0
0
0
0
0
0
0
0
0
0
0
0
0
0
0
0
0
0
0
0
0
0
0
0
0
0
0
0
0
0
0
0
0
0
0
0
0
0
0
0
0
0
0
0
0
0
0
0
0
0
0
0
0
0
0
0
0
0
0
0
0
0
0
0
0
0
0
0
0
0
0
0
0
0
0
0
0
0
0
0
0
0
0
0
0
0
0
0
0
0
0
0
0
0
0
0
0
0
0
0
0
0
0
0
0
0
0
0
0
0
0
0
0
0
0
0
0
0
0
0
0
0
0
0
0
0
0
0
0
0
0
0
0
0
0
0
0
0
0
0
0
0
0
0
0
0
0
0
0
0
0
0
0
0
0
0
0
0
0
0
0
0
0
0
0
0
0
0
0
0
0
0
0
0
0
0
0
0
0
0
0
0
0
0
0
0
0
0
0
0
0
0
0
0
0
0
0
0
0
0
0
0
0
0
0
0
0
0
0
0
0
0
0
0
0
0
0
0
0
0
0
0
0
0
0
0
0
0
0
0
0
0
0
0
0
0
0
0
0
0
0
0
0
0
0
0
0
0
0
0
0
0
0
0
0
0
0
0
0
0
0
0
0
0
0
0
0
0
0
0
0
0
0
0
0
0
0
0
0
0
0
0
0
0
0
0
0
0
0
0
0
0
0
0
0
0
0
0
0
0
0
0
0
0
0
0
0
0
0
0
0
0
0
0
0
0
0
0
0
0
0
0
0
0
0
0
0
0
0
0
0
0
0
0
0
0
0
0
0
0
0
0
0
0
0
0
0
0
0
0
0
0
0
0
0
0
0
0
0
0
0
0
0
0
0
0
0
0
0
0
0
0
0
0
0
0
0
0
0
0
0
0
0
0
0
0
0
0
0
0
0
0
0
0
0
0
0
0
0
0
0
0
0
0
0
0
0
0
0
0
0
0
0
0
0
0
0
0
0
0
0
0
0
0
0
0
0
0
0
0
0
0
0
0
0
0
0
0
0
0
0
0
0
0
0
0
0
0
0
0
0
0
0
0
0
0
0
0
0
0
0
0
0
0
0
0
0
0
0
0
0
0
0
0
0
0
0
0
0
0
0
0
0
0
0
0
0
0
0
0
0
0
0
0
0
0
0
0
0
0
0
0
0
0
0
0
0
0
0
0
0
0
0
0
0
0
0
0
0
0
0
0
0
0
0
0
0
0
0
0
0
0
0
0
0
0
0
0
0
0
0
0
0
0
0
0
0
0
0
0
0
0
0
0
0
0
0
0
0
0
0
0
0
0
0
0
0
0
0
0
0
0
0
0
0
0
0
0
0
0
0
0
0
0
0
0
0
0
0
0
0
0
0
0
0
0
0
0
0
0
0
0
0
0
0
0
0
0
0
0
0
0
0
0
0
0
0
0
0
0
0
0
0
0
0
0
0
0
0
0
0
0
0
0
0
0
0
0
0
0
0
0
0
0
0
0
0
0
0
0
0
0
0
0
0
0
0
0
0
0
0
0
0
0
0
0
0
0
0
0
0
0
0
0
0
0
0
0
0
0
0
0
0
0
0
0
0
0
0
0
0
0
0
0
0
0
0
0
0
0
0
0
0
0
0
0
0
0
0
0
0
0
0
0
0
0
0
0
0
0
0
0
0
0
0
0
0
0
0
0
0
0
0
0
0
0
0
0
0
0
0
0
0
0
0
0
0
0
0
0
0
0
0
0
0
0
0
0
0
0
0
0
0
0
0
0
0
0
0
0
0
0
0
0
0
0
0
0
0
0
0
0
0
0
0
0
0
0
0
0
0
0
0
0
0
0
0
0
0
0
0
0
0
0
0
0
0
0
0
0
0
0
0
0
0
0
0
0
0
0
0
0
0
0
0
0
0
0
0
0
0
0
0
0
0
0
0
0
0
0
0
0
0
0
0
0
0
0
0
0
0
0
0
0
0
0
0
0
0
0
0
0
0
0
0
0
0
0
0
0
0
0
0
0
0
0
0
0
0
0
0
0
0
0
0
0
0
0
0
0
0
0
0
0
0
0
0
0
0
0
0
0
0
0
0
0
0
0
0
0
0
0
0
0
0
0
0
0
0
0
0
0
0
0
0
0
0
0
0
0
0
0
0
0
0
0
0
0
0
0
0
0
0
0
0
0
0
0
0
0
0
0
0
0
0
0
0
0
0
0
0
0
0
0
0
0
0
0
0
0
0
0
0
0
0
0
0
0
0
0
0
0
0
0
0
0
0
0
0
0
0
0
0
0
0
0
0
0
0
0
0
0
0
0
0
0
0
0
0
0
0
0
0
0
0
0
0
0
0
0
0
0
0
0
0
0
0
0
0
0
0
0
0
0
0
0
0
0
0
0
0
0
0
0
0
0
0
0
0
0
0
0
0
0
0
0
0
0
0
0
0
0
0
0
0
0
0
0
0
0
0
0
0
0
0
0
0
0
0
0
0
0
0
0
0
0
0
0
0
0
0
0
0
0
0
0
0
0
0
0
0
0
0
0
0
0
0
0
0
0
0
0
0
0
0
0
0
0
0
0
0
0
0
0
0
0
0
0
0
0
0
0
0
0
0
0
0
0
0
0
0
0
0
0
0
0
0
0
0
0
0
0
0
0
0
0
0
0
0
0
0
0
0
0
0
0
0
0
0
0
0
0
0
0
0
0
0
0
0
0
0
0
0
0
0
0
0
0
0
0
0
0
0
0
0
0
0
0
0
0
0
0
0
0
0
0
0
0
0
0
0
0
0
0
0
0
0
0
0
0
0
0
0
0
0
0
0
0
0
0
0
0
0
0
0
0
0
0
0
0
0
0
0
0
0
0
0
0
0
0
0
0
0
0
0
0
0
0
0
0
0
0
0
0
0
0
0
0
0
0
0
0
0
0
0
0
0
0
0
0
0
0
0
0
0
0
0
0
0
0
0
0
0
0
0
0
0
0
0
0
0
0
0
0
0
0
0
0
0
0
0
0
0
0
0
0
0
0
0
0
0
0
0
0
0
0
0
0
0
0
0
0
0
0
0
0
0
0
0
0
0
0
0
0
0
0
0
0
0
0
0
0
0
0
0
0
0
0
0
0
0
0
0
0
0
0
0
0
0
0
0
0
0
0
0
0
0
0
0
0
0
0
0
0
0
0
0
0
0
0
0
0
0
0
0
0
0
0
0
0
0
0
0
0
0
0
0
0
0
0
0
0
0
0
0
0
0
0
0
0
0
0
0
0
0
0
0
0
0
0
0
0
0
0
0
0
0
0
0
0
0
0
0
0
0
0
0
0
0
0
0
0
0
0
0
0
0
0
0
0
0
0
0
0
0
0
0
0
0
0
0
0
0
0
0
0
0
0
0
0
0
0
0
0
0
0
0
0
0
0
0
0
0
0
0
0
0
0
0
0
0
0
0
0
0
0
0
0
0
0
0
0
0
0
0
0
0
0
0
0
0
0
0
0
0
0
0
0
0
0
0
0
0
0
0
0
0
0
0
0
0
0
0
0
0
0
0
0
0
0
0
0
0
0
0
0
0
0
0
0
0
0
0
0
0
0
0
0
0
0
0
0
0
0
0
0
0
0
0
0
0
0
0
0
0
0
0
0
0
0
0
0
0
0
0
0
0
0
0
0
0
0
0
0
0
0
0
0
0
0
0
0
0
0
0
0
0
0
0
0
0
0
0
0
0
0
0
0
0
0
0
0
0
0
0
0
0
0
0
0
0
0
0
0
0
0
0
0
0
0
0
0
0
0
0
0
0
0
0
0
0
0
0
0
0
0
0
0
0
0
0
0
0
0
0
0
0
0
0
0
0
0
0
0
0
0
0
0
0
0
0
0
0
0
0
0
0
0
0
0
0
0
0
0
0
0
0
0
0
0
0
0
0
0
0
0
0
0
0
0
0
0
0
0
0
0
0
0
0
0
0
0
0
0
0
0
0
0
0
0
0
0
0
0
0
0
0
0
0
0
0
0
0
0
0
0
0
0
0
0
0
0
0
0
0
0
0
0
0
0
0
0
0
0
0
0
0
0
0
0
0
0
0
0
0
0
0
0
0
0
0
0
0
0
0
0
0
0
0
0
0
0
0
0
0
0
0
0
0
0
0
0
0
0
0
0
0
0
0
0
0
0
0
0
0
0
0
0
0
0
0
0
0
0
0
0
0
0
0
0
0
0
0
0
0
0
0
0
0
0
0
0
0
0
0
0
0
0
0
0
0
0
0
0
0
0
0
0
0
0
0
0
0
0
0
0
0
0
0
0
0
0
0
0
0
0
0
0
0
0
0
0
0
0
0
0
0
0
0
0
0
0
0
0
0
0
0
0
0
0
0
0
0
0
0
0
0
0
0
0
0
0
0
0
0
0
0
0
0
0
0
0
0
0
0
0
0
0
0
0
0
0
0
0
0
0
0
0
0
0
0
0
0
0
0
0
0
0
0
0
0
0
0
0
0
0
0
0
0
0
0
0
0
0
0
0
0
0
0
0
0
0
0
0
0
0
0
0
0
0
0
0
0
0
0
0
0
0
0
0
0
0
0
0
0
0
0
0
0
0
0
0
0
0
0
0
0
0
0
0
0
0
0
0
0
0
0
0
0
0
0
0
0
0
0
0
0
0
0
0
0
0
0
0
0
0
0
0
0
0
0
0
0
0
0
0
0
0
0
0
0
0
0
0
0
0
0
0
0
0
0
0
0
0
0
0
0
0
0
0
0
0
0
0
0
0
0
0
0
0
0
0
0
0
0
0
0
0
0
0
0
0
0
0
0
0
0
0
0
0
0
0
0
0
0
0
0
0
0
0
0
0
0
0
0
0
0
0
0
0
0
0
0
0
0
0
0
0
0
0
0
0
0
0
0
0
0
0
0
0
0
0
0
0
0
0
0
0
0
0
0
0
0
0
0
0
0
0
0
0
0
0
0
0
0
0
0
0
0
0
0
0
0
0
0
0
0
0
0
0
0
0
0
0
0
0
0
0
0
0
0
0
0
0
0
0
0
0
0
0
0
0
0
0
0
0
0
0
0
0
0
0
0
0
0
0
0
0
0
0
0
0
0
0
0
0
0
0
0
0
0
0
0
0
0
0
0
0
0
0
0
0
0
0
0
0
0
0
0
0
0
0
0
0
0
0
0
0
0
0
0
0
0
0
0
0
0
0
0
0
0
0
0
0
0
0
0
0
0
0
0
0
0
0
0
0
0
0
0
0
0
0
0
0
0
0
0
0
0
0
0
0
0
0
0
0
0
0
0
0
0
0
0
0
0
0
0
0
0
0
0
0
0
0
0
0
0
0
0
0
0
0
0
0
0
0
0
0
0
0
0
0
0
0
0
0
0
0
0
0
0
0
0
0
0
0
0
0
0
0
0
0
0
0
0
0
0
0
0
0
0
0
0
0
0
0
0
0
0
0
0
0
0
0
0
0
0
0
0
0
0
0
0
0
0
0
0
0
0
0
0
0
0
0
0
0
0
0
0
0
0
0
0
0
0
0
0
0
0
0
0
0
0
0
0
0
0
0
0
0
0
0
0
0
0
0
0
0
0
0
0
0
0
0
0
0
0
0
0
0
0
0
0
0
0
0
0
0
0
0
0
0
0
0
0
0
0
0
0
0
0
0
0
0
0
0
0
0
0
0
0
0
0
0
0
0
0
0
0
0
0
0
0
0
0
0
0
0
0
0
0
0
0
0
0
0
0
0
0
0
0
0
0
0
0
0
0
0
0
0
0
0
0
0
0
0
0
0
0
0
0
0
0
0
0
0
0
0
0
0
0
0
0
0
0
0
0
0
0
0
0
0
0
0
0
0
0
0
0
0
0
0
0
0
0
0
0
0
0
0
0
0
0
0
0
0
0
0
0
0
0
0
0
0
0
0
0
0
0
0
0
0
0
0
0
0
0
0
0
0
0
0
0
0
0
0
0
0
0
0
0
0
0
0
0
0
0
0
0
0
0
0
0
0
0
0
0
0
0
0
0
0
0
0
0
0
0
0
0
0
0
0
0
0
0
0
0
0
0
0
0
0
0
0
0
0
0
0
0
0
0
0
0
0
0
0
0
0
0
0
0
0
0
0
0
0
0
0
0
0
0
0
0
0
0
0
0
0
0
0
0
0
0
0
0
0
0
0
0
0
0
0
0
0
0
0
0
0
0
0
0
0
0
0
0
0
0
0
0
0
0
0
0
0
0
0
0
0
0
0
0
0
0
0
0
0
0
0
0
0
0
0
0
0
0
0
0
0
0
0
0
0
0
0
0
0
0
0
0
0
0
0
0
0
0
0
0
0
0
0
0
0
0
0
0
0
0
0
0
0
0
0
0
0
0
0
0
0
0
0
0
0
0
0
0
0
0
0
0
0
0
0
0
0
0
0
0
0
0
0
0
0
0
0
0
0
0
0
0
0
0
0
0
0
0
0
0
0
0
0
0
0
0
0
0
0
0
0
0
0
0
0
0
0
0
0
0
0
0
0
0
0
0
0
0
0
0
0
0
0
0
0
0
0
0
0
0
0
0
0
0
0
0
0
0
0
0
0
0
0
0
0
0
0
0
0
0
0
0
0
0
0
0
0
0
0
0
0
0
0
0
0
0
0
0
0
0
0
0
0
0
0
0
0
0
0
0
0
0
0
0
0
0
0
0
0
0
0
0
0
0
0
0
0
0
0
0
0
0
0
0
0
0
0
0
0
0
0
0
0
0
0
0
0
0
0
0
0
0
0
0
0
0
0
0
0
0
0
0
0
0
0
0
0
0
0
0
0
0
0
0
0
0
0
0
0
0
0
0
0
0
0
0
0
0
0
0
0
0
0
0
0
0
0
0
0
0
0
0
0
0
0
0
0
0
0
0
0
0
0
0
0
0
0
0
0
0
0
0
0
0
0
0
0
0
0
0
0
0
0
0
0
0
0
0
0
0
0
0
0
0
0
0
0
0
0
0
0
0
0
0
0
0
0
0
0
0
0
0
0
0
0
0
0
0
0
0
0
0
0
0
0
0
0
0
0
0
0
0
0
0
0
0
0
0
0
0
0
0
0
0
0
0
0
0
0
0
0
0
0
0
0
0
0
0
0
0
0
0
0
0
0
0
0
0
0
0
0
0
0
0
0
0
0
0
0
0
0
0
0
0
0
0
0
0
0
0
0
0
0
0
0
0
0
0
0
0
0
0
0
0
0
0
0
0
0
0
0
0
0
0
0
0
0
0
0
0
0
0
0
0
0
0
0
0
0
0
0
0
0
0
0
0
0
0
0
0
0
0
0
0
0
0
0
0
0
0
0
0
0
0
0
0
0
0
0
0
0
0
0
0
0
0
0
0
0
0
0
0
0
0
0
0
0
0
0
0
0
0
0
0
0
0
0
0
0
0
0
0
0
0
0
0
0
0
0
0
0
0
0
0
0
0
0
0
0
0
0
0
0
0
0
0
0
0
0
0
0
0
0
0
0
0
0
0
0
0
0
0
0
0
0
0
0
0
0
0
0
0
0
0
0
0
0
0
0
0
0
0
0
0
0
0
0
0
0
0
0
0
0
0
0
0
0
0
0
0
0
0
0
0
0
0
0
0
0
0
0
0
0
0
0
0
0
0
0
0
0
0
0
0
0
0
0
0
0
0
0
0
0
0
0
0
0
0
0
0
0
0
0
0
0
0
0
0
0
0
0
0
0
0
0
0
0
0
0
0
0
0
0
0
0
0
0
0
0
0
0
0
0
0
0
0
0
0
0
0
0
0
0
0
0
0
0
0
0
0
0
0
0
0
0
0
0
0
0
0
0
0
0
0
0
0
0
0
0
0
0
0
0
0
0
0
0
0
0
0
0
0
0
0
0
0
0
0
0
0
0
0
0
0
0
0
0
0
0
0
0
0
0
0
0
0
0
0
0
0
0
0
0
0
0
0
0
0
0
0
0
0
0
0
0
0
0
0
0
0
0
0
0
0
0
0
0
0
0
0
0
0
0
0
0
0
0
0
0
0
0
0
0
0
0
0
0
0
0
0
0
0
0
0
0
0
0
0
0
0
0
0
0
0
0
0
0
0
0
0
0
0
0
0
0
0
0
0
0
0
0
0
0
0
0
0
0
0
0
0
0
0
0
0
0
0
0
0
0
0
0
0
0
0
0
0
0
0
0
0
0
0
0
0
0
0
0
0
0
0
0
0
0
0
0
0
0
0
0
0
0
0
0
0
0
0
0
0
0
0
0
0
0
0
0
0
0
0
0
0
0
0
0
0
0
0
0
0
0
0
0
0
0
0
0
0
0
0
0
0
0
0
0
0
0
0
0
0
0
0
0
0
0
0
0
0
0
0
0
0
0
0
0
0
0
0
0
0
0
0
0
0
0
0
0
0
0
0
0
0
0
0
0
0
0
0
0
0
0
0
0
0
0
0
0
0
0
0
0
0
0
0
0
0
0
0
0
0
0
0
0
0
0
0
0
0
0
0
0
0
0
0
0
0
0
0
0
0
0
0
0
0
0
0
0
0
0
0
0
0
0
0
0
0
0
0
0
0
0
0
0
0
0
0
0
0
0
0
0
0
0
0
0
0
0
0
0
0
0
0
0
0
0
0
0
0
0
0
0
0
0
0
0
0
0
0
0
0
0
0
0
0
0
0
0
0
0
0
0
0
0
0
0
0
0
0
0
0
0
0
0
0
0
0
0
0
0
0
0
0
0
0
0
0
0
0
0
0
0
0
0
0
0
0
0
0
0
0
0
0
0
0
0
0
0
0
0
0
0
0
0
0
0
0
0
0
0
0
0
0
0
0
0
0
0
0
0
0
0
0
0
0
0
0
0
0
0
0
0
0
0
0
0
0
0
0
0
0
0
0
0
0
0
0
0
0
0
0
0
0
0
0
0
0
0
0
0
0
0
0
0
0
0
0
0
0
0
0
0
0
0
0
0
0
0
0
0
0
0
0
0
0
0
0
0
0
0
0
0
0
0
0
0
0
0
0
0
0
0
0
0
0
0
0
0
0
0
0
0
0
0
0
0
0
0
0
0
0
0
0
0
0
0
0
0
0
0
0
0
0
0
0
0
0
0
0
0
0
0
0
0
0
0
0
0
0
0
0
0
0
0
0
0
0
0
0
0
0
0
0
0
0
0
0
0
0
0
0
0
0
0
0
0
0
0
0
0
0
0
0
0
0
0
0
0
0
0
0
0
0
0
0
0
0
0
0
0
0
0
0
0
0
0
0
0
0
0
0
0
0
0
0
0
0
0
0
0
0
0
0
0
0
0
0
0
0
0
0
0
0
0
0
0
0
0
0
0
0
0
0
0
0
0
0
0
0
0
0
0
0
0
0
0
0
0
0
0
0
0
0
0
0
0
0
0
0
0
0
0
0
0
0
0
0
0
0
0
0
0
0
0
0
0
0
0
0
0
0
0
0
0
0
0
0
0
0
0
0
0
0
0
0
0
0
0
0
0
0
0
0
0
0
0
0
0
0
0
0
0
0
0
0
0
0
0
0
0
0
0
0
0
0
0
0
0
0
0
0
0
0
0
0
0
0
0
0
0
0
0
0
0
0
0
0
0
0
0
0
0
0
0
0
0
0
0
0
0
0
0
0
0
0
0
0
0
0
0
0
0
0
0
0
0
0
0
0
0
0
0
0
0
0
0
0
0
0
0
0
0
0
0
0
0
0
0
0
0
0
0
0
0
0
0
0
0
0
0
0
0
0
0
0
0
0
0
0
0
0
0
0
0
0
0
0
0
0
0
0
0
0
0
0
0
0
0
0
0
0
0
0
0
0
0
0
0
0
0
0
0
0
0
0
0
0
0
0
0
0
0
0
0
0
0
0
0
0
0
0
0
0
0
0
0
0
0
0
0
0
0
0
0
0
0
0
0
0
0
0
0
0
0
0
0
0
0
0
0
0
0
0
0
0
0
0
0
0
0
0
0
0
0
0
0
0
0
0
0
0
0
0
0
0
0
0
0
0
0
0
0
0
0
0
0
0
0
0
0
0
0
0
0
0
0
0
0
0
0
0
0
0
0
0
0
0
0
0
0
0
0
0
0
0
0
0
0
0
0
0
0
0
0
0
0
0
0
0
0
0
0
0
0
0
0
0
0
0
0
0
0
0
0
0
0
0
0
0
0
0
0
0
0
0
0
0
0
0
0
0
0
0
0
0
0
0
0
0
0
0
0
0
0
0
0
0
0
0
0
0
0
0
0
0
0
0
0
0
0
0
0
0
0
0
0
0
0
0
0
0
0
0
0
0
0
0
0
0
0
0
0
0
0
0
0
0
0
0
0
0
0
0
0
0
0
0
0
0
0
0
0
0
0
0
0
0
0
0
0
0
0
0
0
0
0
0
0
0
0
0
0
0
0
0
0
0
0
0
0
0
0
0
0
0
0
0
0
0
0
0
0
0
0
0
0
0
0
0
0
0
0
0
0
0
0
0
0
0
0
0
0
0
0
0
0
0
0
0
0
0
0
0
0
0
0
0
0
0
0
0
0
0
0
0
0
0
0
0
0
0
0
0
0
0
0
0
0
0
0
0
0
0
0
0
0
0
0
0
0
0
0
0
0
0
0
0
0
0
0
0
0
0
0
0
0
0
0
0
0
0
0
0
0
0
0
0
0
0
0
0
0
0
0
0
0
0
0
0
0
0
0
0
0
0
0
0
0
0
0
0
0
0
0
0
0
0
0
0
0
0
0
0
0
0
0
0
0
0
0
0
0
0
0
0
0
0
0
0
0
0
0
0
0
0
0
0
0
0
0
0
0
0
0
0
0
0
0
0
0
0
0
0
0
0
0
0
0
0
0
0
0
0
0
0
0
0
0
0
0
0
0
0
0
0
0
0
0
0
0
0
0
0
0
0
0
0
0
0
0
0
0
0
0
0
0
0
0
0
0
0
0
0
0
0
0
0
0
0
0
0
0
0
0
0
0
0
0
0
0
0
0
0
0
0
0
0
0
0
0
0
0
0
0
0
0
0
0
0
0
0
0
0
0
0
0
0
0
0
0
0
0
0
0
0
0
0
0
0
0
0
0
0
0
0
0
0
0
0
0
0
0
0
0
0
0
0
0
0
0
0
0
0
0
0
0
0
0
0
0
0
0
0
0
0
0
0
0
0
0
0
0
0
0
0
0
0
0
0
0
0
0
0
0
0
0
0
0
0
0
0
0
0
0
0
0
0
0
0
0
0
0
0
0
0
0
0
0
0
0
0
0
0
0
0
0
0
0
0
0
0
0
