0
0
0
0
0
0
0
0
0
0
0
0
0
0
0
0
0
0
0
0
0
0
0
0
0
0
0
0
0
0
0
0
0
0
0
0
0
0
0
0
0
0
0
0
0
0
0
0
0
0
0
0
0
0
0
0
0
0
0
0
0
0
0
0
0
0
0
0
0
0
0
0
0
0
0
0
0
0
0
0
0
0
0
0
0
0
0
0
0
0
0
0
0
0
0
0
0
0
0
0
0
0
0
0
0
0
0
0
0
0
0
0
0
0
0
0
0
0
0
0
0
0
0
0
0
0
0
0
0
0
0
0
0
0
0
0
0
0
0
0
0
0
0
0
0
0
0
0
0
0
0
0
0
0
0
0
0
0
0
0
0
0
0
0
0
0
0
0
0
0
0
0
0
0
0
0
0
0
0
0
0
0
0
0
4092
4092
0
0
0
0
0
0
0
0
0
0
0
0
0
0
4092
4092
0
0
0
0
0
0
0
0
0
0
0
0
0
0
4092
4092
0
0
0
0
0
0
4095
0
0
0
0
0
0
0
4093
4091
0
0
0
0
0
0
4095
0
0
0
0
0
0
0
4092
4090
0
0
0
0
0
0
4095
0
0
0
0
0
0
0
4093
4090
0
0
0
0
0
0
4095
2
0
0
0
0
0
0
4093
4090
0
0
0
0
0
0
4093
1
0
0
0
0
0
0
4095
4091
0
0
0
0
0
0
4091
1
0
0
0
0
0
0
2
4093
0
0
0
0
0
0
4086
4093
0
0
0
0
0
0
5
4095
0
0
0
0
0
0
4083
4090
0
0
0
0
0
0
10
3
0
0
0
0
0
0
4079
4086
0
0
0
0
0
0
16
8
0
0
0
0
0
0
4073
4081
0
0
0
0
0
0
22
15
0
0
0
0
0
0
4065
4072
0
0
0
0
0
0
29
23
0
0
0
0
0
0
4058
4063
0
0
0
0
0
0
36
30
0
0
0
0
0
0
4050
4055
0
0
0
0
0
0
43
40
0
0
0
0
0
0
4044
4045
0
0
0
0
0
0
49
50
0
0
0
0
0
0
4038
4035
0
0
0
0
0
0
55
60
0
0
0
0
0
0
4035
4028
0
0
0
0
0
0
57
67
0
0
0
0
0
0
4032
4019
0
0
0
0
0
0
58
74
0
0
0
0
0
0
4033
4015
0
0
0
0
0
0
56
78
0
0
0
0
0
0
4037
4013
0
0
0
0
0
0
50
78
0
0
0
0
0
0
4043
4012
0
0
0
0
0
0
42
76
0
0
0
0
0
0
4054
4017
0
0
0
0
0
0
31
70
0
0
0
0
0
0
4068
4025
0
0
0
0
0
0
15
61
0
0
0
0
0
0
4085
4037
0
0
0
0
0
0
4091
46
0
0
0
0
0
0
11
4054
0
0
0
0
0
0
4068
27
0
0
0
0
0
0
36
4076
0
0
0
0
0
0
4043
4
0
0
0
0
0
0
61
5
0
0
0
0
0
0
4015
4073
0
0
0
0
0
0
87
32
0
0
0
0
0
0
3988
4044
0
0
0
0
0
0
116
65
0
0
0
0
0
0
3959
4011
0
0
0
0
0
0
146
97
0
0
0
0
0
0
3931
3976
0
0
0
0
0
0
172
132
0
0
0
0
0
0
3907
3942
0
0
0
0
0
0
196
166
0
0
0
0
0
0
3885
3909
0
0
0
0
0
0
214
197
0
0
0
0
0
0
3868
3877
0
0
0
0
0
0
231
228
0
0
0
0
0
0
3856
3851
0
0
0
0
0
0
238
253
0
0
0
0
0
0
3851
3828
0
0
0
0
0
0
238
272
0
0
0
0
0
0
3853
3812
0
0
0
0
0
0
231
283
0
0
0
0
0
0
3867
3805
0
0
0
0
0
0
215
286
0
0
0
0
0
0
3887
3806
0
0
0
0
0
0
189
280
0
0
0
0
0
0
3916
3816
0
0
0
0
0
0
156
265
0
0
0
0
0
0
3955
3838
0
0
0
0
0
0
114
239
0
0
0
0
0
0
4001
3869
0
0
0
0
0
0
63
202
0
0
0
0
0
0
4055
3910
0
0
0
0
0
0
5
155
0
0
0
0
0
0
20
3963
0
0
0
0
0
0
4039
98
0
0
0
0
0
0
86
4024
0
0
0
0
0
0
3972
34
0
0
0
0
0
0
154
4094
0
0
0
0
0
0
3902
4058
0
0
0
0
0
0
223
71
0
0
0
0
0
0
3833
3981
0
0
0
0
0
0
290
149
0
0
0
0
0
0
3765
3900
0
0
0
0
0
0
356
230
0
0
0
0
0
0
3704
3821
0
0
0
0
0
0
414
309
0
0
0
0
0
0
3650
3744
0
0
0
0
0
0
464
385
0
0
0
0
0
0
3605
3669
0
0
0
0
0
0
503
454
0
0
0
0
0
0
3573
3605
0
0
0
0
0
0
529
515
0
0
0
0
0
0
3552
3548
0
0
0
0
0
0
541
564
0
0
0
0
0
0
3549
3507
0
0
0
0
0
0
538
601
0
0
0
0
0
0
3562
3480
0
0
0
0
0
0
516
619
0
0
0
0
0
0
3592
3469
0
0
0
0
0
0
477
620
0
0
0
0
0
0
3639
3477
0
0
0
0
0
0
421
601
0
0
0
0
0
0
3705
3506
0
0
0
0
0
0
347
565
0
0
0
0
0
0
3785
3553
0
0
0
0
0
0
260
507
0
0
0
0
0
0
3881
3620
0
0
0
0
0
0
156
431
0
0
0
0
0
0
3989
3705
0
0
0
0
0
0
42
335
0
0
0
0
0
0
11
3809
0
0
0
0
0
0
4016
224
0
0
0
0
0
0
137
3927
0
0
0
0
0
0
3889
99
0
0
0
0
0
0
267
4058
0
0
0
0
0
0
3760
4060
0
0
0
0
0
0
393
100
0
0
0
0
0
0
3634
3918
0
0
0
0
0
0
518
247
0
0
0
0
0
0
3513
3771
0
0
0
0
0
0
632
390
0
0
0
0
0
0
3404
3628
0
0
0
0
0
0
736
532
0
0
0
0
0
0
3309
3490
0
0
0
0
0
0
823
666
0
0
0
0
0
0
3232
3363
0
0
0
0
0
0
888
787
0
0
0
0
0
0
3177
3249
0
0
0
0
0
0
931
890
0
0
0
0
0
0
3147
3156
0
0
0
0
0
0
950
974
0
0
0
0
0
0
3142
3085
0
0
0
0
0
0
940
1031
0
0
0
0
0
0
3166
3040
0
0
0
0
0
0
902
1062
0
0
0
0
0
0
3219
3025
0
0
0
0
0
0
835
1061
0
0
0
0
0
0
3299
3041
0
0
0
0
0
0
740
1030
0
0
0
0
0
0
3409
3090
0
0
0
0
0
0
617
966
0
0
0
0
0
0
3544
3169
0
0
0
0
0
0
470
870
0
0
0
0
0
0
3701
3280
0
0
0
0
0
0
303
744
0
0
0
0
0
0
3878
3421
0
0
0
0
0
0
120
592
0
0
0
0
0
0
4068
3586
0
0
0
0
0
0
4020
412
0
0
0
0
0
0
173
3776
0
0
0
0
0
0
3816
212
0
0
0
0
0
0
376
3983
0
0
0
0
0
0
3612
4095
0
0
0
0
0
0
577
106
0
0
0
0
0
0
3414
3871
0
0
0
0
0
0
772
333
0
0
0
0
0
0
3227
3646
0
0
0
0
0
0
951
557
0
0
0
0
0
0
3056
3422
0
0
0
0
0
0
1111
777
0
0
0
0
0
0
2910
3209
0
0
0
0
0
0
1243
982
0
0
0
0
0
0
2791
3013
0
0
0
0
0
0
1346
1167
0
0
0
0
0
0
2707
2841
0
0
0
0
0
0
1412
1324
0
0
0
0
0
0
2658
2698
0
0
0
0
0
0
1441
1451
0
0
0
0
0
0
2652
2590
0
0
0
0
0
0
1427
1539
0
0
0
0
0
0
2684
2522
0
0
0
0
0
0
1373
1586
0
0
0
0
0
0
2761
2498
0
0
0
0
0
0
1274
1587
0
0
0
0
0
0
2879
2518
0
0
0
0
0
0
1137
1544
0
0
0
0
0
0
3037
2586
0
0
0
0
0
0
958
1452
0
0
0
0
0
0
3233
2700
0
0
0
0
0
0
748
1316
0
0
0
0
0
0
3458
2858
0
0
0
0
0
0
509
1137
0
0
0
0
0
0
3711
3058
0
0
0
0
0
0
243
917
0
0
0
0
0
0
3986
3297
0
0
0
0
0
0
4057
662
0
0
0
0
0
0
175
3565
0
0
0
0
0
0
3769
381
0
0
0
0
0
0
467
3858
0
0
0
0
0
0
3478
77
0
0
0
0
0
0
753
73
0
0
0
0
0
0
3195
3857
0
0
0
0
0
0
1029
391
0
0
0
0
0
0
2930
3538
0
0
0
0
0
0
1284
710
0
0
0
0
0
0
2689
3225
0
0
0
0
0
0
1508
1016
0
0
0
0
0
0
2480
2926
0
0
0
0
0
0
1699
1306
0
0
0
0
0
0
2312
2650
0
0
0
0
0
0
1844
1566
0
0
0
0
0
0
2190
2409
0
0
0
0
0
0
1941
1787
0
0
0
0
0
0
2120
2208
0
0
0
0
0
0
1985
1964
0
0
0
0
0
0
2103
2054
0
0
0
0
0
0
1974
2092
0
0
0
0
0
0
2144
1956
0
0
0
0
0
0
1904
2162
0
0
0
0
0
0
2241
1916
0
0
0
0
0
0
1777
2171
0
0
0
0
0
0
2395
1936
0
0
0
0
0
0
1597
2119
0
0
0
0
0
0
2604
2022
0
0
0
0
0
0
1363
2002
0
0
0
0
0
0
2860
2168
0
0
0
0
0
0
1084
1827
0
0
0
0
0
0
3159
2373
0
0
0
0
0
0
767
1592
0
0
0
0
0
0
3494
2635
0
0
0
0
0
0
417
1306
0
0
0
0
0
0
3856
2946
0
0
0
0
0
0
45
973
0
0
0
0
0
0
139
3298
0
0
0
0
0
0
3759
603
0
0
0
0
0
0
524
3682
0
0
0
0
0
0
3376
207
0
0
0
0
0
0
904
4090
0
0
0
0
0
0
3001
3888
0
0
0
0
0
0
1268
412
0
0
0
0
0
0
2650
3469
0
0
0
0
0
0
1603
828
0
0
0
0
0
0
2330
3058
0
0
0
0
0
0
1903
1231
0
0
0
0
0
0
2052
2665
0
0
0
0
0
0
2156
1610
0
0
0
0
0
0
1827
2304
0
0
0
0
0
0
2354
1953
0
0
0
0
0
0
1660
1983
0
0
0
0
0
0
2488
2248
0
0
0
0
0
0
1559
1716
0
0
0
0
0
0
2554
2483
0
0
0
0
0
0
1529
1511
0
0
0
0
0
0
2549
2655
0
0
0
0
0
0
1570
1374
0
0
0
0
0
0
2470
2755
0
0
0
0
0
0
1684
1312
0
0
0
0
0
0
2320
2779
0
0
0
0
0
0
1871
1329
0
0
0
0
0
0
2097
2722
0
0
0
0
0
0
2125
1424
0
0
0
0
0
0
1812
2588
0
0
0
0
0
0
2442
1597
0
0
0
0
0
0
1467
2374
0
0
0
0
0
0
2814
1847
0
0
0
0
0
0
1073
2091
0
0
0
0
0
0
3231
2168
0
0
0
0
0
0
639
1738
0
0
0
0
0
0
3680
2549
0
0
0
0
0
0
176
1330
0
0
0
0
0
0
55
2982
0
0
0
0
0
0
3795
874
0
0
0
0
0
0
535
3456
0
0
0
0
0
0
3315
384
0
0
0
0
0
0
1009
3960
0
0
0
0
0
0
2849
3968
0
0
0
0
0
0
1464
381
0
0
0
0
0
0
2407
3449
0
0
0
0
0
0
1889
899
0
0
0
0
0
0
2006
2938
0
0
0
0
0
0
2267
1401
0
0
0
0
0
0
1654
2448
0
0
0
0
0
0
2587
1872
0
0
0
0
0
0
1366
1997
0
0
0
0
0
0
2841
2301
0
0
0
0
0
0
1150
1596
0
0
0
0
0
0
3018
2672
0
0
0
0
0
0
1013
1257
0
0
0
0
0
0
3113
2974
0
0
0
0
0
0
961
994
0
0
0
0
0
0
3121
3197
0
0
0
0
0
0
998
815
0
0
0
0
0
0
3039
3331
0
0
0
0
0
0
1123
723
0
0
0
0
0
0
2872
3377
0
0
0
0
0
0
1335
727
0
0
0
0
0
0
2616
3324
0
0
0
0
0
0
1631
828
0
0
0
0
0
0
2284
3176
0
0
0
0
0
0
2000
1023
0
0
0
0
0
0
1879
2936
0
0
0
0
0
0
2436
1308
0
0
0
0
0
0
1412
2606
0
0
0
0
0
0
2569
1978
0
0
0
0
0
0
1264
1901
0
0
0
0
0
0
3095
2419
0
0
0
0
0
0
716
1423
0
0
0
0
0
0
3406
2269
0
0
0
0
0
0
376
1550
0
0
0
0
0
0
4000
2825
0
0
0
0
0
0
2577
1578
0
0
0
0
0
0
1803
2826
0
0
0
0
0
0
2009
958
0
0
0
0
0
0
2955
3796
0
0
0
0
0
0
10
2750
0
0
0
0
0
0
185
1655
0
0
0
0
0
0
3669
2135
0
0
0
0
0
0
641
2252
0
0
0
0
0
0
471
67
0
0
0
0
0
0
3792
141
0
0
0
0
0
0
128
3683
0
0
0
0
0
0
11
655
0
0
0
0
0
0
3954
3201
0
0
0
0
0
0
3455
3877
0
0
0
0
0
0
363
77
0
0
0
0
0
0
3779
92
0
0
0
0
0
0
283
3847
0
0
0
0
0
0
3806
369
0
0
0
0
0
0
182
402
0
0
0
0
0
0
3857
3810
0
0
0
0
0
0
311
233
0
0
0
0
0
0
3677
3880
0
0
0
0
0
0
841
284
0
0
0
0
0
0
3100
3767
0
0
0
0
0
0
1311
334
0
0
0
0
0
0
2579
3663
0
0
0
0
0
0
1368
844
0
0
0
0
0
0
2490
3106
0
0
0
0
0
0
1853
1152
0
0
0
0
0
0
1839
2746
0
0
0
0
0
0
1926
1202
0
0
0
0
0
0
1848
2654
0
0
0
0
0
0
2548
1693
0
0
0
0
0
0
1225
2117
0
0
0
0
0
0
2885
2197
0
0
0
0
0
0
3645
2192
0
0
0
0
0
0
783
2233
0
0
0
0
0
0
2981
1524
0
0
0
0
0
0
1431
2906
0
0
0
0
0
0
1103
3910
0
0
0
0
0
0
3256
544
0
0
0
0
0
0
532
3196
0
0
0
0
0
0
3845
1243
0
0
0
0
0
0
4066
1624
0
0
0
0
0
0
885
3117
0
0
0
0
0
0
2978
636
0
0
0
0
0
0
1329
3772
0
0
0
0
0
0
2561
12
0
0
0
0
0
0
1700
268
0
0
0
0
0
0
3411
2990
0
0
0
0
0
0
791
1337
0
0
0
0
0
0
3202
2525
0
0
0
0
0
0
956
1768
0
0
0
0
0
0
3844
3466
0
0
0
0
0
0
300
766
0
0
0
0
0
0
3805
3197
0
0
0
0
0
0
236
985
0
0
0
0
0
0
133
3105
0
0
0
0
0
0
3856
137
0
0
0
0
0
0
362
3900
0
0
0
0
0
0
3563
161
0
0
0
0
0
0
709
3984
0
0
0
0
0
0
3526
3810
0
0
0
0
0
0
789
393
0
0
0
0
0
0
2891
3595
0
0
0
0
0
0
1474
673
0
0
0
0
0
0
2925
3567
0
0
0
0
0
0
1489
745
0
0
0
0
0
0
2274
3088
0
0
0
0
0
0
2278
1278
0
0
0
0
0
0
140
3116
0
0
0
0
0
0
218
1307
0
0
0
0
0
0
3510
2444
0
0
0
0
0
0
638
1927
0
0
0
0
0
0
3083
1801
0
0
0
0
0
0
2242
3985
0
0
0
0
0
0
1538
3809
0
0
0
0
0
0
2895
664
0
0
0
0
0
0
500
3338
0
0
0
0
0
0
3919
2017
0
0
0
0
0
0
3960
1737
0
0
0
0
0
0
420
2727
0
0
0
0
0
0
3398
995
0
0
0
0
0
0
1545
3806
0
0
0
0
0
0
2331
4032
0
0
0
0
0
0
2107
332
0
0
0
0
0
0
1806
3451
0
0
0
0
0
0
2427
920
0
0
0
0
0
0
2867
2302
0
0
0
0
0
0
1421
2003
0
0
0
0
0
0
2611
1878
0
0
0
0
0
0
1503
2389
0
0
0
0
0
0
3469
2876
0
0
0
0
0
0
624
1318
0
0
0
0
0
0
3835
2754
0
0
0
0
0
0
156
1382
0
0
0
0
0
0
4065
2690
0
0
0
0
0
0
3959
507
0
0
0
0
0
0
4057
3888
0
0
0
0
0
0
3915
122
0
0
0
0
0
0
416
4083
0
0
0
0
0
0
3404
3954
0
0
0
0
0
0
976
315
0
0
0
0
0
0
3258
3969
0
0
0
0
0
0
1175
354
0
0
0
0
0
0
2568
3470
0
0
0
0
0
0
1882
911
0
0
0
0
0
0
390
3473
0
0
0
0
0
0
4089
970
0
0
0
0
0
0
3711
2765
0
0
0
0
0
0
766
1697
0
0
0
0
0
0
2057
686
0
0
0
0
0
0
2072
3742
0
0
0
0
0
0
1631
4041
0
0
0
0
0
0
2831
458
0
0
0
0
0
0
895
3218
0
0
0
0
0
0
3543
2159
0
0
0
0
0
0
3950
1867
0
0
0
0
0
0
464
2630
0
0
0
0
0
0
3328
1065
0
0
0
0
0
0
1035
3407
0
0
0
0
0
0
2047
4
0
0
0
0
0
0
2252
349
0
0
0
0
0
0
1640
3408
0
0
0
0
0
0
2613
988
0
0
0
0
0
0
1338
2816
0
0
0
0
0
0
1656
2137
0
0
0
0
0
0
2373
1737
0
0
0
0
0
0
1756
2553
0
0
0
0
0
0
2328
1368
0
0
0
0
0
0
554
1466
0
0
0
0
0
0
3545
2536
0
0
0
0
0
0
447
1620
0
0
0
0
0
0
3765
2435
0
0
0
0
0
0
164
1650
0
0
0
0
0
0
3757
3656
0
0
0
0
0
0
125
410
0
0
0
0
0
0
115
3788
0
0
0
0
0
0
3700
157
0
0
0
0
0
0
685
12
0
0
0
0
0
0
3693
132
0
0
0
0
0
0
899
46
0
0
0
0
0
0
2833
3774
0
0
0
0
0
0
1625
608
0
0
0
0
0
0
756
3766
0
0
0
0
0
0
3861
677
0
0
0
0
0
0
3926
3047
0
0
0
0
0
0
567
1422
0
0
0
0
0
0
3116
2270
0
0
0
0
0
0
2254
3551
0
0
0
0
0
0
1783
177
0
0
0
0
0
0
2702
235
0
0
0
0
0
0
1004
3425
0
0
0
0
0
0
3452
1969
0
0
0
0
0
0
4021
2039
0
0
0
0
0
0
411
2473
0
0
0
0
0
0
3361
1202
0
0
0
0
0
0
1019
3287
0
0
0
0
0
0
2799
415
0
0
0
0
0
0
2287
257
0
0
0
0
0
0
1601
3472
0
0
0
0
0
0
2671
945
0
0
0
0
0
0
1265
2841
0
0
0
0
0
0
3069
1523
0
0
0
0
0
0
2257
1709
0
0
0
0
0
0
1873
2582
0
0
0
0
0
0
2194
1319
0
0
0
0
0
0
1879
2922
0
0
0
0
0
0
3437
2440
0
0
0
0
0
0
618
1718
0
0
0
0
0
0
3587
2323
0
0
0
0
0
0
351
1776
0
0
0
0
0
0
3560
2638
0
0
0
0
0
0
323
513
0
0
0
0
0
0
4003
3623
0
0
0
0
0
0
3913
331
0
0
0
0
0
0
467
3924
0
0
0
0
0
0
3911
324
0
0
0
0
0
0
680
3941
0
0
0
0
0
0
3052
3980
0
0
0
0
0
0
1408
398
0
0
0
0
0
0
972
3982
0
0
0
0
0
0
3520
460
0
0
0
0
0
0
39
3270
0
0
0
0
0
0
360
1199
0
0
0
0
0
0
3316
2493
0
0
0
0
0
0
2058
3327
0
0
0
0
0
0
1971
400
0
0
0
0
0
0
2521
16
0
0
0
0
0
0
1176
3641
0
0
0
0
0
0
3290
1758
0
0
0
0
0
0
437
1947
0
0
0
0
0
0
261
2269
0
0
0
0
0
0
3494
1396
0
0
0
0
0
0
897
3100
0
0
0
0
0
0
2908
592
0
0
0
0
0
0
1583
3826
0
0
0
0
0
0
1671
3637
0
0
0
0
0
0
2599
795
0
0
0
0
0
0
1324
2979
0
0
0
0
0
0
2897
1398
0
0
0
0
0
0
2288
1824
0
0
0
0
0
0
1855
2480
0
0
0
0
0
0
2200
1409
0
0
0
0
0
0
1886
2845
0
0
0
0
0
0
2538
1178
0
0
0
0
0
0
606
1678
0
0
0
0
0
0
3539
2359
0
0
0
0
0
0
412
1755
0
0
0
0
0
0
3843
2343
0
0
0
0
0
0
403
519
0
0
0
0
0
0
3902
3601
0
0
0
0
0
0
4024
369
0
0
0
0
0
0
345
3872
0
0
0
0
0
0
4044
388
0
0
0
0
0
0
383
3909
0
0
0
0
0
0
3209
4076
0
0
0
0
0
0
1240
290
0
0
0
0
0
0
2471
3498
0
0
0
0
0
0
3327
310
0
0
0
0
0
0
230
3419
0
0
0
0
0
0
162
1039
0
0
0
0
0
0
3522
2665
0
0
0
0
0
0
971
1821
0
0
0
0
0
0
1838
534
0
0
0
0
0
0
2299
3915
0
0
0
0
0
0
1395
3850
0
0
0
0
0
0
3069
664
0
0
0
0
0
0
656
2123
0
0
0
0
0
0
39
2041
0
0
0
0
0
0
3713
1630
0
0
0
0
0
0
682
2864
0
0
0
0
0
0
3124
833
0
0
0
0
0
0
1223
3632
0
0
0
0
0
0
1876
3885
0
0
0
0
0
0
2402
554
0
0
0
0
0
0
1513
3219
0
0
0
0
0
0
2719
1161
0
0
0
0
0
0
2457
2056
0
0
0
0
0
0
1698
2253
0
0
0
0
0
0
2345
1629
0
0
0
0
0
0
1754
2632
0
0
0
0
0
0
2355
1314
0
0
0
0
0
0
499
1490
0
0
0
0
0
0
3627
2540
0
0
0
0
0
0
342
1588
0
0
0
0
0
0
3897
2497
0
0
0
0
0
0
9
681
0
0
0
0
0
0
3929
3729
0
0
0
0
0
0
4025
264
0
0
0
0
0
0
324
3958
0
0
0
0
0
0
3479
4060
0
0
0
0
0
0
310
3964
0
0
0
0
0
0
3287
4048
0
0
0
0
0
0
1143
297
0
0
0
0
0
0
2589
3511
0
0
0
0
0
0
1869
882
0
0
0
0
0
0
395
3487
0
0
0
0
0
0
4087
963
0
0
0
0
0
0
3711
2765
0
0
0
0
0
0
766
1701
0
0
0
0
0
0
2937
2000
0
0
0
0
0
0
2109
3742
0
0
0
0
0
0
1646
4032
0
0
0
0
0
0
2807
460
0
0
0
0
0
0
929
3221
0
0
0
0
0
0
3853
1847
0
0
0
0
0
0
4004
1885
0
0
0
0
0
0
385
2593
0
0
0
0
0
0
3426
1120
0
0
0
0
0
0
920
3335
0
0
0
0
0
0
2331
46
0
0
0
0
0
0
2097
235
0
0
0
0
0
0
1815
3544
0
0
0
0
0
0
2421
831
0
0
0
0
0
0
2875
2390
0
0
0
0
0
0
1288
1917
0
0
0
0
0
0
2620
1968
0
0
0
0
0
0
1490
2299
0
0
0
0
0
0
2607
1644
0
0
0
0
0
0
565
1236
0
0
0
0
0
0
3848
2850
0
0
0
0
0
0
143
1285
0
0
0
0
0
0
4077
2790
0
0
0
0
0
0
3948
405
0
0
0
0
0
0
325
3686
0
0
0
0
0
0
3907
18
0
0
0
0
0
0
409
84
0
0
0
0
0
0
3419
3861
0
0
0
0
0
0
950
403
0
0
0
0
0
0
2690
3534
0
0
0
0
0
0
1109
429
0
0
0
0
0
0
2637
3413
0
0
0
0
0
0
1790
952
0
0
0
0
0
0
1824
2843
0
0
0
0
0
0
3942
955
0
0
0
0
0
0
3871
2786
0
0
0
0
0
0
578
1649
0
0
0
0
0
0
3451
2151
0
0
0
0
0
0
999
2302
0
0
0
0
0
0
1863
91
0
0
0
0
0
0
2523
287
0
0
0
0
0
0
1234
3424
0
0
0
0
0
0
3531
739
0
0
0
0
0
0
248
2975
0
0
0
0
0
0
29
2354
0
0
0
0
0
0
3795
1426
0
0
0
0
0
0
1146
3362
0
0
0
0
0
0
2737
392
0
0
0
0
0
0
1551
4008
0
0
0
0
0
0
2367
3885
0
0
0
0
0
0
2018
426
0
0
0
0
0
0
3275
2805
0
0
0
0
0
0
893
1495
0
0
0
0
0
0
3134
2394
0
0
0
0
0
0
1112
1864
0
0
0
0
0
0
3852
3402
0
0
0
0
0
0
258
792
0
0
0
0
0
0
3886
3210
0
0
0
0
0
0
122
934
0
0
0
0
0
0
281
4074
0
0
0
0
0
0
3677
53
0
0
0
0
0
0
574
4070
0
0
0
0
0
0
3330
4050
0
0
0
0
0
0
967
132
0
0
0
0
0
0
3252
3536
0
0
0
0
0
0
1227
648
0
0
0
0
0
0
2595
3265
0
0
0
0
0
0
1774
1023
0
0
0
0
0
0
2022
2845
0
0
0
0
0
0
1889
1127
0
0
0
0
0
0
1870
2705
0
0
0
0
0
0
2537
1664
0
0
0
0
0
0
1228
2130
0
0
0
0
0
0
2886
2198
0
0
0
0
0
0
3644
2183
0
0
0
0
0
0
777
2248
0
0
0
0
0
0
2994
1506
0
0
0
0
0
0
1406
2921
0
0
0
0
0
0
1145
3902
0
0
0
0
0
0
3193
537
0
0
0
0
0
0
617
3217
0
0
0
0
0
0
3733
1200
0
0
0
0
0
0
3601
2210
0
0
0
0
0
0
700
3073
0
0
0
0
0
0
3186
765
0
0
0
0
0
0
1090
3608
0
0
0
0
0
0
65
3703
0
0
0
0
0
0
57
622
0
0
0
0
0
0
3917
3239
0
0
0
0
0
0
410
1010
0
0
0
0
0
0
394
118
0
0
0
0
0
0
3778
25
0
0
0
0
0
0
299
3926
0
0
0
0
0
0
3778
275
0
0
0
0
0
0
225
512
0
0
0
0
0
0
3800
3684
0
0
0
0
0
0
377
372
0
0
0
0
0
0
3599
3722
0
0
0
0
0
0
623
387
0
0
0
0
0
0
3009
3587
0
0
0
0
0
0
1401
529
0
0
0
0
0
0
2491
3460
0
0
0
0
0
0
1807
750
0
0
0
0
0
0
2054
3194
0
0
0
0
0
0
2402
1059
0
0
0
0
0
0
1791
2539
0
0
0
0
0
0
2554
1751
0
0
0
0
0
0
1264
2115
0
0
0
0
0
0
2803
2146
0
0
0
0
0
0
999
1694
0
0
0
0
0
0
2766
2302
0
0
0
0
0
0
667
1821
0
0
0
0
0
0
3711
2554
0
0
0
0
0
0
99
1244
0
0
0
0
0
0
167
3137
0
0
0
0
0
0
3051
301
0
0
0
0
0
0
1280
4089
0
0
0
0
0
0
1242
316
0
0
0
0
0
0
1766
585
0
0
0
0
0
0
2119
3240
0
0
0
0
0
0
2172
1121
0
0
0
0
0
0
1733
2707
0
0
0
0
0
0
2522
1631
0
0
0
0
0
0
1420
2224
0
0
0
0
0
0
2795
2086
0
0
0
0
0
0
1188
1800
0
0
0
0
0
0
2986
2474
0
0
0
0
0
0
1040
1448
0
0
0
0
0
0
3089
2788
0
0
0
0
0
0
983
1177
0
0
0
0
0
0
3103
3015
0
0
0
0
0
0
1013
993
0
0
0
0
0
0
3029
3154
0
0
0
0
0
0
1127
899
0
0
0
0
0
0
2873
3203
0
0
0
0
0
0
1322
896
0
0
0
0
0
0
2641
3161
0
0
0
0
0
0
1593
983
0
0
0
0
0
0
2337
3031
0
0
0
0
0
0
1925
1154
0
0
0
0
0
0
1975
2819
0
0
0
0
0
0
2314
1404
0
0
0
0
0
0
1565
2532
0
0
0
0
0
0
2744
1725
0
0
0
0
0
0
1119
2181
0
0
0
0
0
0
3203
2106
0
0
0
0
0
0
652
1776
0
0
0
0
0
0
3676
2532
0
0
0
0
0
0
175
1329
0
0
0
0
0
0
57
2995
0
0
0
0
0
0
3799
855
0
0
0
0
0
0
519
3478
0
0
0
0
0
0
3347
367
0
0
0
0
0
0
958
3967
0
0
0
0
0
0
2923
3974
0
0
0
0
0
0
1361
355
0
0
0
0
0
0
2544
3500
0
0
0
0
0
0
1715
816
0
0
0
0
0
0
2216
3053
0
0
0
0
0
0
2016
1245
0
0
0
0
0
0
1948
2647
0
0
0
0
0
0
2252
1629
0
0
0
0
0
0
1745
2290
0
0
0
0
0
0
2420
1959
0
0
0
0
0
0
1613
1990
0
0
0
0
0
0
2517
2226
0
0
0
0
0
0
1553
1756
0
0
0
0
0
0
2540
2425
0
0
0
0
0
0
1566
1595
0
0
0
0
0
0
2490
2549
0
0
0
0
0
0
1648
1506
0
0
0
0
0
0
2373
2599
0
0
0
0
0
0
1799
1492
0
0
0
0
0
0
2192
2577
0
0
0
0
0
0
2009
1550
0
0
0
0
0
0
1956
2484
0
0
0
0
0
0
2271
1679
0
0
0
0
0
0
1669
2322
0
0
0
0
0
0
2579
1873
0
0
0
0
0
0
1343
2098
0
0
0
0
0
0
2921
2123
0
0
0
0
0
0
988
1823
0
0
0
0
0
0
3286
2422
0
0
0
0
0
0
614
1504
0
0
0
0
0
0
3665
2759
0
0
0
0
0
0
234
1151
0
0
0
0
0
0
4046
3124
0
0
0
0
0
0
3952
775
0
0
0
0
0
0
322
3508
0
0
0
0
0
0
3588
387
0
0
0
0
0
0
674
3897
0
0
0
0
0
0
3250
4095
0
0
0
0
0
0
997
185
0
0
0
0
0
0
2943
3718
0
0
0
0
0
0
1284
553
0
0
0
0
0
0
2679
3363
0
0
0
0
0
0
1526
894
0
0
0
0
0
0
2460
3036
0
0
0
0
0
0
1720
1202
0
0
0
0
0
0
2294
2749
0
0
0
0
0
0
1859
1466
0
0
0
0
0
0
2183
2510
0
0
0
0
0
0
1943
1682
0
0
0
0
0
0
2129
2321
0
0
0
0
0
0
1967
1843
0
0
0
0
0
0
2130
2186
0
0
0
0
0
0
1937
1949
0
0
0
0
0
0
2188
2110
0
0
0
0
0
0
1854
1997
0
0
0
0
0
0
2297
2091
0
0
0
0
0
0
1720
1986
0
0
0
0
0
0
2453
2131
0
0
0
0
0
0
1543
1920
0
0
0
0
0
0
2648
2222
0
0
0
0
0
0
1329
1803
0
0
0
0
0
0
2881
2364
0
0
0
0
0
0
1083
1638
0
0
0
0
0
0
3137
2549
0
0
0
0
0
0
815
1434
0
0
0
0
0
0
3413
2770
0
0
0
0
0
0
534
1196
0
0
0
0
0
0
3699
3023
0
0
0
0
0
0
245
932
0
0
0
0
0
0
3987
3298
0
0
0
0
0
0
4058
650
0
0
0
0
0
0
171
3584
0
0
0
0
0
0
3782
360
0
0
0
0
0
0
438
3876
0
0
0
0
0
0
3528
71
0
0
0
0
0
0
681
67
0
0
0
0
0
0
3297
3884
0
0
0
0
0
0
898
342
0
0
0
0
0
0
3097
3618
0
0
0
0
0
0
1080
596
0
0
0
0
0
0
2930
3373
0
0
0
0
0
0
1226
826
0
0
0
0
0
0
2804
3161
0
0
0
0
0
0
1334
1024
0
0
0
0
0
0
2720
2981
0
0
0
0
0
0
1397
1184
0
0
0
0
0
0
2676
2839
0
0
0
0
0
0
1422
1307
0
0
0
0
0
0
2673
2738
0
0
0
0
0
0
1404
1388
0
0
0
0
0
0
2710
2679
0
0
0
0
0
0
1347
1426
0
0
0
0
0
0
2785
2661
0
0
0
0
0
0
1255
1422
0
0
0
0
0
0
2894
2684
0
0
0
0
0
0
1131
1379
0
0
0
0
0
0
3031
2747
0
0
0
0
0
0
980
1298
0
0
0
0
0
0
3195
2845
0
0
0
0
0
0
807
1185
0
0
0
0
0
0
3376
2973
0
0
0
0
0
0
619
1042
0
0
0
0
0
0
3570
3129
0
0
0
0
0
0
419
875
0
0
0
0
0
0
3770
3304
0
0
0
0
0
0
220
693
0
0
0
0
0
0
3970
3494
0
0
0
0
0
0
20
496
0
0
0
0
0
0
70
3694
0
0
0
0
0
0
3927
296
0
0
0
0
0
0
253
3893
0
0
0
0
0
0
3749
96
0
0
0
0
0
0
423
4092
0
0
0
0
0
0
3589
3998
0
0
0
0
0
0
572
184
0
0
0
0
0
0
3452
3818
0
0
0
0
0
0
699
361
0
0
0
0
0
0
3337
3650
0
0
0
0
0
0
799
516
0
0
0
0
0
0
3251
3504
0
0
0
0
0
0
873
649
0
0
0
0
0
0
3192
3383
0
0
0
0
0
0
916
758
0
0
0
0
0
0
3162
3287
0
0
0
0
0
0
934
842
0
0
0
0
0
0
3159
3218
0
0
0
0
0
0
924
897
0
0
0
0
0
0
3183
3177
0
0
0
0
0
0
885
921
0
0
0
0
0
0
3233
3166
0
0
0
0
0
0
825
920
0
0
0
0
0
0
3303
3182
0
0
0
0
0
0
745
892
0
0
0
0
0
0
3393
3221
0
0
0
0
0
0
648
841
0
0
0
0
0
0
3497
3284
0
0
0
0
0
0
538
768
0
0
0
0
0
0
3613
3366
0
0
0
0
0
0
416
676
0
0
0
0
0
0
3735
3465
0
0
0
0
0
0
292
571
0
0
0
0
0
0
3861
3575
0
0
0
0
0
0
165
456
0
0
0
0
0
0
3987
3695
0
0
0
0
0
0
42
334
0
0
0
0
0
0
13
3818
0
0
0
0
0
0
4021
211
0
0
0
0
0
0
126
3943
0
0
0
0
0
0
3912
86
0
0
0
0
0
0
229
4064
0
0
0
0
0
0
3815
4065
0
0
0
0
0
0
319
81
0
0
0
0
0
0
3731
3954
0
0
0
0
0
0
394
187
0
0
0
0
0
0
3665
3856
0
0
0
0
0
0
454
279
0
0
0
0
0
0
3613
3770
0
0
0
0
0
0
496
358
0
0
0
0
0
0
3580
3699
0
0
0
0
0
0
520
421
0
0
0
0
0
0
3564
3645
0
0
0
0
0
0
529
467
0
0
0
0
0
0
3563
3607
0
0
0
0
0
0
520
497
0
0
0
0
0
0
3579
3586
0
0
0
0
0
0
498
509
0
0
0
0
0
0
3608
3580
0
0
0
0
0
0
462
507
0
0
0
0
0
0
3649
3591
0
0
0
0
0
0
416
490
0
0
0
0
0
0
3700
3615
0
0
0
0
0
0
360
458
0
0
0
0
0
0
3760
3651
0
0
0
0
0
0
301
418
0
0
0
0
0
0
3823
3698
0
0
0
0
0
0
233
366
0
0
0
0
0
0
3889
3752
0
0
0
0
0
0
167
310
0
0
0
0
0
0
3958
3812
0
0
0
0
0
0
100
247
0
0
0
0
0
0
4022
3875
0
0
0
0
0
0
35
184
0
0
0
0
0
0
4086
3941
0
0
0
0
0
0
4072
119
0
0
0
0
0
0
48
4005
0
0
0
0
0
0
4016
56
0
0
0
0
0
0
99
4065
0
0
0
0
0
0
3970
4093
0
0
0
0
0
0
142
25
0
0
0
0
0
0
3930
4040
0
0
0
0
0
0
176
76
0
0
0
0
0
0
3899
3994
0
0
0
0
0
0
203
117
0
0
0
0
0
0
3878
3955
0
0
0
0
0
0
220
153
0
0
0
0
0
0
3865
3924
0
0
0
0
0
0
229
180
0
0
0
0
0
0
3860
3901
0
0
0
0
0
0
229
198
0
0
0
0
0
0
3864
3887
0
0
0
0
0
0
223
209
0
0
0
0
0
0
3873
3880
0
0
0
0
0
0
210
211
0
0
0
0
0
0
3889
3881
0
0
0
0
0
0
192
207
0
0
0
0
0
0
3908
3889
0
0
0
0
0
0
170
196
0
0
0
0
0
0
3933
3902
0
0
0
0
0
0
145
182
0
0
0
0
0
0
3959
3919
0
0
0
0
0
0
120
162
0
0
0
0
0
0
3985
3941
0
0
0
0
0
0
92
140
0
0
0
0
0
0
4014
3963
0
0
0
0
0
0
65
115
0
0
0
0
0
0
4040
3989
0
0
0
0
0
0
40
90
0
0
0
0
0
0
4064
4013
0
0
0
0
0
0
15
66
0
0
0
0
0
0
4086
4037
0
0
0
0
0
0
4091
41
0
0
0
0
0
0
9
4059
0
0
0
0
0
0
4073
20
0
0
0
0
0
0
26
4081
0
0
0
0
0
0
4059
1
0
0
0
0
0
0
37
1
0
0
0
0
0
0
4048
4082
0
0
0
0
0
0
46
16
0
0
0
0
0
0
4042
4070
0
0
0
0
0
0
51
26
0
0
0
0
0
0
4039
4060
0
0
0
0
0
0
54
36
0
0
0
0
0
0
4038
4053
0
0
0
0
0
0
53
41
0
0
0
0
0
0
4038
4049
0
0
0
0
0
0
50
42
0
0
0
0
0
0
4041
4048
0
0
0
0
0
0
47
43
0
0
0
0
0
0
4048
4049
0
0
0
0
0
0
41
41
0
0
0
0
0
0
4054
4054
0
0
0
0
0
0
34
36
0
0
0
0
0
0
4059
4056
0
0
0
0
0
0
28
32
0
0
0
0
0
0
4066
4061
0
0
0
0
0
0
21
27
0
0
0
0
0
0
4072
4067
0
0
0
0
0
0
15
21
0
0
0
0
0
0
4078
4073
0
0
0
0
0
0
10
15
0
0
0
0
0
0
4083
4078
0
0
0
0
0
0
4
11
0
0
0
0
0
0
4089
4083
0
0
0
0
0
0
3
6
0
0
0
0
0
0
4091
4088
0
0
0
0
0
0
0
3
0
0
0
0
0
0
4093
4090
0
0
0
0
0
0
4095
2
0
0
0
0
0
0
4094
4091
0
0
0
0
0
0
4093
0
0
0
0
0
0
0
4094
4094
0
0
0
0
0
0
4093
4094
0
0
0
0
0
0
4094
4094
0
0
0
0
0
0
4092
4093
0
0
0
0
0
0
4095
4095
0
0
0
0
0
0
4092
4093
0
0
0
0
0
0
4095
4095
0
0
0
0
0
0
4092
4093
0
0
0
0
0
0
4095
0
0
0
0
0
0
0
4094
4095
0
0
0
0
0
0
4095
0
0
0
0
0
0
0
0
0
0
0
0
0
0
0
0
4095
0
0
0
0
0
0
4095
4095
0
0
0
0
0
0
4095
0
0
0
0
0
0
0
0
0
0
0
0
0
0
0
0
0
0
0
0
0
0
0
0
0
0
0
0
0
0
0
0
0
0
0
0
0
0
0
0
0
0
0
0
0
0
0
0
0
0
0
0
0
0
0
0
0
0
0
0
0
0
0
0
0
0
0
0
0
0
0
0
0
0
0
0
0
0
0
0
0
0
0
0
0
0
0
0
0
0
0
0
0
0
0
0
0
0
0
0
0
0
0
0
0
0
0
0
0
0
0
0
0
0
0
0
0
0
0
0
0
0
0
0
0
0
0
0
0
0
0
0
0
0
0
0
0
0
0
0
0
0
0
0
0
0
0
0
0
0
0
0
0
0
0
0
0
0
0
0
0
0
0
0
0
0
0
0
0
0
0
0
0
0
0
0
0
0
0
0
0
0
0
0
0
0
0
0
0
0
0
0
0
0
0
0
0
0
0
0
0
0
0
0
0
0
0
0
0
0
0
0
0
0
0
0
0
0
0
0
0
0
0
0
0
0
0
0
0
0
0
0
0
0
0
0
0
0
0
0
0
0
0
0
0
0
0
0
0
0
0
0
0
0
0
0
0
0
0
0
0
0
0
0
0
0
0
0
0
0
0
0
0
0
0
0
0
0
0
0
0
0
0
0
0
0
0
0
0
0
0
0
0
0
0
0
0
0
0
0
0
0
0
0
0
0
0
0
0
0
0
0
0
0
0
0
0
0
0
0
0
0
0
0
0
0
0
0
0
0
0
0
0
0
0
0
0
0
0
0
0
0
0
0
0
0
0
0
0
0
0
0
0
0
0
0
0
0
0
0
0
0
0
0
0
0
0
0
0
0
0
0
0
0
0
0
0
0
0
0
0
0
0
0
0
0
0
0
0
0
0
0
0
0
0
0
0
0
0
0
0
0
0
0
0
0
0
0
0
0
0
0
0
0
0
0
0
0
0
0
0
0
0
0
0
0
0
0
0
0
0
0
0
0
0
0
0
0
0
0
0
0
0
0
0
0
0
0
0
0
0
0
0
0
0
0
0
0
0
0
0
0
0
0
0
0
0
0
0
0
0
0
0
0
0
0
0
0
0
0
0
0
0
0
0
0
0
0
0
0
0
0
0
0
0
0
0
0
0
0
0
0
0
0
0
0
0
0
0
0
0
0
0
0
0
0
0
0
0
0
0
0
0
0
0
0
0
0
0
0
0
0
0
0
0
0
0
0
0
0
0
0
0
0
0
0
0
0
0
0
0
0
0
0
0
0
0
0
0
0
0
0
0
0
0
0
0
0
0
0
0
0
0
0
0
0
0
0
0
0
0
0
0
0
0
0
0
0
0
0
0
0
0
0
0
0
0
0
0
0
0
0
0
0
0
0
0
0
0
0
0
0
0
0
0
0
0
0
0
0
0
0
0
0
0
0
0
0
0
0
0
0
0
0
0
0
0
0
0
0
0
0
0
0
0
0
0
0
0
0
0
0
0
0
0
0
0
0
0
0
0
0
0
0
0
0
0
0
0
0
0
0
0
0
0
0
0
0
0
0
0
0
0
0
0
0
0
0
0
0
0
0
0
0
0
0
0
0
0
0
0
0
0
0
0
0
0
0
0
0
0
0
0
0
0
0
0
0
0
0
0
0
0
0
0
0
0
0
0
0
0
0
0
0
0
0
0
0
0
0
0
0
0
0
0
0
0
0
0
0
0
0
0
0
0
0
0
0
0
0
0
0
0
0
0
0
0
0
0
0
0
0
0
0
0
0
0
0
0
0
0
0
0
0
0
0
0
0
0
0
0
0
0
0
0
0
0
0
0
0
0
0
0
0
0
0
0
0
0
0
0
0
0
0
0
0
0
0
0
0
0
0
0
0
0
0
0
0
0
0
0
0
0
0
0
0
0
0
0
0
0
0
0
0
0
0
0
0
0
0
0
0
0
0
0
0
0
0
0
0
0
0
0
0
0
0
0
0
0
0
0
0
0
0
0
0
0
0
0
0
0
0
0
0
0
0
0
0
0
0
0
0
0
0
0
0
0
0
0
0
0
0
0
0
0
0
0
0
0
0
0
0
0
0
0
0
0
0
0
0
0
0
0
0
0
0
0
0
0
0
0
0
0
0
0
0
0
0
0
0
0
0
0
0
0
0
0
0
0
0
0
0
0
0
0
0
0
0
0
0
0
0
0
0
0
0
0
0
0
0
0
0
0
0
0
0
0
0
0
0
0
0
0
0
0
0
0
0
0
0
0
0
0
0
0
0
0
0
0
0
0
0
0
0
0
0
0
0
0
0
0
0
0
0
0
0
0
0
0
0
0
0
0
0
0
0
0
0
0
0
0
0
0
0
0
0
0
0
0
0
0
0
0
0
0
0
0
0
0
0
0
0
0
0
0
0
0
0
0
0
0
0
0
0
0
0
0
0
0
0
0
0
0
0
0
0
0
0
0
0
0
0
0
0
0
0
0
0
0
0
0
0
0
0
0
0
0
0
0
0
0
0
0
0
0
0
0
0
0
0
0
0
0
0
0
0
0
0
0
0
0
0
0
0
0
0
0
0
0
0
0
0
0
0
0
0
0
0
0
0
0
0
0
0
0
0
0
0
0
0
0
0
0
0
0
0
0
0
0
0
0
0
0
0
0
0
0
0
0
0
0
0
0
0
0
0
0
0
0
0
0
0
0
0
0
0
0
0
0
0
0
0
0
0
0
0
0
0
0
0
0
0
0
0
0
0
0
0
0
0
0
0
0
0
0
0
0
0
0
0
0
0
0
0
0
0
0
0
0
0
0
0
0
0
0
0
0
0
0
0
0
0
0
0
0
0
0
0
0
0
0
0
0
0
0
0
0
0
0
0
0
0
0
0
0
0
0
0
0
0
0
0
0
0
0
0
0
0
0
0
0
0
0
0
0
0
0
0
0
0
0
0
0
0
0
0
0
0
0
0
0
0
0
0
0
0
0
0
0
0
0
0
0
0
0
0
0
0
0
0
0
0
0
0
0
0
0
0
0
0
0
0
0
0
0
0
0
0
0
0
0
0
0
0
0
0
0
0
0
0
0
0
0
0
0
0
0
0
0
0
0
0
0
0
0
0
0
0
0
0
0
0
0
0
0
0
0
0
0
0
0
0
0
0
0
0
0
0
0
0
0
0
0
0
0
0
0
0
0
0
0
0
0
0
0
0
0
0
0
0
0
0
0
0
0
0
0
0
0
0
0
0
0
0
0
0
0
0
0
0
0
0
0
0
0
0
0
0
0
0
0
0
0
0
0
0
0
0
0
0
0
0
0
0
0
0
0
0
0
0
0
0
0
0
0
0
0
0
0
0
0
0
0
0
0
0
0
0
0
0
0
0
0
0
0
0
0
0
0
0
0
0
0
0
0
0
0
0
0
0
0
0
0
0
0
0
0
0
0
0
0
0
0
0
0
0
0
0
0
0
0
0
0
0
0
0
0
0
0
0
0
0
0
0
0
0
0
0
0
0
0
0
0
0
0
0
0
0
0
0
0
0
0
0
0
0
0
0
0
0
0
0
0
0
0
0
0
0
0
0
0
0
0
0
0
0
0
0
0
0
0
0
0
0
0
0
0
0
0
0
0
0
0
0
0
0
0
0
0
0
0
0
0
0
0
0
0
0
0
0
0
0
0
0
0
0
0
0
0
0
0
0
0
0
0
0
0
0
0
0
0
0
0
0
0
0
0
0
0
0
0
0
0
0
0
0
0
0
0
0
0
0
0
0
0
0
0
0
0
0
0
0
0
0
0
0
0
0
0
0
0
0
0
0
0
0
0
0
0
0
0
0
0
0
0
0
0
0
0
0
0
0
0
0
0
0
0
0
0
0
0
0
0
0
0
0
0
0
0
0
0
0
0
0
0
0
0
0
0
0
0
0
0
0
0
0
0
0
0
0
0
0
0
0
0
0
0
0
0
0
0
0
0
0
0
0
0
0
0
0
0
0
0
0
0
0
0
0
0
0
0
0
0
0
0
0
0
0
0
0
0
0
0
0
0
0
0
0
0
0
0
0
0
0
0
0
0
0
0
0
0
0
0
0
0
0
0
0
0
0
0
0
0
0
0
0
0
0
0
0
0
0
0
0
0
0
0
0
0
0
0
0
0
0
0
0
0
0
0
0
0
0
0
0
0
0
0
0
0
0
0
0
0
0
0
0
0
0
0
0
0
0
0
0
0
0
0
0
0
0
0
0
0
0
0
0
0
0
0
0
0
0
0
0
0
0
0
0
0
0
0
0
0
0
0
0
0
0
0
0
0
0
0
0
0
0
0
0
0
0
0
0
0
0
0
0
0
0
0
0
0
0
0
0
0
0
0
0
0
0
0
0
0
0
0
0
0
0
0
0
0
0
0
0
0
0
0
0
0
0
0
0
0
0
0
0
0
0
0
0
0
0
0
0
0
0
0
0
0
0
0
0
0
0
0
0
0
0
0
0
0
0
0
0
0
0
0
0
0
0
0
0
0
0
0
0
0
0
0
0
0
0
0
0
0
0
0
0
0
0
0
0
0
0
0
0
0
0
0
0
0
0
0
0
0
0
0
0
0
0
0
0
0
0
0
0
0
0
0
0
0
0
0
0
0
0
0
0
0
0
0
0
0
0
0
0
0
0
0
0
0
0
0
0
0
0
0
0
0
0
0
0
0
0
0
0
0
0
0
0
0
0
0
0
0
0
0
0
0
0
0
0
0
0
0
0
0
0
0
0
0
0
0
0
0
0
0
0
0
0
0
0
0
0
0
0
0
0
0
0
0
0
0
0
0
0
0
0
0
0
0
0
0
0
0
0
0
0
0
0
0
0
0
0
0
0
0
0
0
0
0
0
0
0
0
0
0
0
0
0
0
0
0
0
0
0
0
0
0
0
0
0
0
0
0
0
0
0
0
0
0
0
0
0
0
0
0
0
0
0
0
0
0
0
0
0
0
0
0
0
0
0
0
0
0
0
0
0
0
0
0
0
0
0
0
0
0
0
0
0
0
0
0
0
0
0
0
0
0
0
0
0
0
0
0
0
0
0
0
0
0
0
0
0
0
0
0
0
0
0
0
0
0
0
0
0
0
0
0
0
0
0
0
0
0
0
0
0
0
0
0
0
0
0
0
0
0
0
0
0
0
0
0
0
0
0
0
0
0
0
0
0
0
0
0
0
0
0
0
0
0
0
0
0
0
0
0
0
0
0
0
0
0
0
0
0
0
0
0
0
0
0
0
0
0
0
0
0
0
0
0
0
0
0
0
0
0
0
0
0
0
0
0
0
0
0
0
0
0
0
0
0
0
0
0
0
0
0
0
0
0
0
0
0
0
0
0
0
0
0
0
0
0
0
0
0
0
0
0
0
0
0
0
0
0
0
0
0
0
0
0
0
0
0
0
0
0
0
0
0
0
0
0
0
0
0
0
0
0
0
0
0
0
0
0
0
0
0
0
0
0
0
0
0
0
0
0
0
0
0
0
0
0
0
0
0
0
0
0
0
0
0
0
0
0
0
0
0
0
0
0
0
0
0
0
0
0
0
0
0
0
0
0
0
0
0
0
0
0
0
0
0
0
0
0
0
0
0
0
0
0
0
0
0
0
0
0
0
0
0
0
0
0
0
0
0
0
0
0
0
0
0
0
0
0
0
0
0
0
0
0
0
0
0
0
0
0
0
0
0
0
0
0
0
0
0
0
0
0
0
0
0
0
0
0
0
0
0
0
0
0
0
0
0
0
0
0
0
0
0
0
0
0
0
0
0
0
0
0
0
0
0
0
0
0
0
0
0
0
0
0
0
0
0
0
0
0
0
0
0
0
0
0
0
0
0
0
0
0
0
0
0
0
0
0
0
0
0
0
0
0
0
0
0
0
0
0
0
0
0
0
0
0
0
0
0
0
0
0
0
0
0
0
0
0
0
0
0
0
0
0
0
0
0
0
0
0
0
0
0
0
0
0
0
0
0
0
0
0
0
0
0
0
0
0
0
0
0
0
0
0
0
0
0
0
0
0
0
0
0
0
0
0
0
0
0
0
0
0
0
0
0
0
0
0
0
0
0
0
0
0
0
0
0
0
0
0
0
0
0
0
0
0
0
0
0
0
0
0
0
0
0
0
0
0
0
0
0
0
0
0
0
0
0
0
0
0
0
0
0
0
0
0
0
0
0
0
0
0
0
0
0
0
0
0
0
0
0
0
0
0
0
0
0
0
0
0
0
0
0
0
0
0
0
0
0
0
0
0
0
0
0
0
0
0
0
0
0
0
0
0
0
0
0
0
0
0
0
0
0
0
0
0
0
0
0
0
0
0
0
0
0
0
0
0
0
0
0
0
0
0
0
0
0
0
0
0
0
0
0
0
0
0
0
0
0
0
0
0
0
0
0
0
0
0
0
0
0
0
0
0
0
0
0
0
0
0
0
0
0
0
0
0
0
0
0
0
0
0
0
0
0
0
0
0
0
0
0
0
0
0
0
0
0
0
0
0
0
0
0
0
0
0
0
0
0
0
0
0
0
0
0
0
0
0
0
0
0
0
0
0
0
0
0
0
0
0
0
0
0
0
0
0
0
0
0
0
0
0
0
0
0
0
0
0
0
0
0
0
0
0
0
0
0
0
0
0
0
0
0
0
0
0
0
0
0
0
0
0
0
0
0
0
0
0
0
0
0
0
0
0
0
0
0
0
0
0
0
0
0
0
0
0
0
0
0
0
0
0
0
0
0
0
0
0
0
0
0
0
0
0
0
0
0
0
0
0
0
0
0
0
0
0
0
0
0
0
0
0
0
0
0
0
0
0
0
0
0
0
0
0
0
0
0
0
0
0
0
0
0
0
0
0
0
0
0
0
0
0
0
0
0
0
0
0
0
0
0
0
0
0
0
0
0
0
0
0
0
0
0
0
0
0
0
0
0
0
0
0
0
0
0
0
0
0
0
0
0
0
0
0
0
0
0
0
0
0
0
0
0
0
0
0
0
0
0
0
0
0
0
0
0
0
0
0
0
0
0
0
0
0
0
0
0
0
0
0
0
0
0
0
0
0
0
0
0
0
0
0
0
0
0
0
0
0
0
0
0
0
0
0
0
0
0
0
0
0
0
0
0
0
0
0
0
0
0
0
0
0
0
0
0
0
0
0
0
0
0
0
0
0
0
0
0
0
0
0
0
0
0
0
0
0
0
0
0
0
0
0
0
0
0
0
0
0
0
0
0
0
0
0
0
0
0
0
0
0
0
0
0
0
0
0
0
0
0
0
0
0
0
0
0
0
0
0
0
0
0
0
0
0
0
0
0
0
0
0
0
0
0
0
0
0
0
0
0
0
0
0
0
0
0
0
0
0
0
0
0
0
0
0
0
0
0
0
0
0
0
0
0
0
0
0
0
0
0
0
0
0
0
0
0
0
0
0
0
0
0
0
0
0
0
0
0
0
0
0
0
0
0
0
0
0
0
0
0
0
0
0
0
0
0
0
0
0
0
0
0
0
0
0
0
0
0
0
0
0
0
0
0
0
0
0
0
0
0
0
0
0
0
0
0
0
0
0
0
0
0
0
0
0
0
0
0
0
0
0
0
0
0
0
0
0
0
0
0
0
0
0
0
0
0
0
0
0
0
0
0
0
0
0
0
0
0
0
0
0
0
0
0
0
0
0
0
0
0
0
0
0
0
0
0
0
0
0
0
0
0
0
0
0
0
0
0
0
0
0
0
0
0
0
0
0
0
0
0
0
0
0
0
0
0
0
0
0
0
0
0
0
0
0
0
0
0
0
0
0
0
0
0
0
0
0
0
0
0
0
0
0
0
0
0
0
0
0
0
0
0
0
0
0
0
0
0
0
0
0
0
0
0
0
0
0
0
0
0
0
0
0
0
0
0
0
0
0
0
0
0
0
0
0
0
0
0
0
0
0
0
0
0
0
0
0
0
0
0
0
0
0
0
0
0
0
0
0
0
0
0
0
0
0
0
0
0
0
0
0
0
0
0
0
0
0
0
0
0
0
0
0
0
0
0
0
0
0
0
0
0
0
0
0
0
0
0
0
0
0
0
0
0
0
0
0
0
0
0
0
0
0
0
0
0
0
0
0
0
0
0
0
0
0
0
0
0
0
0
0
0
0
0
0
0
0
0
0
0
0
0
0
0
0
0
0
0
0
0
0
0
0
0
0
0
0
0
0
0
0
0
0
0
0
0
0
0
0
0
0
0
0
0
0
0
0
0
0
0
0
0
0
0
0
0
0
0
0
0
0
0
0
0
0
0
0
0
0
0
0
0
0
0
0
0
0
0
0
0
0
0
0
0
0
0
0
0
0
0
0
0
0
0
0
0
0
0
0
0
0
0
0
0
0
0
0
0
0
0
0
0
0
0
0
0
0
0
0
0
0
0
0
0
0
0
0
0
0
0
0
0
0
0
0
0
0
0
0
0
0
0
0
0
0
0
0
0
0
0
0
0
0
0
0
0
0
0
0
0
0
0
0
0
0
0
0
0
0
0
0
0
0
0
0
0
0
0
0
0
0
0
0
0
0
0
0
0
0
0
0
0
0
0
0
0
0
0
0
0
0
0
0
0
0
0
0
0
0
0
0
0
0
0
0
0
0
0
0
0
0
0
0
0
0
0
0
0
0
0
0
0
0
0
0
0
0
0
0
0
0
0
0
0
0
0
0
0
0
0
0
0
0
0
0
0
0
0
0
0
0
0
0
0
0
0
0
0
0
0
0
0
0
0
0
0
0
0
0
0
0
0
0
0
0
0
0
0
0
0
0
0
0
0
0
0
0
0
0
0
0
0
0
0
0
0
0
0
0
0
0
0
0
0
0
0
0
0
0
0
0
0
0
0
0
0
0
0
0
0
0
0
0
0
0
0
0
0
0
0
0
0
0
0
0
0
0
0
0
0
0
0
0
0
0
0
0
0
0
0
0
0
0
0
0
0
0
0
0
0
0
0
0
0
0
0
0
0
0
0
0
0
0
0
0
0
0
0
0
0
0
0
0
0
0
0
0
0
0
0
0
0
0
0
0
0
0
0
0
0
0
0
0
0
0
0
0
0
0
0
0
0
0
0
0
0
0
0
0
0
0
0
0
0
0
0
0
0
0
0
0
0
0
0
0
0
0
0
0
0
0
0
0
0
0
0
0
0
0
0
0
0
0
0
0
0
0
0
0
0
0
0
0
0
0
0
0
0
0
0
0
0
0
0
0
0
0
0
0
0
0
0
0
0
0
0
0
0
0
0
0
0
0
0
0
0
0
0
0
0
0
0
0
0
0
0
0
0
0
0
0
0
0
0
0
0
0
0
0
0
0
0
0
0
0
0
0
0
0
0
0
0
0
0
0
0
0
0
0
0
0
0
0
0
0
0
0
0
0
0
0
0
0
0
0
0
0
0
0
0
0
0
0
0
0
0
0
0
0
0
0
0
0
0
0
0
0
0
0
0
0
0
0
0
0
0
0
0
0
0
0
0
0
0
0
0
0
0
0
0
0
0
0
0
0
0
0
0
0
0
0
0
0
0
0
0
0
0
0
0
0
0
0
0
0
0
0
0
0
0
0
0
0
0
0
0
0
0
0
0
0
0
0
0
0
0
0
0
0
0
0
0
0
0
0
0
0
0
0
0
0
0
0
0
0
0
0
0
0
0
0
0
0
0
0
0
0
0
0
0
0
0
0
0
0
0
0
0
0
0
0
0
0
0
0
0
0
0
0
0
0
0
0
0
0
0
0
0
0
0
0
0
0
0
0
0
0
0
0
0
0
0
0
0
0
0
0
0
0
0
0
0
0
0
0
0
0
0
0
0
0
0
0
0
0
0
0
0
0
0
0
0
0
0
0
0
0
0
0
0
0
0
0
0
0
0
0
0
0
0
0
0
0
0
0
0
0
0
0
0
0
0
0
0
0
0
0
0
0
0
0
0
0
0
0
0
0
0
0
0
0
0
0
0
0
0
0
0
0
0
0
0
0
0
0
0
0
0
0
0
0
0
0
0
0
0
0
0
0
0
0
0
0
0
0
0
0
0
0
0
0
0
0
0
0
0
0
0
0
0
0
0
0
0
0
0
0
0
0
0
0
0
0
0
0
0
0
0
0
0
0
0
0
0
0
0
0
0
0
0
0
0
0
0
0
0
0
0
0
0
0
0
0
0
0
0
0
0
0
0
0
0
0
0
0
0
0
0
0
0
0
0
0
0
0
0
0
0
0
0
0
0
0
0
0
0
0
0
0
0
0
0
0
0
0
0
0
0
0
0
0
0
0
0
0
0
0
0
0
0
0
0
0
0
0
0
0
0
0
0
0
0
0
0
0
0
0
0
0
0
0
0
0
0
0
0
0
0
0
0
0
0
0
0
0
0
0
0
0
0
0
0
0
0
0
0
0
0
0
0
0
0
0
0
0
0
0
0
0
0
0
0
0
0
0
0
0
0
0
0
0
0
0
0
0
0
0
0
0
0
0
0
0
0
0
0
0
0
0
0
0
0
0
0
0
0
0
0
0
0
0
0
0
0
0
0
0
0
0
0
0
0
0
0
0
0
0
0
0
0
0
0
0
0
0
0
0
0
0
0
0
0
0
0
0
0
0
0
0
0
0
0
0
0
0
0
0
0
0
0
0
0
0
0
0
0
0
0
0
0
0
0
0
0
0
0
0
0
0
0
0
0
0
0
0
0
0
0
0
0
0
0
0
0
0
0
0
0
0
0
0
0
0
0
0
0
0
0
0
0
0
0
0
0
0
0
0
0
0
0
0
0
0
0
0
0
0
0
0
0
0
0
0
0
0
0
0
0
0
0
0
0
0
0
0
0
0
0
0
0
0
0
0
0
0
0
0
0
0
0
0
0
0
0
0
0
0
0
0
0
0
0
0
0
0
0
0
0
0
0
0
0
0
0
0
0
0
0
0
0
0
0
0
0
0
0
0
0
0
0
0
0
0
0
0
0
0
0
0
0
0
0
0
0
0
0
0
0
0
0
0
0
0
0
0
0
0
0
0
0
0
0
0
0
0
0
0
0
0
0
0
0
0
0
0
0
0
0
0
0
0
0
0
0
0
0
0
0
0
0
0
0
0
0
0
0
0
0
0
0
0
0
0
0
0
0
0
0
0
0
0
0
0
0
0
0
0
0
0
0
0
0
0
0
0
0
0
0
0
0
0
0
0
0
0
0
0
0
0
0
0
0
0
0
0
0
0
0
0
0
0
0
0
0
0
0
0
0
0
0
0
0
0
0
0
0
0
0
0
0
0
0
0
0
0
0
0
0
0
0
0
0
0
0
0
0
0
0
0
0
0
0
0
0
0
0
0
0
0
0
0
0
0
0
0
0
0
0
0
0
0
0
0
0
0
0
0
0
0
0
0
0
0
0
0
0
0
0
0
0
0
0
0
0
0
0
0
0
0
0
0
0
0
0
0
0
0
0
0
0
0
0
0
0
0
0
0
0
0
0
0
0
0
0
0
0
0
0
0
0
0
0
0
0
0
0
0
0
0
0
0
0
0
0
0
0
0
0
0
0
0
0
0
0
0
0
0
0
0
0
0
0
0
0
0
0
0
0
0
0
0
0
0
0
0
0
0
0
0
0
0
0
0
0
0
0
0
0
0
0
0
0
0
0
0
0
0
0
0
0
0
0
0
0
0
0
0
0
0
0
0
0
0
0
0
0
0
0
0
0
0
0
0
0
0
0
0
0
0
0
0
0
0
0
0
0
0
0
0
0
0
0
0
0
0
0
0
0
0
0
0
0
0
0
0
0
0
0
0
0
0
0
0
0
0
0
0
0
0
0
0
0
0
0
0
0
0
0
0
0
0
0
0
0
0
0
0
0
0
0
0
0
0
0
0
0
0
0
0
0
0
0
0
0
0
0
0
0
0
0
0
0
0
0
0
0
0
0
0
0
0
0
0
0
0
0
0
0
0
0
0
0
0
0
0
0
0
0
0
0
0
0
0
0
0
0
0
0
0
0
0
0
0
0
0
0
0
0
0
0
0
0
0
0
0
0
0
0
0
0
0
0
0
0
0
0
0
0
0
0
0
0
0
0
0
0
0
0
0
0
0
0
0
0
0
0
0
0
0
0
0
0
0
0
0
0
0
0
0
0
0
0
0
0
0
0
0
0
0
0
0
0
0
0
0
0
0
0
0
0
0
0
0
0
0
0
0
0
0
0
0
0
0
0
0
0
0
0
0
0
0
0
0
0
0
0
0
0
0
0
0
0
0
0
0
0
0
0
0
0
0
0
0
0
0
0
0
0
0
0
0
0
0
0
0
0
0
0
0
0
0
0
0
0
0
0
0
0
0
0
0
0
0
0
0
0
0
0
0
0
0
0
0
0
0
0
0
0
0
0
0
0
0
0
0
0
0
0
0
0
0
0
0
0
0
0
0
0
0
0
0
0
0
0
0
0
0
0
0
0
0
0
0
0
0
0
0
0
0
0
0
0
0
0
0
0
0
0
0
0
0
0
0
0
0
0
0
0
0
0
0
0
0
0
0
0
0
0
0
0
0
0
0
0
0
0
0
0
0
0
0
0
0
0
0
0
0
0
0
0
0
0
0
0
0
0
0
0
0
0
0
0
0
0
0
0
0
0
0
0
0
0
0
0
0
0
0
0
0
0
0
0
0
0
0
0
0
0
0
0
0
0
0
0
0
0
0
0
0
0
0
0
0
0
0
0
0
0
0
0
0
0
0
0
0
0
0
0
0
0
0
0
0
0
0
0
0
0
0
0
0
0
0
0
0
0
0
0
0
0
0
0
0
0
0
0
0
0
0
0
0
0
0
0
0
0
0
0
0
0
0
0
0
0
0
0
0
0
0
0
0
0
0
0
0
0
0
0
0
0
0
0
0
0
0
0
0
0
0
0
0
0
0
0
0
0
0
0
0
0
0
0
0
0
0
0
0
0
0
0
0
0
0
0
0
0
0
0
0
0
0
0
0
0
0
0
0
0
0
0
0
0
0
0
0
0
0
0
0
0
0
0
0
0
0
0
0
0
0
0
0
0
0
0
0
0
0
0
0
0
0
0
0
0
0
0
0
0
0
0
0
0
0
0
0
0
0
0
0
0
0
0
0
0
0
0
0
0
0
0
0
0
0
0
0
0
0
0
0
0
0
0
0
0
0
0
0
0
0
0
0
0
0
0
0
0
0
0
0
0
0
0
0
0
0
0
0
0
0
0
0
0
0
0
0
0
0
0
0
0
0
0
0
0
0
0
0
0
0
0
0
0
0
0
0
0
0
0
0
0
0
0
0
0
0
0
0
0
0
0
0
0
0
0
0
0
0
0
0
0
0
0
0
0
0
0
0
0
0
0
0
0
0
0
0
0
0
0
0
0
0
0
0
0
0
0
0
0
0
0
0
0
0
0
0
0
0
0
0
0
0
0
0
0
0
0
0
0
0
0
0
0
0
0
0
0
0
0
0
0
0
0
0
0
0
0
0
0
0
0
0
0
0
0
0
0
0
0
0
0
0
0
0
0
0
0
0
0
0
0
0
0
0
0
0
0
0
0
0
0
0
0
0
0
0
0
0
0
0
0
0
0
0
0
0
0
0
0
0
0
0
0
0
0
0
0
0
0
0
0
0
0
0
0
0
0
0
0
0
0
0
0
0
0
0
0
0
0
0
0
0
0
0
0
0
0
0
0
0
0
0
0
0
0
0
0
0
0
0
0
0
0
0
0
0
0
0
0
0
0
0
0
0
0
0
0
0
0
0
0
0
0
0
0
0
0
0
0
0
0
0
0
0
0
0
0
0
0
0
0
0
0
0
0
0
0
0
0
0
0
0
0
0
0
0
0
0
0
0
0
0
0
0
0
0
0
0
0
0
0
0
0
0
0
0
0
0
0
0
0
0
0
0
0
0
0
0
0
0
0
0
0
0
0
0
0
0
0
0
0
0
0
0
0
0
0
0
0
0
0
0
0
0
0
0
0
0
0
0
0
0
0
0
0
0
0
0
0
0
0
0
0
0
0
0
0
0
0
0
0
0
0
0
0
0
0
0
0
0
0
0
0
0
0
0
0
0
0
0
0
0
0
0
0
0
0
0
0
0
0
0
0
0
0
0
0
0
0
0
0
0
0
0
0
0
0
0
0
0
0
0
0
0
0
0
0
0
0
0
0
0
0
0
0
0
0
0
0
0
0
0
0
0
0
0
0
0
0
0
0
0
0
0
0
0
0
0
0
0
0
0
0
0
0
0
0
0
0
0
0
0
0
0
0
0
0
0
0
0
0
0
0
0
0
0
0
0
0
0
0
0
0
0
0
0
0
0
0
0
0
0
0
0
0
0
0
0
0
0
0
0
0
0
0
0
0
0
0
0
0
0
0
0
0
0
0
0
0
0
0
0
0
0
0
0
0
0
0
0
0
0
0
0
0
0
0
0
0
0
0
0
0
0
0
0
0
0
0
0
0
0
0
0
0
0
0
0
0
0
0
0
0
0
0
0
0
0
0
0
0
0
0
0
0
0
0
0
0
0
0
0
0
0
0
0
0
0
0
0
0
0
0
0
0
0
0
0
0
0
0
0
0
0
0
0
0
0
0
0
0
0
0
0
0
0
0
0
0
0
0
0
0
0
0
0
0
0
0
0
0
0
0
0
0
0
0
0
0
0
0
0
0
0
0
0
0
0
0
0
0
0
0
0
0
0
0
0
0
0
0
0
0
0
0
0
0
0
0
0
0
0
0
0
0
0
0
0
0
0
0
0
0
0
0
0
0
0
0
0
0
0
0
0
0
0
0
0
0
0
0
0
0
0
0
0
0
0
0
0
0
0
0
0
0
0
0
0
0
0
0
0
0
0
0
0
0
0
0
0
0
0
0
0
0
0
0
0
0
0
0
0
0
0
0
0
0
0
0
0
0
0
0
0
0
0
0
0
0
0
0
0
0
0
0
0
0
0
0
0
0
0
0
0
0
0
0
0
0
0
0
0
0
0
0
0
0
0
0
0
0
0
0
0
0
0
0
0
0
0
0
0
0
0
0
0
0
0
0
0
0
0
0
0
0
0
0
0
0
0
0
0
0
0
0
0
0
0
0
0
0
0
0
0
0
0
0
0
0
0
0
0
0
0
0
0
0
0
0
0
0
0
0
0
0
0
0
0
0
0
0
0
0
0
0
0
0
0
0
0
0
0
0
0
0
0
0
0
0
0
0
0
0
0
0
0
0
0
0
0
0
0
0
0
0
0
0
0
0
0
0
0
0
0
0
0
0
0
0
0
0
0
0
0
0
0
0
0
0
0
0
0
0
0
0
0
0
0
0
0
0
0
0
0
0
0
0
0
0
0
0
0
0
0
0
0
0
0
0
0
0
0
0
0
0
0
0
0
0
0
0
0
0
0
0
0
0
0
0
0
0
0
0
0
0
0
0
0
0
0
0
0
0
0
0
0
0
0
0
0
0
0
0
0
0
0
0
0
0
0
0
0
0
0
0
0
0
0
0
0
0
0
0
0
0
0
0
0
0
0
0
0
0
0
0
0
0
0
0
0
0
0
0
0
0
0
0
0
0
0
0
0
0
0
0
0
0
0
0
0
0
0
0
0
0
0
0
0
0
0
0
0
0
0
0
0
0
0
0
0
0
0
0
0
0
0
0
0
0
0
0
0
0
0
0
0
0
0
0
0
0
0
0
0
0
0
0
0
0
0
0
0
0
0
0
0
0
0
0
0
0
0
0
0
0
0
0
0
0
0
0
0
0
0
0
0
0
0
0
0
0
0
0
0
0
0
0
0
0
0
0
0
0
0
0
0
0
0
0
0
0
0
0
0
0
0
0
0
0
0
0
0
0
0
0
0
0
0
0
0
0
0
0
0
0
0
0
0
0
0
0
0
0
0
0
0
0
0
0
0
0
0
0
0
0
0
0
0
0
0
0
0
0
0
0
0
0
0
0
0
0
0
0
0
0
0
0
0
0
0
0
0
0
0
0
0
0
0
0
0
0
0
0
0
0
0
0
0
0
0
0
0
0
0
0
0
0
0
0
0
0
0
0
0
0
0
0
0
0
0
0
0
0
0
0
0
0
0
0
0
0
0
0
0
0
0
0
0
0
0
0
0
0
0
0
0
0
0
0
0
0
0
0
0
0
0
0
0
0
0
0
0
0
0
0
0
0
0
0
0
0
0
0
0
0
0
0
0
0
0
0
0
0
0
0
0
0
0
0
0
0
0
0
0
0
0
0
0
0
0
0
0
0
0
0
0
0
0
0
0
0
0
0
0
0
0
0
0
0
0
0
0
0
0
0
0
0
0
0
0
0
0
0
0
0
0
0
0
0
0
0
0
0
0
0
0
0
0
0
0
0
0
0
0
0
0
0
0
0
0
0
0
0
0
0
0
0
0
0
0
0
0
0
0
0
0
0
0
0
0
0
0
0
0
0
0
0
0
0
0
0
0
0
0
0
0
0
0
0
0
0
0
0
0
0
0
0
0
0
0
0
0
0
0
0
0
0
0
0
0
0
0
0
0
0
0
0
0
0
0
0
0
0
0
0
0
0
0
0
0
0
0
0
0
0
0
0
0
0
0
0
0
0
0
0
0
0
0
0
0
0
0
0
0
0
0
0
0
0
0
0
0
0
0
0
0
0
0
0
0
0
0
0
0
0
0
0
0
0
0
0
0
0
0
0
0
0
0
0
0
0
0
0
0
0
0
0
0
0
0
0
0
0
0
0
0
0
0
0
0
0
0
0
0
0
0
0
0
0
0
0
0
0
0
0
0
0
0
0
0
0
0
0
0
0
0
0
0
0
0
0
0
0
0
0
0
0
0
0
0
0
0
0
0
0
0
0
0
0
0
0
0
0
0
0
0
0
0
0
0
0
0
0
0
0
0
0
0
0
0
0
0
0
0
0
0
0
0
0
0
0
0
0
0
0
0
0
0
0
0
0
0
0
0
0
0
0
0
0
0
0
0
0
0
0
0
0
0
0
0
0
0
0
0
0
0
0
0
0
0
0
0
0
0
0
0
0
0
0
0
0
0
0
0
0
0
0
0
0
0
0
0
0
0
0
0
0
0
0
0
0
0
0
0
0
0
0
0
0
0
0
0
0
0
0
0
0
0
0
0
0
0
0
0
0
0
0
0
0
0
0
0
0
0
0
0
0
0
0
0
0
0
0
0
0
0
0
0
0
0
0
0
0
0
0
0
0
0
0
0
0
0
0
0
0
0
0
0
0
0
0
0
0
0
0
0
0
0
0
0
0
0
0
0
0
0
0
0
0
0
0
0
0
0
0
0
0
0
0
0
0
0
0
0
0
0
0
0
0
0
0
0
0
0
0
0
0
0
0
0
0
0
0
0
0
0
0
0
0
0
0
0
0
0
0
0
0
0
0
0
0
0
0
0
0
0
0
0
0
0
0
0
0
0
0
0
0
0
0
0
0
0
0
0
0
0
0
0
0
0
0
0
0
0
0
0
0
0
0
0
0
0
0
0
0
0
0
0
0
0
0
0
0
0
0
0
0
0
0
0
0
0
0
0
0
0
0
0
0
0
0
0
0
0
0
0
0
0
0
0
0
0
0
0
0
0
0
0
0
0
0
0
0
0
0
0
0
0
0
0
0
0
0
0
0
0
0
0
0
0
0
0
0
0
0
0
0
0
0
0
0
0
0
0
0
0
0
0
0
0
