0
0
0
0
0
0
0
0
0
0
0
0
0
0
0
0
0
0
0
0
0
0
0
0
0
0
0
0
0
0
0
0
0
0
0
0
0
0
0
0
0
0
0
0
0
0
0
0
0
0
0
0
0
0
0
0
0
0
0
0
0
0
0
0
0
0
0
0
0
0
0
0
0
0
0
0
0
0
0
0
0
0
0
0
0
0
0
0
0
0
0
0
0
0
0
0
0
0
0
0
0
0
0
0
0
0
0
0
0
0
0
0
0
0
0
0
0
0
0
0
0
0
0
0
0
0
0
0
0
0
0
0
0
0
0
0
0
0
0
0
0
0
0
0
0
0
0
0
0
0
0
0
0
0
0
0
0
0
0
0
0
0
0
0
0
0
0
0
0
0
0
0
0
0
0
0
0
0
0
0
0
0
0
0
4095
0
0
0
0
0
0
0
4095
0
0
0
0
0
0
0
4095
0
0
0
0
0
0
0
4095
0
0
0
0
0
0
0
4095
0
0
0
0
0
0
0
4095
0
0
0
0
0
0
0
4095
0
0
0
0
0
0
0
0
0
0
0
0
0
0
0
0
0
0
0
0
0
0
0
0
0
0
0
0
0
0
0
2
2
0
0
0
0
0
0
2
2
0
0
0
0
0
0
3
3
0
0
0
0
0
0
5
5
0
0
0
0
0
0
6
5
0
0
0
0
0
0
9
8
0
0
0
0
0
0
9
8
0
0
0
0
0
0
11
9
0
0
0
0
0
0
13
10
0
0
0
0
0
0
14
10
0
0
0
0
0
0
16
11
0
0
0
0
0
0
17
12
0
0
0
0
0
0
21
14
0
0
0
0
0
0
23
14
0
0
0
0
0
0
25
15
0
0
0
0
0
0
25
13
0
0
0
0
0
0
27
14
0
0
0
0
0
0
30
15
0
0
0
0
0
0
32
14
0
0
0
0
0
0
34
14
0
0
0
0
0
0
36
15
0
0
0
0
0
0
37
13
0
0
0
0
0
0
40
13
0
0
0
0
0
0
41
10
0
0
0
0
0
0
43
10
0
0
0
0
0
0
43
8
0
0
0
0
0
0
45
7
0
0
0
0
0
0
46
5
0
0
0
0
0
0
48
3
0
0
0
0
0
0
48
4095
0
0
0
0
0
0
49
4095
0
0
0
0
0
0
48
4090
0
0
0
0
0
0
48
4086
0
0
0
0
0
0
48
4084
0
0
0
0
0
0
47
4079
0
0
0
0
0
0
47
4076
0
0
0
0
0
0
45
4070
0
0
0
0
0
0
44
4066
0
0
0
0
0
0
42
4060
0
0
0
0
0
0
40
4056
0
0
0
0
0
0
37
4050
0
0
0
0
0
0
34
4044
0
0
0
0
0
0
30
4037
0
0
0
0
0
0
27
4030
0
0
0
0
0
0
23
4025
0
0
0
0
0
0
18
4017
0
0
0
0
0
0
14
4009
0
0
0
0
0
0
8
4003
0
0
0
0
0
0
2
3994
0
0
0
0
0
0
4092
3987
0
0
0
0
0
0
4086
3978
0
0
0
0
0
0
4079
3971
0
0
0
0
0
0
4071
3963
0
0
0
0
0
0
4061
3953
0
0
0
0
0
0
4055
3946
0
0
0
0
0
0
4046
3938
0
0
0
0
0
0
4037
3928
0
0
0
0
0
0
4026
3919
0
0
0
0
0
0
4018
3912
0
0
0
0
0
0
4007
3904
0
0
0
0
0
0
3997
3896
0
0
0
0
0
0
3985
3886
0
0
0
0
0
0
3975
3879
0
0
0
0
0
0
3964
3871
0
0
0
0
0
0
3951
3863
0
0
0
0
0
0
3939
3855
0
0
0
0
0
0
3926
3848
0
0
0
0
0
0
3915
3842
0
0
0
0
0
0
3902
3836
0
0
0
0
0
0
3890
3831
0
0
0
0
0
0
3878
3825
0
0
0
0
0
0
3865
3819
0
0
0
0
0
0
3852
3815
0
0
0
0
0
0
3840
3811
0
0
0
0
0
0
3828
3806
0
0
0
0
0
0
3816
3803
0
0
0
0
0
0
3803
3800
0
0
0
0
0
0
3791
3799
0
0
0
0
0
0
3779
3798
0
0
0
0
0
0
3769
3798
0
0
0
0
0
0
3757
3799
0
0
0
0
0
0
3744
3799
0
0
0
0
0
0
3735
3802
0
0
0
0
0
0
3724
3804
0
0
0
0
0
0
3715
3808
0
0
0
0
0
0
3707
3811
0
0
0
0
0
0
3697
3816
0
0
0
0
0
0
3691
3824
0
0
0
0
0
0
3683
3830
0
0
0
0
0
0
3677
3838
0
0
0
0
0
0
3670
3847
0
0
0
0
0
0
3665
3857
0
0
0
0
0
0
3662
3868
0
0
0
0
0
0
3659
3880
0
0
0
0
0
0
3658
3893
0
0
0
0
0
0
3656
3907
0
0
0
0
0
0
3655
3920
0
0
0
0
0
0
3655
3936
0
0
0
0
0
0
3657
3952
0
0
0
0
0
0
3658
3969
0
0
0
0
0
0
3663
3987
0
0
0
0
0
0
3667
4005
0
0
0
0
0
0
3674
4027
0
0
0
0
0
0
3679
4047
0
0
0
0
0
0
3690
4070
0
0
0
0
0
0
3698
4091
0
0
0
0
0
0
3708
17
0
0
0
0
0
0
3721
41
0
0
0
0
0
0
3733
67
0
0
0
0
0
0
3747
91
0
0
0
0
0
0
3762
118
0
0
0
0
0
0
3779
143
0
0
0
0
0
0
3797
170
0
0
0
0
0
0
3817
197
0
0
0
0
0
0
3836
224
0
0
0
0
0
0
3858
253
0
0
0
0
0
0
3881
282
0
0
0
0
0
0
3903
309
0
0
0
0
0
0
3929
338
0
0
0
0
0
0
3955
369
0
0
0
0
0
0
3982
397
0
0
0
0
0
0
4010
426
0
0
0
0
0
0
4038
454
0
0
0
0
0
0
4070
484
0
0
0
0
0
0
4
512
0
0
0
0
0
0
35
539
0
0
0
0
0
0
68
568
0
0
0
0
0
0
100
596
0
0
0
0
0
0
134
623
0
0
0
0
0
0
168
650
0
0
0
0
0
0
204
676
0
0
0
0
0
0
241
701
0
0
0
0
0
0
275
724
0
0
0
0
0
0
313
749
0
0
0
0
0
0
349
771
0
0
0
0
0
0
388
793
0
0
0
0
0
0
424
814
0
0
0
0
0
0
461
833
0
0
0
0
0
0
498
852
0
0
0
0
0
0
535
866
0
0
0
0
0
0
573
884
0
0
0
0
0
0
609
897
0
0
0
0
0
0
646
911
0
0
0
0
0
0
682
922
0
0
0
0
0
0
718
932
0
0
0
0
0
0
752
939
0
0
0
0
0
0
786
946
0
0
0
0
0
0
820
951
0
0
0
0
0
0
852
952
0
0
0
0
0
0
886
955
0
0
0
0
0
0
916
953
0
0
0
0
0
0
945
950
0
0
0
0
0
0
973
944
0
0
0
0
0
0
1001
938
0
0
0
0
0
0
1026
929
0
0
0
0
0
0
1049
917
0
0
0
0
0
0
1072
904
0
0
0
0
0
0
1094
890
0
0
0
0
0
0
1114
873
0
0
0
0
0
0
1132
855
0
0
0
0
0
0
1147
833
0
0
0
0
0
0
1161
809
0
0
0
0
0
0
1172
783
0
0
0
0
0
0
1181
756
0
0
0
0
0
0
1189
726
0
0
0
0
0
0
1196
695
0
0
0
0
0
0
1199
661
0
0
0
0
0
0
1200
627
0
0
0
0
0
0
1198
587
0
0
0
0
0
0
1195
548
0
0
0
0
0
0
1188
506
0
0
0
0
0
0
1179
463
0
0
0
0
0
0
1169
420
0
0
0
0
0
0
1156
374
0
0
0
0
0
0
1141
324
0
0
0
0
0
0
1122
274
0
0
0
0
0
0
1099
222
0
0
0
0
0
0
1077
170
0
0
0
0
0
0
1049
115
0
0
0
0
0
0
1023
61
0
0
0
0
0
0
991
4
0
0
0
0
0
0
958
4042
0
0
0
0
0
0
921
3983
0
0
0
0
0
0
882
3924
0
0
0
0
0
0
843
3865
0
0
0
0
0
0
799
3804
0
0
0
0
0
0
754
3743
0
0
0
0
0
0
706
3680
0
0
0
0
0
0
655
3618
0
0
0
0
0
0
606
3557
0
0
0
0
0
0
551
3495
0
0
0
0
0
0
493
3431
0
0
0
0
0
0
436
3371
0
0
0
0
0
0
376
3308
0
0
0
0
0
0
314
3247
0
0
0
0
0
0
251
3186
0
0
0
0
0
0
187
3127
0
0
0
0
0
0
121
3067
0
0
0
0
0
0
53
3010
0
0
0
0
0
0
4080
2952
0
0
0
0
0
0
4011
2896
0
0
0
0
0
0
3940
2842
0
0
0
0
0
0
3868
2789
0
0
0
0
0
0
3795
2737
0
0
0
0
0
0
3722
2687
0
0
0
0
0
0
3649
2640
0
0
0
0
0
0
3575
2594
0
0
0
0
0
0
3501
2550
0
0
0
0
0
0
3427
2508
0
0
0
0
0
0
3353
2469
0
0
0
0
0
0
3279
2432
0
0
0
0
0
0
3207
2398
0
0
0
0
0
0
3134
2366
0
0
0
0
0
0
3061
2337
0
0
0
0
0
0
2991
2311
0
0
0
0
0
0
2920
2288
0
0
0
0
0
0
2851
2268
0
0
0
0
0
0
2784
2251
0
0
0
0
0
0
2716
2237
0
0
0
0
0
0
2653
2227
0
0
0
0
0
0
2590
2219
0
0
0
0
0
0
2529
2216
0
0
0
0
0
0
2470
2216
0
0
0
0
0
0
2413
2219
0
0
0
0
0
0
2358
2225
0
0
0
0
0
0
2306
2235
0
0
0
0
0
0
2258
2249
0
0
0
0
0
0
2209
2267
0
0
0
0
0
0
2167
2287
0
0
0
0
0
0
2127
2313
0
0
0
0
0
0
2090
2342
0
0
0
0
0
0
2055
2373
0
0
0
0
0
0
2024
2410
0
0
0
0
0
0
1996
2449
0
0
0
0
0
0
1971
2490
0
0
0
0
0
0
1952
2539
0
0
0
0
0
0
1934
2588
0
0
0
0
0
0
1921
2641
0
0
0
0
0
0
1912
2698
0
0
0
0
0
0
1908
2757
0
0
0
0
0
0
1906
2821
0
0
0
0
0
0
1907
2886
0
0
0
0
0
0
1914
2955
0
0
0
0
0
0
1925
3028
0
0
0
0
0
0
1940
3102
0
0
0
0
0
0
1959
3180
0
0
0
0
0
0
1982
3261
0
0
0
0
0
0
2009
3343
0
0
0
0
0
0
2040
3428
0
0
0
0
0
0
2075
3516
0
0
0
0
0
0
2117
3606
0
0
0
0
0
0
2161
3697
0
0
0
0
0
0
2208
3790
0
0
0
0
0
0
2261
3886
0
0
0
0
0
0
2316
3982
0
0
0
0
0
0
2375
4080
0
0
0
0
0
0
2439
83
0
0
0
0
0
0
2507
183
0
0
0
0
0
0
2577
283
0
0
0
0
0
0
2652
386
0
0
0
0
0
0
2729
486
0
0
0
0
0
0
2812
588
0
0
0
0
0
0
2897
690
0
0
0
0
0
0
2984
792
0
0
0
0
0
0
3076
894
0
0
0
0
0
0
3169
993
0
0
0
0
0
0
3266
1094
0
0
0
0
0
0
3364
1195
0
0
0
0
0
0
3464
1292
0
0
0
0
0
0
3568
1389
0
0
0
0
0
0
3674
1484
0
0
0
0
0
0
3782
1578
0
0
0
0
0
0
3890
1669
0
0
0
0
0
0
4001
1760
0
0
0
0
0
0
16
1846
0
0
0
0
0
0
130
1931
0
0
0
0
0
0
243
2013
0
0
0
0
0
0
359
2093
0
0
0
0
0
0
474
2169
0
0
0
0
0
0
587
2242
0
0
0
0
0
0
703
2311
0
0
0
0
0
0
818
2378
0
0
0
0
0
0
934
2440
0
0
0
0
0
0
1048
2499
0
0
0
0
0
0
1162
2553
0
0
0
0
0
0
1273
2603
0
0
0
0
0
0
1384
2648
0
0
0
0
0
0
1493
2691
0
0
0
0
0
0
1601
2729
0
0
0
0
0
0
1708
2762
0
0
0
0
0
0
1812
2790
0
0
0
0
0
0
1912
2812
0
0
0
0
0
0
2011
2831
0
0
0
0
0
0
2108
2844
0
0
0
0
0
0
2201
2852
0
0
0
0
0
0
2290
2855
0
0
0
0
0
0
2378
2855
0
0
0
0
0
0
2461
2846
0
0
0
0
0
0
2540
2835
0
0
0
0
0
0
2615
2816
0
0
0
0
0
0
2688
2795
0
0
0
0
0
0
2753
2766
0
0
0
0
0
0
2818
2733
0
0
0
0
0
0
2876
2695
0
0
0
0
0
0
2928
2651
0
0
0
0
0
0
2977
2601
0
0
0
0
0
0
3021
2547
0
0
0
0
0
0
3059
2488
0
0
0
0
0
0
3091
2422
0
0
0
0
0
0
3120
2354
0
0
0
0
0
0
3141
2280
0
0
0
0
0
0
3160
2203
0
0
0
0
0
0
3170
2119
0
0
0
0
0
0
3176
2031
0
0
0
0
0
0
3175
1940
0
0
0
0
0
0
3170
1843
0
0
0
0
0
0
3159
1743
0
0
0
0
0
0
3142
1639
0
0
0
0
0
0
3119
1531
0
0
0
0
0
0
3091
1420
0
0
0
0
0
0
3055
1305
0
0
0
0
0
0
3015
1187
0
0
0
0
0
0
2969
1066
0
0
0
0
0
0
2919
943
0
0
0
0
0
0
2861
816
0
0
0
0
0
0
2798
687
0
0
0
0
0
0
2729
554
0
0
0
0
0
0
2655
424
0
0
0
0
0
0
2577
287
0
0
0
0
0
0
2491
150
0
0
0
0
0
0
2401
15
0
0
0
0
0
0
2307
3972
0
0
0
0
0
0
2208
3833
0
0
0
0
0
0
2105
3694
0
0
0
0
0
0
1997
3555
0
0
0
0
0
0
1884
3415
0
0
0
0
0
0
1768
3275
0
0
0
0
0
0
1646
3137
0
0
0
0
0
0
1521
2998
0
0
0
0
0
0
1394
2862
0
0
0
0
0
0
1262
2725
0
0
0
0
0
0
1128
2591
0
0
0
0
0
0
989
2459
0
0
0
0
0
0
851
2329
0
0
0
0
0
0
709
2202
0
0
0
0
0
0
564
2076
0
0
0
0
0
0
417
1954
0
0
0
0
0
0
1112
2980
0
0
0
0
0
0
988
2843
0
0
0
0
0
0
3783
1608
0
0
0
0
0
0
3914
1499
0
0
0
0
0
0
3762
1393
0
0
0
0
0
0
3609
1293
0
0
0
0
0
0
3457
1196
0
0
0
0
0
0
3306
1106
0
0
0
0
0
0
3154
1018
0
0
0
0
0
0
3003
938
0
0
0
0
0
0
2853
861
0
0
0
0
0
0
2705
791
0
0
0
0
0
0
3788
4059
0
0
0
0
0
0
3623
3996
0
0
0
0
0
0
3482
3944
0
0
0
0
0
0
3340
3894
0
0
0
0
0
0
3205
3853
0
0
0
0
0
0
3070
3817
0
0
0
0
0
0
2939
3788
0
0
0
0
0
0
2813
3766
0
0
0
0
0
0
2689
3748
0
0
0
0
0
0
2569
3737
0
0
0
0
0
0
2456
3734
0
0
0
0
0
0
2343
3736
0
0
0
0
0
0
2238
3746
0
0
0
0
0
0
2135
3762
0
0
0
0
0
0
2040
3785
0
0
0
0
0
0
824
445
0
0
0
0
0
0
28
252
0
0
0
0
0
0
4040
303
0
0
0
0
0
0
3967
352
0
0
0
0
0
0
3900
409
0
0
0
0
0
0
3838
469
0
0
0
0
0
0
3785
538
0
0
0
0
0
0
3737
612
0
0
0
0
0
0
3696
694
0
0
0
0
0
0
3660
780
0
0
0
0
0
0
3632
870
0
0
0
0
0
0
3611
969
0
0
0
0
0
0
3597
1072
0
0
0
0
0
0
3592
1181
0
0
0
0
0
0
3592
1296
0
0
0
0
0
0
3599
1414
0
0
0
0
0
0
3612
1538
0
0
0
0
0
0
3634
514
0
0
0
0
0
0
3431
931
0
0
0
0
0
0
3474
1067
0
0
0
0
0
0
3516
1208
0
0
0
0
0
0
195
1547
0
0
0
0
0
0
157
1761
0
0
0
0
0
0
222
1912
0
0
0
0
0
0
291
2065
0
0
0
0
0
0
368
2222
0
0
0
0
0
0
450
2380
0
0
0
0
0
0
541
2543
0
0
0
0
0
0
635
2703
0
0
0
0
0
0
737
2869
0
0
0
0
0
0
846
3035
0
0
0
0
0
0
958
3200
0
0
0
0
0
0
1078
3368
0
0
0
0
0
0
1202
3536
0
0
0
0
0
0
1331
3703
0
0
0
0
0
0
624
2723
0
0
0
0
0
0
736
2909
0
0
0
0
0
0
880
3074
0
0
0
0
0
0
1028
3239
0
0
0
0
0
0
1179
3402
0
0
0
0
0
0
1334
3561
0
0
0
0
0
0
1494
778
0
0
0
0
0
0
1887
650
0
0
0
0
0
0
2044
804
0
0
0
0
0
0
2212
955
0
0
0
0
0
0
2381
1102
0
0
0
0
0
0
2551
1245
0
0
0
0
0
0
2727
1386
0
0
0
0
0
0
2903
1523
0
0
0
0
0
0
3078
1654
0
0
0
0
0
0
3254
1780
0
0
0
0
0
0
3431
1902
0
0
0
0
0
0
2482
2745
0
0
0
0
0
0
2574
2896
0
0
0
0
0
0
2753
3004
0
0
0
0
0
0
2928
3105
0
0
0
0
0
0
3101
3199
0
0
0
0
0
0
3275
3287
0
0
0
0
0
0
3446
3368
0
0
0
0
0
0
3615
3445
0
0
0
0
0
0
3782
3514
0
0
0
0
0
0
1002
607
0
0
0
0
0
0
877
660
0
0
0
0
0
0
1035
711
0
0
0
0
0
0
1188
753
0
0
0
0
0
0
1337
786
0
0
0
0
0
0
1483
814
0
0
0
0
0
0
1623
833
0
0
0
0
0
0
1759
845
0
0
0
0
0
0
1890
851
0
0
0
0
0
0
2015
848
0
0
0
0
0
0
2763
1105
0
0
0
0
0
0
2882
1080
0
0
0
0
0
0
2992
1055
0
0
0
0
0
0
3093
1022
0
0
0
0
0
0
3189
983
0
0
0
0
0
0
3279
937
0
0
0
0
0
0
3361
884
0
0
0
0
0
0
3437
821
0
0
0
0
0
0
3506
754
0
0
0
0
0
0
3568
679
0
0
0
0
0
0
756
3932
0
0
0
0
0
0
782
3839
0
0
0
0
0
0
822
3744
0
0
0
0
0
0
853
3642
0
0
0
0
0
0
876
3535
0
0
0
0
0
0
894
3422
0
0
0
0
0
0
903
3303
0
0
0
0
0
0
903
3177
0
0
0
0
0
0
1091
3890
0
0
0
0
0
0
1103
3782
0
0
0
0
0
0
1083
3642
0
0
0
0
0
0
1053
3497
0
0
0
0
0
0
1014
3349
0
0
0
0
0
0
970
3195
0
0
0
0
0
0
918
3040
0
0
0
0
0
0
857
2880
0
0
0
0
0
0
790
2716
0
0
0
0
0
0
715
2549
0
0
0
0
0
0
633
2381
0
0
0
0
0
0
4015
1941
0
0
0
0
0
0
3912
1776
0
0
0
0
0
0
3810
1600
0
0
0
0
0
0
3702
1425
0
0
0
0
0
0
3589
1247
0
0
0
0
0
0
3466
1068
0
0
0
0
0
0
3341
890
0
0
0
0
0
0
266
1837
0
0
0
0
0
0
3940
1657
0
0
0
0
0
0
3798
1481
0
0
0
0
0
0
3650
1304
0
0
0
0
0
0
3498
1128
0
0
0
0
0
0
3341
953
0
0
0
0
0
0
3181
782
0
0
0
0
0
0
3016
610
0
0
0
0
0
0
2850
443
0
0
0
0
0
0
2679
277
0
0
0
0
0
0
2505
115
0
0
0
0
0
0
2330
2898
0
0
0
0
0
0
1921
3028
0
0
0
0
0
0
1749
2875
0
0
0
0
0
0
1568
2729
0
0
0
0
0
0
1386
2587
0
0
0
0
0
0
1201
2447
0
0
0
0
0
0
1017
2314
0
0
0
0
0
0
834
2186
0
0
0
0
0
0
1775
1340
0
0
0
0
0
0
1676
1181
0
0
0
0
0
0
1491
1070
0
0
0
0
0
0
1309
964
0
0
0
0
0
0
1130
867
0
0
0
0
0
0
951
774
0
0
0
0
0
0
774
688
0
0
0
0
0
0
601
611
0
0
0
0
0
0
429
538
0
0
0
0
0
0
261
473
0
0
0
0
0
0
96
414
0
0
0
0
0
0
3188
3314
0
0
0
0
0
0
3004
3290
0
0
0
0
0
0
2852
3253
0
0
0
0
0
0
2702
3225
0
0
0
0
0
0
2557
3202
0
0
0
0
0
0
2421
3191
0
0
0
0
0
0
2287
3184
0
0
0
0
0
0
2158
3183
0
0
0
0
0
0
1311
2999
0
0
0
0
0
0
1289
2950
0
0
0
0
0
0
1177
2973
0
0
0
0
0
0
1071
3005
0
0
0
0
0
0
975
3044
0
0
0
0
0
0
884
3090
0
0
0
0
0
0
801
3143
0
0
0
0
0
0
725
3203
0
0
0
0
0
0
654
3270
0
0
0
0
0
0
591
3343
0
0
0
0
0
0
3506
52
0
0
0
0
0
0
3373
180
0
0
0
0
0
0
3334
273
0
0
0
0
0
0
3302
373
0
0
0
0
0
0
3277
479
0
0
0
0
0
0
3259
590
0
0
0
0
0
0
3249
707
0
0
0
0
0
0
3246
827
0
0
0
0
0
0
3253
956
0
0
0
0
0
0
3265
4031
0
0
0
0
0
0
3056
355
0
0
0
0
0
0
3090
496
0
0
0
0
0
0
3126
641
0
0
0
0
0
0
3169
789
0
0
0
0
0
0
3220
944
0
0
0
0
0
0
3277
1098
0
0
0
0
0
0
3341
1255
0
0
0
0
0
0
3413
1417
0
0
0
0
0
0
3491
1580
0
0
0
0
0
0
106
2014
0
0
0
0
0
0
204
2175
0
0
0
0
0
0
301
2342
0
0
0
0
0
0
406
2514
0
0
0
0
0
0
515
2685
0
0
0
0
0
0
629
2855
0
0
0
0
0
0
752
3029
0
0
0
0
0
0
877
3199
0
0
0
0
0
0
1008
3371
0
0
0
0
0
0
1142
3541
0
0
0
0
0
0
441
2564
0
0
0
0
0
0
558
2750
0
0
0
0
0
0
708
2919
0
0
0
0
0
0
859
3083
0
0
0
0
0
0
1014
3244
0
0
0
0
0
0
1173
3404
0
0
0
0
0
0
1333
3561
0
0
0
0
0
0
1497
772
0
0
0
0
0
0
1893
637
0
0
0
0
0
0
2054
786
0
0
0
0
0
0
2223
929
0
0
0
0
0
0
2393
1068
0
0
0
0
0
0
2564
1202
0
0
0
0
0
0
2735
1333
0
0
0
0
0
0
2908
1458
0
0
0
0
0
0
3081
1578
0
0
0
0
0
0
3251
1692
0
0
0
0
0
0
3423
1802
0
0
0
0
0
0
3595
1908
0
0
0
0
0
0
3764
2006
0
0
0
0
0
0
2701
2860
0
0
0
0
0
0
2886
2949
0
0
0
0
0
0
3051
3031
0
0
0
0
0
0
3213
3104
0
0
0
0
0
0
3370
3170
0
0
0
0
0
0
270
280
0
0
0
0
0
0
451
317
0
0
0
0
0
0
598
364
0
0
0
0
0
0
742
403
0
0
0
0
0
0
883
438
0
0
0
0
0
0
1021
466
0
0
0
0
0
0
1153
486
0
0
0
0
0
0
1280
500
0
0
0
0
0
0
1401
506
0
0
0
0
0
0
1518
505
0
0
0
0
0
0
1630
499
0
0
0
0
0
0
1735
484
0
0
0
0
0
0
1837
464
0
0
0
0
0
0
1930
437
0
0
0
0
0
0
2020
403
0
0
0
0
0
0
2102
363
0
0
0
0
0
0
2805
582
0
0
0
0
0
0
17
3857
0
0
0
0
0
0
57
3793
0
0
0
0
0
0
114
3729
0
0
0
0
0
0
164
3657
0
0
0
0
0
0
207
3580
0
0
0
0
0
0
245
3498
0
0
0
0
0
0
274
3410
0
0
0
0
0
0
297
3316
0
0
0
0
0
0
314
3218
0
0
0
0
0
0
324
3118
0
0
0
0
0
0
326
3009
0
0
0
0
0
0
322
2897
0
0
0
0
0
0
310
2781
0
0
0
0
0
0
293
2662
0
0
0
0
0
0
269
2538
0
0
0
0
0
0
239
2411
0
0
0
0
0
0
3571
2087
0
0
0
0
0
0
3624
1890
0
0
0
0
0
0
3572
1753
0
0
0
0
0
0
3516
1616
0
0
0
0
0
0
3454
1475
0
0
0
0
0
0
3583
2176
0
0
0
0
0
0
3536
2059
0
0
0
0
0
0
3460
1915
0
0
0
0
0
0
3375
1769
0
0
0
0
0
0
3287
1622
0
0
0
0
0
0
3192
1474
0
0
0
0
0
0
3093
1328
0
0
0
0
0
0
2991
1181
0
0
0
0
0
0
2883
1033
0
0
0
0
0
0
2772
3830
0
0
0
0
0
0
2424
3969
0
0
0
0
0
0
2312
3823
0
0
0
0
0
0
2191
3680
0
0
0
0
0
0
2065
3540
0
0
0
0
0
0
1936
3400
0
0
0
0
0
0
1803
3261
0
0
0
0
0
0
1670
3126
0
0
0
0
0
0
1534
2993
0
0
0
0
0
0
1397
2864
0
0
0
0
0
0
1257
2736
0
0
0
0
0
0
1117
2614
0
0
0
0
0
0
974
2493
0
0
0
0
0
0
831
2375
0
0
0
0
0
0
687
2262
0
0
0
0
0
0
545
2153
0
0
0
0
0
0
401
2051
0
0
0
0
0
0
258
1950
0
0
0
0
0
0
115
1852
0
0
0
0
0
0
4069
1762
0
0
0
0
0
0
3927
1676
0
0
0
0
0
0
3787
1595
0
0
0
0
0
0
3650
1519
0
0
0
0
0
0
3512
1447
0
0
0
0
0
0
3379
1382
0
0
0
0
0
0
3246
1320
0
0
0
0
0
0
3116
1265
0
0
0
0
0
0
2989
1216
0
0
0
0
0
0
2865
1172
0
0
0
0
0
0
2742
1131
0
0
0
0
0
0
2626
1099
0
0
0
0
0
0
2511
1072
0
0
0
0
0
0
2401
1050
0
0
0
0
0
0
2295
1033
0
0
0
0
0
0
2193
1024
0
0
0
0
0
0
2092
1017
0
0
0
0
0
0
1998
1018
0
0
0
0
0
0
1910
1025
0
0
0
0
0
0
1823
1035
0
0
0
0
0
0
1744
1052
0
0
0
0
0
0
1667
1073
0
0
0
0
0
0
1598
1102
0
0
0
0
0
0
1532
1133
0
0
0
0
0
0
1471
1171
0
0
0
0
0
0
1416
1214
0
0
0
0
0
0
1366
1260
0
0
0
0
0
0
1321
1312
0
0
0
0
0
0
1282
1368
0
0
0
0
0
0
1248
1429
0
0
0
0
0
0
1220
1495
0
0
0
0
0
0
1197
1564
0
0
0
0
0
0
1178
1637
0
0
0
0
0
0
1166
1714
0
0
0
0
0
0
1159
1794
0
0
0
0
0
0
1158
1878
0
0
0
0
0
0
1162
1966
0
0
0
0
0
0
1170
2056
0
0
0
0
0
0
1184
2150
0
0
0
0
0
0
1204
2245
0
0
0
0
0
0
1227
2344
0
0
0
0
0
0
1256
2443
0
0
0
0
0
0
1290
2545
0
0
0
0
0
0
1328
2649
0
0
0
0
0
0
1371
2756
0
0
0
0
0
0
1419
2863
0
0
0
0
0
0
1472
2972
0
0
0
0
0
0
1528
3081
0
0
0
0
0
0
1589
3192
0
0
0
0
0
0
1651
3302
0
0
0
0
0
0
1720
3413
0
0
0
0
0
0
1791
3525
0
0
0
0
0
0
1868
3637
0
0
0
0
0
0
1946
3747
0
0
0
0
0
0
2026
3858
0
0
0
0
0
0
2111
3969
0
0
0
0
0
0
2198
4077
0
0
0
0
0
0
2288
88
0
0
0
0
0
0
2379
196
0
0
0
0
0
0
2474
301
0
0
0
0
0
0
2569
403
0
0
0
0
0
0
2667
504
0
0
0
0
0
0
2767
606
0
0
0
0
0
0
2868
704
0
0
0
0
0
0
2970
799
0
0
0
0
0
0
3072
891
0
0
0
0
0
0
3176
981
0
0
0
0
0
0
3281
1069
0
0
0
0
0
0
3385
1154
0
0
0
0
0
0
3489
1235
0
0
0
0
0
0
3594
1315
0
0
0
0
0
0
3698
1389
0
0
0
0
0
0
3802
1461
0
0
0
0
0
0
3906
1530
0
0
0
0
0
0
4009
1596
0
0
0
0
0
0
12
1656
0
0
0
0
0
0
112
1713
0
0
0
0
0
0
213
1768
0
0
0
0
0
0
310
1818
0
0
0
0
0
0
405
1864
0
0
0
0
0
0
499
1905
0
0
0
0
0
0
592
1945
0
0
0
0
0
0
681
1980
0
0
0
0
0
0
768
2008
0
0
0
0
0
0
853
2035
0
0
0
0
0
0
935
2056
0
0
0
0
0
0
1015
2075
0
0
0
0
0
0
1092
2088
0
0
0
0
0
0
1166
2099
0
0
0
0
0
0
1236
2105
0
0
0
0
0
0
1304
2107
0
0
0
0
0
0
1368
2105
0
0
0
0
0
0
1428
2100
0
0
0
0
0
0
1486
2090
0
0
0
0
0
0
1542
2079
0
0
0
0
0
0
1592
2061
0
0
0
0
0
0
1640
2043
0
0
0
0
0
0
1684
2019
0
0
0
0
0
0
1724
1991
0
0
0
0
0
0
1759
1961
0
0
0
0
0
0
1792
1927
0
0
0
0
0
0
1822
1892
0
0
0
0
0
0
1845
1851
0
0
0
0
0
0
1867
1809
0
0
0
0
0
0
1885
1764
0
0
0
0
0
0
1899
1717
0
0
0
0
0
0
1909
1667
0
0
0
0
0
0
1915
1613
0
0
0
0
0
0
1919
1559
0
0
0
0
0
0
1919
1503
0
0
0
0
0
0
1914
1443
0
0
0
0
0
0
1906
1383
0
0
0
0
0
0
1897
1320
0
0
0
0
0
0
1881
1257
0
0
0
0
0
0
1864
1191
0
0
0
0
0
0
1844
1126
0
0
0
0
0
0
1820
1057
0
0
0
0
0
0
1793
988
0
0
0
0
0
0
1763
918
0
0
0
0
0
0
1731
850
0
0
0
0
0
0
1695
778
0
0
0
0
0
0
1658
707
0
0
0
0
0
0
1617
635
0
0
0
0
0
0
1574
564
0
0
0
0
0
0
1530
494
0
0
0
0
0
0
1482
422
0
0
0
0
0
0
1433
351
0
0
0
0
0
0
1383
283
0
0
0
0
0
0
1330
212
0
0
0
0
0
0
1276
143
0
0
0
0
0
0
1220
74
0
0
0
0
0
0
1162
7
0
0
0
0
0
0
1104
4037
0
0
0
0
0
0
1044
3971
0
0
0
0
0
0
983
3908
0
0
0
0
0
0
922
3846
0
0
0
0
0
0
860
3784
0
0
0
0
0
0
797
3726
0
0
0
0
0
0
734
3669
0
0
0
0
0
0
670
3613
0
0
0
0
0
0
607
3559
0
0
0
0
0
0
542
3507
0
0
0
0
0
0
479
3457
0
0
0
0
0
0
415
3409
0
0
0
0
0
0
353
3363
0
0
0
0
0
0
290
3319
0
0
0
0
0
0
228
3278
0
0
0
0
0
0
168
3239
0
0
0
0
0
0
106
3202
0
0
0
0
0
0
47
3168
0
0
0
0
0
0
4083
3135
0
0
0
0
0
0
4026
3106
0
0
0
0
0
0
3971
3079
0
0
0
0
0
0
3915
3054
0
0
0
0
0
0
3861
3031
0
0
0
0
0
0
3809
3010
0
0
0
0
0
0
3758
2993
0
0
0
0
0
0
3709
2979
0
0
0
0
0
0
3661
2967
0
0
0
0
0
0
3614
2955
0
0
0
0
0
0
3571
2947
0
0
0
0
0
0
3530
2942
0
0
0
0
0
0
3488
2937
0
0
0
0
0
0
3449
2936
0
0
0
0
0
0
3413
2939
0
0
0
0
0
0
3379
2941
0
0
0
0
0
0
3348
2947
0
0
0
0
0
0
3317
2955
0
0
0
0
0
0
3288
2963
0
0
0
0
0
0
3263
2975
0
0
0
0
0
0
3239
2989
0
0
0
0
0
0
3218
3003
0
0
0
0
0
0
3199
3022
0
0
0
0
0
0
3181
3040
0
0
0
0
0
0
3165
3059
0
0
0
0
0
0
3153
3082
0
0
0
0
0
0
3143
3107
0
0
0
0
0
0
3133
3130
0
0
0
0
0
0
3125
3156
0
0
0
0
0
0
3121
3183
0
0
0
0
0
0
3118
3212
0
0
0
0
0
0
3117
3242
0
0
0
0
0
0
3118
3273
0
0
0
0
0
0
3121
3304
0
0
0
0
0
0
3126
3336
0
0
0
0
0
0
3133
3369
0
0
0
0
0
0
3141
3402
0
0
0
0
0
0
3151
3438
0
0
0
0
0
0
3162
3471
0
0
0
0
0
0
3176
3507
0
0
0
0
0
0
3189
3542
0
0
0
0
0
0
3207
3578
0
0
0
0
0
0
3224
3612
0
0
0
0
0
0
3242
3649
0
0
0
0
0
0
3262
3685
0
0
0
0
0
0
3284
3721
0
0
0
0
0
0
3305
3756
0
0
0
0
0
0
3329
3792
0
0
0
0
0
0
3353
3827
0
0
0
0
0
0
3377
3860
0
0
0
0
0
0
3404
3897
0
0
0
0
0
0
3430
3928
0
0
0
0
0
0
3458
3962
0
0
0
0
0
0
3485
3995
0
0
0
0
0
0
3512
4027
0
0
0
0
0
0
3543
4059
0
0
0
0
0
0
3571
4088
0
0
0
0
0
0
3599
21
0
0
0
0
0
0
3630
51
0
0
0
0
0
0
3658
78
0
0
0
0
0
0
3687
105
0
0
0
0
0
0
3717
130
0
0
0
0
0
0
3747
156
0
0
0
0
0
0
3776
179
0
0
0
0
0
0
3806
202
0
0
0
0
0
0
3833
222
0
0
0
0
0
0
3862
243
0
0
0
0
0
0
3891
262
0
0
0
0
0
0
3918
280
0
0
0
0
0
0
3946
298
0
0
0
0
0
0
3974
315
0
0
0
0
0
0
3999
328
0
0
0
0
0
0
4024
342
0
0
0
0
0
0
4048
354
0
0
0
0
0
0
4072
366
0
0
0
0
0
0
4095
375
0
0
0
0
0
0
23
385
0
0
0
0
0
0
46
393
0
0
0
0
0
0
66
398
0
0
0
0
0
0
88
405
0
0
0
0
0
0
105
409
0
0
0
0
0
0
123
413
0
0
0
0
0
0
140
414
0
0
0
0
0
0
158
416
0
0
0
0
0
0
174
416
0
0
0
0
0
0
188
415
0
0
0
0
0
0
201
415
0
0
0
0
0
0
214
411
0
0
0
0
0
0
226
409
0
0
0
0
0
0
238
405
0
0
0
0
0
0
246
400
0
0
0
0
0
0
256
395
0
0
0
0
0
0
263
388
0
0
0
0
0
0
272
382
0
0
0
0
0
0
276
373
0
0
0
0
0
0
281
366
0
0
0
0
0
0
286
357
0
0
0
0
0
0
291
348
0
0
0
0
0
0
293
338
0
0
0
0
0
0
295
329
0
0
0
0
0
0
296
318
0
0
0
0
0
0
296
307
0
0
0
0
0
0
295
296
0
0
0
0
0
0
294
285
0
0
0
0
0
0
292
273
0
0
0
0
0
0
289
262
0
0
0
0
0
0
286
249
0
0
0
0
0
0
283
238
0
0
0
0
0
0
278
226
0
0
0
0
0
0
274
213
0
0
0
0
0
0
269
202
0
0
0
0
0
0
263
191
0
0
0
0
0
0
256
178
0
0
0
0
0
0
251
166
0
0
0
0
0
0
243
154
0
0
0
0
0
0
236
143
0
0
0
0
0
0
228
132
0
0
0
0
0
0
219
120
0
0
0
0
0
0
212
109
0
0
0
0
0
0
204
99
0
0
0
0
0
0
196
88
0
0
0
0
0
0
188
79
0
0
0
0
0
0
179
69
0
0
0
0
0
0
171
60
0
0
0
0
0
0
162
50
0
0
0
0
0
0
153
42
0
0
0
0
0
0
145
35
0
0
0
0
0
0
138
26
0
0
0
0
0
0
129
19
0
0
0
0
0
0
121
11
0
0
0
0
0
0
111
5
0
0
0
0
0
0
103
4094
0
0
0
0
0
0
96
4089
0
0
0
0
0
0
89
4084
0
0
0
0
0
0
81
4078
0
0
0
0
0
0
74
4074
0
0
0
0
0
0
66
4069
0
0
0
0
0
0
61
4065
0
0
0
0
0
0
53
4062
0
0
0
0
0
0
46
4058
0
0
0
0
0
0
41
4056
0
0
0
0
0
0
35
4053
0
0
0
0
0
0
29
4051
0
0
0
0
0
0
25
4050
0
0
0
0
0
0
21
4050
0
0
0
0
0
0
15
4046
0
0
0
0
0
0
11
4046
0
0
0
0
0
0
8
4047
0
0
0
0
0
0
4
4046
0
0
0
0
0
0
0
4045
0
0
0
0
0
0
4093
4046
0
0
0
0
0
0
4092
4047
0
0
0
0
0
0
4089
4049
0
0
0
0
0
0
4086
4049
0
0
0
0
0
0
4082
4049
0
0
0
0
0
0
4082
4050
0
0
0
0
0
0
4080
4051
0
0
0
0
0
0
4079
4053
0
0
0
0
0
0
4079
4055
0
0
0
0
0
0
4079
4056
0
0
0
0
0
0
4078
4060
0
0
0
0
0
0
4078
4060
0
0
0
0
0
0
4077
4062
0
0
0
0
0
0
4076
4064
0
0
0
0
0
0
4077
4065
0
0
0
0
0
0
4078
4068
0
0
0
0
0
0
4078
4069
0
0
0
0
0
0
4078
4072
0
0
0
0
0
0
4079
4073
0
0
0
0
0
0
4080
4074
0
0
0
0
0
0
4081
4077
0
0
0
0
0
0
4081
4079
0
0
0
0
0
0
4083
4080
0
0
0
0
0
0
4082
4082
0
0
0
0
0
0
4084
4083
0
0
0
0
0
0
4084
4083
0
0
0
0
0
0
4086
4085
0
0
0
0
0
0
4087
4087
0
0
0
0
0
0
4087
4088
0
0
0
0
0
0
4089
4089
0
0
0
0
0
0
4090
4090
0
0
0
0
0
0
4090
4089
0
0
0
0
0
0
4092
4091
0
0
0
0
0
0
4093
4092
0
0
0
0
0
0
4093
4093
0
0
0
0
0
0
4092
4093
0
0
0
0
0
0
4092
4093
0
0
0
0
0
0
4092
4093
0
0
0
0
0
0
4092
4093
0
0
0
0
0
0
4092
4093
0
0
0
0
0
0
4094
4095
0
0
0
0
0
0
4095
0
0
0
0
0
0
0
0
0
0
0
0
0
0
0
4095
4095
0
0
0
0
0
0
4095
0
0
0
0
0
0
0
0
0
0
0
0
0
0
0
0
4095
0
0
0
0
0
0
0
0
0
0
0
0
0
0
0
0
0
0
0
0
0
0
0
0
0
0
0
0
0
0
0
0
0
0
0
0
0
0
0
0
0
0
0
0
0
0
0
0
0
0
0
0
0
0
0
0
0
0
0
0
0
0
0
0
0
0
0
0
0
0
0
0
0
0
0
0
0
0
0
0
0
0
0
0
0
0
0
0
0
0
0
0
0
0
0
0
0
0
0
0
0
0
0
0
0
0
0
0
0
0
0
0
0
0
0
0
0
0
0
0
0
0
0
0
0
0
0
0
0
0
0
0
0
0
0
0
0
0
0
0
0
0
0
0
0
0
0
0
0
0
0
0
0
0
0
0
0
0
0
0
0
0
0
0
0
0
0
0
0
0
0
0
0
0
0
0
0
0
0
0
0
0
0
0
0
0
0
0
0
0
0
0
0
0
0
0
0
0
0
0
0
0
0
0
0
0
0
0
0
0
0
0
0
0
0
0
0
0
0
0
0
0
0
0
0
0
0
0
0
0
0
0
0
0
0
0
0
0
0
0
0
0
0
0
0
0
0
0
0
0
0
0
0
0
0
0
0
0
0
0
0
0
0
0
0
0
0
0
0
0
0
0
0
0
0
0
0
0
0
0
0
0
0
0
0
0
0
0
0
0
0
0
0
0
0
0
0
0
0
0
0
0
0
0
0
0
0
0
0
0
0
0
0
0
0
0
0
0
0
0
0
0
0
0
0
0
0
0
0
0
0
0
0
0
0
0
0
0
0
0
0
0
0
0
0
0
0
0
0
0
0
0
0
0
0
0
0
0
0
0
0
0
0
0
0
0
0
0
0
0
0
0
0
0
0
0
0
0
0
0
0
0
0
0
0
0
0
0
0
0
0
0
0
0
0
0
0
0
0
0
0
0
0
0
0
0
0
0
0
0
0
0
0
0
0
0
0
0
0
0
0
0
0
0
0
0
0
0
0
0
0
0
0
0
0
0
0
0
0
0
0
0
0
0
0
0
0
0
0
0
0
0
0
0
0
0
0
0
0
0
0
0
0
0
0
0
0
0
0
0
0
0
0
0
0
0
0
0
0
0
0
0
0
0
0
0
0
0
0
0
0
0
0
0
0
0
0
0
0
0
0
0
0
0
0
0
0
0
0
0
0
0
0
0
0
0
0
0
0
0
0
0
0
0
0
0
0
0
0
0
0
0
0
0
0
0
0
0
0
0
0
0
0
0
0
0
0
0
0
0
0
0
0
0
0
0
0
0
0
0
0
0
0
0
0
0
0
0
0
0
0
0
0
0
0
0
0
0
0
0
0
0
0
0
0
0
0
0
0
0
0
0
0
0
0
0
0
0
0
0
0
0
0
0
0
0
0
0
0
0
0
0
0
0
0
0
0
0
0
0
0
0
0
0
0
0
0
0
0
0
0
0
0
0
0
0
0
0
0
0
0
0
0
0
0
0
0
0
0
0
0
0
0
0
0
0
0
0
0
0
0
0
0
0
0
0
0
0
0
0
0
0
0
0
0
0
0
0
0
0
0
0
0
0
0
0
0
0
0
0
0
0
0
0
0
0
0
0
0
0
0
0
0
0
0
0
0
0
0
0
0
0
0
0
0
0
0
0
0
0
0
0
0
0
0
0
0
0
0
0
0
0
0
0
0
0
0
0
0
0
0
0
0
0
0
0
0
0
0
0
0
0
0
0
0
0
0
0
0
0
0
0
0
0
0
0
0
0
0
0
0
0
0
0
0
0
0
0
0
0
0
0
0
0
0
0
0
0
0
0
0
0
0
0
0
0
0
0
0
0
0
0
0
0
0
0
0
0
0
0
0
0
0
0
0
0
0
0
0
0
0
0
0
0
0
0
0
0
0
0
0
0
0
0
0
0
0
0
0
0
0
0
0
0
0
0
0
0
0
0
0
0
0
0
0
0
0
0
0
0
0
0
0
0
0
0
0
0
0
0
0
0
0
0
0
0
0
0
0
0
0
0
0
0
0
0
0
0
0
0
0
0
0
0
0
0
0
0
0
0
0
0
0
0
0
0
0
0
0
0
0
0
0
0
0
0
0
0
0
0
0
0
0
0
0
0
0
0
0
0
0
0
0
0
0
0
0
0
0
0
0
0
0
0
0
0
0
0
0
0
0
0
0
0
0
0
0
0
0
0
0
0
0
0
0
0
0
0
0
0
0
0
0
0
0
0
0
0
0
0
0
0
0
0
0
0
0
0
0
0
0
0
0
0
0
0
0
0
0
0
0
0
0
0
0
0
0
0
0
0
0
0
0
0
0
0
0
0
0
0
0
0
0
0
0
0
0
0
0
0
0
0
0
0
0
0
0
0
0
0
0
0
0
0
0
0
0
0
0
0
0
0
0
0
0
0
0
0
0
0
0
0
0
0
0
0
0
0
0
0
0
0
0
0
0
0
0
0
0
0
0
0
0
0
0
0
0
0
0
0
0
0
0
0
0
0
0
0
0
0
0
0
0
0
0
0
0
0
0
0
0
0
0
0
0
0
0
0
0
0
0
0
0
0
0
0
0
0
0
0
0
0
0
0
0
0
0
0
0
0
0
0
0
0
0
0
0
0
0
0
0
0
0
0
0
0
0
0
0
0
0
0
0
0
0
0
0
0
0
0
0
0
0
0
0
0
0
0
0
0
0
0
0
0
0
0
0
0
0
0
0
0
0
0
0
0
0
0
0
0
0
0
0
0
0
0
0
0
0
0
0
0
0
0
0
0
0
0
0
0
0
0
0
0
0
0
0
0
0
0
0
0
0
0
0
0
0
0
0
0
0
0
0
0
0
0
0
0
0
0
0
0
0
0
0
0
0
0
0
0
0
0
0
0
0
0
0
0
0
0
0
0
0
0
0
0
0
0
0
0
0
0
0
0
0
0
0
0
0
0
0
0
0
0
0
0
0
0
0
0
0
0
0
0
0
0
0
0
0
0
0
0
0
0
0
0
0
0
0
0
0
0
0
0
0
0
0
0
0
0
0
0
0
0
0
0
0
0
0
0
0
0
0
0
0
0
0
0
0
0
0
0
0
0
0
0
0
0
0
0
0
0
0
0
0
0
0
0
0
0
0
0
0
0
0
0
0
0
0
0
0
0
0
0
0
0
0
0
0
0
0
0
0
0
0
0
0
0
0
0
0
0
0
0
0
0
0
0
0
0
0
0
0
0
0
0
0
0
0
0
0
0
0
0
0
0
0
0
0
0
0
0
0
0
0
0
0
0
0
0
0
0
0
0
0
0
0
0
0
0
0
0
0
0
0
0
0
0
0
0
0
0
0
0
0
0
0
0
0
0
0
0
0
0
0
0
0
0
0
0
0
0
0
0
0
0
0
0
0
0
0
0
0
0
0
0
0
0
0
0
0
0
0
0
0
0
0
0
0
0
0
0
0
0
0
0
0
0
0
0
0
0
0
0
0
0
0
0
0
0
0
0
0
0
0
0
0
0
0
0
0
0
0
0
0
0
0
0
0
0
0
0
0
0
0
0
0
0
0
0
0
0
0
0
0
0
0
0
0
0
0
0
0
0
0
0
0
0
0
0
0
0
0
0
0
0
0
0
0
0
0
0
0
0
0
0
0
0
0
0
0
0
0
0
0
0
0
0
0
0
0
0
0
0
0
0
0
0
0
0
0
0
0
0
0
0
0
0
0
0
0
0
0
0
0
0
0
0
0
0
0
0
0
0
0
0
0
0
0
0
0
0
0
0
0
0
0
0
0
0
0
0
0
0
0
0
0
0
0
0
0
0
0
0
0
0
0
0
0
0
0
0
0
0
0
0
0
0
0
0
0
0
0
0
0
0
0
0
0
0
0
0
0
0
0
0
0
0
0
0
0
0
0
0
0
0
0
0
0
0
0
0
0
0
0
0
0
0
0
0
0
0
0
0
0
0
0
0
0
0
0
0
0
0
0
0
0
0
0
0
0
0
0
0
0
0
0
0
0
0
0
0
0
0
0
0
0
0
0
0
0
0
0
0
0
0
0
0
0
0
0
0
0
0
0
0
0
0
0
0
0
0
0
0
0
0
0
0
0
0
0
0
0
0
0
0
0
0
0
0
0
0
0
0
0
0
0
0
0
0
0
0
0
0
0
0
0
0
0
0
0
0
0
0
0
0
0
0
0
0
0
0
0
0
0
0
0
0
0
0
0
0
0
0
0
0
0
0
0
0
0
0
0
0
0
0
0
0
0
0
0
0
0
0
0
0
0
0
0
0
0
0
0
0
0
0
0
0
0
0
0
0
0
0
0
0
0
0
0
0
0
0
0
0
0
0
0
0
0
0
0
0
0
0
0
0
0
0
0
0
0
0
0
0
0
0
0
0
0
0
0
0
0
0
0
0
0
0
0
0
0
0
0
0
0
0
0
0
0
0
0
0
0
0
0
0
0
0
0
0
0
0
0
0
0
0
0
0
0
0
0
0
0
0
0
0
0
0
0
0
0
0
0
0
0
0
0
0
0
0
0
0
0
0
0
0
0
0
0
0
0
0
0
0
0
0
0
0
0
0
0
0
0
0
0
0
0
0
0
0
0
0
0
0
0
0
0
0
0
0
0
0
0
0
0
0
0
0
0
0
0
0
0
0
0
0
0
0
0
0
0
0
0
0
0
0
0
0
0
0
0
0
0
0
0
0
0
0
0
0
0
0
0
0
0
0
0
0
0
0
0
0
0
0
0
0
0
0
0
0
0
0
0
0
0
0
0
0
0
0
0
0
0
0
0
0
0
0
0
0
0
0
0
0
0
0
0
0
0
0
0
0
0
0
0
0
0
0
0
0
0
0
0
0
0
0
0
0
0
0
0
0
0
0
0
0
0
0
0
0
0
0
0
0
0
0
0
0
0
0
0
0
0
0
0
0
0
0
0
0
0
0
0
0
0
0
0
0
0
0
0
0
0
0
0
0
0
0
0
0
0
0
0
0
0
0
0
0
0
0
0
0
0
0
0
0
0
0
0
0
0
0
0
0
0
0
0
0
0
0
0
0
0
0
0
0
0
0
0
0
0
0
0
0
0
0
0
0
0
0
0
0
0
0
0
0
0
0
0
0
0
0
0
0
0
0
0
0
0
0
0
0
0
0
0
0
0
0
0
0
0
0
0
0
0
0
0
0
0
0
0
0
0
0
0
0
0
0
0
0
0
0
0
0
0
0
0
0
0
0
0
0
0
0
0
0
0
0
0
0
0
0
0
0
0
0
0
0
0
0
0
0
0
0
0
0
0
0
0
0
0
0
0
0
0
0
0
0
0
0
0
0
0
0
0
0
0
0
0
0
0
0
0
0
0
0
0
0
0
0
0
0
0
0
0
0
0
0
0
0
0
0
0
0
0
0
0
0
0
0
0
0
0
0
0
0
0
0
0
0
0
0
0
0
0
0
0
0
0
0
0
0
0
0
0
0
0
0
0
0
0
0
0
0
0
0
0
0
0
0
0
0
0
0
0
0
0
0
0
0
0
0
0
0
0
0
0
0
0
0
0
0
0
0
0
0
0
0
0
0
0
0
0
0
0
0
0
0
0
0
0
0
0
0
0
0
0
0
0
0
0
0
0
0
0
0
0
0
0
0
0
0
0
0
0
0
0
0
0
0
0
0
0
0
0
0
0
0
0
0
0
0
0
0
0
0
0
0
0
0
0
0
0
0
0
0
0
0
0
0
0
0
0
0
0
0
0
0
0
0
0
0
0
0
0
0
0
0
0
0
0
0
0
0
0
0
0
0
0
0
0
0
0
0
0
0
0
0
0
0
0
0
0
0
0
0
0
0
0
0
0
0
0
0
0
0
0
0
0
0
0
0
0
0
0
0
0
0
0
0
0
0
0
0
0
0
0
0
0
0
0
0
0
0
0
0
0
0
0
0
0
0
0
0
0
0
0
0
0
0
0
0
0
0
0
0
0
0
0
0
0
0
0
0
0
0
0
0
0
0
0
0
0
0
0
0
0
0
0
0
0
0
0
0
0
0
0
0
0
0
0
0
0
0
0
0
0
0
0
0
0
0
0
0
0
0
0
0
0
0
0
0
0
0
0
0
0
0
0
0
0
0
0
0
0
0
0
0
0
0
0
0
0
0
0
0
0
0
0
0
0
0
0
0
0
0
0
0
0
0
0
0
0
0
0
0
0
0
0
0
0
0
0
0
0
0
0
0
0
0
0
0
0
0
0
0
0
0
0
0
0
0
0
0
0
0
0
0
0
0
0
0
0
0
0
0
0
0
0
0
0
0
0
0
0
0
0
0
0
0
0
0
0
0
0
0
0
0
0
0
0
0
0
0
0
0
0
0
0
0
0
0
0
0
0
0
0
0
0
0
0
0
0
0
0
0
0
0
0
0
0
0
0
0
0
0
0
0
0
0
0
0
0
0
0
0
0
0
0
0
0
0
0
0
0
0
0
0
0
0
0
0
0
0
0
0
0
0
0
0
0
0
0
0
0
0
0
0
0
0
0
0
0
0
0
0
0
0
0
0
0
0
0
0
0
0
0
0
0
0
0
0
0
0
0
0
0
0
0
0
0
0
0
0
0
0
0
0
0
0
0
0
0
0
0
0
0
0
0
0
0
0
0
0
0
0
0
0
0
0
0
0
0
0
0
0
0
0
0
0
0
0
0
0
0
0
0
0
0
0
0
0
0
0
0
0
0
0
0
0
0
0
0
0
0
0
0
0
0
0
0
0
0
0
0
0
0
0
0
0
0
0
0
0
0
0
0
0
0
0
0
0
0
0
0
0
0
0
0
0
0
0
0
0
0
0
0
0
0
0
0
0
0
0
0
0
0
0
0
0
0
0
0
0
0
0
0
0
0
0
0
0
0
0
0
0
0
0
0
0
0
0
0
0
0
0
0
0
0
0
0
0
0
0
0
0
0
0
0
0
0
0
0
0
0
0
0
0
0
0
0
0
0
0
0
0
0
0
0
0
0
0
0
0
0
0
0
0
0
0
0
0
0
0
0
0
0
0
0
0
0
0
0
0
0
0
0
0
0
0
0
0
0
0
0
0
0
0
0
0
0
0
0
0
0
0
0
0
0
0
0
0
0
0
0
0
0
0
0
0
0
0
0
0
0
0
0
0
0
0
0
0
0
0
0
0
0
0
0
0
0
0
0
0
0
0
0
0
0
0
0
0
0
0
0
0
0
0
0
0
0
0
0
0
0
0
0
0
0
0
0
0
0
0
0
0
0
0
0
0
0
0
0
0
0
0
0
0
0
0
0
0
0
0
0
0
0
0
0
0
0
0
0
0
0
0
0
0
0
0
0
0
0
0
0
0
0
0
0
0
0
0
0
0
0
0
0
0
0
0
0
0
0
0
0
0
0
0
0
0
0
0
0
0
0
0
0
0
0
0
0
0
0
0
0
0
0
0
0
0
0
0
0
0
0
0
0
0
0
0
0
0
0
0
0
0
0
0
0
0
0
0
0
0
0
0
0
0
0
0
0
0
0
0
0
0
0
0
0
0
0
0
0
0
0
0
0
0
0
0
0
0
0
0
0
0
0
0
0
0
0
0
0
0
0
0
0
0
0
0
0
0
0
0
0
0
0
0
0
0
0
0
0
0
0
0
0
0
0
0
0
0
0
0
0
0
0
0
0
0
0
0
0
0
0
0
0
0
0
0
0
0
0
0
0
0
0
0
0
0
0
0
0
0
0
0
0
0
0
0
0
0
0
0
0
0
0
0
0
0
0
0
0
0
0
0
0
0
0
0
0
0
0
0
0
0
0
0
0
0
0
0
0
0
0
0
0
0
0
0
0
0
0
0
0
0
0
0
0
0
0
0
0
0
0
0
0
0
0
0
0
0
0
0
0
0
0
0
0
0
0
0
0
0
0
0
0
0
0
0
0
0
0
0
0
0
0
0
0
0
0
0
0
0
0
0
0
0
0
0
0
0
0
0
0
0
0
0
0
0
0
0
0
0
0
0
0
0
0
0
0
0
0
0
0
0
0
0
0
0
0
0
0
0
0
0
0
0
0
0
0
0
0
0
0
0
0
0
0
0
0
0
0
0
0
0
0
0
0
0
0
0
0
0
0
0
0
0
0
0
0
0
0
0
0
0
0
0
0
0
0
0
0
0
0
0
0
0
0
0
0
0
0
0
0
0
0
0
0
0
0
0
0
0
0
0
0
0
0
0
0
0
0
0
0
0
0
0
0
0
0
0
0
0
0
0
0
0
0
0
0
0
0
0
0
0
0
0
0
0
0
0
0
0
0
0
0
0
0
0
0
0
0
0
0
0
0
0
0
0
0
0
0
0
0
0
0
0
0
0
0
0
0
0
0
0
0
0
0
0
0
0
0
0
0
0
0
0
0
0
0
0
0
0
0
0
0
0
0
0
0
0
0
0
0
0
0
0
0
0
0
0
0
0
0
0
0
0
0
0
0
0
0
0
0
0
0
0
0
0
0
0
0
0
0
0
0
0
0
0
0
0
0
0
0
0
0
0
0
0
0
0
0
0
0
0
0
0
0
0
0
0
0
0
0
0
0
0
0
0
0
0
0
0
0
0
0
0
0
0
0
0
0
0
0
0
0
0
0
0
0
0
0
0
0
0
0
0
0
0
0
0
0
0
0
0
0
0
0
0
0
0
0
0
0
0
0
0
0
0
0
0
0
0
0
0
0
0
0
0
0
0
0
0
0
0
0
0
0
0
0
0
0
0
0
0
0
0
0
0
0
0
0
0
0
0
0
0
0
0
0
0
0
0
0
0
0
0
0
0
0
0
0
0
0
0
0
0
0
0
0
0
0
0
0
0
0
0
0
0
0
0
0
0
0
0
0
0
0
0
0
0
0
0
0
0
0
0
0
0
0
0
0
0
0
0
0
0
0
0
0
0
0
0
0
0
0
0
0
0
0
0
0
0
0
0
0
0
0
0
0
0
0
0
0
0
0
0
0
0
0
0
0
0
0
0
0
0
0
0
0
0
0
0
0
0
0
0
0
0
0
0
0
0
0
0
0
0
0
0
0
0
0
0
0
0
0
0
0
0
0
0
0
0
0
0
0
0
0
0
0
0
0
0
0
0
0
0
0
0
0
0
0
0
0
0
0
0
0
0
0
0
0
0
0
0
0
0
0
0
0
0
0
0
0
0
0
0
0
0
0
0
0
0
0
0
0
0
0
0
0
0
0
0
0
0
0
0
0
0
0
0
0
0
0
0
0
0
0
0
0
0
0
0
0
0
0
0
0
0
0
0
0
0
0
0
0
0
0
0
0
0
0
0
0
0
0
0
0
0
0
0
0
0
0
0
0
0
0
0
0
0
0
0
0
0
0
0
0
0
0
0
0
0
0
0
0
0
0
0
0
0
0
0
0
0
0
0
0
0
0
0
0
0
0
0
0
0
0
0
0
0
0
0
0
0
0
0
0
0
0
0
0
0
0
0
0
0
0
0
0
0
0
0
0
0
0
0
0
0
0
0
0
0
0
0
0
0
0
0
0
0
0
0
0
0
0
0
0
0
0
0
0
0
0
0
0
0
0
0
0
0
0
0
0
0
0
0
0
0
0
0
0
0
0
0
0
0
0
0
0
0
0
0
0
0
0
0
0
0
0
0
0
0
0
0
0
0
0
0
0
0
0
0
0
0
0
0
0
0
0
0
0
0
0
0
0
0
0
0
0
0
0
0
0
0
0
0
0
0
0
0
0
0
0
0
0
0
0
0
0
0
0
0
0
0
0
0
0
0
0
0
0
0
0
0
0
0
0
0
0
0
0
0
0
0
0
0
0
0
0
0
0
0
0
0
0
0
0
0
0
0
0
0
0
0
0
0
0
0
0
0
0
0
0
0
0
0
0
0
0
0
0
0
0
0
0
0
0
0
0
0
0
0
0
0
0
0
0
0
0
0
0
0
0
0
0
0
0
0
0
0
0
0
0
0
0
0
0
0
0
0
0
0
0
0
0
0
0
0
0
0
0
0
0
0
0
0
0
0
0
0
0
0
0
0
0
0
0
0
0
0
0
0
0
0
0
0
0
0
0
0
0
0
0
0
0
0
0
0
0
0
0
0
0
0
0
0
0
0
0
0
0
0
0
0
0
0
0
0
0
0
0
0
0
0
0
0
0
0
0
0
0
0
0
0
0
0
0
0
0
0
0
0
0
0
0
0
0
0
0
0
0
0
0
0
0
0
0
0
0
0
0
0
0
0
0
0
0
0
0
0
0
0
0
0
0
0
0
0
0
0
0
0
0
0
0
0
0
0
0
0
0
0
0
0
0
0
0
0
0
0
0
0
0
0
0
0
0
0
0
0
0
0
0
0
0
0
0
0
0
0
0
0
0
0
0
0
0
0
0
0
0
0
0
0
0
0
0
0
0
0
0
0
0
0
0
0
0
0
0
0
0
0
0
0
0
0
0
0
0
0
0
0
0
0
0
0
0
0
0
0
0
0
0
0
0
0
0
0
0
0
0
0
0
0
0
0
0
0
0
0
0
0
0
0
0
0
0
0
0
0
0
0
0
0
0
0
0
0
0
0
0
0
0
0
0
0
0
0
0
0
0
0
0
0
0
0
0
0
0
0
0
0
0
0
0
0
0
0
0
0
0
0
0
0
0
0
0
0
0
0
0
0
0
0
0
0
0
0
0
0
0
0
0
0
0
0
0
0
0
0
0
0
0
0
0
0
0
0
0
0
0
0
0
0
0
0
0
0
0
0
0
0
0
0
0
0
0
0
0
0
0
0
0
0
0
0
0
0
0
0
0
0
0
0
0
0
0
0
0
0
0
0
0
0
0
0
0
0
0
0
0
0
0
0
0
0
0
0
0
0
0
0
0
0
0
0
0
0
0
0
0
0
0
0
0
0
0
0
0
0
0
0
0
0
0
0
0
0
0
0
0
0
0
0
0
0
0
0
0
0
0
0
0
0
0
0
0
0
0
0
0
0
0
0
0
0
0
0
0
0
0
0
0
0
0
0
0
0
0
0
0
0
0
0
0
0
0
0
0
0
0
0
0
0
0
0
0
0
0
0
0
0
0
0
0
0
0
0
0
0
0
0
0
0
0
0
0
0
0
0
0
0
0
0
0
0
0
0
0
0
0
0
0
0
0
0
0
0
0
0
0
0
0
0
0
0
0
0
0
0
0
0
0
0
0
0
0
0
0
0
0
0
0
0
0
0
0
0
0
0
0
0
0
0
0
0
0
0
0
0
0
0
0
0
0
0
0
0
0
0
0
0
0
0
0
0
0
0
0
0
0
0
0
0
0
0
0
0
0
0
0
0
0
0
0
0
0
0
0
0
0
0
0
0
0
0
0
0
0
0
0
0
0
0
0
0
0
0
0
0
0
0
0
0
0
0
0
0
0
0
0
0
0
0
0
0
0
0
0
0
0
0
0
0
0
0
0
0
0
0
0
0
0
0
0
0
0
0
0
0
0
0
0
0
0
0
0
0
0
0
0
0
0
0
0
0
0
0
0
0
0
0
0
0
0
0
0
0
0
0
0
0
0
0
0
0
0
0
0
0
0
0
0
0
0
0
0
0
0
0
0
0
0
0
0
0
0
0
0
0
0
0
0
0
0
0
0
0
0
0
0
0
0
0
0
0
0
0
0
0
0
0
0
0
0
0
0
0
0
0
0
0
0
0
0
0
0
0
0
0
0
0
0
0
0
0
0
0
0
0
0
0
0
0
0
0
0
0
0
0
0
0
0
0
0
0
0
0
0
0
0
0
0
0
0
0
0
0
0
0
0
0
0
0
0
0
0
0
0
0
0
0
0
0
0
0
0
0
0
0
0
0
0
0
0
0
0
0
0
0
0
0
0
0
0
0
0
0
0
0
0
0
0
0
0
0
0
0
0
0
0
0
0
0
0
0
0
0
0
0
0
0
0
0
0
0
0
0
0
0
0
0
0
0
0
0
0
0
0
0
0
0
0
0
0
0
0
0
0
0
0
0
0
0
0
0
0
0
0
0
0
0
0
0
0
0
0
0
0
0
0
0
0
0
0
0
0
0
0
0
0
0
0
0
0
0
0
0
0
0
0
0
0
0
0
0
0
0
0
0
0
0
0
0
0
0
0
0
0
0
0
0
0
0
0
0
0
0
0
0
0
0
0
0
0
0
0
0
0
0
0
0
0
0
0
0
0
0
0
0
0
0
0
0
0
0
0
0
0
0
0
0
0
0
0
0
0
0
0
0
0
0
0
0
0
0
0
0
0
0
0
0
0
0
0
0
0
0
0
0
0
0
0
0
0
0
0
0
0
0
0
0
0
0
0
0
0
0
0
0
0
0
0
0
0
0
0
0
0
0
0
0
0
0
0
0
0
0
0
0
0
0
0
0
0
0
0
0
0
0
0
0
0
0
0
0
0
0
0
0
0
0
0
0
0
0
0
0
0
0
0
0
0
0
0
0
0
0
0
0
0
0
0
0
0
0
0
0
0
0
0
0
0
0
0
0
0
0
0
0
0
0
0
0
0
0
0
0
0
0
0
0
0
0
0
0
0
0
0
0
0
0
0
0
0
0
0
0
0
0
0
0
0
0
0
0
0
0
0
0
0
0
0
0
0
0
0
0
0
0
0
0
0
0
0
0
0
0
0
0
0
0
0
0
0
0
0
0
0
0
0
0
0
0
0
0
0
0
0
0
0
0
0
0
0
0
0
0
0
0
0
0
0
0
0
0
0
0
0
0
0
0
0
0
0
0
0
0
0
0
0
0
0
0
0
0
0
0
0
0
0
0
0
0
0
0
0
0
0
0
0
0
0
0
0
0
0
0
0
0
0
0
0
0
0
0
0
0
0
0
0
0
0
0
0
0
0
0
0
0
0
0
0
0
0
0
0
0
0
0
0
0
0
0
0
0
0
0
0
0
0
0
0
0
0
0
0
0
0
0
0
0
0
0
0
0
0
0
0
0
0
0
0
0
0
0
0
0
0
0
0
0
0
0
0
0
0
0
0
0
0
0
0
0
0
0
0
0
0
0
0
0
0
0
0
0
0
0
0
0
0
0
0
0
0
0
0
0
0
0
0
0
0
0
0
0
0
0
0
0
0
0
0
0
0
0
0
0
0
0
0
0
0
0
0
0
0
0
0
0
0
0
0
0
0
0
0
0
0
0
0
0
0
0
0
0
0
0
0
0
0
0
0
0
0
0
0
0
0
0
0
0
0
0
0
0
0
0
0
0
0
0
0
0
0
0
0
0
0
0
0
0
0
0
0
0
0
0
0
0
0
0
0
0
0
0
0
0
0
0
0
0
0
0
0
0
0
0
0
0
0
0
0
0
0
0
0
0
0
0
0
0
0
0
0
0
0
0
0
0
0
0
0
0
0
0
0
0
0
0
0
0
0
0
0
0
0
0
0
0
0
0
0
0
0
0
0
0
0
0
0
0
0
0
0
0
0
0
0
0
0
0
0
0
0
0
0
0
0
0
0
0
0
0
0
0
0
0
0
0
0
0
0
0
0
0
0
0
0
0
0
0
0
0
0
0
0
0
0
0
0
0
0
0
0
0
0
0
0
0
0
0
0
0
0
0
0
0
0
0
0
0
0
0
0
0
0
0
0
0
0
0
0
0
0
0
0
0
0
0
0
0
0
0
0
0
0
0
0
0
0
0
0
0
0
0
0
0
0
0
0
0
0
0
0
0
0
0
0
0
0
0
0
0
0
0
0
0
0
0
0
0
0
0
0
0
0
0
0
0
0
0
0
0
0
0
0
0
0
0
0
0
0
0
0
0
0
0
0
0
0
0
0
0
0
0
0
0
0
0
0
0
0
0
0
0
0
0
0
0
0
0
0
0
0
0
0
0
0
0
0
0
0
0
0
0
0
0
0
0
0
0
0
0
0
0
0
0
0
0
0
0
0
0
0
0
0
0
0
0
0
0
0
0
0
0
0
0
0
0
0
0
0
0
0
0
0
0
0
0
0
0
0
0
0
0
0
0
0
0
0
0
0
0
0
0
0
0
0
0
0
0
0
0
0
0
0
0
0
0
0
0
0
0
0
0
0
0
0
0
0
0
0
0
0
0
0
0
0
0
0
0
0
0
0
0
0
0
0
0
0
0
0
0
0
0
0
0
0
0
0
0
0
0
0
0
0
0
0
0
0
0
0
0
0
0
0
0
0
0
0
0
0
0
0
0
0
0
0
0
0
0
0
0
0
0
0
0
0
0
0
0
0
0
0
0
0
0
0
0
0
0
0
0
0
0
0
0
0
0
0
0
0
0
0
0
0
0
0
0
0
0
0
0
0
0
0
0
0
0
0
0
0
0
0
0
0
0
0
0
0
0
0
0
0
0
0
0
0
0
0
0
0
0
0
0
0
0
0
0
0
0
0
0
0
0
0
0
0
0
0
0
0
0
0
0
0
0
0
0
0
0
0
0
0
0
0
0
0
0
0
0
0
0
0
0
0
0
0
0
0
0
0
0
0
0
0
0
0
0
0
0
0
0
0
0
0
0
0
0
0
0
0
0
0
0
0
0
0
0
0
0
0
0
0
0
0
0
0
0
0
0
0
0
0
0
0
0
0
0
0
0
0
0
0
0
0
0
0
0
0
0
0
0
0
0
0
0
0
0
0
0
0
0
0
0
0
0
0
0
0
0
0
0
0
0
0
0
0
0
0
0
0
0
0
0
0
0
0
0
0
0
0
0
0
0
0
0
0
0
0
0
0
0
0
0
0
0
0
0
0
0
0
0
0
0
0
0
0
0
0
0
0
0
0
0
0
0
0
0
0
0
0
0
0
0
0
0
0
0
0
0
0
0
0
0
0
0
0
0
0
0
0
0
0
0
0
0
0
0
0
0
0
0
0
0
0
0
0
0
0
0
0
0
0
0
0
0
0
0
0
0
0
0
0
0
0
0
0
0
0
0
0
0
0
0
0
0
0
0
0
0
0
0
0
0
0
0
0
0
0
0
0
0
0
0
0
0
0
0
0
0
0
0
0
0
0
0
0
0
0
0
0
0
0
0
0
0
0
0
0
0
0
0
0
0
0
0
0
0
0
0
0
0
0
0
0
0
0
0
0
0
0
0
0
0
0
0
0
0
0
0
0
0
0
0
0
0
0
0
0
0
0
0
0
0
0
0
0
0
0
0
0
0
0
0
0
0
0
0
0
0
0
0
0
0
0
0
0
0
0
0
0
0
0
0
0
0
0
0
0
0
0
0
0
0
0
0
0
0
0
0
0
0
0
0
0
0
0
0
0
0
0
0
0
0
0
0
0
0
0
0
0
0
0
0
0
0
0
0
0
0
0
0
0
0
0
0
0
0
0
0
0
0
0
0
0
0
0
0
0
0
0
0
0
0
0
0
0
0
0
0
0
0
0
0
0
0
0
0
0
0
0
0
0
0
0
0
0
0
0
0
0
0
0
0
0
0
0
0
0
0
0
0
0
0
0
0
0
0
0
0
0
0
0
0
0
0
0
0
0
0
0
0
0
0
0
0
0
0
0
0
0
0
0
0
0
0
0
0
0
0
0
0
0
0
0
0
0
0
0
0
0
0
0
0
0
0
0
0
0
0
0
0
0
0
0
0
0
0
0
0
0
0
0
0
0
0
0
0
0
0
0
0
0
0
0
0
0
0
0
0
0
0
0
0
0
0
0
0
0
0
0
0
0
0
0
0
0
0
0
0
0
0
0
0
0
0
0
0
0
0
0
0
0
0
0
0
0
0
0
0
0
0
0
0
0
0
0
0
0
0
0
0
0
0
0
0
0
0
0
0
0
0
0
0
0
0
0
0
0
0
0
0
0
0
0
0
0
0
0
0
0
0
0
0
0
0
0
0
0
0
0
0
0
0
0
0
0
0
0
0
0
0
0
0
0
0
0
0
0
0
0
0
0
0
0
0
0
0
0
0
0
0
0
0
0
0
0
0
0
0
0
0
0
0
0
0
0
0
0
0
0
0
0
0
0
0
0
0
0
0
0
0
0
0
0
0
0
0
0
0
0
0
0
0
0
0
0
0
0
0
0
0
0
0
0
0
0
0
0
0
0
0
0
0
0
0
0
0
0
0
0
0
0
0
0
0
0
0
0
0
0
0
0
0
0
0
0
0
0
0
0
0
0
0
0
0
0
0
0
0
0
0
0
0
0
0
0
0
0
0
0
0
0
0
0
0
0
0
0
0
0
0
0
0
0
0
0
0
0
0
0
0
0
0
0
0
0
0
0
0
0
0
0
0
0
0
0
0
0
0
0
0
0
0
0
0
0
0
0
0
0
0
0
0
0
0
0
0
0
0
0
0
0
0
0
0
0
0
0
0
0
0
0
0
0
0
0
0
0
0
0
0
0
0
0
0
0
0
0
0
0
0
0
0
0
0
0
0
0
0
0
0
0
0
0
0
0
0
0
0
0
0
0
0
0
0
0
0
0
0
0
0
0
0
0
0
0
0
0
0
0
0
0
0
0
0
0
0
0
0
0
0
0
0
0
0
0
0
0
0
0
0
0
0
0
0
0
0
0
0
0
0
0
0
0
0
0
0
0
0
0
0
0
0
0
0
0
0
0
0
0
0
0
0
0
0
0
0
0
0
0
0
0
0
0
0
0
0
0
0
0
0
0
0
0
0
0
0
0
0
0
0
0
0
0
0
0
0
0
0
0
0
0
0
0
0
0
0
0
0
0
0
0
0
0
0
0
0
0
0
0
0
0
0
0
0
0
0
0
0
0
0
0
0
0
0
0
0
0
0
0
0
0
0
0
0
0
0
0
0
0
0
0
0
0
0
0
0
0
0
0
0
0
0
0
0
0
0
0
0
0
0
0
0
0
0
0
0
0
0
0
0
0
0
0
0
0
0
0
0
0
0
0
0
0
0
0
0
0
0
0
0
0
0
0
0
0
0
0
0
0
0
0
0
0
0
0
0
0
0
0
0
0
0
0
0
0
0
0
0
0
0
0
0
0
0
0
0
0
0
0
0
0
0
0
0
0
0
0
0
0
0
0
0
0
0
0
0
0
0
0
0
0
0
0
0
0
0
0
0
0
0
0
0
0
0
0
0
0
0
0
0
0
0
0
0
0
0
0
0
0
0
0
0
0
0
0
0
0
0
0
0
0
0
0
0
0
0
0
0
0
0
0
0
0
0
0
0
0
0
0
0
0
0
0
0
0
0
0
0
0
0
0
0
0
0
0
0
0
0
0
0
0
0
0
0
0
0
0
0
0
0
0
0
0
0
0
0
0
0
0
0
0
0
0
0
0
0
0
0
0
0
0
0
0
0
0
0
0
0
0
0
0
0
0
0
0
0
0
0
0
0
0
0
0
0
0
0
0
0
0
0
0
0
0
0
0
0
0
0
0
0
0
0
0
0
0
0
0
0
0
0
0
0
0
0
0
0
0
0
0
0
0
0
0
0
0
0
0
0
0
0
0
0
0
0
0
0
0
0
0
0
0
0
0
0
0
0
0
0
0
0
0
0
0
0
0
0
0
0
0
0
0
0
0
0
0
0
0
0
0
0
0
0
0
0
0
0
0
0
0
0
0
0
0
0
0
0
0
0
0
0
0
0
0
0
0
0
0
0
0
0
0
0
0
0
0
0
0
0
0
0
0
0
0
0
0
0
0
0
0
0
0
0
0
0
0
0
0
0
0
0
