0
0
0
0
0
0
0
0
0
0
0
0
0
0
0
0
0
0
0
0
0
0
0
0
0
0
0
0
0
0
0
0
0
0
0
0
0
0
0
0
0
0
0
0
0
0
0
0
0
0
0
0
0
0
0
0
0
0
0
0
0
0
0
0
0
0
0
0
0
0
0
0
0
0
0
0
0
0
0
0
0
0
0
0
0
0
0
0
0
0
0
0
0
0
0
0
0
0
0
0
0
0
0
0
0
0
0
0
0
0
0
0
0
0
0
0
0
0
0
0
0
0
0
0
0
0
0
0
0
0
0
0
0
0
0
0
0
0
0
0
0
0
0
0
0
0
0
0
0
0
0
0
0
0
0
0
0
0
0
0
0
0
0
0
0
0
0
0
0
0
0
0
0
0
0
0
0
0
0
0
0
0
0
0
4092
4093
0
0
0
0
0
0
4094
4093
0
0
0
0
0
0
4094
4095
0
0
0
0
0
0
4092
4093
0
0
0
0
0
0
4094
4093
0
0
0
0
0
0
4094
4095
0
0
0
0
0
0
4092
4093
0
0
0
0
0
0
0
4093
0
0
0
0
0
0
4095
4095
0
0
0
0
0
0
4090
4092
0
0
0
0
0
0
0
4090
0
0
0
0
0
0
4095
2
0
0
0
0
0
0
4088
4093
0
0
0
0
0
0
0
4088
0
0
0
0
0
0
2
4
0
0
0
0
0
0
4085
4092
0
0
0
0
0
0
1
4085
0
0
0
0
0
0
5
6
0
0
0
0
0
0
4080
4092
0
0
0
0
0
0
0
4083
0
0
0
0
0
0
7
8
0
0
0
0
0
0
4079
4095
0
0
0
0
0
0
0
4078
0
0
0
0
0
0
13
12
0
0
0
0
0
0
4076
3
0
0
0
0
0
0
4094
4073
0
0
0
0
0
0
19
13
0
0
0
0
0
0
4073
6
0
0
0
0
0
0
4090
4067
0
0
0
0
0
0
25
13
0
0
0
0
0
0
4071
12
0
0
0
0
0
0
4085
4061
0
0
0
0
0
0
31
13
0
0
0
0
0
0
4069
18
0
0
0
0
0
0
4077
4054
0
0
0
0
0
0
40
12
0
0
0
0
0
0
4070
27
0
0
0
0
0
0
4070
4050
0
0
0
0
0
0
47
8
0
0
0
0
0
0
4070
36
0
0
0
0
0
0
4061
4043
0
0
0
0
0
0
54
2
0
0
0
0
0
0
4074
47
0
0
0
0
0
0
4050
4039
0
0
0
0
0
0
62
4092
0
0
0
0
0
0
4079
57
0
0
0
0
0
0
4039
4037
0
0
0
0
0
0
67
4083
0
0
0
0
0
0
4088
72
0
0
0
0
0
0
4023
4034
0
0
0
0
0
0
72
4072
0
0
0
0
0
0
1
82
0
0
0
0
0
0
4010
4036
0
0
0
0
0
0
71
4056
0
0
0
0
0
0
15
94
0
0
0
0
0
0
3996
4040
0
0
0
0
0
0
72
4041
0
0
0
0
0
0
30
105
0
0
0
0
0
0
3982
4046
0
0
0
0
0
0
68
4023
0
0
0
0
0
0
47
114
0
0
0
0
0
0
3969
4056
0
0
0
0
0
0
64
4005
0
0
0
0
0
0
67
122
0
0
0
0
0
0
3956
4068
0
0
0
0
0
0
55
3984
0
0
0
0
0
0
88
128
0
0
0
0
0
0
3946
4084
0
0
0
0
0
0
42
3964
0
0
0
0
0
0
112
131
0
0
0
0
0
0
3937
8
0
0
0
0
0
0
24
3943
0
0
0
0
0
0
135
130
0
0
0
0
0
0
3933
30
0
0
0
0
0
0
3
3922
0
0
0
0
0
0
161
125
0
0
0
0
0
0
3932
56
0
0
0
0
0
0
4077
3904
0
0
0
0
0
0
183
117
0
0
0
0
0
0
3935
83
0
0
0
0
0
0
4048
3886
0
0
0
0
0
0
206
104
0
0
0
0
0
0
3943
115
0
0
0
0
0
0
4018
3872
0
0
0
0
0
0
227
85
0
0
0
0
0
0
3954
146
0
0
0
0
0
0
3985
3860
0
0
0
0
0
0
246
62
0
0
0
0
0
0
3970
179
0
0
0
0
0
0
3947
3853
0
0
0
0
0
0
261
36
0
0
0
0
0
0
3995
214
0
0
0
0
0
0
3912
3850
0
0
0
0
0
0
273
3
0
0
0
0
0
0
4023
246
0
0
0
0
0
0
3874
3852
0
0
0
0
0
0
278
4062
0
0
0
0
0
0
4055
277
0
0
0
0
0
0
3836
3861
0
0
0
0
0
0
280
4021
0
0
0
0
0
0
4095
306
0
0
0
0
0
0
3798
3877
0
0
0
0
0
0
274
3978
0
0
0
0
0
0
42
332
0
0
0
0
0
0
3763
3897
0
0
0
0
0
0
263
3931
0
0
0
0
0
0
90
354
0
0
0
0
0
0
3733
3926
0
0
0
0
0
0
243
3881
0
0
0
0
0
0
140
370
0
0
0
0
0
0
3705
3959
0
0
0
0
0
0
215
3832
0
0
0
0
0
0
193
381
0
0
0
0
0
0
3682
4001
0
0
0
0
0
0
183
3783
0
0
0
0
0
0
247
384
0
0
0
0
0
0
3666
4048
0
0
0
0
0
0
140
3735
0
0
0
0
0
0
304
381
0
0
0
0
0
0
3656
7
0
0
0
0
0
0
91
3687
0
0
0
0
0
0
360
368
0
0
0
0
0
0
3656
65
0
0
0
0
0
0
37
3645
0
0
0
0
0
0
411
347
0
0
0
0
0
0
3662
128
0
0
0
0
0
0
4070
3608
0
0
0
0
0
0
460
317
0
0
0
0
0
0
3679
194
0
0
0
0
0
0
4003
3576
0
0
0
0
0
0
508
279
0
0
0
0
0
0
3706
264
0
0
0
0
0
0
3933
3554
0
0
0
0
0
0
546
230
0
0
0
0
0
0
3742
332
0
0
0
0
0
0
3857
3538
0
0
0
0
0
0
579
174
0
0
0
0
0
0
3788
403
0
0
0
0
0
0
3781
3530
0
0
0
0
0
0
602
110
0
0
0
0
0
0
3844
469
0
0
0
0
0
0
3705
3536
0
0
0
0
0
0
616
36
0
0
0
0
0
0
3910
533
0
0
0
0
0
0
3629
3550
0
0
0
0
0
0
620
4052
0
0
0
0
0
0
3984
591
0
0
0
0
0
0
3555
3574
0
0
0
0
0
0
613
3967
0
0
0
0
0
0
4066
644
0
0
0
0
0
0
3486
3613
0
0
0
0
0
0
594
3880
0
0
0
0
0
0
58
688
0
0
0
0
0
0
3424
3665
0
0
0
0
0
0
560
3786
0
0
0
0
0
0
153
723
0
0
0
0
0
0
3370
3726
0
0
0
0
0
0
514
3694
0
0
0
0
0
0
252
746
0
0
0
0
0
0
3324
3798
0
0
0
0
0
0
458
3603
0
0
0
0
0
0
353
759
0
0
0
0
0
0
3288
3882
0
0
0
0
0
0
387
3513
0
0
0
0
0
0
455
758
0
0
0
0
0
0
3267
3973
0
0
0
0
0
0
305
3427
0
0
0
0
0
0
554
741
0
0
0
0
0
0
3257
4075
0
0
0
0
0
0
211
3347
0
0
0
0
0
0
649
712
0
0
0
0
0
0
3262
88
0
0
0
0
0
0
107
3278
0
0
0
0
0
0
741
669
0
0
0
0
0
0
3283
200
0
0
0
0
0
0
4090
3217
0
0
0
0
0
0
825
609
0
0
0
0
0
0
3320
318
0
0
0
0
0
0
3971
3167
0
0
0
0
0
0
899
535
0
0
0
0
0
0
3374
437
0
0
0
0
0
0
3845
3132
0
0
0
0
0
0
962
447
0
0
0
0
0
0
3442
556
0
0
0
0
0
0
3720
3112
0
0
0
0
0
0
1010
345
0
0
0
0
0
0
3526
672
0
0
0
0
0
0
3590
3108
0
0
0
0
0
0
1045
231
0
0
0
0
0
0
3625
780
0
0
0
0
0
0
3463
3119
0
0
0
0
0
0
1064
108
0
0
0
0
0
0
3738
883
0
0
0
0
0
0
3340
3151
0
0
0
0
0
0
1064
4071
0
0
0
0
0
0
3863
977
0
0
0
0
0
0
3221
3198
0
0
0
0
0
0
1044
3931
0
0
0
0
0
0
4000
1058
0
0
0
0
0
0
3114
3266
0
0
0
0
0
0
1007
3786
0
0
0
0
0
0
48
1125
0
0
0
0
0
0
3017
3350
0
0
0
0
0
0
949
3640
0
0
0
0
0
0
201
1176
0
0
0
0
0
0
2934
3454
0
0
0
0
0
0
872
3493
0
0
0
0
0
0
358
1208
0
0
0
0
0
0
2866
3572
0
0
0
0
0
0
776
3347
0
0
0
0
0
0
516
1222
0
0
0
0
0
0
2818
3705
0
0
0
0
0
0
663
3211
0
0
0
0
0
0
673
1214
0
0
0
0
0
0
2784
3851
0
0
0
0
0
0
531
3080
0
0
0
0
0
0
826
1186
0
0
0
0
0
0
2776
4009
0
0
0
0
0
0
384
2961
0
0
0
0
0
0
972
1137
0
0
0
0
0
0
2788
80
0
0
0
0
0
0
224
2857
0
0
0
0
0
0
1107
1066
0
0
0
0
0
0
2823
252
0
0
0
0
0
0
52
2770
0
0
0
0
0
0
1231
972
0
0
0
0
0
0
2883
430
0
0
0
0
0
0
3968
2697
0
0
0
0
0
0
1339
858
0
0
0
0
0
0
2966
607
0
0
0
0
0
0
3782
2649
0
0
0
0
0
0
1430
726
0
0
0
0
0
0
3071
780
0
0
0
0
0
0
3593
2621
0
0
0
0
0
0
1499
573
0
0
0
0
0
0
3196
949
0
0
0
0
0
0
3405
2618
0
0
0
0
0
0
1547
407
0
0
0
0
0
0
3344
1109
0
0
0
0
0
0
3221
2640
0
0
0
0
0
0
1569
224
0
0
0
0
0
0
3510
1256
0
0
0
0
0
0
3045
2689
0
0
0
0
0
0
1566
31
0
0
0
0
0
0
3693
1389
0
0
0
0
0
0
2876
2761
0
0
0
0
0
0
1537
3926
0
0
0
0
0
0
3889
1502
0
0
0
0
0
0
2724
2857
0
0
0
0
0
0
1480
3720
0
0
0
0
0
0
0
1595
0
0
0
0
0
0
2587
2981
0
0
0
0
0
0
1397
3512
0
0
0
0
0
0
216
1666
0
0
0
0
0
0
2471
3126
0
0
0
0
0
0
1287
3306
0
0
0
0
0
0
436
1710
0
0
0
0
0
0
2379
3295
0
0
0
0
0
0
1151
3104
0
0
0
0
0
0
654
1725
0
0
0
0
0
0
2310
3481
0
0
0
0
0
0
991
2913
0
0
0
0
0
0
873
1715
0
0
0
0
0
0
2270
3682
0
0
0
0
0
0
808
2735
0
0
0
0
0
0
1084
1676
0
0
0
0
0
0
2257
3901
0
0
0
0
0
0
607
2573
0
0
0
0
0
0
1284
1606
0
0
0
0
0
0
2276
33
0
0
0
0
0
0
386
2430
0
0
0
0
0
0
1469
1509
0
0
0
0
0
0
2326
267
0
0
0
0
0
0
153
2310
0
0
0
0
0
0
1637
1382
0
0
0
0
0
0
2406
507
0
0
0
0
0
0
4007
2217
0
0
0
0
0
0
1780
1226
0
0
0
0
0
0
2517
746
0
0
0
0
0
0
3757
2152
0
0
0
0
0
0
1900
1048
0
0
0
0
0
0
2659
979
0
0
0
0
0
0
3505
2116
0
0
0
0
0
0
1993
845
0
0
0
0
0
0
2827
1202
0
0
0
0
0
0
3255
2111
0
0
0
0
0
0
2056
622
0
0
0
0
0
0
3023
1414
0
0
0
0
0
0
3009
2140
0
0
0
0
0
0
2085
381
0
0
0
0
0
0
3240
1608
0
0
0
0
0
0
2777
2202
0
0
0
0
0
0
2082
130
0
0
0
0
0
0
3479
1782
0
0
0
0
0
0
2558
2297
0
0
0
0
0
0
2044
3963
0
0
0
0
0
0
3735
1930
0
0
0
0
0
0
2357
2423
0
0
0
0
0
0
1972
3695
0
0
0
0
0
0
4004
2051
0
0
0
0
0
0
2180
2581
0
0
0
0
0
0
1865
3425
0
0
0
0
0
0
186
2142
0
0
0
0
0
0
2032
2770
0
0
0
0
0
0
1725
3160
0
0
0
0
0
0
469
2200
0
0
0
0
0
0
1909
2982
0
0
0
0
0
0
1550
2902
0
0
0
0
0
0
752
2224
0
0
0
0
0
0
1823
3219
0
0
0
0
0
0
1347
2657
0
0
0
0
0
0
1028
2210
0
0
0
0
0
0
1770
3479
0
0
0
0
0
0
1117
2430
0
0
0
0
0
0
1297
2163
0
0
0
0
0
0
1752
3753
0
0
0
0
0
0
861
2223
0
0
0
0
0
0
1548
2074
0
0
0
0
0
0
1775
4040
0
0
0
0
0
0
586
2043
0
0
0
0
0
0
1783
1953
0
0
0
0
0
0
1834
239
0
0
0
0
0
0
296
1893
0
0
0
0
0
0
1994
1798
0
0
0
0
0
0
1933
537
0
0
0
0
0
0
4088
1772
0
0
0
0
0
0
2176
1607
0
0
0
0
0
0
2069
835
0
0
0
0
0
0
3776
1689
0
0
0
0
0
0
2327
1386
0
0
0
0
0
0
2241
1123
0
0
0
0
0
0
3465
1643
0
0
0
0
0
0
2442
1137
0
0
0
0
0
0
2447
1401
0
0
0
0
0
0
3156
1637
0
0
0
0
0
0
2522
865
0
0
0
0
0
0
2685
1661
0
0
0
0
0
0
2856
1668
0
0
0
0
0
0
2562
574
0
0
0
0
0
0
2951
1901
0
0
0
0
0
0
2570
1740
0
0
0
0
0
0
2561
265
0
0
0
0
0
0
3240
2115
0
0
0
0
0
0
2302
1854
0
0
0
0
0
0
2519
4043
0
0
0
0
0
0
3550
2298
0
0
0
0
0
0
2058
2003
0
0
0
0
0
0
2434
3718
0
0
0
0
0
0
3875
2447
0
0
0
0
0
0
1842
2190
0
0
0
0
0
0
2307
3392
0
0
0
0
0
0
112
2561
0
0
0
0
0
0
1659
2414
0
0
0
0
0
0
2141
3073
0
0
0
0
0
0
452
2634
0
0
0
0
0
0
1510
2667
0
0
0
0
0
0
1938
2766
0
0
0
0
0
0
790
2665
0
0
0
0
0
0
1403
2948
0
0
0
0
0
0
1699
2472
0
0
0
0
0
0
1120
2653
0
0
0
0
0
0
1336
3253
0
0
0
0
0
0
1427
2199
0
0
0
0
0
0
1440
2600
0
0
0
0
0
0
1311
3577
0
0
0
0
0
0
1128
1952
0
0
0
0
0
0
1740
2501
0
0
0
0
0
0
1333
3917
0
0
0
0
0
0
807
1737
0
0
0
0
0
0
2018
2363
0
0
0
0
0
0
1398
165
0
0
0
0
0
0
466
1556
0
0
0
0
0
0
2267
2181
0
0
0
0
0
0
1511
516
0
0
0
0
0
0
113
1412
0
0
0
0
0
0
2483
1963
0
0
0
0
0
0
1665
862
0
0
0
0
0
0
3846
1309
0
0
0
0
0
0
2664
1709
0
0
0
0
0
0
1860
1200
0
0
0
0
0
0
3484
1252
0
0
0
0
0
0
2804
1425
0
0
0
0
0
0
2098
1525
0
0
0
0
0
0
3123
1236
0
0
0
0
0
0
2901
1113
0
0
0
0
0
0
2366
1826
0
0
0
0
0
0
2777
1269
0
0
0
0
0
0
2951
778
0
0
0
0
0
0
2667
2106
0
0
0
0
0
0
2446
1348
0
0
0
0
0
0
2955
425
0
0
0
0
0
0
2998
2354
0
0
0
0
0
0
2137
1472
0
0
0
0
0
0
2912
62
0
0
0
0
0
0
3350
2568
0
0
0
0
0
0
1853
1638
0
0
0
0
0
0
2821
3788
0
0
0
0
0
0
3718
2743
0
0
0
0
0
0
1603
1846
0
0
0
0
0
0
2684
3419
0
0
0
0
0
0
2
2876
0
0
0
0
0
0
1391
2095
0
0
0
0
0
0
2501
3055
0
0
0
0
0
0
384
2964
0
0
0
0
0
0
1218
2378
0
0
0
0
0
0
2274
2705
0
0
0
0
0
0
767
3005
0
0
0
0
0
0
1091
2692
0
0
0
0
0
0
2010
2372
0
0
0
0
0
0
1139
2998
0
0
0
0
0
0
1010
3032
0
0
0
0
0
0
1709
2064
0
0
0
0
0
0
1497
2943
0
0
0
0
0
0
977
3390
0
0
0
0
0
0
1378
1784
0
0
0
0
0
0
1837
2840
0
0
0
0
0
0
995
3767
0
0
0
0
0
0
1025
1540
0
0
0
0
0
0
2150
2691
0
0
0
0
0
0
1060
54
0
0
0
0
0
0
647
1333
0
0
0
0
0
0
2432
2499
0
0
0
0
0
0
1177
443
0
0
0
0
0
0
256
1166
0
0
0
0
0
0
2677
2261
0
0
0
0
0
0
1343
827
0
0
0
0
0
0
3956
1050
0
0
0
0
0
0
2880
1987
0
0
0
0
0
0
1553
1200
0
0
0
0
0
0
3554
977
0
0
0
0
0
0
3040
1677
0
0
0
0
0
0
1806
1558
0
0
0
0
0
0
3160
956
0
0
0
0
0
0
3152
1339
0
0
0
0
0
0
2097
1895
0
0
0
0
0
0
2778
985
0
0
0
0
0
0
3215
975
0
0
0
0
0
0
2423
2203
0
0
0
0
0
0
2412
1063
0
0
0
0
0
0
3226
593
0
0
0
0
0
0
2777
2477
0
0
0
0
0
0
2072
1189
0
0
0
0
0
0
3186
200
0
0
0
0
0
0
3155
2713
0
0
0
0
0
0
1762
1365
0
0
0
0
0
0
3096
3898
0
0
0
0
0
0
3552
2910
0
0
0
0
0
0
1488
1586
0
0
0
0
0
0
2952
3499
0
0
0
0
0
0
3959
3058
0
0
0
0
0
0
1252
1846
0
0
0
0
0
0
2763
3106
0
0
0
0
0
0
274
3160
0
0
0
0
0
0
1061
2145
0
0
0
0
0
0
2529
2728
0
0
0
0
0
0
686
3212
0
0
0
0
0
0
917
2476
0
0
0
0
0
0
2249
2368
0
0
0
0
0
0
1085
3213
0
0
0
0
0
0
823
2834
0
0
0
0
0
0
1937
2036
0
0
0
0
0
0
1469
3161
0
0
0
0
0
0
783
3216
0
0
0
0
0
0
1589
1734
0
0
0
0
0
0
1833
3059
0
0
0
0
0
0
794
3613
0
0
0
0
0
0
1214
1467
0
0
0
0
0
0
2170
2908
0
0
0
0
0
0
856
4017
0
0
0
0
0
0
818
1243
0
0
0
0
0
0
2473
2710
0
0
0
0
0
0
973
330
0
0
0
0
0
0
410
1064
0
0
0
0
0
0
2735
2467
0
0
0
0
0
0
1140
736
0
0
0
0
0
0
4087
932
0
0
0
0
0
0
2956
2184
0
0
0
0
0
0
1354
1131
0
0
0
0
0
0
3669
850
0
0
0
0
0
0
3130
1865
0
0
0
0
0
0
1610
1504
0
0
0
0
0
0
3257
821
0
0
0
0
0
0
3255
1516
0
0
0
0
0
0
1908
1859
0
0
0
0
0
0
2856
843
0
0
0
0
0
0
3328
1143
0
0
0
0
0
0
2241
2184
0
0
0
0
0
0
2476
917
0
0
0
0
0
0
3347
750
0
0
0
0
0
0
2607
2475
0
0
0
0
0
0
2118
1042
0
0
0
0
0
0
3313
345
0
0
0
0
0
0
2993
2726
0
0
0
0
0
0
1794
1215
0
0
0
0
0
0
3226
4030
0
0
0
0
0
0
3399
2931
0
0
0
0
0
0
1504
1434
0
0
0
0
0
0
3088
3618
0
0
0
0
0
0
3816
3093
0
0
0
0
0
0
1256
1695
0
0
0
0
0
0
2900
3215
0
0
0
0
0
0
140
3203
0
0
0
0
0
0
1055
1996
0
0
0
0
0
0
2666
2827
0
0
0
0
0
0
559
3265
0
0
0
0
0
0
901
2330
0
0
0
0
0
0
2390
2457
0
0
0
0
0
0
969
3273
0
0
0
0
0
0
798
2689
0
0
0
0
0
0
2076
2114
0
0
0
0
0
0
1364
3229
0
0
0
0
0
0
748
3074
0
0
0
0
0
0
1729
1805
0
0
0
0
0
0
1734
3133
0
0
0
0
0
0
751
3474
0
0
0
0
0
0
1354
1530
0
0
0
0
0
0
2077
2988
0
0
0
0
0
0
807
3881
0
0
0
0
0
0
961
1299
0
0
0
0
0
0
2386
2795
0
0
0
0
0
0
915
193
0
0
0
0
0
0
550
1111
0
0
0
0
0
0
2658
2558
0
0
0
0
0
0
1075
600
0
0
0
0
0
0
134
973
0
0
0
0
0
0
2884
2281
0
0
0
0
0
0
1280
996
0
0
0
0
0
0
3810
883
0
0
0
0
0
0
3066
1968
0
0
0
0
0
0
1529
1374
0
0
0
0
0
0
3397
845
0
0
0
0
0
0
3197
1626
0
0
0
0
0
0
1822
1730
0
0
0
0
0
0
2996
858
0
0
0
0
0
0
3277
1258
0
0
0
0
0
0
2146
2057
0
0
0
0
0
0
2616
924
0
0
0
0
0
0
3304
873
0
0
0
0
0
0
2502
2348
0
0
0
0
0
0
2261
1040
0
0
0
0
0
0
3279
472
0
0
0
0
0
0
2881
2602
0
0
0
0
0
0
1938
1205
0
0
0
0
0
0
3202
70
0
0
0
0
0
0
3279
2813
0
0
0
0
0
0
1647
1413
0
0
0
0
0
0
3072
3762
0
0
0
0
0
0
3684
2975
0
0
0
0
0
0
1399
1661
0
0
0
0
0
0
2897
3368
0
0
0
0
0
0
0
3092
0
0
0
0
0
0
1196
1951
0
0
0
0
0
0
2674
2985
0
0
0
0
0
0
409
3159
0
0
0
0
0
0
1039
2270
0
0
0
0
0
0
2411
2624
0
0
0
0
0
0
808
3174
0
0
0
0
0
0
930
2615
0
0
0
0
0
0
2112
2287
0
0
0
0
0
0
1190
3138
0
0
0
0
0
0
875
2983
0
0
0
0
0
0
1782
1983
0
0
0
0
0
0
1552
3053
0
0
0
0
0
0
869
3366
0
0
0
0
0
0
1423
1714
0
0
0
0
0
0
1887
2919
0
0
0
0
0
0
917
3758
0
0
0
0
0
0
1047
1485
0
0
0
0
0
0
2188
2740
0
0
0
0
0
0
1013
53
0
0
0
0
0
0
656
1299
0
0
0
0
0
0
2454
2521
0
0
0
0
0
0
1158
444
0
0
0
0
0
0
259
1159
0
0
0
0
0
0
2678
2263
0
0
0
0
0
0
1349
823
0
0
0
0
0
0
3958
1068
0
0
0
0
0
0
2855
1970
0
0
0
0
0
0
1582
1186
0
0
0
0
0
0
3563
1026
0
0
0
0
0
0
2987
1648
0
0
0
0
0
0
1851
1524
0
0
0
0
0
0
3182
1030
0
0
0
0
0
0
3069
1304
0
0
0
0
0
0
2154
1837
0
0
0
0
0
0
2820
1086
0
0
0
0
0
0
3102
942
0
0
0
0
0
0
2487
2118
0
0
0
0
0
0
2483
1188
0
0
0
0
0
0
3086
568
0
0
0
0
0
0
2837
2359
0
0
0
0
0
0
2174
1335
0
0
0
0
0
0
3019
191
0
0
0
0
0
0
3207
2562
0
0
0
0
0
0
1899
1524
0
0
0
0
0
0
2907
3911
0
0
0
0
0
0
3585
2719
0
0
0
0
0
0
1662
1753
0
0
0
0
0
0
2748
3541
0
0
0
0
0
0
3967
2835
0
0
0
0
0
0
1467
2016
0
0
0
0
0
0
2549
3186
0
0
0
0
0
0
249
2902
0
0
0
0
0
0
1315
2307
0
0
0
0
0
0
2310
2848
0
0
0
0
0
0
621
2924
0
0
0
0
0
0
1210
2623
0
0
0
0
0
0
2037
2534
0
0
0
0
0
0
978
2898
0
0
0
0
0
0
1151
2960
0
0
0
0
0
0
1737
2249
0
0
0
0
0
0
1312
2825
0
0
0
0
0
0
1141
3310
0
0
0
0
0
0
1412
1999
0
0
0
0
0
0
1623
2709
0
0
0
0
0
0
1179
3668
0
0
0
0
0
0
1069
1783
0
0
0
0
0
0
1902
2550
0
0
0
0
0
0
1259
4026
0
0
0
0
0
0
715
1608
0
0
0
0
0
0
2149
2357
0
0
0
0
0
0
1387
284
0
0
0
0
0
0
356
1477
0
0
0
0
0
0
2356
2125
0
0
0
0
0
0
1554
630
0
0
0
0
0
0
4089
1386
0
0
0
0
0
0
2523
1863
0
0
0
0
0
0
1759
961
0
0
0
0
0
0
3735
1343
0
0
0
0
0
0
2646
1578
0
0
0
0
0
0
1997
1267
0
0
0
0
0
0
3391
1342
0
0
0
0
0
0
2726
1270
0
0
0
0
0
0
2266
1551
0
0
0
0
0
0
3064
1387
0
0
0
0
0
0
2761
948
0
0
0
0
0
0
2560
1805
0
0
0
0
0
0
2759
1474
0
0
0
0
0
0
2753
618
0
0
0
0
0
0
2872
2026
0
0
0
0
0
0
2480
1599
0
0
0
0
0
0
2699
280
0
0
0
0
0
0
3199
2210
0
0
0
0
0
0
2233
1764
0
0
0
0
0
0
2602
4042
0
0
0
0
0
0
3534
2356
0
0
0
0
0
0
2017
1962
0
0
0
0
0
0
2469
3715
0
0
0
0
0
0
3871
2464
0
0
0
0
0
0
1842
2189
0
0
0
0
0
0
2297
3400
0
0
0
0
0
0
108
2527
0
0
0
0
0
0
1703
2443
0
0
0
0
0
0
2091
3101
0
0
0
0
0
0
435
2549
0
0
0
0
0
0
1606
2720
0
0
0
0
0
0
1857
2825
0
0
0
0
0
0
749
2532
0
0
0
0
0
0
1550
3009
0
0
0
0
0
0
1595
2572
0
0
0
0
0
0
1043
2473
0
0
0
0
0
0
1538
3314
0
0
0
0
0
0
1316
2352
0
0
0
0
0
0
1315
2376
0
0
0
0
0
0
1564
3623
0
0
0
0
0
0
1022
2162
0
0
0
0
0
0
1559
2243
0
0
0
0
0
0
1631
3934
0
0
0
0
0
0
717
2009
0
0
0
0
0
0
1774
2078
0
0
0
0
0
0
1736
143
0
0
0
0
0
0
407
1891
0
0
0
0
0
0
1956
1883
0
0
0
0
0
0
1877
439
0
0
0
0
0
0
97
1811
0
0
0
0
0
0
2103
1663
0
0
0
0
0
0
2047
722
0
0
0
0
0
0
3889
1769
0
0
0
0
0
0
2213
1421
0
0
0
0
0
0
2248
986
0
0
0
0
0
0
3596
1764
0
0
0
0
0
0
2284
1162
0
0
0
0
0
0
2476
1231
0
0
0
0
0
0
3316
1799
0
0
0
0
0
0
2318
890
0
0
0
0
0
0
2718
1446
0
0
0
0
0
0
3058
1868
0
0
0
0
0
0
2312
610
0
0
0
0
0
0
2982
1636
0
0
0
0
0
0
2821
1970
0
0
0
0
0
0
2270
327
0
0
0
0
0
0
3254
1793
0
0
0
0
0
0
2611
2107
0
0
0
0
0
0
2193
48
0
0
0
0
0
0
3535
1920
0
0
0
0
0
0
2429
2269
0
0
0
0
0
0
2084
3870
0
0
0
0
0
0
3816
2009
0
0
0
0
0
0
2279
2456
0
0
0
0
0
0
1944
3608
0
0
0
0
0
0
4094
2065
0
0
0
0
0
0
2162
2665
0
0
0
0
0
0
1776
3359
0
0
0
0
0
0
269
2088
0
0
0
0
0
0
2080
2891
0
0
0
0
0
0
1586
3130
0
0
0
0
0
0
527
2075
0
0
0
0
0
0
2031
3130
0
0
0
0
0
0
1372
2921
0
0
0
0
0
0
770
2030
0
0
0
0
0
0
2017
3376
0
0
0
0
0
0
1145
2739
0
0
0
0
0
0
992
1953
0
0
0
0
0
0
2038
3630
0
0
0
0
0
0
905
2583
0
0
0
0
0
0
1194
1848
0
0
0
0
0
0
2090
3880
0
0
0
0
0
0
658
2456
0
0
0
0
0
0
1369
1714
0
0
0
0
0
0
2173
33
0
0
0
0
0
0
407
2358
0
0
0
0
0
0
1517
1559
0
0
0
0
0
0
2284
271
0
0
0
0
0
0
157
2292
0
0
0
0
0
0
1637
1383
0
0
0
0
0
0
2421
499
0
0
0
0
0
0
4011
2258
0
0
0
0
0
0
1725
1189
0
0
0
0
0
0
2580
712
0
0
0
0
0
0
3777
2252
0
0
0
0
0
0
1784
983
0
0
0
0
0
0
2757
904
0
0
0
0
0
0
3555
2278
0
0
0
0
0
0
1811
768
0
0
0
0
0
0
2951
1077
0
0
0
0
0
0
3349
2332
0
0
0
0
0
0
1808
548
0
0
0
0
0
0
3158
1228
0
0
0
0
0
0
3162
2413
0
0
0
0
0
0
1775
326
0
0
0
0
0
0
3371
1352
0
0
0
0
0
0
2997
2516
0
0
0
0
0
0
1719
108
0
0
0
0
0
0
3590
1451
0
0
0
0
0
0
2855
2644
0
0
0
0
0
0
1634
3991
0
0
0
0
0
0
3808
1522
0
0
0
0
0
0
2738
2789
0
0
0
0
0
0
1524
3787
0
0
0
0
0
0
4021
1564
0
0
0
0
0
0
2647
2949
0
0
0
0
0
0
1396
3597
0
0
0
0
0
0
135
1583
0
0
0
0
0
0
2584
3123
0
0
0
0
0
0
1250
3419
0
0
0
0
0
0
332
1574
0
0
0
0
0
0
2546
3304
0
0
0
0
0
0
1088
3261
0
0
0
0
0
0
518
1539
0
0
0
0
0
0
2535
3493
0
0
0
0
0
0
914
3122
0
0
0
0
0
0
687
1481
0
0
0
0
0
0
2551
3684
0
0
0
0
0
0
735
3004
0
0
0
0
0
0
839
1401
0
0
0
0
0
0
2590
3873
0
0
0
0
0
0
549
2910
0
0
0
0
0
0
970
1302
0
0
0
0
0
0
2652
4059
0
0
0
0
0
0
362
2837
0
0
0
0
0
0
1081
1186
0
0
0
0
0
0
2736
141
0
0
0
0
0
0
175
2788
0
0
0
0
0
0
1170
1055
0
0
0
0
0
0
2838
308
0
0
0
0
0
0
4093
2762
0
0
0
0
0
0
1233
911
0
0
0
0
0
0
2956
466
0
0
0
0
0
0
3920
2761
0
0
0
0
0
0
1275
761
0
0
0
0
0
0
3086
606
0
0
0
0
0
0
3758
2779
0
0
0
0
0
0
1295
603
0
0
0
0
0
0
3228
731
0
0
0
0
0
0
3610
2820
0
0
0
0
0
0
1293
443
0
0
0
0
0
0
3378
837
0
0
0
0
0
0
3476
2880
0
0
0
0
0
0
1269
285
0
0
0
0
0
0
3532
926
0
0
0
0
0
0
3357
2956
0
0
0
0
0
0
1225
128
0
0
0
0
0
0
3688
995
0
0
0
0
0
0
3257
3047
0
0
0
0
0
0
1162
4072
0
0
0
0
0
0
3845
1046
0
0
0
0
0
0
3176
3149
0
0
0
0
0
0
1085
3927
0
0
0
0
0
0
3995
1075
0
0
0
0
0
0
3114
3265
0
0
0
0
0
0
993
3793
0
0
0
0
0
0
44
1086
0
0
0
0
0
0
3071
3388
0
0
0
0
0
0
889
3672
0
0
0
0
0
0
183
1078
0
0
0
0
0
0
3045
3514
0
0
0
0
0
0
776
3563
0
0
0
0
0
0
310
1052
0
0
0
0
0
0
3040
3645
0
0
0
0
0
0
655
3468
0
0
0
0
0
0
424
1010
0
0
0
0
0
0
3054
3776
0
0
0
0
0
0
533
3391
0
0
0
0
0
0
527
954
0
0
0
0
0
0
3082
3905
0
0
0
0
0
0
405
3327
0
0
0
0
0
0
613
883
0
0
0
0
0
0
3127
4030
0
0
0
0
0
0
279
3282
0
0
0
0
0
0
686
803
0
0
0
0
0
0
3184
52
0
0
0
0
0
0
155
3251
0
0
0
0
0
0
743
715
0
0
0
0
0
0
3256
164
0
0
0
0
0
0
37
3237
0
0
0
0
0
0
783
619
0
0
0
0
0
0
3334
266
0
0
0
0
0
0
4018
3237
0
0
0
0
0
0
807
519
0
0
0
0
0
0
3422
357
0
0
0
0
0
0
3914
3252
0
0
0
0
0
0
817
416
0
0
0
0
0
0
3516
435
0
0
0
0
0
0
3819
3281
0
0
0
0
0
0
812
310
0
0
0
0
0
0
3613
502
0
0
0
0
0
0
3735
3323
0
0
0
0
0
0
794
209
0
0
0
0
0
0
3713
557
0
0
0
0
0
0
3662
3373
0
0
0
0
0
0
764
111
0
0
0
0
0
0
3812
599
0
0
0
0
0
0
3601
3433
0
0
0
0
0
0
723
15
0
0
0
0
0
0
3910
626
0
0
0
0
0
0
3553
3500
0
0
0
0
0
0
670
4022
0
0
0
0
0
0
4003
641
0
0
0
0
0
0
3517
3574
0
0
0
0
0
0
610
3940
0
0
0
0
0
0
4092
642
0
0
0
0
0
0
3494
3650
0
0
0
0
0
0
544
3867
0
0
0
0
0
0
80
635
0
0
0
0
0
0
3485
3729
0
0
0
0
0
0
473
3805
0
0
0
0
0
0
154
615
0
0
0
0
0
0
3484
3808
0
0
0
0
0
0
401
3752
0
0
0
0
0
0
222
587
0
0
0
0
0
0
3495
3887
0
0
0
0
0
0
325
3708
0
0
0
0
0
0
277
551
0
0
0
0
0
0
3514
3961
0
0
0
0
0
0
249
3672
0
0
0
0
0
0
326
506
0
0
0
0
0
0
3545
4034
0
0
0
0
0
0
177
3651
0
0
0
0
0
0
365
458
0
0
0
0
0
0
3582
6
0
0
0
0
0
0
107
3638
0
0
0
0
0
0
393
405
0
0
0
0
0
0
3626
68
0
0
0
0
0
0
41
3634
0
0
0
0
0
0
413
349
0
0
0
0
0
0
3672
122
0
0
0
0
0
0
4073
3637
0
0
0
0
0
0
421
290
0
0
0
0
0
0
3725
171
0
0
0
0
0
0
4018
3650
0
0
0
0
0
0
424
234
0
0
0
0
0
0
3777
210
0
0
0
0
0
0
3968
3670
0
0
0
0
0
0
415
176
0
0
0
0
0
0
3833
244
0
0
0
0
0
0
3925
3694
0
0
0
0
0
0
402
121
0
0
0
0
0
0
3885
268
0
0
0
0
0
0
3891
3726
0
0
0
0
0
0
382
69
0
0
0
0
0
0
3939
286
0
0
0
0
0
0
3861
3761
0
0
0
0
0
0
357
22
0
0
0
0
0
0
3989
295
0
0
0
0
0
0
3841
3798
0
0
0
0
0
0
326
4073
0
0
0
0
0
0
4036
299
0
0
0
0
0
0
3829
3838
0
0
0
0
0
0
293
4034
0
0
0
0
0
0
4080
297
0
0
0
0
0
0
3821
3878
0
0
0
0
0
0
258
4002
0
0
0
0
0
0
21
288
0
0
0
0
0
0
3821
3919
0
0
0
0
0
0
221
3974
0
0
0
0
0
0
57
275
0
0
0
0
0
0
3825
3957
0
0
0
0
0
0
185
3952
0
0
0
0
0
0
86
258
0
0
0
0
0
0
3835
3994
0
0
0
0
0
0
149
3936
0
0
0
0
0
0
108
236
0
0
0
0
0
0
3848
4028
0
0
0
0
0
0
113
3924
0
0
0
0
0
0
127
214
0
0
0
0
0
0
3865
4059
0
0
0
0
0
0
80
3918
0
0
0
0
0
0
140
188
0
0
0
0
0
0
3885
4087
0
0
0
0
0
0
49
3916
0
0
0
0
0
0
149
164
0
0
0
0
0
0
3908
17
0
0
0
0
0
0
22
3918
0
0
0
0
0
0
153
138
0
0
0
0
0
0
3930
36
0
0
0
0
0
0
4093
3924
0
0
0
0
0
0
151
112
0
0
0
0
0
0
3955
55
0
0
0
0
0
0
4074
3935
0
0
0
0
0
0
148
87
0
0
0
0
0
0
3978
66
0
0
0
0
0
0
4056
3946
0
0
0
0
0
0
139
64
0
0
0
0
0
0
4000
75
0
0
0
0
0
0
4043
3959
0
0
0
0
0
0
131
44
0
0
0
0
0
0
4021
82
0
0
0
0
0
0
4032
3973
0
0
0
0
0
0
119
26
0
0
0
0
0
0
4041
84
0
0
0
0
0
0
4027
3989
0
0
0
0
0
0
106
9
0
0
0
0
0
0
4057
83
0
0
0
0
0
0
4024
4006
0
0
0
0
0
0
94
4092
0
0
0
0
0
0
4073
81
0
0
0
0
0
0
4021
4021
0
0
0
0
0
0
80
4082
0
0
0
0
0
0
4085
76
0
0
0
0
0
0
4025
4035
0
0
0
0
0
0
65
4072
0
0
0
0
0
0
0
69
0
0
0
0
0
0
4028
4048
0
0
0
0
0
0
52
4067
0
0
0
0
0
0
9
61
0
0
0
0
0
0
4032
4060
0
0
0
0
0
0
41
4064
0
0
0
0
0
0
14
54
0
0
0
0
0
0
4038
4070
0
0
0
0
0
0
32
4063
0
0
0
0
0
0
18
46
0
0
0
0
0
0
4045
4079
0
0
0
0
0
0
22
4063
0
0
0
0
0
0
20
37
0
0
0
0
0
0
4053
4085
0
0
0
0
0
0
13
4064
0
0
0
0
0
0
21
29
0
0
0
0
0
0
4059
4089
0
0
0
0
0
0
6
4066
0
0
0
0
0
0
20
23
0
0
0
0
0
0
4067
4095
0
0
0
0
0
0
0
4070
0
0
0
0
0
0
16
16
0
0
0
0
0
0
4073
1
0
0
0
0
0
0
4094
4074
0
0
0
0
0
0
14
11
0
0
0
0
0
0
4079
3
0
0
0
0
0
0
4091
4078
0
0
0
0
0
0
11
6
0
0
0
0
0
0
4084
3
0
0
0
0
0
0
4092
4082
0
0
0
0
0
0
7
2
0
0
0
0
0
0
4086
2
0
0
0
0
0
0
4090
4085
0
0
0
0
0
0
4
0
0
0
0
0
0
0
4089
0
0
0
0
0
0
0
4090
4088
0
0
0
0
0
0
2
4094
0
0
0
0
0
0
4091
1
0
0
0
0
0
0
4092
4090
0
0
0
0
0
0
4095
4094
0
0
0
0
0
0
4092
4094
0
0
0
0
0
0
4093
4092
0
0
0
0
0
0
4094
4093
0
0
0
0
0
0
4094
4095
0
0
0
0
0
0
4092
4092
0
0
0
0
0
0
4094
4093
0
0
0
0
0
0
4094
4095
0
0
0
0
0
0
4092
4092
0
0
0
0
0
0
4095
0
0
0
0
0
0
0
4095
0
0
0
0
0
0
0
0
4095
0
0
0
0
0
0
0
0
0
0
0
0
0
0
0
0
0
0
0
0
0
0
0
0
0
0
0
0
0
0
0
0
0
0
0
0
0
0
0
0
0
0
0
0
0
0
0
0
0
0
0
0
0
0
0
0
0
0
0
0
0
0
0
0
0
0
0
0
0
0
0
0
0
0
0
0
0
0
0
0
0
0
0
0
0
0
0
0
0
0
0
0
0
0
0
0
0
0
0
0
0
0
0
0
0
0
0
0
0
0
0
0
0
0
0
0
0
0
0
0
0
0
0
0
0
0
0
0
0
0
0
0
0
0
0
0
0
0
0
0
0
0
0
0
0
0
0
0
0
0
0
0
0
0
0
0
0
0
0
0
0
0
0
0
0
0
0
0
0
0
0
0
0
0
0
0
0
0
0
0
0
0
0
0
0
0
0
0
0
0
0
0
0
0
0
0
0
0
0
0
0
0
0
0
0
0
0
0
0
0
0
0
0
0
0
0
0
0
0
0
0
0
0
0
0
0
0
0
0
0
0
0
0
0
0
0
0
0
0
0
0
0
0
0
0
0
0
0
0
0
0
0
0
0
0
0
0
0
0
0
0
0
0
0
0
0
0
0
0
0
0
0
0
0
0
0
0
0
0
0
0
0
0
0
0
0
0
0
0
0
0
0
0
0
0
0
0
0
0
0
0
0
0
0
0
0
0
0
0
0
0
0
0
0
0
0
0
0
0
0
0
0
0
0
0
0
0
0
0
0
0
0
0
0
0
0
0
0
0
0
0
0
0
0
0
0
0
0
0
0
0
0
0
0
0
0
0
0
0
0
0
0
0
0
0
0
0
0
0
0
0
0
0
0
0
0
0
0
0
0
0
0
0
0
0
0
0
0
0
0
0
0
0
0
0
0
0
0
0
0
0
0
0
0
0
0
0
0
0
0
0
0
0
0
0
0
0
0
0
0
0
0
0
0
0
0
0
0
0
0
0
0
0
0
0
0
0
0
0
0
0
0
0
0
0
0
0
0
0
0
0
0
0
0
0
0
0
0
0
0
0
0
0
0
0
0
0
0
0
0
0
0
0
0
0
0
0
0
0
0
0
0
0
0
0
0
0
0
0
0
0
0
0
0
0
0
0
0
0
0
0
0
0
0
0
0
0
0
0
0
0
0
0
0
0
0
0
0
0
0
0
0
0
0
0
0
0
0
0
0
0
0
0
0
0
0
0
0
0
0
0
0
0
0
0
0
0
0
0
0
0
0
0
0
0
0
0
0
0
0
0
0
0
0
0
0
0
0
0
0
0
0
0
0
0
0
0
0
0
0
0
0
0
0
0
0
0
0
0
0
0
0
0
0
0
0
0
0
0
0
0
0
0
0
0
0
0
0
0
0
0
0
0
0
0
0
0
0
0
0
0
0
0
0
0
0
0
0
0
0
0
0
0
0
0
0
0
0
0
0
0
0
0
0
0
0
0
0
0
0
0
0
0
0
0
0
0
0
0
0
0
0
0
0
0
0
0
0
0
0
0
0
0
0
0
0
0
0
0
0
0
0
0
0
0
0
0
0
0
0
0
0
0
0
0
0
0
0
0
0
0
0
0
0
0
0
0
0
0
0
0
0
0
0
0
0
0
0
0
0
0
0
0
0
0
0
0
0
0
0
0
0
0
0
0
0
0
0
0
0
0
0
0
0
0
0
0
0
0
0
0
0
0
0
0
0
0
0
0
0
0
0
0
0
0
0
0
0
0
0
0
0
0
0
0
0
0
0
0
0
0
0
0
0
0
0
0
0
0
0
0
0
0
0
0
0
0
0
0
0
0
0
0
0
0
0
0
0
0
0
0
0
0
0
0
0
0
0
0
0
0
0
0
0
0
0
0
0
0
0
0
0
0
0
0
0
0
0
0
0
0
0
0
0
0
0
0
0
0
0
0
0
0
0
0
0
0
0
0
0
0
0
0
0
0
0
0
0
0
0
0
0
0
0
0
0
0
0
0
0
0
0
0
0
0
0
0
0
0
0
0
0
0
0
0
0
0
0
0
0
0
0
0
0
0
0
0
0
0
0
0
0
0
0
0
0
0
0
0
0
0
0
0
0
0
0
0
0
0
0
0
0
0
0
0
0
0
0
0
0
0
0
0
0
0
0
0
0
0
0
0
0
0
0
0
0
0
0
0
0
0
0
0
0
0
0
0
0
0
0
0
0
0
0
0
0
0
0
0
0
0
0
0
0
0
0
0
0
0
0
0
0
0
0
0
0
0
0
0
0
0
0
0
0
0
0
0
0
0
0
0
0
0
0
0
0
0
0
0
0
0
0
0
0
0
0
0
0
0
0
0
0
0
0
0
0
0
0
0
0
0
0
0
0
0
0
0
0
0
0
0
0
0
0
0
0
0
0
0
0
0
0
0
0
0
0
0
0
0
0
0
0
0
0
0
0
0
0
0
0
0
0
0
0
0
0
0
0
0
0
0
0
0
0
0
0
0
0
0
0
0
0
0
0
0
0
0
0
0
0
0
0
0
0
0
0
0
0
0
0
0
0
0
0
0
0
0
0
0
0
0
0
0
0
0
0
0
0
0
0
0
0
0
0
0
0
0
0
0
0
0
0
0
0
0
0
0
0
0
0
0
0
0
0
0
0
0
0
0
0
0
0
0
0
0
0
0
0
0
0
0
0
0
0
0
0
0
0
0
0
0
0
0
0
0
0
0
0
0
0
0
0
0
0
0
0
0
0
0
0
0
0
0
0
0
0
0
0
0
0
0
0
0
0
0
0
0
0
0
0
0
0
0
0
0
0
0
0
0
0
0
0
0
0
0
0
0
0
0
0
0
0
0
0
0
0
0
0
0
0
0
0
0
0
0
0
0
0
0
0
0
0
0
0
0
0
0
0
0
0
0
0
0
0
0
0
0
0
0
0
0
0
0
0
0
0
0
0
0
0
0
0
0
0
0
0
0
0
0
0
0
0
0
0
0
0
0
0
0
0
0
0
0
0
0
0
0
0
0
0
0
0
0
0
0
0
0
0
0
0
0
0
0
0
0
0
0
0
0
0
0
0
0
0
0
0
0
0
0
0
0
0
0
0
0
0
0
0
0
0
0
0
0
0
0
0
0
0
0
0
0
0
0
0
0
0
0
0
0
0
0
0
0
0
0
0
0
0
0
0
0
0
0
0
0
0
0
0
0
0
0
0
0
0
0
0
0
0
0
0
0
0
0
0
0
0
0
0
0
0
0
0
0
0
0
0
0
0
0
0
0
0
0
0
0
0
0
0
0
0
0
0
0
0
0
0
0
0
0
0
0
0
0
0
0
0
0
0
0
0
0
0
0
0
0
0
0
0
0
0
0
0
0
0
0
0
0
0
0
0
0
0
0
0
0
0
0
0
0
0
0
0
0
0
0
0
0
0
0
0
0
0
0
0
0
0
0
0
0
0
0
0
0
0
0
0
0
0
0
0
0
0
0
0
0
0
0
0
0
0
0
0
0
0
0
0
0
0
0
0
0
0
0
0
0
0
0
0
0
0
0
0
0
0
0
0
0
0
0
0
0
0
0
0
0
0
0
0
0
0
0
0
0
0
0
0
0
0
0
0
0
0
0
0
0
0
0
0
0
0
0
0
0
0
0
0
0
0
0
0
0
0
0
0
0
0
0
0
0
0
0
0
0
0
0
0
0
0
0
0
0
0
0
0
0
0
0
0
0
0
0
0
0
0
0
0
0
0
0
0
0
0
0
0
0
0
0
0
0
0
0
0
0
0
0
0
0
0
0
0
0
0
0
0
0
0
0
0
0
0
0
0
0
0
0
0
0
0
0
0
0
0
0
0
0
0
0
0
0
0
0
0
0
0
0
0
0
0
0
0
0
0
0
0
0
0
0
0
0
0
0
0
0
0
0
0
0
0
0
0
0
0
0
0
0
0
0
0
0
0
0
0
0
0
0
0
0
0
0
0
0
0
0
0
0
0
0
0
0
0
0
0
0
0
0
0
0
0
0
0
0
0
0
0
0
0
0
0
0
0
0
0
0
0
0
0
0
0
0
0
0
0
0
0
0
0
0
0
0
0
0
0
0
0
0
0
0
0
0
0
0
0
0
0
0
0
0
0
0
0
0
0
0
0
0
0
0
0
0
0
0
0
0
0
0
0
0
0
0
0
0
0
0
0
0
0
0
0
0
0
0
0
0
0
0
0
0
0
0
0
0
0
0
0
0
0
0
0
0
0
0
0
0
0
0
0
0
0
0
0
0
0
0
0
0
0
0
0
0
0
0
0
0
0
0
0
0
0
0
0
0
0
0
0
0
0
0
0
0
0
0
0
0
0
0
0
0
0
0
0
0
0
0
0
0
0
0
0
0
0
0
0
0
0
0
0
0
0
0
0
0
0
0
0
0
0
0
0
0
0
0
0
0
0
0
0
0
0
0
0
0
0
0
0
0
0
0
0
0
0
0
0
0
0
0
0
0
0
0
0
0
0
0
0
0
0
0
0
0
0
0
0
0
0
0
0
0
0
0
0
0
0
0
0
0
0
0
0
0
0
0
0
0
0
0
0
0
0
0
0
0
0
0
0
0
0
0
0
0
0
0
0
0
0
0
0
0
0
0
0
0
0
0
0
0
0
0
0
0
0
0
0
0
0
0
0
0
0
0
0
0
0
0
0
0
0
0
0
0
0
0
0
0
0
0
0
0
0
0
0
0
0
0
0
0
0
0
0
0
0
0
0
0
0
0
0
0
0
0
0
0
0
0
0
0
0
0
0
0
0
0
0
0
0
0
0
0
0
0
0
0
0
0
0
0
0
0
0
0
0
0
0
0
0
0
0
0
0
0
0
0
0
0
0
0
0
0
0
0
0
0
0
0
0
0
0
0
0
0
0
0
0
0
0
0
0
0
0
0
0
0
0
0
0
0
0
0
0
0
0
0
0
0
0
0
0
0
0
0
0
0
0
0
0
0
0
0
0
0
0
0
0
0
0
0
0
0
0
0
0
0
0
0
0
0
0
0
0
0
0
0
0
0
0
0
0
0
0
0
0
0
0
0
0
0
0
0
0
0
0
0
0
0
0
0
0
0
0
0
0
0
0
0
0
0
0
0
0
0
0
0
0
0
0
0
0
0
0
0
0
0
0
0
0
0
0
0
0
0
0
0
0
0
0
0
0
0
0
0
0
0
0
0
0
0
0
0
0
0
0
0
0
0
0
0
0
0
0
0
0
0
0
0
0
0
0
0
0
0
0
0
0
0
0
0
0
0
0
0
0
0
0
0
0
0
0
0
0
0
0
0
0
0
0
0
0
0
0
0
0
0
0
0
0
0
0
0
0
0
0
0
0
0
0
0
0
0
0
0
0
0
0
0
0
0
0
0
0
0
0
0
0
0
0
0
0
0
0
0
0
0
0
0
0
0
0
0
0
0
0
0
0
0
0
0
0
0
0
0
0
0
0
0
0
0
0
0
0
0
0
0
0
0
0
0
0
0
0
0
0
0
0
0
0
0
0
0
0
0
0
0
0
0
0
0
0
0
0
0
0
0
0
0
0
0
0
0
0
0
0
0
0
0
0
0
0
0
0
0
0
0
0
0
0
0
0
0
0
0
0
0
0
0
0
0
0
0
0
0
0
0
0
0
0
0
0
0
0
0
0
0
0
0
0
0
0
0
0
0
0
0
0
0
0
0
0
0
0
0
0
0
0
0
0
0
0
0
0
0
0
0
0
0
0
0
0
0
0
0
0
0
0
0
0
0
0
0
0
0
0
0
0
0
0
0
0
0
0
0
0
0
0
0
0
0
0
0
0
0
0
0
0
0
0
0
0
0
0
0
0
0
0
0
0
0
0
0
0
0
0
0
0
0
0
0
0
0
0
0
0
0
0
0
0
0
0
0
0
0
0
0
0
0
0
0
0
0
0
0
0
0
0
0
0
0
0
0
0
0
0
0
0
0
0
0
0
0
0
0
0
0
0
0
0
0
0
0
0
0
0
0
0
0
0
0
0
0
0
0
0
0
0
0
0
0
0
0
0
0
0
0
0
0
0
0
0
0
0
0
0
0
0
0
0
0
0
0
0
0
0
0
0
0
0
0
0
0
0
0
0
0
0
0
0
0
0
0
0
0
0
0
0
0
0
0
0
0
0
0
0
0
0
0
0
0
0
0
0
0
0
0
0
0
0
0
0
0
0
0
0
0
0
0
0
0
0
0
0
0
0
0
0
0
0
0
0
0
0
0
0
0
0
0
0
0
0
0
0
0
0
0
0
0
0
0
0
0
0
0
0
0
0
0
0
0
0
0
0
0
0
0
0
0
0
0
0
0
0
0
0
0
0
0
0
0
0
0
0
0
0
0
0
0
0
0
0
0
0
0
0
0
0
0
0
0
0
0
0
0
0
0
0
0
0
0
0
0
0
0
0
0
0
0
0
0
0
0
0
0
0
0
0
0
0
0
0
0
0
0
0
0
0
0
0
0
0
0
0
0
0
0
0
0
0
0
0
0
0
0
0
0
0
0
0
0
0
0
0
0
0
0
0
0
0
0
0
0
0
0
0
0
0
0
0
0
0
0
0
0
0
0
0
0
0
0
0
0
0
0
0
0
0
0
0
0
0
0
0
0
0
0
0
0
0
0
0
0
0
0
0
0
0
0
0
0
0
0
0
0
0
0
0
0
0
0
0
0
0
0
0
0
0
0
0
0
0
0
0
0
0
0
0
0
0
0
0
0
0
0
0
0
0
0
0
0
0
0
0
0
0
0
0
0
0
0
0
0
0
0
0
0
0
0
0
0
0
0
0
0
0
0
0
0
0
0
0
0
0
0
0
0
0
0
0
0
0
0
0
0
0
0
0
0
0
0
0
0
0
0
0
0
0
0
0
0
0
0
0
0
0
0
0
0
0
0
0
0
0
0
0
0
0
0
0
0
0
0
0
0
0
0
0
0
0
0
0
0
0
0
0
0
0
0
0
0
0
0
0
0
0
0
0
0
0
0
0
0
0
0
0
0
0
0
0
0
0
0
0
0
0
0
0
0
0
0
0
0
0
0
0
0
0
0
0
0
0
0
0
0
0
0
0
0
0
0
0
0
0
0
0
0
0
0
0
0
0
0
0
0
0
0
0
0
0
0
0
0
0
0
0
0
0
0
0
0
0
0
0
0
0
0
0
0
0
0
0
0
0
0
0
0
0
0
0
0
0
0
0
0
0
0
0
0
0
0
0
0
0
0
0
0
0
0
0
0
0
0
0
0
0
0
0
0
0
0
0
0
0
0
0
0
0
0
0
0
0
0
0
0
0
0
0
0
0
0
0
0
0
0
0
0
0
0
0
0
0
0
0
0
0
0
0
0
0
0
0
0
0
0
0
0
0
0
0
0
0
0
0
0
0
0
0
0
0
0
0
0
0
0
0
0
0
0
0
0
0
0
0
0
0
0
0
0
0
0
0
0
0
0
0
0
0
0
0
0
0
0
0
0
0
0
0
0
0
0
0
0
0
0
0
0
0
0
0
0
0
0
0
0
0
0
0
0
0
0
0
0
0
0
0
0
0
0
0
0
0
0
0
0
0
0
0
0
0
0
0
0
0
0
0
0
0
0
0
0
0
0
0
0
0
0
0
0
0
0
0
0
0
0
0
0
0
0
0
0
0
0
0
0
0
0
0
0
0
0
0
0
0
0
0
0
0
0
0
0
0
0
0
0
0
0
0
0
0
0
0
0
0
0
0
0
0
0
0
0
0
0
0
0
0
0
0
0
0
0
0
0
0
0
0
0
0
0
0
0
0
0
0
0
0
0
0
0
0
0
0
0
0
0
0
0
0
0
0
0
0
0
0
0
0
0
0
0
0
0
0
0
0
0
0
0
0
0
0
0
0
0
0
0
0
0
0
0
0
0
0
0
0
0
0
0
0
0
0
0
0
0
0
0
0
0
0
0
0
0
0
0
0
0
0
0
0
0
0
0
0
0
0
0
0
0
0
0
0
0
0
0
0
0
0
0
0
0
0
0
0
0
0
0
0
0
0
0
0
0
0
0
0
0
0
0
0
0
0
0
0
0
0
0
0
0
0
0
0
0
0
0
0
0
0
0
0
0
0
0
0
0
0
0
0
0
0
0
0
0
0
0
0
0
0
0
0
0
0
0
0
0
0
0
0
0
0
0
0
0
0
0
0
0
0
0
0
0
0
0
0
0
0
0
0
0
0
0
0
0
0
0
0
0
0
0
0
0
0
0
0
0
0
0
0
0
0
0
0
0
0
0
0
0
0
0
0
0
0
0
0
0
0
0
0
0
0
0
0
0
0
0
0
0
0
0
0
0
0
0
0
0
0
0
0
0
0
0
0
0
0
0
0
0
0
0
0
0
0
0
0
0
0
0
0
0
0
0
0
0
0
0
0
0
0
0
0
0
0
0
0
0
0
0
0
0
0
0
0
0
0
0
0
0
0
0
0
0
0
0
0
0
0
0
0
0
0
0
0
0
0
0
0
0
0
0
0
0
0
0
0
0
0
0
0
0
0
0
0
0
0
0
0
0
0
0
0
0
0
0
0
0
0
0
0
0
0
0
0
0
0
0
0
0
0
0
0
0
0
0
0
0
0
0
0
0
0
0
0
0
0
0
0
0
0
0
0
0
0
0
0
0
0
0
0
0
0
0
0
0
0
0
0
0
0
0
0
0
0
0
0
0
0
0
0
0
0
0
0
0
0
0
0
0
0
0
0
0
0
0
0
0
0
0
0
0
0
0
0
0
0
0
0
0
0
0
0
0
0
0
0
0
0
0
0
0
0
0
0
0
0
0
0
0
0
0
0
0
0
0
0
0
0
0
0
0
0
0
0
0
0
0
0
0
0
0
0
0
0
0
0
0
0
0
0
0
0
0
0
0
0
0
0
0
0
0
0
0
0
0
0
0
0
0
0
0
0
0
0
0
0
0
0
0
0
0
0
0
0
0
0
0
0
0
0
0
0
0
0
0
0
0
0
0
0
0
0
0
0
0
0
0
0
0
0
0
0
0
0
0
0
0
0
0
0
0
0
0
0
0
0
0
0
0
0
0
0
0
0
0
0
0
0
0
0
0
0
0
0
0
0
0
0
0
0
0
0
0
0
0
0
0
0
0
0
0
0
0
0
0
0
0
0
0
0
0
0
0
0
0
0
0
0
0
0
0
0
0
0
0
0
0
0
0
0
0
0
0
0
0
0
0
0
0
0
0
0
0
0
0
0
0
0
0
0
0
0
0
0
0
0
0
0
0
0
0
0
0
0
0
0
0
0
0
0
0
0
0
0
0
0
0
0
0
0
0
0
0
0
0
0
0
0
0
0
0
0
0
0
0
0
0
0
0
0
0
0
0
0
0
0
0
0
0
0
0
0
0
0
0
0
0
0
0
0
0
0
0
0
0
0
0
0
0
0
0
0
0
0
0
0
0
0
0
0
0
0
0
0
0
0
0
0
0
0
0
0
0
0
0
0
0
0
0
0
0
0
0
0
0
0
0
0
0
0
0
0
0
0
0
0
0
0
0
0
0
0
0
0
0
0
0
0
0
0
0
0
0
0
0
0
0
0
0
0
0
0
0
0
0
0
0
0
0
0
0
0
0
0
0
0
0
0
0
0
0
0
0
0
0
0
0
0
0
0
0
0
0
0
0
0
0
0
0
0
0
0
0
0
0
0
0
0
0
0
0
0
0
0
0
0
0
0
0
0
0
0
0
0
0
0
0
0
0
0
0
0
0
0
0
0
0
0
0
0
0
0
0
0
0
0
0
0
0
0
0
0
0
0
0
0
0
0
0
0
0
0
0
0
0
0
0
0
0
0
0
0
0
0
0
0
0
0
0
0
0
0
0
0
0
0
0
0
0
0
0
0
0
0
0
0
0
0
0
0
0
0
0
0
0
0
0
0
0
0
0
0
0
0
0
0
0
0
0
0
0
0
0
0
0
0
0
0
0
0
0
0
0
0
0
0
0
0
0
0
0
0
0
0
0
0
0
0
0
0
0
0
0
0
0
0
0
0
0
0
0
0
0
0
0
0
0
0
0
0
0
0
0
0
0
0
0
0
0
0
0
0
0
0
0
0
0
0
0
0
0
0
0
0
0
0
0
0
0
0
0
0
0
0
0
0
0
0
0
0
0
0
0
0
0
0
0
0
0
0
0
0
0
0
0
0
0
0
0
0
0
0
0
0
0
0
0
0
0
0
0
0
0
0
0
0
0
0
0
0
0
0
0
0
0
0
0
0
0
0
0
0
0
0
0
0
0
0
0
0
0
0
0
0
0
0
0
0
0
0
0
0
0
0
0
0
0
0
0
0
0
0
0
0
0
0
0
0
0
0
0
0
0
0
0
0
0
0
0
0
0
0
0
0
0
0
0
0
0
0
0
0
0
0
0
0
0
0
0
0
0
0
0
0
0
0
0
0
0
0
0
0
0
0
0
0
0
0
0
0
0
0
0
0
0
0
0
0
0
0
0
0
0
0
0
0
0
0
0
0
0
0
0
0
0
0
0
0
0
0
0
0
0
0
0
0
0
0
0
0
0
0
0
0
0
0
0
0
0
0
0
0
0
0
0
0
0
0
0
0
0
0
0
0
0
0
0
0
0
0
0
0
0
0
0
0
0
0
0
0
0
0
0
0
0
0
0
0
0
0
0
0
0
0
0
0
0
0
0
0
0
0
0
0
0
0
0
0
0
0
0
0
0
0
0
0
0
0
0
0
0
0
0
0
0
0
0
0
0
0
0
0
0
0
0
0
0
0
0
0
0
0
0
0
0
0
0
0
0
0
0
0
0
0
0
0
0
0
0
0
0
0
0
0
0
0
0
0
0
0
0
0
0
0
0
0
0
0
0
0
0
0
0
0
0
0
0
0
0
0
0
0
0
0
0
0
0
0
0
0
0
0
0
0
0
0
0
0
0
0
0
0
0
0
0
0
0
0
0
0
0
0
0
0
0
0
0
0
0
0
0
0
0
0
0
0
0
0
0
0
0
0
0
0
0
0
0
0
0
0
0
0
0
0
0
0
0
0
0
0
0
0
0
0
0
0
0
0
0
0
0
0
0
0
0
0
0
0
0
0
0
0
0
0
0
0
0
0
0
0
0
0
0
0
0
0
0
0
0
0
0
0
0
0
0
0
0
0
0
0
0
0
0
0
0
0
0
0
0
0
0
0
0
0
0
0
0
0
0
0
0
0
0
0
0
0
0
0
0
0
0
0
0
0
0
0
0
0
0
0
0
0
0
0
0
0
0
0
0
0
0
0
0
0
0
0
0
0
0
0
0
0
0
0
0
0
0
0
0
0
0
0
0
0
0
0
0
0
0
0
0
0
0
0
0
0
0
0
0
0
0
0
0
0
0
0
0
0
0
0
0
0
0
0
0
0
0
0
0
0
0
0
0
0
0
0
0
0
0
0
0
0
0
0
0
0
0
0
0
0
0
0
0
0
0
0
0
0
0
0
0
0
0
0
0
0
0
0
0
0
0
0
0
0
0
0
0
0
0
0
0
0
0
0
0
0
0
0
0
0
0
0
0
0
0
0
0
0
0
0
0
0
0
0
0
0
0
0
0
0
0
0
0
0
0
0
0
0
0
0
0
0
0
0
0
0
0
0
0
0
0
0
0
0
0
0
0
0
0
0
0
0
0
0
0
0
0
0
0
0
0
0
0
0
0
0
0
0
0
0
0
0
0
0
0
0
0
0
0
0
0
0
0
0
0
0
0
0
0
0
0
0
0
0
0
0
0
0
0
0
0
0
0
0
0
0
0
0
0
0
0
0
0
0
0
0
0
0
0
0
0
0
0
0
0
0
0
0
0
0
0
0
0
0
0
0
0
0
0
0
0
0
0
0
0
0
0
0
0
0
0
0
0
0
0
0
0
0
0
0
0
0
0
0
0
0
0
0
0
0
0
0
0
0
0
0
0
0
0
0
0
0
0
0
0
0
0
0
0
0
0
0
0
0
0
0
0
0
0
0
0
0
0
0
0
0
0
0
0
0
0
0
0
0
0
0
0
0
0
0
0
0
0
0
0
0
0
0
0
0
0
0
0
0
0
0
0
0
0
0
0
0
0
0
0
0
0
0
0
0
0
0
0
0
0
0
0
0
0
0
0
0
0
0
0
0
0
0
0
0
0
0
0
0
0
0
0
0
0
0
0
0
0
0
0
0
0
0
0
0
0
0
0
0
0
0
0
0
0
0
0
0
0
0
0
0
0
0
0
0
0
0
0
0
0
0
0
0
0
0
0
0
0
0
0
0
0
0
0
0
0
0
0
0
0
0
0
0
0
0
0
0
0
0
0
0
0
0
0
0
0
0
0
0
0
0
0
0
0
0
0
0
0
0
0
0
0
0
0
0
0
0
0
0
0
0
0
0
0
0
0
0
0
0
0
0
0
0
0
0
0
0
0
0
0
0
0
0
0
0
0
0
0
0
0
0
0
0
0
0
0
0
0
0
0
0
0
0
0
0
0
0
0
0
0
0
0
0
0
0
0
0
0
0
0
0
0
0
0
0
0
0
0
0
0
0
0
0
0
0
0
0
0
0
0
0
0
0
0
0
0
0
0
0
0
0
0
0
0
0
0
0
0
0
0
0
0
0
0
0
0
0
0
0
0
0
0
0
0
0
0
0
0
0
0
0
0
0
0
0
0
0
0
0
0
0
0
0
0
0
0
0
0
0
0
0
0
0
0
0
0
0
0
0
0
0
0
0
0
0
0
0
0
0
0
0
0
0
0
0
0
0
0
0
0
0
0
0
0
0
0
0
0
0
0
0
0
0
0
0
0
0
0
0
0
0
0
0
0
0
0
0
0
0
0
0
0
0
0
0
0
0
0
0
0
0
0
0
0
0
0
0
0
0
0
0
0
0
0
0
0
0
0
0
0
0
0
0
0
0
0
0
0
0
0
0
0
0
0
0
0
0
0
0
0
0
0
0
0
0
0
0
0
0
0
0
0
0
0
0
0
0
0
0
0
0
0
0
0
0
0
0
0
0
0
0
0
0
0
0
0
0
0
0
0
0
0
0
0
0
0
0
0
0
0
0
0
0
0
0
0
0
0
0
0
0
0
0
0
0
0
0
0
0
0
0
0
0
0
0
0
0
0
0
0
0
0
0
0
0
0
0
0
0
0
0
0
0
0
0
0
0
0
0
0
0
0
0
0
0
0
0
0
0
0
0
0
0
0
0
0
0
0
0
0
0
0
0
0
0
0
0
0
0
0
0
0
0
0
0
0
0
0
0
0
0
0
0
0
0
0
0
0
0
0
0
0
0
0
0
0
0
0
0
0
0
0
0
0
0
0
0
0
0
0
0
0
0
0
0
0
0
0
0
0
0
0
0
0
0
0
0
0
0
0
0
0
0
0
0
0
0
0
0
0
0
0
0
0
0
0
0
0
0
0
0
0
0
0
0
0
0
0
0
0
0
0
0
0
0
0
0
0
0
0
0
0
0
0
0
0
0
0
0
0
0
0
0
0
0
0
0
0
0
0
0
0
0
0
0
0
0
0
0
0
0
0
0
0
0
0
0
0
0
0
0
0
0
0
0
0
0
0
0
0
0
0
0
0
0
0
0
0
0
0
0
0
0
0
0
0
0
0
0
0
0
0
0
0
0
0
0
0
0
0
0
0
0
0
0
0
0
0
0
0
0
0
0
0
0
0
0
0
0
0
0
0
0
0
0
0
0
0
0
0
0
0
0
0
0
0
0
0
0
0
0
0
0
0
0
0
0
0
0
0
0
0
0
0
0
0
0
0
0
0
0
0
0
0
0
0
0
0
0
0
0
0
0
0
0
0
0
0
0
0
0
0
0
0
0
0
0
0
0
0
0
0
0
0
0
0
0
0
0
0
0
0
0
0
0
0
0
0
0
0
0
0
0
0
0
0
0
0
0
0
0
0
0
0
0
0
0
0
0
0
0
0
0
0
0
0
0
0
0
0
0
0
0
0
0
0
0
0
0
0
0
0
0
0
0
0
0
0
0
0
0
0
0
0
0
0
0
0
0
0
0
0
0
0
0
0
0
0
0
0
0
0
0
0
0
0
0
0
0
0
0
0
0
0
0
0
0
0
0
0
0
0
0
0
0
0
0
0
0
0
0
0
0
0
0
0
0
0
0
0
0
0
0
0
0
0
0
0
0
0
0
0
0
0
0
0
0
0
0
0
0
0
0
0
0
0
0
0
0
0
0
0
0
0
0
0
0
0
0
0
0
0
0
0
0
0
0
0
0
0
0
0
0
0
0
0
0
0
0
0
0
0
0
0
0
0
0
0
0
0
0
0
0
0
0
0
0
0
0
0
0
0
0
0
0
0
0
0
0
0
0
0
0
0
0
0
0
0
0
0
0
0
0
0
0
0
0
0
0
0
0
0
0
0
0
0
0
0
0
0
0
0
0
0
0
0
0
0
0
0
0
0
0
0
0
0
0
0
0
0
0
0
0
0
0
0
0
0
0
0
0
0
0
0
0
0
0
0
0
0
0
0
0
0
0
0
0
0
0
0
0
0
0
0
0
0
0
0
0
0
0
0
0
0
0
0
0
0
0
0
0
0
0
0
0
0
0
0
0
0
0
0
0
0
0
0
0
0
0
0
0
0
0
0
0
0
0
0
0
0
0
0
0
0
0
0
0
0
0
0
0
0
0
0
0
0
0
0
0
0
0
0
0
0
0
0
0
0
0
0
0
0
0
0
0
0
0
0
0
0
0
0
0
0
0
0
0
0
0
0
0
0
0
0
0
0
0
0
0
0
0
0
0
0
0
0
0
0
0
0
0
0
0
0
0
0
0
0
0
0
0
0
0
0
0
0
0
0
0
0
0
0
0
0
0
0
0
0
0
0
0
0
0
0
0
0
0
0
0
0
0
0
0
0
0
0
0
0
0
0
0
0
0
0
0
0
0
0
0
0
0
0
0
0
0
0
0
0
0
0
0
0
0
0
0
0
0
0
0
0
0
0
0
0
0
0
0
0
0
0
0
0
0
0
0
0
0
0
0
0
0
0
0
0
0
0
0
0
0
0
0
0
0
0
0
0
0
0
0
0
0
0
0
0
0
0
0
0
0
0
0
0
0
0
0
0
0
0
0
0
0
0
0
0
0
0
0
0
0
0
0
0
0
0
0
0
0
0
0
0
0
0
0
0
0
0
0
0
0
0
0
0
0
0
0
0
0
0
0
0
0
0
0
0
0
0
0
0
0
0
0
0
0
0
0
0
0
0
0
0
0
0
0
0
0
0
0
0
0
0
0
0
0
0
0
0
0
0
0
0
0
0
0
0
0
0
0
0
0
0
0
0
0
0
0
0
0
0
0
0
0
0
0
0
0
0
0
0
0
0
0
0
0
0
0
0
0
0
0
0
0
0
0
0
0
0
0
0
0
0
0
0
0
0
0
0
0
0
0
0
0
0
0
0
0
0
0
0
0
0
0
0
0
0
0
0
0
0
0
0
0
0
0
0
0
0
0
0
0
0
0
0
0
0
0
0
0
0
0
0
0
0
0
0
0
0
0
0
0
0
0
0
0
0
0
0
0
0
0
0
0
0
0
0
0
0
0
0
0
0
0
0
0
0
0
0
0
0
0
0
0
0
0
0
0
0
0
0
0
0
0
0
0
0
0
0
0
0
0
0
0
0
0
0
0
0
0
0
0
0
0
0
0
0
0
0
0
0
0
0
0
0
0
0
0
0
0
0
0
0
0
0
0
0
0
0
0
0
0
0
0
0
0
0
0
0
0
0
0
0
0
0
0
0
0
0
0
0
0
0
0
0
0
0
0
0
0
0
0
0
0
0
0
0
0
0
0
0
0
0
0
0
0
0
0
0
0
0
0
0
0
0
0
0
0
0
0
0
0
0
0
0
0
0
0
0
0
0
0
0
0
0
0
0
0
0
0
0
0
0
0
0
0
0
0
0
0
0
0
0
0
0
0
0
0
0
0
0
0
0
0
0
0
0
0
0
0
0
0
0
0
0
0
0
0
0
0
0
0
0
0
0
0
0
0
0
0
0
0
0
0
0
0
0
0
0
0
0
0
0
0
0
0
0
0
0
0
0
0
0
0
0
0
0
0
0
0
0
0
0
0
0
0
0
0
0
0
0
0
0
0
0
0
0
0
0
0
0
0
0
0
0
0
0
0
0
0
0
0
0
0
0
0
0
0
0
0
0
0
0
0
0
0
0
0
0
0
0
0
0
0
0
0
0
0
0
0
0
0
0
0
0
0
0
0
0
0
0
0
0
0
0
0
0
0
0
0
0
0
0
0
0
0
0
0
0
0
0
0
0
0
0
0
0
0
0
0
0
0
0
0
0
0
0
0
0
0
0
0
0
0
0
0
0
0
0
0
0
0
0
0
0
0
0
0
0
0
0
0
0
0
0
0
0
0
0
0
0
0
0
0
0
0
0
0
0
0
0
0
0
0
0
0
0
0
0
0
0
0
0
0
0
0
0
0
0
0
0
0
0
0
0
0
0
0
0
0
0
0
0
0
0
0
0
0
0
0
0
0
0
0
0
0
0
0
0
0
0
0
0
0
0
0
0
0
0
0
0
0
0
0
0
0
0
0
0
0
0
0
0
0
0
0
0
0
0
0
0
0
0
0
0
0
0
0
0
0
0
0
0
0
0
0
0
0
0
0
0
0
0
0
0
0
0
0
0
0
0
0
0
0
0
0
0
0
0
0
0
0
0
0
0
0
0
0
0
0
0
0
0
0
0
0
0
0
0
0
0
0
0
0
0
0
0
0
0
0
0
0
0
0
0
0
0
0
0
0
0
0
0
0
0
0
0
0
0
0
0
0
0
0
0
0
0
0
0
0
0
0
0
0
0
0
0
0
0
0
0
0
0
0
0
0
0
0
0
0
0
0
0
0
0
0
0
0
0
0
0
0
0
0
0
0
0
0
0
0
0
0
0
0
0
0
0
0
0
0
0
0
0
0
0
0
0
0
0
0
0
0
0
0
0
0
0
0
0
0
0
0
0
0
0
0
0
0
0
0
0
0
0
0
0
0
0
0
0
0
0
0
0
0
0
0
0
0
0
0
0
0
0
0
0
0
0
0
0
0
0
0
0
0
0
0
0
0
0
0
0
0
0
0
0
0
0
0
0
0
0
0
0
0
0
0
0
0
0
0
0
0
0
0
0
0
0
0
0
0
0
0
0
0
0
0
0
0
0
0
0
0
0
0
0
0
0
0
0
0
0
0
0
0
0
0
0
0
0
0
0
0
0
0
0
0
0
0
0
0
0
0
0
0
0
0
0
0
0
0
0
0
0
0
0
0
0
0
0
0
0
0
0
0
0
0
0
0
0
0
0
0
0
0
0
0
0
0
0
0
0
0
0
0
0
0
0
0
0
0
0
0
0
0
0
0
0
0
0
0
0
0
0
0
0
0
0
0
0
0
0
0
0
0
0
0
0
0
0
0
0
0
0
0
0
0
0
0
0
0
0
0
0
0
0
0
0
0
0
0
0
0
0
0
0
0
0
0
0
0
0
0
0
0
0
0
0
0
0
0
0
0
0
0
0
0
0
0
0
0
0
0
0
0
0
0
0
0
0
0
0
0
0
0
0
0
0
0
0
0
0
0
0
0
0
0
0
0
0
0
0
0
0
0
0
0
0
0
0
0
0
0
0
0
0
0
0
0
0
0
0
0
0
0
0
0
