0
0
0
0
0
0
0
0
0
0
0
0
0
0
0
0
0
0
0
0
0
0
0
0
0
0
0
0
0
0
0
0
0
0
0
0
0
0
0
0
0
0
0
0
0
0
0
0
0
0
0
0
0
0
0
0
0
0
0
0
0
0
0
0
0
0
0
0
0
0
0
0
0
0
0
0
0
0
0
0
0
0
0
0
0
0
0
0
0
0
0
0
0
0
0
0
0
0
0
0
0
0
0
0
0
0
0
0
0
0
0
0
0
0
0
0
0
0
0
0
0
0
0
0
0
0
0
0
0
0
0
0
0
0
0
0
0
0
0
0
0
0
0
0
0
0
0
0
0
0
0
0
0
0
0
0
0
0
0
0
0
0
0
0
0
0
0
0
0
0
0
0
0
0
0
0
0
0
0
0
0
0
0
0
4094
4093
0
0
0
0
0
0
4094
4095
0
0
0
0
0
0
4094
4093
0
0
0
0
0
0
4094
4095
0
0
0
0
0
0
4094
4093
0
0
0
0
0
0
4094
4095
0
0
0
0
0
0
4094
4093
0
0
0
0
0
0
4094
0
0
0
0
0
0
0
4094
4092
0
0
0
0
0
0
4094
0
0
0
0
0
0
0
4093
4090
0
0
0
0
0
0
4095
2
0
0
0
0
0
0
4093
4089
0
0
0
0
0
0
4094
3
0
0
0
0
0
0
4093
4088
0
0
0
0
0
0
4094
5
0
0
0
0
0
0
4093
4085
0
0
0
0
0
0
4094
7
0
0
0
0
0
0
4093
4083
0
0
0
0
0
0
4095
11
0
0
0
0
0
0
4092
4081
0
0
0
0
0
0
4094
12
0
0
0
0
0
0
4091
4078
0
0
0
0
0
0
4094
14
0
0
0
0
0
0
4093
4075
0
0
0
0
0
0
4095
18
0
0
0
0
0
0
4092
4072
0
0
0
0
0
0
4095
20
0
0
0
0
0
0
4091
4068
0
0
0
0
0
0
4095
25
0
0
0
0
0
0
4091
4066
0
0
0
0
0
0
4095
28
0
0
0
0
0
0
4091
4062
0
0
0
0
0
0
4095
31
0
0
0
0
0
0
4090
4057
0
0
0
0
0
0
0
36
0
0
0
0
0
0
4091
4053
0
0
0
0
0
0
1
41
0
0
0
0
0
0
4090
4049
0
0
0
0
0
0
1
46
0
0
0
0
0
0
4089
4044
0
0
0
0
0
0
1
50
0
0
0
0
0
0
4088
4037
0
0
0
0
0
0
1
53
0
0
0
0
0
0
4089
4034
0
0
0
0
0
0
1
60
0
0
0
0
0
0
4090
4028
0
0
0
0
0
0
2
65
0
0
0
0
0
0
4087
4022
0
0
0
0
0
0
2
71
0
0
0
0
0
0
4088
4016
0
0
0
0
0
0
3
78
0
0
0
0
0
0
4087
4011
0
0
0
0
0
0
3
84
0
0
0
0
0
0
4087
4004
0
0
0
0
0
0
2
89
0
0
0
0
0
0
4087
3999
0
0
0
0
0
0
3
95
0
0
0
0
0
0
4086
3991
0
0
0
0
0
0
5
103
0
0
0
0
0
0
4086
3984
0
0
0
0
0
0
6
111
0
0
0
0
0
0
4086
3977
0
0
0
0
0
0
5
118
0
0
0
0
0
0
4085
3970
0
0
0
0
0
0
7
125
0
0
0
0
0
0
4084
3962
0
0
0
0
0
0
7
134
0
0
0
0
0
0
4083
3954
0
0
0
0
0
0
7
141
0
0
0
0
0
0
4083
3946
0
0
0
0
0
0
7
148
0
0
0
0
0
0
4083
3938
0
0
0
0
0
0
8
156
0
0
0
0
0
0
4082
3930
0
0
0
0
0
0
9
166
0
0
0
0
0
0
4082
3921
0
0
0
0
0
0
9
175
0
0
0
0
0
0
4081
3911
0
0
0
0
0
0
8
183
0
0
0
0
0
0
4081
3903
0
0
0
0
0
0
9
191
0
0
0
0
0
0
4079
3893
0
0
0
0
0
0
11
202
0
0
0
0
0
0
4079
3885
0
0
0
0
0
0
11
211
0
0
0
0
0
0
4078
3873
0
0
0
0
0
0
13
222
0
0
0
0
0
0
4078
3863
0
0
0
0
0
0
13
232
0
0
0
0
0
0
4078
3854
0
0
0
0
0
0
13
243
0
0
0
0
0
0
4078
3844
0
0
0
0
0
0
14
253
0
0
0
0
0
0
4076
3833
0
0
0
0
0
0
14
263
0
0
0
0
0
0
4076
3822
0
0
0
0
0
0
16
274
0
0
0
0
0
0
4074
3811
0
0
0
0
0
0
16
285
0
0
0
0
0
0
4073
3800
0
0
0
0
0
0
16
296
0
0
0
0
0
0
4072
3788
0
0
0
0
0
0
17
307
0
0
0
0
0
0
4073
3778
0
0
0
0
0
0
18
319
0
0
0
0
0
0
4071
3765
0
0
0
0
0
0
18
331
0
0
0
0
0
0
4071
3754
0
0
0
0
0
0
20
343
0
0
0
0
0
0
4071
3741
0
0
0
0
0
0
20
355
0
0
0
0
0
0
4070
3730
0
0
0
0
0
0
21
368
0
0
0
0
0
0
4068
3717
0
0
0
0
0
0
22
381
0
0
0
0
0
0
4068
3704
0
0
0
0
0
0
23
392
0
0
0
0
0
0
4067
3691
0
0
0
0
0
0
23
405
0
0
0
0
0
0
4066
3679
0
0
0
0
0
0
25
419
0
0
0
0
0
0
4066
3665
0
0
0
0
0
0
24
432
0
0
0
0
0
0
4065
3653
0
0
0
0
0
0
26
445
0
0
0
0
0
0
4063
3638
0
0
0
0
0
0
27
458
0
0
0
0
0
0
4064
3625
0
0
0
0
0
0
28
473
0
0
0
0
0
0
4063
3612
0
0
0
0
0
0
28
486
0
0
0
0
0
0
4061
3597
0
0
0
0
0
0
29
500
0
0
0
0
0
0
4059
3583
0
0
0
0
0
0
30
514
0
0
0
0
0
0
4059
3569
0
0
0
0
0
0
32
529
0
0
0
0
0
0
4058
3554
0
0
0
0
0
0
33
544
0
0
0
0
0
0
4057
3540
0
0
0
0
0
0
33
559
0
0
0
0
0
0
4057
3524
0
0
0
0
0
0
34
573
0
0
0
0
0
0
4056
3509
0
0
0
0
0
0
36
589
0
0
0
0
0
0
4055
3496
0
0
0
0
0
0
36
603
0
0
0
0
0
0
4053
3479
0
0
0
0
0
0
37
618
0
0
0
0
0
0
4053
3464
0
0
0
0
0
0
38
634
0
0
0
0
0
0
4052
3449
0
0
0
0
0
0
40
649
0
0
0
0
0
0
4051
3433
0
0
0
0
0
0
40
665
0
0
0
0
0
0
4049
3417
0
0
0
0
0
0
40
681
0
0
0
0
0
0
4050
3403
0
0
0
0
0
0
42
698
0
0
0
0
0
0
4050
3386
0
0
0
0
0
0
43
712
0
0
0
0
0
0
4046
3369
0
0
0
0
0
0
45
729
0
0
0
0
0
0
4045
3354
0
0
0
0
0
0
45
746
0
0
0
0
0
0
4045
3336
0
0
0
0
0
0
46
762
0
0
0
0
0
0
4044
3320
0
0
0
0
0
0
47
778
0
0
0
0
0
0
4042
3303
0
0
0
0
0
0
47
793
0
0
0
0
0
0
4042
3288
0
0
0
0
0
0
50
812
0
0
0
0
0
0
4041
3270
0
0
0
0
0
0
50
828
0
0
0
0
0
0
4039
3253
0
0
0
0
0
0
52
847
0
0
0
0
0
0
4038
3237
0
0
0
0
0
0
51
862
0
0
0
0
0
0
4036
3219
0
0
0
0
0
0
53
879
0
0
0
0
0
0
4037
3202
0
0
0
0
0
0
54
897
0
0
0
0
0
0
4035
3185
0
0
0
0
0
0
56
915
0
0
0
0
0
0
4034
3166
0
0
0
0
0
0
56
931
0
0
0
0
0
0
4033
3150
0
0
0
0
0
0
58
949
0
0
0
0
0
0
4032
3132
0
0
0
0
0
0
58
966
0
0
0
0
0
0
4030
3114
0
0
0
0
0
0
59
984
0
0
0
0
0
0
4030
3097
0
0
0
0
0
0
61
1002
0
0
0
0
0
0
4029
3078
0
0
0
0
0
0
62
1021
0
0
0
0
0
0
4027
3061
0
0
0
0
0
0
63
1039
0
0
0
0
0
0
4027
3043
0
0
0
0
0
0
64
1057
0
0
0
0
0
0
4026
3025
0
0
0
0
0
0
65
1074
0
0
0
0
0
0
4024
3006
0
0
0
0
0
0
67
1092
0
0
0
0
0
0
4022
2988
0
0
0
0
0
0
67
1110
0
0
0
0
0
0
4022
2969
0
0
0
0
0
0
68
1129
0
0
0
0
0
0
4021
2952
0
0
0
0
0
0
69
1148
0
0
0
0
0
0
4020
2933
0
0
0
0
0
0
71
1167
0
0
0
0
0
0
4019
2914
0
0
0
0
0
0
73
1184
0
0
0
0
0
0
4017
2896
0
0
0
0
0
0
74
1203
0
0
0
0
0
0
4016
2878
0
0
0
0
0
0
74
1220
0
0
0
0
0
0
4014
2859
0
0
0
0
0
0
75
1240
0
0
0
0
0
0
4013
2840
0
0
0
0
0
0
77
1258
0
0
0
0
0
0
4012
2821
0
0
0
0
0
0
78
1277
0
0
0
0
0
0
4011
2804
0
0
0
0
0
0
79
1296
0
0
0
0
0
0
4009
2783
0
0
0
0
0
0
81
1315
0
0
0
0
0
0
4008
2764
0
0
0
0
0
0
82
1334
0
0
0
0
0
0
4009
2747
0
0
0
0
0
0
81
1351
0
0
0
0
0
0
4006
2728
0
0
0
0
0
0
84
1372
0
0
0
0
0
0
4005
2708
0
0
0
0
0
0
85
1390
0
0
0
0
0
0
4005
2690
0
0
0
0
0
0
85
1410
0
0
0
0
0
0
4003
2671
0
0
0
0
0
0
87
1428
0
0
0
0
0
0
4002
2651
0
0
0
0
0
0
88
1448
0
0
0
0
0
0
4000
2632
0
0
0
0
0
0
89
1466
0
0
0
0
0
0
4000
2615
0
0
0
0
0
0
91
1484
0
0
0
0
0
0
3999
2596
0
0
0
0
0
0
92
1504
0
0
0
0
0
0
3997
2577
0
0
0
0
0
0
93
1522
0
0
0
0
0
0
3994
2557
0
0
0
0
0
0
94
1542
0
0
0
0
0
0
3994
2538
0
0
0
0
0
0
96
1561
0
0
0
0
0
0
3992
2518
0
0
0
0
0
0
96
1580
0
0
0
0
0
0
3991
2499
0
0
0
0
0
0
97
1597
0
0
0
0
0
0
3993
2482
0
0
0
0
0
0
98
1617
0
0
0
0
0
0
3991
2463
0
0
0
0
0
0
99
1636
0
0
0
0
0
0
3989
2443
0
0
0
0
0
0
100
1655
0
0
0
0
0
0
3988
2425
0
0
0
0
0
0
102
1674
0
0
0
0
0
0
3986
2406
0
0
0
0
0
0
104
1692
0
0
0
0
0
0
3986
2388
0
0
0
0
0
0
105
1711
0
0
0
0
0
0
3984
2370
0
0
0
0
0
0
106
1730
0
0
0
0
0
0
3982
2349
0
0
0
0
0
0
107
1749
0
0
0
0
0
0
3982
2331
0
0
0
0
0
0
107
1766
0
0
0
0
0
0
3981
2312
0
0
0
0
0
0
109
1785
0
0
0
0
0
0
3980
2294
0
0
0
0
0
0
111
1806
0
0
0
0
0
0
3978
2274
0
0
0
0
0
0
111
1823
0
0
0
0
0
0
3977
2257
0
0
0
0
0
0
113
1842
0
0
0
0
0
0
3975
2238
0
0
0
0
0
0
113
1860
0
0
0
0
0
0
3976
2220
0
0
0
0
0
0
116
1879
0
0
0
0
0
0
3974
2201
0
0
0
0
0
0
116
1898
0
0
0
0
0
0
3973
2183
0
0
0
0
0
0
118
1916
0
0
0
0
0
0
3972
2166
0
0
0
0
0
0
118
1933
0
0
0
0
0
0
3970
2146
0
0
0
0
0
0
119
1952
0
0
0
0
0
0
3969
2129
0
0
0
0
0
0
121
1970
0
0
0
0
0
0
3969
2111
0
0
0
0
0
0
121
1987
0
0
0
0
0
0
3967
2093
0
0
0
0
0
0
123
2006
0
0
0
0
0
0
3965
2074
0
0
0
0
0
0
124
2023
0
0
0
0
0
0
3964
2056
0
0
0
0
0
0
126
2042
0
0
0
0
0
0
3964
2039
0
0
0
0
0
0
126
2058
0
0
0
0
0
0
3962
2022
0
0
0
0
0
0
127
2075
0
0
0
0
0
0
3961
2005
0
0
0
0
0
0
127
2094
0
0
0
0
0
0
3960
1986
0
0
0
0
0
0
129
2111
0
0
0
0
0
0
3959
1969
0
0
0
0
0
0
130
2128
0
0
0
0
0
0
3958
1952
0
0
0
0
0
0
132
2146
0
0
0
0
0
0
3957
1935
0
0
0
0
0
0
133
2163
0
0
0
0
0
0
3957
1918
0
0
0
0
0
0
133
2179
0
0
0
0
0
0
3954
1901
0
0
0
0
0
0
135
2197
0
0
0
0
0
0
3953
1883
0
0
0
0
0
0
135
2213
0
0
0
0
0
0
3953
1867
0
0
0
0
0
0
136
2229
0
0
0
0
0
0
3951
1849
0
0
0
0
0
0
139
2247
0
0
0
0
0
0
3950
1834
0
0
0
0
0
0
139
2264
0
0
0
0
0
0
3950
1818
0
0
0
0
0
0
140
2279
0
0
0
0
0
0
3949
1802
0
0
0
0
0
0
140
2295
0
0
0
0
0
0
3949
1786
0
0
0
0
0
0
142
2312
0
0
0
0
0
0
3947
1770
0
0
0
0
0
0
142
2327
0
0
0
0
0
0
3946
1752
0
0
0
0
0
0
144
2343
0
0
0
0
0
0
3946
1738
0
0
0
0
0
0
145
2359
0
0
0
0
0
0
3943
1723
0
0
0
0
0
0
144
2373
0
0
0
0
0
0
3943
1707
0
0
0
0
0
0
146
2390
0
0
0
0
0
0
3943
1692
0
0
0
0
0
0
147
2404
0
0
0
0
0
0
3940
1676
0
0
0
0
0
0
148
2419
0
0
0
0
0
0
3940
1661
0
0
0
0
0
0
149
2435
0
0
0
0
0
0
3940
1648
0
0
0
0
0
0
150
2451
0
0
0
0
0
0
3939
1633
0
0
0
0
0
0
150
2465
0
0
0
0
0
0
3939
1617
0
0
0
0
0
0
151
2478
0
0
0
0
0
0
3937
1604
0
0
0
0
0
0
153
2493
0
0
0
0
0
0
3935
1588
0
0
0
0
0
0
153
2507
0
0
0
0
0
0
3935
1574
0
0
0
0
0
0
153
2521
0
0
0
0
0
0
3933
1560
0
0
0
0
0
0
156
2535
0
0
0
0
0
0
3934
1547
0
0
0
0
0
0
155
2548
0
0
0
0
0
0
3932
1532
0
0
0
0
0
0
157
2563
0
0
0
0
0
0
3931
1519
0
0
0
0
0
0
156
2576
0
0
0
0
0
0
3931
1506
0
0
0
0
0
0
158
2589
0
0
0
0
0
0
3931
1493
0
0
0
0
0
0
158
2601
0
0
0
0
0
0
3929
1480
0
0
0
0
0
0
159
2615
0
0
0
0
0
0
3928
1467
0
0
0
0
0
0
160
2628
0
0
0
0
0
0
3928
1455
0
0
0
0
0
0
160
2640
0
0
0
0
0
0
3927
1441
0
0
0
0
0
0
162
2653
0
0
0
0
0
0
3925
1430
0
0
0
0
0
0
164
2666
0
0
0
0
0
0
3925
1418
0
0
0
0
0
0
165
2678
0
0
0
0
0
0
3923
1406
0
0
0
0
0
0
164
2689
0
0
0
0
0
0
3923
1394
0
0
0
0
0
0
165
2700
0
0
0
0
0
0
3924
1383
0
0
0
0
0
0
166
2713
0
0
0
0
0
0
3923
1372
0
0
0
0
0
0
166
2722
0
0
0
0
0
0
3921
1360
0
0
0
0
0
0
166
2734
0
0
0
0
0
0
3921
1349
0
0
0
0
0
0
168
2744
0
0
0
0
0
0
3919
1338
0
0
0
0
0
0
168
2754
0
0
0
0
0
0
3920
1327
0
0
0
0
0
0
169
2766
0
0
0
0
0
0
3919
1317
0
0
0
0
0
0
168
2775
0
0
0
0
0
0
3918
1307
0
0
0
0
0
0
171
2786
0
0
0
0
0
0
3919
1298
0
0
0
0
0
0
172
2796
0
0
0
0
0
0
3917
1288
0
0
0
0
0
0
171
2805
0
0
0
0
0
0
3917
1278
0
0
0
0
0
0
172
2815
0
0
0
0
0
0
3915
1268
0
0
0
0
0
0
173
2825
0
0
0
0
0
0
3917
1261
0
0
0
0
0
0
172
2833
0
0
0
0
0
0
3916
1252
0
0
0
0
0
0
174
2842
0
0
0
0
0
0
3914
1242
0
0
0
0
0
0
174
2850
0
0
0
0
0
0
3914
1234
0
0
0
0
0
0
175
2859
0
0
0
0
0
0
3913
1225
0
0
0
0
0
0
174
2866
0
0
0
0
0
0
3912
1217
0
0
0
0
0
0
175
2874
0
0
0
0
0
0
3912
1210
0
0
0
0
0
0
175
2883
0
0
0
0
0
0
3913
1202
0
0
0
0
0
0
177
2890
0
0
0
0
0
0
3912
1195
0
0
0
0
0
0
177
2898
0
0
0
0
0
0
3912
1188
0
0
0
0
0
0
178
2906
0
0
0
0
0
0
3911
1180
0
0
0
0
0
0
177
2911
0
0
0
0
0
0
3910
1173
0
0
0
0
0
0
178
2918
0
0
0
0
0
0
3910
1166
0
0
0
0
0
0
178
2924
0
0
0
0
0
0
3910
1161
0
0
0
0
0
0
178
2931
0
0
0
0
0
0
3910
1156
0
0
0
0
0
0
179
2937
0
0
0
0
0
0
3908
1148
0
0
0
0
0
0
179
2942
0
0
0
0
0
0
3910
1144
0
0
0
0
0
0
179
2948
0
0
0
0
0
0
3908
1137
0
0
0
0
0
0
180
2954
0
0
0
0
0
0
3908
1133
0
0
0
0
0
0
180
2958
0
0
0
0
0
0
3906
1126
0
0
0
0
0
0
180
2963
0
0
0
0
0
0
3907
1123
0
0
0
0
0
0
180
2967
0
0
0
0
0
0
3907
1118
0
0
0
0
0
0
180
2972
0
0
0
0
0
0
3907
1113
0
0
0
0
0
0
182
2977
0
0
0
0
0
0
3906
1109
0
0
0
0
0
0
183
2981
0
0
0
0
0
0
3907
1106
0
0
0
0
0
0
181
2984
0
0
0
0
0
0
3905
1102
0
0
0
0
0
0
181
2988
0
0
0
0
0
0
3906
1099
0
0
0
0
0
0
182
2990
0
0
0
0
0
0
3905
1095
0
0
0
0
0
0
183
2994
0
0
0
0
0
0
3906
1094
0
0
0
0
0
0
183
2998
0
0
0
0
0
0
3905
1090
0
0
0
0
0
0
182
2998
0
0
0
0
0
0
3905
1088
0
0
0
0
0
0
182
3001
0
0
0
0
0
0
3905
1086
0
0
0
0
0
0
182
3004
0
0
0
0
0
0
3904
1084
0
0
0
0
0
0
182
3005
0
0
0
0
0
0
3905
1084
0
0
0
0
0
0
184
3006
0
0
0
0
0
0
3905
1081
0
0
0
0
0
0
183
3009
0
0
0
0
0
0
3904
1080
0
0
0
0
0
0
182
3008
0
0
0
0
0
0
3905
1079
0
0
0
0
0
0
182
3009
0
0
0
0
0
0
3905
1078
0
0
0
0
0
0
182
3009
0
0
0
0
0
0
3905
1078
0
0
0
0
0
0
182
3009
0
0
0
0
0
0
3905
1079
0
0
0
0
0
0
183
3010
0
0
0
0
0
0
3905
1078
0
0
0
0
0
0
182
3009
0
0
0
0
0
0
3905
1078
0
0
0
0
0
0
182
3009
0
0
0
0
0
0
3905
1078
0
0
0
0
0
0
182
3009
0
0
0
0
0
0
3906
1080
0
0
0
0
0
0
182
3008
0
0
0
0
0
0
3904
1080
0
0
0
0
0
0
182
3008
0
0
0
0
0
0
3906
1081
0
0
0
0
0
0
182
3006
0
0
0
0
0
0
3905
1083
0
0
0
0
0
0
182
3005
0
0
0
0
0
0
3904
1084
0
0
0
0
0
0
182
3003
0
0
0
0
0
0
3905
1086
0
0
0
0
0
0
182
3001
0
0
0
0
0
0
3905
1088
0
0
0
0
0
0
182
2998
0
0
0
0
0
0
3906
1090
0
0
0
0
0
0
183
2997
0
0
0
0
0
0
3906
1094
0
0
0
0
0
0
183
2994
0
0
0
0
0
0
3906
1096
0
0
0
0
0
0
182
2991
0
0
0
0
0
0
3906
1099
0
0
0
0
0
0
181
2987
0
0
0
0
0
0
3908
1103
0
0
0
0
0
0
182
2983
0
0
0
0
0
0
3908
1106
0
0
0
0
0
0
182
2981
0
0
0
0
0
0
3908
1110
0
0
0
0
0
0
181
2977
0
0
0
0
0
0
3907
1113
0
0
0
0
0
0
181
2972
0
0
0
0
0
0
3907
1118
0
0
0
0
0
0
180
2967
0
0
0
0
0
0
3908
1122
0
0
0
0
0
0
179
2963
0
0
0
0
0
0
3908
1127
0
0
0
0
0
0
179
2959
0
0
0
0
0
0
3908
1132
0
0
0
0
0
0
179
2955
0
0
0
0
0
0
3908
1137
0
0
0
0
0
0
178
2947
0
0
0
0
0
0
3908
1142
0
0
0
0
0
0
179
2943
0
0
0
0
0
0
3910
1149
0
0
0
0
0
0
177
2935
0
0
0
0
0
0
3910
1155
0
0
0
0
0
0
178
2931
0
0
0
0
0
0
3910
1160
0
0
0
0
0
0
177
2924
0
0
0
0
0
0
3912
1167
0
0
0
0
0
0
178
2919
0
0
0
0
0
0
3911
1174
0
0
0
0
0
0
176
2912
0
0
0
0
0
0
3912
1179
0
0
0
0
0
0
175
2904
0
0
0
0
0
0
3912
1187
0
0
0
0
0
0
175
2898
0
0
0
0
0
0
3913
1195
0
0
0
0
0
0
175
2890
0
0
0
0
0
0
3913
1202
0
0
0
0
0
0
175
2883
0
0
0
0
0
0
3914
1210
0
0
0
0
0
0
174
2874
0
0
0
0
0
0
3914
1217
0
0
0
0
0
0
174
2867
0
0
0
0
0
0
3915
1225
0
0
0
0
0
0
173
2858
0
0
0
0
0
0
3916
1233
0
0
0
0
0
0
173
2851
0
0
0
0
0
0
3916
1242
0
0
0
0
0
0
173
2842
0
0
0
0
0
0
3916
1251
0
0
0
0
0
0
170
2832
0
0
0
0
0
0
3917
1260
0
0
0
0
0
0
171
2824
0
0
0
0
0
0
3917
1268
0
0
0
0
0
0
170
2814
0
0
0
0
0
0
3919
1278
0
0
0
0
0
0
169
2805
0
0
0
0
0
0
3920
1288
0
0
0
0
0
0
169
2796
0
0
0
0
0
0
3920
1299
0
0
0
0
0
0
168
2786
0
0
0
0
0
0
3920
1307
0
0
0
0
0
0
168
2777
0
0
0
0
0
0
3922
1318
0
0
0
0
0
0
167
2766
0
0
0
0
0
0
3921
1328
0
0
0
0
0
0
167
2755
0
0
0
0
0
0
3923
1340
0
0
0
0
0
0
165
2744
0
0
0
0
0
0
3923
1349
0
0
0
0
0
0
165
2734
0
0
0
0
0
0
3924
1360
0
0
0
0
0
0
165
2724
0
0
0
0
0
0
3924
1371
0
0
0
0
0
0
165
2712
0
0
0
0
0
0
3925
1383
0
0
0
0
0
0
163
2701
0
0
0
0
0
0
3926
1394
0
0
0
0
0
0
162
2688
0
0
0
0
0
0
3928
1406
0
0
0
0
0
0
161
2676
0
0
0
0
0
0
3928
1418
0
0
0
0
0
0
161
2664
0
0
0
0
0
0
3928
1430
0
0
0
0
0
0
159
2653
0
0
0
0
0
0
3928
1442
0
0
0
0
0
0
160
2641
0
0
0
0
0
0
3929
1456
0
0
0
0
0
0
159
2628
0
0
0
0
0
0
3930
1468
0
0
0
0
0
0
159
2616
0
0
0
0
0
0
3931
1480
0
0
0
0
0
0
156
2602
0
0
0
0
0
0
3932
1493
0
0
0
0
0
0
156
2589
0
0
0
0
0
0
3933
1506
0
0
0
0
0
0
155
2576
0
0
0
0
0
0
3934
1520
0
0
0
0
0
0
154
2563
0
0
0
0
0
0
3935
1533
0
0
0
0
0
0
154
2549
0
0
0
0
0
0
3935
1546
0
0
0
0
0
0
152
2535
0
0
0
0
0
0
3936
1561
0
0
0
0
0
0
152
2521
0
0
0
0
0
0
3938
1575
0
0
0
0
0
0
151
2507
0
0
0
0
0
0
3938
1590
0
0
0
0
0
0
150
2493
0
0
0
0
0
0
3939
1602
0
0
0
0
0
0
149
2478
0
0
0
0
0
0
3939
1617
0
0
0
0
0
0
149
2464
0
0
0
0
0
0
3939
1632
0
0
0
0
0
0
148
2449
0
0
0
0
0
0
3941
1646
0
0
0
0
0
0
147
2435
0
0
0
0
0
0
3943
1661
0
0
0
0
0
0
145
2420
0
0
0
0
0
0
3943
1678
0
0
0
0
0
0
144
2405
0
0
0
0
0
0
3945
1692
0
0
0
0
0
0
144
2389
0
0
0
0
0
0
3946
1706
0
0
0
0
0
0
142
2374
0
0
0
0
0
0
3947
1724
0
0
0
0
0
0
141
2359
0
0
0
0
0
0
3947
1738
0
0
0
0
0
0
141
2344
0
0
0
0
0
0
3948
1753
0
0
0
0
0
0
139
2326
0
0
0
0
0
0
3949
1770
0
0
0
0
0
0
138
2311
0
0
0
0
0
0
3950
1786
0
0
0
0
0
0
137
2295
0
0
0
0
0
0
3952
1803
0
0
0
0
0
0
136
2278
0
0
0
0
0
0
3954
1819
0
0
0
0
0
0
136
2263
0
0
0
0
0
0
3954
1835
0
0
0
0
0
0
134
2245
0
0
0
0
0
0
3955
1851
0
0
0
0
0
0
133
2229
0
0
0
0
0
0
3957
1868
0
0
0
0
0
0
132
2212
0
0
0
0
0
0
3957
1884
0
0
0
0
0
0
131
2195
0
0
0
0
0
0
3959
1901
0
0
0
0
0
0
130
2178
0
0
0
0
0
0
3960
1919
0
0
0
0
0
0
130
2162
0
0
0
0
0
0
3960
1936
0
0
0
0
0
0
129
2146
0
0
0
0
0
0
3961
1952
0
0
0
0
0
0
127
2129
0
0
0
0
0
0
3962
1969
0
0
0
0
0
0
125
2110
0
0
0
0
0
0
3964
1988
0
0
0
0
0
0
125
2094
0
0
0
0
0
0
3964
2004
0
0
0
0
0
0
124
2075
0
0
0
0
0
0
3965
2022
0
0
0
0
0
0
123
2059
0
0
0
0
0
0
3966
2039
0
0
0
0
0
0
122
2041
0
0
0
0
0
0
3968
2057
0
0
0
0
0
0
120
2022
0
0
0
0
0
0
3969
2076
0
0
0
0
0
0
118
2005
0
0
0
0
0
0
3969
2092
0
0
0
0
0
0
118
1987
0
0
0
0
0
0
3971
2111
0
0
0
0
0
0
118
1969
0
0
0
0
0
0
3974
2130
0
0
0
0
0
0
115
1951
0
0
0
0
0
0
3973
2148
0
0
0
0
0
0
116
1934
0
0
0
0
0
0
3973
2165
0
0
0
0
0
0
114
1915
0
0
0
0
0
0
3976
2183
0
0
0
0
0
0
111
1896
0
0
0
0
0
0
3977
2202
0
0
0
0
0
0
111
1878
0
0
0
0
0
0
3977
2220
0
0
0
0
0
0
112
1860
0
0
0
0
0
0
3979
2239
0
0
0
0
0
0
110
1842
0
0
0
0
0
0
3980
2258
0
0
0
0
0
0
108
1822
0
0
0
0
0
0
3981
2275
0
0
0
0
0
0
107
1805
0
0
0
0
0
0
3982
2294
0
0
0
0
0
0
105
1785
0
0
0
0
0
0
3984
2313
0
0
0
0
0
0
105
1767
0
0
0
0
0
0
3984
2331
0
0
0
0
0
0
103
1749
0
0
0
0
0
0
3986
2350
0
0
0
0
0
0
101
1730
0
0
0
0
0
0
3987
2370
0
0
0
0
0
0
101
1710
0
0
0
0
0
0
3988
2386
0
0
0
0
0
0
99
1692
0
0
0
0
0
0
3989
2406
0
0
0
0
0
0
100
1674
0
0
0
0
0
0
3992
2425
0
0
0
0
0
0
98
1654
0
0
0
0
0
0
3992
2445
0
0
0
0
0
0
96
1636
0
0
0
0
0
0
3993
2464
0
0
0
0
0
0
96
1619
0
0
0
0
0
0
3994
2481
0
0
0
0
0
0
96
1599
0
0
0
0
0
0
3995
2500
0
0
0
0
0
0
93
1580
0
0
0
0
0
0
3996
2519
0
0
0
0
0
0
92
1560
0
0
0
0
0
0
3998
2539
0
0
0
0
0
0
92
1541
0
0
0
0
0
0
3999
2558
0
0
0
0
0
0
89
1522
0
0
0
0
0
0
4000
2577
0
0
0
0
0
0
87
1503
0
0
0
0
0
0
4002
2597
0
0
0
0
0
0
88
1485
0
0
0
0
0
0
4003
2614
0
0
0
0
0
0
85
1465
0
0
0
0
0
0
4003
2634
0
0
0
0
0
0
85
1448
0
0
0
0
0
0
4006
2652
0
0
0
0
0
0
84
1428
0
0
0
0
0
0
4007
2672
0
0
0
0
0
0
83
1409
0
0
0
0
0
0
4008
2690
0
0
0
0
0
0
82
1390
0
0
0
0
0
0
4008
2710
0
0
0
0
0
0
81
1371
0
0
0
0
0
0
4009
2727
0
0
0
0
0
0
79
1352
0
0
0
0
0
0
4010
2746
0
0
0
0
0
0
78
1333
0
0
0
0
0
0
4011
2766
0
0
0
0
0
0
76
1315
0
0
0
0
0
0
4013
2784
0
0
0
0
0
0
76
1296
0
0
0
0
0
0
4016
2804
0
0
0
0
0
0
75
1278
0
0
0
0
0
0
4015
2822
0
0
0
0
0
0
73
1258
0
0
0
0
0
0
4017
2841
0
0
0
0
0
0
73
1240
0
0
0
0
0
0
4018
2859
0
0
0
0
0
0
72
1221
0
0
0
0
0
0
4019
2876
0
0
0
0
0
0
69
1203
0
0
0
0
0
0
4020
2897
0
0
0
0
0
0
69
1183
0
0
0
0
0
0
4021
2915
0
0
0
0
0
0
69
1166
0
0
0
0
0
0
4022
2933
0
0
0
0
0
0
65
1147
0
0
0
0
0
0
4025
2953
0
0
0
0
0
0
66
1129
0
0
0
0
0
0
4025
2971
0
0
0
0
0
0
64
1110
0
0
0
0
0
0
4026
2988
0
0
0
0
0
0
63
1092
0
0
0
0
0
0
4028
3008
0
0
0
0
0
0
63
1075
0
0
0
0
0
0
4029
3025
0
0
0
0
0
0
62
1056
0
0
0
0
0
0
4029
3043
0
0
0
0
0
0
60
1038
0
0
0
0
0
0
4030
3062
0
0
0
0
0
0
58
1020
0
0
0
0
0
0
4032
3078
0
0
0
0
0
0
56
1002
0
0
0
0
0
0
4032
3097
0
0
0
0
0
0
57
985
0
0
0
0
0
0
4034
3114
0
0
0
0
0
0
57
968
0
0
0
0
0
0
4035
3133
0
0
0
0
0
0
55
949
0
0
0
0
0
0
4036
3151
0
0
0
0
0
0
54
932
0
0
0
0
0
0
4038
3167
0
0
0
0
0
0
52
913
0
0
0
0
0
0
4039
3186
0
0
0
0
0
0
50
896
0
0
0
0
0
0
4039
3202
0
0
0
0
0
0
50
879
0
0
0
0
0
0
4041
3220
0
0
0
0
0
0
50
862
0
0
0
0
0
0
4042
3238
0
0
0
0
0
0
48
845
0
0
0
0
0
0
4042
3254
0
0
0
0
0
0
47
828
0
0
0
0
0
0
4042
3271
0
0
0
0
0
0
46
812
0
0
0
0
0
0
4044
3286
0
0
0
0
0
0
45
794
0
0
0
0
0
0
4045
3304
0
0
0
0
0
0
43
777
0
0
0
0
0
0
4045
3320
0
0
0
0
0
0
42
761
0
0
0
0
0
0
4048
3337
0
0
0
0
0
0
42
744
0
0
0
0
0
0
4049
3354
0
0
0
0
0
0
42
729
0
0
0
0
0
0
4050
3370
0
0
0
0
0
0
39
712
0
0
0
0
0
0
4050
3385
0
0
0
0
0
0
39
696
0
0
0
0
0
0
4052
3401
0
0
0
0
0
0
37
679
0
0
0
0
0
0
4053
3418
0
0
0
0
0
0
37
664
0
0
0
0
0
0
4053
3434
0
0
0
0
0
0
36
648
0
0
0
0
0
0
4055
3450
0
0
0
0
0
0
35
634
0
0
0
0
0
0
4056
3465
0
0
0
0
0
0
35
618
0
0
0
0
0
0
4057
3480
0
0
0
0
0
0
34
603
0
0
0
0
0
0
4056
3495
0
0
0
0
0
0
31
587
0
0
0
0
0
0
4058
3510
0
0
0
0
0
0
31
572
0
0
0
0
0
0
4060
3524
0
0
0
0
0
0
30
558
0
0
0
0
0
0
4060
3540
0
0
0
0
0
0
29
543
0
0
0
0
0
0
4060
3554
0
0
0
0
0
0
28
528
0
0
0
0
0
0
4063
3570
0
0
0
0
0
0
27
514
0
0
0
0
0
0
4063
3583
0
0
0
0
0
0
27
500
0
0
0
0
0
0
4063
3597
0
0
0
0
0
0
27
487
0
0
0
0
0
0
4065
3611
0
0
0
0
0
0
25
472
0
0
0
0
0
0
4066
3626
0
0
0
0
0
0
25
459
0
0
0
0
0
0
4065
3638
0
0
0
0
0
0
24
445
0
0
0
0
0
0
4068
3652
0
0
0
0
0
0
22
431
0
0
0
0
0
0
4068
3666
0
0
0
0
0
0
22
418
0
0
0
0
0
0
4069
3679
0
0
0
0
0
0
21
405
0
0
0
0
0
0
4070
3691
0
0
0
0
0
0
21
392
0
0
0
0
0
0
4071
3705
0
0
0
0
0
0
20
379
0
0
0
0
0
0
4072
3717
0
0
0
0
0
0
20
367
0
0
0
0
0
0
4072
3730
0
0
0
0
0
0
18
355
0
0
0
0
0
0
4072
3742
0
0
0
0
0
0
17
343
0
0
0
0
0
0
4073
3753
0
0
0
0
0
0
18
332
0
0
0
0
0
0
4074
3766
0
0
0
0
0
0
16
319
0
0
0
0
0
0
4074
3777
0
0
0
0
0
0
17
308
0
0
0
0
0
0
4075
3790
0
0
0
0
0
0
15
296
0
0
0
0
0
0
4077
3802
0
0
0
0
0
0
14
285
0
0
0
0
0
0
4076
3810
0
0
0
0
0
0
12
273
0
0
0
0
0
0
4078
3823
0
0
0
0
0
0
12
263
0
0
0
0
0
0
4079
3834
0
0
0
0
0
0
12
252
0
0
0
0
0
0
4078
3843
0
0
0
0
0
0
11
241
0
0
0
0
0
0
4079
3853
0
0
0
0
0
0
9
230
0
0
0
0
0
0
4079
3864
0
0
0
0
0
0
11
222
0
0
0
0
0
0
4079
3874
0
0
0
0
0
0
10
212
0
0
0
0
0
0
4082
3884
0
0
0
0
0
0
10
201
0
0
0
0
0
0
4082
3894
0
0
0
0
0
0
9
192
0
0
0
0
0
0
4083
3903
0
0
0
0
0
0
9
184
0
0
0
0
0
0
4082
3911
0
0
0
0
0
0
8
175
0
0
0
0
0
0
4084
3920
0
0
0
0
0
0
6
166
0
0
0
0
0
0
4083
3930
0
0
0
0
0
0
6
156
0
0
0
0
0
0
4084
3938
0
0
0
0
0
0
5
148
0
0
0
0
0
0
4085
3947
0
0
0
0
0
0
5
142
0
0
0
0
0
0
4085
3954
0
0
0
0
0
0
4
132
0
0
0
0
0
0
4085
3961
0
0
0
0
0
0
5
125
0
0
0
0
0
0
4086
3969
0
0
0
0
0
0
4
118
0
0
0
0
0
0
4087
3977
0
0
0
0
0
0
4
111
0
0
0
0
0
0
4087
3984
0
0
0
0
0
0
3
103
0
0
0
0
0
0
4088
3991
0
0
0
0
0
0
3
96
0
0
0
0
0
0
4089
3999
0
0
0
0
0
0
1
89
0
0
0
0
0
0
4088
4006
0
0
0
0
0
0
3
85
0
0
0
0
0
0
4088
4010
0
0
0
0
0
0
2
76
0
0
0
0
0
0
4091
4018
0
0
0
0
0
0
1
71
0
0
0
0
0
0
4090
4023
0
0
0
0
0
0
0
64
0
0
0
0
0
0
4089
4029
0
0
0
0
0
0
1
60
0
0
0
0
0
0
4090
4033
0
0
0
0
0
0
0
54
0
0
0
0
0
0
4091
4039
0
0
0
0
0
0
0
49
0
0
0
0
0
0
4091
4044
0
0
0
0
0
0
4095
44
0
0
0
0
0
0
4090
4049
0
0
0
0
0
0
4095
40
0
0
0
0
0
0
4090
4053
0
0
0
0
0
0
4094
35
0
0
0
0
0
0
4091
4057
0
0
0
0
0
0
4095
32
0
0
0
0
0
0
4091
4061
0
0
0
0
0
0
4094
28
0
0
0
0
0
0
4092
4065
0
0
0
0
0
0
4094
23
0
0
0
0
0
0
4092
4069
0
0
0
0
0
0
4094
20
0
0
0
0
0
0
4092
4071
0
0
0
0
0
0
4095
18
0
0
0
0
0
0
4092
4075
0
0
0
0
0
0
4094
15
0
0
0
0
0
0
4092
4077
0
0
0
0
0
0
4094
12
0
0
0
0
0
0
4093
4081
0
0
0
0
0
0
4094
10
0
0
0
0
0
0
4094
4083
0
0
0
0
0
0
4094
8
0
0
0
0
0
0
4093
4085
0
0
0
0
0
0
4094
4
0
0
0
0
0
0
4094
4087
0
0
0
0
0
0
4094
3
0
0
0
0
0
0
4094
4089
0
0
0
0
0
0
4093
1
0
0
0
0
0
0
4093
4090
0
0
0
0
0
0
4093
0
0
0
0
0
0
0
4094
4092
0
0
0
0
0
0
4094
0
0
0
0
0
0
0
4094
4092
0
0
0
0
0
0
4094
4095
0
0
0
0
0
0
4094
4093
0
0
0
0
0
0
4094
4095
0
0
0
0
0
0
4094
4093
0
0
0
0
0
0
4094
4095
0
0
0
0
0
0
4094
4093
0
0
0
0
0
0
4094
4095
0
0
0
0
0
0
4095
0
0
0
0
0
0
0
0
0
0
0
0
0
0
0
4095
4095
0
0
0
0
0
0
4095
0
0
0
0
0
0
0
0
0
0
0
0
0
0
0
0
4095
0
0
0
0
0
0
0
0
0
0
0
0
0
0
0
0
0
0
0
0
0
0
0
0
0
0
0
0
0
0
0
0
0
0
0
0
0
0
0
0
0
0
0
0
0
0
0
0
0
0
0
0
0
0
0
0
0
0
0
0
0
0
0
0
0
0
0
0
0
0
0
0
0
0
0
0
0
0
0
0
0
0
0
0
0
0
0
0
0
0
0
0
0
0
0
0
0
0
0
0
0
0
0
0
0
0
0
0
0
0
0
0
0
0
0
0
0
0
0
0
0
0
0
0
0
0
0
0
0
0
0
0
0
0
0
0
0
0
0
0
0
0
0
0
0
0
0
0
0
0
0
0
0
0
0
0
0
0
0
0
0
0
0
0
0
0
0
0
0
0
0
0
0
0
0
0
0
0
0
0
0
0
0
0
0
0
0
0
0
0
0
0
0
0
0
0
0
0
0
0
0
0
0
0
0
0
0
0
0
0
0
0
0
0
0
0
0
0
0
0
0
0
0
0
0
0
0
0
0
0
0
0
0
0
0
0
0
0
0
0
0
0
0
0
0
0
0
0
0
0
0
0
0
0
0
0
0
0
0
0
0
0
0
0
0
0
0
0
0
0
0
0
0
0
0
0
0
0
0
0
0
0
0
0
0
0
0
0
0
0
0
0
0
0
0
0
0
0
0
0
0
0
0
0
0
0
0
0
0
0
0
0
0
0
0
0
0
0
0
0
0
0
0
0
0
0
0
0
0
0
0
0
0
0
0
0
0
0
0
0
0
0
0
0
0
0
0
0
0
0
0
0
0
0
0
0
0
0
0
0
0
0
0
0
0
0
0
0
0
0
0
0
0
0
0
0
0
0
0
0
0
0
0
0
0
0
0
0
0
0
0
0
0
0
0
0
0
0
0
0
0
0
0
0
0
0
0
0
0
0
0
0
0
0
0
0
0
0
0
0
0
0
0
0
0
0
0
0
0
0
0
0
0
0
0
0
0
0
0
0
0
0
0
0
0
0
0
0
0
0
0
0
0
0
0
0
0
0
0
0
0
0
0
0
0
0
0
0
0
0
0
0
0
0
0
0
0
0
0
0
0
0
0
0
0
0
0
0
0
0
0
0
0
0
0
0
0
0
0
0
0
0
0
0
0
0
0
0
0
0
0
0
0
0
0
0
0
0
0
0
0
0
0
0
0
0
0
0
0
0
0
0
0
0
0
0
0
0
0
0
0
0
0
0
0
0
0
0
0
0
0
0
0
0
0
0
0
0
0
0
0
0
0
0
0
0
0
0
0
0
0
0
0
0
0
0
0
0
0
0
0
0
0
0
0
0
0
0
0
0
0
0
0
0
0
0
0
0
0
0
0
0
0
0
0
0
0
0
0
0
0
0
0
0
0
0
0
0
0
0
0
0
0
0
0
0
0
0
0
0
0
0
0
0
0
0
0
0
0
0
0
0
0
0
0
0
0
0
0
0
0
0
0
0
0
0
0
0
0
0
0
0
0
0
0
0
0
0
0
0
0
0
0
0
0
0
0
0
0
0
0
0
0
0
0
0
0
0
0
0
0
0
0
0
0
0
0
0
0
0
0
0
0
0
0
0
0
0
0
0
0
0
0
0
0
0
0
0
0
0
0
0
0
0
0
0
0
0
0
0
0
0
0
0
0
0
0
0
0
0
0
0
0
0
0
0
0
0
0
0
0
0
0
0
0
0
0
0
0
0
0
0
0
0
0
0
0
0
0
0
0
0
0
0
0
0
0
0
0
0
0
0
0
0
0
0
0
0
0
0
0
0
0
0
0
0
0
0
0
0
0
0
0
0
0
0
0
0
0
0
0
0
0
0
0
0
0
0
0
0
0
0
0
0
0
0
0
0
0
0
0
0
0
0
0
0
0
0
0
0
0
0
0
0
0
0
0
0
0
0
0
0
0
0
0
0
0
0
0
0
0
0
0
0
0
0
0
0
0
0
0
0
0
0
0
0
0
0
0
0
0
0
0
0
0
0
0
0
0
0
0
0
0
0
0
0
0
0
0
0
0
0
0
0
0
0
0
0
0
0
0
0
0
0
0
0
0
0
0
0
0
0
0
0
0
0
0
0
0
0
0
0
0
0
0
0
0
0
0
0
0
0
0
0
0
0
0
0
0
0
0
0
0
0
0
0
0
0
0
0
0
0
0
0
0
0
0
0
0
0
0
0
0
0
0
0
0
0
0
0
0
0
0
0
0
0
0
0
0
0
0
0
0
0
0
0
0
0
0
0
0
0
0
0
0
0
0
0
0
0
0
0
0
0
0
0
0
0
0
0
0
0
0
0
0
0
0
0
0
0
0
0
0
0
0
0
0
0
0
0
0
0
0
0
0
0
0
0
0
0
0
0
0
0
0
0
0
0
0
0
0
0
0
0
0
0
0
0
0
0
0
0
0
0
0
0
0
0
0
0
0
0
0
0
0
0
0
0
0
0
0
0
0
0
0
0
0
0
0
0
0
0
0
0
0
0
0
0
0
0
0
0
0
0
0
0
0
0
0
0
0
0
0
0
0
0
0
0
0
0
0
0
0
0
0
0
0
0
0
0
0
0
0
0
0
0
0
0
0
0
0
0
0
0
0
0
0
0
0
0
0
0
0
0
0
0
0
0
0
0
0
0
0
0
0
0
0
0
0
0
0
0
0
0
0
0
0
0
0
0
0
0
0
0
0
0
0
0
0
0
0
0
0
0
0
0
0
0
0
0
0
0
0
0
0
0
0
0
0
0
0
0
0
0
0
0
0
0
0
0
0
0
0
0
0
0
0
0
0
0
0
0
0
0
0
0
0
0
0
0
0
0
0
0
0
0
0
0
0
0
0
0
0
0
0
0
0
0
0
0
0
0
0
0
0
0
0
0
0
0
0
0
0
0
0
0
0
0
0
0
0
0
0
0
0
0
0
0
0
0
0
0
0
0
0
0
0
0
0
0
0
0
0
0
0
0
0
0
0
0
0
0
0
0
0
0
0
0
0
0
0
0
0
0
0
0
0
0
0
0
0
0
0
0
0
0
0
0
0
0
0
0
0
0
0
0
0
0
0
0
0
0
0
0
0
0
0
0
0
0
0
0
0
0
0
0
0
0
0
0
0
0
0
0
0
0
0
0
0
0
0
0
0
0
0
0
0
0
0
0
0
0
0
0
0
0
0
0
0
0
0
0
0
0
0
0
0
0
0
0
0
0
0
0
0
0
0
0
0
0
0
0
0
0
0
0
0
0
0
0
0
0
0
0
0
0
0
0
0
0
0
0
0
0
0
0
0
0
0
0
0
0
0
0
0
0
0
0
0
0
0
0
0
0
0
0
0
0
0
0
0
0
0
0
0
0
0
0
0
0
0
0
0
0
0
0
0
0
0
0
0
0
0
0
0
0
0
0
0
0
0
0
0
0
0
0
0
0
0
0
0
0
0
0
0
0
0
0
0
0
0
0
0
0
0
0
0
0
0
0
0
0
0
0
0
0
0
0
0
0
0
0
0
0
0
0
0
0
0
0
0
0
0
0
0
0
0
0
0
0
0
0
0
0
0
0
0
0
0
0
0
0
0
0
0
0
0
0
0
0
0
0
0
0
0
0
0
0
0
0
0
0
0
0
0
0
0
0
0
0
0
0
0
0
0
0
0
0
0
0
0
0
0
0
0
0
0
0
0
0
0
0
0
0
0
0
0
0
0
0
0
0
0
0
0
0
0
0
0
0
0
0
0
0
0
0
0
0
0
0
0
0
0
0
0
0
0
0
0
0
0
0
0
0
0
0
0
0
0
0
0
0
0
0
0
0
0
0
0
0
0
0
0
0
0
0
0
0
0
0
0
0
0
0
0
0
0
0
0
0
0
0
0
0
0
0
0
0
0
0
0
0
0
0
0
0
0
0
0
0
0
0
0
0
0
0
0
0
0
0
0
0
0
0
0
0
0
0
0
0
0
0
0
0
0
0
0
0
0
0
0
0
0
0
0
0
0
0
0
0
0
0
0
0
0
0
0
0
0
0
0
0
0
0
0
0
0
0
0
0
0
0
0
0
0
0
0
0
0
0
0
0
0
0
0
0
0
0
0
0
0
0
0
0
0
0
0
0
0
0
0
0
0
0
0
0
0
0
0
0
0
0
0
0
0
0
0
0
0
0
0
0
0
0
0
0
0
0
0
0
0
0
0
0
0
0
0
0
0
0
0
0
0
0
0
0
0
0
0
0
0
0
0
0
0
0
0
0
0
0
0
0
0
0
0
0
0
0
0
0
0
0
0
0
0
0
0
0
0
0
0
0
0
0
0
0
0
0
0
0
0
0
0
0
0
0
0
0
0
0
0
0
0
0
0
0
0
0
0
0
0
0
0
0
0
0
0
0
0
0
0
0
0
0
0
0
0
0
0
0
0
0
0
0
0
0
0
0
0
0
0
0
0
0
0
0
0
0
0
0
0
0
0
0
0
0
0
0
0
0
0
0
0
0
0
0
0
0
0
0
0
0
0
0
0
0
0
0
0
0
0
0
0
0
0
0
0
0
0
0
0
0
0
0
0
0
0
0
0
0
0
0
0
0
0
0
0
0
0
0
0
0
0
0
0
0
0
0
0
0
0
0
0
0
0
0
0
0
0
0
0
0
0
0
0
0
0
0
0
0
0
0
0
0
0
0
0
0
0
0
0
0
0
0
0
0
0
0
0
0
0
0
0
0
0
0
0
0
0
0
0
0
0
0
0
0
0
0
0
0
0
0
0
0
0
0
0
0
0
0
0
0
0
0
0
0
0
0
0
0
0
0
0
0
0
0
0
0
0
0
0
0
0
0
0
0
0
0
0
0
0
0
0
0
0
0
0
0
0
0
0
0
0
0
0
0
0
0
0
0
0
0
0
0
0
0
0
0
0
0
0
0
0
0
0
0
0
0
0
0
0
0
0
0
0
0
0
0
0
0
0
0
0
0
0
0
0
0
0
0
0
0
0
0
0
0
0
0
0
0
0
0
0
0
0
0
0
0
0
0
0
0
0
0
0
0
0
0
0
0
0
0
0
0
0
0
0
0
0
0
0
0
0
0
0
0
0
0
0
0
0
0
0
0
0
0
0
0
0
0
0
0
0
0
0
0
0
0
0
0
0
0
0
0
0
0
0
0
0
0
0
0
0
0
0
0
0
0
0
0
0
0
0
0
0
0
0
0
0
0
0
0
0
0
0
0
0
0
0
0
0
0
0
0
0
0
0
0
0
0
0
0
0
0
0
0
0
0
0
0
0
0
0
0
0
0
0
0
0
0
0
0
0
0
0
0
0
0
0
0
0
0
0
0
0
0
0
0
0
0
0
0
0
0
0
0
0
0
0
0
0
0
0
0
0
0
0
0
0
0
0
0
0
0
0
0
0
0
0
0
0
0
0
0
0
0
0
0
0
0
0
0
0
0
0
0
0
0
0
0
0
0
0
0
0
0
0
0
0
0
0
0
0
0
0
0
0
0
0
0
0
0
0
0
0
0
0
0
0
0
0
0
0
0
0
0
0
0
0
0
0
0
0
0
0
0
0
0
0
0
0
0
0
0
0
0
0
0
0
0
0
0
0
0
0
0
0
0
0
0
0
0
0
0
0
0
0
0
0
0
0
0
0
0
0
0
0
0
0
0
0
0
0
0
0
0
0
0
0
0
0
0
0
0
0
0
0
0
0
0
0
0
0
0
0
0
0
0
0
0
0
0
0
0
0
0
0
0
0
0
0
0
0
0
0
0
0
0
0
0
0
0
0
0
0
0
0
0
0
0
0
0
0
0
0
0
0
0
0
0
0
0
0
0
0
0
0
0
0
0
0
0
0
0
0
0
0
0
0
0
0
0
0
0
0
0
0
0
0
0
0
0
0
0
0
0
0
0
0
0
0
0
0
0
0
0
0
0
0
0
0
0
0
0
0
0
0
0
0
0
0
0
0
0
0
0
0
0
0
0
0
0
0
0
0
0
0
0
0
0
0
0
0
0
0
0
0
0
0
0
0
0
0
0
0
0
0
0
0
0
0
0
0
0
0
0
0
0
0
0
0
0
0
0
0
0
0
0
0
0
0
0
0
0
0
0
0
0
0
0
0
0
0
0
0
0
0
0
0
0
0
0
0
0
0
0
0
0
0
0
0
0
0
0
0
0
0
0
0
0
0
0
0
0
0
0
0
0
0
0
0
0
0
0
0
0
0
0
0
0
0
0
0
0
0
0
0
0
0
0
0
0
0
0
0
0
0
0
0
0
0
0
0
0
0
0
0
0
0
0
0
0
0
0
0
0
0
0
0
0
0
0
0
0
0
0
0
0
0
0
0
0
0
0
0
0
0
0
0
0
0
0
0
0
0
0
0
0
0
0
0
0
0
0
0
0
0
0
0
0
0
0
0
0
0
0
0
0
0
0
0
0
0
0
0
0
0
0
0
0
0
0
0
0
0
0
0
0
0
0
0
0
0
0
0
0
0
0
0
0
0
0
0
0
0
0
0
0
0
0
0
0
0
0
0
0
0
0
0
0
0
0
0
0
0
0
0
0
0
0
0
0
0
0
0
0
0
0
0
0
0
0
0
0
0
0
0
0
0
0
0
0
0
0
0
0
0
0
0
0
0
0
0
0
0
0
0
0
0
0
0
0
0
0
0
0
0
0
0
0
0
0
0
0
0
0
0
0
0
0
0
0
0
0
0
0
0
0
0
0
0
0
0
0
0
0
0
0
0
0
0
0
0
0
0
0
0
0
0
0
0
0
0
0
0
0
0
0
0
0
0
0
0
0
0
0
0
0
0
0
0
0
0
0
0
0
0
0
0
0
0
0
0
0
0
0
0
0
0
0
0
0
0
0
0
0
0
0
0
0
0
0
0
0
0
0
0
0
0
0
0
0
0
0
0
0
0
0
0
0
0
0
0
0
0
0
0
0
0
0
0
0
0
0
0
0
0
0
0
0
0
0
0
0
0
0
0
0
0
0
0
0
0
0
0
0
0
0
0
0
0
0
0
0
0
0
0
0
0
0
0
0
0
0
0
0
0
0
0
0
0
0
0
0
0
0
0
0
0
0
0
0
0
0
0
0
0
0
0
0
0
0
0
0
0
0
0
0
0
0
0
0
0
0
0
0
0
0
0
0
0
0
0
0
0
0
0
0
0
0
0
0
0
0
0
0
0
0
0
0
0
0
0
0
0
0
0
0
0
0
0
0
0
0
0
0
0
0
0
0
0
0
0
0
0
0
0
0
0
0
0
0
0
0
0
0
0
0
0
0
0
0
0
0
0
0
0
0
0
0
0
0
0
0
0
0
0
0
0
0
0
0
0
0
0
0
0
0
0
0
0
0
0
0
0
0
0
0
0
0
0
0
0
0
0
0
0
0
0
0
0
0
0
0
0
0
0
0
0
0
0
0
0
0
0
0
0
0
0
0
0
0
0
0
0
0
0
0
0
0
0
0
0
0
0
0
0
0
0
0
0
0
0
0
0
0
0
0
0
0
0
0
0
0
0
0
0
0
0
0
0
0
0
0
0
0
0
0
0
0
0
0
0
0
0
0
0
0
0
0
0
0
0
0
0
0
0
0
0
0
0
0
0
0
0
0
0
0
0
0
0
0
0
0
0
0
0
0
0
0
0
0
0
0
0
0
0
0
0
0
0
0
0
0
0
0
0
0
0
0
0
0
0
0
0
0
0
0
0
0
0
0
0
0
0
0
0
0
0
0
0
0
0
0
0
0
0
0
0
0
0
0
0
0
0
0
0
0
0
0
0
0
0
0
0
0
0
0
0
0
0
0
0
0
0
0
0
0
0
0
0
0
0
0
0
0
0
0
0
0
0
0
0
0
0
0
0
0
0
0
0
0
0
0
0
0
0
0
0
0
0
0
0
0
0
0
0
0
0
0
0
0
0
0
0
0
0
0
0
0
0
0
0
0
0
0
0
0
0
0
0
0
0
0
0
0
0
0
0
0
0
0
0
0
0
0
0
0
0
0
0
0
0
0
0
0
0
0
0
0
0
0
0
0
0
0
0
0
0
0
0
0
0
0
0
0
0
0
0
0
0
0
0
0
0
0
0
0
0
0
0
0
0
0
0
0
0
0
0
0
0
0
0
0
0
0
0
0
0
0
0
0
0
0
0
0
0
0
0
0
0
0
0
0
0
0
0
0
0
0
0
0
0
0
0
0
0
0
0
0
0
0
0
0
0
0
0
0
0
0
0
0
0
0
0
0
0
0
0
0
0
0
0
0
0
0
0
0
0
0
0
0
0
0
0
0
0
0
0
0
0
0
0
0
0
0
0
0
0
0
0
0
0
0
0
0
0
0
0
0
0
0
0
0
0
0
0
0
0
0
0
0
0
0
0
0
0
0
0
0
0
0
0
0
0
0
0
0
0
0
0
0
0
0
0
0
0
0
0
0
0
0
0
0
0
0
0
0
0
0
0
0
0
0
0
0
0
0
0
0
0
0
0
0
0
0
0
0
0
0
0
0
0
0
0
0
0
0
0
0
0
0
0
0
0
0
0
0
0
0
0
0
0
0
0
0
0
0
0
0
0
0
0
0
0
0
0
0
0
0
0
0
0
0
0
0
0
0
0
0
0
0
0
0
0
0
0
0
0
0
0
0
0
0
0
0
0
0
0
0
0
0
0
0
0
0
0
0
0
0
0
0
0
0
0
0
0
0
0
0
0
0
0
0
0
0
0
0
0
0
0
0
0
0
0
0
0
0
0
0
0
0
0
0
0
0
0
0
0
0
0
0
0
0
0
0
0
0
0
0
0
0
0
0
0
0
0
0
0
0
0
0
0
0
0
0
0
0
0
0
0
0
0
0
0
0
0
0
0
0
0
0
0
0
0
0
0
0
0
0
0
0
0
0
0
0
0
0
0
0
0
0
0
0
0
0
0
0
0
0
0
0
0
0
0
0
0
0
0
0
0
0
0
0
0
0
0
0
0
0
0
0
0
0
0
0
0
0
0
0
0
0
0
0
0
0
0
0
0
0
0
0
0
0
0
0
0
0
0
0
0
0
0
0
0
0
0
0
0
0
0
0
0
0
0
0
0
0
0
0
0
0
0
0
0
0
0
0
0
0
0
0
0
0
0
0
0
0
0
0
0
0
0
0
0
0
0
0
0
0
0
0
0
0
0
0
0
0
0
0
0
0
0
0
0
0
0
0
0
0
0
0
0
0
0
0
0
0
0
0
0
0
0
0
0
0
0
0
0
0
0
0
0
0
0
0
0
0
0
0
0
0
0
0
0
0
0
0
0
0
0
0
0
0
0
0
0
0
0
0
0
0
0
0
0
0
0
0
0
0
0
0
0
0
0
0
0
0
0
0
0
0
0
0
0
0
0
0
0
0
0
0
0
0
0
0
0
0
0
0
0
0
0
0
0
0
0
0
0
0
0
0
0
0
0
0
0
0
0
0
0
0
0
0
0
0
0
0
0
0
0
0
0
0
0
0
0
0
0
0
0
0
0
0
0
0
0
0
0
0
0
0
0
0
0
0
0
0
0
0
0
0
0
0
0
0
0
0
0
0
0
0
0
0
0
0
0
0
0
0
0
0
0
0
0
0
0
0
0
0
0
0
0
0
0
0
0
0
0
0
0
0
0
0
0
0
0
0
0
0
0
0
0
0
0
0
0
0
0
0
0
0
0
0
0
0
0
0
0
0
0
0
0
0
0
0
0
0
0
0
0
0
0
0
0
0
0
0
0
0
0
0
0
0
0
0
0
0
0
0
0
0
0
0
0
0
0
0
0
0
0
0
0
0
0
0
0
0
0
0
0
0
0
0
0
0
0
0
0
0
0
0
0
0
0
0
0
0
0
0
0
0
0
0
0
0
0
0
0
0
0
0
0
0
0
0
0
0
0
0
0
0
0
0
0
0
0
0
0
0
0
0
0
0
0
0
0
0
0
0
0
0
0
0
0
0
0
0
0
0
0
0
0
0
0
0
0
0
0
0
0
0
0
0
0
0
0
0
0
0
0
0
0
0
0
0
0
0
0
0
0
0
0
0
0
0
0
0
0
0
0
0
0
0
0
0
0
0
0
0
0
0
0
0
0
0
0
0
0
0
0
0
0
0
0
0
0
0
0
0
0
0
0
0
0
0
0
0
0
0
0
0
0
0
0
0
0
0
0
0
0
0
0
0
0
0
0
0
0
0
0
0
0
0
0
0
0
0
0
0
0
0
0
0
0
0
0
0
0
0
0
0
0
0
0
0
0
0
0
0
0
0
0
0
0
0
0
0
0
0
0
0
0
0
0
0
0
0
0
0
0
0
0
0
0
0
0
0
0
0
0
0
0
0
0
0
0
0
0
0
0
0
0
0
0
0
0
0
0
0
0
0
0
0
0
0
0
0
0
0
0
0
0
0
0
0
0
0
0
0
0
0
0
0
0
0
0
0
0
0
0
0
0
0
0
0
0
0
0
0
0
0
0
0
0
0
0
0
0
0
0
0
0
0
0
0
0
0
0
0
0
0
0
0
0
0
0
0
0
0
0
0
0
0
0
0
0
0
0
0
0
0
0
0
0
0
0
0
0
0
0
0
0
0
0
0
0
0
0
0
0
0
0
0
0
0
0
0
0
0
0
0
0
0
0
0
0
0
0
0
0
0
0
0
0
0
0
0
0
0
0
0
0
0
0
0
0
0
0
0
0
0
0
0
0
0
0
0
0
0
0
0
0
0
0
0
0
0
0
0
0
0
0
0
0
0
0
0
0
0
0
0
0
0
0
0
0
0
0
0
0
0
0
0
0
0
0
0
0
0
0
0
0
0
0
0
0
0
0
0
0
0
0
0
0
0
0
0
0
0
0
0
0
0
0
0
0
0
0
0
0
0
0
0
0
0
0
0
0
0
0
0
0
0
0
0
0
0
0
0
0
0
0
0
0
0
0
0
0
0
0
0
0
0
0
0
0
0
0
0
0
0
0
0
0
0
0
0
0
0
0
0
0
0
0
0
0
0
0
0
0
0
0
0
0
0
0
0
0
0
0
0
0
0
0
0
0
0
0
0
0
0
0
0
0
0
0
0
0
0
0
0
0
0
0
0
0
0
0
0
0
0
0
0
0
0
0
0
0
0
0
0
0
0
0
0
0
0
0
0
0
0
0
0
0
0
0
0
0
0
0
0
0
0
0
0
0
0
0
0
0
0
0
0
0
0
0
0
0
0
0
0
0
0
0
0
0
0
0
0
0
0
0
0
0
0
0
0
0
0
0
0
0
0
0
0
0
0
0
0
0
0
0
0
0
0
0
0
0
0
0
0
0
0
0
0
0
0
0
0
0
0
0
0
0
0
0
0
0
0
0
0
0
0
0
0
0
0
0
0
0
0
0
0
0
0
0
0
0
0
0
0
0
0
0
0
0
0
0
0
0
0
0
0
0
0
0
0
0
0
0
0
0
0
0
0
0
0
0
0
0
0
0
0
0
0
0
0
0
0
0
0
0
0
0
0
0
0
0
0
0
0
0
0
0
0
0
0
0
0
0
0
0
0
0
0
0
0
0
0
0
0
0
0
0
0
0
0
0
0
0
0
0
0
0
0
0
0
0
0
0
0
0
0
0
0
0
0
0
0
0
0
0
0
0
0
0
0
0
0
0
0
0
0
0
0
0
0
0
0
0
0
0
0
0
0
0
0
0
0
0
0
0
0
0
0
0
0
0
0
0
0
0
0
0
0
0
0
0
0
0
0
0
0
0
0
0
0
0
0
0
0
0
0
0
0
0
0
0
0
0
0
0
0
0
0
0
0
0
0
0
0
0
0
0
0
0
0
0
0
0
0
0
0
0
0
0
0
0
0
0
0
0
0
0
0
0
0
0
0
0
0
0
0
0
0
0
0
0
0
0
0
0
0
0
0
0
0
0
0
0
0
0
0
0
0
0
0
0
0
0
0
0
0
0
0
0
0
0
0
0
0
0
0
0
0
0
0
0
0
0
0
0
0
0
0
0
0
0
0
0
0
0
0
0
0
0
0
0
0
0
0
0
0
0
0
0
0
0
0
0
0
0
0
0
0
0
0
0
0
0
0
0
0
0
0
0
0
0
0
0
0
0
0
0
0
0
0
0
0
0
0
0
0
0
0
0
0
0
0
0
0
0
0
0
0
0
0
0
0
0
0
0
0
0
0
0
0
0
0
0
0
0
0
0
0
0
0
0
0
0
0
0
0
0
0
0
0
0
0
0
0
0
0
0
0
0
0
0
0
0
0
0
0
0
0
0
0
0
0
0
0
0
0
0
0
0
0
0
0
0
0
0
0
0
0
0
0
0
0
0
0
0
0
0
0
0
0
0
0
0
0
0
0
0
0
0
0
0
0
0
0
0
0
0
0
0
0
0
0
0
0
0
0
0
0
0
0
0
0
0
0
0
0
0
0
0
0
0
0
0
0
0
0
0
0
0
0
0
0
0
0
0
0
0
0
0
0
0
0
0
0
0
0
0
0
0
0
0
0
0
0
0
0
0
0
0
0
0
0
0
0
0
0
0
0
0
0
0
0
0
0
0
0
0
0
0
0
0
0
0
0
0
0
0
0
0
0
0
0
0
0
0
0
0
0
0
0
0
0
0
0
0
0
0
0
0
0
0
0
0
0
0
0
0
0
0
0
0
0
0
0
0
0
0
0
0
0
0
0
0
0
0
0
0
0
0
0
0
0
0
0
0
0
0
0
0
0
0
0
0
0
0
0
0
0
0
0
0
0
0
0
0
0
0
0
0
0
0
0
0
0
0
0
0
0
0
0
0
0
0
0
0
0
0
0
0
0
0
0
0
0
0
0
0
0
0
0
0
0
0
0
0
0
0
0
0
0
0
0
0
0
0
0
0
0
0
0
0
0
0
0
0
0
0
0
0
0
0
0
0
0
0
0
0
0
0
0
0
0
0
0
0
0
0
0
0
0
0
0
0
0
0
0
0
0
0
0
0
0
0
0
0
0
0
0
0
0
0
0
0
0
0
0
0
0
0
0
0
0
0
0
0
0
0
0
0
0
0
0
0
0
0
0
0
0
0
0
0
0
0
0
0
0
0
0
0
0
0
0
0
0
0
0
0
0
0
0
0
0
0
0
0
0
0
0
0
0
0
0
0
0
0
0
0
0
0
0
0
0
0
0
0
0
0
0
0
0
0
0
0
0
0
0
0
0
0
0
0
0
0
0
0
0
0
0
0
0
0
0
0
0
0
0
0
0
0
0
0
0
0
0
0
0
0
0
0
0
0
0
0
0
0
0
0
0
0
0
0
0
0
0
0
0
0
0
0
0
0
0
0
0
0
0
0
0
0
0
0
0
0
0
0
0
0
0
0
0
0
0
0
0
0
0
0
0
0
0
0
0
0
0
0
0
0
0
0
0
0
0
0
0
0
0
0
0
0
0
0
0
0
0
0
0
0
0
0
0
0
0
0
0
0
0
0
0
0
0
0
0
0
0
0
0
0
0
0
0
0
0
0
0
0
0
0
0
0
0
0
0
0
0
0
0
0
0
0
0
0
0
0
0
0
0
0
0
0
0
0
0
0
0
0
0
0
0
0
0
0
0
0
0
0
0
0
0
0
0
0
0
0
0
0
0
0
0
0
0
0
0
0
0
0
0
0
0
0
0
0
0
0
0
0
0
0
0
0
0
0
0
0
0
0
0
0
0
0
0
0
0
0
0
0
0
0
0
0
0
0
0
0
0
0
0
0
0
0
0
0
0
0
0
0
0
0
0
0
0
0
0
0
0
0
0
0
0
0
0
0
0
0
0
0
0
0
0
0
0
0
0
0
0
0
0
0
0
0
0
0
0
0
0
0
0
0
0
0
0
0
0
0
0
0
0
0
0
0
0
0
0
0
0
0
0
0
0
0
0
0
0
0
0
0
0
0
0
0
0
0
0
0
0
0
0
0
0
0
0
0
0
0
0
0
0
0
0
0
0
0
0
0
0
0
0
0
0
0
0
0
0
0
0
0
0
0
0
0
0
0
0
0
0
0
0
0
0
0
0
0
0
0
0
0
0
0
0
0
0
0
0
0
0
0
0
0
0
0
0
0
0
0
0
0
0
0
0
0
0
0
0
0
0
0
0
0
0
0
0
0
0
0
0
0
0
0
0
0
0
0
0
0
0
0
0
0
0
0
0
0
0
0
0
0
0
0
0
0
0
0
0
0
0
0
0
0
0
0
0
0
0
0
0
0
0
0
0
0
0
0
0
0
0
0
0
0
0
0
0
0
0
0
0
0
0
0
0
0
0
0
0
0
0
0
0
0
0
0
0
0
0
0
0
0
0
0
0
0
0
0
0
0
0
0
0
0
0
0
0
0
0
0
0
0
0
0
0
0
0
0
0
0
0
0
0
0
0
0
0
0
0
0
0
0
0
0
0
0
0
0
0
0
0
0
0
0
0
0
0
0
0
0
0
0
0
0
0
0
0
0
0
0
0
0
0
0
0
0
0
0
0
0
0
0
0
0
0
0
0
0
0
0
0
0
0
0
0
0
0
0
0
0
0
0
0
0
0
0
0
0
0
0
0
0
0
0
0
0
0
0
0
0
0
0
0
0
0
0
0
0
0
0
0
0
0
0
0
0
0
0
0
0
0
0
0
0
0
0
0
0
0
0
0
0
0
0
0
0
0
0
0
0
0
0
0
0
0
0
0
0
0
0
0
0
0
0
0
0
0
0
0
0
0
0
0
0
0
0
0
0
0
0
0
0
0
0
0
0
0
0
0
0
0
0
0
0
0
0
0
0
0
0
0
0
0
0
0
0
0
0
0
0
0
0
0
0
0
0
0
0
0
0
0
0
0
0
0
0
0
0
0
0
0
0
0
0
0
0
0
0
0
0
0
0
0
0
0
0
0
0
0
0
0
0
0
0
0
0
0
0
0
0
0
0
0
0
0
0
0
0
0
0
0
0
0
0
0
0
0
0
0
0
0
0
0
0
0
0
0
0
0
0
0
0
0
0
0
0
0
0
0
0
0
0
0
0
0
0
0
0
0
0
0
0
0
0
0
0
0
0
0
0
0
0
0
0
0
0
0
0
0
0
0
0
0
0
0
0
0
0
0
0
0
0
0
0
0
0
0
0
0
0
0
0
0
0
0
0
0
0
0
0
0
0
0
0
0
0
0
0
0
0
0
0
0
0
0
0
0
0
0
0
0
0
0
0
0
0
0
0
0
0
0
0
0
0
0
0
0
0
0
0
0
0
0
0
0
0
0
0
0
0
0
0
0
0
0
0
0
0
0
0
0
0
0
0
0
0
0
0
0
0
0
0
0
0
0
0
0
0
0
0
0
0
0
0
0
0
0
0
0
0
0
0
0
0
0
0
0
0
0
0
0
0
0
0
0
0
0
0
0
0
0
0
0
0
0
0
0
0
0
0
0
0
0
0
0
0
0
0
0
0
0
0
0
0
0
0
0
0
0
0
0
0
0
0
0
0
0
0
0
0
0
0
0
0
0
0
0
0
0
0
0
0
0
0
0
0
0
0
0
0
0
0
0
0
0
0
0
0
0
0
0
0
0
0
0
0
0
0
0
0
0
0
0
0
0
0
0
0
0
0
0
0
0
0
0
0
0
0
0
0
0
0
0
0
0
0
0
0
0
0
0
0
0
0
0
0
0
0
0
0
0
0
0
0
0
0
0
0
0
0
0
0
0
0
0
0
0
0
0
0
0
0
0
0
0
0
0
0
0
0
0
0
0
0
0
0
0
0
0
0
0
0
0
0
0
0
0
0
0
0
0
0
0
0
0
0
0
0
0
0
0
0
0
0
0
0
0
0
0
0
0
0
0
0
0
0
0
0
0
0
0
0
0
0
0
0
0
0
0
0
0
0
0
0
0
0
0
0
0
0
0
0
0
0
0
0
0
0
0
0
0
0
0
0
0
0
0
0
0
0
0
0
0
0
0
0
0
0
0
0
0
0
0
0
0
0
0
0
0
0
0
0
0
0
0
0
0
0
0
0
0
0
0
0
0
0
0
0
0
0
0
0
0
0
0
0
0
0
0
0
0
0
0
0
0
0
0
0
0
0
0
0
0
0
0
0
0
0
0
0
0
0
0
0
0
0
0
0
0
0
0
0
0
0
0
0
0
0
0
0
0
0
0
0
0
0
0
0
0
0
0
0
0
0
0
0
0
0
0
0
0
0
0
0
0
0
0
0
0
0
0
0
0
0
0
0
0
0
0
0
0
0
0
0
0
0
0
0
0
0
0
0
0
0
0
0
0
0
0
0
0
0
0
0
0
0
0
0
0
0
0
0
0
0
0
0
0
0
0
0
0
0
0
0
0
0
0
0
0
0
0
0
0
0
0
0
0
0
0
0
0
0
0
0
0
0
0
0
0
0
0
0
0
0
0
0
0
0
0
0
0
0
0
0
0
0
0
0
0
0
0
0
0
0
0
0
0
0
0
0
0
0
0
0
0
0
0
0
0
0
0
0
0
0
0
0
0
0
0
0
0
0
0
0
0
0
0
0
0
0
0
0
0
0
0
0
0
0
0
0
0
0
0
0
0
0
0
0
0
0
0
0
0
0
0
0
0
0
0
0
0
0
0
0
0
0
0
0
0
0
0
0
0
0
0
0
0
0
0
0
0
0
0
0
0
0
0
0
0
0
0
0
0
0
0
0
0
0
0
0
0
0
0
0
0
0
0
0
0
0
0
0
0
0
0
0
0
0
0
0
0
0
0
0
0
0
0
0
0
0
0
0
0
0
0
0
0
0
0
0
0
0
0
0
0
0
0
0
0
0
0
0
0
0
0
0
0
0
0
0
0
0
0
0
0
0
0
0
0
0
0
0
0
0
0
0
0
0
0
0
0
0
0
0
0
0
0
0
0
0
0
0
0
0
0
0
0
0
0
0
0
0
0
0
0
0
0
0
0
0
0
0
0
0
0
0
0
0
0
0
0
0
0
0
0
0
0
0
0
0
0
0
0
0
0
0
0
0
0
0
0
0
0
0
0
0
0
0
0
0
0
0
0
0
0
0
0
0
0
0
0
0
0
0
0
0
0
0
0
0
0
0
0
0
0
0
0
0
0
0
0
0
0
0
0
0
0
0
0
0
0
0
0
0
0
0
0
0
0
0
0
0
0
0
0
0
0
0
0
0
0
0
0
0
0
0
0
0
0
0
0
0
0
0
0
0
0
0
0
0
0
0
0
0
0
0
0
0
0
0
0
0
0
0
0
0
0
0
0
0
0
0
0
0
0
0
0
0
0
0
0
0
0
0
0
0
0
0
0
0
0
0
0
0
0
0
0
0
0
0
0
0
0
0
0
0
0
0
0
0
0
0
0
0
0
0
0
0
0
0
0
0
0
0
0
0
0
0
0
0
0
0
0
0
0
0
0
0
0
0
0
0
0
0
0
0
0
0
0
0
0
0
0
0
0
0
0
0
0
0
0
0
0
0
0
0
0
0
0
0
0
0
0
0
0
0
0
0
0
0
0
0
0
0
0
0
0
0
0
0
0
0
0
0
0
0
0
0
0
0
0
0
0
0
0
0
0
0
0
0
0
0
0
0
0
0
0
0
0
0
0
0
0
0
0
0
0
0
0
0
0
0
0
0
0
0
0
0
0
0
0
0
0
0
0
