0
0
0
0
0
0
0
0
0
0
0
0
0
0
0
0
0
0
0
0
0
0
0
0
0
0
0
0
0
0
0
0
0
0
0
0
0
0
0
0
0
0
0
0
0
0
0
0
0
0
0
0
0
0
0
0
0
0
0
0
0
0
0
0
0
0
0
0
0
0
0
0
0
0
0
0
0
0
0
0
0
0
0
0
0
0
0
0
0
0
0
0
0
0
0
0
0
0
0
0
0
0
0
0
0
0
0
0
0
0
0
0
0
0
0
0
0
0
0
0
0
0
0
0
0
0
0
0
0
0
0
0
0
0
0
0
0
0
0
0
0
0
0
0
0
0
0
0
0
0
0
0
0
0
0
0
0
0
0
0
0
0
0
0
0
0
0
0
0
0
0
0
0
0
0
0
0
0
0
0
0
0
0
0
4092
4092
0
0
0
0
0
0
0
4095
0
0
0
0
0
0
4092
4092
0
0
0
0
0
0
0
4095
0
0
0
0
0
0
4092
4092
0
0
0
0
0
0
0
4095
0
0
0
0
0
0
4092
4092
0
0
0
0
0
0
1
0
0
0
0
0
0
0
4089
4089
0
0
0
0
0
0
1
1
0
0
0
0
0
0
4087
4087
0
0
0
0
0
0
5
4
0
0
0
0
0
0
4086
4086
0
0
0
0
0
0
6
6
0
0
0
0
0
0
4082
4084
0
0
0
0
0
0
9
8
0
0
0
0
0
0
4079
4081
0
0
0
0
0
0
13
10
0
0
0
0
0
0
4076
4079
0
0
0
0
0
0
16
13
0
0
0
0
0
0
4073
4078
0
0
0
0
0
0
19
13
0
0
0
0
0
0
4071
4076
0
0
0
0
0
0
23
16
0
0
0
0
0
0
4069
4076
0
0
0
0
0
0
24
17
0
0
0
0
0
0
4065
4075
0
0
0
0
0
0
27
17
0
0
0
0
0
0
4063
4076
0
0
0
0
0
0
28
14
0
0
0
0
0
0
4063
4078
0
0
0
0
0
0
30
13
0
0
0
0
0
0
4059
4079
0
0
0
0
0
0
30
10
0
0
0
0
0
0
4060
4083
0
0
0
0
0
0
30
5
0
0
0
0
0
0
4062
4088
0
0
0
0
0
0
29
1
0
0
0
0
0
0
4063
4092
0
0
0
0
0
0
26
4091
0
0
0
0
0
0
4066
3
0
0
0
0
0
0
21
4083
0
0
0
0
0
0
4072
12
0
0
0
0
0
0
16
4072
0
0
0
0
0
0
4078
24
0
0
0
0
0
0
9
4062
0
0
0
0
0
0
4085
35
0
0
0
0
0
0
1
4051
0
0
0
0
0
0
4095
48
0
0
0
0
0
0
4086
4036
0
0
0
0
0
0
10
62
0
0
0
0
0
0
4075
4023
0
0
0
0
0
0
22
76
0
0
0
0
0
0
4061
4006
0
0
0
0
0
0
37
94
0
0
0
0
0
0
4046
3989
0
0
0
0
0
0
52
112
0
0
0
0
0
0
4030
3970
0
0
0
0
0
0
70
130
0
0
0
0
0
0
4011
3950
0
0
0
0
0
0
87
149
0
0
0
0
0
0
3993
3931
0
0
0
0
0
0
108
170
0
0
0
0
0
0
3972
3912
0
0
0
0
0
0
130
189
0
0
0
0
0
0
3951
3891
0
0
0
0
0
0
151
209
0
0
0
0
0
0
3928
3871
0
0
0
0
0
0
173
229
0
0
0
0
0
0
3906
3853
0
0
0
0
0
0
197
248
0
0
0
0
0
0
3882
3834
0
0
0
0
0
0
221
266
0
0
0
0
0
0
3858
3814
0
0
0
0
0
0
243
284
0
0
0
0
0
0
3835
3799
0
0
0
0
0
0
268
301
0
0
0
0
0
0
3813
3785
0
0
0
0
0
0
289
313
0
0
0
0
0
0
3791
3771
0
0
0
0
0
0
311
326
0
0
0
0
0
0
3770
3760
0
0
0
0
0
0
332
334
0
0
0
0
0
0
3750
3753
0
0
0
0
0
0
350
341
0
0
0
0
0
0
3732
3747
0
0
0
0
0
0
366
344
0
0
0
0
0
0
3717
3745
0
0
0
0
0
0
380
344
0
0
0
0
0
0
3705
3747
0
0
0
0
0
0
391
342
0
0
0
0
0
0
3695
3751
0
0
0
0
0
0
400
334
0
0
0
0
0
0
3688
3761
0
0
0
0
0
0
405
323
0
0
0
0
0
0
3684
3775
0
0
0
0
0
0
407
308
0
0
0
0
0
0
3684
3791
0
0
0
0
0
0
405
288
0
0
0
0
0
0
3689
3814
0
0
0
0
0
0
398
264
0
0
0
0
0
0
3697
3841
0
0
0
0
0
0
387
235
0
0
0
0
0
0
3711
3872
0
0
0
0
0
0
372
202
0
0
0
0
0
0
3730
3908
0
0
0
0
0
0
351
163
0
0
0
0
0
0
3751
3948
0
0
0
0
0
0
326
122
0
0
0
0
0
0
3779
3991
0
0
0
0
0
0
296
77
0
0
0
0
0
0
3812
4040
0
0
0
0
0
0
260
24
0
0
0
0
0
0
3849
4093
0
0
0
0
0
0
221
4066
0
0
0
0
0
0
3891
52
0
0
0
0
0
0
176
4008
0
0
0
0
0
0
3939
112
0
0
0
0
0
0
128
3948
0
0
0
0
0
0
3989
173
0
0
0
0
0
0
73
3885
0
0
0
0
0
0
4044
239
0
0
0
0
0
0
16
3820
0
0
0
0
0
0
8
305
0
0
0
0
0
0
4051
3751
0
0
0
0
0
0
72
374
0
0
0
0
0
0
3986
3681
0
0
0
0
0
0
138
443
0
0
0
0
0
0
3918
3613
0
0
0
0
0
0
208
512
0
0
0
0
0
0
3847
3544
0
0
0
0
0
0
279
582
0
0
0
0
0
0
3774
3474
0
0
0
0
0
0
354
651
0
0
0
0
0
0
3700
3407
0
0
0
0
0
0
429
717
0
0
0
0
0
0
3624
3341
0
0
0
0
0
0
503
781
0
0
0
0
0
0
3550
3277
0
0
0
0
0
0
579
843
0
0
0
0
0
0
3473
3217
0
0
0
0
0
0
654
902
0
0
0
0
0
0
3399
3163
0
0
0
0
0
0
726
953
0
0
0
0
0
0
3328
3112
0
0
0
0
0
0
797
1002
0
0
0
0
0
0
3258
3065
0
0
0
0
0
0
866
1046
0
0
0
0
0
0
3191
3027
0
0
0
0
0
0
930
1081
0
0
0
0
0
0
3128
2993
0
0
0
0
0
0
990
1109
0
0
0
0
0
0
3070
2969
0
0
0
0
0
0
1045
1131
0
0
0
0
0
0
3020
2952
0
0
0
0
0
0
1095
1145
0
0
0
0
0
0
2973
2942
0
0
0
0
0
0
1136
1148
0
0
0
0
0
0
2933
2942
0
0
0
0
0
0
1174
1145
0
0
0
0
0
0
2902
2951
0
0
0
0
0
0
1201
1131
0
0
0
0
0
0
2878
2970
0
0
0
0
0
0
1220
1107
0
0
0
0
0
0
2864
3001
0
0
0
0
0
0
1230
1073
0
0
0
0
0
0
2858
3039
0
0
0
0
0
0
1231
1029
0
0
0
0
0
0
2862
3087
0
0
0
0
0
0
1222
975
0
0
0
0
0
0
2876
3146
0
0
0
0
0
0
1203
909
0
0
0
0
0
0
2900
3215
0
0
0
0
0
0
1173
836
0
0
0
0
0
0
2935
3294
0
0
0
0
0
0
1133
753
0
0
0
0
0
0
2980
3384
0
0
0
0
0
0
1084
659
0
0
0
0
0
0
3036
3481
0
0
0
0
0
0
1022
556
0
0
0
0
0
0
3103
3588
0
0
0
0
0
0
950
445
0
0
0
0
0
0
3179
3703
0
0
0
0
0
0
869
327
0
0
0
0
0
0
3266
3825
0
0
0
0
0
0
776
201
0
0
0
0
0
0
3364
3955
0
0
0
0
0
0
676
69
0
0
0
0
0
0
3470
4091
0
0
0
0
0
0
565
4026
0
0
0
0
0
0
3584
135
0
0
0
0
0
0
445
3884
0
0
0
0
0
0
3707
280
0
0
0
0
0
0
317
3737
0
0
0
0
0
0
3838
427
0
0
0
0
0
0
183
3587
0
0
0
0
0
0
3976
577
0
0
0
0
0
0
43
3437
0
0
0
0
0
0
23
728
0
0
0
0
0
0
3994
3287
0
0
0
0
0
0
172
879
0
0
0
0
0
0
3843
3138
0
0
0
0
0
0
323
1027
0
0
0
0
0
0
3690
2988
0
0
0
0
0
0
479
1174
0
0
0
0
0
0
3533
2843
0
0
0
0
0
0
636
1318
0
0
0
0
0
0
3377
2704
0
0
0
0
0
0
793
1455
0
0
0
0
0
0
3219
2570
0
0
0
0
0
0
948
1584
0
0
0
0
0
0
3065
2443
0
0
0
0
0
0
1103
1708
0
0
0
0
0
0
2913
2325
0
0
0
0
0
0
1253
1822
0
0
0
0
0
0
2764
2215
0
0
0
0
0
0
1399
1926
0
0
0
0
0
0
2621
2117
0
0
0
0
0
0
1538
2017
0
0
0
0
0
0
2485
2032
0
0
0
0
0
0
1671
2097
0
0
0
0
0
0
2355
1957
0
0
0
0
0
0
1794
2163
0
0
0
0
0
0
2237
1899
0
0
0
0
0
0
1908
2216
0
0
0
0
0
0
2128
1854
0
0
0
0
0
0
2012
2253
0
0
0
0
0
0
2031
1825
0
0
0
0
0
0
2102
2273
0
0
0
0
0
0
1947
1812
0
0
0
0
0
0
2181
2279
0
0
0
0
0
0
1876
1815
0
0
0
0
0
0
2244
2266
0
0
0
0
0
0
1819
1836
0
0
0
0
0
0
2293
2237
0
0
0
0
0
0
1778
1874
0
0
0
0
0
0
2325
2190
0
0
0
0
0
0
1754
1930
0
0
0
0
0
0
2341
2124
0
0
0
0
0
0
1746
2005
0
0
0
0
0
0
2341
2042
0
0
0
0
0
0
1756
2096
0
0
0
0
0
0
2323
1942
0
0
0
0
0
0
1784
2206
0
0
0
0
0
0
2287
1824
0
0
0
0
0
0
1827
2330
0
0
0
0
0
0
2233
1690
0
0
0
0
0
0
1890
2473
0
0
0
0
0
0
2161
1540
0
0
0
0
0
0
1971
2630
0
0
0
0
0
0
2072
1376
0
0
0
0
0
0
2069
2802
0
0
0
0
0
0
1965
1196
0
0
0
0
0
0
2186
2989
0
0
0
0
0
0
1839
1003
0
0
0
0
0
0
2320
3188
0
0
0
0
0
0
1697
796
0
0
0
0
0
0
2469
3399
0
0
0
0
0
0
1539
580
0
0
0
0
0
0
2633
3619
0
0
0
0
0
0
1367
356
0
0
0
0
0
0
2814
3851
0
0
0
0
0
0
1180
122
0
0
0
0
0
0
3008
4088
0
0
0
0
0
0
980
3978
0
0
0
0
0
0
3213
233
0
0
0
0
0
0
768
3733
0
0
0
0
0
0
3430
479
0
0
0
0
0
0
545
3486
0
0
0
0
0
0
3659
729
0
0
0
0
0
0
313
3236
0
0
0
0
0
0
3894
979
0
0
0
0
0
0
74
2989
0
0
0
0
0
0
41
1225
0
0
0
0
0
0
3926
2743
0
0
0
0
0
0
288
1468
0
0
0
0
0
0
3677
2502
0
0
0
0
0
0
538
1705
0
0
0
0
0
0
3426
2269
0
0
0
0
0
0
790
1937
0
0
0
0
0
0
3174
2042
0
0
0
0
0
0
1042
2157
0
0
0
0
0
0
2922
1826
0
0
0
0
0
0
1290
2367
0
0
0
0
0
0
2677
1623
0
0
0
0
0
0
1534
2563
0
0
0
0
0
0
2434
1432
0
0
0
0
0
0
1773
2745
0
0
0
0
0
0
2201
1260
0
0
0
0
0
0
2002
2910
0
0
0
0
0
0
1975
1102
0
0
0
0
0
0
2221
3057
0
0
0
0
0
0
1762
965
0
0
0
0
0
0
2429
3186
0
0
0
0
0
0
1559
847
0
0
0
0
0
0
2624
3293
0
0
0
0
0
0
1373
751
0
0
0
0
0
0
2801
3377
0
0
0
0
0
0
1203
678
0
0
0
0
0
0
2963
3440
0
0
0
0
0
0
947
663
0
0
0
0
0
0
3212
3442
0
0
0
0
0
0
813
637
0
0
0
0
0
0
3335
3456
0
0
0
0
0
0
700
636
0
0
0
0
0
0
3535
3371
0
0
0
0
0
0
615
698
0
0
0
0
0
0
3511
3370
0
0
0
0
0
0
549
748
0
0
0
0
0
0
3566
3306
0
0
0
0
0
0
504
825
0
0
0
0
0
0
3597
275
0
0
0
0
0
0
521
3896
0
0
0
0
0
0
3567
133
0
0
0
0
0
0
528
4023
0
0
0
0
0
0
3549
4092
0
0
0
0
0
0
559
77
0
0
0
0
0
0
3505
3927
0
0
0
0
0
0
3560
3223
0
0
0
0
0
0
465
791
0
0
0
0
0
0
3768
3328
0
0
0
0
0
0
268
654
0
0
0
0
0
0
3879
3548
0
0
0
0
0
0
146
422
0
0
0
0
0
0
4011
3790
0
0
0
0
0
0
1
172
0
0
0
0
0
0
3045
678
0
0
0
0
0
0
979
3279
0
0
0
0
0
0
3205
951
0
0
0
0
0
0
784
2993
0
0
0
0
0
0
3409
2398
0
0
0
0
0
0
605
1565
0
0
0
0
0
0
3600
2678
0
0
0
0
0
0
368
1253
0
0
0
0
0
0
3845
2995
0
0
0
0
0
0
3485
735
0
0
0
0
0
0
735
3527
0
0
0
0
0
0
3217
396
0
0
0
0
0
0
1014
3862
0
0
0
0
0
0
2927
57
0
0
0
0
0
0
1310
105
0
0
0
0
0
0
1472
2686
0
0
0
0
0
0
2745
1594
0
0
0
0
0
0
992
2636
0
0
0
0
0
0
3267
1623
0
0
0
0
0
0
659
2296
0
0
0
0
0
0
3596
1963
0
0
0
0
0
0
327
1960
0
0
0
0
0
0
3930
2298
0
0
0
0
0
0
4087
1628
0
0
0
0
0
0
172
2622
0
0
0
0
0
0
4058
1287
0
0
0
0
0
0
1325
2228
0
0
0
0
0
0
2573
1703
0
0
0
0
0
0
1685
2536
0
0
0
0
0
0
2236
1407
0
0
0
0
0
0
2019
2822
0
0
0
0
0
0
1902
1126
0
0
0
0
0
0
2350
3095
0
0
0
0
0
0
1579
867
0
0
0
0
0
0
2777
3310
0
0
0
0
0
0
1155
660
0
0
0
0
0
0
3086
3538
0
0
0
0
0
0
1577
639
0
0
0
0
0
0
2659
3541
0
0
0
0
0
0
1284
454
0
0
0
0
0
0
2942
3722
0
0
0
0
0
0
1014
289
0
0
0
0
0
0
3204
3873
0
0
0
0
0
0
662
223
0
0
0
0
0
0
3546
3924
0
0
0
0
0
0
429
114
0
0
0
0
0
0
3766
4018
0
0
0
0
0
0
413
3818
0
0
0
0
0
0
3760
298
0
0
0
0
0
0
240
3770
0
0
0
0
0
0
3931
331
0
0
0
0
0
0
82
2602
0
0
0
0
0
0
4038
1457
0
0
0
0
0
0
4084
2645
0
0
0
0
0
0
57
1425
0
0
0
0
0
0
3985
2693
0
0
0
0
0
0
143
1359
0
0
0
0
0
0
3603
2793
0
0
0
0
0
0
510
1244
0
0
0
0
0
0
3564
2904
0
0
0
0
0
0
1687
2242
0
0
0
0
0
0
2429
1901
0
0
0
0
0
0
1650
2103
0
0
0
0
0
0
2454
2079
0
0
0
0
0
0
1610
1912
0
0
0
0
0
0
2511
2284
0
0
0
0
0
0
1537
1689
0
0
0
0
0
0
2705
2483
0
0
0
0
0
0
1328
1479
0
0
0
0
0
0
1700
3470
0
0
0
0
0
0
2337
482
0
0
0
0
0
0
1830
3752
0
0
0
0
0
0
2173
184
0
0
0
0
0
0
2009
4062
0
0
0
0
0
0
1977
3959
0
0
0
0
0
0
2219
298
0
0
0
0
0
0
1754
3617
0
0
0
0
0
0
2555
576
0
0
0
0
0
0
677
3134
0
0
0
0
0
0
3542
1146
0
0
0
0
0
0
406
2752
0
0
0
0
0
0
3830
1530
0
0
0
0
0
0
105
2364
0
0
0
0
0
0
42
1923
0
0
0
0
0
0
3883
1966
0
0
0
0
0
0
376
2327
0
0
0
0
0
0
3542
406
0
0
0
0
0
0
881
3548
0
0
0
0
0
0
3016
335
0
0
0
0
0
0
1254
3957
0
0
0
0
0
0
2647
4022
0
0
0
0
0
0
1632
272
0
0
0
0
0
0
2263
3610
0
0
0
0
0
0
2017
680
0
0
0
0
0
0
1871
3206
0
0
0
0
0
0
2414
1083
0
0
0
0
0
0
632
1663
0
0
0
0
0
0
3629
2640
0
0
0
0
0
0
259
1257
0
0
0
0
0
0
4029
3018
0
0
0
0
0
0
3954
884
0
0
0
0
0
0
336
3385
0
0
0
0
0
0
3554
527
0
0
0
0
0
0
733
3734
0
0
0
0
0
0
3158
187
0
0
0
0
0
0
1229
4026
0
0
0
0
0
0
1540
629
0
0
0
0
0
0
2758
3612
0
0
0
0
0
0
1145
334
0
0
0
0
0
0
3126
3892
0
0
0
0
0
0
784
65
0
0
0
0
0
0
3479
50
0
0
0
0
0
0
440
3923
0
0
0
0
0
0
3812
273
0
0
0
0
0
0
17
3788
0
0
0
0
0
0
132
394
0
0
0
0
0
0
436
3804
0
0
0
0
0
0
3799
352
0
0
0
0
0
0
151
3668
0
0
0
0
0
0
4065
479
0
0
0
0
0
0
3994
3558
0
0
0
0
0
0
210
571
0
0
0
0
0
0
3768
3483
0
0
0
0
0
0
420
1781
0
0
0
0
0
0
3610
2319
0
0
0
0
0
0
565
1773
0
0
0
0
0
0
3639
2007
0
0
0
0
0
0
511
2070
0
0
0
0
0
0
3516
2042
0
0
0
0
0
0
625
2017
0
0
0
0
0
0
3418
2112
0
0
0
0
0
0
706
1927
0
0
0
0
0
0
2202
1093
0
0
0
0
0
0
1877
2948
0
0
0
0
0
0
2202
1215
0
0
0
0
0
0
2200
2769
0
0
0
0
0
0
1895
1410
0
0
0
0
0
0
2175
2577
0
0
0
0
0
0
1940
1622
0
0
0
0
0
0
2115
2351
0
0
0
0
0
0
2018
1863
0
0
0
0
0
0
3145
1367
0
0
0
0
0
0
985
2858
0
0
0
0
0
0
3035
1084
0
0
0
0
0
0
1132
3159
0
0
0
0
0
0
2766
807
0
0
0
0
0
0
1418
3450
0
0
0
0
0
0
2567
465
0
0
0
0
0
0
1630
3803
0
0
0
0
0
0
2340
102
0
0
0
0
0
0
1872
78
0
0
0
0
0
0
1357
3624
0
0
0
0
0
0
2868
672
0
0
0
0
0
0
1076
3215
0
0
0
0
0
0
3261
1005
0
0
0
0
0
0
666
2874
0
0
0
0
0
0
3587
1426
0
0
0
0
0
0
332
2450
0
0
0
0
0
0
3930
1854
0
0
0
0
0
0
4073
2015
0
0
0
0
0
0
397
1982
0
0
0
0
0
0
3495
1890
0
0
0
0
0
0
784
2419
0
0
0
0
0
0
3105
294
0
0
0
0
0
0
1146
3987
0
0
0
0
0
0
2739
3978
0
0
0
0
0
0
1554
328
0
0
0
0
0
0
2327
3543
0
0
0
0
0
0
1972
761
0
0
0
0
0
0
1905
3115
0
0
0
0
0
0
2082
1203
0
0
0
0
0
0
1795
2683
0
0
0
0
0
0
3659
2737
0
0
0
0
0
0
243
1131
0
0
0
0
0
0
4057
3152
0
0
0
0
0
0
3917
745
0
0
0
0
0
0
382
3530
0
0
0
0
0
0
3499
377
0
0
0
0
0
0
796
3889
0
0
0
0
0
0
2983
66
0
0
0
0
0
0
1307
90
0
0
0
0
0
0
2582
3840
0
0
0
0
0
0
2827
3770
0
0
0
0
0
0
1052
172
0
0
0
0
0
0
3223
4054
0
0
0
0
0
0
684
4001
0
0
0
0
0
0
3581
208
0
0
0
0
0
0
335
3767
0
0
0
0
0
0
3918
427
0
0
0
0
0
0
4004
3636
0
0
0
0
0
0
238
540
0
0
0
0
0
0
330
3664
0
0
0
0
0
0
3903
488
0
0
0
0
0
0
49
3538
0
0
0
0
0
0
70
604
0
0
0
0
0
0
3898
3441
0
0
0
0
0
0
302
682
0
0
0
0
0
0
3680
2228
0
0
0
0
0
0
468
1850
0
0
0
0
0
0
3530
2231
0
0
0
0
0
0
638
1854
0
0
0
0
0
0
3572
1934
0
0
0
0
0
0
571
2136
0
0
0
0
0
0
3460
1983
0
0
0
0
0
0
673
2067
0
0
0
0
0
0
3377
2070
0
0
0
0
0
0
741
1961
0
0
0
0
0
0
2176
1068
0
0
0
0
0
0
1898
2967
0
0
0
0
0
0
2190
1206
0
0
0
0
0
0
2203
2772
0
0
0
0
0
0
1897
1412
0
0
0
0
0
0
2165
2568
0
0
0
0
0
0
1958
1638
0
0
0
0
0
0
2089
2328
0
0
0
0
0
0
2049
1890
0
0
0
0
0
0
3106
1334
0
0
0
0
0
0
1030
2895
0
0
0
0
0
0
2985
1044
0
0
0
0
0
0
1188
3204
0
0
0
0
0
0
2703
759
0
0
0
0
0
0
1485
3500
0
0
0
0
0
0
2496
414
0
0
0
0
0
0
1707
3855
0
0
0
0
0
0
2259
49
0
0
0
0
0
0
1958
132
0
0
0
0
0
0
1272
3571
0
0
0
0
0
0
2956
724
0
0
0
0
0
0
987
3166
0
0
0
0
0
0
3353
1051
0
0
0
0
0
0
573
2830
0
0
0
0
0
0
3679
1465
0
0
0
0
0
0
240
2415
0
0
0
0
0
0
4020
1884
0
0
0
0
0
0
3986
1993
0
0
0
0
0
0
287
2309
0
0
0
0
0
0
3421
1880
0
0
0
0
0
0
861
3572
0
0
0
0
0
0
3070
329
0
0
0
0
0
0
1212
3968
0
0
0
0
0
0
2680
4006
0
0
0
0
0
0
1607
290
0
0
0
0
0
0
2282
3593
0
0
0
0
0
0
2007
698
0
0
0
0
0
0
1878
3189
0
0
0
0
0
0
2412
1098
0
0
0
0
0
0
634
1654
0
0
0
0
0
0
3627
2644
0
0
0
0
0
0
259
1258
0
0
0
0
0
0
4029
3011
0
0
0
0
0
0
3959
901
0
0
0
0
0
0
328
3361
0
0
0
0
0
0
3566
561
0
0
0
0
0
0
714
3687
0
0
0
0
0
0
3185
248
0
0
0
0
0
0
1194
3953
0
0
0
0
0
0
1584
718
0
0
0
0
0
0
2704
3511
0
0
0
0
0
0
1211
450
0
0
0
0
0
0
3048
3760
0
0
0
0
0
0
876
214
0
0
0
0
0
0
3373
3981
0
0
0
0
0
0
561
9
0
0
0
0
0
0
3676
73
0
0
0
0
0
0
267
3931
0
0
0
0
0
0
3331
4060
0
0
0
0
0
0
619
4064
0
0
0
0
0
0
3593
81
0
0
0
0
0
0
377
3958
0
0
0
0
0
0
3823
173
0
0
0
0
0
0
161
3883
0
0
0
0
0
0
4024
229
0
0
0
0
0
0
4070
3841
0
0
0
0
0
0
98
253
0
0
0
0
0
0
12
2370
0
0
0
0
0
0
2
1683
0
0
0
0
0
0
4027
2424
0
0
0
0
0
0
110
1637
0
0
0
0
0
0
3933
2485
0
0
0
0
0
0
190
1561
0
0
0
0
0
0
3871
2577
0
0
0
0
0
0
237
1451
0
0
0
0
0
0
3841
2703
0
0
0
0
0
0
562
1293
0
0
0
0
0
0
2377
1748
0
0
0
0
0
0
1670
2272
0
0
0
0
0
0
2439
1912
0
0
0
0
0
0
1621
2075
0
0
0
0
0
0
2505
2125
0
0
0
0
0
0
1540
1849
0
0
0
0
0
0
2601
2361
0
0
0
0
0
0
1430
1598
0
0
0
0
0
0
2831
2588
0
0
0
0
0
0
1186
1365
0
0
0
0
0
0
1860
3595
0
0
0
0
0
0
2163
348
0
0
0
0
0
0
2019
3894
0
0
0
0
0
0
1969
38
0
0
0
0
0
0
2224
115
0
0
0
0
0
0
1751
3808
0
0
0
0
0
0
2455
450
0
0
0
0
0
0
1414
3544
0
0
0
0
0
0
2807
722
0
0
0
0
0
0
1150
3192
0
0
0
0
0
0
3077
1075
0
0
0
0
0
0
144
2639
0
0
0
0
0
0
4087
1639
0
0
0
0
0
0
3948
2269
0
0
0
0
0
0
294
3157
0
0
0
0
0
0
3674
775
0
0
0
0
0
0
576
3496
0
0
0
0
0
0
3351
411
0
0
0
0
0
0
901
3860
0
0
0
0
0
0
3019
47
0
0
0
0
0
0
1236
124
0
0
0
0
0
0
2490
2
0
0
0
0
0
0
1777
164
0
0
0
0
0
0
986
2625
0
0
0
0
0
0
3247
1655
0
0
0
0
0
0
671
2266
0
0
0
0
0
0
3590
1989
0
0
0
0
0
0
328
1939
0
0
0
0
0
0
3928
2306
0
0
0
0
0
0
4087
1630
0
0
0
0
0
0
168
2608
0
0
0
0
0
0
3755
1335
0
0
0
0
0
0
1314
2188
0
0
0
0
0
0
2598
1766
0
0
0
0
0
0
1651
2453
0
0
0
0
0
0
2282
1512
0
0
0
0
0
0
1957
2695
0
0
0
0
0
0
1982
1281
0
0
0
0
0
0
2252
2915
0
0
0
0
0
0
1695
1073
0
0
0
0
0
0
1806
2916
0
0
0
0
0
0
2148
1093
0
0
0
0
0
0
2068
3077
0
0
0
0
0
0
1791
973
0
0
0
0
0
0
2418
3185
0
0
0
0
0
0
1559
842
0
0
0
0
0
0
2638
3301
0
0
0
0
0
0
1347
739
0
0
0
0
0
0
2838
3391
0
0
0
0
0
0
1355
354
0
0
0
0
0
0
2810
3763
0
0
0
0
0
0
1201
306
0
0
0
0
0
0
2961
3796
0
0
0
0
0
0
1061
286
0
0
0
0
0
0
3185
3727
0
0
0
0
0
0
848
369
0
0
0
0
0
0
3289
3705
0
0
0
0
0
0
448
424
0
0
0
0
0
0
3677
3641
0
0
0
0
0
0
384
482
0
0
0
0
0
0
3727
3567
0
0
0
0
0
0
348
569
0
0
0
0
0
0
3751
3467
0
0
0
0
0
0
337
681
0
0
0
0
0
0
3643
3377
0
0
0
0
0
0
457
3723
0
0
0
0
0
0
3578
262
0
0
0
0
0
0
533
3909
0
0
0
0
0
0
3525
93
0
0
0
0
0
0
597
4086
0
0
0
0
0
0
3451
4003
0
0
0
0
0
0
686
187
0
0
0
0
0
0
3255
3872
0
0
0
0
0
0
896
327
0
0
0
0
0
0
3131
3649
0
0
0
0
0
0
1028
557
0
0
0
0
0
0
2989
3415
0
0
0
0
0
0
1179
1951
0
0
0
0
0
0
2865
2039
0
0
0
0
0
0
1311
2175
0
0
0
0
0
0
2686
1782
0
0
0
0
0
0
1498
2439
0
0
0
0
0
0
2492
1516
0
0
0
0
0
0
1699
2708
0
0
0
0
0
0
2283
1244
0
0
0
0
0
0
1914
2981
0
0
0
0
0
0
2064
969
0
0
0
0
0
0
2140
3258
0
0
0
0
0
0
1832
692
0
0
0
0
0
0
2376
3536
0
0
0
0
0
0
1592
415
0
0
0
0
0
0
2620
3812
0
0
0
0
0
0
1345
141
0
0
0
0
0
0
2870
4085
0
0
0
0
0
0
1093
3965
0
0
0
0
0
0
3123
257
0
0
0
0
0
0
838
3702
0
0
0
0
0
0
3378
516
0
0
0
0
0
0
583
3446
0
0
0
0
0
0
3634
769
0
0
0
0
0
0
329
3200
0
0
0
0
0
0
3887
1009
0
0
0
0
0
0
77
2966
0
0
0
0
0
0
40
1236
0
0
0
0
0
0
3926
2743
0
0
0
0
0
0
283
1451
0
0
0
0
0
0
3686
2536
0
0
0
0
0
0
520
1650
0
0
0
0
0
0
3454
2346
0
0
0
0
0
0
748
1834
0
0
0
0
0
0
3232
2171
0
0
0
0
0
0
965
2000
0
0
0
0
0
0
3020
2014
0
0
0
0
0
0
1170
2147
0
0
0
0
0
0
2821
1876
0
0
0
0
0
0
1363
2276
0
0
0
0
0
0
2636
1756
0
0
0
0
0
0
1542
2386
0
0
0
0
0
0
2464
1655
0
0
0
0
0
0
1705
2476
0
0
0
0
0
0
2310
1575
0
0
0
0
0
0
1850
2547
0
0
0
0
0
0
2170
1516
0
0
0
0
0
0
1982
2596
0
0
0
0
0
0
2050
1477
0
0
0
0
0
0
2095
2626
0
0
0
0
0
0
1946
1456
0
0
0
0
0
0
2188
2636
0
0
0
0
0
0
1859
1455
0
0
0
0
0
0
2264
2626
0
0
0
0
0
0
1793
1474
0
0
0
0
0
0
2323
2600
0
0
0
0
0
0
1744
1512
0
0
0
0
0
0
2362
2552
0
0
0
0
0
0
1713
1567
0
0
0
0
0
0
2385
2490
0
0
0
0
0
0
1701
1639
0
0
0
0
0
0
2388
2409
0
0
0
0
0
0
1705
1726
0
0
0
0
0
0
2375
2313
0
0
0
0
0
0
1728
1830
0
0
0
0
0
0
2344
2204
0
0
0
0
0
0
1766
1944
0
0
0
0
0
0
2298
2081
0
0
0
0
0
0
1821
2074
0
0
0
0
0
0
2235
1947
0
0
0
0
0
0
1891
2214
0
0
0
0
0
0
2158
1802
0
0
0
0
0
0
1975
2365
0
0
0
0
0
0
2067
1647
0
0
0
0
0
0
2071
2522
0
0
0
0
0
0
1964
1486
0
0
0
0
0
0
2181
2687
0
0
0
0
0
0
1850
1317
0
0
0
0
0
0
2300
2857
0
0
0
0
0
0
1726
1144
0
0
0
0
0
0
2429
3033
0
0
0
0
0
0
1593
968
0
0
0
0
0
0
2568
3210
0
0
0
0
0
0
1451
791
0
0
0
0
0
0
2712
3388
0
0
0
0
0
0
1302
611
0
0
0
0
0
0
2863
3567
0
0
0
0
0
0
1149
434
0
0
0
0
0
0
3019
3744
0
0
0
0
0
0
992
259
0
0
0
0
0
0
3176
3919
0
0
0
0
0
0
833
86
0
0
0
0
0
0
3336
4088
0
0
0
0
0
0
673
4015
0
0
0
0
0
0
3495
156
0
0
0
0
0
0
514
3854
0
0
0
0
0
0
3656
315
0
0
0
0
0
0
354
3699
0
0
0
0
0
0
3813
464
0
0
0
0
0
0
197
3553
0
0
0
0
0
0
3968
607
0
0
0
0
0
0
45
3415
0
0
0
0
0
0
23
740
0
0
0
0
0
0
3995
3287
0
0
0
0
0
0
167
862
0
0
0
0
0
0
3853
3170
0
0
0
0
0
0
306
975
0
0
0
0
0
0
3717
3063
0
0
0
0
0
0
439
1076
0
0
0
0
0
0
3588
2967
0
0
0
0
0
0
562
1166
0
0
0
0
0
0
3469
2884
0
0
0
0
0
0
678
1243
0
0
0
0
0
0
3358
2813
0
0
0
0
0
0
783
1308
0
0
0
0
0
0
3258
2753
0
0
0
0
0
0
879
1362
0
0
0
0
0
0
3167
2707
0
0
0
0
0
0
966
1403
0
0
0
0
0
0
3084
2670
0
0
0
0
0
0
1041
1431
0
0
0
0
0
0
3015
2648
0
0
0
0
0
0
1106
1450
0
0
0
0
0
0
2956
2636
0
0
0
0
0
0
1159
1455
0
0
0
0
0
0
2907
2636
0
0
0
0
0
0
1203
1449
0
0
0
0
0
0
2870
2648
0
0
0
0
0
0
1236
1433
0
0
0
0
0
0
2843
2670
0
0
0
0
0
0
1257
1405
0
0
0
0
0
0
2826
2701
0
0
0
0
0
0
1269
1371
0
0
0
0
0
0
2820
2742
0
0
0
0
0
0
1269
1325
0
0
0
0
0
0
2825
2792
0
0
0
0
0
0
1260
1271
0
0
0
0
0
0
2837
2848
0
0
0
0
0
0
1243
1211
0
0
0
0
0
0
2859
2913
0
0
0
0
0
0
1216
1143
0
0
0
0
0
0
2891
2983
0
0
0
0
0
0
1181
1070
0
0
0
0
0
0
2929
3059
0
0
0
0
0
0
1139
991
0
0
0
0
0
0
2976
3140
0
0
0
0
0
0
1089
910
0
0
0
0
0
0
3027
3223
0
0
0
0
0
0
1034
823
0
0
0
0
0
0
3085
3310
0
0
0
0
0
0
973
737
0
0
0
0
0
0
3149
3399
0
0
0
0
0
0
906
645
0
0
0
0
0
0
3217
3490
0
0
0
0
0
0
837
555
0
0
0
0
0
0
3288
3580
0
0
0
0
0
0
765
465
0
0
0
0
0
0
3363
3671
0
0
0
0
0
0
690
375
0
0
0
0
0
0
3439
3759
0
0
0
0
0
0
611
285
0
0
0
0
0
0
3516
3846
0
0
0
0
0
0
534
199
0
0
0
0
0
0
3595
3932
0
0
0
0
0
0
456
117
0
0
0
0
0
0
3673
4013
0
0
0
0
0
0
380
39
0
0
0
0
0
0
3750
4090
0
0
0
0
0
0
303
4058
0
0
0
0
0
0
3825
68
0
0
0
0
0
0
227
3987
0
0
0
0
0
0
3899
137
0
0
0
0
0
0
154
3919
0
0
0
0
0
0
3970
202
0
0
0
0
0
0
85
3858
0
0
0
0
0
0
4039
262
0
0
0
0
0
0
19
3804
0
0
0
0
0
0
8
314
0
0
0
0
0
0
4051
3752
0
0
0
0
0
0
69
362
0
0
0
0
0
0
3993
3709
0
0
0
0
0
0
126
403
0
0
0
0
0
0
3938
3669
0
0
0
0
0
0
178
439
0
0
0
0
0
0
3888
3636
0
0
0
0
0
0
226
469
0
0
0
0
0
0
3843
3608
0
0
0
0
0
0
268
493
0
0
0
0
0
0
3803
3588
0
0
0
0
0
0
307
513
0
0
0
0
0
0
3767
3572
0
0
0
0
0
0
339
525
0
0
0
0
0
0
3738
3562
0
0
0
0
0
0
366
532
0
0
0
0
0
0
3712
3556
0
0
0
0
0
0
387
535
0
0
0
0
0
0
3693
3557
0
0
0
0
0
0
406
532
0
0
0
0
0
0
3678
3562
0
0
0
0
0
0
419
525
0
0
0
0
0
0
3667
3570
0
0
0
0
0
0
427
515
0
0
0
0
0
0
3663
3583
0
0
0
0
0
0
432
499
0
0
0
0
0
0
3659
3600
0
0
0
0
0
0
429
480
0
0
0
0
0
0
3662
3621
0
0
0
0
0
0
425
458
0
0
0
0
0
0
3669
3644
0
0
0
0
0
0
417
435
0
0
0
0
0
0
3678
3667
0
0
0
0
0
0
408
409
0
0
0
0
0
0
3690
3695
0
0
0
0
0
0
393
382
0
0
0
0
0
0
3707
3723
0
0
0
0
0
0
376
353
0
0
0
0
0
0
3724
3753
0
0
0
0
0
0
357
323
0
0
0
0
0
0
3744
3784
0
0
0
0
0
0
336
292
0
0
0
0
0
0
3765
3813
0
0
0
0
0
0
314
260
0
0
0
0
0
0
3788
3845
0
0
0
0
0
0
290
231
0
0
0
0
0
0
3813
3875
0
0
0
0
0
0
266
200
0
0
0
0
0
0
3836
3906
0
0
0
0
0
0
242
171
0
0
0
0
0
0
3862
3935
0
0
0
0
0
0
216
143
0
0
0
0
0
0
3886
3962
0
0
0
0
0
0
192
115
0
0
0
0
0
0
3912
3989
0
0
0
0
0
0
167
89
0
0
0
0
0
0
3935
4012
0
0
0
0
0
0
144
67
0
0
0
0
0
0
3958
4036
0
0
0
0
0
0
121
44
0
0
0
0
0
0
3980
4057
0
0
0
0
0
0
101
25
0
0
0
0
0
0
4002
4077
0
0
0
0
0
0
80
7
0
0
0
0
0
0
4020
4092
0
0
0
0
0
0
61
4086
0
0
0
0
0
0
4039
12
0
0
0
0
0
0
43
4072
0
0
0
0
0
0
4056
24
0
0
0
0
0
0
28
4061
0
0
0
0
0
0
4069
35
0
0
0
0
0
0
13
4050
0
0
0
0
0
0
4084
44
0
0
0
0
0
0
1
4043
0
0
0
0
0
0
4095
51
0
0
0
0
0
0
4086
4037
0
0
0
0
0
0
9
57
0
0
0
0
0
0
4077
4033
0
0
0
0
0
0
17
59
0
0
0
0
0
0
4069
4029
0
0
0
0
0
0
24
62
0
0
0
0
0
0
4063
4027
0
0
0
0
0
0
29
62
0
0
0
0
0
0
4060
4029
0
0
0
0
0
0
33
62
0
0
0
0
0
0
4058
4031
0
0
0
0
0
0
34
59
0
0
0
0
0
0
4055
4033
0
0
0
0
0
0
36
58
0
0
0
0
0
0
4053
4035
0
0
0
0
0
0
35
53
0
0
0
0
0
0
4055
4040
0
0
0
0
0
0
36
49
0
0
0
0
0
0
4057
4045
0
0
0
0
0
0
34
44
0
0
0
0
0
0
4059
4049
0
0
0
0
0
0
31
39
0
0
0
0
0
0
4061
4054
0
0
0
0
0
0
30
35
0
0
0
0
0
0
4064
4059
0
0
0
0
0
0
25
30
0
0
0
0
0
0
4067
4064
0
0
0
0
0
0
22
26
0
0
0
0
0
0
4070
4068
0
0
0
0
0
0
19
20
0
0
0
0
0
0
4075
4073
0
0
0
0
0
0
16
16
0
0
0
0
0
0
4078
4077
0
0
0
0
0
0
12
12
0
0
0
0
0
0
4080
4081
0
0
0
0
0
0
9
9
0
0
0
0
0
0
4084
4085
0
0
0
0
0
0
6
5
0
0
0
0
0
0
4088
4087
0
0
0
0
0
0
4
3
0
0
0
0
0
0
4089
4090
0
0
0
0
0
0
1
0
0
0
0
0
0
0
4090
4091
0
0
0
0
0
0
4095
0
0
0
0
0
0
0
4092
4092
0
0
0
0
0
0
4095
0
0
0
0
0
0
0
4092
4092
0
0
0
0
0
0
4095
0
0
0
0
0
0
0
4092
4092
0
0
0
0
0
0
4095
0
0
0
0
0
0
0
4094
4095
0
0
0
0
0
0
4095
0
0
0
0
0
0
0
0
0
0
0
0
0
0
0
4095
4095
0
0
0
0
0
0
4095
0
0
0
0
0
0
0
0
0
0
0
0
0
0
0
0
4095
0
0
0
0
0
0
0
0
0
0
0
0
0
0
0
0
0
0
0
0
0
0
0
0
0
0
0
0
0
0
0
0
0
0
0
0
0
0
0
0
0
0
0
0
0
0
0
0
0
0
0
0
0
0
0
0
0
0
0
0
0
0
0
0
0
0
0
0
0
0
0
0
0
0
0
0
0
0
0
0
0
0
0
0
0
0
0
0
0
0
0
0
0
0
0
0
0
0
0
0
0
0
0
0
0
0
0
0
0
0
0
0
0
0
0
0
0
0
0
0
0
0
0
0
0
0
0
0
0
0
0
0
0
0
0
0
0
0
0
0
0
0
0
0
0
0
0
0
0
0
0
0
0
0
0
0
0
0
0
0
0
0
0
0
0
0
0
0
0
0
0
0
0
0
0
0
0
0
0
0
0
0
0
0
0
0
0
0
0
0
0
0
0
0
0
0
0
0
0
0
0
0
0
0
0
0
0
0
0
0
0
0
0
0
0
0
0
0
0
0
0
0
0
0
0
0
0
0
0
0
0
0
0
0
0
0
0
0
0
0
0
0
0
0
0
0
0
0
0
0
0
0
0
0
0
0
0
0
0
0
0
0
0
0
0
0
0
0
0
0
0
0
0
0
0
0
0
0
0
0
0
0
0
0
0
0
0
0
0
0
0
0
0
0
0
0
0
0
0
0
0
0
0
0
0
0
0
0
0
0
0
0
0
0
0
0
0
0
0
0
0
0
0
0
0
0
0
0
0
0
0
0
0
0
0
0
0
0
0
0
0
0
0
0
0
0
0
0
0
0
0
0
0
0
0
0
0
0
0
0
0
0
0
0
0
0
0
0
0
0
0
0
0
0
0
0
0
0
0
0
0
0
0
0
0
0
0
0
0
0
0
0
0
0
0
0
0
0
0
0
0
0
0
0
0
0
0
0
0
0
0
0
0
0
0
0
0
0
0
0
0
0
0
0
0
0
0
0
0
0
0
0
0
0
0
0
0
0
0
0
0
0
0
0
0
0
0
0
0
0
0
0
0
0
0
0
0
0
0
0
0
0
0
0
0
0
0
0
0
0
0
0
0
0
0
0
0
0
0
0
0
0
0
0
0
0
0
0
0
0
0
0
0
0
0
0
0
0
0
0
0
0
0
0
0
0
0
0
0
0
0
0
0
0
0
0
0
0
0
0
0
0
0
0
0
0
0
0
0
0
0
0
0
0
0
0
0
0
0
0
0
0
0
0
0
0
0
0
0
0
0
0
0
0
0
0
0
0
0
0
0
0
0
0
0
0
0
0
0
0
0
0
0
0
0
0
0
0
0
0
0
0
0
0
0
0
0
0
0
0
0
0
0
0
0
0
0
0
0
0
0
0
0
0
0
0
0
0
0
0
0
0
0
0
0
0
0
0
0
0
0
0
0
0
0
0
0
0
0
0
0
0
0
0
0
0
0
0
0
0
0
0
0
0
0
0
0
0
0
0
0
0
0
0
0
0
0
0
0
0
0
0
0
0
0
0
0
0
0
0
0
0
0
0
0
0
0
0
0
0
0
0
0
0
0
0
0
0
0
0
0
0
0
0
0
0
0
0
0
0
0
0
0
0
0
0
0
0
0
0
0
0
0
0
0
0
0
0
0
0
0
0
0
0
0
0
0
0
0
0
0
0
0
0
0
0
0
0
0
0
0
0
0
0
0
0
0
0
0
0
0
0
0
0
0
0
0
0
0
0
0
0
0
0
0
0
0
0
0
0
0
0
0
0
0
0
0
0
0
0
0
0
0
0
0
0
0
0
0
0
0
0
0
0
0
0
0
0
0
0
0
0
0
0
0
0
0
0
0
0
0
0
0
0
0
0
0
0
0
0
0
0
0
0
0
0
0
0
0
0
0
0
0
0
0
0
0
0
0
0
0
0
0
0
0
0
0
0
0
0
0
0
0
0
0
0
0
0
0
0
0
0
0
0
0
0
0
0
0
0
0
0
0
0
0
0
0
0
0
0
0
0
0
0
0
0
0
0
0
0
0
0
0
0
0
0
0
0
0
0
0
0
0
0
0
0
0
0
0
0
0
0
0
0
0
0
0
0
0
0
0
0
0
0
0
0
0
0
0
0
0
0
0
0
0
0
0
0
0
0
0
0
0
0
0
0
0
0
0
0
0
0
0
0
0
0
0
0
0
0
0
0
0
0
0
0
0
0
0
0
0
0
0
0
0
0
0
0
0
0
0
0
0
0
0
0
0
0
0
0
0
0
0
0
0
0
0
0
0
0
0
0
0
0
0
0
0
0
0
0
0
0
0
0
0
0
0
0
0
0
0
0
0
0
0
0
0
0
0
0
0
0
0
0
0
0
0
0
0
0
0
0
0
0
0
0
0
0
0
0
0
0
0
0
0
0
0
0
0
0
0
0
0
0
0
0
0
0
0
0
0
0
0
0
0
0
0
0
0
0
0
0
0
0
0
0
0
0
0
0
0
0
0
0
0
0
0
0
0
0
0
0
0
0
0
0
0
0
0
0
0
0
0
0
0
0
0
0
0
0
0
0
0
0
0
0
0
0
0
0
0
0
0
0
0
0
0
0
0
0
0
0
0
0
0
0
0
0
0
0
0
0
0
0
0
0
0
0
0
0
0
0
0
0
0
0
0
0
0
0
0
0
0
0
0
0
0
0
0
0
0
0
0
0
0
0
0
0
0
0
0
0
0
0
0
0
0
0
0
0
0
0
0
0
0
0
0
0
0
0
0
0
0
0
0
0
0
0
0
0
0
0
0
0
0
0
0
0
0
0
0
0
0
0
0
0
0
0
0
0
0
0
0
0
0
0
0
0
0
0
0
0
0
0
0
0
0
0
0
0
0
0
0
0
0
0
0
0
0
0
0
0
0
0
0
0
0
0
0
0
0
0
0
0
0
0
0
0
0
0
0
0
0
0
0
0
0
0
0
0
0
0
0
0
0
0
0
0
0
0
0
0
0
0
0
0
0
0
0
0
0
0
0
0
0
0
0
0
0
0
0
0
0
0
0
0
0
0
0
0
0
0
0
0
0
0
0
0
0
0
0
0
0
0
0
0
0
0
0
0
0
0
0
0
0
0
0
0
0
0
0
0
0
0
0
0
0
0
0
0
0
0
0
0
0
0
0
0
0
0
0
0
0
0
0
0
0
0
0
0
0
0
0
0
0
0
0
0
0
0
0
0
0
0
0
0
0
0
0
0
0
0
0
0
0
0
0
0
0
0
0
0
0
0
0
0
0
0
0
0
0
0
0
0
0
0
0
0
0
0
0
0
0
0
0
0
0
0
0
0
0
0
0
0
0
0
0
0
0
0
0
0
0
0
0
0
0
0
0
0
0
0
0
0
0
0
0
0
0
0
0
0
0
0
0
0
0
0
0
0
0
0
0
0
0
0
0
0
0
0
0
0
0
0
0
0
0
0
0
0
0
0
0
0
0
0
0
0
0
0
0
0
0
0
0
0
0
0
0
0
0
0
0
0
0
0
0
0
0
0
0
0
0
0
0
0
0
0
0
0
0
0
0
0
0
0
0
0
0
0
0
0
0
0
0
0
0
0
0
0
0
0
0
0
0
0
0
0
0
0
0
0
0
0
0
0
0
0
0
0
0
0
0
0
0
0
0
0
0
0
0
0
0
0
0
0
0
0
0
0
0
0
0
0
0
0
0
0
0
0
0
0
0
0
0
0
0
0
0
0
0
0
0
0
0
0
0
0
0
0
0
0
0
0
0
0
0
0
0
0
0
0
0
0
0
0
0
0
0
0
0
0
0
0
0
0
0
0
0
0
0
0
0
0
0
0
0
0
0
0
0
0
0
0
0
0
0
0
0
0
0
0
0
0
0
0
0
0
0
0
0
0
0
0
0
0
0
0
0
0
0
0
0
0
0
0
0
0
0
0
0
0
0
0
0
0
0
0
0
0
0
0
0
0
0
0
0
0
0
0
0
0
0
0
0
0
0
0
0
0
0
0
0
0
0
0
0
0
0
0
0
0
0
0
0
0
0
0
0
0
0
0
0
0
0
0
0
0
0
0
0
0
0
0
0
0
0
0
0
0
0
0
0
0
0
0
0
0
0
0
0
0
0
0
0
0
0
0
0
0
0
0
0
0
0
0
0
0
0
0
0
0
0
0
0
0
0
0
0
0
0
0
0
0
0
0
0
0
0
0
0
0
0
0
0
0
0
0
0
0
0
0
0
0
0
0
0
0
0
0
0
0
0
0
0
0
0
0
0
0
0
0
0
0
0
0
0
0
0
0
0
0
0
0
0
0
0
0
0
0
0
0
0
0
0
0
0
0
0
0
0
0
0
0
0
0
0
0
0
0
0
0
0
0
0
0
0
0
0
0
0
0
0
0
0
0
0
0
0
0
0
0
0
0
0
0
0
0
0
0
0
0
0
0
0
0
0
0
0
0
0
0
0
0
0
0
0
0
0
0
0
0
0
0
0
0
0
0
0
0
0
0
0
0
0
0
0
0
0
0
0
0
0
0
0
0
0
0
0
0
0
0
0
0
0
0
0
0
0
0
0
0
0
0
0
0
0
0
0
0
0
0
0
0
0
0
0
0
0
0
0
0
0
0
0
0
0
0
0
0
0
0
0
0
0
0
0
0
0
0
0
0
0
0
0
0
0
0
0
0
0
0
0
0
0
0
0
0
0
0
0
0
0
0
0
0
0
0
0
0
0
0
0
0
0
0
0
0
0
0
0
0
0
0
0
0
0
0
0
0
0
0
0
0
0
0
0
0
0
0
0
0
0
0
0
0
0
0
0
0
0
0
0
0
0
0
0
0
0
0
0
0
0
0
0
0
0
0
0
0
0
0
0
0
0
0
0
0
0
0
0
0
0
0
0
0
0
0
0
0
0
0
0
0
0
0
0
0
0
0
0
0
0
0
0
0
0
0
0
0
0
0
0
0
0
0
0
0
0
0
0
0
0
0
0
0
0
0
0
0
0
0
0
0
0
0
0
0
0
0
0
0
0
0
0
0
0
0
0
0
0
0
0
0
0
0
0
0
0
0
0
0
0
0
0
0
0
0
0
0
0
0
0
0
0
0
0
0
0
0
0
0
0
0
0
0
0
0
0
0
0
0
0
0
0
0
0
0
0
0
0
0
0
0
0
0
0
0
0
0
0
0
0
0
0
0
0
0
0
0
0
0
0
0
0
0
0
0
0
0
0
0
0
0
0
0
0
0
0
0
0
0
0
0
0
0
0
0
0
0
0
0
0
0
0
0
0
0
0
0
0
0
0
0
0
0
0
0
0
0
0
0
0
0
0
0
0
0
0
0
0
0
0
0
0
0
0
0
0
0
0
0
0
0
0
0
0
0
0
0
0
0
0
0
0
0
0
0
0
0
0
0
0
0
0
0
0
0
0
0
0
0
0
0
0
0
0
0
0
0
0
0
0
0
0
0
0
0
0
0
0
0
0
0
0
0
0
0
0
0
0
0
0
0
0
0
0
0
0
0
0
0
0
0
0
0
0
0
0
0
0
0
0
0
0
0
0
0
0
0
0
0
0
0
0
0
0
0
0
0
0
0
0
0
0
0
0
0
0
0
0
0
0
0
0
0
0
0
0
0
0
0
0
0
0
0
0
0
0
0
0
0
0
0
0
0
0
0
0
0
0
0
0
0
0
0
0
0
0
0
0
0
0
0
0
0
0
0
0
0
0
0
0
0
0
0
0
0
0
0
0
0
0
0
0
0
0
0
0
0
0
0
0
0
0
0
0
0
0
0
0
0
0
0
0
0
0
0
0
0
0
0
0
0
0
0
0
0
0
0
0
0
0
0
0
0
0
0
0
0
0
0
0
0
0
0
0
0
0
0
0
0
0
0
0
0
0
0
0
0
0
0
0
0
0
0
0
0
0
0
0
0
0
0
0
0
0
0
0
0
0
0
0
0
0
0
0
0
0
0
0
0
0
0
0
0
0
0
0
0
0
0
0
0
0
0
0
0
0
0
0
0
0
0
0
0
0
0
0
0
0
0
0
0
0
0
0
0
0
0
0
0
0
0
0
0
0
0
0
0
0
0
0
0
0
0
0
0
0
0
0
0
0
0
0
0
0
0
0
0
0
0
0
0
0
0
0
0
0
0
0
0
0
0
0
0
0
0
0
0
0
0
0
0
0
0
0
0
0
0
0
0
0
0
0
0
0
0
0
0
0
0
0
0
0
0
0
0
0
0
0
0
0
0
0
0
0
0
0
0
0
0
0
0
0
0
0
0
0
0
0
0
0
0
0
0
0
0
0
0
0
0
0
0
0
0
0
0
0
0
0
0
0
0
0
0
0
0
0
0
0
0
0
0
0
0
0
0
0
0
0
0
0
0
0
0
0
0
0
0
0
0
0
0
0
0
0
0
0
0
0
0
0
0
0
0
0
0
0
0
0
0
0
0
0
0
0
0
0
0
0
0
0
0
0
0
0
0
0
0
0
0
0
0
0
0
0
0
0
0
0
0
0
0
0
0
0
0
0
0
0
0
0
0
0
0
0
0
0
0
0
0
0
0
0
0
0
0
0
0
0
0
0
0
0
0
0
0
0
0
0
0
0
0
0
0
0
0
0
0
0
0
0
0
0
0
0
0
0
0
0
0
0
0
0
0
0
0
0
0
0
0
0
0
0
0
0
0
0
0
0
0
0
0
0
0
0
0
0
0
0
0
0
0
0
0
0
0
0
0
0
0
0
0
0
0
0
0
0
0
0
0
0
0
0
0
0
0
0
0
0
0
0
0
0
0
0
0
0
0
0
0
0
0
0
0
0
0
0
0
0
0
0
0
0
0
0
0
0
0
0
0
0
0
0
0
0
0
0
0
0
0
0
0
0
0
0
0
0
0
0
0
0
0
0
0
0
0
0
0
0
0
0
0
0
0
0
0
0
0
0
0
0
0
0
0
0
0
0
0
0
0
0
0
0
0
0
0
0
0
0
0
0
0
0
0
0
0
0
0
0
0
0
0
0
0
0
0
0
0
0
0
0
0
0
0
0
0
0
0
0
0
0
0
0
0
0
0
0
0
0
0
0
0
0
0
0
0
0
0
0
0
0
0
0
0
0
0
0
0
0
0
0
0
0
0
0
0
0
0
0
0
0
0
0
0
0
0
0
0
0
0
0
0
0
0
0
0
0
0
0
0
0
0
0
0
0
0
0
0
0
0
0
0
0
0
0
0
0
0
0
0
0
0
0
0
0
0
0
0
0
0
0
0
0
0
0
0
0
0
0
0
0
0
0
0
0
0
0
0
0
0
0
0
0
0
0
0
0
0
0
0
0
0
0
0
0
0
0
0
0
0
0
0
0
0
0
0
0
0
0
0
0
0
0
0
0
0
0
0
0
0
0
0
0
0
0
0
0
0
0
0
0
0
0
0
0
0
0
0
0
0
0
0
0
0
0
0
0
0
0
0
0
0
0
0
0
0
0
0
0
0
0
0
0
0
0
0
0
0
0
0
0
0
0
0
0
0
0
0
0
0
0
0
0
0
0
0
0
0
0
0
0
0
0
0
0
0
0
0
0
0
0
0
0
0
0
0
0
0
0
0
0
0
0
0
0
0
0
0
0
0
0
0
0
0
0
0
0
0
0
0
0
0
0
0
0
0
0
0
0
0
0
0
0
0
0
0
0
0
0
0
0
0
0
0
0
0
0
0
0
0
0
0
0
0
0
0
0
0
0
0
0
0
0
0
0
0
0
0
0
0
0
0
0
0
0
0
0
0
0
0
0
0
0
0
0
0
0
0
0
0
0
0
0
0
0
0
0
0
0
0
0
0
0
0
0
0
0
0
0
0
0
0
0
0
0
0
0
0
0
0
0
0
0
0
0
0
0
0
0
0
0
0
0
0
0
0
0
0
0
0
0
0
0
0
0
0
0
0
0
0
0
0
0
0
0
0
0
0
0
0
0
0
0
0
0
0
0
0
0
0
0
0
0
0
0
0
0
0
0
0
0
0
0
0
0
0
0
0
0
0
0
0
0
0
0
0
0
0
0
0
0
0
0
0
0
0
0
0
0
0
0
0
0
0
0
0
0
0
0
0
0
0
0
0
0
0
0
0
0
0
0
0
0
0
0
0
0
0
0
0
0
0
0
0
0
0
0
0
0
0
0
0
0
0
0
0
0
0
0
0
0
0
0
0
0
0
0
0
0
0
0
0
0
0
0
0
0
0
0
0
0
0
0
0
0
0
0
0
0
0
0
0
0
0
0
0
0
0
0
0
0
0
0
0
0
0
0
0
0
0
0
0
0
0
0
0
0
0
0
0
0
0
0
0
0
0
0
0
0
0
0
0
0
0
0
0
0
0
0
0
0
0
0
0
0
0
0
0
0
0
0
0
0
0
0
0
0
0
0
0
0
0
0
0
0
0
0
0
0
0
0
0
0
0
0
0
0
0
0
0
0
0
0
0
0
0
0
0
0
0
0
0
0
0
0
0
0
0
0
0
0
0
0
0
0
0
0
0
0
0
0
0
0
0
0
0
0
0
0
0
0
0
0
0
0
0
0
0
0
0
0
0
0
0
0
0
0
0
0
0
0
0
0
0
0
0
0
0
0
0
0
0
0
0
0
0
0
0
0
0
0
0
0
0
0
0
0
0
0
0
0
0
0
0
0
0
0
0
0
0
0
0
0
0
0
0
0
0
0
0
0
0
0
0
0
0
0
0
0
0
0
0
0
0
0
0
0
0
0
0
0
0
0
0
0
0
0
0
0
0
0
0
0
0
0
0
0
0
0
0
0
0
0
0
0
0
0
0
0
0
0
0
0
0
0
0
0
0
0
0
0
0
0
0
0
0
0
0
0
0
0
0
0
0
0
0
0
0
0
0
0
0
0
0
0
0
0
0
0
0
0
0
0
0
0
0
0
0
0
0
0
0
0
0
0
0
0
0
0
0
0
0
0
0
0
0
0
0
0
0
0
0
0
0
0
0
0
0
0
0
0
0
0
0
0
0
0
0
0
0
0
0
0
0
0
0
0
0
0
0
0
0
0
0
0
0
0
0
0
0
0
0
0
0
0
0
0
0
0
0
0
0
0
0
0
0
0
0
0
0
0
0
0
0
0
0
0
0
0
0
0
0
0
0
0
0
0
0
0
0
0
0
0
0
0
0
0
0
0
0
0
0
0
0
0
0
0
0
0
0
0
0
0
0
0
0
0
0
0
0
0
0
0
0
0
0
0
0
0
0
0
0
0
0
0
0
0
0
0
0
0
0
0
0
0
0
0
0
0
0
0
0
0
0
0
0
0
0
0
0
0
0
0
0
0
0
0
0
0
0
0
0
0
0
0
0
0
0
0
0
0
0
0
0
0
0
0
0
0
0
0
0
0
0
0
0
0
0
0
0
0
0
0
0
0
0
0
0
0
0
0
0
0
0
0
0
0
0
0
0
0
0
0
0
0
0
0
0
0
0
0
0
0
0
0
0
0
0
0
0
0
0
0
0
0
0
0
0
0
0
0
0
0
0
0
0
0
0
0
0
0
0
0
0
0
0
0
0
0
0
0
0
0
0
0
0
0
0
0
0
0
0
0
0
0
0
0
0
0
0
0
0
0
0
0
0
0
0
0
0
0
0
0
0
0
0
0
0
0
0
0
0
0
0
0
0
0
0
0
0
0
0
0
0
0
0
0
0
0
0
0
0
0
0
0
0
0
0
0
0
0
0
0
0
0
0
0
0
0
0
0
0
0
0
0
0
0
0
0
0
0
0
0
0
0
0
0
0
0
0
0
0
0
0
0
0
0
0
0
0
0
0
0
0
0
0
0
0
0
0
0
0
0
0
0
0
0
0
0
0
0
0
0
0
0
0
0
0
0
0
0
0
0
0
0
0
0
0
0
0
0
0
0
0
0
0
0
0
0
0
0
0
0
0
0
0
0
0
0
0
0
0
0
0
0
0
0
0
0
0
0
0
0
0
0
0
0
0
0
0
0
0
0
0
0
0
0
0
0
0
0
0
0
0
0
0
0
0
0
0
0
0
0
0
0
0
0
0
0
0
0
0
0
0
0
0
0
0
0
0
0
0
0
0
0
0
0
0
0
0
0
0
0
0
0
0
0
0
0
0
0
0
0
0
0
0
0
0
0
0
0
0
0
0
0
0
0
0
0
0
0
0
0
0
0
0
0
0
0
0
0
0
0
0
0
0
0
0
0
0
0
0
0
0
0
0
0
0
0
0
0
0
0
0
0
0
0
0
0
0
0
0
0
0
0
0
0
0
0
0
0
0
0
0
0
0
0
0
0
0
0
0
0
0
0
0
0
0
0
0
0
0
0
0
0
0
0
0
0
0
0
0
0
0
0
0
0
0
0
0
0
0
0
0
0
0
0
0
0
0
0
0
0
0
0
0
0
0
0
0
0
0
0
0
0
0
0
0
0
0
0
0
0
0
0
0
0
0
0
0
0
0
0
0
0
0
0
0
0
0
0
0
0
0
0
0
0
0
0
0
0
0
0
0
0
0
0
0
0
0
0
0
0
0
0
0
0
0
0
0
0
0
0
0
0
0
0
0
0
0
0
0
0
0
0
0
0
0
0
0
0
0
0
0
0
0
0
0
0
0
0
0
0
0
0
0
0
0
0
0
0
0
0
0
0
0
0
0
0
0
0
0
0
0
0
0
0
0
0
0
0
0
0
0
0
0
0
0
0
0
0
0
0
0
0
0
0
0
0
0
0
0
0
0
0
0
0
0
0
0
0
0
0
0
0
0
0
0
0
0
0
0
0
0
0
0
0
0
0
0
0
0
0
0
0
0
0
0
0
0
0
0
0
0
0
0
0
0
0
0
0
0
0
0
0
0
0
0
0
0
0
0
0
0
0
0
0
0
0
0
0
0
0
0
0
0
0
0
0
0
0
0
0
0
0
0
0
0
0
0
0
0
0
0
0
0
0
0
0
0
0
0
0
0
0
0
0
0
0
0
0
0
0
0
0
0
0
0
0
0
0
0
0
0
0
0
0
0
0
0
0
0
0
0
0
0
0
0
0
0
0
0
0
0
0
0
0
0
0
0
0
0
0
0
0
0
0
0
0
0
0
0
0
0
0
0
0
0
0
0
0
0
0
0
0
0
0
0
0
0
0
0
0
0
0
0
0
0
0
0
0
0
0
0
0
0
0
0
0
0
0
0
0
0
0
0
0
0
0
0
0
0
0
0
0
0
0
0
0
0
0
0
0
0
0
0
0
0
0
0
0
0
0
0
0
0
0
0
0
0
0
0
0
0
0
0
0
0
0
0
0
0
0
0
0
0
0
0
0
0
0
0
0
0
0
0
0
0
0
0
0
0
0
0
0
0
0
0
0
0
0
0
0
0
0
0
0
0
0
0
0
0
0
0
0
0
0
0
0
0
0
0
0
0
0
0
0
0
0
0
0
0
0
0
0
0
0
0
0
0
0
0
0
0
0
0
0
0
0
0
0
0
0
0
0
0
0
0
0
0
0
0
0
0
0
0
0
0
0
0
0
0
0
0
0
0
0
0
0
0
0
0
0
0
0
0
0
0
0
0
0
0
0
0
0
0
0
0
0
0
0
0
0
0
0
0
0
0
0
0
0
0
0
0
0
0
0
0
0
0
0
0
0
0
0
0
0
0
0
0
0
0
0
0
0
0
0
0
0
0
0
0
0
0
0
0
0
0
0
0
0
0
0
0
0
0
0
0
0
0
0
0
0
0
0
0
0
0
0
0
0
0
0
0
0
0
0
0
0
0
0
0
0
0
0
0
0
0
0
0
0
0
0
0
0
0
0
0
0
0
0
0
0
0
0
0
0
0
0
0
0
0
0
0
0
0
0
0
0
0
0
0
0
0
0
0
0
0
0
0
0
0
0
0
0
0
0
0
0
0
0
0
0
0
0
0
0
0
0
0
0
0
0
0
0
0
0
0
0
0
0
0
0
0
0
0
0
0
0
0
0
0
0
0
0
0
0
0
0
0
0
0
0
0
0
0
0
0
0
0
0
0
0
0
0
0
0
0
0
0
0
0
0
0
0
0
0
0
0
0
0
0
0
0
0
0
0
0
0
0
0
0
0
0
0
0
0
0
0
0
0
0
0
0
0
0
0
0
0
0
0
0
0
0
0
0
0
0
0
0
0
0
0
0
0
0
0
0
0
0
0
0
0
0
0
0
0
0
0
0
0
0
0
0
0
0
0
0
0
0
0
0
0
0
0
0
0
0
0
0
0
0
0
0
0
0
0
0
0
0
0
0
0
0
0
0
0
0
0
0
0
0
0
0
0
0
0
0
0
0
0
0
0
0
0
0
0
0
0
0
0
0
0
0
0
0
0
0
0
0
0
0
0
0
0
0
0
0
0
0
0
0
0
0
0
0
0
0
0
0
0
0
0
0
0
0
0
0
0
0
0
0
0
0
0
0
0
0
0
0
0
0
0
0
0
0
0
0
0
0
0
0
0
0
0
0
0
0
0
0
0
0
0
0
0
0
0
0
0
0
0
0
0
0
0
0
0
0
0
0
0
0
0
0
0
0
0
0
0
0
0
0
0
0
0
0
0
0
0
0
0
0
0
0
0
0
0
0
0
0
0
0
0
0
0
0
0
0
0
0
0
0
0
0
0
0
0
0
0
0
0
0
0
0
0
0
0
0
0
0
0
0
0
0
0
0
0
0
0
0
0
0
0
0
0
0
0
0
0
0
0
0
0
0
0
0
0
0
0
0
0
0
0
0
0
0
0
0
0
0
0
0
0
0
0
0
0
0
0
0
0
0
0
0
0
0
0
0
0
0
0
0
0
0
0
0
0
0
0
0
0
0
0
0
0
0
0
0
0
0
0
0
0
0
0
0
0
0
0
0
0
0
0
0
0
0
0
0
0
0
0
0
0
0
0
0
0
0
0
0
0
0
0
0
0
0
0
0
0
0
0
0
0
0
0
0
0
0
0
0
0
0
0
0
0
0
0
0
0
0
0
0
0
0
0
0
0
0
0
0
0
0
0
0
0
0
0
0
0
0
0
0
0
0
0
0
0
0
0
0
0
0
0
0
0
0
0
0
0
0
0
0
0
0
0
0
0
0
0
0
0
0
0
0
0
0
0
0
0
0
0
0
0
0
0
0
0
0
0
0
0
0
0
0
0
0
0
0
0
0
0
0
0
0
0
0
0
0
0
0
0
0
0
0
0
0
0
0
0
0
0
0
0
0
0
0
0
0
0
0
0
0
0
0
0
0
0
0
0
0
0
0
0
0
0
0
0
0
0
0
0
0
0
0
0
0
0
0
0
0
0
0
0
0
0
0
0
0
0
0
0
0
0
0
0
0
0
0
0
0
0
0
0
0
0
0
0
0
0
0
0
0
0
0
0
0
0
0
0
0
0
0
0
0
0
0
0
0
0
0
0
0
0
0
0
0
0
0
0
0
0
0
0
0
0
0
0
0
0
0
0
0
0
0
0
0
0
0
0
0
0
0
0
0
0
0
0
0
0
0
0
0
0
0
0
0
0
0
0
0
0
0
0
0
0
0
0
0
0
0
0
0
0
0
0
0
0
0
0
0
0
0
0
0
0
0
0
0
0
0
0
0
0
0
0
0
0
0
0
0
0
0
0
0
0
0
0
0
0
0
0
0
0
0
0
0
0
0
0
0
0
0
0
0
0
0
0
0
0
0
0
0
0
0
0
0
0
0
0
0
0
0
0
0
0
0
0
0
0
0
0
0
0
0
0
0
0
0
0
0
0
0
0
0
0
0
0
0
0
0
0
0
0
0
0
0
0
0
0
0
0
0
0
0
0
0
0
0
0
0
0
0
0
0
0
0
0
0
0
0
0
0
0
0
0
0
0
0
0
0
0
0
0
0
0
0
0
0
0
0
0
0
0
0
0
0
0
0
0
0
0
0
0
0
0
0
0
0
0
0
0
0
0
0
0
0
0
0
0
0
0
0
0
0
0
0
0
0
0
0
0
0
0
0
0
0
0
0
0
0
0
0
0
0
0
0
0
0
0
0
0
0
0
0
0
0
0
0
0
0
0
0
0
0
0
0
0
0
0
0
0
0
0
0
0
0
0
0
0
0
0
0
0
0
0
0
0
0
0
0
0
0
0
0
0
0
0
0
0
0
0
0
0
0
0
0
0
0
0
0
0
0
0
0
0
0
0
0
0
0
0
0
0
0
0
0
0
0
0
0
0
0
0
0
0
0
0
0
0
0
0
0
0
0
0
0
0
0
0
0
0
0
0
0
0
0
0
0
0
0
0
0
0
0
0
0
0
0
0
0
0
0
0
0
0
0
0
0
0
0
0
0
0
0
0
0
0
0
0
0
0
0
0
0
0
0
0
0
0
0
0
0
0
0
0
0
0
0
0
0
0
0
0
0
0
0
0
0
0
0
0
0
0
0
0
0
0
0
0
0
0
0
0
0
0
0
0
0
0
0
0
0
0
0
0
0
0
0
0
0
0
0
0
0
0
0
0
0
0
0
0
0
0
0
0
0
0
0
0
0
0
0
0
0
0
0
0
0
0
0
0
0
0
0
0
0
0
0
0
0
0
0
0
0
0
0
0
0
0
0
0
0
0
0
0
0
0
0
0
0
0
0
0
0
0
0
0
0
0
0
0
0
0
0
0
0
0
0
0
0
0
0
0
0
0
0
0
0
0
0
0
0
0
0
0
0
0
0
0
0
0
0
0
0
0
0
0
0
0
0
0
0
0
0
0
0
0
0
0
0
0
0
0
0
0
0
0
0
0
0
0
0
0
0
0
0
0
0
0
0
0
0
0
0
0
0
0
0
0
0
0
0
0
0
0
0
0
0
0
0
0
0
0
0
0
0
0
0
0
0
0
0
0
0
0
0
0
0
0
0
0
0
0
0
0
0
0
0
0
0
0
0
0
0
0
0
0
0
0
0
0
0
0
0
0
0
0
0
0
0
0
0
0
0
0
0
0
0
0
0
0
0
0
0
0
0
0
0
0
0
0
0
0
0
0
0
0
0
0
0
0
0
0
0
0
0
0
0
0
0
0
0
0
0
0
0
0
0
0
0
0
0
0
0
0
0
0
0
0
0
0
0
0
0
0
0
0
0
0
0
0
0
0
0
0
0
0
0
0
0
0
0
0
0
0
0
0
0
0
0
0
0
0
0
0
0
0
0
0
0
0
0
0
0
0
0
0
0
0
0
0
0
0
0
0
0
0
0
0
0
0
0
0
0
0
0
0
0
0
0
0
0
0
0
0
0
0
0
0
0
0
0
0
0
0
0
0
0
0
0
0
0
0
0
0
0
0
0
0
0
0
0
0
0
0
0
0
0
0
0
0
0
0
0
0
0
0
0
0
0
0
0
0
0
0
0
0
0
0
0
0
0
0
0
0
0
0
0
0
0
0
0
0
0
0
0
0
0
0
0
0
0
0
0
0
0
0
0
0
0
0
0
0
0
0
0
0
0
0
0
0
0
0
0
0
0
0
0
0
0
0
0
0
0
0
0
0
0
0
0
0
0
0
0
0
0
0
0
0
0
0
0
0
0
0
0
0
0
0
0
0
0
0
0
0
0
0
0
0
0
0
0
0
0
0
0
0
0
0
0
0
0
0
0
0
0
0
0
0
0
0
0
0
0
0
0
0
0
0
0
0
0
0
0
0
0
0
0
0
0
0
0
0
0
0
0
0
0
0
0
0
0
0
0
0
0
0
0
0
0
0
0
0
0
0
0
0
0
0
0
0
0
0
0
0
0
0
0
0
0
0
0
0
0
0
0
0
0
0
0
0
0
0
0
0
0
0
0
0
0
0
0
0
0
0
0
0
0
0
0
0
0
0
0
0
0
0
0
0
0
0
0
0
0
0
0
0
0
0
0
0
0
0
0
0
0
0
0
0
0
0
0
0
0
0
0
0
0
0
0
0
0
0
0
0
0
0
0
0
0
0
0
0
0
0
0
0
0
0
0
0
0
0
0
0
0
0
0
0
0
0
0
0
0
0
0
0
0
0
0
0
0
0
0
0
0
0
0
0
0
0
0
0
0
0
0
0
0
0
0
0
0
0
0
0
0
0
0
0
0
0
0
0
0
0
0
0
0
0
0
0
0
0
0
0
0
0
0
0
0
0
0
0
0
0
0
0
0
0
0
0
0
0
0
0
0
0
0
0
0
0
0
0
0
0
0
0
0
0
0
0
0
0
0
0
0
0
0
0
0
0
0
0
0
0
0
0
0
0
0
0
0
0
0
0
0
0
0
0
0
0
0
0
0
0
0
0
0
0
0
0
0
0
0
0
0
0
0
0
0
0
0
0
0
0
0
0
0
0
0
0
0
0
0
0
0
0
0
0
0
0
0
0
0
0
0
0
0
0
0
0
0
0
0
0
0
0
0
0
0
0
0
0
0
0
0
0
0
0
0
0
0
0
0
0
0
0
0
0
0
0
0
0
0
0
0
0
0
0
0
0
0
0
0
0
0
0
0
0
0
0
0
0
0
0
0
0
0
0
0
0
0
0
0
0
0
0
0
0
0
0
0
0
0
0
0
0
0
0
0
0
0
0
0
0
0
0
0
0
0
0
0
0
0
0
0
0
0
0
0
0
0
0
0
0
0
0
0
0
0
0
0
0
0
0
0
0
0
0
0
0
0
0
0
0
0
0
0
0
0
0
0
0
0
0
0
0
0
0
0
0
0
0
0
0
0
0
0
0
0
0
0
0
0
0
0
0
0
0
0
0
0
0
0
0
0
0
0
0
0
0
0
0
0
0
0
0
0
0
0
0
0
0
0
0
0
0
0
0
0
0
0
0
0
0
0
0
0
0
0
0
0
0
0
0
0
0
0
0
0
0
0
0
0
0
0
0
0
0
0
0
0
0
0
0
0
0
0
0
0
0
0
0
0
0
0
0
0
0
0
0
0
0
0
0
0
0
0
0
0
0
0
0
0
0
0
0
0
0
0
0
0
0
0
0
0
0
0
0
0
0
0
0
0
0
0
0
0
0
0
0
0
0
0
0
0
0
0
0
0
0
0
0
0
0
0
0
0
0
0
0
0
0
0
0
0
0
0
0
0
0
0
0
0
0
0
0
0
0
0
0
0
0
0
0
0
0
0
0
0
0
0
0
0
0
0
0
0
0
0
0
0
0
0
0
0
0
0
0
0
0
0
0
0
0
0
0
0
0
0
0
0
0
0
0
0
0
0
0
0
0
0
0
0
0
0
0
0
0
0
0
0
0
0
0
0
0
0
0
0
0
0
0
0
0
0
0
0
0
0
0
0
0
0
0
0
0
0
0
0
0
0
0
0
0
0
0
0
0
0
0
0
0
0
0
0
0
0
0
0
0
0
0
0
0
0
0
0
0
0
0
0
0
0
0
0
0
0
0
0
0
0
0
0
0
0
0
0
0
0
0
0
0
0
0
0
0
0
0
0
0
0
0
0
0
0
0
0
0
0
0
0
0
0
0
0
0
0
0
0
0
0
0
0
0
0
0
0
0
0
0
0
0
0
0
0
0
0
0
0
0
0
0
0
0
0
0
0
0
0
0
0
0
0
0
0
0
0
0
0
0
0
0
0
0
0
0
0
0
0
0
0
0
0
0
0
0
0
0
0
0
0
0
0
0
0
0
0
0
0
0
0
0
0
