0
4095
0
0
0
0
0
0
0
4095
0
0
0
0
0
0
0
4095
0
0
0
0
0
0
0
4095
0
0
0
0
0
0
0
4095
0
0
0
0
0
0
0
4095
0
0
0
0
0
0
0
4095
0
0
0
0
0
0
0
4095
0
0
0
0
0
0
0
4095
0
0
0
0
0
0
0
4095
0
0
0
0
0
0
0
4095
0
0
0
0
0
0
0
4095
0
0
0
0
0
0
0
4095
0
0
0
0
0
0
0
4095
0
0
0
0
0
0
0
4095
0
0
0
0
0
0
0
4095
0
0
0
0
0
0
0
4095
0
0
0
0
0
0
0
4095
0
0
0
0
0
0
0
4095
0
0
0
0
0
0
0
4095
0
0
0
0
0
0
0
4095
0
0
0
0
0
0
0
4095
0
0
0
0
0
0
0
4095
0
0
0
0
0
0
4092
0
0
0
0
0
0
0
2
4087
0
0
0
0
0
0
13
4075
0
0
0
0
0
0
20
4071
0
0
0
0
0
0
21
4073
0
0
0
0
0
0
19
4078
0
0
0
0
0
0
8
4089
0
0
0
0
0
0
4095
4093
0
0
0
0
0
0
4094
4088
0
0
0
0
0
0
9
4076
0
0
0
0
0
0
27
4062
0
0
0
0
0
0
36
4064
0
0
0
0
0
0
19
4091
0
0
0
0
0
0
4081
24
0
0
0
0
0
0
4056
32
0
0
0
0
0
0
4071
1
0
0
0
0
0
0
21
4047
0
0
0
0
0
0
75
4009
0
0
0
0
0
0
90
4026
0
0
0
0
0
0
30
5
0
0
0
0
0
0
4036
78
0
0
0
0
0
0
3992
84
0
0
0
0
0
0
4041
0
0
0
0
0
0
0
64
3982
0
0
0
0
0
0
163
3930
0
0
0
0
0
0
145
4000
0
0
0
0
0
0
11
55
0
0
0
0
0
0
3947
171
0
0
0
0
0
0
3907
141
0
0
0
0
0
0
4026
4075
0
0
0
0
0
0
138
3893
0
0
0
0
0
0
263
3848
0
0
0
0
0
0
196
3993
0
0
0
0
0
0
4055
140
0
0
0
0
0
0
3832
282
0
0
0
0
0
0
3815
191
0
0
0
0
0
0
4040
4015
0
0
0
0
0
0
250
3765
0
0
0
0
0
0
398
3749
0
0
0
0
0
0
233
4012
0
0
0
0
0
0
3959
267
0
0
0
0
0
0
3681
413
0
0
0
0
0
0
3724
225
0
0
0
0
0
0
4089
3914
0
0
0
0
0
0
413
3606
0
0
0
0
0
0
528
3671
0
0
0
0
0
0
231
4078
0
0
0
0
0
0
3814
434
0
0
0
0
0
0
3503
553
0
0
0
0
0
0
3654
219
0
0
0
0
0
0
100
3758
0
0
0
0
0
0
617
3419
0
0
0
0
0
0
670
3602
0
0
0
0
0
0
190
95
0
0
0
0
0
0
3617
640
0
0
0
0
0
0
3307
686
0
0
0
0
0
0
3626
160
0
0
0
0
0
0
274
3544
0
0
0
0
0
0
854
3224
0
0
0
0
0
0
784
3582
0
0
0
0
0
0
79
275
0
0
0
0
0
0
3363
883
0
0
0
0
0
0
3110
793
0
0
0
0
0
0
3655
39
0
0
0
0
0
0
505
3288
0
0
0
0
0
0
1115
3029
0
0
0
0
0
0
865
3610
0
0
0
0
0
0
3999
515
0
0
0
0
0
0
3068
1143
0
0
0
0
0
0
2934
861
0
0
0
0
0
0
3746
3945
0
0
0
0
0
0
809
2982
0
0
0
0
0
0
1385
2856
0
0
0
0
0
0
879
3716
0
0
0
0
0
0
3736
826
0
0
0
0
0
0
2725
1416
0
0
0
0
0
0
2790
871
0
0
0
0
0
0
3924
3675
0
0
0
0
0
0
1173
2646
0
0
0
0
0
0
1639
2729
0
0
0
0
0
0
811
3913
0
0
0
0
0
0
3390
1193
0
0
0
0
0
0
2379
1659
0
0
0
0
0
0
2718
792
0
0
0
0
0
0
103
3325
0
0
0
0
0
0
1583
2298
0
0
0
0
0
0
1860
2666
0
0
0
0
0
0
651
103
0
0
0
0
0
0
2962
1612
0
0
0
0
0
0
2025
1871
0
0
0
0
0
0
2729
621
0
0
0
0
0
0
475
2899
0
0
0
0
0
0
2030
1956
0
0
0
0
0
0
2010
2696
0
0
0
0
0
0
379
487
0
0
0
0
0
0
2477
2048
0
0
0
0
0
0
1713
2008
0
0
0
0
0
0
2850
331
0
0
0
0
0
0
959
2398
0
0
0
0
0
0
2486
1646
0
0
0
0
0
0
2078
2828
0
0
0
0
0
0
4080
971
0
0
0
0
0
0
1931
2501
0
0
0
0
0
0
1450
2062
0
0
0
0
0
0
3093
4030
0
0
0
0
0
0
1519
1863
0
0
0
0
0
0
2919
1401
0
0
0
0
0
0
2030
3081
0
0
0
0
0
0
3578
1530
0
0
0
0
0
0
1366
2922
0
0
0
0
0
0
1279
2000
0
0
0
0
0
0
3470
3515
0
0
0
0
0
0
2158
1297
0
0
0
0
0
0
3306
1245
0
0
0
0
0
0
1849
3468
0
0
0
0
0
0
2956
2167
0
0
0
0
0
0
792
3300
0
0
0
0
0
0
1224
1803
0
0
0
0
0
0
3989
2891
0
0
0
0
0
0
2843
742
0
0
0
0
0
0
3613
1206
0
0
0
0
0
0
1515
3993
0
0
0
0
0
0
2237
2844
0
0
0
0
0
0
260
3585
0
0
0
0
0
0
1313
1459
0
0
0
0
0
0
544
2176
0
0
0
0
0
0
3556
216
0
0
0
0
0
0
3813
1298
0
0
0
0
0
0
1028
548
0
0
0
0
0
0
1445
3537
0
0
0
0
0
0
3890
3760
0
0
0
0
0
0
1565
954
0
0
0
0
0
0
1333
1382
0
0
0
0
0
0
153
3869
0
0
0
0
0
0
3854
1568
0
0
0
0
0
0
366
1334
0
0
0
0
0
0
587
127
0
0
0
0
0
0
3534
3788
0
0
0
0
0
0
1995
294
0
0
0
0
0
0
2225
548
0
0
0
0
0
0
799
3527
0
0
0
0
0
0
3726
2009
0
0
0
0
0
0
3644
2218
0
0
0
0
0
0
3827
751
0
0
0
0
0
0
3313
3651
0
0
0
0
0
0
2611
3580
0
0
0
0
0
0
3199
3800
0
0
0
0
0
0
1355
3333
0
0
0
0
0
0
3394
2643
0
0
0
0
0
0
2679
3184
0
0
0
0
0
0
2989
1280
0
0
0
0
0
0
3277
3309
0
0
0
0
0
0
3429
2620
0
0
0
0
0
0
132
2982
0
0
0
0
0
0
1771
3313
0
0
0
0
0
0
2867
3443
0
0
0
0
0
0
1602
90
0
0
0
0
0
0
2220
1678
0
0
0
0
0
0
3447
2766
0
0
0
0
0
0
322
1552
0
0
0
0
0
0
1164
2237
0
0
0
0
0
0
2021
3496
0
0
0
0
0
0
2107
336
0
0
0
0
0
0
430
1103
0
0
0
0
0
0
1557
1909
0
0
0
0
0
0
3844
2008
0
0
0
0
0
0
1479
400
0
0
0
0
0
0
2157
1615
0
0
0
0
0
0
2048
3916
0
0
0
0
0
0
1129
1479
0
0
0
0
0
0
3307
2067
0
0
0
0
0
0
1078
1915
0
0
0
0
0
0
394
1041
0
0
0
0
0
0
2758
3309
0
0
0
0
0
0
3061
1152
0
0
0
0
0
0
1840
467
0
0
0
0
0
0
4054
2737
0
0
0
0
0
0
2093
2936
0
0
0
0
0
0
797
1687
0
0
0
0
0
0
1293
3972
0
0
0
0
0
0
42
2123
0
0
0
0
0
0
3821
896
0
0
0
0
0
0
1369
1359
0
0
0
0
0
0
2700
4087
0
0
0
0
0
0
930
3669
0
0
0
0
0
0
754
1210
0
0
0
0
0
0
2427
2644
0
0
0
0
0
0
1459
997
0
0
0
0
0
0
303
874
0
0
0
0
0
0
613
2489
0
0
0
0
0
0
3155
707
0
0
0
0
0
0
3971
115
0
0
0
0
0
0
1867
3813
0
0
0
0
0
0
2765
2636
0
0
0
0
0
0
2930
4031
0
0
0
0
0
0
851
949
0
0
0
0
0
0
2761
3038
0
0
0
0
0
0
1570
2070
0
0
0
0
0
0
966
2799
0
0
0
0
0
0
2413
2781
0
0
0
0
0
0
1424
3574
0
0
0
0
0
0
183
3179
0
0
0
0
0
0
686
1682
0
0
0
0
0
0
3396
3905
0
0
0
0
0
0
4013
3384
0
0
0
0
0
0
2205
624
0
0
0
0
0
0
3274
1490
0
0
0
0
0
0
1937
3587
0
0
0
0
0
0
1399
2552
0
0
0
0
0
0
3807
1567
0
0
0
0
0
0
1842
1481
0
0
0
0
0
0
3467
2036
0
0
0
0
0
0
1811
346
0
0
0
0
0
0
2480
2211
0
0
0
0
0
0
3760
2013
0
0
0
0
0
0
2580
2059
0
0
0
0
0
0
3198
2731
0
0
0
0
0
0
77
3251
0
0
0
0
0
0
1922
3015
0
0
0
0
0
0
1750
3819
0
0
0
0
0
0
3962
468
0
0
0
0
0
0
619
3823
0
0
0
0
0
0
3350
2012
0
0
0
0
0
0
2065
1805
0
0
0
0
0
0
2223
972
0
0
0
0
0
0
1554
2879
0
0
0
0
0
0
2948
3661
0
0
0
0
0
0
1683
2615
0
0
0
0
0
0
1400
900
0
0
0
0
0
0
3806
2315
0
0
0
0
0
0
2722
1270
0
0
0
0
0
0
172
2750
0
0
0
0
0
0
227
3437
0
0
0
0
0
0
3613
2366
0
0
0
0
0
0
3666
622
0
0
0
0
0
0
3142
3876
0
0
0
0
0
0
3914
2976
0
0
0
0
0
0
1083
3211
0
0
0
0
0
0
2170
340
0
0
0
0
0
0
3430
3521
0
0
0
0
0
0
2714
1425
0
0
0
0
0
0
1741
2681
0
0
0
0
0
0
3859
3765
0
0
0
0
0
0
2704
3231
0
0
0
0
0
0
3171
1283
0
0
0
0
0
0
2071
142
0
0
0
0
0
0
2892
3209
0
0
0
0
0
0
217
3482
0
0
0
0
0
0
4036
683
0
0
0
0
0
0
1093
3260
0
0
0
0
0
0
1997
552
0
0
0
0
0
0
964
3515
0
0
0
0
0
0
108
1415
0
0
0
0
0
0
2748
2492
0
0
0
0
0
0
2027
1326
0
0
0
0
0
0
2282
2884
0
0
0
0
0
0
2110
3139
0
0
0
0
0
0
2813
1648
0
0
0
0
0
0
2657
1680
0
0
0
0
0
0
3308
1640
0
0
0
0
0
0
3949
2165
0
0
0
0
0
0
116
3042
0
0
0
0
0
0
2553
3719
0
0
0
0
0
0
693
745
0
0
0
0
0
0
3033
2216
0
0
0
0
0
0
1853
217
0
0
0
0
0
0
3551
3215
0
0
0
0
0
0
631
1112
0
0
0
0
0
0
1543
1897
0
0
0
0
0
0
134
3039
0
0
0
0
0
0
367
3747
0
0
0
0
0
0
2290
3176
0
0
0
0
0
0
1939
2789
0
0
0
0
0
0
1091
2950
0
0
0
0
0
0
2836
2424
0
0
0
0
0
0
599
1222
0
0
0
0
0
0
1805
1309
0
0
0
0
0
0
3568
2235
0
0
0
0
0
0
2239
2491
0
0
0
0
0
0
2994
4037
0
0
0
0
0
0
3874
3917
0
0
0
0
0
0
1052
1693
0
0
0
0
0
0
701
835
0
0
0
0
0
0
2893
2550
0
0
0
0
0
0
781
1536
0
0
0
0
0
0
3977
1410
0
0
0
0
0
0
2371
2629
0
0
0
0
0
0
1397
818
0
0
0
0
0
0
1429
1190
0
0
0
0
0
0
2385
1298
0
0
0
0
0
0
963
753
0
0
0
0
0
0
2121
1203
0
0
0
0
0
0
180
2191
0
0
0
0
0
0
3720
2668
0
0
0
0
0
0
1856
2615
0
0
0
0
0
0
1930
153
0
0
0
0
0
0
306
3302
0
0
0
0
0
0
2459
2535
0
0
0
0
0
0
889
2665
0
0
0
0
0
0
2485
2998
0
0
0
0
0
0
1407
1015
0
0
0
0
0
0
648
749
0
0
0
0
0
0
1534
419
0
0
0
0
0
0
1215
1990
0
0
0
0
0
0
2193
1194
0
0
0
0
0
0
2630
1734
0
0
0
0
0
0
3205
1301
0
0
0
0
0
0
2088
3869
0
0
0
0
0
0
1695
3393
0
0
0
0
0
0
1344
81
0
0
0
0
0
0
1724
3842
0
0
0
0
0
0
2890
2365
0
0
0
0
0
0
69
3029
0
0
0
0
0
0
3069
1970
0
0
0
0
0
0
778
2617
0
0
0
0
0
0
2602
2045
0
0
0
0
0
0
1454
1192
0
0
0
0
0
0
3371
1240
0
0
0
0
0
0
2217
2518
0
0
0
0
0
0
196
2638
0
0
0
0
0
0
454
442
0
0
0
0
0
0
3594
3195
0
0
0
0
0
0
2851
1920
0
0
0
0
0
0
1110
486
0
0
0
0
0
0
4069
2130
0
0
0
0
0
0
2973
212
0
0
0
0
0
0
622
2006
0
0
0
0
0
0
3566
3743
0
0
0
0
0
0
2308
2593
0
0
0
0
0
0
3513
1544
0
0
0
0
0
0
3337
3879
0
0
0
0
0
0
3513
2250
0
0
0
0
0
0
2738
1638
0
0
0
0
0
0
304
1882
0
0
0
0
0
0
1142
3254
0
0
0
0
0
0
662
3210
0
0
0
0
0
0
3344
4071
0
0
0
0
0
0
3397
1727
0
0
0
0
0
0
3968
1693
0
0
0
0
0
0
1652
3289
0
0
0
0
0
0
3415
2593
0
0
0
0
0
0
389
252
0
0
0
0
0
0
537
1968
0
0
0
0
0
0
1477
3065
0
0
0
0
0
0
3074
1159
0
0
0
0
0
0
2651
521
0
0
0
0
0
0
1732
1803
0
0
0
0
0
0
877
632
0
0
0
0
0
0
3578
3171
0
0
0
0
0
0
3987
3650
0
0
0
0
0
0
144
3859
0
0
0
0
0
0
2596
2749
0
0
0
0
0
0
1524
2280
0
0
0
0
0
0
446
102
0
0
0
0
0
0
408
2363
0
0
0
0
0
0
3548
860
0
0
0
0
0
0
127
2646
0
0
0
0
0
0
1498
3831
0
0
0
0
0
0
415
2673
0
0
0
0
0
0
773
906
0
0
0
0
0
0
3637
512
0
0
0
0
0
0
2741
3387
0
0
0
0
0
0
3845
1687
0
0
0
0
0
0
191
141
0
0
0
0
0
0
2513
3131
0
0
0
0
0
0
2769
2657
0
0
0
0
0
0
1152
3626
0
0
0
0
0
0
3964
3143
0
0
0
0
0
0
1014
2254
0
0
0
0
0
0
2269
664
0
0
0
0
0
0
2473
634
0
0
0
0
0
0
1683
3491
0
0
0
0
0
0
2550
3489
0
0
0
0
0
0
3632
773
0
0
0
0
0
0
155
2827
0
0
0
0
0
0
3259
118
0
0
0
0
0
0
2291
2604
0
0
0
0
0
0
1927
1973
0
0
0
0
0
0
3587
2349
0
0
0
0
0
0
1698
848
0
0
0
0
0
0
1353
2752
0
0
0
0
0
0
2057
1016
0
0
0
0
0
0
2201
1881
0
0
0
0
0
0
678
772
0
0
0
0
0
0
3464
374
0
0
0
0
0
0
1434
2765
0
0
0
0
0
0
372
3411
0
0
0
0
0
0
2750
2676
0
0
0
0
0
0
727
3092
0
0
0
0
0
0
601
1797
0
0
0
0
0
0
2439
3543
0
0
0
0
0
0
3230
1461
0
0
0
0
0
0
2438
514
0
0
0
0
0
0
3248
3510
0
0
0
0
0
0
2160
915
0
0
0
0
0
0
1297
1691
0
0
0
0
0
0
2472
2957
0
0
0
0
0
0
1362
2443
0
0
0
0
0
0
3410
3967
0
0
0
0
0
0
2577
1163
0
0
0
0
0
0
2906
101
0
0
0
0
0
0
1673
3118
0
0
0
0
0
0
628
1450
0
0
0
0
0
0
1199
2702
0
0
0
0
0
0
3340
3365
0
0
0
0
0
0
2603
2350
0
0
0
0
0
0
545
3406
0
0
0
0
0
0
557
1442
0
0
0
0
0
0
3815
414
0
0
0
0
0
0
1204
2945
0
0
0
0
0
0
1533
361
0
0
0
0
0
0
1729
1078
0
0
0
0
0
0
2649
2059
0
0
0
0
0
0
198
2771
0
0
0
0
0
0
3326
3211
0
0
0
0
0
0
1215
2559
0
0
0
0
0
0
3421
1714
0
0
0
0
0
0
1977
3456
0
0
0
0
0
0
1575
1448
0
0
0
0
0
0
414
1549
0
0
0
0
0
0
3167
403
0
0
0
0
0
0
3449
2576
0
0
0
0
0
0
2490
2856
0
0
0
0
0
0
2177
3482
0
0
0
0
0
0
3507
526
0
0
0
0
0
0
544
2172
0
0
0
0
0
0
1817
3200
0
0
0
0
0
0
1090
3698
0
0
0
0
0
0
1469
3913
0
0
0
0
0
0
4013
227
0
0
0
0
0
0
1748
1111
0
0
0
0
0
0
3787
1850
0
0
0
0
0
0
1151
2686
0
0
0
0
0
0
4058
553
0
0
0
0
0
0
741
1516
0
0
0
0
0
0
891
168
0
0
0
0
0
0
3035
3519
0
0
0
0
0
0
3961
846
0
0
0
0
0
0
3456
2607
0
0
0
0
0
0
1858
2231
0
0
0
0
0
0
2382
3866
0
0
0
0
0
0
3945
4034
0
0
0
0
0
0
3708
418
0
0
0
0
0
0
1395
2412
0
0
0
0
0
0
2664
550
0
0
0
0
0
0
3737
1910
0
0
0
0
0
0
2172
3619
0
0
0
0
0
0
870
304
0
0
0
0
0
0
183
2244
0
0
0
0
0
0
230
1989
0
0
0
0
0
0
3964
13
0
0
0
0
0
0
380
1847
0
0
0
0
0
0
123
2832
0
0
0
0
0
0
3263
1643
0
0
0
0
0
0
2864
475
0
0
0
0
0
0
2783
2457
0
0
0
0
0
0
282
2396
0
0
0
0
0
0
1818
2
0
0
0
0
0
0
1615
2549
0
0
0
0
0
0
3134
565
0
0
0
0
0
0
3635
2886
0
0
0
0
0
0
3158
3282
0
0
0
0
0
0
611
1652
0
0
0
0
0
0
2386
2412
0
0
0
0
0
0
1534
2127
0
0
0
0
0
0
955
22
0
0
0
0
0
0
1558
3880
0
0
0
0
0
0
2572
1549
0
0
0
0
0
0
427
1229
0
0
0
0
0
0
1538
1374
0
0
0
0
0
0
1420
2286
0
0
0
0
0
0
2950
1730
0
0
0
0
0
0
967
4074
0
0
0
0
0
0
501
3682
0
0
0
0
0
0
2649
831
0
0
0
0
0
0
2015
1686
0
0
0
0
0
0
75
815
0
0
0
0
0
0
804
1271
0
0
0
0
0
0
2497
839
0
0
0
0
0
0
2351
3483
0
0
0
0
0
0
1806
1325
0
0
0
0
0
0
3652
3493
0
0
0
0
0
0
2516
3862
0
0
0
0
0
0
3748
672
0
0
0
0
0
0
1143
3279
0
0
0
0
0
0
2652
4085
0
0
0
0
0
0
1350
3776
0
0
0
0
0
0
1968
2097
0
0
0
0
0
0
1473
1659
0
0
0
0
0
0
139
2960
0
0
0
0
0
0
1584
2880
0
0
0
0
0
0
2701
456
0
0
0
0
0
0
3126
1571
0
0
0
0
0
0
4059
2778
0
0
0
0
0
0
3830
2018
0
0
0
0
0
0
1724
2738
0
0
0
0
0
0
2965
3497
0
0
0
0
0
0
3240
2148
0
0
0
0
0
0
533
914
0
0
0
0
0
0
2222
1284
0
0
0
0
0
0
1645
2291
0
0
0
0
0
0
3066
1844
0
0
0
0
0
0
424
347
0
0
0
0
0
0
1806
4072
0
0
0
0
0
0
3024
1456
0
0
0
0
0
0
446
2250
0
0
0
0
0
0
3040
2156
0
0
0
0
0
0
1513
1965
0
0
0
0
0
0
1073
3526
0
0
0
0
0
0
1710
871
0
0
0
0
0
0
2935
3888
0
0
0
0
0
0
2240
368
0
0
0
0
0
0
2898
150
0
0
0
0
0
0
3933
3488
0
0
0
0
0
0
3391
3117
0
0
0
0
0
0
269
2099
0
0
0
0
0
0
2625
1817
0
0
0
0
0
0
3703
703
0
0
0
0
0
0
898
2998
0
0
0
0
0
0
1968
1078
0
0
0
0
0
0
3541
1855
0
0
0
0
0
0
2569
3086
0
0
0
0
0
0
1502
3835
0
0
0
0
0
0
556
2065
0
0
0
0
0
0
103
2274
0
0
0
0
0
0
3504
483
0
0
0
0
0
0
4072
2125
0
0
0
0
0
0
75
2738
0
0
0
0
0
0
3547
1307
0
0
0
0
0
0
3208
184
0
0
0
0
0
0
2941
2398
0
0
0
0
0
0
188
2551
0
0
0
0
0
0
1603
209
0
0
0
0
0
0
1467
2645
0
0
0
0
0
0
3141
526
0
0
0
0
0
0
3714
2805
0
0
0
0
0
0
3216
3232
0
0
0
0
0
0
623
1636
0
0
0
0
0
0
2400
2386
0
0
0
0
0
0
1586
2082
0
0
0
0
0
0
1006
14
0
0
0
0
0
0
1522
3975
0
0
0
0
0
0
2405
1728
0
0
0
0
0
0
246
1347
0
0
0
0
0
0
1504
1299
0
0
0
0
0
0
1630
2011
0
0
0
0
0
0
3291
1446
0
0
0
0
0
0
1155
4035
0
0
0
0
0
0
343
3972
0
0
0
0
0
0
2212
1263
0
0
0
0
0
0
1629
1912
0
0
0
0
0
0
87
599
0
0
0
0
0
0
1267
729
0
0
0
0
0
0
3088
382
0
0
0
0
0
0
2578
3513
0
0
0
0
0
0
1433
1879
0
0
0
0
0
0
2916
76
0
0
0
0
0
0
1989
20
0
0
0
0
0
0
713
1038
0
0
0
0
0
0
1910
2453
0
0
0
0
0
0
1488
1127
0
0
0
0
0
0
1535
3951
0
0
0
0
0
0
1170
3069
0
0
0
0
0
0
459
2533
0
0
0
0
0
0
3649
3155
0
0
0
0
0
0
1949
2179
0
0
0
0
0
0
3780
3469
0
0
0
0
0
0
4079
976
0
0
0
0
0
0
3178
2398
0
0
0
0
0
0
2857
3170
0
0
0
0
0
0
2440
2031
0
0
0
0
0
0
2433
3524
0
0
0
0
0
0
4064
990
0
0
0
0
0
0
1920
3712
0
0
0
0
0
0
3245
749
0
0
0
0
0
0
525
2212
0
0
0
0
0
0
1743
3291
0
0
0
0
0
0
966
3777
0
0
0
0
0
0
1424
3846
0
0
0
0
0
0
117
4039
0
0
0
0
0
0
2126
782
0
0
0
0
0
0
4045
1775
0
0
0
0
0
0
984
3044
0
0
0
0
0
0
3476
1154
0
0
0
0
0
0
92
2586
0
0
0
0
0
0
51
1130
0
0
0
0
0
0
1619
410
0
0
0
0
0
0
1038
3985
0
0
0
0
0
0
3761
1364
0
0
0
0
0
0
2210
1230
0
0
0
0
0
0
3062
3379
0
0
0
0
0
0
1404
2397
0
0
0
0
0
0
3981
3784
0
0
0
0
0
0
3596
3977
0
0
0
0
0
0
432
2045
0
0
0
0
0
0
1938
477
0
0
0
0
0
0
2786
2013
0
0
0
0
0
0
216
1918
0
0
0
0
0
0
569
282
0
0
0
0
0
0
4084
1528
0
0
0
0
0
0
1162
2670
0
0
0
0
0
0
2048
742
0
0
0
0
0
0
2284
1257
0
0
0
0
0
0
3411
2262
0
0
0
0
0
0
2729
4078
0
0
0
0
0
0
1694
2676
0
0
0
0
0
0
1774
1471
0
0
0
0
0
0
1580
2471
0
0
0
0
0
0
1087
7
0
0
0
0
0
0
765
3587
0
0
0
0
0
0
3530
921
0
0
0
0
0
0
3028
2141
0
0
0
0
0
0
2921
2513
0
0
0
0
0
0
2698
788
0
0
0
0
0
0
756
1653
0
0
0
0
0
0
3344
347
0
0
0
0
0
0
3132
1719
0
0
0
0
0
0
923
897
0
0
0
0
0
0
1018
1075
0
0
0
0
0
0
2807
1543
0
0
0
0
0
0
150
2265
0
0
0
0
0
0
2242
3728
0
0
0
0
0
0
1878
2338
0
0
0
0
0
0
1053
3912
0
0
0
0
0
0
1350
2381
0
0
0
0
0
0
3733
2627
0
0
0
0
0
0
1694
2527
0
0
0
0
0
0
2147
1901
0
0
0
0
0
0
3643
1160
0
0
0
0
0
0
587
2543
0
0
0
0
0
0
1946
2409
0
0
0
0
0
0
2275
3054
0
0
0
0
0
0
1583
4094
0
0
0
0
0
0
2152
1012
0
0
0
0
0
0
2596
3806
0
0
0
0
0
0
3612
3011
0
0
0
0
0
0
454
2932
0
0
0
0
0
0
3592
1646
0
0
0
0
0
0
3985
3258
0
0
0
0
0
0
2765
2731
0
0
0
0
0
0
3789
3364
0
0
0
0
0
0
2495
2654
0
0
0
0
0
0
3839
898
0
0
0
0
0
0
1696
2580
0
0
0
0
0
0
2504
1703
0
0
0
0
0
0
3764
3191
0
0
0
0
0
0
940
2616
0
0
0
0
0
0
343
1182
0
0
0
0
0
0
3204
3507
0
0
0
0
0
0
3834
3781
0
0
0
0
0
0
119
3926
0
0
0
0
0
0
2480
2898
0
0
0
0
0
0
1294
2428
0
0
0
0
0
0
368
1463
0
0
0
0
0
0
51
3240
0
0
0
0
0
0
4037
407
0
0
0
0
0
0
1442
1790
0
0
0
0
0
0
1198
373
0
0
0
0
0
0
3538
1071
0
0
0
0
0
0
2130
2874
0
0
0
0
0
0
2327
1654
0
0
0
0
0
0
1880
2282
0
0
0
0
0
0
1989
3446
0
0
0
0
0
0
1839
3126
0
0
0
0
0
0
2108
482
0
0
0
0
0
0
3599
1562
0
0
0
0
0
0
4089
9
0
0
0
0
0
0
3072
3600
0
0
0
0
0
0
2271
347
0
0
0
0
0
0
634
2437
0
0
0
0
0
0
973
2611
0
0
0
0
0
0
2022
3840
0
0
0
0
0
0
3578
3864
0
0
0
0
0
0
3251
1250
0
0
0
0
0
0
72
2236
0
0
0
0
0
0
2132
1739
0
0
0
0
0
0
2638
1108
0
0
0
0
0
0
1138
2696
0
0
0
0
0
0
3052
3086
0
0
0
0
0
0
2144
243
0
0
0
0
0
0
1577
3517
0
0
0
0
0
0
1976
2646
0
0
0
0
0
0
2434
3075
0
0
0
0
0
0
1070
3814
0
0
0
0
0
0
42
1813
0
0
0
0
0
0
232
1059
0
0
0
0
0
0
2444
2759
0
0
0
0
0
0
4014
3133
0
0
0
0
0
0
3066
1906
0
0
0
0
0
0
976
2434
0
0
0
0
0
0
2820
2002
0
0
0
0
0
0
1307
1568
0
0
0
0
0
0
2722
1941
0
0
0
0
0
0
2955
3061
0
0
0
0
0
0
3867
953
0
0
0
0
0
0
2878
2274
0
0
0
0
0
0
1737
784
0
0
0
0
0
0
844
3127
0
0
0
0
0
0
1108
2678
0
0
0
0
0
0
1398
546
0
0
0
0
0
0
2506
211
0
0
0
0
0
0
3592
2922
0
0
0
0
0
0
3641
3202
0
0
0
0
0
0
3100
469
0
0
0
0
0
0
436
1664
0
0
0
0
0
0
1155
3016
0
0
0
0
0
0
1354
900
0
0
0
0
0
0
1369
2244
0
0
0
0
0
0
2902
2516
0
0
0
0
0
0
2254
597
0
0
0
0
0
0
595
1428
0
0
0
0
0
0
195
2116
0
0
0
0
0
0
764
3753
0
0
0
0
0
0
2090
2447
0
0
0
0
0
0
418
471
0
0
0
0
0
0
2085
2075
0
0
0
0
0
0
954
2049
0
0
0
0
0
0
1455
435
0
0
0
0
0
0
3122
1214
0
0
0
0
0
0
2039
1502
0
0
0
0
0
0
773
2620
0
0
0
0
0
0
2608
2442
0
0
0
0
0
0
3700
3902
0
0
0
0
0
0
1380
198
0
0
0
0
0
0
3955
3966
0
0
0
0
0
0
1652
388
0
0
0
0
0
0
3810
3729
0
0
0
0
0
0
3361
2353
0
0
0
0
0
0
1277
3086
0
0
0
0
0
0
3919
875
0
0
0
0
0
0
2898
2585
0
0
0
0
0
0
2770
83
0
0
0
0
0
0
3895
3048
0
0
0
0
0
0
1873
1462
0
0
0
0
0
0
3412
2777
0
0
0
0
0
0
1749
3259
0
0
0
0
0
0
392
2544
0
0
0
0
0
0
1084
1434
0
0
0
0
0
0
156
3475
0
0
0
0
0
0
448
77
0
0
0
0
0
0
2628
2262
0
0
0
0
0
0
3734
527
0
0
0
0
0
0
3897
586
0
0
0
0
0
0
4034
1312
0
0
0
0
0
0
3752
2803
0
0
0
0
0
0
3134
238
0
0
0
0
0
0
1234
4081
0
0
0
0
0
0
1948
3711
0
0
0
0
0
0
1503
2911
0
0
0
0
0
0
1647
2224
0
0
0
0
0
0
3483
966
0
0
0
0
0
0
1202
784
0
0
0
0
0
0
1430
2258
0
0
0
0
0
0
2576
3588
0
0
0
0
0
0
1190
1074
0
0
0
0
0
0
3374
1046
0
0
0
0
0
0
3818
3461
0
0
0
0
0
0
3372
244
0
0
0
0
0
0
1037
3450
0
0
0
0
0
0
3675
454
0
0
0
0
0
0
2652
126
0
0
0
0
0
0
97
2744
0
0
0
0
0
0
1078
3188
0
0
0
0
0
0
2221
222
0
0
0
0
0
0
3664
3305
0
0
0
0
0
0
2956
1369
0
0
0
0
0
0
1598
3072
0
0
0
0
0
0
3167
419
0
0
0
0
0
0
1908
3754
0
0
0
0
0
0
3018
974
0
0
0
0
0
0
2956
3084
0
0
0
0
0
0
215
2018
0
0
0
0
0
0
1021
3314
0
0
0
0
0
0
3349
1935
0
0
0
0
0
0
3301
1034
0
0
0
0
0
0
330
1528
0
0
0
0
0
0
1007
2599
0
0
0
0
0
0
2093
3191
0
0
0
0
0
0
1180
532
0
0
0
0
0
0
3017
1437
0
0
0
0
0
0
701
1141
0
0
0
0
0
0
3070
1936
0
0
0
0
0
0
569
2725
0
0
0
0
0
0
3279
3944
0
0
0
0
0
0
2471
2229
0
0
0
0
0
0
2377
3036
0
0
0
0
0
0
892
3806
0
0
0
0
0
0
905
4002
0
0
0
0
0
0
2510
3071
0
0
0
0
0
0
768
2806
0
0
0
0
0
0
1716
876
0
0
0
0
0
0
2491
1566
0
0
0
0
0
0
583
2177
0
0
0
0
0
0
2695
2342
0
0
0
0
0
0
630
2297
0
0
0
0
0
0
1677
273
0
0
0
0
0
0
969
2219
0
0
0
0
0
0
1337
2387
0
0
0
0
0
0
2512
922
0
0
0
0
0
0
2258
2914
0
0
0
0
0
0
204
1153
0
0
0
0
0
0
51
3350
0
0
0
0
0
0
634
1669
0
0
0
0
0
0
3311
3758
0
0
0
0
0
0
347
2782
0
0
0
0
0
0
2999
4025
0
0
0
0
0
0
3820
1333
0
0
0
0
0
0
670
3541
0
0
0
0
0
0
187
3802
0
0
0
0
0
0
2431
4035
0
0
0
0
0
0
1741
940
0
0
0
0
0
0
1732
3624
0
0
0
0
0
0
3706
2908
0
0
0
0
0
0
385
618
0
0
0
0
0
0
1805
2912
0
0
0
0
0
0
4062
435
0
0
0
0
0
0
1127
1372
0
0
0
0
0
0
3388
3460
0
0
0
0
0
0
1336
3464
0
0
0
0
0
0
747
1501
0
0
0
0
0
0
1858
3419
0
0
0
0
0
0
540
1875
0
0
0
0
0
0
3650
1286
0
0
0
0
0
0
646
2007
0
0
0
0
0
0
2187
158
0
0
0
0
0
0
1275
3027
0
0
0
0
0
0
1791
249
0
0
0
0
0
0
3225
2302
0
0
0
0
0
0
1140
1777
0
0
0
0
0
0
3037
2255
0
0
0
0
0
0
3417
3260
0
0
0
0
0
0
1212
701
0
0
0
0
0
0
1409
2448
0
0
0
0
0
0
2909
3120
0
0
0
0
0
0
331
1411
0
0
0
0
0
0
1474
1916
0
0
0
0
0
0
2260
3295
0
0
0
0
0
0
2153
276
0
0
0
0
0
0
470
1005
0
0
0
0
0
0
1758
1724
0
0
0
0
0
0
4052
1961
0
0
0
0
0
0
1351
738
0
0
0
0
0
0
1569
2254
0
0
0
0
0
0
1364
268
0
0
0
0
0
0
1001
1211
0
0
0
0
0
0
4064
1080
0
0
0
0
0
0
2294
891
0
0
0
0
0
0
1087
892
0
0
0
0
0
0
2177
279
0
0
0
0
0
0
1451
2747
0
0
0
0
0
0
417
1303
0
0
0
0
0
0
4083
1966
0
0
0
0
0
0
3780
964
0
0
0
0
0
0
2949
15
0
0
0
0
0
0
2144
4064
0
0
0
0
0
0
2785
38
0
0
0
0
0
0
1146
3365
0
0
0
0
0
0
3544
2281
0
0
0
0
0
0
3233
2520
0
0
0
0
0
0
3720
667
0
0
0
0
0
0
3701
3219
0
0
0
0
0
0
3108
3285
0
0
0
0
0
0
3198
4081
0
0
0
0
0
0
688
4067
0
0
0
0
0
0
2605
3162
0
0
0
0
0
0
2562
2886
0
0
0
0
0
0
3829
247
0
0
0
0
0
0
399
2358
0
0
0
0
0
0
3938
2675
0
0
0
0
0
0
3412
100
0
0
0
0
0
0
133
701
0
0
0
0
0
0
1737
3919
0
0
0
0
0
0
2065
3074
0
0
0
0
0
0
4
3823
0
0
0
0
0
0
1197
1556
0
0
0
0
0
0
536
2225
0
0
0
0
0
0
3453
350
0
0
0
0
0
0
3605
1433
0
0
0
0
0
0
957
448
0
0
0
0
0
0
1745
3104
0
0
0
0
0
0
383
3248
0
0
0
0
0
0
1961
846
0
0
0
0
0
0
1073
1939
0
0
0
0
0
0
3347
703
0
0
0
0
0
0
2957
2132
0
0
0
0
0
0
287
934
0
0
0
0
0
0
1588
2997
0
0
0
0
0
0
847
2648
0
0
0
0
0
0
2664
241
0
0
0
0
0
0
1451
1810
0
0
0
0
0
0
3113
1134
0
0
0
0
0
0
2315
2767
0
0
0
0
0
0
3847
1270
0
0
0
0
0
0
1577
2778
0
0
0
0
0
0
1354
2059
0
0
0
0
0
0
3287
3844
0
0
0
0
0
0
1689
1801
0
0
0
0
0
0
2798
1599
0
0
0
0
0
0
1703
3331
0
0
0
0
0
0
3431
1484
0
0
0
0
0
0
1677
2483
0
0
0
0
0
0
1881
1504
0
0
0
0
0
0
3803
3479
0
0
0
0
0
0
1789
1906
0
0
0
0
0
0
2420
2075
0
0
0
0
0
0
1159
3789
0
0
0
0
0
0
3156
1563
0
0
0
0
0
0
1883
2128
0
0
0
0
0
0
2396
1003
0
0
0
0
0
0
114
3233
0
0
0
0
0
0
1778
2097
0
0
0
0
0
0
2004
2545
0
0
0
0
0
0
680
63
0
0
0
0
0
0
2996
1544
0
0
0
0
0
0
2151
1754
0
0
0
0
0
0
2861
584
0
0
0
0
0
0
408
3098
0
0
0
0
0
0
1669
2348
0
0
0
0
0
0
1591
2970
0
0
0
0
0
0
298
325
0
0
0
0
0
0
2938
1445
0
0
0
0
0
0
2459
1380
0
0
0
0
0
0
3274
244
0
0
0
0
0
0
595
3057
0
0
0
0
0
0
1498
2624
0
0
0
0
0
0
1205
3337
0
0
0
0
0
0
12
487
0
0
0
0
0
0
2975
1281
0
0
0
0
0
0
2778
1030
0
0
0
0
0
0
3617
4082
0
0
0
0
0
0
698
3087
0
0
0
0
0
0
1285
2911
0
0
0
0
0
0
859
3641
0
0
0
0
0
0
3909
567
0
0
0
0
0
0
3072
1086
0
0
0
0
0
0
3082
725
0
0
0
0
0
0
3882
3912
0
0
0
0
0
0
707
3192
0
0
0
0
0
0
1039
3195
0
0
0
0
0
0
559
3879
0
0
0
0
0
0
3792
577
0
0
0
0
0
0
3217
867
0
0
0
0
0
0
3371
459
0
0
0
0
0
0
4074
3813
0
0
0
0
0
0
660
3325
0
0
0
0
0
0
802
3445
0
0
0
0
0
0
331
4043
0
0
0
0
0
0
3740
535
0
0
0
0
0
0
3384
660
0
0
0
0
0
0
3604
265
0
0
0
0
0
0
91
3783
0
0
0
0
0
0
575
3473
0
0
0
0
0
0
586
3655
0
0
0
0
0
0
157
51
0
0
0
0
0
0
3751
449
0
0
0
0
0
0
3565
459
0
0
0
0
0
0
3802
110
0
0
0
0
0
0
162
3787
0
0
0
0
0
0
461
3629
0
0
0
0
0
0
394
3822
0
0
0
0
0
0
53
92
0
0
0
0
0
0
3805
344
0
0
0
0
0
0
3724
300
0
0
0
0
0
0
3941
19
0
0
0
0
0
0
168
3838
0
0
0
0
0
0
337
3774
0
0
0
0
0
0
244
3948
0
0
0
0
0
0
4079
110
0
0
0
0
0
0
3865
247
0
0
0
0
0
0
3862
173
0
0
0
0
0
0
4034
4071
0
0
0
0
0
0
141
3907
0
0
0
0
0
0
220
3897
0
0
0
0
0
0
133
4026
0
0
0
0
0
0
4057
86
0
0
0
0
0
0
3951
143
0
0
0
0
0
0
3976
77
0
0
0
0
0
0
4083
4057
0
0
0
0
0
0
99
3972
0
0
0
0
0
0
132
3981
0
0
0
0
0
0
64
4067
0
0
0
0
0
0
4062
54
0
0
0
0
0
0
4018
69
0
0
0
0
0
0
4047
22
0
0
0
0
0
0
14
4058
0
0
0
0
0
0
62
4026
0
0
0
0
0
0
61
4044
0
0
0
0
0
0
24
4083
0
0
0
0
0
0
4087
13
0
0
0
0
0
0
4073
16
0
0
0
0
0
0
4091
4090
0
0
0
0
0
0
10
4076
0
0
0
0
0
0
23
4067
0
0
0
0
0
0
24
4072
0
0
0
0
0
0
11
4086
0
0
0
0
0
0
3
4091
0
0
0
0
0
0
1
4090
0
0
0
0
0
0
3
4085
0
0
0
0
0
0
14
4074
0
0
0
0
0
0
25
4072
0
0
0
0
0
0
10
4087
0
0
0
0
0
0
3
4093
0
0
0
0
0
0
0
4095
0
0
0
0
0
0
0
4095
0
0
0
0
0
0
0
4095
0
0
0
0
0
0
0
4095
0
0
0
0
0
0
0
4095
0
0
0
0
0
0
0
4095
0
0
0
0
0
0
0
4095
0
0
0
0
0
0
0
4095
0
0
0
0
0
0
0
4095
0
0
0
0
0
0
0
4095
0
0
0
0
0
0
0
4095
0
0
0
0
0
0
0
4095
0
0
0
0
0
0
0
4095
0
0
0
0
0
0
0
4095
0
0
0
0
0
0
0
4095
0
0
0
0
0
0
0
4095
0
0
0
0
0
0
0
4095
0
0
0
0
0
0
0
4095
0
0
0
0
0
0
0
4095
0
0
0
0
0
0
0
4095
0
0
0
0
0
0
0
4095
0
0
0
0
0
0
0
4095
0
0
0
0
0
0
0
4095
0
0
0
0
0
0
0
4095
0
0
0
0
0
0
0
4095
0
0
0
0
0
0
0
4095
0
0
0
0
0
0
0
4095
0
0
0
0
0
0
0
4095
0
0
0
0
0
0
0
4095
0
0
0
0
0
0
0
4095
0
0
0
0
0
0
0
4095
0
0
0
0
0
0
0
4095
0
0
0
0
0
0
0
4095
0
0
0
0
0
0
0
4095
0
0
0
0
0
0
0
4095
0
0
0
0
0
0
0
4095
0
0
0
0
0
0
0
4095
0
0
0
0
0
0
0
4095
0
0
0
0
0
0
0
4095
0
0
0
0
0
0
0
4095
0
0
0
0
0
0
0
4095
0
0
0
0
0
0
0
4095
0
0
0
0
0
0
0
4095
0
0
0
0
0
0
0
4095
0
0
0
0
0
0
0
4095
0
0
0
0
0
0
0
4095
0
0
0
0
0
0
0
4095
0
0
0
0
0
0
0
4095
0
0
0
0
0
0
0
4095
0
0
0
0
0
0
0
4095
0
0
0
0
0
0
0
4095
0
0
0
0
0
0
0
4095
0
0
0
0
0
0
0
4095
0
0
0
0
0
0
0
4095
0
0
0
0
0
0
0
4095
0
0
0
0
0
0
0
4095
0
0
0
0
0
0
0
4095
0
0
0
0
0
0
0
4095
0
0
0
0
0
0
0
4095
0
0
0
0
0
0
0
4095
0
0
0
0
0
0
0
4095
0
0
0
0
0
0
0
4095
0
0
0
0
0
0
0
4095
0
0
0
0
0
0
0
4095
0
0
0
0
0
0
0
4095
0
0
0
0
0
0
0
4095
0
0
0
0
0
0
0
4095
0
0
0
0
0
0
0
4095
0
0
0
0
0
0
0
4095
0
0
0
0
0
0
0
4095
0
0
0
0
0
0
0
4095
0
0
0
0
0
0
0
4095
0
0
0
0
0
0
0
4095
0
0
0
0
0
0
0
4095
0
0
0
0
0
0
0
4095
0
0
0
0
0
0
0
4095
0
0
0
0
0
0
0
4095
0
0
0
0
0
0
0
4095
0
0
0
0
0
0
0
4095
0
0
0
0
0
0
0
4095
0
0
0
0
0
0
0
4095
0
0
0
0
0
0
0
4095
0
0
0
0
0
0
0
4095
0
0
0
0
0
0
0
4095
0
0
0
0
0
0
0
4095
0
0
0
0
0
0
0
4095
0
0
0
0
0
0
0
4095
0
0
0
0
0
0
0
4095
0
0
0
0
0
0
0
4095
0
0
0
0
0
0
0
4095
0
0
0
0
0
0
0
4095
0
0
0
0
0
0
0
4095
0
0
0
0
0
0
0
4095
0
0
0
0
0
0
0
4095
0
0
0
0
0
0
0
4095
0
0
0
0
0
0
0
4095
0
0
0
0
0
0
0
4095
0
0
0
0
0
0
0
4095
0
0
0
0
0
0
0
4095
0
0
0
0
0
0
0
4095
0
0
0
0
0
0
0
4095
0
0
0
0
0
0
0
4095
0
0
0
0
0
0
0
4095
0
0
0
0
0
0
0
4095
0
0
0
0
0
0
0
4095
0
0
0
0
0
0
0
4095
0
0
0
0
0
0
0
4095
0
0
0
0
0
0
0
4095
0
0
0
0
0
0
0
4095
0
0
0
0
0
0
0
4095
0
0
0
0
0
0
0
4095
0
0
0
0
0
0
0
4095
0
0
0
0
0
0
0
4095
0
0
0
0
0
0
0
4095
0
0
0
0
0
0
0
4095
0
0
0
0
0
0
0
4095
0
0
0
0
0
0
0
4095
0
0
0
0
0
0
0
4095
0
0
0
0
0
0
0
4095
0
0
0
0
0
0
0
4095
0
0
0
0
0
0
0
4095
0
0
0
0
0
0
0
4095
0
0
0
0
0
0
0
4095
0
0
0
0
0
0
0
4095
0
0
0
0
0
0
0
4095
0
0
0
0
0
0
0
4095
0
0
0
0
0
0
0
4095
0
0
0
0
0
0
0
4095
0
0
0
0
0
0
0
4095
0
0
0
0
0
0
0
4095
0
0
0
0
0
0
0
4095
0
0
0
0
0
0
0
4095
0
0
0
0
0
0
0
4095
0
0
0
0
0
0
0
4095
0
0
0
0
0
0
0
4095
0
0
0
0
0
0
0
4095
0
0
0
0
0
0
0
4095
0
0
0
0
0
0
0
4095
0
0
0
0
0
0
0
4095
0
0
0
0
0
0
0
4095
0
0
0
0
0
0
0
4095
0
0
0
0
0
0
0
4095
0
0
0
0
0
0
0
4095
0
0
0
0
0
0
0
4095
0
0
0
0
0
0
0
4095
0
0
0
0
0
0
0
4095
0
0
0
0
0
0
0
4095
0
0
0
0
0
0
0
4095
0
0
0
0
0
0
0
4095
0
0
0
0
0
0
0
4095
0
0
0
0
0
0
0
4095
0
0
0
0
0
0
0
4095
0
0
0
0
0
0
0
4095
0
0
0
0
0
0
0
4095
0
0
0
0
0
0
0
4095
0
0
0
0
0
0
0
4095
0
0
0
0
0
0
0
4095
0
0
0
0
0
0
0
4095
0
0
0
0
0
0
0
4095
0
0
0
0
0
0
0
4095
0
0
0
0
0
0
0
4095
0
0
0
0
0
0
0
4095
0
0
0
0
0
0
0
4095
0
0
0
0
0
0
0
4095
0
0
0
0
0
0
0
4095
0
0
0
0
0
0
0
4095
0
0
0
0
0
0
0
4095
0
0
0
0
0
0
0
4095
0
0
0
0
0
0
0
4095
0
0
0
0
0
0
0
4095
0
0
0
0
0
0
0
4095
0
0
0
0
0
0
0
4095
0
0
0
0
0
0
0
4095
0
0
0
0
0
0
0
4095
0
0
0
0
0
0
0
4095
0
0
0
0
0
0
0
4095
0
0
0
0
0
0
0
4095
0
0
0
0
0
0
0
4095
0
0
0
0
0
0
0
4095
0
0
0
0
0
0
0
4095
0
0
0
0
0
0
0
4095
0
0
0
0
0
0
0
4095
0
0
0
0
0
0
0
4095
0
0
0
0
0
0
0
4095
0
0
0
0
0
0
0
4095
0
0
0
0
0
0
0
4095
0
0
0
0
0
0
0
4095
0
0
0
0
0
0
0
4095
0
0
0
0
0
0
0
4095
0
0
0
0
0
0
0
4095
0
0
0
0
0
0
0
4095
0
0
0
0
0
0
0
4095
0
0
0
0
0
0
0
4095
0
0
0
0
0
0
0
4095
0
0
0
0
0
0
0
4095
0
0
0
0
0
0
0
4095
0
0
0
0
0
0
0
4095
0
0
0
0
0
0
0
4095
0
0
0
0
0
0
0
4095
0
0
0
0
0
0
0
4095
0
0
0
0
0
0
0
4095
0
0
0
0
0
0
0
4095
0
0
0
0
0
0
0
4095
0
0
0
0
0
0
0
4095
0
0
0
0
0
0
0
4095
0
0
0
0
0
0
0
4095
0
0
0
0
0
0
0
4095
0
0
0
0
0
0
0
4095
0
0
0
0
0
0
0
4095
0
0
0
0
0
0
0
4095
0
0
0
0
0
0
0
4095
0
0
0
0
0
0
0
4095
0
0
0
0
0
0
0
4095
0
0
0
0
0
0
0
4095
0
0
0
0
0
0
0
4095
0
0
0
0
0
0
0
4095
0
0
0
0
0
0
0
4095
0
0
0
0
0
0
0
4095
0
0
0
0
0
0
0
4095
0
0
0
0
0
0
0
4095
0
0
0
0
0
0
0
4095
0
0
0
0
0
0
0
4095
0
0
0
0
0
0
0
4095
0
0
0
0
0
0
0
4095
0
0
0
0
0
0
0
4095
0
0
0
0
0
0
0
4095
0
0
0
0
0
0
0
4095
0
0
0
0
0
0
0
4095
0
0
0
0
0
0
0
4095
0
0
0
0
0
0
0
4095
0
0
0
0
0
0
0
4095
0
0
0
0
0
0
0
4095
0
0
0
0
0
0
0
4095
0
0
0
0
0
0
0
4095
0
0
0
0
0
0
0
4095
0
0
0
0
0
0
0
4095
0
0
0
0
0
0
0
4095
0
0
0
0
0
0
0
4095
0
0
0
0
0
0
0
4095
0
0
0
0
0
0
0
4095
0
0
0
0
0
0
0
4095
0
0
0
0
0
0
0
4095
0
0
0
0
0
0
0
4095
0
0
0
0
0
0
0
4095
0
0
0
0
0
0
0
4095
0
0
0
0
0
0
0
4095
0
0
0
0
0
0
0
4095
0
0
0
0
0
0
0
4095
0
0
0
0
0
0
0
4095
0
0
0
0
0
0
0
4095
0
0
0
0
0
0
0
4095
0
0
0
0
0
0
0
4095
0
0
0
0
0
0
0
4095
0
0
0
0
0
0
0
4095
0
0
0
0
0
0
0
4095
0
0
0
0
0
0
0
4095
0
0
0
0
0
0
0
4095
0
0
0
0
0
0
0
4095
0
0
0
0
0
0
0
4095
0
0
0
0
0
0
0
4095
0
0
0
0
0
0
0
4095
0
0
0
0
0
0
0
4095
0
0
0
0
0
0
0
4095
0
0
0
0
0
0
0
4095
0
0
0
0
0
0
0
4095
0
0
0
0
0
0
0
4095
0
0
0
0
0
0
0
4095
0
0
0
0
0
0
0
4095
0
0
0
0
0
0
0
4095
0
0
0
0
0
0
0
4095
0
0
0
0
0
0
0
4095
0
0
0
0
0
0
0
4095
0
0
0
0
0
0
0
4095
0
0
0
0
0
0
0
4095
0
0
0
0
0
0
0
4095
0
0
0
0
0
0
0
4095
0
0
0
0
0
0
0
4095
0
0
0
0
0
0
0
4095
0
0
0
0
0
0
0
4095
0
0
0
0
0
0
0
4095
0
0
0
0
0
0
0
4095
0
0
0
0
0
0
0
4095
0
0
0
0
0
0
0
4095
0
0
0
0
0
0
0
4095
0
0
0
0
0
0
0
4095
0
0
0
0
0
0
0
4095
0
0
0
0
0
0
0
4095
0
0
0
0
0
0
0
4095
0
0
0
0
0
0
0
4095
0
0
0
0
0
0
0
4095
0
0
0
0
0
0
0
4095
0
0
0
0
0
0
0
4095
0
0
0
0
0
0
0
4095
0
0
0
0
0
0
0
4095
0
0
0
0
0
0
0
4095
0
0
0
0
0
0
0
4095
0
0
0
0
0
0
0
4095
0
0
0
0
0
0
0
4095
0
0
0
0
0
0
0
4095
0
0
0
0
0
0
0
4095
0
0
0
0
0
0
0
4095
0
0
0
0
0
0
0
4095
0
0
0
0
0
0
0
4095
0
0
0
0
0
0
0
4095
0
0
0
0
0
0
0
4095
0
0
0
0
0
0
0
4095
0
0
0
0
0
0
0
4095
0
0
0
0
0
0
0
4095
0
0
0
0
0
0
0
4095
0
0
0
0
0
0
0
4095
0
0
0
0
0
0
0
4095
0
0
0
0
0
0
0
4095
0
0
0
0
0
0
0
4095
0
0
0
0
0
0
0
4095
0
0
0
0
0
0
0
4095
0
0
0
0
0
0
0
4095
0
0
0
0
0
0
0
4095
0
0
0
0
0
0
0
4095
0
0
0
0
0
0
0
4095
0
0
0
0
0
0
0
4095
0
0
0
0
0
0
0
4095
0
0
0
0
0
0
0
4095
0
0
0
0
0
0
0
4095
0
0
0
0
0
0
0
4095
0
0
0
0
0
0
0
4095
0
0
0
0
0
0
0
4095
0
0
0
0
0
0
0
4095
0
0
0
0
0
0
0
4095
0
0
0
0
0
0
0
4095
0
0
0
0
0
0
0
4095
0
0
0
0
0
0
0
4095
0
0
0
0
0
0
0
4095
0
0
0
0
0
0
0
4095
0
0
0
0
0
0
0
4095
0
0
0
0
0
0
0
4095
0
0
0
0
0
0
0
4095
0
0
0
0
0
0
0
4095
0
0
0
0
0
0
0
4095
0
0
0
0
0
0
0
4095
0
0
0
0
0
0
0
4095
0
0
0
0
0
0
0
4095
0
0
0
0
0
0
0
4095
0
0
0
0
0
0
0
4095
0
0
0
0
0
0
0
4095
0
0
0
0
0
0
0
4095
0
0
0
0
0
0
0
4095
0
0
0
0
0
0
0
4095
0
0
0
0
0
0
0
4095
0
0
0
0
0
0
0
4095
0
0
0
0
0
0
0
4095
0
0
0
0
0
0
0
4095
0
0
0
0
0
0
0
4095
0
0
0
0
0
0
0
4095
0
0
0
0
0
0
0
4095
0
0
0
0
0
0
0
4095
0
0
0
0
0
0
0
4095
0
0
0
0
0
0
0
4095
0
0
0
0
0
0
0
4095
0
0
0
0
0
0
0
4095
0
0
0
0
0
0
0
4095
0
0
0
0
0
0
0
4095
0
0
0
0
0
0
0
4095
0
0
0
0
0
0
0
4095
0
0
0
0
0
0
0
4095
0
0
0
0
0
0
0
4095
0
0
0
0
0
0
0
4095
0
0
0
0
0
0
0
4095
0
0
0
0
0
0
0
4095
0
0
0
0
0
0
0
4095
0
0
0
0
0
0
0
4095
0
0
0
0
0
0
0
4095
0
0
0
0
0
0
0
4095
0
0
0
0
0
0
0
4095
0
0
0
0
0
0
0
4095
0
0
0
0
0
0
0
4095
0
0
0
0
0
0
0
4095
0
0
0
0
0
0
0
4095
0
0
0
0
0
0
0
4095
0
0
0
0
0
0
0
4095
0
0
0
0
0
0
0
4095
0
0
0
0
0
0
0
4095
0
0
0
0
0
0
0
4095
0
0
0
0
0
0
0
4095
0
0
0
0
0
0
0
4095
0
0
0
0
0
0
0
4095
0
0
0
0
0
0
0
4095
0
0
0
0
0
0
0
4095
0
0
0
0
0
0
0
4095
0
0
0
0
0
0
0
4095
0
0
0
0
0
0
0
4095
0
0
0
0
0
0
0
4095
0
0
0
0
0
0
0
4095
0
0
0
0
0
0
0
4095
0
0
0
0
0
0
0
4095
0
0
0
0
0
0
0
4095
0
0
0
0
0
0
0
4095
0
0
0
0
0
0
0
4095
0
0
0
0
0
0
0
4095
0
0
0
0
0
0
0
4095
0
0
0
0
0
0
0
4095
0
0
0
0
0
0
0
4095
0
0
0
0
0
0
0
4095
0
0
0
0
0
0
0
4095
0
0
0
0
0
0
0
4095
0
0
0
0
0
0
0
4095
0
0
0
0
0
0
0
4095
0
0
0
0
0
0
0
4095
0
0
0
0
0
0
0
4095
0
0
0
0
0
0
0
4095
0
0
0
0
0
0
0
4095
0
0
0
0
0
0
0
4095
0
0
0
0
0
0
0
4095
0
0
0
0
0
0
0
4095
0
0
0
0
0
0
0
4095
0
0
0
0
0
0
0
4095
0
0
0
0
0
0
0
4095
0
0
0
0
0
0
0
4095
0
0
0
0
0
0
0
4095
0
0
0
0
0
0
0
4095
0
0
0
0
0
0
0
4095
0
0
0
0
0
0
0
4095
0
0
0
0
0
0
0
4095
0
0
0
0
0
0
0
4095
0
0
0
0
0
0
0
4095
0
0
0
0
0
0
0
4095
0
0
0
0
0
0
0
4095
0
0
0
0
0
0
0
4095
0
0
0
0
0
0
0
4095
0
0
0
0
0
0
0
4095
0
0
0
0
0
0
0
4095
0
0
0
0
0
0
0
4095
0
0
0
0
0
0
0
4095
0
0
0
0
0
0
0
4095
0
0
0
0
0
0
0
4095
0
0
0
0
0
0
0
4095
0
0
0
0
0
0
0
4095
0
0
0
0
0
0
0
4095
0
0
0
0
0
0
0
4095
0
0
0
0
0
0
0
4095
0
0
0
0
0
0
0
4095
0
0
0
0
0
0
0
4095
0
0
0
0
0
0
0
4095
0
0
0
0
0
0
0
4095
0
0
0
0
0
0
0
4095
0
0
0
0
0
0
0
4095
0
0
0
0
0
0
0
4095
0
0
0
0
0
0
0
4095
0
0
0
0
0
0
0
4095
0
0
0
0
0
0
0
4095
0
0
0
0
0
0
0
4095
0
0
0
0
0
0
0
4095
0
0
0
0
0
0
0
4095
0
0
0
0
0
0
0
4095
0
0
0
0
0
0
0
4095
0
0
0
0
0
0
0
4095
0
0
0
0
0
0
0
4095
0
0
0
0
0
0
0
4095
0
0
0
0
0
0
0
4095
0
0
0
0
0
0
0
4095
0
0
0
0
0
0
0
4095
0
0
0
0
0
0
0
4095
0
0
0
0
0
0
0
4095
0
0
0
0
0
0
0
4095
0
0
0
0
0
0
0
4095
0
0
0
0
0
0
0
4095
0
0
0
0
0
0
0
4095
0
0
0
0
0
0
0
4095
0
0
0
0
0
0
0
4095
0
0
0
0
0
0
0
4095
0
0
0
0
0
0
0
4095
0
0
0
0
0
0
0
4095
0
0
0
0
0
0
0
4095
0
0
0
0
0
0
0
4095
0
0
0
0
0
0
0
4095
0
0
0
0
0
0
0
4095
0
0
0
0
0
0
0
4095
0
0
0
0
0
0
0
4095
0
0
0
0
0
0
0
4095
0
0
0
0
0
0
0
4095
0
0
0
0
0
0
0
4095
0
0
0
0
0
0
0
4095
0
0
0
0
0
0
0
4095
0
0
0
0
0
0
0
4095
0
0
0
0
0
0
0
4095
0
0
0
0
0
0
0
4095
0
0
0
0
0
0
0
4095
0
0
0
0
0
0
0
4095
0
0
0
0
0
0
0
4095
0
0
0
0
0
0
0
4095
0
0
0
0
0
0
0
4095
0
0
0
0
0
0
0
4095
0
0
0
0
0
0
0
4095
0
0
0
0
0
0
0
4095
0
0
0
0
0
0
0
4095
0
0
0
0
0
0
0
4095
0
0
0
0
0
0
0
4095
0
0
0
0
0
0
0
4095
0
0
0
0
0
0
0
4095
0
0
0
0
0
0
0
4095
0
0
0
0
0
0
0
4095
0
0
0
0
0
0
0
4095
0
0
0
0
0
0
0
4095
0
0
0
0
0
0
0
4095
0
0
0
0
0
0
0
4095
0
0
0
0
0
0
0
4095
0
0
0
0
0
0
0
4095
0
0
0
0
0
0
0
4095
0
0
0
0
0
0
0
4095
0
0
0
0
0
0
0
4095
0
0
0
0
0
0
0
4095
0
0
0
0
0
0
0
4095
0
0
0
0
0
0
0
4095
0
0
0
0
0
0
0
4095
0
0
0
0
0
0
0
4095
0
0
0
0
0
0
0
4095
0
0
0
0
0
0
0
4095
0
0
0
0
0
0
0
4095
0
0
0
0
0
0
0
4095
0
0
0
0
0
0
0
4095
0
0
0
0
0
0
0
4095
0
0
0
0
0
0
0
4095
0
0
0
0
0
0
0
4095
0
0
0
0
0
0
0
4095
0
0
0
0
0
0
0
4095
0
0
0
0
0
0
0
4095
0
0
0
0
0
0
0
4095
0
0
0
0
0
0
0
4095
0
0
0
0
0
0
0
4095
0
0
0
0
0
0
0
4095
0
0
0
0
0
0
0
4095
0
0
0
0
0
0
0
4095
0
0
0
0
0
0
0
4095
0
0
0
0
0
0
0
4095
0
0
0
0
0
0
0
4095
0
0
0
0
0
0
0
4095
0
0
0
0
0
0
0
4095
0
0
0
0
0
0
0
4095
0
0
0
0
0
0
0
4095
0
0
0
0
0
0
0
4095
0
0
0
0
0
0
0
4095
0
0
0
0
0
0
0
4095
0
0
0
0
0
0
0
4095
0
0
0
0
0
0
0
4095
0
0
0
0
0
0
0
4095
0
0
0
0
0
0
0
4095
0
0
0
0
0
0
0
4095
0
0
0
0
0
0
0
4095
0
0
0
0
0
0
0
4095
0
0
0
0
0
0
0
4095
0
0
0
0
0
0
0
4095
0
0
0
0
0
0
0
4095
0
0
0
0
0
0
0
4095
0
0
0
0
0
0
0
4095
0
0
0
0
0
0
0
4095
0
0
0
0
0
0
0
4095
0
0
0
0
0
0
0
4095
0
0
0
0
0
0
0
4095
0
0
0
0
0
0
0
4095
0
0
0
0
0
0
0
4095
0
0
0
0
0
0
0
4095
0
0
0
0
0
0
0
4095
0
0
0
0
0
0
0
4095
0
0
0
0
0
0
0
4095
0
0
0
0
0
0
0
4095
0
0
0
0
0
0
0
4095
0
0
0
0
0
0
0
4095
0
0
0
0
0
0
0
4095
0
0
0
0
0
0
0
4095
0
0
0
0
0
0
0
4095
0
0
0
0
0
0
0
4095
0
0
0
0
0
0
0
4095
0
0
0
0
0
0
0
4095
0
0
0
0
0
0
0
4095
0
0
0
0
0
0
0
4095
0
0
0
0
0
0
0
4095
0
0
0
0
0
0
0
4095
0
0
0
0
0
0
0
4095
0
0
0
0
0
0
0
4095
0
0
0
0
0
0
0
4095
0
0
0
0
0
0
0
4095
0
0
0
0
0
0
0
4095
0
0
0
0
0
0
0
4095
0
0
0
0
0
0
0
4095
0
0
0
0
0
0
0
4095
0
0
0
0
0
0
0
4095
0
0
0
0
0
0
0
4095
0
0
0
0
0
0
0
4095
0
0
0
0
0
0
0
4095
0
0
0
0
0
0
0
4095
0
0
0
0
0
0
0
4095
0
0
0
0
0
0
0
4095
0
0
0
0
0
0
0
4095
0
0
0
0
0
0
0
4095
0
0
0
0
0
0
0
4095
0
0
0
0
0
0
0
4095
0
0
0
0
0
0
0
4095
0
0
0
0
0
0
0
4095
0
0
0
0
0
0
0
4095
0
0
0
0
0
0
0
4095
0
0
0
0
0
0
0
4095
0
0
0
0
0
0
0
4095
0
0
0
0
0
0
0
4095
0
0
0
0
0
0
0
4095
0
0
0
0
0
0
0
4095
0
0
0
0
0
0
0
4095
0
0
0
0
0
0
0
4095
0
0
0
0
0
0
0
4095
0
0
0
0
0
0
0
4095
0
0
0
0
0
0
0
4095
0
0
0
0
0
0
0
4095
0
0
0
0
0
0
0
4095
0
0
0
0
0
0
0
4095
0
0
0
0
0
0
0
4095
0
0
0
0
0
0
0
4095
0
0
0
0
0
0
0
4095
0
0
0
0
0
0
0
4095
0
0
0
0
0
0
0
4095
0
0
0
0
0
0
0
4095
0
0
0
0
0
0
0
4095
0
0
0
0
0
0
0
4095
0
0
0
0
0
0
0
4095
0
0
0
0
0
0
0
4095
0
0
0
0
0
0
0
4095
0
0
0
0
0
0
0
4095
0
0
0
0
0
0
0
4095
0
0
0
0
0
0
0
4095
0
0
0
0
0
0
0
4095
0
0
0
0
0
0
0
4095
0
0
0
0
0
0
0
4095
0
0
0
0
0
0
0
4095
0
0
0
0
0
0
0
4095
0
0
0
0
0
0
0
4095
0
0
0
0
0
0
0
4095
0
0
0
0
0
0
0
4095
0
0
0
0
0
0
0
4095
0
0
0
0
0
0
0
4095
0
0
0
0
0
0
0
4095
0
0
0
0
0
0
0
4095
0
0
0
0
0
0
0
4095
0
0
0
0
0
0
0
4095
0
0
0
0
0
0
0
4095
0
0
0
0
0
0
0
4095
0
0
0
0
0
0
0
4095
0
0
0
0
0
0
0
4095
0
0
0
0
0
0
0
4095
0
0
0
0
0
0
0
4095
0
0
0
0
0
0
0
4095
0
0
0
0
0
0
0
4095
0
0
0
0
0
0
0
4095
0
0
0
0
0
0
0
4095
0
0
0
0
0
0
0
4095
0
0
0
0
0
0
0
4095
0
0
0
0
0
0
0
4095
0
0
0
0
0
0
0
4095
0
0
0
0
0
0
0
4095
0
0
0
0
0
0
0
4095
0
0
0
0
0
0
0
4095
0
0
0
0
0
0
0
4095
0
0
0
0
0
0
0
4095
0
0
0
0
0
0
0
4095
0
0
0
0
0
0
0
4095
0
0
0
0
0
0
0
4095
0
0
0
0
0
0
0
4095
0
0
0
0
0
0
0
4095
0
0
0
0
0
0
0
4095
0
0
0
0
0
0
0
4095
0
0
0
0
0
0
0
4095
0
0
0
0
0
0
0
4095
0
0
0
0
0
0
0
4095
0
0
0
0
0
0
0
4095
0
0
0
0
0
0
0
4095
0
0
0
0
0
0
0
4095
0
0
0
0
0
0
0
4095
0
0
0
0
0
0
0
4095
0
0
0
0
0
0
0
4095
0
0
0
0
0
0
0
4095
0
0
0
0
0
0
0
4095
0
0
0
0
0
0
0
4095
0
0
0
0
0
0
0
4095
0
0
0
0
0
0
0
4095
0
0
0
0
0
0
0
4095
0
0
0
0
0
0
0
4095
0
0
0
0
0
0
0
4095
0
0
0
0
0
0
0
4095
0
0
0
0
0
0
0
4095
0
0
0
0
0
0
0
4095
0
0
0
0
0
0
0
4095
0
0
0
0
0
0
0
4095
0
0
0
0
0
0
0
4095
0
0
0
0
0
0
0
4095
0
0
0
0
0
0
0
4095
0
0
0
0
0
0
0
4095
0
0
0
0
0
0
0
4095
0
0
0
0
0
0
0
4095
0
0
0
0
0
0
0
4095
0
0
0
0
0
0
0
4095
0
0
0
0
0
0
0
4095
0
0
0
0
0
0
0
4095
0
0
0
0
0
0
0
4095
0
0
0
0
0
0
0
4095
0
0
0
0
0
0
0
4095
0
0
0
0
0
0
0
4095
0
0
0
0
0
0
0
4095
0
0
0
0
0
0
0
4095
0
0
0
0
0
0
0
4095
0
0
0
0
0
0
0
4095
0
0
0
0
0
0
0
4095
0
0
0
0
0
0
0
4095
0
0
0
0
0
0
0
4095
0
0
0
0
0
0
0
4095
0
0
0
0
0
0
0
4095
0
0
0
0
0
0
0
4095
0
0
0
0
0
0
0
4095
0
0
0
0
0
0
0
4095
0
0
0
0
0
0
0
4095
0
0
0
0
0
0
0
4095
0
0
0
0
0
0
0
4095
0
0
0
0
0
0
0
4095
0
0
0
0
0
0
0
4095
0
0
0
0
0
0
0
4095
0
0
0
0
0
0
0
4095
0
0
0
0
0
0
0
4095
0
0
0
0
0
0
0
4095
0
0
0
0
0
0
0
4095
0
0
0
0
0
0
0
4095
0
0
0
0
0
0
0
4095
0
0
0
0
0
0
0
4095
0
0
0
0
0
0
0
4095
0
0
0
0
0
0
0
4095
0
0
0
0
0
0
0
4095
0
0
0
0
0
0
0
4095
0
0
0
0
0
0
0
4095
0
0
0
0
0
0
0
4095
0
0
0
0
0
0
0
4095
0
0
0
0
0
0
0
4095
0
0
0
0
0
0
0
4095
0
0
0
0
0
0
0
4095
0
0
0
0
0
0
0
4095
0
0
0
0
0
0
0
4095
0
0
0
0
0
0
0
4095
0
0
0
0
0
0
0
4095
0
0
0
0
0
0
0
4095
0
0
0
0
0
0
0
4095
0
0
0
0
0
0
0
4095
0
0
0
0
0
0
0
4095
0
0
0
0
0
0
0
4095
0
0
0
0
0
0
0
4095
0
0
0
0
0
0
0
4095
0
0
0
0
0
0
0
4095
0
0
0
0
0
0
0
4095
0
0
0
0
0
0
0
4095
0
0
0
0
0
0
0
4095
0
0
0
0
0
0
0
4095
0
0
0
0
0
0
0
4095
0
0
0
0
0
0
0
4095
0
0
0
0
0
0
0
4095
0
0
0
0
0
0
0
4095
0
0
0
0
0
0
0
4095
0
0
0
0
0
0
0
4095
0
0
0
0
0
0
0
4095
0
0
0
0
0
0
0
4095
0
0
0
0
0
0
0
4095
0
0
0
0
0
0
0
4095
0
0
0
0
0
0
0
4095
0
0
0
0
0
0
0
4095
0
0
0
0
0
0
0
4095
0
0
0
0
0
0
0
4095
0
0
0
0
0
0
0
4095
0
0
0
0
0
0
0
4095
0
0
0
0
0
0
0
4095
0
0
0
0
0
0
0
4095
0
0
0
0
0
0
0
4095
0
0
0
0
0
0
0
4095
0
0
0
0
0
0
0
4095
0
0
0
0
0
0
0
4095
0
0
0
0
0
0
0
4095
0
0
0
0
0
0
0
4095
0
0
0
0
0
0
0
4095
0
0
0
0
0
0
0
4095
0
0
0
0
0
0
0
4095
0
0
0
0
0
0
0
4095
0
0
0
0
0
0
0
4095
0
0
0
0
0
0
0
4095
0
0
0
0
0
0
0
4095
0
0
0
0
0
0
0
4095
0
0
0
0
0
0
0
4095
0
0
0
0
0
0
0
4095
0
0
0
0
0
0
0
4095
0
0
0
0
0
0
0
4095
0
0
0
0
0
0
0
4095
0
0
0
0
0
0
0
4095
0
0
0
0
0
0
0
4095
0
0
0
0
0
0
0
4095
0
0
0
0
0
0
0
4095
0
0
0
0
0
0
0
4095
0
0
0
0
0
0
0
4095
0
0
0
0
0
0
0
4095
0
0
0
0
0
0
0
4095
0
0
0
0
0
0
0
4095
0
0
0
0
0
0
0
4095
0
0
0
0
0
0
0
4095
0
0
0
0
0
0
0
4095
0
0
0
0
0
0
0
4095
0
0
0
0
0
0
0
4095
0
0
0
0
0
0
0
4095
0
0
0
0
0
0
0
4095
0
0
0
0
0
0
0
4095
0
0
0
0
0
0
0
4095
0
0
0
0
0
0
0
4095
0
0
0
0
0
0
0
4095
0
0
0
0
0
0
0
4095
0
0
0
0
0
0
0
4095
0
0
0
0
0
0
0
4095
0
0
0
0
0
0
0
4095
0
0
0
0
0
0
0
4095
0
0
0
0
0
0
0
4095
0
0
0
0
0
0
0
4095
0
0
0
0
0
0
0
4095
0
0
0
0
0
0
0
4095
0
0
0
0
0
0
0
4095
0
0
0
0
0
0
0
4095
0
0
0
0
0
0
0
4095
0
0
0
0
0
0
0
4095
0
0
0
0
0
0
0
4095
0
0
0
0
0
0
0
4095
0
0
0
0
0
0
0
4095
0
0
0
0
0
0
0
4095
0
0
0
0
0
0
0
4095
0
0
0
0
0
0
0
4095
0
0
0
0
0
0
0
4095
0
0
0
0
0
0
0
4095
0
0
0
0
0
0
0
4095
0
0
0
0
0
0
0
4095
0
0
0
0
0
0
0
4095
0
0
0
0
0
0
0
4095
0
0
0
0
0
0
0
4095
0
0
0
0
0
0
0
4095
0
0
0
0
0
0
0
4095
0
0
0
0
0
0
0
4095
0
0
0
0
0
0
0
4095
0
0
0
0
0
0
0
4095
0
0
0
0
0
0
0
4095
0
0
0
0
0
0
0
4095
0
0
0
0
0
0
0
4095
0
0
0
0
0
0
0
4095
0
0
0
0
0
0
0
4095
0
0
0
0
0
0
0
4095
0
0
0
0
0
0
0
4095
0
0
0
0
0
0
0
4095
0
0
0
0
0
0
0
4095
0
0
0
0
0
0
0
4095
0
0
0
0
0
0
0
4095
0
0
0
0
0
0
0
4095
0
0
0
0
0
0
0
4095
0
0
0
0
0
0
0
4095
0
0
0
0
0
0
0
4095
0
0
0
0
0
0
0
4095
0
0
0
0
0
0
0
4095
0
0
0
0
0
0
0
4095
0
0
0
0
0
0
0
4095
0
0
0
0
0
0
0
4095
0
0
0
0
0
0
0
4095
0
0
0
0
0
0
0
4095
0
0
0
0
0
0
0
4095
0
0
0
0
0
0
0
4095
0
0
0
0
0
0
0
4095
0
0
0
0
0
0
0
4095
0
0
0
0
0
0
0
4095
0
0
0
0
0
0
0
4095
0
0
0
0
0
0
0
4095
0
0
0
0
0
0
0
4095
0
0
0
0
0
0
0
4095
0
0
0
0
0
0
0
4095
0
0
0
0
0
0
0
4095
0
0
0
0
0
0
0
4095
0
0
0
0
0
0
0
4095
0
0
0
0
0
0
0
4095
0
0
0
0
0
0
0
4095
0
0
0
0
0
0
0
4095
0
0
0
0
0
0
0
4095
0
0
0
0
0
0
0
4095
0
0
0
0
0
0
0
4095
0
0
0
0
0
0
0
4095
0
0
0
0
0
0
0
4095
0
0
0
0
0
0
0
4095
0
0
0
0
0
0
0
4095
0
0
0
0
0
0
0
4095
0
0
0
0
0
0
0
4095
0
0
0
0
0
0
0
4095
0
0
0
0
0
0
0
4095
0
0
0
0
0
0
0
4095
0
0
0
0
0
0
0
4095
0
0
0
0
0
0
0
4095
0
0
0
0
0
0
0
4095
0
0
0
0
0
0
0
4095
0
0
0
0
0
0
0
4095
0
0
0
0
0
0
0
4095
0
0
0
0
0
0
0
4095
0
0
0
0
0
0
0
4095
0
0
0
0
0
0
0
4095
0
0
0
0
0
0
0
4095
0
0
0
0
0
0
0
4095
0
0
0
0
0
0
0
4095
0
0
0
0
0
0
0
4095
0
0
0
0
0
0
0
4095
0
0
0
0
0
0
0
4095
0
0
0
0
0
0
0
4095
0
0
0
0
0
0
0
4095
0
0
0
0
0
0
0
4095
0
0
0
0
0
0
0
4095
0
0
0
0
0
0
0
4095
0
0
0
0
0
0
0
4095
0
0
0
0
0
0
0
4095
0
0
0
0
0
0
0
4095
0
0
0
0
0
0
0
4095
0
0
0
0
0
0
0
4095
0
0
0
0
0
0
0
4095
0
0
0
0
0
0
0
4095
0
0
0
0
0
0
0
4095
0
0
0
0
0
0
0
4095
0
0
0
0
0
0
0
4095
0
0
0
0
0
0
0
4095
0
0
0
0
0
0
0
4095
0
0
0
0
0
0
0
4095
0
0
0
0
0
0
0
4095
0
0
0
0
0
0
0
4095
0
0
0
0
0
0
0
4095
0
0
0
0
0
0
0
4095
0
0
0
0
0
0
0
4095
0
0
0
0
0
0
0
4095
0
0
0
0
0
0
0
4095
0
0
0
0
0
0
0
4095
0
0
0
0
0
0
0
4095
0
0
0
0
0
0
0
4095
0
0
0
0
0
0
0
4095
0
0
0
0
0
0
0
4095
0
0
0
0
0
0
0
4095
0
0
0
0
0
0
0
4095
0
0
0
0
0
0
0
4095
0
0
0
0
0
0
0
4095
0
0
0
0
0
0
0
4095
0
0
0
0
0
0
0
4095
0
0
0
0
0
0
0
4095
0
0
0
0
0
0
0
4095
0
0
0
0
0
0
0
4095
0
0
0
0
0
0
0
4095
0
0
0
0
0
0
0
4095
0
0
0
0
0
0
0
4095
0
0
0
0
0
0
0
4095
0
0
0
0
0
0
0
4095
0
0
0
0
0
0
0
4095
0
0
0
0
0
0
0
4095
0
0
0
0
0
0
0
4095
0
0
0
0
0
0
0
4095
0
0
0
0
0
0
0
4095
0
0
0
0
0
0
0
4095
0
0
0
0
0
0
0
4095
0
0
0
0
0
0
0
4095
0
0
0
0
0
0
0
4095
0
0
0
0
0
0
0
4095
0
0
0
0
0
0
0
4095
0
0
0
0
0
0
0
4095
0
0
0
0
0
0
0
4095
0
0
0
0
0
0
0
4095
0
0
0
0
0
0
0
4095
0
0
0
0
0
0
0
4095
0
0
0
0
0
0
0
4095
0
0
0
0
0
0
0
4095
0
0
0
0
0
0
0
4095
0
0
0
0
0
0
0
4095
0
0
0
0
0
0
0
4095
0
0
0
0
0
0
0
4095
0
0
0
0
0
0
0
4095
0
0
0
0
0
0
0
4095
0
0
0
0
0
0
0
4095
0
0
0
0
0
0
0
4095
0
0
0
0
0
0
0
4095
0
0
0
0
0
0
0
4095
0
0
0
0
0
0
0
4095
0
0
0
0
0
0
