4095
0
0
0
0
0
0
0
4095
0
0
0
0
0
0
0
4095
0
0
0
0
0
0
0
4095
0
0
0
0
0
0
0
4095
0
0
0
0
0
0
0
4095
0
0
0
0
0
0
0
4095
0
0
0
0
0
0
0
4095
0
0
0
0
0
0
0
4095
0
0
0
0
0
0
0
4095
0
0
0
0
0
0
0
4095
0
0
0
0
0
0
0
4095
0
0
0
0
0
0
0
4095
0
0
0
0
0
0
0
4095
0
0
0
0
0
0
0
4095
0
0
0
0
0
0
0
4095
0
0
0
0
0
0
0
4095
0
0
0
0
0
0
0
4095
0
0
0
0
0
0
0
4095
0
0
0
0
0
0
0
4095
0
0
0
0
0
0
0
4095
0
0
0
0
0
0
0
4095
0
0
0
0
0
0
0
4095
0
0
0
0
0
0
0
4092
4092
0
0
0
0
0
0
4095
4095
0
0
0
0
0
0
4093
4094
0
0
0
0
0
0
4092
4092
0
0
0
0
0
0
4095
0
0
0
0
0
0
0
4092
4092
0
0
0
0
0
0
4095
4095
0
0
0
0
0
0
4094
4095
0
0
0
0
0
0
4091
4090
0
0
0
0
0
0
0
1
0
0
0
0
0
0
4089
4090
0
0
0
0
0
0
4095
4093
0
0
0
0
0
0
0
2
0
0
0
0
0
0
4086
4085
0
0
0
0
0
0
8
7
0
0
0
0
0
0
4085
4089
0
0
0
0
0
0
4095
4089
0
0
0
0
0
0
4
9
0
0
0
0
0
0
4078
4077
0
0
0
0
0
0
13
11
0
0
0
0
0
0
4083
4090
0
0
0
0
0
0
4092
4082
0
0
0
0
0
0
12
20
0
0
0
0
0
0
4069
4069
0
0
0
0
0
0
22
14
0
0
0
0
0
0
4081
0
0
0
0
0
0
0
4085
4071
0
0
0
0
0
0
24
32
0
0
0
0
0
0
4058
4060
0
0
0
0
0
0
27
14
0
0
0
0
0
0
4086
10
0
0
0
0
0
0
4074
4057
0
0
0
0
0
0
40
47
0
0
0
0
0
0
4045
4054
0
0
0
0
0
0
30
9
0
0
0
0
0
0
4094
24
0
0
0
0
0
0
4056
4037
0
0
0
0
0
0
59
62
0
0
0
0
0
0
4034
4051
0
0
0
0
0
0
27
4092
0
0
0
0
0
0
13
46
0
0
0
0
0
0
4034
4013
0
0
0
0
0
0
77
73
0
0
0
0
0
0
4027
4055
0
0
0
0
0
0
18
4073
0
0
0
0
0
0
35
73
0
0
0
0
0
0
4009
3993
0
0
0
0
0
0
95
81
0
0
0
0
0
0
4027
4068
0
0
0
0
0
0
4095
4044
0
0
0
0
0
0
65
104
0
0
0
0
0
0
3980
3972
0
0
0
0
0
0
108
80
0
0
0
0
0
0
4035
4090
0
0
0
0
0
0
4070
4011
0
0
0
0
0
0
99
136
0
0
0
0
0
0
3954
3958
0
0
0
0
0
0
116
70
0
0
0
0
0
0
4052
25
0
0
0
0
0
0
4035
3970
0
0
0
0
0
0
138
168
0
0
0
0
0
0
3930
3951
0
0
0
0
0
0
112
46
0
0
0
0
0
0
4082
69
0
0
0
0
0
0
3992
3926
0
0
0
0
0
0
176
194
0
0
0
0
0
0
3914
3956
0
0
0
0
0
0
98
12
0
0
0
0
0
0
25
120
0
0
0
0
0
0
3942
3881
0
0
0
0
0
0
211
210
0
0
0
0
0
0
3908
3975
0
0
0
0
0
0
69
4058
0
0
0
0
0
0
77
178
0
0
0
0
0
0
3888
3839
0
0
0
0
0
0
242
215
0
0
0
0
0
0
3915
4009
0
0
0
0
0
0
26
3999
0
0
0
0
0
0
138
237
0
0
0
0
0
0
3837
3807
0
0
0
0
0
0
262
205
0
0
0
0
0
0
3938
4060
0
0
0
0
0
0
4064
3929
0
0
0
0
0
0
205
296
0
0
0
0
0
0
3787
3784
0
0
0
0
0
0
267
178
0
0
0
0
0
0
3978
31
0
0
0
0
0
0
3994
3852
0
0
0
0
0
0
277
351
0
0
0
0
0
0
3749
3780
0
0
0
0
0
0
254
128
0
0
0
0
0
0
4038
112
0
0
0
0
0
0
3913
3772
0
0
0
0
0
0
344
392
0
0
0
0
0
0
3726
3797
0
0
0
0
0
0
221
60
0
0
0
0
0
0
20
206
0
0
0
0
0
0
3824
3695
0
0
0
0
0
0
405
418
0
0
0
0
0
0
3722
3837
0
0
0
0
0
0
166
4067
0
0
0
0
0
0
111
306
0
0
0
0
0
0
3734
3628
0
0
0
0
0
0
451
421
0
0
0
0
0
0
3740
3900
0
0
0
0
0
0
89
3961
0
0
0
0
0
0
217
407
0
0
0
0
0
0
3648
3576
0
0
0
0
0
0
480
398
0
0
0
0
0
0
3785
3991
0
0
0
0
0
0
4086
3842
0
0
0
0
0
0
328
504
0
0
0
0
0
0
3572
3546
0
0
0
0
0
0
485
347
0
0
0
0
0
0
3855
6
0
0
0
0
0
0
3969
3717
0
0
0
0
0
0
441
586
0
0
0
0
0
0
3514
3544
0
0
0
0
0
0
462
265
0
0
0
0
0
0
3952
138
0
0
0
0
0
0
3838
3592
0
0
0
0
0
0
549
652
0
0
0
0
0
0
3479
3571
0
0
0
0
0
0
407
156
0
0
0
0
0
0
4075
284
0
0
0
0
0
0
3700
3472
0
0
0
0
0
0
641
688
0
0
0
0
0
0
3473
3633
0
0
0
0
0
0
319
16
0
0
0
0
0
0
122
440
0
0
0
0
0
0
3561
3370
0
0
0
0
0
0
713
693
0
0
0
0
0
0
3501
3733
0
0
0
0
0
0
201
3951
0
0
0
0
0
0
282
593
0
0
0
0
0
0
3432
3292
0
0
0
0
0
0
756
658
0
0
0
0
0
0
3568
3868
0
0
0
0
0
0
53
3774
0
0
0
0
0
0
450
738
0
0
0
0
0
0
3318
3246
0
0
0
0
0
0
765
584
0
0
0
0
0
0
3670
4033
0
0
0
0
0
0
3975
3587
0
0
0
0
0
0
616
862
0
0
0
0
0
0
3231
3239
0
0
0
0
0
0
730
464
0
0
0
0
0
0
3811
128
0
0
0
0
0
0
3785
3402
0
0
0
0
0
0
771
956
0
0
0
0
0
0
3177
3277
0
0
0
0
0
0
655
308
0
0
0
0
0
0
3987
340
0
0
0
0
0
0
3586
3231
0
0
0
0
0
0
909
1014
0
0
0
0
0
0
3166
3365
0
0
0
0
0
0
534
112
0
0
0
0
0
0
94
560
0
0
0
0
0
0
3389
3083
0
0
0
0
0
0
1013
1023
0
0
0
0
0
0
3203
3500
0
0
0
0
0
0
369
3982
0
0
0
0
0
0
316
777
0
0
0
0
0
0
3204
2968
0
0
0
0
0
0
1079
982
0
0
0
0
0
0
3288
3684
0
0
0
0
0
0
168
3736
0
0
0
0
0
0
550
982
0
0
0
0
0
0
3043
2898
0
0
0
0
0
0
1096
884
0
0
0
0
0
0
3425
3907
0
0
0
0
0
0
4028
3480
0
0
0
0
0
0
780
1157
0
0
0
0
0
0
2916
2881
0
0
0
0
0
0
1058
731
0
0
0
0
0
0
3613
72
0
0
0
0
0
0
3772
3228
0
0
0
0
0
0
998
1294
0
0
0
0
0
0
2836
2924
0
0
0
0
0
0
965
524
0
0
0
0
0
0
3842
354
0
0
0
0
0
0
3502
2990
0
0
0
0
0
0
1187
1379
0
0
0
0
0
0
2813
3031
0
0
0
0
0
0
811
269
0
0
0
0
0
0
14
649
0
0
0
0
0
0
3236
2785
0
0
0
0
0
0
1335
1403
0
0
0
0
0
0
2848
3201
0
0
0
0
0
0
602
4071
0
0
0
0
0
0
307
940
0
0
0
0
0
0
2985
2623
0
0
0
0
0
0
1432
1361
0
0
0
0
0
0
2952
3433
0
0
0
0
0
0
342
3749
0
0
0
0
0
0
614
1214
0
0
0
0
0
0
2765
2518
0
0
0
0
0
0
1467
1246
0
0
0
0
0
0
3119
3719
0
0
0
0
0
0
41
3413
0
0
0
0
0
0
918
1452
0
0
0
0
0
0
2592
2484
0
0
0
0
0
0
1433
1060
0
0
0
0
0
0
3349
4047
0
0
0
0
0
0
3806
3081
0
0
0
0
0
0
1205
1641
0
0
0
0
0
0
2474
2522
0
0
0
0
0
0
1326
807
0
0
0
0
0
0
3637
314
0
0
0
0
0
0
3461
2770
0
0
0
0
0
0
1457
1766
0
0
0
0
0
0
2427
2643
0
0
0
0
0
0
1145
490
0
0
0
0
0
0
3971
690
0
0
0
0
0
0
3118
2496
0
0
0
0
0
0
1659
1815
0
0
0
0
0
0
2456
2842
0
0
0
0
0
0
892
125
0
0
0
0
0
0
244
1065
0
0
0
0
0
0
2793
2277
0
0
0
0
0
0
1799
1781
0
0
0
0
0
0
2566
3119
0
0
0
0
0
0
578
3820
0
0
0
0
0
0
628
1417
0
0
0
0
0
0
2506
2129
0
0
0
0
0
0
1862
1659
0
0
0
0
0
0
2758
3463
0
0
0
0
0
0
211
3400
0
0
0
0
0
0
1012
1727
0
0
0
0
0
0
2272
2063
0
0
0
0
0
0
1840
1446
0
0
0
0
0
0
3029
3864
0
0
0
0
0
0
3901
2984
0
0
0
0
0
0
1377
1980
0
0
0
0
0
0
2108
2088
0
0
0
0
0
0
1729
1150
0
0
0
0
0
0
3369
209
0
0
0
0
0
0
3477
2589
0
0
0
0
0
0
1702
2155
0
0
0
0
0
0
2028
2212
0
0
0
0
0
0
1528
778
0
0
0
0
0
0
3769
670
0
0
0
0
0
0
3050
2239
0
0
0
0
0
0
1968
2240
0
0
0
0
0
0
2037
2432
0
0
0
0
0
0
1240
342
0
0
0
0
0
0
116
1132
0
0
0
0
0
0
2645
1951
0
0
0
0
0
0
2159
2225
0
0
0
0
0
0
2147
2748
0
0
0
0
0
0
875
3959
0
0
0
0
0
0
581
1570
0
0
0
0
0
0
2281
1746
0
0
0
0
0
0
2261
2105
0
0
0
0
0
0
2355
3145
0
0
0
0
0
0
444
3455
0
0
0
0
0
0
1050
1964
0
0
0
0
0
0
1979
1638
0
0
0
0
0
0
2262
1876
0
0
0
0
0
0
2656
3613
0
0
0
0
0
0
4061
2947
0
0
0
0
0
0
1498
2288
0
0
0
0
0
0
1758
1639
0
0
0
0
0
0
2159
1547
0
0
0
0
0
0
3046
37
0
0
0
0
0
0
3556
2464
0
0
0
0
0
0
1901
2524
0
0
0
0
0
0
1633
1756
0
0
0
0
0
0
1947
1123
0
0
0
0
0
0
3505
583
0
0
0
0
0
0
3046
2030
0
0
0
0
0
0
2239
2657
0
0
0
0
0
0
1615
1986
0
0
0
0
0
0
1633
626
0
0
0
0
0
0
4019
1134
0
0
0
0
0
0
2556
1666
0
0
0
0
0
0
2494
2673
0
0
0
0
0
0
1712
2330
0
0
0
0
0
0
1224
70
0
0
0
0
0
0
468
1662
0
0
0
0
0
0
2108
1394
0
0
0
0
0
0
2645
2566
0
0
0
0
0
0
1924
2773
0
0
0
0
0
0
738
3578
0
0
0
0
0
0
1021
2142
0
0
0
0
0
0
1730
1233
0
0
0
0
0
0
2682
2333
0
0
0
0
0
0
2248
3299
0
0
0
0
0
0
191
2982
0
0
0
0
0
0
1553
2546
0
0
0
0
0
0
1444
1198
0
0
0
0
0
0
2596
1982
0
0
0
0
0
0
2673
3890
0
0
0
0
0
0
3703
2407
0
0
0
0
0
0
2042
2855
0
0
0
0
0
0
1263
1293
0
0
0
0
0
0
2386
1520
0
0
0
0
0
0
3184
423
0
0
0
0
0
0
3109
1883
0
0
0
0
0
0
2460
3045
0
0
0
0
0
0
1205
1521
0
0
0
0
0
0
2056
969
0
0
0
0
0
0
3762
1061
0
0
0
0
0
0
2533
1436
0
0
0
0
0
0
2783
3105
0
0
0
0
0
0
1277
1880
0
0
0
0
0
0
1616
346
0
0
0
0
0
0
287
1680
0
0
0
0
0
0
2003
1091
0
0
0
0
0
0
2994
3024
0
0
0
0
0
0
1482
2355
0
0
0
0
0
0
1083
3774
0
0
0
0
0
0
920
2251
0
0
0
0
0
0
1543
867
0
0
0
0
0
0
3077
2801
0
0
0
0
0
0
1815
2931
0
0
0
0
0
0
476
3094
0
0
0
0
0
0
1539
2741
0
0
0
0
0
0
1182
782
0
0
0
0
0
0
3021
2440
0
0
0
0
0
0
2265
3584
0
0
0
0
0
0
3918
2429
0
0
0
0
0
0
2113
3127
0
0
0
0
0
0
939
845
0
0
0
0
0
0
2826
1954
0
0
0
0
0
0
2819
191
0
0
0
0
0
0
3247
1816
0
0
0
0
0
0
2611
3383
0
0
0
0
0
0
830
1057
0
0
0
0
0
0
2493
1357
0
0
0
0
0
0
3451
912
0
0
0
0
0
0
2587
1281
0
0
0
0
0
0
3012
3497
0
0
0
0
0
0
866
1418
0
0
0
0
0
0
2035
679
0
0
0
0
0
0
40
1619
0
0
0
0
0
0
1971
854
0
0
0
0
0
0
3289
3456
0
0
0
0
0
0
1049
1611
0
0
0
0
0
0
1556
4001
0
0
0
0
0
0
986
2901
0
0
0
0
0
0
822
713
0
0
0
0
0
0
3489
3353
0
0
0
0
0
0
912
852
0
0
0
0
0
0
2383
3009
0
0
0
0
0
0
1716
3463
0
0
0
0
0
0
1149
667
0
0
0
0
0
0
3495
3295
0
0
0
0
0
0
1454
1651
0
0
0
0
0
0
1673
2263
0
0
0
0
0
0
2761
3165
0
0
0
0
0
0
831
665
0
0
0
0
0
0
3495
2857
0
0
0
0
0
0
426
2653
0
0
0
0
0
0
3144
1189
0
0
0
0
0
0
3293
3503
0
0
0
0
0
0
587
758
0
0
0
0
0
0
3399
3755
0
0
0
0
0
0
1433
997
0
0
0
0
0
0
1821
743
0
0
0
0
0
0
3620
3448
0
0
0
0
0
0
427
561
0
0
0
0
0
0
3017
2692
0
0
0
0
0
0
2501
2372
0
0
0
0
0
0
1142
243
0
0
0
0
0
0
3345
3599
0
0
0
0
0
0
396
1006
0
0
0
0
0
0
3868
1603
0
0
0
0
0
0
3301
3097
0
0
0
0
0
0
898
738
0
0
0
0
0
0
3643
3541
0
0
0
0
0
0
484
118
0
0
0
0
0
0
3146
745
0
0
0
0
0
0
2212
3382
0
0
0
0
0
0
426
501
0
0
0
0
0
0
3824
3743
0
0
0
0
0
0
861
895
0
0
0
0
0
0
1848
1782
0
0
0
0
0
0
2893
3886
0
0
0
0
0
0
588
233
0
0
0
0
0
0
3874
3303
0
0
0
0
0
0
3942
2246
0
0
0
0
0
0
923
1052
0
0
0
0
0
0
3413
4061
0
0
0
0
0
0
345
369
0
0
0
0
0
0
3876
184
0
0
0
0
0
0
749
3193
0
0
0
0
0
0
3598
489
0
0
0
0
0
0
3721
3690
0
0
0
0
0
0
90
315
0
0
0
0
0
0
3436
3406
0
0
0
0
0
0
1764
578
0
0
0
0
0
0
1233
147
0
0
0
0
0
0
91
3867
0
0
0
0
0
0
59
563
0
0
0
0
0
0
352
2330
0
0
0
0
0
0
2919
2990
0
0
0
0
0
0
713
4067
0
0
0
0
0
0
3839
3896
0
0
0
0
0
0
23
3688
0
0
0
0
0
0
3706
1120
0
0
0
0
0
0
370
3556
0
0
0
0
0
0
369
302
0
0
0
0
0
0
27
3968
0
0
0
0
0
0
455
474
0
0
0
0
0
0
2511
3648
0
0
0
0
0
0
2761
3938
0
0
0
0
0
0
3961
93
0
0
0
0
0
0
86
3733
0
0
0
0
0
0
3533
1560
0
0
0
0
0
0
1332
1199
0
0
0
0
0
0
3318
59
0
0
0
0
0
0
177
36
0
0
0
0
0
0
141
612
0
0
0
0
0
0
184
2794
0
0
0
0
0
0
3859
598
0
0
0
0
0
0
3698
3860
0
0
0
0
0
0
3955
4037
0
0
0
0
0
0
3894
3913
0
0
0
0
0
0
1392
292
0
0
0
0
0
0
1438
178
0
0
0
0
0
0
141
7
0
0
0
0
0
0
4010
401
0
0
0
0
0
0
758
2733
0
0
0
0
0
0
2580
2769
0
0
0
0
0
0
849
4018
0
0
0
0
0
0
491
4049
0
0
0
0
0
0
3803
3264
0
0
0
0
0
0
5
1481
0
0
0
0
0
0
77
3405
0
0
0
0
0
0
196
3650
0
0
0
0
0
0
198
202
0
0
0
0
0
0
18
4062
0
0
0
0
0
0
2888
3960
0
0
0
0
0
0
910
2
0
0
0
0
0
0
3921
4014
0
0
0
0
0
0
192
3870
0
0
0
0
0
0
3145
1155
0
0
0
0
0
0
1989
3070
0
0
0
0
0
0
3176
89
0
0
0
0
0
0
3572
4019
0
0
0
0
0
0
425
1021
0
0
0
0
0
0
3889
2116
0
0
0
0
0
0
169
754
0
0
0
0
0
0
3827
459
0
0
0
0
0
0
3999
3804
0
0
0
0
0
0
139
227
0
0
0
0
0
0
841
3991
0
0
0
0
0
0
3315
64
0
0
0
0
0
0
134
132
0
0
0
0
0
0
3805
52
0
0
0
0
0
0
1193
3227
0
0
0
0
0
0
1918
868
0
0
0
0
0
0
1026
4037
0
0
0
0
0
0
518
161
0
0
0
0
0
0
3545
2886
0
0
0
0
0
0
384
2169
0
0
0
0
0
0
3747
3209
0
0
0
0
0
0
348
3631
0
0
0
0
0
0
126
407
0
0
0
0
0
0
3807
3669
0
0
0
0
0
0
3437
283
0
0
0
0
0
0
618
3928
0
0
0
0
0
0
4083
4012
0
0
0
0
0
0
355
90
0
0
0
0
0
0
2733
663
0
0
0
0
0
0
2357
3386
0
0
0
0
0
0
3069
229
0
0
0
0
0
0
3599
3864
0
0
0
0
0
0
500
1130
0
0
0
0
0
0
3521
1720
0
0
0
0
0
0
521
1023
0
0
0
0
0
0
3634
429
0
0
0
0
0
0
3324
3722
0
0
0
0
0
0
394
612
0
0
0
0
0
0
466
3616
0
0
0
0
0
0
3636
276
0
0
0
0
0
0
164
709
0
0
0
0
0
0
3706
3884
0
0
0
0
0
0
1503
3619
0
0
0
0
0
0
1545
523
0
0
0
0
0
0
2778
3707
0
0
0
0
0
0
476
248
0
0
0
0
0
0
3512
2805
0
0
0
0
0
0
731
2567
0
0
0
0
0
0
2758
3047
0
0
0
0
0
0
567
3720
0
0
0
0
0
0
752
442
0
0
0
0
0
0
3590
3304
0
0
0
0
0
0
4035
1293
0
0
0
0
0
0
296
3690
0
0
0
0
0
0
4022
3399
0
0
0
0
0
0
402
311
0
0
0
0
0
0
2457
285
0
0
0
0
0
0
2728
3749
0
0
0
0
0
0
1148
272
0
0
0
0
0
0
3682
3825
0
0
0
0
0
0
626
1415
0
0
0
0
0
0
3208
1328
0
0
0
0
0
0
1815
2827
0
0
0
0
0
0
3415
324
0
0
0
0
0
0
3378
3600
0
0
0
0
0
0
577
938
0
0
0
0
0
0
3982
2299
0
0
0
0
0
0
4064
516
0
0
0
0
0
0
4046
643
0
0
0
0
0
0
3692
3694
0
0
0
0
0
0
128
120
0
0
0
0
0
0
980
102
0
0
0
0
0
0
3105
3945
0
0
0
0
0
0
316
254
0
0
0
0
0
0
3734
77
0
0
0
0
0
0
1051
2981
0
0
0
0
0
0
2089
1080
0
0
0
0
0
0
829
3866
0
0
0
0
0
0
649
514
0
0
0
0
0
0
3450
3011
0
0
0
0
0
0
262
1984
0
0
0
0
0
0
3935
3405
0
0
0
0
0
0
179
3515
0
0
0
0
0
0
365
450
0
0
0
0
0
0
3871
3808
0
0
0
0
0
0
3279
86
0
0
0
0
0
0
802
4092
0
0
0
0
0
0
3886
3873
0
0
0
0
0
0
358
6
0
0
0
0
0
0
2847
838
0
0
0
0
0
0
2178
3200
0
0
0
0
0
0
3091
102
0
0
0
0
0
0
3525
3877
0
0
0
0
0
0
442
994
0
0
0
0
0
0
3677
1911
0
0
0
0
0
0
339
865
0
0
0
0
0
0
3755
480
0
0
0
0
0
0
3946
3666
0
0
0
0
0
0
289
425
0
0
0
0
0
0
649
3805
0
0
0
0
0
0
3470
162
0
0
0
0
0
0
4094
65
0
0
0
0
0
0
3750
4013
0
0
0
0
0
0
1339
3416
0
0
0
0
0
0
1735
694
0
0
0
0
0
0
1037
3891
0
0
0
0
0
0
451
180
0
0
0
0
0
0
3633
2994
0
0
0
0
0
0
536
2362
0
0
0
0
0
0
3564
3032
0
0
0
0
0
0
500
3726
0
0
0
0
0
0
691
291
0
0
0
0
0
0
3766
3526
0
0
0
0
0
0
3587
477
0
0
0
0
0
0
427
3745
0
0
0
0
0
0
146
15
0
0
0
0
0
0
292
118
0
0
0
0
0
0
2672
516
0
0
0
0
0
0
2519
3598
0
0
0
0
0
0
2865
36
0
0
0
0
0
0
3765
3963
0
0
0
0
0
0
441
1171
0
0
0
0
0
0
3445
1549
0
0
0
0
0
0
1332
1115
0
0
0
0
0
0
3421
216
0
0
0
0
0
0
3498
3817
0
0
0
0
0
0
344
673
0
0
0
0
0
0
129
2793
0
0
0
0
0
0
3833
522
0
0
0
0
0
0
4014
493
0
0
0
0
0
0
3882
3964
0
0
0
0
0
0
3954
3948
0
0
0
0
0
0
1376
306
0
0
0
0
0
0
1416
136
0
0
0
0
0
0
176
46
0
0
0
0
0
0
3984
380
0
0
0
0
0
0
767
2736
0
0
0
0
0
0
2582
2769
0
0
0
0
0
0
856
4031
0
0
0
0
0
0
467
4023
0
0
0
0
0
0
3836
3289
0
0
0
0
0
0
4078
1479
0
0
0
0
0
0
65
3363
0
0
0
0
0
0
253
3729
0
0
0
0
0
0
4039
56
0
0
0
0
0
0
94
17
0
0
0
0
0
0
2857
3983
0
0
0
0
0
0
863
3998
0
0
0
0
0
0
20
157
0
0
0
0
0
0
47
3742
0
0
0
0
0
0
3254
1202
0
0
0
0
0
0
1676
1529
0
0
0
0
0
0
3175
121
0
0
0
0
0
0
3770
138
0
0
0
0
0
0
226
868
0
0
0
0
0
0
4003
2432
0
0
0
0
0
0
739
794
0
0
0
0
0
0
3656
200
0
0
0
0
0
0
166
4065
0
0
0
0
0
0
4003
78
0
0
0
0
0
0
1100
4007
0
0
0
0
0
0
3422
295
0
0
0
0
0
0
3890
3806
0
0
0
0
0
0
30
340
0
0
0
0
0
0
881
3025
0
0
0
0
0
0
2254
2350
0
0
0
0
0
0
1114
62
0
0
0
0
0
0
158
3858
0
0
0
0
0
0
3912
3175
0
0
0
0
0
0
166
1823
0
0
0
0
0
0
3171
3080
0
0
0
0
0
0
631
4061
0
0
0
0
0
0
3789
4065
0
0
0
0
0
0
97
3924
0
0
0
0
0
0
3342
897
0
0
0
0
0
0
487
3591
0
0
0
0
0
0
390
429
0
0
0
0
0
0
3953
3732
0
0
0
0
0
0
699
709
0
0
0
0
0
0
2013
1927
0
0
0
0
0
0
2771
3821
0
0
0
0
0
0
10
346
0
0
0
0
0
0
3901
3421
0
0
0
0
0
0
3823
2081
0
0
0
0
0
0
1089
1225
0
0
0
0
0
0
3249
3934
0
0
0
0
0
0
454
404
0
0
0
0
0
0
3866
263
0
0
0
0
0
0
646
3013
0
0
0
0
0
0
2806
815
0
0
0
0
0
0
3475
3505
0
0
0
0
0
0
430
458
0
0
0
0
0
0
3399
3484
0
0
0
0
0
0
1705
1334
0
0
0
0
0
0
1507
471
0
0
0
0
0
0
3815
3515
0
0
0
0
0
0
278
665
0
0
0
0
0
0
2792
2383
0
0
0
0
0
0
2807
2665
0
0
0
0
0
0
1146
745
0
0
0
0
0
0
3474
3591
0
0
0
0
0
0
578
1299
0
0
0
0
0
0
3559
1278
0
0
0
0
0
0
1100
3052
0
0
0
0
0
0
824
768
0
0
0
0
0
0
3515
3267
0
0
0
0
0
0
798
486
0
0
0
0
0
0
2502
2948
0
0
0
0
0
0
2380
3394
0
0
0
0
0
0
1100
589
0
0
0
0
0
0
3540
3332
0
0
0
0
0
0
1269
1585
0
0
0
0
0
0
1432
1639
0
0
0
0
0
0
2731
3131
0
0
0
0
0
0
872
711
0
0
0
0
0
0
3361
2722
0
0
0
0
0
0
2076
2418
0
0
0
0
0
0
3198
1245
0
0
0
0
0
0
3191
3363
0
0
0
0
0
0
602
671
0
0
0
0
0
0
2944
1749
0
0
0
0
0
0
1541
887
0
0
0
0
0
0
2530
780
0
0
0
0
0
0
2933
3560
0
0
0
0
0
0
688
1105
0
0
0
0
0
0
2262
971
0
0
0
0
0
0
3854
1348
0
0
0
0
0
0
2211
1013
0
0
0
0
0
0
3172
3466
0
0
0
0
0
0
1001
1733
0
0
0
0
0
0
1670
237
0
0
0
0
0
0
451
1964
0
0
0
0
0
0
1721
783
0
0
0
0
0
0
3248
3213
0
0
0
0
0
0
1368
2355
0
0
0
0
0
0
1023
3613
0
0
0
0
0
0
1096
2470
0
0
0
0
0
0
1356
708
0
0
0
0
0
0
3177
2828
0
0
0
0
0
0
1840
3029
0
0
0
0
0
0
355
2941
0
0
0
0
0
0
1672
2848
0
0
0
0
0
0
1123
784
0
0
0
0
0
0
2971
2334
0
0
0
0
0
0
2396
3727
0
0
0
0
0
0
3792
2345
0
0
0
0
0
0
2149
3087
0
0
0
0
0
0
1031
1001
0
0
0
0
0
0
2642
1756
0
0
0
0
0
0
3000
315
0
0
0
0
0
0
3174
1850
0
0
0
0
0
0
2513
3180
0
0
0
0
0
0
1075
1346
0
0
0
0
0
0
2208
1124
0
0
0
0
0
0
3630
957
0
0
0
0
0
0
2620
1474
0
0
0
0
0
0
2752
3129
0
0
0
0
0
0
1251
1797
0
0
0
0
0
0
1699
471
0
0
0
0
0
0
157
1531
0
0
0
0
0
0
2157
1230
0
0
0
0
0
0
2859
2945
0
0
0
0
0
0
1546
2332
0
0
0
0
0
0
1135
3920
0
0
0
0
0
0
746
2012
0
0
0
0
0
0
1797
1121
0
0
0
0
0
0
2836
2638
0
0
0
0
0
0
1936
2916
0
0
0
0
0
0
547
3310
0
0
0
0
0
0
1274
2381
0
0
0
0
0
0
1554
1147
0
0
0
0
0
0
2690
2229
0
0
0
0
0
0
2404
3527
0
0
0
0
0
0
4058
2764
0
0
0
0
0
0
1723
2630
0
0
0
0
0
0
1436
1303
0
0
0
0
0
0
2432
1742
0
0
0
0
0
0
2927
39
0
0
0
0
0
0
3501
2300
0
0
0
0
0
0
2072
2749
0
0
0
0
0
0
1439
1573
0
0
0
0
0
0
2078
1200
0
0
0
0
0
0
3472
614
0
0
0
0
0
0
2999
1940
0
0
0
0
0
0
2314
2743
0
0
0
0
0
0
1560
1941
0
0
0
0
0
0
1651
634
0
0
0
0
0
0
4018
1132
0
0
0
0
0
0
2571
1692
0
0
0
0
0
0
2442
2615
0
0
0
0
0
0
1786
2385
0
0
0
0
0
0
1174
69
0
0
0
0
0
0
443
1574
0
0
0
0
0
0
2233
1563
0
0
0
0
0
0
2455
2380
0
0
0
0
0
0
2101
2880
0
0
0
0
0
0
671
3627
0
0
0
0
0
0
915
1921
0
0
0
0
0
0
1995
1555
0
0
0
0
0
0
2358
2051
0
0
0
0
0
0
2487
3401
0
0
0
0
0
0
166
3140
0
0
0
0
0
0
1322
2166
0
0
0
0
0
0
1861
1655
0
0
0
0
0
0
2163
1650
0
0
0
0
0
0
2921
3924
0
0
0
0
0
0
3777
2721
0
0
0
0
0
0
1647
2301
0
0
0
0
0
0
1835
1860
0
0
0
0
0
0
1883
1200
0
0
0
0
0
0
3383
329
0
0
0
0
0
0
3334
2388
0
0
0
0
0
0
1878
2324
0
0
0
0
0
0
1909
2149
0
0
0
0
0
0
1538
724
0
0
0
0
0
0
3847
782
0
0
0
0
0
0
2953
2152
0
0
0
0
0
0
2014
2245
0
0
0
0
0
0
2077
2510
0
0
0
0
0
0
1145
245
0
0
0
0
0
0
199
1175
0
0
0
0
0
0
2646
2015
0
0
0
0
0
0
2050
2069
0
0
0
0
0
0
2323
2915
0
0
0
0
0
0
725
3880
0
0
0
0
0
0
608
1488
0
0
0
0
0
0
2422
1980
0
0
0
0
0
0
1994
1815
0
0
0
0
0
0
2632
3348
0
0
0
0
0
0
302
3460
0
0
0
0
0
0
963
1716
0
0
0
0
0
0
2288
2041
0
0
0
0
0
0
1853
1496
0
0
0
0
0
0
2984
3785
0
0
0
0
0
0
3990
3097
0
0
0
0
0
0
1252
1852
0
0
0
0
0
0
2243
2188
0
0
0
0
0
0
1639
1132
0
0
0
0
0
0
3362
108
0
0
0
0
0
0
3613
2803
0
0
0
0
0
0
1464
1896
0
0
0
0
0
0
2284
2412
0
0
0
0
0
0
1367
743
0
0
0
0
0
0
3743
493
0
0
0
0
0
0
3286
2587
0
0
0
0
0
0
1594
1850
0
0
0
0
0
0
2402
2691
0
0
0
0
0
0
1054
351
0
0
0
0
0
0
19
826
0
0
0
0
0
0
3018
2454
0
0
0
0
0
0
1645
1727
0
0
0
0
0
0
2586
3014
0
0
0
0
0
0
716
4068
0
0
0
0
0
0
361
1100
0
0
0
0
0
0
2820
2405
0
0
0
0
0
0
1619
1537
0
0
0
0
0
0
2825
3360
0
0
0
0
0
0
374
3719
0
0
0
0
0
0
658
1301
0
0
0
0
0
0
2695
2437
0
0
0
0
0
0
1520
1291
0
0
0
0
0
0
3101
3711
0
0
0
0
0
0
42
3415
0
0
0
0
0
0
903
1426
0
0
0
0
0
0
2642
2539
0
0
0
0
0
0
1361
1006
0
0
0
0
0
0
3399
4050
0
0
0
0
0
0
3831
3167
0
0
0
0
0
0
1086
1478
0
0
0
0
0
0
2658
2702
0
0
0
0
0
0
1154
702
0
0
0
0
0
0
3703
267
0
0
0
0
0
0
3562
2981
0
0
0
0
0
0
1204
1458
0
0
0
0
0
0
2740
2915
0
0
0
0
0
0
915
392
0
0
0
0
0
0
3998
541
0
0
0
0
0
0
3341
2863
0
0
0
0
0
0
1258
1374
0
0
0
0
0
0
2873
3163
0
0
0
0
0
0
655
92
0
0
0
0
0
0
174
763
0
0
0
0
0
0
3174
2811
0
0
0
0
0
0
1249
1236
0
0
0
0
0
0
3051
3429
0
0
0
0
0
0
387
3912
0
0
0
0
0
0
414
931
0
0
0
0
0
0
3066
2824
0
0
0
0
0
0
1184
1053
0
0
0
0
0
0
3257
3698
0
0
0
0
0
0
129
3669
0
0
0
0
0
0
609
1039
0
0
0
0
0
0
3014
2891
0
0
0
0
0
0
1071
841
0
0
0
0
0
0
3483
3961
0
0
0
0
0
0
3986
3471
0
0
0
0
0
0
758
1090
0
0
0
0
0
0
3017
3007
0
0
0
0
0
0
920
611
0
0
0
0
0
0
3714
107
0
0
0
0
0
0
3776
3322
0
0
0
0
0
0
856
1084
0
0
0
0
0
0
3069
3161
0
0
0
0
0
0
743
377
0
0
0
0
0
0
3938
318
0
0
0
0
0
0
3604
3225
0
0
0
0
0
0
906
1030
0
0
0
0
0
0
3163
3343
0
0
0
0
0
0
551
152
0
0
0
0
0
0
49
492
0
0
0
0
0
0
3474
3178
0
0
0
0
0
0
905
933
0
0
0
0
0
0
3290
3539
0
0
0
0
0
0
353
4040
0
0
0
0
0
0
229
621
0
0
0
0
0
0
3387
3179
0
0
0
0
0
0
864
803
0
0
0
0
0
0
3440
3737
0
0
0
0
0
0
163
3859
0
0
0
0
0
0
377
707
0
0
0
0
0
0
3344
3224
0
0
0
0
0
0
786
651
0
0
0
0
0
0
3603
3930
0
0
0
0
0
0
4083
3711
0
0
0
0
0
0
488
747
0
0
0
0
0
0
3341
3305
0
0
0
0
0
0
681
487
0
0
0
0
0
0
3769
9
0
0
0
0
0
0
3931
3601
0
0
0
0
0
0
563
748
0
0
0
0
0
0
3377
3413
0
0
0
0
0
0
555
320
0
0
0
0
0
0
3927
160
0
0
0
0
0
0
3805
3527
0
0
0
0
0
0
600
711
0
0
0
0
0
0
3440
3539
0
0
0
0
0
0
420
160
0
0
0
0
0
0
4075
285
0
0
0
0
0
0
3711
3491
0
0
0
0
0
0
603
647
0
0
0
0
0
0
3526
3673
0
0
0
0
0
0
283
15
0
0
0
0
0
0
105
376
0
0
0
0
0
0
3649
3491
0
0
0
0
0
0
577
559
0
0
0
0
0
0
3628
3809
0
0
0
0
0
0
152
3985
0
0
0
0
0
0
206
436
0
0
0
0
0
0
3619
3519
0
0
0
0
0
0
525
455
0
0
0
0
0
0
3738
3940
0
0
0
0
0
0
33
3886
0
0
0
0
0
0
284
464
0
0
0
0
0
0
3616
3574
0
0
0
0
0
0
454
345
0
0
0
0
0
0
3848
4057
0
0
0
0
0
0
4028
3811
0
0
0
0
0
0
332
465
0
0
0
0
0
0
3639
3645
0
0
0
0
0
0
372
236
0
0
0
0
0
0
3955
63
0
0
0
0
0
0
3947
3764
0
0
0
0
0
0
357
441
0
0
0
0
0
0
3682
3727
0
0
0
0
0
0
284
134
0
0
0
0
0
0
4050
142
0
0
0
0
0
0
3887
3742
0
0
0
0
0
0
357
397
0
0
0
0
0
0
3738
3815
0
0
0
0
0
0
196
40
0
0
0
0
0
0
33
199
0
0
0
0
0
0
3850
3743
0
0
0
0
0
0
338
342
0
0
0
0
0
0
3803
3901
0
0
0
0
0
0
115
4060
0
0
0
0
0
0
94
233
0
0
0
0
0
0
3832
3764
0
0
0
0
0
0
305
277
0
0
0
0
0
0
3872
3982
0
0
0
0
0
0
43
4000
0
0
0
0
0
0
140
250
0
0
0
0
0
0
3834
3799
0
0
0
0
0
0
260
209
0
0
0
0
0
0
3939
4050
0
0
0
0
0
0
4079
3958
0
0
0
0
0
0
166
246
0
0
0
0
0
0
3848
3842
0
0
0
0
0
0
208
143
0
0
0
0
0
0
4000
11
0
0
0
0
0
0
4034
3933
0
0
0
0
0
0
177
230
0
0
0
0
0
0
3877
3893
0
0
0
0
0
0
158
85
0
0
0
0
0
0
4052
54
0
0
0
0
0
0
4003
3925
0
0
0
0
0
0
172
201
0
0
0
0
0
0
3911
3943
0
0
0
0
0
0
109
35
0
0
0
0
0
0
4095
82
0
0
0
0
0
0
3985
3929
0
0
0
0
0
0
159
168
0
0
0
0
0
0
3948
3990
0
0
0
0
0
0
66
4092
0
0
0
0
0
0
29
97
0
0
0
0
0
0
3980
3943
0
0
0
0
0
0
137
130
0
0
0
0
0
0
3987
4032
0
0
0
0
0
0
28
4063
0
0
0
0
0
0
50
101
0
0
0
0
0
0
3986
3966
0
0
0
0
0
0
112
95
0
0
0
0
0
0
4021
4065
0
0
0
0
0
0
0
4046
0
0
0
0
0
0
59
94
0
0
0
0
0
0
3997
3991
0
0
0
0
0
0
86
63
0
0
0
0
0
0
4049
4091
0
0
0
0
0
0
4078
4037
0
0
0
0
0
0
61
83
0
0
0
0
0
0
4013
4016
0
0
0
0
0
0
59
35
0
0
0
0
0
0
4074
12
0
0
0
0
0
0
4068
4039
0
0
0
0
0
0
54
67
0
0
0
0
0
0
4032
4040
0
0
0
0
0
0
37
15
0
0
0
0
0
0
4089
20
0
0
0
0
0
0
4064
4045
0
0
0
0
0
0
44
49
0
0
0
0
0
0
4049
4060
0
0
0
0
0
0
20
2
0
0
0
0
0
0
3
22
0
0
0
0
0
0
4065
4053
0
0
0
0
0
0
34
33
0
0
0
0
0
0
4065
4075
0
0
0
0
0
0
6
4088
0
0
0
0
0
0
6
20
0
0
0
0
0
0
4070
4064
0
0
0
0
0
0
23
20
0
0
0
0
0
0
4078
4086
0
0
0
0
0
0
4095
4086
0
0
0
0
0
0
7
14
0
0
0
0
0
0
4076
4074
0
0
0
0
0
0
12
10
0
0
0
0
0
0
4084
4091
0
0
0
0
0
0
4091
4086
0
0
0
0
0
0
4
7
0
0
0
0
0
0
4084
4084
0
0
0
0
0
0
5
3
0
0
0
0
0
0
4091
4094
0
0
0
0
0
0
4091
4089
0
0
0
0
0
0
3
3
0
0
0
0
0
0
4091
4091
0
0
0
0
0
0
0
4095
0
0
0
0
0
0
4092
4094
0
0
0
0
0
0
4092
4092
0
0
0
0
0
0
4095
0
0
0
0
0
0
0
4092
4092
0
0
0
0
0
0
4095
4095
0
0
0
0
0
0
4094
4095
0
0
0
0
0
0
4093
4092
0
0
0
0
0
0
4095
4095
0
0
0
0
0
0
4094
4095
0
0
0
0
0
0
4095
0
0
0
0
0
0
0
4095
0
0
0
0
0
0
0
4095
0
0
0
0
0
0
0
4095
0
0
0
0
0
0
0
4095
0
0
0
0
0
0
0
4095
0
0
0
0
0
0
0
4095
0
0
0
0
0
0
0
4095
0
0
0
0
0
0
0
4095
0
0
0
0
0
0
0
4095
0
0
0
0
0
0
0
4095
0
0
0
0
0
0
0
4095
0
0
0
0
0
0
0
4095
0
0
0
0
0
0
0
4095
0
0
0
0
0
0
0
4095
0
0
0
0
0
0
0
4095
0
0
0
0
0
0
0
4095
0
0
0
0
0
0
0
4095
0
0
0
0
0
0
0
4095
0
0
0
0
0
0
0
4095
0
0
0
0
0
0
0
4095
0
0
0
0
0
0
0
4095
0
0
0
0
0
0
0
4095
0
0
0
0
0
0
0
4095
0
0
0
0
0
0
0
4095
0
0
0
0
0
0
0
4095
0
0
0
0
0
0
0
4095
0
0
0
0
0
0
0
4095
0
0
0
0
0
0
0
4095
0
0
0
0
0
0
0
4095
0
0
0
0
0
0
0
4095
0
0
0
0
0
0
0
4095
0
0
0
0
0
0
0
4095
0
0
0
0
0
0
0
4095
0
0
0
0
0
0
0
4095
0
0
0
0
0
0
0
4095
0
0
0
0
0
0
0
4095
0
0
0
0
0
0
0
4095
0
0
0
0
0
0
0
4095
0
0
0
0
0
0
0
4095
0
0
0
0
0
0
0
4095
0
0
0
0
0
0
0
4095
0
0
0
0
0
0
0
4095
0
0
0
0
0
0
0
4095
0
0
0
0
0
0
0
4095
0
0
0
0
0
0
0
4095
0
0
0
0
0
0
0
4095
0
0
0
0
0
0
0
4095
0
0
0
0
0
0
0
4095
0
0
0
0
0
0
0
4095
0
0
0
0
0
0
0
4095
0
0
0
0
0
0
0
4095
0
0
0
0
0
0
0
4095
0
0
0
0
0
0
0
4095
0
0
0
0
0
0
0
4095
0
0
0
0
0
0
0
4095
0
0
0
0
0
0
0
4095
0
0
0
0
0
0
0
4095
0
0
0
0
0
0
0
4095
0
0
0
0
0
0
0
4095
0
0
0
0
0
0
0
4095
0
0
0
0
0
0
0
4095
0
0
0
0
0
0
0
4095
0
0
0
0
0
0
0
4095
0
0
0
0
0
0
0
4095
0
0
0
0
0
0
0
4095
0
0
0
0
0
0
0
4095
0
0
0
0
0
0
0
4095
0
0
0
0
0
0
0
4095
0
0
0
0
0
0
0
4095
0
0
0
0
0
0
0
4095
0
0
0
0
0
0
0
4095
0
0
0
0
0
0
0
4095
0
0
0
0
0
0
0
4095
0
0
0
0
0
0
0
4095
0
0
0
0
0
0
0
4095
0
0
0
0
0
0
0
4095
0
0
0
0
0
0
0
4095
0
0
0
0
0
0
0
4095
0
0
0
0
0
0
0
4095
0
0
0
0
0
0
0
4095
0
0
0
0
0
0
0
4095
0
0
0
0
0
0
0
4095
0
0
0
0
0
0
0
4095
0
0
0
0
0
0
0
4095
0
0
0
0
0
0
0
4095
0
0
0
0
0
0
0
4095
0
0
0
0
0
0
0
4095
0
0
0
0
0
0
0
4095
0
0
0
0
0
0
0
4095
0
0
0
0
0
0
0
4095
0
0
0
0
0
0
0
4095
0
0
0
0
0
0
0
4095
0
0
0
0
0
0
0
4095
0
0
0
0
0
0
0
4095
0
0
0
0
0
0
0
4095
0
0
0
0
0
0
0
4095
0
0
0
0
0
0
0
4095
0
0
0
0
0
0
0
4095
0
0
0
0
0
0
0
4095
0
0
0
0
0
0
0
4095
0
0
0
0
0
0
0
4095
0
0
0
0
0
0
0
4095
0
0
0
0
0
0
0
4095
0
0
0
0
0
0
0
4095
0
0
0
0
0
0
0
4095
0
0
0
0
0
0
0
4095
0
0
0
0
0
0
0
4095
0
0
0
0
0
0
0
4095
0
0
0
0
0
0
0
4095
0
0
0
0
0
0
0
4095
0
0
0
0
0
0
0
4095
0
0
0
0
0
0
0
4095
0
0
0
0
0
0
0
4095
0
0
0
0
0
0
0
4095
0
0
0
0
0
0
0
4095
0
0
0
0
0
0
0
4095
0
0
0
0
0
0
0
4095
0
0
0
0
0
0
0
4095
0
0
0
0
0
0
0
4095
0
0
0
0
0
0
0
4095
0
0
0
0
0
0
0
4095
0
0
0
0
0
0
0
4095
0
0
0
0
0
0
0
4095
0
0
0
0
0
0
0
4095
0
0
0
0
0
0
0
4095
0
0
0
0
0
0
0
4095
0
0
0
0
0
0
0
4095
0
0
0
0
0
0
0
4095
0
0
0
0
0
0
0
4095
0
0
0
0
0
0
0
4095
0
0
0
0
0
0
0
4095
0
0
0
0
0
0
0
4095
0
0
0
0
0
0
0
4095
0
0
0
0
0
0
0
4095
0
0
0
0
0
0
0
4095
0
0
0
0
0
0
0
4095
0
0
0
0
0
0
0
4095
0
0
0
0
0
0
0
4095
0
0
0
0
0
0
0
4095
0
0
0
0
0
0
0
4095
0
0
0
0
0
0
0
4095
0
0
0
0
0
0
0
4095
0
0
0
0
0
0
0
4095
0
0
0
0
0
0
0
4095
0
0
0
0
0
0
0
4095
0
0
0
0
0
0
0
4095
0
0
0
0
0
0
0
4095
0
0
0
0
0
0
0
4095
0
0
0
0
0
0
0
4095
0
0
0
0
0
0
0
4095
0
0
0
0
0
0
0
4095
0
0
0
0
0
0
0
4095
0
0
0
0
0
0
0
4095
0
0
0
0
0
0
0
4095
0
0
0
0
0
0
0
4095
0
0
0
0
0
0
0
4095
0
0
0
0
0
0
0
4095
0
0
0
0
0
0
0
4095
0
0
0
0
0
0
0
4095
0
0
0
0
0
0
0
4095
0
0
0
0
0
0
0
4095
0
0
0
0
0
0
0
4095
0
0
0
0
0
0
0
4095
0
0
0
0
0
0
0
4095
0
0
0
0
0
0
0
4095
0
0
0
0
0
0
0
4095
0
0
0
0
0
0
0
4095
0
0
0
0
0
0
0
4095
0
0
0
0
0
0
0
4095
0
0
0
0
0
0
0
4095
0
0
0
0
0
0
0
4095
0
0
0
0
0
0
0
4095
0
0
0
0
0
0
0
4095
0
0
0
0
0
0
0
4095
0
0
0
0
0
0
0
4095
0
0
0
0
0
0
0
4095
0
0
0
0
0
0
0
4095
0
0
0
0
0
0
0
4095
0
0
0
0
0
0
0
4095
0
0
0
0
0
0
0
4095
0
0
0
0
0
0
0
4095
0
0
0
0
0
0
0
4095
0
0
0
0
0
0
0
4095
0
0
0
0
0
0
0
4095
0
0
0
0
0
0
0
4095
0
0
0
0
0
0
0
4095
0
0
0
0
0
0
0
4095
0
0
0
0
0
0
0
4095
0
0
0
0
0
0
0
4095
0
0
0
0
0
0
0
4095
0
0
0
0
0
0
0
4095
0
0
0
0
0
0
0
4095
0
0
0
0
0
0
0
4095
0
0
0
0
0
0
0
4095
0
0
0
0
0
0
0
4095
0
0
0
0
0
0
0
4095
0
0
0
0
0
0
0
4095
0
0
0
0
0
0
0
4095
0
0
0
0
0
0
0
4095
0
0
0
0
0
0
0
4095
0
0
0
0
0
0
0
4095
0
0
0
0
0
0
0
4095
0
0
0
0
0
0
0
4095
0
0
0
0
0
0
0
4095
0
0
0
0
0
0
0
4095
0
0
0
0
0
0
0
4095
0
0
0
0
0
0
0
4095
0
0
0
0
0
0
0
4095
0
0
0
0
0
0
0
4095
0
0
0
0
0
0
0
4095
0
0
0
0
0
0
0
4095
0
0
0
0
0
0
0
4095
0
0
0
0
0
0
0
4095
0
0
0
0
0
0
0
4095
0
0
0
0
0
0
0
4095
0
0
0
0
0
0
0
4095
0
0
0
0
0
0
0
4095
0
0
0
0
0
0
0
4095
0
0
0
0
0
0
0
4095
0
0
0
0
0
0
0
4095
0
0
0
0
0
0
0
4095
0
0
0
0
0
0
0
4095
0
0
0
0
0
0
0
4095
0
0
0
0
0
0
0
4095
0
0
0
0
0
0
0
4095
0
0
0
0
0
0
0
4095
0
0
0
0
0
0
0
4095
0
0
0
0
0
0
0
4095
0
0
0
0
0
0
0
4095
0
0
0
0
0
0
0
4095
0
0
0
0
0
0
0
4095
0
0
0
0
0
0
0
4095
0
0
0
0
0
0
0
4095
0
0
0
0
0
0
0
4095
0
0
0
0
0
0
0
4095
0
0
0
0
0
0
0
4095
0
0
0
0
0
0
0
4095
0
0
0
0
0
0
0
4095
0
0
0
0
0
0
0
4095
0
0
0
0
0
0
0
4095
0
0
0
0
0
0
0
4095
0
0
0
0
0
0
0
4095
0
0
0
0
0
0
0
4095
0
0
0
0
0
0
0
4095
0
0
0
0
0
0
0
4095
0
0
0
0
0
0
0
4095
0
0
0
0
0
0
0
4095
0
0
0
0
0
0
0
4095
0
0
0
0
0
0
0
4095
0
0
0
0
0
0
0
4095
0
0
0
0
0
0
0
4095
0
0
0
0
0
0
0
4095
0
0
0
0
0
0
0
4095
0
0
0
0
0
0
0
4095
0
0
0
0
0
0
0
4095
0
0
0
0
0
0
0
4095
0
0
0
0
0
0
0
4095
0
0
0
0
0
0
0
4095
0
0
0
0
0
0
0
4095
0
0
0
0
0
0
0
4095
0
0
0
0
0
0
0
4095
0
0
0
0
0
0
0
4095
0
0
0
0
0
0
0
4095
0
0
0
0
0
0
0
4095
0
0
0
0
0
0
0
4095
0
0
0
0
0
0
0
4095
0
0
0
0
0
0
0
4095
0
0
0
0
0
0
0
4095
0
0
0
0
0
0
0
4095
0
0
0
0
0
0
0
4095
0
0
0
0
0
0
0
4095
0
0
0
0
0
0
0
4095
0
0
0
0
0
0
0
4095
0
0
0
0
0
0
0
4095
0
0
0
0
0
0
0
4095
0
0
0
0
0
0
0
4095
0
0
0
0
0
0
0
4095
0
0
0
0
0
0
0
4095
0
0
0
0
0
0
0
4095
0
0
0
0
0
0
0
4095
0
0
0
0
0
0
0
4095
0
0
0
0
0
0
0
4095
0
0
0
0
0
0
0
4095
0
0
0
0
0
0
0
4095
0
0
0
0
0
0
0
4095
0
0
0
0
0
0
0
4095
0
0
0
0
0
0
0
4095
0
0
0
0
0
0
0
4095
0
0
0
0
0
0
0
4095
0
0
0
0
0
0
0
4095
0
0
0
0
0
0
0
4095
0
0
0
0
0
0
0
4095
0
0
0
0
0
0
0
4095
0
0
0
0
0
0
0
4095
0
0
0
0
0
0
0
4095
0
0
0
0
0
0
0
4095
0
0
0
0
0
0
0
4095
0
0
0
0
0
0
0
4095
0
0
0
0
0
0
0
4095
0
0
0
0
0
0
0
4095
0
0
0
0
0
0
0
4095
0
0
0
0
0
0
0
4095
0
0
0
0
0
0
0
4095
0
0
0
0
0
0
0
4095
0
0
0
0
0
0
0
4095
0
0
0
0
0
0
0
4095
0
0
0
0
0
0
0
4095
0
0
0
0
0
0
0
4095
0
0
0
0
0
0
0
4095
0
0
0
0
0
0
0
4095
0
0
0
0
0
0
0
4095
0
0
0
0
0
0
0
4095
0
0
0
0
0
0
0
4095
0
0
0
0
0
0
0
4095
0
0
0
0
0
0
0
4095
0
0
0
0
0
0
0
4095
0
0
0
0
0
0
0
4095
0
0
0
0
0
0
0
4095
0
0
0
0
0
0
0
4095
0
0
0
0
0
0
0
4095
0
0
0
0
0
0
0
4095
0
0
0
0
0
0
0
4095
0
0
0
0
0
0
0
4095
0
0
0
0
0
0
0
4095
0
0
0
0
0
0
0
4095
0
0
0
0
0
0
0
4095
0
0
0
0
0
0
0
4095
0
0
0
0
0
0
0
4095
0
0
0
0
0
0
0
4095
0
0
0
0
0
0
0
4095
0
0
0
0
0
0
0
4095
0
0
0
0
0
0
0
4095
0
0
0
0
0
0
0
4095
0
0
0
0
0
0
0
4095
0
0
0
0
0
0
0
4095
0
0
0
0
0
0
0
4095
0
0
0
0
0
0
0
4095
0
0
0
0
0
0
0
4095
0
0
0
0
0
0
0
4095
0
0
0
0
0
0
0
4095
0
0
0
0
0
0
0
4095
0
0
0
0
0
0
0
4095
0
0
0
0
0
0
0
4095
0
0
0
0
0
0
0
4095
0
0
0
0
0
0
0
4095
0
0
0
0
0
0
0
4095
0
0
0
0
0
0
0
4095
0
0
0
0
0
0
0
4095
0
0
0
0
0
0
0
4095
0
0
0
0
0
0
0
4095
0
0
0
0
0
0
0
4095
0
0
0
0
0
0
0
4095
0
0
0
0
0
0
0
4095
0
0
0
0
0
0
0
4095
0
0
0
0
0
0
0
4095
0
0
0
0
0
0
0
4095
0
0
0
0
0
0
0
4095
0
0
0
0
0
0
0
4095
0
0
0
0
0
0
0
4095
0
0
0
0
0
0
0
4095
0
0
0
0
0
0
0
4095
0
0
0
0
0
0
0
4095
0
0
0
0
0
0
0
4095
0
0
0
0
0
0
0
4095
0
0
0
0
0
0
0
4095
0
0
0
0
0
0
0
4095
0
0
0
0
0
0
0
4095
0
0
0
0
0
0
0
4095
0
0
0
0
0
0
0
4095
0
0
0
0
0
0
0
4095
0
0
0
0
0
0
0
4095
0
0
0
0
0
0
0
4095
0
0
0
0
0
0
0
4095
0
0
0
0
0
0
0
4095
0
0
0
0
0
0
0
4095
0
0
0
0
0
0
0
4095
0
0
0
0
0
0
0
4095
0
0
0
0
0
0
0
4095
0
0
0
0
0
0
0
4095
0
0
0
0
0
0
0
4095
0
0
0
0
0
0
0
4095
0
0
0
0
0
0
0
4095
0
0
0
0
0
0
0
4095
0
0
0
0
0
0
0
4095
0
0
0
0
0
0
0
4095
0
0
0
0
0
0
0
4095
0
0
0
0
0
0
0
4095
0
0
0
0
0
0
0
4095
0
0
0
0
0
0
0
4095
0
0
0
0
0
0
0
4095
0
0
0
0
0
0
0
4095
0
0
0
0
0
0
0
4095
0
0
0
0
0
0
0
4095
0
0
0
0
0
0
0
4095
0
0
0
0
0
0
0
4095
0
0
0
0
0
0
0
4095
0
0
0
0
0
0
0
4095
0
0
0
0
0
0
0
4095
0
0
0
0
0
0
0
4095
0
0
0
0
0
0
0
4095
0
0
0
0
0
0
0
4095
0
0
0
0
0
0
0
4095
0
0
0
0
0
0
0
4095
0
0
0
0
0
0
0
4095
0
0
0
0
0
0
0
4095
0
0
0
0
0
0
0
4095
0
0
0
0
0
0
0
4095
0
0
0
0
0
0
0
4095
0
0
0
0
0
0
0
4095
0
0
0
0
0
0
0
4095
0
0
0
0
0
0
0
4095
0
0
0
0
0
0
0
4095
0
0
0
0
0
0
0
4095
0
0
0
0
0
0
0
4095
0
0
0
0
0
0
0
4095
0
0
0
0
0
0
0
4095
0
0
0
0
0
0
0
4095
0
0
0
0
0
0
0
4095
0
0
0
0
0
0
0
4095
0
0
0
0
0
0
0
4095
0
0
0
0
0
0
0
4095
0
0
0
0
0
0
0
4095
0
0
0
0
0
0
0
4095
0
0
0
0
0
0
0
4095
0
0
0
0
0
0
0
4095
0
0
0
0
0
0
0
4095
0
0
0
0
0
0
0
4095
0
0
0
0
0
0
0
4095
0
0
0
0
0
0
0
4095
0
0
0
0
0
0
0
4095
0
0
0
0
0
0
0
4095
0
0
0
0
0
0
0
4095
0
0
0
0
0
0
0
4095
0
0
0
0
0
0
0
4095
0
0
0
0
0
0
0
4095
0
0
0
0
0
0
0
4095
0
0
0
0
0
0
0
4095
0
0
0
0
0
0
0
4095
0
0
0
0
0
0
0
4095
0
0
0
0
0
0
0
4095
0
0
0
0
0
0
0
4095
0
0
0
0
0
0
0
4095
0
0
0
0
0
0
0
4095
0
0
0
0
0
0
0
4095
0
0
0
0
0
0
0
4095
0
0
0
0
0
0
0
4095
0
0
0
0
0
0
0
4095
0
0
0
0
0
0
0
4095
0
0
0
0
0
0
0
4095
0
0
0
0
0
0
0
4095
0
0
0
0
0
0
0
4095
0
0
0
0
0
0
0
4095
0
0
0
0
0
0
0
4095
0
0
0
0
0
0
0
4095
0
0
0
0
0
0
0
4095
0
0
0
0
0
0
0
4095
0
0
0
0
0
0
0
4095
0
0
0
0
0
0
0
4095
0
0
0
0
0
0
0
4095
0
0
0
0
0
0
0
4095
0
0
0
0
0
0
0
4095
0
0
0
0
0
0
0
4095
0
0
0
0
0
0
0
4095
0
0
0
0
0
0
0
4095
0
0
0
0
0
0
0
4095
0
0
0
0
0
0
0
4095
0
0
0
0
0
0
0
4095
0
0
0
0
0
0
0
4095
0
0
0
0
0
0
0
4095
0
0
0
0
0
0
0
4095
0
0
0
0
0
0
0
4095
0
0
0
0
0
0
0
4095
0
0
0
0
0
0
0
4095
0
0
0
0
0
0
0
4095
0
0
0
0
0
0
0
4095
0
0
0
0
0
0
0
4095
0
0
0
0
0
0
0
4095
0
0
0
0
0
0
0
4095
0
0
0
0
0
0
0
4095
0
0
0
0
0
0
0
4095
0
0
0
0
0
0
0
4095
0
0
0
0
0
0
0
4095
0
0
0
0
0
0
0
4095
0
0
0
0
0
0
0
4095
0
0
0
0
0
0
0
4095
0
0
0
0
0
0
0
4095
0
0
0
0
0
0
0
4095
0
0
0
0
0
0
0
4095
0
0
0
0
0
0
0
4095
0
0
0
0
0
0
0
4095
0
0
0
0
0
0
0
4095
0
0
0
0
0
0
0
4095
0
0
0
0
0
0
0
4095
0
0
0
0
0
0
0
4095
0
0
0
0
0
0
0
4095
0
0
0
0
0
0
0
4095
0
0
0
0
0
0
0
4095
0
0
0
0
0
0
0
4095
0
0
0
0
0
0
0
4095
0
0
0
0
0
0
0
4095
0
0
0
0
0
0
0
4095
0
0
0
0
0
0
0
4095
0
0
0
0
0
0
0
4095
0
0
0
0
0
0
0
4095
0
0
0
0
0
0
0
4095
0
0
0
0
0
0
0
4095
0
0
0
0
0
0
0
4095
0
0
0
0
0
0
0
4095
0
0
0
0
0
0
0
4095
0
0
0
0
0
0
0
4095
0
0
0
0
0
0
0
4095
0
0
0
0
0
0
0
4095
0
0
0
0
0
0
0
4095
0
0
0
0
0
0
0
4095
0
0
0
0
0
0
0
4095
0
0
0
0
0
0
0
4095
0
0
0
0
0
0
0
4095
0
0
0
0
0
0
0
4095
0
0
0
0
0
0
0
4095
0
0
0
0
0
0
0
4095
0
0
0
0
0
0
0
4095
0
0
0
0
0
0
0
4095
0
0
0
0
0
0
0
4095
0
0
0
0
0
0
0
4095
0
0
0
0
0
0
0
4095
0
0
0
0
0
0
0
4095
0
0
0
0
0
0
0
4095
0
0
0
0
0
0
0
4095
0
0
0
0
0
0
0
4095
0
0
0
0
0
0
0
4095
0
0
0
0
0
0
0
4095
0
0
0
0
0
0
0
4095
0
0
0
0
0
0
0
4095
0
0
0
0
0
0
0
4095
0
0
0
0
0
0
0
4095
0
0
0
0
0
0
0
4095
0
0
0
0
0
0
0
4095
0
0
0
0
0
0
0
4095
0
0
0
0
0
0
0
4095
0
0
0
0
0
0
0
4095
0
0
0
0
0
0
0
4095
0
0
0
0
0
0
0
4095
0
0
0
0
0
0
0
4095
0
0
0
0
0
0
0
4095
0
0
0
0
0
0
0
4095
0
0
0
0
0
0
0
4095
0
0
0
0
0
0
0
4095
0
0
0
0
0
0
0
4095
0
0
0
0
0
0
0
4095
0
0
0
0
0
0
0
4095
0
0
0
0
0
0
0
4095
0
0
0
0
0
0
0
4095
0
0
0
0
0
0
0
4095
0
0
0
0
0
0
0
4095
0
0
0
0
0
0
0
4095
0
0
0
0
0
0
0
4095
0
0
0
0
0
0
0
4095
0
0
0
0
0
0
0
4095
0
0
0
0
0
0
0
4095
0
0
0
0
0
0
0
4095
0
0
0
0
0
0
0
4095
0
0
0
0
0
0
0
4095
0
0
0
0
0
0
0
4095
0
0
0
0
0
0
0
4095
0
0
0
0
0
0
0
4095
0
0
0
0
0
0
0
4095
0
0
0
0
0
0
0
4095
0
0
0
0
0
0
0
4095
0
0
0
0
0
0
0
4095
0
0
0
0
0
0
0
4095
0
0
0
0
0
0
0
4095
0
0
0
0
0
0
0
4095
0
0
0
0
0
0
0
4095
0
0
0
0
0
0
0
4095
0
0
0
0
0
0
0
4095
0
0
0
0
0
0
0
4095
0
0
0
0
0
0
0
4095
0
0
0
0
0
0
0
4095
0
0
0
0
0
0
0
4095
0
0
0
0
0
0
0
4095
0
0
0
0
0
0
0
4095
0
0
0
0
0
0
0
4095
0
0
0
0
0
0
0
4095
0
0
0
0
0
0
0
4095
0
0
0
0
0
0
0
4095
0
0
0
0
0
0
0
4095
0
0
0
0
0
0
0
4095
0
0
0
0
0
0
0
4095
0
0
0
0
0
0
0
4095
0
0
0
0
0
0
0
4095
0
0
0
0
0
0
0
4095
0
0
0
0
0
0
0
4095
0
0
0
0
0
0
0
4095
0
0
0
0
0
0
0
4095
0
0
0
0
0
0
0
4095
0
0
0
0
0
0
0
4095
0
0
0
0
0
0
0
4095
0
0
0
0
0
0
0
4095
0
0
0
0
0
0
0
4095
0
0
0
0
0
0
0
4095
0
0
0
0
0
0
0
4095
0
0
0
0
0
0
0
4095
0
0
0
0
0
0
0
4095
0
0
0
0
0
0
0
4095
0
0
0
0
0
0
0
4095
0
0
0
0
0
0
0
4095
0
0
0
0
0
0
0
4095
0
0
0
0
0
0
0
4095
0
0
0
0
0
0
0
4095
0
0
0
0
0
0
0
4095
0
0
0
0
0
0
0
4095
0
0
0
0
0
0
0
4095
0
0
0
0
0
0
0
4095
0
0
0
0
0
0
0
4095
0
0
0
0
0
0
0
4095
0
0
0
0
0
0
0
4095
0
0
0
0
0
0
0
4095
0
0
0
0
0
0
0
4095
0
0
0
0
0
0
0
4095
0
0
0
0
0
0
0
4095
0
0
0
0
0
0
0
4095
0
0
0
0
0
0
0
4095
0
0
0
0
0
0
0
4095
0
0
0
0
0
0
0
4095
0
0
0
0
0
0
0
4095
0
0
0
0
0
0
0
4095
0
0
0
0
0
0
0
4095
0
0
0
0
0
0
0
4095
0
0
0
0
0
0
0
4095
0
0
0
0
0
0
0
4095
0
0
0
0
0
0
0
4095
0
0
0
0
0
0
0
4095
0
0
0
0
0
0
0
4095
0
0
0
0
0
0
0
4095
0
0
0
0
0
0
0
4095
0
0
0
0
0
0
0
4095
0
0
0
0
0
0
0
4095
0
0
0
0
0
0
0
4095
0
0
0
0
0
0
0
4095
0
0
0
0
0
0
0
4095
0
0
0
0
0
0
0
4095
0
0
0
0
0
0
0
4095
0
0
0
0
0
0
0
4095
0
0
0
0
0
0
0
4095
0
0
0
0
0
0
0
4095
0
0
0
0
0
0
0
4095
0
0
0
0
0
0
0
4095
0
0
0
0
0
0
0
4095
0
0
0
0
0
0
0
4095
0
0
0
0
0
0
0
4095
0
0
0
0
0
0
0
4095
0
0
0
0
0
0
0
4095
0
0
0
0
0
0
0
4095
0
0
0
0
0
0
0
4095
0
0
0
0
0
0
0
4095
0
0
0
0
0
0
0
4095
0
0
0
0
0
0
0
4095
0
0
0
0
0
0
0
4095
0
0
0
0
0
0
0
4095
0
0
0
0
0
0
0
4095
0
0
0
0
0
0
0
4095
0
0
0
0
0
0
0
4095
0
0
0
0
0
0
0
4095
0
0
0
0
0
0
0
4095
0
0
0
0
0
0
0
4095
0
0
0
0
0
0
0
4095
0
0
0
0
0
0
0
4095
0
0
0
0
0
0
0
4095
0
0
0
0
0
0
0
4095
0
0
0
0
0
0
0
4095
0
0
0
0
0
0
0
4095
0
0
0
0
0
0
0
4095
0
0
0
0
0
0
0
4095
0
0
0
0
0
0
0
4095
0
0
0
0
0
0
0
4095
0
0
0
0
0
0
0
4095
0
0
0
0
0
0
0
4095
0
0
0
0
0
0
0
4095
0
0
0
0
0
0
0
4095
0
0
0
0
0
0
0
4095
0
0
0
0
0
0
0
4095
0
0
0
0
0
0
0
4095
0
0
0
0
0
0
0
4095
0
0
0
0
0
0
0
4095
0
0
0
0
0
0
0
4095
0
0
0
0
0
0
0
4095
0
0
0
0
0
0
0
4095
0
0
0
0
0
0
0
4095
0
0
0
0
0
0
0
4095
0
0
0
0
0
0
0
4095
0
0
0
0
0
0
0
4095
0
0
0
0
0
0
0
4095
0
0
0
0
0
0
0
4095
0
0
0
0
0
0
0
4095
0
0
0
0
0
0
0
4095
0
0
0
0
0
0
0
4095
0
0
0
0
0
0
0
4095
0
0
0
0
0
0
0
4095
0
0
0
0
0
0
0
4095
0
0
0
0
0
0
0
4095
0
0
0
0
0
0
0
4095
0
0
0
0
0
0
0
4095
0
0
0
0
0
0
0
4095
0
0
0
0
0
0
0
4095
0
0
0
0
0
0
0
4095
0
0
0
0
0
0
0
4095
0
0
0
0
0
0
0
4095
0
0
0
0
0
0
0
4095
0
0
0
0
0
0
0
4095
0
0
0
0
0
0
0
4095
0
0
0
0
0
0
0
4095
0
0
0
0
0
0
0
4095
0
0
0
0
0
0
0
4095
0
0
0
0
0
0
0
4095
0
0
0
0
0
0
0
4095
0
0
0
0
0
0
0
4095
0
0
0
0
0
0
0
4095
0
0
0
0
0
0
0
4095
0
0
0
0
0
0
0
4095
0
0
0
0
0
0
0
4095
0
0
0
0
0
0
0
4095
0
0
0
0
0
0
0
4095
0
0
0
0
0
0
0
4095
0
0
0
0
0
0
0
4095
0
0
0
0
0
0
0
4095
0
0
0
0
0
0
0
4095
0
0
0
0
0
0
0
4095
0
0
0
0
0
0
0
4095
0
0
0
0
0
0
0
4095
0
0
0
0
0
0
0
4095
0
0
0
0
0
0
0
4095
0
0
0
0
0
0
0
4095
0
0
0
0
0
0
0
4095
0
0
0
0
0
0
0
4095
0
0
0
0
0
0
0
4095
0
0
0
0
0
0
0
4095
0
0
0
0
0
0
0
4095
0
0
0
0
0
0
0
4095
0
0
0
0
0
0
0
4095
0
0
0
0
0
0
0
4095
0
0
0
0
0
0
0
4095
0
0
0
0
0
0
0
4095
0
0
0
0
0
0
0
4095
0
0
0
0
0
0
0
4095
0
0
0
0
0
0
0
4095
0
0
0
0
0
0
0
4095
0
0
0
0
0
0
0
4095
0
0
0
0
0
0
0
4095
0
0
0
0
0
0
0
4095
0
0
0
0
0
0
0
4095
0
0
0
0
0
0
0
4095
0
0
0
0
0
0
0
4095
0
0
0
0
0
0
0
4095
0
0
0
0
0
0
0
4095
0
0
0
0
0
0
0
4095
0
0
0
0
0
0
0
4095
0
0
0
0
0
0
0
4095
0
0
0
0
0
0
0
4095
0
0
0
0
0
0
0
4095
0
0
0
0
0
0
0
4095
0
0
0
0
0
0
0
4095
0
0
0
0
0
0
0
4095
0
0
0
0
0
0
0
4095
0
0
0
0
0
0
0
4095
0
0
0
0
0
0
0
4095
0
0
0
0
0
0
0
4095
0
0
0
0
0
0
0
4095
0
0
0
0
0
0
0
4095
0
0
0
0
0
0
0
4095
0
0
0
0
0
0
0
4095
0
0
0
0
0
0
0
4095
0
0
0
0
0
0
0
4095
0
0
0
0
0
0
0
4095
0
0
0
0
0
0
0
4095
0
0
0
0
0
0
0
4095
0
0
0
0
0
0
0
4095
0
0
0
0
0
0
0
4095
0
0
0
0
0
0
0
4095
0
0
0
0
0
0
0
4095
0
0
0
0
0
0
0
4095
0
0
0
0
0
0
0
4095
0
0
0
0
0
0
0
4095
0
0
0
0
0
0
0
4095
0
0
0
0
0
0
0
4095
0
0
0
0
0
0
0
4095
0
0
0
0
0
0
0
4095
0
0
0
0
0
0
0
4095
0
0
0
0
0
0
0
4095
0
0
0
0
0
0
0
4095
0
0
0
0
0
0
0
4095
0
0
0
0
0
0
0
4095
0
0
0
0
0
0
0
4095
0
0
0
0
0
0
0
4095
0
0
0
0
0
0
0
4095
0
0
0
0
0
0
0
4095
0
0
0
0
0
0
0
4095
0
0
0
0
0
0
0
4095
0
0
0
0
0
0
0
4095
0
0
0
0
0
0
0
4095
0
0
0
0
0
0
0
4095
0
0
0
0
0
0
0
4095
0
0
0
0
0
0
0
4095
0
0
0
0
0
0
0
4095
0
0
0
0
0
0
0
4095
0
0
0
0
0
0
0
4095
0
0
0
0
0
0
0
4095
0
0
0
0
0
0
0
4095
0
0
0
0
0
0
0
4095
0
0
0
0
0
0
0
4095
0
0
0
0
0
0
0
4095
0
0
0
0
0
0
0
4095
0
0
0
0
0
0
0
4095
0
0
0
0
0
0
0
4095
0
0
0
0
0
0
0
4095
0
0
0
0
0
0
0
4095
0
0
0
0
0
0
0
4095
0
0
0
0
0
0
0
4095
0
0
0
0
0
0
0
4095
0
0
0
0
0
0
0
4095
0
0
0
0
0
0
0
4095
0
0
0
0
0
0
0
4095
0
0
0
0
0
0
0
4095
0
0
0
0
0
0
0
4095
0
0
0
0
0
0
0
4095
0
0
0
0
0
0
0
4095
0
0
0
0
0
0
0
4095
0
0
0
0
0
0
0
4095
0
0
0
0
0
0
0
4095
0
0
0
0
0
0
0
4095
0
0
0
0
0
0
0
4095
0
0
0
0
0
0
0
4095
0
0
0
0
0
0
0
4095
0
0
0
0
0
0
0
4095
0
0
0
0
0
0
0
4095
0
0
0
0
0
0
0
4095
0
0
0
0
0
0
0
4095
0
0
0
0
0
0
0
4095
0
0
0
0
0
0
0
4095
0
0
0
0
0
0
0
4095
0
0
0
0
0
0
0
4095
0
0
0
0
0
0
0
4095
0
0
0
0
0
0
0
4095
0
0
0
0
0
0
0
4095
0
0
0
0
0
0
0
4095
0
0
0
0
0
0
0
4095
0
0
0
0
0
0
0
4095
0
0
0
0
0
0
0
4095
0
0
0
0
0
0
0
4095
0
0
0
0
0
0
0
4095
0
0
0
0
0
0
0
4095
0
0
0
0
0
0
0
4095
0
0
0
0
0
0
0
4095
0
0
0
0
0
0
0
4095
0
0
0
0
0
0
0
4095
0
0
0
0
0
0
0
4095
0
0
0
0
0
0
0
4095
0
0
0
0
0
0
0
4095
0
0
0
0
0
0
0
4095
0
0
0
0
0
0
0
4095
0
0
0
0
0
0
0
4095
0
0
0
0
0
0
0
4095
0
0
0
0
0
0
0
4095
0
0
0
0
0
0
0
4095
0
0
0
0
0
0
0
4095
0
0
0
0
0
0
0
4095
0
0
0
0
0
0
0
4095
0
0
0
0
0
0
0
4095
0
0
0
0
0
0
0
4095
0
0
0
0
0
0
0
4095
0
0
0
0
0
0
0
4095
0
0
0
0
0
0
0
4095
0
0
0
0
0
0
0
4095
0
0
0
0
0
0
0
4095
0
0
0
0
0
0
0
4095
0
0
0
0
0
0
0
4095
0
0
0
0
0
0
0
4095
0
0
0
0
0
0
0
4095
0
0
0
0
0
0
0
4095
0
0
0
0
0
0
0
4095
0
0
0
0
0
0
0
4095
0
0
0
0
0
0
0
4095
0
0
0
0
0
0
0
4095
0
0
0
0
0
0
0
4095
0
0
0
0
0
0
0
4095
0
0
0
0
0
0
0
4095
0
0
0
0
0
0
0
4095
0
0
0
0
0
0
0
4095
0
0
0
0
0
0
0
4095
0
0
0
0
0
0
0
4095
0
0
0
0
0
0
0
4095
0
0
0
0
0
0
0
4095
0
0
0
0
0
0
0
4095
0
0
0
0
0
0
0
4095
0
0
0
0
0
0
0
4095
0
0
0
0
0
0
0
4095
0
0
0
0
0
0
0
4095
0
0
0
0
0
0
0
4095
0
0
0
0
0
0
0
4095
0
0
0
0
0
0
0
4095
0
0
0
0
0
0
0
4095
0
0
0
0
0
0
0
4095
0
0
0
0
0
0
0
4095
0
0
0
0
0
0
0
4095
0
0
0
0
0
0
0
4095
0
0
0
0
0
0
0
4095
0
0
0
0
0
0
0
4095
0
0
0
0
0
0
0
4095
0
0
0
0
0
0
0
4095
0
0
0
0
0
0
0
4095
0
0
0
0
0
0
0
4095
0
0
0
0
0
0
0
4095
0
0
0
0
0
0
0
4095
0
0
0
0
0
0
0
4095
0
0
0
0
0
0
0
4095
0
0
0
0
0
0
0
4095
0
0
0
0
0
0
0
4095
0
0
0
0
0
0
0
4095
0
0
0
0
0
0
0
4095
0
0
0
0
0
0
0
4095
0
0
0
0
0
0
0
4095
0
0
0
0
0
0
0
4095
0
0
0
0
0
0
0
4095
0
0
0
0
0
0
0
4095
0
0
0
0
0
0
0
4095
0
0
0
0
0
0
0
4095
0
0
0
0
0
0
0
4095
0
0
0
0
0
0
0
4095
0
0
0
0
0
0
0
4095
0
0
0
0
0
0
0
4095
0
0
0
0
0
0
0
4095
0
0
0
0
0
0
0
4095
0
0
0
0
0
0
0
4095
0
0
0
0
0
0
0
4095
0
0
0
0
0
0
0
4095
0
0
0
0
0
0
0
4095
0
0
0
0
0
0
0
4095
0
0
0
0
0
0
0
4095
0
0
0
0
0
0
0
4095
0
0
0
0
0
0
0
4095
0
0
0
0
0
0
0
4095
0
0
0
0
0
0
0
4095
0
0
0
0
0
0
0
4095
0
0
0
0
0
0
0
4095
0
0
0
0
0
0
0
4095
0
0
0
0
0
0
0
4095
0
0
0
0
0
0
0
4095
0
0
0
0
0
0
0
4095
0
0
0
0
0
0
0
4095
0
0
0
0
0
0
0
4095
0
0
0
0
0
0
0
4095
0
0
0
0
0
0
0
4095
0
0
0
0
0
0
0
4095
0
0
0
0
0
0
0
4095
0
0
0
0
0
0
0
4095
0
0
0
0
0
0
0
4095
0
0
0
0
0
0
0
4095
0
0
0
0
0
0
0
4095
0
0
0
0
0
0
0
4095
0
0
0
0
0
0
0
4095
0
0
0
0
0
0
0
4095
0
0
0
0
0
0
0
4095
0
0
0
0
0
0
0
4095
0
0
0
0
0
0
0
4095
0
0
0
0
0
0
0
4095
0
0
0
0
0
0
0
4095
0
0
0
0
0
0
0
4095
0
0
0
0
0
0
0
4095
0
0
0
0
0
0
0
4095
0
0
0
0
0
0
0
4095
0
0
0
0
0
0
0
4095
0
0
0
0
0
0
0
4095
0
0
0
0
0
0
0
4095
0
0
0
0
0
0
0
4095
0
0
0
0
0
0
0
4095
0
0
0
0
0
0
0
4095
0
0
0
0
0
0
0
4095
0
0
0
0
0
0
0
4095
0
0
0
0
0
0
0
4095
0
0
0
0
0
0
0
4095
0
0
0
0
0
0
0
4095
0
0
0
0
0
0
0
