0
0
0
0
0
0
0
0
0
0
0
0
0
0
0
0
0
0
0
0
0
0
0
0
0
0
0
0
0
0
0
0
0
0
0
0
0
0
0
0
0
0
0
0
0
0
0
0
0
0
0
0
0
0
0
0
0
0
0
0
0
0
0
0
0
0
0
0
0
0
0
0
0
0
0
0
0
0
0
0
0
0
0
0
0
0
0
0
0
0
0
0
0
0
0
0
0
0
0
0
0
0
0
0
0
0
0
0
0
0
0
0
0
0
0
0
0
0
0
0
0
0
0
0
0
0
0
0
0
0
0
0
0
0
0
0
0
0
0
0
0
0
0
0
0
0
0
0
0
0
0
0
0
0
0
0
0
0
0
0
0
0
0
0
0
0
0
0
0
0
0
0
0
0
0
0
0
0
0
0
0
0
0
0
4084
4080
0
0
0
0
0
0
4057
4055
0
0
0
0
0
0
4048
4049
0
0
0
0
0
0
4061
4063
0
0
0
0
0
0
4073
4075
0
0
0
0
0
0
4082
4081
0
0
0
0
0
0
4076
4074
0
0
0
0
0
0
4063
4060
0
0
0
0
0
0
4055
4053
0
0
0
0
0
0
4057
4058
0
0
0
0
0
0
4071
4070
0
0
0
0
0
0
4072
4070
0
0
0
0
0
0
4058
4058
0
0
0
0
0
0
4052
4053
0
0
0
0
0
0
4052
4055
0
0
0
0
0
0
4068
4068
0
0
0
0
0
0
4080
4079
0
0
0
0
0
0
4094
4093
0
0
0
0
0
0
3
1
0
0
0
0
0
0
4080
4075
0
0
0
0
0
0
4032
4029
0
0
0
0
0
0
4000
4003
0
0
0
0
0
0
4011
4018
0
0
0
0
0
0
4062
4068
0
0
0
0
0
0
36
38
0
0
0
0
0
0
77
71
0
0
0
0
0
0
49
38
0
0
0
0
0
0
4063
4052
0
0
0
0
0
0
3963
3957
0
0
0
0
0
0
3904
3913
0
0
0
0
0
0
3950
3965
0
0
0
0
0
0
4074
4089
0
0
0
0
0
0
118
123
0
0
0
0
0
0
185
174
0
0
0
0
0
0
120
98
0
0
0
0
0
0
4045
4027
0
0
0
0
0
0
3869
3863
0
0
0
0
0
0
3795
3810
0
0
0
0
0
0
3890
3917
0
0
0
0
0
0
12
35
0
0
0
0
0
0
229
234
0
0
0
0
0
0
306
288
0
0
0
0
0
0
177
145
0
0
0
0
0
0
4002
3973
0
0
0
0
0
0
3733
3729
0
0
0
0
0
0
3657
3682
0
0
0
0
0
0
3832
3872
0
0
0
0
0
0
64
96
0
0
0
0
0
0
358
361
0
0
0
0
0
0
430
400
0
0
0
0
0
0
225
179
0
0
0
0
0
0
3943
3910
0
0
0
0
0
0
3620
3619
0
0
0
0
0
0
3544
3579
0
0
0
0
0
0
3788
3841
0
0
0
0
0
0
132
169
0
0
0
0
0
0
504
502
0
0
0
0
0
0
572
529
0
0
0
0
0
0
275
213
0
0
0
0
0
0
3859
3815
0
0
0
0
0
0
3427
3429
0
0
0
0
0
0
3362
3414
0
0
0
0
0
0
3738
3810
0
0
0
0
0
0
251
300
0
0
0
0
0
0
723
717
0
0
0
0
0
0
756
692
0
0
0
0
0
0
288
205
0
0
0
0
0
0
3694
3642
0
0
0
0
0
0
3193
3205
0
0
0
0
0
0
3195
3268
0
0
0
0
0
0
3740
3831
0
0
0
0
0
0
414
466
0
0
0
0
0
0
947
927
0
0
0
0
0
0
900
816
0
0
0
0
0
0
274
172
0
0
0
0
0
0
3511
3456
0
0
0
0
0
0
2952
2977
0
0
0
0
0
0
3041
3139
0
0
0
0
0
0
3773
3885
0
0
0
0
0
0
620
677
0
0
0
0
0
0
1214
1180
0
0
0
0
0
0
1073
963
0
0
0
0
0
0
241
117
0
0
0
0
0
0
3291
3231
0
0
0
0
0
0
2672
2715
0
0
0
0
0
0
2884
3008
0
0
0
0
0
0
3834
3965
0
0
0
0
0
0
865
925
0
0
0
0
0
0
1502
1448
0
0
0
0
0
0
1223
1086
0
0
0
0
0
0
164
19
0
0
0
0
0
0
3017
2954
0
0
0
0
0
0
2360
2426
0
0
0
0
0
0
2735
2893
0
0
0
0
0
0
3947
6
0
0
0
0
0
0
1180
1238
0
0
0
0
0
0
1817
1737
0
0
0
0
0
0
1344
1171
0
0
0
0
0
0
10
3942
0
0
0
0
0
0
2697
2643
0
0
0
0
0
0
2067
2158
0
0
0
0
0
0
2623
2810
0
0
0
0
0
0
4086
163
0
0
0
0
0
0
1501
1554
0
0
0
0
0
0
2138
2032
0
0
0
0
0
0
1459
1254
0
0
0
0
0
0
3941
3759
0
0
0
0
0
0
2347
2300
0
0
0
0
0
0
1747
1869
0
0
0
0
0
0
2552
2776
0
0
0
0
0
0
216
406
0
0
0
0
0
0
1890
1928
0
0
0
0
0
0
2448
2308
0
0
0
0
0
0
1520
1281
0
0
0
0
0
0
3710
3509
0
0
0
0
0
0
1937
1902
0
0
0
0
0
0
1407
1567
0
0
0
0
0
0
2497
2760
0
0
0
0
0
0
494
703
0
0
0
0
0
0
2332
2356
0
0
0
0
0
0
2788
2608
0
0
0
0
0
0
1537
1257
0
0
0
0
0
0
3387
3174
0
0
0
0
0
0
1481
1467
0
0
0
0
0
0
1090
1293
0
0
0
0
0
0
2516
2817
0
0
0
0
0
0
831
1046
0
0
0
0
0
0
2778
2777
0
0
0
0
0
0
3077
2852
0
0
0
0
0
0
1487
1169
0
0
0
0
0
0
3016
2796
0
0
0
0
0
0
1015
1030
0
0
0
0
0
0
809
1056
0
0
0
0
0
0
2577
2914
0
0
0
0
0
0
1211
1434
0
0
0
0
0
0
3263
3234
0
0
0
0
0
0
3371
3100
0
0
0
0
0
0
1411
1056
0
0
0
0
0
0
2617
2392
0
0
0
0
0
0
526
570
0
0
0
0
0
0
532
825
0
0
0
0
0
0
2691
3065
0
0
0
0
0
0
1658
1884
0
0
0
0
0
0
3769
3705
0
0
0
0
0
0
3619
3296
0
0
0
0
0
0
1237
845
0
0
0
0
0
0
2118
1894
0
0
0
0
0
0
5
89
0
0
0
0
0
0
311
660
0
0
0
0
0
0
2911
3319
0
0
0
0
0
0
2181
2400
0
0
0
0
0
0
187
79
0
0
0
0
0
0
3815
3439
0
0
0
0
0
0
997
574
0
0
0
0
0
0
1585
1371
0
0
0
0
0
0
3595
3726
0
0
0
0
0
0
141
545
0
0
0
0
0
0
3185
3623
0
0
0
0
0
0
2744
2953
0
0
0
0
0
0
712
555
0
0
0
0
0
0
3967
3534
0
0
0
0
0
0
675
220
0
0
0
0
0
0
966
766
0
0
0
0
0
0
3057
3241
0
0
0
0
0
0
18
483
0
0
0
0
0
0
3559
4026
0
0
0
0
0
0
3384
3570
0
0
0
0
0
0
1223
1010
0
0
0
0
0
0
4049
3555
0
0
0
0
0
0
267
3885
0
0
0
0
0
0
322
148
0
0
0
0
0
0
2556
2799
0
0
0
0
0
0
4062
488
0
0
0
0
0
0
3992
387
0
0
0
0
0
0
4057
121
0
0
0
0
0
0
1731
1458
0
0
0
0
0
0
4091
3539
0
0
0
0
0
0
3903
3405
0
0
0
0
0
0
3739
3594
0
0
0
0
0
0
2076
2383
0
0
0
0
0
0
4075
559
0
0
0
0
0
0
405
911
0
0
0
0
0
0
655
779
0
0
0
0
0
0
2188
1848
0
0
0
0
0
0
4022
3414
0
0
0
0
0
0
3353
2839
0
0
0
0
0
0
3012
2907
0
0
0
0
0
0
1615
1993
0
0
0
0
0
0
76
713
0
0
0
0
0
0
1005
1524
0
0
0
0
0
0
1411
1491
0
0
0
0
0
0
2629
2212
0
0
0
0
0
0
3859
3191
0
0
0
0
0
0
2684
2165
0
0
0
0
0
0
2253
2200
0
0
0
0
0
0
1223
1675
0
0
0
0
0
0
287
982
0
0
0
0
0
0
1702
2219
0
0
0
0
0
0
2155
2180
0
0
0
0
0
0
2982
2487
0
0
0
0
0
0
3599
2879
0
0
0
0
0
0
1962
1445
0
0
0
0
0
0
1490
1496
0
0
0
0
0
0
890
1420
0
0
0
0
0
0
576
1321
0
0
0
0
0
0
2445
2956
0
0
0
0
0
0
2918
2880
0
0
0
0
0
0
3288
2717
0
0
0
0
0
0
3279
2512
0
0
0
0
0
0
1200
695
0
0
0
0
0
0
749
819
0
0
0
0
0
0
616
1228
0
0
0
0
0
0
959
1752
0
0
0
0
0
0
3267
3763
0
0
0
0
0
0
3684
3579
0
0
0
0
0
0
3537
2883
0
0
0
0
0
0
2839
2024
0
0
0
0
0
0
323
3936
0
0
0
0
0
0
4074
125
0
0
0
0
0
0
422
1119
0
0
0
0
0
0
301
2466
0
0
0
0
0
0
56
524
0
0
0
0
0
0
1574
3076
0
0
0
0
0
0
3675
2938
0
0
0
0
0
0
3338
3965
0
0
0
0
0
0
3505
3052
0
0
0
0
0
0
2027
1282
0
0
0
0
0
0
327
1108
0
0
0
0
0
0
1222
1980
0
0
0
0
0
0
996
1425
0
0
0
0
0
0
699
830
0
0
0
0
0
0
3706
2887
0
0
0
0
0
0
150
328
0
0
0
0
0
0
2564
2155
0
0
0
0
0
0
3531
3230
0
0
0
0
0
0
341
1202
0
0
0
0
0
0
3703
387
0
0
0
0
0
0
1964
2346
0
0
0
0
0
0
1270
1182
0
0
0
0
0
0
3660
2757
0
0
0
0
0
0
2881
3097
0
0
0
0
0
0
1568
1212
0
0
0
0
0
0
3191
3005
0
0
0
0
0
0
437
1380
0
0
0
0
0
0
487
1253
0
0
0
0
0
0
2980
3306
0
0
0
0
0
0
1754
1572
0
0
0
0
0
0
3504
2522
0
0
0
0
0
0
2074
2286
0
0
0
0
0
0
552
260
0
0
0
0
0
0
2660
2571
0
0
0
0
0
0
664
1683
0
0
0
0
0
0
1351
2124
0
0
0
0
0
0
4012
173
0
0
0
0
0
0
2289
2008
0
0
0
0
0
0
2718
94
0
0
0
0
0
0
1147
1356
0
0
0
0
0
0
3029
1065
0
0
0
0
0
0
2144
2161
0
0
0
0
0
0
232
875
0
0
0
0
0
0
2344
3112
0
0
0
0
0
0
2594
2409
0
0
0
0
0
0
2731
2340
0
0
0
0
0
0
1171
371
0
0
0
0
0
0
111
331
0
0
0
0
0
0
104
4054
0
0
0
0
0
0
1754
1878
0
0
0
0
0
0
1879
392
0
0
0
0
0
0
3405
56
0
0
0
0
0
0
1985
3871
0
0
0
0
0
0
3079
2583
0
0
0
0
0
0
3341
2622
0
0
0
0
0
0
3119
3361
0
0
0
0
0
0
6
298
0
0
0
0
0
0
1446
1680
0
0
0
0
0
0
3558
360
0
0
0
0
0
0
441
1164
0
0
0
0
0
0
1376
1383
0
0
0
0
0
0
3337
2729
0
0
0
0
0
0
2439
2502
0
0
0
0
0
0
1943
2221
0
0
0
0
0
0
2710
2188
0
0
0
0
0
0
1254
1598
0
0
0
0
0
0
3826
780
0
0
0
0
0
0
1644
2325
0
0
0
0
0
0
1835
3357
0
0
0
0
0
0
3469
2751
0
0
0
0
0
0
186
1724
0
0
0
0
0
0
716
1042
0
0
0
0
0
0
1980
3021
0
0
0
0
0
0
1198
1651
0
0
0
0
0
0
3241
3431
0
0
0
0
0
0
2892
3516
0
0
0
0
0
0
3421
3366
0
0
0
0
0
0
3486
2662
0
0
0
0
0
0
1042
48
0
0
0
0
0
0
3554
3938
0
0
0
0
0
0
315
399
0
0
0
0
0
0
1238
1798
0
0
0
0
0
0
2857
2968
0
0
0
0
0
0
77
637
0
0
0
0
0
0
3962
125
0
0
0
0
0
0
3341
2410
0
0
0
0
0
0
1615
2974
0
0
0
0
0
0
2261
2721
0
0
0
0
0
0
2229
605
0
0
0
0
0
0
1445
2106
0
0
0
0
0
0
3404
281
0
0
0
0
0
0
1380
1856
0
0
0
0
0
0
230
3558
0
0
0
0
0
0
3069
2041
0
0
0
0
0
0
1289
1399
0
0
0
0
0
0
949
1496
0
0
0
0
0
0
226
231
0
0
0
0
0
0
1770
2525
0
0
0
0
0
0
3922
887
0
0
0
0
0
0
2669
3057
0
0
0
0
0
0
1661
1370
0
0
0
0
0
0
2673
1550
0
0
0
0
0
0
2960
2767
0
0
0
0
0
0
3742
289
0
0
0
0
0
0
2162
2216
0
0
0
0
0
0
1099
3278
0
0
0
0
0
0
101
103
0
0
0
0
0
0
1128
3097
0
0
0
0
0
0
1302
1372
0
0
0
0
0
0
3127
3403
0
0
0
0
0
0
114
105
0
0
0
0
0
0
1155
935
0
0
0
0
0
0
2376
2311
0
0
0
0
0
0
2060
2876
0
0
0
0
0
0
207
239
0
0
0
0
0
0
159
3630
0
0
0
0
0
0
2036
2040
0
0
0
0
0
0
2918
693
0
0
0
0
0
0
3134
3102
0
0
0
0
0
0
1307
3509
0
0
0
0
0
0
1761
1832
0
0
0
0
0
0
1498
1349
0
0
0
0
0
0
1640
1652
0
0
0
0
0
0
747
811
0
0
0
0
0
0
2399
2256
0
0
0
0
0
0
892
4050
0
0
0
0
0
0
1640
1655
0
0
0
0
0
0
2482
769
0
0
0
0
0
0
1567
1778
0
0
0
0
0
0
98
2829
0
0
0
0
0
0
3144
3101
0
0
0
0
0
0
3366
2624
0
0
0
0
0
0
2522
2245
0
0
0
0
0
0
899
372
0
0
0
0
0
0
122
196
0
0
0
0
0
0
2527
2327
0
0
0
0
0
0
1520
1861
0
0
0
0
0
0
2500
2684
0
0
0
0
0
0
587
475
0
0
0
0
0
0
3944
3409
0
0
0
0
0
0
2484
2077
0
0
0
0
0
0
1307
340
0
0
0
0
0
0
2689
2843
0
0
0
0
0
0
3613
3608
0
0
0
0
0
0
1628
2095
0
0
0
0
0
0
3996
238
0
0
0
0
0
0
2116
1918
0
0
0
0
0
0
884
2654
0
0
0
0
0
0
2285
1759
0
0
0
0
0
0
3224
476
0
0
0
0
0
0
1159
1405
0
0
0
0
0
0
2533
3457
0
0
0
0
0
0
1886
2472
0
0
0
0
0
0
1156
1804
0
0
0
0
0
0
3648
3353
0
0
0
0
0
0
62
4030
0
0
0
0
0
0
1955
1311
0
0
0
0
0
0
2668
2395
0
0
0
0
0
0
3691
4039
0
0
0
0
0
0
1118
836
0
0
0
0
0
0
2317
3019
0
0
0
0
0
0
3790
42
0
0
0
0
0
0
1119
709
0
0
0
0
0
0
2561
140
0
0
0
0
0
0
1413
660
0
0
0
0
0
0
1430
2684
0
0
0
0
0
0
2172
2642
0
0
0
0
0
0
574
1777
0
0
0
0
0
0
2932
3736
0
0
0
0
0
0
3938
528
0
0
0
0
0
0
2621
2086
0
0
0
0
0
0
1651
1196
0
0
0
0
0
0
759
4006
0
0
0
0
0
0
3705
3451
0
0
0
0
0
0
1204
3367
0
0
0
0
0
0
3952
3996
0
0
0
0
0
0
147
2790
0
0
0
0
0
0
2841
3144
0
0
0
0
0
0
774
556
0
0
0
0
0
0
697
719
0
0
0
0
0
0
2370
1791
0
0
0
0
0
0
1075
704
0
0
0
0
0
0
865
1279
0
0
0
0
0
0
2709
2749
0
0
0
0
0
0
2959
3947
0
0
0
0
0
0
3723
10
0
0
0
0
0
0
1493
792
0
0
0
0
0
0
1629
1501
0
0
0
0
0
0
134
267
0
0
0
0
0
0
3493
3129
0
0
0
0
0
0
3305
3643
0
0
0
0
0
0
2255
2469
0
0
0
0
0
0
2789
3657
0
0
0
0
0
0
1439
1768
0
0
0
0
0
0
1978
1290
0
0
0
0
0
0
1814
1522
0
0
0
0
0
0
3924
3994
0
0
0
0
0
0
1724
1431
0
0
0
0
0
0
1330
573
0
0
0
0
0
0
2227
2595
0
0
0
0
0
0
2113
3589
0
0
0
0
0
0
3169
3417
0
0
0
0
0
0
1990
1350
0
0
0
0
0
0
1753
1314
0
0
0
0
0
0
3542
3273
0
0
0
0
0
0
4091
3889
0
0
0
0
0
0
2822
2285
0
0
0
0
0
0
2366
2876
0
0
0
0
0
0
3121
3522
0
0
0
0
0
0
827
982
0
0
0
0
0
0
1896
1563
0
0
0
0
0
0
1557
980
0
0
0
0
0
0
551
448
0
0
0
0
0
0
2354
2251
0
0
0
0
0
0
3263
3833
0
0
0
0
0
0
2658
3302
0
0
0
0
0
0
799
726
0
0
0
0
0
0
2536
2578
0
0
0
0
0
0
971
1536
0
0
0
0
0
0
1142
437
0
0
0
0
0
0
141
3829
0
0
0
0
0
0
643
660
0
0
0
0
0
0
766
1249
0
0
0
0
0
0
3152
3921
0
0
0
0
0
0
1190
1342
0
0
0
0
0
0
145
63
0
0
0
0
0
0
2908
3294
0
0
0
0
0
0
578
3849
0
0
0
0
0
0
2555
2077
0
0
0
0
0
0
3068
3216
0
0
0
0
0
0
3760
357
0
0
0
0
0
0
3798
583
0
0
0
0
0
0
3019
3169
0
0
0
0
0
0
1797
1580
0
0
0
0
0
0
3619
3814
0
0
0
0
0
0
3936
3001
0
0
0
0
0
0
761
310
0
0
0
0
0
0
1423
1712
0
0
0
0
0
0
3189
4063
0
0
0
0
0
0
528
1511
0
0
0
0
0
0
692
806
0
0
0
0
0
0
3404
3039
0
0
0
0
0
0
12
36
0
0
0
0
0
0
3604
2921
0
0
0
0
0
0
3109
2701
0
0
0
0
0
0
2071
3392
0
0
0
0
0
0
2139
1983
0
0
0
0
0
0
3417
1701
0
0
0
0
0
0
848
1439
0
0
0
0
0
0
3950
617
0
0
0
0
0
0
3090
3147
0
0
0
0
0
0
2181
2889
0
0
0
0
0
0
2162
1531
0
0
0
0
0
0
2520
1477
0
0
0
0
0
0
516
577
0
0
0
0
0
0
914
750
0
0
0
0
0
0
2958
3563
0
0
0
0
0
0
615
1480
0
0
0
0
0
0
3608
3447
0
0
0
0
0
0
1939
1926
0
0
0
0
0
0
61
3596
0
0
0
0
0
0
2076
1394
0
0
0
0
0
0
434
679
0
0
0
0
0
0
3244
3291
0
0
0
0
0
0
811
1325
0
0
0
0
0
0
2620
3174
0
0
0
0
0
0
3543
3221
0
0
0
0
0
0
4006
3952
0
0
0
0
0
0
2309
1845
0
0
0
0
0
0
911
456
0
0
0
0
0
0
606
1004
0
0
0
0
0
0
800
857
0
0
0
0
0
0
2641
3054
0
0
0
0
0
0
3641
4008
0
0
0
0
0
0
3302
2834
0
0
0
0
0
0
2509
2444
0
0
0
0
0
0
511
155
0
0
0
0
0
0
4006
3723
0
0
0
0
0
0
919
1456
0
0
0
0
0
0
1638
511
0
0
0
0
0
0
324
621
0
0
0
0
0
0
3002
3729
0
0
0
0
0
0
2901
2296
0
0
0
0
0
0
3725
3849
0
0
0
0
0
0
2812
2577
0
0
0
0
0
0
3923
3536
0
0
0
0
0
0
1409
2076
0
0
0
0
0
0
1850
779
0
0
0
0
0
0
2090
2260
0
0
0
0
0
0
68
695
0
0
0
0
0
0
2316
1591
0
0
0
0
0
0
2453
2531
0
0
0
0
0
0
1089
987
0
0
0
0
0
0
2877
2663
0
0
0
0
0
0
2061
2840
0
0
0
0
0
0
3499
2438
0
0
0
0
0
0
3787
3820
0
0
0
0
0
0
877
1318
0
0
0
0
0
0
1594
760
0
0
0
0
0
0
3645
2716
0
0
0
0
0
0
3526
3566
0
0
0
0
0
0
2223
4047
0
0
0
0
0
0
2881
3768
0
0
0
0
0
0
3928
4048
0
0
0
0
0
0
1311
1193
0
0
0
0
0
0
3157
3028
0
0
0
0
0
0
668
3831
0
0
0
0
0
0
3920
3615
0
0
0
0
0
0
1935
2133
0
0
0
0
0
0
3459
3116
0
0
0
0
0
0
3891
770
0
0
0
0
0
0
2492
3092
0
0
0
0
0
0
2848
2567
0
0
0
0
0
0
1704
823
0
0
0
0
0
0
133
3564
0
0
0
0
0
0
3363
3185
0
0
0
0
0
0
2682
3922
0
0
0
0
0
0
3654
3656
0
0
0
0
0
0
2827
1086
0
0
0
0
0
0
1045
1475
0
0
0
0
0
0
3314
62
0
0
0
0
0
0
1998
2136
0
0
0
0
0
0
2708
3448
0
0
0
0
0
0
3077
2484
0
0
0
0
0
0
3217
2096
0
0
0
0
0
0
1025
974
0
0
0
0
0
0
455
254
0
0
0
0
0
0
1954
2572
0
0
0
0
0
0
3967
808
0
0
0
0
0
0
3306
3245
0
0
0
0
0
0
2339
2373
0
0
0
0
0
0
1004
424
0
0
0
0
0
0
2918
2165
0
0
0
0
0
0
774
925
0
0
0
0
0
0
2899
2889
0
0
0
0
0
0
4006
435
0
0
0
0
0
0
1679
2304
0
0
0
0
0
0
3104
2877
0
0
0
0
0
0
217
232
0
0
0
0
0
0
3231
2762
0
0
0
0
0
0
1920
1389
0
0
0
0
0
0
1113
1407
0
0
0
0
0
0
511
497
0
0
0
0
0
0
1703
2115
0
0
0
0
0
0
2566
3008
0
0
0
0
0
0
2712
2355
0
0
0
0
0
0
2774
2788
0
0
0
0
0
0
1488
1134
0
0
0
0
0
0
1052
693
0
0
0
0
0
0
1566
1987
0
0
0
0
0
0
2044
2030
0
0
0
0
0
0
3396
3685
0
0
0
0
0
0
3371
3644
0
0
0
0
0
0
2171
1693
0
0
0
0
0
0
42
3135
0
0
0
0
0
0
3926
3704
0
0
0
0
0
0
308
1977
0
0
0
0
0
0
2214
2747
0
0
0
0
0
0
1638
1630
0
0
0
0
0
0
937
1092
0
0
0
0
0
0
116
355
0
0
0
0
0
0
1441
858
0
0
0
0
0
0
3242
3046
0
0
0
0
0
0
2331
2245
0
0
0
0
0
0
2862
3271
0
0
0
0
0
0
2993
3623
0
0
0
0
0
0
267
275
0
0
0
0
0
0
2469
2482
0
0
0
0
0
0
1125
1700
0
0
0
0
0
0
592
4014
0
0
0
0
0
0
3936
3538
0
0
0
0
0
0
827
890
0
0
0
0
0
0
1223
1724
0
0
0
0
0
0
3944
560
0
0
0
0
0
0
1655
1734
0
0
0
0
0
0
3898
3759
0
0
0
0
0
0
2015
2402
0
0
0
0
0
0
3685
2937
0
0
0
0
0
0
2089
1715
0
0
0
0
0
0
3552
3765
0
0
0
0
0
0
839
1517
0
0
0
0
0
0
880
1663
0
0
0
0
0
0
3478
3501
0
0
0
0
0
0
1152
860
0
0
0
0
0
0
2186
2408
0
0
0
0
0
0
2572
1760
0
0
0
0
0
0
325
23
0
0
0
0
0
0
2274
2646
0
0
0
0
0
0
801
1632
0
0
0
0
0
0
2072
2904
0
0
0
0
0
0
1083
1026
0
0
0
0
0
0
2334
1882
0
0
0
0
0
0
2138
2218
0
0
0
0
0
0
1346
494
0
0
0
0
0
0
2749
2531
0
0
0
0
0
0
1155
1689
0
0
0
0
0
0
260
30
0
0
0
0
0
0
3334
106
0
0
0
0
0
0
1136
1519
0
0
0
0
0
0
2865
689
0
0
0
0
0
0
627
776
0
0
0
0
0
0
3555
932
0
0
0
0
0
0
1970
1566
0
0
0
0
0
0
3517
3757
0
0
0
0
0
0
3229
3179
0
0
0
0
0
0
2228
2755
0
0
0
0
0
0
3062
3427
0
0
0
0
0
0
2671
2227
0
0
0
0
0
0
661
631
0
0
0
0
0
0
274
3466
0
0
0
0
0
0
104
3896
0
0
0
0
0
0
3839
2044
0
0
0
0
0
0
3641
3729
0
0
0
0
0
0
2042
632
0
0
0
0
0
0
611
853
0
0
0
0
0
0
1992
1535
0
0
0
0
0
0
121
4076
0
0
0
0
0
0
3836
3280
0
0
0
0
0
0
2662
2479
0
0
0
0
0
0
3607
3096
0
0
0
0
0
0
132
323
0
0
0
0
0
0
3720
3948
0
0
0
0
0
0
2083
2206
0
0
0
0
0
0
2859
2619
0
0
0
0
0
0
3568
3333
0
0
0
0
0
0
3973
2973
0
0
0
0
0
0
1264
1205
0
0
0
0
0
0
807
519
0
0
0
0
0
0
852
1129
0
0
0
0
0
0
1551
1889
0
0
0
0
0
0
3446
3441
0
0
0
0
0
0
3932
3456
0
0
0
0
0
0
2795
2479
0
0
0
0
0
0
2021
1043
0
0
0
0
0
0
4028
2
0
0
0
0
0
0
404
300
0
0
0
0
0
0
1677
2027
0
0
0
0
0
0
3234
3519
0
0
0
0
0
0
629
491
0
0
0
0
0
0
42
3508
0
0
0
0
0
0
1892
1509
0
0
0
0
0
0
1629
3477
0
0
0
0
0
0
2816
3024
0
0
0
0
0
0
3102
1449
0
0
0
0
0
0
2621
3028
0
0
0
0
0
0
236
179
0
0
0
0
0
0
1773
1498
0
0
0
0
0
0
3055
2737
0
0
0
0
0
0
912
481
0
0
0
0
0
0
1164
215
0
0
0
0
0
0
1733
2076
0
0
0
0
0
0
3784
3824
0
0
0
0
0
0
3635
4088
0
0
0
0
0
0
1539
1786
0
0
0
0
0
0
2806
2394
0
0
0
0
0
0
1207
1526
0
0
0
0
0
0
3950
3480
0
0
0
0
0
0
3903
3751
0
0
0
0
0
0
110
3491
0
0
0
0
0
0
3095
2656
0
0
0
0
0
0
3140
57
0
0
0
0
0
0
4065
137
0
0
0
0
0
0
2362
2012
0
0
0
0
0
0
4066
1726
0
0
0
0
0
0
3656
2884
0
0
0
0
0
0
715
2238
0
0
0
0
0
0
2007
1481
0
0
0
0
0
0
3885
901
0
0
0
0
0
0
517
1624
0
0
0
0
0
0
531
887
0
0
0
0
0
0
3494
2953
0
0
0
0
0
0
1851
1522
0
0
0
0
0
0
2192
1409
0
0
0
0
0
0
3160
3278
0
0
0
0
0
0
1315
946
0
0
0
0
0
0
152
33
0
0
0
0
0
0
1831
2930
0
0
0
0
0
0
3843
842
0
0
0
0
0
0
4056
3378
0
0
0
0
0
0
1560
1252
0
0
0
0
0
0
941
167
0
0
0
0
0
0
2252
2112
0
0
0
0
0
0
788
551
0
0
0
0
0
0
3029
3114
0
0
0
0
0
0
3072
59
0
0
0
0
0
0
938
811
0
0
0
0
0
0
3999
1626
0
0
0
0
0
0
3832
3902
0
0
0
0
0
0
3222
725
0
0
0
0
0
0
2816
1792
0
0
0
0
0
0
276
911
0
0
0
0
0
0
2931
3358
0
0
0
0
0
0
3464
3629
0
0
0
0
0
0
3573
3581
0
0
0
0
0
0
1118
1508
0
0
0
0
0
0
179
4075
0
0
0
0
0
0
830
3942
0
0
0
0
0
0
1856
3705
0
0
0
0
0
0
3867
2175
0
0
0
0
0
0
2933
3377
0
0
0
0
0
0
1951
347
0
0
0
0
0
0
1052
2377
0
0
0
0
0
0
273
3589
0
0
0
0
0
0
2288
1717
0
0
0
0
0
0
2942
2806
0
0
0
0
0
0
2678
2692
0
0
0
0
0
0
2503
2285
0
0
0
0
0
0
237
599
0
0
0
0
0
0
971
1895
0
0
0
0
0
0
1094
1855
0
0
0
0
0
0
1529
1718
0
0
0
0
0
0
3293
2628
0
0
0
0
0
0
3070
3063
0
0
0
0
0
0
1654
1970
0
0
0
0
0
0
2666
2125
0
0
0
0
0
0
2015
2343
0
0
0
0
0
0
112
1137
0
0
0
0
0
0
1534
2140
0
0
0
0
0
0
2294
2470
0
0
0
0
0
0
2219
1574
0
0
0
0
0
0
2290
2248
0
0
0
0
0
0
1131
1553
0
0
0
0
0
0
2312
1876
0
0
0
0
0
0
2883
3217
0
0
0
0
0
0
1317
2310
0
0
0
0
0
0
2167
2672
0
0
0
0
0
0
2278
2348
0
0
0
0
0
0
1346
689
0
0
0
0
0
0
1095
1119
0
0
0
0
0
0
511
1040
0
0
0
0
0
0
2527
2180
0
0
0
0
0
0
3795
41
0
0
0
0
0
0
2427
3348
0
0
0
0
0
0
2749
3148
0
0
0
0
0
0
1990
1978
0
0
0
0
0
0
393
3827
0
0
0
0
0
0
34
135
0
0
0
0
0
0
510
2710
0
0
0
0
0
0
2868
2596
0
0
0
0
0
0
2414
3165
0
0
0
0
0
0
3440
184
0
0
0
0
0
0
2555
1977
0
0
0
0
0
0
1580
1499
0
0
0
0
0
0
427
2129
0
0
0
0
0
0
3156
3339
0
0
0
0
0
0
2316
1429
0
0
0
0
0
0
3311
3098
0
0
0
0
0
0
1625
1811
0
0
0
0
0
0
260
1020
0
0
0
0
0
0
2520
2172
0
0
0
0
0
0
1120
985
0
0
0
0
0
0
4084
3742
0
0
0
0
0
0
2277
2541
0
0
0
0
0
0
195
3995
0
0
0
0
0
0
3811
3651
0
0
0
0
0
0
1277
1974
0
0
0
0
0
0
1116
1791
0
0
0
0
0
0
1732
2071
0
0
0
0
0
0
589
407
0
0
0
0
0
0
2634
1780
0
0
0
0
0
0
1481
1830
0
0
0
0
0
0
1392
1140
0
0
0
0
0
0
275
156
0
0
0
0
0
0
2118
3000
0
0
0
0
0
0
1863
2452
0
0
0
0
0
0
2882
3054
0
0
0
0
0
0
4079
3862
0
0
0
0
0
0
1274
412
0
0
0
0
0
0
127
3460
0
0
0
0
0
0
1160
1041
0
0
0
0
0
0
3403
3845
0
0
0
0
0
0
3279
19
0
0
0
0
0
0
540
51
0
0
0
0
0
0
2857
2934
0
0
0
0
0
0
2685
2689
0
0
0
0
0
0
295
3580
0
0
0
0
0
0
889
466
0
0
0
0
0
0
1259
1217
0
0
0
0
0
0
1141
1400
0
0
0
0
0
0
69
851
0
0
0
0
0
0
718
1335
0
0
0
0
0
0
2707
2717
0
0
0
0
0
0
3629
3165
0
0
0
0
0
0
3554
2796
0
0
0
0
0
0
2080
1505
0
0
0
0
0
0
1401
1423
0
0
0
0
0
0
797
1335
0
0
0
0
0
0
869
1600
0
0
0
0
0
0
2496
2998
0
0
0
0
0
0
2530
2481
0
0
0
0
0
0
2722
2170
0
0
0
0
0
0
2771
2065
0
0
0
0
0
0
1280
832
0
0
0
0
0
0
1603
1680
0
0
0
0
0
0
1747
2296
0
0
0
0
0
0
1635
2313
0
0
0
0
0
0
2906
3309
0
0
0
0
0
0
2289
2184
0
0
0
0
0
0
1904
1362
0
0
0
0
0
0
2047
1398
0
0
0
0
0
0
1012
645
0
0
0
0
0
0
1896
2021
0
0
0
0
0
0
2477
3012
0
0
0
0
0
0
2326
2944
0
0
0
0
0
0
3133
3463
0
0
0
0
0
0
1958
1809
0
0
0
0
0
0
1197
667
0
0
0
0
0
0
1380
793
0
0
0
0
0
0
808
512
0
0
0
0
0
0
2261
2425
0
0
0
0
0
0
3178
3696
0
0
0
0
0
0
2943
3500
0
0
0
0
0
0
3299
3563
0
0
0
0
0
0
1587
1406
0
0
0
0
0
0
526
16
0
0
0
0
0
0
811
284
0
0
0
0
0
0
678
445
0
0
0
0
0
0
2641
2837
0
0
0
0
0
0
3845
245
0
0
0
0
0
0
3486
3983
0
0
0
0
0
0
3393
3594
0
0
0
0
0
0
1174
967
0
0
0
0
0
0
3961
3477
0
0
0
0
0
0
305
3931
0
0
0
0
0
0
621
447
0
0
0
0
0
0
3071
3291
0
0
0
0
0
0
402
873
0
0
0
0
0
0
3970
310
0
0
0
0
0
0
3409
3551
0
0
0
0
0
0
713
484
0
0
0
0
0
0
3307
2852
0
0
0
0
0
0
3949
3542
0
0
0
0
0
0
650
533
0
0
0
0
0
0
3554
3789
0
0
0
0
0
0
1033
1472
0
0
0
0
0
0
278
655
0
0
0
0
0
0
3353
3447
0
0
0
0
0
0
256
17
0
0
0
0
0
0
2732
2311
0
0
0
0
0
0
3609
3259
0
0
0
0
0
0
746
674
0
0
0
0
0
0
4024
168
0
0
0
0
0
0
1580
1981
0
0
0
0
0
0
566
888
0
0
0
0
0
0
3228
3283
0
0
0
0
0
0
3890
3648
0
0
0
0
0
0
2197
1812
0
0
0
0
0
0
3334
3039
0
0
0
0
0
0
893
860
0
0
0
0
0
0
403
642
0
0
0
0
0
0
2094
2459
0
0
0
0
0
0
814
1083
0
0
0
0
0
0
3054
3073
0
0
0
0
0
0
3419
3180
0
0
0
0
0
0
1718
1368
0
0
0
0
0
0
3114
2867
0
0
0
0
0
0
1064
1062
0
0
0
0
0
0
852
1089
0
0
0
0
0
0
2555
2885
0
0
0
0
0
0
1004
1226
0
0
0
0
0
0
2859
2847
0
0
0
0
0
0
2952
2719
0
0
0
0
0
0
1274
965
0
0
0
0
0
0
2967
2767
0
0
0
0
0
0
1291
1315
0
0
0
0
0
0
1312
1540
0
0
0
0
0
0
2957
3243
0
0
0
0
0
0
1098
1275
0
0
0
0
0
0
2602
2568
0
0
0
0
0
0
2496
2277
0
0
0
0
0
0
894
624
0
0
0
0
0
0
2884
2726
0
0
0
0
0
0
1545
1589
0
0
0
0
0
0
1739
1953
0
0
0
0
0
0
3306
3557
0
0
0
0
0
0
1170
1308
0
0
0
0
0
0
2347
2295
0
0
0
0
0
0
2078
1873
0
0
0
0
0
0
575
345
0
0
0
0
0
0
2871
2750
0
0
0
0
0
0
1838
1895
0
0
0
0
0
0
2158
2352
0
0
0
0
0
0
3594
3804
0
0
0
0
0
0
1152
1257
0
0
0
0
0
0
2059
1998
0
0
0
0
0
0
1697
1513
0
0
0
0
0
0
330
136
0
0
0
0
0
0
2899
2811
0
0
0
0
0
0
2130
2196
0
0
0
0
0
0
2532
2704
0
0
0
0
0
0
3818
3993
0
0
0
0
0
0
1111
1184
0
0
0
0
0
0
1765
1698
0
0
0
0
0
0
1334
1172
0
0
0
0
0
0
120
4059
0
0
0
0
0
0
2966
2904
0
0
0
0
0
0
2412
2479
0
0
0
0
0
0
2850
3002
0
0
0
0
0
0
3994
41
0
0
0
0
0
0
1039
1089
0
0
0
0
0
0
1497
1428
0
0
0
0
0
0
1038
895
0
0
0
0
0
0
4064
3936
0
0
0
0
0
0
3046
3007
0
0
0
0
0
0
2677
2744
0
0
0
0
0
0
3143
3273
0
0
0
0
0
0
31
144
0
0
0
0
0
0
931
961
0
0
0
0
0
0
1227
1162
0
0
0
0
0
0
775
654
0
0
0
0
0
0
3961
3860
0
0
0
0
0
0
3157
3134
0
0
0
0
0
0
2932
3000
0
0
0
0
0
0
3397
3508
0
0
0
0
0
0
128
215
0
0
0
0
0
0
817
832
0
0
0
0
0
0
969
906
0
0
0
0
0
0
527
429
0
0
0
0
0
0
3888
3813
0
0
0
0
0
0
3298
3288
0
0
0
0
0
0
3186
3244
0
0
0
0
0
0
3600
3687
0
0
0
0
0
0
165
230
0
0
0
0
0
0
679
683
0
0
0
0
0
0
743
689
0
0
0
0
0
0
349
270
0
0
0
0
0
0
3853
3797
0
0
0
0
0
0
3420
3420
0
0
0
0
0
0
3397
3449
0
0
0
0
0
0
3769
3837
0
0
0
0
0
0
181
224
0
0
0
0
0
0
522
519
0
0
0
0
0
0
523
477
0
0
0
0
0
0
206
148
0
0
0
0
0
0
3865
3827
0
0
0
0
0
0
3571
3576
0
0
0
0
0
0
3594
3633
0
0
0
0
0
0
3880
3929
0
0
0
0
0
0
158
189
0
0
0
0
0
0
400
396
0
0
0
0
0
0
379
346
0
0
0
0
0
0
128
86
0
0
0
0
0
0
3911
3886
0
0
0
0
0
0
3708
3711
0
0
0
0
0
0
3725
3754
0
0
0
0
0
0
3950
3985
0
0
0
0
0
0
120
140
0
0
0
0
0
0
279
274
0
0
0
0
0
0
244
218
0
0
0
0
0
0
50
19
0
0
0
0
0
0
3925
3910
0
0
0
0
0
0
3816
3822
0
0
0
0
0
0
3864
3885
0
0
0
0
0
0
4021
4045
0
0
0
0
0
0
95
104
0
0
0
0
0
0
164
157
0
0
0
0
0
0
115
97
0
0
0
0
0
0
4086
4071
0
0
0
0
0
0
3977
3971
0
0
0
0
0
0
3936
3941
0
0
0
0
0
0
3968
3979
0
0
0
0
0
0
4055
4066
0
0
0
0
0
0
35
39
0
0
0
0
0
0
67
64
0
0
0
0
0
0
36
27
0
0
0
0
0
0
4068
4059
0
0
0
0
0
0
4013
4010
0
0
0
0
0
0
4002
4005
0
0
0
0
0
0
4030
4036
0
0
0
0
0
0
4077
4080
0
0
0
0
0
0
6
7
0
0
0
0
0
0
2
4094
0
0
0
0
0
0
4073
4068
0
0
0
0
0
0
4049
4047
0
0
0
0
0
0
4043
4043
0
0
0
0
0
0
4050
4052
0
0
0
0
0
0
4072
4075
0
0
0
0
0
0
4088
4088
0
0
0
0
0
0
4081
4078
0
0
0
0
0
0
4059
4057
0
0
0
0
0
0
4051
4050
0
0
0
0
0
0
4051
4051
0
0
0
0
0
0
4064
4067
0
0
0
0
0
0
4094
1
0
0
0
0
0
0
17
18
0
0
0
0
0
0
16
15
0
0
0
0
0
0
3
2
0
0
0
0
0
0
4089
4088
0
0
0
0
0
0
4087
4088
0
0
0
0
0
0
4092
4093
0
0
0
0
0
0
2
2
0
0
0
0
0
0
3
3
0
0
0
0
0
0
1
1
0
0
0
0
0
0
4095
4095
0
0
0
0
0
0
4094
4094
0
0
0
0
0
0
4094
4094
0
0
0
0
0
0
0
0
0
0
0
0
0
0
0
0
0
0
0
0
0
0
0
0
0
0
0
0
0
0
0
0
0
0
0
0
0
0
4095
4095
0
0
0
0
0
0
4095
4095
0
0
0
0
0
0
4095
4095
0
0
0
0
0
0
0
0
0
0
0
0
0
0
0
0
0
0
0
0
0
0
0
0
0
0
0
0
0
0
4095
4095
0
0
0
0
0
0
4095
4095
0
0
0
0
0
0
4095
4095
0
0
0
0
0
0
0
0
0
0
0
0
0
0
0
0
0
0
0
0
0
0
0
0
0
0
0
0
0
0
0
4095
0
0
0
0
0
0
4095
4095
0
0
0
0
0
0
4095
4095
0
0
0
0
0
0
4095
4095
0
0
0
0
0
0
0
0
0
0
0
0
0
0
0
0
0
0
0
0
0
0
0
0
0
0
0
0
0
0
4095
4095
0
0
0
0
0
0
4095
4095
0
0
0
0
0
0
4095
4095
0
0
0
0
0
0
0
0
0
0
0
0
0
0
0
0
0
0
0
0
0
0
0
0
0
0
0
0
0
0
4095
4095
0
0
0
0
0
0
4095
4095
0
0
0
0
0
0
4095
4095
0
0
0
0
0
0
0
0
0
0
0
0
0
0
0
0
0
0
0
0
0
0
0
0
0
0
0
0
0
0
0
0
0
0
0
0
0
0
0
0
0
0
0
0
0
0
0
0
0
0
0
0
0
0
0
0
0
0
0
0
0
0
0
0
0
0
0
0
0
0
0
0
0
0
0
0
0
0
0
0
0
0
0
0
0
0
0
0
0
0
0
0
0
0
0
0
0
0
0
0
0
0
0
0
0
0
0
0
0
0
0
0
0
0
0
0
0
0
0
0
0
0
0
0
0
0
0
0
0
0
0
0
0
0
0
0
0
0
0
0
0
0
0
0
0
0
0
0
0
0
0
0
0
0
0
0
0
0
0
0
0
0
0
0
0
0
0
0
0
0
0
0
0
0
0
0
0
0
0
0
0
0
0
0
0
0
0
0
0
0
0
0
0
0
0
0
0
0
0
0
0
0
0
0
0
0
0
0
0
0
0
0
0
0
0
0
0
0
0
0
0
0
0
0
0
0
0
0
0
0
0
0
0
0
0
0
0
0
0
0
0
0
0
0
0
0
0
0
0
0
0
0
0
0
0
0
0
0
0
0
0
0
0
0
0
0
0
0
0
0
0
0
0
0
0
0
0
0
0
0
0
0
0
0
0
0
0
0
0
0
0
0
0
0
0
0
0
0
0
0
0
0
0
0
0
0
0
0
0
0
0
0
0
0
0
0
0
0
0
0
0
0
0
0
0
0
0
0
0
0
0
0
0
0
0
0
0
0
0
0
0
0
0
0
0
0
0
0
0
0
0
0
0
0
0
0
0
0
0
0
0
0
0
0
0
0
0
0
0
0
0
0
0
0
0
0
0
0
0
0
0
0
0
0
0
0
0
0
0
0
0
0
0
0
0
0
0
0
0
0
0
0
0
0
0
0
0
0
0
0
0
0
0
0
0
0
0
0
0
0
0
0
0
0
0
0
0
0
0
0
0
0
0
0
0
0
0
0
0
0
0
0
0
0
0
0
0
0
0
0
0
0
0
0
0
0
0
0
0
0
0
0
0
0
0
0
0
0
0
0
0
0
0
0
0
0
0
0
0
0
0
0
0
0
0
0
0
0
0
0
0
0
0
0
0
0
0
0
0
0
0
0
0
0
0
0
0
0
0
0
0
0
0
0
0
0
0
0
0
0
0
0
0
0
0
0
0
0
0
0
0
0
0
0
0
0
0
0
0
0
0
0
0
0
0
0
0
0
0
0
0
0
0
0
0
0
0
0
0
0
0
0
0
0
0
0
0
0
0
0
0
0
0
0
0
0
0
0
0
0
0
0
0
0
0
0
0
0
0
0
0
0
0
0
0
0
0
0
0
0
0
0
0
0
0
0
0
0
0
0
0
0
0
0
0
0
0
0
0
0
0
0
0
0
0
0
0
0
0
0
0
0
0
0
0
0
0
0
0
0
0
0
0
0
0
0
0
0
0
0
0
0
0
0
0
0
0
0
0
0
0
0
0
0
0
0
0
0
0
0
0
0
0
0
0
0
0
0
0
0
0
0
0
0
0
0
0
0
0
0
0
0
0
0
0
0
0
0
0
0
0
0
0
0
0
0
0
0
0
0
0
0
0
0
0
0
0
0
0
0
0
0
0
0
0
0
0
0
0
0
0
0
0
0
0
0
0
0
0
0
0
0
0
0
0
0
0
0
0
0
0
0
0
0
0
0
0
0
0
0
0
0
0
0
0
0
0
0
0
0
0
0
0
0
0
0
0
0
0
0
0
0
0
0
0
0
0
0
0
0
0
0
0
0
0
0
0
0
0
0
0
0
0
0
0
0
0
0
0
0
0
0
0
0
0
0
0
0
0
0
0
0
0
0
0
0
0
0
0
0
0
0
0
0
0
0
0
0
0
0
0
0
0
0
0
0
0
0
0
0
0
0
0
0
0
0
0
0
0
0
0
0
0
0
0
0
0
0
0
0
0
0
0
0
0
0
0
0
0
0
0
0
0
0
0
0
0
0
0
0
0
0
0
0
0
0
0
0
0
0
0
0
0
0
0
0
0
0
0
0
0
0
0
0
0
0
0
0
0
0
0
0
0
0
0
0
0
0
0
0
0
0
0
0
0
0
0
0
0
0
0
0
0
0
0
0
0
0
0
0
0
0
0
0
0
0
0
0
0
0
0
0
0
0
0
0
0
0
0
0
0
0
0
0
0
0
0
0
0
0
0
0
0
0
0
0
0
0
0
0
0
0
0
0
0
0
0
0
0
0
0
0
0
0
0
0
0
0
0
0
0
0
0
0
0
0
0
0
0
0
0
0
0
0
0
0
0
0
0
0
0
0
0
0
0
0
0
0
0
0
0
0
0
0
0
0
0
0
0
0
0
0
0
0
0
0
0
0
0
0
0
0
0
0
0
0
0
0
0
0
0
0
0
0
0
0
0
0
0
0
0
0
0
0
0
0
0
0
0
0
0
0
0
0
0
0
0
0
0
0
0
0
0
0
0
0
0
0
0
0
0
0
0
0
0
0
0
0
0
0
0
0
0
0
0
0
0
0
0
0
0
0
0
0
0
0
0
0
0
0
0
0
0
0
0
0
0
0
0
0
0
0
0
0
0
0
0
0
0
0
0
0
0
0
0
0
0
0
0
0
0
0
0
0
0
0
0
0
0
0
0
0
0
0
0
0
0
0
0
0
0
0
0
0
0
0
0
0
0
0
0
0
0
0
0
0
0
0
0
0
0
0
0
0
0
0
0
0
0
0
0
0
0
0
0
0
0
0
0
0
0
0
0
0
0
0
0
0
0
0
0
0
0
0
0
0
0
0
0
0
0
0
0
0
0
0
0
0
0
0
0
0
0
0
0
0
0
0
0
0
0
0
0
0
0
0
0
0
0
0
0
0
0
0
0
0
0
0
0
0
0
0
0
0
0
0
0
0
0
0
0
0
0
0
0
0
0
0
0
0
0
0
0
0
0
0
0
0
0
0
0
0
0
0
0
0
0
0
0
0
0
0
0
0
0
0
0
0
0
0
0
0
0
0
0
0
0
0
0
0
0
0
0
0
0
0
0
0
0
0
0
0
0
0
0
0
0
0
0
0
0
0
0
0
0
0
0
0
0
0
0
0
0
0
0
0
0
0
0
0
0
0
0
0
0
0
0
0
0
0
0
0
0
0
0
0
0
0
0
0
0
0
0
0
0
0
0
0
0
0
0
0
0
0
0
0
0
0
0
0
0
0
0
0
0
0
0
0
0
0
0
0
0
0
0
0
0
0
0
0
0
0
0
0
0
0
0
0
0
0
0
0
0
0
0
0
0
0
0
0
0
0
0
0
0
0
0
0
0
0
0
0
0
0
0
0
0
0
0
0
0
0
0
0
0
0
0
0
0
0
0
0
0
0
0
0
0
0
0
0
0
0
0
0
0
0
0
0
0
0
0
0
0
0
0
0
0
0
0
0
0
0
0
0
0
0
0
0
0
0
0
0
0
0
0
0
0
0
0
0
0
0
0
0
0
0
0
0
0
0
0
0
0
0
0
0
0
0
0
0
0
0
0
0
0
0
0
0
0
0
0
0
0
0
0
0
0
0
0
0
0
0
0
0
0
0
0
0
0
0
0
0
0
0
0
0
0
0
0
0
0
0
0
0
0
0
0
0
0
0
0
0
0
0
0
0
0
0
0
0
0
0
0
0
0
0
0
0
0
0
0
0
0
0
0
0
0
0
0
0
0
0
0
0
0
0
0
0
0
0
0
0
0
0
0
0
0
0
0
0
0
0
0
0
0
0
0
0
0
0
0
0
0
0
0
0
0
0
0
0
0
0
0
0
0
0
0
0
0
0
0
0
0
0
0
0
0
0
0
0
0
0
0
0
0
0
0
0
0
0
0
0
0
0
0
0
0
0
0
0
0
0
0
0
0
0
0
0
0
0
0
0
0
0
0
0
0
0
0
0
0
0
0
0
0
0
0
0
0
0
0
0
0
0
0
0
0
0
0
0
0
0
0
0
0
0
0
0
0
0
0
0
0
0
0
0
0
0
0
0
0
0
0
0
0
0
0
0
0
0
0
0
0
0
0
0
0
0
0
0
0
0
0
0
0
0
0
0
0
0
0
0
0
0
0
0
0
0
0
0
0
0
0
0
0
0
0
0
0
0
0
0
0
0
0
0
0
0
0
0
0
0
0
0
0
0
0
0
0
0
0
0
0
0
0
0
0
0
0
0
0
0
0
0
0
0
0
0
0
0
0
0
0
0
0
0
0
0
0
0
0
0
0
0
0
0
0
0
0
0
0
0
0
0
0
0
0
0
0
0
0
0
0
0
0
0
0
0
0
0
0
0
0
0
0
0
0
0
0
0
0
0
0
0
0
0
0
0
0
0
0
0
0
0
0
0
0
0
0
0
0
0
0
0
0
0
0
0
0
0
0
0
0
0
0
0
0
0
0
0
0
0
0
0
0
0
0
0
0
0
0
0
0
0
0
0
0
0
0
0
0
0
0
0
0
0
0
0
0
0
0
0
0
0
0
0
0
0
0
0
0
0
0
0
0
0
0
0
0
0
0
0
0
0
0
0
0
0
0
0
0
0
0
0
0
0
0
0
0
0
0
0
0
0
0
0
0
0
0
0
0
0
0
0
0
0
0
0
0
0
0
0
0
0
0
0
0
0
0
0
0
0
0
0
0
0
0
0
0
0
0
0
0
0
0
0
0
0
0
0
0
0
0
0
0
0
0
0
0
0
0
0
0
0
0
0
0
0
0
0
0
0
0
0
0
0
0
0
0
0
0
0
0
0
0
0
0
0
0
0
0
0
0
0
0
0
0
0
0
0
0
0
0
0
0
0
0
0
0
0
0
0
0
0
0
0
0
0
0
0
0
0
0
0
0
0
0
0
0
0
0
0
0
0
0
0
0
0
0
0
0
0
0
0
0
0
0
0
0
0
0
0
0
0
0
0
0
0
0
0
0
0
0
0
0
0
0
0
0
0
0
0
0
0
0
0
0
0
0
0
0
0
0
0
0
0
0
0
0
0
0
0
0
0
0
0
0
0
0
0
0
0
0
0
0
0
0
0
0
0
0
0
0
0
0
0
0
0
0
0
0
0
0
0
0
0
0
0
0
0
0
0
0
0
0
0
0
0
0
0
0
0
0
0
0
0
0
0
0
0
0
0
0
0
0
0
0
0
0
0
0
0
0
0
0
0
0
0
0
0
0
0
0
0
0
0
0
0
0
0
0
0
0
0
0
0
0
0
0
0
0
0
0
0
0
0
0
0
0
0
0
0
0
0
0
0
0
0
0
0
0
0
0
0
0
0
0
0
0
0
0
0
0
0
0
0
0
0
0
0
0
0
0
0
0
0
0
0
0
0
0
0
0
0
0
0
0
0
0
0
0
0
0
0
0
0
0
0
0
0
0
0
0
0
0
0
0
0
0
0
0
0
0
0
0
0
0
0
0
0
0
0
0
0
0
0
0
0
0
0
0
0
0
0
0
0
0
0
0
0
0
0
0
0
0
0
0
0
0
0
0
0
0
0
0
0
0
0
0
0
0
0
0
0
0
0
0
0
0
0
0
0
0
0
0
0
0
0
0
0
0
0
0
0
0
0
0
0
0
0
0
0
0
0
0
0
0
0
0
0
0
0
0
0
0
0
0
0
0
0
0
0
0
0
0
0
0
0
0
0
0
0
0
0
0
0
0
0
0
0
0
0
0
0
0
0
0
0
0
0
0
0
0
0
0
0
0
0
0
0
0
0
0
0
0
0
0
0
0
0
0
0
0
0
0
0
0
0
0
0
0
0
0
0
0
0
0
0
0
0
0
0
0
0
0
0
0
0
0
0
0
0
0
0
0
0
0
0
0
0
0
0
0
0
0
0
0
0
0
0
0
0
0
0
0
0
0
0
0
0
0
0
0
0
0
0
0
0
0
0
0
0
0
0
0
0
0
0
0
0
0
0
0
0
0
0
0
0
0
0
0
0
0
0
0
0
0
0
0
0
0
0
0
0
0
0
0
0
0
0
0
0
0
0
0
0
0
0
0
0
0
0
0
0
0
0
0
0
0
0
0
0
0
0
0
0
0
0
0
0
0
0
0
0
0
0
0
0
0
0
0
0
0
0
0
0
0
0
0
0
0
0
0
0
0
0
0
0
0
0
0
0
0
0
0
0
0
0
0
0
0
0
0
0
0
0
0
0
0
0
0
0
0
0
0
0
0
0
0
0
0
0
0
0
0
0
0
0
0
0
0
0
0
0
0
0
0
0
0
0
0
0
0
0
0
0
0
0
0
0
0
0
0
0
0
0
0
0
0
0
0
0
0
0
0
0
0
0
0
0
0
0
0
0
0
0
0
0
0
0
0
0
0
0
0
0
0
0
0
0
0
0
0
0
0
0
0
0
0
0
0
0
0
0
0
0
0
0
0
0
0
0
0
0
0
0
0
0
0
0
0
0
0
0
0
0
0
0
0
0
0
0
0
0
0
0
0
0
0
0
0
0
0
0
0
0
0
0
0
0
0
0
0
0
0
0
0
0
0
0
0
0
0
0
0
0
0
0
0
0
0
0
0
0
0
0
0
0
0
0
0
0
0
0
0
0
0
0
0
0
0
0
0
0
0
0
0
0
0
0
0
0
0
0
0
0
0
0
0
0
0
0
0
0
0
0
0
0
0
0
0
0
0
0
0
0
0
0
0
0
0
0
0
0
0
0
0
0
0
0
0
0
0
0
0
0
0
0
0
0
0
0
0
0
0
0
0
0
0
0
0
0
0
0
0
0
0
0
0
0
0
0
0
0
0
0
0
0
0
0
0
0
0
0
0
0
0
0
0
0
0
0
0
0
0
0
0
0
0
0
0
0
0
0
0
0
0
0
0
0
0
0
0
0
0
0
0
0
0
0
0
0
0
0
0
0
0
0
0
0
0
0
0
0
0
0
0
0
0
0
0
0
0
0
0
0
0
0
0
0
0
0
0
0
0
0
0
0
0
0
0
0
0
0
0
0
0
0
0
0
0
0
0
0
0
0
0
0
0
0
0
0
0
0
0
0
0
0
0
0
0
0
0
0
0
0
0
0
0
0
0
0
0
0
0
0
0
0
0
0
0
0
0
0
0
0
0
0
0
0
0
0
0
0
0
0
0
0
0
0
0
0
0
0
0
0
0
0
0
0
0
0
0
0
0
0
0
0
0
0
0
0
0
0
0
0
0
0
0
0
0
0
0
0
0
0
0
0
0
0
0
0
0
0
0
0
0
0
0
0
0
0
0
0
0
0
0
0
0
0
0
0
0
0
0
0
0
0
0
0
0
0
0
0
0
0
0
0
0
0
0
0
0
0
0
0
0
0
0
0
0
0
0
0
0
0
0
0
0
0
0
0
0
0
0
0
0
0
0
0
0
0
0
0
0
0
0
0
0
0
0
0
0
0
0
0
0
0
0
0
0
0
0
0
0
0
0
0
0
0
0
0
0
0
0
0
0
0
0
0
0
0
0
0
0
0
0
0
0
0
0
0
0
0
0
0
0
0
0
0
0
0
0
0
0
0
0
0
0
0
0
0
0
0
0
0
0
0
0
0
0
0
0
0
0
0
0
0
0
0
0
0
0
0
0
0
0
0
0
0
0
0
0
0
0
0
0
0
0
0
0
0
0
0
0
0
0
0
0
0
0
0
0
0
0
0
0
0
0
0
0
0
0
0
0
0
0
0
0
0
0
0
0
0
0
0
0
0
0
0
0
0
0
0
0
0
0
0
0
0
0
0
0
0
0
0
0
0
0
0
0
0
0
0
0
0
0
0
0
0
0
0
0
0
0
0
0
0
0
0
0
0
0
0
0
0
0
0
0
0
0
0
0
0
0
0
0
0
0
0
0
0
0
0
0
0
0
0
0
0
0
0
0
0
0
0
0
0
0
0
0
0
0
0
0
0
0
0
0
0
0
0
0
0
0
0
0
0
0
0
0
0
0
0
0
0
0
0
0
0
0
0
0
0
0
0
0
0
0
0
0
0
0
0
0
0
0
0
0
0
0
0
0
0
0
0
0
0
0
0
0
0
0
0
0
0
0
0
0
0
0
0
0
0
0
0
0
0
0
0
0
0
0
0
0
0
0
0
0
0
0
0
0
0
0
0
0
0
0
0
0
0
0
0
0
0
0
0
0
0
0
0
0
0
0
0
0
0
0
0
0
0
0
0
0
0
0
0
0
0
0
0
0
0
0
0
0
0
0
0
0
0
0
0
0
0
0
0
0
0
0
0
0
0
0
0
0
0
0
0
0
0
0
0
0
0
0
0
0
0
0
0
0
0
0
0
0
0
0
0
0
0
0
0
0
0
0
0
0
0
0
0
0
0
0
0
0
0
0
0
0
0
0
0
0
0
0
0
0
0
0
0
0
0
0
0
0
0
0
0
0
0
0
0
0
0
0
0
0
0
0
0
0
0
0
0
0
0
0
0
0
0
0
0
0
0
0
0
0
0
0
0
0
0
0
0
0
0
0
0
0
0
0
0
0
0
0
0
0
0
0
0
0
0
0
0
0
0
0
0
0
0
0
0
0
0
0
0
0
0
0
0
0
0
0
0
0
0
0
0
0
0
0
0
0
0
0
0
0
0
0
0
0
0
0
0
0
0
0
0
0
0
0
0
0
0
0
0
0
0
0
0
0
0
0
0
0
0
0
0
0
0
0
0
0
0
0
0
0
0
0
0
0
0
0
0
0
0
0
0
0
0
0
0
0
0
0
0
0
0
0
0
0
0
0
0
0
0
0
0
0
0
0
0
0
0
0
0
0
0
0
0
0
0
0
0
0
0
0
0
0
0
0
0
0
0
0
0
0
0
0
0
0
0
0
0
0
0
0
0
0
0
0
0
0
0
0
0
0
0
0
0
0
0
0
0
0
0
0
0
0
0
0
0
0
0
0
0
0
0
0
0
0
0
0
0
0
0
0
0
0
0
0
0
0
0
0
0
0
0
0
0
0
0
0
0
0
0
0
0
0
0
0
0
0
0
0
0
0
0
0
0
0
0
0
0
0
0
0
0
0
0
0
0
0
0
0
0
0
0
0
0
0
0
0
0
0
0
0
0
0
0
0
0
0
0
0
0
0
0
0
0
0
0
0
0
0
0
0
0
0
0
0
0
0
0
0
0
0
0
0
0
0
0
0
0
0
0
0
0
0
0
0
0
0
0
0
0
0
0
0
0
0
0
0
0
0
0
0
0
0
0
0
0
0
0
0
0
0
0
0
0
0
0
0
0
0
0
0
0
0
0
0
0
0
0
0
0
0
0
0
0
0
0
0
0
0
0
0
0
0
0
0
0
0
0
0
0
0
0
0
0
0
0
0
0
0
0
0
0
0
0
0
0
0
0
0
0
0
0
0
0
0
0
0
0
0
0
0
0
0
0
0
0
0
0
0
0
0
0
0
0
0
0
0
0
0
0
0
0
0
0
0
0
0
0
0
0
0
0
0
0
0
0
0
0
0
0
0
0
0
0
0
0
0
0
0
0
0
0
0
0
0
0
0
0
0
0
0
0
0
0
0
0
0
0
0
0
0
0
0
0
0
0
0
0
0
0
0
0
0
0
0
0
0
0
0
0
0
0
0
0
0
0
0
0
0
0
0
0
0
0
0
0
0
0
0
0
0
0
0
0
0
0
0
0
0
0
0
0
0
0
0
0
0
0
0
0
0
0
0
0
0
0
0
0
0
0
0
0
0
0
0
0
0
0
0
0
0
0
0
0
0
0
0
0
0
0
0
0
0
0
0
0
0
0
0
0
0
0
0
0
0
0
0
0
0
0
0
0
0
0
0
0
0
0
0
0
0
0
0
0
0
0
0
0
0
0
0
0
0
0
0
0
0
0
0
0
0
0
0
0
0
0
0
0
0
0
0
0
0
0
0
0
0
0
0
0
0
0
0
0
0
0
0
0
0
0
0
0
0
0
0
0
0
0
0
0
0
0
0
0
0
0
0
0
0
0
0
0
0
0
0
0
0
0
0
0
0
0
0
0
0
0
0
0
0
0
0
0
0
0
0
0
0
0
0
0
0
0
0
0
0
0
0
0
0
0
0
0
0
0
0
0
0
0
0
0
0
0
0
0
0
0
0
0
0
0
0
0
0
0
0
0
0
0
0
0
0
0
0
0
0
0
0
0
0
0
0
0
0
0
0
0
0
0
0
0
0
0
0
0
0
0
0
0
0
0
0
0
0
0
0
0
0
0
0
0
0
0
0
0
0
0
0
0
0
0
0
0
0
0
0
0
0
0
0
0
0
0
0
0
0
0
0
0
0
0
0
0
0
0
0
0
0
0
0
0
0
0
0
0
0
0
0
0
0
0
0
0
0
0
0
0
0
0
0
0
0
0
0
0
0
0
0
0
0
0
0
0
0
0
0
0
0
0
0
0
0
0
0
0
0
0
0
0
0
0
0
0
0
0
0
0
0
0
0
0
0
0
0
0
0
0
0
0
0
0
0
0
0
0
0
0
0
0
0
0
0
0
0
0
0
0
0
0
0
0
0
0
0
0
0
0
0
0
0
0
0
0
0
0
0
0
0
0
0
0
0
0
0
0
0
0
0
0
0
0
0
0
0
0
0
0
0
0
0
0
0
0
0
0
0
0
0
0
0
0
0
0
0
0
0
0
0
0
0
0
0
0
0
0
0
0
0
0
0
0
0
0
0
0
0
0
0
0
0
0
0
0
0
0
0
0
0
0
0
0
0
0
0
0
0
0
0
0
0
0
0
0
0
0
0
0
0
0
0
0
0
0
0
0
0
0
0
0
0
0
0
0
0
0
0
0
0
0
0
0
0
0
0
0
0
0
0
0
0
0
0
0
0
0
0
0
0
0
0
0
0
0
0
0
0
0
0
0
0
0
0
0
0
0
0
0
0
0
0
0
0
0
0
0
0
0
0
0
0
0
0
0
0
0
0
0
0
0
0
0
0
0
0
0
0
0
0
0
0
0
0
0
0
0
0
0
0
0
0
0
0
0
0
0
0
0
0
0
0
0
0
0
0
0
0
0
0
0
0
0
0
0
0
0
0
0
0
0
0
0
0
0
0
0
0
0
0
0
0
0
0
0
0
0
0
0
0
0
0
0
0
0
0
0
0
0
0
0
0
0
0
0
0
0
0
0
0
0
0
0
0
0
0
0
0
0
0
0
0
0
0
0
0
0
0
0
0
0
0
0
0
0
0
0
0
0
0
0
0
0
0
0
0
0
0
0
0
0
0
0
0
0
0
0
0
0
0
0
0
0
0
0
0
0
0
0
0
0
0
0
0
0
0
0
0
0
0
0
0
0
0
0
0
0
0
0
0
0
0
0
0
0
0
0
0
0
0
0
0
0
0
0
0
0
0
0
0
0
0
0
0
0
0
0
0
0
0
0
0
0
0
0
0
0
0
0
0
0
0
0
0
0
0
0
0
0
0
0
0
0
0
0
0
0
0
0
0
0
0
0
0
0
0
0
0
0
0
0
0
0
0
0
0
0
0
0
0
0
0
0
0
0
0
0
0
0
0
0
0
0
0
0
0
0
0
0
0
0
0
0
0
0
0
0
0
0
0
0
0
0
0
0
0
0
0
0
0
0
0
0
0
0
0
0
0
0
0
0
0
0
0
0
0
0
0
0
0
0
0
0
0
0
0
0
0
0
0
0
0
0
0
0
0
0
0
0
0
0
0
0
0
0
0
0
0
0
0
0
0
0
0
0
0
0
0
0
0
0
0
0
0
0
0
0
0
0
0
0
0
0
0
0
0
0
0
0
0
0
0
0
0
0
0
0
0
0
0
0
0
0
0
0
0
0
0
0
0
0
0
0
0
0
0
0
0
0
0
0
0
0
0
0
0
0
0
0
0
0
0
0
0
0
0
0
0
0
0
0
0
0
0
0
0
0
0
0
0
0
0
0
0
0
0
0
0
0
0
0
0
0
0
0
0
0
0
0
0
0
0
0
0
0
0
0
0
0
0
0
0
0
0
0
0
0
0
0
0
0
0
0
0
0
0
0
0
0
0
0
0
0
0
0
0
0
0
0
0
0
0
0
0
0
0
0
0
0
0
0
0
0
0
0
0
0
0
0
0
0
0
0
0
0
0
0
0
0
0
0
0
0
0
0
0
0
0
0
0
0
0
0
0
0
0
0
0
0
0
0
0
0
0
0
0
0
0
0
0
0
0
0
0
0
0
0
0
0
0
0
0
0
0
0
0
0
0
0
0
0
0
0
0
0
0
0
0
0
0
0
0
0
0
0
0
0
0
0
0
0
0
0
0
0
0
0
0
0
0
0
0
0
0
0
0
0
0
0
0
0
0
0
0
0
0
0
0
0
0
0
0
0
0
0
0
0
0
0
0
0
0
0
0
0
0
0
0
0
0
0
0
0
0
0
0
0
0
0
0
0
0
0
0
0
0
0
0
0
0
0
0
0
0
0
0
0
0
0
0
0
0
0
0
0
0
0
0
0
0
0
0
0
0
0
0
0
0
0
0
0
0
0
0
0
0
0
0
0
0
0
0
0
0
0
0
0
0
0
0
0
0
0
0
0
0
0
0
0
0
0
0
0
0
0
0
0
0
0
0
0
0
0
0
0
0
0
0
0
0
0
0
0
0
0
0
0
0
0
0
0
0
0
0
0
0
0
0
0
0
0
0
0
0
0
0
0
0
0
0
0
0
0
0
0
0
0
0
0
0
0
0
0
0
0
0
0
0
0
0
0
0
0
0
0
0
0
0
0
0
0
0
0
0
0
0
0
0
0
0
0
0
0
0
0
0
0
0
0
0
0
0
0
0
0
0
0
0
0
0
0
0
0
0
0
0
0
0
0
0
0
0
0
0
0
0
0
0
0
0
0
0
0
0
0
0
0
0
0
0
0
0
0
0
0
0
0
0
0
0
0
0
0
0
0
0
0
0
0
0
0
0
0
0
0
0
0
0
0
0
0
0
0
0
0
0
0
0
0
0
0
0
0
0
0
0
0
0
0
0
0
0
0
0
0
0
0
0
0
0
0
0
0
0
0
0
0
0
0
0
0
0
0
0
0
0
0
0
0
0
0
0
0
0
0
0
0
0
0
0
0
0
0
0
0
0
0
0
0
0
0
0
0
0
0
0
0
0
0
0
0
0
0
0
0
0
0
0
0
0
0
0
0
0
0
0
0
0
0
0
0
0
0
0
0
0
0
0
0
0
0
0
0
0
0
0
0
0
0
0
0
0
0
0
0
0
0
0
0
0
0
0
0
0
0
0
0
0
0
0
0
0
0
0
0
0
0
0
0
0
0
0
0
0
0
0
0
0
0
0
0
0
0
0
0
0
0
0
0
0
0
0
0
0
0
0
0
0
0
0
0
0
0
0
0
0
0
0
0
0
0
0
0
0
0
0
0
0
0
0
0
0
0
0
0
0
0
0
0
0
0
0
0
0
0
0
0
0
0
0
0
0
0
0
0
0
0
0
0
0
0
0
0
0
0
0
0
0
0
0
0
0
0
0
0
0
0
0
0
0
0
0
0
0
0
0
0
0
0
0
0
0
0
0
0
0
0
0
0
0
0
0
0
0
0
0
0
0
0
0
0
0
0
0
0
0
0
0
0
0
0
0
0
0
0
0
0
0
0
0
0
0
0
0
0
0
0
0
0
0
0
0
0
0
0
0
0
0
0
0
0
0
0
0
0
0
0
0
0
0
0
0
0
0
0
0
0
0
0
0
0
0
0
0
0
0
0
0
0
0
0
0
0
0
0
0
0
0
0
0
0
0
0
0
0
0
0
0
0
0
0
0
0
0
0
0
0
0
0
0
0
0
0
0
0
0
0
0
0
0
0
0
0
0
0
0
0
0
0
0
0
0
0
0
0
0
0
0
0
0
0
0
0
0
0
0
0
0
0
0
0
0
0
0
0
0
0
0
0
0
0
0
0
0
0
0
0
0
0
0
0
0
0
0
0
0
0
0
0
0
0
0
0
0
0
0
0
0
0
0
0
0
0
0
0
0
0
0
0
0
0
0
0
0
0
0
0
0
0
0
0
0
0
0
0
0
0
0
0
0
0
0
0
0
0
0
0
0
0
0
0
0
0
0
0
0
0
0
0
0
0
0
0
0
0
0
0
0
0
0
0
0
0
0
0
0
0
0
0
0
0
0
0
0
0
0
0
0
0
0
0
0
0
0
0
0
0
0
0
0
0
0
0
0
0
0
0
0
0
0
0
0
0
0
0
0
0
0
0
0
0
0
0
0
0
0
0
0
0
0
0
0
0
0
0
0
0
0
0
0
0
0
0
0
0
0
0
0
0
0
0
0
0
0
0
0
0
0
0
0
0
0
0
0
0
0
0
0
0
0
0
0
0
0
0
0
0
0
0
0
0
0
0
0
0
0
0
0
0
0
0
0
0
0
0
0
0
0
0
0
0
0
0
0
0
0
0
0
0
0
0
0
0
0
0
0
0
0
0
0
0
0
0
0
0
0
0
0
0
0
0
0
0
0
0
0
0
0
0
0
0
0
0
0
0
0
0
0
0
0
0
0
0
0
0
0
0
0
0
0
0
0
0
0
0
0
0
0
0
0
0
0
0
0
0
0
0
0
0
0
0
0
0
0
0
0
0
0
0
0
0
0
0
0
0
0
0
0
0
0
0
0
0
0
0
0
0
0
0
0
0
0
0
0
0
0
0
0
0
0
0
0
0
0
0
0
0
0
0
0
0
0
0
0
0
0
0
0
0
0
0
0
0
0
0
0
0
0
0
0
0
0
0
0
0
0
0
0
0
0
0
0
0
0
0
0
0
0
0
0
0
0
0
0
0
0
0
0
0
0
0
0
0
0
0
0
0
0
0
0
0
0
0
0
0
0
0
0
0
0
0
0
0
0
0
0
0
0
0
0
0
0
0
0
0
0
0
0
0
0
0
0
0
0
0
0
0
0
0
0
0
0
0
0
0
0
0
0
0
0
0
0
0
0
0
0
0
0
0
0
0
0
0
0
0
0
0
0
0
0
0
0
0
0
0
0
0
0
0
0
0
0
0
0
0
0
0
0
0
0
0
0
0
0
0
0
0
0
0
0
0
0
0
0
0
0
0
0
0
0
0
0
0
0
0
0
0
0
0
0
0
0
0
0
0
0
0
0
0
0
0
0
0
0
0
0
0
0
0
0
0
0
0
0
0
0
0
0
0
0
0
0
0
0
0
0
0
0
0
0
0
0
0
0
0
0
0
0
0
0
0
0
0
0
0
0
0
0
0
0
0
0
0
0
0
0
0
0
0
0
0
0
0
0
0
0
0
0
0
0
0
0
0
0
0
0
0
0
0
0
0
0
0
0
0
0
0
0
0
0
0
0
0
0
0
0
0
0
0
0
0
0
0
0
0
0
0
0
0
0
0
0
0
0
0
0
0
0
0
0
0
0
0
0
0
0
0
0
0
0
0
0
0
0
0
0
0
0
0
0
0
0
0
0
0
0
0
0
0
0
0
0
0
0
0
0
0
0
0
0
0
0
0
0
0
0
0
0
0
0
0
0
0
0
0
0
0
0
0
0
0
0
0
0
0
0
0
0
0
0
0
0
0
0
0
0
0
0
0
0
0
0
0
0
0
0
0
0
0
0
0
0
0
0
0
0
0
0
0
0
0
0
0
0
0
0
0
0
0
0
0
0
0
0
0
0
0
0
0
0
0
0
0
0
0
0
0
0
0
0
0
0
0
0
0
0
0
0
0
0
0
0
0
0
0
0
0
0
0
0
0
0
0
0
0
0
0
0
0
0
0
0
0
0
0
0
0
0
0
0
0
0
0
0
0
0
0
0
0
0
0
0
0
0
0
0
0
0
0
0
0
0
0
0
0
0
0
0
0
0
0
0
0
0
0
0
0
0
0
0
0
0
0
0
0
0
0
0
0
0
0
0
0
0
0
0
0
0
0
0
0
0
0
0
0
0
0
0
0
0
0
0
0
0
0
0
0
0
0
0
0
0
0
0
0
0
0
0
0
0
0
0
0
0
0
0
0
0
0
0
0
0
0
0
0
0
0
0
0
0
0
0
0
0
0
0
0
0
0
0
0
0
0
0
0
0
0
0
0
0
0
0
0
0
0
0
0
0
0
0
0
0
0
0
0
0
0
0
0
0
0
0
0
0
0
0
0
0
0
0
0
0
0
0
0
0
0
0
0
0
0
0
0
0
0
0
0
0
0
0
0
0
0
0
0
0
0
0
0
0
0
0
0
0
0
0
0
0
0
0
0
0
0
0
0
0
0
0
0
0
0
0
0
0
0
0
0
0
0
0
0
0
0
0
0
0
0
0
0
0
0
0
0
0
0
0
0
0
0
0
0
0
0
0
0
0
0
0
0
0
0
0
0
0
0
0
0
0
0
0
0
0
0
0
0
0
0
0
0
0
0
0
0
0
0
0
0
0
0
0
0
0
0
0
0
0
0
0
0
0
0
0
0
0
0
0
0
0
0
0
0
0
0
0
0
0
0
0
0
0
0
0
0
0
0
0
0
0
0
0
0
0
0
0
0
0
0
0
0
0
0
0
0
0
0
0
0
0
0
0
0
0
0
0
0
0
0
0
0
0
0
0
0
0
0
0
0
0
0
0
0
0
0
0
0
0
0
0
0
0
0
0
0
0
0
0
0
0
0
0
0
0
0
0
0
0
0
0
0
0
0
0
0
0
0
0
0
0
0
0
0
0
0
0
0
0
0
0
0
0
0
0
0
0
0
0
0
0
0
0
0
0
0
0
0
0
0
0
0
0
0
0
0
0
0
0
0
0
0
0
0
0
0
0
0
0
0
0
0
0
0
0
0
0
0
0
0
0
0
0
0
0
0
0
0
0
0
0
0
0
0
0
0
0
0
0
0
0
0
0
0
0
0
0
0
0
0
0
0
