0
0
0
0
0
0
0
0
0
0
0
0
0
0
0
0
0
0
0
0
0
0
0
0
0
0
0
0
0
0
0
0
0
0
0
0
0
0
0
0
0
0
0
0
0
0
0
0
0
0
0
0
0
0
0
0
0
0
0
0
0
0
0
0
0
0
0
0
0
0
0
0
0
0
0
0
0
0
0
0
0
0
0
0
0
0
0
0
0
0
0
0
0
0
0
0
0
0
0
0
0
0
0
0
0
0
0
0
0
0
0
0
0
0
0
0
0
0
0
0
0
0
0
0
0
0
0
0
0
0
0
0
0
0
0
0
0
0
0
0
0
0
0
0
0
0
0
0
0
0
0
0
0
0
0
0
0
0
0
0
0
0
0
0
0
0
0
0
0
0
0
0
0
0
0
0
0
0
0
0
0
0
0
0
4092
4092
0
0
0
0
0
0
0
4094
0
0
0
0
0
0
4093
4095
0
0
0
0
0
0
4092
4093
0
0
0
0
0
0
4095
4095
0
0
0
0
0
0
4092
4092
0
0
0
0
0
0
4093
4092
0
0
0
0
0
0
4095
1
0
0
0
0
0
0
4090
4090
0
0
0
0
0
0
1
0
0
0
0
0
0
0
4093
4095
0
0
0
0
0
0
4090
4088
0
0
0
0
0
0
6
6
0
0
0
0
0
0
4085
4089
0
0
0
0
0
0
0
4091
0
0
0
0
0
0
4
8
0
0
0
0
0
0
4079
4078
0
0
0
0
0
0
13
7
0
0
0
0
0
0
4086
0
0
0
0
0
0
0
4086
4077
0
0
0
0
0
0
19
19
0
0
0
0
0
0
4069
4076
0
0
0
0
0
0
12
4094
0
0
0
0
0
0
6
18
0
0
0
0
0
0
4064
4060
0
0
0
0
0
0
34
25
0
0
0
0
0
0
4070
4089
0
0
0
0
0
0
4087
4068
0
0
0
0
0
0
32
40
0
0
0
0
0
0
4045
4053
0
0
0
0
0
0
34
11
0
0
0
0
0
0
4093
24
0
0
0
0
0
0
4052
4038
0
0
0
0
0
0
61
54
0
0
0
0
0
0
4042
4069
0
0
0
0
0
0
7
4068
0
0
0
0
0
0
40
62
0
0
0
0
0
0
4017
4021
0
0
0
0
0
0
66
37
0
0
0
0
0
0
4071
17
0
0
0
0
0
0
4049
4018
0
0
0
0
0
0
89
89
0
0
0
0
0
0
4002
4037
0
0
0
0
0
0
36
4081
0
0
0
0
0
0
37
78
0
0
0
0
0
0
3989
3982
0
0
0
0
0
0
111
78
0
0
0
0
0
0
4034
4093
0
0
0
0
0
0
4061
4007
0
0
0
0
0
0
112
130
0
0
0
0
0
0
3954
3987
0
0
0
0
0
0
84
15
0
0
0
0
0
0
17
84
0
0
0
0
0
0
3971
3943
0
0
0
0
0
0
160
131
0
0
0
0
0
0
3977
4052
0
0
0
0
0
0
4093
4011
0
0
0
0
0
0
122
166
0
0
0
0
0
0
3906
3928
0
0
0
0
0
0
148
68
0
0
0
0
0
0
4068
68
0
0
0
0
0
0
3970
3911
0
0
0
0
0
0
207
195
0
0
0
0
0
0
3907
3990
0
0
0
0
0
0
54
4038
0
0
0
0
0
0
111
190
0
0
0
0
0
0
3864
3863
0
0
0
0
0
0
222
140
0
0
0
0
0
0
3999
28
0
0
0
0
0
0
3998
3898
0
0
0
0
0
0
243
260
0
0
0
0
0
0
3829
3909
0
0
0
0
0
0
136
4093
0
0
0
0
0
0
71
193
0
0
0
0
0
0
3838
3801
0
0
0
0
0
0
303
230
0
0
0
0
0
0
3905
4054
0
0
0
0
0
0
4052
3908
0
0
0
0
0
0
255
315
0
0
0
0
0
0
3750
3812
0
0
0
0
0
0
239
82
0
0
0
0
0
0
4093
165
0
0
0
0
0
0
3841
3755
0
0
0
0
0
0
374
329
0
0
0
0
0
0
3794
3954
0
0
0
0
0
0
47
3951
0
0
0
0
0
0
235
350
0
0
0
0
0
0
3688
3712
0
0
0
0
0
0
355
195
0
0
0
0
0
0
3986
100
0
0
0
0
0
0
3880
3733
0
0
0
0
0
0
427
426
0
0
0
0
0
0
3676
3830
0
0
0
0
0
0
171
4037
0
0
0
0
0
0
173
355
0
0
0
0
0
0
3651
3620
0
0
0
0
0
0
471
329
0
0
0
0
0
0
3849
4092
0
0
0
0
0
0
3964
3748
0
0
0
0
0
0
445
510
0
0
0
0
0
0
3563
3690
0
0
0
0
0
0
321
64
0
0
0
0
0
0
66
315
0
0
0
0
0
0
3653
3549
0
0
0
0
0
0
580
474
0
0
0
0
0
0
3686
3949
0
0
0
0
0
0
4094
3811
0
0
0
0
0
0
418
563
0
0
0
0
0
0
3468
3544
0
0
0
0
0
0
488
226
0
0
0
0
0
0
4012
227
0
0
0
0
0
0
3707
3516
0
0
0
0
0
0
656
616
0
0
0
0
0
0
3518
3773
0
0
0
0
0
0
169
3926
0
0
0
0
0
0
336
573
0
0
0
0
0
0
3411
3411
0
0
0
0
0
0
656
413
0
0
0
0
0
0
3821
87
0
0
0
0
0
0
3817
3533
0
0
0
0
0
0
690
736
0
0
0
0
0
0
3354
3578
0
0
0
0
0
0
377
4094
0
0
0
0
0
0
196
526
0
0
0
0
0
0
3407
3308
0
0
0
0
0
0
808
613
0
0
0
0
0
0
3600
3990
0
0
0
0
0
0
3988
3609
0
0
0
0
0
0
661
818
0
0
0
0
0
0
3219
3376
0
0
0
0
0
0
605
213
0
0
0
0
0
0
4092
417
0
0
0
0
0
0
3468
3252
0
0
0
0
0
0
923
810
0
0
0
0
0
0
3367
3755
0
0
0
0
0
0
118
3755
0
0
0
0
0
0
566
843
0
0
0
0
0
0
3131
3190
0
0
0
0
0
0
836
462
0
0
0
0
0
0
3843
239
0
0
0
0
0
0
3602
3260
0
0
0
0
0
0
982
981
0
0
0
0
0
0
3145
3495
0
0
0
0
0
0
388
3966
0
0
0
0
0
0
392
797
0
0
0
0
0
0
3107
3041
0
0
0
0
0
0
1047
729
0
0
0
0
0
0
3554
4090
0
0
0
0
0
0
3812
3345
0
0
0
0
0
0
963
1102
0
0
0
0
0
0
2955
3229
0
0
0
0
0
0
688
142
0
0
0
0
0
0
146
672
0
0
0
0
0
0
3167
2951
0
0
0
0
0
0
1212
992
0
0
0
0
0
0
3249
3793
0
0
0
0
0
0
4093
3513
0
0
0
0
0
0
859
1155
0
0
0
0
0
0
2821
2976
0
0
0
0
0
0
991
457
0
0
0
0
0
0
3929
460
0
0
0
0
0
0
3318
2939
0
0
0
0
0
0
1308
1225
0
0
0
0
0
0
2953
3463
0
0
0
0
0
0
339
3767
0
0
0
0
0
0
661
1122
0
0
0
0
0
0
2768
2768
0
0
0
0
0
0
1272
801
0
0
0
0
0
0
3568
167
0
0
0
0
0
0
3563
3021
0
0
0
0
0
0
1314
1402
0
0
0
0
0
0
2694
3116
0
0
0
0
0
0
713
4095
0
0
0
0
0
0
369
989
0
0
0
0
0
0
2813
2628
0
0
0
0
0
0
1503
1141
0
0
0
0
0
0
3180
3902
0
0
0
0
0
0
3899
3206
0
0
0
0
0
0
1213
1498
0
0
0
0
0
0
2500
2789
0
0
0
0
0
0
1100
387
0
0
0
0
0
0
4092
753
0
0
0
0
0
0
2969
2582
0
0
0
0
0
0
1654
1451
0
0
0
0
0
0
2803
3495
0
0
0
0
0
0
211
3493
0
0
0
0
0
0
1001
1492
0
0
0
0
0
0
2400
2507
0
0
0
0
0
0
1467
809
0
0
0
0
0
0
3655
416
0
0
0
0
0
0
3240
2647
0
0
0
0
0
0
1699
1698
0
0
0
0
0
0
2459
3063
0
0
0
0
0
0
670
3876
0
0
0
0
0
0
672
1364
0
0
0
0
0
0
2414
2303
0
0
0
0
0
0
1778
1239
0
0
0
0
0
0
3182
4090
0
0
0
0
0
0
3620
2834
0
0
0
0
0
0
1618
1850
0
0
0
0
0
0
2189
2647
0
0
0
0
0
0
1146
236
0
0
0
0
0
0
241
1114
0
0
0
0
0
0
2562
2205
0
0
0
0
0
0
1999
1635
0
0
0
0
0
0
2707
3603
0
0
0
0
0
0
4095
3148
0
0
0
0
0
0
1403
1885
0
0
0
0
0
0
2026
2280
0
0
0
0
0
0
1608
743
0
0
0
0
0
0
3827
742
0
0
0
0
0
0
2846
2237
0
0
0
0
0
0
2098
1965
0
0
0
0
0
0
2271
3085
0
0
0
0
0
0
539
3574
0
0
0
0
0
0
1051
1783
0
0
0
0
0
0
1993
1996
0
0
0
0
0
0
2011
1266
0
0
0
0
0
0
3265
265
0
0
0
0
0
0
3263
2412
0
0
0
0
0
0
2057
2194
0
0
0
0
0
0
1911
2572
0
0
0
0
0
0
1112
0
0
0
0
0
0
0
574
1534
0
0
0
0
0
0
2113
1830
0
0
0
0
0
0
2318
1761
0
0
0
0
0
0
2691
3800
0
0
0
0
0
0
3794
2733
0
0
0
0
0
0
1855
2289
0
0
0
0
0
0
1665
2104
0
0
0
0
0
0
1675
590
0
0
0
0
0
0
4089
1140
0
0
0
0
0
0
2393
1810
0
0
0
0
0
0
2495
2187
0
0
0
0
0
0
2151
3193
0
0
0
0
0
0
317
3194
0
0
0
0
0
0
1497
2230
0
0
0
0
0
0
1567
1726
0
0
0
0
0
0
2184
1206
0
0
0
0
0
0
3442
618
0
0
0
0
0
0
2832
1955
0
0
0
0
0
0
2508
2505
0
0
0
0
0
0
1686
2578
0
0
0
0
0
0
985
3773
0
0
0
0
0
0
986
2001
0
0
0
0
0
0
1640
1477
0
0
0
0
0
0
2593
1806
0
0
0
0
0
0
2767
4088
0
0
0
0
0
0
3409
2268
0
0
0
0
0
0
2342
2678
0
0
0
0
0
0
1343
2005
0
0
0
0
0
0
1654
342
0
0
0
0
0
0
349
1602
0
0
0
0
0
0
1898
1386
0
0
0
0
0
0
2860
2340
0
0
0
0
0
0
2114
3392
0
0
0
0
0
0
4095
2745
0
0
0
0
0
0
1994
2680
0
0
0
0
0
0
1160
1520
0
0
0
0
0
0
2276
1053
0
0
0
0
0
0
3717
1049
0
0
0
0
0
0
2336
1479
0
0
0
0
0
0
2951
2763
0
0
0
0
0
0
1537
2679
0
0
0
0
0
0
757
3367
0
0
0
0
0
0
1470
2492
0
0
0
0
0
0
1166
1169
0
0
0
0
0
0
2799
1760
0
0
0
0
0
0
2943
367
0
0
0
0
0
0
2943
1765
0
0
0
0
0
0
2843
3033
0
0
0
0
0
0
1080
1994
0
0
0
0
0
0
1533
2
0
0
0
0
0
0
791
2110
0
0
0
0
0
0
1378
989
0
0
0
0
0
0
3175
2408
0
0
0
0
0
0
2179
3693
0
0
0
0
0
0
3686
2240
0
0
0
0
0
0
2527
3114
0
0
0
0
0
0
796
1394
0
0
0
0
0
0
2272
799
0
0
0
0
0
0
4090
1545
0
0
0
0
0
0
2135
1035
0
0
0
0
0
0
3359
2949
0
0
0
0
0
0
1565
2872
0
0
0
0
0
0
502
2209
0
0
0
0
0
0
1678
2964
0
0
0
0
0
0
741
816
0
0
0
0
0
0
2831
3780
0
0
0
0
0
0
3156
1484
0
0
0
0
0
0
2064
1607
0
0
0
0
0
0
3306
3437
0
0
0
0
0
0
1038
4017
0
0
0
0
0
0
3531
3085
0
0
0
0
0
0
1971
2315
0
0
0
0
0
0
1217
560
0
0
0
0
0
0
3274
446
0
0
0
0
0
0
123
576
0
0
0
0
0
0
2525
2027
0
0
0
0
0
0
2711
3593
0
0
0
0
0
0
552
3306
0
0
0
0
0
0
131
552
0
0
0
0
0
0
1041
2439
0
0
0
0
0
0
1588
488
0
0
0
0
0
0
3635
1209
0
0
0
0
0
0
3556
924
0
0
0
0
0
0
3505
2017
0
0
0
0
0
0
2930
3101
0
0
0
0
0
0
389
2609
0
0
0
0
0
0
905
3620
0
0
0
0
0
0
106
1681
0
0
0
0
0
0
1487
1100
0
0
0
0
0
0
3704
3646
0
0
0
0
0
0
2894
45
0
0
0
0
0
0
3214
2573
0
0
0
0
0
0
2206
2826
0
0
0
0
0
0
780
291
0
0
0
0
0
0
1481
380
0
0
0
0
0
0
471
1050
0
0
0
0
0
0
2378
817
0
0
0
0
0
0
3246
3924
0
0
0
0
0
0
2364
3298
0
0
0
0
0
0
4095
3516
0
0
0
0
0
0
1252
2984
0
0
0
0
0
0
1033
105
0
0
0
0
0
0
3822
1205
0
0
0
0
0
0
3644
2006
0
0
0
0
0
0
2984
1441
0
0
0
0
0
0
3487
3642
0
0
0
0
0
0
140
2548
0
0
0
0
0
0
829
2577
0
0
0
0
0
0
591
2254
0
0
0
0
0
0
914
514
0
0
0
0
0
0
4095
1824
0
0
0
0
0
0
2934
335
0
0
0
0
0
0
2097
2345
0
0
0
0
0
0
2789
3449
0
0
0
0
0
0
338
2047
0
0
0
0
0
0
1512
146
0
0
0
0
0
0
1543
1262
0
0
0
0
0
0
1696
953
0
0
0
0
0
0
3674
66
0
0
0
0
0
0
2260
3491
0
0
0
0
0
0
3078
3329
0
0
0
0
0
0
1850
3551
0
0
0
0
0
0
554
3901
0
0
0
0
0
0
2060
1153
0
0
0
0
0
0
3906
2507
0
0
0
0
0
0
2738
877
0
0
0
0
0
0
4049
4007
0
0
0
0
0
0
1836
2535
0
0
0
0
0
0
680
2120
0
0
0
0
0
0
815
2832
0
0
0
0
0
0
322
96
0
0
0
0
0
0
218
1839
0
0
0
0
0
0
3013
1426
0
0
0
0
0
0
1560
1739
0
0
0
0
0
0
3402
3913
0
0
0
0
0
0
57
1965
0
0
0
0
0
0
1503
3204
0
0
0
0
0
0
1955
1872
0
0
0
0
0
0
1093
331
0
0
0
0
0
0
2
2366
0
0
0
0
0
0
2280
3777
0
0
0
0
0
0
2634
2744
0
0
0
0
0
0
2485
1
0
0
0
0
0
0
78
1534
0
0
0
0
0
0
2111
926
0
0
0
0
0
0
882
800
0
0
0
0
0
0
2112
285
0
0
0
0
0
0
3840
513
0
0
0
0
0
0
1708
2711
0
0
0
0
0
0
344
1580
0
0
0
0
0
0
1433
3432
0
0
0
0
0
0
3909
3864
0
0
0
0
0
0
2576
1799
0
0
0
0
0
0
3267
1934
0
0
0
0
0
0
3233
1072
0
0
0
0
0
0
4016
204
0
0
0
0
0
0
3549
1987
0
0
0
0
0
0
1298
2742
0
0
0
0
0
0
2191
2473
0
0
0
0
0
0
470
3978
0
0
0
0
0
0
251
2400
0
0
0
0
0
0
2344
774
0
0
0
0
0
0
2089
2118
0
0
0
0
0
0
3104
611
0
0
0
0
0
0
3776
1438
0
0
0
0
0
0
2142
3871
0
0
0
0
0
0
1386
1417
0
0
0
0
0
0
1484
3730
0
0
0
0
0
0
202
2840
0
0
0
0
0
0
1708
2994
0
0
0
0
0
0
3315
1316
0
0
0
0
0
0
2089
4004
0
0
0
0
0
0
3399
3630
0
0
0
0
0
0
2658
1565
0
0
0
0
0
0
188
2170
0
0
0
0
0
0
2583
470
0
0
0
0
0
0
422
498
0
0
0
0
0
0
1235
2078
0
0
0
0
0
0
987
2189
0
0
0
0
0
0
2826
3099
0
0
0
0
0
0
3976
3617
0
0
0
0
0
0
2635
2375
0
0
0
0
0
0
2589
1288
0
0
0
0
0
0
1898
1492
0
0
0
0
0
0
3798
354
0
0
0
0
0
0
3574
1457
0
0
0
0
0
0
1947
3408
0
0
0
0
0
0
1966
2063
0
0
0
0
0
0
833
3254
0
0
0
0
0
0
479
2894
0
0
0
0
0
0
1755
4083
0
0
0
0
0
0
2766
2611
0
0
0
0
0
0
2725
562
0
0
0
0
0
0
3652
1014
0
0
0
0
0
0
2601
1232
0
0
0
0
0
0
683
2800
0
0
0
0
0
0
1912
4003
0
0
0
0
0
0
903
2847
0
0
0
0
0
0
1211
2348
0
0
0
0
0
0
3960
1913
0
0
0
0
0
0
1562
3768
0
0
0
0
0
0
3475
3370
0
0
0
0
0
0
3075
2176
0
0
0
0
0
0
2970
1872
0
0
0
0
0
0
1236
864
0
0
0
0
0
0
229
672
0
0
0
0
0
0
1236
1535
0
0
0
0
0
0
1646
2852
0
0
0
0
0
0
2189
2693
0
0
0
0
0
0
146
3542
0
0
0
0
0
0
723
2813
0
0
0
0
0
0
1983
605
0
0
0
0
0
0
2147
1953
0
0
0
0
0
0
3372
1010
0
0
0
0
0
0
3416
1013
0
0
0
0
0
0
2498
96
0
0
0
0
0
0
1273
1524
0
0
0
0
0
0
1271
3372
0
0
0
0
0
0
615
3252
0
0
0
0
0
0
1319
2750
0
0
0
0
0
0
3473
1265
0
0
0
0
0
0
2219
331
0
0
0
0
0
0
3022
1068
0
0
0
0
0
0
3042
1854
0
0
0
0
0
0
45
2175
0
0
0
0
0
0
2482
206
0
0
0
0
0
0
754
879
0
0
0
0
0
0
850
1788
0
0
0
0
0
0
1214
2236
0
0
0
0
0
0
2873
3312
0
0
0
0
0
0
3737
3266
0
0
0
0
0
0
3006
2679
0
0
0
0
0
0
2338
1198
0
0
0
0
0
0
1813
1333
0
0
0
0
0
0
4043
679
0
0
0
0
0
0
3222
1149
0
0
0
0
0
0
2214
3532
0
0
0
0
0
0
1588
2160
0
0
0
0
0
0
639
2958
0
0
0
0
0
0
803
3198
0
0
0
0
0
0
1479
3931
0
0
0
0
0
0
2847
597
0
0
0
0
0
0
2883
799
0
0
0
0
0
0
3357
721
0
0
0
0
0
0
2880
1406
0
0
0
0
0
0
571
2836
0
0
0
0
0
0
1828
3671
0
0
0
0
0
0
1168
3128
0
0
0
0
0
0
940
2160
0
0
0
0
0
0
0
1912
0
0
0
0
0
0
1631
3950
0
0
0
0
0
0
3249
3112
0
0
0
0
0
0
3335
2374
0
0
0
0
0
0
2817
1839
0
0
0
0
0
0
1204
721
0
0
0
0
0
0
421
908
0
0
0
0
0
0
993
1337
0
0
0
0
0
0
1810
2910
0
0
0
0
0
0
2274
2792
0
0
0
0
0
0
4086
3334
0
0
0
0
0
0
943
3007
0
0
0
0
0
0
1816
528
0
0
0
0
0
0
2509
1902
0
0
0
0
0
0
3490
1190
0
0
0
0
0
0
3218
826
0
0
0
0
0
0
2663
187
0
0
0
0
0
0
1226
3505
0
0
0
0
0
0
1177
3240
0
0
0
0
0
0
784
3420
0
0
0
0
0
0
1161
2650
0
0
0
0
0
0
3535
1246
0
0
0
0
0
0
2279
452
0
0
0
0
0
0
2880
917
0
0
0
0
0
0
3188
1955
0
0
0
0
0
0
4069
2174
0
0
0
0
0
0
513
191
0
0
0
0
0
0
850
1016
0
0
0
0
0
0
722
1692
0
0
0
0
0
0
608
2587
0
0
0
0
0
0
2888
3378
0
0
0
0
0
0
3649
3157
0
0
0
0
0
0
3117
2768
0
0
0
0
0
0
2266
1173
0
0
0
0
0
0
1813
1288
0
0
0
0
0
0
11
764
0
0
0
0
0
0
3135
1073
0
0
0
0
0
0
2278
3562
0
0
0
0
0
0
1578
2186
0
0
0
0
0
0
595
2895
0
0
0
0
0
0
868
3258
0
0
0
0
0
0
1428
3902
0
0
0
0
0
0
2862
584
0
0
0
0
0
0
2907
841
0
0
0
0
0
0
3314
678
0
0
0
0
0
0
2914
1428
0
0
0
0
0
0
560
2840
0
0
0
0
0
0
1816
3652
0
0
0
0
0
0
1187
3148
0
0
0
0
0
0
924
2150
0
0
0
0
0
0
5
1913
0
0
0
0
0
0
1632
3954
0
0
0
0
0
0
3247
3111
0
0
0
0
0
0
3330
2370
0
0
0
0
0
0
2822
1840
0
0
0
0
0
0
1207
731
0
0
0
0
0
0
405
888
0
0
0
0
0
0
1018
1359
0
0
0
0
0
0
1787
2902
0
0
0
0
0
0
2275
2775
0
0
0
0
0
0
20
3375
0
0
0
0
0
0
894
2962
0
0
0
0
0
0
1856
547
0
0
0
0
0
0
2502
1925
0
0
0
0
0
0
3453
1132
0
0
0
0
0
0
3287
894
0
0
0
0
0
0
2599
151
0
0
0
0
0
0
1245
3485
0
0
0
0
0
0
1219
3312
0
0
0
0
0
0
697
3332
0
0
0
0
0
0
1248
2706
0
0
0
0
0
0
3497
1258
0
0
0
0
0
0
2240
372
0
0
0
0
0
0
2983
1030
0
0
0
0
0
0
3074
1875
0
0
0
0
0
0
33
2175
0
0
0
0
0
0
2482
202
0
0
0
0
0
0
755
878
0
0
0
0
0
0
860
1797
0
0
0
0
0
0
1202
2232
0
0
0
0
0
0
2869
3294
0
0
0
0
0
0
3771
3308
0
0
0
0
0
0
2953
2634
0
0
0
0
0
0
2382
1215
0
0
0
0
0
0
1814
1369
0
0
0
0
0
0
3985
600
0
0
0
0
0
0
3319
1235
0
0
0
0
0
0
2133
3494
0
0
0
0
0
0
1938
2142
0
0
0
0
0
0
711
3073
0
0
0
0
0
0
667
3069
0
0
0
0
0
0
1606
4002
0
0
0
0
0
0
2806
2573
0
0
0
0
0
0
2794
677
0
0
0
0
0
0
3529
894
0
0
0
0
0
0
2705
1295
0
0
0
0
0
0
646
2811
0
0
0
0
0
0
1881
3945
0
0
0
0
0
0
963
2908
0
0
0
0
0
0
1166
2318
0
0
0
0
0
0
3977
1912
0
0
0
0
0
0
1564
3777
0
0
0
0
0
0
3473
3371
0
0
0
0
0
0
3062
2166
0
0
0
0
0
0
2987
1876
0
0
0
0
0
0
1242
892
0
0
0
0
0
0
183
614
0
0
0
0
0
0
1313
1600
0
0
0
0
0
0
1582
2829
0
0
0
0
0
0
2189
2641
0
0
0
0
0
0
232
3660
0
0
0
0
0
0
579
2686
0
0
0
0
0
0
2103
663
0
0
0
0
0
0
2127
2016
0
0
0
0
0
0
3262
843
0
0
0
0
0
0
3617
1202
0
0
0
0
0
0
2311
4088
0
0
0
0
0
0
1333
1466
0
0
0
0
0
0
1394
3579
0
0
0
0
0
0
359
2995
0
0
0
0
0
0
1575
2913
0
0
0
0
0
0
3363
1303
0
0
0
0
0
0
2127
4079
0
0
0
0
0
0
3324
1391
0
0
0
0
0
0
2713
1623
0
0
0
0
0
0
167
2171
0
0
0
0
0
0
2579
459
0
0
0
0
0
0
421
497
0
0
0
0
0
0
1253
2094
0
0
0
0
0
0
964
2183
0
0
0
0
0
0
2818
3062
0
0
0
0
0
0
4037
3694
0
0
0
0
0
0
2872
2316
0
0
0
0
0
0
2669
1319
0
0
0
0
0
0
1898
1559
0
0
0
0
0
0
3688
203
0
0
0
0
0
0
3756
1620
0
0
0
0
0
0
1791
3336
0
0
0
0
0
0
1994
1984
0
0
0
0
0
0
977
3469
0
0
0
0
0
0
304
2640
0
0
0
0
0
0
1971
234
0
0
0
0
0
0
2690
2684
0
0
0
0
0
0
2567
293
0
0
0
0
0
0
3983
1347
0
0
0
0
0
0
2270
1022
0
0
0
0
0
0
825
2753
0
0
0
0
0
0
2062
212
0
0
0
0
0
0
3933
609
0
0
0
0
0
0
1634
2663
0
0
0
0
0
0
370
1582
0
0
0
0
0
0
1439
3447
0
0
0
0
0
0
3906
3865
0
0
0
0
0
0
2555
1779
0
0
0
0
0
0
3293
1940
0
0
0
0
0
0
3244
1115
0
0
0
0
0
0
3940
108
0
0
0
0
0
0
3669
2087
0
0
0
0
0
0
1199
2707
0
0
0
0
0
0
2526
2415
0
0
0
0
0
0
603
67
0
0
0
0
0
0
33
2205
0
0
0
0
0
0
2531
861
0
0
0
0
0
0
2140
2205
0
0
0
0
0
0
3006
3768
0
0
0
0
0
0
2
1735
0
0
0
0
0
0
1779
294
0
0
0
0
0
0
1470
1328
0
0
0
0
0
0
1649
69
0
0
0
0
0
0
3899
2440
0
0
0
0
0
0
2109
3248
0
0
0
0
0
0
3146
3311
0
0
0
0
0
0
1902
3654
0
0
0
0
0
0
450
3793
0
0
0
0
0
0
2144
1208
0
0
0
0
0
0
3877
2507
0
0
0
0
0
0
2732
860
0
0
0
0
0
0
4051
4005
0
0
0
0
0
0
1861
2557
0
0
0
0
0
0
650
2113
0
0
0
0
0
0
803
2782
0
0
0
0
0
0
408
206
0
0
0
0
0
0
80
1723
0
0
0
0
0
0
3124
1465
0
0
0
0
0
0
1563
1833
0
0
0
0
0
0
3249
3703
0
0
0
0
0
0
3982
2172
0
0
0
0
0
0
1215
3781
0
0
0
0
0
0
1984
1759
0
0
0
0
0
0
1290
628
0
0
0
0
0
0
3740
2028
0
0
0
0
0
0
2610
3962
0
0
0
0
0
0
2530
2845
0
0
0
0
0
0
2343
3050
0
0
0
0
0
0
540
55
0
0
0
0
0
0
1684
505
0
0
0
0
0
0
401
1072
0
0
0
0
0
0
2322
702
0
0
0
0
0
0
3307
4037
0
0
0
0
0
0
2295
3125
0
0
0
0
0
0
33
3518
0
0
0
0
0
0
1259
3002
0
0
0
0
0
0
1030
107
0
0
0
0
0
0
3795
1181
0
0
0
0
0
0
3679
2013
0
0
0
0
0
0
2997
1494
0
0
0
0
0
0
3393
3524
0
0
0
0
0
0
207
2687
0
0
0
0
0
0
755
2537
0
0
0
0
0
0
589
2153
0
0
0
0
0
0
1084
745
0
0
0
0
0
0
3819
1579
0
0
0
0
0
0
3170
447
0
0
0
0
0
0
3992
2392
0
0
0
0
0
0
2613
3000
0
0
0
0
0
0
398
459
0
0
0
0
0
0
1156
4020
0
0
0
0
0
0
893
1496
0
0
0
0
0
0
1936
1356
0
0
0
0
0
0
3225
3664
0
0
0
0
0
0
2763
3810
0
0
0
0
0
0
3627
3055
0
0
0
0
0
0
1696
2412
0
0
0
0
0
0
1097
431
0
0
0
0
0
0
3374
513
0
0
0
0
0
0
173
564
0
0
0
0
0
0
2518
2006
0
0
0
0
0
0
2712
3591
0
0
0
0
0
0
581
3330
0
0
0
0
0
0
96
543
0
0
0
0
0
0
1028
2380
0
0
0
0
0
0
1665
727
0
0
0
0
0
0
3472
1072
0
0
0
0
0
0
3689
3131
0
0
0
0
0
0
3512
2108
0
0
0
0
0
0
2070
3190
0
0
0
0
0
0
685
931
0
0
0
0
0
0
657
3481
0
0
0
0
0
0
3566
1887
0
0
0
0
0
0
2399
1110
0
0
0
0
0
0
3336
3256
0
0
0
0
0
0
1295
333
0
0
0
0
0
0
915
2627
0
0
0
0
0
0
1627
2743
0
0
0
0
0
0
923
796
0
0
0
0
0
0
3022
4056
0
0
0
0
0
0
2870
373
0
0
0
0
0
0
2879
1639
0
0
0
0
0
0
2972
3165
0
0
0
0
0
0
979
1926
0
0
0
0
0
0
1570
4
0
0
0
0
0
0
797
2129
0
0
0
0
0
0
1376
993
0
0
0
0
0
0
3145
2382
0
0
0
0
0
0
2217
3701
0
0
0
0
0
0
3701
2302
0
0
0
0
0
0
2422
2983
0
0
0
0
0
0
965
1537
0
0
0
0
0
0
2133
750
0
0
0
0
0
0
4090
1433
0
0
0
0
0
0
1986
1266
0
0
0
0
0
0
3055
2675
0
0
0
0
0
0
1742
3004
0
0
0
0
0
0
381
3023
0
0
0
0
0
0
1765
2625
0
0
0
0
0
0
1153
1344
0
0
0
0
0
0
2513
1387
0
0
0
0
0
0
3352
700
0
0
0
0
0
0
2679
1700
0
0
0
0
0
0
2776
2770
0
0
0
0
0
0
1461
2440
0
0
0
0
0
0
1066
3750
0
0
0
0
0
0
1050
2128
0
0
0
0
0
0
1511
1345
0
0
0
0
0
0
2698
1876
0
0
0
0
0
0
2730
4086
0
0
0
0
0
0
3400
2247
0
0
0
0
0
0
2347
2677
0
0
0
0
0
0
1374
2031
0
0
0
0
0
0
1616
335
0
0
0
0
0
0
337
1541
0
0
0
0
0
0
2003
1521
0
0
0
0
0
0
2688
2196
0
0
0
0
0
0
2255
3444
0
0
0
0
0
0
2
2861
0
0
0
0
0
0
1805
2423
0
0
0
0
0
0
1470
1797
0
0
0
0
0
0
2010
927
0
0
0
0
0
0
3764
913
0
0
0
0
0
0
2582
1848
0
0
0
0
0
0
2509
2345
0
0
0
0
0
0
1945
2907
0
0
0
0
0
0
629
3493
0
0
0
0
0
0
1201
2034
0
0
0
0
0
0
1727
1735
0
0
0
0
0
0
2233
1402
0
0
0
0
0
0
3187
288
0
0
0
0
0
0
3200
2286
0
0
0
0
0
0
2184
2326
0
0
0
0
0
0
1809
2503
0
0
0
0
0
0
1149
1
0
0
0
0
0
0
582
1555
0
0
0
0
0
0
2110
1831
0
0
0
0
0
0
2289
1734
0
0
0
0
0
0
2729
3808
0
0
0
0
0
0
3809
2793
0
0
0
0
0
0
1752
2156
0
0
0
0
0
0
1833
2247
0
0
0
0
0
0
1538
541
0
0
0
0
0
0
4089
1028
0
0
0
0
0
0
2582
2066
0
0
0
0
0
0
2187
1914
0
0
0
0
0
0
2413
3315
0
0
0
0
0
0
272
3331
0
0
0
0
0
0
1254
1866
0
0
0
0
0
0
2005
2140
0
0
0
0
0
0
1780
981
0
0
0
0
0
0
3569
494
0
0
0
0
0
0
3095
2404
0
0
0
0
0
0
1953
1947
0
0
0
0
0
0
2244
2932
0
0
0
0
0
0
746
3853
0
0
0
0
0
0
733
1486
0
0
0
0
0
0
2291
2175
0
0
0
0
0
0
1876
1305
0
0
0
0
0
0
3147
4088
0
0
0
0
0
0
3613
2814
0
0
0
0
0
0
1620
1848
0
0
0
0
0
0
2219
2674
0
0
0
0
0
0
1112
230
0
0
0
0
0
0
228
1057
0
0
0
0
0
0
2662
2333
0
0
0
0
0
0
1836
1499
0
0
0
0
0
0
2842
3652
0
0
0
0
0
0
4095
3255
0
0
0
0
0
0
1223
1640
0
0
0
0
0
0
2320
2541
0
0
0
0
0
0
1355
626
0
0
0
0
0
0
3872
613
0
0
0
0
0
0
3080
2587
0
0
0
0
0
0
1678
1567
0
0
0
0
0
0
2659
3302
0
0
0
0
0
0
417
3695
0
0
0
0
0
0
796
1349
0
0
0
0
0
0
2526
2532
0
0
0
0
0
0
1473
923
0
0
0
0
0
0
3497
189
0
0
0
0
0
0
3507
2907
0
0
0
0
0
0
1429
1521
0
0
0
0
0
0
2600
3055
0
0
0
0
0
0
748
1
0
0
0
0
0
0
377
1008
0
0
0
0
0
0
2810
2631
0
0
0
0
0
0
1475
1117
0
0
0
0
0
0
3215
3909
0
0
0
0
0
0
3910
3260
0
0
0
0
0
0
1120
1377
0
0
0
0
0
0
2653
2917
0
0
0
0
0
0
977
342
0
0
0
0
0
0
4091
649
0
0
0
0
0
0
3137
2812
0
0
0
0
0
0
1378
1205
0
0
0
0
0
0
3038
3604
0
0
0
0
0
0
169
3616
0
0
0
0
0
0
783
1163
0
0
0
0
0
0
2794
2879
0
0
0
0
0
0
1103
607
0
0
0
0
0
0
3771
305
0
0
0
0
0
0
3479
3054
0
0
0
0
0
0
1199
1194
0
0
0
0
0
0
2963
3385
0
0
0
0
0
0
454
3948
0
0
0
0
0
0
445
901
0
0
0
0
0
0
3003
2933
0
0
0
0
0
0
1130
785
0
0
0
0
0
0
3524
4091
0
0
0
0
0
0
3806
3327
0
0
0
0
0
0
965
1101
0
0
0
0
0
0
2980
3250
0
0
0
0
0
0
656
134
0
0
0
0
0
0
134
622
0
0
0
0
0
0
3254
3060
0
0
0
0
0
0
1073
876
0
0
0
0
0
0
3363
3836
0
0
0
0
0
0
4095
3607
0
0
0
0
0
0
707
947
0
0
0
0
0
0
3071
3199
0
0
0
0
0
0
777
358
0
0
0
0
0
0
3967
348
0
0
0
0
0
0
3517
3236
0
0
0
0
0
0
950
886
0
0
0
0
0
0
3283
3646
0
0
0
0
0
0
233
3868
0
0
0
0
0
0
445
754
0
0
0
0
0
0
3221
3224
0
0
0
0
0
0
816
510
0
0
0
0
0
0
3764
103
0
0
0
0
0
0
3771
3443
0
0
0
0
0
0
780
830
0
0
0
0
0
0
3282
3529
0
0
0
0
0
0
404
4095
0
0
0
0
0
0
202
542
0
0
0
0
0
0
3404
3308
0
0
0
0
0
0
787
595
0
0
0
0
0
0
3627
3995
0
0
0
0
0
0
3997
3654
0
0
0
0
0
0
588
723
0
0
0
0
0
0
3340
3479
0
0
0
0
0
0
507
176
0
0
0
0
0
0
4091
335
0
0
0
0
0
0
3602
3435
0
0
0
0
0
0
705
615
0
0
0
0
0
0
3556
3844
0
0
0
0
0
0
84
3853
0
0
0
0
0
0
392
583
0
0
0
0
0
0
3445
3487
0
0
0
0
0
0
549
301
0
0
0
0
0
0
3934
149
0
0
0
0
0
0
3792
3584
0
0
0
0
0
0
585
582
0
0
0
0
0
0
3544
3748
0
0
0
0
0
0
219
4024
0
0
0
0
0
0
212
430
0
0
0
0
0
0
3575
3543
0
0
0
0
0
0
534
370
0
0
0
0
0
0
3825
4091
0
0
0
0
0
0
3960
3737
0
0
0
0
0
0
447
509
0
0
0
0
0
0
3581
3705
0
0
0
0
0
0
299
60
0
0
0
0
0
0
59
281
0
0
0
0
0
0
3716
3630
0
0
0
0
0
0
478
389
0
0
0
0
0
0
3770
3979
0
0
0
0
0
0
4095
3881
0
0
0
0
0
0
307
411
0
0
0
0
0
0
3651
3706
0
0
0
0
0
0
333
153
0
0
0
0
0
0
4039
147
0
0
0
0
0
0
3850
3732
0
0
0
0
0
0
397
369
0
0
0
0
0
0
3758
3909
0
0
0
0
0
0
95
4003
0
0
0
0
0
0
179
304
0
0
0
0
0
0
3741
3742
0
0
0
0
0
0
325
203
0
0
0
0
0
0
3961
39
0
0
0
0
0
0
3967
3838
0
0
0
0
0
0
302
320
0
0
0
0
0
0
3781
3876
0
0
0
0
0
0
153
4094
0
0
0
0
0
0
74
202
0
0
0
0
0
0
3836
3801
0
0
0
0
0
0
288
216
0
0
0
0
0
0
3923
4058
0
0
0
0
0
0
4059
3936
0
0
0
0
0
0
207
255
0
0
0
0
0
0
3828
3878
0
0
0
0
0
0
175
60
0
0
0
0
0
0
4093
114
0
0
0
0
0
0
3927
3871
0
0
0
0
0
0
232
202
0
0
0
0
0
0
3916
4012
0
0
0
0
0
0
25
4016
0
0
0
0
0
0
124
186
0
0
0
0
0
0
3888
3901
0
0
0
0
0
0
169
91
0
0
0
0
0
0
4044
45
0
0
0
0
0
0
4002
3940
0
0
0
0
0
0
171
170
0
0
0
0
0
0
3934
3992
0
0
0
0
0
0
61
4075
0
0
0
0
0
0
57
119
0
0
0
0
0
0
3950
3941
0
0
0
0
0
0
143
97
0
0
0
0
0
0
4021
4093
0
0
0
0
0
0
4060
4001
0
0
0
0
0
0
113
128
0
0
0
0
0
0
3964
3996
0
0
0
0
0
0
71
14
0
0
0
0
0
0
11
64
0
0
0
0
0
0
4005
3985
0
0
0
0
0
0
108
87
0
0
0
0
0
0
4020
4068
0
0
0
0
0
0
4094
4047
0
0
0
0
0
0
64
86
0
0
0
0
0
0
4001
4013
0
0
0
0
0
0
66
29
0
0
0
0
0
0
4083
26
0
0
0
0
0
0
4047
4025
0
0
0
0
0
0
71
65
0
0
0
0
0
0
4033
4061
0
0
0
0
0
0
14
4078
0
0
0
0
0
0
28
48
0
0
0
0
0
0
4036
4037
0
0
0
0
0
0
47
28
0
0
0
0
0
0
4074
3
0
0
0
0
0
0
4076
4058
0
0
0
0
0
0
40
41
0
0
0
0
0
0
4053
4066
0
0
0
0
0
0
17
4095
0
0
0
0
0
0
6
20
0
0
0
0
0
0
4064
4061
0
0
0
0
0
0
29
21
0
0
0
0
0
0
4076
4090
0
0
0
0
0
0
4090
4079
0
0
0
0
0
0
16
20
0
0
0
0
0
0
4072
4076
0
0
0
0
0
0
11
2
0
0
0
0
0
0
4094
6
0
0
0
0
0
0
4082
4078
0
0
0
0
0
0
12
9
0
0
0
0
0
0
4083
4089
0
0
0
0
0
0
0
4091
0
0
0
0
0
0
3
5
0
0
0
0
0
0
4086
4087
0
0
0
0
0
0
3
0
0
0
0
0
0
0
4093
4095
0
0
0
0
0
0
4091
4091
0
0
0
0
0
0
1
1
0
0
0
0
0
0
4091
4092
0
0
0
0
0
0
4095
4092
0
0
0
0
0
0
4093
4095
0
0
0
0
0
0
4093
4092
0
0
0
0
0
0
0
0
0
0
0
0
0
0
4092
4093
0
0
0
0
0
0
4093
4092
0
0
0
0
0
0
0
4095
0
0
0
0
0
0
4095
0
0
0
0
0
0
0
4095
4095
0
0
0
0
0
0
0
4095
0
0
0
0
0
0
4095
0
0
0
0
0
0
0
4095
0
0
0
0
0
0
0
0
0
0
0
0
0
0
0
0
0
0
0
0
0
0
0
0
0
0
0
0
0
0
0
0
0
0
0
0
0
0
0
0
0
0
0
0
0
0
0
0
0
0
0
0
0
0
0
0
0
0
0
0
0
0
0
0
0
0
0
0
0
0
0
0
0
0
0
0
0
0
0
0
0
0
0
0
0
0
0
0
0
0
0
0
0
0
0
0
0
0
0
0
0
0
0
0
0
0
0
0
0
0
0
0
0
0
0
0
0
0
0
0
0
0
0
0
0
0
0
0
0
0
0
0
0
0
0
0
0
0
0
0
0
0
0
0
0
0
0
0
0
0
0
0
0
0
0
0
0
0
0
0
0
0
0
0
0
0
0
0
0
0
0
0
0
0
0
0
0
0
0
0
0
0
0
0
0
0
0
0
0
0
0
0
0
0
0
0
0
0
0
0
0
0
0
0
0
0
0
0
0
0
0
0
0
0
0
0
0
0
0
0
0
0
0
0
0
0
0
0
0
0
0
0
0
0
0
0
0
0
0
0
0
0
0
0
0
0
0
0
0
0
0
0
0
0
0
0
0
0
0
0
0
0
0
0
0
0
0
0
0
0
0
0
0
0
0
0
0
0
0
0
0
0
0
0
0
0
0
0
0
0
0
0
0
0
0
0
0
0
0
0
0
0
0
0
0
0
0
0
0
0
0
0
0
0
0
0
0
0
0
0
0
0
0
0
0
0
0
0
0
0
0
0
0
0
0
0
0
0
0
0
0
0
0
0
0
0
0
0
0
0
0
0
0
0
0
0
0
0
0
0
0
0
0
0
0
0
0
0
0
0
0
0
0
0
0
0
0
0
0
0
0
0
0
0
0
0
0
0
0
0
0
0
0
0
0
0
0
0
0
0
0
0
0
0
0
0
0
0
0
0
0
0
0
0
0
0
0
0
0
0
0
0
0
0
0
0
0
0
0
0
0
0
0
0
0
0
0
0
0
0
0
0
0
0
0
0
0
0
0
0
0
0
0
0
0
0
0
0
0
0
0
0
0
0
0
0
0
0
0
0
0
0
0
0
0
0
0
0
0
0
0
0
0
0
0
0
0
0
0
0
0
0
0
0
0
0
0
0
0
0
0
0
0
0
0
0
0
0
0
0
0
0
0
0
0
0
0
0
0
0
0
0
0
0
0
0
0
0
0
0
0
0
0
0
0
0
0
0
0
0
0
0
0
0
0
0
0
0
0
0
0
0
0
0
0
0
0
0
0
0
0
0
0
0
0
0
0
0
0
0
0
0
0
0
0
0
0
0
0
0
0
0
0
0
0
0
0
0
0
0
0
0
0
0
0
0
0
0
0
0
0
0
0
0
0
0
0
0
0
0
0
0
0
0
0
0
0
0
0
0
0
0
0
0
0
0
0
0
0
0
0
0
0
0
0
0
0
0
0
0
0
0
0
0
0
0
0
0
0
0
0
0
0
0
0
0
0
0
0
0
0
0
0
0
0
0
0
0
0
0
0
0
0
0
0
0
0
0
0
0
0
0
0
0
0
0
0
0
0
0
0
0
0
0
0
0
0
0
0
0
0
0
0
0
0
0
0
0
0
0
0
0
0
0
0
0
0
0
0
0
0
0
0
0
0
0
0
0
0
0
0
0
0
0
0
0
0
0
0
0
0
0
0
0
0
0
0
0
0
0
0
0
0
0
0
0
0
0
0
0
0
0
0
0
0
0
0
0
0
0
0
0
0
0
0
0
0
0
0
0
0
0
0
0
0
0
0
0
0
0
0
0
0
0
0
0
0
0
0
0
0
0
0
0
0
0
0
0
0
0
0
0
0
0
0
0
0
0
0
0
0
0
0
0
0
0
0
0
0
0
0
0
0
0
0
0
0
0
0
0
0
0
0
0
0
0
0
0
0
0
0
0
0
0
0
0
0
0
0
0
0
0
0
0
0
0
0
0
0
0
0
0
0
0
0
0
0
0
0
0
0
0
0
0
0
0
0
0
0
0
0
0
0
0
0
0
0
0
0
0
0
0
0
0
0
0
0
0
0
0
0
0
0
0
0
0
0
0
0
0
0
0
0
0
0
0
0
0
0
0
0
0
0
0
0
0
0
0
0
0
0
0
0
0
0
0
0
0
0
0
0
0
0
0
0
0
0
0
0
0
0
0
0
0
0
0
0
0
0
0
0
0
0
0
0
0
0
0
0
0
0
0
0
0
0
0
0
0
0
0
0
0
0
0
0
0
0
0
0
0
0
0
0
0
0
0
0
0
0
0
0
0
0
0
0
0
0
0
0
0
0
0
0
0
0
0
0
0
0
0
0
0
0
0
0
0
0
0
0
0
0
0
0
0
0
0
0
0
0
0
0
0
0
0
0
0
0
0
0
0
0
0
0
0
0
0
0
0
0
0
0
0
0
0
0
0
0
0
0
0
0
0
0
0
0
0
0
0
0
0
0
0
0
0
0
0
0
0
0
0
0
0
0
0
0
0
0
0
0
0
0
0
0
0
0
0
0
0
0
0
0
0
0
0
0
0
0
0
0
0
0
0
0
0
0
0
0
0
0
0
0
0
0
0
0
0
0
0
0
0
0
0
0
0
0
0
0
0
0
0
0
0
0
0
0
0
0
0
0
0
0
0
0
0
0
0
0
0
0
0
0
0
0
0
0
0
0
0
0
0
0
0
0
0
0
0
0
0
0
0
0
0
0
0
0
0
0
0
0
0
0
0
0
0
0
0
0
0
0
0
0
0
0
0
0
0
0
0
0
0
0
0
0
0
0
0
0
0
0
0
0
0
0
0
0
0
0
0
0
0
0
0
0
0
0
0
0
0
0
0
0
0
0
0
0
0
0
0
0
0
0
0
0
0
0
0
0
0
0
0
0
0
0
0
0
0
0
0
0
0
0
0
0
0
0
0
0
0
0
0
0
0
0
0
0
0
0
0
0
0
0
0
0
0
0
0
0
0
0
0
0
0
0
0
0
0
0
0
0
0
0
0
0
0
0
0
0
0
0
0
0
0
0
0
0
0
0
0
0
0
0
0
0
0
0
0
0
0
0
0
0
0
0
0
0
0
0
0
0
0
0
0
0
0
0
0
0
0
0
0
0
0
0
0
0
0
0
0
0
0
0
0
0
0
0
0
0
0
0
0
0
0
0
0
0
0
0
0
0
0
0
0
0
0
0
0
0
0
0
0
0
0
0
0
0
0
0
0
0
0
0
0
0
0
0
0
0
0
0
0
0
0
0
0
0
0
0
0
0
0
0
0
0
0
0
0
0
0
0
0
0
0
0
0
0
0
0
0
0
0
0
0
0
0
0
0
0
0
0
0
0
0
0
0
0
0
0
0
0
0
0
0
0
0
0
0
0
0
0
0
0
0
0
0
0
0
0
0
0
0
0
0
0
0
0
0
0
0
0
0
0
0
0
0
0
0
0
0
0
0
0
0
0
0
0
0
0
0
0
0
0
0
0
0
0
0
0
0
0
0
0
0
0
0
0
0
0
0
0
0
0
0
0
0
0
0
0
0
0
0
0
0
0
0
0
0
0
0
0
0
0
0
0
0
0
0
0
0
0
0
0
0
0
0
0
0
0
0
0
0
0
0
0
0
0
0
0
0
0
0
0
0
0
0
0
0
0
0
0
0
0
0
0
0
0
0
0
0
0
0
0
0
0
0
0
0
0
0
0
0
0
0
0
0
0
0
0
0
0
0
0
0
0
0
0
0
0
0
0
0
0
0
0
0
0
0
0
0
0
0
0
0
0
0
0
0
0
0
0
0
0
0
0
0
0
0
0
0
0
0
0
0
0
0
0
0
0
0
0
0
0
0
0
0
0
0
0
0
0
0
0
0
0
0
0
0
0
0
0
0
0
0
0
0
0
0
0
0
0
0
0
0
0
0
0
0
0
0
0
0
0
0
0
0
0
0
0
0
0
0
0
0
0
0
0
0
0
0
0
0
0
0
0
0
0
0
0
0
0
0
0
0
0
0
0
0
0
0
0
0
0
0
0
0
0
0
0
0
0
0
0
0
0
0
0
0
0
0
0
0
0
0
0
0
0
0
0
0
0
0
0
0
0
0
0
0
0
0
0
0
0
0
0
0
0
0
0
0
0
0
0
0
0
0
0
0
0
0
0
0
0
0
0
0
0
0
0
0
0
0
0
0
0
0
0
0
0
0
0
0
0
0
0
0
0
0
0
0
0
0
0
0
0
0
0
0
0
0
0
0
0
0
0
0
0
0
0
0
0
0
0
0
0
0
0
0
0
0
0
0
0
0
0
0
0
0
0
0
0
0
0
0
0
0
0
0
0
0
0
0
0
0
0
0
0
0
0
0
0
0
0
0
0
0
0
0
0
0
0
0
0
0
0
0
0
0
0
0
0
0
0
0
0
0
0
0
0
0
0
0
0
0
0
0
0
0
0
0
0
0
0
0
0
0
0
0
0
0
0
0
0
0
0
0
0
0
0
0
0
0
0
0
0
0
0
0
0
0
0
0
0
0
0
0
0
0
0
0
0
0
0
0
0
0
0
0
0
0
0
0
0
0
0
0
0
0
0
0
0
0
0
0
0
0
0
0
0
0
0
0
0
0
0
0
0
0
0
0
0
0
0
0
0
0
0
0
0
0
0
0
0
0
0
0
0
0
0
0
0
0
0
0
0
0
0
0
0
0
0
0
0
0
0
0
0
0
0
0
0
0
0
0
0
0
0
0
0
0
0
0
0
0
0
0
0
0
0
0
0
0
0
0
0
0
0
0
0
0
0
0
0
0
0
0
0
0
0
0
0
0
0
0
0
0
0
0
0
0
0
0
0
0
0
0
0
0
0
0
0
0
0
0
0
0
0
0
0
0
0
0
0
0
0
0
0
0
0
0
0
0
0
0
0
0
0
0
0
0
0
0
0
0
0
0
0
0
0
0
0
0
0
0
0
0
0
0
0
0
0
0
0
0
0
0
0
0
0
0
0
0
0
0
0
0
0
0
0
0
0
0
0
0
0
0
0
0
0
0
0
0
0
0
0
0
0
0
0
0
0
0
0
0
0
0
0
0
0
0
0
0
0
0
0
0
0
0
0
0
0
0
0
0
0
0
0
0
0
0
0
0
0
0
0
0
0
0
0
0
0
0
0
0
0
0
0
0
0
0
0
0
0
0
0
0
0
0
0
0
0
0
0
0
0
0
0
0
0
0
0
0
0
0
0
0
0
0
0
0
0
0
0
0
0
0
0
0
0
0
0
0
0
0
0
0
0
0
0
0
0
0
0
0
0
0
0
0
0
0
0
0
0
0
0
0
0
0
0
0
0
0
0
0
0
0
0
0
0
0
0
0
0
0
0
0
0
0
0
0
0
0
0
0
0
0
0
0
0
0
0
0
0
0
0
0
0
0
0
0
0
0
0
0
0
0
0
0
0
0
0
0
0
0
0
0
0
0
0
0
0
0
0
0
0
0
0
0
0
0
0
0
0
0
0
0
0
0
0
0
0
0
0
0
0
0
0
0
0
0
0
0
0
0
0
0
0
0
0
0
0
0
0
0
0
0
0
0
0
0
0
0
0
0
0
0
0
0
0
0
0
0
0
0
0
0
0
0
0
0
0
0
0
0
0
0
0
0
0
0
0
0
0
0
0
0
0
0
0
0
0
0
0
0
0
0
0
0
0
0
0
0
0
0
0
0
0
0
0
0
0
0
0
0
0
0
0
0
0
0
0
0
0
0
0
0
0
0
0
0
0
0
0
0
0
0
0
0
0
0
0
0
0
0
0
0
0
0
0
0
0
0
0
0
0
0
0
0
0
0
0
0
0
0
0
0
0
0
0
0
0
0
0
0
0
0
0
0
0
0
0
0
0
0
0
0
0
0
0
0
0
0
0
0
0
0
0
0
0
0
0
0
0
0
0
0
0
0
0
0
0
0
0
0
0
0
0
0
0
0
0
0
0
0
0
0
0
0
0
0
0
0
0
0
0
0
0
0
0
0
0
0
0
0
0
0
0
0
0
0
0
0
0
0
0
0
0
0
0
0
0
0
0
0
0
0
0
0
0
0
0
0
0
0
0
0
0
0
0
0
0
0
0
0
0
0
0
0
0
0
0
0
0
0
0
0
0
0
0
0
0
0
0
0
0
0
0
0
0
0
0
0
0
0
0
0
0
0
0
0
0
0
0
0
0
0
0
0
0
0
0
0
0
0
0
0
0
0
0
0
0
0
0
0
0
0
0
0
0
0
0
0
0
0
0
0
0
0
0
0
0
0
0
0
0
0
0
0
0
0
0
0
0
0
0
0
0
0
0
0
0
0
0
0
0
0
0
0
0
0
0
0
0
0
0
0
0
0
0
0
0
0
0
0
0
0
0
0
0
0
0
0
0
0
0
0
0
0
0
0
0
0
0
0
0
0
0
0
0
0
0
0
0
0
0
0
0
0
0
0
0
0
0
0
0
0
0
0
0
0
0
0
0
0
0
0
0
0
0
0
0
0
0
0
0
0
0
0
0
0
0
0
0
0
0
0
0
0
0
0
0
0
0
0
0
0
0
0
0
0
0
0
0
0
0
0
0
0
0
0
0
0
0
0
0
0
0
0
0
0
0
0
0
0
0
0
0
0
0
0
0
0
0
0
0
0
0
0
0
0
0
0
0
0
0
0
0
0
0
0
0
0
0
0
0
0
0
0
0
0
0
0
0
0
0
0
0
0
0
0
0
0
0
0
0
0
0
0
0
0
0
0
0
0
0
0
0
0
0
0
0
0
0
0
0
0
0
0
0
0
0
0
0
0
0
0
0
0
0
0
0
0
0
0
0
0
0
0
0
0
0
0
0
0
0
0
0
0
0
0
0
0
0
0
0
0
0
0
0
0
0
0
0
0
0
0
0
0
0
0
0
0
0
0
0
0
0
0
0
0
0
0
0
0
0
0
0
0
0
0
0
0
0
0
0
0
0
0
0
0
0
0
0
0
0
0
0
0
0
0
0
0
0
0
0
0
0
0
0
0
0
0
0
0
0
0
0
0
0
0
0
0
0
0
0
0
0
0
0
0
0
0
0
0
0
0
0
0
0
0
0
0
0
0
0
0
0
0
0
0
0
0
0
0
0
0
0
0
0
0
0
0
0
0
0
0
0
0
0
0
0
0
0
0
0
0
0
0
0
0
0
0
0
0
0
0
0
0
0
0
0
0
0
0
0
0
0
0
0
0
0
0
0
0
0
0
0
0
0
0
0
0
0
0
0
0
0
0
0
0
0
0
0
0
0
0
0
0
0
0
0
0
0
0
0
0
0
0
0
0
0
0
0
0
0
0
0
0
0
0
0
0
0
0
0
0
0
0
0
0
0
0
0
0
0
0
0
0
0
0
0
0
0
0
0
0
0
0
0
0
0
0
0
0
0
0
0
0
0
0
0
0
0
0
0
0
0
0
0
0
0
0
0
0
0
0
0
0
0
0
0
0
0
0
0
0
0
0
0
0
0
0
0
0
0
0
0
0
0
0
0
0
0
0
0
0
0
0
0
0
0
0
0
0
0
0
0
0
0
0
0
0
0
0
0
0
0
0
0
0
0
0
0
0
0
0
0
0
0
0
0
0
0
0
0
0
0
0
0
0
0
0
0
0
0
0
0
0
0
0
0
0
0
0
0
0
0
0
0
0
0
0
0
0
0
0
0
0
0
0
0
0
0
0
0
0
0
0
0
0
0
0
0
0
0
0
0
0
0
0
0
0
0
0
0
0
0
0
0
0
0
0
0
0
0
0
0
0
0
0
0
0
0
0
0
0
0
0
0
0
0
0
0
0
0
0
0
0
0
0
0
0
0
0
0
0
0
0
0
0
0
0
0
0
0
0
0
0
0
0
0
0
0
0
0
0
0
0
0
0
0
0
0
0
0
0
0
0
0
0
0
0
0
0
0
0
0
0
0
0
0
0
0
0
0
0
0
0
0
0
0
0
0
0
0
0
0
0
0
0
0
0
0
0
0
0
0
0
0
0
0
0
0
0
0
0
0
0
0
0
0
0
0
0
0
0
0
0
0
0
0
0
0
0
0
0
0
0
0
0
0
0
0
0
0
0
0
0
0
0
0
0
0
0
0
0
0
0
0
0
0
0
0
0
0
0
0
0
0
0
0
0
0
0
0
0
0
0
0
0
0
0
0
0
0
0
0
0
0
0
0
0
0
0
0
0
0
0
0
0
0
0
0
0
0
0
0
0
0
0
0
0
0
0
0
0
0
0
0
0
0
0
0
0
0
0
0
0
0
0
0
0
0
0
0
0
0
0
0
0
0
0
0
0
0
0
0
0
0
0
0
0
0
0
0
0
0
0
0
0
0
0
0
0
0
0
0
0
0
0
0
0
0
0
0
0
0
0
0
0
0
0
0
0
0
0
0
0
0
0
0
0
0
0
0
0
0
0
0
0
0
0
0
0
0
0
0
0
0
0
0
0
0
0
0
0
0
0
0
0
0
0
0
0
0
0
0
0
0
0
0
0
0
0
0
0
0
0
0
0
0
0
0
0
0
0
0
0
0
0
0
0
0
0
0
0
0
0
0
0
0
0
0
0
0
0
0
0
0
0
0
0
0
0
0
0
0
0
0
0
0
0
0
0
0
0
0
0
0
0
0
0
0
0
0
0
0
0
0
0
0
0
0
0
0
0
0
0
0
0
0
0
0
0
0
0
0
0
0
0
0
0
0
0
0
0
0
0
0
0
0
0
0
0
0
0
0
0
0
0
0
0
0
0
0
0
0
0
0
0
0
0
0
0
0
0
0
0
0
0
0
0
0
0
0
0
0
0
0
0
0
0
0
0
0
0
0
0
0
0
0
0
0
0
0
0
0
0
0
0
0
0
0
0
0
0
0
0
0
0
0
0
0
0
0
0
0
0
0
0
0
0
0
0
0
0
0
0
0
0
0
0
0
0
0
0
0
0
0
0
0
0
0
0
0
0
0
0
0
0
0
0
0
0
0
0
0
0
0
0
0
0
0
0
0
0
0
0
0
0
0
0
0
0
0
0
0
0
0
0
0
0
0
0
0
0
0
0
0
0
0
0
0
0
0
0
0
0
0
0
0
0
0
0
0
0
0
0
0
0
0
0
0
0
0
0
0
0
0
0
0
0
0
0
0
0
0
0
0
0
0
0
0
0
0
0
0
0
0
0
0
0
0
0
0
0
0
0
0
0
0
0
0
0
0
0
0
0
0
0
0
0
0
0
0
0
0
0
0
0
0
0
0
0
0
0
0
0
0
0
0
0
0
0
0
0
0
0
0
0
0
0
0
0
0
0
0
0
0
0
0
0
0
0
0
0
0
0
0
0
0
0
0
0
0
0
0
0
0
0
0
0
0
0
0
0
0
0
0
0
0
0
0
0
0
0
0
0
0
0
0
0
0
0
0
0
0
0
0
0
0
0
0
0
0
0
0
0
0
0
0
0
0
0
0
0
0
0
0
0
0
0
0
0
0
0
0
0
0
0
0
0
0
0
0
0
0
0
0
0
0
0
0
0
0
0
0
0
0
0
0
0
0
0
0
0
0
0
0
0
0
0
0
0
0
0
0
0
0
0
0
0
0
0
0
0
0
0
0
0
0
0
0
0
0
0
0
0
0
0
0
0
0
0
0
0
0
0
0
0
0
0
0
0
0
0
0
0
0
0
0
0
0
0
0
0
0
0
0
0
0
0
0
0
0
0
0
0
0
0
0
0
0
0
0
0
0
0
0
0
0
0
0
0
0
0
0
0
0
0
0
0
0
0
0
0
0
0
0
0
0
0
0
0
0
0
0
0
0
0
0
0
0
0
0
0
0
0
0
0
0
0
0
0
0
0
0
0
0
0
0
0
0
0
0
0
0
0
0
0
0
0
0
0
0
0
0
0
0
0
0
0
0
0
0
0
0
0
0
0
0
0
0
0
0
0
0
0
0
0
0
0
0
0
0
0
0
0
0
0
0
0
0
0
0
0
0
0
0
0
0
0
0
0
0
0
0
0
0
0
0
0
0
0
0
0
0
0
0
0
0
0
0
0
0
0
0
0
0
0
0
0
0
0
0
0
0
0
0
0
0
0
0
0
0
0
0
0
0
0
0
0
0
0
0
0
0
0
0
0
0
0
0
0
0
0
0
0
0
0
0
0
0
0
0
0
0
0
0
0
0
0
0
0
0
0
0
0
0
0
0
0
0
0
0
0
0
0
0
0
0
0
0
0
0
0
0
0
0
0
0
0
0
0
0
0
0
0
0
0
0
0
0
0
0
0
0
0
0
0
0
0
0
0
0
0
0
0
0
0
0
0
0
0
0
0
0
0
0
0
0
0
0
0
0
0
0
0
0
0
0
0
0
0
0
0
0
0
0
0
0
0
0
0
0
0
0
0
0
0
0
0
0
0
0
0
0
0
0
0
0
0
0
0
0
0
0
0
0
0
0
0
0
0
0
0
0
0
0
0
0
0
0
0
0
0
0
0
0
0
0
0
0
0
0
0
0
0
0
0
0
0
0
0
0
0
0
0
0
0
0
0
0
0
0
0
0
0
0
0
0
0
0
0
0
0
0
0
0
0
0
0
0
0
0
0
0
0
0
0
0
0
0
0
0
0
0
0
0
0
0
0
0
0
0
0
0
0
0
0
0
0
0
0
0
0
0
0
0
0
0
0
0
0
0
0
0
0
0
0
0
0
0
0
0
0
0
0
0
0
0
0
0
0
0
0
0
0
0
0
0
0
0
0
0
0
0
0
0
0
0
0
0
0
0
0
0
0
0
0
0
0
0
0
0
0
0
0
0
0
0
0
0
0
0
0
0
0
0
0
0
0
0
0
0
0
0
0
0
0
0
0
0
0
0
0
0
0
0
0
0
0
0
0
0
0
0
0
0
0
0
0
0
0
0
0
0
0
0
0
0
0
0
0
0
0
0
0
0
0
0
0
0
0
0
0
0
0
0
0
0
0
0
0
0
0
0
0
0
0
0
0
0
0
0
0
0
0
0
0
0
0
0
0
0
0
0
0
0
0
0
0
0
0
0
0
0
0
0
0
0
0
0
0
0
0
0
0
0
0
0
0
0
0
0
0
0
0
0
0
0
0
0
0
0
0
0
0
0
0
0
0
0
0
0
0
0
0
0
0
0
0
0
0
0
0
0
0
0
0
0
0
0
0
0
0
0
0
0
0
0
0
0
0
0
0
0
0
0
0
0
0
0
0
0
0
0
0
0
0
0
0
0
0
0
0
0
0
0
0
0
0
0
0
0
0
0
0
0
0
0
0
0
0
0
0
0
0
0
0
0
0
0
0
0
0
0
0
0
0
0
0
0
0
0
0
0
0
0
0
0
0
0
0
0
0
0
0
0
0
0
0
0
0
0
0
0
0
0
0
0
0
0
0
0
0
0
0
0
0
0
0
0
0
0
0
0
0
0
0
0
0
0
0
0
0
0
0
0
0
0
0
0
0
0
0
0
0
0
0
0
0
0
0
0
0
0
0
0
0
0
0
0
0
0
0
0
0
0
0
0
0
0
0
0
0
0
0
0
0
0
0
0
0
0
0
0
0
0
0
0
0
0
0
0
0
0
0
0
0
0
0
0
0
0
0
0
0
0
0
0
0
0
0
0
0
0
0
0
0
0
0
0
0
0
0
0
0
0
0
0
0
0
0
0
0
0
0
0
0
0
0
0
0
0
0
0
0
0
0
0
0
0
0
0
0
0
0
0
0
0
0
0
0
0
0
0
0
0
0
0
0
0
0
0
0
0
0
0
0
0
0
0
0
0
0
0
0
0
0
0
0
0
0
0
0
0
0
0
0
0
0
0
0
0
0
0
0
0
0
0
0
0
0
0
0
0
0
0
0
0
0
0
0
0
0
0
0
0
0
0
0
0
0
0
0
0
0
0
0
0
0
0
0
0
0
0
0
0
0
0
0
0
0
0
0
0
0
0
0
0
0
0
0
0
0
0
0
0
0
0
0
0
0
0
0
0
0
0
0
0
0
0
0
0
0
0
0
0
0
0
0
0
0
0
0
0
0
0
0
0
0
0
0
0
0
0
0
0
0
0
0
0
0
0
0
0
0
0
0
0
0
0
0
0
0
0
0
0
0
0
0
0
0
0
0
0
0
0
0
0
0
0
0
0
0
0
0
0
0
0
0
0
0
0
0
0
0
0
0
0
0
0
0
0
0
0
0
0
0
0
0
0
0
0
0
0
0
0
0
0
0
0
0
0
0
0
0
0
0
0
0
0
0
0
0
0
0
0
0
0
0
0
0
0
0
0
0
0
0
0
0
0
0
0
0
0
0
0
0
0
0
0
0
0
0
0
0
0
0
0
0
0
0
0
0
0
0
0
0
0
0
0
0
0
0
0
0
0
0
0
0
0
0
0
0
0
0
0
0
0
0
0
0
0
0
0
0
0
0
0
0
0
0
0
0
0
0
0
0
0
0
0
0
0
0
0
0
0
0
0
0
0
0
0
0
0
0
0
0
0
0
0
0
0
0
0
0
0
0
0
0
0
0
0
0
0
0
0
0
0
0
0
0
0
0
0
0
0
0
0
0
0
0
0
0
0
0
0
0
0
0
0
0
0
0
0
0
0
0
0
0
0
0
0
0
0
0
0
0
0
0
0
0
0
0
0
0
0
0
0
0
0
0
0
0
0
0
0
0
0
0
0
0
0
0
0
0
0
0
0
0
0
0
0
0
0
0
0
0
0
0
0
0
0
0
0
0
0
0
0
0
0
0
0
0
0
0
0
0
0
0
0
0
0
0
0
0
0
0
0
0
0
0
0
0
0
0
0
0
0
0
0
0
0
0
0
0
0
0
0
0
0
0
0
0
0
0
0
0
0
0
0
0
0
0
0
0
0
0
0
0
0
0
0
0
0
0
0
0
0
0
0
0
0
0
0
0
0
0
0
0
0
0
0
0
0
0
0
0
0
0
0
0
0
0
0
0
0
0
0
0
0
0
0
0
0
0
0
0
0
0
0
0
0
0
0
0
0
0
0
0
0
0
0
0
0
0
0
0
0
0
0
0
0
0
0
0
0
0
0
0
0
0
0
0
0
0
0
0
0
0
0
0
0
0
0
0
0
0
0
0
0
0
0
0
0
0
0
0
0
0
0
0
0
0
0
0
0
0
0
0
0
0
0
0
0
0
0
0
0
0
0
0
0
0
0
0
0
0
0
0
0
0
0
0
0
0
0
0
0
0
0
0
0
0
0
0
0
0
0
0
0
0
0
0
0
0
0
0
0
0
0
0
0
0
0
0
0
0
0
0
0
0
0
0
0
0
0
0
0
0
0
0
0
0
0
0
0
0
0
0
0
0
0
0
0
0
0
0
0
0
0
0
0
0
0
0
0
0
0
0
0
0
0
0
0
0
0
0
0
0
0
0
0
0
0
0
0
0
0
0
0
0
0
0
0
0
0
0
0
0
0
0
0
0
0
0
0
0
0
0
0
0
0
0
0
0
0
0
0
0
0
0
0
0
0
0
0
0
0
0
0
0
0
0
0
0
0
0
0
0
0
0
0
0
0
0
0
0
0
0
0
0
0
0
0
0
0
0
0
0
0
0
0
0
0
0
0
0
0
0
0
0
0
0
0
0
0
0
0
0
0
0
0
0
0
0
0
0
0
0
0
0
0
0
0
0
0
0
0
0
0
0
0
0
0
0
0
0
0
0
0
0
0
0
0
0
0
0
0
0
0
0
0
0
0
0
0
0
0
0
0
0
0
0
0
0
0
0
0
0
0
0
0
0
0
0
0
0
0
0
0
0
0
0
0
0
0
0
0
0
0
0
0
0
0
0
0
0
0
0
0
0
0
0
0
0
0
0
0
0
0
0
0
0
0
0
0
0
0
0
0
0
0
0
0
0
0
0
0
0
0
0
0
0
0
0
0
0
0
0
0
0
0
0
0
0
0
0
0
0
0
0
0
0
0
0
0
0
0
0
0
0
0
0
0
0
0
0
0
0
0
0
0
0
0
0
0
0
0
0
0
0
0
0
0
0
0
0
0
0
0
0
0
0
0
0
0
0
0
0
0
0
0
0
0
0
0
0
0
0
0
0
0
0
0
0
0
0
0
0
0
0
0
0
0
0
0
0
0
0
0
0
0
0
0
0
0
0
0
0
0
0
0
0
0
0
0
0
0
0
0
0
0
0
0
0
0
0
0
0
0
0
0
0
0
0
0
0
0
0
0
0
0
0
0
0
0
0
0
0
0
0
0
0
0
0
0
0
0
0
0
0
0
0
0
0
0
0
0
0
0
0
0
0
0
0
0
0
0
0
0
0
0
0
0
0
0
0
0
0
0
0
0
0
0
0
0
0
0
0
0
0
0
0
0
0
0
0
0
0
0
0
0
0
0
0
0
0
0
0
0
0
0
0
0
0
0
0
0
0
0
0
0
0
0
0
0
0
0
0
0
0
0
0
0
0
0
0
0
0
0
0
0
0
0
0
0
0
0
0
0
0
0
0
0
0
0
0
0
0
0
0
0
0
0
0
0
0
0
0
0
0
0
0
0
0
0
0
0
0
0
0
0
0
0
0
0
0
0
0
0
0
0
0
0
0
0
0
0
0
0
0
0
0
0
0
0
0
0
0
0
0
0
0
0
0
0
0
0
0
0
0
0
0
0
0
0
0
0
0
0
0
0
0
0
0
0
0
0
0
0
0
0
0
0
0
0
0
0
0
0
0
0
0
0
0
0
0
0
0
0
0
0
0
0
0
0
0
0
0
0
0
0
0
0
0
0
0
0
0
0
0
0
0
0
0
0
0
0
0
0
0
0
0
0
0
0
0
0
0
0
0
0
0
0
0
0
0
0
0
0
0
0
0
0
0
0
0
0
0
0
0
0
0
0
0
0
0
0
0
0
0
0
0
0
0
0
0
0
0
0
0
0
0
0
0
0
0
0
0
0
0
0
0
0
0
0
0
0
0
0
0
0
0
0
0
0
0
0
0
0
0
0
0
0
0
0
0
0
0
0
0
0
0
0
0
0
0
0
0
0
0
0
0
0
0
0
0
0
0
0
0
0
0
0
0
0
0
0
0
0
0
0
0
0
0
0
0
0
0
0
0
0
0
0
0
0
0
0
0
0
0
0
0
0
0
0
0
0
0
0
0
0
0
0
0
0
0
0
0
0
0
0
0
0
0
0
0
0
0
0
0
0
0
0
0
0
0
0
0
0
0
0
0
0
0
0
0
0
0
0
0
0
0
0
0
0
0
0
0
0
0
0
0
0
0
0
0
0
0
0
0
0
0
0
0
0
0
0
0
0
0
0
0
0
0
0
0
0
0
0
0
0
0
0
0
0
0
0
0
0
0
0
0
0
0
0
0
0
0
0
0
0
0
0
0
0
0
0
0
0
0
0
0
0
0
0
0
0
0
0
0
0
0
0
0
0
0
0
0
0
0
0
0
0
0
0
0
0
0
0
0
0
0
0
0
0
0
0
0
0
0
0
0
0
0
0
0
0
0
0
0
0
0
0
0
0
0
0
0
0
0
0
0
0
0
0
0
0
0
0
0
0
0
0
0
0
0
0
0
0
0
0
0
0
0
0
0
0
0
0
0
0
0
0
0
0
0
0
0
0
0
0
0
0
0
0
0
0
0
0
0
0
0
0
0
0
0
0
0
0
0
0
0
0
0
0
0
0
0
0
0
0
0
0
0
0
0
0
0
0
0
0
0
0
0
0
0
0
0
0
0
0
0
0
0
0
0
0
0
0
0
0
0
0
0
0
0
0
0
0
0
0
0
0
0
0
0
0
0
0
0
0
0
0
0
0
0
0
0
0
0
0
0
0
0
0
0
0
0
0
0
0
0
0
0
0
0
0
0
0
0
0
0
0
0
0
0
0
0
0
0
0
0
0
0
0
0
0
0
0
0
0
0
0
0
0
0
0
0
0
0
0
0
0
0
0
0
0
0
0
0
0
0
0
0
0
0
0
0
0
0
0
0
0
0
0
0
0
0
0
0
0
0
0
0
0
0
0
0
0
0
0
0
0
0
0
0
0
0
0
0
0
0
0
0
0
0
0
0
0
0
0
0
0
0
0
0
0
0
0
0
0
0
0
0
0
0
0
0
0
0
0
0
0
0
0
0
0
0
0
0
0
0
0
0
0
0
0
0
0
0
0
0
0
0
0
0
0
0
0
0
0
0
0
0
0
0
0
0
0
0
0
0
0
0
0
0
0
0
0
0
0
0
0
0
0
0
0
0
0
0
0
0
0
0
0
0
0
0
0
0
0
0
0
0
0
0
0
0
0
0
0
0
0
0
0
0
0
0
0
0
0
0
0
0
0
0
0
0
0
0
0
0
0
0
0
0
0
0
0
0
0
0
0
0
0
0
0
0
0
0
0
0
0
0
0
0
0
0
0
0
0
0
0
0
0
0
0
0
0
0
0
0
0
0
0
0
0
0
0
0
0
0
0
0
0
0
0
0
0
0
0
0
0
0
0
0
0
0
0
0
0
0
0
0
0
0
0
0
0
0
0
0
0
0
0
0
0
0
0
0
0
0
0
0
0
0
0
0
0
0
0
0
0
0
0
0
0
0
0
0
0
0
0
0
0
0
0
0
0
0
0
0
0
0
0
0
0
0
0
0
0
0
0
0
0
0
0
0
0
0
0
0
0
0
0
0
0
0
0
0
0
0
0
0
0
0
0
0
0
0
0
0
0
0
0
0
0
0
0
0
0
0
0
0
0
0
0
0
0
0
0
0
0
0
0
0
0
0
0
0
0
0
0
0
0
0
0
0
0
0
0
0
0
0
0
0
0
0
0
0
0
0
0
0
0
0
0
0
0
0
0
0
0
0
0
0
0
0
0
0
0
0
0
0
0
0
0
0
0
0
0
0
0
0
0
0
0
0
0
0
0
0
0
0
0
0
0
0
0
0
0
0
0
0
0
0
0
0
0
0
0
0
0
0
0
0
0
0
0
0
0
0
0
0
0
0
0
0
0
0
0
0
0
0
0
0
0
0
0
0
0
0
0
0
0
0
0
0
0
0
0
0
0
0
0
0
0
0
0
0
0
0
0
0
0
0
0
0
0
0
0
0
0
0
0
0
0
0
0
0
0
0
0
0
0
0
0
0
0
0
0
0
0
0
0
0
0
0
0
0
0
0
0
0
0
0
0
0
0
0
0
0
0
0
0
0
0
0
0
0
0
0
0
0
0
0
0
0
0
0
0
0
0
0
0
0
0
0
0
0
0
0
0
0
0
0
0
0
0
0
0
0
0
0
0
0
0
0
0
0
0
0
0
0
0
0
0
0
0
0
0
0
0
0
0
0
0
0
0
0
0
0
0
0
0
0
0
0
0
0
0
0
0
0
0
0
0
0
0
0
0
0
0
0
0
0
0
0
0
0
0
0
0
0
0
0
0
0
0
0
0
0
0
0
0
0
0
0
0
0
0
0
0
0
0
0
0
0
0
0
0
0
0
0
0
0
0
0
0
0
0
0
0
0
0
0
0
0
0
0
0
0
0
0
0
0
0
0
0
0
0
0
0
0
0
0
0
0
0
0
0
0
0
0
0
0
0
0
0
0
0
0
0
0
0
0
0
0
0
0
0
0
0
0
0
0
0
0
0
0
0
0
0
