0
0
0
0
0
0
0
0
281474976710581
281474976710544
0
0
0
0
0
0
0
0
0
0
0
0
0
0
281474976710581
281474976710544
0
0
0
0
0
0
0
0
0
0
0
0
0
0
281474976710581
281474976710544
0
0
0
0
0
0
0
0
0
0
0
0
0
0
281474976710581
281474976710544
0
0
0
0
0
0
0
0
0
0
0
0
0
0
281474976710581
281474976710544
0
0
0
0
0
0
0
0
0
0
0
0
0
0
281474976710581
281474976710544
0
0
0
0
0
0
0
0
0
0
0
0
0
0
281474976710581
281474976710544
0
0
0
0
0
0
0
0
0
0
0
0
0
0
281474976710581
281474976710544
0
0
0
0
0
0
0
0
0
0
0
0
0
0
281474976710581
281474976710544
0
0
0
0
0
0
0
0
0
0
0
0
0
0
281474976710581
281474976710544
0
0
0
0
0
0
0
0
0
0
0
0
0
0
281474976710581
281474976710544
0
0
0
0
0
0
0
0
0
0
0
0
0
0
281474976710581
281474976710544
0
0
0
0
0
0
0
0
0
0
0
0
0
0
281474976710581
281474976710544
0
0
0
0
0
0
0
0
0
0
0
0
0
0
281474976710581
281474976710544
0
0
0
0
0
0
0
0
0
0
0
0
0
0
281474976710581
281474976710544
0
0
0
0
0
0
281474906390528
281474953289728
0
0
0
0
0
0
32086527
59095884
0
0
0
0
0
0
281474821280388
281474816547742
0
0
0
0
0
0
281474890651468
281474853389094
0
0
0
0
0
0
281474727996998
281474845893712
0
0
0
0
0
0
96512030
14356090
0
0
0
0
0
0
281474947549730
281474893663088
0
0
0
0
0
0
281474793077330
281474740084906
0
0
0
0
0
0
34272256
281474755453774
0
0
0
0
0
0
281474784833721
281474816212542
0
0
0
0
0
0
80934552
87667656
0
0
0
0
0
0
281474856174212
84383500
0
0
0
0
0
0
281474440871038
143783648
0
0
0
0
0
0
281474444012727
281474498090786
0
0
0
0
0
0
513319964
461075690
0
0
0
0
0
0
118433900
281474593308828
0
0
0
0
0
0
328667402
281474151083246
0
0
0
0
0
0
281474704640971
281474897099398
0
0
0
0
0
0
281474485092571
281474616310162
0
0
0
0
0
0
281474131767253
281474884855128
0
0
0
0
0
0
281474511334948
281474829397794
0
0
0
0
0
0
699746774
281474736796446
0
0
0
0
0
0
316046311
61621326
0
0
0
0
0
0
595530297
400437950
0
0
0
0
0
0
281474594560270
281474634761790
0
0
0
0
0
0
281474321043467
281473831670908
0
0
0
0
0
0
104574208
281473412308870
0
0
0
0
0
0
281474512654490
281474055746746
0
0
0
0
0
0
141187456
402392524
0
0
0
0
0
0
281474826096863
281474152118152
0
0
0
0
0
0
1821370421
1563067208
0
0
0
0
0
0
281474233415697
44746678
0
0
0
0
0
0
1173423077
1573258008
0
0
0
0
0
0
555150310
574836330
0
0
0
0
0
0
281474675861842
281474145343698
0
0
0
0
0
0
850909438
281474457651006
0
0
0
0
0
0
436435193
364537474
0
0
0
0
0
0
281473212066810
281474396256440
0
0
0
0
0
0
896365205
468138162
0
0
0
0
0
0
281474468754602
1711871254
0
0
0
0
0
0
3026677354
1233901824
0
0
0
0
0
0
281474743837946
281472866676538
0
0
0
0
0
0
1005619247
2209027010
0
0
0
0
0
0
281474920781124
281473734808730
0
0
0
0
0
0
875870823
2804920804
0
0
0
0
0
0
2843824906
281474250384556
0
0
0
0
0
0
646769556
761824250
0
0
0
0
0
0
281471599615914
281469684153024
0
0
0
0
0
0
1865326590
1382016472
0
0
0
0
0
0
3881199459
3392918044
0
0
0
0
0
0
281471983733306
991872790
0
0
0
0
0
0
712079390
1078663968
0
0
0
0
0
0
131645138
97733654
0
0
0
0
0
0
281474581126778
1296324444
0
0
0
0
0
0
2706676649
1022030232
0
0
0
0
0
0
76870036
281473361681814
0
0
0
0
0
0
1043712992
3957304544
0
0
0
0
0
0
281473052532866
281472472943082
0
0
0
0
0
0
281473906725528
281471792161196
0
0
0
0
0
0
281474602664910
281472009136928
0
0
0
0
0
0
281470435504586
2457389046
0
0
0
0
0
0
7063920876
2725182356
0
0
0
0
0
0
3262475572
3887929700
0
0
0
0
0
0
281472059506305
281474173547514
0
0
0
0
0
0
3982590616
918146832
0
0
0
0
0
0
281473854834869
281472561636654
0
0
0
0
0
0
281474182584295
2906337346
0
0
0
0
0
0
281470937125077
1317028982
0
0
0
0
0
0
1743978357
281471187203950
0
0
0
0
0
0
4106246537
2013669818
0
0
0
0
0
0
1166769600
281473256028594
0
0
0
0
0
0
5486153688
2574687318
0
0
0
0
0
0
5319992400
4822970506
0
0
0
0
0
0
281474284254373
4251294768
0
0
0
0
0
0
281471477929374
1211994762
0
0
0
0
0
0
9565397
3066372896
0
0
0
0
0
0
550799199
281472370346188
0
0
0
0
0
0
281468779233777
281470414932782
0
0
0
0
0
0
1828619617
281469595683598
0
0
0
0
0
0
5433259900
5991053370
0
0
0
0
0
0
281461519278552
281465911837554
0
0
0
0
0
0
281469308114548
8098244064
0
0
0
0
0
0
281472480368227
281473880617686
0
0
0
0
0
0
8374234328
281473543159554
0
0
0
0
0
0
90270354
281474037402712
0
0
0
0
0
0
1843527658
281473560308346
0
0
0
0
0
0
281474713759046
7644702040
0
0
0
0
0
0
281474814043324
5393562670
0
0
0
0
0
0
7007274195
281469479499220
0
0
0
0
0
0
281470878772901
8235672904
0
0
0
0
0
0
281474071490732
281467143717668
0
0
0
0
0
0
3046221666
281474766761012
0
0
0
0
0
0
2825765446
6850183696
0
0
0
0
0
0
281473736659097
281468210784642
0
0
0
0
0
0
5681953566
497224670
0
0
0
0
0
0
281472450344445
281471866123418
0
0
0
0
0
0
281472582426850
274614436
0
0
0
0
0
0
281467026743006
281472915590156
0
0
0
0
0
0
281472734872343
281473027407778
0
0
0
0
0
0
281470055617644
281466478415068
0
0
0
0
0
0
11731816493
5937114360
0
0
0
0
0
0
281466708284136
2092664952
0
0
0
0
0
0
281466706312892
281472052138246
0
0
0
0
0
0
281471703281741
281473911926932
0
0
0
0
0
0
1468787376
281468105491598
0
0
0
0
0
0
300428231
3498152126
0
0
0
0
0
0
281467406012671
281460614631888
0
0
0
0
0
0
281470986885096
7557258234
0
0
0
0
0
0
281469373572761
281470560579258
0
0
0
0
0
0
281470945443928
281469742282466
0
0
0
0
0
0
5169840452
281474960744786
0
0
0
0
0
0
5795365652
14540799550
0
0
0
0
0
0
281472747214732
281468453352818
0
0
0
0
0
0
3376313395
10955264466
0
0
0
0
0
0
281473588673812
416353410
0
0
0
0
0
0
281471369088903
281469921592178
0
0
0
0
0
0
281473851555027
281473875433966
0
0
0
0
0
0
281471143255639
281473793653798
0
0
0
0
0
0
8356753702
2316763392
0
0
0
0
0
0
5730030705
281469640886192
0
0
0
0
0
0
5219954101
281472557556944
0
0
0
0
0
0
281457681613197
281468767282264
0
0
0
0
0
0
281474802249063
281460955337622
0
0
0
0
0
0
281471413872731
1075439136
0
0
0
0
0
0
281462134376929
281459368263064
0
0
0
0
0
0
281470439524579
281465200659604
0
0
0
0
0
0
281464404331558
281474114192402
0
0
0
0
0
0
6568995231
13695684972
0
0
0
0
0
0
1843970775
18139244580
0
0
0
0
0
0
498218590
9993204090
0
0
0
0
0
0
281456258686656
281457769685354
0
0
0
0
0
0
3700206402
11758515702
0
0
0
0
0
0
281449617106435
281457473903134
0
0
0
0
0
0
22013307690
10194041226
0
0
0
0
0
0
11999094957
16123288646
0
0
0
0
0
0
281451670824978
281449213902288
0
0
0
0
0
0
11606150536
17931531026
0
0
0
0
0
0
281456748580886
281455148286972
0
0
0
0
0
0
281473152513377
281466058168378
0
0
0
0
0
0
281464200712051
281465285100258
0
0
0
0
0
0
281457762930537
281455902146542
0
0
0
0
0
0
12215965355
9445607704
0
0
0
0
0
0
281474179873159
281451616688944
0
0
0
0
0
0
1036901474
281469326226582
0
0
0
0
0
0
28436990052
281463265533670
0
0
0
0
0
0
2901765351
15717457366
0
0
0
0
0
0
8848477553
8648687958
0
0
0
0
0
0
281470653085051
281461848929852
0
0
0
0
0
0
6000793431
2798522736
0
0
0
0
0
0
281473378306040
3339235160
0
0
0
0
0
0
6957396417
281471392391202
0
0
0
0
0
0
281467192169688
281464908796872
0
0
0
0
0
0
203873985
281468681915136
0
0
0
0
0
0
281467119281835
281469652112018
0
0
0
0
0
0
8672205983
9535997564
0
0
0
0
0
0
281467143176390
5672146480
0
0
0
0
0
0
281455126800377
281446624448192
0
0
0
0
0
0
10526679914
33838029900
0
0
0
0
0
0
3520780833
5807442414
0
0
0
0
0
0
281456808312664
281473866582846
0
0
0
0
0
0
24688846895
51988456970
0
0
0
0
0
0
6230315621
22410832194
0
0
0
0
0
0
281471570579490
281467990795910
0
0
0
0
0
0
11622528405
23297388680
0
0
0
0
0
0
281459505976280
4999502890
0
0
0
0
0
0
281468247468652
2751623456
0
0
0
0
0
0
281456308272243
281456738255718
0
0
0
0
0
0
36583868494
27806411536
0
0
0
0
0
0
5198606515
281474196214976
0
0
0
0
0
0
281468037059282
13165620738
0
0
0
0
0
0
281455745652859
281443552788154
0
0
0
0
0
0
32127703149
45574824908
0
0
0
0
0
0
281472693700371
281460982166916
0
0
0
0
0
0
10806668829
9605985928
0
0
0
0
0
0
281470978657574
7503705054
0
0
0
0
0
0
64202092520
25220476428
0
0
0
0
0
0
281453354313592
281459623085300
0
0
0
0
0
0
8495836833
281452317163612
0
0
0
0
0
0
7574480126
6961703162
0
0
0
0
0
0
281430654854187
281448767109782
0
0
0
0
0
0
281454840326796
281472891596734
0
0
0
0
0
0
281459721282024
281437836196758
0
0
0
0
0
0
12950985518
5482446876
0
0
0
0
0
0
39147191621
16256500678
0
0
0
0
0
0
281473316556751
33661294860
0
0
0
0
0
0
281465077225936
281463740674280
0
0
0
0
0
0
38159956191
220710884
0
0
0
0
0
0
23166611640
4187224684
0
0
0
0
0
0
16254940855
40197954294
0
0
0
0
0
0
11056117949
11171506312
0
0
0
0
0
0
9574219448
281457408784764
0
0
0
0
0
0
281453527911016
281464229414292
0
0
0
0
0
0
281468474705028
281473808143528
0
0
0
0
0
0
1593523867
281437515953870
0
0
0
0
0
0
281468570636027
44002804662
0
0
0
0
0
0
281437444535351
10095127536
0
0
0
0
0
0
281444598662287
281442930032606
0
0
0
0
0
0
281469411359669
281466469832280
0
0
0
0
0
0
281456820902325
281448197275618
0
0
0
0
0
0
281454718710970
15911104862
0
0
0
0
0
0
281453016416248
281452995930412
0
0
0
0
0
0
8710094607
281474332401826
0
0
0
0
0
0
4877673336
53344137952
0
0
0
0
0
0
281449794142781
281444106214576
0
0
0
0
0
0
4128083757
519083882
0
0
0
0
0
0
12030306429
19005086936
0
0
0
0
0
0
281470934118702
281462877239848
0
0
0
0
0
0
281465908866416
924186432
0
0
0
0
0
0
31784763474
4961481052
0
0
0
0
0
0
281459587023544
281474481573324
0
0
0
0
0
0
4419698077
26791947580
0
0
0
0
0
0
281467463525009
10240380774
0
0
0
0
0
0
281451182129342
4357552464
0
0
0
0
0
0
39325738509
10436531016
0
0
0
0
0
0
20124776426
30487462302
0
0
0
0
0
0
55265720754
21050656836
0
0
0
0
0
0
281458918559218
281459505436720
0
0
0
0
0
0
281467292075795
8507915720
0
0
0
0
0
0
27863711841
20444501592
0
0
0
0
0
0
6087793849
33348762186
0
0
0
0
0
0
281432778813385
281432121157704
0
0
0
0
0
0
38471754822
9179936056
0
0
0
0
0
0
281460900518850
281439600536806
0
0
0
0
0
0
14252232741
42218662288
0
0
0
0
0
0
16643451731
281460205952686
0
0
0
0
0
0
10725021285
18682484066
0
0
0
0
0
0
28912876872
39114656868
0
0
0
0
0
0
12932323707
4647275676
0
0
0
0
0
0
18077220597
281468336436626
0
0
0
0
0
0
281444119793540
281449051587460
0
0
0
0
0
0
76387718
281452146220868
0
0
0
0
0
0
13722656809
281472417849680
0
0
0
0
0
0
281466699534146
30434149480
0
0
0
0
0
0
31787230688
12040122992
0
0
0
0
0
0
7993728738
22393950776
0
0
0
0
0
0
28564324297
281472368170222
0
0
0
0
0
0
37773234062
281435177584296
0
0
0
0
0
0
31250423660
46739794716
0
0
0
0
0
0
2996790664
281457539763698
0
0
0
0
0
0
27762972507
13913639756
0
0
0
0
0
0
2415370299
21533156150
0
0
0
0
0
0
281469081154436
47832831260
0
0
0
0
0
0
281428758289399
281439983009086
0
0
0
0
0
0
281426432679509
281430512478578
0
0
0
0
0
0
7410180574
281470908673046
0
0
0
0
0
0
35371319196
6049666688
0
0
0
0
0
0
31858121087
281474493753350
0
0
0
0
0
0
30127426787
55536346044
0
0
0
0
0
0
48037364957
36716405122
0
0
0
0
0
0
23192230308
2243050242
0
0
0
0
0
0
51751964814
281456833344720
0
0
0
0
0
0
27409696914
44475796670
0
0
0
0
0
0
281455753970469
257161646
0
0
0
0
0
0
281449561032129
281448113300034
0
0
0
0
0
0
281462698303206
281440663883690
0
0
0
0
0
0
47671538732
32206493896
0
0
0
0
0
0
7569947516
34320043334
0
0
0
0
0
0
281456630615100
6242256892
0
0
0
0
0
0
281448225475374
10601245400
0
0
0
0
0
0
17330224278
1599710724
0
0
0
0
0
0
281431375653714
281469821531122
0
0
0
0
0
0
1293897065
8501748
0
0
0
0
0
0
3534570989
281433076466068
0
0
0
0
0
0
46223218088
281455300022834
0
0
0
0
0
0
40419289730
22796305288
0
0
0
0
0
0
6837373729
281448109673704
0
0
0
0
0
0
41674225133
42099947960
0
0
0
0
0
0
281464048657797
281473421805682
0
0
0
0
0
0
281433967852797
281461728767678
0
0
0
0
0
0
281412441914948
281439922010120
0
0
0
0
0
0
281421941712203
281383011451222
0
0
0
0
0
0
281445751693267
281456471013174
0
0
0
0
0
0
18756042735
3166817546
0
0
0
0
0
0
34228479821
32388399114
0
0
0
0
0
0
281452448754638
634477042
0
0
0
0
0
0
281458993813246
14726817574
0
0
0
0
0
0
33184755949
281456892926864
0
0
0
0
0
0
281454797869294
281443089890860
0
0
0
0
0
0
281469224065878
5979508636
0
0
0
0
0
0
62189471423
30607524100
0
0
0
0
0
0
52802985452
34117229164
0
0
0
0
0
0
281467551904962
281459826550938
0
0
0
0
0
0
281452821214460
281428113209502
0
0
0
0
0
0
281451952834221
281437002211530
0
0
0
0
0
0
8630600542
28221230192
0
0
0
0
0
0
281448253173653
281473766391232
0
0
0
0
0
0
26541379853
13386092118
0
0
0
0
0
0
7143262920
281452555492770
0
0
0
0
0
0
281461435632984
281459943542490
0
0
0
0
0
0
281433871876103
281430417473432
0
0
0
0
0
0
40175888934
281466260183404
0
0
0
0
0
0
281459266926461
281446941704452
0
0
0
0
0
0
281459822946876
15272672520
0
0
0
0
0
0
22754101476
281447555632478
0
0
0
0
0
0
11801295769
281428293160332
0
0
0
0
0
0
281438202619214
24373823842
0
0
0
0
0
0
281448163308161
281401514314934
0
0
0
0
0
0
281462628333306
281424334811824
0
0
0
0
0
0
281429920384515
14447515590
0
0
0
0
0
0
281428109019557
281442890598538
0
0
0
0
0
0
281440964070000
281474405410752
0
0
0
0
0
0
281466844444472
281467115730876
0
0
0
0
0
0
281460437998218
1349714028
0
0
0
0
0
0
11460522583
281434765765774
0
0
0
0
0
0
11837578040
281440874585570
0
0
0
0
0
0
33306632557
6961713232
0
0
0
0
0
0
47021390129
281470787091488
0
0
0
0
0
0
281454017714938
281468604105118
0
0
0
0
0
0
41232960436
6662192308
0
0
0
0
0
0
14837132911
56134332748
0
0
0
0
0
0
281384356963793
22309360852
0
0
0
0
0
0
281420475209568
281391598837092
0
0
0
0
0
0
281462897254884
281395956801668
0
0
0
0
0
0
12177395767
43440768210
0
0
0
0
0
0
281385494969371
14338589058
0
0
0
0
0
0
281459998277304
281439606727762
0
0
0
0
0
0
1617166271
281418742065640
0
0
0
0
0
0
281472365404547
281467532372802
0
0
0
0
0
0
281422130253928
281432926167078
0
0
0
0
0
0
281390440950675
281355678675752
0
0
0
0
0
0
77115558710
90618818040
0
0
0
0
0
0
281433897537563
281443016743838
0
0
0
0
0
0
281402749560084
65954906316
0
0
0
0
0
0
281441107591929
281446975299188
0
0
0
0
0
0
34686697743
281433792455674
0
0
0
0
0
0
9993685108
5369752852
0
0
0
0
0
0
41470368562
281471343544610
0
0
0
0
0
0
18025819599
43782445462
0
0
0
0
0
0
281398399651713
281465173848650
0
0
0
0
0
0
281387167274652
281355276342226
0
0
0
0
0
0
32187110920
19780079556
0
0
0
0
0
0
281468662510843
281470369020258
0
0
0
0
0
0
281392478670723
281417837921828
0
0
0
0
0
0
55867583593
34595476364
0
0
0
0
0
0
281451049163052
46631496736
0
0
0
0
0
0
281442016285511
10174163484
0
0
0
0
0
0
281408519106284
281405443218706
0
0
0
0
0
0
281416969617874
281422675092078
0
0
0
0
0
0
78234698196
39619964902
0
0
0
0
0
0
281469009458361
281456147438612
0
0
0
0
0
0
1650202868
9506757732
0
0
0
0
0
0
59843767674
90922356398
0
0
0
0
0
0
116188072384
66995900606
0
0
0
0
0
0
281448182315945
281444418602050
0
0
0
0
0
0
2286236781
34332693048
0
0
0
0
0
0
28451849002
14357192920
0
0
0
0
0
0
281410111928646
281424237120270
0
0
0
0
0
0
281465258997638
281378065010250
0
0
0
0
0
0
48200999650
19864219206
0
0
0
0
0
0
21677835289
281472174527810
0
0
0
0
0
0
66316362749
281445529659918
0
0
0
0
0
0
39146359249
281416013229322
0
0
0
0
0
0
281417011060364
281402305857836
0
0
0
0
0
0
281443947322908
281418755356322
0
0
0
0
0
0
281441043575048
281405118487122
0
0
0
0
0
0
77221828611
281465092366064
0
0
0
0
0
0
281432124255079
40899325250
0
0
0
0
0
0
281388096797336
15947242704
0
0
0
0
0
0
36501829488
2905126172
0
0
0
0
0
0
281392254140587
281472448950740
0
0
0
0
0
0
281457242803544
281465944213384
0
0
0
0
0
0
31777315152
281463838363742
0
0
0
0
0
0
2549150586
71119251064
0
0
0
0
0
0
281415090840107
281433514449478
0
0
0
0
0
0
281358544167909
281411572550522
0
0
0
0
0
0
281440576186041
281431536552116
0
0
0
0
0
0
281461618422850
4696015130
0
0
0
0
0
0
2472066725
281387733076108
0
0
0
0
0
0
2246018657
281437483441780
0
0
0
0
0
0
40400125201
281441634426588
0
0
0
0
0
0
66772557517
281471665755074
0
0
0
0
0
0
33786033017
27310701246
0
0
0
0
0
0
281435079594086
44867645008
0
0
0
0
0
0
281459410080709
281408130807970
0
0
0
0
0
0
42918779021
55193297752
0
0
0
0
0
0
281437432125281
281437812692108
0
0
0
0
0
0
4115717227
281453679670288
0
0
0
0
0
0
61320607674
32602497332
0
0
0
0
0
0
12760887046
18441723826
0
0
0
0
0
0
281456799257399
1919241762
0
0
0
0
0
0
16894115206
87937995018
0
0
0
0
0
0
281409683151311
281434380987618
0
0
0
0
0
0
281425148299042
281442272657534
0
0
0
0
0
0
100416428472
281421936267390
0
0
0
0
0
0
281434072065855
48731634438
0
0
0
0
0
0
281436287692972
281383046633156
0
0
0
0
0
0
16919312928
281407683361048
0
0
0
0
0
0
335984098
281447786832052
0
0
0
0
0
0
25368389309
281473916757070
0
0
0
0
0
0
281452269133333
2710254052
0
0
0
0
0
0
37641235070
85475628874
0
0
0
0
0
0
44266386722
54855991572
0
0
0
0
0
0
59354556967
4831322710
0
0
0
0
0
0
46581805570
104099816874
0
0
0
0
0
0
281460297529296
281441417860252
0
0
0
0
0
0
63315902223
57163560172
0
0
0
0
0
0
281323543998811
281344693261630
0
0
0
0
0
0
42591511448
47110793664
0
0
0
0
0
0
67413758048
15215494810
0
0
0
0
0
0
20840775948
281386768644240
0
0
0
0
0
0
281429511204004
281400102344604
0
0
0
0
0
0
40056289607
111622215770
0
0
0
0
0
0
30587973697
61436385848
0
0
0
0
0
0
281468428485800
23275181330
0
0
0
0
0
0
281448991108090
62635236912
0
0
0
0
0
0
281369391974101
281472516326176
0
0
0
0
0
0
26567274666
281431927956442
0
0
0
0
0
0
281384672086629
2275562166
0
0
0
0
0
0
10372085503
38434252170
0
0
0
0
0
0
92098536868
281448292401650
0
0
0
0
0
0
24506521042
63345689300
0
0
0
0
0
0
281451737815252
281384009398316
0
0
0
0
0
0
281470990692866
281457692834918
0
0
0
0
0
0
920095141
56304187440
0
0
0
0
0
0
45647260421
6224967946
0
0
0
0
0
0
281448807756016
14918889272
0
0
0
0
0
0
281469168520669
50798709444
0
0
0
0
0
0
3157416499
5982717822
0
0
0
0
0
0
129164057816
281457533459160
0
0
0
0
0
0
281418098308673
281460988693348
0
0
0
0
0
0
69446640911
62386270098
0
0
0
0
0
0
281413890346408
281420504736348
0
0
0
0
0
0
281473398712655
281389133795392
0
0
0
0
0
0
281452850619810
281428497949382
0
0
0
0
0
0
20634362430
27161150406
0
0
0
0
0
0
106464309855
92166849342
0
0
0
0
0
0
281356886631565
281425019074306
0
0
0
0
0
0
281421099067725
281399333758344
0
0
0
0
0
0
30502703972
12477562544
0
0
0
0
0
0
78794051589
281432776484736
0
0
0
0
0
0
281472347142830
15376248274
0
0
0
0
0
0
52433814414
281466362529032
0
0
0
0
0
0
69938940986
92955912518
0
0
0
0
0
0
281391150070469
281448165717080
0
0
0
0
0
0
281403629686841
281460140258092
0
0
0
0
0
0
281422643635315
8554308598
0
0
0
0
0
0
82859937503
281441278100104
0
0
0
0
0
0
15482934045
120570938244
0
0
0
0
0
0
281383950324033
281450406966222
0
0
0
0
0
0
29154583144
281427033562278
0
0
0
0
0
0
36964338944
281388045483000
0
0
0
0
0
0
116279181841
281418813476778
0
0
0
0
0
0
125136817224
4786325034
0
0
0
0
0
0
21003441304
281451668235764
0
0
0
0
0
0
281434920469158
281441748947746
0
0
0
0
0
0
281361640142856
281411409268028
0
0
0
0
0
0
281461988974318
281462804431358
0
0
0
0
0
0
47157201390
79147740462
0
0
0
0
0
0
281440529682822
281373849429460
0
0
0
0
0
0
53496415130
83498053174
0
0
0
0
0
0
160735048353
113310659738
0
0
0
0
0
0
281399794517013
281434071632510
0
0
0
0
0
0
9340058004
56933358302
0
0
0
0
0
0
281341714650487
281382203102428
0
0
0
0
0
0
60925188404
45599695584
0
0
0
0
0
0
24140446641
281450147252038
0
0
0
0
0
0
281406434739709
14450372980
0
0
0
0
0
0
129188918912
45479201378
0
0
0
0
0
0
55757785076
102432497930
0
0
0
0
0
0
281363995431560
281402386316202
0
0
0
0
0
0
281428430966735
281429955923950
0
0
0
0
0
0
72220297701
55057318210
0
0
0
0
0
0
281426948576485
281372671434818
0
0
0
0
0
0
28346748083
166130718950
0
0
0
0
0
0
281405116651736
281408876239420
0
0
0
0
0
0
22914771135
281444119810890
0
0
0
0
0
0
281415825640826
281404912083298
0
0
0
0
0
0
281406042664111
281417222184396
0
0
0
0
0
0
11661494465
281459319053492
0
0
0
0
0
0
281436021024811
27224771122
0
0
0
0
0
0
281463638328462
53801930908
0
0
0
0
0
0
165483825054
86693171604
0
0
0
0
0
0
281439337976123
281348856695268
0
0
0
0
0
0
53557300119
4727880306
0
0
0
0
0
0
101569828428
6583700368
0
0
0
0
0
0
46228040198
281432711542964
0
0
0
0
0
0
5271961270
281413416192676
0
0
0
0
0
0
261440682
281456982382542
0
0
0
0
0
0
281460933235711
2858111522
0
0
0
0
0
0
281404264428345
281403716955252
0
0
0
0
0
0
281466145170846
76857404234
0
0
0
0
0
0
281429448775376
36682375918
0
0
0
0
0
0
281453108670504
38955063350
0
0
0
0
0
0
281462310160876
98866367588
0
0
0
0
0
0
53742362010
281412616712516
0
0
0
0
0
0
59374502523
25191432184
0
0
0
0
0
0
281400239083308
5341826290
0
0
0
0
0
0
281463650543098
281472456062304
0
0
0
0
0
0
35305561141
281465710907880
0
0
0
0
0
0
281466527709934
281456213206310
0
0
0
0
0
0
7786399176
281427109295942
0
0
0
0
0
0
107941176210
281432820730058
0
0
0
0
0
0
281471549721868
281414786581154
0
0
0
0
0
0
281425383641328
281465856188346
0
0
0
0
0
0
14673675849
28514928056
0
0
0
0
0
0
44323806151
281428808305208
0
0
0
0
0
0
281433759485778
281434787321396
0
0
0
0
0
0
71885872486
281394582514598
0
0
0
0
0
0
281470732926362
37061145540
0
0
0
0
0
0
32729584507
281467090650708
0
0
0
0
0
0
17655893876
45827091874
0
0
0
0
0
0
50973621657
56364300664
0
0
0
0
0
0
47361488516
21446576166
0
0
0
0
0
0
281474862847525
281401543980442
0
0
0
0
0
0
40067520932
6107781362
0
0
0
0
0
0
281392914614902
281366239835126
0
0
0
0
0
0
122139568245
3308958924
0
0
0
0
0
0
8801339012
25186500054
0
0
0
0
0
0
65522410193
16918631770
0
0
0
0
0
0
281471731907042
117766230662
0
0
0
0
0
0
281416678745580
281454272354070
0
0
0
0
0
0
44225679018
281469296584144
0
0
0
0
0
0
281384012491281
281426784874118
0
0
0
0
0
0
21702073780
281443293372270
0
0
0
0
0
0
15086768975
82813496456
0
0
0
0
0
0
281391003090039
2458876048
0
0
0
0
0
0
281431111352161
15775184088
0
0
0
0
0
0
38561812255
72076020338
0
0
0
0
0
0
21434960462
31241245356
0
0
0
0
0
0
281447464322190
16390735036
0
0
0
0
0
0
40065414766
17168114160
0
0
0
0
0
0
156344509810
25824817446
0
0
0
0
0
0
281451169918343
37442198916
0
0
0
0
0
0
105234195381
87740322830
0
0
0
0
0
0
13700822933
29210472112
0
0
0
0
0
0
281403762371469
89995528304
0
0
0
0
0
0
281444492871386
281436825920162
0
0
0
0
0
0
28675293515
51651209032
0
0
0
0
0
0
281409698304429
281445427996474
0
0
0
0
0
0
28262759684
281433345727724
0
0
0
0
0
0
33105339239
23956380546
0
0
0
0
0
0
179774402760
71676239730
0
0
0
0
0
0
281405378725099
281409960738006
0
0
0
0
0
0
43656108021
4563137208
0
0
0
0
0
0
281432220360304
281390390254426
0
0
0
0
0
0
77459422513
16841823382
0
0
0
0
0
0
281423798091402
281456183113044
0
0
0
0
0
0
75194375229
133313252834
0
0
0
0
0
0
101404138452
57239136880
0
0
0
0
0
0
96064146198
31888789338
0
0
0
0
0
0
281472426872862
19614677002
0
0
0
0
0
0
281434377699068
281378888335528
0
0
0
0
0
0
23894336906
48627231524
0
0
0
0
0
0
281429485815915
281450401487370
0
0
0
0
0
0
102005677988
281390434349286
0
0
0
0
0
0
281464476838847
22507709392
0
0
0
0
0
0
281417625331916
52404624512
0
0
0
0
0
0
281372609213403
281351618979210
0
0
0
0
0
0
281453417578277
281401995161254
0
0
0
0
0
0
71409607119
32366140318
0
0
0
0
0
0
281473797066099
8347523862
0
0
0
0
0
0
60081999624
67904081204
0
0
0
0
0
0
23947625629
281400857182936
0
0
0
0
0
0
281449972173841
33995698802
0
0
0
0
0
0
281421177932208
281445030371204
0
0
0
0
0
0
85549400809
91972872498
0
0
0
0
0
0
281453349188344
61604311146
0
0
0
0
0
0
281457035170182
43203137340
0
0
0
0
0
0
71961006247
40791048394
0
0
0
0
0
0
12850975352
281448139364660
0
0
0
0
0
0
281464881846265
281420465912344
0
0
0
0
0
0
10947203584
54841533560
0
0
0
0
0
0
281468454650126
486426114
0
0
0
0
0
0
281424100639938
281445406375062
0
0
0
0
0
0
40647433155
13660771278
0
0
0
0
0
0
44001030885
65887844772
0
0
0
0
0
0
281394129409337
281285532746376
0
0
0
0
0
0
281436296210565
281464954385836
0
0
0
0
0
0
281382383932609
281384298339572
0
0
0
0
0
0
281449276660295
281416500958998
0
0
0
0
0
0
5747249656
111803116688
0
0
0
0
0
0
281393830672022
281422391859732
0
0
0
0
0
0
281458301675437
18752471908
0
0
0
0
0
0
281425914086367
281361950265710
0
0
0
0
0
0
63842586834
281466695212310
0
0
0
0
0
0
3290599261
281424675878122
0
0
0
0
0
0
10556948737
60655390678
0
0
0
0
0
0
61409752667
281443254457206
0
0
0
0
0
0
50427969677
35460793052
0
0
0
0
0
0
281460596774575
281453585976456
0
0
0
0
0
0
281414173109421
152497535664
0
0
0
0
0
0
281473181240396
281413602242076
0
0
0
0
0
0
114629270867
82258305916
0
0
0
0
0
0
281472699707897
281452463706396
0
0
0
0
0
0
281473479098223
281439082242232
0
0
0
0
0
0
281452408627112
281408852885058
0
0
0
0
0
0
10424364289
22370653668
0
0
0
0
0
0
14488265407
281474634869394
0
0
0
0
0
0
281433073521714
281424120142608
0
0
0
0
0
0
28662144060
281459438773816
0
0
0
0
0
0
281397942582902
281419337793212
0
0
0
0
0
0
88921278186
20770803712
0
0
0
0
0
0
26314011601
281458605418524
0
0
0
0
0
0
281453324023498
281373527069778
0
0
0
0
0
0
109305984324
24347882206
0
0
0
0
0
0
14119784163
7779467522
0
0
0
0
0
0
281432346311483
75614368052
0
0
0
0
0
0
40050808059
28558535428
0
0
0
0
0
0
11443045811
22552636904
0
0
0
0
0
0
56896974967
13271355144
0
0
0
0
0
0
281448757131945
281461191578782
0
0
0
0
0
0
281472513716563
41998171602
0
0
0
0
0
0
281438129689348
40394374492
0
0
0
0
0
0
3028452023
281382641838360
0
0
0
0
0
0
83792959702
281431308227350
0
0
0
0
0
0
281453933649428
281444355988068
0
0
0
0
0
0
85843931814
51902412188
0
0
0
0
0
0
281469359765247
26308952384
0
0
0
0
0
0
281435277190922
281441595554136
0
0
0
0
0
0
97525289092
42691887448
0
0
0
0
0
0
66240272914
281470407225130
0
0
0
0
0
0
281448156804068
9023015318
0
0
0
0
0
0
281419488829179
281423846870838
0
0
0
0
0
0
58662807139
42743916052
0
0
0
0
0
0
32075623303
84240407844
0
0
0
0
0
0
281454696533785
14508146742
0
0
0
0
0
0
281464302608751
281403283127118
0
0
0
0
0
0
78351450855
99187093350
0
0
0
0
0
0
137301687410
131985979268
0
0
0
0
0
0
281406572837691
18957031380
0
0
0
0
0
0
26916091629
15842270562
0
0
0
0
0
0
281437774107035
281440679725306
0
0
0
0
0
0
12790225599
51688704362
0
0
0
0
0
0
281450808348978
81345239974
0
0
0
0
0
0
281419718894958
95355815562
0
0
0
0
0
0
281450902702805
40022591782
0
0
0
0
0
0
281383979305490
281397826371474
0
0
0
0
0
0
25498508948
281469914410010
0
0
0
0
0
0
70554066032
281423509142576
0
0
0
0
0
0
55788025664
35848942814
0
0
0
0
0
0
65372582382
28168780158
0
0
0
0
0
0
281466449134863
47527303656
0
0
0
0
0
0
281446319543989
26014476420
0
0
0
0
0
0
281470081667641
18935729102
0
0
0
0
0
0
26315457906
281460940357326
0
0
0
0
0
0
281454335525573
281425532497600
0
0
0
0
0
0
45641746354
26067558034
0
0
0
0
0
0
281455121866172
281418636845088
0
0
0
0
0
0
45341910301
80035999446
0
0
0
0
0
0
281417912250844
281375959774454
0
0
0
0
0
0
36225570276
281427538738054
0
0
0
0
0
0
281473454518770
281408741033888
0
0
0
0
0
0
47079190214
20962706690
0
0
0
0
0
0
2090547659
281405844757254
0
0
0
0
0
0
2559092781
12196712576
0
0
0
0
0
0
281418638260525
281463299289372
0
0
0
0
0
0
23580601030
107616295380
0
0
0
0
0
0
281414662225606
281390045852038
0
0
0
0
0
0
43694717259
71553952102
0
0
0
0
0
0
91082697775
281459571371508
0
0
0
0
0
0
10974119200
37265235964
0
0
0
0
0
0
69269382690
41373199356
0
0
0
0
0
0
281473030282946
22638513898
0
0
0
0
0
0
17114526292
39035621500
0
0
0
0
0
0
26634518933
4431207620
0
0
0
0
0
0
38881529593
8199592900
0
0
0
0
0
0
281460199748366
40695913808
0
0
0
0
0
0
41182641818
4267168396
0
0
0
0
0
0
70437684654
2355414412
0
0
0
0
0
0
25185727165
56946379406
0
0
0
0
0
0
11470244348
281455699275330
0
0
0
0
0
0
15261254636
22656484478
0
0
0
0
0
0
27629306538
57332905056
0
0
0
0
0
0
281452306507939
52336889216
0
0
0
0
0
0
25656081934
49711984168
0
0
0
0
0
0
281444259522082
281459285403750
0
0
0
0
0
0
16618235129
281465671115872
0
0
0
0
0
0
11495794082
58328451112
0
0
0
0
0
0
58165449146
281450746045958
0
0
0
0
0
0
13580638228
281456516299642
0
0
0
0
0
0
281364174113389
281425837396180
0
0
0
0
0
0
65919279078
93189307648
0
0
0
0
0
0
281383527192196
281473616965554
0
0
0
0
0
0
31920344501
28482988538
0
0
0
0
0
0
29540769439
281462592358742
0
0
0
0
0
0
50350048982
62854938980
0
0
0
0
0
0
281421797244026
281453740613154
0
0
0
0
0
0
281441128063374
281380882272412
0
0
0
0
0
0
281455023865134
281469082794716
0
0
0
0
0
0
281352479653681
281394203464954
0
0
0
0
0
0
21273878276
281468563006282
0
0
0
0
0
0
44917067603
13993727020
0
0
0
0
0
0
30595613587
281451954567930
0
0
0
0
0
0
281469159130400
281458654184434
0
0
0
0
0
0
281468998940253
6813034750
0
0
0
0
0
0
281458659791799
28865956190
0
0
0
0
0
0
33510895661
61778031914
0
0
0
0
0
0
4542074884
45043342220
0
0
0
0
0
0
42254347875
12750431976
0
0
0
0
0
0
281472684700163
281443185497892
0
0
0
0
0
0
21644897316
281451803895528
0
0
0
0
0
0
47812347586
24754151608
0
0
0
0
0
0
64309755786
88707369822
0
0
0
0
0
0
281455637198359
54162325356
0
0
0
0
0
0
281430090106448
281441150123336
0
0
0
0
0
0
281458278060443
7310439586
0
0
0
0
0
0
281435977582645
281470569772440
0
0
0
0
0
0
24105695157
16820964638
0
0
0
0
0
0
281441661911178
281428210572486
0
0
0
0
0
0
281457741331494
26048406656
0
0
0
0
0
0
3903678512
281467874885980
0
0
0
0
0
0
281444786188579
281463032274156
0
0
0
0
0
0
281425526413714
281466367546844
0
0
0
0
0
0
55888251222
47548946580
0
0
0
0
0
0
72863403564
281441296550052
0
0
0
0
0
0
21686315330
281439905195360
0
0
0
0
0
0
281436535351086
36054814100
0
0
0
0
0
0
281427718393475
19224614242
0
0
0
0
0
0
51303538347
9088947318
0
0
0
0
0
0
281454138974590
281413845834154
0
0
0
0
0
0
27915061437
281474344788634
0
0
0
0
0
0
281443706237568
281470102171186
0
0
0
0
0
0
281433901086272
281468656480044
0
0
0
0
0
0
281445401802288
9418160686
0
0
0
0
0
0
7954490010
281458130549126
0
0
0
0
0
0
7525541423
34086096652
0
0
0
0
0
0
281467045410495
2659649306
0
0
0
0
0
0
12382226561
29408514570
0
0
0
0
0
0
9205041651
281447236825344
0
0
0
0
0
0
281413596624446
57249246680
0
0
0
0
0
0
14238937644
281440845012016
0
0
0
0
0
0
281468897740107
281437504074488
0
0
0
0
0
0
24526847047
21907664438
0
0
0
0
0
0
54699311792
59489990300
0
0
0
0
0
0
281450654174880
14744522772
0
0
0
0
0
0
281462528283622
281464512447962
0
0
0
0
0
0
281473549487573
281394676131210
0
0
0
0
0
0
25441701397
281461975531522
0
0
0
0
0
0
281452744192469
10263149048
0
0
0
0
0
0
281454922840620
20073813732
0
0
0
0
0
0
63912544633
4737766230
0
0
0
0
0
0
281468201714862
22277181398
0
0
0
0
0
0
29877165191
19237229788
0
0
0
0
0
0
32567658105
21144003572
0
0
0
0
0
0
12850256094
281472374654580
0
0
0
0
0
0
281460300359675
281465712958486
0
0
0
0
0
0
27354472930
20628714564
0
0
0
0
0
0
17702731300
281470262895602
0
0
0
0
0
0
281428576407668
281450389326764
0
0
0
0
0
0
8801411030
18074436370
0
0
0
0
0
0
1989905961
36880407382
0
0
0
0
0
0
13214384130
281440638258442
0
0
0
0
0
0
281456815560423
281470758469044
0
0
0
0
0
0
40356387911
16706825750
0
0
0
0
0
0
281447590479979
281426144060430
0
0
0
0
0
0
30039111184
23920696446
0
0
0
0
0
0
1859100978
36256839638
0
0
0
0
0
0
281466482200108
281443200273400
0
0
0
0
0
0
31429787026
281463198737060
0
0
0
0
0
0
281474590009425
5710966282
0
0
0
0
0
0
18453021691
4329788358
0
0
0
0
0
0
42467358134
6903524958
0
0
0
0
0
0
281470769460120
10583409228
0
0
0
0
0
0
732726657
281459723063508
0
0
0
0
0
0
281451795062183
281457656550762
0
0
0
0
0
0
27381534502
41346050928
0
0
0
0
0
0
281460395661865
281468638359568
0
0
0
0
0
0
281404999601104
281431571837304
0
0
0
0
0
0
53012292911
35337261588
0
0
0
0
0
0
281403366999570
281433076216472
0
0
0
0
0
0
31355073030
281448945971318
0
0
0
0
0
0
13829145757
281473444562774
0
0
0
0
0
0
25802376505
281472083421136
0
0
0
0
0
0
71233813818
16047284204
0
0
0
0
0
0
281471362355738
281460320518776
0
0
0
0
0
0
7222760764
10103840156
0
0
0
0
0
0
281435463757667
281474759884988
0
0
0
0
0
0
23479998323
29423436418
0
0
0
0
0
0
9219372098
281467651676100
0
0
0
0
0
0
281445950220557
281439505175034
0
0
0
0
0
0
7428594293
281438568696900
0
0
0
0
0
0
281457762804606
281450199986166
0
0
0
0
0
0
281450678709901
281443748451120
0
0
0
0
0
0
41173957245
27808422336
0
0
0
0
0
0
281424845664223
281452938673122
0
0
0
0
0
0
281444477414562
281470053904534
0
0
0
0
0
0
281472236834453
18260274958
0
0
0
0
0
0
281471011850362
281462951551156
0
0
0
0
0
0
281469078523003
281464279195748
0
0
0
0
0
0
3919591305
33241700666
0
0
0
0
0
0
281444425324165
281458541344038
0
0
0
0
0
0
281473133831660
281438196289254
0
0
0
0
0
0
20094565055
281473279547336
0
0
0
0
0
0
298728920
281467231017070
0
0
0
0
0
0
8404705777
32560233322
0
0
0
0
0
0
281447838910920
8304482788
0
0
0
0
0
0
8196898942
29873803828
0
0
0
0
0
0
281457276491073
281456201022772
0
0
0
0
0
0
281426324015898
281460444874062
0
0
0
0
0
0
281457845714751
281430691040122
0
0
0
0
0
0
35537407698
17126440414
0
0
0
0
0
0
281474739472184
3260443684
0
0
0
0
0
0
281466385786016
281450776074540
0
0
0
0
0
0
5474491990
2885209184
0
0
0
0
0
0
25333990390
281446018043700
0
0
0
0
0
0
281471560276208
144961432
0
0
0
0
0
0
281473239561125
10764184686
0
0
0
0
0
0
281450019887346
281454949417920
0
0
0
0
0
0
281474048925102
281468588566786
0
0
0
0
0
0
281461360801673
281464031662910
0
0
0
0
0
0
35271582434
281468513476604
0
0
0
0
0
0
281468212851484
281446826150716
0
0
0
0
0
0
17671250203
19631358726
0
0
0
0
0
0
12189667379
7694421654
0
0
0
0
0
0
29861797568
15618700486
0
0
0
0
0
0
24403665728
9162410912
0
0
0
0
0
0
10943488348
281464685271304
0
0
0
0
0
0
281458817713353
281467283274024
0
0
0
0
0
0
12071297892
281457421932396
0
0
0
0
0
0
281458052228082
281460037390900
0
0
0
0
0
0
281451458315172
281468477722230
0
0
0
0
0
0
281473409462174
281466699334064
0
0
0
0
0
0
29755120479
281469771412740
0
0
0
0
0
0
20595590719
30349367584
0
0
0
0
0
0
2677940238
281458333113352
0
0
0
0
0
0
281466417505226
1305692108
0
0
0
0
0
0
281434771999264
281472141422418
0
0
0
0
0
0
281462644487518
281457967325094
0
0
0
0
0
0
8538140885
28152162542
0
0
0
0
0
0
281474148382066
17219307952
0
0
0
0
0
0
19475530880
9291379568
0
0
0
0
0
0
4834274526
2158591154
0
0
0
0
0
0
281450539905295
281469751025652
0
0
0
0
0
0
281440686823339
281462941497546
0
0
0
0
0
0
5755025416
17366186198
0
0
0
0
0
0
281459052527979
281465912599334
0
0
0
0
0
0
6788594022
281457087670770
0
0
0
0
0
0
2006533314
18795853936
0
0
0
0
0
0
2209028948
281467351670678
0
0
0
0
0
0
281451436630200
12975191072
0
0
0
0
0
0
281468779188524
28733266722
0
0
0
0
0
0
7899699943
7022732336
0
0
0
0
0
0
3385938501
2463517144
0
0
0
0
0
0
11390986395
3877733910
0
0
0
0
0
0
2209178480
281466233076684
0
0
0
0
0
0
19723077043
8198812194
0
0
0
0
0
0
281467350302146
281458635012380
0
0
0
0
0
0
281474100571755
24948031948
0
0
0
0
0
0
281471365036704
281459610564146
0
0
0
0
0
0
19807495865
20961079202
0
0
0
0
0
0
281469149109234
3539702932
0
0
0
0
0
0
281468957723797
4901917258
0
0
0
0
0
0
281456440208909
6487610268
0
0
0
0
0
0
9325112160
3750378780
0
0
0
0
0
0
11253094899
281468637711938
0
0
0
0
0
0
281465539804063
281469636053706
0
0
0
0
0
0
4048244118
3269911114
0
0
0
0
0
0
281472034452293
621372934
0
0
0
0
0
0
7809973465
11556242506
0
0
0
0
0
0
281470482165876
281466974008384
0
0
0
0
0
0
281472890665837
281464909438824
0
0
0
0
0
0
30505279228
21548727320
0
0
0
0
0
0
20374953789
281472095598466
0
0
0
0
0
0
8378298555
4153894430
0
0
0
0
0
0
281465823896859
281467823514240
0
0
0
0
0
0
12921985831
281460949093478
0
0
0
0
0
0
24109112
4806800452
0
0
0
0
0
0
281456001393404
281461967289404
0
0
0
0
0
0
281473162751564
281473517892028
0
0
0
0
0
0
11872240947
1833839152
0
0
0
0
0
0
281472972735696
281471303059340
0
0
0
0
0
0
4118153234
281474215214178
0
0
0
0
0
0
7890718527
7890365812
0
0
0
0
0
0
281468979448702
281468247105420
0
0
0
0
0
0
281474576755983
15978677046
0
0
0
0
0
0
281464794911717
7379360892
0
0
0
0
0
0
10851062081
18028657892
0
0
0
0
0
0
281455695871103
616793816
0
0
0
0
0
0
1572278368
281473866224248
0
0
0
0
0
0
281458048775997
281451640743002
0
0
0
0
0
0
4917517288
281473389606888
0
0
0
0
0
0
6782374378
17523886278
0
0
0
0
0
0
281471372525560
3256776422
0
0
0
0
0
0
6683613435
281474315731308
0
0
0
0
0
0
281469305886158
281473853809572
0
0
0
0
0
0
281472426678715
281473075190616
0
0
0
0
0
0
281472658350327
281473063330908
0
0
0
0
0
0
17271838089
13630388952
0
0
0
0
0
0
11058370427
793376418
0
0
0
0
0
0
281467677123204
3073436856
0
0
0
0
0
0
281474823044836
6127605966
0
0
0
0
0
0
281470497075999
281469821714508
0
0
0
0
0
0
281472733316103
2474093728
0
0
0
0
0
0
281470069187217
281470680410998
0
0
0
0
0
0
281474144576593
2618522322
0
0
0
0
0
0
281464246188820
281464743642942
0
0
0
0
0
0
281472627804570
281471927838980
0
0
0
0
0
0
2664987927
5134878052
0
0
0
0
0
0
281465687076393
281466989237782
0
0
0
0
0
0
281473205009801
281462279098632
0
0
0
0
0
0
6716343877
1947228668
0
0
0
0
0
0
7915937931
6795203524
0
0
0
0
0
0
281472313286720
281472372960290
0
0
0
0
0
0
281473024196776
281474076144706
0
0
0
0
0
0
1839193819
7194295434
0
0
0
0
0
0
281474858829366
1008417778
0
0
0
0
0
0
5738748669
927186286
0
0
0
0
0
0
2550431627
281473872286646
0
0
0
0
0
0
281472621426173
281472756640686
0
0
0
0
0
0
5585532619
5125340610
0
0
0
0
0
0
281473368227598
281473876573678
0
0
0
0
0
0
281465023498524
281465873072416
0
0
0
0
0
0
139322589
717646076
0
0
0
0
0
0
281471123970799
281473977020576
0
0
0
0
0
0
281474746916537
281473331912876
0
0
0
0
0
0
7400412362
1746010470
0
0
0
0
0
0
281470697856060
73795396
0
0
0
0
0
0
281467885145187
281469723840844
0
0
0
0
0
0
664847671
5689336936
0
0
0
0
0
0
424062322
4198557770
0
0
0
0
0
0
281474890707518
1982764030
0
0
0
0
0
0
281472179621942
281473962932388
0
0
0
0
0
0
6551888199
1791096804
0
0
0
0
0
0
281474969888345
1225059756
0
0
0
0
0
0
281469238139028
281473324150582
0
0
0
0
0
0
5477102858
1481179284
0
0
0
0
0
0
917565780
281474827300360
0
0
0
0
0
0
281469565698922
281468217077418
0
0
0
0
0
0
281471208305784
281473931695210
0
0
0
0
0
0
281472805016798
2518587120
0
0
0
0
0
0
2697226048
3588351210
0
0
0
0
0
0
281473369661313
281474416171786
0
0
0
0
0
0
2621582787
281474302561908
0
0
0
0
0
0
2400310620
6809483004
0
0
0
0
0
0
281470397422884
281472748837208
0
0
0
0
0
0
281473521106640
281471269504832
0
0
0
0
0
0
281473213887838
1173492944
0
0
0
0
0
0
281473324597238
845569656
0
0
0
0
0
0
1389776604
890391134
0
0
0
0
0
0
281474149629435
2275958470
0
0
0
0
0
0
581586711
2359430174
0
0
0
0
0
0
281472466201161
774052262
0
0
0
0
0
0
134287348
1057842206
0
0
0
0
0
0
281467750183476
281472223437070
0
0
0
0
0
0
503577327
281473906167140
0
0
0
0
0
0
1461369792
281472893463274
0
0
0
0
0
0
421347569
1979049386
0
0
0
0
0
0
422501910
281474044183672
0
0
0
0
0
0
1343538890
1251087070
0
0
0
0
0
0
177326358
281472275419180
0
0
0
0
0
0
281474048223135
281472987915310
0
0
0
0
0
0
1014269736
1005973494
0
0
0
0
0
0
281472883654757
281474491399094
0
0
0
0
0
0
5312566
694926306
0
0
0
0
0
0
281474768783648
281474311033604
0
0
0
0
0
0
1519239670
2260454888
0
0
0
0
0
0
281473631532185
281472926096692
0
0
0
0
0
0
281473400596085
281474266582164
0
0
0
0
0
0
93288615
281473615730366
0
0
0
0
0
0
1465073718
281474896912850
0
0
0
0
0
0
981822054
281473944219146
0
0
0
0
0
0
534982076
30680014
0
0
0
0
0
0
281474654097860
1358373476
0
0
0
0
0
0
281474500257313
281474197698284
0
0
0
0
0
0
281474915753454
592250538
0
0
0
0
0
0
281474191118212
281474137447946
0
0
0
0
0
0
281474698380834
835573258
0
0
0
0
0
0
281473996957708
281474163236292
0
0
0
0
0
0
144436910
281474403694036
0
0
0
0
0
0
281474595738625
281474146336718
0
0
0
0
0
0
888320302
338095542
0
0
0
0
0
0
716843452
281474834674138
0
0
0
0
0
0
106942088
281474625683834
0
0
0
0
0
0
281474749801397
89298550
0
0
0
0
0
0
281474786894945
281474448763124
0
0
0
0
0
0
281474799283914
281474867103254
0
0
0
0
0
0
281474901590700
281474767424808
0
0
0
0
0
0
281474034932315
281474162691462
0
0
0
0
0
0
197339672
493507966
0
0
0
0
0
0
67344248
281474702789838
0
0
0
0
0
0
281474728701423
49825660
0
0
0
0
0
0
38687793
246642632
0
0
0
0
0
0
281474581528615
281474915537768
0
0
0
0
0
0
281474869286791
281474689002854
0
0
0
0
0
0
281474960743341
281474605690008
0
0
0
0
0
0
221591530
281474822928114
0
0
0
0
0
0
281474903395623
281474958144802
0
0
0
0
0
0
281474702675228
281474516937812
0
0
0
0
0
0
117812446
281474895054322
0
0
0
0
0
0
281474965619121
5285928
0
0
0
0
0
0
281474716416276
281474743513752
0
0
0
0
0
0
281474917187775
281474840372592
0
0
0
0
0
0
281474960384460
281474966306058
0
0
0
0
0
0
281474843727542
281474843414458
0
0
0
0
0
0
281474966602986
281474966637964
0
0
0
0
0
0
716184
848962
0
0
0
0
0
0
281474976664303
281474976641736
0
0
0
0
0
0
2913
5552
0
0
0
0
0
0
281474976710509
281474976710136
0
0
0
0
0
0
0
0
0
0
0
0
0
0
281474976710581
281474976710544
0
0
0
0
0
0
0
0
0
0
0
0
0
0
281474976710581
281474976710544
0
0
0
0
0
0
0
0
0
0
0
0
0
0
281474976710581
281474976710544
0
0
0
0
0
0
0
0
0
0
0
0
0
0
281474976710581
281474976710544
0
0
0
0
0
0
0
0
0
0
0
0
0
0
281474976710581
281474976710544
0
0
0
0
0
0
0
0
0
0
0
0
0
0
281474976710581
281474976710544
0
0
0
0
0
0
0
0
0
0
0
0
0
0
281474976710581
281474976710544
0
0
0
0
0
0
0
0
0
0
0
0
0
0
281474976710581
281474976710544
0
0
0
0
0
0
0
0
0
0
0
0
0
0
281474976710581
281474976710544
0
0
0
0
0
0
0
0
0
0
0
0
0
0
281474976710581
281474976710544
0
0
0
0
0
0
0
0
0
0
0
0
0
0
281474976710581
281474976710544
0
0
0
0
0
0
0
0
0
0
0
0
0
0
281474976710581
281474976710544
0
0
0
0
0
0
0
0
0
0
0
0
0
0
281474976710581
281474976710544
0
0
0
0
0
0
0
0
0
0
0
0
0
0
281474976710581
281474976710544
0
0
0
0
0
0
0
0
0
0
0
0
0
0
281474976710581
281474976710544
0
0
0
0
0
0
0
0
0
0
0
0
0
0
281474976710581
281474976710544
0
0
0
0
0
0
0
0
0
0
0
0
0
0
281474976710581
281474976710544
0
0
0
0
0
0
0
0
0
0
0
0
0
0
281474976710581
281474976710544
0
0
0
0
0
0
0
0
0
0
0
0
0
0
281474976710581
281474976710544
0
0
0
0
0
0
0
0
0
0
0
0
0
0
281474976710581
281474976710544
0
0
0
0
0
0
0
0
0
0
0
0
0
0
281474976710581
281474976710544
0
0
0
0
0
0
0
0
0
0
0
0
0
0
281474976710581
281474976710544
0
0
0
0
0
0
0
0
0
0
0
0
0
0
281474976710581
281474976710544
0
0
0
0
0
0
0
0
0
0
0
0
0
0
281474976710581
281474976710544
0
0
0
0
0
0
0
0
0
0
0
0
0
0
281474976710581
281474976710544
0
0
0
0
0
0
0
0
0
0
0
0
0
0
281474976710581
281474976710544
0
0
0
0
0
0
0
0
0
0
0
0
0
0
281474976710581
281474976710544
0
0
0
0
0
0
0
0
0
0
0
0
0
0
281474976710581
281474976710544
0
0
0
0
0
0
0
0
0
0
0
0
0
0
281474976710581
281474976710544
0
0
0
0
0
0
0
0
0
0
0
0
0
0
281474976710581
281474976710544
0
0
0
0
0
0
0
0
0
0
0
0
0
0
281474976710581
281474976710544
0
0
0
0
0
0
0
0
0
0
0
0
0
0
281474976710581
281474976710544
0
0
0
0
0
0
0
0
0
0
0
0
0
0
281474976710581
281474976710544
0
0
0
0
0
0
0
0
0
0
0
0
0
0
281474976710581
281474976710544
0
0
0
0
0
0
0
0
0
0
0
0
0
0
281474976710581
281474976710544
0
0
0
0
0
0
0
0
0
0
0
0
0
0
281474976710581
281474976710544
0
0
0
0
0
0
0
0
0
0
0
0
0
0
281474976710581
281474976710544
0
0
0
0
0
0
0
0
0
0
0
0
0
0
281474976710581
281474976710544
0
0
0
0
0
0
0
0
0
0
0
0
0
0
281474976710581
281474976710544
0
0
0
0
0
0
0
0
0
0
0
0
0
0
281474976710581
281474976710544
0
0
0
0
0
0
0
0
0
0
0
0
0
0
281474976710581
281474976710544
0
0
0
0
0
0
0
0
0
0
0
0
0
0
281474976710581
281474976710544
0
0
0
0
0
0
0
0
0
0
0
0
0
0
281474976710581
281474976710544
0
0
0
0
0
0
0
0
0
0
0
0
0
0
281474976710581
281474976710544
0
0
0
0
0
0
0
0
0
0
0
0
0
0
281474976710581
281474976710544
0
0
0
0
0
0
0
0
0
0
0
0
0
0
281474976710581
281474976710544
0
0
0
0
0
0
0
0
0
0
0
0
0
0
281474976710581
281474976710544
0
0
0
0
0
0
0
0
0
0
0
0
0
0
281474976710581
281474976710544
0
0
0
0
0
0
0
0
0
0
0
0
0
0
281474976710581
281474976710544
0
0
0
0
0
0
0
0
0
0
0
0
0
0
281474976710581
281474976710544
0
0
0
0
0
0
0
0
0
0
0
0
0
0
281474976710581
281474976710544
0
0
0
0
0
0
0
0
0
0
0
0
0
0
281474976710581
281474976710544
0
0
0
0
0
0
0
0
0
0
0
0
0
0
281474976710581
281474976710544
0
0
0
0
0
0
0
0
0
0
0
0
0
0
281474976710581
281474976710544
0
0
0
0
0
0
0
0
0
0
0
0
0
0
281474976710581
281474976710544
0
0
0
0
0
0
0
0
0
0
0
0
0
0
281474976710581
281474976710544
0
0
0
0
0
0
0
0
0
0
0
0
0
0
281474976710581
281474976710544
0
0
0
0
0
0
0
0
0
0
0
0
0
0
281474976710581
281474976710544
0
0
0
0
0
0
0
0
0
0
0
0
0
0
281474976710581
281474976710544
0
0
0
0
0
0
0
0
0
0
0
0
0
0
281474976710581
281474976710544
0
0
0
0
0
0
0
0
0
0
0
0
0
0
281474976710581
281474976710544
0
0
0
0
0
0
0
0
0
0
0
0
0
0
281474976710581
281474976710544
0
0
0
0
0
0
0
0
0
0
0
0
0
0
281474976710581
281474976710544
0
0
0
0
0
0
0
0
0
0
0
0
0
0
281474976710581
281474976710544
0
0
0
0
0
0
0
0
0
0
0
0
0
0
281474976710581
281474976710544
0
0
0
0
0
0
0
0
0
0
0
0
0
0
281474976710581
281474976710544
0
0
0
0
0
0
0
0
0
0
0
0
0
0
281474976710581
281474976710544
0
0
0
0
0
0
0
0
0
0
0
0
0
0
281474976710581
281474976710544
0
0
0
0
0
0
0
0
0
0
0
0
0
0
281474976710581
281474976710544
0
0
0
0
0
0
0
0
0
0
0
0
0
0
281474976710581
281474976710544
0
0
0
0
0
0
0
0
0
0
0
0
0
0
281474976710581
281474976710544
0
0
0
0
0
0
0
0
0
0
0
0
0
0
281474976710581
281474976710544
0
0
0
0
0
0
0
0
0
0
0
0
0
0
281474976710581
281474976710544
0
0
0
0
0
0
0
0
0
0
0
0
0
0
281474976710581
281474976710544
0
0
0
0
0
0
0
0
0
0
0
0
0
0
281474976710581
281474976710544
0
0
0
0
0
0
0
0
0
0
0
0
0
0
281474976710581
281474976710544
0
0
0
0
0
0
0
0
0
0
0
0
0
0
281474976710581
281474976710544
0
0
0
0
0
0
0
0
0
0
0
0
0
0
281474976710581
281474976710544
0
0
0
0
0
0
0
0
0
0
0
0
0
0
281474976710581
281474976710544
0
0
0
0
0
0
0
0
0
0
0
0
0
0
281474976710581
281474976710544
0
0
0
0
0
0
0
0
0
0
0
0
0
0
281474976710581
281474976710544
0
0
0
0
0
0
0
0
0
0
0
0
0
0
281474976710581
281474976710544
0
0
0
0
0
0
0
0
0
0
0
0
0
0
281474976710581
281474976710544
0
0
0
0
0
0
0
0
0
0
0
0
0
0
281474976710581
281474976710544
0
0
0
0
0
0
0
0
0
0
0
0
0
0
281474976710581
281474976710544
0
0
0
0
0
0
0
0
0
0
0
0
0
0
281474976710581
281474976710544
0
0
0
0
0
0
0
0
0
0
0
0
0
0
281474976710581
281474976710544
0
0
0
0
0
0
0
0
0
0
0
0
0
0
281474976710581
281474976710544
0
0
0
0
0
0
0
0
0
0
0
0
0
0
281474976710581
281474976710544
0
0
0
0
0
0
0
0
0
0
0
0
0
0
281474976710581
281474976710544
0
0
0
0
0
0
0
0
0
0
0
0
0
0
281474976710581
281474976710544
0
0
0
0
0
0
0
0
0
0
0
0
0
0
281474976710581
281474976710544
0
0
0
0
0
0
0
0
0
0
0
0
0
0
281474976710581
281474976710544
0
0
0
0
0
0
0
0
0
0
0
0
0
0
281474976710581
281474976710544
0
0
0
0
0
0
0
0
0
0
0
0
0
0
281474976710581
281474976710544
0
0
0
0
0
0
0
0
0
0
0
0
0
0
281474976710581
281474976710544
0
0
0
0
0
0
0
0
0
0
0
0
0
0
281474976710581
281474976710544
0
0
0
0
0
0
0
0
0
0
0
0
0
0
281474976710581
281474976710544
0
0
0
0
0
0
0
0
0
0
0
0
0
0
281474976710581
281474976710544
0
0
0
0
0
0
0
0
0
0
0
0
0
0
281474976710581
281474976710544
0
0
0
0
0
0
0
0
0
0
0
0
0
0
281474976710581
281474976710544
0
0
0
0
0
0
0
0
0
0
0
0
0
0
281474976710581
281474976710544
0
0
0
0
0
0
0
0
0
0
0
0
0
0
281474976710581
281474976710544
0
0
0
0
0
0
0
0
0
0
0
0
0
0
281474976710581
281474976710544
0
0
0
0
0
0
0
0
0
0
0
0
0
0
281474976710581
281474976710544
0
0
0
0
0
0
0
0
0
0
0
0
0
0
281474976710581
281474976710544
0
0
0
0
0
0
0
0
0
0
0
0
0
0
281474976710581
281474976710544
0
0
0
0
0
0
0
0
0
0
0
0
0
0
281474976710581
281474976710544
0
0
0
0
0
0
0
0
0
0
0
0
0
0
281474976710581
281474976710544
0
0
0
0
0
0
0
0
0
0
0
0
0
0
281474976710581
281474976710544
0
0
0
0
0
0
0
0
0
0
0
0
0
0
281474976710581
281474976710544
0
0
0
0
0
0
0
0
0
0
0
0
0
0
281474976710581
281474976710544
0
0
0
0
0
0
0
0
0
0
0
0
0
0
281474976710581
281474976710544
0
0
0
0
0
0
0
0
0
0
0
0
0
0
281474976710581
281474976710544
0
0
0
0
0
0
0
0
0
0
0
0
0
0
281474976710581
281474976710544
0
0
0
0
0
0
0
0
0
0
0
0
0
0
281474976710581
281474976710544
0
0
0
0
0
0
0
0
0
0
0
0
0
0
281474976710581
281474976710544
0
0
0
0
0
0
0
0
0
0
0
0
0
0
281474976710581
281474976710544
0
0
0
0
0
0
0
0
0
0
0
0
0
0
281474976710581
281474976710544
0
0
0
0
0
0
0
0
0
0
0
0
0
0
281474976710581
281474976710544
0
0
0
0
0
0
0
0
0
0
0
0
0
0
281474976710581
281474976710544
0
0
0
0
0
0
0
0
0
0
0
0
0
0
281474976710581
281474976710544
0
0
0
0
0
0
0
0
0
0
0
0
0
0
281474976710581
281474976710544
0
0
0
0
0
0
0
0
0
0
0
0
0
0
281474976710581
281474976710544
0
0
0
0
0
0
0
0
0
0
0
0
0
0
281474976710581
281474976710544
0
0
0
0
0
0
0
0
0
0
0
0
0
0
281474976710581
281474976710544
0
0
0
0
0
0
0
0
0
0
0
0
0
0
281474976710581
281474976710544
0
0
0
0
0
0
0
0
0
0
0
0
0
0
281474976710581
281474976710544
0
0
0
0
0
0
0
0
0
0
0
0
0
0
281474976710581
281474976710544
0
0
0
0
0
0
0
0
0
0
0
0
0
0
281474976710581
281474976710544
0
0
0
0
0
0
0
0
0
0
0
0
0
0
281474976710581
281474976710544
0
0
0
0
0
0
0
0
0
0
0
0
0
0
281474976710581
281474976710544
0
0
0
0
0
0
0
0
0
0
0
0
0
0
281474976710581
281474976710544
0
0
0
0
0
0
0
0
0
0
0
0
0
0
281474976710581
281474976710544
0
0
0
0
0
0
0
0
0
0
0
0
0
0
281474976710581
281474976710544
0
0
0
0
0
0
0
0
0
0
0
0
0
0
281474976710581
281474976710544
0
0
0
0
0
0
0
0
0
0
0
0
0
0
281474976710581
281474976710544
0
0
0
0
0
0
0
0
0
0
0
0
0
0
281474976710581
281474976710544
0
0
0
0
0
0
0
0
0
0
0
0
0
0
281474976710581
281474976710544
0
0
0
0
0
0
0
0
0
0
0
0
0
0
281474976710581
281474976710544
0
0
0
0
0
0
0
0
0
0
0
0
0
0
281474976710581
281474976710544
0
0
0
0
0
0
0
0
0
0
0
0
0
0
281474976710581
281474976710544
0
0
0
0
0
0
0
0
0
0
0
0
0
0
281474976710581
281474976710544
0
0
0
0
0
0
0
0
0
0
0
0
0
0
281474976710581
281474976710544
0
0
0
0
0
0
0
0
0
0
0
0
0
0
281474976710581
281474976710544
0
0
0
0
0
0
0
0
0
0
0
0
0
0
281474976710581
281474976710544
0
0
0
0
0
0
0
0
0
0
0
0
0
0
281474976710581
281474976710544
0
0
0
0
0
0
0
0
0
0
0
0
0
0
281474976710581
281474976710544
0
0
0
0
0
0
0
0
0
0
0
0
0
0
281474976710581
281474976710544
0
0
0
0
0
0
0
0
0
0
0
0
0
0
281474976710581
281474976710544
0
0
0
0
0
0
0
0
0
0
0
0
0
0
281474976710581
281474976710544
0
0
0
0
0
0
0
0
0
0
0
0
0
0
281474976710581
281474976710544
0
0
0
0
0
0
0
0
0
0
0
0
0
0
281474976710581
281474976710544
0
0
0
0
0
0
0
0
0
0
0
0
0
0
281474976710581
281474976710544
0
0
0
0
0
0
0
0
0
0
0
0
0
0
281474976710581
281474976710544
0
0
0
0
0
0
0
0
0
0
0
0
0
0
281474976710581
281474976710544
0
0
0
0
0
0
0
0
0
0
0
0
0
0
281474976710581
281474976710544
0
0
0
0
0
0
0
0
0
0
0
0
0
0
281474976710581
281474976710544
0
0
0
0
0
0
0
0
0
0
0
0
0
0
281474976710581
281474976710544
0
0
0
0
0
0
0
0
0
0
0
0
0
0
281474976710581
281474976710544
0
0
0
0
0
0
0
0
0
0
0
0
0
0
281474976710581
281474976710544
0
0
0
0
0
0
0
0
0
0
0
0
0
0
281474976710581
281474976710544
0
0
0
0
0
0
0
0
0
0
0
0
0
0
281474976710581
281474976710544
0
0
0
0
0
0
0
0
0
0
0
0
0
0
281474976710581
281474976710544
0
0
0
0
0
0
0
0
0
0
0
0
0
0
281474976710581
281474976710544
0
0
0
0
0
0
0
0
0
0
0
0
0
0
281474976710581
281474976710544
0
0
0
0
0
0
0
0
0
0
0
0
0
0
281474976710581
281474976710544
0
0
0
0
0
0
0
0
0
0
0
0
0
0
281474976710581
281474976710544
0
0
0
0
0
0
0
0
0
0
0
0
0
0
281474976710581
281474976710544
0
0
0
0
0
0
0
0
0
0
0
0
0
0
281474976710581
281474976710544
0
0
0
0
0
0
0
0
0
0
0
0
0
0
281474976710581
281474976710544
0
0
0
0
0
0
0
0
0
0
0
0
0
0
281474976710581
281474976710544
0
0
0
0
0
0
0
0
0
0
0
0
0
0
281474976710581
281474976710544
0
0
0
0
0
0
0
0
0
0
0
0
0
0
281474976710581
281474976710544
0
0
0
0
0
0
0
0
0
0
0
0
0
0
281474976710581
281474976710544
0
0
0
0
0
0
0
0
0
0
0
0
0
0
281474976710581
281474976710544
0
0
0
0
0
0
0
0
0
0
0
0
0
0
281474976710581
281474976710544
0
0
0
0
0
0
0
0
0
0
0
0
0
0
281474976710581
281474976710544
0
0
0
0
0
0
0
0
0
0
0
0
0
0
281474976710581
281474976710544
0
0
0
0
0
0
0
0
0
0
0
0
0
0
281474976710581
281474976710544
0
0
0
0
0
0
0
0
0
0
0
0
0
0
281474976710581
281474976710544
0
0
0
0
0
0
0
0
0
0
0
0
0
0
281474976710581
281474976710544
0
0
0
0
0
0
0
0
0
0
0
0
0
0
281474976710581
281474976710544
0
0
0
0
0
0
0
0
0
0
0
0
0
0
281474976710581
281474976710544
0
0
0
0
0
0
0
0
0
0
0
0
0
0
281474976710581
281474976710544
0
0
0
0
0
0
0
0
0
0
0
0
0
0
281474976710581
281474976710544
0
0
0
0
0
0
0
0
0
0
0
0
0
0
281474976710581
281474976710544
0
0
0
0
0
0
0
0
0
0
0
0
0
0
281474976710581
281474976710544
0
0
0
0
0
0
0
0
0
0
0
0
0
0
281474976710581
281474976710544
0
0
0
0
0
0
0
0
0
0
0
0
0
0
281474976710581
281474976710544
0
0
0
0
0
0
0
0
0
0
0
0
0
0
281474976710581
281474976710544
0
0
0
0
0
0
0
0
0
0
0
0
0
0
281474976710581
281474976710544
0
0
0
0
0
0
0
0
0
0
0
0
0
0
281474976710581
281474976710544
0
0
0
0
0
0
0
0
0
0
0
0
0
0
281474976710581
281474976710544
0
0
0
0
0
0
0
0
0
0
0
0
0
0
281474976710581
281474976710544
0
0
0
0
0
0
0
0
0
0
0
0
0
0
281474976710581
281474976710544
0
0
0
0
0
0
0
0
0
0
0
0
0
0
281474976710581
281474976710544
0
0
0
0
0
0
0
0
0
0
0
0
0
0
281474976710581
281474976710544
0
0
0
0
0
0
0
0
0
0
0
0
0
0
281474976710581
281474976710544
0
0
0
0
0
0
0
0
0
0
0
0
0
0
281474976710581
281474976710544
0
0
0
0
0
0
0
0
0
0
0
0
0
0
281474976710581
281474976710544
0
0
0
0
0
0
0
0
0
0
0
0
0
0
281474976710581
281474976710544
0
0
0
0
0
0
0
0
0
0
0
0
0
0
281474976710581
281474976710544
0
0
0
0
0
0
0
0
0
0
0
0
0
0
281474976710581
281474976710544
0
0
0
0
0
0
0
0
0
0
0
0
0
0
281474976710581
281474976710544
0
0
0
0
0
0
0
0
0
0
0
0
0
0
281474976710581
281474976710544
0
0
0
0
0
0
0
0
0
0
0
0
0
0
281474976710581
281474976710544
0
0
0
0
0
0
0
0
0
0
0
0
0
0
281474976710581
281474976710544
0
0
0
0
0
0
0
0
0
0
0
0
0
0
281474976710581
281474976710544
0
0
0
0
0
0
0
0
0
0
0
0
0
0
281474976710581
281474976710544
0
0
0
0
0
0
0
0
0
0
0
0
0
0
281474976710581
281474976710544
0
0
0
0
0
0
0
0
0
0
0
0
0
0
281474976710581
281474976710544
0
0
0
0
0
0
0
0
0
0
0
0
0
0
281474976710581
281474976710544
0
0
0
0
0
0
0
0
0
0
0
0
0
0
281474976710581
281474976710544
0
0
0
0
0
0
0
0
0
0
0
0
0
0
281474976710581
281474976710544
0
0
0
0
0
0
0
0
0
0
0
0
0
0
281474976710581
281474976710544
0
0
0
0
0
0
0
0
0
0
0
0
0
0
281474976710581
281474976710544
0
0
0
0
0
0
0
0
0
0
0
0
0
0
281474976710581
281474976710544
0
0
0
0
0
0
0
0
0
0
0
0
0
0
281474976710581
281474976710544
0
0
0
0
0
0
0
0
0
0
0
0
0
0
281474976710581
281474976710544
0
0
0
0
0
0
0
0
0
0
0
0
0
0
281474976710581
281474976710544
0
0
0
0
0
0
0
0
0
0
0
0
0
0
281474976710581
281474976710544
0
0
0
0
0
0
0
0
0
0
0
0
0
0
281474976710581
281474976710544
0
0
0
0
0
0
0
0
0
0
0
0
0
0
281474976710581
281474976710544
0
0
0
0
0
0
0
0
0
0
0
0
0
0
281474976710581
281474976710544
0
0
0
0
0
0
0
0
0
0
0
0
0
0
281474976710581
281474976710544
0
0
0
0
0
0
0
0
0
0
0
0
0
0
281474976710581
281474976710544
0
0
0
0
0
0
0
0
0
0
0
0
0
0
281474976710581
281474976710544
0
0
0
0
0
0
0
0
0
0
0
0
0
0
281474976710581
281474976710544
0
0
0
0
0
0
0
0
0
0
0
0
0
0
281474976710581
281474976710544
0
0
0
0
0
0
0
0
0
0
0
0
0
0
281474976710581
281474976710544
0
0
0
0
0
0
0
0
0
0
0
0
0
0
281474976710581
281474976710544
0
0
0
0
0
0
0
0
0
0
0
0
0
0
281474976710581
281474976710544
0
0
0
0
0
0
0
0
0
0
0
0
0
0
281474976710581
281474976710544
0
0
0
0
0
0
0
0
0
0
0
0
0
0
281474976710581
281474976710544
0
0
0
0
0
0
0
0
0
0
0
0
0
0
281474976710581
281474976710544
0
0
0
0
0
0
0
0
0
0
0
0
0
0
281474976710581
281474976710544
0
0
0
0
0
0
0
0
0
0
0
0
0
0
281474976710581
281474976710544
0
0
0
0
0
0
0
0
0
0
0
0
0
0
281474976710581
281474976710544
0
0
0
0
0
0
0
0
0
0
0
0
0
0
281474976710581
281474976710544
0
0
0
0
0
0
0
0
0
0
0
0
0
0
281474976710581
281474976710544
0
0
0
0
0
0
0
0
0
0
0
0
0
0
281474976710581
281474976710544
0
0
0
0
0
0
0
0
0
0
0
0
0
0
281474976710581
281474976710544
0
0
0
0
0
0
0
0
0
0
0
0
0
0
281474976710581
281474976710544
0
0
0
0
0
0
0
0
0
0
0
0
0
0
281474976710581
281474976710544
0
0
0
0
0
0
0
0
0
0
0
0
0
0
281474976710581
281474976710544
0
0
0
0
0
0
0
0
0
0
0
0
0
0
281474976710581
281474976710544
0
0
0
0
0
0
0
0
0
0
0
0
0
0
281474976710581
281474976710544
0
0
0
0
0
0
0
0
0
0
0
0
0
0
281474976710581
281474976710544
0
0
0
0
0
0
0
0
0
0
0
0
0
0
281474976710581
281474976710544
0
0
0
0
0
0
0
0
0
0
0
0
0
0
281474976710581
281474976710544
0
0
0
0
0
0
0
0
0
0
0
0
0
0
281474976710581
281474976710544
0
0
0
0
0
0
0
0
0
0
0
0
0
0
281474976710581
281474976710544
0
0
0
0
0
0
0
0
0
0
0
0
0
0
281474976710581
281474976710544
0
0
0
0
0
0
0
0
0
0
0
0
0
0
281474976710581
281474976710544
0
0
0
0
0
0
0
0
0
0
0
0
0
0
281474976710581
281474976710544
0
0
0
0
0
0
0
0
0
0
0
0
0
0
281474976710581
281474976710544
0
0
0
0
0
0
0
0
0
0
0
0
0
0
281474976710581
281474976710544
0
0
0
0
0
0
0
0
0
0
0
0
0
0
281474976710581
281474976710544
0
0
0
0
0
0
0
0
0
0
0
0
0
0
281474976710581
281474976710544
0
0
0
0
0
0
0
0
0
0
0
0
0
0
281474976710581
281474976710544
0
0
0
0
0
0
0
0
0
0
0
0
0
0
281474976710581
281474976710544
0
0
0
0
0
0
0
0
0
0
0
0
0
0
281474976710581
281474976710544
0
0
0
0
0
0
0
0
0
0
0
0
0
0
281474976710581
281474976710544
0
0
0
0
0
0
0
0
0
0
0
0
0
0
281474976710581
281474976710544
0
0
0
0
0
0
0
0
0
0
0
0
0
0
281474976710581
281474976710544
0
0
0
0
0
0
0
0
0
0
0
0
0
0
281474976710581
281474976710544
0
0
0
0
0
0
0
0
0
0
0
0
0
0
281474976710581
281474976710544
0
0
0
0
0
0
0
0
0
0
0
0
0
0
281474976710581
281474976710544
0
0
0
0
0
0
0
0
0
0
0
0
0
0
281474976710581
281474976710544
0
0
0
0
0
0
0
0
0
0
0
0
0
0
281474976710581
281474976710544
0
0
0
0
0
0
0
0
0
0
0
0
0
0
281474976710581
281474976710544
0
0
0
0
0
0
0
0
0
0
0
0
0
0
281474976710581
281474976710544
0
0
0
0
0
0
0
0
0
0
0
0
0
0
281474976710581
281474976710544
0
0
0
0
0
0
0
0
0
0
0
0
0
0
281474976710581
281474976710544
0
0
0
0
0
0
0
0
0
0
0
0
0
0
281474976710581
281474976710544
0
0
0
0
0
0
0
0
0
0
0
0
0
0
281474976710581
281474976710544
0
0
0
0
0
0
0
0
0
0
0
0
0
0
281474976710581
281474976710544
0
0
0
0
0
0
0
0
0
0
0
0
0
0
281474976710581
281474976710544
0
0
0
0
0
0
0
0
0
0
0
0
0
0
281474976710581
281474976710544
0
0
0
0
0
0
0
0
0
0
0
0
0
0
281474976710581
281474976710544
0
0
0
0
0
0
0
0
0
0
0
0
0
0
281474976710581
281474976710544
0
0
0
0
0
0
0
0
0
0
0
0
0
0
281474976710581
281474976710544
0
0
0
0
0
0
0
0
0
0
0
0
0
0
281474976710581
281474976710544
0
0
0
0
0
0
0
0
0
0
0
0
0
0
281474976710581
281474976710544
0
0
0
0
0
0
0
0
0
0
0
0
0
0
281474976710581
281474976710544
0
0
0
0
0
0
0
0
0
0
0
0
0
0
281474976710581
281474976710544
0
0
0
0
0
0
0
0
0
0
0
0
0
0
281474976710581
281474976710544
0
0
0
0
0
0
0
0
0
0
0
0
0
0
281474976710581
281474976710544
0
0
0
0
0
0
0
0
0
0
0
0
0
0
281474976710581
281474976710544
0
0
0
0
0
0
0
0
0
0
0
0
0
0
281474976710581
281474976710544
0
0
0
0
0
0
0
0
0
0
0
0
0
0
281474976710581
281474976710544
0
0
0
0
0
0
0
0
0
0
0
0
0
0
281474976710581
281474976710544
0
0
0
0
0
0
0
0
0
0
0
0
0
0
281474976710581
281474976710544
0
0
0
0
0
0
0
0
0
0
0
0
0
0
281474976710581
281474976710544
0
0
0
0
0
0
0
0
0
0
0
0
0
0
281474976710581
281474976710544
0
0
0
0
0
0
0
0
0
0
0
0
0
0
281474976710581
281474976710544
0
0
0
0
0
0
0
0
0
0
0
0
0
0
281474976710581
281474976710544
0
0
0
0
0
0
0
0
0
0
0
0
0
0
281474976710581
281474976710544
0
0
0
0
0
0
0
0
0
0
0
0
0
0
281474976710581
281474976710544
0
0
0
0
0
0
0
0
0
0
0
0
0
0
281474976710581
281474976710544
0
0
0
0
0
0
0
0
0
0
0
0
0
0
281474976710581
281474976710544
0
0
0
0
0
0
0
0
0
0
0
0
0
0
281474976710581
281474976710544
0
0
0
0
0
0
0
0
0
0
0
0
0
0
281474976710581
281474976710544
0
0
0
0
0
0
0
0
0
0
0
0
0
0
281474976710581
281474976710544
0
0
0
0
0
0
0
0
0
0
0
0
0
0
281474976710581
281474976710544
0
0
0
0
0
0
0
0
0
0
0
0
0
0
281474976710581
281474976710544
0
0
0
0
0
0
0
0
0
0
0
0
0
0
281474976710581
281474976710544
0
0
0
0
0
0
0
0
0
0
0
0
0
0
281474976710581
281474976710544
0
0
0
0
0
0
0
0
0
0
0
0
0
0
281474976710581
281474976710544
0
0
0
0
0
0
0
0
0
0
0
0
0
0
281474976710581
281474976710544
0
0
0
0
0
0
0
0
0
0
0
0
0
0
281474976710581
281474976710544
0
0
0
0
0
0
0
0
0
0
0
0
0
0
281474976710581
281474976710544
0
0
0
0
0
0
0
0
0
0
0
0
0
0
281474976710581
281474976710544
0
0
0
0
0
0
0
0
0
0
0
0
0
0
281474976710581
281474976710544
0
0
0
0
0
0
0
0
0
0
0
0
0
0
281474976710581
281474976710544
0
0
0
0
0
0
0
0
0
0
0
0
0
0
281474976710581
281474976710544
0
0
0
0
0
0
0
0
0
0
0
0
0
0
281474976710581
281474976710544
0
0
0
0
0
0
0
0
0
0
0
0
0
0
281474976710581
281474976710544
0
0
0
0
0
0
0
0
0
0
0
0
0
0
281474976710581
281474976710544
0
0
0
0
0
0
0
0
0
0
0
0
0
0
281474976710581
281474976710544
0
0
0
0
0
0
0
0
0
0
0
0
0
0
281474976710581
281474976710544
0
0
0
0
0
0
0
0
0
0
0
0
0
0
281474976710581
281474976710544
0
0
0
0
0
0
0
0
0
0
0
0
0
0
281474976710581
281474976710544
0
0
0
0
0
0
0
0
0
0
0
0
0
0
281474976710581
281474976710544
0
0
0
0
0
0
0
0
0
0
0
0
0
0
281474976710581
281474976710544
0
0
0
0
0
0
0
0
0
0
0
0
0
0
281474976710581
281474976710544
0
0
0
0
0
0
0
0
0
0
0
0
0
0
281474976710581
281474976710544
0
0
0
0
0
0
0
0
0
0
0
0
0
0
281474976710581
281474976710544
0
0
0
0
0
0
0
0
0
0
0
0
0
0
281474976710581
281474976710544
0
0
0
0
0
0
0
0
0
0
0
0
0
0
281474976710581
281474976710544
0
0
0
0
0
0
0
0
0
0
0
0
0
0
281474976710581
281474976710544
0
0
0
0
0
0
0
0
0
0
0
0
0
0
281474976710581
281474976710544
0
0
0
0
0
0
0
0
0
0
0
0
0
0
281474976710581
281474976710544
0
0
0
0
0
0
0
0
0
0
0
0
0
0
281474976710581
281474976710544
0
0
0
0
0
0
0
0
0
0
0
0
0
0
281474976710581
281474976710544
0
0
0
0
0
0
0
0
0
0
0
0
0
0
281474976710581
281474976710544
0
0
0
0
0
0
0
0
0
0
0
0
0
0
281474976710581
281474976710544
0
0
0
0
0
0
0
0
0
0
0
0
0
0
281474976710581
281474976710544
0
0
0
0
0
0
0
0
0
0
0
0
0
0
281474976710581
281474976710544
0
0
0
0
0
0
0
0
0
0
0
0
0
0
281474976710581
281474976710544
0
0
0
0
0
0
0
0
0
0
0
0
0
0
281474976710581
281474976710544
0
0
0
0
0
0
0
0
0
0
0
0
0
0
281474976710581
281474976710544
0
0
0
0
0
0
0
0
0
0
0
0
0
0
281474976710581
281474976710544
0
0
0
0
0
0
0
0
0
0
0
0
0
0
281474976710581
281474976710544
0
0
0
0
0
0
0
0
0
0
0
0
0
0
281474976710581
281474976710544
0
0
0
0
0
0
0
0
0
0
0
0
0
0
281474976710581
281474976710544
0
0
0
0
0
0
0
0
0
0
0
0
0
0
281474976710581
281474976710544
0
0
0
0
0
0
0
0
0
0
0
0
0
0
281474976710581
281474976710544
0
0
0
0
0
0
0
0
0
0
0
0
0
0
281474976710581
281474976710544
0
0
0
0
0
0
0
0
0
0
0
0
0
0
281474976710581
281474976710544
0
0
0
0
0
0
0
0
0
0
0
0
0
0
281474976710581
281474976710544
0
0
0
0
0
0
0
0
0
0
0
0
0
0
281474976710581
281474976710544
0
0
0
0
0
0
0
0
0
0
0
0
0
0
281474976710581
281474976710544
0
0
0
0
0
0
0
0
0
0
0
0
0
0
281474976710581
281474976710544
0
0
0
0
0
0
0
0
0
0
0
0
0
0
281474976710581
281474976710544
0
0
0
0
0
0
0
0
0
0
0
0
0
0
281474976710581
281474976710544
0
0
0
0
0
0
0
0
0
0
0
0
0
0
281474976710581
281474976710544
0
0
0
0
0
0
0
0
0
0
0
0
0
0
281474976710581
281474976710544
0
0
0
0
0
0
0
0
0
0
0
0
0
0
281474976710581
281474976710544
0
0
0
0
0
0
0
0
0
0
0
0
0
0
281474976710581
281474976710544
0
0
0
0
0
0
0
0
0
0
0
0
0
0
281474976710581
281474976710544
0
0
0
0
0
0
0
0
0
0
0
0
0
0
281474976710581
281474976710544
0
0
0
0
0
0
0
0
0
0
0
0
0
0
281474976710581
281474976710544
0
0
0
0
0
0
0
0
0
0
0
0
0
0
281474976710581
281474976710544
0
0
0
0
0
0
0
0
0
0
0
0
0
0
281474976710581
281474976710544
0
0
0
0
0
0
0
0
0
0
0
0
0
0
281474976710581
281474976710544
0
0
0
0
0
0
0
0
0
0
0
0
0
0
281474976710581
281474976710544
0
0
0
0
0
0
0
0
0
0
0
0
0
0
281474976710581
281474976710544
0
0
0
0
0
0
0
0
0
0
0
0
0
0
281474976710581
281474976710544
0
0
0
0
0
0
0
0
0
0
0
0
0
0
281474976710581
281474976710544
0
0
0
0
0
0
0
0
0
0
0
0
0
0
281474976710581
281474976710544
0
0
0
0
0
0
0
0
0
0
0
0
0
0
281474976710581
281474976710544
0
0
0
0
0
0
0
0
0
0
0
0
0
0
281474976710581
281474976710544
0
0
0
0
0
0
0
0
0
0
0
0
0
0
281474976710581
281474976710544
0
0
0
0
0
0
0
0
0
0
0
0
0
0
281474976710581
281474976710544
0
0
0
0
0
0
0
0
0
0
0
0
0
0
281474976710581
281474976710544
0
0
0
0
0
0
0
0
0
0
0
0
0
0
281474976710581
281474976710544
0
0
0
0
0
0
0
0
0
0
0
0
0
0
281474976710581
281474976710544
0
0
0
0
0
0
0
0
0
0
0
0
0
0
281474976710581
281474976710544
0
0
0
0
0
0
0
0
0
0
0
0
0
0
281474976710581
281474976710544
0
0
0
0
0
0
0
0
0
0
0
0
0
0
281474976710581
281474976710544
0
0
0
0
0
0
0
0
0
0
0
0
0
0
281474976710581
281474976710544
0
0
0
0
0
0
0
0
0
0
0
0
0
0
281474976710581
281474976710544
0
0
0
0
0
0
0
0
0
0
0
0
0
0
281474976710581
281474976710544
0
0
0
0
0
0
0
0
0
0
0
0
0
0
281474976710581
281474976710544
0
0
0
0
0
0
0
0
0
0
0
0
0
0
281474976710581
281474976710544
0
0
0
0
0
0
0
0
0
0
0
0
0
0
281474976710581
281474976710544
0
0
0
0
0
0
0
0
0
0
0
0
0
0
281474976710581
281474976710544
0
0
0
0
0
0
0
0
0
0
0
0
0
0
281474976710581
281474976710544
0
0
0
0
0
0
0
0
0
0
0
0
0
0
281474976710581
281474976710544
0
0
0
0
0
0
0
0
0
0
0
0
0
0
281474976710581
281474976710544
0
0
0
0
0
0
0
0
0
0
0
0
0
0
281474976710581
281474976710544
0
0
0
0
0
0
0
0
0
0
0
0
0
0
281474976710581
281474976710544
0
0
0
0
0
0
0
0
0
0
0
0
0
0
281474976710581
281474976710544
0
0
0
0
0
0
0
0
0
0
0
0
0
0
281474976710581
281474976710544
0
0
0
0
0
0
0
0
0
0
0
0
0
0
281474976710581
281474976710544
0
0
0
0
0
0
0
0
0
0
0
0
0
0
281474976710581
281474976710544
0
0
0
0
0
0
0
0
0
0
0
0
0
0
281474976710581
281474976710544
0
0
0
0
0
0
0
0
0
0
0
0
0
0
281474976710581
281474976710544
0
0
0
0
0
0
0
0
0
0
0
0
0
0
281474976710581
281474976710544
0
0
0
0
0
0
0
0
0
0
0
0
0
0
281474976710581
281474976710544
0
0
0
0
0
0
0
0
0
0
0
0
0
0
281474976710581
281474976710544
0
0
0
0
0
0
0
0
0
0
0
0
0
0
281474976710581
281474976710544
0
0
0
0
0
0
0
0
0
0
0
0
0
0
281474976710581
281474976710544
0
0
0
0
0
0
0
0
0
0
0
0
0
0
281474976710581
281474976710544
0
0
0
0
0
0
0
0
0
0
0
0
0
0
281474976710581
281474976710544
0
0
0
0
0
0
0
0
0
0
0
0
0
0
281474976710581
281474976710544
0
0
0
0
0
0
0
0
0
0
0
0
0
0
281474976710581
281474976710544
0
0
0
0
0
0
0
0
0
0
0
0
0
0
281474976710581
281474976710544
0
0
0
0
0
0
0
0
0
0
0
0
0
0
281474976710581
281474976710544
0
0
0
0
0
0
0
0
0
0
0
0
0
0
281474976710581
281474976710544
0
0
0
0
0
0
0
0
0
0
0
0
0
0
281474976710581
281474976710544
0
0
0
0
0
0
0
0
0
0
0
0
0
0
281474976710581
281474976710544
0
0
0
0
0
0
0
0
0
0
0
0
0
0
281474976710581
281474976710544
0
0
0
0
0
0
0
0
0
0
0
0
0
0
281474976710581
281474976710544
0
0
0
0
0
0
0
0
0
0
0
0
0
0
281474976710581
281474976710544
0
0
0
0
0
0
0
0
0
0
0
0
0
0
281474976710581
281474976710544
0
0
0
0
0
0
0
0
0
0
0
0
0
0
281474976710581
281474976710544
0
0
0
0
0
0
0
0
0
0
0
0
0
0
281474976710581
281474976710544
0
0
0
0
0
0
0
0
0
0
0
0
0
0
281474976710581
281474976710544
0
0
0
0
0
0
0
0
0
0
0
0
0
0
281474976710581
281474976710544
0
0
0
0
0
0
0
0
0
0
0
0
0
0
281474976710581
281474976710544
0
0
0
0
0
0
0
0
0
0
0
0
0
0
281474976710581
281474976710544
0
0
0
0
0
0
0
0
0
0
0
0
0
0
281474976710581
281474976710544
0
0
0
0
0
0
0
0
0
0
0
0
0
0
281474976710581
281474976710544
0
0
0
0
0
0
0
0
0
0
0
0
0
0
281474976710581
281474976710544
0
0
0
0
0
0
0
0
0
0
0
0
0
0
281474976710581
281474976710544
0
0
0
0
0
0
0
0
0
0
0
0
0
0
281474976710581
281474976710544
0
0
0
0
0
0
0
0
0
0
0
0
0
0
281474976710581
281474976710544
0
0
0
0
0
0
0
0
0
0
0
0
0
0
281474976710581
281474976710544
0
0
0
0
0
0
0
0
0
0
0
0
0
0
281474976710581
281474976710544
0
0
0
0
0
0
0
0
0
0
0
0
0
0
281474976710581
281474976710544
0
0
0
0
0
0
0
0
0
0
0
0
0
0
281474976710581
281474976710544
0
0
0
0
0
0
0
0
0
0
0
0
0
0
281474976710581
281474976710544
0
0
0
0
0
0
0
0
0
0
0
0
0
0
281474976710581
281474976710544
0
0
0
0
0
0
0
0
0
0
0
0
0
0
281474976710581
281474976710544
0
0
0
0
0
0
0
0
0
0
0
0
0
0
281474976710581
281474976710544
0
0
0
0
0
0
0
0
0
0
0
0
0
0
281474976710581
281474976710544
0
0
0
0
0
0
0
0
0
0
0
0
0
0
281474976710581
281474976710544
0
0
0
0
0
0
0
0
0
0
0
0
0
0
281474976710581
281474976710544
0
0
0
0
0
0
0
0
0
0
0
0
0
0
281474976710581
281474976710544
0
0
0
0
0
0
0
0
0
0
0
0
0
0
281474976710581
281474976710544
0
0
0
0
0
0
0
0
0
0
0
0
0
0
281474976710581
281474976710544
0
0
0
0
0
0
0
0
0
0
0
0
0
0
281474976710581
281474976710544
0
0
0
0
0
0
0
0
0
0
0
0
0
0
281474976710581
281474976710544
0
0
0
0
0
0
0
0
0
0
0
0
0
0
281474976710581
281474976710544
0
0
0
0
0
0
0
0
0
0
0
0
0
0
281474976710581
281474976710544
0
0
0
0
0
0
0
0
0
0
0
0
0
0
281474976710581
281474976710544
0
0
0
0
0
0
0
0
0
0
0
0
0
0
281474976710581
281474976710544
0
0
0
0
0
0
0
0
0
0
0
0
0
0
281474976710581
281474976710544
0
0
0
0
0
0
0
0
0
0
0
0
0
0
281474976710581
281474976710544
0
0
0
0
0
0
0
0
0
0
0
0
0
0
281474976710581
281474976710544
0
0
0
0
0
0
0
0
0
0
0
0
0
0
281474976710581
281474976710544
0
0
0
0
0
0
0
0
0
0
0
0
0
0
281474976710581
281474976710544
0
0
0
0
0
0
0
0
0
0
0
0
0
0
281474976710581
281474976710544
0
0
0
0
0
0
0
0
0
0
0
0
0
0
281474976710581
281474976710544
0
0
0
0
0
0
0
0
0
0
0
0
0
0
281474976710581
281474976710544
0
0
0
0
0
0
0
0
0
0
0
0
0
0
281474976710581
281474976710544
0
0
0
0
0
0
0
0
0
0
0
0
0
0
281474976710581
281474976710544
0
0
0
0
0
0
0
0
0
0
0
0
0
0
281474976710581
281474976710544
0
0
0
0
0
0
0
0
0
0
0
0
0
0
281474976710581
281474976710544
0
0
0
0
0
0
0
0
0
0
0
0
0
0
281474976710581
281474976710544
0
0
0
0
0
0
0
0
0
0
0
0
0
0
281474976710581
281474976710544
0
0
0
0
0
0
0
0
0
0
0
0
0
0
281474976710581
281474976710544
0
0
0
0
0
0
0
0
0
0
0
0
0
0
281474976710581
281474976710544
0
0
0
0
0
0
0
0
0
0
0
0
0
0
281474976710581
281474976710544
0
0
0
0
0
0
0
0
0
0
0
0
0
0
281474976710581
281474976710544
0
0
0
0
0
0
0
0
0
0
0
0
0
0
281474976710581
281474976710544
0
0
0
0
0
0
0
0
0
0
0
0
0
0
281474976710581
281474976710544
0
0
0
0
0
0
0
0
0
0
0
0
0
0
281474976710581
281474976710544
0
0
0
0
0
0
0
0
0
0
0
0
0
0
281474976710581
281474976710544
0
0
0
0
0
0
0
0
0
0
0
0
0
0
281474976710581
281474976710544
0
0
0
0
0
0
0
0
0
0
0
0
0
0
281474976710581
281474976710544
0
0
0
0
0
0
0
0
0
0
0
0
0
0
281474976710581
281474976710544
0
0
0
0
0
0
0
0
0
0
0
0
0
0
281474976710581
281474976710544
0
0
0
0
0
0
0
0
0
0
0
0
0
0
281474976710581
281474976710544
0
0
0
0
0
0
0
0
0
0
0
0
0
0
281474976710581
281474976710544
0
0
0
0
0
0
0
0
0
0
0
0
0
0
281474976710581
281474976710544
0
0
0
0
0
0
0
0
0
0
0
0
0
0
281474976710581
281474976710544
0
0
0
0
0
0
0
0
0
0
0
0
0
0
281474976710581
281474976710544
0
0
0
0
0
0
0
0
0
0
0
0
0
0
281474976710581
281474976710544
0
0
0
0
0
0
0
0
0
0
0
0
0
0
281474976710581
281474976710544
0
0
0
0
0
0
0
0
0
0
0
0
0
0
281474976710581
281474976710544
0
0
0
0
0
0
0
0
0
0
0
0
0
0
281474976710581
281474976710544
0
0
0
0
0
0
0
0
0
0
0
0
0
0
281474976710581
281474976710544
0
0
0
0
0
0
0
0
0
0
0
0
0
0
281474976710581
281474976710544
0
0
0
0
0
0
0
0
0
0
0
0
0
0
281474976710581
281474976710544
0
0
0
0
0
0
0
0
0
0
0
0
0
0
281474976710581
281474976710544
0
0
0
0
0
0
0
0
0
0
0
0
0
0
281474976710581
281474976710544
0
0
0
0
0
0
0
0
0
0
0
0
0
0
