0
0
0
0
0
0
0
0
0
0
0
0
0
0
0
0
0
0
0
0
0
0
0
0
0
0
0
0
0
0
0
0
0
0
0
0
0
0
0
0
0
0
0
0
0
0
0
0
0
0
0
0
0
0
0
0
0
0
0
0
0
0
0
0
0
0
0
0
0
0
0
0
0
0
0
0
0
0
0
0
0
0
0
0
0
0
0
0
0
0
0
0
0
0
0
0
0
0
0
0
0
0
0
0
0
0
0
0
0
0
0
0
0
0
0
0
0
0
0
0
0
0
0
0
0
0
0
0
0
0
0
0
0
0
0
0
0
0
0
0
0
0
0
0
0
0
0
0
0
0
0
0
0
0
0
0
0
0
0
0
0
0
0
0
0
0
0
0
0
0
0
0
0
0
0
0
0
0
0
0
0
0
0
0
4095
4092
0
0
0
0
0
0
4092
4094
0
0
0
0
0
0
4095
4095
0
0
0
0
0
0
4091
4092
0
0
0
0
0
0
4094
4095
0
0
0
0
0
0
4095
4092
0
0
0
0
0
0
4092
4095
0
0
0
0
0
0
1
4095
0
0
0
0
0
0
4091
4091
0
0
0
0
0
0
4095
2
0
0
0
0
0
0
0
4091
0
0
0
0
0
0
4088
4092
0
0
0
0
0
0
5
1
0
0
0
0
0
0
4087
4085
0
0
0
0
0
0
1
8
0
0
0
0
0
0
1
4084
0
0
0
0
0
0
4082
4093
0
0
0
0
0
0
11
5
0
0
0
0
0
0
4081
4080
0
0
0
0
0
0
2
16
0
0
0
0
0
0
4
4079
0
0
0
0
0
0
4077
1
0
0
0
0
0
0
21
9
0
0
0
0
0
0
4074
4070
0
0
0
0
0
0
4
24
0
0
0
0
0
0
7
4072
0
0
0
0
0
0
4068
2
0
0
0
0
0
0
32
14
0
0
0
0
0
0
4066
4060
0
0
0
0
0
0
9
37
0
0
0
0
0
0
13
4064
0
0
0
0
0
0
4056
3
0
0
0
0
0
0
45
18
0
0
0
0
0
0
4053
4047
0
0
0
0
0
0
12
51
0
0
0
0
0
0
17
4054
0
0
0
0
0
0
4043
5
0
0
0
0
0
0
61
26
0
0
0
0
0
0
4041
4033
0
0
0
0
0
0
17
67
0
0
0
0
0
0
23
4041
0
0
0
0
0
0
4030
8
0
0
0
0
0
0
78
36
0
0
0
0
0
0
4028
4016
0
0
0
0
0
0
22
85
0
0
0
0
0
0
28
4028
0
0
0
0
0
0
4013
10
0
0
0
0
0
0
98
45
0
0
0
0
0
0
4010
3998
0
0
0
0
0
0
27
105
0
0
0
0
0
0
37
4015
0
0
0
0
0
0
3994
12
0
0
0
0
0
0
120
56
0
0
0
0
0
0
3993
3977
0
0
0
0
0
0
34
128
0
0
0
0
0
0
45
3998
0
0
0
0
0
0
3976
18
0
0
0
0
0
0
145
68
0
0
0
0
0
0
3975
3956
0
0
0
0
0
0
40
152
0
0
0
0
0
0
53
3980
0
0
0
0
0
0
3955
19
0
0
0
0
0
0
170
79
0
0
0
0
0
0
3952
3932
0
0
0
0
0
0
48
180
0
0
0
0
0
0
61
3961
0
0
0
0
0
0
3930
23
0
0
0
0
0
0
199
93
0
0
0
0
0
0
3928
3905
0
0
0
0
0
0
57
209
0
0
0
0
0
0
72
3941
0
0
0
0
0
0
3906
27
0
0
0
0
0
0
228
107
0
0
0
0
0
0
3906
3879
0
0
0
0
0
0
64
238
0
0
0
0
0
0
82
3919
0
0
0
0
0
0
3880
32
0
0
0
0
0
0
260
124
0
0
0
0
0
0
3882
3847
0
0
0
0
0
0
72
272
0
0
0
0
0
0
94
3895
0
0
0
0
0
0
3854
37
0
0
0
0
0
0
296
141
0
0
0
0
0
0
3854
3817
0
0
0
0
0
0
83
306
0
0
0
0
0
0
105
3870
0
0
0
0
0
0
3821
41
0
0
0
0
0
0
332
157
0
0
0
0
0
0
3825
3785
0
0
0
0
0
0
93
342
0
0
0
0
0
0
121
3846
0
0
0
0
0
0
3791
46
0
0
0
0
0
0
369
176
0
0
0
0
0
0
3794
3748
0
0
0
0
0
0
104
382
0
0
0
0
0
0
133
3818
0
0
0
0
0
0
3758
50
0
0
0
0
0
0
410
193
0
0
0
0
0
0
3763
3712
0
0
0
0
0
0
114
420
0
0
0
0
0
0
147
3790
0
0
0
0
0
0
3723
56
0
0
0
0
0
0
451
214
0
0
0
0
0
0
3730
3676
0
0
0
0
0
0
127
463
0
0
0
0
0
0
163
3761
0
0
0
0
0
0
3687
61
0
0
0
0
0
0
493
236
0
0
0
0
0
0
3695
3636
0
0
0
0
0
0
139
505
0
0
0
0
0
0
177
3731
0
0
0
0
0
0
3651
69
0
0
0
0
0
0
538
256
0
0
0
0
0
0
3661
3595
0
0
0
0
0
0
150
549
0
0
0
0
0
0
193
3697
0
0
0
0
0
0
3613
75
0
0
0
0
0
0
585
277
0
0
0
0
0
0
3623
3552
0
0
0
0
0
0
164
597
0
0
0
0
0
0
209
3664
0
0
0
0
0
0
3571
80
0
0
0
0
0
0
634
301
0
0
0
0
0
0
3585
3507
0
0
0
0
0
0
177
645
0
0
0
0
0
0
225
3631
0
0
0
0
0
0
3531
88
0
0
0
0
0
0
683
325
0
0
0
0
0
0
3545
3462
0
0
0
0
0
0
190
696
0
0
0
0
0
0
244
3596
0
0
0
0
0
0
3488
94
0
0
0
0
0
0
735
350
0
0
0
0
0
0
3504
3414
0
0
0
0
0
0
205
748
0
0
0
0
0
0
261
3559
0
0
0
0
0
0
3445
101
0
0
0
0
0
0
789
376
0
0
0
0
0
0
3462
3367
0
0
0
0
0
0
221
801
0
0
0
0
0
0
281
3521
0
0
0
0
0
0
3399
108
0
0
0
0
0
0
842
401
0
0
0
0
0
0
3419
3317
0
0
0
0
0
0
235
855
0
0
0
0
0
0
299
3484
0
0
0
0
0
0
3354
116
0
0
0
0
0
0
898
428
0
0
0
0
0
0
3374
3264
0
0
0
0
0
0
249
910
0
0
0
0
0
0
320
3444
0
0
0
0
0
0
3305
124
0
0
0
0
0
0
955
456
0
0
0
0
0
0
3330
3213
0
0
0
0
0
0
266
968
0
0
0
0
0
0
339
3403
0
0
0
0
0
0
3257
130
0
0
0
0
0
0
1015
484
0
0
0
0
0
0
3284
3160
0
0
0
0
0
0
282
1027
0
0
0
0
0
0
360
3363
0
0
0
0
0
0
3208
139
0
0
0
0
0
0
1073
511
0
0
0
0
0
0
3235
3106
0
0
0
0
0
0
298
1085
0
0
0
0
0
0
381
3321
0
0
0
0
0
0
3157
146
0
0
0
0
0
0
1134
541
0
0
0
0
0
0
3188
3051
0
0
0
0
0
0
314
1146
0
0
0
0
0
0
402
3277
0
0
0
0
0
0
3105
155
0
0
0
0
0
0
1196
571
0
0
0
0
0
0
3139
2995
0
0
0
0
0
0
332
1207
0
0
0
0
0
0
424
3235
0
0
0
0
0
0
3054
163
0
0
0
0
0
0
1259
600
0
0
0
0
0
0
3089
2936
0
0
0
0
0
0
349
1270
0
0
0
0
0
0
445
3192
0
0
0
0
0
0
3001
171
0
0
0
0
0
0
1322
630
0
0
0
0
0
0
3039
2879
0
0
0
0
0
0
366
1334
0
0
0
0
0
0
467
3146
0
0
0
0
0
0
2949
180
0
0
0
0
0
0
1388
663
0
0
0
0
0
0
2989
2822
0
0
0
0
0
0
384
1397
0
0
0
0
0
0
489
3101
0
0
0
0
0
0
2894
188
0
0
0
0
0
0
1455
693
0
0
0
0
0
0
2935
2760
0
0
0
0
0
0
401
1462
0
0
0
0
0
0
513
3056
0
0
0
0
0
0
2837
197
0
0
0
0
0
0
1519
725
0
0
0
0
0
0
2885
2700
0
0
0
0
0
0
419
1530
0
0
0
0
0
0
536
3011
0
0
0
0
0
0
2782
206
0
0
0
0
0
0
1588
757
0
0
0
0
0
0
2832
2639
0
0
0
0
0
0
440
1596
0
0
0
0
0
0
559
2962
0
0
0
0
0
0
2725
215
0
0
0
0
0
0
1654
789
0
0
0
0
0
0
2777
2578
0
0
0
0
0
0
457
1663
0
0
0
0
0
0
583
2916
0
0
0
0
0
0
2668
224
0
0
0
0
0
0
1724
822
0
0
0
0
0
0
2724
2516
0
0
0
0
0
0
475
1730
0
0
0
0
0
0
605
2869
0
0
0
0
0
0
2612
234
0
0
0
0
0
0
1792
855
0
0
0
0
0
0
2670
2453
0
0
0
0
0
0
495
1798
0
0
0
0
0
0
629
2818
0
0
0
0
0
0
2553
241
0
0
0
0
0
0
1862
888
0
0
0
0
0
0
2614
2390
0
0
0
0
0
0
515
1867
0
0
0
0
0
0
653
2771
0
0
0
0
0
0
2495
252
0
0
0
0
0
0
1932
922
0
0
0
0
0
0
2560
2327
0
0
0
0
0
0
534
1937
0
0
0
0
0
0
677
2724
0
0
0
0
0
0
2437
260
0
0
0
0
0
0
2001
954
0
0
0
0
0
0
2505
2263
0
0
0
0
0
0
552
2005
0
0
0
0
0
0
702
2674
0
0
0
0
0
0
2379
271
0
0
0
0
0
0
2072
989
0
0
0
0
0
0
2451
2201
0
0
0
0
0
0
571
2075
0
0
0
0
0
0
727
2626
0
0
0
0
0
0
2321
279
0
0
0
0
0
0
2142
1023
0
0
0
0
0
0
2394
2135
0
0
0
0
0
0
589
2144
0
0
0
0
0
0
751
2578
0
0
0
0
0
0
2262
288
0
0
0
0
0
0
2213
1055
0
0
0
0
0
0
2338
2071
0
0
0
0
0
0
609
2213
0
0
0
0
0
0
775
2529
0
0
0
0
0
0
2204
297
0
0
0
0
0
0
2283
1091
0
0
0
0
0
0
2283
2008
0
0
0
0
0
0
627
2283
0
0
0
0
0
0
799
2480
0
0
0
0
0
0
2145
307
0
0
0
0
0
0
2353
1122
0
0
0
0
0
0
2227
1944
0
0
0
0
0
0
647
2353
0
0
0
0
0
0
824
2430
0
0
0
0
0
0
2086
315
0
0
0
0
0
0
2423
1156
0
0
0
0
0
0
2172
1880
0
0
0
0
0
0
667
2423
0
0
0
0
0
0
848
2382
0
0
0
0
0
0
2027
324
0
0
0
0
0
0
2493
1190
0
0
0
0
0
0
2117
1817
0
0
0
0
0
0
685
2491
0
0
0
0
0
0
873
2334
0
0
0
0
0
0
1970
334
0
0
0
0
0
0
2565
1224
0
0
0
0
0
0
2062
1751
0
0
0
0
0
0
705
2560
0
0
0
0
0
0
896
2285
0
0
0
0
0
0
1911
343
0
0
0
0
0
0
2633
1257
0
0
0
0
0
0
2007
1690
0
0
0
0
0
0
725
2629
0
0
0
0
0
0
919
2237
0
0
0
0
0
0
1854
353
0
0
0
0
0
0
2703
1291
0
0
0
0
0
0
1952
1627
0
0
0
0
0
0
742
2697
0
0
0
0
0
0
944
2190
0
0
0
0
0
0
1795
361
0
0
0
0
0
0
2770
1322
0
0
0
0
0
0
1897
1564
0
0
0
0
0
0
762
2765
0
0
0
0
0
0
968
2143
0
0
0
0
0
0
1739
370
0
0
0
0
0
0
2840
1356
0
0
0
0
0
0
1845
1503
0
0
0
0
0
0
779
2832
0
0
0
0
0
0
991
2095
0
0
0
0
0
0
1683
380
0
0
0
0
0
0
2907
1388
0
0
0
0
0
0
1793
1443
0
0
0
0
0
0
798
2900
0
0
0
0
0
0
1015
2049
0
0
0
0
0
0
1626
389
0
0
0
0
0
0
2973
1420
0
0
0
0
0
0
1740
1382
0
0
0
0
0
0
816
2965
0
0
0
0
0
0
1038
2002
0
0
0
0
0
0
1570
397
0
0
0
0
0
0
3040
1452
0
0
0
0
0
0
1688
1323
0
0
0
0
0
0
835
3030
0
0
0
0
0
0
1061
1957
0
0
0
0
0
0
1517
406
0
0
0
0
0
0
3107
1483
0
0
0
0
0
0
1635
1262
0
0
0
0
0
0
852
3094
0
0
0
0
0
0
1084
1910
0
0
0
0
0
0
1463
415
0
0
0
0
0
0
3172
1514
0
0
0
0
0
0
1585
1204
0
0
0
0
0
0
870
3158
0
0
0
0
0
0
1105
1867
0
0
0
0
0
0
1410
424
0
0
0
0
0
0
3236
1544
0
0
0
0
0
0
1535
1146
0
0
0
0
0
0
888
3221
0
0
0
0
0
0
1127
1823
0
0
0
0
0
0
1357
432
0
0
0
0
0
0
1027
799
0
0
0
0
0
0
1483
1091
0
0
0
0
0
0
904
3282
0
0
0
0
0
0
1120
1797
0
0
0
0
0
0
1305
438
0
0
0
0
0
0
1120
855
0
0
0
0
0
0
1403
1058
0
0
0
0
0
0
1693
1072
0
0
0
0
0
0
375
1995
0
0
0
0
0
0
1256
448
0
0
0
0
0
0
1180
884
0
0
0
0
0
0
1354
1002
0
0
0
0
0
0
1711
1132
0
0
0
0
0
0
395
1951
0
0
0
0
0
0
1206
1227
0
0
0
0
0
0
1224
922
0
0
0
0
0
0
1546
918
0
0
0
0
0
0
1485
1221
0
0
0
0
0
0
415
1140
0
0
0
0
0
0
1174
1227
0
0
0
0
0
0
1281
947
0
0
0
0
0
0
1502
866
0
0
0
0
0
0
1502
1277
0
0
0
0
0
0
435
1098
0
0
0
0
0
0
1126
1236
0
0
0
0
0
0
1338
976
0
0
0
0
0
0
1458
814
0
0
0
0
0
0
1517
1333
0
0
0
0
0
0
454
1060
0
0
0
0
0
0
1080
1242
0
0
0
0
0
0
1394
1003
0
0
0
0
0
0
1414
765
0
0
0
0
0
0
1531
1387
0
0
0
0
0
0
473
1023
0
0
0
0
0
0
1035
1249
0
0
0
0
0
0
1449
1029
0
0
0
0
0
0
599
2986
0
0
0
0
0
0
1571
1419
0
0
0
0
0
0
491
985
0
0
0
0
0
0
1735
990
0
0
0
0
0
0
1500
1052
0
0
0
0
0
0
558
2937
0
0
0
0
0
0
1585
1471
0
0
0
0
0
0
510
950
0
0
0
0
0
0
1693
997
0
0
0
0
0
0
1551
1077
0
0
0
0
0
0
517
2892
0
0
0
0
0
0
1598
1522
0
0
0
0
0
0
526
914
0
0
0
0
0
0
1651
1004
0
0
0
0
0
0
1601
1102
0
0
0
0
0
0
478
2846
0
0
0
0
0
0
1611
1570
0
0
0
0
0
0
544
881
0
0
0
0
0
0
1609
1010
0
0
0
0
0
0
1650
1125
0
0
0
0
0
0
442
2805
0
0
0
0
0
0
1625
1617
0
0
0
0
0
0
560
847
0
0
0
0
0
0
1571
1014
0
0
0
0
0
0
1696
1147
0
0
0
0
0
0
405
2762
0
0
0
0
0
0
1639
1662
0
0
0
0
0
0
576
817
0
0
0
0
0
0
1532
1021
0
0
0
0
0
0
1740
1168
0
0
0
0
0
0
370
2721
0
0
0
0
0
0
1650
1705
0
0
0
0
0
0
591
786
0
0
0
0
0
0
1497
1027
0
0
0
0
0
0
1784
1189
0
0
0
0
0
0
336
2682
0
0
0
0
0
0
1662
1748
0
0
0
0
0
0
605
758
0
0
0
0
0
0
1462
1032
0
0
0
0
0
0
1825
1209
0
0
0
0
0
0
2573
3422
0
0
0
0
0
0
1702
1770
0
0
0
0
0
0
619
730
0
0
0
0
0
0
3727
1795
0
0
0
0
0
0
1866
1227
0
0
0
0
0
0
2544
3385
0
0
0
0
0
0
1713
1806
0
0
0
0
0
0
634
704
0
0
0
0
0
0
3695
1799
0
0
0
0
0
0
1905
1246
0
0
0
0
0
0
2515
3352
0
0
0
0
0
0
1725
1844
0
0
0
0
0
0
645
679
0
0
0
0
0
0
3666
1806
0
0
0
0
0
0
1941
1263
0
0
0
0
0
0
2486
3319
0
0
0
0
0
0
1733
1877
0
0
0
0
0
0
656
654
0
0
0
0
0
0
3637
1809
0
0
0
0
0
0
1974
1277
0
0
0
0
0
0
2460
3290
0
0
0
0
0
0
1742
1910
0
0
0
0
0
0
668
632
0
0
0
0
0
0
3610
1814
0
0
0
0
0
0
2007
1294
0
0
0
0
0
0
2436
3260
0
0
0
0
0
0
1749
1941
0
0
0
0
0
0
681
611
0
0
0
0
0
0
3585
1818
0
0
0
0
0
0
2035
1308
0
0
0
0
0
0
2412
3236
0
0
0
0
0
0
1757
1970
0
0
0
0
0
0
690
590
0
0
0
0
0
0
3561
1822
0
0
0
0
0
0
2063
1321
0
0
0
0
0
0
2391
3210
0
0
0
0
0
0
1766
1996
0
0
0
0
0
0
700
572
0
0
0
0
0
0
3538
1825
0
0
0
0
0
0
2089
1332
0
0
0
0
0
0
2371
3187
0
0
0
0
0
0
1772
2021
0
0
0
0
0
0
707
555
0
0
0
0
0
0
3518
1828
0
0
0
0
0
0
2114
1344
0
0
0
0
0
0
2353
3165
0
0
0
0
0
0
1779
2045
0
0
0
0
0
0
715
539
0
0
0
0
0
0
3500
1830
0
0
0
0
0
0
2135
1356
0
0
0
0
0
0
2336
3146
0
0
0
0
0
0
1785
2064
0
0
0
0
0
0
722
525
0
0
0
0
0
0
3484
1833
0
0
0
0
0
0
2154
1363
0
0
0
0
0
0
2321
3130
0
0
0
0
0
0
1790
2083
0
0
0
0
0
0
729
513
0
0
0
0
0
0
3469
1836
0
0
0
0
0
0
2171
1373
0
0
0
0
0
0
2306
3115
0
0
0
0
0
0
1793
2099
0
0
0
0
0
0
735
502
0
0
0
0
0
0
3457
1838
0
0
0
0
0
0
2186
1380
0
0
0
0
0
0
2296
3100
0
0
0
0
0
0
1798
2112
0
0
0
0
0
0
739
492
0
0
0
0
0
0
3446
1840
0
0
0
0
0
0
2201
1387
0
0
0
0
0
0
2286
3088
0
0
0
0
0
0
1802
2126
0
0
0
0
0
0
745
485
0
0
0
0
0
0
3436
1840
0
0
0
0
0
0
2212
1393
0
0
0
0
0
0
2278
3079
0
0
0
0
0
0
1803
2135
0
0
0
0
0
0
746
477
0
0
0
0
0
0
3428
1840
0
0
0
0
0
0
2221
1397
0
0
0
0
0
0
2271
3073
0
0
0
0
0
0
1805
2142
0
0
0
0
0
0
750
474
0
0
0
0
0
0
3422
1842
0
0
0
0
0
0
2227
1399
0
0
0
0
0
0
2266
3066
0
0
0
0
0
0
1808
2150
0
0
0
0
0
0
752
469
0
0
0
0
0
0
3418
1842
0
0
0
0
0
0
2230
1400
0
0
0
0
0
0
2263
3063
0
0
0
0
0
0
1808
2151
0
0
0
0
0
0
751
468
0
0
0
0
0
0
3417
1842
0
0
0
0
0
0
2230
1400
0
0
0
0
0
0
2263
3063
0
0
0
0
0
0
1808
2151
0
0
0
0
0
0
751
468
0
0
0
0
0
0
3417
1842
0
0
0
0
0
0
2230
1400
0
0
0
0
0
0
2263
3063
0
0
0
0
0
0
1808
2151
0
0
0
0
0
0
751
468
0
0
0
0
0
0
3417
1842
0
0
0
0
0
0
2230
1400
0
0
0
0
0
0
2264
3065
0
0
0
0
0
0
1807
2148
0
0
0
0
0
0
750
472
0
0
0
0
0
0
3422
1843
0
0
0
0
0
0
2225
1398
0
0
0
0
0
0
2269
3070
0
0
0
0
0
0
1805
2142
0
0
0
0
0
0
750
476
0
0
0
0
0
0
3426
1843
0
0
0
0
0
0
2219
1394
0
0
0
0
0
0
2274
3076
0
0
0
0
0
0
1803
2135
0
0
0
0
0
0
745
481
0
0
0
0
0
0
3433
1840
0
0
0
0
0
0
2209
1390
0
0
0
0
0
0
2283
3086
0
0
0
0
0
0
1802
2125
0
0
0
0
0
0
742
487
0
0
0
0
0
0
3443
1839
0
0
0
0
0
0
2198
1386
0
0
0
0
0
0
2292
3096
0
0
0
0
0
0
1797
2112
0
0
0
0
0
0
737
495
0
0
0
0
0
0
3454
1838
0
0
0
0
0
0
2185
1380
0
0
0
0
0
0
2301
3107
0
0
0
0
0
0
1793
2100
0
0
0
0
0
0
731
507
0
0
0
0
0
0
3465
1835
0
0
0
0
0
0
2169
1373
0
0
0
0
0
0
2316
3122
0
0
0
0
0
0
1789
2083
0
0
0
0
0
0
727
518
0
0
0
0
0
0
3481
1834
0
0
0
0
0
0
2152
1363
0
0
0
0
0
0
2329
3139
0
0
0
0
0
0
1783
2064
0
0
0
0
0
0
720
532
0
0
0
0
0
0
3497
1831
0
0
0
0
0
0
2132
1354
0
0
0
0
0
0
2345
3158
0
0
0
0
0
0
1778
2043
0
0
0
0
0
0
713
546
0
0
0
0
0
0
3514
1828
0
0
0
0
0
0
2110
1343
0
0
0
0
0
0
2360
3178
0
0
0
0
0
0
1773
2021
0
0
0
0
0
0
706
562
0
0
0
0
0
0
3533
1823
0
0
0
0
0
0
2085
1331
0
0
0
0
0
0
2381
3200
0
0
0
0
0
0
1766
1997
0
0
0
0
0
0
697
581
0
0
0
0
0
0
3556
1821
0
0
0
0
0
0
2059
1318
0
0
0
0
0
0
2401
3225
0
0
0
0
0
0
1757
1969
0
0
0
0
0
0
687
600
0
0
0
0
0
0
3578
1818
0
0
0
0
0
0
2031
1306
0
0
0
0
0
0
2425
3249
0
0
0
0
0
0
1750
1942
0
0
0
0
0
0
677
620
0
0
0
0
0
0
3603
1814
0
0
0
0
0
0
2002
1292
0
0
0
0
0
0
2449
3278
0
0
0
0
0
0
1741
1911
0
0
0
0
0
0
667
640
0
0
0
0
0
0
3630
1809
0
0
0
0
0
0
1969
1275
0
0
0
0
0
0
2475
3308
0
0
0
0
0
0
1732
1878
0
0
0
0
0
0
655
664
0
0
0
0
0
0
3657
1804
0
0
0
0
0
0
1934
1258
0
0
0
0
0
0
2503
3339
0
0
0
0
0
0
1723
1844
0
0
0
0
0
0
643
689
0
0
0
0
0
0
3687
1799
0
0
0
0
0
0
1897
1242
0
0
0
0
0
0
2531
3372
0
0
0
0
0
0
1712
1806
0
0
0
0
0
0
629
713
0
0
0
0
0
0
3718
1795
0
0
0
0
0
0
1860
1224
0
0
0
0
0
0
2561
3407
0
0
0
0
0
0
1701
1768
0
0
0
0
0
0
616
742
0
0
0
0
0
0
3751
1790
0
0
0
0
0
0
1821
1205
0
0
0
0
0
0
323
2668
0
0
0
0
0
0
1661
1746
0
0
0
0
0
0
602
770
0
0
0
0
0
0
1487
1027
0
0
0
0
0
0
1777
1186
0
0
0
0
0
0
355
2705
0
0
0
0
0
0
1648
1705
0
0
0
0
0
0
587
800
0
0
0
0
0
0
1523
1021
0
0
0
0
0
0
1734
1165
0
0
0
0
0
0
391
2746
0
0
0
0
0
0
1635
1661
0
0
0
0
0
0
572
830
0
0
0
0
0
0
1560
1014
0
0
0
0
0
0
1689
1143
0
0
0
0
0
0
425
2786
0
0
0
0
0
0
1625
1615
0
0
0
0
0
0
556
863
0
0
0
0
0
0
1598
1009
0
0
0
0
0
0
1640
1120
0
0
0
0
0
0
463
2830
0
0
0
0
0
0
1612
1570
0
0
0
0
0
0
539
895
0
0
0
0
0
0
1639
1002
0
0
0
0
0
0
1593
1099
0
0
0
0
0
0
502
2874
0
0
0
0
0
0
1598
1521
0
0
0
0
0
0
523
930
0
0
0
0
0
0
1680
995
0
0
0
0
0
0
1544
1075
0
0
0
0
0
0
541
2919
0
0
0
0
0
0
1584
1470
0
0
0
0
0
0
505
965
0
0
0
0
0
0
1724
989
0
0
0
0
0
0
1492
1050
0
0
0
0
0
0
582
2967
0
0
0
0
0
0
1570
1418
0
0
0
0
0
0
487
1002
0
0
0
0
0
0
1767
982
0
0
0
0
0
0
1439
1025
0
0
0
0
0
0
1397
744
0
0
0
0
0
0
1529
1386
0
0
0
0
0
0
470
1039
0
0
0
0
0
0
1068
1243
0
0
0
0
0
0
1384
998
0
0
0
0
0
0
1439
793
0
0
0
0
0
0
1515
1332
0
0
0
0
0
0
451
1078
0
0
0
0
0
0
1113
1235
0
0
0
0
0
0
1328
971
0
0
0
0
0
0
1485
845
0
0
0
0
0
0
1500
1277
0
0
0
0
0
0
431
1117
0
0
0
0
0
0
1161
1227
0
0
0
0
0
0
1272
943
0
0
0
0
0
0
1529
897
0
0
0
0
0
0
1483
1220
0
0
0
0
0
0
412
1158
0
0
0
0
0
0
1210
1220
0
0
0
0
0
0
1212
916
0
0
0
0
0
0
1576
951
0
0
0
0
0
0
1708
1130
0
0
0
0
0
0
390
1969
0
0
0
0
0
0
1241
446
0
0
0
0
0
0
1171
880
0
0
0
0
0
0
1382
1036
0
0
0
0
0
0
1694
1072
0
0
0
0
0
0
369
2010
0
0
0
0
0
0
1293
438
0
0
0
0
0
0
1111
851
0
0
0
0
0
0
1430
1091
0
0
0
0
0
0
903
3281
0
0
0
0
0
0
1115
1818
0
0
0
0
0
0
1344
431
0
0
0
0
0
0
3287
1569
0
0
0
0
0
0
1513
1123
0
0
0
0
0
0
885
3220
0
0
0
0
0
0
1121
1842
0
0
0
0
0
0
1396
422
0
0
0
0
0
0
3224
1539
0
0
0
0
0
0
1563
1180
0
0
0
0
0
0
868
3158
0
0
0
0
0
0
1100
1887
0
0
0
0
0
0
1448
414
0
0
0
0
0
0
3160
1510
0
0
0
0
0
0
1615
1240
0
0
0
0
0
0
851
3094
0
0
0
0
0
0
1078
1930
0
0
0
0
0
0
1502
405
0
0
0
0
0
0
3095
1478
0
0
0
0
0
0
1667
1298
0
0
0
0
0
0
832
3029
0
0
0
0
0
0
1056
1977
0
0
0
0
0
0
1556
397
0
0
0
0
0
0
3031
1447
0
0
0
0
0
0
1717
1357
0
0
0
0
0
0
814
2963
0
0
0
0
0
0
1032
2024
0
0
0
0
0
0
1613
389
0
0
0
0
0
0
2963
1415
0
0
0
0
0
0
1769
1416
0
0
0
0
0
0
797
2898
0
0
0
0
0
0
1009
2068
0
0
0
0
0
0
1668
380
0
0
0
0
0
0
2897
1383
0
0
0
0
0
0
1824
1478
0
0
0
0
0
0
779
2831
0
0
0
0
0
0
986
2115
0
0
0
0
0
0
1725
370
0
0
0
0
0
0
2828
1350
0
0
0
0
0
0
1876
1539
0
0
0
0
0
0
760
2765
0
0
0
0
0
0
961
2162
0
0
0
0
0
0
1781
360
0
0
0
0
0
0
2761
1318
0
0
0
0
0
0
1931
1602
0
0
0
0
0
0
740
2697
0
0
0
0
0
0
937
2211
0
0
0
0
0
0
1839
352
0
0
0
0
0
0
2693
1285
0
0
0
0
0
0
1986
1664
0
0
0
0
0
0
721
2627
0
0
0
0
0
0
915
2259
0
0
0
0
0
0
1896
343
0
0
0
0
0
0
2621
1253
0
0
0
0
0
0
2039
1727
0
0
0
0
0
0
704
2561
0
0
0
0
0
0
890
2307
0
0
0
0
0
0
1954
335
0
0
0
0
0
0
2552
1218
0
0
0
0
0
0
2094
1789
0
0
0
0
0
0
682
2491
0
0
0
0
0
0
868
2357
0
0
0
0
0
0
2012
325
0
0
0
0
0
0
2482
1185
0
0
0
0
0
0
2149
1853
0
0
0
0
0
0
665
2422
0
0
0
0
0
0
842
2404
0
0
0
0
0
0
2071
316
0
0
0
0
0
0
2413
1150
0
0
0
0
0
0
2204
1918
0
0
0
0
0
0
646
2353
0
0
0
0
0
0
819
2453
0
0
0
0
0
0
2128
306
0
0
0
0
0
0
2342
1118
0
0
0
0
0
0
2259
1981
0
0
0
0
0
0
628
2284
0
0
0
0
0
0
794
2502
0
0
0
0
0
0
2188
296
0
0
0
0
0
0
2271
1083
0
0
0
0
0
0
2316
2045
0
0
0
0
0
0
608
2212
0
0
0
0
0
0
770
2550
0
0
0
0
0
0
2247
287
0
0
0
0
0
0
2201
1050
0
0
0
0
0
0
2372
2109
0
0
0
0
0
0
588
2142
0
0
0
0
0
0
745
2600
0
0
0
0
0
0
2304
279
0
0
0
0
0
0
2129
1016
0
0
0
0
0
0
2426
2172
0
0
0
0
0
0
569
2074
0
0
0
0
0
0
719
2648
0
0
0
0
0
0
2363
269
0
0
0
0
0
0
2061
984
0
0
0
0
0
0
2483
2236
0
0
0
0
0
0
551
2004
0
0
0
0
0
0
696
2697
0
0
0
0
0
0
2422
260
0
0
0
0
0
0
1992
950
0
0
0
0
0
0
2539
2302
0
0
0
0
0
0
531
1935
0
0
0
0
0
0
672
2743
0
0
0
0
0
0
2481
251
0
0
0
0
0
0
1920
915
0
0
0
0
0
0
2593
2364
0
0
0
0
0
0
512
1866
0
0
0
0
0
0
649
2793
0
0
0
0
0
0
2538
241
0
0
0
0
0
0
1849
883
0
0
0
0
0
0
2648
2428
0
0
0
0
0
0
493
1797
0
0
0
0
0
0
624
2841
0
0
0
0
0
0
2597
233
0
0
0
0
0
0
1781
850
0
0
0
0
0
0
2701
2488
0
0
0
0
0
0
474
1729
0
0
0
0
0
0
602
2889
0
0
0
0
0
0
2655
224
0
0
0
0
0
0
1712
818
0
0
0
0
0
0
2754
2551
0
0
0
0
0
0
457
1662
0
0
0
0
0
0
577
2937
0
0
0
0
0
0
2711
215
0
0
0
0
0
0
1644
784
0
0
0
0
0
0
2809
2615
0
0
0
0
0
0
437
1594
0
0
0
0
0
0
552
2984
0
0
0
0
0
0
2767
205
0
0
0
0
0
0
1575
752
0
0
0
0
0
0
2861
2675
0
0
0
0
0
0
419
1528
0
0
0
0
0
0
529
3029
0
0
0
0
0
0
2822
197
0
0
0
0
0
0
1509
720
0
0
0
0
0
0
2916
2736
0
0
0
0
0
0
402
1463
0
0
0
0
0
0
505
3075
0
0
0
0
0
0
2878
188
0
0
0
0
0
0
1442
689
0
0
0
0
0
0
2967
2795
0
0
0
0
0
0
382
1398
0
0
0
0
0
0
484
3122
0
0
0
0
0
0
2933
179
0
0
0
0
0
0
1377
657
0
0
0
0
0
0
3019
2855
0
0
0
0
0
0
365
1333
0
0
0
0
0
0
461
3166
0
0
0
0
0
0
2987
171
0
0
0
0
0
0
1313
626
0
0
0
0
0
0
3069
2914
0
0
0
0
0
0
347
1269
0
0
0
0
0
0
438
3211
0
0
0
0
0
0
3040
162
0
0
0
0
0
0
1248
594
0
0
0
0
0
0
3120
2972
0
0
0
0
0
0
330
1207
0
0
0
0
0
0
417
3255
0
0
0
0
0
0
3092
154
0
0
0
0
0
0
1187
566
0
0
0
0
0
0
3168
3027
0
0
0
0
0
0
312
1145
0
0
0
0
0
0
396
3297
0
0
0
0
0
0
3145
147
0
0
0
0
0
0
1125
537
0
0
0
0
0
0
3217
3084
0
0
0
0
0
0
296
1084
0
0
0
0
0
0
375
3340
0
0
0
0
0
0
3195
138
0
0
0
0
0
0
1065
507
0
0
0
0
0
0
3265
3138
0
0
0
0
0
0
281
1026
0
0
0
0
0
0
354
3381
0
0
0
0
0
0
3246
131
0
0
0
0
0
0
1005
479
0
0
0
0
0
0
3311
3191
0
0
0
0
0
0
264
967
0
0
0
0
0
0
333
3421
0
0
0
0
0
0
3294
123
0
0
0
0
0
0
947
452
0
0
0
0
0
0
3357
3244
0
0
0
0
0
0
248
911
0
0
0
0
0
0
315
3463
0
0
0
0
0
0
3340
115
0
0
0
0
0
0
890
425
0
0
0
0
0
0
3400
3295
0
0
0
0
0
0
232
853
0
0
0
0
0
0
294
3500
0
0
0
0
0
0
3388
108
0
0
0
0
0
0
834
396
0
0
0
0
0
0
3446
3346
0
0
0
0
0
0
218
800
0
0
0
0
0
0
275
3539
0
0
0
0
0
0
3433
101
0
0
0
0
0
0
780
371
0
0
0
0
0
0
3487
3394
0
0
0
0
0
0
203
747
0
0
0
0
0
0
257
3576
0
0
0
0
0
0
3477
93
0
0
0
0
0
0
727
347
0
0
0
0
0
0
3529
3442
0
0
0
0
0
0
188
696
0
0
0
0
0
0
238
3611
0
0
0
0
0
0
3519
86
0
0
0
0
0
0
676
321
0
0
0
0
0
0
3569
3490
0
0
0
0
0
0
178
646
0
0
0
0
0
0
222
3646
0
0
0
0
0
0
3561
81
0
0
0
0
0
0
625
298
0
0
0
0
0
0
3608
3533
0
0
0
0
0
0
162
596
0
0
0
0
0
0
205
3679
0
0
0
0
0
0
3600
73
0
0
0
0
0
0
578
274
0
0
0
0
0
0
3645
3576
0
0
0
0
0
0
151
551
0
0
0
0
0
0
188
3712
0
0
0
0
0
0
3641
68
0
0
0
0
0
0
532
252
0
0
0
0
0
0
3680
3618
0
0
0
0
0
0
136
506
0
0
0
0
0
0
174
3744
0
0
0
0
0
0
3678
61
0
0
0
0
0
0
487
232
0
0
0
0
0
0
3715
3659
0
0
0
0
0
0
126
462
0
0
0
0
0
0
157
3774
0
0
0
0
0
0
3714
56
0
0
0
0
0
0
443
211
0
0
0
0
0
0
3750
3698
0
0
0
0
0
0
114
420
0
0
0
0
0
0
142
3803
0
0
0
0
0
0
3748
49
0
0
0
0
0
0
403
191
0
0
0
0
0
0
3782
3735
0
0
0
0
0
0
102
379
0
0
0
0
0
0
130
3831
0
0
0
0
0
0
3782
45
0
0
0
0
0
0
363
173
0
0
0
0
0
0
3811
3769
0
0
0
0
0
0
92
341
0
0
0
0
0
0
116
3858
0
0
0
0
0
0
3814
41
0
0
0
0
0
0
324
154
0
0
0
0
0
0
3840
3804
0
0
0
0
0
0
82
305
0
0
0
0
0
0
103
3882
0
0
0
0
0
0
3844
36
0
0
0
0
0
0
289
136
0
0
0
0
0
0
3871
3836
0
0
0
0
0
0
73
272
0
0
0
0
0
0
92
3906
0
0
0
0
0
0
3872
32
0
0
0
0
0
0
256
121
0
0
0
0
0
0
3896
3866
0
0
0
0
0
0
64
238
0
0
0
0
0
0
79
3929
0
0
0
0
0
0
3900
26
0
0
0
0
0
0
223
106
0
0
0
0
0
0
3920
3894
0
0
0
0
0
0
55
209
0
0
0
0
0
0
70
3950
0
0
0
0
0
0
3926
24
0
0
0
0
0
0
193
92
0
0
0
0
0
0
3943
3921
0
0
0
0
0
0
47
178
0
0
0
0
0
0
59
3970
0
0
0
0
0
0
3948
20
0
0
0
0
0
0
167
78
0
0
0
0
0
0
3966
3946
0
0
0
0
0
0
39
152
0
0
0
0
0
0
50
3987
0
0
0
0
0
0
3969
16
0
0
0
0
0
0
140
65
0
0
0
0
0
0
3986
3970
0
0
0
0
0
0
33
129
0
0
0
0
0
0
41
4005
0
0
0
0
0
0
3992
14
0
0
0
0
0
0
116
54
0
0
0
0
0
0
4004
3991
0
0
0
0
0
0
27
105
0
0
0
0
0
0
35
4020
0
0
0
0
0
0
4009
11
0
0
0
0
0
0
95
43
0
0
0
0
0
0
4021
4008
0
0
0
0
0
0
21
85
0
0
0
0
0
0
28
4034
0
0
0
0
0
0
4024
8
0
0
0
0
0
0
76
34
0
0
0
0
0
0
4035
4025
0
0
0
0
0
0
16
66
0
0
0
0
0
0
20
4047
0
0
0
0
0
0
4040
4
0
0
0
0
0
0
59
26
0
0
0
0
0
0
4048
4042
0
0
0
0
0
0
13
51
0
0
0
0
0
0
16
4058
0
0
0
0
0
0
4053
2
0
0
0
0
0
0
44
19
0
0
0
0
0
0
4059
4055
0
0
0
0
0
0
8
37
0
0
0
0
0
0
10
4067
0
0
0
0
0
0
4062
1
0
0
0
0
0
0
29
13
0
0
0
0
0
0
4070
4067
0
0
0
0
0
0
4
24
0
0
0
0
0
0
7
4075
0
0
0
0
0
0
4074
0
0
0
0
0
0
0
18
6
0
0
0
0
0
0
4078
4076
0
0
0
0
0
0
2
14
0
0
0
0
0
0
4
4083
0
0
0
0
0
0
4081
4095
0
0
0
0
0
0
9
2
0
0
0
0
0
0
4085
4082
0
0
0
0
0
0
1
8
0
0
0
0
0
0
4095
4087
0
0
0
0
0
0
4087
4094
0
0
0
0
0
0
3
1
0
0
0
0
0
0
4088
4089
0
0
0
0
0
0
4093
0
0
0
0
0
0
0
4095
4091
0
0
0
0
0
0
4091
4094
0
0
0
0
0
0
0
4094
0
0
0
0
0
0
4092
4092
0
0
0
0
0
0
4094
4095
0
0
0
0
0
0
4095
4092
0
0
0
0
0
0
4092
4094
0
0
0
0
0
0
4095
4095
0
0
0
0
0
0
4091
4092
0
0
0
0
0
0
4094
4095
0
0
0
0
0
0
4095
0
0
0
0
0
0
0
0
0
0
0
0
0
0
0
0
0
0
0
0
0
0
0
0
0
0
0
0
0
0
0
0
0
0
0
0
0
0
0
0
0
0
0
0
0
0
0
0
0
0
0
0
0
0
0
0
0
0
0
0
0
0
0
0
0
0
0
0
0
0
0
0
0
0
0
0
0
0
0
0
0
0
0
0
0
0
0
0
0
0
0
0
0
0
0
0
0
0
0
0
0
0
0
0
0
0
0
0
0
0
0
0
0
0
0
0
0
0
0
0
0
0
0
0
0
0
0
0
0
0
0
0
0
0
0
0
0
0
0
0
0
0
0
0
0
0
0
0
0
0
0
0
0
0
0
0
0
0
0
0
0
0
0
0
0
0
0
0
0
0
0
0
0
0
0
0
0
0
0
0
0
0
0
0
0
0
0
0
0
0
0
0
0
0
0
0
0
0
0
0
0
0
0
0
0
0
0
0
0
0
0
0
0
0
0
0
0
0
0
0
0
0
0
0
0
0
0
0
0
0
0
0
0
0
0
0
0
0
0
0
0
0
0
0
0
0
0
0
0
0
0
0
0
0
0
0
0
0
0
0
0
0
0
0
0
0
0
0
0
0
0
0
0
0
0
0
0
0
0
0
0
0
0
0
0
0
0
0
0
0
0
0
0
0
0
0
0
0
0
0
0
0
0
0
0
0
0
0
0
0
0
0
0
0
0
0
0
0
0
0
0
0
0
0
0
0
0
0
0
0
0
0
0
0
0
0
0
0
0
0
0
0
0
0
0
0
0
0
0
0
0
0
0
0
0
0
0
0
0
0
0
0
0
0
0
0
0
0
0
0
0
0
0
0
0
0
0
0
0
0
0
0
0
0
0
0
0
0
0
0
0
0
0
0
0
0
0
0
0
0
0
0
0
0
0
0
0
0
0
0
0
0
0
0
0
0
0
0
0
0
0
0
0
0
0
0
0
0
0
0
0
0
0
0
0
0
0
0
0
0
0
0
0
0
0
0
0
0
0
0
0
0
0
0
0
0
0
0
0
0
0
0
0
0
0
0
0
0
0
0
0
0
0
0
0
0
0
0
0
0
0
0
0
0
0
0
0
0
0
0
0
0
0
0
0
0
0
0
0
0
0
0
0
0
0
0
0
0
0
0
0
0
0
0
0
0
0
0
0
0
0
0
0
0
0
0
0
0
0
0
0
0
0
0
0
0
0
0
0
0
0
0
0
0
0
0
0
0
0
0
0
0
0
0
0
0
0
0
0
0
0
0
0
0
0
0
0
0
0
0
0
0
0
0
0
0
0
0
0
0
0
0
0
0
0
0
0
0
0
0
0
0
0
0
0
0
0
0
0
0
0
0
0
0
0
0
0
0
0
0
0
0
0
0
0
0
0
0
0
0
0
0
0
0
0
0
0
0
0
0
0
0
0
0
0
0
0
0
0
0
0
0
0
0
0
0
0
0
0
0
0
0
0
0
0
0
0
0
0
0
0
0
0
0
0
0
0
0
0
0
0
0
0
0
0
0
0
0
0
0
0
0
0
0
0
0
0
0
0
0
0
0
0
0
0
0
0
0
0
0
0
0
0
0
0
0
0
0
0
0
0
0
0
0
0
0
0
0
0
0
0
0
0
0
0
0
0
0
0
0
0
0
0
0
0
0
0
0
0
0
0
0
0
0
0
0
0
0
0
0
0
0
0
0
0
0
0
0
0
0
0
0
0
0
0
0
0
0
0
0
0
0
0
0
0
0
0
0
0
0
0
0
0
0
0
0
0
0
0
0
0
0
0
0
0
0
0
0
0
0
0
0
0
0
0
0
0
0
0
0
0
0
0
0
0
0
0
0
0
0
0
0
0
0
0
0
0
0
0
0
0
0
0
0
0
0
0
0
0
0
0
0
0
0
0
0
0
0
0
0
0
0
0
0
0
0
0
0
0
0
0
0
0
0
0
0
0
0
0
0
0
0
0
0
0
0
0
0
0
0
0
0
0
0
0
0
0
0
0
0
0
0
0
0
0
0
0
0
0
0
0
0
0
0
0
0
0
0
0
0
0
0
0
0
0
0
0
0
0
0
0
0
0
0
0
0
0
0
0
0
0
0
0
0
0
0
0
0
0
0
0
0
0
0
0
0
0
0
0
0
0
0
0
0
0
0
0
0
0
0
0
0
0
0
0
0
0
0
0
0
0
0
0
0
0
0
0
0
0
0
0
0
0
0
0
0
0
0
0
0
0
0
0
0
0
0
0
0
0
0
0
0
0
0
0
0
0
0
0
0
0
0
0
0
0
0
0
0
0
0
0
0
0
0
0
0
0
0
0
0
0
0
0
0
0
0
0
0
0
0
0
0
0
0
0
0
0
0
0
0
0
0
0
0
0
0
0
0
0
0
0
0
0
0
0
0
0
0
0
0
0
0
0
0
0
0
0
0
0
0
0
0
0
0
0
0
0
0
0
0
0
0
0
0
0
0
0
0
0
0
0
0
0
0
0
0
0
0
0
0
0
0
0
0
0
0
0
0
0
0
0
0
0
0
0
0
0
0
0
0
0
0
0
0
0
0
0
0
0
0
0
0
0
0
0
0
0
0
0
0
0
0
0
0
0
0
0
0
0
0
0
0
0
0
0
0
0
0
0
0
0
0
0
0
0
0
0
0
0
0
0
0
0
0
0
0
0
0
0
0
0
0
0
0
0
0
0
0
0
0
0
0
0
0
0
0
0
0
0
0
0
0
0
0
0
0
0
0
0
0
0
0
0
0
0
0
0
0
0
0
0
0
0
0
0
0
0
0
0
0
0
0
0
0
0
0
0
0
0
0
0
0
0
0
0
0
0
0
0
0
0
0
0
0
0
0
0
0
0
0
0
0
0
0
0
0
0
0
0
0
0
0
0
0
0
0
0
0
0
0
0
0
0
0
0
0
0
0
0
0
0
0
0
0
0
0
0
0
0
0
0
0
0
0
0
0
0
0
0
0
0
0
0
0
0
0
0
0
0
0
0
0
0
0
0
0
0
0
0
0
0
0
0
0
0
0
0
0
0
0
0
0
0
0
0
0
0
0
0
0
0
0
0
0
0
0
0
0
0
0
0
0
0
0
0
0
0
0
0
0
0
0
0
0
0
0
0
0
0
0
0
0
0
0
0
0
0
0
0
0
0
0
0
0
0
0
0
0
0
0
0
0
0
0
0
0
0
0
0
0
0
0
0
0
0
0
0
0
0
0
0
0
0
0
0
0
0
0
0
0
0
0
0
0
0
0
0
0
0
0
0
0
0
0
0
0
0
0
0
0
0
0
0
0
0
0
0
0
0
0
0
0
0
0
0
0
0
0
0
0
0
0
0
0
0
0
0
0
0
0
0
0
0
0
0
0
0
0
0
0
0
0
0
0
0
0
0
0
0
0
0
0
0
0
0
0
0
0
0
0
0
0
0
0
0
0
0
0
0
0
0
0
0
0
0
0
0
0
0
0
0
0
0
0
0
0
0
0
0
0
0
0
0
0
0
0
0
0
0
0
0
0
0
0
0
0
0
0
0
0
0
0
0
0
0
0
0
0
0
0
0
0
0
0
0
0
0
0
0
0
0
0
0
0
0
0
0
0
0
0
0
0
0
0
0
0
0
0
0
0
0
0
0
0
0
0
0
0
0
0
0
0
0
0
0
0
0
0
0
0
0
0
0
0
0
0
0
0
0
0
0
0
0
0
0
0
0
0
0
0
0
0
0
0
0
0
0
0
0
0
0
0
0
0
0
0
0
0
0
0
0
0
0
0
0
0
0
0
0
0
0
0
0
0
0
0
0
0
0
0
0
0
0
0
0
0
0
0
0
0
0
0
0
0
0
0
0
0
0
0
0
0
0
0
0
0
0
0
0
0
0
0
0
0
0
0
0
0
0
0
0
0
0
0
0
0
0
0
0
0
0
0
0
0
0
0
0
0
0
0
0
0
0
0
0
0
0
0
0
0
0
0
0
0
0
0
0
0
0
0
0
0
0
0
0
0
0
0
0
0
0
0
0
0
0
0
0
0
0
0
0
0
0
0
0
0
0
0
0
0
0
0
0
0
0
0
0
0
0
0
0
0
0
0
0
0
0
0
0
0
0
0
0
0
0
0
0
0
0
0
0
0
0
0
0
0
0
0
0
0
0
0
0
0
0
0
0
0
0
0
0
0
0
0
0
0
0
0
0
0
0
0
0
0
0
0
0
0
0
0
0
0
0
0
0
0
0
0
0
0
0
0
0
0
0
0
0
0
0
0
0
0
0
0
0
0
0
0
0
0
0
0
0
0
0
0
0
0
0
0
0
0
0
0
0
0
0
0
0
0
0
0
0
0
0
0
0
0
0
0
0
0
0
0
0
0
0
0
0
0
0
0
0
0
0
0
0
0
0
0
0
0
0
0
0
0
0
0
0
0
0
0
0
0
0
0
0
0
0
0
0
0
0
0
0
0
0
0
0
0
0
0
0
0
0
0
0
0
0
0
0
0
0
0
0
0
0
0
0
0
0
0
0
0
0
0
0
0
0
0
0
0
0
0
0
0
0
0
0
0
0
0
0
0
0
0
0
0
0
0
0
0
0
0
0
0
0
0
0
0
0
0
0
0
0
0
0
0
0
0
0
0
0
0
0
0
0
0
0
0
0
0
0
0
0
0
0
0
0
0
0
0
0
0
0
0
0
0
0
0
0
0
0
0
0
0
0
0
0
0
0
0
0
0
0
0
0
0
0
0
0
0
0
0
0
0
0
0
0
0
0
0
0
0
0
0
0
0
0
0
0
0
0
0
0
0
0
0
0
0
0
0
0
0
0
0
0
0
0
0
0
0
0
0
0
0
0
0
0
0
0
0
0
0
0
0
0
0
0
0
0
0
0
0
0
0
0
0
0
0
0
0
0
0
0
0
0
0
0
0
0
0
0
0
0
0
0
0
0
0
0
0
0
0
0
0
0
0
0
0
0
0
0
0
0
0
0
0
0
0
0
0
0
0
0
0
0
0
0
0
0
0
0
0
0
0
0
0
0
0
0
0
0
0
0
0
0
0
0
0
0
0
0
0
0
0
0
0
0
0
0
0
0
0
0
0
0
0
0
0
0
0
0
0
0
0
0
0
0
0
0
0
0
0
0
0
0
0
0
0
0
0
0
0
0
0
0
0
0
0
0
0
0
0
0
0
0
0
0
0
0
0
0
0
0
0
0
0
0
0
0
0
0
0
0
0
0
0
0
0
0
0
0
0
0
0
0
0
0
0
0
0
0
0
0
0
0
0
0
0
0
0
0
0
0
0
0
0
0
0
0
0
0
0
0
0
0
0
0
0
0
0
0
0
0
0
0
0
0
0
0
0
0
0
0
0
0
0
0
0
0
0
0
0
0
0
0
0
0
0
0
0
0
0
0
0
0
0
0
0
0
0
0
0
0
0
0
0
0
0
0
0
0
0
0
0
0
0
0
0
0
0
0
0
0
0
0
0
0
0
0
0
0
0
0
0
0
0
0
0
0
0
0
0
0
0
0
0
0
0
0
0
0
0
0
0
0
0
0
0
0
0
0
0
0
0
0
0
0
0
0
0
0
0
0
0
0
0
0
0
0
0
0
0
0
0
0
0
0
0
0
0
0
0
0
0
0
0
0
0
0
0
0
0
0
0
0
0
0
0
0
0
0
0
0
0
0
0
0
0
0
0
0
0
0
0
0
0
0
0
0
0
0
0
0
0
0
0
0
0
0
0
0
0
0
0
0
0
0
0
0
0
0
0
0
0
0
0
0
0
0
0
0
0
0
0
0
0
0
0
0
0
0
0
0
0
0
0
0
0
0
0
0
0
0
0
0
0
0
0
0
0
0
0
0
0
0
0
0
0
0
0
0
0
0
0
0
0
0
0
0
0
0
0
0
0
0
0
0
0
0
0
0
0
0
0
0
0
0
0
0
0
0
0
0
0
0
0
0
0
0
0
0
0
0
0
0
0
0
0
0
0
0
0
0
0
0
0
0
0
0
0
0
0
0
0
0
0
0
0
0
0
0
0
0
0
0
0
0
0
0
0
0
0
0
0
0
0
0
0
0
0
0
0
0
0
0
0
0
0
0
0
0
0
0
0
0
0
0
0
0
0
0
0
0
0
0
0
0
0
0
0
0
0
0
0
0
0
0
0
0
0
0
0
0
0
0
0
0
0
0
0
0
0
0
0
0
0
0
0
0
0
0
0
0
0
0
0
0
0
0
0
0
0
0
0
0
0
0
0
0
0
0
0
0
0
0
0
0
0
0
0
0
0
0
0
0
0
0
0
0
0
0
0
0
0
0
0
0
0
0
0
0
0
0
0
0
0
0
0
0
0
0
0
0
0
0
0
0
0
0
0
0
0
0
0
0
0
0
0
0
0
0
0
0
0
0
0
0
0
0
0
0
0
0
0
0
0
0
0
0
0
0
0
0
0
0
0
0
0
0
0
0
0
0
0
0
0
0
0
0
0
0
0
0
0
0
0
0
0
0
0
0
0
0
0
0
0
0
0
0
0
0
0
0
0
0
0
0
0
0
0
0
0
0
0
0
0
0
0
0
0
0
0
0
0
0
0
0
0
0
0
0
0
0
0
0
0
0
0
0
0
0
0
0
0
0
0
0
0
0
0
0
0
0
0
0
0
0
0
0
0
0
0
0
0
0
0
0
0
0
0
0
0
0
0
0
0
0
0
0
0
0
0
0
0
0
0
0
0
0
0
0
0
0
0
0
0
0
0
0
0
0
0
0
0
0
0
0
0
0
0
0
0
0
0
0
0
0
0
0
0
0
0
0
0
0
0
0
0
0
0
0
0
0
0
0
0
0
0
0
0
0
0
0
0
0
0
0
0
0
0
0
0
0
0
0
0
0
0
0
0
0
0
0
0
0
0
0
0
0
0
0
0
0
0
0
0
0
0
0
0
0
0
0
0
0
0
0
0
0
0
0
0
0
0
0
0
0
0
0
0
0
0
0
0
0
0
0
0
0
0
0
0
0
0
0
0
0
0
0
0
0
0
0
0
0
0
0
0
0
0
0
0
0
0
0
0
0
0
0
0
0
0
0
0
0
0
0
0
0
0
0
0
0
0
0
0
0
0
0
0
0
0
0
0
0
0
0
0
0
0
0
0
0
0
0
0
0
0
0
0
0
0
0
0
0
0
0
0
0
0
0
0
0
0
0
0
0
0
0
0
0
0
0
0
0
0
0
0
0
0
0
0
0
0
0
0
0
0
0
0
0
0
0
0
0
0
0
0
0
0
0
0
0
0
0
0
0
0
0
0
0
0
0
0
0
0
0
0
0
0
0
0
0
0
0
0
0
0
0
0
0
0
0
0
0
0
0
0
0
0
0
0
0
0
0
0
0
0
0
0
0
0
0
0
0
0
0
0
0
0
0
0
0
0
0
0
0
0
0
0
0
0
0
0
0
0
0
0
0
0
0
0
0
0
0
0
0
0
0
0
0
0
0
0
0
0
0
0
0
0
0
0
0
0
0
0
0
0
0
0
0
0
0
0
0
0
0
0
0
0
0
0
0
0
0
0
0
0
0
0
0
0
0
0
0
0
0
0
0
0
0
0
0
0
0
0
0
0
0
0
0
0
0
0
0
0
0
0
0
0
0
0
0
0
0
0
0
0
0
0
0
0
0
0
0
0
0
0
0
0
0
0
0
0
0
0
0
0
0
0
0
0
0
0
0
0
0
0
0
0
0
0
0
0
0
0
0
0
0
0
0
0
0
0
0
0
0
0
0
0
0
0
0
0
0
0
0
0
0
0
0
0
0
0
0
0
0
0
0
0
0
0
0
0
0
0
0
0
0
0
0
0
0
0
0
0
0
0
0
0
0
0
0
0
0
0
0
0
0
0
0
0
0
0
0
0
0
0
0
0
0
0
0
0
0
0
0
0
0
0
0
0
0
0
0
0
0
0
0
0
0
0
0
0
0
0
0
0
0
0
0
0
0
0
0
0
0
0
0
0
0
0
0
0
0
0
0
0
0
0
0
0
0
0
0
0
0
0
0
0
0
0
0
0
0
0
0
0
0
0
0
0
0
0
0
0
0
0
0
0
0
0
0
0
0
0
0
0
0
0
0
0
0
0
0
0
0
0
0
0
0
0
0
0
0
0
0
0
0
0
0
0
0
0
0
0
0
0
0
0
0
0
0
0
0
0
0
0
0
0
0
0
0
0
0
0
0
0
0
0
0
0
0
0
0
0
0
0
0
0
0
0
0
0
0
0
0
0
0
0
0
0
0
0
0
0
0
0
0
0
0
0
0
0
0
0
0
0
0
0
0
0
0
0
0
0
0
0
0
0
0
0
0
0
0
0
0
0
0
0
0
0
0
0
0
0
0
0
0
0
0
0
0
0
0
0
0
0
0
0
0
0
0
0
0
0
0
0
0
0
0
0
0
0
0
0
0
0
0
0
0
0
0
0
0
0
0
0
0
0
0
0
0
0
0
0
0
0
0
0
0
0
0
0
0
0
0
0
0
0
0
0
0
0
0
0
0
0
0
0
0
0
0
0
0
0
0
0
0
0
0
0
0
0
0
0
0
0
0
0
0
0
0
0
0
0
0
0
0
0
0
0
0
0
0
0
0
0
0
0
0
0
0
0
0
0
0
0
0
0
0
0
0
0
0
0
0
0
0
0
0
0
0
0
0
0
0
0
0
0
0
0
0
0
0
0
0
0
0
0
0
0
0
0
0
0
0
0
0
0
0
0
0
0
0
0
0
0
0
0
0
0
0
0
0
0
0
0
0
0
0
0
0
0
0
0
0
0
0
0
0
0
0
0
0
0
0
0
0
0
0
0
0
0
0
0
0
0
0
0
0
0
0
0
0
0
0
0
0
0
0
0
0
0
0
0
0
0
0
0
0
0
0
0
0
0
0
0
0
0
0
0
0
0
0
0
0
0
0
0
0
0
0
0
0
0
0
0
0
0
0
0
0
0
0
0
0
0
0
0
0
0
0
0
0
0
0
0
0
0
0
0
0
0
0
0
0
0
0
0
0
0
0
0
0
0
0
0
0
0
0
0
0
0
0
0
0
0
0
0
0
0
0
0
0
0
0
0
0
0
0
0
0
0
0
0
0
0
0
0
0
0
0
0
0
0
0
0
0
0
0
0
0
0
0
0
0
0
0
0
0
0
0
0
0
0
0
0
0
0
0
0
0
0
0
0
0
0
0
0
0
0
0
0
0
0
0
0
0
0
0
0
0
0
0
0
0
0
0
0
0
0
0
0
0
0
0
0
0
0
0
0
0
0
0
0
0
0
0
0
0
0
0
0
0
0
0
0
0
0
0
0
0
0
0
0
0
0
0
0
0
0
0
0
0
0
0
0
0
0
0
0
0
0
0
0
0
0
0
0
0
0
0
0
0
0
0
0
0
0
0
0
0
0
0
0
0
0
0
0
0
0
0
0
0
0
0
0
0
0
0
0
0
0
0
0
0
0
0
0
0
0
0
0
0
0
0
0
0
0
0
0
0
0
0
0
0
0
0
0
0
0
0
0
0
0
0
0
0
0
0
0
0
0
0
0
0
0
0
0
0
0
0
0
0
0
0
0
0
0
0
0
0
0
0
0
0
0
0
0
0
0
0
0
0
0
0
0
0
0
0
0
0
0
0
0
0
0
0
0
0
0
0
0
0
0
0
0
0
0
0
0
0
0
0
0
0
0
0
0
0
0
0
0
0
0
0
0
0
0
0
0
0
0
0
0
0
0
0
0
0
0
0
0
0
0
0
0
0
0
0
0
0
0
0
0
0
0
0
0
0
0
0
0
0
0
0
0
0
0
0
0
0
0
0
0
0
0
0
0
0
0
0
0
0
0
0
0
0
0
0
0
0
0
0
0
0
0
0
0
0
0
0
0
0
0
0
0
0
0
0
0
0
0
0
0
0
0
0
0
0
0
0
0
0
0
0
0
0
0
0
0
0
0
0
0
0
0
0
0
0
0
0
0
0
0
0
0
0
0
0
0
0
0
0
0
0
0
0
0
0
0
0
0
0
0
0
0
0
0
0
0
0
0
0
0
0
0
0
0
0
0
0
0
0
0
0
0
0
0
0
0
0
0
0
0
0
0
0
0
0
0
0
0
0
0
0
0
0
0
0
0
0
0
0
0
0
0
0
0
0
0
0
0
0
0
0
0
0
0
0
0
0
0
0
0
0
0
0
0
0
0
0
0
0
0
0
0
0
0
0
0
0
0
0
0
0
0
0
0
0
0
0
0
0
0
0
0
0
0
0
0
0
0
0
0
0
0
0
0
0
0
0
0
0
0
0
0
0
0
0
0
0
0
0
0
0
0
0
0
0
0
0
0
0
0
0
0
0
0
0
0
0
0
0
0
0
0
0
0
0
0
0
0
0
0
0
0
0
0
0
0
0
0
0
0
0
0
0
0
0
0
0
0
0
0
0
0
0
0
0
0
0
0
0
0
0
0
0
0
0
0
0
0
0
0
0
0
0
0
0
0
0
0
0
0
0
0
0
0
0
0
0
0
0
0
0
0
0
0
0
0
0
0
0
0
0
0
0
0
0
0
0
0
0
0
0
0
0
0
0
0
0
0
0
0
0
0
0
0
0
0
0
0
0
0
0
0
0
0
0
0
0
0
0
0
0
0
0
0
0
0
0
0
0
0
0
0
0
0
0
0
0
0
0
0
0
0
0
0
0
0
0
0
0
0
0
0
0
0
0
0
0
0
0
0
0
0
0
0
0
0
0
0
0
0
0
0
0
0
0
0
0
0
0
0
0
0
0
0
0
0
0
0
0
0
0
0
0
0
0
0
0
0
0
0
0
0
0
0
0
0
0
0
0
0
0
0
0
0
0
0
0
0
0
0
0
0
0
0
0
0
0
0
0
0
0
0
0
0
0
0
0
0
0
0
0
0
0
0
0
0
0
0
0
0
0
0
0
0
0
0
0
0
0
0
0
0
0
0
0
0
0
0
0
0
0
0
0
0
0
0
0
0
0
0
0
0
0
0
0
0
0
0
0
0
0
0
0
0
0
0
0
0
0
0
0
0
0
0
0
0
0
0
0
0
0
0
0
0
0
0
0
0
0
0
0
0
0
0
0
0
0
0
0
0
0
0
0
0
0
0
0
0
0
0
0
0
0
0
0
0
0
0
0
0
0
0
0
0
0
0
0
0
0
0
0
0
0
0
0
0
0
0
0
0
0
0
0
0
0
0
0
0
0
0
0
0
0
0
0
0
0
0
0
0
0
0
0
0
0
0
0
0
0
0
0
0
0
0
0
0
0
0
0
0
0
0
0
0
0
0
0
0
0
0
0
0
0
0
0
0
0
0
0
0
0
0
0
0
0
0
0
0
0
0
0
0
0
0
0
0
0
0
0
0
0
0
0
0
0
0
0
0
0
0
0
0
0
0
0
0
0
0
0
0
0
0
0
0
0
0
0
0
0
0
0
0
0
0
0
0
0
0
0
0
0
0
0
0
0
0
0
0
0
0
0
0
0
0
0
0
0
0
0
0
0
0
0
0
0
0
0
0
0
0
0
0
0
0
0
0
0
0
0
0
0
0
0
0
0
0
0
0
0
0
0
0
0
0
0
0
0
0
0
0
0
0
0
0
0
0
0
0
0
0
0
0
0
0
0
0
0
0
0
0
0
0
0
0
0
0
0
0
0
0
0
0
0
0
0
0
0
0
0
0
0
0
0
0
0
0
0
0
0
0
0
0
0
0
0
0
0
0
0
0
0
0
0
0
0
0
0
0
0
0
0
0
0
0
0
0
0
0
0
0
0
0
0
0
0
0
0
0
0
0
0
0
0
0
0
0
0
0
0
0
0
0
0
0
0
0
0
0
0
0
0
0
0
0
0
0
0
0
0
0
0
0
0
0
0
0
0
0
0
0
0
0
0
0
0
0
0
0
0
0
0
0
0
0
0
0
0
0
0
0
0
0
0
0
0
0
0
0
0
0
0
0
0
0
0
0
0
0
0
0
0
0
0
0
0
0
0
0
0
0
0
0
0
0
0
0
0
0
0
0
0
0
0
0
0
0
0
0
0
0
0
0
0
0
0
0
0
0
0
0
0
0
0
0
0
0
0
0
0
0
0
0
0
0
0
0
0
0
0
0
0
0
0
0
0
0
0
0
0
0
0
0
0
0
0
0
0
0
0
0
0
0
0
0
0
0
0
0
0
0
0
0
0
0
0
0
0
0
0
0
0
0
0
0
0
0
0
0
0
0
0
0
0
0
0
0
0
0
0
0
0
0
0
0
0
0
0
0
0
0
0
0
0
0
0
0
0
0
0
0
0
0
0
0
0
0
0
0
0
0
0
0
0
0
0
0
0
0
0
0
0
0
0
0
0
0
0
0
0
0
0
0
0
0
0
0
0
0
0
0
0
0
0
0
0
0
0
0
0
0
0
0
0
0
0
0
0
0
0
0
0
0
0
0
0
0
0
0
0
0
0
0
0
0
0
0
0
0
0
0
0
0
0
0
0
0
0
0
0
0
0
0
0
0
0
0
0
0
0
0
0
0
0
0
0
0
0
0
0
0
0
0
0
0
0
0
0
0
0
0
0
0
0
0
0
0
0
0
0
0
0
0
0
0
0
0
0
0
0
0
0
0
0
0
0
0
0
0
0
0
0
0
0
0
0
0
0
0
0
0
0
0
0
0
0
0
0
0
0
0
0
0
0
0
0
0
0
0
0
0
0
0
0
0
0
0
0
0
0
0
0
0
0
0
0
0
0
0
0
0
0
0
0
0
0
0
0
0
0
0
0
0
0
0
0
0
0
0
0
0
0
0
0
0
0
0
0
0
0
0
0
0
0
0
0
0
0
0
0
0
0
0
0
0
0
0
0
0
0
0
0
0
0
0
0
0
0
0
0
0
0
0
0
0
0
0
0
0
0
0
0
0
0
0
0
0
0
0
0
0
0
0
0
0
0
0
0
0
0
0
0
0
0
0
0
0
0
0
0
0
0
0
0
0
0
0
0
0
0
0
0
0
0
0
0
0
0
0
0
0
0
0
0
0
0
0
0
0
0
0
0
0
0
0
0
0
0
0
0
0
0
0
0
0
0
0
0
0
0
0
0
0
0
0
0
0
0
0
0
0
0
0
0
0
0
0
0
0
0
0
0
0
0
0
0
0
0
0
0
0
0
0
0
0
0
0
0
0
0
0
0
0
0
0
0
0
0
0
0
0
0
0
0
0
0
0
0
0
0
0
0
0
0
0
0
0
0
0
0
0
0
0
0
0
0
0
0
0
0
0
0
0
0
0
0
0
0
0
0
0
0
0
0
0
0
0
0
0
0
0
0
0
0
0
0
0
0
0
0
0
0
0
0
0
0
0
0
0
0
0
0
0
0
0
0
0
0
0
0
0
0
0
0
0
0
0
0
0
0
0
0
0
0
0
0
0
0
0
0
0
0
0
0
0
0
0
0
0
0
0
0
0
0
0
0
0
0
0
0
0
0
0
0
0
0
0
0
0
0
0
0
0
0
0
0
0
0
0
0
0
0
0
0
0
0
0
0
0
0
0
0
0
0
0
0
0
0
0
0
0
0
0
0
0
0
0
0
0
0
0
0
0
0
0
0
0
0
0
0
0
0
0
0
0
0
0
0
0
0
0
0
0
0
0
0
0
0
0
0
0
0
0
0
0
0
0
0
0
0
0
0
0
0
0
0
0
0
0
0
0
0
0
0
0
0
0
0
0
0
0
0
0
0
0
0
0
0
0
0
0
0
0
0
0
0
0
0
0
0
0
0
0
0
0
0
0
0
0
0
0
0
0
0
0
0
0
0
0
0
0
0
0
0
0
0
0
0
0
0
0
0
0
0
0
0
0
0
0
0
0
0
0
0
0
0
0
0
0
0
0
0
0
0
0
0
0
0
0
0
0
0
0
0
0
0
0
0
0
0
0
0
0
0
0
0
0
0
0
0
0
0
0
0
0
0
0
0
0
0
0
0
0
0
0
0
0
0
0
0
0
0
0
0
0
0
0
0
0
0
0
0
0
0
0
0
0
0
0
0
0
0
0
0
0
0
0
0
0
0
0
0
0
0
0
0
0
0
0
0
0
0
0
0
0
0
0
0
0
0
0
0
0
0
0
0
0
0
0
0
0
0
0
0
0
0
0
0
0
0
0
0
0
0
0
0
0
0
0
0
0
0
0
0
0
0
0
0
0
0
0
0
0
0
0
0
0
0
0
0
0
0
0
0
0
0
0
0
0
0
0
0
0
0
0
0
0
0
0
0
0
0
0
0
0
0
0
0
0
0
0
0
0
0
0
0
0
0
0
0
0
0
0
0
0
0
0
0
0
0
0
0
0
0
0
0
0
0
0
0
0
0
0
0
0
0
0
0
0
0
0
0
0
0
0
0
0
0
0
0
0
0
0
0
0
0
0
0
0
0
0
0
0
0
0
0
0
0
0
0
0
0
0
0
0
0
0
0
0
0
0
0
0
0
0
0
0
0
0
0
0
0
0
0
0
0
0
0
0
0
0
0
0
0
0
0
0
0
0
0
0
0
0
0
0
0
0
0
0
0
0
0
0
0
0
0
0
0
0
0
0
0
0
0
0
0
0
0
0
0
0
0
0
0
0
0
0
0
0
0
0
0
0
0
0
0
0
0
0
0
0
0
0
0
0
0
0
0
0
0
0
0
0
0
0
0
0
0
0
0
0
0
0
0
0
0
0
0
0
0
0
0
0
0
0
0
0
0
0
0
0
0
0
0
0
0
0
0
0
0
0
0
0
0
0
0
0
0
0
0
0
0
0
0
0
0
0
0
0
0
0
0
0
0
0
0
0
0
0
0
0
0
0
0
0
0
0
0
0
0
0
0
0
0
0
0
0
0
0
0
0
0
0
0
0
0
0
0
0
0
0
0
0
0
0
0
0
0
0
0
0
0
0
0
0
0
0
0
0
0
0
0
0
0
0
0
0
0
0
0
0
0
0
0
0
0
0
0
0
0
0
0
0
0
0
0
0
0
0
0
0
0
0
0
0
0
0
0
0
0
0
0
0
0
0
0
0
0
0
0
0
0
0
0
0
0
0
0
0
0
0
0
0
0
0
0
0
0
0
0
0
0
0
0
0
0
0
0
0
0
0
0
0
0
0
0
0
0
0
0
0
0
0
0
0
0
0
0
0
0
0
0
0
0
0
0
0
0
0
0
0
0
0
0
0
0
0
0
0
0
0
0
0
0
0
0
0
0
0
0
0
0
0
0
0
0
0
0
0
0
0
0
0
0
0
0
0
0
0
0
0
0
0
0
0
0
0
0
0
0
0
0
0
0
0
0
0
0
0
0
0
0
0
0
0
0
0
0
0
0
0
0
0
0
0
0
0
0
0
0
0
0
0
0
0
0
0
0
0
0
0
0
0
0
0
0
0
0
0
0
0
0
0
0
0
0
0
0
0
0
0
0
0
0
0
0
0
0
0
0
0
0
0
0
0
0
0
0
0
0
0
0
0
0
0
0
0
0
0
0
0
0
0
0
0
0
0
0
0
0
0
0
0
0
0
0
0
0
0
0
0
0
0
0
0
0
0
0
0
0
0
0
0
0
0
0
0
0
0
0
0
0
0
0
0
0
0
0
0
0
0
0
0
0
0
0
0
0
0
0
0
0
0
0
0
0
0
0
0
0
0
0
0
0
0
0
0
0
0
0
0
0
0
0
0
0
0
0
0
0
0
0
0
0
0
0
0
0
0
0
0
0
0
0
0
0
0
0
0
0
0
0
0
0
0
0
0
0
0
0
0
0
0
0
0
0
0
0
0
0
0
0
0
0
0
0
0
0
0
0
0
0
0
0
0
0
0
0
0
0
0
0
0
0
0
0
0
0
0
0
0
0
0
0
0
0
0
0
0
0
0
0
0
0
0
0
0
0
0
0
0
0
0
0
0
0
0
0
0
0
0
0
0
0
0
0
0
0
0
0
0
0
0
0
0
0
0
0
0
0
0
0
0
0
0
0
0
0
0
0
0
0
0
0
0
0
0
0
0
0
0
0
0
0
0
0
0
0
0
0
0
0
0
0
0
0
0
0
0
0
0
0
0
0
0
0
0
0
0
0
0
0
0
0
0
0
0
0
0
0
0
0
0
0
0
0
0
0
0
0
0
0
0
0
0
0
0
0
0
0
0
0
0
0
0
0
0
0
0
0
0
0
0
0
0
0
0
0
0
0
0
0
0
0
0
0
0
0
0
0
0
0
0
0
0
0
0
0
0
0
0
0
0
0
0
0
0
0
0
0
0
0
0
0
0
0
0
0
0
0
0
0
0
0
0
0
0
0
0
0
0
0
0
0
0
0
0
0
0
0
0
0
0
0
0
0
0
0
0
0
0
0
0
0
0
0
0
0
0
0
0
0
0
0
0
0
0
0
0
0
0
0
0
0
0
0
0
0
0
0
0
0
0
0
0
0
0
0
0
0
0
0
0
0
0
0
0
0
0
0
0
0
0
0
0
0
0
0
0
0
0
0
0
0
0
0
0
0
0
0
0
0
0
0
0
0
0
0
0
0
0
0
0
0
0
0
0
0
0
0
0
0
0
0
0
0
0
0
0
0
0
0
0
0
0
0
0
0
0
0
0
0
0
0
0
0
0
0
0
0
0
0
0
0
0
0
0
0
0
0
0
0
0
0
0
0
0
0
0
0
0
0
0
0
0
0
0
0
0
0
0
0
0
0
0
0
0
0
0
0
0
0
0
0
0
0
0
0
0
0
0
0
0
0
0
0
0
0
0
0
0
0
0
0
0
0
0
0
0
0
0
0
0
0
0
0
0
0
0
0
0
0
0
0
0
0
0
0
0
0
0
0
0
0
0
0
0
0
0
0
0
0
0
0
0
0
0
0
0
0
0
0
0
0
0
0
0
0
0
0
0
0
0
0
0
0
0
0
0
0
0
0
0
0
0
0
0
0
0
0
0
0
0
0
0
0
0
0
0
0
0
0
0
0
0
0
0
0
0
0
0
0
0
0
0
0
0
0
0
0
0
0
0
0
0
0
0
0
0
0
0
0
0
0
0
0
0
0
0
0
0
0
0
0
0
0
0
0
0
0
0
0
0
0
0
0
0
0
0
0
0
0
0
0
0
0
0
0
0
0
0
0
0
0
0
0
0
0
0
0
0
0
0
0
0
0
0
0
0
0
0
0
0
0
0
0
0
0
0
0
0
0
0
0
0
0
0
0
0
0
0
0
0
0
0
0
0
0
0
0
0
0
0
0
0
0
0
0
0
0
0
0
0
0
0
0
0
0
0
0
0
0
0
0
0
0
0
0
0
0
0
0
0
0
0
0
0
0
0
0
0
0
0
0
0
0
0
0
0
0
0
0
0
0
0
0
0
0
0
0
0
0
0
0
0
0
0
0
0
0
0
0
0
0
0
0
0
0
0
0
0
0
0
0
0
0
0
0
0
0
0
0
0
0
0
0
0
0
0
0
0
0
0
0
0
0
0
0
0
0
0
0
0
0
0
0
0
0
0
0
0
0
0
0
0
0
0
0
0
0
0
0
0
0
0
0
0
0
0
0
0
0
0
0
0
0
0
0
0
0
0
0
0
0
0
0
0
0
0
0
0
0
0
0
0
0
0
0
0
0
0
0
0
0
0
0
0
0
0
0
0
0
0
0
0
0
0
0
0
0
0
0
0
0
0
0
0
0
0
0
