2399
3943
0
0
0
0
0
0
154
1674
0
0
0
0
0
0
2403
3943
0
0
0
0
0
0
154
1670
0
0
0
0
0
0
153
3943
0
0
0
0
0
0
2410
1666
0
0
0
0
0
0
153
3944
0
0
0
0
0
0
2414
1663
0
0
0
0
0
0
153
3944
0
0
0
0
0
0
2417
1659
0
0
0
0
0
0
152
3944
0
0
0
0
0
0
2421
1656
0
0
0
0
0
0
152
3945
0
0
0
0
0
0
2424
1652
0
0
0
0
0
0
152
3945
0
0
0
0
0
0
2428
1649
0
0
0
0
0
0
151
3945
0
0
0
0
0
0
2431
1645
0
0
0
0
0
0
151
3946
0
0
0
0
0
0
2435
1642
0
0
0
0
0
0
151
3946
0
0
0
0
0
0
2438
1638
0
0
0
0
0
0
150
3946
0
0
0
0
0
0
2441
1632
0
0
0
0
0
0
174
3916
0
0
0
0
0
0
2449
1620
0
0
0
0
0
0
164
3923
0
0
0
0
0
0
2436
1631
0
0
0
0
0
0
143
3944
0
0
0
0
0
0
2416
1650
0
0
0
0
0
0
115
3970
0
0
0
0
0
0
2394
1670
0
0
0
0
0
0
81
4002
0
0
0
0
0
0
2356
1706
0
0
0
0
0
0
41
4040
0
0
0
0
0
0
2307
1751
0
0
0
0
0
0
4092
4079
0
0
0
0
0
0
2259
1790
0
0
0
0
0
0
4044
19
0
0
0
0
0
0
2215
1822
0
0
0
0
0
0
3980
70
0
0
0
0
0
0
2147
1877
0
0
0
0
0
0
3892
149
0
0
0
0
0
0
2048
1968
0
0
0
0
0
0
3796
234
0
0
0
0
0
0
1960
2046
0
0
0
0
0
0
3702
322
0
0
0
0
0
0
1869
2130
0
0
0
0
0
0
3641
376
0
0
0
0
0
0
1794
2202
0
0
0
0
0
0
3583
433
0
0
0
0
0
0
1746
2255
0
0
0
0
0
0
3534
492
0
0
0
0
0
0
1717
2295
0
0
0
0
0
0
3541
499
0
0
0
0
0
0
1761
2272
0
0
0
0
0
0
3571
498
0
0
0
0
0
0
1841
2225
0
0
0
0
0
0
3671
434
0
0
0
0
0
0
1982
2123
0
0
0
0
0
0
3856
287
0
0
0
0
0
0
2219
1928
0
0
0
0
0
0
5
88
0
0
0
0
0
0
2496
1698
0
0
0
0
0
0
305
3934
0
0
0
0
0
0
2810
1433
0
0
0
0
0
0
662
3622
0
0
0
0
0
0
3184
1100
0
0
0
0
0
0
1049
3273
0
0
0
0
0
0
3575
744
0
0
0
0
0
0
1425
2927
0
0
0
0
0
0
3941
396
0
0
0
0
0
0
1805
2557
0
0
0
0
0
0
165
79
0
0
0
0
0
0
2105
2249
0
0
0
0
0
0
414
3907
0
0
0
0
0
0
2316
2005
0
0
0
0
0
0
550
3724
0
0
0
0
0
0
2402
1859
0
0
0
0
0
0
553
3652
0
0
0
0
0
0
2304
1882
0
0
0
0
0
0
344
3773
0
0
0
0
0
0
2022
2067
0
0
0
0
0
0
4037
4072
0
0
0
0
0
0
1553
2420
0
0
0
0
0
0
3476
420
0
0
0
0
0
0
847
3008
0
0
0
0
0
0
2715
1058
0
0
0
0
0
0
5
3732
0
0
0
0
0
0
1768
1893
0
0
0
0
0
0
3105
524
0
0
0
0
0
0
727
2830
0
0
0
0
0
0
2050
1485
0
0
0
0
0
0
3730
3844
0
0
0
0
0
0
950
2520
0
0
0
0
0
0
2639
793
0
0
0
0
0
0
3991
3547
0
0
0
0
0
0
1656
1767
0
0
0
0
0
0
3061
395
0
0
0
0
0
0
827
2634
0
0
0
0
0
0
2331
1183
0
0
0
0
0
0
261
3278
0
0
0
0
0
0
1886
1732
0
0
0
0
0
0
4074
3690
0
0
0
0
0
0
1769
1994
0
0
0
0
0
0
2241
151
0
0
0
0
0
0
2046
1899
0
0
0
0
0
0
2480
285
0
0
0
0
0
0
2725
1430
0
0
0
0
0
0
157
1236
0
0
0
0
0
0
3788
592
0
0
0
0
0
0
2821
2231
0
0
0
0
0
0
1092
3516
0
0
0
0
0
0
3140
1791
0
0
0
0
0
0
2796
2024
0
0
0
0
0
0
1852
3156
0
0
0
0
0
0
631
270
0
0
0
0
0
0
85
942
0
0
0
0
0
0
2652
2477
0
0
0
0
0
0
2209
3002
0
0
0
0
0
0
530
573
0
0
0
0
0
0
69
1075
0
0
0
0
0
0
2337
2862
0
0
0
0
0
0
3679
2960
0
0
0
0
0
0
3826
1294
0
0
0
0
0
0
1098
1151
0
0
0
0
0
0
769
103
0
0
0
0
0
0
962
2690
0
0
0
0
0
0
3203
2979
0
0
0
0
0
0
3817
245
0
0
0
0
0
0
3273
2448
0
0
0
0
0
0
1418
2567
0
0
0
0
0
0
1562
1323
0
0
0
0
0
0
3698
21
0
0
0
0
0
0
2753
437
0
0
0
0
0
0
774
2715
0
0
0
0
0
0
1915
1248
0
0
0
0
0
0
2125
1048
0
0
0
0
0
0
2396
542
0
0
0
0
0
0
3208
3756
0
0
0
0
0
0
3107
3667
0
0
0
0
0
0
8
2593
0
0
0
0
0
0
3842
2711
0
0
0
0
0
0
812
1596
0
0
0
0
0
0
2694
2276
0
0
0
0
0
0
1714
597
0
0
0
0
0
0
3452
1654
0
0
0
0
0
0
1978
453
0
0
0
0
0
0
1668
1915
0
0
0
0
0
0
3348
3343
0
0
0
0
0
0
1011
2090
0
0
0
0
0
0
1511
1335
0
0
0
0
0
0
1642
1518
0
0
0
0
0
0
586
2613
0
0
0
0
0
0
1888
1583
0
0
0
0
0
0
681
2948
0
0
0
0
0
0
2734
1173
0
0
0
0
0
0
1770
2354
0
0
0
0
0
0
329
4085
0
0
0
0
0
0
3835
819
0
0
0
0
0
0
2912
2032
0
0
0
0
0
0
2722
2463
0
0
0
0
0
0
2240
3219
0
0
0
0
0
0
2400
3283
0
0
0
0
0
0
2197
3730
0
0
0
0
0
0
2625
3485
0
0
0
0
0
0
3538
2663
0
0
0
0
0
0
4080
2249
0
0
0
0
0
0
370
1960
0
0
0
0
0
0
876
1519
0
0
0
0
0
0
927
1518
0
0
0
0
0
0
1285
1146
0
0
0
0
0
0
2945
905
0
0
0
0
0
0
2978
776
0
0
0
0
0
0
2489
990
0
0
0
0
0
0
2064
1245
0
0
0
0
0
0
3949
778
0
0
0
0
0
0
2985
1496
0
0
0
0
0
0
3711
1194
0
0
0
0
0
0
2113
2484
0
0
0
0
0
0
1640
2895
0
0
0
0
0
0
3444
737
0
0
0
0
0
0
3542
388
0
0
0
0
0
0
540
3012
0
0
0
0
0
0
400
2836
0
0
0
0
0
0
844
2012
0
0
0
0
0
0
240
2287
0
0
0
0
0
0
179
1983
0
0
0
0
0
0
3237
2720
0
0
0
0
0
0
1802
3944
0
0
0
0
0
0
462
939
0
0
0
0
0
0
3469
1813
0
0
0
0
0
0
1971
3136
0
0
0
0
0
0
3191
321
0
0
0
0
0
0
1749
1678
0
0
0
0
0
0
799
2738
0
0
0
0
0
0
3704
3946
0
0
0
0
0
0
204
1792
0
0
0
0
0
0
1595
3181
0
0
0
0
0
0
186
1514
0
0
0
0
0
0
2874
1779
0
0
0
0
0
0
2593
3473
0
0
0
0
0
0
3180
208
0
0
0
0
0
0
1454
1090
0
0
0
0
0
0
384
2978
0
0
0
0
0
0
1701
1613
0
0
0
0
0
0
3526
422
0
0
0
0
0
0
3681
520
0
0
0
0
0
0
2961
1822
0
0
0
0
0
0
3293
1844
0
0
0
0
0
0
3654
2036
0
0
0
0
0
0
422
1541
0
0
0
0
0
0
2500
3966
0
0
0
0
0
0
811
3444
0
0
0
0
0
0
1830
1295
0
0
0
0
0
0
419
288
0
0
0
0
0
0
3618
1568
0
0
0
0
0
0
1340
2934
0
0
0
0
0
0
3868
1563
0
0
0
0
0
0
3140
387
0
0
0
0
0
0
3593
3511
0
0
0
0
0
0
3833
1719
0
0
0
0
0
0
1439
2121
0
0
0
0
0
0
2037
2343
0
0
0
0
0
0
3329
1549
0
0
0
0
0
0
2650
814
0
0
0
0
0
0
2992
1192
0
0
0
0
0
0
3063
3626
0
0
0
0
0
0
4016
963
0
0
0
0
0
0
1401
114
0
0
0
0
0
0
2399
2257
0
0
0
0
0
0
654
3831
0
0
0
0
0
0
2127
1646
0
0
0
0
0
0
1378
1936
0
0
0
0
0
0
879
1809
0
0
0
0
0
0
3969
2265
0
0
0
0
0
0
2189
3475
0
0
0
0
0
0
3753
1475
0
0
0
0
0
0
1078
3652
0
0
0
0
0
0
2675
1610
0
0
0
0
0
0
3548
337
0
0
0
0
0
0
4038
3690
0
0
0
0
0
0
588
2766
0
0
0
0
0
0
3854
1957
0
0
0
0
0
0
487
1098
0
0
0
0
0
0
1834
3952
0
0
0
0
0
0
3991
3372
0
0
0
0
0
0
1117
3296
0
0
0
0
0
0
2876
1587
0
0
0
0
0
0
1192
1579
0
0
0
0
0
0
4013
2256
0
0
0
0
0
0
1674
1785
0
0
0
0
0
0
1047
884
0
0
0
0
0
0
482
2314
0
0
0
0
0
0
3795
2850
0
0
0
0
0
0
2142
1171
0
0
0
0
0
0
2583
1080
0
0
0
0
0
0
2875
1548
0
0
0
0
0
0
3145
1852
0
0
0
0
0
0
869
783
0
0
0
0
0
0
1895
388
0
0
0
0
0
0
2792
1647
0
0
0
0
0
0
579
369
0
0
0
0
0
0
717
693
0
0
0
0
0
0
3341
2683
0
0
0
0
0
0
3868
71
0
0
0
0
0
0
2813
1518
0
0
0
0
0
0
350
2331
0
0
0
0
0
0
2460
2996
0
0
0
0
0
0
2612
542
0
0
0
0
0
0
379
1415
0
0
0
0
0
0
885
3891
0
0
0
0
0
0
3125
2586
0
0
0
0
0
0
1962
3035
0
0
0
0
0
0
1558
967
0
0
0
0
0
0
3746
747
0
0
0
0
0
0
3880
1681
0
0
0
0
0
0
3861
3751
0
0
0
0
0
0
3021
2830
0
0
0
0
0
0
2124
4083
0
0
0
0
0
0
1883
3164
0
0
0
0
0
0
702
3950
0
0
0
0
0
0
848
2822
0
0
0
0
0
0
4078
3021
0
0
0
0
0
0
1892
202
0
0
0
0
0
0
2386
1628
0
0
0
0
0
0
3672
1045
0
0
0
0
0
0
3887
2850
0
0
0
0
0
0
1950
4011
0
0
0
0
0
0
3590
313
0
0
0
0
0
0
572
271
0
0
0
0
0
0
2239
84
0
0
0
0
0
0
2783
3890
0
0
0
0
0
0
1802
3742
0
0
0
0
0
0
1173
392
0
0
0
0
0
0
10
1196
0
0
0
0
0
0
936
492
0
0
0
0
0
0
2995
2592
0
0
0
0
0
0
163
187
0
0
0
0
0
0
2834
1967
0
0
0
0
0
0
440
2442
0
0
0
0
0
0
2527
3592
0
0
0
0
0
0
1941
3074
0
0
0
0
0
0
3331
2618
0
0
0
0
0
0
3323
343
0
0
0
0
0
0
2599
2914
0
0
0
0
0
0
3008
1190
0
0
0
0
0
0
1724
2912
0
0
0
0
0
0
3945
1698
0
0
0
0
0
0
2730
1948
0
0
0
0
0
0
2860
310
0
0
0
0
0
0
1798
1517
0
0
0
0
0
0
1229
956
0
0
0
0
0
0
2120
513
0
0
0
0
0
0
577
2823
0
0
0
0
0
0
175
3768
0
0
0
0
0
0
1365
2116
0
0
0
0
0
0
3621
2841
0
0
0
0
0
0
982
3644
0
0
0
0
0
0
2893
560
0
0
0
0
0
0
3697
366
0
0
0
0
0
0
738
2854
0
0
0
0
0
0
466
3846
0
0
0
0
0
0
1990
1072
0
0
0
0
0
0
1009
317
0
0
0
0
0
0
1838
1694
0
0
0
0
0
0
3947
948
0
0
0
0
0
0
1167
699
0
0
0
0
0
0
2318
1238
0
0
0
0
0
0
2810
2977
0
0
0
0
0
0
1734
35
0
0
0
0
0
0
3529
929
0
0
0
0
0
0
1399
2430
0
0
0
0
0
0
3532
3140
0
0
0
0
0
0
1170
543
0
0
0
0
0
0
2975
234
0
0
0
0
0
0
1425
2332
0
0
0
0
0
0
2278
709
0
0
0
0
0
0
1934
77
0
0
0
0
0
0
2386
1374
0
0
0
0
0
0
73
549
0
0
0
0
0
0
239
3278
0
0
0
0
0
0
1143
2631
0
0
0
0
0
0
629
1080
0
0
0
0
0
0
2266
1071
0
0
0
0
0
0
1088
745
0
0
0
0
0
0
2702
3404
0
0
0
0
0
0
3124
211
0
0
0
0
0
0
3063
3893
0
0
0
0
0
0
2254
1556
0
0
0
0
0
0
2688
2342
0
0
0
0
0
0
1649
251
0
0
0
0
0
0
62
525
0
0
0
0
0
0
3799
3420
0
0
0
0
0
0
3985
1138
0
0
0
0
0
0
2399
2558
0
0
0
0
0
0
693
984
0
0
0
0
0
0
316
2604
0
0
0
0
0
0
825
2177
0
0
0
0
0
0
1834
856
0
0
0
0
0
0
3856
478
0
0
0
0
0
0
2828
1273
0
0
0
0
0
0
2022
4024
0
0
0
0
0
0
1428
4083
0
0
0
0
0
0
1455
2096
0
0
0
0
0
0
3564
2505
0
0
0
0
0
0
2044
2753
0
0
0
0
0
0
1508
2816
0
0
0
0
0
0
788
2109
0
0
0
0
0
0
2289
2988
0
0
0
0
0
0
1064
1839
0
0
0
0
0
0
160
1060
0
0
0
0
0
0
2341
1722
0
0
0
0
0
0
415
130
0
0
0
0
0
0
1920
3213
0
0
0
0
0
0
1267
3588
0
0
0
0
0
0
2260
2963
0
0
0
0
0
0
2201
519
0
0
0
0
0
0
3008
1560
0
0
0
0
0
0
634
748
0
0
0
0
0
0
1168
2606
0
0
0
0
0
0
1631
940
0
0
0
0
0
0
739
389
0
0
0
0
0
0
2698
2911
0
0
0
0
0
0
2678
87
0
0
0
0
0
0
295
472
0
0
0
0
0
0
2629
2863
0
0
0
0
0
0
3810
2409
0
0
0
0
0
0
933
3379
0
0
0
0
0
0
1224
2948
0
0
0
0
0
0
3552
2074
0
0
0
0
0
0
3958
2846
0
0
0
0
0
0
2215
1135
0
0
0
0
0
0
3802
711
0
0
0
0
0
0
374
1074
0
0
0
0
0
0
2002
2477
0
0
0
0
0
0
4040
2044
0
0
0
0
0
0
1495
409
0
0
0
0
0
0
985
1069
0
0
0
0
0
0
2733
2370
0
0
0
0
0
0
1417
1181
0
0
0
0
0
0
1442
3838
0
0
0
0
0
0
18
1558
0
0
0
0
0
0
2049
3772
0
0
0
0
0
0
677
340
0
0
0
0
0
0
1381
2916
0
0
0
0
0
0
1079
3841
0
0
0
0
0
0
3224
2125
0
0
0
0
0
0
2143
207
0
0
0
0
0
0
2636
663
0
0
0
0
0
0
2547
3472
0
0
0
0
0
0
751
3771
0
0
0
0
0
0
1475
894
0
0
0
0
0
0
818
3914
0
0
0
0
0
0
3263
1066
0
0
0
0
0
0
1476
974
0
0
0
0
0
0
2251
324
0
0
0
0
0
0
504
2267
0
0
0
0
0
0
3166
3795
0
0
0
0
0
0
104
1123
0
0
0
0
0
0
3496
237
0
0
0
0
0
0
3309
3549
0
0
0
0
0
0
787
244
0
0
0
0
0
0
3294
980
0
0
0
0
0
0
1335
2246
0
0
0
0
0
0
2443
2785
0
0
0
0
0
0
2139
2090
0
0
0
0
0
0
4086
291
0
0
0
0
0
0
2018
2656
0
0
0
0
0
0
1882
2931
0
0
0
0
0
0
853
3944
0
0
0
0
0
0
25
1535
0
0
0
0
0
0
3256
3889
0
0
0
0
0
0
3617
436
0
0
0
0
0
0
706
4061
0
0
0
0
0
0
1561
572
0
0
0
0
0
0
3349
1535
0
0
0
0
0
0
79
3034
0
0
0
0
0
0
2301
2098
0
0
0
0
0
0
2631
565
0
0
0
0
0
0
3615
473
0
0
0
0
0
0
2032
1260
0
0
0
0
0
0
2927
2997
0
0
0
0
0
0
855
553
0
0
0
0
0
0
52
3390
0
0
0
0
0
0
3698
1241
0
0
0
0
0
0
2236
1365
0
0
0
0
0
0
1067
2823
0
0
0
0
0
0
2033
1935
0
0
0
0
0
0
3510
229
0
0
0
0
0
0
581
2192
0
0
0
0
0
0
3256
1060
0
0
0
0
0
0
2397
3755
0
0
0
0
0
0
1624
3642
0
0
0
0
0
0
637
1188
0
0
0
0
0
0
324
3734
0
0
0
0
0
0
3610
4060
0
0
0
0
0
0
2440
2952
0
0
0
0
0
0
1745
2876
0
0
0
0
0
0
2762
842
0
0
0
0
0
0
1122
2843
0
0
0
0
0
0
1399
489
0
0
0
0
0
0
217
44
0
0
0
0
0
0
3195
245
0
0
0
0
0
0
704
1051
0
0
0
0
0
0
841
768
0
0
0
0
0
0
1643
2932
0
0
0
0
0
0
1256
2634
0
0
0
0
0
0
1153
4008
0
0
0
0
0
0
3522
414
0
0
0
0
0
0
3515
734
0
0
0
0
0
0
493
59
0
0
0
0
0
0
4030
3653
0
0
0
0
0
0
3662
694
0
0
0
0
0
0
2060
3498
0
0
0
0
0
0
1221
1484
0
0
0
0
0
0
3413
3391
0
0
0
0
0
0
2160
1236
0
0
0
0
0
0
970
46
0
0
0
0
0
0
2437
2778
0
0
0
0
0
0
3912
2775
0
0
0
0
0
0
1759
2318
0
0
0
0
0
0
1759
2011
0
0
0
0
0
0
3268
2976
0
0
0
0
0
0
2748
1667
0
0
0
0
0
0
711
1461
0
0
0
0
0
0
3280
3187
0
0
0
0
0
0
3851
1383
0
0
0
0
0
0
1927
593
0
0
0
0
0
0
1998
4056
0
0
0
0
0
0
2656
1962
0
0
0
0
0
0
584
1799
0
0
0
0
0
0
1879
3847
0
0
0
0
0
0
2992
261
0
0
0
0
0
0
3603
3481
0
0
0
0
0
0
3760
3254
0
0
0
0
0
0
3454
1774
0
0
0
0
0
0
679
3170
0
0
0
0
0
0
1449
2908
0
0
0
0
0
0
3997
448
0
0
0
0
0
0
2085
2102
0
0
0
0
0
0
1363
1158
0
0
0
0
0
0
32
2467
0
0
0
0
0
0
1811
1672
0
0
0
0
0
0
1185
827
0
0
0
0
0
0
995
690
0
0
0
0
0
0
2101
1552
0
0
0
0
0
0
3914
635
0
0
0
0
0
0
1341
1206
0
0
0
0
0
0
960
643
0
0
0
0
0
0
2136
2400
0
0
0
0
0
0
2121
2845
0
0
0
0
0
0
724
3676
0
0
0
0
0
0
1773
1904
0
0
0
0
0
0
1951
763
0
0
0
0
0
0
2757
131
0
0
0
0
0
0
2030
4056
0
0
0
0
0
0
4053
2281
0
0
0
0
0
0
723
286
0
0
0
0
0
0
1209
3921
0
0
0
0
0
0
410
1086
0
0
0
0
0
0
2686
1794
0
0
0
0
0
0
3748
1678
0
0
0
0
0
0
399
2358
0
0
0
0
0
0
1092
690
0
0
0
0
0
0
545
1350
0
0
0
0
0
0
1246
3123
0
0
0
0
0
0
610
1716
0
0
0
0
0
0
2669
1484
0
0
0
0
0
0
3062
3398
0
0
0
0
0
0
300
1922
0
0
0
0
0
0
150
305
0
0
0
0
0
0
311
3262
0
0
0
0
0
0
731
834
0
0
0
0
0
0
3734
2720
0
0
0
0
0
0
2865
3366
0
0
0
0
0
0
1734
1446
0
0
0
0
0
0
2149
1704
0
0
0
0
0
0
742
2218
0
0
0
0
0
0
2110
1659
0
0
0
0
0
0
709
654
0
0
0
0
0
0
575
3416
0
0
0
0
0
0
3343
3584
0
0
0
0
0
0
30
2898
0
0
0
0
0
0
2594
2529
0
0
0
0
0
0
2319
1374
0
0
0
0
0
0
3191
1421
0
0
0
0
0
0
3933
3428
0
0
0
0
0
0
1518
1844
0
0
0
0
0
0
1028
1465
0
0
0
0
0
0
558
855
0
0
0
0
0
0
891
860
0
0
0
0
0
0
440
2651
0
0
0
0
0
0
23
1667
0
0
0
0
0
0
422
1816
0
0
0
0
0
0
1837
2458
0
0
0
0
0
0
2358
1373
0
0
0
0
0
0
1055
444
0
0
0
0
0
0
2994
2901
0
0
0
0
0
0
3468
2249
0
0
0
0
0
0
3797
2057
0
0
0
0
0
0
948
2289
0
0
0
0
0
0
455
706
0
0
0
0
0
0
1976
2595
0
0
0
0
0
0
2288
3095
0
0
0
0
0
0
4035
3135
0
0
0
0
0
0
3877
1497
0
0
0
0
0
0
2776
3470
0
0
0
0
0
0
2110
1074
0
0
0
0
0
0
193
638
0
0
0
0
0
0
2351
2804
0
0
0
0
0
0
2901
1549
0
0
0
0
0
0
717
1447
0
0
0
0
0
0
594
1254
0
0
0
0
0
0
3444
3735
0
0
0
0
0
0
2295
167
0
0
0
0
0
0
3744
517
0
0
0
0
0
0
1732
767
0
0
0
0
0
0
2312
2465
0
0
0
0
0
0
1298
1156
0
0
0
0
0
0
712
4
0
0
0
0
0
0
3080
1594
0
0
0
0
0
0
1833
1210
0
0
0
0
0
0
4
2025
0
0
0
0
0
0
2348
2728
0
0
0
0
0
0
1004
1990
0
0
0
0
0
0
1406
63
0
0
0
0
0
0
3861
2303
0
0
0
0
0
0
1702
2624
0
0
0
0
0
0
2589
741
0
0
0
0
0
0
4050
572
0
0
0
0
0
0
3581
2035
0
0
0
0
0
0
1562
1255
0
0
0
0
0
0
692
2512
0
0
0
0
0
0
698
2175
0
0
0
0
0
0
152
3028
0
0
0
0
0
0
3113
1173
0
0
0
0
0
0
1176
3633
0
0
0
0
0
0
2911
460
0
0
0
0
0
0
2511
133
0
0
0
0
0
0
1125
2391
0
0
0
0
0
0
1432
3222
0
0
0
0
0
0
2853
2759
0
0
0
0
0
0
1371
2392
0
0
0
0
0
0
805
1770
0
0
0
0
0
0
570
2859
0
0
0
0
0
0
2606
2926
0
0
0
0
0
0
2926
2202
0
0
0
0
0
0
3341
3487
0
0
0
0
0
0
1592
1801
0
0
0
0
0
0
1511
789
0
0
0
0
0
0
3126
111
0
0
0
0
0
0
1765
2464
0
0
0
0
0
0
7
3660
0
0
0
0
0
0
3609
3374
0
0
0
0
0
0
2640
1256
0
0
0
0
0
0
2838
994
0
0
0
0
0
0
4076
3537
0
0
0
0
0
0
3593
2537
0
0
0
0
0
0
1353
2872
0
0
0
0
0
0
2988
3802
0
0
0
0
0
0
1896
3847
0
0
0
0
0
0
2701
3704
0
0
0
0
0
0
1516
1371
0
0
0
0
0
0
1371
2708
0
0
0
0
0
0
2864
55
0
0
0
0
0
0
2399
3473
0
0
0
0
0
0
1748
1645
0
0
0
0
0
0
2463
2038
0
0
0
0
0
0
1012
755
0
0
0
0
0
0
1043
1216
0
0
0
0
0
0
2144
548
0
0
0
0
0
0
3553
185
0
0
0
0
0
0
2781
2731
0
0
0
0
0
0
225
923
0
0
0
0
0
0
3628
971
0
0
0
0
0
0
1441
3854
0
0
0
0
0
0
4095
319
0
0
0
0
0
0
2059
2849
0
0
0
0
0
0
76
2424
0
0
0
0
0
0
726
4029
0
0
0
0
0
0
1496
516
0
0
0
0
0
0
495
612
0
0
0
0
0
0
3779
1002
0
0
0
0
0
0
311
126
0
0
0
0
0
0
2309
3166
0
0
0
0
0
0
812
2214
0
0
0
0
0
0
4020
1430
0
0
0
0
0
0
2119
3727
0
0
0
0
0
0
2500
771
0
0
0
0
0
0
445
3752
0
0
0
0
0
0
153
325
0
0
0
0
0
0
2070
237
0
0
0
0
0
0
536
977
0
0
0
0
0
0
2847
12
0
0
0
0
0
0
3229
2530
0
0
0
0
0
0
3990
2415
0
0
0
0
0
0
2054
3144
0
0
0
0
0
0
3867
1394
0
0
0
0
0
0
3209
3100
0
0
0
0
0
0
2131
3187
0
0
0
0
0
0
2061
3555
0
0
0
0
0
0
267
4079
0
0
0
0
0
0
2952
1083
0
0
0
0
0
0
2851
1946
0
0
0
0
0
0
837
2477
0
0
0
0
0
0
2023
928
0
0
0
0
0
0
669
298
0
0
0
0
0
0
3448
1305
0
0
0
0
0
0
196
1433
0
0
0
0
0
0
182
1917
0
0
0
0
0
0
1514
1419
0
0
0
0
0
0
2888
2351
0
0
0
0
0
0
2925
3121
0
0
0
0
0
0
3564
1263
0
0
0
0
0
0
3435
231
0
0
0
0
0
0
2564
42
0
0
0
0
0
0
3355
2895
0
0
0
0
0
0
2943
2193
0
0
0
0
0
0
2390
1332
0
0
0
0
0
0
3104
3517
0
0
0
0
0
0
2966
2277
0
0
0
0
0
0
1060
2944
0
0
0
0
0
0
1525
3822
0
0
0
0
0
0
1354
2777
0
0
0
0
0
0
4040
2259
0
0
0
0
0
0
4054
3780
0
0
0
0
0
0
381
3740
0
0
0
0
0
0
645
2688
0
0
0
0
0
0
2206
917
0
0
0
0
0
0
1818
3163
0
0
0
0
0
0
3977
3309
0
0
0
0
0
0
3442
2823
0
0
0
0
0
0
233
1897
0
0
0
0
0
0
372
1463
0
0
0
0
0
0
3407
957
0
0
0
0
0
0
3104
1411
0
0
0
0
0
0
1916
784
0
0
0
0
0
0
425
96
0
0
0
0
0
0
2127
1434
0
0
0
0
0
0
1597
4080
0
0
0
0
0
0
1214
2160
0
0
0
0
0
0
713
3563
0
0
0
0
0
0
629
2439
0
0
0
0
0
0
2636
1462
0
0
0
0
0
0
1489
3708
0
0
0
0
0
0
1569
2153
0
0
0
0
0
0
222
3662
0
0
0
0
0
0
1795
1363
0
0
0
0
0
0
2533
3729
0
0
0
0
0
0
2328
3304
0
0
0
0
0
0
1566
2695
0
0
0
0
0
0
3725
3150
0
0
0
0
0
0
730
1114
0
0
0
0
0
0
582
1004
0
0
0
0
0
0
3307
1340
0
0
0
0
0
0
1832
1393
0
0
0
0
0
0
1670
3630
0
0
0
0
0
0
2658
1324
0
0
0
0
0
0
2966
130
0
0
0
0
0
0
3834
249
0
0
0
0
0
0
2500
1030
0
0
0
0
0
0
3582
37
0
0
0
0
0
0
3308
3815
0
0
0
0
0
0
713
1939
0
0
0
0
0
0
2262
3746
0
0
0
0
0
0
2610
2739
0
0
0
0
0
0
3039
2958
0
0
0
0
0
0
1609
3543
0
0
0
0
0
0
1933
2166
0
0
0
0
0
0
2585
556
0
0
0
0
0
0
3600
201
0
0
0
0
0
0
2227
567
0
0
0
0
0
0
721
1798
0
0
0
0
0
0
1592
4034
0
0
0
0
0
0
1928
3046
0
0
0
0
0
0
3364
3357
0
0
0
0
0
0
490
2980
0
0
0
0
0
0
527
901
0
0
0
0
0
0
91
598
0
0
0
0
0
0
2264
499
0
0
0
0
0
0
3749
299
0
0
0
0
0
0
1296
2756
0
0
0
0
0
0
3987
2108
0
0
0
0
0
0
3507
146
0
0
0
0
0
0
1335
4094
0
0
0
0
0
0
2081
92
0
0
0
0
0
0
3882
229
0
0
0
0
0
0
2559
3682
0
0
0
0
0
0
561
401
0
0
0
0
0
0
965
469
0
0
0
0
0
0
1748
2832
0
0
0
0
0
0
312
4038
0
0
0
0
0
0
2001
3424
0
0
0
0
0
0
1008
1660
0
0
0
0
0
0
2989
3838
0
0
0
0
0
0
2511
2922
0
0
0
0
0
0
2489
1868
0
0
0
0
0
0
503
1380
0
0
0
0
0
0
892
1029
0
0
0
0
0
0
421
2588
0
0
0
0
0
0
2980
397
0
0
0
0
0
0
1061
3138
0
0
0
0
0
0
2590
2103
0
0
0
0
0
0
2966
2244
0
0
0
0
0
0
276
1269
0
0
0
0
0
0
2610
767
0
0
0
0
0
0
2956
3247
0
0
0
0
0
0
1265
2325
0
0
0
0
0
0
1369
905
0
0
0
0
0
0
3395
3309
0
0
0
0
0
0
3838
3846
0
0
0
0
0
0
2507
199
0
0
0
0
0
0
3420
3503
0
0
0
0
0
0
1235
2614
0
0
0
0
0
0
2821
748
0
0
0
0
0
0
2779
740
0
0
0
0
0
0
3592
3522
0
0
0
0
0
0
576
1953
0
0
0
0
0
0
13
1894
0
0
0
0
0
0
424
807
0
0
0
0
0
0
2475
2162
0
0
0
0
0
0
1693
2199
0
0
0
0
0
0
2231
969
0
0
0
0
0
0
146
2316
0
0
0
0
0
0
3495
2409
0
0
0
0
0
0
306
820
0
0
0
0
0
0
664
2548
0
0
0
0
0
0
1731
2448
0
0
0
0
0
0
2052
302
0
0
0
0
0
0
591
1283
0
0
0
0
0
0
2787
1424
0
0
0
0
0
0
1842
1170
0
0
0
0
0
0
3578
3772
0
0
0
0
0
0
2501
2720
0
0
0
0
0
0
2152
821
0
0
0
0
0
0
3355
3023
0
0
0
0
0
0
68
3183
0
0
0
0
0
0
2556
607
0
0
0
0
0
0
88
3723
0
0
0
0
0
0
1446
2680
0
0
0
0
0
0
1546
3189
0
0
0
0
0
0
2370
1340
0
0
0
0
0
0
2101
3693
0
0
0
0
0
0
3
921
0
0
0
0
0
0
3610
1918
0
0
0
0
0
0
1665
2972
0
0
0
0
0
0
1381
1450
0
0
0
0
0
0
2363
2832
0
0
0
0
0
0
2745
3796
0
0
0
0
0
0
1713
320
0
0
0
0
0
0
2609
281
0
0
0
0
0
0
3611
821
0
0
0
0
0
0
1355
2148
0
0
0
0
0
0
577
404
0
0
0
0
0
0
229
3784
0
0
0
0
0
0
2005
1064
0
0
0
0
0
0
227
1534
0
0
0
0
0
0
217
1169
0
0
0
0
0
0
1969
3895
0
0
0
0
0
0
3654
1944
0
0
0
0
0
0
2538
638
0
0
0
0
0
0
1988
981
0
0
0
0
0
0
2592
2316
0
0
0
0
0
0
3736
3459
0
0
0
0
0
0
2597
1787
0
0
0
0
0
0
2644
4086
0
0
0
0
0
0
637
557
0
0
0
0
0
0
545
1325
0
0
0
0
0
0
2426
4095
0
0
0
0
0
0
2695
3788
0
0
0
0
0
0
2106
2070
0
0
0
0
0
0
1088
141
0
0
0
0
0
0
1599
3438
0
0
0
0
0
0
541
1310
0
0
0
0
0
0
328
2876
0
0
0
0
0
0
1905
3818
0
0
0
0
0
0
942
1115
0
0
0
0
0
0
582
627
0
0
0
0
0
0
2886
2480
0
0
0
0
0
0
3484
1461
0
0
0
0
0
0
3698
1143
0
0
0
0
0
0
3187
1458
0
0
0
0
0
0
3302
1362
0
0
0
0
0
0
2575
2047
0
0
0
0
0
0
3818
830
0
0
0
0
0
0
3365
1367
0
0
0
0
0
0
354
488
0
0
0
0
0
0
438
593
0
0
0
0
0
0
2869
2480
0
0
0
0
0
0
3648
1980
0
0
0
0
0
0
1080
3379
0
0
0
0
0
0
2677
2135
0
0
0
0
0
0
2743
2564
0
0
0
0
0
0
1141
464
0
0
0
0
0
0
3273
1184
0
0
0
0
0
0
2533
2339
0
0
0
0
0
0
1919
2643
0
0
0
0
0
0
1941
3031
0
0
0
0
0
0
2608
2474
0
0
0
0
0
0
3239
2230
0
0
0
0
0
0
3289
2398
0
0
0
0
0
0
1303
518
0
0
0
0
0
0
1350
685
0
0
0
0
0
0
3238
3127
0
0
0
0
0
0
3379
3148
0
0
0
0
0
0
1124
1487
0
0
0
0
0
0
1295
1404
0
0
0
0
0
0
3929
2861
0
0
0
0
0
0
3992
2801
0
0
0
0
0
0
1690
992
0
0
0
0
0
0
1464
1137
0
0
0
0
0
0
514
3455
0
0
0
0
0
0
3931
3976
0
0
0
0
0
0
702
2799
0
0
0
0
0
0
3555
3820
0
0
0
0
0
0
2658
2022
0
0
0
0
0
0
799
3608
0
0
0
0
0
0
3744
992
0
0
0
0
0
0
1228
3203
0
0
0
0
0
0
1510
2972
0
0
0
0
0
0
2453
1709
0
0
0
0
0
0
3747
263
0
0
0
0
0
0
12
3685
0
0
0
0
0
0
1314
2178
0
0
0
0
0
0
1180
2021
0
0
0
0
0
0
2222
784
0
0
0
0
0
0
1670
1083
0
0
0
0
0
0
2495
95
0
0
0
0
0
0
1681
707
0
0
0
0
0
0
2345
4029
0
0
0
0
0
0
503
1736
0
0
0
0
0
0
108
536
0
0
0
0
0
0
3974
2266
0
0
0
0
0
0
3805
1036
0
0
0
0
0
0
3861
2379
0
0
0
0
0
0
824
2479
0
0
0
0
0
0
2322
2593
0
0
0
0
0
0
2143
761
0
0
0
0
0
0
3226
2078
0
0
0
0
0
0
1211
1754
0
0
0
0
0
0
2012
1997
0
0
0
0
0
0
106
3115
0
0
0
0
0
0
2278
1419
0
0
0
0
0
0
3647
4023
0
0
0
0
0
0
3939
4010
0
0
0
0
0
0
3876
87
0
0
0
0
0
0
1119
3055
0
0
0
0
0
0
793
3563
0
0
0
0
0
0
2753
1772
0
0
0
0
0
0
2551
2165
0
0
0
0
0
0
803
4051
0
0
0
0
0
0
763
169
0
0
0
0
0
0
3358
1774
0
0
0
0
0
0
1301
1318
0
0
0
0
0
0
2081
3257
0
0
0
0
0
0
352
2256
0
0
0
0
0
0
1825
3530
0
0
0
0
0
0
2341
1940
0
0
0
0
0
0
901
359
0
0
0
0
0
0
3637
1307
0
0
0
0
0
0
3608
1694
0
0
0
0
0
0
4079
1022
0
0
0
0
0
0
1716
3466
0
0
0
0
0
0
1247
3787
0
0
0
0
0
0
3400
1606
0
0
0
0
0
0
2363
2502
0
0
0
0
0
0
371
320
0
0
0
0
0
0
3045
1597
0
0
0
0
0
0
2781
3199
0
0
0
0
0
0
3177
1213
0
0
0
0
0
0
2896
2652
0
0
0
0
0
0
2744
1397
0
0
0
0
0
0
1304
1496
0
0
0
0
0
0
1819
2086
0
0
0
0
0
0
2869
370
0
0
0
0
0
0
516
3179
0
0
0
0
0
0
2650
743
0
0
0
0
0
0
2976
553
0
0
0
0
0
0
4042
3423
0
0
0
0
0
0
1189
2222
0
0
0
0
0
0
1875
1442
0
0
0
0
0
0
3464
3975
0
0
0
0
0
0
4040
3346
0
0
0
0
0
0
1714
1611
0
0
0
0
0
0
2312
992
0
0
0
0
0
0
113
3244
0
0
0
0
0
0
828
2532
0
0
0
0
0
0
2852
580
0
0
0
0
0
0
3748
3796
0
0
0
0
0
0
1851
1685
0
0
0
0
0
0
934
1193
0
0
0
0
0
0
1193
2472
0
0
0
0
0
0
185
2255
0
0
0
0
0
0
882
2920
0
0
0
0
0
0
935
55
0
0
0
0
0
0
895
3048
0
0
0
0
0
0
2520
2037
0
0
0
0
0
0
1178
2896
0
0
0
0
0
0
781
3665
0
0
0
0
0
0
1736
2453
0
0
0
0
0
0
3017
1343
0
0
0
0
0
0
2480
1800
0
0
0
0
0
0
282
4092
0
0
0
0
0
0
3325
1023
0
0
0
0
0
0
1357
3046
0
0
0
0
0
0
121
171
0
0
0
0
0
0
2307
2115
0
0
0
0
0
0
985
3416
0
0
0
0
0
0
3166
1255
0
0
0
0
0
0
1773
2619
0
0
0
0
0
0
3917
482
0
0
0
0
0
0
2438
1921
0
0
0
0
0
0
454
3902
0
0
0
0
0
0
2994
1317
0
0
0
0
0
0
908
3399
0
0
0
0
0
0
3353
906
0
0
0
0
0
0
1196
3051
0
0
0
0
0
0
3578
618
0
0
0
0
0
0
1354
2830
0
0
0
0
0
0
3670
462
0
0
0
0
0
0
1360
2763
0
0
0
0
0
0
3599
478
0
0
0
0
0
0
1227
2846
0
0
0
0
0
0
3414
617
0
0
0
0
0
0
1000
3032
0
0
0
0
0
0
3158
837
0
0
0
0
0
0
712
3288
0
0
0
0
0
0
2855
1114
0
0
0
0
0
0
394
3586
0
0
0
0
0
0
2524
1429
0
0
0
0
0
0
69
3899
0
0
0
0
0
0
2204
1747
0
0
0
0
0
0
3810
163
0
0
0
0
0
0
1894
2063
0
0
0
0
0
0
3517
465
0
0
0
0
0
0
1628
2342
0
0
0
0
0
0
3266
729
0
0
0
0
0
0
1418
2567
0
0
0
0
0
0
3061
952
0
0
0
0
0
0
1249
2756
0
0
0
0
0
0
2913
1121
0
0
0
0
0
0
1121
2900
0
0
0
0
0
0
2841
1205
0
0
0
0
0
0
1061
2970
0
0
0
0
0
0
2800
1255
0
0
0
0
0
0
1032
3009
0
0
0
0
0
0
2773
1292
0
0
0
0
0
0
1012
3037
0
0
0
0
0
0
2757
1315
0
0
0
0
0
0
1008
3046
0
0
0
0
0
0
2758
1318
0
0
0
0
0
0
1010
3047
0
0
0
0
0
0
2767
1309
0
0
0
0
0
0
1022
3035
0
0
0
0
0
0
2771
1304
0
0
0
0
0
0
1033
3022
0
0
0
0
0
0
2771
1302
0
0
0
0
0
0
1033
3021
0
0
0
0
0
0
2766
1307
0
0
0
0
0
0
1029
3024
0
0
0
0
0
0
2758
1315
0
0
0
0
0
0
1025
3030
0
0
0
0
0
0
2739
1337
0
0
0
0
0
0
1000
3059
0
0
0
0
0
0
2723
1356
0
0
0
0
0
0
995
3065
0
0
0
0
0
0
2719
1360
0
0
0
0
0
0
998
3063
0
0
0
0
0
0
2719
1360
0
0
0
0
0
0
1003
3058
0
0
0
0
0
0
2722
1358
0
0
0
0
0
0
1009
3052
0
0
0
0
0
0
2724
1356
0
0
0
0
0
0
1015
3046
0
0
0
0
0
0
2727
1353
0
0
0
0
0
0
1022
3039
0
0
0
0
0
0
2730
1350
0
0
0
0
0
0
1028
3033
0
0
0
0
0
0
2733
1347
0
0
0
0
0
0
1035
3026
0
0
0
0
0
0
2736
1344
0
0
0
0
0
0
1041
3020
0
0
0
0
0
0
2739
1341
0
0
0
0
0
0
1048
3014
0
0
0
0
0
0
2741
1339
0
0
0
0
0
0
1054
3007
0
0
0
0
0
0
2744
1336
0
0
0
0
0
0
1061
3001
0
0
0
0
0
0
2747
1333
0
0
0
0
0
0
1067
2994
0
0
0
0
0
0
2750
1330
0
0
0
0
0
0
1074
2988
0
0
0
0
0
0
2753
1327
0
0
0
0
0
0
1080
2982
0
0
0
0
0
0
2756
1324
0
0
0
0
0
0
1087
2975
0
0
0
0
0
0
2759
1322
0
0
0
0
0
0
1093
2969
0
0
0
0
0
0
2762
1319
0
0
0
0
0
0
1099
2963
0
0
0
0
0
0
2764
1316
0
0
0
0
0
0
1106
2956
0
0
0
0
0
0
2767
1313
0
0
0
0
0
0
1112
2950
0
0
0
0
0
0
2770
1310
0
0
0
0
0
0
1118
2944
0
0
0
0
0
0
2773
1308
0
0
0
0
0
0
1125
2937
0
0
0
0
0
0
2776
1305
0
0
0
0
0
0
1131
2931
0
0
0
0
0
0
2778
1302
0
0
0
0
0
0
1137
2925
0
0
0
0
0
0
2781
1299
0
0
0
0
0
0
1144
2919
0
0
0
0
0
0
2784
1296
0
0
0
0
0
0
1150
2912
0
0
0
0
0
0
2787
1294
0
0
0
0
0
0
1156
2906
0
0
0
0
0
0
2790
1291
0
0
0
0
0
0
1163
2900
0
0
0
0
0
0
2792
1288
0
0
0
0
0
0
1169
2894
0
0
0
0
0
0
2795
1285
0
0
0
0
0
0
1175
2888
0
0
0
0
0
0
2798
1283
0
0
0
0
0
0
1181
2882
0
0
0
0
0
0
2801
1280
0
0
0
0
0
0
1187
2875
0
0
0
0
0
0
2804
1277
0
0
0
0
0
0
1194
2869
0
0
0
0
0
0
2806
1275
0
0
0
0
0
0
1200
2863
0
0
0
0
0
0
2809
1272
0
0
0
0
0
0
1206
2857
0
0
0
0
0
0
2812
1269
0
0
0
0
0
0
1212
2851
0
0
0
0
0
0
2814
1266
0
0
0
0
0
0
1218
2845
0
0
0
0
0
0
2817
1264
0
0
0
0
0
0
1224
2839
0
0
0
0
0
0
2820
1261
0
0
0
0
0
0
1231
2833
0
0
0
0
0
0
2823
1258
0
0
0
0
0
0
1237
2827
0
0
0
0
0
0
2825
1256
0
0
0
0
0
0
1243
2821
0
0
0
0
0
0
2828
1253
0
0
0
0
0
0
1249
2815
0
0
0
0
0
0
2831
1250
0
0
0
0
0
0
1255
2809
0
0
0
0
0
0
2833
1248
0
0
0
0
0
0
1261
2803
0
0
0
0
0
0
2836
1245
0
0
0
0
0
0
1267
2797
0
0
0
0
0
0
2839
1242
0
0
0
0
0
0
1273
2791
0
0
0
0
0
0
2841
1240
0
0
0
0
0
0
1279
2785
0
0
0
0
0
0
2844
1237
0
0
0
0
0
0
1285
2779
0
0
0
0
0
0
2847
1234
0
0
0
0
0
0
1291
2773
0
0
0
0
0
0
2849
1232
0
0
0
0
0
0
1297
2767
0
0
0
0
0
0
2852
1229
0
0
0
0
0
0
1303
2761
0
0
0
0
0
0
2855
1227
0
0
0
0
0
0
1309
2755
0
0
0
0
0
0
2857
1224
0
0
0
0
0
0
1315
2750
0
0
0
0
0
0
2860
1221
0
0
0
0
0
0
1321
2744
0
0
0
0
0
0
2863
1219
0
0
0
0
0
0
1327
2738
0
0
0
0
0
0
2865
1216
0
0
0
0
0
0
1332
2732
0
0
0
0
0
0
2868
1214
0
0
0
0
0
0
1338
2726
0
0
0
0
0
0
2871
1211
0
0
0
0
0
0
1344
2720
0
0
0
0
0
0
2873
1208
0
0
0
0
0
0
1350
2715
0
0
0
0
0
0
2876
1206
0
0
0
0
0
0
1356
2709
0
0
0
0
0
0
2878
1203
0
0
0
0
0
0
1362
2703
0
0
0
0
0
0
2881
1201
0
0
0
0
0
0
1368
2697
0
0
0
0
0
0
2884
1198
0
0
0
0
0
0
1373
2692
0
0
0
0
0
0
2886
1196
0
0
0
0
0
0
1379
2686
0
0
0
0
0
0
2889
1193
0
0
0
0
0
0
1385
2680
0
0
0
0
0
0
2891
1190
0
0
0
0
0
0
1391
2674
0
0
0
0
0
0
2894
1188
0
0
0
0
0
0
1397
2669
0
0
0
0
0
0
2896
1185
0
0
0
0
0
0
1402
2663
0
0
0
0
0
0
2899
1183
0
0
0
0
0
0
1408
2657
0
0
0
0
0
0
2901
1180
0
0
0
0
0
0
1414
2652
0
0
0
0
0
0
2904
1178
0
0
0
0
0
0
1419
2646
0
0
0
0
0
0
2907
1175
0
0
0
0
0
0
1425
2640
0
0
0
0
0
0
2909
1173
0
0
0
0
0
0
1431
2635
0
0
0
0
0
0
2912
1170
0
0
0
0
0
0
1437
2629
0
0
0
0
0
0
2914
1168
0
0
0
0
0
0
1442
2624
0
0
0
0
0
0
2917
1165
0
0
0
0
0
0
1448
2618
0
0
0
0
0
0
2919
1163
0
0
0
0
0
0
1453
2612
0
0
0
0
0
0
2922
1160
0
0
0
0
0
0
1459
2607
0
0
0
0
0
0
2924
1158
0
0
0
0
0
0
1465
2601
0
0
0
0
0
0
2927
1155
0
0
0
0
0
0
1470
2596
0
0
0
0
0
0
2929
1153
0
0
0
0
0
0
1476
2590
0
0
0
0
0
0
2932
1151
0
0
0
0
0
0
1481
2585
0
0
0
0
0
0
2934
1148
0
0
0
0
0
0
1487
2579
0
0
0
0
0
0
2937
1146
0
0
0
0
0
0
1493
2574
0
0
0
0
0
0
2939
1143
0
0
0
0
0
0
1498
2568
0
0
0
0
0
0
2942
1141
0
0
0
0
0
0
1504
2563
0
0
0
0
0
0
2944
1138
0
0
0
0
0
0
1509
2557
0
0
0
0
0
0
2946
1136
0
0
0
0
0
0
1515
2552
0
0
0
0
0
0
2949
1133
0
0
0
0
0
0
1520
2546
0
0
0
0
0
0
2951
1131
0
0
0
0
0
0
1526
2541
0
0
0
0
0
0
2954
1129
0
0
0
0
0
0
1531
2536
0
0
0
0
0
0
2956
1126
0
0
0
0
0
0
1537
2530
0
0
0
0
0
0
2959
1124
0
0
0
0
0
0
1542
2525
0
0
0
0
0
0
2961
1121
0
0
0
0
0
0
1547
2519
0
0
0
0
0
0
2963
1119
0
0
0
0
0
0
1553
2514
0
0
0
0
0
0
2966
1117
0
0
0
0
0
0
1558
2509
0
0
0
0
0
0
2968
1114
0
0
0
0
0
0
1564
2503
0
0
0
0
0
0
2971
1112
0
0
0
0
0
0
1569
2498
0
0
0
0
0
0
2973
1110
0
0
0
0
0
0
1575
2493
0
0
0
0
0
0
2975
1107
0
0
0
0
0
0
1580
2487
0
0
0
0
0
0
2978
1105
0
0
0
0
0
0
1585
2482
0
0
0
0
0
0
2980
1102
0
0
0
0
0
0
1591
2477
0
0
0
0
0
0
2983
1100
0
0
0
0
0
0
1596
2472
0
0
0
0
0
0
2985
1098
0
0
0
0
0
0
1601
2466
0
0
0
0
0
0
2987
1095
0
0
0
0
0
0
1607
2461
0
0
0
0
0
0
2990
1093
0
0
0
0
0
0
1612
2456
0
0
0
0
0
0
2992
1091
0
0
0
0
0
0
1617
2451
0
0
0
0
0
0
2994
1088
0
0
0
0
0
0
1622
2445
0
0
0
0
0
0
2997
1086
0
0
0
0
0
0
1628
2440
0
0
0
0
0
0
2999
1084
0
0
0
0
0
0
1633
2435
0
0
0
0
0
0
3001
1082
0
0
0
0
0
0
1638
2430
0
0
0
0
0
0
3004
1079
0
0
0
0
0
0
1643
2425
0
0
0
0
0
0
3006
1077
0
0
0
0
0
0
1649
2419
0
0
0
0
0
0
3008
1075
0
0
0
0
0
0
1654
2414
0
0
0
0
0
0
3011
1072
0
0
0
0
0
0
1659
2409
0
0
0
0
0
0
3013
1070
0
0
0
0
0
0
1664
2404
0
0
0
0
0
0
3015
1068
0
0
0
0
0
0
1669
2399
0
0
0
0
0
0
3018
1066
0
0
0
0
0
0
1675
2394
0
0
0
0
0
0
3020
1063
0
0
0
0
0
0
1680
2389
0
0
0
0
0
0
3022
1061
0
0
0
0
0
0
1685
2384
0
0
0
0
0
0
3024
1059
0
0
0
0
0
0
1690
2378
0
0
0
0
0
0
3027
1056
0
0
0
0
0
0
1695
2373
0
0
0
0
0
0
3029
1054
0
0
0
0
0
0
1700
2368
0
0
0
0
0
0
3031
1052
0
0
0
0
0
0
1705
2363
0
0
0
0
0
0
3034
1050
0
0
0
0
0
0
1710
2358
0
0
0
0
0
0
3036
1048
0
0
0
0
0
0
1716
2353
0
0
0
0
0
0
3038
1045
0
0
0
0
0
0
1721
2348
0
0
0
0
0
0
3040
1043
0
0
0
0
0
0
1726
2343
0
0
0
0
0
0
3043
1041
0
0
0
0
0
0
1731
2338
0
0
0
0
0
0
3045
1039
0
0
0
0
0
0
1736
2333
0
0
0
0
0
0
3047
1036
0
0
0
0
0
0
1741
2328
0
0
0
0
0
0
3049
1034
0
0
0
0
0
0
1746
2323
0
0
0
0
0
0
3052
1032
0
0
0
0
0
0
1751
2318
0
0
0
0
0
0
3054
1030
0
0
0
0
0
0
1756
2313
0
0
0
0
0
0
3056
1028
0
0
0
0
0
0
1761
2309
0
0
0
0
0
0
3058
1025
0
0
0
0
0
0
1766
2304
0
0
0
0
0
0
3060
1023
0
0
0
0
0
0
1771
2299
0
0
0
0
0
0
3063
1021
0
0
0
0
0
0
1776
2294
0
0
0
0
0
0
3065
1019
0
0
0
0
0
0
1781
2289
0
0
0
0
0
0
3067
1017
0
0
0
0
0
0
1785
2284
0
0
0
0
0
0
3069
1015
0
0
0
0
0
0
1790
2279
0
0
0
0
0
0
3071
1012
0
0
0
0
0
0
1795
2274
0
0
0
0
0
0
3074
1010
0
0
0
0
0
0
1800
2269
0
0
0
0
0
0
3076
1008
0
0
0
0
0
0
1805
2265
0
0
0
0
0
0
3078
1006
0
0
0
0
0
0
1810
2260
0
0
0
0
0
0
3080
1004
0
0
0
0
0
0
1815
2255
0
0
0
0
0
0
3082
1002
0
0
0
0
0
0
1820
2250
0
0
0
0
0
0
3084
1000
0
0
0
0
0
0
1825
2245
0
0
0
0
0
0
3087
997
0
0
0
0
0
0
1829
2241
0
0
0
0
0
0
3089
995
0
0
0
0
0
0
1834
2236
0
0
0
0
0
0
3091
993
0
0
0
0
0
0
1839
2231
0
0
0
0
0
0
3093
991
0
0
0
0
0
0
1844
2226
0
0
0
0
0
0
3095
989
0
0
0
0
0
0
1849
2222
0
0
0
0
0
0
3097
987
0
0
0
0
0
0
1853
2217
0
0
0
0
0
0
3099
985
0
0
0
0
0
0
1858
2212
0
0
0
0
0
0
3101
983
0
0
0
0
0
0
1863
2207
0
0
0
0
0
0
3104
981
0
0
0
0
0
0
1868
2203
0
0
0
0
0
0
3106
978
0
0
0
0
0
0
1872
2198
0
0
0
0
0
0
3108
976
0
0
0
0
0
0
1877
2193
0
0
0
0
0
0
3110
974
0
0
0
0
0
0
1882
2189
0
0
0
0
0
0
3112
972
0
0
0
0
0
0
1887
2184
0
0
0
0
0
0
3114
970
0
0
0
0
0
0
1891
2179
0
0
0
0
0
0
3116
968
0
0
0
0
0
0
1896
2175
0
0
0
0
0
0
3118
966
0
0
0
0
0
0
1901
2170
0
0
0
0
0
0
3120
964
0
0
0
0
0
0
1905
2165
0
0
0
0
0
0
3122
962
0
0
0
0
0
0
1910
2161
0
0
0
0
0
0
3124
960
0
0
0
0
0
0
1915
2156
0
0
0
0
0
0
3127
958
0
0
0
0
0
0
1919
2152
0
0
0
0
0
0
3129
956
0
0
0
0
0
0
1924
2147
0
0
0
0
0
0
3131
954
0
0
0
0
0
0
1929
2143
0
0
0
0
0
0
3133
952
0
0
0
0
0
0
1933
2138
0
0
0
0
0
0
3135
950
0
0
0
0
0
0
1938
2133
0
0
0
0
0
0
3137
948
0
0
0
0
0
0
1942
2129
0
0
0
0
0
0
3139
946
0
0
0
0
0
0
1947
2124
0
0
0
0
0
0
3141
944
0
0
0
0
0
0
1952
2120
0
0
0
0
0
0
3143
942
0
0
0
0
0
0
1956
2115
0
0
0
0
0
0
3145
940
0
0
0
0
0
0
1961
2111
0
0
0
0
0
0
3147
938
0
0
0
0
0
0
1965
2106
0
0
0
0
0
0
3149
936
0
0
0
0
0
0
1970
2102
0
0
0
0
0
0
3151
934
0
0
0
0
0
0
1974
2097
0
0
0
0
0
0
3153
932
0
0
0
0
0
0
1979
2093
0
0
0
0
0
0
3155
930
0
0
0
0
0
0
1983
2088
0
0
0
0
0
0
3157
928
0
0
0
0
0
0
1988
2084
0
0
0
0
0
0
3159
926
0
0
0
0
0
0
1992
2080
0
0
0
0
0
0
3161
924
0
0
0
0
0
0
1997
2075
0
0
0
0
0
0
3163
922
0
0
0
0
0
0
2001
2071
0
0
0
0
0
0
3165
920
0
0
0
0
0
0
2006
2066
0
0
0
0
0
0
3167
918
0
0
0
0
0
0
2010
2062
0
0
0
0
0
0
3169
916
0
0
0
0
0
0
2015
2057
0
0
0
0
0
0
3171
914
0
0
0
0
0
0
2019
2053
0
0
0
0
0
0
3173
912
0
0
0
0
0
0
2023
2049
0
0
0
0
0
0
3175
910
0
0
0
0
0
0
2028
2044
0
0
0
0
0
0
3177
908
0
0
0
0
0
0
2032
2040
0
0
0
0
0
0
3179
906
0
0
0
0
0
0
2037
2036
0
0
0
0
0
0
3181
904
0
0
0
0
0
0
2041
2031
0
0
0
0
0
0
3183
902
0
0
0
0
0
0
2045
2027
0
0
0
0
0
0
3185
900
0
0
0
0
0
0
2050
2023
0
0
0
0
0
0
3187
898
0
0
0
0
0
0
2054
2018
0
0
0
0
0
0
3188
897
0
0
0
0
0
0
2058
2014
0
0
0
0
0
0
3190
895
0
0
0
0
0
0
2063
2010
0
0
0
0
0
0
3192
893
0
0
0
0
0
0
2067
2005
0
0
0
0
0
0
3194
891
0
0
0
0
0
0
2071
2001
0
0
0
0
0
0
3196
889
0
0
0
0
0
0
2076
1997
0
0
0
0
0
0
3198
887
0
0
0
0
0
0
2080
1993
0
0
0
0
0
0
3200
885
0
0
0
0
0
0
2084
1988
0
0
0
0
0
0
3202
883
0
0
0
0
0
0
2089
1984
0
0
0
0
0
0
3204
881
0
0
0
0
0
0
2093
1980
0
0
0
0
0
0
3206
879
0
0
0
0
0
0
2097
1976
0
0
0
0
0
0
3208
878
0
0
0
0
0
0
2101
1972
0
0
0
0
0
0
3209
876
0
0
0
0
0
0
2106
1967
0
0
0
0
0
0
3211
874
0
0
0
0
0
0
2110
1963
0
0
0
0
0
0
3213
872
0
0
0
0
0
0
2114
1959
0
0
0
0
0
0
3215
870
0
0
0
0
0
0
2118
1955
0
0
0
0
0
0
3217
868
0
0
0
0
0
0
2123
1951
0
0
0
0
0
0
3219
866
0
0
0
0
0
0
2127
1947
0
0
0
0
0
0
3221
865
0
0
0
0
0
0
2131
1942
0
0
0
0
0
0
3223
863
0
0
0
0
0
0
2135
1938
0
0
0
0
0
0
3224
861
0
0
0
0
0
0
2139
1934
0
0
0
0
0
0
3226
859
0
0
0
0
0
0
2143
1930
0
0
0
0
0
0
3228
857
0
0
0
0
0
0
2148
1926
0
0
0
0
0
0
3230
855
0
0
0
0
0
0
2152
1922
0
0
0
0
0
0
3232
854
0
0
0
0
0
0
2156
1918
0
0
0
0
0
0
3234
852
0
0
0
0
0
0
2160
1914
0
0
0
0
0
0
3236
850
0
0
0
0
0
0
2164
1910
0
0
0
0
0
0
3237
848
0
0
0
0
0
0
2168
1905
0
0
0
0
0
0
3239
846
0
0
0
0
0
0
2172
1901
0
0
0
0
0
0
3241
845
0
0
0
0
0
0
2176
1897
0
0
0
0
0
0
3243
843
0
0
0
0
0
0
2181
1893
0
0
0
0
0
0
3245
841
0
0
0
0
0
0
2185
1889
0
0
0
0
0
0
3246
839
0
0
0
0
0
0
2189
1885
0
0
0
0
0
0
3248
837
0
0
0
0
0
0
2193
1881
0
0
0
0
0
0
3250
836
0
0
0
0
0
0
2197
1877
0
0
0
0
0
0
3252
834
0
0
0
0
0
0
2201
1873
0
0
0
0
0
0
3254
832
0
0
0
0
0
0
2205
1869
0
0
0
0
0
0
3255
830
0
0
0
0
0
0
2209
1865
0
0
0
0
0
0
3257
829
0
0
0
0
0
0
2213
1861
0
0
0
0
0
0
3259
827
0
0
0
0
0
0
2217
1857
0
0
0
0
0
0
3261
825
0
0
0
0
0
0
2221
1853
0
0
0
0
0
0
3263
823
0
0
0
0
0
0
2225
1849
0
0
0
0
0
0
3264
821
0
0
0
0
0
0
2229
1845
0
0
0
0
0
0
3266
820
0
0
0
0
0
0
2233
1842
0
0
0
0
0
0
3268
818
0
0
0
0
0
0
2237
1838
0
0
0
0
0
0
3270
816
0
0
0
0
0
0
2241
1834
0
0
0
0
0
0
3271
814
0
0
0
0
0
0
2245
1830
0
0
0
0
0
0
3273
813
0
0
0
0
0
0
2249
1826
0
0
0
0
0
0
3275
811
0
0
0
0
0
0
2253
1822
0
0
0
0
0
0
3277
809
0
0
0
0
0
0
2257
1818
0
0
0
0
0
0
3278
808
0
0
0
0
0
0
2261
1814
0
0
0
0
0
0
3280
806
0
0
0
0
0
0
2264
1810
0
0
0
0
0
0
3282
804
0
0
0
0
0
0
2268
1807
0
0
0
0
0
0
3284
802
0
0
0
0
0
0
2272
1803
0
0
0
0
0
0
3285
801
0
0
0
0
0
0
2276
1799
0
0
0
0
0
0
3287
799
0
0
0
0
0
0
2280
1795
0
0
0
0
0
0
3289
797
0
0
0
0
0
0
2284
1791
0
0
0
0
0
0
3291
796
0
0
0
0
0
0
2288
1787
0
0
0
0
0
0
3292
794
0
0
0
0
0
0
2292
1784
0
0
0
0
0
0
3294
792
0
0
0
0
0
0
2295
1780
0
0
0
0
0
0
3296
791
0
0
0
0
0
0
2299
1776
0
0
0
0
0
0
3297
789
0
0
0
0
0
0
2303
1772
0
0
0
0
0
0
3299
787
0
0
0
0
0
0
2307
1768
0
0
0
0
0
0
3301
786
0
0
0
0
0
0
2311
1765
0
0
0
0
0
0
3302
784
0
0
0
0
0
0
2314
1761
0
0
0
0
0
0
3304
782
0
0
0
0
0
0
2318
1757
0
0
0
0
0
0
3306
780
0
0
0
0
0
0
2322
1753
0
0
0
0
0
0
3307
779
0
0
0
0
0
0
2326
1750
0
0
0
0
0
0
3309
777
0
0
0
0
0
0
2330
1746
0
0
0
0
0
0
3311
776
0
0
0
0
0
0
2333
1742
0
0
0
0
0
0
3312
774
0
0
0
0
0
0
2337
1739
0
0
0
0
0
0
3314
772
0
0
0
0
0
0
2341
1735
0
0
0
0
0
0
3316
771
0
0
0
0
0
0
2345
1731
0
0
0
0
0
0
3317
769
0
0
0
0
0
0
2348
1727
0
0
0
0
0
0
3319
767
0
0
0
0
0
0
2352
1724
0
0
0
0
0
0
3321
766
0
0
0
0
0
0
2356
1720
0
0
0
0
0
0
3322
764
0
0
0
0
0
0
2359
1716
0
0
0
0
0
0
3324
762
0
0
0
0
0
0
2363
1713
0
0
0
0
0
0
3326
761
0
0
0
0
0
0
2367
1709
0
0
0
0
0
0
3327
759
0
0
0
0
0
0
2370
1705
0
0
0
0
0
0
3329
758
0
0
0
0
0
0
2374
1702
0
0
0
0
0
0
3331
756
0
0
0
0
0
0
2378
1698
0
0
0
0
0
0
3332
754
0
0
0
0
0
0
2381
1695
0
0
0
0
0
0
3334
753
0
0
0
0
0
0
2385
1691
0
0
0
0
0
0
3336
751
0
0
0
0
0
0
2389
1687
0
0
0
0
0
0
3337
750
0
0
0
0
0
0
2392
1684
0
0
0
0
0
0
3339
748
0
0
0
0
0
0
2396
1680
0
0
0
0
0
0
3340
746
0
0
0
0
0
0
2400
1677
0
0
0
0
0
0
3342
745
0
0
0
0
0
0
2403
1673
0
0
0
0
0
0
3344
743
0
0
0
0
0
0
2407
1670
0
0
0
0
0
0
3345
742
0
0
0
0
0
0
2410
1666
0
0
0
0
0
0
3347
740
0
0
0
0
0
0
2414
1662
0
0
0
0
0
0
3348
738
0
0
0
0
0
0
2418
1659
0
0
0
0
0
0
3350
737
0
0
0
0
0
0
2421
1655
0
0
0
0
0
0
3352
735
0
0
0
0
0
0
2425
1652
0
0
0
0
0
0
3353
734
0
0
0
0
0
0
2428
1648
0
0
0
0
0
0
3355
732
0
0
0
0
0
0
2432
1645
0
0
0
0
0
0
3356
731
0
0
0
0
0
0
2435
1641
0
0
0
0
0
0
3358
729
0
0
0
0
0
0
2439
1638
0
0
0
0
0
0
3359
727
0
0
0
0
0
0
2442
1634
0
0
0
0
0
0
3361
726
0
0
0
0
0
0
2446
1631
0
0
0
0
0
0
3363
724
0
0
0
0
0
0
2450
1627
0
0
0
0
0
0
3364
723
0
0
0
0
0
0
2453
1624
0
0
0
0
0
0
3366
721
0
0
0
0
0
0
2457
1620
0
0
0
0
0
0
3367
720
0
0
0
0
0
0
2460
1617
0
0
0
0
0
0
3369
718
0
0
0
0
0
0
2463
1614
0
0
0
0
0
0
3370
717
0
0
0
0
0
0
2467
1610
0
0
0
0
0
0
3372
715
0
0
0
0
0
0
2470
1607
0
0
0
0
0
0
3373
714
0
0
0
0
0
0
2474
1603
0
0
0
0
0
0
3375
712
0
0
0
0
0
0
2477
1600
0
0
0
0
0
0
3376
711
0
0
0
0
0
0
2481
1596
0
0
0
0
0
0
3378
709
0
0
0
0
0
0
2484
1593
0
0
0
0
0
0
3380
708
0
0
0
0
0
0
2488
1590
0
0
0
0
0
0
3381
706
0
0
0
0
0
0
2491
1586
0
0
0
0
0
0
3383
705
0
0
0
0
0
0
2494
1583
0
0
0
0
0
0
3384
703
0
0
0
0
0
0
2498
1579
0
0
0
0
0
0
3386
702
0
0
0
0
0
0
2501
1576
0
0
0
0
0
0
3387
700
0
0
0
0
0
0
2505
1573
0
0
0
0
0
0
3389
699
0
0
0
0
0
0
2508
1569
0
0
0
0
0
0
3390
697
0
0
0
0
0
0
2511
1566
0
0
0
0
0
0
3392
696
0
0
0
0
0
0
2515
1563
0
0
0
0
0
0
3393
694
0
0
0
0
0
0
2518
1559
0
0
0
0
0
0
3395
693
0
0
0
0
0
0
2522
1556
0
0
0
0
0
0
3396
691
0
0
0
0
0
0
2525
1553
0
0
0
0
0
0
3398
690
0
0
0
0
0
0
2528
1549
0
0
0
0
0
0
3399
688
0
0
0
0
0
0
2532
1546
0
0
0
0
0
0
3401
687
0
0
0
0
0
0
2535
1543
0
0
0
0
0
0
3402
685
0
0
0
0
0
0
2538
1540
0
0
0
0
0
0
3404
684
0
0
0
0
0
0
2542
1536
0
0
0
0
0
0
3405
682
0
0
0
0
0
0
2545
1533
0
0
0
0
0
0
3406
681
0
0
0
0
0
0
2548
1530
0
0
0
0
0
0
3408
679
0
0
0
0
0
0
2551
1527
0
0
0
0
0
0
3409
678
0
0
0
0
0
0
2555
1523
0
0
0
0
0
0
3411
677
0
0
0
0
0
0
2558
1520
0
0
0
0
0
0
3412
675
0
0
0
0
0
0
2561
1517
0
0
0
0
0
0
3414
674
0
0
0
0
0
0
2565
1514
0
0
0
0
0
0
3415
672
0
0
0
0
0
0
2568
1510
0
0
0
0
0
0
3417
671
0
0
0
0
0
0
2571
1507
0
0
0
0
0
0
3418
669
0
0
0
0
0
0
2574
1504
0
0
0
0
0
0
3420
668
0
0
0
0
0
0
2578
1501
0
0
0
0
0
0
3421
667
0
0
0
0
0
0
2581
1497
0
0
0
0
0
0
3422
665
0
0
0
0
0
0
2584
1494
0
0
0
0
0
0
3424
664
0
0
0
0
0
0
2587
1491
0
0
0
0
0
0
3425
662
0
0
0
0
0
0
2590
1488
0
0
0
0
0
0
3427
661
0
0
0
0
0
0
2594
1485
0
0
0
0
0
0
3428
660
0
0
0
0
0
0
2597
1482
0
0
0
0
0
0
3430
658
0
0
0
0
0
0
2600
1478
0
0
0
0
0
0
3431
657
0
0
0
0
0
0
2603
1475
0
0
0
0
0
0
3432
655
0
0
0
0
0
0
2606
1472
0
0
0
0
0
0
3434
654
0
0
0
0
0
0
2610
1469
0
0
0
0
0
0
3435
653
0
0
0
0
0
0
2613
1466
0
0
0
0
0
0
3437
651
0
0
0
0
0
0
2616
1463
0
0
0
0
0
0
3438
650
0
0
0
0
0
0
2619
1460
0
0
0
0
0
0
3439
648
0
0
0
0
0
0
2622
1457
0
0
0
0
0
0
3441
647
0
0
0
0
0
0
2625
1453
0
0
0
0
0
0
3442
646
0
0
0
0
0
0
2628
1450
0
0
0
0
0
0
3444
644
0
0
0
0
0
0
2632
1447
0
0
0
0
0
0
3445
643
0
0
0
0
0
0
2635
1444
0
0
0
0
0
0
3446
641
0
0
0
0
0
0
2638
1441
0
0
0
0
0
0
3448
640
0
0
0
0
0
0
2641
1438
0
0
0
0
0
0
3449
639
0
0
0
0
0
0
2644
1435
0
0
0
0
0
0
3451
637
0
0
0
0
0
0
2647
1432
0
0
0
0
0
0
3452
636
0
0
0
0
0
0
2650
1429
0
0
0
0
0
0
3453
635
0
0
0
0
0
0
2653
1426
0
0
0
0
0
0
3455
633
0
0
0
0
0
0
2656
1423
0
0
0
0
0
0
3456
632
0
0
0
0
0
0
2659
1420
0
0
0
0
0
0
3457
631
0
0
0
0
0
0
2662
1417
0
0
0
0
0
0
3459
629
0
0
0
0
0
0
2666
1414
0
0
0
0
0
0
3460
628
0
0
0
0
0
0
2669
1411
0
0
0
0
0
0
3461
627
0
0
0
0
0
0
2672
1408
0
0
0
0
0
0
3463
625
0
0
0
0
0
0
2675
1405
0
0
0
0
0
0
3464
624
0
0
0
0
0
0
2678
1402
0
0
0
0
0
0
3465
623
0
0
0
0
0
0
2681
1399
0
0
0
0
0
0
3467
621
0
0
0
0
0
0
2684
1396
0
0
0
0
0
0
3468
620
0
0
0
0
0
0
2687
1393
0
0
0
0
0
0
3469
619
0
0
0
0
0
0
2690
1390
0
0
0
0
0
0
3471
617
0
0
0
0
0
0
2693
1387
0
0
0
0
0
0
3472
616
0
0
0
0
0
0
2696
1384
0
0
0
0
0
0
3473
615
0
0
0
0
0
0
2699
1381
0
0
0
0
0
0
3475
613
0
0
0
0
0
0
2702
1378
0
0
0
0
0
0
3476
612
0
0
0
0
0
0
2705
1375
0
0
0
0
0
0
3477
611
0
0
0
0
0
0
2708
1372
0
0
0
0
0
0
3479
609
0
0
0
0
0
0
2711
1369
0
0
0
0
0
0
3480
608
0
0
0
0
0
0
2713
1366
0
0
0
0
0
0
3481
607
0
0
0
0
0
0
2716
1363
0
0
0
0
0
0
3483
606
0
0
0
0
0
0
2719
1360
0
0
0
0
0
0
3484
604
0
0
0
0
0
0
2722
1358
0
0
0
0
0
0
3485
603
0
0
0
0
0
0
2725
1355
0
0
0
0
0
0
3487
602
0
0
0
0
0
0
2728
1352
0
0
0
0
0
0
3488
600
0
0
0
0
0
0
2731
1349
0
0
0
0
0
0
3489
599
0
0
0
0
0
0
2734
1346
0
0
0
0
0
0
3490
598
0
0
0
0
0
0
2737
1343
0
0
0
0
0
0
3492
597
0
0
0
0
0
0
2740
1340
0
0
0
0
0
0
3493
595
0
0
0
0
0
0
2743
1337
0
0
0
0
0
0
3494
594
0
0
0
0
0
0
2745
1335
0
0
0
0
0
0
3496
593
0
0
0
0
0
0
2748
1332
0
0
0
0
0
0
3497
592
0
0
0
0
0
0
2751
1329
0
0
0
0
0
0
3498
590
0
0
0
0
0
0
2754
1326
0
0
0
0
0
0
3499
589
0
0
0
0
0
0
2757
1323
0
0
0
0
0
0
3501
588
0
0
0
0
0
0
2760
1320
0
0
0
0
0
0
3502
587
0
0
0
0
0
0
2763
1318
0
0
0
0
0
0
3503
585
0
0
0
0
0
0
2765
1315
0
0
0
0
0
0
3504
584
0
0
0
0
0
0
2768
1312
0
0
0
0
0
0
3506
583
0
0
0
0
0
0
2771
1309
0
0
0
0
0
0
3507
582
0
0
0
0
0
0
2774
1306
0
0
0
0
0
0
3508
580
0
0
0
0
0
0
2777
1304
0
0
0
0
0
0
3509
579
0
0
0
0
0
0
2780
1301
0
0
0
0
0
0
3511
578
0
0
0
0
0
0
2782
1298
0
0
0
0
0
0
3512
577
0
0
0
0
0
0
2785
1295
0
0
0
0
0
0
3513
575
0
0
0
0
0
0
2788
1293
0
0
0
0
0
0
3514
574
0
0
0
0
0
0
2791
1290
0
0
0
0
0
0
3516
573
0
0
0
0
0
0
2794
1287
0
0
0
0
0
0
3517
572
0
0
0
0
0
0
2796
1284
0
0
0
0
0
0
3518
570
0
0
0
0
0
0
2799
1282
0
0
0
0
0
0
3519
569
0
0
0
0
0
0
2802
1279
0
0
0
0
0
0
3521
568
0
0
0
0
0
0
2805
1276
0
0
0
0
0
0
3522
567
0
0
0
0
0
0
2807
1273
0
0
0
0
0
0
3523
566
0
0
0
0
0
0
2810
1271
0
0
0
0
0
0
3524
564
0
0
0
0
0
0
2813
1268
0
0
0
0
0
0
3525
563
0
0
0
0
0
0
2816
1265
0
0
0
0
0
0
3527
562
0
0
0
0
0
0
2818
1263
0
0
0
0
0
0
3528
561
0
0
0
0
0
0
2821
1260
0
0
0
0
0
0
3529
560
0
0
0
0
0
0
2824
1257
0
0
0
0
0
0
3530
558
0
0
0
0
0
0
2826
1255
0
0
0
0
0
0
3532
557
0
0
0
0
0
0
2829
1252
0
0
0
0
0
0
3533
556
0
0
0
0
0
0
2832
1249
0
0
0
0
0
0
3534
555
0
0
0
0
0
0
2834
1247
0
0
0
0
0
0
3535
554
0
0
0
0
0
0
2837
1244
0
0
0
0
0
0
3536
553
0
0
0
0
0
0
2840
1241
0
0
0
0
0
0
3537
551
0
0
0
0
0
0
2843
1239
0
0
0
0
0
0
3539
550
0
0
0
0
0
0
2845
1236
0
0
0
0
0
0
3540
549
0
0
0
0
0
0
2848
1233
0
0
0
0
0
0
3541
548
0
0
0
0
0
0
2851
1231
0
0
0
0
0
0
3542
547
0
0
0
0
0
0
2853
1228
0
0
0
0
0
0
3543
546
0
0
0
0
0
0
2856
1226
0
0
0
0
0
0
3545
544
0
0
0
0
0
0
2858
1223
0
0
0
0
0
0
3546
543
0
0
0
0
0
0
2861
1220
0
0
0
0
0
0
3547
542
0
0
0
0
0
0
2864
1218
0
0
0
0
0
0
3548
541
0
0
0
0
0
0
2866
1215
0
0
0
0
0
0
3549
540
0
0
0
0
0
0
2869
1213
0
0
0
0
0
0
3550
539
0
0
0
0
0
0
2872
1210
0
0
0
0
0
0
3552
537
0
0
0
0
0
0
2874
1207
0
0
0
0
0
0
3553
536
0
0
0
0
0
0
2877
1205
0
0
0
0
0
0
3554
535
0
0
0
0
0
0
2879
1202
0
0
0
0
0
0
3555
534
0
0
0
0
0
0
2882
1200
0
0
0
0
0
0
3556
533
0
0
0
0
0
0
2885
1197
0
0
0
0
0
0
3557
532
0
0
0
0
0
0
2887
1195
0
0
0
0
0
0
3558
531
0
0
0
0
0
0
2890
1192
0
0
0
0
0
0
3560
529
0
0
0
0
0
0
2892
1189
0
0
0
0
0
0
3561
528
0
0
0
0
0
0
2895
1187
0
0
0
0
0
0
3562
527
0
0
0
0
0
0
2897
1184
0
0
0
0
0
0
3563
526
0
0
0
0
0
0
2900
1182
0
0
0
0
0
0
3564
525
0
0
0
0
0
0
2902
1179
0
0
0
0
0
0
3565
524
0
0
0
0
0
0
2905
1177
0
0
0
0
0
0
3566
523
0
0
0
0
0
0
2908
1174
0
0
0
0
0
0
3568
522
0
0
0
0
0
0
2910
1172
0
0
0
0
0
0
3569
521
0
0
0
0
0
0
2913
1169
0
0
0
0
0
0
3570
519
0
0
0
0
0
0
2915
1167
0
0
0
0
0
0
3571
518
0
0
0
0
0
0
2918
1164
0
0
0
0
0
0
3572
517
0
0
0
0
0
0
2920
1162
0
0
0
0
0
0
3573
516
0
0
0
0
0
0
2923
1159
0
0
0
0
0
0
3574
515
0
0
0
0
0
0
2925
1157
0
0
0
0
0
0
3575
514
0
0
0
0
0
0
2928
1155
0
0
0
0
0
0
3576
513
0
0
0
0
0
0
2930
1152
0
0
0
0
0
0
3578
512
0
0
0
0
0
0
2933
1150
0
0
0
0
0
0
3579
511
0
0
0
0
0
0
2935
1147
0
0
0
0
0
0
3580
510
0
0
0
0
0
0
2938
1145
0
0
0
0
0
0
3581
508
0
0
0
0
0
0
2940
1142
0
0
0
0
0
0
3582
507
0
0
0
0
0
0
2942
1140
0
0
0
0
0
0
3583
506
0
0
0
0
0
0
2945
1137
0
0
0
0
0
0
3584
505
0
0
0
0
0
0
2947
1135
0
0
0
0
0
0
3585
504
0
0
0
0
0
0
2950
1133
0
0
0
0
0
0
3586
503
0
0
0
0
0
0
2952
1130
0
0
0
0
0
0
3587
502
0
0
0
0
0
0
2955
1128
0
0
0
0
0
0
3588
501
0
0
0
0
0
0
2957
1125
0
0
0
0
0
0
3590
500
0
0
0
0
0
0
2960
1123
0
0
0
0
0
0
3591
499
0
0
0
0
0
0
2962
1121
0
0
0
0
0
0
3592
498
0
0
0
0
0
0
2964
1118
0
0
0
0
0
0
3593
497
0
0
0
0
0
0
2967
1116
0
0
0
0
0
0
3594
496
0
0
0
0
0
0
2969
1113
0
0
0
0
0
0
3595
495
0
0
0
0
0
0
2972
1111
0
0
0
0
0
0
3596
493
0
0
0
0
0
0
2974
1109
0
0
0
0
0
0
3597
492
0
0
0
0
0
0
2976
1106
0
0
0
0
0
0
3598
491
0
0
0
0
0
0
2979
1104
0
0
0
0
0
0
3599
490
0
0
0
0
0
0
2981
1102
0
0
0
0
0
0
3600
489
0
0
0
0
0
0
2983
1099
0
0
0
0
0
0
3601
488
0
0
0
0
0
0
2986
1097
0
0
0
0
0
0
3602
487
0
0
0
0
0
0
2988
1095
0
0
0
0
0
0
3603
486
0
0
0
0
0
0
2991
1092
0
0
0
0
0
0
3604
485
0
0
0
0
0
0
2993
1090
0
0
0
0
0
0
3605
484
0
0
0
0
0
0
2995
1088
0
0
0
0
0
0
3607
483
0
0
0
0
0
0
2998
1085
0
0
0
0
0
0
3608
482
0
0
0
0
0
0
