4095
0
0
0
0
0
0
0
0
4095
0
0
0
0
0
0
4095
0
0
0
0
0
0
0
0
4095
0
0
0
0
0
0
0
0
0
0
0
0
0
0
4095
4095
0
0
0
0
0
0
0
0
0
0
0
0
0
0
4095
4095
0
0
0
0
0
0
0
0
0
0
0
0
0
0
4095
4095
0
0
0
0
0
0
0
0
0
0
0
0
0
0
4095
4095
0
0
0
0
0
0
0
0
0
0
0
0
0
0
4095
4095
0
0
0
0
0
0
0
0
0
0
0
0
0
0
4095
4095
0
0
0
0
0
0
0
0
0
0
0
0
0
0
4095
4095
0
0
0
0
0
0
0
0
0
0
0
0
0
0
4095
4095
0
0
0
0
0
0
0
0
0
0
0
0
0
0
4095
4095
0
0
0
0
0
0
0
0
0
0
0
0
0
0
4091
4090
0
0
0
0
0
0
4090
4091
0
0
0
0
0
0
4094
4092
0
0
0
0
0
0
4089
4089
0
0
0
0
0
0
4093
4093
0
0
0
0
0
0
4090
4090
0
0
0
0
0
0
4091
4091
0
0
0
0
0
0
4092
4093
0
0
0
0
0
0
4091
4090
0
0
0
0
0
0
4090
4092
0
0
0
0
0
0
4095
4093
0
0
0
0
0
0
4086
4087
0
0
0
0
0
0
3
0
0
0
0
0
0
0
4083
4085
0
0
0
0
0
0
3
1
0
0
0
0
0
0
4081
4084
0
0
0
0
0
0
0
4091
0
0
0
0
0
0
4086
4089
0
0
0
0
0
0
0
4093
0
0
0
0
0
0
4087
4089
0
0
0
0
0
0
4091
4087
0
0
0
0
0
0
4092
0
0
0
0
0
0
0
4086
4084
0
0
0
0
0
0
4
6
0
0
0
0
0
0
4079
4077
0
0
0
0
0
0
9
9
0
0
0
0
0
0
4072
4072
0
0
0
0
0
0
18
15
0
0
0
0
0
0
4062
4066
0
0
0
0
0
0
30
22
0
0
0
0
0
0
4049
4057
0
0
0
0
0
0
42
33
0
0
0
0
0
0
4039
4050
0
0
0
0
0
0
49
36
0
0
0
0
0
0
4036
4050
0
0
0
0
0
0
53
35
0
0
0
0
0
0
4031
4049
0
0
0
0
0
0
56
36
0
0
0
0
0
0
4035
4053
0
0
0
0
0
0
47
28
0
0
0
0
0
0
4044
4063
0
0
0
0
0
0
34
16
0
0
0
0
0
0
4059
4078
0
0
0
0
0
0
20
2
0
0
0
0
0
0
4075
4093
0
0
0
0
0
0
4
4082
0
0
0
0
0
0
4095
14
0
0
0
0
0
0
4073
4063
0
0
0
0
0
0
27
34
0
0
0
0
0
0
4044
4040
0
0
0
0
0
0
58
55
0
0
0
0
0
0
4012
4017
0
0
0
0
0
0
89
79
0
0
0
0
0
0
3982
3995
0
0
0
0
0
0
119
98
0
0
0
0
0
0
3955
3980
0
0
0
0
0
0
139
109
0
0
0
0
0
0
3937
3971
0
0
0
0
0
0
154
114
0
0
0
0
0
0
3925
3969
0
0
0
0
0
0
162
112
0
0
0
0
0
0
3922
3973
0
0
0
0
0
0
158
104
0
0
0
0
0
0
3935
3990
0
0
0
0
0
0
138
85
0
0
0
0
0
0
3961
4014
0
0
0
0
0
0
108
55
0
0
0
0
0
0
3999
4050
0
0
0
0
0
0
66
19
0
0
0
0
0
0
4045
4088
0
0
0
0
0
0
11
4069
0
0
0
0
0
0
7
38
0
0
0
0
0
0
4047
4025
0
0
0
0
0
0
70
84
0
0
0
0
0
0
3982
3976
0
0
0
0
0
0
138
133
0
0
0
0
0
0
3917
3930
0
0
0
0
0
0
202
178
0
0
0
0
0
0
3857
3890
0
0
0
0
0
0
257
212
0
0
0
0
0
0
3804
3860
0
0
0
0
0
0
301
235
0
0
0
0
0
0
3772
3847
0
0
0
0
0
0
324
242
0
0
0
0
0
0
3755
3843
0
0
0
0
0
0
330
235
0
0
0
0
0
0
3761
3861
0
0
0
0
0
0
313
209
0
0
0
0
0
0
3791
3897
0
0
0
0
0
0
274
167
0
0
0
0
0
0
3840
3944
0
0
0
0
0
0
210
109
0
0
0
0
0
0
3916
4011
0
0
0
0
0
0
125
38
0
0
0
0
0
0
4007
4085
0
0
0
0
0
0
24
4055
0
0
0
0
0
0
21
74
0
0
0
0
0
0
4011
3970
0
0
0
0
0
0
133
158
0
0
0
0
0
0
3892
3883
0
0
0
0
0
0
247
239
0
0
0
0
0
0
3783
3810
0
0
0
0
0
0
352
308
0
0
0
0
0
0
3686
3748
0
0
0
0
0
0
444
363
0
0
0
0
0
0
3601
3698
0
0
0
0
0
0
511
399
0
0
0
0
0
0
3551
3677
0
0
0
0
0
0
548
409
0
0
0
0
0
0
3534
3683
0
0
0
0
0
0
549
389
0
0
0
0
0
0
3551
3716
0
0
0
0
0
0
515
344
0
0
0
0
0
0
3601
3775
0
0
0
0
0
0
443
273
0
0
0
0
0
0
3691
3856
0
0
0
0
0
0
337
178
0
0
0
0
0
0
3812
3962
0
0
0
0
0
0
199
61
0
0
0
0
0
0
3964
4085
0
0
0
0
0
0
40
4031
0
0
0
0
0
0
37
122
0
0
0
0
0
0
3964
3902
0
0
0
0
0
0
211
251
0
0
0
0
0
0
3788
3776
0
0
0
0
0
0
385
372
0
0
0
0
0
0
3618
3659
0
0
0
0
0
0
544
475
0
0
0
0
0
0
3472
3566
0
0
0
0
0
0
671
551
0
0
0
0
0
0
3359
3506
0
0
0
0
0
0
772
604
0
0
0
0
0
0
3285
3475
0
0
0
0
0
0
819
611
0
0
0
0
0
0
3259
3482
0
0
0
0
0
0
820
584
0
0
0
0
0
0
3288
3533
0
0
0
0
0
0
763
512
0
0
0
0
0
0
3373
3624
0
0
0
0
0
0
651
402
0
0
0
0
0
0
3505
3748
0
0
0
0
0
0
495
263
0
0
0
0
0
0
3687
3903
0
0
0
0
0
0
294
96
0
0
0
0
0
0
3905
4080
0
0
0
0
0
0
63
4009
0
0
0
0
0
0
48
169
0
0
0
0
0
0
3910
3822
0
0
0
0
0
0
301
354
0
0
0
0
0
0
3663
3646
0
0
0
0
0
0
541
523
0
0
0
0
0
0
3427
3485
0
0
0
0
0
0
762
668
0
0
0
0
0
0
3228
3358
0
0
0
0
0
0
943
775
0
0
0
0
0
0
3073
3275
0
0
0
0
0
0
1071
836
0
0
0
0
0
0
2974
3236
0
0
0
0
0
0
1135
849
0
0
0
0
0
0
2944
3250
0
0
0
0
0
0
1127
805
0
0
0
0
0
0
2991
3325
0
0
0
0
0
0
1043
702
0
0
0
0
0
0
3109
3452
0
0
0
0
0
0
889
550
0
0
0
0
0
0
3297
3625
0
0
0
0
0
0
668
355
0
0
0
0
0
0
3547
3839
0
0
0
0
0
0
397
130
0
0
0
0
0
0
3840
4075
0
0
0
0
0
0
86
3982
0
0
0
0
0
0
69
230
0
0
0
0
0
0
3851
3732
0
0
0
0
0
0
400
472
0
0
0
0
0
0
3519
3495
0
0
0
0
0
0
721
695
0
0
0
0
0
0
3215
3290
0
0
0
0
0
0
1010
884
0
0
0
0
0
0
2950
3123
0
0
0
0
0
0
1247
1025
0
0
0
0
0
0
2751
3016
0
0
0
0
0
0
1405
1100
0
0
0
0
0
0
2628
2970
0
0
0
0
0
0
1485
1111
0
0
0
0
0
0
2597
2998
0
0
0
0
0
0
1468
1047
0
0
0
0
0
0
2664
3098
0
0
0
0
0
0
1353
910
0
0
0
0
0
0
2821
3264
0
0
0
0
0
0
1152
715
0
0
0
0
0
0
3066
3489
0
0
0
0
0
0
866
462
0
0
0
0
0
0
3390
3765
0
0
0
0
0
0
510
169
0
0
0
0
0
0
3771
4070
0
0
0
0
0
0
112
3955
0
0
0
0
0
0
87
292
0
0
0
0
0
0
3786
3635
0
0
0
0
0
0
512
604
0
0
0
0
0
0
3368
3337
0
0
0
0
0
0
916
885
0
0
0
0
0
0
2981
3076
0
0
0
0
0
0
1275
1118
0
0
0
0
0
0
2654
2874
0
0
0
0
0
0
1565
1286
0
0
0
0
0
0
2407
2741
0
0
0
0
0
0
1765
1380
0
0
0
0
0
0
2261
2690
0
0
0
0
0
0
1858
1387
0
0
0
0
0
0
2227
2729
0
0
0
0
0
0
1829
1303
0
0
0
0
0
0
2312
2855
0
0
0
0
0
0
1685
1134
0
0
0
0
0
0
2513
3064
0
0
0
0
0
0
1430
888
0
0
0
0
0
0
2823
3345
0
0
0
0
0
0
1070
573
0
0
0
0
0
0
3225
3687
0
0
0
0
0
0
629
211
0
0
0
0
0
0
3697
4065
0
0
0
0
0
0
137
3920
0
0
0
0
0
0
111
361
0
0
0
0
0
0
3713
3530
0
0
0
0
0
0
630
739
0
0
0
0
0
0
3205
3169
0
0
0
0
0
0
1126
1085
0
0
0
0
0
0
2732
2850
0
0
0
0
0
0
1559
1367
0
0
0
0
0
0
2343
2609
0
0
0
0
0
0
1906
1565
0
0
0
0
0
0
2043
2448
0
0
0
0
0
0
2144
1677
0
0
0
0
0
0
1871
2389
0
0
0
0
0
0
2249
1683
0
0
0
0
0
0
1837
2441
0
0
0
0
0
0
2210
1576
0
0
0
0
0
0
1943
2597
0
0
0
0
0
0
2034
1370
0
0
0
0
0
0
2193
2856
0
0
0
0
0
0
1721
1068
0
0
0
0
0
0
2570
3198
0
0
0
0
0
0
1285
687
0
0
0
0
0
0
3054
3608
0
0
0
0
0
0
758
255
0
0
0
0
0
0
3618
4059
0
0
0
0
0
0
166
3888
0
0
0
0
0
0
132
430
0
0
0
0
0
0
3643
3426
0
0
0
0
0
0
752
881
0
0
0
0
0
0
3037
2995
0
0
0
0
0
0
1330
1281
0
0
0
0
0
0
2485
2625
0
0
0
0
0
0
1848
1618
0
0
0
0
0
0
2019
2337
0
0
0
0
0
0
2253
1853
0
0
0
0
0
0
1679
2157
0
0
0
0
0
0
2526
1977
0
0
0
0
0
0
1478
2091
0
0
0
0
0
0
2647
1978
0
0
0
0
0
0
1441
2154
0
0
0
0
0
0
2600
1855
0
0
0
0
0
0
1572
2340
0
0
0
0
0
0
2384
1604
0
0
0
0
0
0
1871
2645
0
0
0
0
0
0
2010
1248
0
0
0
0
0
0
2312
3045
0
0
0
0
0
0
1500
805
0
0
0
0
0
0
2885
3531
0
0
0
0
0
0
879
295
0
0
0
0
0
0
3541
4053
0
0
0
0
0
0
193
3857
0
0
0
0
0
0
156
500
0
0
0
0
0
0
3572
3322
0
0
0
0
0
0
871
1019
0
0
0
0
0
0
2868
2821
0
0
0
0
0
0
1544
1486
0
0
0
0
0
0
2233
2394
0
0
0
0
0
0
2136
1870
0
0
0
0
0
0
1700
2067
0
0
0
0
0
0
2600
2137
0
0
0
0
0
0
1307
1859
0
0
0
0
0
0
2914
2281
0
0
0
0
0
0
1085
1788
0
0
0
0
0
0
3041
2274
0
0
0
0
0
0
1052
1868
0
0
0
0
0
0
2982
2128
0
0
0
0
0
0
1205
2083
0
0
0
0
0
0
2727
1837
0
0
0
0
0
0
1551
2436
0
0
0
0
0
0
2298
1428
0
0
0
0
0
0
2064
2902
0
0
0
0
0
0
1712
920
0
0
0
0
0
0
2719
3454
0
0
0
0
0
0
1001
339
0
0
0
0
0
0
3467
4048
0
0
0
0
0
0
218
3823
0
0
0
0
0
0
177
569
0
0
0
0
0
0
3503
3217
0
0
0
0
0
0
985
1157
0
0
0
0
0
0
2711
2655
0
0
0
0
0
0
1747
1683
0
0
0
0
0
0
1989
2174
0
0
0
0
0
0
2411
2112
0
0
0
0
0
0
1390
1805
0
0
0
0
0
0
2936
2413
0
0
0
0
0
0
951
1574
0
0
0
0
0
0
3280
2569
0
0
0
0
0
0
706
1499
0
0
0
0
0
0
3422
2559
0
0
0
0
0
0
672
1591
0
0
0
0
0
0
3349
2388
0
0
0
0
0
0
852
1839
0
0
0
0
0
0
3062
2064
0
0
0
0
0
0
1241
2236
0
0
0
0
0
0
2577
1602
0
0
0
0
0
0
1820
2756
0
0
0
0
0
0
1913
1027
0
0
0
0
0
0
2554
3374
0
0
0
0
0
0
1122
381
0
0
0
0
0
0
3395
4044
0
0
0
0
0
0
245
3794
0
0
0
0
0
0
195
632
0
0
0
0
0
0
3433
3118
0
0
0
0
0
0
1099
1286
0
0
0
0
0
0
2552
2493
0
0
0
0
0
0
1944
1869
0
0
0
0
0
0
1757
1963
0
0
0
0
0
0
2676
2344
0
0
0
0
0
0
1096
1555
0
0
0
0
0
0
3252
2673
0
0
0
0
0
0
616
1306
0
0
0
0
0
0
3634
2844
0
0
0
0
0
0
344
1223
0
0
0
0
0
0
3785
2829
0
0
0
0
0
0
312
1328
0
0
0
0
0
0
3700
2638
0
0
0
0
0
0
516
1607
0
0
0
0
0
0
3379
2276
0
0
0
0
0
0
954
2049
0
0
0
0
0
0
2835
1761
0
0
0
0
0
0
1593
2624
0
0
0
0
0
0
2105
1129
0
0
0
0
0
0
2400
3302
0
0
0
0
0
0
1233
421
0
0
0
0
0
0
3327
4038
0
0
0
0
0
0
268
3765
0
0
0
0
0
0
216
694
0
0
0
0
0
0
3372
3025
0
0
0
0
0
0
1201
1409
0
0
0
0
0
0
2410
2345
0
0
0
0
0
0
2125
2045
0
0
0
0
0
0
1544
1767
0
0
0
0
0
0
2921
2558
0
0
0
0
0
0
825
1326
0
0
0
0
0
0
3549
2918
0
0
0
0
0
0
304
1056
0
0
0
0
0
0
3954
3093
0
0
0
0
0
0
19
975
0
0
0
0
0
0
21
3078
0
0
0
0
0
0
4081
1088
0
0
0
0
0
0
4016
2864
0
0
0
0
0
0
215
1396
0
0
0
0
0
0
3661
2468
0
0
0
0
0
0
689
1877
0
0
0
0
0
0
3073
1910
0
0
0
0
0
0
1387
2502
0
0
0
0
0
0
2280
1227
0
0
0
0
0
0
2264
3237
0
0
0
0
0
0
1330
452
0
0
0
0
0
0
3266
4033
0
0
0
0
0
0
292
3742
0
0
0
0
0
0
233
749
0
0
0
0
0
0
3315
2943
0
0
0
0
0
0
1297
1519
0
0
0
0
0
0
2282
2213
0
0
0
0
0
0
2284
2198
0
0
0
0
0
0
1350
1589
0
0
0
0
0
0
3141
2750
0
0
0
0
0
0
584
1122
0
0
0
0
0
0
3807
3129
0
0
0
0
0
0
30
836
0
0
0
0
0
0
141
3314
0
0
0
0
0
0
3825
752
0
0
0
0
0
0
309
3294
0
0
0
0
0
0
3797
880
0
0
0
0
0
0
201
3066
0
0
0
0
0
0
4046
1212
0
0
0
0
0
0
3910
2636
0
0
0
0
0
0
463
1730
0
0
0
0
0
0
3274
2036
0
0
0
0
0
0
1209
2396
0
0
0
0
0
0
2429
1308
0
0
0
0
0
0
2146
3183
0
0
0
0
0
0
1416
482
0
0
0
0
0
0
3213
4029
0
0
0
0
0
0
309
3718
0
0
0
0
0
0
248
795
0
0
0
0
0
0
3268
2874
0
0
0
0
0
0
1376
1609
0
0
0
0
0
0
2171
2099
0
0
0
0
0
0
2426
2332
0
0
0
0
0
0
1185
1440
0
0
0
0
0
0
3329
2913
0
0
0
0
0
0
378
949
0
0
0
0
0
0
4030
3311
0
0
0
0
0
0
3891
649
0
0
0
0
0
0
384
3504
0
0
0
0
0
0
3578
565
0
0
0
0
0
0
556
3479
0
0
0
0
0
0
3553
701
0
0
0
0
0
0
434
3232
0
0
0
0
0
0
3821
1054
0
0
0
0
0
0
22
2775
0
0
0
0
0
0
269
1601
0
0
0
0
0
0
3449
2147
0
0
0
0
0
0
1060
2308
0
0
0
0
0
0
2552
1373
0
0
0
0
0
0
2049
3137
0
0
0
0
0
0
1488
508
0
0
0
0
0
0
3167
4024
0
0
0
0
0
0
324
3703
0
0
0
0
0
0
263
835
0
0
0
0
0
0
3223
2811
0
0
0
0
0
0
1442
1687
0
0
0
0
0
0
2081
2006
0
0
0
0
0
0
2535
2437
0
0
0
0
0
0
1056
1322
0
0
0
0
0
0
3478
3044
0
0
0
0
0
0
212
807
0
0
0
0
0
0
110
3458
0
0
0
0
0
0
3709
501
0
0
0
0
0
0
573
3653
0
0
0
0
0
0
3386
417
0
0
0
0
0
0
750
3624
0
0
0
0
0
0
3363
562
0
0
0
0
0
0
616
3361
0
0
0
0
0
0
3647
932
0
0
0
0
0
0
187
2888
0
0
0
0
0
0
120
1505
0
0
0
0
0
0
3581
2229
0
0
0
0
0
0
944
2241
0
0
0
0
0
0
2647
1424
0
0
0
0
0
0
1975
3102
0
0
0
0
0
0
1541
1714
0
0
0
0
0
0
3455
1983
0
0
0
0
0
0
984
3414
0
0
0
0
0
0
3063
863
0
0
0
0
0
0
4052
2602
0
0
0
0
0
0
572
1490
0
0
0
0
0
0
190
1833
0
0
0
0
0
0
3820
3967
0
0
0
0
0
0
630
300
0
0
0
0
0
0
2220
1631
0
0
0
0
0
0
3668
3054
0
0
0
0
0
0
3394
2626
0
0
0
0
0
0
1293
804
0
0
0
0
0
0
487
1324
0
0
0
0
0
0
591
3861
0
0
0
0
0
0
2804
1842
0
0
0
0
0
0
2738
3634
0
0
0
0
0
0
1762
3812
0
0
0
0
0
0
3204
1372
0
0
0
0
0
0
925
3045
0
0
0
0
0
0
3506
1455
0
0
0
0
0
0
2619
2369
0
0
0
0
0
0
2138
1274
0
0
0
0
0
0
3010
1863
0
0
0
0
0
0
2080
1691
0
0
0
0
0
0
1597
2975
0
0
0
0
0
0
4078
1063
0
0
0
0
0
0
3550
3061
0
0
0
0
0
0
2803
2009
0
0
0
0
0
0
1914
3521
0
0
0
0
0
0
1789
823
0
0
0
0
0
0
3166
1652
0
0
0
0
0
0
3056
3169
0
0
0
0
0
0
2070
3030
0
0
0
0
0
0
3273
3546
0
0
0
0
0
0
2440
1824
0
0
0
0
0
0
3122
481
0
0
0
0
0
0
3850
2398
0
0
0
0
0
0
3242
939
0
0
0
0
0
0
1254
336
0
0
0
0
0
0
1882
2809
0
0
0
0
0
0
3350
3177
0
0
0
0
0
0
1302
4014
0
0
0
0
0
0
2619
3255
0
0
0
0
0
0
1701
254
0
0
0
0
0
0
4058
1589
0
0
0
0
0
0
1385
1582
0
0
0
0
0
0
3199
1672
0
0
0
0
0
0
256
3415
0
0
0
0
0
0
1447
1574
0
0
0
0
0
0
260
499
0
0
0
0
0
0
2654
960
0
0
0
0
0
0
1636
2795
0
0
0
0
0
0
973
1648
0
0
0
0
0
0
2718
164
0
0
0
0
0
0
2862
1813
0
0
0
0
0
0
2220
324
0
0
0
0
0
0
3013
1327
0
0
0
0
0
0
2084
2905
0
0
0
0
0
0
3182
1425
0
0
0
0
0
0
3381
3780
0
0
0
0
0
0
2870
3263
0
0
0
0
0
0
3189
3989
0
0
0
0
0
0
559
1838
0
0
0
0
0
0
1906
500
0
0
0
0
0
0
3651
1033
0
0
0
0
0
0
3622
3363
0
0
0
0
0
0
1385
863
0
0
0
0
0
0
2687
3316
0
0
0
0
0
0
1962
3407
0
0
0
0
0
0
4069
1602
0
0
0
0
0
0
3435
3316
0
0
0
0
0
0
3202
1676
0
0
0
0
0
0
2010
1711
0
0
0
0
0
0
1451
1575
0
0
0
0
0
0
3788
4071
0
0
0
0
0
0
2657
963
0
0
0
0
0
0
1550
1505
0
0
0
0
0
0
2090
1554
0
0
0
0
0
0
1467
3085
0
0
0
0
0
0
1597
659
0
0
0
0
0
0
3102
1569
0
0
0
0
0
0
3019
3128
0
0
0
0
0
0
2069
3024
0
0
0
0
0
0
3266
3538
0
0
0
0
0
0
2450
1827
0
0
0
0
0
0
3104
468
0
0
0
0
0
0
3874
2417
0
0
0
0
0
0
3217
919
0
0
0
0
0
0
1287
362
0
0
0
0
0
0
1626
881
0
0
0
0
0
0
1851
3000
0
0
0
0
0
0
2601
948
0
0
0
0
0
0
1614
3289
0
0
0
0
0
0
876
3134
0
0
0
0
0
0
4074
2001
0
0
0
0
0
0
2555
2338
0
0
0
0
0
0
2226
1380
0
0
0
0
0
0
2978
1843
0
0
0
0
0
0
3996
1678
0
0
0
0
0
0
2676
2387
0
0
0
0
0
0
2991
1038
0
0
0
0
0
0
3195
3010
0
0
0
0
0
0
2675
131
0
0
0
0
0
0
1298
3403
0
0
0
0
0
0
668
1480
0
0
0
0
0
0
577
2157
0
0
0
0
0
0
3875
4000
0
0
0
0
0
0
709
386
0
0
0
0
0
0
2230
1636
0
0
0
0
0
0
3693
3084
0
0
0
0
0
0
3372
2607
0
0
0
0
0
0
1546
2736
0
0
0
0
0
0
226
625
0
0
0
0
0
0
3241
15
0
0
0
0
0
0
3205
1895
0
0
0
0
0
0
3947
1291
0
0
0
0
0
0
465
3097
0
0
0
0
0
0
3650
1008
0
0
0
0
0
0
220
2880
0
0
0
0
0
0
93
1495
0
0
0
0
0
0
3590
2234
0
0
0
0
0
0
948
2239
0
0
0
0
0
0
2634
1421
0
0
0
0
0
0
1991
3107
0
0
0
0
0
0
1523
523
0
0
0
0
0
0
3150
4021
0
0
0
0
0
0
330
3696
0
0
0
0
0
0
267
845
0
0
0
0
0
0
3217
2802
0
0
0
0
0
0
1454
1699
0
0
0
0
0
0
2069
1996
0
0
0
0
0
0
2545
2444
0
0
0
0
0
0
1053
1325
0
0
0
0
0
0
3465
3030
0
0
0
0
0
0
239
833
0
0
0
0
0
0
69
3421
0
0
0
0
0
0
3761
546
0
0
0
0
0
0
505
3600
0
0
0
0
0
0
3473
485
0
0
0
0
0
0
644
3544
0
0
0
0
0
0
3483
650
0
0
0
0
0
0
487
3272
0
0
0
0
0
0
3784
1027
0
0
0
0
0
0
45
2792
0
0
0
0
0
0
264
1596
0
0
0
0
0
0
3443
2144
0
0
0
0
0
0
1076
2316
0
0
0
0
0
0
2528
1362
0
0
0
0
0
0
2074
3145
0
0
0
0
0
0
1464
503
0
0
0
0
0
0
3188
4025
0
0
0
0
0
0
316
3713
0
0
0
0
0
0
256
810
0
0
0
0
0
0
3251
2854
0
0
0
0
0
0
1393
1627
0
0
0
0
0
0
2156
2086
0
0
0
0
0
0
2435
2336
0
0
0
0
0
0
1187
1446
0
0
0
0
0
0
3312
2896
0
0
0
0
0
0
405
976
0
0
0
0
0
0
3978
3267
0
0
0
0
0
0
3962
708
0
0
0
0
0
0
293
3432
0
0
0
0
0
0
3692
652
0
0
0
0
0
0
422
3378
0
0
0
0
0
0
3706
812
0
0
0
0
0
0
266
3113
0
0
0
0
0
0
4000
1178
0
0
0
0
0
0
3935
2653
0
0
0
0
0
0
457
1725
0
0
0
0
0
0
3267
2035
0
0
0
0
0
0
1229
2406
0
0
0
0
0
0
2400
1294
0
0
0
0
0
0
2178
3194
0
0
0
0
0
0
1385
475
0
0
0
0
0
0
3236
4030
0
0
0
0
0
0
297
3731
0
0
0
0
0
0
243
767
0
0
0
0
0
0
3298
2920
0
0
0
0
0
0
1317
1539
0
0
0
0
0
0
2261
2195
0
0
0
0
0
0
2297
2206
0
0
0
0
0
0
1353
1597
0
0
0
0
0
0
3122
2728
0
0
0
0
0
0
621
1158
0
0
0
0
0
0
3748
3078
0
0
0
0
0
0
111
905
0
0
0
0
0
0
34
3231
0
0
0
0
0
0
3962
858
0
0
0
0
0
0
149
3175
0
0
0
0
0
0
3978
1013
0
0
0
0
0
0
0
2922
0
0
0
0
0
0
160
1356
0
0
0
0
0
0
3690
2488
0
0
0
0
0
0
684
1870
0
0
0
0
0
0
3057
1904
0
0
0
0
0
0
1417
2516
0
0
0
0
0
0
2243
1209
0
0
0
0
0
0
2302
3253
0
0
0
0
0
0
1296
445
0
0
0
0
0
0
3291
4030
0
0
0
0
0
0
283
3762
0
0
0
0
0
0
222
711
0
0
0
0
0
0
3353
3004
0
0
0
0
0
0
1229
1432
0
0
0
0
0
0
2385
2325
0
0
0
0
0
0
2140
2053
0
0
0
0
0
0
1541
1769
0
0
0
0
0
0
2904
2538
0
0
0
0
0
0
866
1364
0
0
0
0
0
0
3479
2857
0
0
0
0
0
0
404
1138
0
0
0
0
0
0
3827
2993
0
0
0
0
0
0
173
1094
0
0
0
0
0
0
3930
2938
0
0
0
0
0
0
196
1243
0
0
0
0
0
0
3787
2703
0
0
0
0
0
0
462
1567
0
0
0
0
0
0
3408
2297
0
0
0
0
0
0
945
2040
0
0
0
0
0
0
2822
1758
0
0
0
0
0
0
1624
2638
0
0
0
0
0
0
2066
1114
0
0
0
0
0
0
2445
3320
0
0
0
0
0
0
1191
407
0
0
0
0
0
0
3358
4040
0
0
0
0
0
0
255
3784
0
0
0
0
0
0
207
655
0
0
0
0
0
0
3411
3090
0
0
0
0
0
0
1126
1314
0
0
0
0
0
0
2530
2475
0
0
0
0
0
0
1959
1880
0
0
0
0
0
0
1757
1965
0
0
0
0
0
0
2655
2320
0
0
0
0
0
0
1143
1600
0
0
0
0
0
0
3179
2610
0
0
0
0
0
0
723
1393
0
0
0
0
0
0
3491
2729
0
0
0
0
0
0
518
1358
0
0
0
0
0
0
3582
2676
0
0
0
0
0
0
541
1494
0
0
0
0
0
0
3446
2459
0
0
0
0
0
0
789
1795
0
0
0
0
0
0
3099
2089
0
0
0
0
0
0
1232
2227
0
0
0
0
0
0
2563
1595
0
0
0
0
0
0
1849
2770
0
0
0
0
0
0
1871
1009
0
0
0
0
0
0
2602
3392
0
0
0
0
0
0
1078
370
0
0
0
0
0
0
3427
4042
0
0
0
0
0
0
230
3813
0
0
0
0
0
0
190
593
0
0
0
0
0
0
3477
3188
0
0
0
0
0
0
1014
1183
0
0
0
0
0
0
2685
2634
0
0
0
0
0
0
1765
1694
0
0
0
0
0
0
1989
2178
0
0
0
0
0
0
2391
2090
0
0
0
0
0
0
1438
1850
0
0
0
0
0
0
2857
2345
0
0
0
0
0
0
1067
1671
0
0
0
0
0
0
3134
2448
0
0
0
0
0
0
889
1641
0
0
0
0
0
0
3208
2398
0
0
0
0
0
0
918
1770
0
0
0
0
0
0
3082
2199
0
0
0
0
0
0
1140
2037
0
0
0
0
0
0
2765
1865
0
0
0
0
0
0
1540
2426
0
0
0
0
0
0
2283
1423
0
0
0
0
0
0
2095
2916
0
0
0
0
0
0
1665
895
0
0
0
0
0
0
2763
3467
0
0
0
0
0
0
958
330
0
0
0
0
0
0
3498
4044
0
0
0
0
0
0
204
3845
0
0
0
0
0
0
165
523
0
0
0
0
0
0
3548
3293
0
0
0
0
0
0
898
1046
0
0
0
0
0
0
2846
2802
0
0
0
0
0
0
1558
1496
0
0
0
0
0
0
2234
2402
0
0
0
0
0
0
2109
1842
0
0
0
0
0
0
1752
2114
0
0
0
0
0
0
2516
2065
0
0
0
0
0
0
1427
1960
0
0
0
0
0
0
2757
2154
0
0
0
0
0
0
1274
1936
0
0
0
0
0
0
2819
2107
0
0
0
0
0
0
1303
2051
0
0
0
0
0
0
2701
1927
0
0
0
0
0
0
1505
2291
0
0
0
0
0
0
2421
1632
0
0
0
0
0
0
1858
2635
0
0
0
0
0
0
1994
1242
0
0
0
0
0
0
2348
3063
0
0
0
0
0
0
1455
785
0
0
0
0
0
0
2934
3546
0
0
0
0
0
0
830
284
0
0
0
0
0
0
3579
4055
0
0
0
0
0
0
177
3878
0
0
0
0
0
0
141
451
0
0
0
0
0
0
3619
3397
0
0
0
0
0
0
777
907
0
0
0
0
0
0
3012
2975
0
0
0
0
0
0
1350
1293
0
0
0
0
0
0
2487
2633
0
0
0
0
0
0
1820
1590
0
0
0
0
0
0
2075
2387
0
0
0
0
0
0
2168
1780
0
0
0
0
0
0
1798
2254
0
0
0
0
0
0
2371
1851
0
0
0
0
0
0
1672
2242
0
0
0
0
0
0
2418
1806
0
0
0
0
0
0
1702
2346
0
0
0
0
0
0
2313
1649
0
0
0
0
0
0
1877
2551
0
0
0
0
0
0
2069
1395
0
0
0
0
0
0
2185
2848
0
0
0
0
0
0
1704
1060
0
0
0
0
0
0
2605
3214
0
0
0
0
0
0
1239
669
0
0
0
0
0
0
3106
3626
0
0
0
0
0
0
707
243
0
0
0
0
0
0
3655
4056
0
0
0
0
0
0
147
3910
0
0
0
0
0
0
121
384
0
0
0
0
0
0
3690
3503
0
0
0
0
0
0
659
767
0
0
0
0
0
0
3179
3149
0
0
0
0
0
0
1138
1091
0
0
0
0
0
0
2739
2861
0
0
0
0
0
0
1534
1338
0
0
0
0
0
0
2392
2657
0
0
0
0
0
0
1823
1494
0
0
0
0
0
0
2164
2549
0
0
0
0
0
0
1990
1555
0
0
0
0
0
0
2061
2537
0
0
0
0
0
0
2021
1510
0
0
0
0
0
0
2092
2630
0
0
0
0
0
0
1932
1377
0
0
0
0
0
0
2243
2805
0
0
0
0
0
0
1723
1161
0
0
0
0
0
0
2508
3059
0
0
0
0
0
0
1412
878
0
0
0
0
0
0
2857
3363
0
0
0
0
0
0
1026
552
0
0
0
0
0
0
3276
3707
0
0
0
0
0
0
584
201
0
0
0
0
0
0
3734
4064
0
0
0
0
0
0
119
3942
0
0
0
0
0
0
100
316
0
0
0
0
0
0
3764
3609
0
0
0
0
0
0
539
628
0
0
0
0
0
0
3342
3317
0
0
0
0
0
0
931
890
0
0
0
0
0
0
2982
3084
0
0
0
0
0
0
1253
1093
0
0
0
0
0
0
2703
2920
0
0
0
0
0
0
1485
1216
0
0
0
0
0
0
2520
2835
0
0
0
0
0
0
1615
1261
0
0
0
0
0
0
2442
2831
0
0
0
0
0
0
1639
1223
0
0
0
0
0
0
2473
2908
0
0
0
0
0
0
1562
1115
0
0
0
0
0
0
2598
3051
0
0
0
0
0
0
1389
937
0
0
0
0
0
0
2812
3257
0
0
0
0
0
0
1136
706
0
0
0
0
0
0
3100
3507
0
0
0
0
0
0
823
443
0
0
0
0
0
0
3437
3782
0
0
0
0
0
0
467
160
0
0
0
0
0
0
3803
4068
0
0
0
0
0
0
98
3974
0
0
0
0
0
0
75
248
0
0
0
0
0
0
3831
3710
0
0
0
0
0
0
426
496
0
0
0
0
0
0
3497
3477
0
0
0
0
0
0
738
706
0
0
0
0
0
0
3214
3295
0
0
0
0
0
0
988
861
0
0
0
0
0
0
2997
3167
0
0
0
0
0
0
1169
957
0
0
0
0
0
0
2857
3105
0
0
0
0
0
0
1267
988
0
0
0
0
0
0
2800
3104
0
0
0
0
0
0
1284
959
0
0
0
0
0
0
2828
3167
0
0
0
0
0
0
1214
866
0
0
0
0
0
0
2931
3284
0
0
0
0
0
0
1074
723
0
0
0
0
0
0
3103
3446
0
0
0
0
0
0
874
543
0
0
0
0
0
0
3327
3639
0
0
0
0
0
0
632
339
0
0
0
0
0
0
3588
3855
0
0
0
0
0
0
358
121
0
0
0
0
0
0
3872
4075
0
0
0
0
0
0
71
4001
0
0
0
0
0
0
57
188
0
0
0
0
0
0
3893
3800
0
0
0
0
0
0
323
374
0
0
0
0
0
0
3639
3625
0
0
0
0
0
0
560
535
0
0
0
0
0
0
3429
3489
0
0
0
0
0
0
742
645
0
0
0
0
0
0
3268
3397
0
0
0
0
0
0
873
714
0
0
0
0
0
0
3169
3354
0
0
0
0
0
0
945
737
0
0
0
0
0
0
3131
3358
0
0
0
0
0
0
952
710
0
0
0
0
0
0
3155
3406
0
0
0
0
0
0
897
640
0
0
0
0
0
0
3235
3495
0
0
0
0
0
0
792
533
0
0
0
0
0
0
3365
3615
0
0
0
0
0
0
640
398
0
0
0
0
0
0
3534
3762
0
0
0
0
0
0
459
247
0
0
0
0
0
0
3727
3919
0
0
0
0
0
0
256
87
0
0
0
0
0
0
3933
4078
0
0
0
0
0
0
49
4026
0
0
0
0
0
0
41
134
0
0
0
0
0
0
3948
3882
0
0
0
0
0
0
228
266
0
0
0
0
0
0
3770
3759
0
0
0
0
0
0
395
377
0
0
0
0
0
0
3623
3666
0
0
0
0
0
0
527
457
0
0
0
0
0
0
3510
3603
0
0
0
0
0
0
616
503
0
0
0
0
0
0
3441
3572
0
0
0
0
0
0
660
514
0
0
0
0
0
0
3421
3579
0
0
0
0
0
0
658
490
0
0
0
0
0
0
3444
3619
0
0
0
0
0
0
617
438
0
0
0
0
0
0
3503
3681
0
0
0
0
0
0
542
363
0
0
0
0
0
0
3595
3767
0
0
0
0
0
0
434
268
0
0
0
0
0
0
3712
3867
0
0
0
0
0
0
308
164
0
0
0
0
0
0
3845
3974
0
0
0
0
0
0
172
57
0
0
0
0
0
0
3982
4080
0
0
0
0
0
0
30
4046
0
0
0
0
0
0
25
87
0
0
0
0
0
0
3996
3952
0
0
0
0
0
0
148
173
0
0
0
0
0
0
3881
3873
0
0
0
0
0
0
253
241
0
0
0
0
0
0
3784
3814
0
0
0
0
0
0
339
293
0
0
0
0
0
0
3714
3775
0
0
0
0
0
0
392
318
0
0
0
0
0
0
3678
3760
0
0
0
0
0
0
418
327
0
0
0
0
0
0
3668
3768
0
0
0
0
0
0
412
306
0
0
0
0
0
0
3686
3796
0
0
0
0
0
0
382
269
0
0
0
0
0
0
3726
3840
0
0
0
0
0
0
333
222
0
0
0
0
0
0
3784
3890
0
0
0
0
0
0
265
164
0
0
0
0
0
0
3858
3953
0
0
0
0
0
0
186
98
0
0
0
0
0
0
3943
4022
0
0
0
0
0
0
100
31
0
0
0
0
0
0
4027
4085
0
0
0
0
0
0
16
4067
0
0
0
0
0
0
15
49
0
0
0
0
0
0
4036
4011
0
0
0
0
0
0
84
99
0
0
0
0
0
0
3969
3965
0
0
0
0
0
0
145
138
0
0
0
0
0
0
3917
3935
0
0
0
0
0
0
189
163
0
0
0
0
0
0
3878
3912
0
0
0
0
0
0
217
176
0
0
0
0
0
0
3860
3906
0
0
0
0
0
0
228
176
0
0
0
0
0
0
3860
3914
0
0
0
0
0
0
222
163
0
0
0
0
0
0
3873
3933
0
0
0
0
0
0
204
143
0
0
0
0
0
0
3895
3955
0
0
0
0
0
0
172
115
0
0
0
0
0
0
3930
3983
0
0
0
0
0
0
137
86
0
0
0
0
0
0
3971
4019
0
0
0
0
0
0
90
47
0
0
0
0
0
0
4015
4054
0
0
0
0
0
0
47
13
0
0
0
0
0
0
4059
4086
0
0
0
0
0
0
9
4083
0
0
0
0
0
0
0
17
0
0
0
0
0
0
4067
4055
0
0
0
0
0
0
36
43
0
0
0
0
0
0
4034
4033
0
0
0
0
0
0
61
58
0
0
0
0
0
0
4012
4020
0
0
0
0
0
0
84
73
0
0
0
0
0
0
3997
4010
0
0
0
0
0
0
93
75
0
0
0
0
0
0
3995
4014
0
0
0
0
0
0
91
69
0
0
0
0
0
0
3998
4021
0
0
0
0
0
0
83
60
0
0
0
0
0
0
4004
4030
0
0
0
0
0
0
75
50
0
0
0
0
0
0
4017
4042
0
0
0
0
0
0
62
41
0
0
0
0
0
0
4032
4050
0
0
0
0
0
0
46
27
0
0
0
0
0
0
4048
4063
0
0
0
0
0
0
29
15
0
0
0
0
0
0
4064
4075
0
0
0
0
0
0
14
5
0
0
0
0
0
0
4080
4087
0
0
0
0
0
0
4094
4088
0
0
0
0
0
0
4093
3
0
0
0
0
0
0
4083
4079
0
0
0
0
0
0
7
8
0
0
0
0
0
0
4074
4074
0
0
0
0
0
0
12
12
0
0
0
0
0
0
4074
4075
0
0
0
0
0
0
15
11
0
0
0
0
0
0
4070
4073
0
0
0
0
0
0
11
8
0
0
0
0
0
0
4072
4075
0
0
0
0
0
0
13
8
0
0
0
0
0
0
4073
4076
0
0
0
0
0
0
8
4
0
0
0
0
0
0
4076
4081
0
0
0
0
0
0
9
5
0
0
0
0
0
0
4079
4083
0
0
0
0
0
0
6
3
0
0
0
0
0
0
4084
4085
0
0
0
0
0
0
1
0
0
0
0
0
0
0
4087
4088
0
0
0
0
0
0
4092
4093
0
0
0
0
0
0
4092
4092
0
0
0
0
0
0
4090
4089
0
0
0
0
0
0
4091
4092
0
0
0
0
0
0
4093
4091
0
0
0
0
0
0
4089
4091
0
0
0
0
0
0
4093
4093
0
0
0
0
0
0
4090
4089
0
0
0
0
0
0
4092
4093
0
0
0
0
0
0
1
1
0
0
0
0
0
0
4095
4095
0
0
0
0
0
0
0
0
0
0
0
0
0
0
4095
4095
0
0
0
0
0
0
0
0
0
0
0
0
0
0
4095
4095
0
0
0
0
0
0
0
0
0
0
0
0
0
0
0
4095
0
0
0
0
0
0
4095
4095
0
0
0
0
0
0
0
0
0
0
0
0
0
0
4095
4095
0
0
0
0
0
0
0
0
0
0
0
0
0
0
4095
4095
0
0
0
0
0
0
0
0
0
0
0
0
0
0
4095
4095
0
0
0
0
0
0
0
0
0
0
0
0
0
0
4095
4095
0
0
0
0
0
0
0
0
0
0
0
0
0
0
4095
4095
0
0
0
0
0
0
0
0
0
0
0
0
0
0
4095
4095
0
0
0
0
0
0
0
0
0
0
0
0
0
0
4095
4095
0
0
0
0
0
0
0
0
0
0
0
0
0
0
4095
4095
0
0
0
0
0
0
0
0
0
0
0
0
0
0
4095
4095
0
0
0
0
0
0
0
0
0
0
0
0
0
0
4095
4095
0
0
0
0
0
0
0
0
0
0
0
0
0
0
4095
4095
0
0
0
0
0
0
0
0
0
0
0
0
0
0
4095
4095
0
0
0
0
0
0
0
0
0
0
0
0
0
0
4095
4095
0
0
0
0
0
0
0
0
0
0
0
0
0
0
4095
4095
0
0
0
0
0
0
0
0
0
0
0
0
0
0
4095
4095
0
0
0
0
0
0
0
0
0
0
0
0
0
0
4095
4095
0
0
0
0
0
0
0
0
0
0
0
0
0
0
4095
4095
0
0
0
0
0
0
0
0
0
0
0
0
0
0
4095
4095
0
0
0
0
0
0
0
0
0
0
0
0
0
0
4095
4095
0
0
0
0
0
0
0
0
0
0
0
0
0
0
4095
4095
0
0
0
0
0
0
0
0
0
0
0
0
0
0
4095
4095
0
0
0
0
0
0
0
0
0
0
0
0
0
0
4095
4095
0
0
0
0
0
0
0
0
0
0
0
0
0
0
4095
4095
0
0
0
0
0
0
0
0
0
0
0
0
0
0
4095
4095
0
0
0
0
0
0
0
0
0
0
0
0
0
0
4095
4095
0
0
0
0
0
0
0
0
0
0
0
0
0
0
4095
4095
0
0
0
0
0
0
0
0
0
0
0
0
0
0
4095
4095
0
0
0
0
0
0
0
0
0
0
0
0
0
0
4095
4095
0
0
0
0
0
0
0
0
0
0
0
0
0
0
4095
4095
0
0
0
0
0
0
0
0
0
0
0
0
0
0
4095
4095
0
0
0
0
0
0
0
0
0
0
0
0
0
0
4095
4095
0
0
0
0
0
0
0
0
0
0
0
0
0
0
4095
4095
0
0
0
0
0
0
0
0
0
0
0
0
0
0
4095
4095
0
0
0
0
0
0
0
0
0
0
0
0
0
0
4095
4095
0
0
0
0
0
0
0
0
0
0
0
0
0
0
4095
4095
0
0
0
0
0
0
0
0
0
0
0
0
0
0
4095
4095
0
0
0
0
0
0
0
0
0
0
0
0
0
0
4095
4095
0
0
0
0
0
0
0
0
0
0
0
0
0
0
4095
4095
0
0
0
0
0
0
0
0
0
0
0
0
0
0
4095
4095
0
0
0
0
0
0
0
0
0
0
0
0
0
0
4095
4095
0
0
0
0
0
0
0
0
0
0
0
0
0
0
4095
4095
0
0
0
0
0
0
0
0
0
0
0
0
0
0
4095
4095
0
0
0
0
0
0
0
0
0
0
0
0
0
0
4095
4095
0
0
0
0
0
0
0
0
0
0
0
0
0
0
4095
4095
0
0
0
0
0
0
0
0
0
0
0
0
0
0
4095
4095
0
0
0
0
0
0
0
0
0
0
0
0
0
0
4095
4095
0
0
0
0
0
0
0
0
0
0
0
0
0
0
4095
4095
0
0
0
0
0
0
0
0
0
0
0
0
0
0
4095
4095
0
0
0
0
0
0
0
0
0
0
0
0
0
0
4095
4095
0
0
0
0
0
0
0
0
0
0
0
0
0
0
4095
4095
0
0
0
0
0
0
0
0
0
0
0
0
0
0
4095
4095
0
0
0
0
0
0
0
0
0
0
0
0
0
0
4095
4095
0
0
0
0
0
0
0
0
0
0
0
0
0
0
4095
4095
0
0
0
0
0
0
0
0
0
0
0
0
0
0
4095
4095
0
0
0
0
0
0
0
0
0
0
0
0
0
0
4095
4095
0
0
0
0
0
0
0
0
0
0
0
0
0
0
4095
4095
0
0
0
0
0
0
0
0
0
0
0
0
0
0
4095
4095
0
0
0
0
0
0
0
0
0
0
0
0
0
0
4095
4095
0
0
0
0
0
0
0
0
0
0
0
0
0
0
4095
4095
0
0
0
0
0
0
0
0
0
0
0
0
0
0
4095
4095
0
0
0
0
0
0
0
0
0
0
0
0
0
0
4095
4095
0
0
0
0
0
0
0
0
0
0
0
0
0
0
4095
4095
0
0
0
0
0
0
0
0
0
0
0
0
0
0
4095
4095
0
0
0
0
0
0
0
0
0
0
0
0
0
0
4095
4095
0
0
0
0
0
0
0
0
0
0
0
0
0
0
4095
4095
0
0
0
0
0
0
0
0
0
0
0
0
0
0
4095
4095
0
0
0
0
0
0
0
0
0
0
0
0
0
0
4095
4095
0
0
0
0
0
0
0
0
0
0
0
0
0
0
4095
4095
0
0
0
0
0
0
0
0
0
0
0
0
0
0
4095
4095
0
0
0
0
0
0
0
0
0
0
0
0
0
0
4095
4095
0
0
0
0
0
0
0
0
0
0
0
0
0
0
4095
4095
0
0
0
0
0
0
0
0
0
0
0
0
0
0
4095
4095
0
0
0
0
0
0
0
0
0
0
0
0
0
0
4095
4095
0
0
0
0
0
0
0
0
0
0
0
0
0
0
4095
4095
0
0
0
0
0
0
0
0
0
0
0
0
0
0
4095
4095
0
0
0
0
0
0
0
0
0
0
0
0
0
0
4095
4095
0
0
0
0
0
0
0
0
0
0
0
0
0
0
4095
4095
0
0
0
0
0
0
0
0
0
0
0
0
0
0
4095
4095
0
0
0
0
0
0
0
0
0
0
0
0
0
0
4095
4095
0
0
0
0
0
0
0
0
0
0
0
0
0
0
4095
4095
0
0
0
0
0
0
0
0
0
0
0
0
0
0
4095
4095
0
0
0
0
0
0
0
0
0
0
0
0
0
0
4095
4095
0
0
0
0
0
0
0
0
0
0
0
0
0
0
4095
4095
0
0
0
0
0
0
0
0
0
0
0
0
0
0
4095
4095
0
0
0
0
0
0
0
0
0
0
0
0
0
0
4095
4095
0
0
0
0
0
0
0
0
0
0
0
0
0
0
4095
4095
0
0
0
0
0
0
0
0
0
0
0
0
0
0
4095
4095
0
0
0
0
0
0
0
0
0
0
0
0
0
0
4095
4095
0
0
0
0
0
0
0
0
0
0
0
0
0
0
4095
4095
0
0
0
0
0
0
0
0
0
0
0
0
0
0
4095
4095
0
0
0
0
0
0
0
0
0
0
0
0
0
0
4095
4095
0
0
0
0
0
0
0
0
0
0
0
0
0
0
4095
4095
0
0
0
0
0
0
0
0
0
0
0
0
0
0
4095
4095
0
0
0
0
0
0
0
0
0
0
0
0
0
0
4095
4095
0
0
0
0
0
0
0
0
0
0
0
0
0
0
4095
4095
0
0
0
0
0
0
0
0
0
0
0
0
0
0
4095
4095
0
0
0
0
0
0
0
0
0
0
0
0
0
0
4095
4095
0
0
0
0
0
0
0
0
0
0
0
0
0
0
4095
4095
0
0
0
0
0
0
0
0
0
0
0
0
0
0
4095
4095
0
0
0
0
0
0
0
0
0
0
0
0
0
0
4095
4095
0
0
0
0
0
0
0
0
0
0
0
0
0
0
4095
4095
0
0
0
0
0
0
0
0
0
0
0
0
0
0
4095
4095
0
0
0
0
0
0
0
0
0
0
0
0
0
0
4095
4095
0
0
0
0
0
0
0
0
0
0
0
0
0
0
4095
4095
0
0
0
0
0
0
0
0
0
0
0
0
0
0
4095
4095
0
0
0
0
0
0
0
0
0
0
0
0
0
0
4095
4095
0
0
0
0
0
0
0
0
0
0
0
0
0
0
4095
4095
0
0
0
0
0
0
0
0
0
0
0
0
0
0
4095
4095
0
0
0
0
0
0
0
0
0
0
0
0
0
0
4095
4095
0
0
0
0
0
0
0
0
0
0
0
0
0
0
4095
4095
0
0
0
0
0
0
0
0
0
0
0
0
0
0
4095
4095
0
0
0
0
0
0
0
0
0
0
0
0
0
0
4095
4095
0
0
0
0
0
0
0
0
0
0
0
0
0
0
4095
4095
0
0
0
0
0
0
0
0
0
0
0
0
0
0
4095
4095
0
0
0
0
0
0
0
0
0
0
0
0
0
0
4095
4095
0
0
0
0
0
0
0
0
0
0
0
0
0
0
4095
4095
0
0
0
0
0
0
0
0
0
0
0
0
0
0
4095
4095
0
0
0
0
0
0
0
0
0
0
0
0
0
0
4095
4095
0
0
0
0
0
0
0
0
0
0
0
0
0
0
4095
4095
0
0
0
0
0
0
0
0
0
0
0
0
0
0
4095
4095
0
0
0
0
0
0
0
0
0
0
0
0
0
0
4095
4095
0
0
0
0
0
0
0
0
0
0
0
0
0
0
4095
4095
0
0
0
0
0
0
0
0
0
0
0
0
0
0
4095
4095
0
0
0
0
0
0
0
0
0
0
0
0
0
0
4095
4095
0
0
0
0
0
0
0
0
0
0
0
0
0
0
4095
4095
0
0
0
0
0
0
0
0
0
0
0
0
0
0
4095
4095
0
0
0
0
0
0
0
0
0
0
0
0
0
0
4095
4095
0
0
0
0
0
0
0
0
0
0
0
0
0
0
4095
4095
0
0
0
0
0
0
0
0
0
0
0
0
0
0
4095
4095
0
0
0
0
0
0
0
0
0
0
0
0
0
0
4095
4095
0
0
0
0
0
0
0
0
0
0
0
0
0
0
4095
4095
0
0
0
0
0
0
0
0
0
0
0
0
0
0
4095
4095
0
0
0
0
0
0
0
0
0
0
0
0
0
0
4095
4095
0
0
0
0
0
0
0
0
0
0
0
0
0
0
4095
4095
0
0
0
0
0
0
0
0
0
0
0
0
0
0
4095
4095
0
0
0
0
0
0
0
0
0
0
0
0
0
0
4095
4095
0
0
0
0
0
0
0
0
0
0
0
0
0
0
4095
4095
0
0
0
0
0
0
0
0
0
0
0
0
0
0
4095
4095
0
0
0
0
0
0
0
0
0
0
0
0
0
0
4095
4095
0
0
0
0
0
0
0
0
0
0
0
0
0
0
4095
4095
0
0
0
0
0
0
0
0
0
0
0
0
0
0
4095
4095
0
0
0
0
0
0
0
0
0
0
0
0
0
0
4095
4095
0
0
0
0
0
0
0
0
0
0
0
0
0
0
4095
4095
0
0
0
0
0
0
0
0
0
0
0
0
0
0
4095
4095
0
0
0
0
0
0
0
0
0
0
0
0
0
0
4095
4095
0
0
0
0
0
0
0
0
0
0
0
0
0
0
4095
4095
0
0
0
0
0
0
0
0
0
0
0
0
0
0
4095
4095
0
0
0
0
0
0
0
0
0
0
0
0
0
0
4095
4095
0
0
0
0
0
0
0
0
0
0
0
0
0
0
4095
4095
0
0
0
0
0
0
0
0
0
0
0
0
0
0
4095
4095
0
0
0
0
0
0
0
0
0
0
0
0
0
0
4095
4095
0
0
0
0
0
0
0
0
0
0
0
0
0
0
4095
4095
0
0
0
0
0
0
0
0
0
0
0
0
0
0
4095
4095
0
0
0
0
0
0
0
0
0
0
0
0
0
0
4095
4095
0
0
0
0
0
0
0
0
0
0
0
0
0
0
4095
4095
0
0
0
0
0
0
0
0
0
0
0
0
0
0
4095
4095
0
0
0
0
0
0
0
0
0
0
0
0
0
0
4095
4095
0
0
0
0
0
0
0
0
0
0
0
0
0
0
4095
4095
0
0
0
0
0
0
0
0
0
0
0
0
0
0
4095
4095
0
0
0
0
0
0
0
0
0
0
0
0
0
0
4095
4095
0
0
0
0
0
0
0
0
0
0
0
0
0
0
4095
4095
0
0
0
0
0
0
0
0
0
0
0
0
0
0
4095
4095
0
0
0
0
0
0
0
0
0
0
0
0
0
0
4095
4095
0
0
0
0
0
0
0
0
0
0
0
0
0
0
4095
4095
0
0
0
0
0
0
0
0
0
0
0
0
0
0
4095
4095
0
0
0
0
0
0
0
0
0
0
0
0
0
0
4095
4095
0
0
0
0
0
0
0
0
0
0
0
0
0
0
4095
4095
0
0
0
0
0
0
0
0
0
0
0
0
0
0
4095
4095
0
0
0
0
0
0
0
0
0
0
0
0
0
0
4095
4095
0
0
0
0
0
0
0
0
0
0
0
0
0
0
4095
4095
0
0
0
0
0
0
0
0
0
0
0
0
0
0
4095
4095
0
0
0
0
0
0
0
0
0
0
0
0
0
0
4095
4095
0
0
0
0
0
0
0
0
0
0
0
0
0
0
4095
4095
0
0
0
0
0
0
0
0
0
0
0
0
0
0
4095
4095
0
0
0
0
0
0
0
0
0
0
0
0
0
0
4095
4095
0
0
0
0
0
0
0
0
0
0
0
0
0
0
4095
4095
0
0
0
0
0
0
0
0
0
0
0
0
0
0
4095
4095
0
0
0
0
0
0
0
0
0
0
0
0
0
0
4095
4095
0
0
0
0
0
0
0
0
0
0
0
0
0
0
4095
4095
0
0
0
0
0
0
0
0
0
0
0
0
0
0
4095
4095
0
0
0
0
0
0
0
0
0
0
0
0
0
0
4095
4095
0
0
0
0
0
0
0
0
0
0
0
0
0
0
4095
4095
0
0
0
0
0
0
0
0
0
0
0
0
0
0
4095
4095
0
0
0
0
0
0
0
0
0
0
0
0
0
0
4095
4095
0
0
0
0
0
0
0
0
0
0
0
0
0
0
4095
4095
0
0
0
0
0
0
0
0
0
0
0
0
0
0
4095
4095
0
0
0
0
0
0
0
0
0
0
0
0
0
0
4095
4095
0
0
0
0
0
0
0
0
0
0
0
0
0
0
4095
4095
0
0
0
0
0
0
0
0
0
0
0
0
0
0
4095
4095
0
0
0
0
0
0
0
0
0
0
0
0
0
0
4095
4095
0
0
0
0
0
0
0
0
0
0
0
0
0
0
4095
4095
0
0
0
0
0
0
0
0
0
0
0
0
0
0
4095
4095
0
0
0
0
0
0
0
0
0
0
0
0
0
0
4095
4095
0
0
0
0
0
0
0
0
0
0
0
0
0
0
4095
4095
0
0
0
0
0
0
0
0
0
0
0
0
0
0
4095
4095
0
0
0
0
0
0
0
0
0
0
0
0
0
0
4095
4095
0
0
0
0
0
0
0
0
0
0
0
0
0
0
4095
4095
0
0
0
0
0
0
0
0
0
0
0
0
0
0
4095
4095
0
0
0
0
0
0
0
0
0
0
0
0
0
0
4095
4095
0
0
0
0
0
0
0
0
0
0
0
0
0
0
4095
4095
0
0
0
0
0
0
0
0
0
0
0
0
0
0
4095
4095
0
0
0
0
0
0
0
0
0
0
0
0
0
0
4095
4095
0
0
0
0
0
0
0
0
0
0
0
0
0
0
4095
4095
0
0
0
0
0
0
0
0
0
0
0
0
0
0
4095
4095
0
0
0
0
0
0
0
0
0
0
0
0
0
0
4095
4095
0
0
0
0
0
0
0
0
0
0
0
0
0
0
4095
4095
0
0
0
0
0
0
0
0
0
0
0
0
0
0
4095
4095
0
0
0
0
0
0
0
0
0
0
0
0
0
0
4095
4095
0
0
0
0
0
0
0
0
0
0
0
0
0
0
4095
4095
0
0
0
0
0
0
0
0
0
0
0
0
0
0
4095
4095
0
0
0
0
0
0
0
0
0
0
0
0
0
0
4095
4095
0
0
0
0
0
0
0
0
0
0
0
0
0
0
4095
4095
0
0
0
0
0
0
0
0
0
0
0
0
0
0
4095
4095
0
0
0
0
0
0
0
0
0
0
0
0
0
0
4095
4095
0
0
0
0
0
0
0
0
0
0
0
0
0
0
4095
4095
0
0
0
0
0
0
0
0
0
0
0
0
0
0
4095
4095
0
0
0
0
0
0
0
0
0
0
0
0
0
0
4095
4095
0
0
0
0
0
0
0
0
0
0
0
0
0
0
4095
4095
0
0
0
0
0
0
0
0
0
0
0
0
0
0
4095
4095
0
0
0
0
0
0
0
0
0
0
0
0
0
0
4095
4095
0
0
0
0
0
0
0
0
0
0
0
0
0
0
4095
4095
0
0
0
0
0
0
0
0
0
0
0
0
0
0
4095
4095
0
0
0
0
0
0
0
0
0
0
0
0
0
0
4095
4095
0
0
0
0
0
0
0
0
0
0
0
0
0
0
4095
4095
0
0
0
0
0
0
0
0
0
0
0
0
0
0
4095
4095
0
0
0
0
0
0
0
0
0
0
0
0
0
0
4095
4095
0
0
0
0
0
0
0
0
0
0
0
0
0
0
4095
4095
0
0
0
0
0
0
0
0
0
0
0
0
0
0
4095
4095
0
0
0
0
0
0
0
0
0
0
0
0
0
0
4095
4095
0
0
0
0
0
0
0
0
0
0
0
0
0
0
4095
4095
0
0
0
0
0
0
0
0
0
0
0
0
0
0
4095
4095
0
0
0
0
0
0
0
0
0
0
0
0
0
0
4095
4095
0
0
0
0
0
0
0
0
0
0
0
0
0
0
4095
4095
0
0
0
0
0
0
0
0
0
0
0
0
0
0
4095
4095
0
0
0
0
0
0
0
0
0
0
0
0
0
0
4095
4095
0
0
0
0
0
0
0
0
0
0
0
0
0
0
4095
4095
0
0
0
0
0
0
0
0
0
0
0
0
0
0
4095
4095
0
0
0
0
0
0
0
0
0
0
0
0
0
0
4095
4095
0
0
0
0
0
0
0
0
0
0
0
0
0
0
4095
4095
0
0
0
0
0
0
0
0
0
0
0
0
0
0
4095
4095
0
0
0
0
0
0
0
0
0
0
0
0
0
0
4095
4095
0
0
0
0
0
0
0
0
0
0
0
0
0
0
4095
4095
0
0
0
0
0
0
0
0
0
0
0
0
0
0
4095
4095
0
0
0
0
0
0
0
0
0
0
0
0
0
0
4095
4095
0
0
0
0
0
0
0
0
0
0
0
0
0
0
4095
4095
0
0
0
0
0
0
0
0
0
0
0
0
0
0
4095
4095
0
0
0
0
0
0
0
0
0
0
0
0
0
0
4095
4095
0
0
0
0
0
0
0
0
0
0
0
0
0
0
4095
4095
0
0
0
0
0
0
0
0
0
0
0
0
0
0
4095
4095
0
0
0
0
0
0
0
0
0
0
0
0
0
0
4095
4095
0
0
0
0
0
0
0
0
0
0
0
0
0
0
4095
4095
0
0
0
0
0
0
0
0
0
0
0
0
0
0
4095
4095
0
0
0
0
0
0
0
0
0
0
0
0
0
0
4095
4095
0
0
0
0
0
0
0
0
0
0
0
0
0
0
4095
4095
0
0
0
0
0
0
0
0
0
0
0
0
0
0
4095
4095
0
0
0
0
0
0
0
0
0
0
0
0
0
0
4095
4095
0
0
0
0
0
0
0
0
0
0
0
0
0
0
4095
4095
0
0
0
0
0
0
0
0
0
0
0
0
0
0
4095
4095
0
0
0
0
0
0
0
0
0
0
0
0
0
0
4095
4095
0
0
0
0
0
0
0
0
0
0
0
0
0
0
4095
4095
0
0
0
0
0
0
0
0
0
0
0
0
0
0
4095
4095
0
0
0
0
0
0
0
0
0
0
0
0
0
0
4095
4095
0
0
0
0
0
0
0
0
0
0
0
0
0
0
4095
4095
0
0
0
0
0
0
0
0
0
0
0
0
0
0
4095
4095
0
0
0
0
0
0
0
0
0
0
0
0
0
0
4095
4095
0
0
0
0
0
0
0
0
0
0
0
0
0
0
4095
4095
0
0
0
0
0
0
0
0
0
0
0
0
0
0
4095
4095
0
0
0
0
0
0
0
0
0
0
0
0
0
0
4095
4095
0
0
0
0
0
0
0
0
0
0
0
0
0
0
4095
4095
0
0
0
0
0
0
0
0
0
0
0
0
0
0
4095
4095
0
0
0
0
0
0
0
0
0
0
0
0
0
0
4095
4095
0
0
0
0
0
0
0
0
0
0
0
0
0
0
4095
4095
0
0
0
0
0
0
0
0
0
0
0
0
0
0
4095
4095
0
0
0
0
0
0
0
0
0
0
0
0
0
0
4095
4095
0
0
0
0
0
0
0
0
0
0
0
0
0
0
4095
4095
0
0
0
0
0
0
0
0
0
0
0
0
0
0
4095
4095
0
0
0
0
0
0
0
0
0
0
0
0
0
0
4095
4095
0
0
0
0
0
0
0
0
0
0
0
0
0
0
4095
4095
0
0
0
0
0
0
0
0
0
0
0
0
0
0
4095
4095
0
0
0
0
0
0
0
0
0
0
0
0
0
0
4095
4095
0
0
0
0
0
0
0
0
0
0
0
0
0
0
4095
4095
0
0
0
0
0
0
0
0
0
0
0
0
0
0
4095
4095
0
0
0
0
0
0
0
0
0
0
0
0
0
0
4095
4095
0
0
0
0
0
0
0
0
0
0
0
0
0
0
4095
4095
0
0
0
0
0
0
0
0
0
0
0
0
0
0
4095
4095
0
0
0
0
0
0
0
0
0
0
0
0
0
0
4095
4095
0
0
0
0
0
0
0
0
0
0
0
0
0
0
4095
4095
0
0
0
0
0
0
0
0
0
0
0
0
0
0
4095
4095
0
0
0
0
0
0
0
0
0
0
0
0
0
0
4095
4095
0
0
0
0
0
0
0
0
0
0
0
0
0
0
4095
4095
0
0
0
0
0
0
0
0
0
0
0
0
0
0
4095
4095
0
0
0
0
0
0
0
0
0
0
0
0
0
0
4095
4095
0
0
0
0
0
0
0
0
0
0
0
0
0
0
4095
4095
0
0
0
0
0
0
0
0
0
0
0
0
0
0
4095
4095
0
0
0
0
0
0
0
0
0
0
0
0
0
0
4095
4095
0
0
0
0
0
0
0
0
0
0
0
0
0
0
4095
4095
0
0
0
0
0
0
0
0
0
0
0
0
0
0
4095
4095
0
0
0
0
0
0
0
0
0
0
0
0
0
0
4095
4095
0
0
0
0
0
0
0
0
0
0
0
0
0
0
4095
4095
0
0
0
0
0
0
0
0
0
0
0
0
0
0
4095
4095
0
0
0
0
0
0
0
0
0
0
0
0
0
0
4095
4095
0
0
0
0
0
0
0
0
0
0
0
0
0
0
4095
4095
0
0
0
0
0
0
0
0
0
0
0
0
0
0
4095
4095
0
0
0
0
0
0
0
0
0
0
0
0
0
0
4095
4095
0
0
0
0
0
0
0
0
0
0
0
0
0
0
4095
4095
0
0
0
0
0
0
0
0
0
0
0
0
0
0
4095
4095
0
0
0
0
0
0
0
0
0
0
0
0
0
0
4095
4095
0
0
0
0
0
0
0
0
0
0
0
0
0
0
4095
4095
0
0
0
0
0
0
0
0
0
0
0
0
0
0
4095
4095
0
0
0
0
0
0
0
0
0
0
0
0
0
0
4095
4095
0
0
0
0
0
0
0
0
0
0
0
0
0
0
4095
4095
0
0
0
0
0
0
0
0
0
0
0
0
0
0
4095
4095
0
0
0
0
0
0
0
0
0
0
0
0
0
0
4095
4095
0
0
0
0
0
0
0
0
0
0
0
0
0
0
4095
4095
0
0
0
0
0
0
0
0
0
0
0
0
0
0
4095
4095
0
0
0
0
0
0
0
0
0
0
0
0
0
0
4095
4095
0
0
0
0
0
0
0
0
0
0
0
0
0
0
4095
4095
0
0
0
0
0
0
0
0
0
0
0
0
0
0
4095
4095
0
0
0
0
0
0
0
0
0
0
0
0
0
0
4095
4095
0
0
0
0
0
0
0
0
0
0
0
0
0
0
4095
4095
0
0
0
0
0
0
0
0
0
0
0
0
0
0
4095
4095
0
0
0
0
0
0
0
0
0
0
0
0
0
0
4095
4095
0
0
0
0
0
0
0
0
0
0
0
0
0
0
4095
4095
0
0
0
0
0
0
0
0
0
0
0
0
0
0
4095
4095
0
0
0
0
0
0
0
0
0
0
0
0
0
0
4095
4095
0
0
0
0
0
0
0
0
0
0
0
0
0
0
4095
4095
0
0
0
0
0
0
0
0
0
0
0
0
0
0
4095
4095
0
0
0
0
0
0
0
0
0
0
0
0
0
0
4095
4095
0
0
0
0
0
0
0
0
0
0
0
0
0
0
4095
4095
0
0
0
0
0
0
0
0
0
0
0
0
0
0
4095
4095
0
0
0
0
0
0
0
0
0
0
0
0
0
0
4095
4095
0
0
0
0
0
0
0
0
0
0
0
0
0
0
4095
4095
0
0
0
0
0
0
0
0
0
0
0
0
0
0
4095
4095
0
0
0
0
0
0
0
0
0
0
0
0
0
0
4095
4095
0
0
0
0
0
0
0
0
0
0
0
0
0
0
4095
4095
0
0
0
0
0
0
0
0
0
0
0
0
0
0
4095
4095
0
0
0
0
0
0
0
0
0
0
0
0
0
0
4095
4095
0
0
0
0
0
0
0
0
0
0
0
0
0
0
4095
4095
0
0
0
0
0
0
0
0
0
0
0
0
0
0
4095
4095
0
0
0
0
0
0
0
0
0
0
0
0
0
0
4095
4095
0
0
0
0
0
0
0
0
0
0
0
0
0
0
4095
4095
0
0
0
0
0
0
0
0
0
0
0
0
0
0
4095
4095
0
0
0
0
0
0
0
0
0
0
0
0
0
0
4095
4095
0
0
0
0
0
0
0
0
0
0
0
0
0
0
4095
4095
0
0
0
0
0
0
0
0
0
0
0
0
0
0
4095
4095
0
0
0
0
0
0
0
0
0
0
0
0
0
0
4095
4095
0
0
0
0
0
0
0
0
0
0
0
0
0
0
4095
4095
0
0
0
0
0
0
0
0
0
0
0
0
0
0
4095
4095
0
0
0
0
0
0
0
0
0
0
0
0
0
0
4095
4095
0
0
0
0
0
0
0
0
0
0
0
0
0
0
4095
4095
0
0
0
0
0
0
0
0
0
0
0
0
0
0
4095
4095
0
0
0
0
0
0
0
0
0
0
0
0
0
0
4095
4095
0
0
0
0
0
0
0
0
0
0
0
0
0
0
4095
4095
0
0
0
0
0
0
0
0
0
0
0
0
0
0
4095
4095
0
0
0
0
0
0
0
0
0
0
0
0
0
0
4095
4095
0
0
0
0
0
0
0
0
0
0
0
0
0
0
4095
4095
0
0
0
0
0
0
0
0
0
0
0
0
0
0
4095
4095
0
0
0
0
0
0
0
0
0
0
0
0
0
0
4095
4095
0
0
0
0
0
0
0
0
0
0
0
0
0
0
4095
4095
0
0
0
0
0
0
0
0
0
0
0
0
0
0
4095
4095
0
0
0
0
0
0
0
0
0
0
0
0
0
0
4095
4095
0
0
0
0
0
0
0
0
0
0
0
0
0
0
4095
4095
0
0
0
0
0
0
0
0
0
0
0
0
0
0
4095
4095
0
0
0
0
0
0
0
0
0
0
0
0
0
0
4095
4095
0
0
0
0
0
0
0
0
0
0
0
0
0
0
4095
4095
0
0
0
0
0
0
0
0
0
0
0
0
0
0
4095
4095
0
0
0
0
0
0
0
0
0
0
0
0
0
0
4095
4095
0
0
0
0
0
0
0
0
0
0
0
0
0
0
4095
4095
0
0
0
0
0
0
0
0
0
0
0
0
0
0
4095
4095
0
0
0
0
0
0
0
0
0
0
0
0
0
0
4095
4095
0
0
0
0
0
0
0
0
0
0
0
0
0
0
4095
4095
0
0
0
0
0
0
0
0
0
0
0
0
0
0
4095
4095
0
0
0
0
0
0
0
0
0
0
0
0
0
0
4095
4095
0
0
0
0
0
0
0
0
0
0
0
0
0
0
4095
4095
0
0
0
0
0
0
0
0
0
0
0
0
0
0
4095
4095
0
0
0
0
0
0
0
0
0
0
0
0
0
0
4095
4095
0
0
0
0
0
0
0
0
0
0
0
0
0
0
4095
4095
0
0
0
0
0
0
0
0
0
0
0
0
0
0
4095
4095
0
0
0
0
0
0
0
0
0
0
0
0
0
0
4095
4095
0
0
0
0
0
0
0
0
0
0
0
0
0
0
4095
4095
0
0
0
0
0
0
0
0
0
0
0
0
0
0
4095
4095
0
0
0
0
0
0
0
0
0
0
0
0
0
0
4095
4095
0
0
0
0
0
0
0
0
0
0
0
0
0
0
4095
4095
0
0
0
0
0
0
0
0
0
0
0
0
0
0
4095
4095
0
0
0
0
0
0
0
0
0
0
0
0
0
0
4095
4095
0
0
0
0
0
0
0
0
0
0
0
0
0
0
4095
4095
0
0
0
0
0
0
0
0
0
0
0
0
0
0
4095
4095
0
0
0
0
0
0
0
0
0
0
0
0
0
0
4095
4095
0
0
0
0
0
0
0
0
0
0
0
0
0
0
4095
4095
0
0
0
0
0
0
0
0
0
0
0
0
0
0
4095
4095
0
0
0
0
0
0
0
0
0
0
0
0
0
0
4095
4095
0
0
0
0
0
0
0
0
0
0
0
0
0
0
4095
4095
0
0
0
0
0
0
0
0
0
0
0
0
0
0
4095
4095
0
0
0
0
0
0
0
0
0
0
0
0
0
0
4095
4095
0
0
0
0
0
0
0
0
0
0
0
0
0
0
4095
4095
0
0
0
0
0
0
0
0
0
0
0
0
0
0
4095
4095
0
0
0
0
0
0
0
0
0
0
0
0
0
0
4095
4095
0
0
0
0
0
0
0
0
0
0
0
0
0
0
4095
4095
0
0
0
0
0
0
0
0
0
0
0
0
0
0
4095
4095
0
0
0
0
0
0
0
0
0
0
0
0
0
0
4095
4095
0
0
0
0
0
0
0
0
0
0
0
0
0
0
4095
4095
0
0
0
0
0
0
0
0
0
0
0
0
0
0
4095
4095
0
0
0
0
0
0
0
0
0
0
0
0
0
0
4095
4095
0
0
0
0
0
0
0
0
0
0
0
0
0
0
4095
4095
0
0
0
0
0
0
0
0
0
0
0
0
0
0
4095
4095
0
0
0
0
0
0
0
0
0
0
0
0
0
0
4095
4095
0
0
0
0
0
0
0
0
0
0
0
0
0
0
4095
4095
0
0
0
0
0
0
0
0
0
0
0
0
0
0
4095
4095
0
0
0
0
0
0
0
0
0
0
0
0
0
0
4095
4095
0
0
0
0
0
0
0
0
0
0
0
0
0
0
4095
4095
0
0
0
0
0
0
0
0
0
0
0
0
0
0
4095
4095
0
0
0
0
0
0
0
0
0
0
0
0
0
0
4095
4095
0
0
0
0
0
0
0
0
0
0
0
0
0
0
4095
4095
0
0
0
0
0
0
0
0
0
0
0
0
0
0
4095
4095
0
0
0
0
0
0
0
0
0
0
0
0
0
0
4095
4095
0
0
0
0
0
0
0
0
0
0
0
0
0
0
4095
4095
0
0
0
0
0
0
0
0
0
0
0
0
0
0
4095
4095
0
0
0
0
0
0
0
0
0
0
0
0
0
0
4095
4095
0
0
0
0
0
0
0
0
0
0
0
0
0
0
4095
4095
0
0
0
0
0
0
0
0
0
0
0
0
0
0
4095
4095
0
0
0
0
0
0
0
0
0
0
0
0
0
0
4095
4095
0
0
0
0
0
0
0
0
0
0
0
0
0
0
4095
4095
0
0
0
0
0
0
0
0
0
0
0
0
0
0
4095
4095
0
0
0
0
0
0
0
0
0
0
0
0
0
0
4095
4095
0
0
0
0
0
0
0
0
0
0
0
0
0
0
4095
4095
0
0
0
0
0
0
0
0
0
0
0
0
0
0
4095
4095
0
0
0
0
0
0
0
0
0
0
0
0
0
0
4095
4095
0
0
0
0
0
0
0
0
0
0
0
0
0
0
4095
4095
0
0
0
0
0
0
0
0
0
0
0
0
0
0
4095
4095
0
0
0
0
0
0
0
0
0
0
0
0
0
0
4095
4095
0
0
0
0
0
0
0
0
0
0
0
0
0
0
4095
4095
0
0
0
0
0
0
0
0
0
0
0
0
0
0
4095
4095
0
0
0
0
0
0
0
0
0
0
0
0
0
0
4095
4095
0
0
0
0
0
0
0
0
0
0
0
0
0
0
4095
4095
0
0
0
0
0
0
0
0
0
0
0
0
0
0
4095
4095
0
0
0
0
0
0
0
0
0
0
0
0
0
0
4095
4095
0
0
0
0
0
0
0
0
0
0
0
0
0
0
4095
4095
0
0
0
0
0
0
0
0
0
0
0
0
0
0
4095
4095
0
0
0
0
0
0
0
0
0
0
0
0
0
0
4095
4095
0
0
0
0
0
0
0
0
0
0
0
0
0
0
4095
4095
0
0
0
0
0
0
0
0
0
0
0
0
0
0
4095
4095
0
0
0
0
0
0
0
0
0
0
0
0
0
0
4095
4095
0
0
0
0
0
0
0
0
0
0
0
0
0
0
4095
4095
0
0
0
0
0
0
0
0
0
0
0
0
0
0
4095
4095
0
0
0
0
0
0
0
0
0
0
0
0
0
0
4095
4095
0
0
0
0
0
0
0
0
0
0
0
0
0
0
4095
4095
0
0
0
0
0
0
0
0
0
0
0
0
0
0
4095
4095
0
0
0
0
0
0
0
0
0
0
0
0
0
0
4095
4095
0
0
0
0
0
0
0
0
0
0
0
0
0
0
4095
4095
0
0
0
0
0
0
0
0
0
0
0
0
0
0
4095
4095
0
0
0
0
0
0
0
0
0
0
0
0
0
0
4095
4095
0
0
0
0
0
0
0
0
0
0
0
0
0
0
4095
4095
0
0
0
0
0
0
0
0
0
0
0
0
0
0
4095
4095
0
0
0
0
0
0
0
0
0
0
0
0
0
0
4095
4095
0
0
0
0
0
0
0
0
0
0
0
0
0
0
4095
4095
0
0
0
0
0
0
0
0
0
0
0
0
0
0
4095
4095
0
0
0
0
0
0
0
0
0
0
0
0
0
0
4095
4095
0
0
0
0
0
0
0
0
0
0
0
0
0
0
4095
4095
0
0
0
0
0
0
0
0
0
0
0
0
0
0
4095
4095
0
0
0
0
0
0
0
0
0
0
0
0
0
0
4095
4095
0
0
0
0
0
0
0
0
0
0
0
0
0
0
4095
4095
0
0
0
0
0
0
0
0
0
0
0
0
0
0
4095
4095
0
0
0
0
0
0
0
0
0
0
0
0
0
0
4095
4095
0
0
0
0
0
0
0
0
0
0
0
0
0
0
4095
4095
0
0
0
0
0
0
0
0
0
0
0
0
0
0
4095
4095
0
0
0
0
0
0
0
0
0
0
0
0
0
0
4095
4095
0
0
0
0
0
0
0
0
0
0
0
0
0
0
4095
4095
0
0
0
0
0
0
0
0
0
0
0
0
0
0
4095
4095
0
0
0
0
0
0
0
0
0
0
0
0
0
0
4095
4095
0
0
0
0
0
0
0
0
0
0
0
0
0
0
4095
4095
0
0
0
0
0
0
0
0
0
0
0
0
0
0
4095
4095
0
0
0
0
0
0
0
0
0
0
0
0
0
0
4095
4095
0
0
0
0
0
0
0
0
0
0
0
0
0
0
4095
4095
0
0
0
0
0
0
0
0
0
0
0
0
0
0
4095
4095
0
0
0
0
0
0
0
0
0
0
0
0
0
0
4095
4095
0
0
0
0
0
0
0
0
0
0
0
0
0
0
4095
4095
0
0
0
0
0
0
0
0
0
0
0
0
0
0
4095
4095
0
0
0
0
0
0
0
0
0
0
0
0
0
0
4095
4095
0
0
0
0
0
0
0
0
0
0
0
0
0
0
4095
4095
0
0
0
0
0
0
0
0
0
0
0
0
0
0
4095
4095
0
0
0
0
0
0
0
0
0
0
0
0
0
0
4095
4095
0
0
0
0
0
0
0
0
0
0
0
0
0
0
4095
4095
0
0
0
0
0
0
0
0
0
0
0
0
0
0
4095
4095
0
0
0
0
0
0
0
0
0
0
0
0
0
0
4095
4095
0
0
0
0
0
0
0
0
0
0
0
0
0
0
4095
4095
0
0
0
0
0
0
0
0
0
0
0
0
0
0
4095
4095
0
0
0
0
0
0
