2452
1314
0
0
0
0
0
0
1470
1642
0
0
0
0
0
0
2453
261
0
0
0
0
0
0
2399
1640
0
0
0
0
0
0
3287
3351
0
0
0
0
0
0
2456
1639
0
0
0
0
0
0
40
2390
0
0
0
0
0
0
2457
1638
0
0
0
0
0
0
3569
3575
0
0
0
0
0
0
2459
1636
0
0
0
0
0
0
492
2422
0
0
0
0
0
0
2460
1635
0
0
0
0
0
0
1465
1319
0
0
0
0
0
0
2462
1633
0
0
0
0
0
0
2394
266
0
0
0
0
0
0
2463
1632
0
0
0
0
0
0
3283
3356
0
0
0
0
0
0
2464
1631
0
0
0
0
0
0
35
2394
0
0
0
0
0
0
2466
1629
0
0
0
0
0
0
3564
3580
0
0
0
0
0
0
2467
1628
0
0
0
0
0
0
487
2426
0
0
0
0
0
0
2464
1624
0
0
0
0
0
0
1520
1287
0
0
0
0
0
0
2495
1780
0
0
0
0
0
0
2465
224
0
0
0
0
0
0
2627
1758
0
0
0
0
0
0
3375
3408
0
0
0
0
0
0
2795
1664
0
0
0
0
0
0
190
2529
0
0
0
0
0
0
2970
1523
0
0
0
0
0
0
3894
3746
0
0
0
0
0
0
3081
1459
0
0
0
0
0
0
1141
2393
0
0
0
0
0
0
3197
1631
0
0
0
0
0
0
2427
851
0
0
0
0
0
0
3527
1728
0
0
0
0
0
0
3451
3650
0
0
0
0
0
0
32
1201
0
0
0
0
0
0
185
2948
0
0
0
0
0
0
673
219
0
0
0
0
0
0
3920
601
0
0
0
0
0
0
919
3495
0
0
0
0
0
0
1621
3168
0
0
0
0
0
0
707
3772
0
0
0
0
0
0
3645
615
0
0
0
0
0
0
625
811
0
0
0
0
0
0
1077
2034
0
0
0
0
0
0
1371
1147
0
0
0
0
0
0
317
2877
0
0
0
0
0
0
2837
3647
0
0
0
0
0
0
884
3173
0
0
0
0
0
0
4010
1012
0
0
0
0
0
0
2291
3415
0
0
0
0
0
0
3934
3780
0
0
0
0
0
0
843
1184
0
0
0
0
0
0
2958
1160
0
0
0
0
0
0
2310
2930
0
0
0
0
0
0
2629
3814
0
0
0
0
0
0
3945
2871
0
0
0
0
0
0
16
3971
0
0
0
0
0
0
3820
2379
0
0
0
0
0
0
2542
444
0
0
0
0
0
0
3650
731
0
0
0
0
0
0
3911
4057
0
0
0
0
0
0
1428
1812
0
0
0
0
0
0
2836
3264
0
0
0
0
0
0
3996
31
0
0
0
0
0
0
682
3207
0
0
0
0
0
0
3681
767
0
0
0
0
0
0
414
3634
0
0
0
0
0
0
3132
2298
0
0
0
0
0
0
3299
2790
0
0
0
0
0
0
1696
4030
0
0
0
0
0
0
3063
99
0
0
0
0
0
0
1199
1079
0
0
0
0
0
0
75
1881
0
0
0
0
0
0
399
1876
0
0
0
0
0
0
1466
2682
0
0
0
0
0
0
838
741
0
0
0
0
0
0
3591
53
0
0
0
0
0
0
3822
236
0
0
0
0
0
0
3774
2282
0
0
0
0
0
0
3571
3801
0
0
0
0
0
0
283
3244
0
0
0
0
0
0
1862
2982
0
0
0
0
0
0
3757
2856
0
0
0
0
0
0
1226
3102
0
0
0
0
0
0
3889
3442
0
0
0
0
0
0
938
748
0
0
0
0
0
0
3084
3589
0
0
0
0
0
0
3526
3052
0
0
0
0
0
0
276
1321
0
0
0
0
0
0
2302
3592
0
0
0
0
0
0
831
1728
0
0
0
0
0
0
3959
1067
0
0
0
0
0
0
248
1850
0
0
0
0
0
0
600
1293
0
0
0
0
0
0
609
598
0
0
0
0
0
0
3759
1470
0
0
0
0
0
0
3058
1417
0
0
0
0
0
0
2614
3310
0
0
0
0
0
0
4022
2414
0
0
0
0
0
0
3195
3324
0
0
0
0
0
0
1273
4034
0
0
0
0
0
0
942
1827
0
0
0
0
0
0
1987
472
0
0
0
0
0
0
3949
3609
0
0
0
0
0
0
2707
518
0
0
0
0
0
0
3663
1306
0
0
0
0
0
0
2967
3104
0
0
0
0
0
0
2396
3789
0
0
0
0
0
0
2419
2469
0
0
0
0
0
0
702
3773
0
0
0
0
0
0
949
2378
0
0
0
0
0
0
2461
1551
0
0
0
0
0
0
2111
1270
0
0
0
0
0
0
3144
2342
0
0
0
0
0
0
1508
3079
0
0
0
0
0
0
3797
891
0
0
0
0
0
0
1266
2713
0
0
0
0
0
0
1215
3104
0
0
0
0
0
0
550
1972
0
0
0
0
0
0
1819
2139
0
0
0
0
0
0
621
2299
0
0
0
0
0
0
2554
3977
0
0
0
0
0
0
3095
3390
0
0
0
0
0
0
416
3779
0
0
0
0
0
0
2847
3340
0
0
0
0
0
0
1487
3264
0
0
0
0
0
0
2886
1659
0
0
0
0
0
0
2885
2491
0
0
0
0
0
0
449
958
0
0
0
0
0
0
1443
1401
0
0
0
0
0
0
898
3784
0
0
0
0
0
0
2860
3382
0
0
0
0
0
0
572
339
0
0
0
0
0
0
3197
3143
0
0
0
0
0
0
2265
1311
0
0
0
0
0
0
3727
2573
0
0
0
0
0
0
2197
3822
0
0
0
0
0
0
1216
2229
0
0
0
0
0
0
1931
2112
0
0
0
0
0
0
3625
3884
0
0
0
0
0
0
3056
3076
0
0
0
0
0
0
670
1495
0
0
0
0
0
0
818
2027
0
0
0
0
0
0
2232
1397
0
0
0
0
0
0
1596
3081
0
0
0
0
0
0
1271
2291
0
0
0
0
0
0
4022
2907
0
0
0
0
0
0
1210
2282
0
0
0
0
0
0
1538
88
0
0
0
0
0
0
1377
3415
0
0
0
0
0
0
2001
2186
0
0
0
0
0
0
2398
3214
0
0
0
0
0
0
1762
739
0
0
0
0
0
0
372
4007
0
0
0
0
0
0
1530
2705
0
0
0
0
0
0
436
3541
0
0
0
0
0
0
3617
2484
0
0
0
0
0
0
916
1543
0
0
0
0
0
0
318
3124
0
0
0
0
0
0
1149
1420
0
0
0
0
0
0
1858
3445
0
0
0
0
0
0
3312
3704
0
0
0
0
0
0
919
1509
0
0
0
0
0
0
242
1104
0
0
0
0
0
0
1555
533
0
0
0
0
0
0
3408
3074
0
0
0
0
0
0
2610
1147
0
0
0
0
0
0
1681
3671
0
0
0
0
0
0
815
166
0
0
0
0
0
0
1328
772
0
0
0
0
0
0
1789
3091
0
0
0
0
0
0
3970
1561
0
0
0
0
0
0
3807
926
0
0
0
0
0
0
347
3568
0
0
0
0
0
0
1755
561
0
0
0
0
0
0
3722
153
0
0
0
0
0
0
2590
2049
0
0
0
0
0
0
2836
413
0
0
0
0
0
0
1804
3335
0
0
0
0
0
0
3619
502
0
0
0
0
0
0
715
818
0
0
0
0
0
0
113
3682
0
0
0
0
0
0
887
3895
0
0
0
0
0
0
2524
129
0
0
0
0
0
0
1330
2626
0
0
0
0
0
0
325
645
0
0
0
0
0
0
2124
4086
0
0
0
0
0
0
699
247
0
0
0
0
0
0
3395
3455
0
0
0
0
0
0
3838
3768
0
0
0
0
0
0
1129
428
0
0
0
0
0
0
361
2407
0
0
0
0
0
0
613
2100
0
0
0
0
0
0
3136
396
0
0
0
0
0
0
1123
937
0
0
0
0
0
0
1785
3516
0
0
0
0
0
0
3828
1220
0
0
0
0
0
0
1470
388
0
0
0
0
0
0
3730
3148
0
0
0
0
0
0
231
3857
0
0
0
0
0
0
825
152
0
0
0
0
0
0
3934
1647
0
0
0
0
0
0
2138
3374
0
0
0
0
0
0
2060
4034
0
0
0
0
0
0
3748
1099
0
0
0
0
0
0
383
2653
0
0
0
0
0
0
1410
2753
0
0
0
0
0
0
2348
2281
0
0
0
0
0
0
4069
79
0
0
0
0
0
0
3174
793
0
0
0
0
0
0
2052
2256
0
0
0
0
0
0
3300
1132
0
0
0
0
0
0
1738
3281
0
0
0
0
0
0
3203
1339
0
0
0
0
0
0
3206
2934
0
0
0
0
0
0
31
2230
0
0
0
0
0
0
3388
2819
0
0
0
0
0
0
1395
1975
0
0
0
0
0
0
786
3077
0
0
0
0
0
0
1054
2855
0
0
0
0
0
0
2307
117
0
0
0
0
0
0
2203
2964
0
0
0
0
0
0
529
2948
0
0
0
0
0
0
2883
3228
0
0
0
0
0
0
827
3465
0
0
0
0
0
0
985
251
0
0
0
0
0
0
1326
1711
0
0
0
0
0
0
622
1533
0
0
0
0
0
0
383
2877
0
0
0
0
0
0
2956
1535
0
0
0
0
0
0
2380
1575
0
0
0
0
0
0
3447
2950
0
0
0
0
0
0
3561
1208
0
0
0
0
0
0
3892
3140
0
0
0
0
0
0
2042
2147
0
0
0
0
0
0
189
3734
0
0
0
0
0
0
2981
1256
0
0
0
0
0
0
3028
406
0
0
0
0
0
0
3605
3992
0
0
0
0
0
0
1252
1657
0
0
0
0
0
0
2452
742
0
0
0
0
0
0
3462
631
0
0
0
0
0
0
645
1140
0
0
0
0
0
0
792
1711
0
0
0
0
0
0
1260
1146
0
0
0
0
0
0
2958
43
0
0
0
0
0
0
318
250
0
0
0
0
0
0
2087
854
0
0
0
0
0
0
553
590
0
0
0
0
0
0
1012
1247
0
0
0
0
0
0
2465
1713
0
0
0
0
0
0
500
3790
0
0
0
0
0
0
1804
322
0
0
0
0
0
0
3503
2379
0
0
0
0
0
0
2237
950
0
0
0
0
0
0
2160
2879
0
0
0
0
0
0
2543
3995
0
0
0
0
0
0
1465
2489
0
0
0
0
0
0
4021
2150
0
0
0
0
0
0
2729
3004
0
0
0
0
0
0
488
609
0
0
0
0
0
0
3355
1545
0
0
0
0
0
0
127
3804
0
0
0
0
0
0
1415
2085
0
0
0
0
0
0
2267
2740
0
0
0
0
0
0
431
943
0
0
0
0
0
0
1253
1537
0
0
0
0
0
0
808
2607
0
0
0
0
0
0
2756
2252
0
0
0
0
0
0
2275
790
0
0
0
0
0
0
2537
2060
0
0
0
0
0
0
545
984
0
0
0
0
0
0
3273
3873
0
0
0
0
0
0
1869
1414
0
0
0
0
0
0
2219
3284
0
0
0
0
0
0
3187
1197
0
0
0
0
0
0
2881
1412
0
0
0
0
0
0
182
3211
0
0
0
0
0
0
1146
1026
0
0
0
0
0
0
4009
766
0
0
0
0
0
0
2323
3882
0
0
0
0
0
0
2664
3150
0
0
0
0
0
0
1120
1492
0
0
0
0
0
0
3311
2492
0
0
0
0
0
0
3528
228
0
0
0
0
0
0
3177
2324
0
0
0
0
0
0
927
1037
0
0
0
0
0
0
1440
3895
0
0
0
0
0
0
2819
2113
0
0
0
0
0
0
513
2768
0
0
0
0
0
0
383
1488
0
0
0
0
0
0
3245
1286
0
0
0
0
0
0
862
2396
0
0
0
0
0
0
2855
3440
0
0
0
0
0
0
1084
1035
0
0
0
0
0
0
1386
1889
0
0
0
0
0
0
353
2931
0
0
0
0
0
0
302
2256
0
0
0
0
0
0
1043
1109
0
0
0
0
0
0
477
4055
0
0
0
0
0
0
3529
825
0
0
0
0
0
0
641
720
0
0
0
0
0
0
362
1457
0
0
0
0
0
0
809
2734
0
0
0
0
0
0
641
3395
0
0
0
0
0
0
1625
3393
0
0
0
0
0
0
3598
1185
0
0
0
0
0
0
1860
2789
0
0
0
0
0
0
1228
1176
0
0
0
0
0
0
2580
2209
0
0
0
0
0
0
1877
2322
0
0
0
0
0
0
364
1205
0
0
0
0
0
0
1654
2647
0
0
0
0
0
0
179
2327
0
0
0
0
0
0
3659
874
0
0
0
0
0
0
1791
2123
0
0
0
0
0
0
600
2159
0
0
0
0
0
0
951
922
0
0
0
0
0
0
238
1369
0
0
0
0
0
0
616
750
0
0
0
0
0
0
2344
2749
0
0
0
0
0
0
3521
2378
0
0
0
0
0
0
437
2751
0
0
0
0
0
0
2063
2188
0
0
0
0
0
0
1571
889
0
0
0
0
0
0
3891
2295
0
0
0
0
0
0
2062
1908
0
0
0
0
0
0
1545
1566
0
0
0
0
0
0
2571
3337
0
0
0
0
0
0
181
2
0
0
0
0
0
0
2886
2440
0
0
0
0
0
0
2978
3244
0
0
0
0
0
0
3523
3753
0
0
0
0
0
0
2775
1220
0
0
0
0
0
0
3811
1698
0
0
0
0
0
0
387
499
0
0
0
0
0
0
1141
488
0
0
0
0
0
0
4015
2050
0
0
0
0
0
0
4031
3474
0
0
0
0
0
0
1162
2396
0
0
0
0
0
0
706
1375
0
0
0
0
0
0
3730
3208
0
0
0
0
0
0
3355
4032
0
0
0
0
0
0
1032
2587
0
0
0
0
0
0
3534
558
0
0
0
0
0
0
2871
997
0
0
0
0
0
0
1308
111
0
0
0
0
0
0
1785
2641
0
0
0
0
0
0
350
1826
0
0
0
0
0
0
3171
2040
0
0
0
0
0
0
3757
1750
0
0
0
0
0
0
3412
3175
0
0
0
0
0
0
3028
2891
0
0
0
0
0
0
1652
735
0
0
0
0
0
0
961
2435
0
0
0
0
0
0
975
2787
0
0
0
0
0
0
1907
413
0
0
0
0
0
0
2014
3493
0
0
0
0
0
0
4062
3549
0
0
0
0
0
0
2148
1781
0
0
0
0
0
0
3984
3481
0
0
0
0
0
0
3308
420
0
0
0
0
0
0
2861
2266
0
0
0
0
0
0
3772
907
0
0
0
0
0
0
864
2070
0
0
0
0
0
0
2072
2606
0
0
0
0
0
0
1385
827
0
0
0
0
0
0
772
1251
0
0
0
0
0
0
2689
1958
0
0
0
0
0
0
76
930
0
0
0
0
0
0
979
905
0
0
0
0
0
0
1791
3318
0
0
0
0
0
0
233
1045
0
0
0
0
0
0
2312
848
0
0
0
0
0
0
2118
723
0
0
0
0
0
0
1128
1306
0
0
0
0
0
0
2538
3707
0
0
0
0
0
0
3186
656
0
0
0
0
0
0
1702
37
0
0
0
0
0
0
2614
2186
0
0
0
0
0
0
3938
2697
0
0
0
0
0
0
3792
1381
0
0
0
0
0
0
2880
162
0
0
0
0
0
0
3063
341
0
0
0
0
0
0
2685
3790
0
0
0
0
0
0
2442
2893
0
0
0
0
0
0
753
2465
0
0
0
0
0
0
3816
2091
0
0
0
0
0
0
545
735
0
0
0
0
0
0
4044
101
0
0
0
0
0
0
1920
2445
0
0
0
0
0
0
1325
6
0
0
0
0
0
0
3274
379
0
0
0
0
0
0
344
4078
0
0
0
0
0
0
2847
3097
0
0
0
0
0
0
1969
2233
0
0
0
0
0
0
930
3245
0
0
0
0
0
0
1584
2879
0
0
0
0
0
0
1217
694
0
0
0
0
0
0
2989
1308
0
0
0
0
0
0
2138
2957
0
0
0
0
0
0
1698
3120
0
0
0
0
0
0
2919
818
0
0
0
0
0
0
1852
1376
0
0
0
0
0
0
732
2746
0
0
0
0
0
0
2191
577
0
0
0
0
0
0
2687
2381
0
0
0
0
0
0
2758
729
0
0
0
0
0
0
2915
661
0
0
0
0
0
0
2249
2619
0
0
0
0
0
0
1704
3827
0
0
0
0
0
0
162
3340
0
0
0
0
0
0
3109
1313
0
0
0
0
0
0
450
964
0
0
0
0
0
0
1729
4004
0
0
0
0
0
0
2090
1333
0
0
0
0
0
0
487
4041
0
0
0
0
0
0
2093
692
0
0
0
0
0
0
834
2381
0
0
0
0
0
0
2212
1484
0
0
0
0
0
0
582
2957
0
0
0
0
0
0
2607
1794
0
0
0
0
0
0
357
469
0
0
0
0
0
0
3277
1300
0
0
0
0
0
0
930
1285
0
0
0
0
0
0
770
2086
0
0
0
0
0
0
2440
3179
0
0
0
0
0
0
1018
3169
0
0
0
0
0
0
1280
382
0
0
0
0
0
0
704
948
0
0
0
0
0
0
1930
1560
0
0
0
0
0
0
3938
2268
0
0
0
0
0
0
2761
3064
0
0
0
0
0
0
4064
1083
0
0
0
0
0
0
3526
2415
0
0
0
0
0
0
261
3658
0
0
0
0
0
0
2075
366
0
0
0
0
0
0
1501
3653
0
0
0
0
0
0
3665
2556
0
0
0
0
0
0
2756
1241
0
0
0
0
0
0
2863
1551
0
0
0
0
0
0
2207
3139
0
0
0
0
0
0
2562
3401
0
0
0
0
0
0
2071
5
0
0
0
0
0
0
1537
417
0
0
0
0
0
0
1277
1842
0
0
0
0
0
0
3335
2689
0
0
0
0
0
0
2278
647
0
0
0
0
0
0
1648
3680
0
0
0
0
0
0
1611
1562
0
0
0
0
0
0
3132
2847
0
0
0
0
0
0
210
734
0
0
0
0
0
0
3865
630
0
0
0
0
0
0
2091
2201
0
0
0
0
0
0
1554
2259
0
0
0
0
0
0
1204
1333
0
0
0
0
0
0
1980
2414
0
0
0
0
0
0
299
2564
0
0
0
0
0
0
138
2961
0
0
0
0
0
0
2956
4000
0
0
0
0
0
0
950
3630
0
0
0
0
0
0
3060
28
0
0
0
0
0
0
665
1849
0
0
0
0
0
0
680
1042
0
0
0
0
0
0
2997
1890
0
0
0
0
0
0
3934
1607
0
0
0
0
0
0
4037
2530
0
0
0
0
0
0
3897
590
0
0
0
0
0
0
2801
2939
0
0
0
0
0
0
2527
790
0
0
0
0
0
0
1815
2356
0
0
0
0
0
0
2157
1458
0
0
0
0
0
0
140
1961
0
0
0
0
0
0
462
4069
0
0
0
0
0
0
1133
2620
0
0
0
0
0
0
3179
49
0
0
0
0
0
0
1060
2382
0
0
0
0
0
0
78
1374
0
0
0
0
0
0
1439
3069
0
0
0
0
0
0
1711
630
0
0
0
0
0
0
2914
3733
0
0
0
0
0
0
414
3422
0
0
0
0
0
0
3489
2373
0
0
0
0
0
0
3361
3093
0
0
0
0
0
0
138
1338
0
0
0
0
0
0
8
3104
0
0
0
0
0
0
2842
1165
0
0
0
0
0
0
478
77
0
0
0
0
0
0
1315
541
0
0
0
0
0
0
3286
4082
0
0
0
0
0
0
1648
2289
0
0
0
0
0
0
792
138
0
0
0
0
0
0
1353
2757
0
0
0
0
0
0
3162
95
0
0
0
0
0
0
3511
3786
0
0
0
0
0
0
3944
867
0
0
0
0
0
0
3280
3171
0
0
0
0
0
0
120
3145
0
0
0
0
0
0
3476
642
0
0
0
0
0
0
3720
603
0
0
0
0
0
0
167
2618
0
0
0
0
0
0
3044
429
0
0
0
0
0
0
2849
741
0
0
0
0
0
0
2898
2237
0
0
0
0
0
0
1677
1197
0
0
0
0
0
0
3789
1967
0
0
0
0
0
0
2074
1904
0
0
0
0
0
0
1777
84
0
0
0
0
0
0
2328
3430
0
0
0
0
0
0
366
146
0
0
0
0
0
0
1285
2302
0
0
0
0
0
0
3993
1326
0
0
0
0
0
0
1664
4026
0
0
0
0
0
0
1494
77
0
0
0
0
0
0
308
1010
0
0
0
0
0
0
381
1310
0
0
0
0
0
0
2190
2917
0
0
0
0
0
0
203
1087
0
0
0
0
0
0
3909
2939
0
0
0
0
0
0
508
1993
0
0
0
0
0
0
3123
3191
0
0
0
0
0
0
3304
368
0
0
0
0
0
0
1839
1354
0
0
0
0
0
0
83
1993
0
0
0
0
0
0
1907
1418
0
0
0
0
0
0
3683
1408
0
0
0
0
0
0
1194
3885
0
0
0
0
0
0
666
3933
0
0
0
0
0
0
3498
3953
0
0
0
0
0
0
4042
2136
0
0
0
0
0
0
784
1784
0
0
0
0
0
0
4012
1198
0
0
0
0
0
0
409
1487
0
0
0
0
0
0
397
2058
0
0
0
0
0
0
2140
943
0
0
0
0
0
0
3964
3304
0
0
0
0
0
0
283
2666
0
0
0
0
0
0
3755
2770
0
0
0
0
0
0
759
1356
0
0
0
0
0
0
3593
209
0
0
0
0
0
0
670
1618
0
0
0
0
0
0
2967
334
0
0
0
0
0
0
3758
1731
0
0
0
0
0
0
3560
1460
0
0
0
0
0
0
644
684
0
0
0
0
0
0
2295
345
0
0
0
0
0
0
1803
1162
0
0
0
0
0
0
923
1272
0
0
0
0
0
0
461
3836
0
0
0
0
0
0
3871
2383
0
0
0
0
0
0
142
372
0
0
0
0
0
0
484
3802
0
0
0
0
0
0
3213
306
0
0
0
0
0
0
3607
2285
0
0
0
0
0
0
2958
957
0
0
0
0
0
0
1447
2832
0
0
0
0
0
0
3498
1488
0
0
0
0
0
0
2605
617
0
0
0
0
0
0
194
3438
0
0
0
0
0
0
2096
1396
0
0
0
0
0
0
1875
2829
0
0
0
0
0
0
922
1871
0
0
0
0
0
0
352
71
0
0
0
0
0
0
580
1594
0
0
0
0
0
0
2387
53
0
0
0
0
0
0
3443
734
0
0
0
0
0
0
2614
3524
0
0
0
0
0
0
3995
2278
0
0
0
0
0
0
3898
2972
0
0
0
0
0
0
2130
134
0
0
0
0
0
0
419
1202
0
0
0
0
0
0
1251
4081
0
0
0
0
0
0
3982
2025
0
0
0
0
0
0
125
3280
0
0
0
0
0
0
1661
277
0
0
0
0
0
0
3244
2852
0
0
0
0
0
0
2226
1812
0
0
0
0
0
0
2568
2769
0
0
0
0
0
0
258
1423
0
0
0
0
0
0
267
2022
0
0
0
0
0
0
3166
1367
0
0
0
0
0
0
2722
4062
0
0
0
0
0
0
2140
132
0
0
0
0
0
0
2335
885
0
0
0
0
0
0
1758
1472
0
0
0
0
0
0
3693
1309
0
0
0
0
0
0
2640
1576
0
0
0
0
0
0
263
3406
0
0
0
0
0
0
374
3611
0
0
0
0
0
0
3045
1191
0
0
0
0
0
0
3257
1256
0
0
0
0
0
0
2284
406
0
0
0
0
0
0
1499
3382
0
0
0
0
0
0
3982
3950
0
0
0
0
0
0
1713
3871
0
0
0
0
0
0
580
562
0
0
0
0
0
0
2417
1926
0
0
0
0
0
0
880
1335
0
0
0
0
0
0
1025
1320
0
0
0
0
0
0
3810
4008
0
0
0
0
0
0
1339
2413
0
0
0
0
0
0
2729
675
0
0
0
0
0
0
1828
1029
0
0
0
0
0
0
2496
3682
0
0
0
0
0
0
395
1248
0
0
0
0
0
0
3893
3424
0
0
0
0
0
0
2848
1584
0
0
0
0
0
0
2321
2284
0
0
0
0
0
0
4079
1096
0
0
0
0
0
0
2265
1280
0
0
0
0
0
0
1654
3061
0
0
0
0
0
0
2426
3030
0
0
0
0
0
0
2635
89
0
0
0
0
0
0
968
2989
0
0
0
0
0
0
121
3708
0
0
0
0
0
0
3719
1982
0
0
0
0
0
0
620
3065
0
0
0
0
0
0
1356
3576
0
0
0
0
0
0
582
12
0
0
0
0
0
0
3824
91
0
0
0
0
0
0
2289
3725
0
0
0
0
0
0
1170
2605
0
0
0
0
0
0
3689
1202
0
0
0
0
0
0
475
1629
0
0
0
0
0
0
6
504
0
0
0
0
0
0
2178
3290
0
0
0
0
0
0
2080
2695
0
0
0
0
0
0
1010
627
0
0
0
0
0
0
2868
76
0
0
0
0
0
0
3928
537
0
0
0
0
0
0
1723
1384
0
0
0
0
0
0
1971
3543
0
0
0
0
0
0
3753
4087
0
0
0
0
0
0
2836
2158
0
0
0
0
0
0
900
3254
0
0
0
0
0
0
3499
2511
0
0
0
0
0
0
39
1058
0
0
0
0
0
0
1490
3113
0
0
0
0
0
0
2935
1070
0
0
0
0
0
0
891
1797
0
0
0
0
0
0
2878
3525
0
0
0
0
0
0
2387
2883
0
0
0
0
0
0
1975
108
0
0
0
0
0
0
3909
1875
0
0
0
0
0
0
1354
1965
0
0
0
0
0
0
3256
1419
0
0
0
0
0
0
3665
1511
0
0
0
0
0
0
1035
1556
0
0
0
0
0
0
2452
2257
0
0
0
0
0
0
3425
2986
0
0
0
0
0
0
1813
751
0
0
0
0
0
0
3341
240
0
0
0
0
0
0
2326
1422
0
0
0
0
0
0
3210
1421
0
0
0
0
0
0
1893
1916
0
0
0
0
0
0
1735
1959
0
0
0
0
0
0
436
2560
0
0
0
0
0
0
3498
2768
0
0
0
0
0
0
2202
1936
0
0
0
0
0
0
1973
3659
0
0
0
0
0
0
540
2957
0
0
0
0
0
0
485
293
0
0
0
0
0
0
1856
391
0
0
0
0
0
0
3153
2127
0
0
0
0
0
0
332
1590
0
0
0
0
0
0
864
876
0
0
0
0
0
0
1925
2241
0
0
0
0
0
0
1073
853
0
0
0
0
0
0
1162
1264
0
0
0
0
0
0
3525
1439
0
0
0
0
0
0
3373
1123
0
0
0
0
0
0
3183
508
0
0
0
0
0
0
634
1796
0
0
0
0
0
0
958
1349
0
0
0
0
0
0
2202
4068
0
0
0
0
0
0
2243
59
0
0
0
0
0
0
3662
1886
0
0
0
0
0
0
4083
2835
0
0
0
0
0
0
3567
1448
0
0
0
0
0
0
247
2752
0
0
0
0
0
0
4016
3474
0
0
0
0
0
0
1576
3184
0
0
0
0
0
0
3663
2164
0
0
0
0
0
0
2747
2872
0
0
0
0
0
0
1697
715
0
0
0
0
0
0
1765
298
0
0
0
0
0
0
3748
2079
0
0
0
0
0
0
18
1262
0
0
0
0
0
0
1312
43
0
0
0
0
0
0
3447
2331
0
0
0
0
0
0
994
1534
0
0
0
0
0
0
3214
48
0
0
0
0
0
0
3351
3409
0
0
0
0
0
0
2334
677
0
0
0
0
0
0
1753
3917
0
0
0
0
0
0
2706
3616
0
0
0
0
0
0
1645
3724
0
0
0
0
0
0
306
3706
0
0
0
0
0
0
761
831
0
0
0
0
0
0
1033
172
0
0
0
0
0
0
822
1217
0
0
0
0
0
0
2167
2567
0
0
0
0
0
0
368
1159
0
0
0
0
0
0
3296
2947
0
0
0
0
0
0
3091
2512
0
0
0
0
0
0
983
2433
0
0
0
0
0
0
2025
157
0
0
0
0
0
0
3675
1237
0
0
0
0
0
0
2544
2395
0
0
0
0
0
0
249
2185
0
0
0
0
0
0
2476
1581
0
0
0
0
0
0
2925
3113
0
0
0
0
0
0
1068
2308
0
0
0
0
0
0
2771
2926
0
0
0
0
0
0
3994
618
0
0
0
0
0
0
2304
522
0
0
0
0
0
0
1186
3695
0
0
0
0
0
0
2795
3472
0
0
0
0
0
0
1855
3452
0
0
0
0
0
0
3151
690
0
0
0
0
0
0
822
3641
0
0
0
0
0
0
2025
985
0
0
0
0
0
0
3369
3363
0
0
0
0
0
0
433
318
0
0
0
0
0
0
517
1046
0
0
0
0
0
0
647
2901
0
0
0
0
0
0
1541
3643
0
0
0
0
0
0
3856
3989
0
0
0
0
0
0
641
558
0
0
0
0
0
0
475
3467
0
0
0
0
0
0
1311
1376
0
0
0
0
0
0
3909
3953
0
0
0
0
0
0
3681
2464
0
0
0
0
0
0
1117
1716
0
0
0
0
0
0
1425
3503
0
0
0
0
0
0
2327
1088
0
0
0
0
0
0
2700
538
0
0
0
0
0
0
2902
2941
0
0
0
0
0
0
407
2024
0
0
0
0
0
0
1932
262
0
0
0
0
0
0
2003
720
0
0
0
0
0
0
2372
2263
0
0
0
0
0
0
3808
2709
0
0
0
0
0
0
608
1928
0
0
0
0
0
0
3249
2151
0
0
0
0
0
0
986
3584
0
0
0
0
0
0
1751
2992
0
0
0
0
0
0
1656
908
0
0
0
0
0
0
3509
2504
0
0
0
0
0
0
1573
1110
0
0
0
0
0
0
3921
1527
0
0
0
0
0
0
2218
45
0
0
0
0
0
0
2441
2836
0
0
0
0
0
0
3608
2332
0
0
0
0
0
0
2893
660
0
0
0
0
0
0
1337
80
0
0
0
0
0
0
3224
245
0
0
0
0
0
0
1979
2077
0
0
0
0
0
0
896
2450
0
0
0
0
0
0
1807
1928
0
0
0
0
0
0
4077
2657
0
0
0
0
0
0
2443
4078
0
0
0
0
0
0
3343
451
0
0
0
0
0
0
1278
4001
0
0
0
0
0
0
3240
3528
0
0
0
0
0
0
176
4051
0
0
0
0
0
0
2701
626
0
0
0
0
0
0
796
498
0
0
0
0
0
0
2826
549
0
0
0
0
0
0
2660
1913
0
0
0
0
0
0
1147
3892
0
0
0
0
0
0
2953
2067
0
0
0
0
0
0
1690
3629
0
0
0
0
0
0
1258
2209
0
0
0
0
0
0
3847
2082
0
0
0
0
0
0
2999
3595
0
0
0
0
0
0
1490
3714
0
0
0
0
0
0
77
3406
0
0
0
0
0
0
1013
194
0
0
0
0
0
0
1556
1649
0
0
0
0
0
0
2185
694
0
0
0
0
0
0
3001
2099
0
0
0
0
0
0
763
1007
0
0
0
0
0
0
648
1589
0
0
0
0
0
0
1023
1434
0
0
0
0
0
0
3442
775
0
0
0
0
0
0
2720
3753
0
0
0
0
0
0
857
2968
0
0
0
0
0
0
3708
282
0
0
0
0
0
0
1238
2783
0
0
0
0
0
0
1897
653
0
0
0
0
0
0
701
2322
0
0
0
0
0
0
571
1543
0
0
0
0
0
0
2968
97
0
0
0
0
0
0
247
810
0
0
0
0
0
0
2368
3211
0
0
0
0
0
0
1446
3379
0
0
0
0
0
0
1036
224
0
0
0
0
0
0
4005
918
0
0
0
0
0
0
2807
2622
0
0
0
0
0
0
2762
624
0
0
0
0
0
0
1505
2538
0
0
0
0
0
0
3355
1727
0
0
0
0
0
0
1570
1729
0
0
0
0
0
0
2683
2446
0
0
0
0
0
0
603
389
0
0
0
0
0
0
4004
2026
0
0
0
0
0
0
4094
188
0
0
0
0
0
0
1974
2818
0
0
0
0
0
0
3449
1317
0
0
0
0
0
0
883
2200
0
0
0
0
0
0
787
3971
0
0
0
0
0
0
864
3028
0
0
0
0
0
0
217
374
0
0
0
0
0
0
1777
2690
0
0
0
0
0
0
1848
965
0
0
0
0
0
0
71
128
0
0
0
0
0
0
3115
3109
0
0
0
0
0
0
3639
3223
0
0
0
0
0
0
187
2277
0
0
0
0
0
0
3857
1983
0
0
0
0
0
0
1719
106
0
0
0
0
0
0
1694
529
0
0
0
0
0
0
2919
917
0
0
0
0
0
0
2620
1932
0
0
0
0
0
0
1162
2420
0
0
0
0
0
0
3601
2674
0
0
0
0
0
0
1134
98
0
0
0
0
0
0
553
628
0
0
0
0
0
0
3395
149
0
0
0
0
0
0
2212
765
0
0
0
0
0
0
3942
1992
0
0
0
0
0
0
3724
2879
0
0
0
0
0
0
870
1663
0
0
0
0
0
0
391
849
0
0
0
0
0
0
1182
3370
0
0
0
0
0
0
19
3729
0
0
0
0
0
0
2858
1705
0
0
0
0
0
0
1005
1078
0
0
0
0
0
0
2447
3171
0
0
0
0
0
0
2714
3049
0
0
0
0
0
0
72
2907
0
0
0
0
0
0
580
7
0
0
0
0
0
0
426
3294
0
0
0
0
0
0
994
1428
0
0
0
0
0
0
902
2298
0
0
0
0
0
0
1846
15
0
0
0
0
0
0
3926
2828
0
0
0
0
0
0
3643
1899
0
0
0
0
0
0
508
1971
0
0
0
0
0
0
1245
2711
0
0
0
0
0
0
2487
1158
0
0
0
0
0
0
2617
3607
0
0
0
0
0
0
1854
1564
0
0
0
0
0
0
2168
3598
0
0
0
0
0
0
175
1648
0
0
0
0
0
0
3092
2249
0
0
0
0
0
0
410
427
0
0
0
0
0
0
3955
1258
0
0
0
0
0
0
3581
308
0
0
0
0
0
0
1735
423
0
0
0
0
0
0
1320
3258
0
0
0
0
0
0
3220
2121
0
0
0
0
0
0
1592
1353
0
0
0
0
0
0
3855
3658
0
0
0
0
0
0
1845
658
0
0
0
0
0
0
420
2146
0
0
0
0
0
0
467
1618
0
0
0
0
0
0
2567
428
0
0
0
0
0
0
3915
2847
0
0
0
0
0
0
473
2613
0
0
0
0
0
0
3299
3283
0
0
0
0
0
0
3927
1810
0
0
0
0
0
0
1545
2508
0
0
0
0
0
0
1077
917
0
0
0
0
0
0
565
414
0
0
0
0
0
0
2077
3378
0
0
0
0
0
0
2308
3874
0
0
0
0
0
0
1019
3843
0
0
0
0
0
0
911
2237
0
0
0
0
0
0
1839
2328
0
0
0
0
0
0
983
51
0
0
0
0
0
0
646
1286
0
0
0
0
0
0
1368
164
0
0
0
0
0
0
3388
715
0
0
0
0
0
0
811
1820
0
0
0
0
0
0
1496
3340
0
0
0
0
0
0
1023
747
0
0
0
0
0
0
2401
458
0
0
0
0
0
0
367
3372
0
0
0
0
0
0
904
159
0
0
0
0
0
0
3005
2444
0
0
0
0
0
0
843
3988
0
0
0
0
0
0
199
2064
0
0
0
0
0
0
4052
3229
0
0
0
0
0
0
805
1785
0
0
0
0
0
0
1153
3208
0
0
0
0
0
0
280
22
0
0
0
0
0
0
2466
2987
0
0
0
0
0
0
1179
2388
0
0
0
0
0
0
1808
3138
0
0
0
0
0
0
4073
675
0
0
0
0
0
0
3226
2085
0
0
0
0
0
0
88
171
0
0
0
0
0
0
2068
2318
0
0
0
0
0
0
1847
3627
0
0
0
0
0
0
1712
1488
0
0
0
0
0
0
1961
2677
0
0
0
0
0
0
396
617
0
0
0
0
0
0
2790
1319
0
0
0
0
0
0
3952
2376
0
0
0
0
0
0
393
1560
0
0
0
0
0
0
1381
3739
0
0
0
0
0
0
122
2962
0
0
0
0
0
0
1620
3761
0
0
0
0
0
0
2631
2248
0
0
0
0
0
0
1644
2736
0
0
0
0
0
0
3327
819
0
0
0
0
0
0
3561
3112
0
0
0
0
0
0
377
3325
0
0
0
0
0
0
1478
3213
0
0
0
0
0
0
2482
3166
0
0
0
0
0
0
1959
1413
0
0
0
0
0
0
2075
2026
0
0
0
0
0
0
255
468
0
0
0
0
0
0
776
3071
0
0
0
0
0
0
1380
578
0
0
0
0
0
0
1517
1945
0
0
0
0
0
0
3560
2242
0
0
0
0
0
0
2830
1194
0
0
0
0
0
0
1298
3017
0
0
0
0
0
0
527
1754
0
0
0
0
0
0
2530
2903
0
0
0
0
0
0
1842
3957
0
0
0
0
0
0
2468
1026
0
0
0
0
0
0
3168
161
0
0
0
0
0
0
1497
3871
0
0
0
0
0
0
1998
1778
0
0
0
0
0
0
408
2719
0
0
0
0
0
0
4041
2259
0
0
0
0
0
0
4007
2852
0
0
0
0
0
0
537
3927
0
0
0
0
0
0
1190
2835
0
0
0
0
0
0
3726
2331
0
0
0
0
0
0
269
228
0
0
0
0
0
0
1160
681
0
0
0
0
0
0
2852
791
0
0
0
0
0
0
1425
2593
0
0
0
0
0
0
3055
199
0
0
0
0
0
0
2993
1891
0
0
0
0
0
0
947
466
0
0
0
0
0
0
771
2808
0
0
0
0
0
0
1066
2607
0
0
0
0
0
0
3064
2994
0
0
0
0
0
0
4014
3513
0
0
0
0
0
0
1914
580
0
0
0
0
0
0
231
3851
0
0
0
0
0
0
2955
3171
0
0
0
0
0
0
2827
2422
0
0
0
0
0
0
1914
1509
0
0
0
0
0
0
1108
2158
0
0
0
0
0
0
1070
3779
0
0
0
0
0
0
3263
1423
0
0
0
0
0
0
3507
1072
0
0
0
0
0
0
1532
1829
0
0
0
0
0
0
3611
631
0
0
0
0
0
0
2502
2165
0
0
0
0
0
0
193
245
0
0
0
0
0
0
2859
3749
0
0
0
0
0
0
2722
2742
0
0
0
0
0
0
3863
3850
0
0
0
0
0
0
3775
1481
0
0
0
0
0
0
992
3111
0
0
0
0
0
0
3624
367
0
0
0
0
0
0
3875
3783
0
0
0
0
0
0
889
1857
0
0
0
0
0
0
1
1973
0
0
0
0
0
0
3699
343
0
0
0
0
0
0
2242
2590
0
0
0
0
0
0
298
2186
0
0
0
0
0
0
2139
2956
0
0
0
0
0
0
174
3689
0
0
0
0
0
0
466
3013
0
0
0
0
0
0
2634
3453
0
0
0
0
0
0
1441
397
0
0
0
0
0
0
2551
435
0
0
0
0
0
0
2734
2910
0
0
0
0
0
0
1496
890
0
0
0
0
0
0
154
2861
0
0
0
0
0
0
3789
1369
0
0
0
0
0
0
1426
3540
0
0
0
0
0
0
2408
1760
0
0
0
0
0
0
889
3726
0
0
0
0
0
0
3438
1936
0
0
0
0
0
0
2686
1305
0
0
0
0
0
0
2547
3656
0
0
0
0
0
0
1156
1802
0
0
0
0
0
0
856
2008
0
0
0
0
0
0
1897
1864
0
0
0
0
0
0
3445
3400
0
0
0
0
0
0
363
3780
0
0
0
0
0
0
3055
2902
0
0
0
0
0
0
1884
3143
0
0
0
0
0
0
822
1248
0
0
0
0
0
0
1000
3549
0
0
0
0
0
0
2816
3954
0
0
0
0
0
0
2565
2075
0
0
0
0
0
0
2421
98
0
0
0
0
0
0
1379
2862
0
0
0
0
0
0
634
2287
0
0
0
0
0
0
2767
2018
0
0
0
0
0
0
3016
51
0
0
0
0
0
0
1670
2904
0
0
0
0
0
0
2719
3980
0
0
0
0
0
0
3273
1872
0
0
0
0
0
0
864
2104
0
0
0
0
0
0
2338
2484
0
0
0
0
0
0
3243
161
0
0
0
0
0
0
3939
1213
0
0
0
0
0
0
3022
3964
0
0
0
0
0
0
2933
1809
0
0
0
0
0
0
1251
1874
0
0
0
0
0
0
412
568
0
0
0
0
0
0
3655
3791
0
0
0
0
0
0
2100
3297
0
0
0
0
0
0
3416
3518
0
0
0
0
0
0
1176
3799
0
0
0
0
0
0
1627
1448
0
0
0
0
0
0
2830
2470
0
0
0
0
0
0
4015
3383
0
0
0
0
0
0
1873
3010
0
0
0
0
0
0
3760
3128
0
0
0
0
0
0
3496
1716
0
0
0
0
0
0
1956
1076
0
0
0
0
0
0
2510
2289
0
0
0
0
0
0
233
3028
0
0
0
0
0
0
8
1027
0
0
0
0
0
0
2682
797
0
0
0
0
0
0
1714
3735
0
0
0
0
0
0
2487
475
0
0
0
0
0
0
807
122
0
0
0
0
0
0
740
2454
0
0
0
0
0
0
2477
2870
0
0
0
0
0
0
3167
248
0
0
0
0
0
0
1537
3391
0
0
0
0
0
0
2950
4046
0
0
0
0
0
0
3174
2080
0
0
0
0
0
0
1182
1953
0
0
0
0
0
0
2203
2637
0
0
0
0
0
0
3590
3865
0
0
0
0
0
0
3810
1360
0
0
0
0
0
0
3354
3589
0
0
0
0
0
0
2810
1948
0
0
0
0
0
0
1568
1515
0
0
0
0
0
0
295
702
0
0
0
0
0
0
3959
3448
0
0
0
0
0
0
1988
3424
0
0
0
0
0
0
3706
3190
0
0
0
0
0
0
1069
3921
0
0
0
0
0
0
1905
1134
0
0
0
0
0
0
2728
2586
0
0
0
0
0
0
184
3083
0
0
0
0
0
0
1776
3120
0
0
0
0
0
0
2637
850
0
0
0
0
0
0
3403
1821
0
0
0
0
0
0
2443
525
0
0
0
0
0
0
2421
2389
0
0
0
0
0
0
699
2501
0
0
0
0
0
0
4019
1123
0
0
0
0
0
0
3128
293
0
0
0
0
0
0
3010
1722
0
0
0
0
0
0
2913
4089
0
0
0
0
0
0
486
486
0
0
0
0
0
0
1147
1993
0
0
0
0
0
0
2170
3218
0
0
0
0
0
0
3556
3904
0
0
0
0
0
0
1244
3723
0
0
0
0
0
0
3322
3625
0
0
0
0
0
0
2894
2398
0
0
0
0
0
0
1538
1550
0
0
0
0
0
0
1935
2940
0
0
0
0
0
0
3930
3481
0
0
0
0
0
0
3555
1649
0
0
0
0
0
0
3679
3221
0
0
0
0
0
0
2567
2225
0
0
0
0
0
0
1880
1164
0
0
0
0
0
0
62
966
0
0
0
0
0
0
161
3111
0
0
0
0
0
0
1766
3676
0
0
0
0
0
0
2614
876
0
0
0
0
0
0
857
66
0
0
0
0
0
0
2422
550
0
0
0
0
0
0
2525
2816
0
0
0
0
0
0
679
2525
0
0
0
0
0
0
1583
3340
0
0
0
0
0
0
3109
315
0
0
0
0
0
0
3218
2031
0
0
0
0
0
0
2895
14
0
0
0
0
0
0
2245
2590
0
0
0
0
0
0
1131
2013
0
0
0
0
0
0
3851
1314
0
0
0
0
0
0
3541
3922
0
0
0
0
0
0
2849
1905
0
0
0
0
0
0
3308
3643
0
0
0
0
0
0
332
660
0
0
0
0
0
0
1525
1566
0
0
0
0
0
0
2024
3384
0
0
0
0
0
0
3918
3496
0
0
0
0
0
0
1104
3882
0
0
0
0
0
0
3668
3235
0
0
0
0
0
0
2761
2549
0
0
0
0
0
0
1869
1177
0
0
0
0
0
0
1808
3085
0
0
0
0
0
0
150
3124
0
0
0
0
0
0
3434
1787
0
0
0
0
0
0
2605
888
0
0
0
0
0
0
2451
2357
0
0
0
0
0
0
2413
561
0
0
0
0
0
0
4048
1092
0
0
0
0
0
0
670
2535
0
0
0
0
0
0
3037
1692
0
0
0
0
0
0
3102
325
0
0
0
0
0
0
512
457
0
0
0
0
0
0
2888
23
0
0
0
0
0
0
2195
3190
0
0
0
0
0
0
1124
2021
0
0
0
0
0
0
1268
3697
0
0
0
0
0
0
3535
3930
0
0
0
0
0
0
2917
2372
0
0
0
0
0
0
3302
3650
0
0
0
0
0
0
1958
2915
0
0
0
0
0
0
1520
1573
0
0
0
0
0
0
3577
1625
0
0
0
0
0
0
3913
3501
0
0
0
0
0
0
2587
2202
0
0
0
0
0
0
3664
3240
0
0
0
0
0
0
82
944
0
0
0
0
0
0
1866
1181
0
0
0
0
0
0
1785
3655
0
0
0
0
0
0
147
3128
0
0
0
0
0
0
876
45
0
0
0
0
0
0
2602
891
0
0
0
0
0
0
2543
2796
0
0
0
0
0
0
2411
564
0
0
0
0
0
0
1600
3321
0
0
0
0
0
0
669
2537
0
0
0
0
0
0
3235
2013
0
0
0
0
0
0
3100
327
0
0
0
0
0
0
2261
2572
0
0
0
0
0
0
2887
25
0
0
0
0
0
0
3866
1297
0
0
0
0
0
0
1124
2022
0
0
0
0
0
0
2864
1889
0
0
0
0
0
0
3535
3931
0
0
0
0
0
0
347
644
0
0
0
0
0
0
3302
3650
0
0
0
0
0
0
2038
3369
0
0
0
0
0
0
1520
1573
0
0
0
0
0
0
1117
3868
0
0
0
0
0
0
3914
3502
0
0
0
0
0
0
2774
2535
0
0
0
0
0
0
3665
3240
0
0
0
0
0
0
1820
3071
0
0
0
0
0
0
1867
1181
0
0
0
0
0
0
3446
1774
0
0
0
0
0
0
149
3127
0
0
0
0
0
0
2462
2344
0
0
0
0
0
0
2604
890
0
0
0
0
0
0
4059
1079
0
0
0
0
0
0
2413
563
0
0
0
0
0
0
3048
1680
0
0
0
0
0
0
671
2536
0
0
0
0
0
0
523
445
0
0
0
0
0
0
3103
326
0
0
0
0
0
0
2206
3178
0
0
0
0
0
0
2890
23
0
0
0
0
0
0
1278
3686
0
0
0
0
0
0
1126
2020
0
0
0
0
0
0
2927
2361
0
0
0
0
0
0
3538
3929
0
0
0
0
0
0
1967
2905
0
0
0
0
0
0
3305
3648
0
0
0
0
0
0
3586
1615
0
0
0
0
0
0
1524
1570
0
0
0
0
0
0
2596
2192
0
0
0
0
0
0
3917
3499
0
0
0
0
0
0
91
934
0
0
0
0
0
0
3668
3237
0
0
0
0
0
0
1793
3646
0
0
0
0
0
0
1870
1178
0
0
0
0
0
0
884
36
0
0
0
0
0
0
152
3124
0
0
0
0
0
0
2551
2788
0
0
0
0
0
0
2607
887
0
0
0
0
0
0
1608
3312
0
0
0
0
0
0
2417
559
0
0
0
0
0
0
3242
2004
0
0
0
0
0
0
675
2532
0
0
0
0
0
0
2268
2564
0
0
0
0
0
0
3107
322
0
0
0
0
0
0
3874
1289
0
0
0
0
0
0
2894
19
0
0
0
0
0
0
2871
1881
0
0
0
0
0
0
1131
2016
0
0
0
0
0
0
354
637
0
0
0
0
0
0
3542
3925
0
0
0
0
0
0
2045
3361
0
0
0
0
0
0
3310
3644
0
0
0
0
0
0
1124
3861
0
0
0
0
0
0
1528
1566
0
0
0
0
0
0
2780
2528
0
0
0
0
0
0
3922
3494
0
0
0
0
0
0
1827
3064
0
0
0
0
0
0
3673
3233
0
0
0
0
0
0
3452
1767
0
0
0
0
0
0
1875
1173
0
0
0
0
0
0
2468
2337
0
0
0
0
0
0
157
3119
0
0
0
0
0
0
4065
1073
0
0
0
0
0
0
2612
882
0
0
0
0
0
0
3054
1674
0
0
0
0
0
0
2422
554
0
0
0
0
0
0
528
439
0
0
0
0
0
0
680
2528
0
0
0
0
0
0
2211
3173
0
0
0
0
0
0
3112
317
0
0
0
0
0
0
1283
3680
0
0
0
0
0
0
2899
14
0
0
0
0
0
0
2933
2356
0
0
0
0
0
0
1136
2011
0
0
0
0
0
0
1972
2899
0
0
0
0
0
0
3547
3920
0
0
0
0
0
0
3591
1610
0
0
0
0
0
0
3315
3639
0
0
0
0
0
0
2601
2187
0
0
0
0
0
0
1533
1561
0
0
0
0
0
0
96
929
0
0
0
0
0
0
3927
3489
0
0
0
0
0
0
1798
3641
0
0
0
0
0
0
3678
3227
0
0
0
0
0
0
889
31
0
0
0
0
0
0
1880
1168
0
0
0
0
0
0
2556
2783
0
0
0
0
0
0
163
3114
0
0
0
0
0
0
1612
3307
0
0
0
0
0
0
2618
877
0
0
0
0
0
0
3247
1999
0
0
0
0
0
0
2427
549
0
0
0
0
0
0
2273
2559
0
0
0
0
0
0
686
2522
0
0
0
0
0
0
3878
1285
0
0
0
0
0
0
3117
311
0
0
0
0
0
0
2876
1876
0
0
0
0
0
0
2905
8
0
0
0
0
0
0
358
632
0
0
0
0
0
0
1142
2006
0
0
0
0
0
0
2049
3357
0
0
0
0
0
0
3553
3914
0
0
0
0
0
0
1128
3856
0
0
0
0
0
0
3321
3633
0
0
0
0
0
0
2785
2524
0
0
0
0
0
0
1539
1555
0
0
0
0
0
0
1831
3060
0
0
0
0
0
0
3933
3483
0
0
0
0
0
0
3456
1763
0
0
0
0
0
0
3684
3222
0
0
0
0
0
0
2473
2333
0
0
0
0
0
0
1886
1162
0
0
0
0
0
0
4069
1069
0
0
0
0
0
0
169
3108
0
0
0
0
0
0
3058
1670
0
0
0
0
0
0
2624
871
0
0
0
0
0
0
532
435
0
0
0
0
0
0
2433
543
0
0
0
0
0
0
2216
3168
0
0
0
0
0
0
692
2516
0
0
0
0
0
0
1287
3676
0
0
0
0
0
0
3123
305
0
0
0
0
0
0
2937
2351
0
0
0
0
0
0
2911
2
0
0
0
0
0
0
1976
2895
0
0
0
0
0
0
1148
2000
0
0
0
0
0
0
3595
1606
0
0
0
0
0
0
3559
3908
0
0
0
0
0
0
2605
2183
0
0
0
0
0
0
3327
3627
0
0
0
0
0
0
100
925
0
0
0
0
0
0
1545
1549
0
0
0
0
0
0
1802
3637
0
0
0
0
0
0
3939
3477
0
0
0
0
0
0
893
27
0
0
0
0
0
0
3690
3215
0
0
0
0
0
0
2560
2779
0
0
0
0
0
0
1892
1156
0
0
0
0
0
0
1616
3303
0
0
0
0
0
0
175
3102
0
0
0
0
0
0
3251
1996
0
0
0
0
0
0
2630
865
0
0
0
0
0
0
2277
2555
0
0
0
0
0
0
2440
537
0
0
0
0
0
0
3882
1281
0
0
0
0
0
0
698
2510
0
0
0
0
0
0
2880
1872
0
0
0
0
0
0
3130
299
0
0
0
0
0
0
362
628
0
0
0
0
0
0
2917
4092
0
0
0
0
0
0
2053
3353
0
0
0
0
0
0
1154
1993
0
0
0
0
0
0
1132
3852
0
0
0
0
0
0
3565
3902
0
0
0
0
0
0
2788
2520
0
0
0
0
0
0
3333
3621
0
0
0
0
0
0
1835
3056
0
0
0
0
0
0
1552
1543
0
0
0
0
0
0
3460
1759
0
0
0
0
0
0
3946
3471
0
0
0
0
0
0
2476
2329
0
0
0
0
0
0
3696
3209
0
0
0
0
0
0
4073
1065
0
0
0
0
0
0
1899
1150
0
0
0
0
0
0
3062
1666
0
0
0
0
0
0
181
3096
0
0
0
0
0
0
536
431
0
0
0
0
0
0
2636
858
0
0
0
0
0
0
2219
3165
0
0
0
0
0
0
2446
530
0
0
0
0
0
0
1291
3672
0
0
0
0
0
0
704
2504
0
0
0
0
0
0
2940
2348
0
0
0
0
0
0
3136
293
0
0
0
0
0
0
1980
2892
0
0
0
0
0
0
2923
4086
0
0
0
0
0
0
3599
1602
0
0
0
0
0
0
1160
1987
0
0
0
0
0
0
2609
2179
0
0
0
0
0
0
3572
3895
0
0
0
0
0
0
103
921
0
0
0
0
0
0
3340
3614
0
0
0
0
0
0
1806
3633
0
0
0
0
0
0
1558
1537
0
0
0
0
0
0
896
24
0
0
0
0
0
0
3952
3465
0
0
0
0
0
0
2563
2775
0
0
0
0
0
0
3703
3203
0
0
0
0
0
0
1620
3300
0
0
0
0
0
0
1905
1144
0
0
0
0
0
0
3255
1992
0
0
0
0
0
0
187
3089
0
0
0
0
0
0
2280
2552
0
0
0
0
0
0
2643
852
0
0
0
0
0
0
3886
1277
0
0
0
0
0
0
2452
524
0
0
0
0
0
0
2883
1869
0
0
0
0
0
0
710
2497
0
0
0
0
0
0
365
625
0
0
0
0
0
0
3142
287
0
0
0
0
0
0
2056
3350
0
0
0
0
0
0
2929
4080
0
0
0
0
0
0
1135
3849
0
0
0
0
0
0
1166
1981
0
0
0
0
0
0
2792
2516
0
0
0
0
0
0
3578
3889
0
0
0
0
0
0
1838
3053
0
0
0
0
0
0
3346
3608
0
0
0
0
0
0
3463
1756
0
0
0
0
0
0
1564
1530
0
0
0
0
0
0
2480
2326
0
0
0
0
0
0
3958
3459
0
0
0
0
0
0
4076
1061
0
0
0
0
0
0
3709
3197
0
0
0
0
0
0
3065
1663
0
0
0
0
0
0
1911
1137
0
0
0
0
0
0
540
428
0
0
0
0
0
0
194
3083
0
0
0
0
0
0
2223
3161
0
0
0
0
0
0
2649
846
0
0
0
0
0
0
1294
3669
0
0
0
0
0
0
2458
518
0
0
0
0
0
0
2944
2344
0
0
0
0
0
0
717
2491
0
0
0
0
0
0
1983
2888
0
0
0
0
0
0
3148
280
0
0
0
0
0
0
3602
1599
0
0
0
0
0
0
2936
4073
0
0
0
0
0
0
2612
2176
0
0
0
0
0
0
1173
1975
0
0
0
0
0
0
107
918
0
0
0
0
0
0
3584
3883
0
0
0
0
0
0
1809
3630
0
0
0
0
0
0
3352
3602
0
0
0
0
0
0
900
20
0
0
0
0
0
0
1571
1524
0
0
0
0
0
0
2567
2772
0
0
0
0
0
0
3964
3452
0
0
0
0
0
0
1623
3297
0
0
0
0
0
0
3715
3190
0
0
0
0
0
0
3258
1989
0
0
0
0
0
0
1918
1131
0
0
0
0
0
0
2284
2548
0
0
0
0
0
0
200
3077
0
0
0
0
0
0
3889
1274
0
0
0
0
0
0
2655
840
0
0
0
0
0
0
2886
1865
0
0
0
0
0
0
2465
512
0
0
0
0
0
0
369
621
0
0
0
0
0
0
723
2485
0
0
0
0
0
0
2060
3346
0
0
0
0
0
0
3155
274
0
0
0
0
0
0
1139
3845
0
0
0
0
0
0
2942
4067
0
0
0
0
0
0
2795
2513
0
0
0
0
0
0
1179
1968
0
0
0
0
0
0
1842
3049
0
0
0
0
0
0
3591
3876
0
0
0
0
0
0
3467
1752
0
0
0
0
0
0
3358
3595
0
0
0
0
0
0
2483
2323
0
0
0
0
0
0
1577
1518
0
0
0
0
0
0
4080
1058
0
0
0
0
0
0
3971
3446
0
0
0
0
0
0
3069
1659
0
0
0
0
0
0
3722
3184
0
0
0
0
0
0
543
424
0
0
0
0
0
0
1924
1125
0
0
0
0
0
0
2226
3158
0
0
0
0
0
0
206
3070
0
0
0
0
0
0
1298
3665
0
0
0
0
0
0
2662
833
0
0
0
0
0
0
2947
2341
0
0
0
0
0
0
2471
505
0
0
0
0
0
0
1987
2885
0
0
0
0
0
0
729
2478
0
0
0
0
0
0
3605
1595
0
0
0
0
0
0
3161
268
0
0
0
0
0
0
2616
2172
0
0
0
0
0
0
2948
4061
0
0
0
0
0
0
110
915
0
0
0
0
0
0
1185
1962
0
0
0
0
0
0
1813
3626
0
0
0
0
0
0
3597
3870
0
0
0
0
0
0
903
17
0
0
0
0
0
0
3365
3589
0
0
0
0
0
0
2570
2768
0
0
0
0
0
0
1583
1511
0
0
0
0
0
0
1627
3293
0
0
0
0
0
0
3977
3440
0
0
0
0
0
0
3261
1985
0
0
0
0
0
0
3728
3178
0
0
0
0
0
0
2287
2545
0
0
0
0
0
0
1930
1118
0
0
0
0
0
0
3892
1271
0
0
0
0
0
0
213
3064
0
0
0
0
0
0
2890
1862
0
0
0
0
0
0
2668
827
0
0
0
0
0
0
372
618
0
0
0
0
0
0
2477
499
0
0
0
0
0
0
2063
3343
0
0
0
0
0
0
735
2472
0
0
0
0
0
0
1142
3842
0
0
0
0
0
0
3167
261
0
0
0
0
0
0
2799
2510
0
0
0
0
0
0
2955
4054
0
0
0
0
0
0
1845
3046
0
0
0
0
0
0
1191
1956
0
0
0
0
0
0
3470
1749
0
0
0
0
0
0
3603
3864
0
0
0
0
0
0
2486
2319
0
0
0
0
0
0
3371
3583
0
0
0
0
0
0
4083
1055
0
0
0
0
0
0
1589
1505
0
0
0
0
0
0
3072
1656
0
0
0
0
0
0
3983
3433
0
0
0
0
0
0
546
421
0
0
0
0
0
0
3734
3172
0
0
0
0
0
0
2229
3155
0
0
0
0
0
0
1936
1112
0
0
0
0
0
0
1301
3662
0
0
0
0
0
0
219
3058
0
0
0
0
0
0
2950
2338
0
0
0
0
0
0
2674
821
0
0
0
0
0
0
1990
2882
0
0
0
0
0
0
2484
493
0
0
0
0
0
0
3609
1592
0
0
0
0
0
0
742
2466
0
0
0
0
0
0
2619
2169
0
0
0
0
0
0
3174
255
0
0
0
0
0
0
114
911
0
0
0
0
0
0
2961
4048
0
0
0
0
0
0
1816
3623
0
0
0
0
0
0
1198
1950
0
0
0
0
0
0
906
13
0
0
0
0
0
0
3609
3858
0
0
0
0
0
0
2573
2765
0
0
0
0
0
0
3377
3577
0
0
0
0
0
0
1630
3290
0
0
0
0
0
0
1596
1499
0
0
0
0
0
0
3265
1982
0
0
0
0
0
0
3990
3427
0
0
0
0
0
0
2290
2542
0
0
0
0
0
0
3740
3165
0
0
0
0
0
0
3896
1267
0
0
0
0
0
0
1943
1106
0
0
0
0
0
0
2893
1859
0
0
0
0
0
0
225
3052
0
0
0
0
0
0
375
615
0
0
0
0
0
0
2680
815
0
0
0
0
0
0
2066
3340
0
0
0
0
0
0
2490
486
0
0
0
0
0
0
1145
3839
0
0
0
0
0
0
748
2460
0
0
0
0
0
0
2802
2506
0
0
0
0
0
0
3180
249
0
0
0
0
0
0
1848
3043
0
0
0
0
0
0
2967
4042
0
0
0
0
0
0
3473
1746
0
0
0
0
0
0
1204
1943
0
0
0
0
0
0
2490
2316
0
0
0
0
0
0
3616
3851
0
0
0
0
0
0
4086
1051
0
0
0
0
0
0
3383
3570
0
0
0
0
0
0
3075
1653
0
0
0
0
0
0
1602
1493
0
0
0
0
0
0
550
418
0
0
0
0
0
0
3996
3421
0
0
0
0
0
0
2233
3151
0
0
0
0
0
0
3747
3159
0
0
0
0
0
0
1304
3659
0
0
0
0
0
0
1949
1100
0
0
0
0
0
0
2954
2334
0
0
0
0
0
0
231
3045
0
0
0
0
0
0
1993
2878
0
0
0
0
0
0
2687
808
0
0
0
0
0
0
3612
1589
0
0
0
0
0
0
2496
480
0
0
0
0
0
0
2622
2166
0
0
0
0
0
0
754
2453
0
0
0
0
0
0
117
908
0
0
0
0
0
0
3186
243
0
0
0
0
0
0
1819
3620
0
0
0
0
0
0
2973
4036
0
0
0
0
0
0
910
10
0
0
0
0
0
0
1210
1937
0
0
0
0
0
0
2577
2762
0
0
0
0
0
0
3622
3845
0
0
0
0
0
0
1633
3287
0
0
0
0
0
0
3390
3564
0
0
0
0
0
0
3268
1979
0
0
0
0
0
0
1608
1487
0
0
0
0
0
0
2294
2538
0
0
0
0
0
0
4002
3415
0
0
0
0
0
0
3899
1264
0
0
0
0
0
0
3753
3153
0
0
0
0
0
0
2896
1856
0
0
0
0
0
0
1955
1093
0
0
0
0
0
0
379
611
0
0
0
0
0
0
238
3039
0
0
0
0
0
0
2070
3336
0
0
0
0
0
0
2693
802
0
0
0
0
0
0
1149
3835
0
0
0
0
0
0
2502
474
0
0
0
0
0
0
2805
2503
0
0
0
0
0
0
760
2447
0
0
0
0
0
0
1852
3039
0
0
0
0
0
0
3192
236
0
0
0
0
0
0
3477
1742
0
0
0
0
0
0
2979
4030
0
0
0
0
0
0
2493
2313
0
0
0
0
0
0
1216
1931
0
0
0
0
0
0
4089
1048
0
0
0
0
0
0
3628
3839
0
0
0
0
0
0
3079
1649
0
0
0
0
0
0
3396
3558
0
0
0
0
0
0
553
414
0
0
0
0
0
0
1614
1480
0
0
0
0
0
0
2236
3148
0
0
0
0
0
0
4008
3409
0
0
0
0
0
0
1308
3655
0
0
0
0
0
0
3759
3147
0
0
0
0
0
0
2957
2331
0
0
0
0
0
0
1961
1087
0
0
0
0
0
0
1997
2875
0
0
0
0
0
0
244
3033
0
0
0
0
0
0
3615
1585
0
0
0
0
0
0
2699
796
0
0
0
0
0
0
2626
2163
0
0
0
0
0
0
2508
468
0
0
0
0
0
0
120
905
0
0
0
0
0
0
766
2441
0
0
0
0
0
0
1823
3616
0
0
0
0
0
0
3198
230
0
0
0
0
0
0
913
7
0
0
0
0
0
0
2986
4023
0
0
0
0
0
0
2580
2758
0
0
0
0
0
0
1223
1925
0
0
0
0
0
0
1636
3283
0
0
0
0
0
0
3634
3833
0
0
0
0
0
0
3271
1975
0
0
0
0
0
0
3402
3552
0
0
0
0
0
0
2297
2535
0
0
0
0
0
0
1620
1474
0
0
0
0
0
0
3902
1261
0
0
0
0
0
0
4014
3402
0
0
0
0
0
0
2900
1852
0
0
0
0
0
0
3765
3141
0
0
0
0
0
0
382
608
0
0
0
0
0
0
1967
1081
0
0
0
0
0
0
2073
3333
0
0
0
0
0
0
250
3027
0
0
0
0
0
0
1152
3832
0
0
0
0
0
0
2705
790
0
0
0
0
0
0
2808
2500
0
0
0
0
0
0
2515
462
0
0
0
0
0
0
1855
3036
0
0
0
0
0
0
773
2435
0
0
0
0
0
0
3480
1739
0
0
0
0
0
0
3205
224
0
0
0
0
0
0
2496
2309
0
0
0
0
0
0
2992
4017
0
0
0
0
0
0
4093
1045
0
0
0
0
0
0
1229
1919
0
0
0
0
0
0
3082
1646
0
0
0
0
0
0
3640
3827
0
0
0
0
0
0
556
411
0
0
0
0
0
0
3408
3546
0
0
0
0
0
0
2239
3145
0
0
0
0
0
0
1627
1468
0
0
0
0
0
0
1311
3652
0
0
0
0
0
0
4020
3396
0
0
0
0
0
0
2960
2328
0
0
0
0
0
0
3771
3134
0
0
0
0
0
0
2000
2872
0
0
0
0
0
0
1974
1075
0
0
0
0
0
0
3619
1582
0
0
0
0
0
0
256
3021
0
0
0
0
0
0
2629
2159
0
0
0
0
0
0
2711
784
0
0
0
0
0
0
123
902
0
0
0
0
0
0
2521
456
0
0
0
0
0
0
1826
3613
0
0
0
0
0
0
779
2429
0
0
0
0
0
0
916
4
0
0
0
0
0
0
3211
218
0
0
0
0
0
0
2583
2755
0
0
0
0
0
0
2998
4011
0
0
0
0
0
0
1640
3280
0
0
0
0
0
0
1235
1912
0
0
0
0
0
0
3274
1972
0
0
0
0
0
0
3646
3821
0
0
0
0
0
0
2300
2532
0
0
0
0
0
0
3414
3540
0
0
0
0
0
0
3905
1257
0
0
0
0
0
0
1633
1462
0
0
0
0
0
0
2903
1849
0
0
0
0
0
0
4027
3390
0
0
0
0
0
0
385
605
0
0
0
0
0
0
3778
3128
0
0
0
0
0
0
2076
3330
0
0
0
0
0
0
1980
1069
0
0
0
0
0
0
1155
3829
0
0
0
0
0
0
262
3015
0
0
0
0
0
0
2812
2496
0
0
0
0
0
0
2717
777
0
0
0
0
0
0
1858
3033
0
0
0
0
0
0
2527
449
0
0
0
0
0
0
3483
1736
0
0
0
0
0
0
785
2423
0
0
0
0
0
0
2500
2306
0
0
0
0
0
0
3217
212
0
0
0
0
0
0
0
1042
0
0
0
0
0
0
3004
4005
0
0
0
0
0
0
1708
3747
0
0
0
0
0
0
1241
1906
0
0
0
0
0
0
804
131
0
0
0
0
0
0
3653
3814
0
0
0
0
0
0
2476
2877
0
0
0
0
0
0
3420
3533
0
0
0
0
0
0
1537
3396
0
0
0
0
0
0
1639
1456
0
0
0
0
0
0
3177
2083
0
0
0
0
0
0
4033
3384
0
0
0
0
0
0
2207
2638
0
0
0
0
0
0
3784
3122
0
0
0
0
0
0
3817
1358
0
0
0
0
0
0
1986
1063
0
0
0
0
0
0
2818
1945
0
0
0
0
0
0
268
3008
0
0
0
0
0
0
304
697
0
0
0
0
0
0
2723
771
0
0
0
0
0
0
1999
3417
0
0
0
0
0
0
2533
443
0
0
0
0
0
0
1082
3913
0
0
0
0
0
0
791
2417
0
0
0
0
0
0
2742
2576
0
0
0
0
0
0
3223
206
0
0
0
0
0
0
1791
3109
0
0
0
0
0
0
3010
3999
0
0
0
0
0
0
3419
1808
0
0
0
0
0
0
1247
1900
0
0
0
0
0
0
2439
2375
0
0
0
0
0
0
3659
3808
0
0
0
0
0
0
4038
1108
0
0
0
0
0
0
3427
3527
0
0
0
0
0
0
3030
1706
0
0
0
0
0
0
1645
1450
0
0
0
0
0
0
507
468
0
0
0
0
0
0
4039
3378
0
0
0
0
0
0
2192
3199
0
0
0
0
0
0
3790
3116
0
0
0
0
0
0
1266
3703
0
0
0
0
0
0
1992
1057
0
0
0
0
0
0
2918
2376
0
0
0
0
0
0
274
3002
0
0
0
0
0
0
1960
2918
0
0
0
0
0
0
2730
765
0
0
0
0
0
0
3581
1626
0
0
0
0
0
0
2539
437
0
0
0
0
0
0
2593
2201
0
0
0
0
0
0
797
2410
0
0
0
0
0
0
89
941
0
0
0
0
0
0
3229
200
0
0
0
0
0
0
1793
3651
0
0
0
0
0
0
3016
3993
0
0
0
0
0
0
885
39
0
0
0
0
0
0
1253
1894
0
0
0
0
0
0
2554
2789
0
0
0
0
0
0
3665
3802
0
0
0
0
0
0
1612
3312
0
0
0
0
0
0
3433
3521
0
0
0
0
0
0
3249
2002
0
0
0
0
0
0
1651
1444
0
0
0
0
0
0
2276
2560
0
0
0
0
0
0
4045
3372
0
0
0
0
0
0
3882
1284
0
0
0
0
0
0
3796
3110
0
0
0
0
0
0
2881
1874
0
0
0
0
0
0
1998
1051
0
0
0
0
0
0
365
629
0
0
0
0
0
0
280
2996
0
0
0
0
0
0
2057
3352
0
0
0
0
0
0
2736
759
0
0
0
0
0
0
1137
3850
0
0
0
0
0
0
2545
431
0
0
0
0
0
0
2795
2517
0
0
0
0
0
0
803
2404
0
0
0
0
0
0
1842
3052
0
0
0
0
0
0
3235
194
0
0
0
0
0
0
3468
1754
0
0
0
0
0
0
3022
3987
0
0
0
0
0
0
2486
2323
0
0
0
0
0
0
1259
1888
0
0
0
0
0
0
4083
1057
0
0
0
0
0
0
3671
3796
0
0
0
0
0
0
3073
1658
0
0
0
0
0
0
3439
3515
0
0
0
0
0
0
548
422
0
0
0
0
0
0
1657
1438
0
0
0
0
0
0
2232
3154
0
0
0
0
0
0
4051
3366
0
0
0
0
0
0
1304
3661
0
0
0
0
0
0
3802
3104
0
0
0
0
0
0
2954
2336
0
0
0
0
0
0
2004
1045
0
0
0
0
0
0
1995
2879
0
0
0
0
0
0
286
2990
0
0
0
0
0
0
3614
1589
0
0
0
0
0
0
2742
753
0
0
0
0
0
0
2625
2165
0
0
0
0
0
0
2551
425
0
0
0
0
0
0
120
906
0
0
0
0
0
0
809
2398
0
0
0
0
0
0
1823
3617
0
0
0
0
0
0
3241
188
0
0
0
0
0
0
914
7
0
0
0
0
0
0
3028
3981
0
0
0
0
0
0
2582
2758
0
0
0
0
0
0
1265
1882
0
0
0
0
0
0
1639
3283
0
0
0
0
0
0
3677
3790
0
0
0
0
0
0
3274
1974
0
0
0
0
0
0
3445
3509
0
0
0
0
0
0
2300
2533
0
0
0
0
0
0
1663
1432
0
0
0
0
0
0
3906
1258
0
0
0
0
0
0
4057
3360
0
0
0
0
0
0
2904
1849
0
0
0
0
0
0
3808
3098
0
0
0
0
0
0
386
605
0
0
0
0
0
0
2010
1039
0
0
0
0
0
0
2078
3329
0
0
0
0
0
0
293
2984
0
0
0
0
0
0
1157
3828
0
0
0
0
0
0
2748
747
0
0
0
0
0
0
2814
2495
0
0
0
0
0
0
2557
419
0
0
0
0
0
0
1861
3031
0
0
0
0
0
0
815
2392
0
0
0
0
0
0
3486
1734
0
0
0
0
0
0
3247
182
0
0
0
0
0
0
2503
2304
0
0
0
0
0
0
3034
3975
0
0
0
0
0
0
3
1039
0
0
0
0
0
0
1271
1876
0
0
0
0
0
0
1712
3744
0
0
0
0
0
0
3683
3784
0
0
0
0
0
0
808
128
0
0
0
0
0
0
3451
3503
0
0
0
0
0
0
2480
2874
0
0
0
0
0
0
1669
1425
0
0
0
0
0
0
1542
3393
0
0
0
0
0
0
4063
3354
0
0
0
0
0
0
3182
2079
0
0
0
0
0
0
3814
3092
0
0
0
0
0
0
2212
2633
0
0
0
0
0
0
2016
1033
0
0
0
0
0
0
3822
1354
0
0
0
0
0
0
299
2978
0
0
0
0
0
0
2824
1941
0
0
0
0
0
0
2754
741
0
0
0
0
0
0
310
692
0
0
0
0
0
0
2563
413
0
0
0
0
0
0
2005
3412
0
0
0
0
0
0
821
2386
0
0
0
0
0
0
1088
3907
0
0
0
0
0
0
3253
176
0
0
0
0
0
0
2748
2571
0
0
0
0
0
0
3040
3969
0
0
0
0
0
0
1797
3103
0
0
0
0
0
0
1277
1870
0
0
0
0
0
0
3426
1802
0
0
0
0
0
0
3689
3778
0
0
0
0
0
0
2445
2369
0
0
0
0
0
0
3457
3497
0
0
0
0
0
0
4045
1101
0
0
0
0
0
0
1675
1419
0
0
0
0
0
0
3037
1699
0
0
0
0
0
0
4069
3348
0
0
0
0
0
0
514
461
0
0
0
0
0
0
3820
3086
0
0
0
0
0
0
2199
3192
0
0
0
0
0
0
2022
1027
0
0
0
0
0
0
1274
3697
0
0
0
0
0
0
305
2972
0
0
0
0
0
0
2925
2369
0
0
0
0
0
0
2760
735
0
0
0
0
0
0
1967
2911
0
0
0
0
0
0
2569
407
0
0
0
0
0
0
3588
1619
0
0
0
0
0
0
827
2380
0
0
0
0
0
0
2600
2194
0
0
0
0
0
0
3259
170
0
0
0
0
0
0
97
934
0
0
0
0
0
0
3046
3963
0
0
0
0
0
0
1801
3643
0
0
0
0
0
0
1283
1864
0
0
0
0
0
0
893
31
0
0
0
0
0
0
3695
3772
0
0
0
0
0
0
2562
2781
0
0
0
0
0
0
3463
3491
0
0
0
0
0
0
1620
3304
0
0
0
0
0
0
1681
1414
0
0
0
0
0
0
3257
1994
0
0
0
0
0
0
4075
3342
0
0
0
0
0
0
2284
2552
0
0
0
0
0
0
3826
3080
0
0
0
0
0
0
3891
1276
0
0
0
0
0
0
2028
1021
0
0
0
0
0
0
2890
1866
0
0
0
0
0
0
310
2966
0
0
0
0
0
0
373
621
0
0
0
0
0
0
2766
729
0
0
0
0
0
0
2065
3344
0
0
0
0
0
0
2575
401
0
0
0
0
0
0
1146
3842
0
0
0
0
0
0
833
2374
0
0
0
0
0
0
2803
2508
0
0
0
0
0
0
3265
164
0
0
0
0
0
0
1851
3043
0
0
0
0
0
0
3052
3957
0
0
0
0
0
0
3477
1745
0
0
0
0
0
0
1289
1858
0
0
0
0
0
0
2494
2314
0
0
0
0
0
0
3701
3766
0
0
0
0
0
0
4092
1049
0
0
0
0
0
0
3469
3485
0
0
0
0
0
0
3082
1649
0
0
0
0
0
0
1687
1408
0
0
0
0
0
0
557
413
0
0
0
0
0
0
4081
3336
0
0
0
0
0
0
2241
3146
0
0
0
0
0
0
3832
3074
0
0
0
0
0
0
1313
3652
0
0
0
0
0
0
2034
1015
0
0
0
0
0
0
2963
2327
0
0
0
0
0
0
316
2960
0
0
0
0
0
0
2004
2870
0
0
0
0
0
0
2772
723
0
0
0
0
0
0
3623
1580
0
0
0
0
0
0
2581
395
0
0
0
0
0
0
2634
2156
0
0
0
0
0
0
839
2368
0
0
0
0
0
0
129
898
0
0
0
0
0
0
3271
158
0
0
0
0
0
0
1832
3608
0
0
0
0
0
0
3058
3951
0
0
0
0
0
0
923
4094
0
0
0
0
0
0
1295
1852
0
0
0
0
0
0
2591
2749
0
0
0
0
0
0
3707
3760
0
0
0
0
0
0
1648
3274
0
0
0
0
0
0
3475
3479
0
0
0
0
0
0
3283
1965
0
0
0
0
0
0
1693
1402
0
0
0
0
0
0
2309
2524
0
0
0
0
0
0
4087
3330
0
0
0
0
0
0
3915
1249
0
0
0
0
0
0
3838
3068
0
0
0
0
0
0
2913
1840
0
0
0
0
0
0
2040
1009
0
0
0
0
0
0
396
596
0
0
0
0
0
0
322
2954
0
0
0
0
0
0
2087
3320
0
0
0
0
0
0
2778
717
0
0
0
0
0
0
1166
3819
0
0
0
0
0
0
2587
389
0
0
0
0
0
0
2823
2486
0
0
0
0
0
0
845
2363
0
0
0
0
0
0
1870
3022
0
0
0
0
0
0
3277
152
0
0
0
0
0
0
3495
1725
0
0
0
0
0
0
3064
3945
0
0
0
0
0
0
2512
2295
0
0
0
0
0
0
1301
1846
0
0
0
0
0
0
13
1030
0
0
0
0
0
0
3713
3754
0
0
0
0
0
0
1721
3735
0
0
0
0
0
0
3481
3473
0
0
0
0
0
0
817
119
0
0
0
0
0
0
1699
1396
0
0
0
0
0
0
2490
2864
0
0
0
0
0
0
4093
3324
0
0
0
0
0
0
1551
3383
0
0
0
0
0
0
3844
3062
0
0
0
0
0
0
3191
2070
0
0
0
0
0
0
2046
1003
0
0
0
0
0
0
2221
2624
0
0
0
0
0
0
328
2948
0
0
0
0
0
0
3831
1344
0
0
0
0
0
0
2783
711
0
0
0
0
0
0
2833
1931
0
0
0
0
0
0
2593
383
0
0
0
0
0
0
319
683
0
0
0
0
0
0
851
2357
0
0
0
0
0
0
2014
3403
0
0
0
0
0
0
3283
146
0
0
0
0
0
0
1097
3898
0
0
0
0
0
0
3070
3939
0
0
0
0
0
0
2757
2561
0
0
0
0
0
0
1307
1840
0
0
0
0
0
0
1807
3094
0
0
0
0
0
0
3719
3748
0
0
0
0
0
0
3435
1793
0
0
0
0
0
0
3486
3467
0
0
0
0
0
0
2455
2360
0
0
0
0
0
0
1705
1390
0
0
0
0
0
0
4054
1092
0
0
0
0
0
0
3
3318
0
0
0
0
0
0
3046
1690
0
0
0
0
0
0
2473
1064
0
0
0
0
0
0
523
452
0
0
0
0
0
0
2296
720
0
0
0
0
0
0
2209
3182
0
0
0
0
0
0
568
2678
0
0
0
0
0
0
1283
3687
0
0
0
0
0
0
3013
453
0
0
0
0
0
0
2935
2360
0
0
0
0
0
0
2812
136
0
0
0
0
0
0
1977
2901
0
0
0
0
0
0
1061
2120
0
0
0
0
0
0
3598
1609
0
0
0
0
0
0
3484
4015
0
0
0
0
0
0
2610
2184
0
0
0
0
0
0
3262
3722
0
0
0
0
0
0
106
924
0
0
0
0
0
0
1491
1633
0
0
0
0
0
0
1811
3633
0
0
0
0
0
0
3894
3550
0
0
0
0
0
0
903
22
0
0
0
0
0
0
3655
3278
0
0
0
0
0
0
2572
2772
0
0
0
0
0
0
1866
1208
0
0
0
0
0
0
1630
3295
0
0
0
0
0
0
157
3144
0
0
0
0
0
0
3266
1985
0
0
0
0
0
0
2620
898
0
0
0
0
0
0
2293
2543
0
0
0
0
0
0
2437
561
0
0
0
0
0
0
3900
1267
0
0
0
0
0
0
703
2526
0
0
0
0
0
0
2899
1857
0
0
0
0
0
0
