4095
0
0
0
0
0
0
0
4095
0
0
0
0
0
0
0
4095
0
0
0
0
0
0
0
4095
0
0
0
0
0
0
0
4095
0
0
0
0
0
0
0
4095
0
0
0
0
0
0
0
4095
0
0
0
0
0
0
0
4095
0
0
0
0
0
0
0
4095
0
0
0
0
0
0
0
4095
0
0
0
0
0
0
0
4095
0
0
0
0
0
0
0
4095
0
0
0
0
0
0
0
4095
0
0
0
0
0
0
0
4095
0
0
0
0
0
0
0
4095
0
0
0
0
0
0
0
4095
0
0
0
0
0
0
0
4095
0
0
0
0
0
0
0
4095
0
0
0
0
0
0
0
4095
0
0
0
0
0
0
0
4095
0
0
0
0
0
0
0
4095
0
0
0
0
0
0
0
4095
0
0
0
0
0
0
0
4095
0
0
0
0
0
0
0
4092
4092
0
0
0
0
0
0
4094
4095
0
0
0
0
0
0
4092
4092
0
0
0
0
0
0
4094
4095
0
0
0
0
0
0
4092
4092
0
0
0
0
0
0
4094
4094
0
0
0
0
0
0
4092
4092
0
0
0
0
0
0
4095
0
0
0
0
0
0
0
4091
4090
0
0
0
0
0
0
1
1
0
0
0
0
0
0
4089
4090
0
0
0
0
0
0
2
1
0
0
0
0
0
0
4089
4090
0
0
0
0
0
0
4
1
0
0
0
0
0
0
4087
4089
0
0
0
0
0
0
6
2
0
0
0
0
0
0
4084
4089
0
0
0
0
0
0
9
2
0
0
0
0
0
0
4081
4091
0
0
0
0
0
0
12
0
0
0
0
0
0
0
4079
4091
0
0
0
0
0
0
13
4093
0
0
0
0
0
0
4078
4094
0
0
0
0
0
0
14
4090
0
0
0
0
0
0
4077
4
0
0
0
0
0
0
16
4085
0
0
0
0
0
0
4076
8
0
0
0
0
0
0
14
4079
0
0
0
0
0
0
4077
13
0
0
0
0
0
0
12
4075
0
0
0
0
0
0
4081
20
0
0
0
0
0
0
9
4067
0
0
0
0
0
0
4085
28
0
0
0
0
0
0
3
4059
0
0
0
0
0
0
4091
35
0
0
0
0
0
0
4093
4052
0
0
0
0
0
0
2
43
0
0
0
0
0
0
4085
4045
0
0
0
0
0
0
11
49
0
0
0
0
0
0
4074
4039
0
0
0
0
0
0
22
56
0
0
0
0
0
0
4063
4033
0
0
0
0
0
0
33
60
0
0
0
0
0
0
4052
4030
0
0
0
0
0
0
46
62
0
0
0
0
0
0
4038
4027
0
0
0
0
0
0
58
63
0
0
0
0
0
0
4027
4030
0
0
0
0
0
0
70
60
0
0
0
0
0
0
4013
4032
0
0
0
0
0
0
82
56
0
0
0
0
0
0
4003
4040
0
0
0
0
0
0
93
47
0
0
0
0
0
0
3993
4049
0
0
0
0
0
0
100
35
0
0
0
0
0
0
3986
4061
0
0
0
0
0
0
107
20
0
0
0
0
0
0
3982
4079
0
0
0
0
0
0
109
2
0
0
0
0
0
0
3983
5
0
0
0
0
0
0
108
4077
0
0
0
0
0
0
3985
25
0
0
0
0
0
0
103
4054
0
0
0
0
0
0
3993
50
0
0
0
0
0
0
89
4028
0
0
0
0
0
0
4007
76
0
0
0
0
0
0
75
4002
0
0
0
0
0
0
4025
101
0
0
0
0
0
0
56
3977
0
0
0
0
0
0
4047
128
0
0
0
0
0
0
32
3953
0
0
0
0
0
0
4073
150
0
0
0
0
0
0
2
3928
0
0
0
0
0
0
7
173
0
0
0
0
0
0
4068
3910
0
0
0
0
0
0
40
190
0
0
0
0
0
0
4034
3893
0
0
0
0
0
0
76
203
0
0
0
0
0
0
3996
3882
0
0
0
0
0
0
112
212
0
0
0
0
0
0
3960
3877
0
0
0
0
0
0
149
213
0
0
0
0
0
0
3925
3880
0
0
0
0
0
0
184
209
0
0
0
0
0
0
3890
3887
0
0
0
0
0
0
217
196
0
0
0
0
0
0
3859
3903
0
0
0
0
0
0
245
176
0
0
0
0
0
0
3834
3928
0
0
0
0
0
0
267
147
0
0
0
0
0
0
3814
3960
0
0
0
0
0
0
285
112
0
0
0
0
0
0
3801
3999
0
0
0
0
0
0
293
71
0
0
0
0
0
0
3796
4043
0
0
0
0
0
0
293
23
0
0
0
0
0
0
3802
4095
0
0
0
0
0
0
283
4065
0
0
0
0
0
0
3815
53
0
0
0
0
0
0
265
4009
0
0
0
0
0
0
3840
110
0
0
0
0
0
0
234
3950
0
0
0
0
0
0
3873
168
0
0
0
0
0
0
198
3894
0
0
0
0
0
0
3916
225
0
0
0
0
0
0
149
3836
0
0
0
0
0
0
3970
282
0
0
0
0
0
0
92
3783
0
0
0
0
0
0
4030
332
0
0
0
0
0
0
28
3736
0
0
0
0
0
0
1
375
0
0
0
0
0
0
4055
3696
0
0
0
0
0
0
72
410
0
0
0
0
0
0
3982
3667
0
0
0
0
0
0
147
436
0
0
0
0
0
0
3907
3647
0
0
0
0
0
0
220
447
0
0
0
0
0
0
3833
3642
0
0
0
0
0
0
293
448
0
0
0
0
0
0
3763
3648
0
0
0
0
0
0
361
432
0
0
0
0
0
0
3697
3669
0
0
0
0
0
0
424
405
0
0
0
0
0
0
3640
3705
0
0
0
0
0
0
477
364
0
0
0
0
0
0
3592
3754
0
0
0
0
0
0
517
307
0
0
0
0
0
0
3557
3815
0
0
0
0
0
0
545
239
0
0
0
0
0
0
3535
3889
0
0
0
0
0
0
559
157
0
0
0
0
0
0
3530
3976
0
0
0
0
0
0
557
68
0
0
0
0
0
0
3542
4071
0
0
0
0
0
0
537
4066
0
0
0
0
0
0
3570
74
0
0
0
0
0
0
500
3965
0
0
0
0
0
0
3616
177
0
0
0
0
0
0
445
3861
0
0
0
0
0
0
3678
281
0
0
0
0
0
0
375
3757
0
0
0
0
0
0
3755
382
0
0
0
0
0
0
290
3660
0
0
0
0
0
0
3849
476
0
0
0
0
0
0
190
3568
0
0
0
0
0
0
3954
562
0
0
0
0
0
0
79
3490
0
0
0
0
0
0
4069
637
0
0
0
0
0
0
4057
3423
0
0
0
0
0
0
94
694
0
0
0
0
0
0
3934
3374
0
0
0
0
0
0
218
733
0
0
0
0
0
0
3810
3343
0
0
0
0
0
0
343
754
0
0
0
0
0
0
3688
3334
0
0
0
0
0
0
462
753
0
0
0
0
0
0
3571
3346
0
0
0
0
0
0
574
730
0
0
0
0
0
0
3463
3381
0
0
0
0
0
0
675
684
0
0
0
0
0
0
3370
3439
0
0
0
0
0
0
759
614
0
0
0
0
0
0
3296
3519
0
0
0
0
0
0
826
524
0
0
0
0
0
0
3238
3617
0
0
0
0
0
0
871
415
0
0
0
0
0
0
3205
3736
0
0
0
0
0
0
892
288
0
0
0
0
0
0
3196
3870
0
0
0
0
0
0
888
147
0
0
0
0
0
0
3214
4018
0
0
0
0
0
0
858
4092
0
0
0
0
0
0
3258
77
0
0
0
0
0
0
801
3934
0
0
0
0
0
0
3328
237
0
0
0
0
0
0
718
3774
0
0
0
0
0
0
3423
396
0
0
0
0
0
0
609
3615
0
0
0
0
0
0
3541
550
0
0
0
0
0
0
480
3467
0
0
0
0
0
0
3683
694
0
0
0
0
0
0
330
3328
0
0
0
0
0
0
3840
824
0
0
0
0
0
0
165
3207
0
0
0
0
0
0
4011
935
0
0
0
0
0
0
4085
3108
0
0
0
0
0
0
95
1023
0
0
0
0
0
0
3902
3033
0
0
0
0
0
0
281
1084
0
0
0
0
0
0
3717
2987
0
0
0
0
0
0
463
1116
0
0
0
0
0
0
3536
2970
0
0
0
0
0
0
641
1116
0
0
0
0
0
0
3366
2985
0
0
0
0
0
0
804
1083
0
0
0
0
0
0
3210
3034
0
0
0
0
0
0
951
1019
0
0
0
0
0
0
3074
3116
0
0
0
0
0
0
1076
923
0
0
0
0
0
0
2963
3229
0
0
0
0
0
0
1173
795
0
0
0
0
0
0
2880
3369
0
0
0
0
0
0
1239
640
0
0
0
0
0
0
2829
3537
0
0
0
0
0
0
1273
461
0
0
0
0
0
0
2815
3727
0
0
0
0
0
0
1270
262
0
0
0
0
0
0
2835
3932
0
0
0
0
0
0
1229
49
0
0
0
0
0
0
2894
54
0
0
0
0
0
0
1154
3924
0
0
0
0
0
0
2988
276
0
0
0
0
0
0
1041
3701
0
0
0
0
0
0
3119
500
0
0
0
0
0
0
893
3479
0
0
0
0
0
0
3281
714
0
0
0
0
0
0
716
3272
0
0
0
0
0
0
3472
916
0
0
0
0
0
0
514
3082
0
0
0
0
0
0
3687
1096
0
0
0
0
0
0
289
2912
0
0
0
0
0
0
3921
1251
0
0
0
0
0
0
48
2773
0
0
0
0
0
0
70
1375
0
0
0
0
0
0
3896
2667
0
0
0
0
0
0
319
1461
0
0
0
0
0
0
3644
2599
0
0
0
0
0
0
569
1510
0
0
0
0
0
0
3399
2571
0
0
0
0
0
0
809
1514
0
0
0
0
0
0
3169
2589
0
0
0
0
0
0
1032
1476
0
0
0
0
0
0
2954
2647
0
0
0
0
0
0
1231
1394
0
0
0
0
0
0
2769
2751
0
0
0
0
0
0
1402
1270
0
0
0
0
0
0
2616
2897
0
0
0
0
0
0
1536
1105
0
0
0
0
0
0
2503
3079
0
0
0
0
0
0
1629
904
0
0
0
0
0
0
2431
3298
0
0
0
0
0
0
1678
673
0
0
0
0
0
0
2403
3543
0
0
0
0
0
0
1681
415
0
0
0
0
0
0
2426
3811
0
0
0
0
0
0
1635
137
0
0
0
0
0
0
2496
4095
0
0
0
0
0
0
1541
3945
0
0
0
0
0
0
2614
289
0
0
0
0
0
0
1399
3654
0
0
0
0
0
0
2777
579
0
0
0
0
0
0
1215
3368
0
0
0
0
0
0
2982
859
0
0
0
0
0
0
989
3095
0
0
0
0
0
0
3225
1123
0
0
0
0
0
0
733
2845
0
0
0
0
0
0
3497
1360
0
0
0
0
0
0
447
2623
0
0
0
0
0
0
3795
1563
0
0
0
0
0
0
141
2439
0
0
0
0
0
0
10
1726
0
0
0
0
0
0
3920
2298
0
0
0
0
0
0
329
1845
0
0
0
0
0
0
3600
2203
0
0
0
0
0
0
646
1912
0
0
0
0
0
0
3288
2161
0
0
0
0
0
0
953
1927
0
0
0
0
0
0
2991
2174
0
0
0
0
0
0
1238
1886
0
0
0
0
0
0
2720
2243
0
0
0
0
0
0
1495
1792
0
0
0
0
0
0
2479
2364
0
0
0
0
0
0
1715
1644
0
0
0
0
0
0
2281
2539
0
0
0
0
0
0
1890
1444
0
0
0
0
0
0
2130
2761
0
0
0
0
0
0
2015
1200
0
0
0
0
0
0
2032
3027
0
0
0
0
0
0
2085
916
0
0
0
0
0
0
1991
3326
0
0
0
0
0
0
2097
600
0
0
0
0
0
0
2007
3657
0
0
0
0
0
0
2050
259
0
0
0
0
0
0
2086
4006
0
0
0
0
0
0
1942
4001
0
0
0
0
0
0
2223
268
0
0
0
0
0
0
1778
3642
0
0
0
0
0
0
2414
626
0
0
0
0
0
0
1558
3288
0
0
0
0
0
0
2659
973
0
0
0
0
0
0
1290
2951
0
0
0
0
0
0
2949
1299
0
0
0
0
0
0
982
2639
0
0
0
0
0
0
3276
1594
0
0
0
0
0
0
636
2362
0
0
0
0
0
0
3634
1848
0
0
0
0
0
0
268
2130
0
0
0
0
0
0
4012
2057
0
0
0
0
0
0
3981
1950
0
0
0
0
0
0
303
2210
0
0
0
0
0
0
3592
1825
0
0
0
0
0
0
688
2302
0
0
0
0
0
0
3213
1765
0
0
0
0
0
0
1061
2332
0
0
0
0
0
0
2850
1769
0
0
0
0
0
0
1409
2292
0
0
0
0
0
0
2517
1840
0
0
0
0
0
0
1723
2189
0
0
0
0
0
0
2222
1974
0
0
0
0
0
0
1996
2022
0
0
0
0
0
0
1978
2173
0
0
0
0
0
0
2214
1794
0
0
0
0
0
0
1787
2431
0
0
0
0
0
0
2374
1509
0
0
0
0
0
0
1658
2737
0
0
0
0
0
0
2469
1180
0
0
0
0
0
0
1597
3089
0
0
0
0
0
0
2496
810
0
0
0
0
0
0
1607
3475
0
0
0
0
0
0
2451
411
0
0
0
0
0
0
1686
3885
0
0
0
0
0
0
2336
4090
0
0
0
0
0
0
1835
211
0
0
0
0
0
0
2155
3667
0
0
0
0
0
0
2051
632
0
0
0
0
0
0
1907
3249
0
0
0
0
0
0
2329
1045
0
0
0
0
0
0
1603
2848
0
0
0
0
0
0
2660
1433
0
0
0
0
0
0
1246
2476
0
0
0
0
0
0
3037
1784
0
0
0
0
0
0
850
2144
0
0
0
0
0
0
3450
2093
0
0
0
0
0
0
423
1864
0
0
0
0
0
0
3887
2345
0
0
0
0
0
0
4076
1642
0
0
0
0
0
0
239
2533
0
0
0
0
0
0
3624
1487
0
0
0
0
0
0
688
2653
0
0
0
0
0
0
3181
1402
0
0
0
0
0
0
1124
2700
0
0
0
0
0
0
2757
1394
0
0
0
0
0
0
1532
2670
0
0
0
0
0
0
2366
1461
0
0
0
0
0
0
1903
2564
0
0
0
0
0
0
2017
1605
0
0
0
0
0
0
2227
2384
0
0
0
0
0
0
1723
1820
0
0
0
0
0
0
2490
2135
0
0
0
0
0
0
1493
2104
0
0
0
0
0
0
2686
1819
0
0
0
0
0
0
1333
2446
0
0
0
0
0
0
2807
1450
0
0
0
0
0
0
1249
2840
0
0
0
0
0
0
2853
1036
0
0
0
0
0
0
1245
3276
0
0
0
0
0
0
2818
586
0
0
0
0
0
0
1321
3738
0
0
0
0
0
0
2699
113
0
0
0
0
0
0
1476
118
0
0
0
0
0
0
2506
3727
0
0
0
0
0
0
1706
598
0
0
0
0
0
0
2239
3253
0
0
0
0
0
0
2009
1068
0
0
0
0
0
0
1906
2794
0
0
0
0
0
0
2373
1514
0
0
0
0
0
0
1512
2367
0
0
0
0
0
0
2790
1918
0
0
0
0
0
0
1075
1986
0
0
0
0
0
0
3248
2275
0
0
0
0
0
0
600
1657
0
0
0
0
0
0
3737
2571
0
0
0
0
0
0
103
1395
0
0
0
0
0
0
143
2797
0
0
0
0
0
0
3694
1208
0
0
0
0
0
0
646
2947
0
0
0
0
0
0
3195
1097
0
0
0
0
0
0
1136
3013
0
0
0
0
0
0
2714
1071
0
0
0
0
0
0
1600
2995
0
0
0
0
0
0
2272
1133
0
0
0
0
0
0
2022
2895
0
0
0
0
0
0
1874
1276
0
0
0
0
0
0
2391
2709
0
0
0
0
0
0
1534
1500
0
0
0
0
0
0
2699
2447
0
0
0
0
0
0
1266
1802
0
0
0
0
0
0
2929
2110
0
0
0
0
0
0
1072
2170
0
0
0
0
0
0
3082
1713
0
0
0
0
0
0
963
2594
0
0
0
0
0
0
3148
1263
0
0
0
0
0
0
942
3066
0
0
0
0
0
0
3124
774
0
0
0
0
0
0
1010
3572
0
0
0
0
0
0
3014
258
0
0
0
0
0
0
1164
4095
0
0
0
0
0
0
2815
3826
0
0
0
0
0
0
1402
526
0
0
0
0
0
0
2537
3301
0
0
0
0
0
0
1718
1043
0
0
0
0
0
0
2185
2793
0
0
0
0
0
0
2106
1537
0
0
0
0
0
0
1767
2320
0
0
0
0
0
0
2551
1988
0
0
0
0
0
0
1297
1892
0
0
0
0
0
0
3043
2390
0
0
0
0
0
0
786
1523
0
0
0
0
0
0
3569
2725
0
0
0
0
0
0
247
1221
0
0
0
0
0
0
17
2986
0
0
0
0
0
0
3798
1003
0
0
0
0
0
0
565
3164
0
0
0
0
0
0
3253
867
0
0
0
0
0
0
1100
3254
0
0
0
0
0
0
2729
823
0
0
0
0
0
0
1608
3253
0
0
0
0
0
0
2239
867
0
0
0
0
0
0
2075
3161
0
0
0
0
0
0
1802
1008
0
0
0
0
0
0
2486
2978
0
0
0
0
0
0
1422
1233
0
0
0
0
0
0
2827
2711
0
0
0
0
0
0
1117
1542
0
0
0
0
0
0
3095
2367
0
0
0
0
0
0
893
1923
0
0
0
0
0
0
3273
1951
0
0
0
0
0
0
760
2367
0
0
0
0
0
0
3361
1477
0
0
0
0
0
0
717
2863
0
0
0
0
0
0
3356
962
0
0
0
0
0
0
772
3398
0
0
0
0
0
0
3254
414
0
0
0
0
0
0
920
3955
0
0
0
0
0
0
3062
3948
0
0
0
0
0
0
1157
420
0
0
0
0
0
0
2782
3389
0
0
0
0
0
0
1476
973
0
0
0
0
0
0
2421
2843
0
0
0
0
0
0
1875
1503
0
0
0
0
0
0
1991
2334
0
0
0
0
0
0
2336
1994
0
0
0
0
0
0
1503
1871
0
0
0
0
0
0
2848
2428
0
0
0
0
0
0
969
1467
0
0
0
0
0
0
3397
2798
0
0
0
0
0
0
407
1136
0
0
0
0
0
0
3971
3089
0
0
0
0
0
0
3926
885
0
0
0
0
0
0
451
3293
0
0
0
0
0
0
3351
724
0
0
0
0
0
0
1019
3408
0
0
0
0
0
0
2795
659
0
0
0
0
0
0
1560
3427
0
0
0
0
0
0
2275
691
0
0
0
0
0
0
2057
3347
0
0
0
0
0
0
1802
815
0
0
0
0
0
0
2500
3175
0
0
0
0
0
0
1393
1033
0
0
0
0
0
0
2873
2912
0
0
0
0
0
0
1057
1340
0
0
0
0
0
0
3167
2565
0
0
0
0
0
0
807
1724
0
0
0
0
0
0
3371
2145
0
0
0
0
0
0
648
2175
0
0
0
0
0
0
3484
1665
0
0
0
0
0
0
585
2682
0
0
0
0
0
0
3495
1137
0
0
0
0
0
0
621
3228
0
0
0
0
0
0
3409
574
0
0
0
0
0
0
756
3802
0
0
0
0
0
0
3230
4090
0
0
0
0
0
0
983
289
0
0
0
0
0
0
2958
3509
0
0
0
0
0
0
1299
865
0
0
0
0
0
0
2601
2943
0
0
0
0
0
0
1694
1418
0
0
0
0
0
0
2170
2408
0
0
0
0
0
0
2158
1931
0
0
0
0
0
0
1677
1920
0
0
0
0
0
0
2676
2391
0
0
0
0
0
0
1137
1489
0
0
0
0
0
0
3234
2784
0
0
0
0
0
0
563
1134
0
0
0
0
0
0
3819
3101
0
0
0
0
0
0
4071
862
0
0
0
0
0
0
313
3327
0
0
0
0
0
0
3481
679
0
0
0
0
0
0
898
3464
0
0
0
0
0
0
2906
592
0
0
0
0
0
0
1455
3501
0
0
0
0
0
0
2365
604
0
0
0
0
0
0
1976
3443
0
0
0
0
0
0
1874
713
0
0
0
0
0
0
2438
3283
0
0
0
0
0
0
1443
918
0
0
0
0
0
0
2832
3034
0
0
0
0
0
0
1089
1213
0
0
0
0
0
0
3147
2698
0
0
0
0
0
0
817
1588
0
0
0
0
0
0
3372
2286
0
0
0
0
0
0
637
2032
0
0
0
0
0
0
3504
1810
0
0
0
0
0
0
555
2534
0
0
0
0
0
0
3539
1286
0
0
0
0
0
0
570
3081
0
0
0
0
0
0
3474
724
0
0
0
0
0
0
686
3654
0
0
0
0
0
0
3308
141
0
0
0
0
0
0
896
144
0
0
0
0
0
0
3051
3651
0
0
0
0
0
0
1197
725
0
0
0
0
0
0
2709
3078
0
0
0
0
0
0
1580
1288
0
0
0
0
0
0
2291
2534
0
0
0
0
0
0
2032
1811
0
0
0
0
0
0
1808
2033
0
0
0
0
0
0
2541
2283
0
0
0
0
0
0
1278
1594
0
0
0
0
0
0
3092
2690
0
0
0
0
0
0
709
1222
0
0
0
0
0
0
3671
3021
0
0
0
0
0
0
122
932
0
0
0
0
0
0
165
3267
0
0
0
0
0
0
3630
733
0
0
0
0
0
0
749
3420
0
0
0
0
0
0
3054
627
0
0
0
0
0
0
1310
3477
0
0
0
0
0
0
2509
618
0
0
0
0
0
0
1836
3437
0
0
0
0
0
0
2012
708
0
0
0
0
0
0
2305
3300
0
0
0
0
0
0
1571
892
0
0
0
0
0
0
2710
3069
0
0
0
0
0
0
1203
1165
0
0
0
0
0
0
3038
2756
0
0
0
0
0
0
920
1520
0
0
0
0
0
0
3279
2363
0
0
0
0
0
0
723
1946
0
0
0
0
0
0
3429
1906
0
0
0
0
0
0
623
2431
0
0
0
0
0
0
3479
1396
0
0
0
0
0
0
620
2961
0
0
0
0
0
0
3434
851
0
0
0
0
0
0
713
3520
0
0
0
0
0
0
3291
282
0
0
0
0
0
0
903
4093
0
0
0
0
0
0
3057
3803
0
0
0
0
0
0
1179
568
0
0
0
0
0
0
2739
3241
0
0
0
0
0
0
1538
1122
0
0
0
0
0
0
2343
2701
0
0
0
0
0
0
1967
1641
0
0
0
0
0
0
1885
2205
0
0
0
0
0
0
2452
2112
0
0
0
0
0
0
1374
1762
0
0
0
0
0
0
2983
2523
0
0
0
0
0
0
828
1387
0
0
0
0
0
0
3542
2859
0
0
0
0
0
0
262
1090
0
0
0
0
0
0
16
3114
0
0
0
0
0
0
3786
878
0
0
0
0
0
0
585
3281
0
0
0
0
0
0
3224
758
0
0
0
0
0
0
1135
3355
0
0
0
0
0
0
2693
732
0
0
0
0
0
0
1648
3334
0
0
0
0
0
0
2201
799
0
0
0
0
0
0
2111
3219
0
0
0
0
0
0
1766
961
0
0
0
0
0
0
2517
3016
0
0
0
0
0
0
1399
1207
0
0
0
0
0
0
2846
2729
0
0
0
0
0
0
1107
1533
0
0
0
0
0
0
3094
2367
0
0
0
0
0
0
903
1929
0
0
0
0
0
0
3256
1940
0
0
0
0
0
0
789
2382
0
0
0
0
0
0
3322
1461
0
0
0
0
0
0
766
2880
0
0
0
0
0
0
3297
945
0
0
0
0
0
0
839
3411
0
0
0
0
0
0
3179
406
0
0
0
0
0
0
1002
3956
0
0
0
0
0
0
2972
3954
0
0
0
0
0
0
1251
406
0
0
0
0
0
0
2685
3416
0
0
0
0
0
0
1577
937
0
0
0
0
0
0
2322
2897
0
0
0
0
0
0
1972
1437
0
0
0
0
0
0
1897
2418
0
0
0
0
0
0
2422
1892
0
0
0
0
0
0
1424
1988
0
0
0
0
0
0
2914
2291
0
0
0
0
0
0
915
1623
0
0
0
0
0
0
3440
2625
0
0
0
0
0
0
382
1326
0
0
0
0
0
0
3978
2881
0
0
0
0
0
0
3938
1110
0
0
0
0
0
0
416
3053
0
0
0
0
0
0
3408
980
0
0
0
0
0
0
938
3140
0
0
0
0
0
0
2902
938
0
0
0
0
0
0
1427
3138
0
0
0
0
0
0
2433
986
0
0
0
0
0
0
1873
3046
0
0
0
0
0
0
2014
1118
0
0
0
0
0
0
2262
2873
0
0
0
0
0
0
1657
1333
0
0
0
0
0
0
2585
2620
0
0
0
0
0
0
1370
1623
0
0
0
0
0
0
2833
2294
0
0
0
0
0
0
1165
1982
0
0
0
0
0
0
2996
1907
0
0
0
0
0
0
1042
2395
0
0
0
0
0
0
3077
1472
0
0
0
0
0
0
1005
2849
0
0
0
0
0
0
3071
999
0
0
0
0
0
0
1055
3337
0
0
0
0
0
0
2977
501
0
0
0
0
0
0
1190
3839
0
0
0
0
0
0
2802
4092
0
0
0
0
0
0
1405
250
0
0
0
0
0
0
2549
3591
0
0
0
0
0
0
1692
743
0
0
0
0
0
0
2229
3110
0
0
0
0
0
0
2044
1208
0
0
0
0
0
0
1848
2661
0
0
0
0
0
0
2450
1636
0
0
0
0
0
0
1419
2256
0
0
0
0
0
0
2897
2014
0
0
0
0
0
0
957
1908
0
0
0
0
0
0
3373
2332
0
0
0
0
0
0
472
1623
0
0
0
0
0
0
3864
2581
0
0
0
0
0
0
4077
1414
0
0
0
0
0
0
258
2753
0
0
0
0
0
0
3588
1278
0
0
0
0
0
0
738
2847
0
0
0
0
0
0
3121
1224
0
0
0
0
0
0
1189
2860
0
0
0
0
0
0
2687
1251
0
0
0
0
0
0
1603
2793
0
0
0
0
0
0
2298
1359
0
0
0
0
0
0
1966
2649
0
0
0
0
0
0
1963
1540
0
0
0
0
0
0
2270
2431
0
0
0
0
0
0
1691
1790
0
0
0
0
0
0
2506
2149
0
0
0
0
0
0
1491
2102
0
0
0
0
0
0
2671
1810
0
0
0
0
0
0
1365
2465
0
0
0
0
0
0
2757
1425
0
0
0
0
0
0
1318
2870
0
0
0
0
0
0
2765
1006
0
0
0
0
0
0
1349
3303
0
0
0
0
0
0
2695
561
0
0
0
0
0
0
1456
3753
0
0
0
0
0
0
2551
109
0
0
0
0
0
0
1635
109
0
0
0
0
0
0
2339
3755
0
0
0
0
0
0
1879
552
0
0
0
0
0
0
2063
3322
0
0
0
0
0
0
2186
976
0
0
0
0
0
0
1732
2915
0
0
0
0
0
0
2538
1363
0
0
0
0
0
0
1359
2547
0
0
0
0
0
0
2929
1707
0
0
0
0
0
0
952
2228
0
0
0
0
0
0
3348
1999
0
0
0
0
0
0
527
1965
0
0
0
0
0
0
3780
2230
0
0
0
0
0
0
89
1765
0
0
0
0
0
0
121
2397
0
0
0
0
0
0
3756
1636
0
0
0
0
0
0
545
2493
0
0
0
0
0
0
3339
1575
0
0
0
0
0
0
948
2517
0
0
0
0
0
0
2951
1585
0
0
0
0
0
0
1319
2470
0
0
0
0
0
0
2601
1667
0
0
0
0
0
0
1646
2357
0
0
0
0
0
0
2298
1813
0
0
0
0
0
0
1921
2178
0
0
0
0
0
0
2050
2022
0
0
0
0
0
0
2141
1941
0
0
0
0
0
0
1864
2286
0
0
0
0
0
0
2294
1652
0
0
0
0
0
0
1742
2595
0
0
0
0
0
0
2383
1324
0
0
0
0
0
0
1690
2942
0
0
0
0
0
0
2402
964
0
0
0
0
0
0
1703
3313
0
0
0
0
0
0
2354
585
0
0
0
0
0
0
1786
3702
0
0
0
0
0
0
2241
193
0
0
0
0
0
0
1929
4092
0
0
0
0
0
0
2067
3899
0
0
0
0
0
0
2129
380
0
0
0
0
0
0
1837
3522
0
0
0
0
0
0
2383
747
0
0
0
0
0
0
1562
3168
0
0
0
0
0
0
2681
1088
0
0
0
0
0
0
1247
2844
0
0
0
0
0
0
3011
1390
0
0
0
0
0
0
903
2565
0
0
0
0
0
0
3365
1648
0
0
0
0
0
0
542
2331
0
0
0
0
0
0
3735
1856
0
0
0
0
0
0
169
2151
0
0
0
0
0
0
9
2007
0
0
0
0
0
0
3897
2029
0
0
0
0
0
0
373
2098
0
0
0
0
0
0
3540
1968
0
0
0
0
0
0
718
2130
0
0
0
0
0
0
3207
1967
0
0
0
0
0
0
1037
2100
0
0
0
0
0
0
2906
2024
0
0
0
0
0
0
1321
2013
0
0
0
0
0
0
2642
2139
0
0
0
0
0
0
1562
1872
0
0
0
0
0
0
2426
2307
0
0
0
0
0
0
1754
1681
0
0
0
0
0
0
2260
2520
0
0
0
0
0
0
1892
1447
0
0
0
0
0
0
2149
2774
0
0
0
0
0
0
1975
1177
0
0
0
0
0
0
2095
3058
0
0
0
0
0
0
1999
879
0
0
0
0
0
0
2099
3366
0
0
0
0
0
0
1969
564
0
0
0
0
0
0
2157
3687
0
0
0
0
0
0
1885
241
0
0
0
0
0
0
2266
4011
0
0
0
0
0
0
1748
4012
0
0
0
0
0
0
2427
236
0
0
0
0
0
0
1567
3699
0
0
0
0
0
0
2629
541
0
0
0
0
0
0
1343
3402
0
0
0
0
0
0
2870
825
0
0
0
0
0
0
1090
3133
0
0
0
0
0
0
3137
1080
0
0
0
0
0
0
810
2896
0
0
0
0
0
0
3425
1297
0
0
0
0
0
0
516
2699
0
0
0
0
0
0
3726
1473
0
0
0
0
0
0
213
2544
0
0
0
0
0
0
4028
1604
0
0
0
0
0
0
4009
2439
0
0
0
0
0
0
228
1685
0
0
0
0
0
0
3717
2381
0
0
0
0
0
0
513
1719
0
0
0
0
0
0
3444
2372
0
0
0
0
0
0
775
1704
0
0
0
0
0
0
3195
2411
0
0
0
0
0
0
1006
1640
0
0
0
0
0
0
2978
2498
0
0
0
0
0
0
1206
1533
0
0
0
0
0
0
2798
2626
0
0
0
0
0
0
1367
1385
0
0
0
0
0
0
2658
2791
0
0
0
0
0
0
1484
1202
0
0
0
0
0
0
2563
2989
0
0
0
0
0
0
1556
990
0
0
0
0
0
0
2512
3214
0
0
0
0
0
0
1584
758
0
0
0
0
0
0
2509
3456
0
0
0
0
0
0
1566
509
0
0
0
0
0
0
2550
3709
0
0
0
0
0
0
1506
253
0
0
0
0
0
0
2631
3965
0
0
0
0
0
0
1403
4093
0
0
0
0
0
0
2751
122
0
0
0
0
0
0
1264
3844
0
0
0
0
0
0
2906
365
0
0
0
0
0
0
1096
3609
0
0
0
0
0
0
3089
589
0
0
0
0
0
0
899
3396
0
0
0
0
0
0
3296
792
0
0
0
0
0
0
685
3209
0
0
0
0
0
0
3518
965
0
0
0
0
0
0
457
3050
0
0
0
0
0
0
3749
1106
0
0
0
0
0
0
221
2925
0
0
0
0
0
0
3984
1212
0
0
0
0
0
0
4086
2839
0
0
0
0
0
0
117
1280
0
0
0
0
0
0
3860
2790
0
0
0
0
0
0
338
1312
0
0
0
0
0
0
3646
2777
0
0
0
0
0
0
541
1304
0
0
0
0
0
0
3454
2803
0
0
0
0
0
0
722
1261
0
0
0
0
0
0
3286
2864
0
0
0
0
0
0
877
1182
0
0
0
0
0
0
3147
2957
0
0
0
0
0
0
1003
1074
0
0
0
0
0
0
3036
3080
0
0
0
0
0
0
1095
939
0
0
0
0
0
0
2960
3227
0
0
0
0
0
0
1155
784
0
0
0
0
0
0
2919
3392
0
0
0
0
0
0
1179
609
0
0
0
0
0
0
2912
3573
0
0
0
0
0
0
1170
425
0
0
0
0
0
0
2937
3760
0
0
0
0
0
0
1129
235
0
0
0
0
0
0
2996
3952
0
0
0
0
0
0
1056
44
0
0
0
0
0
0
3081
43
0
0
0
0
0
0
955
3955
0
0
0
0
0
0
3193
222
0
0
0
0
0
0
834
3783
0
0
0
0
0
0
3326
389
0
0
0
0
0
0
692
3624
0
0
0
0
0
0
3475
538
0
0
0
0
0
0
536
3483
0
0
0
0
0
0
3636
667
0
0
0
0
0
0
371
3368
0
0
0
0
0
0
3804
773
0
0
0
0
0
0
202
3274
0
0
0
0
0
0
3973
851
0
0
0
0
0
0
34
3209
0
0
0
0
0
0
44
904
0
0
0
0
0
0
3967
3172
0
0
0
0
0
0
201
928
0
0
0
0
0
0
3814
3160
0
0
0
0
0
0
347
925
0
0
0
0
0
0
3676
3176
0
0
0
0
0
0
477
896
0
0
0
0
0
0
3555
3217
0
0
0
0
0
0
588
842
0
0
0
0
0
0
3454
3281
0
0
0
0
0
0
678
768
0
0
0
0
0
0
3375
3365
0
0
0
0
0
0
745
676
0
0
0
0
0
0
3320
3467
0
0
0
0
0
0
788
567
0
0
0
0
0
0
3290
3581
0
0
0
0
0
0
807
448
0
0
0
0
0
0
3283
3705
0
0
0
0
0
0
801
320
0
0
0
0
0
0
3300
3834
0
0
0
0
0
0
774
191
0
0
0
0
0
0
3337
3964
0
0
0
0
0
0
726
61
0
0
0
0
0
0
3395
4092
0
0
0
0
0
0
659
4031
0
0
0
0
0
0
3470
118
0
0
0
0
0
0
577
3915
0
0
0
0
0
0
3558
230
0
0
0
0
0
0
483
3807
0
0
0
0
0
0
3658
332
0
0
0
0
0
0
380
3714
0
0
0
0
0
0
3765
418
0
0
0
0
0
0
271
3634
0
0
0
0
0
0
3876
489
0
0
0
0
0
0
158
3573
0
0
0
0
0
0
3988
541
0
0
0
0
0
0
48
3530
0
0
0
0
0
0
0
575
0
0
0
0
0
0
4038
3506
0
0
0
0
0
0
102
591
0
0
0
0
0
0
3938
3497
0
0
0
0
0
0
197
590
0
0
0
0
0
0
3851
3508
0
0
0
0
0
0
281
572
0
0
0
0
0
0
3772
3534
0
0
0
0
0
0
353
537
0
0
0
0
0
0
3708
3576
0
0
0
0
0
0
409
490
0
0
0
0
0
0
3658
3627
0
0
0
0
0
0
451
431
0
0
0
0
0
0
3626
3692
0
0
0
0
0
0
477
364
0
0
0
0
0
0
3605
3762
0
0
0
0
0
0
489
290
0
0
0
0
0
0
3602
3840
0
0
0
0
0
0
484
211
0
0
0
0
0
0
3611
3917
0
0
0
0
0
0
467
133
0
0
0
0
0
0
3635
3996
0
0
0
0
0
0
438
55
0
0
0
0
0
0
3673
4075
0
0
0
0
0
0
398
4076
0
0
0
0
0
0
3717
52
0
0
0
0
0
0
349
4005
0
0
0
0
0
0
3770
117
0
0
0
0
0
0
291
3943
0
0
0
0
0
0
3829
175
0
0
0
0
0
0
230
3889
0
0
0
0
0
0
3891
224
0
0
0
0
0
0
167
3845
0
0
0
0
0
0
3955
265
0
0
0
0
0
0
104
3810
0
0
0
0
0
0
4018
293
0
0
0
0
0
0
40
3786
0
0
0
0
0
0
4080
311
0
0
0
0
0
0
4078
3773
0
0
0
0
0
0
41
319
0
0
0
0
0
0
4023
3771
0
0
0
0
0
0
93
317
0
0
0
0
0
0
3974
3777
0
0
0
0
0
0
138
306
0
0
0
0
0
0
3933
3793
0
0
0
0
0
0
175
287
0
0
0
0
0
0
3900
3816
0
0
0
0
0
0
204
260
0
0
0
0
0
0
3875
3846
0
0
0
0
0
0
225
228
0
0
0
0
0
0
3857
3880
0
0
0
0
0
0
238
193
0
0
0
0
0
0
3851
3919
0
0
0
0
0
0
241
153
0
0
0
0
0
0
3850
3958
0
0
0
0
0
0
237
113
0
0
0
0
0
0
3858
3998
0
0
0
0
0
0
228
73
0
0
0
0
0
0
3871
4037
0
0
0
0
0
0
211
34
0
0
0
0
0
0
3889
4074
0
0
0
0
0
0
190
4094
0
0
0
0
0
0
3913
13
0
0
0
0
0
0
165
4061
0
0
0
0
0
0
3940
44
0
0
0
0
0
0
136
4033
0
0
0
0
0
0
3968
71
0
0
0
0
0
0
109
4009
0
0
0
0
0
0
3998
92
0
0
0
0
0
0
77
3989
0
0
0
0
0
0
4026
108
0
0
0
0
0
0
49
3977
0
0
0
0
0
0
4055
118
0
0
0
0
0
0
22
3969
0
0
0
0
0
0
4083
125
0
0
0
0
0
0
4093
3964
0
0
0
0
0
0
10
126
0
0
0
0
0
0
4071
3966
0
0
0
0
0
0
30
123
0
0
0
0
0
0
4051
3970
0
0
0
0
0
0
46
117
0
0
0
0
0
0
4036
3978
0
0
0
0
0
0
59
106
0
0
0
0
0
0
4025
3990
0
0
0
0
0
0
70
95
0
0
0
0
0
0
4018
4003
0
0
0
0
0
0
75
80
0
0
0
0
0
0
4015
4017
0
0
0
0
0
0
77
66
0
0
0
0
0
0
4013
4033
0
0
0
0
0
0
77
52
0
0
0
0
0
0
4015
4045
0
0
0
0
0
0
74
38
0
0
0
0
0
0
4019
4062
0
0
0
0
0
0
69
24
0
0
0
0
0
0
4026
4075
0
0
0
0
0
0
61
11
0
0
0
0
0
0
4033
4086
0
0
0
0
0
0
52
4095
0
0
0
0
0
0
4043
0
0
0
0
0
0
0
44
4087
0
0
0
0
0
0
4054
8
0
0
0
0
0
0
34
4080
0
0
0
0
0
0
4062
13
0
0
0
0
0
0
25
4075
0
0
0
0
0
0
4069
17
0
0
0
0
0
0
17
4071
0
0
0
0
0
0
4077
21
0
0
0
0
0
0
9
4071
0
0
0
0
0
0
4084
21
0
0
0
0
0
0
4
4070
0
0
0
0
0
0
4091
22
0
0
0
0
0
0
4094
4071
0
0
0
0
0
0
4095
20
0
0
0
0
0
0
4092
4074
0
0
0
0
0
0
2
18
0
0
0
0
0
0
4088
4074
0
0
0
0
0
0
3
15
0
0
0
0
0
0
4086
4078
0
0
0
0
0
0
4
11
0
0
0
0
0
0
4086
4080
0
0
0
0
0
0
5
9
0
0
0
0
0
0
4085
4083
0
0
0
0
0
0
4
5
0
0
0
0
0
0
4087
4087
0
0
0
0
0
0
3
3
0
0
0
0
0
0
4089
4090
0
0
0
0
0
0
2
1
0
0
0
0
0
0
4090
4091
0
0
0
0
0
0
1
4095
0
0
0
0
0
0
4090
4092
0
0
0
0
0
0
0
4094
0
0
0
0
0
0
4092
4092
0
0
0
0
0
0
4094
4093
0
0
0
0
0
0
4092
4094
0
0
0
0
0
0
4094
4093
0
0
0
0
0
0
4092
4094
0
0
0
0
0
0
4094
4093
0
0
0
0
0
0
4093
4094
0
0
0
0
0
0
0
4095
0
0
0
0
0
0
4095
0
0
0
0
0
0
0
0
4095
0
0
0
0
0
0
4095
0
0
0
0
0
0
0
4095
0
0
0
0
0
0
0
4095
0
0
0
0
0
0
0
4095
0
0
0
0
0
0
0
4095
0
0
0
0
0
0
0
4095
0
0
0
0
0
0
0
4095
0
0
0
0
0
0
0
4095
0
0
0
0
0
0
0
4095
0
0
0
0
0
0
0
4095
0
0
0
0
0
0
0
4095
0
0
0
0
0
0
0
4095
0
0
0
0
0
0
0
4095
0
0
0
0
0
0
0
4095
0
0
0
0
0
0
0
4095
0
0
0
0
0
0
0
4095
0
0
0
0
0
0
0
4095
0
0
0
0
0
0
0
4095
0
0
0
0
0
0
0
4095
0
0
0
0
0
0
0
4095
0
0
0
0
0
0
0
4095
0
0
0
0
0
0
0
4095
0
0
0
0
0
0
0
4095
0
0
0
0
0
0
0
4095
0
0
0
0
0
0
0
4095
0
0
0
0
0
0
0
4095
0
0
0
0
0
0
0
4095
0
0
0
0
0
0
0
4095
0
0
0
0
0
0
0
4095
0
0
0
0
0
0
0
4095
0
0
0
0
0
0
0
4095
0
0
0
0
0
0
0
4095
0
0
0
0
0
0
0
4095
0
0
0
0
0
0
0
4095
0
0
0
0
0
0
0
4095
0
0
0
0
0
0
0
4095
0
0
0
0
0
0
0
4095
0
0
0
0
0
0
0
4095
0
0
0
0
0
0
0
4095
0
0
0
0
0
0
0
4095
0
0
0
0
0
0
0
4095
0
0
0
0
0
0
0
4095
0
0
0
0
0
0
0
4095
0
0
0
0
0
0
0
4095
0
0
0
0
0
0
0
4095
0
0
0
0
0
0
0
4095
0
0
0
0
0
0
0
4095
0
0
0
0
0
0
0
4095
0
0
0
0
0
0
0
4095
0
0
0
0
0
0
0
4095
0
0
0
0
0
0
0
4095
0
0
0
0
0
0
0
4095
0
0
0
0
0
0
0
4095
0
0
0
0
0
0
0
4095
0
0
0
0
0
0
0
4095
0
0
0
0
0
0
0
4095
0
0
0
0
0
0
0
4095
0
0
0
0
0
0
0
4095
0
0
0
0
0
0
0
4095
0
0
0
0
0
0
0
4095
0
0
0
0
0
0
0
4095
0
0
0
0
0
0
0
4095
0
0
0
0
0
0
0
4095
0
0
0
0
0
0
0
4095
0
0
0
0
0
0
0
4095
0
0
0
0
0
0
0
4095
0
0
0
0
0
0
0
4095
0
0
0
0
0
0
0
4095
0
0
0
0
0
0
0
4095
0
0
0
0
0
0
0
4095
0
0
0
0
0
0
0
4095
0
0
0
0
0
0
0
4095
0
0
0
0
0
0
0
4095
0
0
0
0
0
0
0
4095
0
0
0
0
0
0
0
4095
0
0
0
0
0
0
0
4095
0
0
0
0
0
0
0
4095
0
0
0
0
0
0
0
4095
0
0
0
0
0
0
0
4095
0
0
0
0
0
0
0
4095
0
0
0
0
0
0
0
4095
0
0
0
0
0
0
0
4095
0
0
0
0
0
0
0
4095
0
0
0
0
0
0
0
4095
0
0
0
0
0
0
0
4095
0
0
0
0
0
0
0
4095
0
0
0
0
0
0
0
4095
0
0
0
0
0
0
0
4095
0
0
0
0
0
0
0
4095
0
0
0
0
0
0
0
4095
0
0
0
0
0
0
0
4095
0
0
0
0
0
0
0
4095
0
0
0
0
0
0
0
4095
0
0
0
0
0
0
0
4095
0
0
0
0
0
0
0
4095
0
0
0
0
0
0
0
4095
0
0
0
0
0
0
0
4095
0
0
0
0
0
0
0
4095
0
0
0
0
0
0
0
4095
0
0
0
0
0
0
0
4095
0
0
0
0
0
0
0
4095
0
0
0
0
0
0
0
4095
0
0
0
0
0
0
0
4095
0
0
0
0
0
0
0
4095
0
0
0
0
0
0
0
4095
0
0
0
0
0
0
0
4095
0
0
0
0
0
0
0
4095
0
0
0
0
0
0
0
4095
0
0
0
0
0
0
0
4095
0
0
0
0
0
0
0
4095
0
0
0
0
0
0
0
4095
0
0
0
0
0
0
0
4095
0
0
0
0
0
0
0
4095
0
0
0
0
0
0
0
4095
0
0
0
0
0
0
0
4095
0
0
0
0
0
0
0
4095
0
0
0
0
0
0
0
4095
0
0
0
0
0
0
0
4095
0
0
0
0
0
0
0
4095
0
0
0
0
0
0
0
4095
0
0
0
0
0
0
0
4095
0
0
0
0
0
0
0
4095
0
0
0
0
0
0
0
4095
0
0
0
0
0
0
0
4095
0
0
0
0
0
0
0
4095
0
0
0
0
0
0
0
4095
0
0
0
0
0
0
0
4095
0
0
0
0
0
0
0
4095
0
0
0
0
0
0
0
4095
0
0
0
0
0
0
0
4095
0
0
0
0
0
0
0
4095
0
0
0
0
0
0
0
4095
0
0
0
0
0
0
0
4095
0
0
0
0
0
0
0
4095
0
0
0
0
0
0
0
4095
0
0
0
0
0
0
0
4095
0
0
0
0
0
0
0
4095
0
0
0
0
0
0
0
4095
0
0
0
0
0
0
0
4095
0
0
0
0
0
0
0
4095
0
0
0
0
0
0
0
4095
0
0
0
0
0
0
0
4095
0
0
0
0
0
0
0
4095
0
0
0
0
0
0
0
4095
0
0
0
0
0
0
0
4095
0
0
0
0
0
0
0
4095
0
0
0
0
0
0
0
4095
0
0
0
0
0
0
0
4095
0
0
0
0
0
0
0
4095
0
0
0
0
0
0
0
4095
0
0
0
0
0
0
0
4095
0
0
0
0
0
0
0
4095
0
0
0
0
0
0
0
4095
0
0
0
0
0
0
0
4095
0
0
0
0
0
0
0
4095
0
0
0
0
0
0
0
4095
0
0
0
0
0
0
0
4095
0
0
0
0
0
0
0
4095
0
0
0
0
0
0
0
4095
0
0
0
0
0
0
0
4095
0
0
0
0
0
0
0
4095
0
0
0
0
0
0
0
4095
0
0
0
0
0
0
0
4095
0
0
0
0
0
0
0
4095
0
0
0
0
0
0
0
4095
0
0
0
0
0
0
0
4095
0
0
0
0
0
0
0
4095
0
0
0
0
0
0
0
4095
0
0
0
0
0
0
0
4095
0
0
0
0
0
0
0
4095
0
0
0
0
0
0
0
4095
0
0
0
0
0
0
0
4095
0
0
0
0
0
0
0
4095
0
0
0
0
0
0
0
4095
0
0
0
0
0
0
0
4095
0
0
0
0
0
0
0
4095
0
0
0
0
0
0
0
4095
0
0
0
0
0
0
0
4095
0
0
0
0
0
0
0
4095
0
0
0
0
0
0
0
4095
0
0
0
0
0
0
0
4095
0
0
0
0
0
0
0
4095
0
0
0
0
0
0
0
4095
0
0
0
0
0
0
0
4095
0
0
0
0
0
0
0
4095
0
0
0
0
0
0
0
4095
0
0
0
0
0
0
0
4095
0
0
0
0
0
0
0
4095
0
0
0
0
0
0
0
4095
0
0
0
0
0
0
0
4095
0
0
0
0
0
0
0
4095
0
0
0
0
0
0
0
4095
0
0
0
0
0
0
0
4095
0
0
0
0
0
0
0
4095
0
0
0
0
0
0
0
4095
0
0
0
0
0
0
0
4095
0
0
0
0
0
0
0
4095
0
0
0
0
0
0
0
4095
0
0
0
0
0
0
0
4095
0
0
0
0
0
0
0
4095
0
0
0
0
0
0
0
4095
0
0
0
0
0
0
0
4095
0
0
0
0
0
0
0
4095
0
0
0
0
0
0
0
4095
0
0
0
0
0
0
0
4095
0
0
0
0
0
0
0
4095
0
0
0
0
0
0
0
4095
0
0
0
0
0
0
0
4095
0
0
0
0
0
0
0
4095
0
0
0
0
0
0
0
4095
0
0
0
0
0
0
0
4095
0
0
0
0
0
0
0
4095
0
0
0
0
0
0
0
4095
0
0
0
0
0
0
0
4095
0
0
0
0
0
0
0
4095
0
0
0
0
0
0
0
4095
0
0
0
0
0
0
0
4095
0
0
0
0
0
0
0
4095
0
0
0
0
0
0
0
4095
0
0
0
0
0
0
0
4095
0
0
0
0
0
0
0
4095
0
0
0
0
0
0
0
4095
0
0
0
0
0
0
0
4095
0
0
0
0
0
0
0
4095
0
0
0
0
0
0
0
4095
0
0
0
0
0
0
0
4095
0
0
0
0
0
0
0
4095
0
0
0
0
0
0
0
4095
0
0
0
0
0
0
0
4095
0
0
0
0
0
0
0
4095
0
0
0
0
0
0
0
4095
0
0
0
0
0
0
0
4095
0
0
0
0
0
0
0
4095
0
0
0
0
0
0
0
4095
0
0
0
0
0
0
0
4095
0
0
0
0
0
0
0
4095
0
0
0
0
0
0
0
4095
0
0
0
0
0
0
0
4095
0
0
0
0
0
0
0
4095
0
0
0
0
0
0
0
4095
0
0
0
0
0
0
0
4095
0
0
0
0
0
0
0
4095
0
0
0
0
0
0
0
4095
0
0
0
0
0
0
0
4095
0
0
0
0
0
0
0
4095
0
0
0
0
0
0
0
4095
0
0
0
0
0
0
0
4095
0
0
0
0
0
0
0
4095
0
0
0
0
0
0
0
4095
0
0
0
0
0
0
0
4095
0
0
0
0
0
0
0
4095
0
0
0
0
0
0
0
4095
0
0
0
0
0
0
0
4095
0
0
0
0
0
0
0
4095
0
0
0
0
0
0
0
4095
0
0
0
0
0
0
0
4095
0
0
0
0
0
0
0
4095
0
0
0
0
0
0
0
4095
0
0
0
0
0
0
0
4095
0
0
0
0
0
0
0
4095
0
0
0
0
0
0
0
4095
0
0
0
0
0
0
0
4095
0
0
0
0
0
0
0
4095
0
0
0
0
0
0
0
4095
0
0
0
0
0
0
0
4095
0
0
0
0
0
0
0
4095
0
0
0
0
0
0
0
4095
0
0
0
0
0
0
0
4095
0
0
0
0
0
0
0
4095
0
0
0
0
0
0
0
4095
0
0
0
0
0
0
0
4095
0
0
0
0
0
0
0
4095
0
0
0
0
0
0
0
4095
0
0
0
0
0
0
0
4095
0
0
0
0
0
0
0
4095
0
0
0
0
0
0
0
4095
0
0
0
0
0
0
0
4095
0
0
0
0
0
0
0
4095
0
0
0
0
0
0
0
4095
0
0
0
0
0
0
0
4095
0
0
0
0
0
0
0
4095
0
0
0
0
0
0
0
4095
0
0
0
0
0
0
0
4095
0
0
0
0
0
0
0
4095
0
0
0
0
0
0
0
4095
0
0
0
0
0
0
0
4095
0
0
0
0
0
0
0
4095
0
0
0
0
0
0
0
4095
0
0
0
0
0
0
0
4095
0
0
0
0
0
0
0
4095
0
0
0
0
0
0
0
4095
0
0
0
0
0
0
0
4095
0
0
0
0
0
0
0
4095
0
0
0
0
0
0
0
4095
0
0
0
0
0
0
0
4095
0
0
0
0
0
0
0
4095
0
0
0
0
0
0
0
4095
0
0
0
0
0
0
0
4095
0
0
0
0
0
0
0
4095
0
0
0
0
0
0
0
4095
0
0
0
0
0
0
0
4095
0
0
0
0
0
0
0
4095
0
0
0
0
0
0
0
4095
0
0
0
0
0
0
0
4095
0
0
0
0
0
0
0
4095
0
0
0
0
0
0
0
4095
0
0
0
0
0
0
0
4095
0
0
0
0
0
0
0
4095
0
0
0
0
0
0
0
4095
0
0
0
0
0
0
0
4095
0
0
0
0
0
0
0
4095
0
0
0
0
0
0
0
4095
0
0
0
0
0
0
0
4095
0
0
0
0
0
0
0
4095
0
0
0
0
0
0
0
4095
0
0
0
0
0
0
0
4095
0
0
0
0
0
0
0
4095
0
0
0
0
0
0
0
4095
0
0
0
0
0
0
0
4095
0
0
0
0
0
0
0
4095
0
0
0
0
0
0
0
4095
0
0
0
0
0
0
0
4095
0
0
0
0
0
0
0
4095
0
0
0
0
0
0
0
4095
0
0
0
0
0
0
0
4095
0
0
0
0
0
0
0
4095
0
0
0
0
0
0
0
4095
0
0
0
0
0
0
0
4095
0
0
0
0
0
0
0
4095
0
0
0
0
0
0
0
4095
0
0
0
0
0
0
0
4095
0
0
0
0
0
0
0
4095
0
0
0
0
0
0
0
4095
0
0
0
0
0
0
0
4095
0
0
0
0
0
0
0
4095
0
0
0
0
0
0
0
4095
0
0
0
0
0
0
0
4095
0
0
0
0
0
0
0
4095
0
0
0
0
0
0
0
4095
0
0
0
0
0
0
0
4095
0
0
0
0
0
0
0
4095
0
0
0
0
0
0
0
4095
0
0
0
0
0
0
0
4095
0
0
0
0
0
0
0
4095
0
0
0
0
0
0
0
4095
0
0
0
0
0
0
0
4095
0
0
0
0
0
0
0
4095
0
0
0
0
0
0
0
4095
0
0
0
0
0
0
0
4095
0
0
0
0
0
0
0
4095
0
0
0
0
0
0
0
4095
0
0
0
0
0
0
0
4095
0
0
0
0
0
0
0
4095
0
0
0
0
0
0
0
4095
0
0
0
0
0
0
0
4095
0
0
0
0
0
0
0
4095
0
0
0
0
0
0
0
4095
0
0
0
0
0
0
0
4095
0
0
0
0
0
0
0
4095
0
0
0
0
0
0
0
4095
0
0
0
0
0
0
0
4095
0
0
0
0
0
0
0
4095
0
0
0
0
0
0
0
4095
0
0
0
0
0
0
0
4095
0
0
0
0
0
0
0
4095
0
0
0
0
0
0
0
4095
0
0
0
0
0
0
0
4095
0
0
0
0
0
0
0
4095
0
0
0
0
0
0
0
4095
0
0
0
0
0
0
0
4095
0
0
0
0
0
0
0
4095
0
0
0
0
0
0
0
4095
0
0
0
0
0
0
0
4095
0
0
0
0
0
0
0
4095
0
0
0
0
0
0
0
4095
0
0
0
0
0
0
0
4095
0
0
0
0
0
0
0
4095
0
0
0
0
0
0
0
4095
0
0
0
0
0
0
0
4095
0
0
0
0
0
0
0
4095
0
0
0
0
0
0
0
4095
0
0
0
0
0
0
0
4095
0
0
0
0
0
0
0
4095
0
0
0
0
0
0
0
4095
0
0
0
0
0
0
0
4095
0
0
0
0
0
0
0
4095
0
0
0
0
0
0
0
4095
0
0
0
0
0
0
0
4095
0
0
0
0
0
0
0
4095
0
0
0
0
0
0
0
4095
0
0
0
0
0
0
0
4095
0
0
0
0
0
0
0
4095
0
0
0
0
0
0
0
4095
0
0
0
0
0
0
0
4095
0
0
0
0
0
0
0
4095
0
0
0
0
0
0
0
4095
0
0
0
0
0
0
0
4095
0
0
0
0
0
0
0
4095
0
0
0
0
0
0
0
4095
0
0
0
0
0
0
0
4095
0
0
0
0
0
0
0
4095
0
0
0
0
0
0
0
4095
0
0
0
0
0
0
0
4095
0
0
0
0
0
0
0
4095
0
0
0
0
0
0
0
4095
0
0
0
0
0
0
0
4095
0
0
0
0
0
0
0
4095
0
0
0
0
0
0
0
4095
0
0
0
0
0
0
0
4095
0
0
0
0
0
0
0
4095
0
0
0
0
0
0
0
4095
0
0
0
0
0
0
0
4095
0
0
0
0
0
0
0
4095
0
0
0
0
0
0
0
4095
0
0
0
0
0
0
0
4095
0
0
0
0
0
0
0
4095
0
0
0
0
0
0
0
4095
0
0
0
0
0
0
0
4095
0
0
0
0
0
0
0
4095
0
0
0
0
0
0
0
4095
0
0
0
0
0
0
0
4095
0
0
0
0
0
0
0
4095
0
0
0
0
0
0
0
4095
0
0
0
0
0
0
0
4095
0
0
0
0
0
0
0
4095
0
0
0
0
0
0
0
4095
0
0
0
0
0
0
0
4095
0
0
0
0
0
0
0
4095
0
0
0
0
0
0
0
4095
0
0
0
0
0
0
0
4095
0
0
0
0
0
0
0
4095
0
0
0
0
0
0
0
4095
0
0
0
0
0
0
0
4095
0
0
0
0
0
0
0
4095
0
0
0
0
0
0
0
4095
0
0
0
0
0
0
0
4095
0
0
0
0
0
0
0
4095
0
0
0
0
0
0
0
4095
0
0
0
0
0
0
0
4095
0
0
0
0
0
0
0
4095
0
0
0
0
0
0
0
4095
0
0
0
0
0
0
0
4095
0
0
0
0
0
0
0
4095
0
0
0
0
0
0
0
4095
0
0
0
0
0
0
0
4095
0
0
0
0
0
0
0
4095
0
0
0
0
0
0
0
4095
0
0
0
0
0
0
0
4095
0
0
0
0
0
0
0
4095
0
0
0
0
0
0
0
4095
0
0
0
0
0
0
0
4095
0
0
0
0
0
0
0
4095
0
0
0
0
0
0
0
4095
0
0
0
0
0
0
0
4095
0
0
0
0
0
0
0
4095
0
0
0
0
0
0
0
4095
0
0
0
0
0
0
0
4095
0
0
0
0
0
0
0
4095
0
0
0
0
0
0
0
4095
0
0
0
0
0
0
0
4095
0
0
0
0
0
0
0
4095
0
0
0
0
0
0
0
4095
0
0
0
0
0
0
0
4095
0
0
0
0
0
0
0
4095
0
0
0
0
0
0
0
4095
0
0
0
0
0
0
0
4095
0
0
0
0
0
0
0
4095
0
0
0
0
0
0
0
4095
0
0
0
0
0
0
0
4095
0
0
0
0
0
0
0
4095
0
0
0
0
0
0
0
4095
0
0
0
0
0
0
0
4095
0
0
0
0
0
0
0
4095
0
0
0
0
0
0
0
4095
0
0
0
0
0
0
0
4095
0
0
0
0
0
0
0
4095
0
0
0
0
0
0
0
4095
0
0
0
0
0
0
0
4095
0
0
0
0
0
0
0
4095
0
0
0
0
0
0
0
4095
0
0
0
0
0
0
0
4095
0
0
0
0
0
0
0
4095
0
0
0
0
0
0
0
4095
0
0
0
0
0
0
0
4095
0
0
0
0
0
0
0
4095
0
0
0
0
0
0
0
4095
0
0
0
0
0
0
0
4095
0
0
0
0
0
0
0
4095
0
0
0
0
0
0
0
4095
0
0
0
0
0
0
0
4095
0
0
0
0
0
0
0
4095
0
0
0
0
0
0
0
4095
0
0
0
0
0
0
0
4095
0
0
0
0
0
0
0
4095
0
0
0
0
0
0
0
4095
0
0
0
0
0
0
0
4095
0
0
0
0
0
0
0
4095
0
0
0
0
0
0
0
4095
0
0
0
0
0
0
0
4095
0
0
0
0
0
0
0
4095
0
0
0
0
0
0
0
4095
0
0
0
0
0
0
0
4095
0
0
0
0
0
0
0
4095
0
0
0
0
0
0
0
4095
0
0
0
0
0
0
0
4095
0
0
0
0
0
0
0
4095
0
0
0
0
0
0
0
4095
0
0
0
0
0
0
0
4095
0
0
0
0
0
0
0
4095
0
0
0
0
0
0
0
4095
0
0
0
0
0
0
0
4095
0
0
0
0
0
0
0
4095
0
0
0
0
0
0
0
4095
0
0
0
0
0
0
0
4095
0
0
0
0
0
0
0
4095
0
0
0
0
0
0
0
4095
0
0
0
0
0
0
0
4095
0
0
0
0
0
0
0
4095
0
0
0
0
0
0
0
4095
0
0
0
0
0
0
0
4095
0
0
0
0
0
0
0
4095
0
0
0
0
0
0
0
4095
0
0
0
0
0
0
0
4095
0
0
0
0
0
0
0
4095
0
0
0
0
0
0
0
4095
0
0
0
0
0
0
0
4095
0
0
0
0
0
0
0
4095
0
0
0
0
0
0
0
4095
0
0
0
0
0
0
0
4095
0
0
0
0
0
0
0
4095
0
0
0
0
0
0
0
4095
0
0
0
0
0
0
0
4095
0
0
0
0
0
0
0
4095
0
0
0
0
0
0
0
4095
0
0
0
0
0
0
0
4095
0
0
0
0
0
0
0
4095
0
0
0
0
0
0
0
4095
0
0
0
0
0
0
0
4095
0
0
0
0
0
0
0
4095
0
0
0
0
0
0
0
4095
0
0
0
0
0
0
0
4095
0
0
0
0
0
0
0
4095
0
0
0
0
0
0
0
4095
0
0
0
0
0
0
0
4095
0
0
0
0
0
0
0
4095
0
0
0
0
0
0
0
4095
0
0
0
0
0
0
0
4095
0
0
0
0
0
0
0
4095
0
0
0
0
0
0
0
4095
0
0
0
0
0
0
0
4095
0
0
0
0
0
0
0
4095
0
0
0
0
0
0
0
4095
0
0
0
0
0
0
0
4095
0
0
0
0
0
0
0
4095
0
0
0
0
0
0
0
4095
0
0
0
0
0
0
0
4095
0
0
0
0
0
0
0
4095
0
0
0
0
0
0
0
4095
0
0
0
0
0
0
0
4095
0
0
0
0
0
0
0
4095
0
0
0
0
0
0
0
4095
0
0
0
0
0
0
0
4095
0
0
0
0
0
0
0
4095
0
0
0
0
0
0
0
4095
0
0
0
0
0
0
0
4095
0
0
0
0
0
0
0
4095
0
0
0
0
0
0
0
4095
0
0
0
0
0
0
0
4095
0
0
0
0
0
0
0
4095
0
0
0
0
0
0
0
4095
0
0
0
0
0
0
0
4095
0
0
0
0
0
0
0
4095
0
0
0
0
0
0
0
4095
0
0
0
0
0
0
0
4095
0
0
0
0
0
0
0
4095
0
0
0
0
0
0
0
4095
0
0
0
0
0
0
0
4095
0
0
0
0
0
0
0
4095
0
0
0
0
0
0
0
4095
0
0
0
0
0
0
0
4095
0
0
0
0
0
0
0
4095
0
0
0
0
0
0
0
4095
0
0
0
0
0
0
0
4095
0
0
0
0
0
0
0
4095
0
0
0
0
0
0
0
4095
0
0
0
0
0
0
0
4095
0
0
0
0
0
0
0
4095
0
0
0
0
0
0
0
4095
0
0
0
0
0
0
0
4095
0
0
0
0
0
0
0
4095
0
0
0
0
0
0
0
4095
0
0
0
0
0
0
0
4095
0
0
0
0
0
0
0
4095
0
0
0
0
0
0
0
4095
0
0
0
0
0
0
0
4095
0
0
0
0
0
0
0
4095
0
0
0
0
0
0
0
4095
0
0
0
0
0
0
0
4095
0
0
0
0
0
0
0
4095
0
0
0
0
0
0
0
4095
0
0
0
0
0
0
0
4095
0
0
0
0
0
0
0
4095
0
0
0
0
0
0
0
4095
0
0
0
0
0
0
0
4095
0
0
0
0
0
0
0
4095
0
0
0
0
0
0
0
4095
0
0
0
0
0
0
0
4095
0
0
0
0
0
0
0
4095
0
0
0
0
0
0
0
4095
0
0
0
0
0
0
0
4095
0
0
0
0
0
0
0
4095
0
0
0
0
0
0
0
4095
0
0
0
0
0
0
0
4095
0
0
0
0
0
0
0
4095
0
0
0
0
0
0
0
4095
0
0
0
0
0
0
0
4095
0
0
0
0
0
0
0
4095
0
0
0
0
0
0
0
4095
0
0
0
0
0
0
0
4095
0
0
0
0
0
0
0
4095
0
0
0
0
0
0
0
4095
0
0
0
0
0
0
0
4095
0
0
0
0
0
0
0
4095
0
0
0
0
0
0
0
4095
0
0
0
0
0
0
0
4095
0
0
0
0
0
0
0
4095
0
0
0
0
0
0
0
4095
0
0
0
0
0
0
0
4095
0
0
0
0
0
0
0
4095
0
0
0
0
0
0
0
4095
0
0
0
0
0
0
0
4095
0
0
0
0
0
0
0
4095
0
0
0
0
0
0
0
4095
0
0
0
0
0
0
0
4095
0
0
0
0
0
0
0
4095
0
0
0
0
0
0
0
4095
0
0
0
0
0
0
0
4095
0
0
0
0
0
0
0
4095
0
0
0
0
0
0
0
4095
0
0
0
0
0
0
0
4095
0
0
0
0
0
0
0
4095
0
0
0
0
0
0
0
4095
0
0
0
0
0
0
0
4095
0
0
0
0
0
0
0
4095
0
0
0
0
0
0
0
4095
0
0
0
0
0
0
0
4095
0
0
0
0
0
0
0
4095
0
0
0
0
0
0
0
4095
0
0
0
0
0
0
0
4095
0
0
0
0
0
0
0
4095
0
0
0
0
0
0
0
4095
0
0
0
0
0
0
0
4095
0
0
0
0
0
0
0
4095
0
0
0
0
0
0
0
4095
0
0
0
0
0
0
0
4095
0
0
0
0
0
0
0
4095
0
0
0
0
0
0
0
4095
0
0
0
0
0
0
0
4095
0
0
0
0
0
0
0
4095
0
0
0
0
0
0
0
4095
0
0
0
0
0
0
0
4095
0
0
0
0
0
0
0
4095
0
0
0
0
0
0
0
4095
0
0
0
0
0
0
0
4095
0
0
0
0
0
0
0
4095
0
0
0
0
0
0
0
4095
0
0
0
0
0
0
0
4095
0
0
0
0
0
0
0
4095
0
0
0
0
0
0
0
4095
0
0
0
0
0
0
0
4095
0
0
0
0
0
0
0
4095
0
0
0
0
0
0
0
4095
0
0
0
0
0
0
0
4095
0
0
0
0
0
0
0
4095
0
0
0
0
0
0
0
4095
0
0
0
0
0
0
0
4095
0
0
0
0
0
0
0
4095
0
0
0
0
0
0
0
4095
0
0
0
0
0
0
0
4095
0
0
0
0
0
0
0
4095
0
0
0
0
0
0
0
4095
0
0
0
0
0
0
0
4095
0
0
0
0
0
0
0
4095
0
0
0
0
0
0
0
4095
0
0
0
0
0
0
0
4095
0
0
0
0
0
0
0
4095
0
0
0
0
0
0
0
4095
0
0
0
0
0
0
0
4095
0
0
0
0
0
0
0
4095
0
0
0
0
0
0
0
4095
0
0
0
0
0
0
0
4095
0
0
0
0
0
0
0
4095
0
0
0
0
0
0
0
4095
0
0
0
0
0
0
0
4095
0
0
0
0
0
0
0
4095
0
0
0
0
0
0
0
4095
0
0
0
0
0
0
0
4095
0
0
0
0
0
0
0
4095
0
0
0
0
0
0
0
4095
0
0
0
0
0
0
0
4095
0
0
0
0
0
0
0
4095
0
0
0
0
0
0
0
4095
0
0
0
0
0
0
0
4095
0
0
0
0
0
0
0
4095
0
0
0
0
0
0
0
4095
0
0
0
0
0
0
0
4095
0
0
0
0
0
0
0
4095
0
0
0
0
0
0
0
4095
0
0
0
0
0
0
0
4095
0
0
0
0
0
0
0
4095
0
0
0
0
0
0
0
4095
0
0
0
0
0
0
0
4095
0
0
0
0
0
0
0
4095
0
0
0
0
0
0
0
4095
0
0
0
0
0
0
0
4095
0
0
0
0
0
0
0
4095
0
0
0
0
0
0
0
4095
0
0
0
0
0
0
0
4095
0
0
0
0
0
0
0
4095
0
0
0
0
0
0
0
4095
0
0
0
0
0
0
0
4095
0
0
0
0
0
0
0
4095
0
0
0
0
0
0
0
4095
0
0
0
0
0
0
0
4095
0
0
0
0
0
0
0
4095
0
0
0
0
0
0
0
4095
0
0
0
0
0
0
0
4095
0
0
0
0
0
0
0
4095
0
0
0
0
0
0
0
4095
0
0
0
0
0
0
0
4095
0
0
0
0
0
0
0
4095
0
0
0
0
0
0
0
4095
0
0
0
0
0
0
0
4095
0
0
0
0
0
0
0
4095
0
0
0
0
0
0
0
4095
0
0
0
0
0
0
0
4095
0
0
0
0
0
0
0
4095
0
0
0
0
0
0
0
4095
0
0
0
0
0
0
0
4095
0
0
0
0
0
0
0
4095
0
0
0
0
0
0
0
4095
0
0
0
0
0
0
0
4095
0
0
0
0
0
0
0
4095
0
0
0
0
0
0
0
4095
0
0
0
0
0
0
0
4095
0
0
0
0
0
0
0
4095
0
0
0
0
0
0
0
4095
0
0
0
0
0
0
0
4095
0
0
0
0
0
0
0
4095
0
0
0
0
0
0
0
4095
0
0
0
0
0
0
0
4095
0
0
0
0
0
0
0
4095
0
0
0
0
0
0
0
4095
0
0
0
0
0
0
0
4095
0
0
0
0
0
0
0
4095
0
0
0
0
0
0
0
4095
0
0
0
0
0
0
0
4095
0
0
0
0
0
0
0
4095
0
0
0
0
0
0
0
4095
0
0
0
0
0
0
0
4095
0
0
0
0
0
0
0
4095
0
0
0
0
0
0
0
4095
0
0
0
0
0
0
0
4095
0
0
0
0
0
0
0
4095
0
0
0
0
0
0
0
4095
0
0
0
0
0
0
0
4095
0
0
0
0
0
0
0
4095
0
0
0
0
0
0
0
4095
0
0
0
0
0
0
0
4095
0
0
0
0
0
0
0
4095
0
0
0
0
0
0
0
4095
0
0
0
0
0
0
0
4095
0
0
0
0
0
0
0
4095
0
0
0
0
0
0
0
4095
0
0
0
0
0
0
0
4095
0
0
0
0
0
0
0
4095
0
0
0
0
0
0
0
4095
0
0
0
0
0
0
0
4095
0
0
0
0
0
0
0
4095
0
0
0
0
0
0
0
4095
0
0
0
0
0
0
0
4095
0
0
0
0
0
0
0
4095
0
0
0
0
0
0
0
4095
0
0
0
0
0
0
0
4095
0
0
0
0
0
0
0
4095
0
0
0
0
0
0
0
4095
0
0
0
0
0
0
0
4095
0
0
0
0
0
0
0
4095
0
0
0
0
0
0
0
4095
0
0
0
0
0
0
0
4095
0
0
0
0
0
0
0
4095
0
0
0
0
0
0
0
4095
0
0
0
0
0
0
0
4095
0
0
0
0
0
0
0
4095
0
0
0
0
0
0
0
4095
0
0
0
0
0
0
0
4095
0
0
0
0
0
0
0
4095
0
0
0
0
0
0
0
4095
0
0
0
0
0
0
0
4095
0
0
0
0
0
0
0
4095
0
0
0
0
0
0
0
4095
0
0
0
0
0
0
0
4095
0
0
0
0
0
0
0
4095
0
0
0
0
0
0
0
4095
0
0
0
0
0
0
0
4095
0
0
0
0
0
0
0
4095
0
0
0
0
0
0
0
4095
0
0
0
0
0
0
0
4095
0
0
0
0
0
0
0
4095
0
0
0
0
0
0
0
4095
0
0
0
0
0
0
0
4095
0
0
0
0
0
0
0
4095
0
0
0
0
0
0
0
4095
0
0
0
0
0
0
0
4095
0
0
0
0
0
0
0
4095
0
0
0
0
0
0
0
4095
0
0
0
0
0
0
0
4095
0
0
0
0
0
0
0
4095
0
0
0
0
0
0
0
4095
0
0
0
0
0
0
0
4095
0
0
0
0
0
0
0
4095
0
0
0
0
0
0
0
4095
0
0
0
0
0
0
0
4095
0
0
0
0
0
0
0
4095
0
0
0
0
0
0
0
4095
0
0
0
0
0
0
0
4095
0
0
0
0
0
0
0
4095
0
0
0
0
0
0
0
4095
0
0
0
0
0
0
0
4095
0
0
0
0
0
0
0
4095
0
0
0
0
0
0
0
4095
0
0
0
0
0
0
0
4095
0
0
0
0
0
0
0
4095
0
0
0
0
0
0
0
4095
0
0
0
0
0
0
0
4095
0
0
0
0
0
0
0
4095
0
0
0
0
0
0
0
4095
0
0
0
0
0
0
0
4095
0
0
0
0
0
0
0
4095
0
0
0
0
0
0
0
4095
0
0
0
0
0
0
0
4095
0
0
0
0
0
0
0
4095
0
0
0
0
0
0
0
4095
0
0
0
0
0
0
0
4095
0
0
0
0
0
0
0
4095
0
0
0
0
0
0
0
4095
0
0
0
0
0
0
0
4095
0
0
0
0
0
0
0
4095
0
0
0
0
0
0
0
4095
0
0
0
0
0
0
0
4095
0
0
0
0
0
0
0
4095
0
0
0
0
0
0
0
4095
0
0
0
0
0
0
0
4095
0
0
0
0
0
0
0
4095
0
0
0
0
0
0
0
4095
0
0
0
0
0
0
0
4095
0
0
0
0
0
0
0
4095
0
0
0
0
0
0
0
4095
0
0
0
0
0
0
0
4095
0
0
0
0
0
0
0
4095
0
0
0
0
0
0
0
4095
0
0
0
0
0
0
0
4095
0
0
0
0
0
0
0
4095
0
0
0
0
0
0
0
4095
0
0
0
0
0
0
0
4095
0
0
0
0
0
0
0
4095
0
0
0
0
0
0
0
4095
0
0
0
0
0
0
0
4095
0
0
0
0
0
0
0
4095
0
0
0
0
0
0
0
4095
0
0
0
0
0
0
0
4095
0
0
0
0
0
0
0
4095
0
0
0
0
0
0
0
4095
0
0
0
0
0
0
0
4095
0
0
0
0
0
0
0
4095
0
0
0
0
0
0
0
4095
0
0
0
0
0
0
0
4095
0
0
0
0
0
0
0
4095
0
0
0
0
0
0
0
4095
0
0
0
0
0
0
0
4095
0
0
0
0
0
0
0
4095
0
0
0
0
0
0
0
4095
0
0
0
0
0
0
0
4095
0
0
0
0
0
0
0
4095
0
0
0
0
0
0
0
4095
0
0
0
0
0
0
0
4095
0
0
0
0
0
0
0
4095
0
0
0
0
0
0
0
4095
0
0
0
0
0
0
0
4095
0
0
0
0
0
0
0
4095
0
0
0
0
0
0
0
4095
0
0
0
0
0
0
0
4095
0
0
0
0
0
0
0
4095
0
0
0
0
0
0
0
4095
0
0
0
0
0
0
0
4095
0
0
0
0
0
0
0
4095
0
0
0
0
0
0
0
4095
0
0
0
0
0
0
0
4095
0
0
0
0
0
0
0
4095
0
0
0
0
0
0
0
4095
0
0
0
0
0
0
0
4095
0
0
0
0
0
0
0
4095
0
0
0
0
0
0
0
4095
0
0
0
0
0
0
0
4095
0
0
0
0
0
0
0
4095
0
0
0
0
0
0
0
4095
0
0
0
0
0
0
0
4095
0
0
0
0
0
0
0
4095
0
0
0
0
0
0
0
4095
0
0
0
0
0
0
0
4095
0
0
0
0
0
0
0
4095
0
0
0
0
0
0
0
4095
0
0
0
0
0
0
0
4095
0
0
0
0
0
0
0
4095
0
0
0
0
0
0
0
4095
0
0
0
0
0
0
0
4095
0
0
0
0
0
0
0
4095
0
0
0
0
0
0
0
4095
0
0
0
0
0
0
0
4095
0
0
0
0
0
0
0
4095
0
0
0
0
0
0
0
4095
0
0
0
0
0
0
0
4095
0
0
0
0
0
0
0
4095
0
0
0
0
0
0
0
4095
0
0
0
0
0
0
0
4095
0
0
0
0
0
0
0
4095
0
0
0
0
0
0
0
4095
0
0
0
0
0
0
0
4095
0
0
0
0
0
0
0
4095
0
0
0
0
0
0
0
4095
0
0
0
0
0
0
0
4095
0
0
0
0
0
0
0
4095
0
0
0
0
0
0
0
4095
0
0
0
0
0
0
0
4095
0
0
0
0
0
0
0
4095
0
0
0
0
0
0
0
4095
0
0
0
0
0
0
0
4095
0
0
0
0
0
0
0
4095
0
0
0
0
0
0
0
4095
0
0
0
0
0
0
0
4095
0
0
0
0
0
0
0
4095
0
0
0
0
0
0
0
4095
0
0
0
0
0
0
0
4095
0
0
0
0
0
0
0
4095
0
0
0
0
0
0
0
4095
0
0
0
0
0
0
0
4095
0
0
0
0
0
0
0
4095
0
0
0
0
0
0
0
4095
0
0
0
0
0
0
0
4095
0
0
0
0
0
0
0
4095
0
0
0
0
0
0
0
4095
0
0
0
0
0
0
0
4095
0
0
0
0
0
0
0
4095
0
0
0
0
0
0
0
4095
0
0
0
0
0
0
0
4095
0
0
0
0
0
0
0
4095
0
0
0
0
0
0
0
4095
0
0
0
0
0
0
0
4095
0
0
0
0
0
0
0
4095
0
0
0
0
0
0
0
4095
0
0
0
0
0
0
0
4095
0
0
0
0
0
0
0
4095
0
0
0
0
0
0
0
4095
0
0
0
0
0
0
0
4095
0
0
0
0
0
0
0
4095
0
0
0
0
0
0
0
4095
0
0
0
0
0
0
0
4095
0
0
0
0
0
0
0
4095
0
0
0
0
0
0
0
4095
0
0
0
0
0
0
0
4095
0
0
0
0
0
0
0
4095
0
0
0
0
0
0
0
4095
0
0
0
0
0
0
0
4095
0
0
0
0
0
0
0
4095
0
0
0
0
0
0
0
4095
0
0
0
0
0
0
0
4095
0
0
0
0
0
0
0
4095
0
0
0
0
0
0
0
4095
0
0
0
0
0
0
0
4095
0
0
0
0
0
0
0
