4086
3263
0
0
0
0
0
0
863
4076
0
0
0
0
0
0
4089
3267
0
0
0
0
0
0
858
4073
0
0
0
0
0
0
854
3272
0
0
0
0
0
0
1
4069
0
0
0
0
0
0
849
3276
0
0
0
0
0
0
4
4066
0
0
0
0
0
0
845
3280
0
0
0
0
0
0
8
4062
0
0
0
0
0
0
841
3285
0
0
0
0
0
0
12
4058
0
0
0
0
0
0
836
3289
0
0
0
0
0
0
15
4055
0
0
0
0
0
0
832
3294
0
0
0
0
0
0
19
4051
0
0
0
0
0
0
827
3298
0
0
0
0
0
0
23
4047
0
0
0
0
0
0
823
3302
0
0
0
0
0
0
26
4044
0
0
0
0
0
0
818
3307
0
0
0
0
0
0
30
4040
0
0
0
0
0
0
814
3311
0
0
0
0
0
0
31
4031
0
0
0
0
0
0
871
3337
0
0
0
0
0
0
61
68
0
0
0
0
0
0
1120
3195
0
0
0
0
0
0
578
3673
0
0
0
0
0
0
1712
2694
0
0
0
0
0
0
1112
3211
0
0
0
0
0
0
2572
1815
0
0
0
0
0
0
1892
2533
0
0
0
0
0
0
3279
1136
0
0
0
0
0
0
2973
1270
0
0
0
0
0
0
71
495
0
0
0
0
0
0
3374
956
0
0
0
0
0
0
3344
2963
0
0
0
0
0
0
79
375
0
0
0
0
0
0
2614
3506
0
0
0
0
0
0
1512
2547
0
0
0
0
0
0
1186
3538
0
0
0
0
0
0
1220
3180
0
0
0
0
0
0
3562
2012
0
0
0
0
0
0
2289
2505
0
0
0
0
0
0
3833
3205
0
0
0
0
0
0
366
3552
0
0
0
0
0
0
784
3146
0
0
0
0
0
0
3565
1062
0
0
0
0
0
0
651
2476
0
0
0
0
0
0
1223
3938
0
0
0
0
0
0
1641
2391
0
0
0
0
0
0
372
3215
0
0
0
0
0
0
1696
3317
0
0
0
0
0
0
2605
1866
0
0
0
0
0
0
462
2745
0
0
0
0
0
0
4010
1520
0
0
0
0
0
0
1498
3032
0
0
0
0
0
0
186
2996
0
0
0
0
0
0
3148
2556
0
0
0
0
0
0
913
3583
0
0
0
0
0
0
3997
3044
0
0
0
0
0
0
2791
3071
0
0
0
0
0
0
3922
794
0
0
0
0
0
0
304
2264
0
0
0
0
0
0
2133
35
0
0
0
0
0
0
2981
1492
0
0
0
0
0
0
2247
2151
0
0
0
0
0
0
842
1388
0
0
0
0
0
0
1531
2966
0
0
0
0
0
0
3887
2175
0
0
0
0
0
0
3265
1835
0
0
0
0
0
0
316
196
0
0
0
0
0
0
3876
1406
0
0
0
0
0
0
2842
4032
0
0
0
0
0
0
2794
513
0
0
0
0
0
0
3493
1928
0
0
0
0
0
0
2025
1863
0
0
0
0
0
0
327
2410
0
0
0
0
0
0
2258
703
0
0
0
0
0
0
2063
1717
0
0
0
0
0
0
1468
1921
0
0
0
0
0
0
2069
256
0
0
0
0
0
0
762
2223
0
0
0
0
0
0
3312
4015
0
0
0
0
0
0
2319
1491
0
0
0
0
0
0
2331
1012
0
0
0
0
0
0
2030
479
0
0
0
0
0
0
2322
2927
0
0
0
0
0
0
1964
925
0
0
0
0
0
0
2958
1238
0
0
0
0
0
0
2553
952
0
0
0
0
0
0
426
2779
0
0
0
0
0
0
1940
1436
0
0
0
0
0
0
2408
2109
0
0
0
0
0
0
1361
1687
0
0
0
0
0
0
996
804
0
0
0
0
0
0
411
1176
0
0
0
0
0
0
155
2279
0
0
0
0
0
0
1576
3831
0
0
0
0
0
0
93
2456
0
0
0
0
0
0
3042
2057
0
0
0
0
0
0
610
555
0
0
0
0
0
0
2599
740
0
0
0
0
0
0
2202
739
0
0
0
0
0
0
850
1282
0
0
0
0
0
0
1307
1781
0
0
0
0
0
0
1431
2662
0
0
0
0
0
0
2298
2614
0
0
0
0
0
0
4031
2986
0
0
0
0
0
0
338
3725
0
0
0
0
0
0
81
947
0
0
0
0
0
0
2220
872
0
0
0
0
0
0
3006
1681
0
0
0
0
0
0
2331
1849
0
0
0
0
0
0
2702
4048
0
0
0
0
0
0
851
278
0
0
0
0
0
0
1139
3171
0
0
0
0
0
0
2629
936
0
0
0
0
0
0
184
1677
0
0
0
0
0
0
3646
3100
0
0
0
0
0
0
84
3020
0
0
0
0
0
0
2273
3155
0
0
0
0
0
0
3731
3257
0
0
0
0
0
0
3359
534
0
0
0
0
0
0
3183
2960
0
0
0
0
0
0
1381
1386
0
0
0
0
0
0
3978
1235
0
0
0
0
0
0
1069
2909
0
0
0
0
0
0
3618
1101
0
0
0
0
0
0
3864
3117
0
0
0
0
0
0
1249
2029
0
0
0
0
0
0
522
3152
0
0
0
0
0
0
2140
3308
0
0
0
0
0
0
3719
3482
0
0
0
0
0
0
2168
980
0
0
0
0
0
0
113
4079
0
0
0
0
0
0
3876
3691
0
0
0
0
0
0
150
2746
0
0
0
0
0
0
4073
1472
0
0
0
0
0
0
1418
2580
0
0
0
0
0
0
322
2861
0
0
0
0
0
0
3345
1437
0
0
0
0
0
0
3196
2898
0
0
0
0
0
0
1089
2099
0
0
0
0
0
0
951
3322
0
0
0
0
0
0
2641
2316
0
0
0
0
0
0
438
1531
0
0
0
0
0
0
1745
2047
0
0
0
0
0
0
3791
1420
0
0
0
0
0
0
3909
3809
0
0
0
0
0
0
2966
937
0
0
0
0
0
0
3145
3461
0
0
0
0
0
0
558
2178
0
0
0
0
0
0
3289
3130
0
0
0
0
0
0
2638
332
0
0
0
0
0
0
201
3567
0
0
0
0
0
0
3483
3186
0
0
0
0
0
0
382
3598
0
0
0
0
0
0
347
2693
0
0
0
0
0
0
1066
3807
0
0
0
0
0
0
3879
796
0
0
0
0
0
0
989
3030
0
0
0
0
0
0
1837
3291
0
0
0
0
0
0
2423
3089
0
0
0
0
0
0
1685
1613
0
0
0
0
0
0
3782
3571
0
0
0
0
0
0
2387
3825
0
0
0
0
0
0
2053
2224
0
0
0
0
0
0
1053
2431
0
0
0
0
0
0
682
2404
0
0
0
0
0
0
3248
303
0
0
0
0
0
0
3152
2563
0
0
0
0
0
0
1117
2656
0
0
0
0
0
0
2381
70
0
0
0
0
0
0
2490
1046
0
0
0
0
0
0
693
188
0
0
0
0
0
0
943
152
0
0
0
0
0
0
1211
322
0
0
0
0
0
0
985
251
0
0
0
0
0
0
3788
1534
0
0
0
0
0
0
2122
3385
0
0
0
0
0
0
3261
2481
0
0
0
0
0
0
3396
882
0
0
0
0
0
0
2401
777
0
0
0
0
0
0
3895
549
0
0
0
0
0
0
983
4041
0
0
0
0
0
0
3037
509
0
0
0
0
0
0
1759
3203
0
0
0
0
0
0
2174
3709
0
0
0
0
0
0
2315
2635
0
0
0
0
0
0
1619
593
0
0
0
0
0
0
2378
2723
0
0
0
0
0
0
2121
2189
0
0
0
0
0
0
3291
396
0
0
0
0
0
0
2391
1217
0
0
0
0
0
0
1322
2688
0
0
0
0
0
0
3605
1465
0
0
0
0
0
0
1065
1886
0
0
0
0
0
0
699
2436
0
0
0
0
0
0
3798
1322
0
0
0
0
0
0
558
3695
0
0
0
0
0
0
1916
2689
0
0
0
0
0
0
245
2775
0
0
0
0
0
0
2270
2615
0
0
0
0
0
0
3711
1703
0
0
0
0
0
0
2972
947
0
0
0
0
0
0
1472
3003
0
0
0
0
0
0
1896
1473
0
0
0
0
0
0
2425
2476
0
0
0
0
0
0
1536
3853
0
0
0
0
0
0
3565
3874
0
0
0
0
0
0
291
1661
0
0
0
0
0
0
2226
2240
0
0
0
0
0
0
1686
3804
0
0
0
0
0
0
3812
2940
0
0
0
0
0
0
2841
2688
0
0
0
0
0
0
2577
2932
0
0
0
0
0
0
2643
1164
0
0
0
0
0
0
2903
1861
0
0
0
0
0
0
1680
1948
0
0
0
0
0
0
1895
2629
0
0
0
0
0
0
2975
962
0
0
0
0
0
0
2437
1098
0
0
0
0
0
0
3228
2822
0
0
0
0
0
0
3909
1134
0
0
0
0
0
0
1375
1808
0
0
0
0
0
0
293
2161
0
0
0
0
0
0
686
1880
0
0
0
0
0
0
623
2819
0
0
0
0
0
0
1775
1139
0
0
0
0
0
0
461
371
0
0
0
0
0
0
554
1826
0
0
0
0
0
0
833
1751
0
0
0
0
0
0
1502
2365
0
0
0
0
0
0
2996
1619
0
0
0
0
0
0
3790
629
0
0
0
0
0
0
2093
1405
0
0
0
0
0
0
2177
1532
0
0
0
0
0
0
2114
1065
0
0
0
0
0
0
1451
3254
0
0
0
0
0
0
51
703
0
0
0
0
0
0
823
2558
0
0
0
0
0
0
1640
3092
0
0
0
0
0
0
864
2883
0
0
0
0
0
0
2700
1942
0
0
0
0
0
0
2055
3829
0
0
0
0
0
0
3215
2668
0
0
0
0
0
0
2298
2608
0
0
0
0
0
0
2584
206
0
0
0
0
0
0
3401
3565
0
0
0
0
0
0
3811
2042
0
0
0
0
0
0
1239
3019
0
0
0
0
0
0
3350
962
0
0
0
0
0
0
1546
69
0
0
0
0
0
0
633
1158
0
0
0
0
0
0
1450
2558
0
0
0
0
0
0
1818
1737
0
0
0
0
0
0
1852
2183
0
0
0
0
0
0
3284
317
0
0
0
0
0
0
2155
1285
0
0
0
0
0
0
1843
2635
0
0
0
0
0
0
3637
2083
0
0
0
0
0
0
3784
834
0
0
0
0
0
0
2504
3631
0
0
0
0
0
0
743
54
0
0
0
0
0
0
2121
3416
0
0
0
0
0
0
2297
2018
0
0
0
0
0
0
2364
2862
0
0
0
0
0
0
295
1998
0
0
0
0
0
0
3178
1740
0
0
0
0
0
0
2779
3869
0
0
0
0
0
0
4091
2461
0
0
0
0
0
0
2948
3528
0
0
0
0
0
0
2100
2528
0
0
0
0
0
0
3185
3566
0
0
0
0
0
0
756
138
0
0
0
0
0
0
1858
3620
0
0
0
0
0
0
2905
3106
0
0
0
0
0
0
3172
1956
0
0
0
0
0
0
1050
2251
0
0
0
0
0
0
1249
2851
0
0
0
0
0
0
3960
1430
0
0
0
0
0
0
1733
3223
0
0
0
0
0
0
305
1230
0
0
0
0
0
0
1918
1567
0
0
0
0
0
0
3697
1284
0
0
0
0
0
0
123
876
0
0
0
0
0
0
3351
940
0
0
0
0
0
0
1396
2589
0
0
0
0
0
0
118
2199
0
0
0
0
0
0
3846
1178
0
0
0
0
0
0
1318
1859
0
0
0
0
0
0
3465
1823
0
0
0
0
0
0
2370
956
0
0
0
0
0
0
126
2774
0
0
0
0
0
0
2357
1809
0
0
0
0
0
0
3134
1790
0
0
0
0
0
0
487
1447
0
0
0
0
0
0
3507
979
0
0
0
0
0
0
488
1948
0
0
0
0
0
0
3967
979
0
0
0
0
0
0
2194
1635
0
0
0
0
0
0
3497
137
0
0
0
0
0
0
825
1999
0
0
0
0
0
0
616
3425
0
0
0
0
0
0
1880
3474
0
0
0
0
0
0
521
1090
0
0
0
0
0
0
3833
2962
0
0
0
0
0
0
2799
3648
0
0
0
0
0
0
3831
1968
0
0
0
0
0
0
3675
3160
0
0
0
0
0
0
216
1144
0
0
0
0
0
0
3511
3200
0
0
0
0
0
0
3192
1386
0
0
0
0
0
0
1901
722
0
0
0
0
0
0
2301
3166
0
0
0
0
0
0
601
1660
0
0
0
0
0
0
1869
1054
0
0
0
0
0
0
3567
3554
0
0
0
0
0
0
2554
3763
0
0
0
0
0
0
2361
3582
0
0
0
0
0
0
2075
805
0
0
0
0
0
0
2112
3565
0
0
0
0
0
0
340
3618
0
0
0
0
0
0
3865
1100
0
0
0
0
0
0
2884
2562
0
0
0
0
0
0
3986
3372
0
0
0
0
0
0
235
2907
0
0
0
0
0
0
666
1154
0
0
0
0
0
0
1171
3989
0
0
0
0
0
0
3648
2197
0
0
0
0
0
0
1950
2711
0
0
0
0
0
0
4002
905
0
0
0
0
0
0
1160
978
0
0
0
0
0
0
2741
790
0
0
0
0
0
0
3604
256
0
0
0
0
0
0
3340
1928
0
0
0
0
0
0
378
2271
0
0
0
0
0
0
1420
2014
0
0
0
0
0
0
3036
1623
0
0
0
0
0
0
750
3627
0
0
0
0
0
0
3200
2250
0
0
0
0
0
0
38
2691
0
0
0
0
0
0
765
3053
0
0
0
0
0
0
3464
1874
0
0
0
0
0
0
2735
2134
0
0
0
0
0
0
392
1224
0
0
0
0
0
0
2349
352
0
0
0
0
0
0
1161
3755
0
0
0
0
0
0
1990
2225
0
0
0
0
0
0
1280
1115
0
0
0
0
0
0
2266
2886
0
0
0
0
0
0
3420
979
0
0
0
0
0
0
2610
672
0
0
0
0
0
0
3727
1086
0
0
0
0
0
0
3313
2591
0
0
0
0
0
0
2053
235
0
0
0
0
0
0
13
131
0
0
0
0
0
0
1403
908
0
0
0
0
0
0
439
2014
0
0
0
0
0
0
480
1354
0
0
0
0
0
0
3282
2235
0
0
0
0
0
0
413
756
0
0
0
0
0
0
3015
647
0
0
0
0
0
0
414
3948
0
0
0
0
0
0
601
2960
0
0
0
0
0
0
1542
1441
0
0
0
0
0
0
3021
667
0
0
0
0
0
0
1158
4066
0
0
0
0
0
0
2968
978
0
0
0
0
0
0
922
1846
0
0
0
0
0
0
4074
3614
0
0
0
0
0
0
1024
3199
0
0
0
0
0
0
2768
1105
0
0
0
0
0
0
3426
3994
0
0
0
0
0
0
1726
301
0
0
0
0
0
0
2016
3841
0
0
0
0
0
0
888
23
0
0
0
0
0
0
3199
164
0
0
0
0
0
0
2060
3362
0
0
0
0
0
0
488
1440
0
0
0
0
0
0
2845
1936
0
0
0
0
0
0
130
3716
0
0
0
0
0
0
549
1806
0
0
0
0
0
0
6
3397
0
0
0
0
0
0
1984
264
0
0
0
0
0
0
1151
3487
0
0
0
0
0
0
2986
90
0
0
0
0
0
0
1230
3245
0
0
0
0
0
0
2272
1348
0
0
0
0
0
0
3221
2187
0
0
0
0
0
0
3357
3686
0
0
0
0
0
0
1380
3180
0
0
0
0
0
0
2196
1409
0
0
0
0
0
0
1736
4037
0
0
0
0
0
0
2110
3008
0
0
0
0
0
0
3734
4061
0
0
0
0
0
0
3916
1399
0
0
0
0
0
0
2772
3952
0
0
0
0
0
0
262
389
0
0
0
0
0
0
1137
295
0
0
0
0
0
0
3421
2544
0
0
0
0
0
0
3520
594
0
0
0
0
0
0
497
9
0
0
0
0
0
0
1159
3700
0
0
0
0
0
0
862
3005
0
0
0
0
0
0
3796
2225
0
0
0
0
0
0
254
354
0
0
0
0
0
0
3038
95
0
0
0
0
0
0
3482
2035
0
0
0
0
0
0
798
2960
0
0
0
0
0
0
3353
1757
0
0
0
0
0
0
2939
219
0
0
0
0
0
0
2234
3350
0
0
0
0
0
0
2310
774
0
0
0
0
0
0
3150
3664
0
0
0
0
0
0
2120
2263
0
0
0
0
0
0
2332
2540
0
0
0
0
0
0
3254
427
0
0
0
0
0
0
3648
1284
0
0
0
0
0
0
2292
2488
0
0
0
0
0
0
2654
3407
0
0
0
0
0
0
3683
587
0
0
0
0
0
0
3665
1179
0
0
0
0
0
0
1475
2125
0
0
0
0
0
0
4036
1817
0
0
0
0
0
0
3423
2970
0
0
0
0
0
0
2186
1402
0
0
0
0
0
0
360
286
0
0
0
0
0
0
3875
4081
0
0
0
0
0
0
3753
3872
0
0
0
0
0
0
3448
748
0
0
0
0
0
0
1443
1542
0
0
0
0
0
0
1699
3431
0
0
0
0
0
0
3727
2284
0
0
0
0
0
0
3854
1481
0
0
0
0
0
0
2865
2478
0
0
0
0
0
0
3674
1238
0
0
0
0
0
0
2823
2078
0
0
0
0
0
0
3126
3159
0
0
0
0
0
0
1955
1976
0
0
0
0
0
0
4076
1309
0
0
0
0
0
0
3188
263
0
0
0
0
0
0
457
1480
0
0
0
0
0
0
629
1320
0
0
0
0
0
0
243
2448
0
0
0
0
0
0
2829
4090
0
0
0
0
0
0
1241
1318
0
0
0
0
0
0
1298
2312
0
0
0
0
0
0
420
1588
0
0
0
0
0
0
989
1362
0
0
0
0
0
0
394
1678
0
0
0
0
0
0
924
3282
0
0
0
0
0
0
1959
3441
0
0
0
0
0
0
2920
3476
0
0
0
0
0
0
1623
1759
0
0
0
0
0
0
2353
2813
0
0
0
0
0
0
2037
3154
0
0
0
0
0
0
360
321
0
0
0
0
0
0
987
2382
0
0
0
0
0
0
2017
806
0
0
0
0
0
0
859
4038
0
0
0
0
0
0
2736
3918
0
0
0
0
0
0
2823
2984
0
0
0
0
0
0
538
1735
0
0
0
0
0
0
4067
3950
0
0
0
0
0
0
1553
1027
0
0
0
0
0
0
2926
2224
0
0
0
0
0
0
1949
843
0
0
0
0
0
0
1164
22
0
0
0
0
0
0
1803
376
0
0
0
0
0
0
2147
622
0
0
0
0
0
0
3781
3871
0
0
0
0
0
0
575
1538
0
0
0
0
0
0
2401
846
0
0
0
0
0
0
1873
2991
0
0
0
0
0
0
1348
2175
0
0
0
0
0
0
4022
2242
0
0
0
0
0
0
3960
2596
0
0
0
0
0
0
3375
2428
0
0
0
0
0
0
3697
2019
0
0
0
0
0
0
227
3823
0
0
0
0
0
0
3159
1746
0
0
0
0
0
0
549
1524
0
0
0
0
0
0
1321
933
0
0
0
0
0
0
3818
3775
0
0
0
0
0
0
117
2944
0
0
0
0
0
0
930
204
0
0
0
0
0
0
3502
2644
0
0
0
0
0
0
2897
4073
0
0
0
0
0
0
1299
2259
0
0
0
0
0
0
4048
420
0
0
0
0
0
0
1434
3761
0
0
0
0
0
0
1566
2495
0
0
0
0
0
0
2324
4091
0
0
0
0
0
0
2024
2755
0
0
0
0
0
0
684
1816
0
0
0
0
0
0
682
2613
0
0
0
0
0
0
1645
628
0
0
0
0
0
0
1560
146
0
0
0
0
0
0
1607
1742
0
0
0
0
0
0
1262
810
0
0
0
0
0
0
527
767
0
0
0
0
0
0
1342
880
0
0
0
0
0
0
1224
996
0
0
0
0
0
0
16
255
0
0
0
0
0
0
547
1455
0
0
0
0
0
0
2769
1563
0
0
0
0
0
0
1888
3569
0
0
0
0
0
0
3225
1271
0
0
0
0
0
0
3148
249
0
0
0
0
0
0
789
2625
0
0
0
0
0
0
1955
2507
0
0
0
0
0
0
640
2867
0
0
0
0
0
0
2719
1777
0
0
0
0
0
0
206
1805
0
0
0
0
0
0
1345
1221
0
0
0
0
0
0
2056
907
0
0
0
0
0
0
1944
2069
0
0
0
0
0
0
149
1362
0
0
0
0
0
0
1328
2914
0
0
0
0
0
0
1714
1638
0
0
0
0
0
0
3242
3177
0
0
0
0
0
0
3272
551
0
0
0
0
0
0
3098
765
0
0
0
0
0
0
4007
2142
0
0
0
0
0
0
2027
2121
0
0
0
0
0
0
1472
385
0
0
0
0
0
0
3658
2703
0
0
0
0
0
0
3189
1181
0
0
0
0
0
0
3359
501
0
0
0
0
0
0
1822
2014
0
0
0
0
0
0
2266
1860
0
0
0
0
0
0
2430
3914
0
0
0
0
0
0
3801
2709
0
0
0
0
0
0
885
2164
0
0
0
0
0
0
4018
3965
0
0
0
0
0
0
3323
2648
0
0
0
0
0
0
2934
1183
0
0
0
0
0
0
2015
1316
0
0
0
0
0
0
299
2398
0
0
0
0
0
0
3420
243
0
0
0
0
0
0
1442
2433
0
0
0
0
0
0
3574
2998
0
0
0
0
0
0
1901
3818
0
0
0
0
0
0
2549
3301
0
0
0
0
0
0
3455
3156
0
0
0
0
0
0
3746
56
0
0
0
0
0
0
3805
2241
0
0
0
0
0
0
578
4054
0
0
0
0
0
0
635
130
0
0
0
0
0
0
3928
2310
0
0
0
0
0
0
1587
275
0
0
0
0
0
0
1738
502
0
0
0
0
0
0
3886
74
0
0
0
0
0
0
1579
1157
0
0
0
0
0
0
2339
3480
0
0
0
0
0
0
3380
3966
0
0
0
0
0
0
410
788
0
0
0
0
0
0
51
2561
0
0
0
0
0
0
1549
3220
0
0
0
0
0
0
969
2677
0
0
0
0
0
0
2662
549
0
0
0
0
0
0
1379
2146
0
0
0
0
0
0
1215
3297
0
0
0
0
0
0
2827
3649
0
0
0
0
0
0
218
3754
0
0
0
0
0
0
2971
1319
0
0
0
0
0
0
388
3824
0
0
0
0
0
0
1531
2064
0
0
0
0
0
0
1264
3322
0
0
0
0
0
0
2946
2895
0
0
0
0
0
0
2056
1843
0
0
0
0
0
0
1105
3879
0
0
0
0
0
0
1064
3597
0
0
0
0
0
0
2060
1413
0
0
0
0
0
0
180
1957
0
0
0
0
0
0
2906
2361
0
0
0
0
0
0
1257
271
0
0
0
0
0
0
3320
2379
0
0
0
0
0
0
1946
3626
0
0
0
0
0
0
2727
809
0
0
0
0
0
0
2768
2138
0
0
0
0
0
0
3496
1206
0
0
0
0
0
0
3824
1467
0
0
0
0
0
0
2078
342
0
0
0
0
0
0
2876
213
0
0
0
0
0
0
218
3272
0
0
0
0
0
0
86
3053
0
0
0
0
0
0
2227
3532
0
0
0
0
0
0
192
1891
0
0
0
0
0
0
3325
3794
0
0
0
0
0
0
1716
1275
0
0
0
0
0
0
3348
2438
0
0
0
0
0
0
4030
2446
0
0
0
0
0
0
1900
2599
0
0
0
0
0
0
3154
674
0
0
0
0
0
0
2110
1114
0
0
0
0
0
0
1894
263
0
0
0
0
0
0
3861
262
0
0
0
0
0
0
530
2358
0
0
0
0
0
0
1750
2405
0
0
0
0
0
0
2378
153
0
0
0
0
0
0
1165
846
0
0
0
0
0
0
3935
272
0
0
0
0
0
0
4069
2691
0
0
0
0
0
0
3123
2061
0
0
0
0
0
0
1531
724
0
0
0
0
0
0
2564
2809
0
0
0
0
0
0
248
915
0
0
0
0
0
0
3260
2832
0
0
0
0
0
0
951
3025
0
0
0
0
0
0
654
3834
0
0
0
0
0
0
3377
611
0
0
0
0
0
0
3181
2500
0
0
0
0
0
0
1466
2521
0
0
0
0
0
0
612
2033
0
0
0
0
0
0
2840
2105
0
0
0
0
0
0
3224
2283
0
0
0
0
0
0
2042
3785
0
0
0
0
0
0
1559
1312
0
0
0
0
0
0
1909
4078
0
0
0
0
0
0
124
1532
0
0
0
0
0
0
2070
536
0
0
0
0
0
0
3341
2009
0
0
0
0
0
0
2173
1076
0
0
0
0
0
0
1427
3169
0
0
0
0
0
0
2514
3795
0
0
0
0
0
0
3184
723
0
0
0
0
0
0
160
1818
0
0
0
0
0
0
2635
3065
0
0
0
0
0
0
2270
3463
0
0
0
0
0
0
3628
397
0
0
0
0
0
0
1618
1725
0
0
0
0
0
0
3849
1552
0
0
0
0
0
0
3321
2571
0
0
0
0
0
0
929
2846
0
0
0
0
0
0
307
49
0
0
0
0
0
0
3452
3250
0
0
0
0
0
0
3758
970
0
0
0
0
0
0
2192
592
0
0
0
0
0
0
3467
4030
0
0
0
0
0
0
332
2969
0
0
0
0
0
0
136
2568
0
0
0
0
0
0
2684
77
0
0
0
0
0
0
3531
2759
0
0
0
0
0
0
1774
1386
0
0
0
0
0
0
2244
368
0
0
0
0
0
0
939
2373
0
0
0
0
0
0
1720
925
0
0
0
0
0
0
1582
1983
0
0
0
0
0
0
65
3104
0
0
0
0
0
0
3609
3127
0
0
0
0
0
0
1077
3382
0
0
0
0
0
0
374
2128
0
0
0
0
0
0
259
1853
0
0
0
0
0
0
2934
52
0
0
0
0
0
0
218
2109
0
0
0
0
0
0
2294
1171
0
0
0
0
0
0
3050
782
0
0
0
0
0
0
2506
860
0
0
0
0
0
0
3536
3511
0
0
0
0
0
0
926
420
0
0
0
0
0
0
3925
3743
0
0
0
0
0
0
3527
2996
0
0
0
0
0
0
1758
1227
0
0
0
0
0
0
3473
1479
0
0
0
0
0
0
79
3819
0
0
0
0
0
0
2404
3994
0
0
0
0
0
0
3611
2104
0
0
0
0
0
0
1256
1015
0
0
0
0
0
0
936
3716
0
0
0
0
0
0
594
223
0
0
0
0
0
0
3827
1160
0
0
0
0
0
0
483
532
0
0
0
0
0
0
2390
29
0
0
0
0
0
0
592
1324
0
0
0
0
0
0
2969
997
0
0
0
0
0
0
3806
93
0
0
0
0
0
0
3143
3919
0
0
0
0
0
0
1984
2623
0
0
0
0
0
0
3542
440
0
0
0
0
0
0
2995
687
0
0
0
0
0
0
2885
2654
0
0
0
0
0
0
2325
4048
0
0
0
0
0
0
2547
2481
0
0
0
0
0
0
355
3048
0
0
0
0
0
0
304
3755
0
0
0
0
0
0
1112
2752
0
0
0
0
0
0
673
2110
0
0
0
0
0
0
3246
171
0
0
0
0
0
0
3837
347
0
0
0
0
0
0
1863
2410
0
0
0
0
0
0
2969
3641
0
0
0
0
0
0
2287
3959
0
0
0
0
0
0
3510
3669
0
0
0
0
0
0
2740
1133
0
0
0
0
0
0
2848
3905
0
0
0
0
0
0
3234
2580
0
0
0
0
0
0
1232
3413
0
0
0
0
0
0
1947
1662
0
0
0
0
0
0
930
2017
0
0
0
0
0
0
263
279
0
0
0
0
0
0
3285
1714
0
0
0
0
0
0
1172
4036
0
0
0
0
0
0
212
2345
0
0
0
0
0
0
760
1771
0
0
0
0
0
0
2525
322
0
0
0
0
0
0
1754
1792
0
0
0
0
0
0
3934
3397
0
0
0
0
0
0
526
2612
0
0
0
0
0
0
3476
1112
0
0
0
0
0
0
1657
2011
0
0
0
0
0
0
614
2156
0
0
0
0
0
0
1928
2923
0
0
0
0
0
0
1086
244
0
0
0
0
0
0
1524
1155
0
0
0
0
0
0
2779
3724
0
0
0
0
0
0
2227
1252
0
0
0
0
0
0
3981
476
0
0
0
0
0
0
1088
1332
0
0
0
0
0
0
110
3163
0
0
0
0
0
0
2211
2506
0
0
0
0
0
0
2893
4046
0
0
0
0
0
0
4061
3038
0
0
0
0
0
0
504
3298
0
0
0
0
0
0
993
412
0
0
0
0
0
0
70
358
0
0
0
0
0
0
3959
1252
0
0
0
0
0
0
2127
776
0
0
0
0
0
0
846
2852
0
0
0
0
0
0
2171
689
0
0
0
0
0
0
75
3898
0
0
0
0
0
0
1543
1631
0
0
0
0
0
0
3672
3191
0
0
0
0
0
0
265
1327
0
0
0
0
0
0
2532
3740
0
0
0
0
0
0
546
3533
0
0
0
0
0
0
677
53
0
0
0
0
0
0
2622
2133
0
0
0
0
0
0
972
1180
0
0
0
0
0
0
690
2761
0
0
0
0
0
0
1453
228
0
0
0
0
0
0
241
964
0
0
0
0
0
0
2677
1271
0
0
0
0
0
0
2162
3662
0
0
0
0
0
0
536
1775
0
0
0
0
0
0
653
2684
0
0
0
0
0
0
1487
1528
0
0
0
0
0
0
1106
2606
0
0
0
0
0
0
1200
3879
0
0
0
0
0
0
1860
1191
0
0
0
0
0
0
2780
3839
0
0
0
0
0
0
1510
1227
0
0
0
0
0
0
3344
515
0
0
0
0
0
0
658
2200
0
0
0
0
0
0
1053
3820
0
0
0
0
0
0
1815
1289
0
0
0
0
0
0
2924
515
0
0
0
0
0
0
1161
929
0
0
0
0
0
0
1201
1373
0
0
0
0
0
0
633
731
0
0
0
0
0
0
1339
141
0
0
0
0
0
0
1568
1709
0
0
0
0
0
0
2631
1221
0
0
0
0
0
0
268
2467
0
0
0
0
0
0
1831
618
0
0
0
0
0
0
2503
3883
0
0
0
0
0
0
3965
3103
0
0
0
0
0
0
3634
3088
0
0
0
0
0
0
2529
1430
0
0
0
0
0
0
2309
3851
0
0
0
0
0
0
229
3963
0
0
0
0
0
0
1508
3242
0
0
0
0
0
0
177
1216
0
0
0
0
0
0
1880
845
0
0
0
0
0
0
3238
709
0
0
0
0
0
0
1888
1793
0
0
0
0
0
0
110
2265
0
0
0
0
0
0
2802
1399
0
0
0
0
0
0
2417
1342
0
0
0
0
0
0
982
3491
0
0
0
0
0
0
3718
2440
0
0
0
0
0
0
1726
3886
0
0
0
0
0
0
3144
1701
0
0
0
0
0
0
1268
2605
0
0
0
0
0
0
3250
2466
0
0
0
0
0
0
1766
751
0
0
0
0
0
0
3915
790
0
0
0
0
0
0
3069
2862
0
0
0
0
0
0
2847
717
0
0
0
0
0
0
1007
3092
0
0
0
0
0
0
3190
2451
0
0
0
0
0
0
360
4075
0
0
0
0
0
0
698
2414
0
0
0
0
0
0
3888
2948
0
0
0
0
0
0
2434
2268
0
0
0
0
0
0
1703
2960
0
0
0
0
0
0
1976
1179
0
0
0
0
0
0
2310
2015
0
0
0
0
0
0
2897
1623
0
0
0
0
0
0
1194
2346
0
0
0
0
0
0
2035
2381
0
0
0
0
0
0
2627
965
0
0
0
0
0
0
781
3012
0
0
0
0
0
0
3583
2381
0
0
0
0
0
0
3118
2449
0
0
0
0
0
0
3179
2215
0
0
0
0
0
0
1292
872
0
0
0
0
0
0
2943
230
0
0
0
0
0
0
1401
1735
0
0
0
0
0
0
3493
2206
0
0
0
0
0
0
454
964
0
0
0
0
0
0
1352
1559
0
0
0
0
0
0
3103
1688
0
0
0
0
0
0
2469
2796
0
0
0
0
0
0
1854
673
0
0
0
0
0
0
2886
340
0
0
0
0
0
0
3594
1108
0
0
0
0
0
0
1786
281
0
0
0
0
0
0
2611
2314
0
0
0
0
0
0
3184
1998
0
0
0
0
0
0
1255
726
0
0
0
0
0
0
2259
1761
0
0
0
0
0
0
2115
3303
0
0
0
0
0
0
3034
2813
0
0
0
0
0
0
2580
1086
0
0
0
0
0
0
142
1783
0
0
0
0
0
0
1190
3139
0
0
0
0
0
0
2440
2273
0
0
0
0
0
0
1920
3640
0
0
0
0
0
0
363
3643
0
0
0
0
0
0
726
3528
0
0
0
0
0
0
2146
300
0
0
0
0
0
0
1573
1196
0
0
0
0
0
0
466
3808
0
0
0
0
0
0
279
646
0
0
0
0
0
0
242
1100
0
0
0
0
0
0
2070
456
0
0
0
0
0
0
2775
1695
0
0
0
0
0
0
748
1074
0
0
0
0
0
0
2170
1752
0
0
0
0
0
0
1047
3069
0
0
0
0
0
0
612
3681
0
0
0
0
0
0
3356
3513
0
0
0
0
0
0
3082
3957
0
0
0
0
0
0
2225
2804
0
0
0
0
0
0
464
415
0
0
0
0
0
0
3245
3608
0
0
0
0
0
0
2616
1659
0
0
0
0
0
0
1349
424
0
0
0
0
0
0
2371
750
0
0
0
0
0
0
1384
3580
0
0
0
0
0
0
1603
1076
0
0
0
0
0
0
3287
2226
0
0
0
0
0
0
2969
3730
0
0
0
0
0
0
956
2367
0
0
0
0
0
0
3046
1763
0
0
0
0
0
0
1437
866
0
0
0
0
0
0
1269
379
0
0
0
0
0
0
1947
856
0
0
0
0
0
0
4024
3930
0
0
0
0
0
0
2519
2703
0
0
0
0
0
0
835
904
0
0
0
0
0
0
2491
2089
0
0
0
0
0
0
1829
350
0
0
0
0
0
0
1152
1375
0
0
0
0
0
0
2177
2203
0
0
0
0
0
0
1148
1147
0
0
0
0
0
0
1585
3120
0
0
0
0
0
0
728
2147
0
0
0
0
0
0
2868
1097
0
0
0
0
0
0
965
1107
0
0
0
0
0
0
2745
1127
0
0
0
0
0
0
2675
384
0
0
0
0
0
0
1963
2706
0
0
0
0
0
0
11
2101
0
0
0
0
0
0
2818
1162
0
0
0
0
0
0
2634
259
0
0
0
0
0
0
155
1676
0
0
0
0
0
0
2111
4067
0
0
0
0
0
0
3271
1881
0
0
0
0
0
0
324
3865
0
0
0
0
0
0
198
3759
0
0
0
0
0
0
1818
1237
0
0
0
0
0
0
3402
1856
0
0
0
0
0
0
1157
3686
0
0
0
0
0
0
4052
1676
0
0
0
0
0
0
3584
2486
0
0
0
0
0
0
2761
3042
0
0
0
0
0
0
3258
3780
0
0
0
0
0
0
3611
243
0
0
0
0
0
0
1934
1344
0
0
0
0
0
0
863
2740
0
0
0
0
0
0
3455
86
0
0
0
0
0
0
1267
1818
0
0
0
0
0
0
379
2461
0
0
0
0
0
0
2080
2641
0
0
0
0
0
0
2254
3793
0
0
0
0
0
0
2896
152
0
0
0
0
0
0
3579
1545
0
0
0
0
0
0
968
325
0
0
0
0
0
0
1822
879
0
0
0
0
0
0
144
1567
0
0
0
0
0
0
2708
1909
0
0
0
0
0
0
786
1871
0
0
0
0
0
0
2194
2505
0
0
0
0
0
0
1532
2349
0
0
0
0
0
0
374
2518
0
0
0
0
0
0
314
2783
0
0
0
0
0
0
1919
2926
0
0
0
0
0
0
1674
759
0
0
0
0
0
0
3642
2835
0
0
0
0
0
0
1235
1342
0
0
0
0
0
0
661
2800
0
0
0
0
0
0
4045
496
0
0
0
0
0
0
38
3045
0
0
0
0
0
0
3558
843
0
0
0
0
0
0
876
4010
0
0
0
0
0
0
3858
1296
0
0
0
0
0
0
636
3109
0
0
0
0
0
0
1506
2858
0
0
0
0
0
0
3732
3499
0
0
0
0
0
0
884
846
0
0
0
0
0
0
2491
1003
0
0
0
0
0
0
2308
446
0
0
0
0
0
0
437
3305
0
0
0
0
0
0
225
1614
0
0
0
0
0
0
2686
1912
0
0
0
0
0
0
455
3967
0
0
0
0
0
0
1366
931
0
0
0
0
0
0
1151
2238
0
0
0
0
0
0
158
451
0
0
0
0
0
0
2181
3749
0
0
0
0
0
0
805
3299
0
0
0
0
0
0
2157
2516
0
0
0
0
0
0
1952
1989
0
0
0
0
0
0
2824
2326
0
0
0
0
0
0
2129
2713
0
0
0
0
0
0
3029
4006
0
0
0
0
0
0
2772
466
0
0
0
0
0
0
3051
2989
0
0
0
0
0
0
1102
4032
0
0
0
0
0
0
2070
2517
0
0
0
0
0
0
1258
3657
0
0
0
0
0
0
3835
1479
0
0
0
0
0
0
1728
698
0
0
0
0
0
0
296
2847
0
0
0
0
0
0
1528
692
0
0
0
0
0
0
3307
153
0
0
0
0
0
0
1561
3299
0
0
0
0
0
0
3497
2013
0
0
0
0
0
0
1474
161
0
0
0
0
0
0
568
525
0
0
0
0
0
0
389
664
0
0
0
0
0
0
939
2983
0
0
0
0
0
0
858
3625
0
0
0
0
0
0
728
499
0
0
0
0
0
0
3296
3988
0
0
0
0
0
0
2297
3545
0
0
0
0
0
0
2406
1023
0
0
0
0
0
0
598
364
0
0
0
0
0
0
1983
3458
0
0
0
0
0
0
1374
1315
0
0
0
0
0
0
168
572
0
0
0
0
0
0
548
1916
0
0
0
0
0
0
3558
757
0
0
0
0
0
0
1399
2302
0
0
0
0
0
0
1659
2275
0
0
0
0
0
0
960
1741
0
0
0
0
0
0
3083
2816
0
0
0
0
0
0
3836
3371
0
0
0
0
0
0
1086
915
0
0
0
0
0
0
1907
63
0
0
0
0
0
0
2177
177
0
0
0
0
0
0
101
1039
0
0
0
0
0
0
2182
3297
0
0
0
0
0
0
2460
1737
0
0
0
0
0
0
2528
2853
0
0
0
0
0
0
3619
2614
0
0
0
0
0
0
1577
2530
0
0
0
0
0
0
2202
91
0
0
0
0
0
0
2209
3641
0
0
0
0
0
0
74
235
0
0
0
0
0
0
3600
3023
0
0
0
0
0
0
1614
115
0
0
0
0
0
0
837
1719
0
0
0
0
0
0
2939
3955
0
0
0
0
0
0
1262
639
0
0
0
0
0
0
2536
1894
0
0
0
0
0
0
3334
1506
0
0
0
0
0
0
3960
1544
0
0
0
0
0
0
1317
1630
0
0
0
0
0
0
141
3267
0
0
0
0
0
0
2390
2032
0
0
0
0
0
0
1732
2696
0
0
0
0
0
0
3591
3558
0
0
0
0
0
0
2948
2116
0
0
0
0
0
0
247
3957
0
0
0
0
0
0
1799
1922
0
0
0
0
0
0
873
3951
0
0
0
0
0
0
374
59
0
0
0
0
0
0
3219
654
0
0
0
0
0
0
1716
3193
0
0
0
0
0
0
2392
1948
0
0
0
0
0
0
4082
4034
0
0
0
0
0
0
3272
1450
0
0
0
0
0
0
2211
143
0
0
0
0
0
0
1121
3081
0
0
0
0
0
0
181
2755
0
0
0
0
0
0
1357
3103
0
0
0
0
0
0
204
4066
0
0
0
0
0
0
2490
2152
0
0
0
0
0
0
1883
2996
0
0
0
0
0
0
4091
273
0
0
0
0
0
0
3439
2515
0
0
0
0
0
0
713
3711
0
0
0
0
0
0
401
3446
0
0
0
0
0
0
1633
2842
0
0
0
0
0
0
3436
3231
0
0
0
0
0
0
2693
1738
0
0
0
0
0
0
2882
2989
0
0
0
0
0
0
3560
906
0
0
0
0
0
0
3926
1343
0
0
0
0
0
0
402
3945
0
0
0
0
0
0
3103
1753
0
0
0
0
0
0
1284
2953
0
0
0
0
0
0
1321
3244
0
0
0
0
0
0
1827
2342
0
0
0
0
0
0
2743
1643
0
0
0
0
0
0
2163
1964
0
0
0
0
0
0
3616
660
0
0
0
0
0
0
2371
1730
0
0
0
0
0
0
57
56
0
0
0
0
0
0
2501
1585
0
0
0
0
0
0
386
3781
0
0
0
0
0
0
2583
1493
0
0
0
0
0
0
588
3553
0
0
0
0
0
0
2635
1435
0
0
0
0
0
0
712
3414
0
0
0
0
0
0
2669
1398
0
0
0
0
0
0
787
3329
0
0
0
0
0
0
2692
1373
0
0
0
0
0
0
834
3276
0
0
0
0
0
0
2708
1356
0
0
0
0
0
0
862
3245
0
0
0
0
0
0
2719
1343
0
0
0
0
0
0
879
3226
0
0
0
0
0
0
2728
1334
0
0
0
0
0
0
889
3214
0
0
0
0
0
0
2736
1326
0
0
0
0
0
0
895
3207
0
0
0
0
0
0
2742
1319
0
0
0
0
0
0
898
3203
0
0
0
0
0
0
2748
1314
0
0
0
0
0
0
900
3201
0
0
0
0
0
0
2754
1308
0
0
0
0
0
0
900
3200
0
0
0
0
0
0
2759
1303
0
0
0
0
0
0
901
3200
0
0
0
0
0
0
2764
1298
0
0
0
0
0
0
900
3200
0
0
0
0
0
0
2769
1293
0
0
0
0
0
0
900
3201
0
0
0
0
0
0
2774
1288
0
0
0
0
0
0
899
3201
0
0
0
0
0
0
2779
1283
0
0
0
0
0
0
899
3202
0
0
0
0
0
0
2784
1278
0
0
0
0
0
0
898
3203
0
0
0
0
0
0
2789
1273
0
0
0
0
0
0
897
3203
0
0
0
0
0
0
2793
1268
0
0
0
0
0
0
896
3204
0
0
0
0
0
0
2798
1264
0
0
0
0
0
0
896
3205
0
0
0
0
0
0
2803
1259
0
0
0
0
0
0
895
3206
0
0
0
0
0
0
2808
1254
0
0
0
0
0
0
894
3207
0
0
0
0
0
0
2813
1249
0
0
0
0
0
0
893
3207
0
0
0
0
0
0
2818
1244
0
0
0
0
0
0
892
3208
0
0
0
0
0
0
2822
1240
0
0
0
0
0
0
892
3209
0
0
0
0
0
0
2827
1235
0
0
0
0
0
0
891
3210
0
0
0
0
0
0
2832
1230
0
0
0
0
0
0
890
3210
0
0
0
0
0
0
2837
1225
0
0
0
0
0
0
889
3211
0
0
0
0
0
0
2842
1220
0
0
0
0
0
0
888
3212
0
0
0
0
0
0
2846
1216
0
0
0
0
0
0
888
3213
0
0
0
0
0
0
2851
1211
0
0
0
0
0
0
887
3214
0
0
0
0
0
0
2856
1206
0
0
0
0
0
0
886
3214
0
0
0
0
0
0
2861
1201
0
0
0
0
0
0
885
3215
0
0
0
0
0
0
2866
1197
0
0
0
0
0
0
884
3216
0
0
0
0
0
0
2870
1192
0
0
0
0
0
0
884
3217
0
0
0
0
0
0
2875
1187
0
0
0
0
0
0
883
3218
0
0
0
0
0
0
2880
1182
0
0
0
0
0
0
882
3218
0
0
0
0
0
0
2885
1178
0
0
0
0
0
0
881
3219
0
0
0
0
0
0
2889
1173
0
0
0
0
0
0
880
3220
0
0
0
0
0
0
2894
1168
0
0
0
0
0
0
880
3221
0
0
0
0
0
0
2899
1163
0
0
0
0
0
0
879
3222
0
0
0
0
0
0
2904
1159
0
0
0
0
0
0
878
3222
0
0
0
0
0
0
2908
1154
0
0
0
0
0
0
877
3223
0
0
0
0
0
0
2913
1149
0
0
0
0
0
0
876
3224
0
0
0
0
0
0
2918
1145
0
0
0
0
0
0
876
3225
0
0
0
0
0
0
2923
1140
0
0
0
0
0
0
875
3225
0
0
0
0
0
0
2927
1135
0
0
0
0
0
0
874
3226
0
0
0
0
0
0
2932
1131
0
0
0
0
0
0
873
3227
0
0
0
0
0
0
2937
1126
0
0
0
0
0
0
873
3228
0
0
0
0
0
0
2942
1121
0
0
0
0
0
0
872
3229
0
0
0
0
0
0
2946
1116
0
0
0
0
0
0
871
3229
0
0
0
0
0
0
2951
1112
0
0
0
0
0
0
870
3230
0
0
0
0
0
0
2956
1107
0
0
0
0
0
0
869
3231
0
0
0
0
0
0
2960
1102
0
0
0
0
0
0
869
3232
0
0
0
0
0
0
2965
1098
0
0
0
0
0
0
868
3232
0
0
0
0
0
0
2970
1093
0
0
0
0
0
0
867
3233
0
0
0
0
0
0
2974
1088
0
0
0
0
0
0
866
3234
0
0
0
0
0
0
2979
1084
0
0
0
0
0
0
866
3235
0
0
0
0
0
0
2984
1079
0
0
0
0
0
0
865
3236
0
0
0
0
0
0
2988
1075
0
0
0
0
0
0
864
3236
0
0
0
0
0
0
2993
1070
0
0
0
0
0
0
863
3237
0
0
0
0
0
0
2998
1065
0
0
0
0
0
0
862
3238
0
0
0
0
0
0
3002
1061
0
0
0
0
0
0
862
3239
0
0
0
0
0
0
3007
1056
0
0
0
0
0
0
861
3239
0
0
0
0
0
0
3012
1051
0
0
0
0
0
0
860
3240
0
0
0
0
0
0
3016
1047
0
0
0
0
0
0
859
3241
0
0
0
0
0
0
3021
1042
0
0
0
0
0
0
859
3242
0
0
0
0
0
0
3026
1038
0
0
0
0
0
0
858
3242
0
0
0
0
0
0
3030
1033
0
0
0
0
0
0
857
3243
0
0
0
0
0
0
3035
1028
0
0
0
0
0
0
856
3244
0
0
0
0
0
0
3040
1024
0
0
0
0
0
0
855
3245
0
0
0
0
0
0
3044
1019
0
0
0
0
0
0
855
3246
0
0
0
0
0
0
3049
1015
0
0
0
0
0
0
854
3246
0
0
0
0
0
0
3053
1010
0
0
0
0
0
0
853
3247
0
0
0
0
0
0
3058
1005
0
0
0
0
0
0
852
3248
0
0
0
0
0
0
3063
1001
0
0
0
0
0
0
852
3249
0
0
0
0
0
0
3067
996
0
0
0
0
0
0
851
3249
0
0
0
0
0
0
3072
992
0
0
0
0
0
0
850
3250
0
0
0
0
0
0
3076
987
0
0
0
0
0
0
849
3251
0
0
0
0
0
0
3081
983
0
0
0
0
0
0
849
3252
0
0
0
0
0
0
3086
978
0
0
0
0
0
0
848
3252
0
0
0
0
0
0
3090
973
0
0
0
0
0
0
847
3253
0
0
0
0
0
0
3095
969
0
0
0
0
0
0
846
3254
0
0
0
0
0
0
3099
964
0
0
0
0
0
0
846
3255
0
0
0
0
0
0
3104
960
0
0
0
0
0
0
845
3255
0
0
0
0
0
0
3108
955
0
0
0
0
0
0
844
3256
0
0
0
0
0
0
3113
951
0
0
0
0
0
0
843
3257
0
0
0
0
0
0
3117
946
0
0
0
0
0
0
843
3258
0
0
0
0
0
0
3122
942
0
0
0
0
0
0
842
3258
0
0
0
0
0
0
3127
937
0
0
0
0
0
0
841
3259
0
0
0
0
0
0
3131
933
0
0
0
0
0
0
840
3260
0
0
0
0
0
0
3136
928
0
0
0
0
0
0
839
3261
0
0
0
0
0
0
3140
924
0
0
0
0
0
0
839
3261
0
0
0
0
0
0
3145
919
0
0
0
0
0
0
838
3262
0
0
0
0
0
0
3149
915
0
0
0
0
0
0
837
3263
0
0
0
0
0
0
3154
910
0
0
0
0
0
0
836
3264
0
0
0
0
0
0
3158
906
0
0
0
0
0
0
836
3264
0
0
0
0
0
0
3163
901
0
0
0
0
0
0
835
3265
0
0
0
0
0
0
3167
897
0
0
0
0
0
0
834
3266
0
0
0
0
0
0
3172
892
0
0
0
0
0
0
833
3267
0
0
0
0
0
0
3176
888
0
0
0
0
0
0
833
3267
0
0
0
0
0
0
3181
883
0
0
0
0
0
0
832
3268
0
0
0
0
0
0
3185
879
0
0
0
0
0
0
831
3269
0
0
0
0
0
0
3190
874
0
0
0
0
0
0
830
3270
0
0
0
0
0
0
3194
870
0
0
0
0
0
0
830
3270
0
0
0
0
0
0
3199
865
0
0
0
0
0
0
829
3271
0
0
0
0
0
0
3203
861
0
0
0
0
0
0
828
3272
0
0
0
0
0
0
3208
857
0
0
0
0
0
0
827
3273
0
0
0
0
0
0
3212
852
0
0
0
0
0
0
827
3273
0
0
0
0
0
0
3217
848
0
0
0
0
0
0
826
3274
0
0
0
0
0
0
3221
843
0
0
0
0
0
0
825
3275
0
0
0
0
0
0
3226
839
0
0
0
0
0
0
825
3276
0
0
0
0
0
0
3230
834
0
0
0
0
0
0
824
3276
0
0
0
0
0
0
3234
830
0
0
0
0
0
0
823
3277
0
0
0
0
0
0
3239
826
0
0
0
0
0
0
822
3278
0
0
0
0
0
0
3243
821
0
0
0
0
0
0
822
3278
0
0
0
0
0
0
3248
817
0
0
0
0
0
0
821
3279
0
0
0
0
0
0
3252
812
0
0
0
0
0
0
820
3280
0
0
0
0
0
0
3257
808
0
0
0
0
0
0
819
3281
0
0
0
0
0
0
3261
804
0
0
0
0
0
0
819
3281
0
0
0
0
0
0
3266
799
0
0
0
0
0
0
818
3282
0
0
0
0
0
0
3270
795
0
0
0
0
0
0
817
3283
0
0
0
0
0
0
3274
790
0
0
0
0
0
0
816
3284
0
0
0
0
0
0
3279
786
0
0
0
0
0
0
816
3284
0
0
0
0
0
0
3283
782
0
0
0
0
0
0
815
3285
0
0
0
0
0
0
3288
777
0
0
0
0
0
0
814
3286
0
0
0
0
0
0
3292
773
0
0
0
0
0
0
813
3287
0
0
0
0
0
0
3296
768
0
0
0
0
0
0
813
3287
0
0
0
0
0
0
3301
764
0
0
0
0
0
0
812
3288
0
0
0
0
0
0
3305
760
0
0
0
0
0
0
811
3289
0
0
0
0
0
0
3310
755
0
0
0
0
0
0
811
3289
0
0
0
0
0
0
3314
751
0
0
0
0
0
0
810
3290
0
0
0
0
0
0
3318
747
0
0
0
0
0
0
809
3291
0
0
0
0
0
0
3323
742
0
0
0
0
0
0
808
3292
0
0
0
0
0
0
3327
738
0
0
0
0
0
0
808
3292
0
0
0
0
0
0
3331
734
0
0
0
0
0
0
807
3293
0
0
0
0
0
0
3336
729
0
0
0
0
0
0
806
3294
0
0
0
0
0
0
3340
725
0
0
0
0
0
0
805
3294
0
0
0
0
0
0
3344
721
0
0
0
0
0
0
805
3295
0
0
0
0
0
0
3349
716
0
0
0
0
0
0
804
3296
0
0
0
0
0
0
3353
712
0
0
0
0
0
0
803
3297
0
0
0
0
0
0
3357
708
0
0
0
0
0
0
803
3297
0
0
0
0
0
0
3362
703
0
0
0
0
0
0
802
3298
0
0
0
0
0
0
3366
699
0
0
0
0
0
0
801
3299
0
0
0
0
0
0
3370
695
0
0
0
0
0
0
800
3300
0
0
0
0
0
0
3375
691
0
0
0
0
0
0
800
3300
0
0
0
0
0
0
3379
686
0
0
0
0
0
0
799
3301
0
0
0
0
0
0
3383
682
0
0
0
0
0
0
798
3302
0
0
0
0
0
0
3388
678
0
0
0
0
0
0
798
3302
0
0
0
0
0
0
3392
673
0
0
0
0
0
0
797
3303
0
0
0
0
0
0
3396
669
0
0
0
0
0
0
796
3304
0
0
0
0
0
0
3401
665
0
0
0
0
0
0
795
3305
0
0
0
0
0
0
3405
661
0
0
0
0
0
0
795
3305
0
0
0
0
0
0
3409
656
0
0
0
0
0
0
794
3306
0
0
0
0
0
0
3414
652
0
0
0
0
0
0
793
3307
0
0
0
0
0
0
3418
648
0
0
0
0
0
0
793
3307
0
0
0
0
0
0
3422
644
0
0
0
0
0
0
792
3308
0
0
0
0
0
0
3426
639
0
0
0
0
0
0
791
3309
0
0
0
0
0
0
3431
635
0
0
0
0
0
0
790
3309
0
0
0
0
0
0
3435
631
0
0
0
0
0
0
790
3310
0
0
0
0
0
0
3439
627
0
0
0
0
0
0
789
3311
0
0
0
0
0
0
3443
622
0
0
0
0
0
0
788
3312
0
0
0
0
0
0
3448
618
0
0
0
0
0
0
788
3312
0
0
0
0
0
0
3452
614
0
0
0
0
0
0
787
3313
0
0
0
0
0
0
3456
610
0
0
0
0
0
0
786
3314
0
0
0
0
0
0
3460
605
0
0
0
0
0
0
785
3314
0
0
0
0
0
0
3465
601
0
0
0
0
0
0
785
3315
0
0
0
0
0
0
3469
597
0
0
0
0
0
0
784
3316
0
0
0
0
0
0
3473
593
0
0
0
0
0
0
783
3317
0
0
0
0
0
0
3477
589
0
0
0
0
0
0
783
3317
0
0
0
0
0
0
3482
584
0
0
0
0
0
0
782
3318
0
0
0
0
0
0
3486
580
0
0
0
0
0
0
781
3319
0
0
0
0
0
0
3490
576
0
0
0
0
0
0
781
3319
0
0
0
0
0
0
3494
572
0
0
0
0
0
0
780
3320
0
0
0
0
0
0
3498
568
0
0
0
0
0
0
779
3321
0
0
0
0
0
0
3503
563
0
0
0
0
0
0
778
3321
0
0
0
0
0
0
3507
559
0
0
0
0
0
0
778
3322
0
0
0
0
0
0
3511
555
0
0
0
0
0
0
777
3323
0
0
0
0
0
0
3515
551
0
0
0
0
0
0
776
3323
0
0
0
0
0
0
3519
547
0
0
0
0
0
0
776
3324
0
0
0
0
0
0
3524
543
0
0
0
0
0
0
775
3325
0
0
0
0
0
0
3528
538
0
0
0
0
0
0
774
3326
0
0
0
0
0
0
3532
534
0
0
0
0
0
0
774
3326
0
0
0
0
0
0
3536
530
0
0
0
0
0
0
773
3327
0
0
0
0
0
0
3540
526
0
0
0
0
0
0
772
3328
0
0
0
0
0
0
3545
522
0
0
0
0
0
0
771
3328
0
0
0
0
0
0
3549
518
0
0
0
0
0
0
771
3329
0
0
0
0
0
0
3553
514
0
0
0
0
0
0
770
3330
0
0
0
0
0
0
3557
509
0
0
0
0
0
0
769
3330
0
0
0
0
0
0
3561
505
0
0
0
0
0
0
769
3331
0
0
0
0
0
0
3565
501
0
0
0
0
0
0
768
3332
0
0
0
0
0
0
3570
497
0
0
0
0
0
0
767
3332
0
0
0
0
0
0
3574
493
0
0
0
0
0
0
767
3333
0
0
0
0
0
0
3578
489
0
0
0
0
0
0
766
3334
0
0
0
0
0
0
3582
485
0
0
0
0
0
0
765
3334
0
0
0
0
0
0
3586
481
0
0
0
0
0
0
765
3335
0
0
0
0
0
0
3590
476
0
0
0
0
0
0
764
3336
0
0
0
0
0
0
3594
472
0
0
0
0
0
0
763
3337
0
0
0
0
0
0
3598
468
0
0
0
0
0
0
762
3337
0
0
0
0
0
0
3603
464
0
0
0
0
0
0
762
3338
0
0
0
0
0
0
3607
460
0
0
0
0
0
0
761
3339
0
0
0
0
0
0
3611
456
0
0
0
0
0
0
760
3339
0
0
0
0
0
0
3615
452
0
0
0
0
0
0
760
3340
0
0
0
0
0
0
3619
448
0
0
0
0
0
0
759
3341
0
0
0
0
0
0
3623
444
0
0
0
0
0
0
758
3341
0
0
0
0
0
0
3627
440
0
0
0
0
0
0
758
3342
0
0
0
0
0
0
3631
436
0
0
0
0
0
0
757
3343
0
0
0
0
0
0
3635
432
0
0
0
0
0
0
756
3343
0
0
0
0
0
0
3639
427
0
0
0
0
0
0
756
3344
0
0
0
0
0
0
3644
423
0
0
0
0
0
0
755
3345
0
0
0
0
0
0
3648
419
0
0
0
0
0
0
754
3345
0
0
0
0
0
0
3652
415
0
0
0
0
0
0
754
3346
0
0
0
0
0
0
3656
411
0
0
0
0
0
0
753
3347
0
0
0
0
0
0
3660
407
0
0
0
0
0
0
752
3347
0
0
0
0
0
0
3664
403
0
0
0
0
0
0
752
3348
0
0
0
0
0
0
3668
399
0
0
0
0
0
0
751
3349
0
0
0
0
0
0
3672
395
0
0
0
0
0
0
750
3349
0
0
0
0
0
0
3676
391
0
0
0
0
0
0
750
3350
0
0
0
0
0
0
3680
387
0
0
0
0
0
0
749
3351
0
0
0
0
0
0
3684
383
0
0
0
0
0
0
748
3351
0
0
0
0
0
0
3688
379
0
0
0
0
0
0
748
3352
0
0
0
0
0
0
3692
375
0
0
0
0
0
0
747
3353
0
0
0
0
0
0
3696
371
0
0
0
0
0
0
746
3353
0
0
0
0
0
0
3700
367
0
0
0
0
0
0
746
3354
0
0
0
0
0
0
3704
363
0
0
0
0
0
0
745
3355
0
0
0
0
0
0
3708
359
0
0
0
0
0
0
744
3355
0
0
0
0
0
0
3712
355
0
0
0
0
0
0
744
3356
0
0
0
0
0
0
3716
351
0
0
0
0
0
0
743
3357
0
0
0
0
0
0
3720
347
0
0
0
0
0
0
742
3357
0
0
0
0
0
0
3724
343
0
0
0
0
0
0
742
3358
0
0
0
0
0
0
3728
339
0
0
0
0
0
0
741
3359
0
0
0
0
0
0
3732
335
0
0
0
0
0
0
740
3359
0
0
0
0
0
0
3736
331
0
0
0
0
0
0
740
3360
0
0
0
0
0
0
3740
327
0
0
0
0
0
0
739
3361
0
0
0
0
0
0
3744
323
0
0
0
0
0
0
738
3361
0
0
0
0
0
0
3748
319
0
0
0
0
0
0
738
3362
0
0
0
0
0
0
3752
315
0
0
0
0
0
0
737
3363
0
0
0
0
0
0
3756
311
0
0
0
0
0
0
736
3363
0
0
0
0
0
0
3760
307
0
0
0
0
0
0
736
3364
0
0
0
0
0
0
3764
303
0
0
0
0
0
0
735
3365
0
0
0
0
0
0
3768
299
0
0
0
0
0
0
734
3365
0
0
0
0
0
0
3772
295
0
0
0
0
0
0
734
3366
0
0
0
0
0
0
3776
292
0
0
0
0
0
0
733
3367
0
0
0
0
0
0
3780
288
0
0
0
0
0
0
732
3367
0
0
0
0
0
0
3784
284
0
0
0
0
0
0
732
3368
0
0
0
0
0
0
3788
280
0
0
0
0
0
0
731
3369
0
0
0
0
0
0
3792
276
0
0
0
0
0
0
730
3369
0
0
0
0
0
0
3796
272
0
0
0
0
0
0
730
3370
0
0
0
0
0
0
3800
268
0
0
0
0
0
0
729
3371
0
0
0
0
0
0
3804
264
0
0
0
0
0
0
728
3371
0
0
0
0
0
0
3808
260
0
0
0
0
0
0
728
3372
0
0
0
0
0
0
3812
256
0
0
0
0
0
0
727
3372
0
0
0
0
0
0
3816
252
0
0
0
0
0
0
726
3373
0
0
0
0
0
0
3820
248
0
0
0
0
0
0
726
3374
0
0
0
0
0
0
3824
245
0
0
0
0
0
0
725
3374
0
0
0
0
0
0
3827
241
0
0
0
0
0
0
724
3375
0
0
0
0
0
0
3831
237
0
0
0
0
0
0
724
3376
0
0
0
0
0
0
3835
233
0
0
0
0
0
0
723
3376
0
0
0
0
0
0
3839
229
0
0
0
0
0
0
722
3377
0
0
0
0
0
0
3843
225
0
0
0
0
0
0
722
3378
0
0
0
0
0
0
3847
221
0
0
0
0
0
0
721
3378
0
0
0
0
0
0
3851
217
0
0
0
0
0
0
720
3379
0
0
0
0
0
0
3855
214
0
0
0
0
0
0
720
3380
0
0
0
0
0
0
3859
210
0
0
0
0
0
0
719
3380
0
0
0
0
0
0
3863
206
0
0
0
0
0
0
719
3381
0
0
0
0
0
0
3866
202
0
0
0
0
0
0
718
3382
0
0
0
0
0
0
3870
198
0
0
0
0
0
0
717
3382
0
0
0
0
0
0
3874
194
0
0
0
0
0
0
717
3383
0
0
0
0
0
0
3878
190
0
0
0
0
0
0
716
3383
0
0
0
0
0
0
3882
187
0
0
0
0
0
0
715
3384
0
0
0
0
0
0
3886
183
0
0
0
0
0
0
715
3385
0
0
0
0
0
0
3890
179
0
0
0
0
0
0
714
3385
0
0
0
0
0
0
3894
175
0
0
0
0
0
0
713
3386
0
0
0
0
0
0
3897
171
0
0
0
0
0
0
713
3387
0
0
0
0
0
0
3901
167
0
0
0
0
0
0
712
3387
0
0
0
0
0
0
3905
164
0
0
0
0
0
0
711
3388
0
0
0
0
0
0
3909
160
0
0
0
0
0
0
711
3389
0
0
0
0
0
0
3913
156
0
0
0
0
0
0
710
3389
0
0
0
0
0
0
3917
152
0
0
0
0
0
0
710
3390
0
0
0
0
0
0
3920
148
0
0
0
0
0
0
709
3390
0
0
0
0
0
0
3924
144
0
0
0
0
0
0
708
3391
0
0
0
0
0
0
3928
141
0
0
0
0
0
0
708
3392
0
0
0
0
0
0
3932
137
0
0
0
0
0
0
707
3392
0
0
0
0
0
0
3936
133
0
0
0
0
0
0
706
3393
0
0
0
0
0
0
3940
129
0
0
0
0
0
0
706
3394
0
0
0
0
0
0
3943
125
0
0
0
0
0
0
705
3394
0
0
0
0
0
0
3947
122
0
0
0
0
0
0
704
3395
0
0
0
0
0
0
3951
118
0
0
0
0
0
0
704
3396
0
0
0
0
0
0
3955
114
0
0
0
0
0
0
703
3396
0
0
0
0
0
0
3959
110
0
0
0
0
0
0
703
3397
0
0
0
0
0
0
3962
107
0
0
0
0
0
0
702
3397
0
0
0
0
0
0
3966
103
0
0
0
0
0
0
701
3398
0
0
0
0
0
0
3970
99
0
0
0
0
0
0
701
3399
0
0
0
0
0
0
3974
95
0
0
0
0
0
0
700
3399
0
0
0
0
0
0
3978
92
0
0
0
0
0
0
699
3400
0
0
0
0
0
0
3981
88
0
0
0
0
0
0
699
3401
0
0
0
0
0
0
3985
84
0
0
0
0
0
0
698
3401
0
0
0
0
0
0
3989
80
0
0
0
0
0
0
698
3402
0
0
0
0
0
0
3993
77
0
0
0
0
0
0
697
3402
0
0
0
0
0
0
3996
73
0
0
0
0
0
0
696
3403
0
0
0
0
0
0
4000
69
0
0
0
0
0
0
696
3404
0
0
0
0
0
0
4004
65
0
0
0
0
0
0
695
3404
0
0
0
0
0
0
4008
62
0
0
0
0
0
0
694
3405
0
0
0
0
0
0
4011
58
0
0
0
0
0
0
694
3406
0
0
0
0
0
0
4015
54
0
0
0
0
0
0
693
3406
0
0
0
0
0
0
4019
50
0
0
0
0
0
0
693
3407
0
0
0
0
0
0
4023
47
0
0
0
0
0
0
692
3407
0
0
0
0
0
0
4026
43
0
0
0
0
0
0
691
3408
0
0
0
0
0
0
4030
39
0
0
0
0
0
0
691
3409
0
0
0
0
0
0
4034
36
0
0
0
0
0
0
690
3409
0
0
0
0
0
0
4038
32
0
0
0
0
0
0
689
3410
0
0
0
0
0
0
4041
28
0
0
0
0
0
0
689
3410
0
0
0
0
0
0
4045
24
0
0
0
0
0
0
688
3411
0
0
0
0
0
0
4049
21
0
0
0
0
0
0
688
3412
0
0
0
0
0
0
4052
17
0
0
0
0
0
0
687
3412
0
0
0
0
0
0
4056
13
0
0
0
0
0
0
686
3413
0
0
0
0
0
0
4060
10
0
0
0
0
0
0
686
3414
0
0
0
0
0
0
4064
6
0
0
0
0
0
0
685
3414
0
0
0
0
0
0
4067
2
0
0
0
0
0
0
684
3415
0
0
0
0
0
0
4071
4095
0
0
0
0
0
0
684
3415
0
0
0
0
0
0
4075
4091
0
0
0
0
0
0
683
3416
0
0
0
0
0
0
4078
4087
0
0
0
0
0
0
683
3417
0
0
0
0
0
0
4082
4084
0
0
0
0
0
0
682
3417
0
0
0
0
0
0
4086
4080
0
0
0
0
0
0
681
3418
0
0
0
0
0
0
4089
4076
0
0
0
0
0
0
681
3418
0
0
0
0
0
0
4093
4073
0
0
0
0
0
0
680
3419
0
0
0
0
0
0
1
4069
0
0
0
0
0
0
680
3420
0
0
0
0
0
0
4
4065
0
0
0
0
0
0
679
3420
0
0
0
0
0
0
8
4062
0
0
0
0
0
0
678
3421
0
0
0
0
0
0
12
4058
0
0
0
0
0
0
678
3421
0
0
0
0
0
0
15
4054
0
0
0
0
0
0
677
3422
0
0
0
0
0
0
19
4051
0
0
0
0
0
0
677
3423
0
0
0
0
0
0
23
4047
0
0
0
0
0
0
676
3423
0
0
0
0
0
0
26
4044
0
0
0
0
0
0
675
3424
0
0
0
0
0
0
30
4040
0
0
0
0
0
0
675
3424
0
0
0
0
0
0
34
4036
0
0
0
0
0
0
674
3425
0
0
0
0
0
0
37
4033
0
0
0
0
0
0
673
3426
0
0
0
0
0
0
41
4029
0
0
0
0
0
0
673
3426
0
0
0
0
0
0
45
4025
0
0
0
0
0
0
672
3427
0
0
0
0
0
0
48
4022
0
0
0
0
0
0
672
3427
0
0
0
0
0
0
52
4018
0
0
0
0
0
0
671
3428
0
0
0
0
0
0
56
4015
0
0
0
0
0
0
670
3429
0
0
0
0
0
0
59
4011
0
0
0
0
0
0
670
3429
0
0
0
0
0
0
63
4007
0
0
0
0
0
0
669
3430
0
0
0
0
0
0
66
4004
0
0
0
0
0
0
669
3430
0
0
0
0
0
0
70
4000
0
0
0
0
0
0
668
3431
0
0
0
0
0
0
74
3997
0
0
0
0
0
0
667
3432
0
0
0
0
0
0
77
3993
0
0
0
0
0
0
667
3432
0
0
0
0
0
0
81
3989
0
0
0
0
0
0
666
3433
0
0
0
0
0
0
84
3986
0
0
0
0
0
0
666
3433
0
0
0
0
0
0
88
3982
0
0
0
0
0
0
665
3434
0
0
0
0
0
0
92
3979
0
0
0
0
0
0
664
3435
0
0
0
0
0
0
95
3975
0
0
0
0
0
0
664
3435
0
0
0
0
0
0
99
3972
0
0
0
0
0
0
663
3436
0
0
0
0
0
0
102
3968
0
0
0
0
0
0
663
3436
0
0
0
0
0
0
106
3964
0
0
0
0
0
0
662
3437
0
0
0
0
0
0
110
3961
0
0
0
0
0
0
661
3438
0
0
0
0
0
0
113
3957
0
0
0
0
0
0
661
3438
0
0
0
0
0
0
117
3954
0
0
0
0
0
0
660
3439
0
0
0
0
0
0
120
3950
0
0
0
0
0
0
660
3439
0
0
0
0
0
0
124
3947
0
0
0
0
0
0
659
3440
0
0
0
0
0
0
127
3943
0
0
0
0
0
0
658
3441
0
0
0
0
0
0
131
3940
0
0
0
0
0
0
658
3441
0
0
0
0
0
0
134
3936
0
0
0
0
0
0
657
3442
0
0
0
0
0
0
138
3933
0
0
0
0
0
0
657
3442
0
0
0
0
0
0
142
3929
0
0
0
0
0
0
656
3443
0
0
0
0
0
0
145
3926
0
0
0
0
0
0
656
3443
0
0
0
0
0
0
149
3922
0
0
0
0
0
0
655
3444
0
0
0
0
0
0
152
3919
0
0
0
0
0
0
654
3445
0
0
0
0
0
0
156
3915
0
0
0
0
0
0
654
3445
0
0
0
0
0
0
159
3912
0
0
0
0
0
0
653
3446
0
0
0
0
0
0
163
3908
0
0
0
0
0
0
653
3446
0
0
0
0
0
0
166
3904
0
0
0
0
0
0
652
3447
0
0
0
0
0
0
170
3901
0
0
0
0
0
0
651
3448
0
0
0
0
0
0
173
3897
0
0
0
0
0
0
651
3448
0
0
0
0
0
0
177
3894
0
0
0
0
0
0
650
3449
0
0
0
0
0
0
180
3891
0
0
0
0
0
0
650
3449
0
0
0
0
0
0
184
3887
0
0
0
0
0
0
649
3450
0
0
0
0
0
0
187
3884
0
0
0
0
0
0
649
3450
0
0
0
0
0
0
191
3880
0
0
0
0
0
0
648
3451
0
0
0
0
0
0
194
3877
0
0
0
0
0
0
647
3452
0
0
0
0
0
0
198
3873
0
0
0
0
0
0
647
3452
0
0
0
0
0
0
201
3870
0
0
0
0
0
0
646
3453
0
0
0
0
0
0
205
3866
0
0
0
0
0
0
646
3453
0
0
0
0
0
0
208
3863
0
0
0
0
0
0
645
3454
0
0
0
0
0
0
212
3859
0
0
0
0
0
0
644
3455
0
0
0
0
0
0
215
3856
0
0
0
0
0
0
644
3455
0
0
0
0
0
0
219
3852
0
0
0
0
0
0
643
3456
0
0
0
0
0
0
222
3849
0
0
0
0
0
0
643
3456
0
0
0
0
0
0
226
3845
0
0
0
0
0
0
642
3457
0
0
0
0
0
0
229
3842
0
0
0
0
0
0
642
3457
0
0
0
0
0
0
233
3838
0
0
0
0
0
0
641
3458
0
0
0
0
0
0
236
3835
0
0
0
0
0
0
640
3459
0
0
0
0
0
0
240
3832
0
0
0
0
0
0
640
3459
0
0
0
0
0
0
243
3828
0
0
0
0
0
0
639
3460
0
0
0
0
0
0
247
3825
0
0
0
0
0
0
639
3460
0
0
0
0
0
0
250
3821
0
0
0
0
0
0
638
3461
0
0
0
0
0
0
253
3818
0
0
0
0
0
0
638
3461
0
0
0
0
0
0
257
3814
0
0
0
0
0
0
637
3462
0
0
0
0
0
0
260
3811
0
0
0
0
0
0
636
3463
0
0
0
0
0
0
264
3808
0
0
0
0
0
0
636
3463
0
0
0
0
0
0
267
3804
0
0
0
0
0
0
635
3464
0
0
0
0
0
0
271
3801
0
0
0
0
0
0
635
3464
0
0
0
0
0
0
274
3797
0
0
0
0
0
0
634
3465
0
0
0
0
0
0
278
3794
0
0
0
0
0
0
634
3465
0
0
0
0
0
0
281
3791
0
0
0
0
0
0
633
3466
0
0
0
0
0
0
284
3787
0
0
0
0
0
0
632
3467
0
0
0
0
0
0
288
3784
0
0
0
0
0
0
632
3467
0
0
0
0
0
0
291
3780
0
0
0
0
0
0
631
3468
0
0
0
0
0
0
295
3777
0
0
0
0
0
0
631
3468
0
0
0
0
0
0
298
3774
0
0
0
0
0
0
630
3469
0
0
0
0
0
0
301
3770
0
0
0
0
0
0
630
3469
0
0
0
0
0
0
305
3767
0
0
0
0
0
0
629
3470
0
0
0
0
0
0
308
3763
0
0
0
0
0
0
628
3470
0
0
0
0
0
0
312
3760
0
0
0
0
0
0
628
3471
0
0
0
0
0
0
315
3757
0
0
0
0
0
0
627
3472
0
0
0
0
0
0
318
3753
0
0
0
0
0
0
627
3472
0
0
0
0
0
0
322
3750
0
0
0
0
0
0
626
3473
0
0
0
0
0
0
325
3747
0
0
0
0
0
0
626
3473
0
0
0
0
0
0
329
3743
0
0
0
0
0
0
625
3474
0
0
0
0
0
0
332
3740
0
0
0
0
0
0
624
3474
0
0
0
0
0
0
335
3737
0
0
0
0
0
0
624
3475
0
0
0
0
0
0
339
3733
0
0
0
0
0
0
623
3476
0
0
0
0
0
0
342
3730
0
0
0
0
0
0
623
3476
0
0
0
0
0
0
345
3727
0
0
0
0
0
0
622
3477
0
0
0
0
0
0
349
3723
0
0
0
0
0
0
622
3477
0
0
0
0
0
0
352
3720
0
0
0
0
0
0
621
3478
0
0
0
0
0
0
355
3716
0
0
0
0
0
0
621
3478
0
0
0
0
0
0
359
3713
0
0
0
0
0
0
620
3479
0
0
0
0
0
0
362
3710
0
0
0
0
0
0
619
3479
0
0
0
0
0
0
366
3706
0
0
0
0
0
0
619
3480
0
0
0
0
0
0
369
3703
0
0
0
0
0
0
618
3481
0
0
0
0
0
0
372
3700
0
0
0
0
0
0
618
3481
0
0
0
0
0
0
376
3697
0
0
0
0
0
0
617
3482
0
0
0
0
0
0
379
3693
0
0
0
0
0
0
617
3482
0
0
0
0
0
0
382
3690
0
0
0
0
0
0
616
3483
0
0
0
0
0
0
386
3687
0
0
0
0
0
0
616
3483
0
0
0
0
0
0
389
3683
0
0
0
0
0
0
615
3484
0
0
0
0
0
0
392
3680
0
0
0
0
0
0
614
3484
0
0
0
0
0
0
396
3677
0
0
0
0
0
0
614
3485
0
0
0
0
0
0
399
3673
0
0
0
0
0
0
613
3485
0
0
0
0
0
0
402
3670
0
0
0
0
0
0
613
3486
0
0
0
0
0
0
405
3667
0
0
0
0
0
0
612
3487
0
0
0
0
0
0
409
3664
0
0
0
0
0
0
612
3487
0
0
0
0
0
0
412
3660
0
0
0
0
0
0
611
3488
0
0
0
0
0
0
415
3657
0
0
0
0
0
0
611
3488
0
0
0
0
0
0
419
3654
0
0
0
0
0
0
610
3489
0
0
0
0
0
0
422
3650
0
0
0
0
0
0
609
3489
0
0
0
0
0
0
425
3647
0
0
0
0
0
0
609
3490
0
0
0
0
0
0
429
3644
0
0
0
0
0
0
608
3490
0
0
0
0
0
0
432
3641
0
0
0
0
0
0
608
3491
0
0
0
0
0
0
435
3637
0
0
0
0
0
0
607
3491
0
0
0
0
0
0
438
3634
0
0
0
0
0
0
607
3492
0
0
0
0
0
0
442
3631
0
0
0
0
0
0
606
3493
0
0
0
0
0
0
445
3628
0
0
0
0
0
0
606
3493
0
0
0
0
0
0
448
3624
0
0
0
0
0
0
605
3494
0
0
0
0
0
0
452
3621
0
0
0
0
0
0
605
3494
0
0
0
0
0
0
455
3618
0
0
0
0
0
0
604
3495
0
0
0
0
0
0
458
3615
0
0
0
0
0
0
603
3495
0
0
0
0
0
0
461
3611
0
0
0
0
0
0
603
3496
0
0
0
0
0
0
465
3608
0
0
0
0
0
0
602
3496
0
0
0
0
0
0
468
3605
0
0
0
0
0
0
602
3497
0
0
0
0
0
0
471
3602
0
0
0
0
0
0
601
3497
0
0
0
0
0
0
474
3598
0
0
0
0
0
0
601
3498
0
0
0
0
0
0
478
3595
0
0
0
0
0
0
600
3498
0
0
0
0
0
0
481
3592
0
0
0
0
0
0
600
3499
0
0
0
0
0
0
484
3589
0
0
0
0
0
0
599
3500
0
0
0
0
0
0
487
3585
0
0
0
0
0
0
599
3500
0
0
0
0
0
0
491
3582
0
0
0
0
0
0
598
3501
0
0
0
0
0
0
494
3579
0
0
0
0
0
0
598
3501
0
0
0
0
0
0
497
3576
0
0
0
0
0
0
597
3502
0
0
0
0
0
0
500
3573
0
0
0
0
0
0
596
3502
0
0
0
0
0
0
503
3569
0
0
0
0
0
0
596
3503
0
0
0
0
0
0
507
3566
0
0
0
0
0
0
595
3503
0
0
0
0
0
0
510
3563
0
0
0
0
0
0
595
3504
0
0
0
0
0
0
513
3560
0
0
0
0
0
0
594
3504
0
0
0
0
0
0
516
3557
0
0
0
0
0
0
594
3505
0
0
0
0
0
0
520
3553
0
0
0
0
0
0
593
3505
0
0
0
0
0
0
523
3550
0
0
0
0
0
0
593
3506
0
0
0
0
0
0
526
3547
0
0
0
0
0
0
592
3506
0
0
0
0
0
0
529
3544
0
0
0
0
0
0
592
3507
0
0
0
0
0
0
532
3541
0
0
0
0
0
0
591
3508
0
0
0
0
0
0
536
3538
0
0
0
0
0
0
591
3508
0
0
0
0
0
0
539
3534
0
0
0
0
0
0
590
3509
0
0
0
0
0
0
