0
4095
0
0
0
0
0
0
0
4095
0
0
0
0
0
0
0
4095
0
0
0
0
0
0
0
4095
0
0
0
0
0
0
0
4095
0
0
0
0
0
0
0
4095
0
0
0
0
0
0
0
4095
0
0
0
0
0
0
0
4095
0
0
0
0
0
0
0
4095
0
0
0
0
0
0
0
4095
0
0
0
0
0
0
0
4095
0
0
0
0
0
0
0
4095
0
0
0
0
0
0
0
4095
0
0
0
0
0
0
0
4095
0
0
0
0
0
0
0
4095
0
0
0
0
0
0
0
4095
0
0
0
0
0
0
0
4095
0
0
0
0
0
0
0
4095
0
0
0
0
0
0
0
4095
0
0
0
0
0
0
0
4095
0
0
0
0
0
0
0
4095
0
0
0
0
0
0
0
4095
0
0
0
0
0
0
0
4095
0
0
0
0
0
0
0
4091
0
0
0
0
0
0
5
4084
0
0
0
0
0
0
11
4084
0
0
0
0
0
0
5
4087
0
0
0
0
0
0
6
4083
0
0
0
0
0
0
12
4084
0
0
0
0
0
0
5
4090
0
0
0
0
0
0
0
4085
0
0
0
0
0
0
12
4082
0
0
0
0
0
0
7
4090
0
0
0
0
0
0
4094
4084
0
0
0
0
0
0
12
4079
0
0
0
0
0
0
10
4094
0
0
0
0
0
0
4083
4092
0
0
0
0
0
0
14
4076
0
0
0
0
0
0
18
4094
0
0
0
0
0
0
4077
4094
0
0
0
0
0
0
15
4067
0
0
0
0
0
0
33
4090
0
0
0
0
0
0
4069
8
0
0
0
0
0
0
4
4068
0
0
0
0
0
0
41
4089
0
0
0
0
0
0
4062
20
0
0
0
0
0
0
4086
4067
0
0
0
0
0
0
55
4083
0
0
0
0
0
0
4065
27
0
0
0
0
0
0
4070
4065
0
0
0
0
0
0
76
4066
0
0
0
0
0
0
4072
35
0
0
0
0
0
0
4047
4071
0
0
0
0
0
0
84
4052
0
0
0
0
0
0
4092
40
0
0
0
0
0
0
4020
4079
0
0
0
0
0
0
94
4030
0
0
0
0
0
0
23
41
0
0
0
0
0
0
3992
1
0
0
0
0
0
0
88
4016
0
0
0
0
0
0
51
42
0
0
0
0
0
0
3966
21
0
0
0
0
0
0
78
3995
0
0
0
0
0
0
99
27
0
0
0
0
0
0
3944
52
0
0
0
0
0
0
45
3991
0
0
0
0
0
0
141
14
0
0
0
0
0
0
3933
80
0
0
0
0
0
0
5
3989
0
0
0
0
0
0
180
4086
0
0
0
0
0
0
3941
105
0
0
0
0
0
0
4049
3990
0
0
0
0
0
0
228
4047
0
0
0
0
0
0
3962
130
0
0
0
0
0
0
3983
4006
0
0
0
0
0
0
259
4006
0
0
0
0
0
0
4007
144
0
0
0
0
0
0
3915
4034
0
0
0
0
0
0
274
3965
0
0
0
0
0
0
4064
154
0
0
0
0
0
0
3844
4074
0
0
0
0
0
0
270
3924
0
0
0
0
0
0
44
150
0
0
0
0
0
0
3781
26
0
0
0
0
0
0
246
3885
0
0
0
0
0
0
134
131
0
0
0
0
0
0
3730
83
0
0
0
0
0
0
193
3855
0
0
0
0
0
0
237
93
0
0
0
0
0
0
3703
144
0
0
0
0
0
0
112
3844
0
0
0
0
0
0
338
41
0
0
0
0
0
0
3695
210
0
0
0
0
0
0
7
3847
0
0
0
0
0
0
427
4071
0
0
0
0
0
0
3728
258
0
0
0
0
0
0
3982
3868
0
0
0
0
0
0
503
3995
0
0
0
0
0
0
3791
304
0
0
0
0
0
0
3842
3917
0
0
0
0
0
0
556
3908
0
0
0
0
0
0
3891
327
0
0
0
0
0
0
3707
3980
0
0
0
0
0
0
571
3830
0
0
0
0
0
0
4020
332
0
0
0
0
0
0
3572
4066
0
0
0
0
0
0
548
3750
0
0
0
0
0
0
85
307
0
0
0
0
0
0
3464
67
0
0
0
0
0
0
480
3686
0
0
0
0
0
0
263
255
0
0
0
0
0
0
3388
174
0
0
0
0
0
0
361
3649
0
0
0
0
0
0
440
181
0
0
0
0
0
0
3350
283
0
0
0
0
0
0
207
3630
0
0
0
0
0
0
618
76
0
0
0
0
0
0
3364
383
0
0
0
0
0
0
13
3649
0
0
0
0
0
0
770
4054
0
0
0
0
0
0
3429
475
0
0
0
0
0
0
3890
3700
0
0
0
0
0
0
890
3916
0
0
0
0
0
0
3556
537
0
0
0
0
0
0
3656
3789
0
0
0
0
0
0
957
3777
0
0
0
0
0
0
3737
568
0
0
0
0
0
0
3431
3905
0
0
0
0
0
0
965
3644
0
0
0
0
0
0
3966
560
0
0
0
0
0
0
3224
4049
0
0
0
0
0
0
909
3525
0
0
0
0
0
0
134
513
0
0
0
0
0
0
3057
116
0
0
0
0
0
0
782
3432
0
0
0
0
0
0
418
422
0
0
0
0
0
0
2947
290
0
0
0
0
0
0
582
3377
0
0
0
0
0
0
704
292
0
0
0
0
0
0
2899
459
0
0
0
0
0
0
328
3362
0
0
0
0
0
0
973
126
0
0
0
0
0
0
2936
617
0
0
0
0
0
0
15
3406
0
0
0
0
0
0
1199
4031
0
0
0
0
0
0
3059
743
0
0
0
0
0
0
3770
3495
0
0
0
0
0
0
1366
3822
0
0
0
0
0
0
3264
830
0
0
0
0
0
0
3421
3634
0
0
0
0
0
0
1453
3612
0
0
0
0
0
0
3552
863
0
0
0
0
0
0
3086
3818
0
0
0
0
0
0
1451
3418
0
0
0
0
0
0
3895
846
0
0
0
0
0
0
2790
4036
0
0
0
0
0
0
1347
3251
0
0
0
0
0
0
193
764
0
0
0
0
0
0
2556
186
0
0
0
0
0
0
1142
3128
0
0
0
0
0
0
607
623
0
0
0
0
0
0
2408
434
0
0
0
0
0
0
848
3051
0
0
0
0
0
0
1023
420
0
0
0
0
0
0
2365
675
0
0
0
0
0
0
463
3050
0
0
0
0
0
0
1393
182
0
0
0
0
0
0
2434
890
0
0
0
0
0
0
16
3116
0
0
0
0
0
0
1704
4002
0
0
0
0
0
0
2622
1060
0
0
0
0
0
0
3635
3251
0
0
0
0
0
0
1925
3709
0
0
0
0
0
0
2926
1170
0
0
0
0
0
0
3148
3456
0
0
0
0
0
0
2028
3425
0
0
0
0
0
0
3327
1213
0
0
0
0
0
0
2688
3717
0
0
0
0
0
0
2011
3157
0
0
0
0
0
0
3814
1175
0
0
0
0
0
0
2291
4021
0
0
0
0
0
0
1856
2931
0
0
0
0
0
0
266
1049
0
0
0
0
0
0
1987
255
0
0
0
0
0
0
1564
2769
0
0
0
0
0
0
831
847
0
0
0
0
0
0
1799
596
0
0
0
0
0
0
1145
2687
0
0
0
0
0
0
1377
575
0
0
0
0
0
0
1755
915
0
0
0
0
0
0
628
2685
0
0
0
0
0
0
1875
242
0
0
0
0
0
0
1863
1197
0
0
0
0
0
0
26
2786
0
0
0
0
0
0
2274
3969
0
0
0
0
0
0
2132
1414
0
0
0
0
0
0
3485
2974
0
0
0
0
0
0
2556
3580
0
0
0
0
0
0
2546
1552
0
0
0
0
0
0
2842
3254
0
0
0
0
0
0
2679
3206
0
0
0
0
0
0
3085
1597
0
0
0
0
0
0
2248
3602
0
0
0
0
0
0
2636
2865
0
0
0
0
0
0
3731
1535
0
0
0
0
0
0
1738
4004
0
0
0
0
0
0
2418
2577
0
0
0
0
0
0
342
1365
0
0
0
0
0
0
1360
336
0
0
0
0
0
0
2027
2379
0
0
0
0
0
0
1069
1100
0
0
0
0
0
0
1127
777
0
0
0
0
0
0
1475
2281
0
0
0
0
0
0
1769
740
0
0
0
0
0
0
1090
1180
0
0
0
0
0
0
800
2295
0
0
0
0
0
0
2392
312
0
0
0
0
0
0
1248
1530
0
0
0
0
0
0
32
2429
0
0
0
0
0
0
2899
3931
0
0
0
0
0
0
1594
1805
0
0
0
0
0
0
3313
2684
0
0
0
0
0
0
3231
3448
0
0
0
0
0
0
2131
1967
0
0
0
0
0
0
2511
3038
0
0
0
0
0
0
3378
2973
0
0
0
0
0
0
2821
2014
0
0
0
0
0
0
1770
3481
0
0
0
0
0
0
3312
2545
0
0
0
0
0
0
3636
1925
0
0
0
0
0
0
1145
3984
0
0
0
0
0
0
3023
2199
0
0
0
0
0
0
428
1703
0
0
0
0
0
0
680
427
0
0
0
0
0
0
2523
1958
0
0
0
0
0
0
1328
1363
0
0
0
0
0
0
414
968
0
0
0
0
0
0
1826
1851
0
0
0
0
0
0
2187
916
0
0
0
0
0
0
381
1463
0
0
0
0
0
0
987
1875
0
0
0
0
0
0
2951
379
0
0
0
0
0
0
585
1890
0
0
0
0
0
0
39
2051
0
0
0
0
0
0
3551
3897
0
0
0
0
0
0
1029
2214
0
0
0
0
0
0
3140
2366
0
0
0
0
0
0
3957
3295
0
0
0
0
0
0
1696
2403
0
0
0
0
0
0
2164
2806
0
0
0
0
0
0
20
2723
0
0
0
0
0
0
2549
2448
0
0
0
0
0
0
1271
3354
0
0
0
0
0
0
4012
2218
0
0
0
0
0
0
3539
2329
0
0
0
0
0
0
527
3965
0
0
0
0
0
0
3651
1807
0
0
0
0
0
0
510
2062
0
0
0
0
0
0
4071
523
0
0
0
0
0
0
3032
1526
0
0
0
0
0
0
1598
1640
0
0
0
0
0
0
3765
1167
0
0
0
0
0
0
2193
1404
0
0
0
0
0
0
2619
1095
0
0
0
0
0
0
3744
1756
0
0
0
0
0
0
1180
1444
0
0
0
0
0
0
3522
455
0
0
0
0
0
0
3999
2262
0
0
0
0
0
0
45
1664
0
0
0
0
0
0
130
3858
0
0
0
0
0
0
445
2638
0
0
0
0
0
0
2961
2046
0
0
0
0
0
0
592
3148
0
0
0
0
0
0
1249
2854
0
0
0
0
0
0
1806
2580
0
0
0
0
0
0
763
2478
0
0
0
0
0
0
2263
2896
0
0
0
0
0
0
759
3227
0
0
0
0
0
0
633
1881
0
0
0
0
0
0
3438
2745
0
0
0
0
0
0
3993
3946
0
0
0
0
0
0
196
1402
0
0
0
0
0
0
601
2416
0
0
0
0
0
0
3359
615
0
0
0
0
0
0
3556
1083
0
0
0
0
0
0
1868
1918
0
0
0
0
0
0
3016
1369
0
0
0
0
0
0
2562
950
0
0
0
0
0
0
3060
1276
0
0
0
0
0
0
3000
2054
0
0
0
0
0
0
1372
1009
0
0
0
0
0
0
2
529
0
0
0
0
0
0
3314
2635
0
0
0
0
0
0
52
1273
0
0
0
0
0
0
809
3819
0
0
0
0
0
0
3957
3060
0
0
0
0
0
0
2782
1725
0
0
0
0
0
0
1324
3002
0
0
0
0
0
0
801
3301
0
0
0
0
0
0
1454
2344
0
0
0
0
0
0
1516
2226
0
0
0
0
0
0
1981
3341
0
0
0
0
0
0
253
3098
0
0
0
0
0
0
1344
1550
0
0
0
0
0
0
3336
3161
0
0
0
0
0
0
3361
3934
0
0
0
0
0
0
828
1005
0
0
0
0
0
0
689
2771
0
0
0
0
0
0
2651
711
0
0
0
0
0
0
4070
647
0
0
0
0
0
0
2137
2192
0
0
0
0
0
0
2276
1568
0
0
0
0
0
0
2926
502
0
0
0
0
0
0
3492
1454
0
0
0
0
0
0
2269
2346
0
0
0
0
0
0
1565
581
0
0
0
0
0
0
570
600
0
0
0
0
0
0
2645
2997
0
0
0
0
0
0
60
891
0
0
0
0
0
0
1470
3782
0
0
0
0
0
0
3387
3475
0
0
0
0
0
0
2607
1411
0
0
0
0
0
0
3972
272
0
0
0
0
0
0
484
1891
0
0
0
0
0
0
3821
3212
0
0
0
0
0
0
3842
3050
0
0
0
0
0
0
2443
999
0
0
0
0
0
0
384
2462
0
0
0
0
0
0
1420
1730
0
0
0
0
0
0
3261
3543
0
0
0
0
0
0
2734
3932
0
0
0
0
0
0
1443
619
0
0
0
0
0
0
2584
1749
0
0
0
0
0
0
2580
615
0
0
0
0
0
0
4092
2366
0
0
0
0
0
0
3715
1414
0
0
0
0
0
0
2191
1553
0
0
0
0
0
0
2808
2206
0
0
0
0
0
0
1131
578
0
0
0
0
0
0
2203
2416
0
0
0
0
0
0
1916
3643
0
0
0
0
0
0
36
1551
0
0
0
0
0
0
1796
3514
0
0
0
0
0
0
2315
1920
0
0
0
0
0
0
1486
3935
0
0
0
0
0
0
3319
1726
0
0
0
0
0
0
1122
2154
0
0
0
0
0
0
2105
2919
0
0
0
0
0
0
414
2026
0
0
0
0
0
0
3555
2949
0
0
0
0
0
0
2308
1954
0
0
0
0
0
0
1914
2047
0
0
0
0
0
0
2074
3896
0
0
0
0
0
0
2069
1117
0
0
0
0
0
0
2121
1102
0
0
0
0
0
0
3685
960
0
0
0
0
0
0
1486
1721
0
0
0
0
0
0
2871
1820
0
0
0
0
0
0
1816
797
0
0
0
0
0
0
491
1948
0
0
0
0
0
0
3953
1663
0
0
0
0
0
0
1524
1733
0
0
0
0
0
0
3138
1805
0
0
0
0
0
0
1514
741
0
0
0
0
0
0
1547
2679
0
0
0
0
0
0
1456
1918
0
0
0
0
0
0
1596
1496
0
0
0
0
0
0
2283
2913
0
0
0
0
0
0
680
3121
0
0
0
0
0
0
1507
274
0
0
0
0
0
0
2698
2189
0
0
0
0
0
0
945
1896
0
0
0
0
0
0
2732
2791
0
0
0
0
0
0
36
2406
0
0
0
0
0
0
3248
2756
0
0
0
0
0
0
2944
1741
0
0
0
0
0
0
1676
2423
0
0
0
0
0
0
1644
3789
0
0
0
0
0
0
746
77
0
0
0
0
0
0
461
1341
0
0
0
0
0
0
916
670
0
0
0
0
0
0
3619
754
0
0
0
0
0
0
2588
2406
0
0
0
0
0
0
1430
716
0
0
0
0
0
0
903
1599
0
0
0
0
0
0
80
1886
0
0
0
0
0
0
915
1899
0
0
0
0
0
0
3433
1441
0
0
0
0
0
0
1866
885
0
0
0
0
0
0
956
2920
0
0
0
0
0
0
3889
2944
0
0
0
0
0
0
2772
4027
0
0
0
0
0
0
1977
1615
0
0
0
0
0
0
2392
3054
0
0
0
0
0
0
2101
102
0
0
0
0
0
0
2370
2410
0
0
0
0
0
0
841
1620
0
0
0
0
0
0
3304
2668
0
0
0
0
0
0
3795
2744
0
0
0
0
0
0
2985
2574
0
0
0
0
0
0
3514
1547
0
0
0
0
0
0
1464
2756
0
0
0
0
0
0
2606
1881
0
0
0
0
0
0
725
272
0
0
0
0
0
0
293
1723
0
0
0
0
0
0
434
674
0
0
0
0
0
0
1911
1973
0
0
0
0
0
0
851
56
0
0
0
0
0
0
564
1072
0
0
0
0
0
0
1214
1332
0
0
0
0
0
0
263
2090
0
0
0
0
0
0
387
2045
0
0
0
0
0
0
3688
1128
0
0
0
0
0
0
2170
1009
0
0
0
0
0
0
1082
365
0
0
0
0
0
0
3447
3204
0
0
0
0
0
0
2944
163
0
0
0
0
0
0
1467
1905
0
0
0
0
0
0
2389
2798
0
0
0
0
0
0
270
2803
0
0
0
0
0
0
425
4019
0
0
0
0
0
0
359
1707
0
0
0
0
0
0
3722
2617
0
0
0
0
0
0
3495
3045
0
0
0
0
0
0
2748
2434
0
0
0
0
0
0
3990
1386
0
0
0
0
0
0
428
3675
0
0
0
0
0
0
3648
992
0
0
0
0
0
0
2772
2837
0
0
0
0
0
0
543
1727
0
0
0
0
0
0
103
620
0
0
0
0
0
0
2308
1724
0
0
0
0
0
0
2828
2888
0
0
0
0
0
0
1510
647
0
0
0
0
0
0
1315
519
0
0
0
0
0
0
628
2088
0
0
0
0
0
0
3900
2281
0
0
0
0
0
0
3908
863
0
0
0
0
0
0
183
258
0
0
0
0
0
0
3849
3938
0
0
0
0
0
0
3998
2593
0
0
0
0
0
0
4094
3622
0
0
0
0
0
0
1102
2105
0
0
0
0
0
0
2412
2572
0
0
0
0
0
0
638
2780
0
0
0
0
0
0
943
450
0
0
0
0
0
0
2624
3692
0
0
0
0
0
0
335
3004
0
0
0
0
0
0
3337
3218
0
0
0
0
0
0
2578
3028
0
0
0
0
0
0
284
3114
0
0
0
0
0
0
793
3635
0
0
0
0
0
0
917
3672
0
0
0
0
0
0
3473
2388
0
0
0
0
0
0
554
1879
0
0
0
0
0
0
3905
605
0
0
0
0
0
0
2614
1529
0
0
0
0
0
0
2870
1192
0
0
0
0
0
0
592
616
0
0
0
0
0
0
1805
841
0
0
0
0
0
0
541
2383
0
0
0
0
0
0
3703
2260
0
0
0
0
0
0
4069
662
0
0
0
0
0
0
1278
2998
0
0
0
0
0
0
2180
3734
0
0
0
0
0
0
1002
1577
0
0
0
0
0
0
3785
8
0
0
0
0
0
0
849
2233
0
0
0
0
0
0
2400
2425
0
0
0
0
0
0
912
2763
0
0
0
0
0
0
3908
2049
0
0
0
0
0
0
2080
3334
0
0
0
0
0
0
3833
2940
0
0
0
0
0
0
2982
3537
0
0
0
0
0
0
2414
2242
0
0
0
0
0
0
557
3022
0
0
0
0
0
0
553
3907
0
0
0
0
0
0
731
3631
0
0
0
0
0
0
3723
2269
0
0
0
0
0
0
520
2021
0
0
0
0
0
0
3689
601
0
0
0
0
0
0
2834
1390
0
0
0
0
0
0
2896
1312
0
0
0
0
0
0
1786
2654
0
0
0
0
0
0
1786
2929
0
0
0
0
0
0
362
1957
0
0
0
0
0
0
44
1777
0
0
0
0
0
0
4036
643
0
0
0
0
0
0
589
2740
0
0
0
0
0
0
3698
1669
0
0
0
0
0
0
605
1821
0
0
0
0
0
0
3867
87
0
0
0
0
0
0
651
2347
0
0
0
0
0
0
2401
2326
0
0
0
0
0
0
1082
2750
0
0
0
0
0
0
1905
3009
0
0
0
0
0
0
1955
3938
0
0
0
0
0
0
834
2150
0
0
0
0
0
0
3045
3508
0
0
0
0
0
0
2363
2167
0
0
0
0
0
0
93
3855
0
0
0
0
0
0
3372
1592
0
0
0
0
0
0
1235
3112
0
0
0
0
0
0
3973
2114
0
0
0
0
0
0
521
2085
0
0
0
0
0
0
3573
598
0
0
0
0
0
0
2951
1318
0
0
0
0
0
0
2909
1374
0
0
0
0
0
0
1666
2672
0
0
0
0
0
0
1873
2856
0
0
0
0
0
0
403
2001
0
0
0
0
0
0
4024
1811
0
0
0
0
0
0
4091
577
0
0
0
0
0
0
650
2760
0
0
0
0
0
0
3602
1708
0
0
0
0
0
0
629
1764
0
0
0
0
0
0
3937
93
0
0
0
0
0
0
574
2390
0
0
0
0
0
0
2401
2284
0
0
0
0
0
0
1156
2741
0
0
0
0
0
0
1844
3053
0
0
0
0
0
0
1941
3912
0
0
0
0
0
0
892
2135
0
0
0
0
0
0
3016
3538
0
0
0
0
0
0
2340
2154
0
0
0
0
0
0
136
3840
0
0
0
0
0
0
3354
1619
0
0
0
0
0
0
1208
3109
0
0
0
0
0
0
4003
2099
0
0
0
0
0
0
514
2103
0
0
0
0
0
0
3554
600
0
0
0
0
0
0
2967
1305
0
0
0
0
0
0
2913
1379
0
0
0
0
0
0
1654
2678
0
0
0
0
0
0
1873
2855
0
0
0
0
0
0
401
2000
0
0
0
0
0
0
4029
1811
0
0
0
0
0
0
4087
579
0
0
0
0
0
0
649
2752
0
0
0
0
0
0
3616
1706
0
0
0
0
0
0
625
1779
0
0
0
0
0
0
3917
86
0
0
0
0
0
0
605
2374
0
0
0
0
0
0
2404
2300
0
0
0
0
0
0
1120
2741
0
0
0
0
0
0
1878
3029
0
0
0
0
0
0
1953
3932
0
0
0
0
0
0
843
2143
0
0
0
0
0
0
3045
3507
0
0
0
0
0
0
2371
2175
0
0
0
0
0
0
72
3857
0
0
0
0
0
0
3382
1575
0
0
0
0
0
0
1258
3128
0
0
0
0
0
0
3925
2134
0
0
0
0
0
0
526
2052
0
0
0
0
0
0
3633
603
0
0
0
0
0
0
2885
1354
0
0
0
0
0
0
2902
1329
0
0
0
0
0
0
1751
2668
0
0
0
0
0
0
1800
2917
0
0
0
0
0
0
363
1953
0
0
0
0
0
0
55
1782
0
0
0
0
0
0
4026
659
0
0
0
0
0
0
565
2723
0
0
0
0
0
0
3751
1654
0
0
0
0
0
0
586
1863
0
0
0
0
0
0
3803
72
0
0
0
0
0
0
742
2299
0
0
0
0
0
0
2404
2379
0
0
0
0
0
0
980
2741
0
0
0
0
0
0
3871
2078
0
0
0
0
0
0
2073
3326
0
0
0
0
0
0
3850
2922
0
0
0
0
0
0
2985
3535
0
0
0
0
0
0
2426
2257
0
0
0
0
0
0
515
3028
0
0
0
0
0
0
574
3871
0
0
0
0
0
0
782
3658
0
0
0
0
0
0
3627
2307
0
0
0
0
0
0
536
1954
0
0
0
0
0
0
3800
618
0
0
0
0
0
0
2703
1469
0
0
0
0
0
0
2874
1224
0
0
0
0
0
0
540
637
0
0
0
0
0
0
1824
819
0
0
0
0
0
0
549
2370
0
0
0
0
0
0
3719
2269
0
0
0
0
0
0
4050
687
0
0
0
0
0
0
1238
2972
0
0
0
0
0
0
2264
3710
0
0
0
0
0
0
975
1645
0
0
0
0
0
0
3682
4080
0
0
0
0
0
0
990
2164
0
0
0
0
0
0
2402
2520
0
0
0
0
0
0
734
2758
0
0
0
0
0
0
4080
1929
0
0
0
0
0
0
2138
3449
0
0
0
0
0
0
3570
2979
0
0
0
0
0
0
3153
3365
0
0
0
0
0
0
2570
2348
0
0
0
0
0
0
219
1264
0
0
0
0
0
0
2979
1850
0
0
0
0
0
0
1372
3410
0
0
0
0
0
0
3387
2401
0
0
0
0
0
0
583
1776
0
0
0
0
0
0
4068
628
0
0
0
0
0
0
2428
1641
0
0
0
0
0
0
2834
2931
0
0
0
0
0
0
1438
678
0
0
0
0
0
0
1340
491
0
0
0
0
0
0
631
2075
0
0
0
0
0
0
3923
2290
0
0
0
0
0
0
3886
891
0
0
0
0
0
0
133
219
0
0
0
0
0
0
3964
3906
0
0
0
0
0
0
3964
2679
0
0
0
0
0
0
3955
3584
0
0
0
0
0
0
1296
2008
0
0
0
0
0
0
2414
2703
0
0
0
0
0
0
392
2775
0
0
0
0
0
0
345
4084
0
0
0
0
0
0
345
1694
0
0
0
0
0
0
3750
2593
0
0
0
0
0
0
3495
3046
0
0
0
0
0
0
2771
2462
0
0
0
0
0
0
3917
1392
0
0
0
0
0
0
465
3607
0
0
0
0
0
0
3748
1040
0
0
0
0
0
0
2598
2905
0
0
0
0
0
0
570
1598
0
0
0
0
0
0
317
649
0
0
0
0
0
0
2061
1868
0
0
0
0
0
0
861
105
0
0
0
0
0
0
480
1106
0
0
0
0
0
0
1254
1296
0
0
0
0
0
0
263
2080
0
0
0
0
0
0
407
2065
0
0
0
0
0
0
3660
1165
0
0
0
0
0
0
2109
961
0
0
0
0
0
0
1223
328
0
0
0
0
0
0
3398
3321
0
0
0
0
0
0
2769
121
0
0
0
0
0
0
1704
1791
0
0
0
0
0
0
2387
2968
0
0
0
0
0
0
2248
67
0
0
0
0
0
0
2273
2489
0
0
0
0
0
0
820
1609
0
0
0
0
0
0
3339
2633
0
0
0
0
0
0
3799
2739
0
0
0
0
0
0
3016
2609
0
0
0
0
0
0
3420
1556
0
0
0
0
0
0
1514
2674
0
0
0
0
0
0
2722
1941
0
0
0
0
0
0
515
354
0
0
0
0
0
0
325
1571
0
0
0
0
0
0
690
709
0
0
0
0
0
0
2951
340
0
0
0
0
0
0
245
303
0
0
0
0
0
0
2388
3992
0
0
0
0
0
0
870
1618
0
0
0
0
0
0
117
1844
0
0
0
0
0
0
944
1917
0
0
0
0
0
0
3401
1487
0
0
0
0
0
0
1791
831
0
0
0
0
0
0
1119
2876
0
0
0
0
0
0
2408
1074
0
0
0
0
0
0
480
2315
0
0
0
0
0
0
2653
1158
0
0
0
0
0
0
3095
440
0
0
0
0
0
0
1170
650
0
0
0
0
0
0
2491
2355
0
0
0
0
0
0
913
1889
0
0
0
0
0
0
2770
2754
0
0
0
0
0
0
41
2401
0
0
0
0
0
0
3282
2795
0
0
0
0
0
0
2839
1749
0
0
0
0
0
0
1732
2327
0
0
0
0
0
0
1781
3856
0
0
0
0
0
0
2430
2788
0
0
0
0
0
0
811
3021
0
0
0
0
0
0
2806
2893
0
0
0
0
0
0
2395
1726
0
0
0
0
0
0
2035
2579
0
0
0
0
0
0
1860
716
0
0
0
0
0
0
518
1919
0
0
0
0
0
0
3960
1645
0
0
0
0
0
0
1555
1755
0
0
0
0
0
0
3096
1858
0
0
0
0
0
0
1436
678
0
0
0
0
0
0
1732
2631
0
0
0
0
0
0
1391
2070
0
0
0
0
0
0
2710
3721
0
0
0
0
0
0
2100
1487
0
0
0
0
0
0
2791
1497
0
0
0
0
0
0
1651
3911
0
0
0
0
0
0
3189
1833
0
0
0
0
0
0
1098
2136
0
0
0
0
0
0
2148
2876
0
0
0
0
0
0
423
2019
0
0
0
0
0
0
3588
2995
0
0
0
0
0
0
2194
1965
0
0
0
0
0
0
1974
1943
0
0
0
0
0
0
2225
3967
0
0
0
0
0
0
3143
3502
0
0
0
0
0
0
1183
1299
0
0
0
0
0
0
2114
163
0
0
0
0
0
0
3754
3869
0
0
0
0
0
0
1807
2384
0
0
0
0
0
0
2422
689
0
0
0
0
0
0
49
2316
0
0
0
0
0
0
3716
1395
0
0
0
0
0
0
2228
1573
0
0
0
0
0
0
2768
2260
0
0
0
0
0
0
1040
513
0
0
0
0
0
0
1063
80
0
0
0
0
0
0
3694
2770
0
0
0
0
0
0
1255
286
0
0
0
0
0
0
2412
3126
0
0
0
0
0
0
75
756
0
0
0
0
0
0
1669
3733
0
0
0
0
0
0
3261
1712
0
0
0
0
0
0
189
2675
0
0
0
0
0
0
1869
2690
0
0
0
0
0
0
639
1763
0
0
0
0
0
0
3070
3840
0
0
0
0
0
0
99
3671
0
0
0
0
0
0
1498
3159
0
0
0
0
0
0
3947
3105
0
0
0
0
0
0
1619
1439
0
0
0
0
0
0
3285
3352
0
0
0
0
0
0
3096
3964
0
0
0
0
0
0
1045
853
0
0
0
0
0
0
706
2844
0
0
0
0
0
0
2526
761
0
0
0
0
0
0
28
595
0
0
0
0
0
0
2140
2172
0
0
0
0
0
0
2316
1587
0
0
0
0
0
0
2884
559
0
0
0
0
0
0
3398
1383
0
0
0
0
0
0
2483
2286
0
0
0
0
0
0
1499
745
0
0
0
0
0
0
312
532
0
0
0
0
0
0
3001
2826
0
0
0
0
0
0
56
1142
0
0
0
0
0
0
1014
3768
0
0
0
0
0
0
3827
3168
0
0
0
0
0
0
2753
1708
0
0
0
0
0
0
1373
2958
0
0
0
0
0
0
802
3301
0
0
0
0
0
0
1491
2395
0
0
0
0
0
0
1389
2235
0
0
0
0
0
0
2052
3220
0
0
0
0
0
0
424
3173
0
0
0
0
0
0
1057
1658
0
0
0
0
0
0
3385
2943
0
0
0
0
0
0
3717
3982
0
0
0
0
0
0
415
1250
0
0
0
0
0
0
620
2492
0
0
0
0
0
0
3226
669
0
0
0
0
0
0
3614
1027
0
0
0
0
0
0
1874
1895
0
0
0
0
0
0
3056
1390
0
0
0
0
0
0
2518
1006
0
0
0
0
0
0
2968
1201
0
0
0
0
0
0
3219
1992
0
0
0
0
0
0
1303
1181
0
0
0
0
0
0
3837
459
0
0
0
0
0
0
3677
2457
0
0
0
0
0
0
54
1529
0
0
0
0
0
0
336
3808
0
0
0
0
0
0
314
2744
0
0
0
0
0
0
2936
2027
0
0
0
0
0
0
639
3106
0
0
0
0
0
0
1247
2854
0
0
0
0
0
0
1845
2629
0
0
0
0
0
0
638
2489
0
0
0
0
0
0
2327
2779
0
0
0
0
0
0
935
3303
0
0
0
0
0
0
335
1996
0
0
0
0
0
0
3485
2528
0
0
0
0
0
0
255
3997
0
0
0
0
0
0
3877
1648
0
0
0
0
0
0
532
2132
0
0
0
0
0
0
3943
573
0
0
0
0
0
0
3093
1467
0
0
0
0
0
0
1606
1613
0
0
0
0
0
0
3809
1187
0
0
0
0
0
0
2151
1460
0
0
0
0
0
0
2525
1025
0
0
0
0
0
0
3955
1701
0
0
0
0
0
0
1112
1614
0
0
0
0
0
0
3258
387
0
0
0
0
0
0
266
2083
0
0
0
0
0
0
50
1916
0
0
0
0
0
0
3755
3849
0
0
0
0
0
0
894
2323
0
0
0
0
0
0
3117
2346
0
0
0
0
0
0
3999
3255
0
0
0
0
0
0
1700
2403
0
0
0
0
0
0
2200
2862
0
0
0
0
0
0
3984
2740
0
0
0
0
0
0
2612
2333
0
0
0
0
0
0
1442
3431
0
0
0
0
0
0
3720
2330
0
0
0
0
0
0
3587
2115
0
0
0
0
0
0
881
4017
0
0
0
0
0
0
3236
2049
0
0
0
0
0
0
447
1776
0
0
0
0
0
0
552
480
0
0
0
0
0
0
2579
1905
0
0
0
0
0
0
1335
1341
0
0
0
0
0
0
454
989
0
0
0
0
0
0
1781
1910
0
0
0
0
0
0
2096
841
0
0
0
0
0
0
592
1405
0
0
0
0
0
0
920
2041
0
0
0
0
0
0
2696
312
0
0
0
0
0
0
938
1720
0
0
0
0
0
0
38
2302
0
0
0
0
0
0
3094
3887
0
0
0
0
0
0
1465
1908
0
0
0
0
0
0
3296
2659
0
0
0
0
0
0
3280
3404
0
0
0
0
0
0
2131
1968
0
0
0
0
0
0
2549
3083
0
0
0
0
0
0
3258
2980
0
0
0
0
0
0
2892
1898
0
0
0
0
0
0
1936
3552
0
0
0
0
0
0
3030
2654
0
0
0
0
0
0
3680
1717
0
0
0
0
0
0
1487
4032
0
0
0
0
0
0
2628
2432
0
0
0
0
0
0
360
1436
0
0
0
0
0
0
1232
389
0
0
0
0
0
0
2083
2324
0
0
0
0
0
0
1074
1077
0
0
0
0
0
0
1168
795
0
0
0
0
0
0
1434
2335
0
0
0
0
0
0
1685
669
0
0
0
0
0
0
1292
1125
0
0
0
0
0
0
734
2456
0
0
0
0
0
0
2154
245
0
0
0
0
0
0
1579
1370
0
0
0
0
0
0
32
2667
0
0
0
0
0
0
2459
3927
0
0
0
0
0
0
2009
1515
0
0
0
0
0
0
3460
2958
0
0
0
0
0
0
2599
3541
0
0
0
0
0
0
2545
1554
0
0
0
0
0
0
2875
3300
0
0
0
0
0
0
2564
3219
0
0
0
0
0
0
3144
1495
0
0
0
0
0
0
2399
3674
0
0
0
0
0
0
2370
2967
0
0
0
0
0
0
3771
1341
0
0
0
0
0
0
2063
4045
0
0
0
0
0
0
2048
2797
0
0
0
0
0
0
280
1113
0
0
0
0
0
0
1873
303
0
0
0
0
0
0
1615
2720
0
0
0
0
0
0
833
830
0
0
0
0
0
0
1834
615
0
0
0
0
0
0
1108
2737
0
0
0
0
0
0
1292
515
0
0
0
0
0
0
1942
866
0
0
0
0
0
0
568
2834
0
0
0
0
0
0
1647
185
0
0
0
0
0
0
2173
1048
0
0
0
0
0
0
25
3006
0
0
0
0
0
0
1870
3964
0
0
0
0
0
0
2511
1149
0
0
0
0
0
0
3618
3233
0
0
0
0
0
0
1961
3676
0
0
0
0
0
0
2926
1170
0
0
0
0
0
0
3180
3496
0
0
0
0
0
0
1929
3430
0
0
0
0
0
0
3386
1116
0
0
0
0
0
0
2830
3780
0
0
0
0
0
0
1771
3251
0
0
0
0
0
0
3856
995
0
0
0
0
0
0
2586
4056
0
0
0
0
0
0
1522
3126
0
0
0
0
0
0
211
819
0
0
0
0
0
0
2456
225
0
0
0
0
0
0
1187
3083
0
0
0
0
0
0
612
606
0
0
0
0
0
0
2441
449
0
0
0
0
0
0
812
3100
0
0
0
0
0
0
947
368
0
0
0
0
0
0
2531
629
0
0
0
0
0
0
411
3179
0
0
0
0
0
0
1195
128
0
0
0
0
0
0
2709
757
0
0
0
0
0
0
20
3310
0
0
0
0
0
0
1345
3995
0
0
0
0
0
0
2961
823
0
0
0
0
0
0
3753
3480
0
0
0
0
0
0
1401
3791
0
0
0
0
0
0
3269
828
0
0
0
0
0
0
3445
3673
0
0
0
0
0
0
1362
3621
0
0
0
0
0
0
3600
780
0
0
0
0
0
0
3211
3871
0
0
0
0
0
0
1243
3497
0
0
0
0
0
0
3930
690
0
0
0
0
0
0
3047
4070
0
0
0
0
0
0
1055
3421
0
0
0
0
0
0
147
559
0
0
0
0
0
0
2972
148
0
0
0
0
0
0
823
3392
0
0
0
0
0
0
421
411
0
0
0
0
0
0
2964
310
0
0
0
0
0
0
553
3416
0
0
0
0
0
0
641
245
0
0
0
0
0
0
3043
421
0
0
0
0
0
0
279
3477
0
0
0
0
0
0
802
80
0
0
0
0
0
0
3173
501
0
0
0
0
0
0
17
3570
0
0
0
0
0
0
894
4023
0
0
0
0
0
0
3351
538
0
0
0
0
0
0
3873
3692
0
0
0
0
0
0
916
3893
0
0
0
0
0
0
3554
540
0
0
0
0
0
0
3680
3818
0
0
0
0
0
0
884
3784
0
0
0
0
0
0
3774
502
0
0
0
0
0
0
3530
3953
0
0
0
0
0
0
793
3712
0
0
0
0
0
0
3993
432
0
0
0
0
0
0
3437
4076
0
0
0
0
0
0
668
3665
0
0
0
0
0
0
94
347
0
0
0
0
0
0
3395
95
0
0
0
0
0
0
509
3659
0
0
0
0
0
0
263
246
0
0
0
0
0
0
3404
187
0
0
0
0
0
0
341
3674
0
0
0
0
0
0
392
141
0
0
0
0
0
0
3462
253
0
0
0
0
0
0
168
3724
0
0
0
0
0
0
478
44
0
0
0
0
0
0
3546
297
0
0
0
0
0
0
13
3782
0
0
0
0
0
0
526
4047
0
0
0
0
0
0
3664
310
0
0
0
0
0
0
3969
3859
0
0
0
0
0
0
528
3973
0
0
0
0
0
0
3789
304
0
0
0
0
0
0
3861
3937
0
0
0
0
0
0
498
3914
0
0
0
0
0
0
3922
273
0
0
0
0
0
0
3785
4013
0
0
0
0
0
0
438
3877
0
0
0
0
0
0
4047
228
0
0
0
0
0
0
3741
4086
0
0
0
0
0
0
359
3864
0
0
0
0
0
0
49
181
0
0
0
0
0
0
3730
47
0
0
0
0
0
0
270
3863
0
0
0
0
0
0
135
123
0
0
0
0
0
0
3747
91
0
0
0
0
0
0
177
3878
0
0
0
0
0
0
199
65
0
0
0
0
0
0
3783
124
0
0
0
0
0
0
86
3910
0
0
0
0
0
0
233
15
0
0
0
0
0
0
3839
136
0
0
0
0
0
0
9
3944
0
0
0
0
0
0
248
4066
0
0
0
0
0
0
3899
138
0
0
0
0
0
0
4042
3984
0
0
0
0
0
0
242
4032
0
0
0
0
0
0
3966
128
0
0
0
0
0
0
3997
4021
0
0
0
0
0
0
218
4011
0
0
0
0
0
0
4023
113
0
0
0
0
0
0
3964
4062
0
0
0
0
0
0
182
4002
0
0
0
0
0
0
4076
90
0
0
0
0
0
0
3954
4090
0
0
0
0
0
0
143
3999
0
0
0
0
0
0
21
64
0
0
0
0
0
0
3964
9
0
0
0
0
0
0
105
4000
0
0
0
0
0
0
55
36
0
0
0
0
0
0
3974
30
0
0
0
0
0
0
62
4016
0
0
0
0
0
0
72
14
0
0
0
0
0
0
3996
35
0
0
0
0
0
0
34
4026
0
0
0
0
0
0
80
4090
0
0
0
0
0
0
4019
38
0
0
0
0
0
0
5
4046
0
0
0
0
0
0
77
4079
0
0
0
0
0
0
4043
34
0
0
0
0
0
0
4085
4060
0
0
0
0
0
0
66
4072
0
0
0
0
0
0
4064
29
0
0
0
0
0
0
4074
4075
0
0
0
0
0
0
50
4074
0
0
0
0
0
0
4081
21
0
0
0
0
0
0
4071
4084
0
0
0
0
0
0
40
4070
0
0
0
0
0
0
4095
8
0
0
0
0
0
0
4079
4084
0
0
0
0
0
0
31
4067
0
0
0
0
0
0
11
4095
0
0
0
0
0
0
4082
4091
0
0
0
0
0
0
17
4077
0
0
0
0
0
0
8
4094
0
0
0
0
0
0
4087
4093
0
0
0
0
0
0
11
4079
0
0
0
0
0
0
12
4086
0
0
0
0
0
0
4095
4089
0
0
0
0
0
0
12
4081
0
0
0
0
0
0
6
4090
0
0
0
0
0
0
1
4090
0
0
0
0
0
0
5
4084
0
0
0
0
0
0
11
4084
0
0
0
0
0
0
5
4087
0
0
0
0
0
0
6
4083
0
0
0
0
0
0
12
4084
0
0
0
0
0
0
4
4091
0
0
0
0
0
0
1
4095
0
0
0
0
0
0
0
4095
0
0
0
0
0
0
0
4095
0
0
0
0
0
0
0
4095
0
0
0
0
0
0
0
4095
0
0
0
0
0
0
0
4095
0
0
0
0
0
0
0
4095
0
0
0
0
0
0
0
4095
0
0
0
0
0
0
0
4095
0
0
0
0
0
0
0
4095
0
0
0
0
0
0
0
4095
0
0
0
0
0
0
0
4095
0
0
0
0
0
0
0
4095
0
0
0
0
0
0
0
4095
0
0
0
0
0
0
0
4095
0
0
0
0
0
0
0
4095
0
0
0
0
0
0
0
4095
0
0
0
0
0
0
0
4095
0
0
0
0
0
0
0
4095
0
0
0
0
0
0
0
4095
0
0
0
0
0
0
0
4095
0
0
0
0
0
0
0
4095
0
0
0
0
0
0
0
4095
0
0
0
0
0
0
0
4095
0
0
0
0
0
0
0
4095
0
0
0
0
0
0
0
4095
0
0
0
0
0
0
0
4095
0
0
0
0
0
0
0
4095
0
0
0
0
0
0
0
4095
0
0
0
0
0
0
0
4095
0
0
0
0
0
0
0
4095
0
0
0
0
0
0
0
4095
0
0
0
0
0
0
0
4095
0
0
0
0
0
0
0
4095
0
0
0
0
0
0
0
4095
0
0
0
0
0
0
0
4095
0
0
0
0
0
0
0
4095
0
0
0
0
0
0
0
4095
0
0
0
0
0
0
0
4095
0
0
0
0
0
0
0
4095
0
0
0
0
0
0
0
4095
0
0
0
0
0
0
0
4095
0
0
0
0
0
0
0
4095
0
0
0
0
0
0
0
4095
0
0
0
0
0
0
0
4095
0
0
0
0
0
0
0
4095
0
0
0
0
0
0
0
4095
0
0
0
0
0
0
0
4095
0
0
0
0
0
0
0
4095
0
0
0
0
0
0
0
4095
0
0
0
0
0
0
0
4095
0
0
0
0
0
0
0
4095
0
0
0
0
0
0
0
4095
0
0
0
0
0
0
0
4095
0
0
0
0
0
0
0
4095
0
0
0
0
0
0
0
4095
0
0
0
0
0
0
0
4095
0
0
0
0
0
0
0
4095
0
0
0
0
0
0
0
4095
0
0
0
0
0
0
0
4095
0
0
0
0
0
0
0
4095
0
0
0
0
0
0
0
4095
0
0
0
0
0
0
0
4095
0
0
0
0
0
0
0
4095
0
0
0
0
0
0
0
4095
0
0
0
0
0
0
0
4095
0
0
0
0
0
0
0
4095
0
0
0
0
0
0
0
4095
0
0
0
0
0
0
0
4095
0
0
0
0
0
0
0
4095
0
0
0
0
0
0
0
4095
0
0
0
0
0
0
0
4095
0
0
0
0
0
0
0
4095
0
0
0
0
0
0
0
4095
0
0
0
0
0
0
0
4095
0
0
0
0
0
0
0
4095
0
0
0
0
0
0
0
4095
0
0
0
0
0
0
0
4095
0
0
0
0
0
0
0
4095
0
0
0
0
0
0
0
4095
0
0
0
0
0
0
0
4095
0
0
0
0
0
0
0
4095
0
0
0
0
0
0
0
4095
0
0
0
0
0
0
0
4095
0
0
0
0
0
0
0
4095
0
0
0
0
0
0
0
4095
0
0
0
0
0
0
0
4095
0
0
0
0
0
0
0
4095
0
0
0
0
0
0
0
4095
0
0
0
0
0
0
0
4095
0
0
0
0
0
0
0
4095
0
0
0
0
0
0
0
4095
0
0
0
0
0
0
0
4095
0
0
0
0
0
0
0
4095
0
0
0
0
0
0
0
4095
0
0
0
0
0
0
0
4095
0
0
0
0
0
0
0
4095
0
0
0
0
0
0
0
4095
0
0
0
0
0
0
0
4095
0
0
0
0
0
0
0
4095
0
0
0
0
0
0
0
4095
0
0
0
0
0
0
0
4095
0
0
0
0
0
0
0
4095
0
0
0
0
0
0
0
4095
0
0
0
0
0
0
0
4095
0
0
0
0
0
0
0
4095
0
0
0
0
0
0
0
4095
0
0
0
0
0
0
0
4095
0
0
0
0
0
0
0
4095
0
0
0
0
0
0
0
4095
0
0
0
0
0
0
0
4095
0
0
0
0
0
0
0
4095
0
0
0
0
0
0
0
4095
0
0
0
0
0
0
0
4095
0
0
0
0
0
0
0
4095
0
0
0
0
0
0
0
4095
0
0
0
0
0
0
0
4095
0
0
0
0
0
0
0
4095
0
0
0
0
0
0
0
4095
0
0
0
0
0
0
0
4095
0
0
0
0
0
0
0
4095
0
0
0
0
0
0
0
4095
0
0
0
0
0
0
0
4095
0
0
0
0
0
0
0
4095
0
0
0
0
0
0
0
4095
0
0
0
0
0
0
0
4095
0
0
0
0
0
0
0
4095
0
0
0
0
0
0
0
4095
0
0
0
0
0
0
0
4095
0
0
0
0
0
0
0
4095
0
0
0
0
0
0
0
4095
0
0
0
0
0
0
0
4095
0
0
0
0
0
0
0
4095
0
0
0
0
0
0
0
4095
0
0
0
0
0
0
0
4095
0
0
0
0
0
0
0
4095
0
0
0
0
0
0
0
4095
0
0
0
0
0
0
0
4095
0
0
0
0
0
0
0
4095
0
0
0
0
0
0
0
4095
0
0
0
0
0
0
0
4095
0
0
0
0
0
0
0
4095
0
0
0
0
0
0
0
4095
0
0
0
0
0
0
0
4095
0
0
0
0
0
0
0
4095
0
0
0
0
0
0
0
4095
0
0
0
0
0
0
0
4095
0
0
0
0
0
0
0
4095
0
0
0
0
0
0
0
4095
0
0
0
0
0
0
0
4095
0
0
0
0
0
0
0
4095
0
0
0
0
0
0
0
4095
0
0
0
0
0
0
0
4095
0
0
0
0
0
0
0
4095
0
0
0
0
0
0
0
4095
0
0
0
0
0
0
0
4095
0
0
0
0
0
0
0
4095
0
0
0
0
0
0
0
4095
0
0
0
0
0
0
0
4095
0
0
0
0
0
0
0
4095
0
0
0
0
0
0
0
4095
0
0
0
0
0
0
0
4095
0
0
0
0
0
0
0
4095
0
0
0
0
0
0
0
4095
0
0
0
0
0
0
0
4095
0
0
0
0
0
0
0
4095
0
0
0
0
0
0
0
4095
0
0
0
0
0
0
0
4095
0
0
0
0
0
0
0
4095
0
0
0
0
0
0
0
4095
0
0
0
0
0
0
0
4095
0
0
0
0
0
0
0
4095
0
0
0
0
0
0
0
4095
0
0
0
0
0
0
0
4095
0
0
0
0
0
0
0
4095
0
0
0
0
0
0
0
4095
0
0
0
0
0
0
0
4095
0
0
0
0
0
0
0
4095
0
0
0
0
0
0
0
4095
0
0
0
0
0
0
0
4095
0
0
0
0
0
0
0
4095
0
0
0
0
0
0
0
4095
0
0
0
0
0
0
0
4095
0
0
0
0
0
0
0
4095
0
0
0
0
0
0
0
4095
0
0
0
0
0
0
0
4095
0
0
0
0
0
0
0
4095
0
0
0
0
0
0
0
4095
0
0
0
0
0
0
0
4095
0
0
0
0
0
0
0
4095
0
0
0
0
0
0
0
4095
0
0
0
0
0
0
0
4095
0
0
0
0
0
0
0
4095
0
0
0
0
0
0
0
4095
0
0
0
0
0
0
0
4095
0
0
0
0
0
0
0
4095
0
0
0
0
0
0
0
4095
0
0
0
0
0
0
0
4095
0
0
0
0
0
0
0
4095
0
0
0
0
0
0
0
4095
0
0
0
0
0
0
0
4095
0
0
0
0
0
0
0
4095
0
0
0
0
0
0
0
4095
0
0
0
0
0
0
0
4095
0
0
0
0
0
0
0
4095
0
0
0
0
0
0
0
4095
0
0
0
0
0
0
0
4095
0
0
0
0
0
0
0
4095
0
0
0
0
0
0
0
4095
0
0
0
0
0
0
0
4095
0
0
0
0
0
0
0
4095
0
0
0
0
0
0
0
4095
0
0
0
0
0
0
0
4095
0
0
0
0
0
0
0
4095
0
0
0
0
0
0
0
4095
0
0
0
0
0
0
0
4095
0
0
0
0
0
0
0
4095
0
0
0
0
0
0
0
4095
0
0
0
0
0
0
0
4095
0
0
0
0
0
0
0
4095
0
0
0
0
0
0
0
4095
0
0
0
0
0
0
0
4095
0
0
0
0
0
0
0
4095
0
0
0
0
0
0
0
4095
0
0
0
0
0
0
0
4095
0
0
0
0
0
0
0
4095
0
0
0
0
0
0
0
4095
0
0
0
0
0
0
0
4095
0
0
0
0
0
0
0
4095
0
0
0
0
0
0
0
4095
0
0
0
0
0
0
0
4095
0
0
0
0
0
0
0
4095
0
0
0
0
0
0
0
4095
0
0
0
0
0
0
0
4095
0
0
0
0
0
0
0
4095
0
0
0
0
0
0
0
4095
0
0
0
0
0
0
0
4095
0
0
0
0
0
0
0
4095
0
0
0
0
0
0
0
4095
0
0
0
0
0
0
0
4095
0
0
0
0
0
0
0
4095
0
0
0
0
0
0
0
4095
0
0
0
0
0
0
0
4095
0
0
0
0
0
0
0
4095
0
0
0
0
0
0
0
4095
0
0
0
0
0
0
0
4095
0
0
0
0
0
0
0
4095
0
0
0
0
0
0
0
4095
0
0
0
0
0
0
0
4095
0
0
0
0
0
0
0
4095
0
0
0
0
0
0
0
4095
0
0
0
0
0
0
0
4095
0
0
0
0
0
0
0
4095
0
0
0
0
0
0
0
4095
0
0
0
0
0
0
0
4095
0
0
0
0
0
0
0
4095
0
0
0
0
0
0
0
4095
0
0
0
0
0
0
0
4095
0
0
0
0
0
0
0
4095
0
0
0
0
0
0
0
4095
0
0
0
0
0
0
0
4095
0
0
0
0
0
0
0
4095
0
0
0
0
0
0
0
4095
0
0
0
0
0
0
0
4095
0
0
0
0
0
0
0
4095
0
0
0
0
0
0
0
4095
0
0
0
0
0
0
0
4095
0
0
0
0
0
0
0
4095
0
0
0
0
0
0
0
4095
0
0
0
0
0
0
0
4095
0
0
0
0
0
0
0
4095
0
0
0
0
0
0
0
4095
0
0
0
0
0
0
0
4095
0
0
0
0
0
0
0
4095
0
0
0
0
0
0
0
4095
0
0
0
0
0
0
0
4095
0
0
0
0
0
0
0
4095
0
0
0
0
0
0
0
4095
0
0
0
0
0
0
0
4095
0
0
0
0
0
0
0
4095
0
0
0
0
0
0
0
4095
0
0
0
0
0
0
0
4095
0
0
0
0
0
0
0
4095
0
0
0
0
0
0
0
4095
0
0
0
0
0
0
0
4095
0
0
0
0
0
0
0
4095
0
0
0
0
0
0
0
4095
0
0
0
0
0
0
0
4095
0
0
0
0
0
0
0
4095
0
0
0
0
0
0
0
4095
0
0
0
0
0
0
0
4095
0
0
0
0
0
0
0
4095
0
0
0
0
0
0
0
4095
0
0
0
0
0
0
0
4095
0
0
0
0
0
0
0
4095
0
0
0
0
0
0
0
4095
0
0
0
0
0
0
0
4095
0
0
0
0
0
0
0
4095
0
0
0
0
0
0
0
4095
0
0
0
0
0
0
0
4095
0
0
0
0
0
0
0
4095
0
0
0
0
0
0
0
4095
0
0
0
0
0
0
0
4095
0
0
0
0
0
0
0
4095
0
0
0
0
0
0
0
4095
0
0
0
0
0
0
0
4095
0
0
0
0
0
0
0
4095
0
0
0
0
0
0
0
4095
0
0
0
0
0
0
0
4095
0
0
0
0
0
0
0
4095
0
0
0
0
0
0
0
4095
0
0
0
0
0
0
0
4095
0
0
0
0
0
0
0
4095
0
0
0
0
0
0
0
4095
0
0
0
0
0
0
0
4095
0
0
0
0
0
0
0
4095
0
0
0
0
0
0
0
4095
0
0
0
0
0
0
0
4095
0
0
0
0
0
0
0
4095
0
0
0
0
0
0
0
4095
0
0
0
0
0
0
0
4095
0
0
0
0
0
0
0
4095
0
0
0
0
0
0
0
4095
0
0
0
0
0
0
0
4095
0
0
0
0
0
0
0
4095
0
0
0
0
0
0
0
4095
0
0
0
0
0
0
0
4095
0
0
0
0
0
0
0
4095
0
0
0
0
0
0
0
4095
0
0
0
0
0
0
0
4095
0
0
0
0
0
0
0
4095
0
0
0
0
0
0
0
4095
0
0
0
0
0
0
0
4095
0
0
0
0
0
0
0
4095
0
0
0
0
0
0
0
4095
0
0
0
0
0
0
0
4095
0
0
0
0
0
0
0
4095
0
0
0
0
0
0
0
4095
0
0
0
0
0
0
0
4095
0
0
0
0
0
0
0
4095
0
0
0
0
0
0
0
4095
0
0
0
0
0
0
0
4095
0
0
0
0
0
0
0
4095
0
0
0
0
0
0
0
4095
0
0
0
0
0
0
0
4095
0
0
0
0
0
0
0
4095
0
0
0
0
0
0
0
4095
0
0
0
0
0
0
0
4095
0
0
0
0
0
0
0
4095
0
0
0
0
0
0
0
4095
0
0
0
0
0
0
0
4095
0
0
0
0
0
0
0
4095
0
0
0
0
0
0
0
4095
0
0
0
0
0
0
0
4095
0
0
0
0
0
0
0
4095
0
0
0
0
0
0
0
4095
0
0
0
0
0
0
0
4095
0
0
0
0
0
0
0
4095
0
0
0
0
0
0
0
4095
0
0
0
0
0
0
0
4095
0
0
0
0
0
0
0
4095
0
0
0
0
0
0
0
4095
0
0
0
0
0
0
0
4095
0
0
0
0
0
0
0
4095
0
0
0
0
0
0
0
4095
0
0
0
0
0
0
0
4095
0
0
0
0
0
0
0
4095
0
0
0
0
0
0
0
4095
0
0
0
0
0
0
0
4095
0
0
0
0
0
0
0
4095
0
0
0
0
0
0
0
4095
0
0
0
0
0
0
0
4095
0
0
0
0
0
0
0
4095
0
0
0
0
0
0
0
4095
0
0
0
0
0
0
0
4095
0
0
0
0
0
0
0
4095
0
0
0
0
0
0
0
4095
0
0
0
0
0
0
0
4095
0
0
0
0
0
0
0
4095
0
0
0
0
0
0
0
4095
0
0
0
0
0
0
0
4095
0
0
0
0
0
0
0
4095
0
0
0
0
0
0
0
4095
0
0
0
0
0
0
0
4095
0
0
0
0
0
0
0
4095
0
0
0
0
0
0
0
4095
0
0
0
0
0
0
0
4095
0
0
0
0
0
0
0
4095
0
0
0
0
0
0
0
4095
0
0
0
0
0
0
0
4095
0
0
0
0
0
0
0
4095
0
0
0
0
0
0
0
4095
0
0
0
0
0
0
0
4095
0
0
0
0
0
0
0
4095
0
0
0
0
0
0
0
4095
0
0
0
0
0
0
0
4095
0
0
0
0
0
0
0
4095
0
0
0
0
0
0
0
4095
0
0
0
0
0
0
0
4095
0
0
0
0
0
0
0
4095
0
0
0
0
0
0
0
4095
0
0
0
0
0
0
0
4095
0
0
0
0
0
0
0
4095
0
0
0
0
0
0
0
4095
0
0
0
0
0
0
0
4095
0
0
0
0
0
0
0
4095
0
0
0
0
0
0
0
4095
0
0
0
0
0
0
0
4095
0
0
0
0
0
0
0
4095
0
0
0
0
0
0
0
4095
0
0
0
0
0
0
0
4095
0
0
0
0
0
0
0
4095
0
0
0
0
0
0
0
4095
0
0
0
0
0
0
0
4095
0
0
0
0
0
0
0
4095
0
0
0
0
0
0
0
4095
0
0
0
0
0
0
0
4095
0
0
0
0
0
0
0
4095
0
0
0
0
0
0
0
4095
0
0
0
0
0
0
0
4095
0
0
0
0
0
0
0
4095
0
0
0
0
0
0
0
4095
0
0
0
0
0
0
0
4095
0
0
0
0
0
0
0
4095
0
0
0
0
0
0
0
4095
0
0
0
0
0
0
0
4095
0
0
0
0
0
0
0
4095
0
0
0
0
0
0
0
4095
0
0
0
0
0
0
0
4095
0
0
0
0
0
0
0
4095
0
0
0
0
0
0
0
4095
0
0
0
0
0
0
0
4095
0
0
0
0
0
0
0
4095
0
0
0
0
0
0
0
4095
0
0
0
0
0
0
0
4095
0
0
0
0
0
0
0
4095
0
0
0
0
0
0
0
4095
0
0
0
0
0
0
0
4095
0
0
0
0
0
0
0
4095
0
0
0
0
0
0
0
4095
0
0
0
0
0
0
0
4095
0
0
0
0
0
0
0
4095
0
0
0
0
0
0
0
4095
0
0
0
0
0
0
0
4095
0
0
0
0
0
0
0
4095
0
0
0
0
0
0
0
4095
0
0
0
0
0
0
0
4095
0
0
0
0
0
0
0
4095
0
0
0
0
0
0
0
4095
0
0
0
0
0
0
0
4095
0
0
0
0
0
0
0
4095
0
0
0
0
0
0
0
4095
0
0
0
0
0
0
0
4095
0
0
0
0
0
0
0
4095
0
0
0
0
0
0
0
4095
0
0
0
0
0
0
0
4095
0
0
0
0
0
0
0
4095
0
0
0
0
0
0
0
4095
0
0
0
0
0
0
0
4095
0
0
0
0
0
0
0
4095
0
0
0
0
0
0
0
4095
0
0
0
0
0
0
0
4095
0
0
0
0
0
0
0
4095
0
0
0
0
0
0
0
4095
0
0
0
0
0
0
0
4095
0
0
0
0
0
0
0
4095
0
0
0
0
0
0
0
4095
0
0
0
0
0
0
0
4095
0
0
0
0
0
0
0
4095
0
0
0
0
0
0
0
4095
0
0
0
0
0
0
0
4095
0
0
0
0
0
0
0
4095
0
0
0
0
0
0
0
4095
0
0
0
0
0
0
0
4095
0
0
0
0
0
0
0
4095
0
0
0
0
0
0
0
4095
0
0
0
0
0
0
0
4095
0
0
0
0
0
0
0
4095
0
0
0
0
0
0
0
4095
0
0
0
0
0
0
0
4095
0
0
0
0
0
0
0
4095
0
0
0
0
0
0
0
4095
0
0
0
0
0
0
0
4095
0
0
0
0
0
0
0
4095
0
0
0
0
0
0
0
4095
0
0
0
0
0
0
0
4095
0
0
0
0
0
0
0
4095
0
0
0
0
0
0
0
4095
0
0
0
0
0
0
0
4095
0
0
0
0
0
0
0
4095
0
0
0
0
0
0
0
4095
0
0
0
0
0
0
0
4095
0
0
0
0
0
0
0
4095
0
0
0
0
0
0
0
4095
0
0
0
0
0
0
0
4095
0
0
0
0
0
0
0
4095
0
0
0
0
0
0
0
4095
0
0
0
0
0
0
0
4095
0
0
0
0
0
0
0
4095
0
0
0
0
0
0
0
4095
0
0
0
0
0
0
0
4095
0
0
0
0
0
0
0
4095
0
0
0
0
0
0
0
4095
0
0
0
0
0
0
0
4095
0
0
0
0
0
0
0
4095
0
0
0
0
0
0
0
4095
0
0
0
0
0
0
0
4095
0
0
0
0
0
0
0
4095
0
0
0
0
0
0
0
4095
0
0
0
0
0
0
0
4095
0
0
0
0
0
0
0
4095
0
0
0
0
0
0
0
4095
0
0
0
0
0
0
0
4095
0
0
0
0
0
0
0
4095
0
0
0
0
0
0
0
4095
0
0
0
0
0
0
0
4095
0
0
0
0
0
0
0
4095
0
0
0
0
0
0
0
4095
0
0
0
0
0
0
0
4095
0
0
0
0
0
0
0
4095
0
0
0
0
0
0
0
4095
0
0
0
0
0
0
0
4095
0
0
0
0
0
0
0
4095
0
0
0
0
0
0
0
4095
0
0
0
0
0
0
0
4095
0
0
0
0
0
0
0
4095
0
0
0
0
0
0
0
4095
0
0
0
0
0
0
0
4095
0
0
0
0
0
0
0
4095
0
0
0
0
0
0
0
4095
0
0
0
0
0
0
0
4095
0
0
0
0
0
0
0
4095
0
0
0
0
0
0
0
4095
0
0
0
0
0
0
0
4095
0
0
0
0
0
0
0
4095
0
0
0
0
0
0
0
4095
0
0
0
0
0
0
0
4095
0
0
0
0
0
0
0
4095
0
0
0
0
0
0
0
4095
0
0
0
0
0
0
0
4095
0
0
0
0
0
0
0
4095
0
0
0
0
0
0
0
4095
0
0
0
0
0
0
0
4095
0
0
0
0
0
0
0
4095
0
0
0
0
0
0
0
4095
0
0
0
0
0
0
0
4095
0
0
0
0
0
0
0
4095
0
0
0
0
0
0
0
4095
0
0
0
0
0
0
0
4095
0
0
0
0
0
0
0
4095
0
0
0
0
0
0
0
4095
0
0
0
0
0
0
0
4095
0
0
0
0
0
0
0
4095
0
0
0
0
0
0
0
4095
0
0
0
0
0
0
0
4095
0
0
0
0
0
0
0
4095
0
0
0
0
0
0
0
4095
0
0
0
0
0
0
0
4095
0
0
0
0
0
0
0
4095
0
0
0
0
0
0
0
4095
0
0
0
0
0
0
0
4095
0
0
0
0
0
0
0
4095
0
0
0
0
0
0
0
4095
0
0
0
0
0
0
0
4095
0
0
0
0
0
0
0
4095
0
0
0
0
0
0
0
4095
0
0
0
0
0
0
0
4095
0
0
0
0
0
0
0
4095
0
0
0
0
0
0
0
4095
0
0
0
0
0
0
0
4095
0
0
0
0
0
0
0
4095
0
0
0
0
0
0
0
4095
0
0
0
0
0
0
0
4095
0
0
0
0
0
0
0
4095
0
0
0
0
0
0
0
4095
0
0
0
0
0
0
0
4095
0
0
0
0
0
0
0
4095
0
0
0
0
0
0
0
4095
0
0
0
0
0
0
0
4095
0
0
0
0
0
0
0
4095
0
0
0
0
0
0
0
4095
0
0
0
0
0
0
0
4095
0
0
0
0
0
0
0
4095
0
0
0
0
0
0
0
4095
0
0
0
0
0
0
0
4095
0
0
0
0
0
0
0
4095
0
0
0
0
0
0
0
4095
0
0
0
0
0
0
0
4095
0
0
0
0
0
0
0
4095
0
0
0
0
0
0
0
4095
0
0
0
0
0
0
0
4095
0
0
0
0
0
0
0
4095
0
0
0
0
0
0
0
4095
0
0
0
0
0
0
0
4095
0
0
0
0
0
0
0
4095
0
0
0
0
0
0
0
4095
0
0
0
0
0
0
0
4095
0
0
0
0
0
0
0
4095
0
0
0
0
0
0
0
4095
0
0
0
0
0
0
0
4095
0
0
0
0
0
0
0
4095
0
0
0
0
0
0
0
4095
0
0
0
0
0
0
0
4095
0
0
0
0
0
0
0
4095
0
0
0
0
0
0
0
4095
0
0
0
0
0
0
0
4095
0
0
0
0
0
0
0
4095
0
0
0
0
0
0
0
4095
0
0
0
0
0
0
0
4095
0
0
0
0
0
0
0
4095
0
0
0
0
0
0
0
4095
0
0
0
0
0
0
0
4095
0
0
0
0
0
0
0
4095
0
0
0
0
0
0
0
4095
0
0
0
0
0
0
0
4095
0
0
0
0
0
0
0
4095
0
0
0
0
0
0
0
4095
0
0
0
0
0
0
0
4095
0
0
0
0
0
0
0
4095
0
0
0
0
0
0
0
4095
0
0
0
0
0
0
0
4095
0
0
0
0
0
0
0
4095
0
0
0
0
0
0
0
4095
0
0
0
0
0
0
0
4095
0
0
0
0
0
0
0
4095
0
0
0
0
0
0
0
4095
0
0
0
0
0
0
0
4095
0
0
0
0
0
0
0
4095
0
0
0
0
0
0
0
4095
0
0
0
0
0
0
0
4095
0
0
0
0
0
0
0
4095
0
0
0
0
0
0
0
4095
0
0
0
0
0
0
0
4095
0
0
0
0
0
0
0
4095
0
0
0
0
0
0
0
4095
0
0
0
0
0
0
0
4095
0
0
0
0
0
0
0
4095
0
0
0
0
0
0
0
4095
0
0
0
0
0
0
0
4095
0
0
0
0
0
0
0
4095
0
0
0
0
0
0
0
4095
0
0
0
0
0
0
0
4095
0
0
0
0
0
0
0
4095
0
0
0
0
0
0
0
4095
0
0
0
0
0
0
0
4095
0
0
0
0
0
0
0
4095
0
0
0
0
0
0
0
4095
0
0
0
0
0
0
0
4095
0
0
0
0
0
0
0
4095
0
0
0
0
0
0
0
4095
0
0
0
0
0
0
0
4095
0
0
0
0
0
0
0
4095
0
0
0
0
0
0
0
4095
0
0
0
0
0
0
0
4095
0
0
0
0
0
0
0
4095
0
0
0
0
0
0
0
4095
0
0
0
0
0
0
0
4095
0
0
0
0
0
0
0
4095
0
0
0
0
0
0
0
4095
0
0
0
0
0
0
0
4095
0
0
0
0
0
0
0
4095
0
0
0
0
0
0
0
4095
0
0
0
0
0
0
0
4095
0
0
0
0
0
0
0
4095
0
0
0
0
0
0
0
4095
0
0
0
0
0
0
0
4095
0
0
0
0
0
0
0
4095
0
0
0
0
0
0
0
4095
0
0
0
0
0
0
0
4095
0
0
0
0
0
0
0
4095
0
0
0
0
0
0
0
4095
0
0
0
0
0
0
0
4095
0
0
0
0
0
0
0
4095
0
0
0
0
0
0
0
4095
0
0
0
0
0
0
0
4095
0
0
0
0
0
0
0
4095
0
0
0
0
0
0
0
4095
0
0
0
0
0
0
0
4095
0
0
0
0
0
0
0
4095
0
0
0
0
0
0
0
4095
0
0
0
0
0
0
0
4095
0
0
0
0
0
0
0
4095
0
0
0
0
0
0
0
4095
0
0
0
0
0
0
0
4095
0
0
0
0
0
0
0
4095
0
0
0
0
0
0
0
4095
0
0
0
0
0
0
0
4095
0
0
0
0
0
0
0
4095
0
0
0
0
0
0
0
4095
0
0
0
0
0
0
0
4095
0
0
0
0
0
0
0
4095
0
0
0
0
0
0
0
4095
0
0
0
0
0
0
0
4095
0
0
0
0
0
0
0
4095
0
0
0
0
0
0
0
4095
0
0
0
0
0
0
0
4095
0
0
0
0
0
0
0
4095
0
0
0
0
0
0
0
4095
0
0
0
0
0
0
0
4095
0
0
0
0
0
0
0
4095
0
0
0
0
0
0
0
4095
0
0
0
0
0
0
0
4095
0
0
0
0
0
0
0
4095
0
0
0
0
0
0
0
4095
0
0
0
0
0
0
0
4095
0
0
0
0
0
0
0
4095
0
0
0
0
0
0
0
4095
0
0
0
0
0
0
0
4095
0
0
0
0
0
0
0
4095
0
0
0
0
0
0
0
4095
0
0
0
0
0
0
0
4095
0
0
0
0
0
0
0
4095
0
0
0
0
0
0
0
4095
0
0
0
0
0
0
0
4095
0
0
0
0
0
0
0
4095
0
0
0
0
0
0
0
4095
0
0
0
0
0
0
0
4095
0
0
0
0
0
0
0
4095
0
0
0
0
0
0
0
4095
0
0
0
0
0
0
0
4095
0
0
0
0
0
0
0
4095
0
0
0
0
0
0
0
4095
0
0
0
0
0
0
0
4095
0
0
0
0
0
0
0
4095
0
0
0
0
0
0
0
4095
0
0
0
0
0
0
0
4095
0
0
0
0
0
0
0
4095
0
0
0
0
0
0
0
4095
0
0
0
0
0
0
0
4095
0
0
0
0
0
0
0
4095
0
0
0
0
0
0
0
4095
0
0
0
0
0
0
0
4095
0
0
0
0
0
0
0
4095
0
0
0
0
0
0
0
4095
0
0
0
0
0
0
0
4095
0
0
0
0
0
0
0
4095
0
0
0
0
0
0
0
4095
0
0
0
0
0
0
0
4095
0
0
0
0
0
0
0
4095
0
0
0
0
0
0
0
4095
0
0
0
0
0
0
0
4095
0
0
0
0
0
0
0
4095
0
0
0
0
0
0
0
4095
0
0
0
0
0
0
0
4095
0
0
0
0
0
0
0
4095
0
0
0
0
0
0
0
4095
0
0
0
0
0
0
0
4095
0
0
0
0
0
0
0
4095
0
0
0
0
0
0
0
4095
0
0
0
0
0
0
0
4095
0
0
0
0
0
0
0
4095
0
0
0
0
0
0
0
4095
0
0
0
0
0
0
0
4095
0
0
0
0
0
0
0
4095
0
0
0
0
0
0
0
4095
0
0
0
0
0
0
0
4095
0
0
0
0
0
0
0
4095
0
0
0
0
0
0
0
4095
0
0
0
0
0
0
0
4095
0
0
0
0
0
0
0
4095
0
0
0
0
0
0
0
4095
0
0
0
0
0
0
0
4095
0
0
0
0
0
0
0
4095
0
0
0
0
0
0
0
4095
0
0
0
0
0
0
0
4095
0
0
0
0
0
0
0
4095
0
0
0
0
0
0
0
4095
0
0
0
0
0
0
0
4095
0
0
0
0
0
0
0
4095
0
0
0
0
0
0
0
4095
0
0
0
0
0
0
0
4095
0
0
0
0
0
0
0
4095
0
0
0
0
0
0
0
4095
0
0
0
0
0
0
0
4095
0
0
0
0
0
0
0
4095
0
0
0
0
0
0
0
4095
0
0
0
0
0
0
0
4095
0
0
0
0
0
0
0
4095
0
0
0
0
0
0
0
4095
0
0
0
0
0
0
0
4095
0
0
0
0
0
0
0
4095
0
0
0
0
0
0
0
4095
0
0
0
0
0
0
0
4095
0
0
0
0
0
0
0
4095
0
0
0
0
0
0
0
4095
0
0
0
0
0
0
0
4095
0
0
0
0
0
0
0
4095
0
0
0
0
0
0
0
4095
0
0
0
0
0
0
0
4095
0
0
0
0
0
0
0
4095
0
0
0
0
0
0
0
4095
0
0
0
0
0
0
0
4095
0
0
0
0
0
0
0
4095
0
0
0
0
0
0
0
4095
0
0
0
0
0
0
0
4095
0
0
0
0
0
0
0
4095
0
0
0
0
0
0
0
4095
0
0
0
0
0
0
0
4095
0
0
0
0
0
0
0
4095
0
0
0
0
0
0
0
4095
0
0
0
0
0
0
0
4095
0
0
0
0
0
0
0
4095
0
0
0
0
0
0
0
4095
0
0
0
0
0
0
0
4095
0
0
0
0
0
0
0
4095
0
0
0
0
0
0
0
4095
0
0
0
0
0
0
0
4095
0
0
0
0
0
0
0
4095
0
0
0
0
0
0
0
4095
0
0
0
0
0
0
0
4095
0
0
0
0
0
0
0
4095
0
0
0
0
0
0
0
4095
0
0
0
0
0
0
0
4095
0
0
0
0
0
0
0
4095
0
0
0
0
0
0
0
4095
0
0
0
0
0
0
0
4095
0
0
0
0
0
0
0
4095
0
0
0
0
0
0
0
4095
0
0
0
0
0
0
0
4095
0
0
0
0
0
0
0
4095
0
0
0
0
0
0
0
4095
0
0
0
0
0
0
0
4095
0
0
0
0
0
0
0
4095
0
0
0
0
0
0
0
4095
0
0
0
0
0
0
0
4095
0
0
0
0
0
0
0
4095
0
0
0
0
0
0
0
4095
0
0
0
0
0
0
0
4095
0
0
0
0
0
0
0
4095
0
0
0
0
0
0
0
4095
0
0
0
0
0
0
0
4095
0
0
0
0
0
0
0
4095
0
0
0
0
0
0
0
4095
0
0
0
0
0
0
0
4095
0
0
0
0
0
0
0
4095
0
0
0
0
0
0
0
4095
0
0
0
0
0
0
0
4095
0
0
0
0
0
0
0
4095
0
0
0
0
0
0
0
4095
0
0
0
0
0
0
0
4095
0
0
0
0
0
0
0
4095
0
0
0
0
0
0
0
4095
0
0
0
0
0
0
0
4095
0
0
0
0
0
0
0
4095
0
0
0
0
0
0
0
4095
0
0
0
0
0
0
0
4095
0
0
0
0
0
0
0
4095
0
0
0
0
0
0
0
4095
0
0
0
0
0
0
0
4095
0
0
0
0
0
0
0
4095
0
0
0
0
0
0
0
4095
0
0
0
0
0
0
0
4095
0
0
0
0
0
0
0
4095
0
0
0
0
0
0
0
4095
0
0
0
0
0
0
0
4095
0
0
0
0
0
0
0
4095
0
0
0
0
0
0
0
4095
0
0
0
0
0
0
0
4095
0
0
0
0
0
0
0
4095
0
0
0
0
0
0
0
4095
0
0
0
0
0
0
0
4095
0
0
0
0
0
0
0
4095
0
0
0
0
0
0
0
4095
0
0
0
0
0
0
0
4095
0
0
0
0
0
0
0
4095
0
0
0
0
0
0
0
4095
0
0
0
0
0
0
0
4095
0
0
0
0
0
0
0
4095
0
0
0
0
0
0
0
4095
0
0
0
0
0
0
0
4095
0
0
0
0
0
0
0
4095
0
0
0
0
0
0
0
4095
0
0
0
0
0
0
0
4095
0
0
0
0
0
0
0
4095
0
0
0
0
0
0
0
4095
0
0
0
0
0
0
0
4095
0
0
0
0
0
0
0
4095
0
0
0
0
0
0
0
4095
0
0
0
0
0
0
0
4095
0
0
0
0
0
0
0
4095
0
0
0
0
0
0
0
4095
0
0
0
0
0
0
0
4095
0
0
0
0
0
0
0
4095
0
0
0
0
0
0
0
4095
0
0
0
0
0
0
0
4095
0
0
0
0
0
0
0
4095
0
0
0
0
0
0
0
4095
0
0
0
0
0
0
0
4095
0
0
0
0
0
0
0
4095
0
0
0
0
0
0
0
4095
0
0
0
0
0
0
0
4095
0
0
0
0
0
0
0
4095
0
0
0
0
0
0
0
4095
0
0
0
0
0
0
0
4095
0
0
0
0
0
0
0
4095
0
0
0
0
0
0
0
4095
0
0
0
0
0
0
0
4095
0
0
0
0
0
0
0
4095
0
0
0
0
0
0
0
4095
0
0
0
0
0
0
0
4095
0
0
0
0
0
0
0
4095
0
0
0
0
0
0
0
4095
0
0
0
0
0
0
0
4095
0
0
0
0
0
0
0
4095
0
0
0
0
0
0
0
4095
0
0
0
0
0
0
0
4095
0
0
0
0
0
0
0
4095
0
0
0
0
0
0
0
4095
0
0
0
0
0
0
0
4095
0
0
0
0
0
0
0
4095
0
0
0
0
0
0
0
4095
0
0
0
0
0
0
0
4095
0
0
0
0
0
0
0
4095
0
0
0
0
0
0
0
4095
0
0
0
0
0
0
0
4095
0
0
0
0
0
0
0
4095
0
0
0
0
0
0
0
4095
0
0
0
0
0
0
0
4095
0
0
0
0
0
0
0
4095
0
0
0
0
0
0
0
4095
0
0
0
0
0
0
0
4095
0
0
0
0
0
0
0
4095
0
0
0
0
0
0
0
4095
0
0
0
0
0
0
0
4095
0
0
0
0
0
0
0
4095
0
0
0
0
0
0
0
4095
0
0
0
0
0
0
0
4095
0
0
0
0
0
0
0
4095
0
0
0
0
0
0
0
4095
0
0
0
0
0
0
0
4095
0
0
0
0
0
0
0
4095
0
0
0
0
0
0
0
4095
0
0
0
0
0
0
0
4095
0
0
0
0
0
0
0
4095
0
0
0
0
0
0
0
4095
0
0
0
0
0
0
0
4095
0
0
0
0
0
0
0
4095
0
0
0
0
0
0
0
4095
0
0
0
0
0
0
0
4095
0
0
0
0
0
0
0
4095
0
0
0
0
0
0
0
4095
0
0
0
0
0
0
0
4095
0
0
0
0
0
0
0
4095
0
0
0
0
0
0
0
4095
0
0
0
0
0
0
0
4095
0
0
0
0
0
0
0
4095
0
0
0
0
0
0
0
4095
0
0
0
0
0
0
0
4095
0
0
0
0
0
0
0
4095
0
0
0
0
0
0
0
4095
0
0
0
0
0
0
0
4095
0
0
0
0
0
0
0
4095
0
0
0
0
0
0
0
4095
0
0
0
0
0
0
0
4095
0
0
0
0
0
0
0
4095
0
0
0
0
0
0
0
4095
0
0
0
0
0
0
0
4095
0
0
0
0
0
0
0
4095
0
0
0
0
0
0
0
4095
0
0
0
0
0
0
0
4095
0
0
0
0
0
0
0
4095
0
0
0
0
0
0
0
4095
0
0
0
0
0
0
0
4095
0
0
0
0
0
0
0
4095
0
0
0
0
0
0
0
4095
0
0
0
0
0
0
0
4095
0
0
0
0
0
0
0
4095
0
0
0
0
0
0
0
4095
0
0
0
0
0
0
0
4095
0
0
0
0
0
0
0
4095
0
0
0
0
0
0
0
4095
0
0
0
0
0
0
0
4095
0
0
0
0
0
0
0
4095
0
0
0
0
0
0
0
4095
0
0
0
0
0
0
0
4095
0
0
0
0
0
0
0
4095
0
0
0
0
0
0
0
4095
0
0
0
0
0
0
0
4095
0
0
0
0
0
0
0
4095
0
0
0
0
0
0
0
4095
0
0
0
0
0
0
