0
0
0
0
0
0
0
0
0
0
0
0
0
0
0
0
0
0
0
0
0
0
0
0
0
0
0
0
0
0
0
0
0
0
0
0
0
0
0
0
0
0
0
0
0
0
0
0
0
0
0
0
0
0
0
0
0
0
0
0
0
0
0
0
0
0
0
0
0
0
0
0
0
0
0
0
0
0
0
0
0
0
0
0
0
0
0
0
0
0
0
0
0
0
0
0
0
0
0
0
0
0
0
0
0
0
0
0
0
0
0
0
0
0
0
0
0
0
0
0
0
0
0
0
0
0
0
0
0
0
0
0
0
0
0
0
0
0
0
0
0
0
0
0
0
0
0
0
0
0
0
0
0
0
0
0
0
0
0
0
0
0
0
0
0
0
0
0
0
0
0
0
0
0
0
0
0
0
0
0
0
0
0
0
4094
4095
0
0
0
0
0
0
4095
4094
0
0
0
0
0
0
4094
4094
0
0
0
0
0
0
4094
4094
0
0
0
0
0
0
4094
4095
0
0
0
0
0
0
4094
4095
0
0
0
0
0
0
4094
4095
0
0
0
0
0
0
4094
4095
0
0
0
0
0
0
4094
4094
0
0
0
0
0
0
4094
4094
0
0
0
0
0
0
4094
4093
0
0
0
0
0
0
4092
4093
0
0
0
0
0
0
4092
4094
0
0
0
0
0
0
4094
4095
0
0
0
0
0
0
4093
4093
0
0
0
0
0
0
4093
4093
0
0
0
0
0
0
4094
4095
0
0
0
0
0
0
4095
4094
0
0
0
0
0
0
4094
4093
0
0
0
0
0
0
4092
4094
0
0
0
0
0
0
4095
0
0
0
0
0
0
0
4095
4093
0
0
0
0
0
0
4092
4091
0
0
0
0
0
0
4092
4094
0
0
0
0
0
0
1
1
0
0
0
0
0
0
4095
4092
0
0
0
0
0
0
4090
4091
0
0
0
0
0
0
4092
1
0
0
0
0
0
0
2
4095
0
0
0
0
0
0
4092
4090
0
0
0
0
0
0
4089
4093
0
0
0
0
0
0
4095
3
0
0
0
0
0
0
1
4092
0
0
0
0
0
0
4088
4088
0
0
0
0
0
0
4091
1
0
0
0
0
0
0
2
2
0
0
0
0
0
0
4095
4090
0
0
0
0
0
0
4087
4090
0
0
0
0
0
0
4093
2
0
0
0
0
0
0
4
0
0
0
0
0
0
0
4091
4087
0
0
0
0
0
0
4086
4093
0
0
0
0
0
0
2
6
0
0
0
0
0
0
3
4092
0
0
0
0
0
0
4086
4086
0
0
0
0
0
0
4089
3
0
0
0
0
0
0
7
5
0
0
0
0
0
0
4095
4086
0
0
0
0
0
0
4082
4088
0
0
0
0
0
0
4095
8
0
0
0
0
0
0
9
0
0
0
0
0
0
0
4088
4082
0
0
0
0
0
0
4082
4094
0
0
0
0
0
0
5
11
0
0
0
0
0
0
7
4090
0
0
0
0
0
0
4082
4082
0
0
0
0
0
0
4088
6
0
0
0
0
0
0
12
8
0
0
0
0
0
0
4095
4082
0
0
0
0
0
0
4077
4086
0
0
0
0
0
0
0
13
0
0
0
0
0
0
14
1
0
0
0
0
0
0
4084
4076
0
0
0
0
0
0
4078
4094
0
0
0
0
0
0
10
15
0
0
0
0
0
0
10
4087
0
0
0
0
0
0
4076
4076
0
0
0
0
0
0
4086
10
0
0
0
0
0
0
19
13
0
0
0
0
0
0
4095
4077
0
0
0
0
0
0
4071
4083
0
0
0
0
0
0
2
19
0
0
0
0
0
0
21
2
0
0
0
0
0
0
4080
4069
0
0
0
0
0
0
4074
0
0
0
0
0
0
0
16
21
0
0
0
0
0
0
13
4084
0
0
0
0
0
0
4068
4072
0
0
0
0
0
0
4084
15
0
0
0
0
0
0
26
16
0
0
0
0
0
0
4093
4070
0
0
0
0
0
0
4064
4082
0
0
0
0
0
0
6
27
0
0
0
0
0
0
25
1
0
0
0
0
0
0
4076
4062
0
0
0
0
0
0
4068
2
0
0
0
0
0
0
22
29
0
0
0
0
0
0
16
4079
0
0
0
0
0
0
4060
4066
0
0
0
0
0
0
4084
22
0
0
0
0
0
0
34
20
0
0
0
0
0
0
4092
4062
0
0
0
0
0
0
4055
4080
0
0
0
0
0
0
9
34
0
0
0
0
0
0
33
0
0
0
0
0
0
0
4069
4054
0
0
0
0
0
0
4064
6
0
0
0
0
0
0
30
35
0
0
0
0
0
0
19
4073
0
0
0
0
0
0
4052
4059
0
0
0
0
0
0
4082
27
0
0
0
0
0
0
44
22
0
0
0
0
0
0
4088
4052
0
0
0
0
0
0
4044
4077
0
0
0
0
0
0
16
44
0
0
0
0
0
0
41
0
0
0
0
0
0
0
4060
4044
0
0
0
0
0
0
4057
11
0
0
0
0
0
0
40
44
0
0
0
0
0
0
22
4067
0
0
0
0
0
0
4040
4054
0
0
0
0
0
0
4083
37
0
0
0
0
0
0
54
27
0
0
0
0
0
0
4085
4044
0
0
0
0
0
0
4038
4079
0
0
0
0
0
0
22
55
0
0
0
0
0
0
49
4094
0
0
0
0
0
0
4054
4036
0
0
0
0
0
0
4053
15
0
0
0
0
0
0
52
53
0
0
0
0
0
0
23
4059
0
0
0
0
0
0
4030
4048
0
0
0
0
0
0
4085
47
0
0
0
0
0
0
66
30
0
0
0
0
0
0
4081
4032
0
0
0
0
0
0
4025
4076
0
0
0
0
0
0
29
66
0
0
0
0
0
0
57
4091
0
0
0
0
0
0
4043
4026
0
0
0
0
0
0
4048
22
0
0
0
0
0
0
63
61
0
0
0
0
0
0
26
4051
0
0
0
0
0
0
4017
4041
0
0
0
0
0
0
4086
57
0
0
0
0
0
0
77
34
0
0
0
0
0
0
4076
4021
0
0
0
0
0
0
4017
4077
0
0
0
0
0
0
38
77
0
0
0
0
0
0
65
4086
0
0
0
0
0
0
4031
4014
0
0
0
0
0
0
4043
29
0
0
0
0
0
0
74
69
0
0
0
0
0
0
25
4040
0
0
0
0
0
0
4004
4034
0
0
0
0
0
0
4089
69
0
0
0
0
0
0
89
36
0
0
0
0
0
0
4068
4008
0
0
0
0
0
0
4006
4080
0
0
0
0
0
0
48
89
0
0
0
0
0
0
71
4080
0
0
0
0
0
0
4018
4002
0
0
0
0
0
0
4039
39
0
0
0
0
0
0
90
78
0
0
0
0
0
0
26
4030
0
0
0
0
0
0
3991
4030
0
0
0
0
0
0
4095
83
0
0
0
0
0
0
102
37
0
0
0
0
0
0
4060
3994
0
0
0
0
0
0
3995
4081
0
0
0
0
0
0
59
101
0
0
0
0
0
0
78
4073
0
0
0
0
0
0
4006
3992
0
0
0
0
0
0
4036
47
0
0
0
0
0
0
103
85
0
0
0
0
0
0
24
4016
0
0
0
0
0
0
3977
4026
0
0
0
0
0
0
4
96
0
0
0
0
0
0
114
39
0
0
0
0
0
0
4051
3981
0
0
0
0
0
0
3985
4085
0
0
0
0
0
0
72
115
0
0
0
0
0
0
85
4067
0
0
0
0
0
0
3991
3981
0
0
0
0
0
0
4034
58
0
0
0
0
0
0
119
95
0
0
0
0
0
0
22
4002
0
0
0
0
0
0
3962
4021
0
0
0
0
0
0
10
111
0
0
0
0
0
0
127
37
0
0
0
0
0
0
4041
3966
0
0
0
0
0
0
3976
4091
0
0
0
0
0
0
86
129
0
0
0
0
0
0
92
4057
0
0
0
0
0
0
3976
3971
0
0
0
0
0
0
4032
70
0
0
0
0
0
0
135
102
0
0
0
0
0
0
19
3989
0
0
0
0
0
0
3946
4018
0
0
0
0
0
0
19
126
0
0
0
0
0
0
139
36
0
0
0
0
0
0
4029
3950
0
0
0
0
0
0
3966
0
0
0
0
0
0
0
99
142
0
0
0
0
0
0
97
4049
0
0
0
0
0
0
3960
3961
0
0
0
0
0
0
4032
83
0
0
0
0
0
0
151
109
0
0
0
0
0
0
15
3974
0
0
0
0
0
0
3931
4016
0
0
0
0
0
0
27
142
0
0
0
0
0
0
152
33
0
0
0
0
0
0
4015
3934
0
0
0
0
0
0
3956
6
0
0
0
0
0
0
114
155
0
0
0
0
0
0
101
4036
0
0
0
0
0
0
3943
3950
0
0
0
0
0
0
4033
97
0
0
0
0
0
0
167
114
0
0
0
0
0
0
7
3958
0
0
0
0
0
0
3916
4014
0
0
0
0
0
0
38
159
0
0
0
0
0
0
165
30
0
0
0
0
0
0
4002
3920
0
0
0
0
0
0
3948
15
0
0
0
0
0
0
133
168
0
0
0
0
0
0
104
4025
0
0
0
0
0
0
3925
3940
0
0
0
0
0
0
4036
114
0
0
0
0
0
0
186
119
0
0
0
0
0
0
1
3940
0
0
0
0
0
0
3901
4016
0
0
0
0
0
0
50
176
0
0
0
0
0
0
176
25
0
0
0
0
0
0
3987
3904
0
0
0
0
0
0
3943
26
0
0
0
0
0
0
149
181
0
0
0
0
0
0
106
4011
0
0
0
0
0
0
3906
3931
0
0
0
0
0
0
4039
128
0
0
0
0
0
0
203
123
0
0
0
0
0
0
4088
3923
0
0
0
0
0
0
3886
4016
0
0
0
0
0
0
63
192
0
0
0
0
0
0
187
18
0
0
0
0
0
0
3969
3888
0
0
0
0
0
0
3936
36
0
0
0
0
0
0
168
194
0
0
0
0
0
0
107
3997
0
0
0
0
0
0
3888
3923
0
0
0
0
0
0
4042
146
0
0
0
0
0
0
219
126
0
0
0
0
0
0
4079
3905
0
0
0
0
0
0
3871
4018
0
0
0
0
0
0
76
210
0
0
0
0
0
0
198
10
0
0
0
0
0
0
3953
3874
0
0
0
0
0
0
3930
48
0
0
0
0
0
0
185
203
0
0
0
0
0
0
106
3981
0
0
0
0
0
0
3869
3916
0
0
0
0
0
0
4049
164
0
0
0
0
0
0
235
127
0
0
0
0
0
0
4067
3886
0
0
0
0
0
0
3858
4023
0
0
0
0
0
0
93
228
0
0
0
0
0
0
206
1
0
0
0
0
0
0
3934
3859
0
0
0
0
0
0
3926
61
0
0
0
0
0
0
206
216
0
0
0
0
0
0
103
3964
0
0
0
0
0
0
3851
3911
0
0
0
0
0
0
4056
182
0
0
0
0
0
0
253
128
0
0
0
0
0
0
4054
3868
0
0
0
0
0
0
3845
4027
0
0
0
0
0
0
108
245
0
0
0
0
0
0
213
4087
0
0
0
0
0
0
3917
3846
0
0
0
0
0
0
3925
76
0
0
0
0
0
0
225
224
0
0
0
0
0
0
99
3946
0
0
0
0
0
0
3831
3906
0
0
0
0
0
0
4065
200
0
0
0
0
0
0
269
125
0
0
0
0
0
0
4040
3850
0
0
0
0
0
0
3834
4034
0
0
0
0
0
0
126
260
0
0
0
0
0
0
220
4074
0
0
0
0
0
0
3895
3832
0
0
0
0
0
0
3923
91
0
0
0
0
0
0
245
233
0
0
0
0
0
0
95
3929
0
0
0
0
0
0
3813
3902
0
0
0
0
0
0
4077
220
0
0
0
0
0
0
283
125
0
0
0
0
0
0
4026
3833
0
0
0
0
0
0
3822
4042
0
0
0
0
0
0
144
276
0
0
0
0
0
0
227
4062
0
0
0
0
0
0
3875
3820
0
0
0
0
0
0
3925
108
0
0
0
0
0
0
264
240
0
0
0
0
0
0
88
3910
0
0
0
0
0
0
3794
3902
0
0
0
0
0
0
4088
239
0
0
0
0
0
0
298
118
0
0
0
0
0
0
4009
3814
0
0
0
0
0
0
3814
4051
0
0
0
0
0
0
164
293
0
0
0
0
0
0
231
4049
0
0
0
0
0
0
3857
3810
0
0
0
0
0
0
3927
125
0
0
0
0
0
0
283
246
0
0
0
0
0
0
79
3890
0
0
0
0
0
0
3778
3901
0
0
0
0
0
0
5
259
0
0
0
0
0
0
311
114
0
0
0
0
0
0
3992
3796
0
0
0
0
0
0
3805
4062
0
0
0
0
0
0
182
306
0
0
0
0
0
0
233
4035
0
0
0
0
0
0
3836
3800
0
0
0
0
0
0
3929
142
0
0
0
0
0
0
304
251
0
0
0
0
0
0
70
3871
0
0
0
0
0
0
3761
3903
0
0
0
0
0
0
20
278
0
0
0
0
0
0
323
107
0
0
0
0
0
0
3973
3778
0
0
0
0
0
0
3797
4075
0
0
0
0
0
0
205
320
0
0
0
0
0
0
233
4017
0
0
0
0
0
0
3814
3790
0
0
0
0
0
0
3936
162
0
0
0
0
0
0
323
254
0
0
0
0
0
0
60
3852
0
0
0
0
0
0
3747
3906
0
0
0
0
0
0
36
296
0
0
0
0
0
0
335
98
0
0
0
0
0
0
3953
3761
0
0
0
0
0
0
3792
4088
0
0
0
0
0
0
223
331
0
0
0
0
0
0
233
4001
0
0
0
0
0
0
3795
3784
0
0
0
0
0
0
3943
182
0
0
0
0
0
0
340
253
0
0
0
0
0
0
46
3832
0
0
0
0
0
0
3730
3910
0
0
0
0
0
0
52
315
0
0
0
0
0
0
344
87
0
0
0
0
0
0
3934
3746
0
0
0
0
0
0
3789
7
0
0
0
0
0
0
245
343
0
0
0
0
0
0
228
3981
0
0
0
0
0
0
3775
3778
0
0
0
0
0
0
3951
201
0
0
0
0
0
0
359
254
0
0
0
0
0
0
33
3812
0
0
0
0
0
0
3718
3917
0
0
0
0
0
0
71
332
0
0
0
0
0
0
352
77
0
0
0
0
0
0
3914
3732
0
0
0
0
0
0
3786
23
0
0
0
0
0
0
265
352
0
0
0
0
0
0
224
3962
0
0
0
0
0
0
3756
3774
0
0
0
0
0
0
3961
221
0
0
0
0
0
0
376
252
0
0
0
0
0
0
17
3792
0
0
0
0
0
0
3707
3924
0
0
0
0
0
0
89
349
0
0
0
0
0
0
359
64
0
0
0
0
0
0
3893
3719
0
0
0
0
0
0
3787
38
0
0
0
0
0
0
285
360
0
0
0
0
0
0
219
3944
0
0
0
0
0
0
3736
3770
0
0
0
0
0
0
3974
240
0
0
0
0
0
0
391
249
0
0
0
0
0
0
3
3773
0
0
0
0
0
0
3697
3933
0
0
0
0
0
0
109
365
0
0
0
0
0
0
364
51
0
0
0
0
0
0
3873
3707
0
0
0
0
0
0
3788
57
0
0
0
0
0
0
306
366
0
0
0
0
0
0
211
3925
0
0
0
0
0
0
3719
3771
0
0
0
0
0
0
3987
260
0
0
0
0
0
0
403
242
0
0
0
0
0
0
4080
3755
0
0
0
0
0
0
3687
3944
0
0
0
0
0
0
128
379
0
0
0
0
0
0
365
34
0
0
0
0
0
0
3852
3698
0
0
0
0
0
0
3791
74
0
0
0
0
0
0
326
373
0
0
0
0
0
0
202
3905
0
0
0
0
0
0
3702
3773
0
0
0
0
0
0
4000
278
0
0
0
0
0
0
415
236
0
0
0
0
0
0
4063
3740
0
0
0
0
0
0
3682
3956
0
0
0
0
0
0
149
394
0
0
0
0
0
0
366
18
0
0
0
0
0
0
3831
3688
0
0
0
0
0
0
3797
93
0
0
0
0
0
0
344
374
0
0
0
0
0
0
191
3886
0
0
0
0
0
0
3686
3775
0
0
0
0
0
0
4016
299
0
0
0
0
0
0
426
228
0
0
0
0
0
0
4042
3723
0
0
0
0
0
0
3675
3969
0
0
0
0
0
0
169
405
0
0
0
0
0
0
365
0
0
0
0
0
0
0
3810
3682
0
0
0
0
0
0
3806
113
0
0
0
0
0
0
364
375
0
0
0
0
0
0
178
3866
0
0
0
0
0
0
3672
3780
0
0
0
0
0
0
4033
317
0
0
0
0
0
0
437
219
0
0
0
0
0
0
4024
3707
0
0
0
0
0
0
3672
3984
0
0
0
0
0
0
189
415
0
0
0
0
0
0
363
4080
0
0
0
0
0
0
3792
3675
0
0
0
0
0
0
3814
132
0
0
0
0
0
0
380
375
0
0
0
0
0
0
165
3846
0
0
0
0
0
0
3659
3785
0
0
0
0
0
0
4050
334
0
0
0
0
0
0
445
208
0
0
0
0
0
0
4006
3694
0
0
0
0
0
0
3669
3999
0
0
0
0
0
0
210
425
0
0
0
0
0
0
358
4061
0
0
0
0
0
0
3772
3673
0
0
0
0
0
0
3823
152
0
0
0
0
0
0
395
372
0
0
0
0
0
0
150
3828
0
0
0
0
0
0
3648
3793
0
0
0
0
0
0
4070
350
0
0
0
0
0
0
450
193
0
0
0
0
0
0
3983
3681
0
0
0
0
0
0
3669
4015
0
0
0
0
0
0
229
431
0
0
0
0
0
0
350
4042
0
0
0
0
0
0
3755
3671
0
0
0
0
0
0
3837
171
0
0
0
0
0
0
411
369
0
0
0
0
0
0
133
3810
0
0
0
0
0
0
3638
3802
0
0
0
0
0
0
4088
365
0
0
0
0
0
0
454
179
0
0
0
0
0
0
3963
3671
0
0
0
0
0
0
3673
4033
0
0
0
0
0
0
250
439
0
0
0
0
0
0
344
4023
0
0
0
0
0
0
3737
3671
0
0
0
0
0
0
3849
189
0
0
0
0
0
0
423
363
0
0
0
0
0
0
115
3792
0
0
0
0
0
0
3631
3815
0
0
0
0
0
0
12
379
0
0
0
0
0
0
455
163
0
0
0
0
0
0
3943
3660
0
0
0
0
0
0
3676
4051
0
0
0
0
0
0
268
442
0
0
0
0
0
0
333
4004
0
0
0
0
0
0
3722
3673
0
0
0
0
0
0
3863
209
0
0
0
0
0
0
433
355
0
0
0
0
0
0
98
3776
0
0
0
0
0
0
3624
3826
0
0
0
0
0
0
32
391
0
0
0
0
0
0
454
148
0
0
0
0
0
0
3923
3654
0
0
0
0
0
0
3684
4072
0
0
0
0
0
0
288
443
0
0
0
0
0
0
321
3984
0
0
0
0
0
0
3708
3677
0
0
0
0
0
0
3880
226
0
0
0
0
0
0
444
345
0
0
0
0
0
0
79
3761
0
0
0
0
0
0
3621
3841
0
0
0
0
0
0
53
403
0
0
0
0
0
0
453
131
0
0
0
0
0
0
3903
3648
0
0
0
0
0
0
3692
4089
0
0
0
0
0
0
304
443
0
0
0
0
0
0
307
3965
0
0
0
0
0
0
3694
3682
0
0
0
0
0
0
3897
244
0
0
0
0
0
0
451
334
0
0
0
0
0
0
60
3747
0
0
0
0
0
0
3619
3856
0
0
0
0
0
0
72
413
0
0
0
0
0
0
449
112
0
0
0
0
0
0
3884
3643
0
0
0
0
0
0
3701
12
0
0
0
0
0
0
318
442
0
0
0
0
0
0
293
3947
0
0
0
0
0
0
3683
3690
0
0
0
0
0
0
3915
260
0
0
0
0
0
0
458
323
0
0
0
0
0
0
39
3735
0
0
0
0
0
0
3618
3872
0
0
0
0
0
0
91
420
0
0
0
0
0
0
443
95
0
0
0
0
0
0
3867
3642
0
0
0
0
0
0
3713
31
0
0
0
0
0
0
333
438
0
0
0
0
0
0
278
3928
0
0
0
0
0
0
3673
3699
0
0
0
0
0
0
3933
275
0
0
0
0
0
0
463
308
0
0
0
0
0
0
18
3724
0
0
0
0
0
0
3622
3888
0
0
0
0
0
0
112
426
0
0
0
0
0
0
435
75
0
0
0
0
0
0
3850
3642
0
0
0
0
0
0
3725
50
0
0
0
0
0
0
346
431
0
0
0
0
0
0
261
3913
0
0
0
0
0
0
3666
3709
0
0
0
0
0
0
3954
289
0
0
0
0
0
0
464
294
0
0
0
0
0
0
4095
3714
0
0
0
0
0
0
3624
3907
0
0
0
0
0
0
132
430
0
0
0
0
0
0
423
56
0
0
0
0
0
0
3834
3642
0
0
0
0
0
0
3741
69
0
0
0
0
0
0
359
426
0
0
0
0
0
0
243
3896
0
0
0
0
0
0
3659
3722
0
0
0
0
0
0
3973
302
0
0
0
0
0
0
465
277
0
0
0
0
0
0
4075
3705
0
0
0
0
0
0
3630
3924
0
0
0
0
0
0
148
431
0
0
0
0
0
0
414
38
0
0
0
0
0
0
3820
3647
0
0
0
0
0
0
3756
87
0
0
0
0
0
0
367
415
0
0
0
0
0
0
225
3880
0
0
0
0
0
0
3655
3735
0
0
0
0
0
0
3994
313
0
0
0
0
0
0
463
261
0
0
0
0
0
0
4056
3699
0
0
0
0
0
0
3637
3944
0
0
0
0
0
0
165
432
0
0
0
0
0
0
402
17
0
0
0
0
0
0
3803
3650
0
0
0
0
0
0
3773
104
0
0
0
0
0
0
375
406
0
0
0
0
0
0
205
3866
0
0
0
0
0
0
3653
3752
0
0
0
0
0
0
4013
324
0
0
0
0
0
0
458
242
0
0
0
0
0
0
4037
3696
0
0
0
0
0
0
3647
3964
0
0
0
0
0
0
183
432
0
0
0
0
0
0
387
4095
0
0
0
0
0
0
3792
3659
0
0
0
0
0
0
3790
122
0
0
0
0
0
0
384
394
0
0
0
0
0
0
184
3853
0
0
0
0
0
0
3651
3767
0
0
0
0
0
0
4034
332
0
0
0
0
0
0
453
225
0
0
0
0
0
0
4019
3693
0
0
0
0
0
0
3659
3982
0
0
0
0
0
0
197
428
0
0
0
0
0
0
370
4076
0
0
0
0
0
0
3783
3667
0
0
0
0
0
0
3808
137
0
0
0
0
0
0
387
379
0
0
0
0
0
0
164
3841
0
0
0
0
0
0
3654
3785
0
0
0
0
0
0
4054
337
0
0
0
0
0
0
446
205
0
0
0
0
0
0
4002
3693
0
0
0
0
0
0
3670
4001
0
0
0
0
0
0
211
423
0
0
0
0
0
0
353
4059
0
0
0
0
0
0
3775
3678
0
0
0
0
0
0
3829
152
0
0
0
0
0
0
390
365
0
0
0
0
0
0
144
3831
0
0
0
0
0
0
3658
3803
0
0
0
0
0
0
4073
343
0
0
0
0
0
0
436
186
0
0
0
0
0
0
3985
3693
0
0
0
0
0
0
3686
4020
0
0
0
0
0
0
223
415
0
0
0
0
0
0
336
4043
0
0
0
0
0
0
3768
3692
0
0
0
0
0
0
3850
165
0
0
0
0
0
0
390
349
0
0
0
0
0
0
123
3822
0
0
0
0
0
0
3662
3821
0
0
0
0
0
0
4092
346
0
0
0
0
0
0
426
167
0
0
0
0
0
0
3968
3697
0
0
0
0
0
0
3702
4040
0
0
0
0
0
0
235
408
0
0
0
0
0
0
317
4026
0
0
0
0
0
0
3763
3704
0
0
0
0
0
0
3869
176
0
0
0
0
0
0
390
331
0
0
0
0
0
0
104
3816
0
0
0
0
0
0
3671
3841
0
0
0
0
0
0
13
347
0
0
0
0
0
0
413
146
0
0
0
0
0
0
3955
3701
0
0
0
0
0
0
3718
4057
0
0
0
0
0
0
243
397
0
0
0
0
0
0
298
4011
0
0
0
0
0
0
3759
3718
0
0
0
0
0
0
3890
188
0
0
0
0
0
0
387
314
0
0
0
0
0
0
83
3811
0
0
0
0
0
0
3679
3858
0
0
0
0
0
0
30
346
0
0
0
0
0
0
399
127
0
0
0
0
0
0
3942
3707
0
0
0
0
0
0
3735
4075
0
0
0
0
0
0
251
386
0
0
0
0
0
0
277
3996
0
0
0
0
0
0
3758
3734
0
0
0
0
0
0
3910
196
0
0
0
0
0
0
382
295
0
0
0
0
0
0
66
3807
0
0
0
0
0
0
3690
3880
0
0
0
0
0
0
46
344
0
0
0
0
0
0
382
108
0
0
0
0
0
0
3931
3715
0
0
0
0
0
0
3756
4092
0
0
0
0
0
0
257
373
0
0
0
0
0
0
256
3982
0
0
0
0
0
0
3759
3751
0
0
0
0
0
0
3932
205
0
0
0
0
0
0
375
275
0
0
0
0
0
0
46
3805
0
0
0
0
0
0
3702
3899
0
0
0
0
0
0
61
340
0
0
0
0
0
0
367
89
0
0
0
0
0
0
3920
3726
0
0
0
0
0
0
3775
12
0
0
0
0
0
0
260
357
0
0
0
0
0
0
236
3974
0
0
0
0
0
0
3760
3770
0
0
0
0
0
0
3952
212
0
0
0
0
0
0
367
257
0
0
0
0
0
0
29
3805
0
0
0
0
0
0
3713
3919
0
0
0
0
0
0
75
335
0
0
0
0
0
0
350
73
0
0
0
0
0
0
3912
3735
0
0
0
0
0
0
3795
26
0
0
0
0
0
0
263
342
0
0
0
0
0
0
215
3962
0
0
0
0
0
0
3765
3788
0
0
0
0
0
0
3971
216
0
0
0
0
0
0
359
238
0
0
0
0
0
0
13
3807
0
0
0
0
0
0
3728
3937
0
0
0
0
0
0
86
327
0
0
0
0
0
0
333
55
0
0
0
0
0
0
3905
3749
0
0
0
0
0
0
3815
40
0
0
0
0
0
0
264
327
0
0
0
0
0
0
195
3955
0
0
0
0
0
0
3770
3806
0
0
0
0
0
0
3990
217
0
0
0
0
0
0
347
217
0
0
0
0
0
0
4092
3809
0
0
0
0
0
0
3747
3958
0
0
0
0
0
0
98
318
0
0
0
0
0
0
311
38
0
0
0
0
0
0
3901
3763
0
0
0
0
0
0
3836
52
0
0
0
0
0
0
263
310
0
0
0
0
0
0
174
3947
0
0
0
0
0
0
3777
3825
0
0
0
0
0
0
4009
220
0
0
0
0
0
0
335
198
0
0
0
0
0
0
4079
3815
0
0
0
0
0
0
3762
3973
0
0
0
0
0
0
106
307
0
0
0
0
0
0
292
24
0
0
0
0
0
0
3898
3776
0
0
0
0
0
0
3856
62
0
0
0
0
0
0
260
292
0
0
0
0
0
0
154
3942
0
0
0
0
0
0
3787
3845
0
0
0
0
0
0
4025
217
0
0
0
0
0
0
321
178
0
0
0
0
0
0
4065
3820
0
0
0
0
0
0
3779
3992
0
0
0
0
0
0
115
297
0
0
0
0
0
0
273
9
0
0
0
0
0
0
3895
3792
0
0
0
0
0
0
3878
73
0
0
0
0
0
0
255
273
0
0
0
0
0
0
135
3938
0
0
0
0
0
0
3797
3865
0
0
0
0
0
0
4042
218
0
0
0
0
0
0
305
159
0
0
0
0
0
0
4053
3827
0
0
0
0
0
0
3799
4009
0
0
0
0
0
0
121
284
0
0
0
0
0
0
252
4094
0
0
0
0
0
0
3895
3810
0
0
0
0
0
0
3898
81
0
0
0
0
0
0
249
254
0
0
0
0
0
0
117
3935
0
0
0
0
0
0
3808
3884
0
0
0
0
0
0
4057
214
0
0
0
0
0
0
290
141
0
0
0
0
0
0
4045
3838
0
0
0
0
0
0
3816
4025
0
0
0
0
0
0
126
271
0
0
0
0
0
0
232
4081
0
0
0
0
0
0
3898
3827
0
0
0
0
0
0
3918
87
0
0
0
0
0
0
242
236
0
0
0
0
0
0
100
3935
0
0
0
0
0
0
3820
3902
0
0
0
0
0
0
4071
209
0
0
0
0
0
0
273
123
0
0
0
0
0
0
4035
3848
0
0
0
0
0
0
3836
4040
0
0
0
0
0
0
128
256
0
0
0
0
0
0
211
4071
0
0
0
0
0
0
3901
3844
0
0
0
0
0
0
3936
93
0
0
0
0
0
0
233
215
0
0
0
0
0
0
82
3937
0
0
0
0
0
0
3834
3922
0
0
0
0
0
0
4084
203
0
0
0
0
0
0
255
106
0
0
0
0
0
0
4028
3858
0
0
0
0
0
0
3857
4053
0
0
0
0
0
0
129
239
0
0
0
0
0
0
192
4062
0
0
0
0
0
0
3903
3861
0
0
0
0
0
0
3954
95
0
0
0
0
0
0
225
199
0
0
0
0
0
0
67
3938
0
0
0
0
0
0
3849
3940
0
0
0
0
0
0
4095
197
0
0
0
0
0
0
238
91
0
0
0
0
0
0
4021
3870
0
0
0
0
0
0
3875
4066
0
0
0
0
0
0
131
227
0
0
0
0
0
0
173
4055
0
0
0
0
0
0
3910
3879
0
0
0
0
0
0
3972
97
0
0
0
0
0
0
214
180
0
0
0
0
0
0
52
3940
0
0
0
0
0
0
3864
3958
0
0
0
0
0
0
7
188
0
0
0
0
0
0
220
76
0
0
0
0
0
0
4017
3883
0
0
0
0
0
0
3895
4077
0
0
0
0
0
0
130
211
0
0
0
0
0
0
155
4048
0
0
0
0
0
0
3918
3897
0
0
0
0
0
0
3990
98
0
0
0
0
0
0
201
161
0
0
0
0
0
0
40
3946
0
0
0
0
0
0
3879
3975
0
0
0
0
0
0
16
178
0
0
0
0
0
0
203
62
0
0
0
0
0
0
4013
3897
0
0
0
0
0
0
3913
4086
0
0
0
0
0
0
127
193
0
0
0
0
0
0
137
4044
0
0
0
0
0
0
3925
3916
0
0
0
0
0
0
4005
99
0
0
0
0
0
0
189
144
0
0
0
0
0
0
29
3951
0
0
0
0
0
0
3894
3990
0
0
0
0
0
0
24
167
0
0
0
0
0
0
184
49
0
0
0
0
0
0
4013
3910
0
0
0
0
0
0
3932
4094
0
0
0
0
0
0
123
177
0
0
0
0
0
0
119
4040
0
0
0
0
0
0
3933
3931
0
0
0
0
0
0
4020
98
0
0
0
0
0
0
176
128
0
0
0
0
0
0
18
3957
0
0
0
0
0
0
3911
4005
0
0
0
0
0
0
29
156
0
0
0
0
0
0
166
38
0
0
0
0
0
0
4012
3925
0
0
0
0
0
0
3950
6
0
0
0
0
0
0
119
161
0
0
0
0
0
0
103
4038
0
0
0
0
0
0
3943
3949
0
0
0
0
0
0
4031
94
0
0
0
0
0
0
161
111
0
0
0
0
0
0
9
3965
0
0
0
0
0
0
3927
4019
0
0
0
0
0
0
33
145
0
0
0
0
0
0
150
29
0
0
0
0
0
0
4014
3939
0
0
0
0
0
0
3965
11
0
0
0
0
0
0
111
144
0
0
0
0
0
0
89
4037
0
0
0
0
0
0
3955
3965
0
0
0
0
0
0
4043
89
0
0
0
0
0
0
149
96
0
0
0
0
0
0
2
3973
0
0
0
0
0
0
3944
4031
0
0
0
0
0
0
36
133
0
0
0
0
0
0
134
21
0
0
0
0
0
0
4016
3954
0
0
0
0
0
0
3982
16
0
0
0
0
0
0
105
129
0
0
0
0
0
0
74
4036
0
0
0
0
0
0
3965
3980
0
0
0
0
0
0
4053
85
0
0
0
0
0
0
135
82
0
0
0
0
0
0
4091
3983
0
0
0
0
0
0
3960
4043
0
0
0
0
0
0
38
121
0
0
0
0
0
0
116
11
0
0
0
0
0
0
4018
3968
0
0
0
0
0
0
3997
20
0
0
0
0
0
0
97
113
0
0
0
0
0
0
61
4037
0
0
0
0
0
0
3976
3995
0
0
0
0
0
0
4064
81
0
0
0
0
0
0
121
70
0
0
0
0
0
0
4087
3992
0
0
0
0
0
0
3974
4051
0
0
0
0
0
0
38
108
0
0
0
0
0
0
101
5
0
0
0
0
0
0
4023
3983
0
0
0
0
0
0
4012
22
0
0
0
0
0
0
90
100
0
0
0
0
0
0
51
4040
0
0
0
0
0
0
3988
4009
0
0
0
0
0
0
4071
73
0
0
0
0
0
0
106
56
0
0
0
0
0
0
4083
4001
0
0
0
0
0
0
3990
4061
0
0
0
0
0
0
38
96
0
0
0
0
0
0
86
0
0
0
0
0
0
0
4027
3995
0
0
0
0
0
0
4024
23
0
0
0
0
0
0
80
85
0
0
0
0
0
0
39
4042
0
0
0
0
0
0
3999
4022
0
0
0
0
0
0
4079
68
0
0
0
0
0
0
93
47
0
0
0
0
0
0
4080
4011
0
0
0
0
0
0
4003
4068
0
0
0
0
0
0
36
84
0
0
0
0
0
0
73
4092
0
0
0
0
0
0
4033
4009
0
0
0
0
0
0
4038
24
0
0
0
0
0
0
71
72
0
0
0
0
0
0
31
4046
0
0
0
0
0
0
4009
4033
0
0
0
0
0
0
4083
60
0
0
0
0
0
0
82
38
0
0
0
0
0
0
4079
4021
0
0
0
0
0
0
4017
4077
0
0
0
0
0
0
35
72
0
0
0
0
0
0
60
4089
0
0
0
0
0
0
4039
4022
0
0
0
0
0
0
4047
22
0
0
0
0
0
0
63
61
0
0
0
0
0
0
22
4051
0
0
0
0
0
0
4023
4045
0
0
0
0
0
0
4089
54
0
0
0
0
0
0
69
28
0
0
0
0
0
0
4078
4031
0
0
0
0
0
0
4029
4082
0
0
0
0
0
0
31
61
0
0
0
0
0
0
50
4088
0
0
0
0
0
0
4046
4033
0
0
0
0
0
0
4056
21
0
0
0
0
0
0
55
50
0
0
0
0
0
0
18
4058
0
0
0
0
0
0
4032
4054
0
0
0
0
0
0
4092
45
0
0
0
0
0
0
56
21
0
0
0
0
0
0
4078
4039
0
0
0
0
0
0
4040
4087
0
0
0
0
0
0
29
52
0
0
0
0
0
0
40
4085
0
0
0
0
0
0
4053
4044
0
0
0
0
0
0
4064
19
0
0
0
0
0
0
45
39
0
0
0
0
0
0
11
4061
0
0
0
0
0
0
4041
4062
0
0
0
0
0
0
4095
38
0
0
0
0
0
0
46
15
0
0
0
0
0
0
4078
4050
0
0
0
0
0
0
4050
4089
0
0
0
0
0
0
23
41
0
0
0
0
0
0
31
4085
0
0
0
0
0
0
4057
4053
0
0
0
0
0
0
4072
17
0
0
0
0
0
0
38
30
0
0
0
0
0
0
7
4065
0
0
0
0
0
0
4051
4070
0
0
0
0
0
0
0
31
0
0
0
0
0
0
35
10
0
0
0
0
0
0
4079
4057
0
0
0
0
0
0
4060
4092
0
0
0
0
0
0
21
32
0
0
0
0
0
0
23
4085
0
0
0
0
0
0
4063
4061
0
0
0
0
0
0
4078
15
0
0
0
0
0
0
30
22
0
0
0
0
0
0
4
4070
0
0
0
0
0
0
4061
4078
0
0
0
0
0
0
1
26
0
0
0
0
0
0
27
7
0
0
0
0
0
0
4082
4066
0
0
0
0
0
0
4069
4095
0
0
0
0
0
0
17
25
0
0
0
0
0
0
15
4086
0
0
0
0
0
0
4071
4070
0
0
0
0
0
0
4083
12
0
0
0
0
0
0
22
15
0
0
0
0
0
0
1
4075
0
0
0
0
0
0
4068
4081
0
0
0
0
0
0
1
20
0
0
0
0
0
0
19
3
0
0
0
0
0
0
4082
4072
0
0
0
0
0
0
4075
4094
0
0
0
0
0
0
12
17
0
0
0
0
0
0
10
4088
0
0
0
0
0
0
4075
4076
0
0
0
0
0
0
4087
10
0
0
0
0
0
0
15
10
0
0
0
0
0
0
4094
4078
0
0
0
0
0
0
4077
4086
0
0
0
0
0
0
1
13
0
0
0
0
0
0
13
1
0
0
0
0
0
0
4085
4078
0
0
0
0
0
0
4081
4095
0
0
0
0
0
0
8
12
0
0
0
0
0
0
4
4088
0
0
0
0
0
0
4081
4082
0
0
0
0
0
0
4088
5
0
0
0
0
0
0
10
6
0
0
0
0
0
0
4094
4083
0
0
0
0
0
0
4081
4089
0
0
0
0
0
0
0
7
0
0
0
0
0
0
7
4095
0
0
0
0
0
0
4087
4084
0
0
0
0
0
0
4086
0
0
0
0
0
0
0
6
6
0
0
0
0
0
0
3
4089
0
0
0
0
0
0
4085
4087
0
0
0
0
0
0
4092
4
0
0
0
0
0
0
7
3
0
0
0
0
0
0
4093
4087
0
0
0
0
0
0
4085
4090
0
0
0
0
0
0
0
4
0
0
0
0
0
0
4
4094
0
0
0
0
0
0
4090
4088
0
0
0
0
0
0
4090
0
0
0
0
0
0
0
1
2
0
0
0
0
0
0
4095
4091
0
0
0
0
0
0
4089
4090
0
0
0
0
0
0
4093
1
0
0
0
0
0
0
3
1
0
0
0
0
0
0
4094
4091
0
0
0
0
0
0
4089
4093
0
0
0
0
0
0
4095
1
0
0
0
0
0
0
0
4093
0
0
0
0
0
0
4091
4090
0
0
0
0
0
0
4092
0
0
0
0
0
0
0
4095
4095
0
0
0
0
0
0
4094
4092
0
0
0
0
0
0
4090
4092
0
0
0
0
0
0
4093
0
0
0
0
0
0
0
4095
4094
0
0
0
0
0
0
4093
4092
0
0
0
0
0
0
4093
4095
0
0
0
0
0
0
4094
4095
0
0
0
0
0
0
4095
4094
0
0
0
0
0
0
4093
4094
0
0
0
0
0
0
4093
4094
0
0
0
0
0
0
4094
4095
0
0
0
0
0
0
4093
4093
0
0
0
0
0
0
4092
4094
0
0
0
0
0
0
4093
4095
0
0
0
0
0
0
4095
4095
0
0
0
0
0
0
4094
4095
0
0
0
0
0
0
4095
4094
0
0
0
0
0
0
4094
4095
0
0
0
0
0
0
4094
4095
0
0
0
0
0
0
4095
4095
0
0
0
0
0
0
4095
4094
0
0
0
0
0
0
4094
4094
0
0
0
0
0
0
4093
4095
0
0
0
0
0
0
4095
0
0
0
0
0
0
0
0
0
0
0
0
0
0
0
0
0
0
0
0
0
0
0
0
4095
0
0
0
0
0
0
4095
4095
0
0
0
0
0
0
4095
4095
0
0
0
0
0
0
4095
0
0
0
0
0
0
0
4095
0
0
0
0
0
0
0
0
0
0
0
0
0
0
0
0
0
0
0
0
0
0
0
0
0
0
0
0
0
0
0
0
0
0
0
0
0
0
0
0
0
0
0
0
0
0
0
0
0
0
0
0
0
0
0
0
0
0
0
0
0
0
0
0
0
0
0
0
0
0
0
0
0
0
0
0
0
0
0
0
0
0
0
0
0
0
0
0
0
0
0
0
0
0
0
0
0
0
0
0
0
0
0
0
0
0
0
0
0
0
0
0
0
0
0
0
0
0
0
0
0
0
0
0
0
0
0
0
0
0
0
0
0
0
0
0
0
0
0
0
0
0
0
0
0
0
0
0
0
0
0
0
0
0
0
0
0
0
0
0
0
0
0
0
0
0
0
0
0
0
0
0
0
0
0
0
0
0
0
0
0
0
0
0
0
0
0
0
0
0
0
0
0
0
0
0
0
0
0
0
0
0
0
0
0
0
0
0
0
0
0
0
0
0
0
0
0
0
0
0
0
0
0
0
0
0
0
0
0
0
0
0
0
0
0
0
0
0
0
0
0
0
0
0
0
0
0
0
0
0
0
0
0
0
0
0
0
0
0
0
0
0
0
0
0
0
0
0
0
0
0
0
0
0
0
0
0
0
0
0
0
0
0
0
0
0
0
0
0
0
0
0
0
0
0
0
0
0
0
0
0
0
0
0
0
0
0
0
0
0
0
0
0
0
0
0
0
0
0
0
0
0
0
0
0
0
0
0
0
0
0
0
0
0
0
0
0
0
0
0
0
0
0
0
0
0
0
0
0
0
0
0
0
0
0
0
0
0
0
0
0
0
0
0
0
0
0
0
0
0
0
0
0
0
0
0
0
0
0
0
0
0
0
0
0
0
0
0
0
0
0
0
0
0
0
0
0
0
0
0
0
0
0
0
0
0
0
0
0
0
0
0
0
0
0
0
0
0
0
0
0
0
0
0
0
0
0
0
0
0
0
0
0
0
0
0
0
0
0
0
0
0
0
0
0
0
0
0
0
0
0
0
0
0
0
0
0
0
0
0
0
0
0
0
0
0
0
0
0
0
0
0
0
0
0
0
0
0
0
0
0
0
0
0
0
0
0
0
0
0
0
0
0
0
0
0
0
0
0
0
0
0
0
0
0
0
0
0
0
0
0
0
0
0
0
0
0
0
0
0
0
0
0
0
0
0
0
0
0
0
0
0
0
0
0
0
0
0
0
0
0
0
0
0
0
0
0
0
0
0
0
0
0
0
0
0
0
0
0
0
0
0
0
0
0
0
0
0
0
0
0
0
0
0
0
0
0
0
0
0
0
0
0
0
0
0
0
0
0
0
0
0
0
0
0
0
0
0
0
0
0
0
0
0
0
0
0
0
0
0
0
0
0
0
0
0
0
0
0
0
0
0
0
0
0
0
0
0
0
0
0
0
0
0
0
0
0
0
0
0
0
0
0
0
0
0
0
0
0
0
0
0
0
0
0
0
0
0
0
0
0
0
0
0
0
0
0
0
0
0
0
0
0
0
0
0
0
0
0
0
0
0
0
0
0
0
0
0
0
0
0
0
0
0
0
0
0
0
0
0
0
0
0
0
0
0
0
0
0
0
0
0
0
0
0
0
0
0
0
0
0
0
0
0
0
0
0
0
0
0
0
0
0
0
0
0
0
0
0
0
0
0
0
0
0
0
0
0
0
0
0
0
0
0
0
0
0
0
0
0
0
0
0
0
0
0
0
0
0
0
0
0
0
0
0
0
0
0
0
0
0
0
0
0
0
0
0
0
0
0
0
0
0
0
0
0
0
0
0
0
0
0
0
0
0
0
0
0
0
0
0
0
0
0
0
0
0
0
0
0
0
0
0
0
0
0
0
0
0
0
0
0
0
0
0
0
0
0
0
0
0
0
0
0
0
0
0
0
0
0
0
0
0
0
0
0
0
0
0
0
0
0
0
0
0
0
0
0
0
0
0
0
0
0
0
0
0
0
0
0
0
0
0
0
0
0
0
0
0
0
0
0
0
0
0
0
0
0
0
0
0
0
0
0
0
0
0
0
0
0
0
0
0
0
0
0
0
0
0
0
0
0
0
0
0
0
0
0
0
0
0
0
0
0
0
0
0
0
0
0
0
0
0
0
0
0
0
0
0
0
0
0
0
0
0
0
0
0
0
0
0
0
0
0
0
0
0
0
0
0
0
0
0
0
0
0
0
0
0
0
0
0
0
0
0
0
0
0
0
0
0
0
0
0
0
0
0
0
0
0
0
0
0
0
0
0
0
0
0
0
0
0
0
0
0
0
0
0
0
0
0
0
0
0
0
0
0
0
0
0
0
0
0
0
0
0
0
0
0
0
0
0
0
0
0
0
0
0
0
0
0
0
0
0
0
0
0
0
0
0
0
0
0
0
0
0
0
0
0
0
0
0
0
0
0
0
0
0
0
0
0
0
0
0
0
0
0
0
0
0
0
0
0
0
0
0
0
0
0
0
0
0
0
0
0
0
0
0
0
0
0
0
0
0
0
0
0
0
0
0
0
0
0
0
0
0
0
0
0
0
0
0
0
0
0
0
0
0
0
0
0
0
0
0
0
0
0
0
0
0
0
0
0
0
0
0
0
0
0
0
0
0
0
0
0
0
0
0
0
0
0
0
0
0
0
0
0
0
0
0
0
0
0
0
0
0
0
0
0
0
0
0
0
0
0
0
0
0
0
0
0
0
0
0
0
0
0
0
0
0
0
0
0
0
0
0
0
0
0
0
0
0
0
0
0
0
0
0
0
0
0
0
0
0
0
0
0
0
0
0
0
0
0
0
0
0
0
0
0
0
0
0
0
0
0
0
0
0
0
0
0
0
0
0
0
0
0
0
0
0
0
0
0
0
0
0
0
0
0
0
0
0
0
0
0
0
0
0
0
0
0
0
0
0
0
0
0
0
0
0
0
0
0
0
0
0
0
0
0
0
0
0
0
0
0
0
0
0
0
0
0
0
0
0
0
0
0
0
0
0
0
0
0
0
0
0
0
0
0
0
0
0
0
0
0
0
0
0
0
0
0
0
0
0
0
0
0
0
0
0
0
0
0
0
0
0
0
0
0
0
0
0
0
0
0
0
0
0
0
0
0
0
0
0
0
0
0
0
0
0
0
0
0
0
0
0
0
0
0
0
0
0
0
0
0
0
0
0
0
0
0
0
0
0
0
0
0
0
0
0
0
0
0
0
0
0
0
0
0
0
0
0
0
0
0
0
0
0
0
0
0
0
0
0
0
0
0
0
0
0
0
0
0
0
0
0
0
0
0
0
0
0
0
0
0
0
0
0
0
0
0
0
0
0
0
0
0
0
0
0
0
0
0
0
0
0
0
0
0
0
0
0
0
0
0
0
0
0
0
0
0
0
0
0
0
0
0
0
0
0
0
0
0
0
0
0
0
0
0
0
0
0
0
0
0
0
0
0
0
0
0
0
0
0
0
0
0
0
0
0
0
0
0
0
0
0
0
0
0
0
0
0
0
0
0
0
0
0
0
0
0
0
0
0
0
0
0
0
0
0
0
0
0
0
0
0
0
0
0
0
0
0
0
0
0
0
0
0
0
0
0
0
0
0
0
0
0
0
0
0
0
0
0
0
0
0
0
0
0
0
0
0
0
0
0
0
0
0
0
0
0
0
0
0
0
0
0
0
0
0
0
0
0
0
0
0
0
0
0
0
0
0
0
0
0
0
0
0
0
0
0
0
0
0
0
0
0
0
0
0
0
0
0
0
0
0
0
0
0
0
0
0
0
0
0
0
0
0
0
0
0
0
0
0
0
0
0
0
0
0
0
0
0
0
0
0
0
0
0
0
0
0
0
0
0
0
0
0
0
0
0
0
0
0
0
0
0
0
0
0
0
0
0
0
0
0
0
0
0
0
0
0
0
0
0
0
0
0
0
0
0
0
0
0
0
0
0
0
0
0
0
0
0
0
0
0
0
0
0
0
0
0
0
0
0
0
0
0
0
0
0
0
0
0
0
0
0
0
0
0
0
0
0
0
0
0
0
0
0
0
0
0
0
0
0
0
0
0
0
0
0
0
0
0
0
0
0
0
0
0
0
0
0
0
0
0
0
0
0
0
0
0
0
0
0
0
0
0
0
0
0
0
0
0
0
0
0
0
0
0
0
0
0
0
0
0
0
0
0
0
0
0
0
0
0
0
0
0
0
0
0
0
0
0
0
0
0
0
0
0
0
0
0
0
0
0
0
0
0
0
0
0
0
0
0
0
0
0
0
0
0
0
0
0
0
0
0
0
0
0
0
0
0
0
0
0
0
0
0
0
0
0
0
0
0
0
0
0
0
0
0
0
0
0
0
0
0
0
0
0
0
0
0
0
0
0
0
0
0
0
0
0
0
0
0
0
0
0
0
0
0
0
0
0
0
0
0
0
0
0
0
0
0
0
0
0
0
0
0
0
0
0
0
0
0
0
0
0
0
0
0
0
0
0
0
0
0
0
0
0
0
0
0
0
0
0
0
0
0
0
0
0
0
0
0
0
0
0
0
0
0
0
0
0
0
0
0
0
0
0
0
0
0
0
0
0
0
0
0
0
0
0
0
0
0
0
0
0
0
0
0
0
0
0
0
0
0
0
0
0
0
0
0
0
0
0
0
0
0
0
0
0
0
0
0
0
0
0
0
0
0
0
0
0
0
0
0
0
0
0
0
0
0
0
0
0
0
0
0
0
0
0
0
0
0
0
0
0
0
0
0
0
0
0
0
0
0
0
0
0
0
0
0
0
0
0
0
0
0
0
0
0
0
0
0
0
0
0
0
0
0
0
0
0
0
0
0
0
0
0
0
0
0
0
0
0
0
0
0
0
0
0
0
0
0
0
0
0
0
0
0
0
0
0
0
0
0
0
0
0
0
0
0
0
0
0
0
0
0
0
0
0
0
0
0
0
0
0
0
0
0
0
0
0
0
0
0
0
0
0
0
0
0
0
0
0
0
0
0
0
0
0
0
0
0
0
0
0
0
0
0
0
0
0
0
0
0
0
0
0
0
0
0
0
0
0
0
0
0
0
0
0
0
0
0
0
0
0
0
0
0
0
0
0
0
0
0
0
0
0
0
0
0
0
0
0
0
0
0
0
0
0
0
0
0
0
0
0
0
0
0
0
0
0
0
0
0
0
0
0
0
0
0
0
0
0
0
0
0
0
0
0
0
0
0
0
0
0
0
0
0
0
0
0
0
0
0
0
0
0
0
0
0
0
0
0
0
0
0
0
0
0
0
0
0
0
0
0
0
0
0
0
0
0
0
0
0
0
0
0
0
0
0
0
0
0
0
0
0
0
0
0
0
0
0
0
0
0
0
0
0
0
0
0
0
0
0
0
0
0
0
0
0
0
0
0
0
0
0
0
0
0
0
0
0
0
0
0
0
0
0
0
0
0
0
0
0
0
0
0
0
0
0
0
0
0
0
0
0
0
0
0
0
0
0
0
0
0
0
0
0
0
0
0
0
0
0
0
0
0
0
0
0
0
0
0
0
0
0
0
0
0
0
0
0
0
0
0
0
0
0
0
0
0
0
0
0
0
0
0
0
0
0
0
0
0
0
0
0
0
0
0
0
0
0
0
0
0
0
0
0
0
0
0
0
0
0
0
0
0
0
0
0
0
0
0
0
0
0
0
0
0
0
0
0
0
0
0
0
0
0
0
0
0
0
0
0
0
0
0
0
0
0
0
0
0
0
0
0
0
0
0
0
0
0
0
0
0
0
0
0
0
0
0
0
0
0
0
0
0
0
0
0
0
0
0
0
0
0
0
0
0
0
0
0
0
0
0
0
0
0
0
0
0
0
0
0
0
0
0
0
0
0
0
0
0
0
0
0
0
0
0
0
0
0
0
0
0
0
0
0
0
0
0
0
0
0
0
0
0
0
0
0
0
0
0
0
0
0
0
0
0
0
0
0
0
0
0
0
0
0
0
0
0
0
0
0
0
0
0
0
0
0
0
0
0
0
0
0
0
0
0
0
0
0
0
0
0
0
0
0
0
0
0
0
0
0
0
0
0
0
0
0
0
0
0
0
0
0
0
0
0
0
0
0
0
0
0
0
0
0
0
0
0
0
0
0
0
0
0
0
0
0
0
0
0
0
0
0
0
0
0
0
0
0
0
0
0
0
0
0
0
0
0
0
0
0
0
0
0
0
0
0
0
0
0
0
0
0
0
0
0
0
0
0
0
0
0
0
0
0
0
0
0
0
0
0
0
0
0
0
0
0
0
0
0
0
0
0
0
0
0
0
0
0
0
0
0
0
0
0
0
0
0
0
0
0
0
0
0
0
0
0
0
0
0
0
0
0
0
0
0
0
0
0
0
0
0
0
0
0
0
0
0
0
0
0
0
0
0
0
0
0
0
0
0
0
0
0
0
0
0
0
0
0
0
0
0
0
0
0
0
0
0
0
0
0
0
0
0
0
0
0
0
0
0
0
0
0
0
0
0
0
0
0
0
0
0
0
0
0
0
0
0
0
0
0
0
0
0
0
0
0
0
0
0
0
0
0
0
0
0
0
0
0
0
0
0
0
0
0
0
0
0
0
0
0
0
0
0
0
0
0
0
0
0
0
0
0
0
0
0
0
0
0
0
0
0
0
0
0
0
0
0
0
0
0
0
0
0
0
0
0
0
0
0
0
0
0
0
0
0
0
0
0
0
0
0
0
0
0
0
0
0
0
0
0
0
0
0
0
0
0
0
0
0
0
0
0
0
0
0
0
0
0
0
0
0
0
0
0
0
0
0
0
0
0
0
0
0
0
0
0
0
0
0
0
0
0
0
0
0
0
0
0
0
0
0
0
0
0
0
0
0
0
0
0
0
0
0
0
0
0
0
0
0
0
0
0
0
0
0
0
0
0
0
0
0
0
0
0
0
0
0
0
0
0
0
0
0
0
0
0
0
0
0
0
0
0
0
0
0
0
0
0
0
0
0
0
0
0
0
0
0
0
0
0
0
0
0
0
0
0
0
0
0
0
0
0
0
0
0
0
0
0
0
0
0
0
0
0
0
0
0
0
0
0
0
0
0
0
0
0
0
0
0
0
0
0
0
0
0
0
0
0
0
0
0
0
0
0
0
0
0
0
0
0
0
0
0
0
0
0
0
0
0
0
0
0
0
0
0
0
0
0
0
0
0
0
0
0
0
0
0
0
0
0
0
0
0
0
0
0
0
0
0
0
0
0
0
0
0
0
0
0
0
0
0
0
0
0
0
0
0
0
0
0
0
0
0
0
0
0
0
0
0
0
0
0
0
0
0
0
0
0
0
0
0
0
0
0
0
0
0
0
0
0
0
0
0
0
0
0
0
0
0
0
0
0
0
0
0
0
0
0
0
0
0
0
0
0
0
0
0
0
0
0
0
0
0
0
0
0
0
0
0
0
0
0
0
0
0
0
0
0
0
0
0
0
0
0
0
0
0
0
0
0
0
0
0
0
0
0
0
0
0
0
0
0
0
0
0
0
0
0
0
0
0
0
0
0
0
0
0
0
0
0
0
0
0
0
0
0
0
0
0
0
0
0
0
0
0
0
0
0
0
0
0
0
0
0
0
0
0
0
0
0
0
0
0
0
0
0
0
0
0
0
0
0
0
0
0
0
0
0
0
0
0
0
0
0
0
0
0
0
0
0
0
0
0
0
0
0
0
0
0
0
0
0
0
0
0
0
0
0
0
0
0
0
0
0
0
0
0
0
0
0
0
0
0
0
0
0
0
0
0
0
0
0
0
0
0
0
0
0
0
0
0
0
0
0
0
0
0
0
0
0
0
0
0
0
0
0
0
0
0
0
0
0
0
0
0
0
0
0
0
0
0
0
0
0
0
0
0
0
0
0
0
0
0
0
0
0
0
0
0
0
0
0
0
0
0
0
0
0
0
0
0
0
0
0
0
0
0
0
0
0
0
0
0
0
0
0
0
0
0
0
0
0
0
0
0
0
0
0
0
0
0
0
0
0
0
0
0
0
0
0
0
0
0
0
0
0
0
0
0
0
0
0
0
0
0
0
0
0
0
0
0
0
0
0
0
0
0
0
0
0
0
0
0
0
0
0
0
0
0
0
0
0
0
0
0
0
0
0
0
0
0
0
0
0
0
0
0
0
0
0
0
0
0
0
0
0
0
0
0
0
0
0
0
0
0
0
0
0
0
0
0
0
0
0
0
0
0
0
0
0
0
0
0
0
0
0
0
0
0
0
0
0
0
0
0
0
0
0
0
0
0
0
0
0
0
0
0
0
0
0
0
0
0
0
0
0
0
0
0
0
0
0
0
0
0
0
0
0
0
0
0
0
0
0
0
0
0
0
0
0
0
0
0
0
0
0
0
0
0
0
0
0
0
0
0
0
0
0
0
0
0
0
0
0
0
0
0
0
0
0
0
0
0
0
0
0
0
0
0
0
0
0
0
0
0
0
0
0
0
0
0
0
0
0
0
0
0
0
0
0
0
0
0
0
0
0
0
0
0
0
0
0
0
0
0
0
0
0
0
0
0
0
0
0
0
0
0
0
0
0
0
0
0
0
0
0
0
0
0
0
0
0
0
0
0
0
0
0
0
0
0
0
0
0
0
0
0
0
0
0
0
0
0
0
0
0
0
0
0
0
0
0
0
0
0
0
0
0
0
0
0
0
0
0
0
0
0
0
0
0
0
0
0
0
0
0
0
0
0
0
0
0
0
0
0
0
0
0
0
0
0
0
0
0
0
0
0
0
0
0
0
0
0
0
0
0
0
0
0
0
0
0
0
0
0
0
0
0
0
0
0
0
0
0
0
0
0
0
0
0
0
0
0
0
0
0
0
0
0
0
0
0
0
0
0
0
0
0
0
0
0
0
0
0
0
0
0
0
0
0
0
0
0
0
0
0
0
0
0
0
0
0
0
0
0
0
0
0
0
0
0
0
0
0
0
0
0
0
0
0
0
0
0
0
0
0
0
0
0
0
0
0
0
0
0
0
0
0
0
0
0
0
0
0
0
0
0
0
0
0
0
0
0
0
0
0
0
0
0
0
0
0
0
0
0
0
0
0
0
0
0
0
0
0
0
0
0
0
0
0
0
0
0
0
0
0
0
0
0
0
0
0
0
0
0
0
0
0
0
0
0
0
0
0
0
0
0
0
0
0
0
0
0
0
0
0
0
0
0
0
0
0
0
0
0
0
0
0
0
0
0
0
0
0
0
0
0
0
0
0
0
0
0
0
0
0
0
0
0
0
0
0
0
0
0
0
0
0
0
0
0
0
0
0
0
0
0
0
0
0
0
0
0
0
0
0
0
0
0
0
0
0
0
0
0
0
0
0
0
0
0
0
0
0
0
0
0
0
0
0
0
0
0
0
0
0
0
0
0
0
0
0
0
0
0
0
0
0
0
0
0
0
0
0
0
0
0
0
0
0
0
0
0
0
0
0
0
0
0
0
0
0
0
0
0
0
0
0
0
0
0
0
0
0
0
0
0
0
0
0
0
0
0
0
0
0
0
0
0
0
0
0
0
0
0
0
0
0
0
0
0
0
0
0
0
0
0
0
0
0
0
0
0
0
0
0
0
0
0
0
0
0
0
0
0
0
0
0
0
0
0
0
0
0
0
0
0
0
0
0
0
0
0
0
0
0
0
0
0
0
0
0
0
0
0
0
0
0
0
0
0
0
0
0
0
0
0
0
0
0
0
0
0
0
0
0
0
0
0
0
0
0
0
0
0
0
0
0
0
0
0
0
0
0
0
0
0
0
0
0
0
0
0
0
0
0
0
0
0
0
0
0
0
0
0
0
0
0
0
0
0
0
0
0
0
0
0
0
0
0
0
0
0
0
0
0
0
0
0
0
0
0
0
0
0
0
0
0
0
0
0
0
0
0
0
0
0
0
0
0
0
0
0
0
0
0
0
0
0
0
0
0
0
0
0
0
0
0
0
0
0
0
0
0
0
0
0
0
0
0
0
0
0
0
0
0
0
0
0
0
0
0
0
0
0
0
0
0
0
0
0
0
0
0
0
0
0
0
0
0
0
0
0
0
0
0
0
0
0
0
0
0
0
0
0
0
0
0
0
0
0
0
0
0
0
0
0
0
0
0
0
0
0
0
0
0
0
0
0
0
0
0
0
0
0
0
0
0
0
0
0
0
0
0
0
0
0
0
0
0
0
0
0
0
0
0
0
0
0
0
0
0
0
0
0
0
0
0
0
0
0
0
0
0
0
0
0
0
0
0
0
0
0
0
0
0
0
0
0
0
0
0
0
0
0
0
0
0
0
0
0
0
0
0
0
0
0
0
0
0
0
0
0
0
0
0
0
0
0
0
0
0
0
0
0
0
0
0
0
0
0
0
0
0
0
0
0
0
0
0
0
0
0
0
0
0
0
0
0
0
0
0
0
0
0
0
0
0
0
0
0
0
0
0
0
0
0
0
0
0
0
0
0
0
0
0
0
0
0
0
0
0
0
0
0
0
0
0
0
0
0
0
0
0
0
0
0
0
0
0
0
0
0
0
0
0
0
0
0
0
0
0
0
0
0
0
0
0
0
0
0
0
0
0
0
0
0
0
0
0
0
0
0
0
0
0
0
0
0
0
0
0
0
0
0
0
0
0
0
0
0
0
0
0
0
0
0
0
0
0
0
0
0
0
0
0
0
0
0
0
0
0
0
0
0
0
0
0
0
0
0
0
0
0
0
0
0
0
0
0
0
0
0
0
0
0
0
0
0
0
0
0
0
0
0
0
0
0
0
0
0
0
0
0
0
0
0
0
0
0
0
0
0
0
0
0
0
0
0
0
0
0
0
0
0
0
0
0
0
0
0
0
0
0
0
0
0
0
0
0
0
0
0
0
0
0
0
0
0
0
0
0
0
0
0
0
0
0
0
0
0
0
0
0
0
0
0
0
0
0
0
0
0
0
0
0
0
0
0
0
0
0
0
0
0
0
0
0
0
0
0
0
0
0
0
0
0
0
0
0
0
0
0
0
0
0
0
0
0
0
0
0
0
0
0
0
0
0
0
0
0
0
0
0
0
0
0
0
0
0
0
0
0
0
0
0
0
0
0
0
0
0
0
0
0
0
0
0
0
0
0
0
0
0
0
0
0
0
0
0
0
0
0
0
0
0
0
0
0
0
0
0
0
0
0
0
0
0
0
0
0
0
0
0
0
0
0
0
0
0
0
0
0
0
0
0
0
0
0
0
0
0
0
0
0
0
0
0
0
0
0
0
0
0
0
0
0
0
0
0
0
0
0
0
0
0
0
0
0
0
0
0
0
0
0
0
0
0
0
0
0
0
0
0
0
0
0
0
0
0
0
0
0
0
0
0
0
0
0
0
0
0
0
0
0
0
0
0
0
0
0
0
0
0
0
0
0
0
0
0
0
0
0
0
0
0
0
0
0
0
0
0
0
0
0
0
0
0
0
0
0
0
0
0
0
0
0
0
0
0
0
0
0
0
0
0
0
0
0
0
0
0
0
0
0
0
0
0
0
0
0
0
0
0
0
0
0
0
0
0
0
0
0
0
0
0
0
0
0
0
0
0
0
0
0
0
0
0
0
0
0
0
0
0
0
0
0
0
0
0
0
0
0
0
0
0
0
0
0
0
0
0
0
0
0
0
0
0
0
0
0
0
0
0
0
0
0
0
0
0
0
0
0
0
0
0
0
0
0
0
0
0
0
0
0
0
0
0
0
0
0
0
0
0
0
0
0
0
0
0
0
0
0
0
0
0
0
0
0
0
0
0
0
0
0
0
0
0
0
0
0
0
0
0
0
0
0
0
0
0
0
0
0
0
0
0
0
0
0
0
0
0
0
0
0
0
0
0
0
0
0
0
0
0
0
0
0
0
0
0
0
0
0
0
0
0
0
0
0
0
0
0
0
0
0
0
0
0
0
0
0
0
0
0
0
0
0
0
0
0
0
0
0
0
0
0
0
0
0
0
0
0
0
0
0
0
0
0
0
0
0
0
0
0
0
0
0
0
0
0
0
0
0
0
0
0
0
0
0
0
0
0
0
0
0
0
0
0
0
0
0
0
0
0
0
0
0
0
0
0
0
0
0
0
0
0
0
0
0
0
0
0
0
0
0
0
0
0
0
0
0
0
0
0
0
0
0
0
0
0
0
0
0
0
0
0
0
0
0
0
0
0
0
0
0
0
0
0
0
0
0
0
0
0
0
0
0
0
0
0
0
0
0
0
0
0
0
0
0
0
0
0
0
0
0
0
0
0
0
0
0
0
0
0
0
0
0
0
0
0
0
0
0
0
0
0
0
0
0
0
0
0
0
0
0
0
0
0
0
0
0
0
0
0
0
0
0
0
0
0
0
0
0
0
0
0
0
0
0
0
0
0
0
0
0
0
0
0
0
0
0
0
0
0
0
0
0
0
0
0
0
0
0
0
0
0
0
0
0
0
0
0
0
0
0
0
0
0
0
0
0
0
0
0
0
0
0
0
0
0
0
0
0
0
0
0
0
0
0
0
0
0
0
0
0
0
0
0
0
0
0
0
0
0
0
0
0
0
0
0
0
0
0
0
0
0
0
0
0
0
0
0
0
0
0
0
0
0
0
0
0
0
0
0
0
0
0
0
0
0
0
0
0
0
0
0
0
0
0
0
0
0
0
0
0
0
0
0
0
0
0
0
0
0
0
0
0
0
0
0
0
0
0
0
0
0
0
0
0
0
0
0
0
0
0
0
0
0
0
0
0
0
0
0
0
0
0
0
0
0
0
0
0
0
0
0
0
0
0
0
0
0
0
0
0
0
0
0
0
0
0
0
0
0
0
0
0
0
0
0
0
0
0
0
0
0
0
0
0
0
0
0
0
0
0
0
0
0
0
0
0
0
0
0
0
0
0
0
0
0
0
0
0
0
0
0
0
0
0
0
0
0
0
0
0
0
0
0
0
0
0
0
0
0
0
0
0
0
0
0
0
0
0
0
0
0
0
0
0
0
0
0
0
0
0
0
0
0
0
0
0
0
0
0
0
0
0
0
0
0
0
0
0
0
0
0
0
0
0
0
0
0
0
0
0
0
0
0
0
0
0
0
0
0
0
0
0
0
0
0
0
0
0
0
0
0
0
0
0
0
0
0
0
0
0
0
0
0
0
0
0
0
0
0
0
0
0
0
0
0
0
0
0
0
0
0
0
0
0
0
0
0
0
0
0
0
0
0
0
0
0
0
0
0
0
0
0
0
0
0
0
0
0
0
0
0
0
0
0
0
0
0
0
0
0
0
0
0
0
0
0
0
0
0
0
0
0
0
0
0
0
0
0
0
0
0
0
0
0
0
0
0
0
0
0
0
0
0
0
0
0
0
0
0
0
0
0
0
0
0
0
0
0
0
0
0
0
0
0
0
0
0
0
0
0
0
0
0
0
0
0
0
0
0
0
0
0
0
0
0
0
0
0
0
0
0
0
0
0
0
0
0
0
0
0
0
0
0
0
0
0
0
0
0
0
0
0
0
0
0
0
0
0
0
0
0
0
0
0
0
0
0
0
0
0
0
0
0
0
0
0
0
0
0
0
0
0
0
0
0
0
0
0
0
0
0
0
0
0
0
0
0
0
0
0
0
0
0
0
0
0
0
0
0
0
0
0
0
0
0
0
0
0
0
0
0
0
0
0
0
0
0
0
0
0
0
0
0
0
0
0
0
0
0
0
0
0
0
0
0
0
0
0
0
0
0
0
0
0
0
0
0
0
0
0
0
0
0
0
0
0
0
0
0
0
0
0
0
0
0
0
0
0
0
0
0
0
0
0
0
0
0
0
0
0
0
0
0
0
0
0
0
0
0
0
0
0
0
0
0
0
0
0
0
0
0
0
0
0
0
0
0
0
0
0
0
0
0
0
0
0
0
0
0
0
0
0
0
0
0
0
0
0
0
0
0
0
0
0
0
0
0
0
0
0
0
0
0
0
0
0
0
0
0
0
0
0
0
0
0
0
0
0
0
0
0
0
0
0
0
0
0
0
0
0
0
0
0
0
0
0
0
0
0
0
0
0
0
0
0
0
0
0
0
0
0
0
0
0
0
0
0
0
0
0
0
0
0
0
0
0
0
0
0
0
0
0
0
0
0
0
0
0
0
0
0
0
0
0
0
0
0
0
0
0
0
0
0
0
0
0
0
0
0
0
0
0
0
0
0
0
0
0
0
0
0
0
0
0
0
0
0
0
0
0
0
0
0
0
0
0
0
0
0
0
0
0
0
0
0
0
0
0
0
0
0
0
0
0
0
0
0
0
0
0
0
0
0
0
0
0
0
0
0
0
0
0
0
0
0
0
0
0
0
0
0
0
0
0
0
0
0
0
0
0
0
0
0
0
0
0
0
0
0
0
0
0
0
0
0
0
0
0
0
0
0
0
0
0
0
0
0
0
0
0
0
0
0
0
0
0
0
0
0
0
0
0
0
0
0
0
0
0
0
0
0
0
0
0
0
0
0
0
0
0
0
0
0
0
0
0
0
0
0
0
0
0
0
0
0
0
0
0
0
0
0
0
0
0
0
0
0
0
0
0
0
0
0
0
0
0
0
0
0
0
0
0
0
0
0
0
0
0
0
0
0
0
0
0
0
0
0
0
0
0
0
0
0
0
0
0
0
0
0
0
0
0
0
0
0
0
0
0
0
0
0
0
0
0
0
0
0
0
0
0
0
0
0
0
0
0
0
0
0
0
0
0
0
0
0
0
0
0
0
0
0
0
0
0
0
0
0
0
0
0
0
0
0
0
0
0
0
0
0
0
0
0
0
0
0
0
0
0
0
0
0
0
0
0
0
0
0
0
0
0
0
0
0
0
0
0
0
0
0
0
0
0
0
0
0
0
0
0
0
0
0
0
0
0
0
0
0
0
0
0
0
0
0
0
0
0
0
0
0
0
0
0
0
0
0
0
0
0
0
0
0
0
0
0
0
0
0
0
0
0
0
0
0
0
0
0
0
0
0
0
0
0
0
0
0
0
0
0
0
0
0
0
0
0
0
0
0
0
0
0
0
0
0
0
0
0
0
0
0
0
0
0
0
0
0
0
0
0
0
0
0
0
0
0
0
0
0
0
0
0
0
0
0
0
0
0
0
0
0
0
0
0
0
0
0
0
0
0
0
0
0
0
0
0
0
0
0
0
0
0
0
0
0
0
0
0
0
0
0
0
0
0
0
0
0
0
0
0
0
0
0
0
0
0
0
0
0
0
0
0
0
0
0
0
0
0
0
0
0
0
0
0
0
0
0
0
0
0
0
0
0
0
0
0
0
0
0
0
0
0
0
0
0
0
0
0
0
0
0
0
0
0
0
0
0
0
0
0
0
0
0
0
0
0
0
0
0
0
0
0
0
0
0
0
0
0
0
0
0
0
0
0
0
0
0
0
0
0
0
0
0
0
0
0
0
0
0
0
0
0
0
0
0
0
0
0
0
0
0
0
0
0
0
0
0
0
0
0
0
0
0
0
0
0
0
0
0
0
0
0
0
0
0
0
0
0
0
0
0
0
0
0
0
0
0
0
0
0
0
0
0
0
0
0
0
0
0
0
0
0
0
0
0
0
0
0
0
0
0
0
0
0
0
0
0
0
0
0
0
0
0
0
0
0
0
0
0
0
0
0
0
0
0
0
0
0
0
0
0
0
0
0
0
0
0
0
0
0
0
0
0
0
0
0
0
0
0
0
0
0
0
0
0
0
0
0
0
0
0
0
0
0
0
0
0
0
0
0
0
0
0
0
0
0
0
0
0
0
0
0
0
0
0
0
0
0
0
0
0
0
0
0
0
0
0
0
0
0
0
0
0
0
0
0
0
0
0
0
0
0
0
0
0
0
0
0
0
0
0
0
0
0
0
0
0
0
0
0
0
0
0
0
0
0
0
0
0
0
0
0
0
0
0
0
0
0
0
0
0
0
0
0
0
0
0
0
0
0
0
0
0
0
0
0
0
0
0
0
0
0
0
0
0
0
0
0
0
0
0
0
0
0
0
0
0
0
0
0
0
0
0
0
0
0
0
0
0
0
0
0
0
0
0
0
0
0
0
0
0
0
0
0
0
0
0
0
0
0
0
0
0
0
0
0
0
0
0
0
0
0
0
0
0
0
0
0
0
0
0
0
0
0
0
0
0
0
0
0
0
0
0
0
0
0
0
0
0
0
0
0
0
0
0
0
0
0
0
0
0
0
0
0
0
0
0
0
0
0
0
0
0
0
0
0
0
0
0
0
0
0
0
0
0
0
0
0
0
0
0
0
0
0
0
0
0
0
0
0
0
0
0
0
0
0
0
0
0
0
0
0
0
0
0
0
0
0
0
0
0
0
0
0
0
0
0
0
0
0
0
0
0
0
0
0
0
0
0
0
0
0
0
0
0
0
0
0
0
0
0
0
0
0
0
0
0
0
0
0
0
0
0
0
0
0
0
0
0
0
0
0
0
0
0
0
0
0
0
0
0
0
0
0
0
0
0
0
0
0
0
0
0
0
0
0
0
0
0
0
0
0
0
0
0
0
0
0
0
0
0
0
0
0
0
0
0
0
0
0
0
0
0
0
0
0
0
0
0
0
0
0
0
0
0
0
0
0
0
0
0
0
0
0
0
0
0
0
0
0
0
0
0
0
0
0
0
0
0
0
0
0
0
0
0
0
0
0
0
0
0
0
0
0
0
0
0
0
0
0
0
0
0
0
0
0
0
0
0
0
0
0
0
0
0
0
0
0
0
0
0
0
0
0
0
0
0
0
0
0
0
0
0
0
0
0
0
0
0
0
0
0
0
0
0
0
0
0
0
0
0
0
0
0
0
0
0
0
0
0
0
0
0
0
0
0
0
0
0
0
0
0
0
0
0
0
0
0
0
0
0
0
0
0
0
0
0
0
0
0
0
0
0
0
0
0
0
0
0
0
0
0
0
0
0
0
0
0
0
0
0
0
0
0
0
0
0
0
0
0
0
0
0
0
0
0
0
0
0
0
0
0
0
0
0
0
0
0
0
0
0
0
0
0
0
0
0
0
0
0
0
0
0
0
0
0
0
0
0
0
0
0
0
0
0
0
0
0
0
0
0
0
0
0
0
0
0
0
0
0
0
0
0
0
0
0
0
0
0
0
0
0
0
0
0
0
0
0
0
0
0
0
0
0
0
0
0
0
0
0
0
0
0
0
0
0
0
0
0
0
0
0
0
0
0
0
0
0
0
0
0
0
0
0
0
0
0
0
0
0
0
0
0
0
0
0
0
0
0
0
0
0
0
0
0
0
0
0
0
0
0
0
0
0
0
0
0
0
0
0
0
0
0
0
0
0
0
0
0
0
0
0
0
0
0
0
0
0
0
0
0
0
0
0
0
0
0
0
0
0
0
0
0
0
0
0
0
0
0
0
0
0
0
0
0
0
0
0
0
0
0
0
0
0
0
0
0
0
0
0
0
0
0
0
0
0
0
0
0
0
0
0
0
0
0
0
0
0
0
0
0
0
0
0
0
0
0
0
0
0
0
0
0
0
0
0
0
0
0
0
0
0
0
0
0
0
0
0
0
0
0
0
0
0
0
0
0
0
0
0
0
0
0
0
0
0
0
0
0
0
0
0
0
0
0
0
0
0
0
