0
0
0
0
0
0
0
0
0
0
0
0
0
0
0
0
0
0
0
0
0
0
0
0
0
0
0
0
0
0
0
0
0
0
0
0
0
0
0
0
0
0
0
0
0
0
0
0
0
0
0
0
0
0
0
0
0
0
0
0
0
0
0
0
0
0
0
0
0
0
0
0
0
0
0
0
0
0
0
0
0
0
0
0
0
0
0
0
0
0
0
0
0
0
0
0
0
0
0
0
0
0
0
0
0
0
0
0
0
0
0
0
0
0
0
0
0
0
0
0
0
0
0
0
0
0
0
0
0
0
0
0
0
0
0
0
0
0
0
0
0
0
0
0
0
0
0
0
0
0
0
0
0
0
0
0
0
0
0
0
0
0
0
0
0
0
0
0
0
0
0
0
0
0
0
0
0
0
0
0
0
0
0
0
4093
4092
0
0
0
0
0
0
4090
4091
0
0
0
0
0
0
1
0
0
0
0
0
0
0
4092
4091
0
0
0
0
0
0
4091
4091
0
0
0
0
0
0
1
0
0
0
0
0
0
0
4090
4088
0
0
0
0
0
0
4092
4093
0
0
0
0
0
0
4095
4095
0
0
0
0
0
0
4090
4090
0
0
0
0
0
0
4093
4094
0
0
0
0
0
0
4094
4093
0
0
0
0
0
0
4089
4088
0
0
0
0
0
0
4095
1
0
0
0
0
0
0
4093
4092
0
0
0
0
0
0
4087
4088
0
0
0
0
0
0
1
2
0
0
0
0
0
0
4090
4088
0
0
0
0
0
0
4088
4089
0
0
0
0
0
0
5
4
0
0
0
0
0
0
4090
4088
0
0
0
0
0
0
4087
4090
0
0
0
0
0
0
9
8
0
0
0
0
0
0
4084
4083
0
0
0
0
0
0
4091
4094
0
0
0
0
0
0
8
6
0
0
0
0
0
0
4078
4078
0
0
0
0
0
0
1
4
0
0
0
0
0
0
8
2
0
0
0
0
0
0
4073
4074
0
0
0
0
0
0
10
13
0
0
0
0
0
0
3
4094
0
0
0
0
0
0
4070
4073
0
0
0
0
0
0
18
17
0
0
0
0
0
0
4089
4083
0
0
0
0
0
0
4071
4076
0
0
0
0
0
0
28
26
0
0
0
0
0
0
4077
4073
0
0
0
0
0
0
4079
4086
0
0
0
0
0
0
30
28
0
0
0
0
0
0
4064
4059
0
0
0
0
0
0
4092
4
0
0
0
0
0
0
28
21
0
0
0
0
0
0
4052
4052
0
0
0
0
0
0
10
17
0
0
0
0
0
0
23
13
0
0
0
0
0
0
4044
4047
0
0
0
0
0
0
30
35
0
0
0
0
0
0
7
4092
0
0
0
0
0
0
4041
4049
0
0
0
0
0
0
46
50
0
0
0
0
0
0
4082
4070
0
0
0
0
0
0
4049
4060
0
0
0
0
0
0
61
58
0
0
0
0
0
0
4058
4048
0
0
0
0
0
0
4068
4083
0
0
0
0
0
0
66
59
0
0
0
0
0
0
4032
4027
0
0
0
0
0
0
4090
10
0
0
0
0
0
0
60
45
0
0
0
0
0
0
4012
4012
0
0
0
0
0
0
27
42
0
0
0
0
0
0
43
24
0
0
0
0
0
0
4002
4009
0
0
0
0
0
0
60
71
0
0
0
0
0
0
13
4089
0
0
0
0
0
0
4003
4017
0
0
0
0
0
0
90
93
0
0
0
0
0
0
4070
4051
0
0
0
0
0
0
4019
4040
0
0
0
0
0
0
108
103
0
0
0
0
0
0
4026
4011
0
0
0
0
0
0
4053
4077
0
0
0
0
0
0
113
98
0
0
0
0
0
0
3989
3980
0
0
0
0
0
0
2
27
0
0
0
0
0
0
97
75
0
0
0
0
0
0
3962
3964
0
0
0
0
0
0
52
73
0
0
0
0
0
0
66
37
0
0
0
0
0
0
3949
3960
0
0
0
0
0
0
104
118
0
0
0
0
0
0
16
4081
0
0
0
0
0
0
3958
3981
0
0
0
0
0
0
142
146
0
0
0
0
0
0
4053
4025
0
0
0
0
0
0
3986
4018
0
0
0
0
0
0
168
157
0
0
0
0
0
0
3991
3968
0
0
0
0
0
0
4041
4078
0
0
0
0
0
0
168
146
0
0
0
0
0
0
3936
3924
0
0
0
0
0
0
11
49
0
0
0
0
0
0
142
107
0
0
0
0
0
0
3897
3901
0
0
0
0
0
0
85
115
0
0
0
0
0
0
89
47
0
0
0
0
0
0
3886
3904
0
0
0
0
0
0
157
175
0
0
0
0
0
0
18
4068
0
0
0
0
0
0
3904
3938
0
0
0
0
0
0
210
215
0
0
0
0
0
0
4025
3985
0
0
0
0
0
0
3953
3999
0
0
0
0
0
0
237
222
0
0
0
0
0
0
3940
3911
0
0
0
0
0
0
4029
4080
0
0
0
0
0
0
232
198
0
0
0
0
0
0
3867
3855
0
0
0
0
0
0
28
78
0
0
0
0
0
0
189
141
0
0
0
0
0
0
3821
3830
0
0
0
0
0
0
128
168
0
0
0
0
0
0
113
56
0
0
0
0
0
0
3810
3839
0
0
0
0
0
0
222
245
0
0
0
0
0
0
12
4047
0
0
0
0
0
0
3842
3889
0
0
0
0
0
0
289
291
0
0
0
0
0
0
3991
3938
0
0
0
0
0
0
3915
3979
0
0
0
0
0
0
318
295
0
0
0
0
0
0
3878
3841
0
0
0
0
0
0
4021
4090
0
0
0
0
0
0
302
256
0
0
0
0
0
0
3789
3776
0
0
0
0
0
0
53
118
0
0
0
0
0
0
240
174
0
0
0
0
0
0
3737
3751
0
0
0
0
0
0
183
234
0
0
0
0
0
0
134
57
0
0
0
0
0
0
3731
3772
0
0
0
0
0
0
295
324
0
0
0
0
0
0
4095
4017
0
0
0
0
0
0
3779
3845
0
0
0
0
0
0
377
376
0
0
0
0
0
0
3945
3880
0
0
0
0
0
0
3881
3961
0
0
0
0
0
0
407
375
0
0
0
0
0
0
3808
3764
0
0
0
0
0
0
4018
9
0
0
0
0
0
0
377
314
0
0
0
0
0
0
3700
3686
0
0
0
0
0
0
86
167
0
0
0
0
0
0
289
204
0
0
0
0
0
0
3641
3661
0
0
0
0
0
0
249
308
0
0
0
0
0
0
152
57
0
0
0
0
0
0
3644
3698
0
0
0
0
0
0
385
418
0
0
0
0
0
0
4075
3980
0
0
0
0
0
0
3715
3800
0
0
0
0
0
0
477
470
0
0
0
0
0
0
3891
3811
0
0
0
0
0
0
3848
3950
0
0
0
0
0
0
500
456
0
0
0
0
0
0
3724
3673
0
0
0
0
0
0
4025
35
0
0
0
0
0
0
455
376
0
0
0
0
0
0
3598
3587
0
0
0
0
0
0
127
224
0
0
0
0
0
0
338
233
0
0
0
0
0
0
3541
3569
0
0
0
0
0
0
321
394
0
0
0
0
0
0
162
44
0
0
0
0
0
0
3555
3626
0
0
0
0
0
0
482
515
0
0
0
0
0
0
4046
3934
0
0
0
0
0
0
3650
3754
0
0
0
0
0
0
581
569
0
0
0
0
0
0
3828
3737
0
0
0
0
0
0
3817
3941
0
0
0
0
0
0
604
545
0
0
0
0
0
0
3632
3575
0
0
0
0
0
0
4036
66
0
0
0
0
0
0
536
437
0
0
0
0
0
0
3492
3481
0
0
0
0
0
0
181
293
0
0
0
0
0
0
384
256
0
0
0
0
0
0
3429
3470
0
0
0
0
0
0
410
489
0
0
0
0
0
0
170
30
0
0
0
0
0
0
3460
3550
0
0
0
0
0
0
592
625
0
0
0
0
0
0
4009
3878
0
0
0
0
0
0
3586
3712
0
0
0
0
0
0
699
678
0
0
0
0
0
0
3751
3646
0
0
0
0
0
0
3794
3943
0
0
0
0
0
0
707
633
0
0
0
0
0
0
3529
3467
0
0
0
0
0
0
4057
109
0
0
0
0
0
0
614
495
0
0
0
0
0
0
3373
3368
0
0
0
0
0
0
243
371
0
0
0
0
0
0
427
275
0
0
0
0
0
0
3318
3372
0
0
0
0
0
0
505
591
0
0
0
0
0
0
167
3
0
0
0
0
0
0
3369
3478
0
0
0
0
0
0
706
739
0
0
0
0
0
0
3963
3810
0
0
0
0
0
0
3529
3680
0
0
0
0
0
0
816
785
0
0
0
0
0
0
3667
3549
0
0
0
0
0
0
3778
3951
0
0
0
0
0
0
814
721
0
0
0
0
0
0
3415
3351
0
0
0
0
0
0
4086
159
0
0
0
0
0
0
694
550
0
0
0
0
0
0
3252
3254
0
0
0
0
0
0
313
457
0
0
0
0
0
0
463
285
0
0
0
0
0
0
3200
3270
0
0
0
0
0
0
611
704
0
0
0
0
0
0
155
4062
0
0
0
0
0
0
3279
3409
0
0
0
0
0
0
830
858
0
0
0
0
0
0
3905
3736
0
0
0
0
0
0
3473
3650
0
0
0
0
0
0
941
897
0
0
0
0
0
0
3571
3445
0
0
0
0
0
0
3768
3967
0
0
0
0
0
0
918
804
0
0
0
0
0
0
3297
3232
0
0
0
0
0
0
32
223
0
0
0
0
0
0
762
593
0
0
0
0
0
0
3124
3136
0
0
0
0
0
0
396
554
0
0
0
0
0
0
487
284
0
0
0
0
0
0
3085
3173
0
0
0
0
0
0
724
823
0
0
0
0
0
0
132
4018
0
0
0
0
0
0
3190
3344
0
0
0
0
0
0
957
980
0
0
0
0
0
0
3837
3650
0
0
0
0
0
0
3427
3633
0
0
0
0
0
0
1063
1006
0
0
0
0
0
0
3466
3330
0
0
0
0
0
0
3773
3996
0
0
0
0
0
0
1021
885
0
0
0
0
0
0
3171
3109
0
0
0
0
0
0
80
294
0
0
0
0
0
0
826
630
0
0
0
0
0
0
2994
3016
0
0
0
0
0
0
490
660
0
0
0
0
0
0
506
276
0
0
0
0
0
0
2971
3079
0
0
0
0
0
0
842
945
0
0
0
0
0
0
101
3963
0
0
0
0
0
0
3105
3285
0
0
0
0
0
0
1092
1107
0
0
0
0
0
0
3759
3556
0
0
0
0
0
0
3389
3621
0
0
0
0
0
0
1188
1113
0
0
0
0
0
0
3353
3211
0
0
0
0
0
0
3783
4032
0
0
0
0
0
0
1119
960
0
0
0
0
0
0
3038
2979
0
0
0
0
0
0
143
373
0
0
0
0
0
0
885
664
0
0
0
0
0
0
2862
2897
0
0
0
0
0
0
592
772
0
0
0
0
0
0
516
256
0
0
0
0
0
0
2860
2990
0
0
0
0
0
0
969
1073
0
0
0
0
0
0
59
3898
0
0
0
0
0
0
3030
3237
0
0
0
0
0
0
1223
1230
0
0
0
0
0
0
3673
3453
0
0
0
0
0
0
3362
3620
0
0
0
0
0
0
1309
1215
0
0
0
0
0
0
3235
3087
0
0
0
0
0
0
3807
4080
0
0
0
0
0
0
1210
1027
0
0
0
0
0
0
2905
2851
0
0
0
0
0
0
213
462
0
0
0
0
0
0
934
684
0
0
0
0
0
0
2733
2785
0
0
0
0
0
0
698
890
0
0
0
0
0
0
513
229
0
0
0
0
0
0
2753
2905
0
0
0
0
0
0
1101
1204
0
0
0
0
0
0
5
3823
0
0
0
0
0
0
2964
3198
0
0
0
0
0
0
1355
1350
0
0
0
0
0
0
3579
3347
0
0
0
0
0
0
3345
3628
0
0
0
0
0
0
1425
1311
0
0
0
0
0
0
3111
2960
0
0
0
0
0
0
3841
41
0
0
0
0
0
0
1293
1084
0
0
0
0
0
0
2771
2724
0
0
0
0
0
0
291
558
0
0
0
0
0
0
970
691
0
0
0
0
0
0
2611
2677
0
0
0
0
0
0
814
1010
0
0
0
0
0
0
500
190
0
0
0
0
0
0
2654
2831
0
0
0
0
0
0
1234
1332
0
0
0
0
0
0
4038
3740
0
0
0
0
0
0
2908
3167
0
0
0
0
0
0
1490
1470
0
0
0
0
0
0
3475
3232
0
0
0
0
0
0
3338
3649
0
0
0
0
0
0
1536
1401
0
0
0
0
0
0
2985
2833
0
0
0
0
0
0
3882
106
0
0
0
0
0
0
1366
1129
0
0
0
0
0
0
2637
2601
0
0
0
0
0
0
380
662
0
0
0
0
0
0
996
690
0
0
0
0
0
0
2489
2577
0
0
0
0
0
0
931
1132
0
0
0
0
0
0
475
139
0
0
0
0
0
0
2568
2768
0
0
0
0
0
0
1366
1457
0
0
0
0
0
0
3967
3652
0
0
0
0
0
0
2863
3153
0
0
0
0
0
0
1613
1579
0
0
0
0
0
0
3366
3115
0
0
0
0
0
0
3342
3680
0
0
0
0
0
0
1637
1480
0
0
0
0
0
0
2856
2706
0
0
0
0
0
0
3940
184
0
0
0
0
0
0
1429
1167
0
0
0
0
0
0
2508
2484
0
0
0
0
0
0
477
770
0
0
0
0
0
0
1011
678
0
0
0
0
0
0
2379
2484
0
0
0
0
0
0
1058
1261
0
0
0
0
0
0
440
82
0
0
0
0
0
0
2488
2714
0
0
0
0
0
0
1495
1579
0
0
0
0
0
0
3887
3557
0
0
0
0
0
0
2831
3146
0
0
0
0
0
0
1732
1681
0
0
0
0
0
0
3254
2999
0
0
0
0
0
0
3358
3721
0
0
0
0
0
0
1729
1546
0
0
0
0
0
0
2727
2582
0
0
0
0
0
0
4004
266
0
0
0
0
0
0
1478
1188
0
0
0
0
0
0
2383
2374
0
0
0
0
0
0
578
881
0
0
0
0
0
0
1011
652
0
0
0
0
0
0
2275
2404
0
0
0
0
0
0
1177
1381
0
0
0
0
0
0
391
12
0
0
0
0
0
0
2422
2676
0
0
0
0
0
0
1622
1694
0
0
0
0
0
0
3798
3453
0
0
0
0
0
0
2812
3155
0
0
0
0
0
0
1845
1775
0
0
0
0
0
0
3136
2876
0
0
0
0
0
0
3390
3776
0
0
0
0
0
0
1808
1601
0
0
0
0
0
0
2600
2462
0
0
0
0
0
0
4078
356
0
0
0
0
0
0
1513
1198
0
0
0
0
0
0
2265
2273
0
0
0
0
0
0
683
994
0
0
0
0
0
0
997
615
0
0
0
0
0
0
2185
2335
0
0
0
0
0
0
1302
1500
0
0
0
0
0
0
332
4032
0
0
0
0
0
0
2373
2649
0
0
0
0
0
0
1745
1804
0
0
0
0
0
0
3703
3350
0
0
0
0
0
0
2807
3176
0
0
0
0
0
0
1944
1854
0
0
0
0
0
0
3019
2761
0
0
0
0
0
0
3431
3836
0
0
0
0
0
0
1875
1643
0
0
0
0
0
0
2478
2349
0
0
0
0
0
0
64
451
0
0
0
0
0
0
1536
1196
0
0
0
0
0
0
2157
2182
0
0
0
0
0
0
793
1106
0
0
0
0
0
0
971
569
0
0
0
0
0
0
2104
2278
0
0
0
0
0
0
1422
1615
0
0
0
0
0
0
264
3949
0
0
0
0
0
0
2335
2636
0
0
0
0
0
0
1856
1903
0
0
0
0
0
0
3600
3240
0
0
0
0
0
0
2817
3206
0
0
0
0
0
0
2034
1924
0
0
0
0
0
0
2903
2646
0
0
0
0
0
0
3484
3909
0
0
0
0
0
0
1925
1671
0
0
0
0
0
0
2362
2245
0
0
0
0
0
0
152
550
0
0
0
0
0
0
1542
1178
0
0
0
0
0
0
2061
2102
0
0
0
0
0
0
906
1219
0
0
0
0
0
0
937
513
0
0
0
0
0
0
2042
2238
0
0
0
0
0
0
1538
1724
0
0
0
0
0
0
188
3860
0
0
0
0
0
0
2312
2638
0
0
0
0
0
0
1961
1990
0
0
0
0
0
0
3497
3133
0
0
0
0
0
0
2837
3248
0
0
0
0
0
0
2110
1979
0
0
0
0
0
0
2787
2536
0
0
0
0
0
0
3547
3986
0
0
0
0
0
0
1960
1683
0
0
0
0
0
0
2253
2150
0
0
0
0
0
0
247
649
0
0
0
0
0
0
1535
1149
0
0
0
0
0
0
1974
2037
0
0
0
0
0
0
1016
1326
0
0
0
0
0
0
884
445
0
0
0
0
0
0
1990
2212
0
0
0
0
0
0
1648
1821
0
0
0
0
0
0
103
3767
0
0
0
0
0
0
2304
2653
0
0
0
0
0
0
2052
2064
0
0
0
0
0
0
3394
3029
0
0
0
0
0
0
2874
3304
0
0
0
0
0
0
2170
2015
0
0
0
0
0
0
2680
2435
0
0
0
0
0
0
3620
4071
0
0
0
0
0
0
1984
1682
0
0
0
0
0
0
2157
2070
0
0
0
0
0
0
345
752
0
0
0
0
0
0
1514
1107
0
0
0
0
0
0
1903
1986
0
0
0
0
0
0
1123
1430
0
0
0
0
0
0
824
368
0
0
0
0
0
0
1957
2201
0
0
0
0
0
0
1749
1911
0
0
0
0
0
0
13
3671
0
0
0
0
0
0
2310
2680
0
0
0
0
0
0
2132
2123
0
0
0
0
0
0
3289
2928
0
0
0
0
0
0
2923
3367
0
0
0
0
0
0
2218
2041
0
0
0
0
0
0
2575
2343
0
0
0
0
0
0
3700
61
0
0
0
0
0
0
1991
1669
0
0
0
0
0
0
2067
1999
0
0
0
0
0
0
447
853
0
0
0
0
0
0
1477
1053
0
0
0
0
0
0
1848
1951
0
0
0
0
0
0
1228
1524
0
0
0
0
0
0
756
290
0
0
0
0
0
0
1939
2203
0
0
0
0
0
0
1841
1986
0
0
0
0
0
0
4017
3575
0
0
0
0
0
0
2336
2723
0
0
0
0
0
0
2199
2170
0
0
0
0
0
0
3187
2830
0
0
0
0
0
0
2982
3440
0
0
0
0
0
0
2246
2048
0
0
0
0
0
0
2480
2261
0
0
0
0
0
0
3788
155
0
0
0
0
0
0
1977
1636
0
0
0
0
0
0
1996
1945
0
0
0
0
0
0
544
948
0
0
0
0
0
0
1431
991
0
0
0
0
0
0
1809
1933
0
0
0
0
0
0
1325
1611
0
0
0
0
0
0
677
202
0
0
0
0
0
0
1940
2225
0
0
0
0
0
0
1920
2049
0
0
0
0
0
0
3920
3478
0
0
0
0
0
0
2375
2780
0
0
0
0
0
0
2246
2198
0
0
0
0
0
0
3087
2741
0
0
0
0
0
0
3052
3519
0
0
0
0
0
0
2258
2041
0
0
0
0
0
0
2394
2190
0
0
0
0
0
0
3880
250
0
0
0
0
0
0
1951
1592
0
0
0
0
0
0
1938
1905
0
0
0
0
0
0
645
1043
0
0
0
0
0
0
1365
918
0
0
0
0
0
0
1785
1929
0
0
0
0
0
0
1417
1688
0
0
0
0
0
0
589
112
0
0
0
0
0
0
1956
2257
0
0
0
0
0
0
1988
2098
0
0
0
0
0
0
3820
3385
0
0
0
0
0
0
2426
2842
0
0
0
0
0
0
2281
2213
0
0
0
0
0
0
2993
2659
0
0
0
0
0
0
3132
3606
0
0
0
0
0
0
2253
2014
0
0
0
0
0
0
2320
2134
0
0
0
0
0
0
3975
343
0
0
0
0
0
0
1909
1535
0
0
0
0
0
0
1895
1884
0
0
0
0
0
0
738
1126
0
0
0
0
0
0
1296
835
0
0
0
0
0
0
1780
1945
0
0
0
0
0
0
1493
1751
0
0
0
0
0
0
497
20
0
0
0
0
0
0
1987
2306
0
0
0
0
0
0
2041
2132
0
0
0
0
0
0
3725
3295
0
0
0
0
0
0
2493
2920
0
0
0
0
0
0
2297
2208
0
0
0
0
0
0
2910
2587
0
0
0
0
0
0
3222
3700
0
0
0
0
0
0
2232
1976
0
0
0
0
0
0
2260
2092
0
0
0
0
0
0
4072
434
0
0
0
0
0
0
1851
1464
0
0
0
0
0
0
1868
1877
0
0
0
0
0
0
827
1205
0
0
0
0
0
0
1209
747
0
0
0
0
0
0
1792
1974
0
0
0
0
0
0
1564
1803
0
0
0
0
0
0
401
4022
0
0
0
0
0
0
2036
2368
0
0
0
0
0
0
2078
2148
0
0
0
0
0
0
3630
3212
0
0
0
0
0
0
2570
3006
0
0
0
0
0
0
2294
2187
0
0
0
0
0
0
2831
2527
0
0
0
0
0
0
3315
3791
0
0
0
0
0
0
2192
1921
0
0
0
0
0
0
2212
2064
0
0
0
0
0
0
72
520
0
0
0
0
0
0
1780
1386
0
0
0
0
0
0
1858
1887
0
0
0
0
0
0
913
1274
0
0
0
0
0
0
1117
655
0
0
0
0
0
0
1819
2020
0
0
0
0
0
0
1622
1843
0
0
0
0
0
0
303
3932
0
0
0
0
0
0
2097
2441
0
0
0
0
0
0
2099
2149
0
0
0
0
0
0
3542
3137
0
0
0
0
0
0
2655
3096
0
0
0
0
0
0
2279
2155
0
0
0
0
0
0
2766
2479
0
0
0
0
0
0
3413
3883
0
0
0
0
0
0
2140
1855
0
0
0
0
0
0
2180
2052
0
0
0
0
0
0
167
604
0
0
0
0
0
0
1698
1298
0
0
0
0
0
0
1862
1909
0
0
0
0
0
0
991
1332
0
0
0
0
0
0
1020
561
0
0
0
0
0
0
1863
2079
0
0
0
0
0
0
1665
1864
0
0
0
0
0
0
205
3844
0
0
0
0
0
0
2174
2526
0
0
0
0
0
0
2106
2136
0
0
0
0
0
0
3459
3071
0
0
0
0
0
0
2753
3191
0
0
0
0
0
0
2244
2103
0
0
0
0
0
0
2711
2445
0
0
0
0
0
0
3516
3978
0
0
0
0
0
0
2071
1777
0
0
0
0
0
0
2161
2054
0
0
0
0
0
0
258
679
0
0
0
0
0
0
1606
1202
0
0
0
0
0
0
1888
1955
0
0
0
0
0
0
1052
1374
0
0
0
0
0
0
918
462
0
0
0
0
0
0
1923
2152
0
0
0
0
0
0
1694
1871
0
0
0
0
0
0
107
3760
0
0
0
0
0
0
2265
2621
0
0
0
0
0
0
2094
2104
0
0
0
0
0
0
3383
3013
0
0
0
0
0
0
2854
3291
0
0
0
0
0
0
2195
2036
0
0
0
0
0
0
2671
2426
0
0
0
0
0
0
3617
4070
0
0
0
0
0
0
1986
1683
0
0
0
0
0
0
2160
2074
0
0
0
0
0
0
339
745
0
0
0
0
0
0
1504
1099
0
0
0
0
0
0
1927
2011
0
0
0
0
0
0
1108
1408
0
0
0
0
0
0
814
367
0
0
0
0
0
0
1997
2237
0
0
0
0
0
0
1709
1864
0
0
0
0
0
0
15
3685
0
0
0
0
0
0
2362
2720
0
0
0
0
0
0
2066
2057
0
0
0
0
0
0
3320
2969
0
0
0
0
0
0
2964
3392
0
0
0
0
0
0
2129
1958
0
0
0
0
0
0
2641
2420
0
0
0
0
0
0
3718
58
0
0
0
0
0
0
1891
1585
0
0
0
0
0
0
2176
2111
0
0
0
0
0
0
419
803
0
0
0
0
0
0
1394
995
0
0
0
0
0
0
1984
2082
0
0
0
0
0
0
1150
1426
0
0
0
0
0
0
707
273
0
0
0
0
0
0
2087
2334
0
0
0
0
0
0
1707
1841
0
0
0
0
0
0
4021
3614
0
0
0
0
0
0
2471
2829
0
0
0
0
0
0
2021
1995
0
0
0
0
0
0
3263
2937
0
0
0
0
0
0
3077
3495
0
0
0
0
0
0
2048
1866
0
0
0
0
0
0
2629
2431
0
0
0
0
0
0
3814
140
0
0
0
0
0
0
1786
1477
0
0
0
0
0
0
2206
2162
0
0
0
0
0
0
488
849
0
0
0
0
0
0
1280
888
0
0
0
0
0
0
2054
2164
0
0
0
0
0
0
1178
1430
0
0
0
0
0
0
600
180
0
0
0
0
0
0
2189
2441
0
0
0
0
0
0
1689
1802
0
0
0
0
0
0
3942
3556
0
0
0
0
0
0
2586
2940
0
0
0
0
0
0
1963
1920
0
0
0
0
0
0
3218
2916
0
0
0
0
0
0
3190
3593
0
0
0
0
0
0
1955
1764
0
0
0
0
0
0
2628
2453
0
0
0
0
0
0
3909
213
0
0
0
0
0
0
1671
1363
0
0
0
0
0
0
2252
2225
0
0
0
0
0
0
547
886
0
0
0
0
0
0
1161
780
0
0
0
0
0
0
2139
2262
0
0
0
0
0
0
1193
1422
0
0
0
0
0
0
495
95
0
0
0
0
0
0
2299
2553
0
0
0
0
0
0
1660
1752
0
0
0
0
0
0
3868
3505
0
0
0
0
0
0
2707
3054
0
0
0
0
0
0
1888
1829
0
0
0
0
0
0
3188
2911
0
0
0
0
0
0
3301
3690
0
0
0
0
0
0
1849
1652
0
0
0
0
0
0
2643
2490
0
0
0
0
0
0
3997
277
0
0
0
0
0
0
1551
1247
0
0
0
0
0
0
2313
2305
0
0
0
0
0
0
596
907
0
0
0
0
0
0
1044
674
0
0
0
0
0
0
2236
2370
0
0
0
0
0
0
1193
1399
0
0
0
0
0
0
397
17
0
0
0
0
0
0
2419
2673
0
0
0
0
0
0
1617
1688
0
0
0
0
0
0
3803
3465
0
0
0
0
0
0
2831
3168
0
0
0
0
0
0
1801
1730
0
0
0
0
0
0
3168
2918
0
0
0
0
0
0
3412
3783
0
0
0
0
0
0
1734
1535
0
0
0
0
0
0
2675
2545
0
0
0
0
0
0
4075
332
0
0
0
0
0
0
1425
1128
0
0
0
0
0
0
2386
2394
0
0
0
0
0
0
631
918
0
0
0
0
0
0
924
570
0
0
0
0
0
0
2344
2483
0
0
0
0
0
0
1183
1364
0
0
0
0
0
0
301
4041
0
0
0
0
0
0
2545
2795
0
0
0
0
0
0
1556
1608
0
0
0
0
0
0
3748
3435
0
0
0
0
0
0
2957
3282
0
0
0
0
0
0
1703
1624
0
0
0
0
0
0
3159
2935
0
0
0
0
0
0
3517
3867
0
0
0
0
0
0
1612
1410
0
0
0
0
0
0
2716
2607
0
0
0
0
0
0
53
379
0
0
0
0
0
0
1293
1007
0
0
0
0
0
0
2471
2492
0
0
0
0
0
0
657
918
0
0
0
0
0
0
804
471
0
0
0
0
0
0
2460
2603
0
0
0
0
0
0
1159
1315
0
0
0
0
0
0
216
3978
0
0
0
0
0
0
2679
2921
0
0
0
0
0
0
1484
1520
0
0
0
0
0
0
3704
3419
0
0
0
0
0
0
3082
3390
0
0
0
0
0
0
1594
1507
0
0
0
0
0
0
3165
2967
0
0
0
0
0
0
3619
3947
0
0
0
0
0
0
1482
1286
0
0
0
0
0
0
2771
2683
0
0
0
0
0
0
112
412
0
0
0
0
0
0
1166
890
0
0
0
0
0
0
2569
2602
0
0
0
0
0
0
672
902
0
0
0
0
0
0
695
383
0
0
0
0
0
0
2583
2729
0
0
0
0
0
0
1119
1254
0
0
0
0
0
0
136
3925
0
0
0
0
0
0
2810
3045
0
0
0
0
0
0
1401
1421
0
0
0
0
0
0
3672
3415
0
0
0
0
0
0
3203
3493
0
0
0
0
0
0
1481
1385
0
0
0
0
0
0
3185
3010
0
0
0
0
0
0
3714
4015
0
0
0
0
0
0
1349
1157
0
0
0
0
0
0
2838
2767
0
0
0
0
0
0
166
439
0
0
0
0
0
0
1035
776
0
0
0
0
0
0
2674
2716
0
0
0
0
0
0
672
878
0
0
0
0
0
0
586
295
0
0
0
0
0
0
2713
2859
0
0
0
0
0
0
1072
1184
0
0
0
0
0
0
68
3885
0
0
0
0
0
0
2940
3165
0
0
0
0
0
0
1311
1316
0
0
0
0
0
0
3652
3423
0
0
0
0
0
0
3322
3593
0
0
0
0
0
0
1357
1258
0
0
0
0
0
0
3216
3064
0
0
0
0
0
0
3800
4078
0
0
0
0
0
0
1213
1029
0
0
0
0
0
0
2915
2863
0
0
0
0
0
0
205
449
0
0
0
0
0
0
909
664
0
0
0
0
0
0
2788
2839
0
0
0
0
0
0
663
844
0
0
0
0
0
0
484
216
0
0
0
0
0
0
2844
2988
0
0
0
0
0
0
1013
1104
0
0
0
0
0
0
9
3854
0
0
0
0
0
0
3073
3283
0
0
0
0
0
0
1209
1202
0
0
0
0
0
0
3640
3438
0
0
0
0
0
0
3434
3682
0
0
0
0
0
0
1234
1134
0
0
0
0
0
0
3255
3129
0
0
0
0
0
0
3877
32
0
0
0
0
0
0
1081
905
0
0
0
0
0
0
3000
2966
0
0
0
0
0
0
234
451
0
0
0
0
0
0
788
562
0
0
0
0
0
0
2905
2960
0
0
0
0
0
0
643
797
0
0
0
0
0
0
395
151
0
0
0
0
0
0
2978
3116
0
0
0
0
0
0
941
1015
0
0
0
0
0
0
4056
3832
0
0
0
0
0
0
3201
3397
0
0
0
0
0
0
1103
1087
0
0
0
0
0
0
3643
3465
0
0
0
0
0
0
3541
3768
0
0
0
0
0
0
1103
1005
0
0
0
0
0
0
3307
3201
0
0
0
0
0
0
3943
73
0
0
0
0
0
0
948
784
0
0
0
0
0
0
3093
3069
0
0
0
0
0
0
257
447
0
0
0
0
0
0
671
464
0
0
0
0
0
0
3029
3086
0
0
0
0
0
0
611
742
0
0
0
0
0
0
311
93
0
0
0
0
0
0
3111
3240
0
0
0
0
0
0
868
925
0
0
0
0
0
0
4016
3817
0
0
0
0
0
0
3327
3506
0
0
0
0
0
0
994
970
0
0
0
0
0
0
3653
3501
0
0
0
0
0
0
3639
3842
0
0
0
0
0
0
973
879
0
0
0
0
0
0
3365
3278
0
0
0
0
0
0
4003
103
0
0
0
0
0
0
822
671
0
0
0
0
0
0
3191
3178
0
0
0
0
0
0
266
431
0
0
0
0
0
0
562
377
0
0
0
0
0
0
3148
3209
0
0
0
0
0
0
572
680
0
0
0
0
0
0
236
45
0
0
0
0
0
0
3236
3357
0
0
0
0
0
0
785
827
0
0
0
0
0
0
3988
3817
0
0
0
0
0
0
3442
3604
0
0
0
0
0
0
880
851
0
0
0
0
0
0
3673
3545
0
0
0
0
0
0
3726
3905
0
0
0
0
0
0
847
756
0
0
0
0
0
0
3431
3362
0
0
0
0
0
0
4048
122
0
0
0
0
0
0
702
564
0
0
0
0
0
0
3290
3287
0
0
0
0
0
0
264
402
0
0
0
0
0
0
462
299
0
0
0
0
0
0
3268
3326
0
0
0
0
0
0
523
613
0
0
0
0
0
0
173
7
0
0
0
0
0
0
3361
3472
0
0
0
0
0
0
699
728
0
0
0
0
0
0
3970
3824
0
0
0
0
0
0
3551
3696
0
0
0
0
0
0
764
734
0
0
0
0
0
0
3701
3596
0
0
0
0
0
0
3805
3962
0
0
0
0
0
0
727
641
0
0
0
0
0
0
3500
3448
0
0
0
0
0
0
4084
134
0
0
0
0
0
0
587
464
0
0
0
0
0
0
3395
3399
0
0
0
0
0
0
254
369
0
0
0
0
0
0
372
229
0
0
0
0
0
0
3389
3446
0
0
0
0
0
0
469
540
0
0
0
0
0
0
120
4074
0
0
0
0
0
0
3478
3578
0
0
0
0
0
0
608
628
0
0
0
0
0
0
3959
3836
0
0
0
0
0
0
3654
3779
0
0
0
0
0
0
655
624
0
0
0
0
0
0
3735
3650
0
0
0
0
0
0
3874
4005
0
0
0
0
0
0
610
533
0
0
0
0
0
0
3574
3535
0
0
0
0
0
0
18
139
0
0
0
0
0
0
479
373
0
0
0
0
0
0
3493
3501
0
0
0
0
0
0
238
332
0
0
0
0
0
0
293
171
0
0
0
0
0
0
3501
3553
0
0
0
0
0
0
414
468
0
0
0
0
0
0
78
4055
0
0
0
0
0
0
3588
3676
0
0
0
0
0
0
520
530
0
0
0
0
0
0
3958
3860
0
0
0
0
0
0
3741
3847
0
0
0
0
0
0
547
517
0
0
0
0
0
0
3777
3710
0
0
0
0
0
0
3931
4042
0
0
0
0
0
0
498
431
0
0
0
0
0
0
3650
3622
0
0
0
0
0
0
35
134
0
0
0
0
0
0
382
291
0
0
0
0
0
0
3593
3604
0
0
0
0
0
0
216
291
0
0
0
0
0
0
222
122
0
0
0
0
0
0
3608
3656
0
0
0
0
0
0
353
394
0
0
0
0
0
0
42
4042
0
0
0
0
0
0
3691
3765
0
0
0
0
0
0
431
436
0
0
0
0
0
0
3964
3885
0
0
0
0
0
0
3820
3907
0
0
0
0
0
0
447
418
0
0
0
0
0
0
3820
3768
0
0
0
0
0
0
3979
4069
0
0
0
0
0
0
398
340
0
0
0
0
0
0
3724
3704
0
0
0
0
0
0
46
125
0
0
0
0
0
0
295
220
0
0
0
0
0
0
3687
3700
0
0
0
0
0
0
187
246
0
0
0
0
0
0
162
80
0
0
0
0
0
0
3708
3749
0
0
0
0
0
0
292
321
0
0
0
0
0
0
16
4035
0
0
0
0
0
0
3779
3839
0
0
0
0
0
0
352
350
0
0
0
0
0
0
3977
3916
0
0
0
0
0
0
3888
3960
0
0
0
0
0
0
354
327
0
0
0
0
0
0
3869
3828
0
0
0
0
0
0
4015
4087
0
0
0
0
0
0
305
258
0
0
0
0
0
0
3796
3783
0
0
0
0
0
0
48
108
0
0
0
0
0
0
221
161
0
0
0
0
0
0
3773
3787
0
0
0
0
0
0
156
199
0
0
0
0
0
0
114
50
0
0
0
0
0
0
3796
3831
0
0
0
0
0
0
232
254
0
0
0
0
0
0
1
4039
0
0
0
0
0
0
3859
3906
0
0
0
0
0
0
272
270
0
0
0
0
0
0
3991
3946
0
0
0
0
0
0
3947
4001
0
0
0
0
0
0
267
244
0
0
0
0
0
0
3912
3885
0
0
0
0
0
0
4047
4
0
0
0
0
0
0
227
190
0
0
0
0
0
0
3863
3856
0
0
0
0
0
0
45
90
0
0
0
0
0
0
159
113
0
0
0
0
0
0
3851
3863
0
0
0
0
0
0
124
155
0
0
0
0
0
0
75
27
0
0
0
0
0
0
3876
3903
0
0
0
0
0
0
177
190
0
0
0
0
0
0
4086
4044
0
0
0
0
0
0
3926
3961
0
0
0
0
0
0
201
197
0
0
0
0
0
0
4011
3979
0
0
0
0
0
0
3991
4032
0
0
0
0
0
0
191
173
0
0
0
0
0
0
3957
3938
0
0
0
0
0
0
4065
7
0
0
0
0
0
0
160
132
0
0
0
0
0
0
3925
3919
0
0
0
0
0
0
40
71
0
0
0
0
0
0
106
72
0
0
0
0
0
0
3923
3931
0
0
0
0
0
0
93
112
0
0
0
0
0
0
46
11
0
0
0
0
0
0
3943
3964
0
0
0
0
0
0
125
134
0
0
0
0
0
0
4083
4054
0
0
0
0
0
0
3981
4007
0
0
0
0
0
0
138
135
0
0
0
0
0
0
4032
4012
0
0
0
0
0
0
4028
4057
0
0
0
0
0
0
129
115
0
0
0
0
0
0
3996
3984
0
0
0
0
0
0
4080
10
0
0
0
0
0
0
101
82
0
0
0
0
0
0
3977
3977
0
0
0
0
0
0
28
48
0
0
0
0
0
0
65
42
0
0
0
0
0
0
3982
3989
0
0
0
0
0
0
63
76
0
0
0
0
0
0
24
1
0
0
0
0
0
0
4000
4013
0
0
0
0
0
0
78
83
0
0
0
0
0
0
4081
4062
0
0
0
0
0
0
4026
4044
0
0
0
0
0
0
85
82
0
0
0
0
0
0
4051
4038
0
0
0
0
0
0
4058
4077
0
0
0
0
0
0
76
68
0
0
0
0
0
0
4029
4024
0
0
0
0
0
0
4087
6
0
0
0
0
0
0
58
46
0
0
0
0
0
0
4026
4025
0
0
0
0
0
0
18
30
0
0
0
0
0
0
34
21
0
0
0
0
0
0
4028
4032
0
0
0
0
0
0
39
44
0
0
0
0
0
0
10
4094
0
0
0
0
0
0
4039
4047
0
0
0
0
0
0
44
45
0
0
0
0
0
0
4085
4076
0
0
0
0
0
0
4057
4066
0
0
0
0
0
0
45
42
0
0
0
0
0
0
4069
4062
0
0
0
0
0
0
4075
4083
0
0
0
0
0
0
38
33
0
0
0
0
0
0
4059
4057
0
0
0
0
0
0
4092
2
0
0
0
0
0
0
26
20
0
0
0
0
0
0
4059
4060
0
0
0
0
0
0
10
14
0
0
0
0
0
0
13
6
0
0
0
0
0
0
4063
4065
0
0
0
0
0
0
15
18
0
0
0
0
0
0
2
4092
0
0
0
0
0
0
4070
4074
0
0
0
0
0
0
15
15
0
0
0
0
0
0
4090
4087
0
0
0
0
0
0
4077
4081
0
0
0
0
0
0
16
14
0
0
0
0
0
0
4082
4080
0
0
0
0
0
0
4085
4088
0
0
0
0
0
0
12
9
0
0
0
0
0
0
4081
4079
0
0
0
0
0
0
4094
1
0
0
0
0
0
0
5
3
0
0
0
0
0
0
4080
4080
0
0
0
0
0
0
1
3
0
0
0
0
0
0
1
4095
0
0
0
0
0
0
4084
4085
0
0
0
0
0
0
2
1
0
0
0
0
0
0
4094
4093
0
0
0
0
0
0
4086
4088
0
0
0
0
0
0
2
1
0
0
0
0
0
0
4092
4090
0
0
0
0
0
0
4090
4091
0
0
0
0
0
0
0
4095
0
0
0
0
0
0
4092
4091
0
0
0
0
0
0
4092
4093
0
0
0
0
0
0
4095
4095
0
0
0
0
0
0
4089
4089
0
0
0
0
0
0
4093
4093
0
0
0
0
0
0
0
4095
0
0
0
0
0
0
4089
4089
0
0
0
0
0
0
4094
4095
0
0
0
0
0
0
4095
4094
0
0
0
0
0
0
4089
4089
0
0
0
0
0
0
0
0
0
0
0
0
0
0
4095
4095
0
0
0
0
0
0
0
4095
0
0
0
0
0
0
0
0
0
0
0
0
0
0
4095
4095
0
0
0
0
0
0
0
0
0
0
0
0
0
0
0
0
0
0
0
0
0
0
4095
4095
0
0
0
0
0
0
0
0
0
0
0
0
0
0
4095
0
0
0
0
0
0
0
4095
4095
0
0
0
0
0
0
0
0
0
0
0
0
0
0
4095
0
0
0
0
0
0
0
0
0
0
0
0
0
0
0
0
0
0
0
0
0
0
0
0
0
0
0
0
0
0
0
0
0
0
0
0
0
0
0
0
0
0
0
0
0
0
0
0
0
0
0
0
0
0
0
0
0
0
0
0
0
0
0
0
0
0
0
0
0
0
0
0
0
0
0
0
0
0
0
0
0
0
0
0
0
0
0
0
0
0
0
0
0
0
0
0
0
0
0
0
0
0
0
0
0
0
0
0
0
0
0
0
0
0
0
0
0
0
0
0
0
0
0
0
0
0
0
0
0
0
0
0
0
0
0
0
0
0
0
0
0
0
0
0
0
0
0
0
0
0
0
0
0
0
0
0
0
0
0
0
0
0
0
0
0
0
0
0
0
0
0
0
0
0
0
0
0
0
0
0
0
0
0
0
0
0
0
0
0
0
0
0
0
0
0
0
0
0
0
0
0
0
0
0
0
0
0
0
0
0
0
0
0
0
0
0
0
0
0
0
0
0
0
0
0
0
0
0
0
0
0
0
0
0
0
0
0
0
0
0
0
0
0
0
0
0
0
0
0
0
0
0
0
0
0
0
0
0
0
0
0
0
0
0
0
0
0
0
0
0
0
0
0
0
0
0
0
0
0
0
0
0
0
0
0
0
0
0
0
0
0
0
0
0
0
0
0
0
0
0
0
0
0
0
0
0
0
0
0
0
0
0
0
0
0
0
0
0
0
0
0
0
0
0
0
0
0
0
0
0
0
0
0
0
0
0
0
0
0
0
0
0
0
0
0
0
0
0
0
0
0
0
0
0
0
0
0
0
0
0
0
0
0
0
0
0
0
0
0
0
0
0
0
0
0
0
0
0
0
0
0
0
0
0
0
0
0
0
0
0
0
0
0
0
0
0
0
0
0
0
0
0
0
0
0
0
0
0
0
0
0
0
0
0
0
0
0
0
0
0
0
0
0
0
0
0
0
0
0
0
0
0
0
0
0
0
0
0
0
0
0
0
0
0
0
0
0
0
0
0
0
0
0
0
0
0
0
0
0
0
0
0
0
0
0
0
0
0
0
0
0
0
0
0
0
0
0
0
0
0
0
0
0
0
0
0
0
0
0
0
0
0
0
0
0
0
0
0
0
0
0
0
0
0
0
0
0
0
0
0
0
0
0
0
0
0
0
0
0
0
0
0
0
0
0
0
0
0
0
0
0
0
0
0
0
0
0
0
0
0
0
0
0
0
0
0
0
0
0
0
0
0
0
0
0
0
0
0
0
0
0
0
0
0
0
0
0
0
0
0
0
0
0
0
0
0
0
0
0
0
0
0
0
0
0
0
0
0
0
0
0
0
0
0
0
0
0
0
0
0
0
0
0
0
0
0
0
0
0
0
0
0
0
0
0
0
0
0
0
0
0
0
0
0
0
0
0
0
0
0
0
0
0
0
0
0
0
0
0
0
0
0
0
0
0
0
0
0
0
0
0
0
0
0
0
0
0
0
0
0
0
0
0
0
0
0
0
0
0
0
0
0
0
0
0
0
0
0
0
0
0
0
0
0
0
0
0
0
0
0
0
0
0
0
0
0
0
0
0
0
0
0
0
0
0
0
0
0
0
0
0
0
0
0
0
0
0
0
0
0
0
0
0
0
0
0
0
0
0
0
0
0
0
0
0
0
0
0
0
0
0
0
0
0
0
0
0
0
0
0
0
0
0
0
0
0
0
0
0
0
0
0
0
0
0
0
0
0
0
0
0
0
0
0
0
0
0
0
0
0
0
0
0
0
0
0
0
0
0
0
0
0
0
0
0
0
0
0
0
0
0
0
0
0
0
0
0
0
0
0
0
0
0
0
0
0
0
0
0
0
0
0
0
0
0
0
0
0
0
0
0
0
0
0
0
0
0
0
0
0
0
0
0
0
0
0
0
0
0
0
0
0
0
0
0
0
0
0
0
0
0
0
0
0
0
0
0
0
0
0
0
0
0
0
0
0
0
0
0
0
0
0
0
0
0
0
0
0
0
0
0
0
0
0
0
0
0
0
0
0
0
0
0
0
0
0
0
0
0
0
0
0
0
0
0
0
0
0
0
0
0
0
0
0
0
0
0
0
0
0
0
0
0
0
0
0
0
0
0
0
0
0
0
0
0
0
0
0
0
0
0
0
0
0
0
0
0
0
0
0
0
0
0
0
0
0
0
0
0
0
0
0
0
0
0
0
0
0
0
0
0
0
0
0
0
0
0
0
0
0
0
0
0
0
0
0
0
0
0
0
0
0
0
0
0
0
0
0
0
0
0
0
0
0
0
0
0
0
0
0
0
0
0
0
0
0
0
0
0
0
0
0
0
0
0
0
0
0
0
0
0
0
0
0
0
0
0
0
0
0
0
0
0
0
0
0
0
0
0
0
0
0
0
0
0
0
0
0
0
0
0
0
0
0
0
0
0
0
0
0
0
0
0
0
0
0
0
0
0
0
0
0
0
0
0
0
0
0
0
0
0
0
0
0
0
0
0
0
0
0
0
0
0
0
0
0
0
0
0
0
0
0
0
0
0
0
0
0
0
0
0
0
0
0
0
0
0
0
0
0
0
0
0
0
0
0
0
0
0
0
0
0
0
0
0
0
0
0
0
0
0
0
0
0
0
0
0
0
0
0
0
0
0
0
0
0
0
0
0
0
0
0
0
0
0
0
0
0
0
0
0
0
0
0
0
0
0
0
0
0
0
0
0
0
0
0
0
0
0
0
0
0
0
0
0
0
0
0
0
0
0
0
0
0
0
0
0
0
0
0
0
0
0
0
0
0
0
0
0
0
0
0
0
0
0
0
0
0
0
0
0
0
0
0
0
0
0
0
0
0
0
0
0
0
0
0
0
0
0
0
0
0
0
0
0
0
0
0
0
0
0
0
0
0
0
0
0
0
0
0
0
0
0
0
0
0
0
0
0
0
0
0
0
0
0
0
0
0
0
0
0
0
0
0
0
0
0
0
0
0
0
0
0
0
0
0
0
0
0
0
0
0
0
0
0
0
0
0
0
0
0
0
0
0
0
0
0
0
0
0
0
0
0
0
0
0
0
0
0
0
0
0
0
0
0
0
0
0
0
0
0
0
0
0
0
0
0
0
0
0
0
0
0
0
0
0
0
0
0
0
0
0
0
0
0
0
0
0
0
0
0
0
0
0
0
0
0
0
0
0
0
0
0
0
0
0
0
0
0
0
0
0
0
0
0
0
0
0
0
0
0
0
0
0
0
0
0
0
0
0
0
0
0
0
0
0
0
0
0
0
0
0
0
0
0
0
0
0
0
0
0
0
0
0
0
0
0
0
0
0
0
0
0
0
0
0
0
0
0
0
0
0
0
0
0
0
0
0
0
0
0
0
0
0
0
0
0
0
0
0
0
0
0
0
0
0
0
0
0
0
0
0
0
0
0
0
0
0
0
0
0
0
0
0
0
0
0
0
0
0
0
0
0
0
0
0
0
0
0
0
0
0
0
0
0
0
0
0
0
0
0
0
0
0
0
0
0
0
0
0
0
0
0
0
0
0
0
0
0
0
0
0
0
0
0
0
0
0
0
0
0
0
0
0
0
0
0
0
0
0
0
0
0
0
0
0
0
0
0
0
0
0
0
0
0
0
0
0
0
0
0
0
0
0
0
0
0
0
0
0
0
0
0
0
0
0
0
0
0
0
0
0
0
0
0
0
0
0
0
0
0
0
0
0
0
0
0
0
0
0
0
0
0
0
0
0
0
0
0
0
0
0
0
0
0
0
0
0
0
0
0
0
0
0
0
0
0
0
0
0
0
0
0
0
0
0
0
0
0
0
0
0
0
0
0
0
0
0
0
0
0
0
0
0
0
0
0
0
0
0
0
0
0
0
0
0
0
0
0
0
0
0
0
0
0
0
0
0
0
0
0
0
0
0
0
0
0
0
0
0
0
0
0
0
0
0
0
0
0
0
0
0
0
0
0
0
0
0
0
0
0
0
0
0
0
0
0
0
0
0
0
0
0
0
0
0
0
0
0
0
0
0
0
0
0
0
0
0
0
0
0
0
0
0
0
0
0
0
0
0
0
0
0
0
0
0
0
0
0
0
0
0
0
0
0
0
0
0
0
0
0
0
0
0
0
0
0
0
0
0
0
0
0
0
0
0
0
0
0
0
0
0
0
0
0
0
0
0
0
0
0
0
0
0
0
0
0
0
0
0
0
0
0
0
0
0
0
0
0
0
0
0
0
0
0
0
0
0
0
0
0
0
0
0
0
0
0
0
0
0
0
0
0
0
0
0
0
0
0
0
0
0
0
0
0
0
0
0
0
0
0
0
0
0
0
0
0
0
0
0
0
0
0
0
0
0
0
0
0
0
0
0
0
0
0
0
0
0
0
0
0
0
0
0
0
0
0
0
0
0
0
0
0
0
0
0
0
0
0
0
0
0
0
0
0
0
0
0
0
0
0
0
0
0
0
0
0
0
0
0
0
0
0
0
0
0
0
0
0
0
0
0
0
0
0
0
0
0
0
0
0
0
0
0
0
0
0
0
0
0
0
0
0
0
0
0
0
0
0
0
0
0
0
0
0
0
0
0
0
0
0
0
0
0
0
0
0
0
0
0
0
0
0
0
0
0
0
0
0
0
0
0
0
0
0
0
0
0
0
0
0
0
0
0
0
0
0
0
0
0
0
0
0
0
0
0
0
0
0
0
0
0
0
0
0
0
0
0
0
0
0
0
0
0
0
0
0
0
0
0
0
0
0
0
0
0
0
0
0
0
0
0
0
0
0
0
0
0
0
0
0
0
0
0
0
0
0
0
0
0
0
0
0
0
0
0
0
0
0
0
0
0
0
0
0
0
0
0
0
0
0
0
0
0
0
0
0
0
0
0
0
0
0
0
0
0
0
0
0
0
0
0
0
0
0
0
0
0
0
0
0
0
0
0
0
0
0
0
0
0
0
0
0
0
0
0
0
0
0
0
0
0
0
0
0
0
0
0
0
0
0
0
0
0
0
0
0
0
0
0
0
0
0
0
0
0
0
0
0
0
0
0
0
0
0
0
0
0
0
0
0
0
0
0
0
0
0
0
0
0
0
0
0
0
0
0
0
0
0
0
0
0
0
0
0
0
0
0
0
0
0
0
0
0
0
0
0
0
0
0
0
0
0
0
0
0
0
0
0
0
0
0
0
0
0
0
0
0
0
0
0
0
0
0
0
0
0
0
0
0
0
0
0
0
0
0
0
0
0
0
0
0
0
0
0
0
0
0
0
0
0
0
0
0
0
0
0
0
0
0
0
0
0
0
0
0
0
0
0
0
0
0
0
0
0
0
0
0
0
0
0
0
0
0
0
0
0
0
0
0
0
0
0
0
0
0
0
0
0
0
0
0
0
0
0
0
0
0
0
0
0
0
0
0
0
0
0
0
0
0
0
0
0
0
0
0
0
0
0
0
0
0
0
0
0
0
0
0
0
0
0
0
0
0
0
0
0
0
0
0
0
0
0
0
0
0
0
0
0
0
0
0
0
0
0
0
0
0
0
0
0
0
0
0
0
0
0
0
0
0
0
0
0
0
0
0
0
0
0
0
0
0
0
0
0
0
0
0
0
0
0
0
0
0
0
0
0
0
0
0
0
0
0
0
0
0
0
0
0
0
0
0
0
0
0
0
0
0
0
0
0
0
0
0
0
0
0
0
0
0
0
0
0
0
0
0
0
0
0
0
0
0
0
0
0
0
0
0
0
0
0
0
0
0
0
0
0
0
0
0
0
0
0
0
0
0
0
0
0
0
0
0
0
0
0
0
0
0
0
0
0
0
0
0
0
0
0
0
0
0
0
0
0
0
0
0
0
0
0
0
0
0
0
0
0
0
0
0
0
0
0
0
0
0
0
0
0
0
0
0
0
0
0
0
0
0
0
0
0
0
0
0
0
0
0
0
0
0
0
0
0
0
0
0
0
0
0
0
0
0
0
0
0
0
0
0
0
0
0
0
0
0
0
0
0
0
0
0
0
0
0
0
0
0
0
0
0
0
0
0
0
0
0
0
0
0
0
0
0
0
0
0
0
0
0
0
0
0
0
0
0
0
0
0
0
0
0
0
0
0
0
0
0
0
0
0
0
0
0
0
0
0
0
0
0
0
0
0
0
0
0
0
0
0
0
0
0
0
0
0
0
0
0
0
0
0
0
0
0
0
0
0
0
0
0
0
0
0
0
0
0
0
0
0
0
0
0
0
0
0
0
0
0
0
0
0
0
0
0
0
0
0
0
0
0
0
0
0
0
0
0
0
0
0
0
0
0
0
0
0
0
0
0
0
0
0
0
0
0
0
0
0
0
0
0
0
0
0
0
0
0
0
0
0
0
0
0
0
0
0
0
0
0
0
0
0
0
0
0
0
0
0
0
0
0
0
0
0
0
0
0
0
0
0
0
0
0
0
0
0
0
0
0
0
0
0
0
0
0
0
0
0
0
0
0
0
0
0
0
0
0
0
0
0
0
0
0
0
0
0
0
0
0
0
0
0
0
0
0
0
0
0
0
0
0
0
0
0
0
0
0
0
0
0
0
0
0
0
0
0
0
0
0
0
0
0
0
0
0
0
0
0
0
0
0
0
0
0
0
0
0
0
0
0
0
0
0
0
0
0
0
0
0
0
0
0
0
0
0
0
0
0
0
0
0
0
0
0
0
0
0
0
0
0
0
0
0
0
0
0
0
0
0
0
0
0
0
0
0
0
0
0
0
0
0
0
0
0
0
0
0
0
0
0
0
0
0
0
0
0
0
0
0
0
0
0
0
0
0
0
0
0
0
0
0
0
0
0
0
0
0
0
0
0
0
0
0
0
0
0
0
0
0
0
0
0
0
0
0
0
0
0
0
0
0
0
0
0
0
0
0
0
0
0
0
0
0
0
0
0
0
0
0
0
0
0
0
0
0
0
0
0
0
0
0
0
0
0
0
0
0
0
0
0
0
0
0
0
0
0
0
0
0
0
0
0
0
0
0
0
0
0
0
0
0
0
0
0
0
0
0
0
0
0
0
0
0
0
0
0
0
0
0
0
0
0
0
0
0
0
0
0
0
0
0
0
0
0
0
0
0
0
0
0
0
0
0
0
0
0
0
0
0
0
0
0
0
0
0
0
0
0
0
0
0
0
0
0
0
0
0
0
0
0
0
0
0
0
0
0
0
0
0
0
0
0
0
0
0
0
0
0
0
0
0
0
0
0
0
0
0
0
0
0
0
0
0
0
0
0
0
0
0
0
0
0
0
0
0
0
0
0
0
0
0
0
0
0
0
0
0
0
0
0
0
0
0
0
0
0
0
0
0
0
0
0
0
0
0
0
0
0
0
0
0
0
0
0
0
0
0
0
0
0
0
0
0
0
0
0
0
0
0
0
0
0
0
0
0
0
0
0
0
0
0
0
0
0
0
0
0
0
0
0
0
0
0
0
0
0
0
0
0
0
0
0
0
0
0
0
0
0
0
0
0
0
0
0
0
0
0
0
0
0
0
0
0
0
0
0
0
0
0
0
0
0
0
0
0
0
0
0
0
0
0
0
0
0
0
0
0
0
0
0
0
0
0
0
0
0
0
0
0
0
0
0
0
0
0
0
0
0
0
0
0
0
0
0
0
0
0
0
0
0
0
0
0
0
0
0
0
0
0
0
0
0
0
0
0
0
0
0
0
0
0
0
0
0
0
0
0
0
0
0
0
0
0
0
0
0
0
0
0
0
0
0
0
0
0
0
0
0
0
0
0
0
0
0
0
0
0
0
0
0
0
0
0
0
0
0
0
0
0
0
0
0
0
0
0
0
0
0
0
0
0
0
0
0
0
0
0
0
0
0
0
0
0
0
0
0
0
0
0
0
0
0
0
0
0
0
0
0
0
0
0
0
0
0
0
0
0
0
0
0
0
0
0
0
0
0
0
0
0
0
0
0
0
0
0
0
0
0
0
0
0
0
0
0
0
0
0
0
0
0
0
0
0
0
0
0
0
0
0
0
0
0
0
0
0
0
0
0
0
0
0
0
0
0
0
0
0
0
0
0
0
0
0
0
0
0
0
0
0
0
0
0
0
0
0
0
0
0
0
0
0
0
0
0
0
0
0
0
0
0
0
0
0
0
0
0
0
0
0
0
0
0
0
0
0
0
0
0
0
0
0
0
0
0
0
0
0
0
0
0
0
0
0
0
0
0
0
0
0
0
0
0
0
0
0
0
0
0
0
0
0
0
0
0
0
0
0
0
0
0
0
0
0
0
0
0
0
0
0
0
0
0
0
0
0
0
0
0
0
0
0
0
0
0
0
0
0
0
0
0
0
0
0
0
0
0
0
0
0
0
0
0
0
0
0
0
0
0
0
0
0
0
0
0
0
0
0
0
0
0
0
0
0
0
0
0
0
0
0
0
0
0
0
0
0
0
0
0
0
0
0
0
0
0
0
0
0
0
0
0
0
0
0
0
0
0
0
0
0
0
0
0
0
0
0
0
0
0
0
0
0
0
0
0
0
0
0
0
0
0
0
0
0
0
0
0
0
0
0
0
0
0
0
0
0
0
0
0
0
0
0
0
0
0
0
0
0
0
0
0
0
0
0
0
0
0
0
0
0
0
0
0
0
0
0
0
0
0
0
0
0
0
0
0
0
0
0
0
0
0
0
0
0
0
0
0
0
0
0
0
0
0
0
0
0
0
0
0
0
0
0
0
0
0
0
0
0
0
0
0
0
0
0
0
0
0
0
0
0
0
0
0
0
0
0
0
0
0
0
0
0
0
0
0
0
0
0
0
0
0
0
0
0
0
0
0
0
0
0
0
0
0
0
0
0
0
0
0
0
0
0
0
0
0
0
0
0
0
0
0
0
0
0
0
0
0
0
0
0
0
0
0
0
0
0
0
0
0
0
0
0
0
0
0
0
0
0
0
0
0
0
0
0
0
0
0
0
0
0
0
0
0
0
0
0
0
0
0
0
0
0
0
0
0
0
0
0
0
0
0
0
0
0
0
0
0
0
0
0
0
0
0
0
0
0
0
0
0
0
0
0
0
0
0
0
0
0
0
0
0
0
0
0
0
0
0
0
0
0
0
0
0
0
0
0
0
0
0
0
0
0
0
0
0
0
0
0
0
0
0
0
0
0
0
0
0
0
0
0
0
0
0
0
0
0
0
0
0
0
0
0
0
0
0
0
0
0
0
0
0
0
0
0
0
0
0
0
0
0
0
0
0
0
0
0
0
0
0
0
0
0
0
0
0
0
0
0
0
0
0
0
0
0
0
0
0
0
0
0
0
0
0
0
0
0
0
0
0
0
0
0
0
0
0
0
0
0
0
0
0
0
0
0
0
0
0
0
0
0
0
0
0
0
0
0
0
0
0
0
0
0
0
0
0
0
0
0
0
0
0
0
0
0
0
0
0
0
0
0
0
0
0
0
0
0
0
0
0
0
0
0
0
0
0
0
0
0
0
0
0
0
0
0
0
0
0
0
0
0
0
0
0
0
0
0
0
0
0
0
0
0
0
0
0
0
0
0
0
0
0
0
0
0
0
0
0
0
0
0
0
0
0
0
0
0
0
0
0
0
0
0
0
0
0
0
0
0
0
0
0
0
0
0
0
0
0
0
0
0
0
0
0
0
0
0
0
0
0
0
0
0
0
0
0
0
0
0
0
0
0
0
0
0
0
0
0
0
0
0
0
0
0
0
0
0
0
0
0
0
0
0
0
0
0
0
0
0
0
0
0
0
0
0
0
0
0
0
0
0
0
0
0
0
0
0
0
0
0
0
0
0
0
0
0
0
0
0
0
0
0
0
0
0
0
0
0
0
0
0
0
0
0
0
0
0
0
0
0
0
0
0
0
0
0
0
0
0
0
0
0
0
0
0
0
0
0
0
0
0
0
0
0
0
0
0
0
0
0
0
0
0
0
0
0
0
0
0
0
0
0
0
0
0
0
0
0
0
0
0
0
0
0
0
0
0
0
0
0
0
0
0
0
0
0
0
0
0
0
0
0
0
0
0
0
0
0
0
0
0
0
0
0
0
0
0
0
0
0
0
0
0
0
0
0
0
0
0
0
0
0
0
0
0
0
0
0
0
0
0
0
0
0
0
0
0
0
0
0
0
0
0
0
0
0
0
0
0
0
0
0
0
0
0
0
0
0
0
0
0
0
0
0
0
0
0
0
0
0
0
0
0
0
0
0
0
0
0
0
0
0
0
0
0
0
0
0
0
0
0
0
0
0
0
0
0
0
0
0
0
0
0
0
0
0
0
0
0
0
0
0
0
0
0
0
0
0
0
0
0
0
0
0
0
0
0
0
0
0
0
0
0
0
0
0
0
0
0
0
0
0
0
0
0
0
0
0
0
0
0
0
0
0
0
0
0
0
0
0
0
0
0
0
0
0
0
0
0
0
0
0
0
0
0
0
0
0
0
0
0
0
0
0
0
0
0
0
0
0
0
0
0
0
0
0
0
0
0
0
0
0
0
0
0
0
0
0
0
0
0
0
0
0
0
0
0
0
0
0
0
0
0
0
0
0
0
0
0
0
0
0
0
0
0
0
0
0
0
0
0
0
0
0
0
0
0
0
0
0
0
0
0
0
0
0
0
0
0
0
0
0
0
0
0
0
0
0
0
0
0
0
0
0
0
0
0
0
0
0
0
0
0
0
0
0
0
0
0
0
0
0
0
0
0
0
0
0
0
0
0
0
0
0
0
0
0
0
0
0
0
0
0
0
0
0
0
0
0
0
0
0
0
0
0
0
0
0
0
0
0
0
0
0
0
0
0
0
0
0
0
0
0
0
0
0
0
0
0
0
0
0
0
0
0
0
0
0
0
0
0
0
0
0
0
0
0
0
0
0
0
0
0
0
0
0
0
0
0
0
0
0
0
0
0
0
0
0
0
0
0
0
0
0
0
0
0
0
0
0
0
0
0
0
0
0
0
0
0
0
0
0
0
0
0
0
0
0
0
0
0
0
0
0
0
0
0
0
0
0
0
0
0
0
0
0
0
0
0
0
0
0
0
0
0
0
0
0
0
0
0
0
0
0
0
0
0
0
0
0
0
0
0
0
0
0
0
0
0
0
0
0
0
0
0
0
0
0
0
0
0
0
0
0
0
0
0
0
0
0
0
0
0
0
0
0
0
0
0
0
0
0
0
0
0
0
0
0
0
0
0
0
0
0
0
0
0
0
0
0
0
0
0
0
0
0
0
0
0
0
0
0
0
0
0
0
0
0
0
0
0
0
0
0
0
0
0
0
0
0
0
0
0
0
0
0
0
0
0
0
0
0
0
0
0
0
0
0
0
0
0
0
0
0
0
0
0
0
0
0
0
0
0
0
0
0
0
0
0
0
0
0
0
0
0
0
0
0
0
0
0
0
0
0
0
0
0
0
0
0
0
0
0
0
0
0
0
0
0
0
0
0
0
0
0
0
0
0
0
0
0
0
0
0
0
0
0
0
0
0
0
0
0
0
0
0
0
0
0
0
0
0
0
0
0
0
0
0
0
0
0
0
0
0
0
0
0
0
0
0
0
0
0
0
0
0
0
0
0
0
0
0
0
0
0
0
0
0
0
0
0
0
0
0
0
0
0
0
0
0
0
0
0
0
0
0
0
0
0
0
0
0
0
0
0
0
0
0
0
0
0
0
0
0
0
0
0
0
0
0
0
0
0
0
0
0
0
0
0
0
0
0
0
0
0
0
0
0
0
0
0
0
0
0
0
0
0
0
0
0
0
0
0
0
0
0
0
0
0
0
0
0
0
0
0
0
0
0
0
0
0
0
0
0
0
0
0
0
0
0
0
0
0
0
0
0
0
0
0
0
0
0
0
0
0
0
0
0
0
0
0
0
0
0
0
0
0
0
0
0
0
0
0
0
0
0
0
0
0
0
0
0
0
0
0
0
0
0
0
0
0
0
0
0
0
0
0
0
0
0
0
0
0
0
0
0
0
0
0
0
0
0
0
0
0
0
0
0
0
0
0
0
0
0
0
0
0
0
0
0
0
0
0
0
0
0
0
0
0
0
0
0
0
0
0
0
0
0
0
0
0
0
0
0
0
0
0
0
0
0
0
0
0
0
0
0
0
0
0
0
0
0
0
0
0
0
0
0
0
0
0
0
0
0
0
0
0
0
0
0
0
0
0
0
0
0
0
0
0
0
0
0
0
0
0
0
0
0
0
0
0
0
0
0
0
0
0
0
0
0
0
0
0
0
0
0
0
0
0
0
0
0
0
0
0
0
0
0
0
0
0
0
0
0
0
0
0
0
0
0
0
0
0
0
0
0
0
0
0
0
0
0
0
0
0
0
0
0
0
0
0
0
0
0
0
0
0
0
0
0
0
0
0
0
0
0
0
0
0
0
0
0
0
0
0
0
0
0
0
0
0
0
0
0
0
0
0
0
0
0
0
0
0
0
0
0
0
0
0
0
0
0
0
0
0
0
0
0
0
0
0
0
0
0
0
0
0
0
0
0
0
0
0
0
0
0
0
0
0
0
0
0
0
0
0
0
0
0
0
0
0
0
0
0
0
0
0
0
0
0
0
0
0
0
0
0
0
0
0
0
0
0
0
0
0
0
0
0
0
0
0
0
0
0
0
0
0
0
0
0
0
0
0
0
0
0
0
0
0
0
0
0
0
0
0
0
0
0
0
0
0
0
0
0
0
0
0
0
0
0
0
0
0
0
0
0
0
0
0
0
0
0
0
0
0
0
0
0
0
0
0
0
0
0
0
0
0
0
0
0
0
0
0
0
0
0
0
0
0
0
0
0
0
0
0
0
0
0
0
0
0
0
0
0
0
0
0
0
0
0
0
0
0
0
0
0
0
0
0
0
0
0
0
0
0
0
0
0
0
0
0
0
0
0
0
0
0
0
0
0
0
0
0
0
0
0
0
0
0
0
0
0
0
0
0
0
0
0
0
0
0
0
0
0
0
0
0
0
0
0
0
0
0
0
0
0
0
0
0
0
0
0
0
0
0
0
0
0
0
0
0
0
0
0
0
0
0
0
0
0
0
0
0
0
0
0
0
0
0
0
0
0
0
0
0
0
0
0
0
0
0
0
0
0
0
0
0
0
0
0
0
0
0
0
0
0
0
0
0
0
0
0
0
0
0
0
0
0
0
0
0
0
0
0
0
0
0
0
0
0
0
0
0
0
0
0
0
0
0
0
0
0
0
0
0
0
0
0
0
0
0
0
0
0
0
0
0
0
0
0
0
0
0
0
0
0
0
0
0
0
0
0
0
0
0
0
0
0
0
0
0
0
0
0
0
0
0
0
0
0
0
0
0
0
0
0
0
0
0
0
0
0
0
0
0
0
0
0
0
0
0
0
0
0
0
0
0
0
0
0
0
0
0
0
0
0
0
0
0
0
0
0
0
0
0
0
0
0
0
0
0
0
0
0
0
0
0
0
0
0
0
0
0
0
0
0
0
0
0
0
0
0
0
0
0
0
0
0
0
0
0
0
0
0
0
0
0
0
0
0
0
0
0
0
0
0
0
0
0
0
0
0
0
0
0
0
0
0
0
0
0
0
0
0
0
0
0
0
0
0
0
0
0
0
0
0
0
0
0
0
0
0
0
0
0
0
0
0
0
0
0
0
0
0
0
0
0
0
0
0
0
0
0
0
0
0
0
0
0
0
0
0
0
0
0
0
0
0
0
0
0
0
0
0
0
0
0
0
0
0
0
0
0
0
0
0
0
0
0
0
0
0
0
0
0
0
0
0
0
0
0
0
0
0
0
0
0
0
0
0
0
0
0
0
0
0
0
0
0
0
0
0
0
0
0
0
0
0
0
0
0
0
0
0
0
0
0
0
0
0
0
0
0
0
0
0
0
0
0
0
0
0
0
0
0
0
0
0
0
0
0
0
0
0
0
0
0
0
0
0
0
0
0
0
0
0
0
0
0
0
0
0
0
0
0
0
0
0
0
0
0
0
0
0
0
0
0
0
0
0
0
0
0
0
0
0
0
0
0
0
0
0
0
0
0
0
0
0
0
0
0
0
0
0
0
0
0
0
0
0
0
0
0
0
0
0
0
0
0
0
0
0
0
0
0
0
0
0
0
0
0
0
0
0
0
0
0
0
0
0
0
0
0
0
0
0
0
0
0
0
0
0
0
0
0
0
0
0
0
0
0
0
0
0
0
0
0
0
0
0
0
0
0
0
0
0
0
0
0
0
0
0
0
0
0
0
0
0
0
0
0
0
0
0
0
0
0
0
0
0
0
0
0
0
0
0
0
0
0
0
0
0
0
0
0
0
0
0
0
0
0
0
0
0
0
0
0
0
0
0
0
0
0
0
0
0
0
0
0
0
0
0
0
0
0
0
0
0
0
0
0
0
0
0
0
0
0
0
0
0
0
0
0
0
0
0
0
0
0
0
0
0
0
0
0
0
0
0
0
0
0
0
0
0
0
0
0
0
0
0
0
0
0
0
0
0
0
0
0
0
0
0
0
0
0
0
0
0
0
0
0
0
0
0
0
0
0
0
0
0
0
0
0
0
0
0
0
0
0
0
0
0
0
0
0
0
0
0
0
0
0
0
0
0
0
0
0
0
0
0
0
0
0
0
0
0
0
0
0
0
0
0
0
0
0
0
0
0
0
0
0
0
0
0
0
0
0
0
0
0
0
0
0
0
0
0
0
0
0
0
0
0
0
0
0
0
0
0
0
0
0
0
0
0
0
0
0
0
0
0
0
0
0
0
0
0
0
0
0
0
0
0
0
0
0
0
0
0
0
0
0
0
0
0
0
0
0
0
0
0
0
0
0
0
0
0
0
0
0
0
0
0
0
0
0
0
0
0
0
0
0
0
0
0
0
0
0
0
0
0
0
0
0
0
0
0
0
0
0
0
0
0
0
0
0
0
0
0
0
0
0
0
0
0
0
0
0
0
0
0
0
0
0
0
0
0
0
0
0
0
0
0
0
0
0
0
0
0
0
0
0
0
0
0
0
0
0
0
0
0
0
0
0
0
0
0
0
0
0
0
0
0
0
0
0
0
0
0
0
0
0
0
0
0
0
0
0
0
0
0
0
0
0
0
0
0
0
0
0
0
0
0
0
0
0
0
0
0
0
0
0
0
0
0
0
0
0
0
0
0
0
0
0
0
0
0
0
0
0
0
0
0
0
0
0
0
0
0
0
0
0
0
0
0
0
0
0
0
0
0
0
0
0
0
0
0
0
0
0
0
0
0
0
0
0
0
0
0
0
0
0
0
0
0
0
0
0
0
0
0
0
0
0
0
0
0
0
0
0
0
0
0
0
0
0
0
0
0
0
0
0
0
0
0
0
0
0
0
0
0
0
0
0
0
0
0
0
0
0
0
0
0
0
0
0
0
0
0
0
0
0
0
0
0
0
0
0
0
0
0
0
0
0
0
0
0
0
0
0
0
0
0
0
0
0
0
0
0
0
0
0
0
0
0
0
0
0
0
0
0
0
0
0
0
0
0
0
0
0
0
0
0
0
0
0
0
0
0
0
0
0
0
0
0
0
0
0
0
0
0
0
0
0
0
0
0
0
0
0
0
0
0
0
0
0
0
0
0
0
0
0
0
0
0
0
0
0
0
0
0
0
0
0
0
0
0
0
0
0
0
0
0
0
0
0
0
0
0
0
0
0
0
0
0
0
0
0
0
0
0
0
0
0
0
0
0
0
0
0
0
0
0
0
0
0
0
0
0
0
0
0
0
0
0
0
0
0
0
0
0
0
0
0
0
0
0
0
0
0
0
0
0
0
0
0
0
0
0
0
0
0
0
0
0
0
0
0
0
0
0
0
0
0
0
0
0
0
0
0
0
0
0
0
0
0
0
0
0
0
0
0
0
0
0
0
0
0
0
0
0
0
0
0
0
0
0
0
0
0
0
0
0
0
0
0
0
0
0
0
0
0
0
0
0
0
0
0
0
0
0
0
0
0
0
0
0
0
0
0
0
0
0
0
0
0
0
0
0
0
0
0
0
0
0
0
0
0
0
0
0
0
0
0
0
0
0
0
0
0
0
0
0
0
0
0
0
0
0
0
0
0
0
0
0
0
0
0
0
0
0
0
0
0
0
0
0
0
0
0
0
0
0
0
0
0
0
0
0
0
0
0
0
0
0
0
0
0
0
0
0
0
0
0
0
0
0
0
0
0
0
0
0
0
0
0
0
0
0
0
0
0
0
0
0
0
0
0
0
0
0
0
0
0
0
0
0
0
0
0
0
0
0
0
0
0
0
0
0
0
0
0
0
0
0
0
0
0
0
0
0
0
0
0
0
0
0
0
0
0
0
0
0
0
0
0
0
0
0
0
0
0
0
0
0
0
0
0
0
0
0
0
0
0
0
0
0
0
0
0
0
0
0
0
0
0
0
0
0
0
0
0
0
0
0
0
0
0
0
0
0
0
0
0
0
0
0
0
0
0
0
0
0
0
0
0
0
0
0
0
0
0
0
0
0
0
0
0
0
0
0
0
0
0
0
0
0
0
0
0
0
0
0
0
0
0
0
0
0
0
0
0
0
0
0
0
0
0
0
0
0
0
0
0
0
0
0
0
0
0
0
0
0
0
0
0
0
0
0
0
0
0
0
0
0
0
0
0
0
0
0
0
0
0
0
0
0
0
0
0
0
0
0
0
0
0
0
0
0
0
0
0
0
0
0
0
0
0
0
0
0
0
0
0
0
0
0
0
0
0
0
0
0
0
0
0
0
0
0
0
0
0
0
0
0
0
0
0
0
0
0
0
0
0
0
0
0
0
0
0
0
0
0
0
0
0
0
0
0
0
0
0
0
0
0
0
0
0
0
0
0
0
0
0
0
0
0
0
0
0
0
0
0
0
0
0
0
0
0
0
0
0
0
0
0
0
0
0
0
0
0
0
0
0
0
0
0
0
0
0
0
0
0
0
0
0
0
0
0
0
0
0
0
0
0
0
0
0
0
0
0
0
0
0
0
0
0
0
0
0
0
0
0
0
0
0
0
0
0
0
0
0
0
0
0
0
0
0
0
0
0
0
0
0
0
0
0
0
0
0
0
0
0
0
0
0
0
0
0
0
0
0
0
0
0
0
0
0
0
0
0
0
0
0
0
0
0
0
0
0
0
0
0
0
0
0
0
0
0
0
0
0
0
0
0
0
0
0
0
0
0
0
0
0
0
0
0
0
0
0
0
0
0
0
0
0
0
0
0
0
0
0
0
0
0
0
0
0
0
0
0
0
0
0
0
0
0
0
0
0
0
0
0
0
0
0
0
0
0
0
0
0
0
0
0
0
0
0
0
0
0
0
0
0
0
0
0
0
0
0
0
0
0
0
0
0
0
0
0
0
0
0
0
0
0
0
0
0
0
0
0
0
0
0
0
0
0
0
0
0
0
0
0
0
0
0
0
0
0
0
0
0
0
0
0
0
0
0
0
0
0
0
0
0
0
0
0
0
0
0
0
0
0
0
0
0
0
0
0
0
0
0
0
0
0
0
0
0
0
0
0
0
0
0
0
0
0
0
0
0
0
0
0
0
0
0
