0
0
0
0
0
0
0
0
0
0
0
0
0
0
0
0
0
0
0
0
0
0
0
0
0
0
0
0
0
0
0
0
0
0
0
0
0
0
0
0
0
0
0
0
0
0
0
0
0
0
0
0
0
0
0
0
0
0
0
0
0
0
0
0
0
0
0
0
0
0
0
0
0
0
0
0
0
0
0
0
0
0
0
0
0
0
0
0
0
0
0
0
0
0
0
0
0
0
0
0
0
0
0
0
0
0
0
0
0
0
0
0
0
0
0
0
0
0
0
0
0
0
0
0
0
0
0
0
0
0
0
0
0
0
0
0
0
0
0
0
0
0
0
0
0
0
0
0
0
0
0
0
0
0
0
0
0
0
0
0
0
0
0
0
0
0
0
0
0
0
0
0
0
0
0
0
0
0
0
0
0
0
0
0
4092
4094
0
0
0
0
0
0
4093
4092
0
0
0
0
0
0
4094
4093
0
0
0
0
0
0
4093
4094
0
0
0
0
0
0
4094
4095
0
0
0
0
0
0
4092
4094
0
0
0
0
0
0
4093
4092
0
0
0
0
0
0
4095
4092
0
0
0
0
0
0
4095
4095
0
0
0
0
0
0
4095
1
0
0
0
0
0
0
4089
4093
0
0
0
0
0
0
4090
4088
0
0
0
0
0
0
2
4090
0
0
0
0
0
0
3
1
0
0
0
0
0
0
4092
3
0
0
0
0
0
0
4086
4094
0
0
0
0
0
0
4089
4085
0
0
0
0
0
0
4
4087
0
0
0
0
0
0
8
4
0
0
0
0
0
0
4091
10
0
0
0
0
0
0
4080
4094
0
0
0
0
0
0
4088
4079
0
0
0
0
0
0
8
4083
0
0
0
0
0
0
12
8
0
0
0
0
0
0
4089
15
0
0
0
0
0
0
4073
4093
0
0
0
0
0
0
4083
4071
0
0
0
0
0
0
15
4079
0
0
0
0
0
0
20
13
0
0
0
0
0
0
4089
23
0
0
0
0
0
0
4063
4093
0
0
0
0
0
0
4078
4063
0
0
0
0
0
0
20
4074
0
0
0
0
0
0
27
19
0
0
0
0
0
0
4087
33
0
0
0
0
0
0
4054
4093
0
0
0
0
0
0
4073
4053
0
0
0
0
0
0
29
4067
0
0
0
0
0
0
39
25
0
0
0
0
0
0
4085
45
0
0
0
0
0
0
4043
4094
0
0
0
0
0
0
4070
4042
0
0
0
0
0
0
36
4058
0
0
0
0
0
0
52
34
0
0
0
0
0
0
4083
56
0
0
0
0
0
0
4030
4094
0
0
0
0
0
0
4062
4029
0
0
0
0
0
0
46
4051
0
0
0
0
0
0
63
40
0
0
0
0
0
0
4082
71
0
0
0
0
0
0
4014
4094
0
0
0
0
0
0
4056
4014
0
0
0
0
0
0
58
4042
0
0
0
0
0
0
79
50
0
0
0
0
0
0
4078
86
0
0
0
0
0
0
3999
4094
0
0
0
0
0
0
4049
3998
0
0
0
0
0
0
70
4033
0
0
0
0
0
0
91
60
0
0
0
0
0
0
4076
103
0
0
0
0
0
0
3981
4094
0
0
0
0
0
0
4039
3979
0
0
0
0
0
0
82
4020
0
0
0
0
0
0
108
71
0
0
0
0
0
0
4074
122
0
0
0
0
0
0
3961
4093
0
0
0
0
0
0
4031
3962
0
0
0
0
0
0
97
4009
0
0
0
0
0
0
127
83
0
0
0
0
0
0
4070
141
0
0
0
0
0
0
3941
4092
0
0
0
0
0
0
4022
3942
0
0
0
0
0
0
112
3997
0
0
0
0
0
0
145
95
0
0
0
0
0
0
4066
161
0
0
0
0
0
0
3921
4093
0
0
0
0
0
0
4011
3920
0
0
0
0
0
0
129
3984
0
0
0
0
0
0
165
109
0
0
0
0
0
0
4061
182
0
0
0
0
0
0
3897
4094
0
0
0
0
0
0
4002
3897
0
0
0
0
0
0
145
3970
0
0
0
0
0
0
188
124
0
0
0
0
0
0
4058
207
0
0
0
0
0
0
3872
4094
0
0
0
0
0
0
3990
3873
0
0
0
0
0
0
164
3955
0
0
0
0
0
0
210
138
0
0
0
0
0
0
4054
231
0
0
0
0
0
0
3847
4094
0
0
0
0
0
0
3978
3848
0
0
0
0
0
0
181
3939
0
0
0
0
0
0
234
154
0
0
0
0
0
0
4051
257
0
0
0
0
0
0
3819
4093
0
0
0
0
0
0
3965
3820
0
0
0
0
0
0
202
3923
0
0
0
0
0
0
257
172
0
0
0
0
0
0
4044
285
0
0
0
0
0
0
3790
4093
0
0
0
0
0
0
3953
3794
0
0
0
0
0
0
222
3906
0
0
0
0
0
0
284
189
0
0
0
0
0
0
4039
312
0
0
0
0
0
0
3760
4092
0
0
0
0
0
0
3940
3765
0
0
0
0
0
0
244
3888
0
0
0
0
0
0
312
207
0
0
0
0
0
0
4035
341
0
0
0
0
0
0
3731
4092
0
0
0
0
0
0
3926
3736
0
0
0
0
0
0
268
3869
0
0
0
0
0
0
339
226
0
0
0
0
0
0
4029
373
0
0
0
0
0
0
3698
4092
0
0
0
0
0
0
3911
3704
0
0
0
0
0
0
290
3850
0
0
0
0
0
0
369
247
0
0
0
0
0
0
4024
405
0
0
0
0
0
0
3666
4093
0
0
0
0
0
0
3895
3671
0
0
0
0
0
0
314
3829
0
0
0
0
0
0
401
267
0
0
0
0
0
0
4018
437
0
0
0
0
0
0
3632
4092
0
0
0
0
0
0
3878
3638
0
0
0
0
0
0
341
3809
0
0
0
0
0
0
431
287
0
0
0
0
0
0
4013
471
0
0
0
0
0
0
3595
4092
0
0
0
0
0
0
3863
3603
0
0
0
0
0
0
365
3788
0
0
0
0
0
0
464
310
0
0
0
0
0
0
4007
507
0
0
0
0
0
0
3559
4092
0
0
0
0
0
0
3847
3569
0
0
0
0
0
0
393
3765
0
0
0
0
0
0
498
331
0
0
0
0
0
0
4001
543
0
0
0
0
0
0
3522
4093
0
0
0
0
0
0
3830
3532
0
0
0
0
0
0
419
3744
0
0
0
0
0
0
531
352
0
0
0
0
0
0
3995
580
0
0
0
0
0
0
3482
4090
0
0
0
0
0
0
3812
3493
0
0
0
0
0
0
447
3720
0
0
0
0
0
0
567
377
0
0
0
0
0
0
3987
615
0
0
0
0
0
0
3443
4091
0
0
0
0
0
0
3795
3455
0
0
0
0
0
0
476
3696
0
0
0
0
0
0
603
400
0
0
0
0
0
0
3981
655
0
0
0
0
0
0
3404
4092
0
0
0
0
0
0
3776
3416
0
0
0
0
0
0
505
3672
0
0
0
0
0
0
641
426
0
0
0
0
0
0
3975
696
0
0
0
0
0
0
3362
4091
0
0
0
0
0
0
3757
3377
0
0
0
0
0
0
535
3648
0
0
0
0
0
0
676
451
0
0
0
0
0
0
3968
735
0
0
0
0
0
0
3319
4090
0
0
0
0
0
0
3738
3337
0
0
0
0
0
0
565
3623
0
0
0
0
0
0
715
476
0
0
0
0
0
0
3961
777
0
0
0
0
0
0
3277
4090
0
0
0
0
0
0
3718
3295
0
0
0
0
0
0
597
3597
0
0
0
0
0
0
753
502
0
0
0
0
0
0
3954
818
0
0
0
0
0
0
3234
4091
0
0
0
0
0
0
3699
3252
0
0
0
0
0
0
627
3571
0
0
0
0
0
0
792
529
0
0
0
0
0
0
3944
860
0
0
0
0
0
0
3191
4090
0
0
0
0
0
0
3679
3209
0
0
0
0
0
0
660
3544
0
0
0
0
0
0
833
556
0
0
0
0
0
0
3939
904
0
0
0
0
0
0
3146
4090
0
0
0
0
0
0
3659
3166
0
0
0
0
0
0
692
3519
0
0
0
0
0
0
873
581
0
0
0
0
0
0
3931
947
0
0
0
0
0
0
3099
4088
0
0
0
0
0
0
3638
3122
0
0
0
0
0
0
724
3490
0
0
0
0
0
0
913
610
0
0
0
0
0
0
3924
991
0
0
0
0
0
0
3053
4089
0
0
0
0
0
0
3618
3079
0
0
0
0
0
0
759
3464
0
0
0
0
0
0
954
637
0
0
0
0
0
0
3916
1037
0
0
0
0
0
0
3007
4088
0
0
0
0
0
0
3597
3033
0
0
0
0
0
0
792
3436
0
0
0
0
0
0
997
665
0
0
0
0
0
0
3909
1083
0
0
0
0
0
0
2961
4088
0
0
0
0
0
0
3576
2988
0
0
0
0
0
0
826
3409
0
0
0
0
0
0
1039
694
0
0
0
0
0
0
3901
1128
0
0
0
0
0
0
2913
4089
0
0
0
0
0
0
3554
2941
0
0
0
0
0
0
861
3380
0
0
0
0
0
0
1081
722
0
0
0
0
0
0
3893
1173
0
0
0
0
0
0
2865
4088
0
0
0
0
0
0
3531
2894
0
0
0
0
0
0
894
3350
0
0
0
0
0
0
1125
750
0
0
0
0
0
0
3884
1218
0
0
0
0
0
0
2817
4087
0
0
0
0
0
0
3510
2849
0
0
0
0
0
0
927
3322
0
0
0
0
0
0
1169
779
0
0
0
0
0
0
3875
1266
0
0
0
0
0
0
2770
4088
0
0
0
0
0
0
3488
2801
0
0
0
0
0
0
964
3295
0
0
0
0
0
0
1213
809
0
0
0
0
0
0
3868
1313
0
0
0
0
0
0
2719
4087
0
0
0
0
0
0
3465
2753
0
0
0
0
0
0
998
3265
0
0
0
0
0
0
1257
838
0
0
0
0
0
0
3860
1361
0
0
0
0
0
0
2672
4088
0
0
0
0
0
0
3443
2707
0
0
0
0
0
0
1033
3237
0
0
0
0
0
0
1301
868
0
0
0
0
0
0
3852
1407
0
0
0
0
0
0
2623
4086
0
0
0
0
0
0
3421
2659
0
0
0
0
0
0
1068
3206
0
0
0
0
0
0
1343
897
0
0
0
0
0
0
3843
1454
0
0
0
0
0
0
2574
4086
0
0
0
0
0
0
3399
2613
0
0
0
0
0
0
1104
3177
0
0
0
0
0
0
1387
927
0
0
0
0
0
0
3835
1500
0
0
0
0
0
0
2526
4087
0
0
0
0
0
0
3377
2564
0
0
0
0
0
0
1139
3148
0
0
0
0
0
0
1431
956
0
0
0
0
0
0
3826
1547
0
0
0
0
0
0
2476
4086
0
0
0
0
0
0
3355
2517
0
0
0
0
0
0
1175
3119
0
0
0
0
0
0
1474
985
0
0
0
0
0
0
3819
1594
0
0
0
0
0
0
2427
4086
0
0
0
0
0
0
3333
2470
0
0
0
0
0
0
1210
3090
0
0
0
0
0
0
1518
1014
0
0
0
0
0
0
3811
1643
0
0
0
0
0
0
2377
4085
0
0
0
0
0
0
3310
2423
0
0
0
0
0
0
1245
3062
0
0
0
0
0
0
1562
1043
0
0
0
0
0
0
3803
1689
0
0
0
0
0
0
2328
4085
0
0
0
0
0
0
3289
2377
0
0
0
0
0
0
1280
3035
0
0
0
0
0
0
1606
1073
0
0
0
0
0
0
3794
1736
0
0
0
0
0
0
2280
4084
0
0
0
0
0
0
3268
2329
0
0
0
0
0
0
1315
3003
0
0
0
0
0
0
1649
1102
0
0
0
0
0
0
3786
1784
0
0
0
0
0
0
2233
4085
0
0
0
0
0
0
3245
2282
0
0
0
0
0
0
1349
2974
0
0
0
0
0
0
1692
1131
0
0
0
0
0
0
3778
1829
0
0
0
0
0
0
2184
4084
0
0
0
0
0
0
3222
2236
0
0
0
0
0
0
1383
2948
0
0
0
0
0
0
1736
1159
0
0
0
0
0
0
3772
1875
0
0
0
0
0
0
2136
4084
0
0
0
0
0
0
3201
2190
0
0
0
0
0
0
1419
2920
0
0
0
0
0
0
1779
1188
0
0
0
0
0
0
3764
1920
0
0
0
0
0
0
2089
4084
0
0
0
0
0
0
3181
2146
0
0
0
0
0
0
1453
2891
0
0
0
0
0
0
1821
1215
0
0
0
0
0
0
3757
1968
0
0
0
0
0
0
2043
4083
0
0
0
0
0
0
3160
2100
0
0
0
0
0
0
1485
2864
0
0
0
0
0
0
1862
1244
0
0
0
0
0
0
3749
2011
0
0
0
0
0
0
1996
4082
0
0
0
0
0
0
3137
2053
0
0
0
0
0
0
1519
2836
0
0
0
0
0
0
1902
1271
0
0
0
0
0
0
3739
2055
0
0
0
0
0
0
1950
4084
0
0
0
0
0
0
3117
2010
0
0
0
0
0
0
1552
2809
0
0
0
0
0
0
1944
1299
0
0
0
0
0
0
3734
2099
0
0
0
0
0
0
1906
4083
0
0
0
0
0
0
3096
1966
0
0
0
0
0
0
1583
2783
0
0
0
0
0
0
1985
1326
0
0
0
0
0
0
3726
2143
0
0
0
0
0
0
1861
4084
0
0
0
0
0
0
3077
1925
0
0
0
0
0
0
1615
2755
0
0
0
0
0
0
2023
1352
0
0
0
0
0
0
3717
2184
0
0
0
0
0
0
1816
4083
0
0
0
0
0
0
3056
1880
0
0
0
0
0
0
1647
2730
0
0
0
0
0
0
2063
1379
0
0
0
0
0
0
3711
2226
0
0
0
0
0
0
1774
4083
0
0
0
0
0
0
3038
1839
0
0
0
0
0
0
1678
2705
0
0
0
0
0
0
2101
1404
0
0
0
0
0
0
3704
2266
0
0
0
0
0
0
1732
4082
0
0
0
0
0
0
3018
1799
0
0
0
0
0
0
1709
2680
0
0
0
0
0
0
2137
1428
0
0
0
0
0
0
3696
2307
0
0
0
0
0
0
1690
4082
0
0
0
0
0
0
3000
1758
0
0
0
0
0
0
1738
2656
0
0
0
0
0
0
2176
1455
0
0
0
0
0
0
3690
2346
0
0
0
0
0
0
1649
4082
0
0
0
0
0
0
2983
1719
0
0
0
0
0
0
1766
2631
0
0
0
0
0
0
2211
1479
0
0
0
0
0
0
3683
2385
0
0
0
0
0
0
1609
4081
0
0
0
0
0
0
2963
1681
0
0
0
0
0
0
1796
2608
0
0
0
0
0
0
2247
1502
0
0
0
0
0
0
3677
2424
0
0
0
0
0
0
1570
4082
0
0
0
0
0
0
2945
1643
0
0
0
0
0
0
1823
2586
0
0
0
0
0
0
2282
1525
0
0
0
0
0
0
3669
2460
0
0
0
0
0
0
1530
4082
0
0
0
0
0
0
2928
1607
0
0
0
0
0
0
1853
2563
0
0
0
0
0
0
2315
1548
0
0
0
0
0
0
3663
2495
0
0
0
0
0
0
1495
4080
0
0
0
0
0
0
2912
1571
0
0
0
0
0
0
1879
2541
0
0
0
0
0
0
2349
1568
0
0
0
0
0
0
3658
2531
0
0
0
0
0
0
1459
4080
0
0
0
0
0
0
2897
1537
0
0
0
0
0
0
1903
2519
0
0
0
0
0
0
2380
1591
0
0
0
0
0
0
3653
2565
0
0
0
0
0
0
1424
4080
0
0
0
0
0
0
2880
1503
0
0
0
0
0
0
1927
2498
0
0
0
0
0
0
2412
1613
0
0
0
0
0
0
3645
2597
0
0
0
0
0
0
1389
4079
0
0
0
0
0
0
2865
1470
0
0
0
0
0
0
1951
2479
0
0
0
0
0
0
2439
1631
0
0
0
0
0
0
3641
2630
0
0
0
0
0
0
1356
4079
0
0
0
0
0
0
2851
1440
0
0
0
0
0
0
1975
2460
0
0
0
0
0
0
2469
1650
0
0
0
0
0
0
3637
2660
0
0
0
0
0
0
1325
4080
0
0
0
0
0
0
2836
1408
0
0
0
0
0
0
1997
2441
0
0
0
0
0
0
2496
1669
0
0
0
0
0
0
3632
2690
0
0
0
0
0
0
1295
4078
0
0
0
0
0
0
2823
1380
0
0
0
0
0
0
2020
2423
0
0
0
0
0
0
2524
1687
0
0
0
0
0
0
3626
2718
0
0
0
0
0
0
1266
4079
0
0
0
0
0
0
2810
1351
0
0
0
0
0
0
2041
2407
0
0
0
0
0
0
2549
1705
0
0
0
0
0
0
3622
2746
0
0
0
0
0
0
1237
4079
0
0
0
0
0
0
2796
1325
0
0
0
0
0
0
2060
2391
0
0
0
0
0
0
2572
1720
0
0
0
0
0
0
3616
2771
0
0
0
0
0
0
1211
4078
0
0
0
0
0
0
2785
1298
0
0
0
0
0
0
2079
2376
0
0
0
0
0
0
2596
1737
0
0
0
0
0
0
3611
2795
0
0
0
0
0
0
1186
4079
0
0
0
0
0
0
2773
1273
0
0
0
0
0
0
2097
2361
0
0
0
0
0
0
2618
1752
0
0
0
0
0
0
3609
2820
0
0
0
0
0
0
1161
4078
0
0
0
0
0
0
2763
1251
0
0
0
0
0
0
2114
2346
0
0
0
0
0
0
2639
1765
0
0
0
0
0
0
3604
2841
0
0
0
0
0
0
1140
4079
0
0
0
0
0
0
2753
1230
0
0
0
0
0
0
2130
2335
0
0
0
0
0
0
2658
1778
0
0
0
0
0
0
3600
2862
0
0
0
0
0
0
1116
4077
0
0
0
0
0
0
2744
1210
0
0
0
0
0
0
2145
2321
0
0
0
0
0
0
2678
1791
0
0
0
0
0
0
3595
2880
0
0
0
0
0
0
1097
4077
0
0
0
0
0
0
2735
1190
0
0
0
0
0
0
2159
2310
0
0
0
0
0
0
2694
1802
0
0
0
0
0
0
3593
2898
0
0
0
0
0
0
1079
4078
0
0
0
0
0
0
2726
1173
0
0
0
0
0
0
2171
2299
0
0
0
0
0
0
2710
1812
0
0
0
0
0
0
3590
2916
0
0
0
0
0
0
1062
4079
0
0
0
0
0
0
2718
1156
0
0
0
0
0
0
2184
2289
0
0
0
0
0
0
2724
1822
0
0
0
0
0
0
3589
2933
0
0
0
0
0
0
1047
4078
0
0
0
0
0
0
2712
1141
0
0
0
0
0
0
2193
2280
0
0
0
0
0
0
2737
1830
0
0
0
0
0
0
3585
2946
0
0
0
0
0
0
1032
4078
0
0
0
0
0
0
2704
1128
0
0
0
0
0
0
2203
2272
0
0
0
0
0
0
2750
1838
0
0
0
0
0
0
3581
2957
0
0
0
0
0
0
1019
4078
0
0
0
0
0
0
2699
1116
0
0
0
0
0
0
2213
2267
0
0
0
0
0
0
2761
1846
0
0
0
0
0
0
3582
2969
0
0
0
0
0
0
1007
4075
0
0
0
0
0
0
2694
1105
0
0
0
0
0
0
2219
2259
0
0
0
0
0
0
2770
1853
0
0
0
0
0
0
3580
2979
0
0
0
0
0
0
998
4076
0
0
0
0
0
0
2691
1096
0
0
0
0
0
0
2226
2253
0
0
0
0
0
0
2777
1856
0
0
0
0
0
0
3579
2987
0
0
0
0
0
0
991
4077
0
0
0
0
0
0
2688
1089
0
0
0
0
0
0
2231
2248
0
0
0
0
0
0
2784
1862
0
0
0
0
0
0
3576
2992
0
0
0
0
0
0
983
4075
0
0
0
0
0
0
2686
1083
0
0
0
0
0
0
2236
2246
0
0
0
0
0
0
2789
1865
0
0
0
0
0
0
3576
2999
0
0
0
0
0
0
979
4077
0
0
0
0
0
0
2681
1078
0
0
0
0
0
0
2240
2244
0
0
0
0
0
0
2793
1867
0
0
0
0
0
0
3575
3002
0
0
0
0
0
0
975
4076
0
0
0
0
0
0
2680
1075
0
0
0
0
0
0
2242
2241
0
0
0
0
0
0
2796
1869
0
0
0
0
0
0
3574
3004
0
0
0
0
0
0
973
4076
0
0
0
0
0
0
2681
1074
0
0
0
0
0
0
2242
2241
0
0
0
0
0
0
2795
1869
0
0
0
0
0
0
3574
3004
0
0
0
0
0
0
973
4076
0
0
0
0
0
0
2681
1074
0
0
0
0
0
0
2242
2241
0
0
0
0
0
0
2796
1869
0
0
0
0
0
0
3574
3004
0
0
0
0
0
0
973
4076
0
0
0
0
0
0
2681
1074
0
0
0
0
0
0
2242
2242
0
0
0
0
0
0
2795
1869
0
0
0
0
0
0
3574
3000
0
0
0
0
0
0
977
4077
0
0
0
0
0
0
2683
1078
0
0
0
0
0
0
2239
2243
0
0
0
0
0
0
2791
1867
0
0
0
0
0
0
3576
2999
0
0
0
0
0
0
979
4076
0
0
0
0
0
0
2684
1082
0
0
0
0
0
0
2236
2247
0
0
0
0
0
0
2786
1862
0
0
0
0
0
0
3576
2992
0
0
0
0
0
0
985
4077
0
0
0
0
0
0
2686
1086
0
0
0
0
0
0
2232
2251
0
0
0
0
0
0
2780
1859
0
0
0
0
0
0
3578
2986
0
0
0
0
0
0
993
4076
0
0
0
0
0
0
2689
1094
0
0
0
0
0
0
2225
2255
0
0
0
0
0
0
2773
1855
0
0
0
0
0
0
3580
2979
0
0
0
0
0
0
1002
4077
0
0
0
0
0
0
2694
1102
0
0
0
0
0
0
2220
2260
0
0
0
0
0
0
2764
1848
0
0
0
0
0
0
3582
2970
0
0
0
0
0
0
1012
4076
0
0
0
0
0
0
2698
1114
0
0
0
0
0
0
2211
2267
0
0
0
0
0
0
2754
1842
0
0
0
0
0
0
3582
2957
0
0
0
0
0
0
1024
4077
0
0
0
0
0
0
2705
1126
0
0
0
0
0
0
2203
2275
0
0
0
0
0
0
2742
1834
0
0
0
0
0
0
3585
2944
0
0
0
0
0
0
1036
4075
0
0
0
0
0
0
2710
1138
0
0
0
0
0
0
2195
2283
0
0
0
0
0
0
2730
1827
0
0
0
0
0
0
3587
2931
0
0
0
0
0
0
1051
4076
0
0
0
0
0
0
2717
1152
0
0
0
0
0
0
2181
2292
0
0
0
0
0
0
2716
1816
0
0
0
0
0
0
3590
2916
0
0
0
0
0
0
1066
4076
0
0
0
0
0
0
2725
1169
0
0
0
0
0
0
2169
2302
0
0
0
0
0
0
2701
1806
0
0
0
0
0
0
3591
2898
0
0
0
0
0
0
1085
4078
0
0
0
0
0
0
2735
1187
0
0
0
0
0
0
2158
2314
0
0
0
0
0
0
2685
1796
0
0
0
0
0
0
3595
2880
0
0
0
0
0
0
1104
4078
0
0
0
0
0
0
2742
1205
0
0
0
0
0
0
2143
2324
0
0
0
0
0
0
2666
1783
0
0
0
0
0
0
3598
2862
0
0
0
0
0
0
1125
4078
0
0
0
0
0
0
2751
1224
0
0
0
0
0
0
2128
2338
0
0
0
0
0
0
2649
1772
0
0
0
0
0
0
3601
2841
0
0
0
0
0
0
1146
4077
0
0
0
0
0
0
2763
1247
0
0
0
0
0
0
2112
2350
0
0
0
0
0
0
2628
1756
0
0
0
0
0
0
3606
2819
0
0
0
0
0
0
1168
4076
0
0
0
0
0
0
2772
1268
0
0
0
0
0
0
2096
2364
0
0
0
0
0
0
2607
1743
0
0
0
0
0
0
3610
2795
0
0
0
0
0
0
1193
4076
0
0
0
0
0
0
2783
1292
0
0
0
0
0
0
2076
2379
0
0
0
0
0
0
2584
1727
0
0
0
0
0
0
3615
2770
0
0
0
0
0
0
1218
4077
0
0
0
0
0
0
2795
1318
0
0
0
0
0
0
2059
2395
0
0
0
0
0
0
2559
1712
0
0
0
0
0
0
3618
2744
0
0
0
0
0
0
1246
4078
0
0
0
0
0
0
2808
1345
0
0
0
0
0
0
2037
2411
0
0
0
0
0
0
2534
1695
0
0
0
0
0
0
3624
2718
0
0
0
0
0
0
1275
4077
0
0
0
0
0
0
2821
1372
0
0
0
0
0
0
2018
2429
0
0
0
0
0
0
2507
1677
0
0
0
0
0
0
3629
2689
0
0
0
0
0
0
1305
4078
0
0
0
0
0
0
2834
1401
0
0
0
0
0
0
1996
2447
0
0
0
0
0
0
2480
1660
0
0
0
0
0
0
3634
2659
0
0
0
0
0
0
1335
4078
0
0
0
0
0
0
2848
1432
0
0
0
0
0
0
1973
2465
0
0
0
0
0
0
2452
1641
0
0
0
0
0
0
3639
2627
0
0
0
0
0
0
1367
4078
0
0
0
0
0
0
2863
1463
0
0
0
0
0
0
1950
2486
0
0
0
0
0
0
2422
1620
0
0
0
0
0
0
3644
2598
0
0
0
0
0
0
1401
4077
0
0
0
0
0
0
2879
1495
0
0
0
0
0
0
1926
2506
0
0
0
0
0
0
2392
1600
0
0
0
0
0
0
3650
2563
0
0
0
0
0
0
1436
4078
0
0
0
0
0
0
2893
1529
0
0
0
0
0
0
1901
2527
0
0
0
0
0
0
2361
1580
0
0
0
0
0
0
3655
2529
0
0
0
0
0
0
1471
4078
0
0
0
0
0
0
2910
1564
0
0
0
0
0
0
1875
2548
0
0
0
0
0
0
2329
1559
0
0
0
0
0
0
3661
2494
0
0
0
0
0
0
1507
4079
0
0
0
0
0
0
2928
1598
0
0
0
0
0
0
1849
2569
0
0
0
0
0
0
2297
1536
0
0
0
0
0
0
3667
2460
0
0
0
0
0
0
1545
4079
0
0
0
0
0
0
2943
1635
0
0
0
0
0
0
1820
2590
0
0
0
0
0
0
2261
1513
0
0
0
0
0
0
3675
2423
0
0
0
0
0
0
1583
4078
0
0
0
0
0
0
2961
1673
0
0
0
0
0
0
1794
2615
0
0
0
0
0
0
2227
1489
0
0
0
0
0
0
3681
2384
0
0
0
0
0
0
1621
4078
0
0
0
0
0
0
2979
1711
0
0
0
0
0
0
1765
2638
0
0
0
0
0
0
2191
1465
0
0
0
0
0
0
3687
2346
0
0
0
0
0
0
1663
4079
0
0
0
0
0
0
2997
1749
0
0
0
0
0
0
1736
2663
0
0
0
0
0
0
2155
1441
0
0
0
0
0
0
3693
2307
0
0
0
0
0
0
1704
4080
0
0
0
0
0
0
3015
1789
0
0
0
0
0
0
1706
2687
0
0
0
0
0
0
2116
1417
0
0
0
0
0
0
3701
2267
0
0
0
0
0
0
1747
4080
0
0
0
0
0
0
3036
1832
0
0
0
0
0
0
1675
2712
0
0
0
0
0
0
2078
1389
0
0
0
0
0
0
3709
2225
0
0
0
0
0
0
1788
4079
0
0
0
0
0
0
3055
1871
0
0
0
0
0
0
1643
2738
0
0
0
0
0
0
2038
1366
0
0
0
0
0
0
3714
2183
0
0
0
0
0
0
1832
4081
0
0
0
0
0
0
3075
1915
0
0
0
0
0
0
1612
2763
0
0
0
0
0
0
2000
1339
0
0
0
0
0
0
3723
2140
0
0
0
0
0
0
1876
4079
0
0
0
0
0
0
3095
1958
0
0
0
0
0
0
1581
2791
0
0
0
0
0
0
1961
1312
0
0
0
0
0
0
3730
2098
0
0
0
0
0
0
1921
4080
0
0
0
0
0
0
3115
2001
0
0
0
0
0
0
1549
2817
0
0
0
0
0
0
1921
1286
0
0
0
0
0
0
3737
2052
0
0
0
0
0
0
1967
4081
0
0
0
0
0
0
3137
2045
0
0
0
0
0
0
1516
2844
0
0
0
0
0
0
1879
1257
0
0
0
0
0
0
3745
2010
0
0
0
0
0
0
2013
4082
0
0
0
0
0
0
3157
2089
0
0
0
0
0
0
1483
2872
0
0
0
0
0
0
1837
1230
0
0
0
0
0
0
3754
1966
0
0
0
0
0
0
2057
4081
0
0
0
0
0
0
3178
2135
0
0
0
0
0
0
1448
2898
0
0
0
0
0
0
1797
1202
0
0
0
0
0
0
3760
1920
0
0
0
0
0
0
2106
4082
0
0
0
0
0
0
3197
2179
0
0
0
0
0
0
1415
2926
0
0
0
0
0
0
1753
1173
0
0
0
0
0
0
3768
1873
0
0
0
0
0
0
2154
4081
0
0
0
0
0
0
3220
2225
0
0
0
0
0
0
1380
2956
0
0
0
0
0
0
1710
1144
0
0
0
0
0
0
3775
1828
0
0
0
0
0
0
2200
4082
0
0
0
0
0
0
3242
2273
0
0
0
0
0
0
1346
2983
0
0
0
0
0
0
1666
1115
0
0
0
0
0
0
3784
1781
0
0
0
0
0
0
2248
4082
0
0
0
0
0
0
3263
2318
0
0
0
0
0
0
1312
3013
0
0
0
0
0
0
1624
1086
0
0
0
0
0
0
3792
1736
0
0
0
0
0
0
2297
4083
0
0
0
0
0
0
3285
2366
0
0
0
0
0
0
1276
3041
0
0
0
0
0
0
1581
1059
0
0
0
0
0
0
3800
1690
0
0
0
0
0
0
2345
4083
0
0
0
0
0
0
3307
2413
0
0
0
0
0
0
1241
3070
0
0
0
0
0
0
1537
1028
0
0
0
0
0
0
3809
1642
0
0
0
0
0
0
2395
4083
0
0
0
0
0
0
3330
2459
0
0
0
0
0
0
1206
3098
0
0
0
0
0
0
1494
999
0
0
0
0
0
0
3816
1595
0
0
0
0
0
0
2444
4082
0
0
0
0
0
0
3352
2507
0
0
0
0
0
0
1173
3128
0
0
0
0
0
0
1449
969
0
0
0
0
0
0
3825
1549
0
0
0
0
0
0
2492
4083
0
0
0
0
0
0
3374
2555
0
0
0
0
0
0
1136
3158
0
0
0
0
0
0
1405
940
0
0
0
0
0
0
3833
1499
0
0
0
0
0
0
2542
4084
0
0
0
0
0
0
3397
2602
0
0
0
0
0
0
1101
3185
0
0
0
0
0
0
1363
910
0
0
0
0
0
0
3842
1453
0
0
0
0
0
0
2590
4084
0
0
0
0
0
0
3418
2650
0
0
0
0
0
0
1066
3214
0
0
0
0
0
0
1318
882
0
0
0
0
0
0
3848
1406
0
0
0
0
0
0
2639
4082
0
0
0
0
0
0
3441
2696
0
0
0
0
0
0
1030
3243
0
0
0
0
0
0
1274
853
0
0
0
0
0
0
3856
1358
0
0
0
0
0
0
2688
4084
0
0
0
0
0
0
3463
2744
0
0
0
0
0
0
996
3273
0
0
0
0
0
0
1231
824
0
0
0
0
0
0
3864
1311
0
0
0
0
0
0
2737
4085
0
0
0
0
0
0
3485
2791
0
0
0
0
0
0
960
3301
0
0
0
0
0
0
1187
794
0
0
0
0
0
0
3872
1264
0
0
0
0
0
0
2786
4085
0
0
0
0
0
0
3506
2837
0
0
0
0
0
0
926
3332
0
0
0
0
0
0
1142
764
0
0
0
0
0
0
3882
1218
0
0
0
0
0
0
2833
4084
0
0
0
0
0
0
3529
2885
0
0
0
0
0
0
891
3359
0
0
0
0
0
0
1099
736
0
0
0
0
0
0
3889
1172
0
0
0
0
0
0
2881
4084
0
0
0
0
0
0
3551
2930
0
0
0
0
0
0
856
3387
0
0
0
0
0
0
1058
708
0
0
0
0
0
0
3897
1126
0
0
0
0
0
0
2929
4087
0
0
0
0
0
0
3573
2978
0
0
0
0
0
0
822
3416
0
0
0
0
0
0
1014
679
0
0
0
0
0
0
3905
1081
0
0
0
0
0
0
2977
4085
0
0
0
0
0
0
3594
3024
0
0
0
0
0
0
789
3444
0
0
0
0
0
0
973
652
0
0
0
0
0
0
3913
1036
0
0
0
0
0
0
3023
4086
0
0
0
0
0
0
3614
3067
0
0
0
0
0
0
755
3471
0
0
0
0
0
0
930
622
0
0
0
0
0
0
3921
992
0
0
0
0
0
0
3067
4086
0
0
0
0
0
0
3636
3114
0
0
0
0
0
0
723
3500
0
0
0
0
0
0
890
595
0
0
0
0
0
0
3930
947
0
0
0
0
0
0
3114
4086
0
0
0
0
0
0
3657
3156
0
0
0
0
0
0
689
3525
0
0
0
0
0
0
849
568
0
0
0
0
0
0
3935
904
0
0
0
0
0
0
3161
4088
0
0
0
0
0
0
3676
3202
0
0
0
0
0
0
658
3553
0
0
0
0
0
0
809
542
0
0
0
0
0
0
3942
860
0
0
0
0
0
0
3205
4088
0
0
0
0
0
0
3696
3244
0
0
0
0
0
0
624
3577
0
0
0
0
0
0
768
514
0
0
0
0
0
0
3951
819
0
0
0
0
0
0
3249
4087
0
0
0
0
0
0
3717
3286
0
0
0
0
0
0
593
3603
0
0
0
0
0
0
731
489
0
0
0
0
0
0
3957
775
0
0
0
0
0
0
3292
4087
0
0
0
0
0
0
3736
3328
0
0
0
0
0
0
563
3629
0
0
0
0
0
0
691
463
0
0
0
0
0
0
3965
734
0
0
0
0
0
0
3335
4088
0
0
0
0
0
0
3756
3369
0
0
0
0
0
0
532
3654
0
0
0
0
0
0
654
437
0
0
0
0
0
0
3972
695
0
0
0
0
0
0
3377
4088
0
0
0
0
0
0
3774
3408
0
0
0
0
0
0
502
3679
0
0
0
0
0
0
618
414
0
0
0
0
0
0
3979
655
0
0
0
0
0
0
3418
4089
0
0
0
0
0
0
3793
3449
0
0
0
0
0
0
474
3704
0
0
0
0
0
0
581
389
0
0
0
0
0
0
3984
616
0
0
0
0
0
0
3456
4089
0
0
0
0
0
0
3810
3487
0
0
0
0
0
0
445
3727
0
0
0
0
0
0
545
364
0
0
0
0
0
0
3991
579
0
0
0
0
0
0
3497
4089
0
0
0
0
0
0
3827
3522
0
0
0
0
0
0
417
3749
0
0
0
0
0
0
511
341
0
0
0
0
0
0
3999
541
0
0
0
0
0
0
3534
4089
0
0
0
0
0
0
3845
3562
0
0
0
0
0
0
389
3771
0
0
0
0
0
0
478
320
0
0
0
0
0
0
4005
508
0
0
0
0
0
0
3572
4090
0
0
0
0
0
0
3862
3596
0
0
0
0
0
0
362
3793
0
0
0
0
0
0
444
296
0
0
0
0
0
0
4010
471
0
0
0
0
0
0
3608
4091
0
0
0
0
0
0
3876
3630
0
0
0
0
0
0
338
3816
0
0
0
0
0
0
413
275
0
0
0
0
0
0
4016
437
0
0
0
0
0
0
3643
4090
0
0
0
0
0
0
3895
3666
0
0
0
0
0
0
312
3835
0
0
0
0
0
0
383
255
0
0
0
0
0
0
4022
404
0
0
0
0
0
0
3677
4091
0
0
0
0
0
0
3907
3696
0
0
0
0
0
0
287
3855
0
0
0
0
0
0
352
236
0
0
0
0
0
0
4027
373
0
0
0
0
0
0
3708
4091
0
0
0
0
0
0
3923
3728
0
0
0
0
0
0
265
3874
0
0
0
0
0
0
325
216
0
0
0
0
0
0
4033
341
0
0
0
0
0
0
3741
4090
0
0
0
0
0
0
3937
3759
0
0
0
0
0
0
244
3894
0
0
0
0
0
0
296
197
0
0
0
0
0
0
4039
313
0
0
0
0
0
0
3770
4089
0
0
0
0
0
0
3951
3788
0
0
0
0
0
0
221
3910
0
0
0
0
0
0
270
179
0
0
0
0
0
0
4043
284
0
0
0
0
0
0
3801
4091
0
0
0
0
0
0
3964
3816
0
0
0
0
0
0
199
3927
0
0
0
0
0
0
245
164
0
0
0
0
0
0
4047
257
0
0
0
0
0
0
3828
4091
0
0
0
0
0
0
3976
3842
0
0
0
0
0
0
179
3943
0
0
0
0
0
0
219
146
0
0
0
0
0
0
4051
229
0
0
0
0
0
0
3855
4091
0
0
0
0
0
0
3989
3868
0
0
0
0
0
0
161
3958
0
0
0
0
0
0
197
131
0
0
0
0
0
0
4056
207
0
0
0
0
0
0
3880
4089
0
0
0
0
0
0
3999
3893
0
0
0
0
0
0
144
3973
0
0
0
0
0
0
174
116
0
0
0
0
0
0
4060
183
0
0
0
0
0
0
3905
4093
0
0
0
0
0
0
4011
3916
0
0
0
0
0
0
127
3988
0
0
0
0
0
0
154
103
0
0
0
0
0
0
4064
163
0
0
0
0
0
0
3927
4092
0
0
0
0
0
0
4021
3937
0
0
0
0
0
0
111
4000
0
0
0
0
0
0
133
89
0
0
0
0
0
0
4068
142
0
0
0
0
0
0
3950
4093
0
0
0
0
0
0
4029
3957
0
0
0
0
0
0
95
4012
0
0
0
0
0
0
115
76
0
0
0
0
0
0
4072
120
0
0
0
0
0
0
3970
4093
0
0
0
0
0
0
4039
3976
0
0
0
0
0
0
83
4025
0
0
0
0
0
0
99
66
0
0
0
0
0
0
4075
102
0
0
0
0
0
0
3986
4092
0
0
0
0
0
0
4048
3994
0
0
0
0
0
0
70
4036
0
0
0
0
0
0
82
54
0
0
0
0
0
0
4078
87
0
0
0
0
0
0
4003
4092
0
0
0
0
0
0
4055
4011
0
0
0
0
0
0
57
4045
0
0
0
0
0
0
69
46
0
0
0
0
0
0
4081
70
0
0
0
0
0
0
4020
4093
0
0
0
0
0
0
4062
4024
0
0
0
0
0
0
47
4054
0
0
0
0
0
0
55
36
0
0
0
0
0
0
4083
56
0
0
0
0
0
0
4034
4092
0
0
0
0
0
0
4067
4038
0
0
0
0
0
0
37
4062
0
0
0
0
0
0
44
28
0
0
0
0
0
0
4086
44
0
0
0
0
0
0
4045
4092
0
0
0
0
0
0
4074
4051
0
0
0
0
0
0
29
4068
0
0
0
0
0
0
32
21
0
0
0
0
0
0
4086
34
0
0
0
0
0
0
4058
4094
0
0
0
0
0
0
4078
4061
0
0
0
0
0
0
21
4075
0
0
0
0
0
0
23
15
0
0
0
0
0
0
4088
23
0
0
0
0
0
0
4066
4093
0
0
0
0
0
0
4083
4070
0
0
0
0
0
0
14
4080
0
0
0
0
0
0
17
11
0
0
0
0
0
0
4089
16
0
0
0
0
0
0
4076
4093
0
0
0
0
0
0
4086
4078
0
0
0
0
0
0
9
4085
0
0
0
0
0
0
9
5
0
0
0
0
0
0
4091
10
0
0
0
0
0
0
4082
4094
0
0
0
0
0
0
4089
4083
0
0
0
0
0
0
4
4087
0
0
0
0
0
0
4
2
0
0
0
0
0
0
4092
4
0
0
0
0
0
0
4087
4095
0
0
0
0
0
0
4092
4088
0
0
0
0
0
0
1
4091
0
0
0
0
0
0
0
4095
0
0
0
0
0
0
4094
4095
0
0
0
0
0
0
4092
4094
0
0
0
0
0
0
4093
4092
0
0
0
0
0
0
4094
4093
0
0
0
0
0
0
4095
4095
0
0
0
0
0
0
4094
4095
0
0
0
0
0
0
4092
4094
0
0
0
0
0
0
4093
4092
0
0
0
0
0
0
4094
4093
0
0
0
0
0
0
4093
4094
0
0
0
0
0
0
4094
4095
0
0
0
0
0
0
4095
4095
0
0
0
0
0
0
0
0
0
0
0
0
0
0
0
0
0
0
0
0
0
0
0
0
0
0
0
0
0
0
0
0
0
0
0
0
0
0
0
0
0
0
0
0
0
0
0
0
0
0
0
0
0
0
0
0
0
0
0
0
0
0
0
0
0
0
0
0
0
0
0
0
0
0
0
0
0
0
0
0
0
0
0
0
0
0
0
0
0
0
0
0
0
0
0
0
0
0
0
0
0
0
0
0
0
0
0
0
0
0
0
0
0
0
0
0
0
0
0
0
0
0
0
0
0
0
0
0
0
0
0
0
0
0
0
0
0
0
0
0
0
0
0
0
0
0
0
0
0
0
0
0
0
0
0
0
0
0
0
0
0
0
0
0
0
0
0
0
0
0
0
0
0
0
0
0
0
0
0
0
0
0
0
0
0
0
0
0
0
0
0
0
0
0
0
0
0
0
0
0
0
0
0
0
0
0
0
0
0
0
0
0
0
0
0
0
0
0
0
0
0
0
0
0
0
0
0
0
0
0
0
0
0
0
0
0
0
0
0
0
0
0
0
0
0
0
0
0
0
0
0
0
0
0
0
0
0
0
0
0
0
0
0
0
0
0
0
0
0
0
0
0
0
0
0
0
0
0
0
0
0
0
0
0
0
0
0
0
0
0
0
0
0
0
0
0
0
0
0
0
0
0
0
0
0
0
0
0
0
0
0
0
0
0
0
0
0
0
0
0
0
0
0
0
0
0
0
0
0
0
0
0
0
0
0
0
0
0
0
0
0
0
0
0
0
0
0
0
0
0
0
0
0
0
0
0
0
0
0
0
0
0
0
0
0
0
0
0
0
0
0
0
0
0
0
0
0
0
0
0
0
0
0
0
0
0
0
0
0
0
0
0
0
0
0
0
0
0
0
0
0
0
0
0
0
0
0
0
0
0
0
0
0
0
0
0
0
0
0
0
0
0
0
0
0
0
0
0
0
0
0
0
0
0
0
0
0
0
0
0
0
0
0
0
0
0
0
0
0
0
0
0
0
0
0
0
0
0
0
0
0
0
0
0
0
0
0
0
0
0
0
0
0
0
0
0
0
0
0
0
0
0
0
0
0
0
0
0
0
0
0
0
0
0
0
0
0
0
0
0
0
0
0
0
0
0
0
0
0
0
0
0
0
0
0
0
0
0
0
0
0
0
0
0
0
0
0
0
0
0
0
0
0
0
0
0
0
0
0
0
0
0
0
0
0
0
0
0
0
0
0
0
0
0
0
0
0
0
0
0
0
0
0
0
0
0
0
0
0
0
0
0
0
0
0
0
0
0
0
0
0
0
0
0
0
0
0
0
0
0
0
0
0
0
0
0
0
0
0
0
0
0
0
0
0
0
0
0
0
0
0
0
0
0
0
0
0
0
0
0
0
0
0
0
0
0
0
0
0
0
0
0
0
0
0
0
0
0
0
0
0
0
0
0
0
0
0
0
0
0
0
0
0
0
0
0
0
0
0
0
0
0
0
0
0
0
0
0
0
0
0
0
0
0
0
0
0
0
0
0
0
0
0
0
0
0
0
0
0
0
0
0
0
0
0
0
0
0
0
0
0
0
0
0
0
0
0
0
0
0
0
0
0
0
0
0
0
0
0
0
0
0
0
0
0
0
0
0
0
0
0
0
0
0
0
0
0
0
0
0
0
0
0
0
0
0
0
0
0
0
0
0
0
0
0
0
0
0
0
0
0
0
0
0
0
0
0
0
0
0
0
0
0
0
0
0
0
0
0
0
0
0
0
0
0
0
0
0
0
0
0
0
0
0
0
0
0
0
0
0
0
0
0
0
0
0
0
0
0
0
0
0
0
0
0
0
0
0
0
0
0
0
0
0
0
0
0
0
0
0
0
0
0
0
0
0
0
0
0
0
0
0
0
0
0
0
0
0
0
0
0
0
0
0
0
0
0
0
0
0
0
0
0
0
0
0
0
0
0
0
0
0
0
0
0
0
0
0
0
0
0
0
0
0
0
0
0
0
0
0
0
0
0
0
0
0
0
0
0
0
0
0
0
0
0
0
0
0
0
0
0
0
0
0
0
0
0
0
0
0
0
0
0
0
0
0
0
0
0
0
0
0
0
0
0
0
0
0
0
0
0
0
0
0
0
0
0
0
0
0
0
0
0
0
0
0
0
0
0
0
0
0
0
0
0
0
0
0
0
0
0
0
0
0
0
0
0
0
0
0
0
0
0
0
0
0
0
0
0
0
0
0
0
0
0
0
0
0
0
0
0
0
0
0
0
0
0
0
0
0
0
0
0
0
0
0
0
0
0
0
0
0
0
0
0
0
0
0
0
0
0
0
0
0
0
0
0
0
0
0
0
0
0
0
0
0
0
0
0
0
0
0
0
0
0
0
0
0
0
0
0
0
0
0
0
0
0
0
0
0
0
0
0
0
0
0
0
0
0
0
0
0
0
0
0
0
0
0
0
0
0
0
0
0
0
0
0
0
0
0
0
0
0
0
0
0
0
0
0
0
0
0
0
0
0
0
0
0
0
0
0
0
0
0
0
0
0
0
0
0
0
0
0
0
0
0
0
0
0
0
0
0
0
0
0
0
0
0
0
0
0
0
0
0
0
0
0
0
0
0
0
0
0
0
0
0
0
0
0
0
0
0
0
0
0
0
0
0
0
0
0
0
0
0
0
0
0
0
0
0
0
0
0
0
0
0
0
0
0
0
0
0
0
0
0
0
0
0
0
0
0
0
0
0
0
0
0
0
0
0
0
0
0
0
0
0
0
0
0
0
0
0
0
0
0
0
0
0
0
0
0
0
0
0
0
0
0
0
0
0
0
0
0
0
0
0
0
0
0
0
0
0
0
0
0
0
0
0
0
0
0
0
0
0
0
0
0
0
0
0
0
0
0
0
0
0
0
0
0
0
0
0
0
0
0
0
0
0
0
0
0
0
0
0
0
0
0
0
0
0
0
0
0
0
0
0
0
0
0
0
0
0
0
0
0
0
0
0
0
0
0
0
0
0
0
0
0
0
0
0
0
0
0
0
0
0
0
0
0
0
0
0
0
0
0
0
0
0
0
0
0
0
0
0
0
0
0
0
0
0
0
0
0
0
0
0
0
0
0
0
0
0
0
0
0
0
0
0
0
0
0
0
0
0
0
0
0
0
0
0
0
0
0
0
0
0
0
0
0
0
0
0
0
0
0
0
0
0
0
0
0
0
0
0
0
0
0
0
0
0
0
0
0
0
0
0
0
0
0
0
0
0
0
0
0
0
0
0
0
0
0
0
0
0
0
0
0
0
0
0
0
0
0
0
0
0
0
0
0
0
0
0
0
0
0
0
0
0
0
0
0
0
0
0
0
0
0
0
0
0
0
0
0
0
0
0
0
0
0
0
0
0
0
0
0
0
0
0
0
0
0
0
0
0
0
0
0
0
0
0
0
0
0
0
0
0
0
0
0
0
0
0
0
0
0
0
0
0
0
0
0
0
0
0
0
0
0
0
0
0
0
0
0
0
0
0
0
0
0
0
0
0
0
0
0
0
0
0
0
0
0
0
0
0
0
0
0
0
0
0
0
0
0
0
0
0
0
0
0
0
0
0
0
0
0
0
0
0
0
0
0
0
0
0
0
0
0
0
0
0
0
0
0
0
0
0
0
0
0
0
0
0
0
0
0
0
0
0
0
0
0
0
0
0
0
0
0
0
0
0
0
0
0
0
0
0
0
0
0
0
0
0
0
0
0
0
0
0
0
0
0
0
0
0
0
0
0
0
0
0
0
0
0
0
0
0
0
0
0
0
0
0
0
0
0
0
0
0
0
0
0
0
0
0
0
0
0
0
0
0
0
0
0
0
0
0
0
0
0
0
0
0
0
0
0
0
0
0
0
0
0
0
0
0
0
0
0
0
0
0
0
0
0
0
0
0
0
0
0
0
0
0
0
0
0
0
0
0
0
0
0
0
0
0
0
0
0
0
0
0
0
0
0
0
0
0
0
0
0
0
0
0
0
0
0
0
0
0
0
0
0
0
0
0
0
0
0
0
0
0
0
0
0
0
0
0
0
0
0
0
0
0
0
0
0
0
0
0
0
0
0
0
0
0
0
0
0
0
0
0
0
0
0
0
0
0
0
0
0
0
0
0
0
0
0
0
0
0
0
0
0
0
0
0
0
0
0
0
0
0
0
0
0
0
0
0
0
0
0
0
0
0
0
0
0
0
0
0
0
0
0
0
0
0
0
0
0
0
0
0
0
0
0
0
0
0
0
0
0
0
0
0
0
0
0
0
0
0
0
0
0
0
0
0
0
0
0
0
0
0
0
0
0
0
0
0
0
0
0
0
0
0
0
0
0
0
0
0
0
0
0
0
0
0
0
0
0
0
0
0
0
0
0
0
0
0
0
0
0
0
0
0
0
0
0
0
0
0
0
0
0
0
0
0
0
0
0
0
0
0
0
0
0
0
0
0
0
0
0
0
0
0
0
0
0
0
0
0
0
0
0
0
0
0
0
0
0
0
0
0
0
0
0
0
0
0
0
0
0
0
0
0
0
0
0
0
0
0
0
0
0
0
0
0
0
0
0
0
0
0
0
0
0
0
0
0
0
0
0
0
0
0
0
0
0
0
0
0
0
0
0
0
0
0
0
0
0
0
0
0
0
0
0
0
0
0
0
0
0
0
0
0
0
0
0
0
0
0
0
0
0
0
0
0
0
0
0
0
0
0
0
0
0
0
0
0
0
0
0
0
0
0
0
0
0
0
0
0
0
0
0
0
0
0
0
0
0
0
0
0
0
0
0
0
0
0
0
0
0
0
0
0
0
0
0
0
0
0
0
0
0
0
0
0
0
0
0
0
0
0
0
0
0
0
0
0
0
0
0
0
0
0
0
0
0
0
0
0
0
0
0
0
0
0
0
0
0
0
0
0
0
0
0
0
0
0
0
0
0
0
0
0
0
0
0
0
0
0
0
0
0
0
0
0
0
0
0
0
0
0
0
0
0
0
0
0
0
0
0
0
0
0
0
0
0
0
0
0
0
0
0
0
0
0
0
0
0
0
0
0
0
0
0
0
0
0
0
0
0
0
0
0
0
0
0
0
0
0
0
0
0
0
0
0
0
0
0
0
0
0
0
0
0
0
0
0
0
0
0
0
0
0
0
0
0
0
0
0
0
0
0
0
0
0
0
0
0
0
0
0
0
0
0
0
0
0
0
0
0
0
0
0
0
0
0
0
0
0
0
0
0
0
0
0
0
0
0
0
0
0
0
0
0
0
0
0
0
0
0
0
0
0
0
0
0
0
0
0
0
0
0
0
0
0
0
0
0
0
0
0
0
0
0
0
0
0
0
0
0
0
0
0
0
0
0
0
0
0
0
0
0
0
0
0
0
0
0
0
0
0
0
0
0
0
0
0
0
0
0
0
0
0
0
0
0
0
0
0
0
0
0
0
0
0
0
0
0
0
0
0
0
0
0
0
0
0
0
0
0
0
0
0
0
0
0
0
0
0
0
0
0
0
0
0
0
0
0
0
0
0
0
0
0
0
0
0
0
0
0
0
0
0
0
0
0
0
0
0
0
0
0
0
0
0
0
0
0
0
0
0
0
0
0
0
0
0
0
0
0
0
0
0
0
0
0
0
0
0
0
0
0
0
0
0
0
0
0
0
0
0
0
0
0
0
0
0
0
0
0
0
0
0
0
0
0
0
0
0
0
0
0
0
0
0
0
0
0
0
0
0
0
0
0
0
0
0
0
0
0
0
0
0
0
0
0
0
0
0
0
0
0
0
0
0
0
0
0
0
0
0
0
0
0
0
0
0
0
0
0
0
0
0
0
0
0
0
0
0
0
0
0
0
0
0
0
0
0
0
0
0
0
0
0
0
0
0
0
0
0
0
0
0
0
0
0
0
0
0
0
0
0
0
0
0
0
0
0
0
0
0
0
0
0
0
0
0
0
0
0
0
0
0
0
0
0
0
0
0
0
0
0
0
0
0
0
0
0
0
0
0
0
0
0
0
0
0
0
0
0
0
0
0
0
0
0
0
0
0
0
0
0
0
0
0
0
0
0
0
0
0
0
0
0
0
0
0
0
0
0
0
0
0
0
0
0
0
0
0
0
0
0
0
0
0
0
0
0
0
0
0
0
0
0
0
0
0
0
0
0
0
0
0
0
0
0
0
0
0
0
0
0
0
0
0
0
0
0
0
0
0
0
0
0
0
0
0
0
0
0
0
0
0
0
0
0
0
0
0
0
0
0
0
0
0
0
0
0
0
0
0
0
0
0
0
0
0
0
0
0
0
0
0
0
0
0
0
0
0
0
0
0
0
0
0
0
0
0
0
0
0
0
0
0
0
0
0
0
0
0
0
0
0
0
0
0
0
0
0
0
0
0
0
0
0
0
0
0
0
0
0
0
0
0
0
0
0
0
0
0
0
0
0
0
0
0
0
0
0
0
0
0
0
0
0
0
0
0
0
0
0
0
0
0
0
0
0
0
0
0
0
0
0
0
0
0
0
0
0
0
0
0
0
0
0
0
0
0
0
0
0
0
0
0
0
0
0
0
0
0
0
0
0
0
0
0
0
0
0
0
0
0
0
0
0
0
0
0
0
0
0
0
0
0
0
0
0
0
0
0
0
0
0
0
0
0
0
0
0
0
0
0
0
0
0
0
0
0
0
0
0
0
0
0
0
0
0
0
0
0
0
0
0
0
0
0
0
0
0
0
0
0
0
0
0
0
0
0
0
0
0
0
0
0
0
0
0
0
0
0
0
0
0
0
0
0
0
0
0
0
0
0
0
0
0
0
0
0
0
0
0
0
0
0
0
0
0
0
0
0
0
0
0
0
0
0
0
0
0
0
0
0
0
0
0
0
0
0
0
0
0
0
0
0
0
0
0
0
0
0
0
0
0
0
0
0
0
0
0
0
0
0
0
0
0
0
0
0
0
0
0
0
0
0
0
0
0
0
0
0
0
0
0
0
0
0
0
0
0
0
0
0
0
0
0
0
0
0
0
0
0
0
0
0
0
0
0
0
0
0
0
0
0
0
0
0
0
0
0
0
0
0
0
0
0
0
0
0
0
0
0
0
0
0
0
0
0
0
0
0
0
0
0
0
0
0
0
0
0
0
0
0
0
0
0
0
0
0
0
0
0
0
0
0
0
0
0
0
0
0
0
0
0
0
0
0
0
0
0
0
0
0
0
0
0
0
0
0
0
0
0
0
0
0
0
0
0
0
0
0
0
0
0
0
0
0
0
0
0
0
0
0
0
0
0
0
0
0
0
0
0
0
0
0
0
0
0
0
0
0
0
0
0
0
0
0
0
0
0
0
0
0
0
0
0
0
0
0
0
0
0
0
0
0
0
0
0
0
0
0
0
0
0
0
0
0
0
0
0
0
0
0
0
0
0
0
0
0
0
0
0
0
0
0
0
0
0
0
0
0
0
0
0
0
0
0
0
0
0
0
0
0
0
0
0
0
0
0
0
0
0
0
0
0
0
0
0
0
0
0
0
0
0
0
0
0
0
0
0
0
0
0
0
0
0
0
0
0
0
0
0
0
0
0
0
0
0
0
0
0
0
0
0
0
0
0
0
0
0
0
0
0
0
0
0
0
0
0
0
0
0
0
0
0
0
0
0
0
0
0
0
0
0
0
0
0
0
0
0
0
0
0
0
0
0
0
0
0
0
0
0
0
0
0
0
0
0
0
0
0
0
0
0
0
0
0
0
0
0
0
0
0
0
0
0
0
0
0
0
0
0
0
0
0
0
0
0
0
0
0
0
0
0
0
0
0
0
0
0
0
0
0
0
0
0
0
0
0
0
0
0
0
0
0
0
0
0
0
0
0
0
0
0
0
0
0
0
0
0
0
0
0
0
0
0
0
0
0
0
0
0
0
0
0
0
0
0
0
0
0
0
0
0
0
0
0
0
0
0
0
0
0
0
0
0
0
0
0
0
0
0
0
0
0
0
0
0
0
0
0
0
0
0
0
0
0
0
0
0
0
0
0
0
0
0
0
0
0
0
0
0
0
0
0
0
0
0
0
0
0
0
0
0
0
0
0
0
0
0
0
0
0
0
0
0
0
0
0
0
0
0
0
0
0
0
0
0
0
0
0
0
0
0
0
0
0
0
0
0
0
0
0
0
0
0
0
0
0
0
0
0
0
0
0
0
0
0
0
0
0
0
0
0
0
0
0
0
0
0
0
0
0
0
0
0
0
0
0
0
0
0
0
0
0
0
0
0
0
0
0
0
0
0
0
0
0
0
0
0
0
0
0
0
0
0
0
0
0
0
0
0
0
0
0
0
0
0
0
0
0
0
0
0
0
0
0
0
0
0
0
0
0
0
0
0
0
0
0
0
0
0
0
0
0
0
0
0
0
0
0
0
0
0
0
0
0
0
0
0
0
0
0
0
0
0
0
0
0
0
0
0
0
0
0
0
0
0
0
0
0
0
0
0
0
0
0
0
0
0
0
0
0
0
0
0
0
0
0
0
0
0
0
0
0
0
0
0
0
0
0
0
0
0
0
0
0
0
0
0
0
0
0
0
0
0
0
0
0
0
0
0
0
0
0
0
0
0
0
0
0
0
0
0
0
0
0
0
0
0
0
0
0
0
0
0
0
0
0
0
0
0
0
0
0
0
0
0
0
0
0
0
0
0
0
0
0
0
0
0
0
0
0
0
0
0
0
0
0
0
0
0
0
0
0
0
0
0
0
0
0
0
0
0
0
0
0
0
0
0
0
0
0
0
0
0
0
0
0
0
0
0
0
0
0
0
0
0
0
0
0
0
0
0
0
0
0
0
0
0
0
0
0
0
0
0
0
0
0
0
0
0
0
0
0
0
0
0
0
0
0
0
0
0
0
0
0
0
0
0
0
0
0
0
0
0
0
0
0
0
0
0
0
0
0
0
0
0
0
0
0
0
0
0
0
0
0
0
0
0
0
0
0
0
0
0
0
0
0
0
0
0
0
0
0
0
0
0
0
0
0
0
0
0
0
0
0
0
0
0
0
0
0
0
0
0
0
0
0
0
0
0
0
0
0
0
0
0
0
0
0
0
0
0
0
0
0
0
0
0
0
0
0
0
0
0
0
0
0
0
0
0
0
0
0
0
0
0
0
0
0
0
0
0
0
0
0
0
0
0
0
0
0
0
0
0
0
0
0
0
0
0
0
0
0
0
0
0
0
0
0
0
0
0
0
0
0
0
0
0
0
0
0
0
0
0
0
0
0
0
0
0
0
0
0
0
0
0
0
0
0
0
0
0
0
0
0
0
0
0
0
0
0
0
0
0
0
0
0
0
0
0
0
0
0
0
0
0
0
0
0
0
0
0
0
0
0
0
0
0
0
0
0
0
0
0
0
0
0
0
0
0
0
0
0
0
0
0
0
0
0
0
0
0
0
0
0
0
0
0
0
0
0
0
0
0
0
0
0
0
0
0
0
0
0
0
0
0
0
0
0
0
0
0
0
0
0
0
0
0
0
0
0
0
0
0
0
0
0
0
0
0
0
0
0
0
0
0
0
0
0
0
0
0
0
0
0
0
0
0
0
0
0
0
0
0
0
0
0
0
0
0
0
0
0
0
0
0
0
0
0
0
0
0
0
0
0
0
0
0
0
0
0
0
0
0
0
0
0
0
0
0
0
0
0
0
0
0
0
0
0
0
0
0
0
0
0
0
0
0
0
0
0
0
0
0
0
0
0
0
0
0
0
0
0
0
0
0
0
0
0
0
0
0
0
0
0
0
0
0
0
0
0
0
0
0
0
0
0
0
0
0
0
0
0
0
0
0
0
0
0
0
0
0
0
0
0
0
0
0
0
0
0
0
0
0
0
0
0
0
0
0
0
0
0
0
0
0
0
0
0
0
0
0
0
0
0
0
0
0
0
0
0
0
0
0
0
0
0
0
0
0
0
0
0
0
0
0
0
0
0
0
0
0
0
0
0
0
0
0
0
0
0
0
0
0
0
0
0
0
0
0
0
0
0
0
0
0
0
0
0
0
0
0
0
0
0
0
0
0
0
0
0
0
0
0
0
0
0
0
0
0
0
0
0
0
0
0
0
0
0
0
0
0
0
0
0
0
0
0
0
0
0
0
0
0
0
0
0
0
0
0
0
0
0
0
0
0
0
0
0
0
0
0
0
0
0
0
0
0
0
0
0
0
0
0
0
0
0
0
0
0
0
0
0
0
0
0
0
0
0
0
0
0
0
0
0
0
0
0
0
0
0
0
0
0
0
0
0
0
0
0
0
0
0
0
0
0
0
0
0
0
0
0
0
0
0
0
0
0
0
0
0
0
0
0
0
0
0
0
0
0
0
0
0
0
0
0
0
0
0
0
0
0
0
0
0
0
0
0
0
0
0
0
0
0
0
0
0
0
0
0
0
0
0
0
0
0
0
0
0
0
0
0
0
0
0
0
0
0
0
0
0
0
0
0
0
0
0
0
0
0
0
0
0
0
0
0
0
0
0
0
0
0
0
0
0
0
0
0
0
0
0
0
0
0
0
0
0
0
0
0
0
0
0
0
0
0
0
0
0
0
0
0
0
0
0
0
0
0
0
0
0
0
0
0
0
0
0
0
0
0
0
0
0
0
0
0
0
0
0
0
0
0
0
0
0
0
0
0
0
0
0
0
0
0
0
0
0
0
0
0
0
0
0
0
0
0
0
0
0
0
0
0
0
0
0
0
0
0
0
0
0
0
0
0
0
0
0
0
0
0
0
0
0
0
0
0
0
0
0
0
0
0
0
0
0
0
0
0
0
0
0
0
0
0
0
0
0
0
0
0
0
0
0
0
0
0
0
0
0
0
0
0
0
0
0
0
0
0
0
0
0
0
0
0
0
0
0
0
0
0
0
0
0
0
0
0
0
0
0
0
0
0
0
0
0
0
0
0
0
0
0
0
0
0
0
0
0
0
0
0
0
0
0
0
0
0
0
0
0
0
0
0
0
0
0
0
0
0
0
0
0
0
0
0
0
0
0
0
0
0
0
0
0
0
0
0
0
0
0
0
0
0
0
0
0
0
0
0
0
0
0
0
0
0
0
0
0
0
0
0
0
0
0
0
0
0
0
0
0
0
0
0
0
0
0
0
0
0
0
0
0
0
0
0
0
0
0
0
0
0
0
0
0
0
0
0
0
0
0
0
0
0
0
0
0
0
0
0
0
0
0
0
0
0
0
0
0
0
0
0
0
0
0
0
0
0
0
0
0
0
0
0
0
0
0
0
0
0
0
0
0
0
0
0
0
0
0
0
0
0
0
0
0
0
0
0
0
0
0
0
0
0
0
0
0
0
0
0
0
0
0
0
0
0
0
0
0
0
0
0
0
0
0
0
0
0
0
0
0
0
0
0
0
0
0
0
0
0
0
0
0
0
0
0
0
0
0
0
0
0
0
0
0
0
0
0
0
0
0
0
0
0
0
0
0
0
0
0
0
0
0
0
0
0
0
0
0
0
0
0
0
0
0
0
0
0
0
0
0
0
0
0
0
0
0
0
0
0
0
0
0
0
0
0
0
0
0
0
0
0
0
0
0
0
0
0
0
0
0
0
0
0
0
0
0
0
0
0
0
0
0
0
0
0
0
0
0
0
0
0
0
0
0
0
0
0
0
0
0
0
0
0
0
0
0
0
0
0
0
0
0
0
0
0
0
0
0
0
0
0
0
0
0
0
0
0
0
0
0
0
0
0
0
0
0
0
0
0
0
0
0
0
0
0
0
0
0
0
0
0
0
0
0
0
0
0
0
0
0
0
0
0
0
0
0
0
0
0
0
0
0
0
0
0
0
0
0
0
0
0
0
0
0
0
0
0
0
0
0
0
0
0
0
0
0
0
0
0
0
0
0
0
0
0
0
0
0
0
0
0
0
0
0
0
0
0
0
0
0
0
0
0
0
0
0
0
0
0
0
0
0
0
0
0
0
0
0
0
0
0
0
0
0
0
0
0
0
0
0
0
0
0
0
0
0
0
0
0
0
0
0
0
0
0
0
0
0
0
0
0
0
0
0
0
0
0
0
0
0
0
0
0
0
0
0
0
0
0
0
0
0
0
0
0
0
0
0
0
0
0
0
0
0
0
0
0
0
0
0
0
0
0
0
0
0
0
0
0
0
0
0
0
0
0
0
0
0
0
0
0
0
0
0
0
0
0
0
0
0
0
0
0
0
0
0
0
0
0
0
0
0
0
0
0
0
0
0
0
0
0
0
0
0
0
0
0
0
0
0
0
0
0
0
0
0
0
0
0
0
0
0
0
0
0
0
0
0
0
0
0
0
0
0
0
0
0
0
0
0
0
0
0
0
0
0
0
0
0
0
0
0
0
0
0
0
0
0
0
0
0
0
0
0
0
0
0
0
0
0
0
0
0
0
0
0
0
0
0
0
0
0
0
0
0
0
0
0
0
0
0
0
0
0
0
0
0
0
0
0
0
0
0
0
0
0
0
0
0
0
0
0
0
0
0
0
0
0
0
0
0
0
0
0
0
0
0
0
0
0
0
0
0
0
0
0
0
0
0
0
0
0
0
0
0
0
0
0
0
0
0
0
0
0
0
0
0
0
0
0
0
0
0
0
0
0
0
0
0
0
0
0
0
0
0
0
0
0
0
0
0
0
0
0
0
0
0
0
0
0
0
0
0
0
0
0
0
0
0
0
0
0
0
0
0
0
0
0
0
0
0
0
0
0
0
0
0
0
0
0
0
0
0
0
0
0
0
0
0
0
0
0
0
0
0
0
0
0
0
0
0
0
0
0
0
0
0
0
0
0
0
0
0
0
0
0
0
0
0
0
0
0
0
0
0
0
0
0
0
0
0
0
0
0
0
0
0
0
0
0
0
0
0
0
0
0
0
0
0
0
0
0
0
0
0
0
0
0
0
0
0
0
0
0
0
0
0
0
0
0
0
0
0
0
0
0
0
0
0
0
0
0
0
0
0
0
0
0
0
0
0
0
0
0
0
0
0
0
0
0
0
0
0
0
0
0
0
0
0
0
0
0
0
0
0
0
0
0
0
0
0
0
0
0
0
0
0
0
0
0
0
0
0
0
0
0
0
0
0
0
0
0
0
0
0
0
0
0
0
0
0
0
0
0
0
0
0
0
0
0
0
0
0
0
0
0
0
0
0
0
0
0
0
0
0
0
0
0
0
0
0
0
0
0
0
0
0
0
0
0
0
0
0
0
0
0
0
0
0
0
0
0
0
0
0
0
0
0
0
0
0
0
0
0
0
0
0
0
0
0
0
0
0
0
0
0
0
0
0
0
0
0
0
0
0
0
0
0
0
0
0
0
0
0
0
0
0
0
0
0
0
0
0
0
0
0
0
0
0
0
0
0
0
0
0
0
0
0
0
0
0
0
0
0
0
0
0
0
0
0
0
0
0
0
0
0
0
0
0
0
0
0
0
0
0
0
0
0
0
0
0
0
0
0
0
0
0
0
0
0
0
0
0
0
0
0
0
0
0
0
0
0
0
0
0
0
0
0
0
0
0
0
0
0
0
0
0
0
0
0
0
0
0
0
0
0
0
0
0
0
0
0
0
0
0
0
0
0
0
0
0
0
0
0
0
0
0
0
0
0
0
0
0
0
0
0
0
0
0
0
0
0
0
0
0
0
0
0
0
0
0
0
0
0
0
0
0
0
0
0
0
0
0
0
0
0
0
0
0
0
0
0
0
0
0
0
0
0
0
0
0
0
0
0
0
0
0
0
0
0
0
0
0
0
0
0
0
0
0
0
0
0
0
0
0
0
0
0
0
0
0
0
0
0
0
0
0
0
0
0
0
0
0
0
0
0
0
0
0
0
0
0
0
0
0
0
0
0
0
0
0
0
0
0
0
0
0
0
0
0
0
0
0
0
0
0
0
0
0
0
0
0
0
0
0
0
0
0
0
0
0
0
0
0
0
0
0
0
0
0
0
0
0
0
0
0
0
0
0
0
0
0
0
0
0
0
0
0
0
0
0
0
0
0
0
0
0
0
0
0
0
0
0
0
0
0
0
0
0
0
0
0
0
0
0
0
0
0
0
0
0
0
0
0
0
0
0
0
0
0
0
0
0
0
0
0
0
0
0
0
0
0
0
0
0
0
0
0
0
0
0
0
0
0
0
0
0
0
0
0
0
0
0
0
0
0
0
0
0
0
0
0
0
0
0
0
0
0
0
0
0
0
0
0
0
0
0
0
0
0
0
0
0
0
0
0
0
0
0
0
0
0
0
0
0
0
0
0
0
0
0
0
0
0
0
0
0
0
0
0
0
0
0
0
0
0
0
0
0
0
0
0
0
0
0
0
0
0
0
0
0
0
0
0
0
0
0
0
0
0
0
0
0
0
0
0
0
0
0
0
0
0
0
0
0
0
0
0
0
0
0
0
0
0
0
0
0
0
0
0
0
0
0
0
0
0
0
0
0
0
0
0
0
0
0
0
0
0
0
0
0
0
0
0
0
0
0
0
0
0
0
0
0
0
0
0
0
0
0
0
0
0
0
0
0
0
0
0
0
0
0
0
0
0
0
0
0
0
0
0
0
0
0
0
0
0
0
0
0
0
0
0
0
0
0
0
0
0
0
0
0
0
0
0
0
0
0
0
0
0
0
0
0
0
0
0
0
0
0
0
0
0
0
0
0
0
0
0
0
0
0
0
0
0
0
0
0
0
0
0
0
0
0
0
0
0
0
0
0
0
0
0
0
0
0
0
0
0
0
0
0
0
0
0
0
0
0
0
0
0
0
0
0
0
0
0
0
0
0
0
0
0
0
0
0
0
0
0
0
0
0
0
0
0
0
0
0
0
0
0
0
0
0
0
0
0
0
0
0
0
0
0
0
0
0
0
0
0
0
0
0
0
0
0
0
0
0
0
0
0
0
0
0
0
0
0
0
0
0
0
0
0
0
0
0
0
0
0
0
0
0
0
0
0
0
0
0
0
0
0
0
0
0
0
0
0
0
0
0
0
0
0
0
0
0
0
0
0
0
0
0
0
0
0
0
0
0
0
0
0
0
0
0
0
0
0
0
0
0
0
0
0
0
0
0
0
0
0
0
0
0
0
0
0
0
0
0
0
0
0
0
0
0
0
0
0
0
0
0
0
0
0
0
0
0
0
0
0
0
0
0
0
0
0
0
0
0
0
0
0
0
0
0
0
0
0
0
0
0
0
0
0
0
0
0
0
0
0
0
0
0
0
0
0
0
0
0
0
0
0
0
0
0
0
0
0
0
0
0
0
0
0
0
0
0
0
0
0
0
0
0
0
0
0
0
0
0
0
0
0
0
0
0
0
0
0
0
0
0
0
0
0
0
0
0
0
0
0
0
0
0
0
0
0
0
0
0
0
0
0
0
0
0
0
0
0
0
0
0
0
0
0
0
0
0
0
0
0
0
0
0
0
0
0
0
0
0
0
0
0
0
0
0
0
0
0
0
0
0
0
0
0
0
0
0
0
0
0
0
0
0
0
0
0
0
0
0
0
0
0
0
0
0
0
0
0
0
0
0
0
0
0
0
0
0
0
0
0
0
0
0
0
0
0
0
0
0
0
0
0
0
0
0
0
0
0
0
0
0
0
0
0
0
0
0
0
0
0
0
0
0
0
0
0
0
0
0
0
0
0
0
0
0
0
0
0
0
0
0
0
0
0
0
0
0
0
0
0
0
0
0
0
0
0
0
0
0
0
0
0
0
0
0
0
0
0
0
0
0
0
0
0
0
0
0
0
0
0
0
0
0
0
0
0
0
0
0
0
0
0
0
0
0
0
0
0
0
0
0
0
0
0
0
0
0
0
0
0
0
0
0
0
0
0
0
0
0
0
0
0
0
0
0
0
0
0
0
0
0
0
0
0
0
0
0
0
0
0
0
0
0
0
0
0
0
0
0
0
0
0
0
0
0
0
0
0
0
0
0
0
0
0
0
0
0
0
0
0
0
0
0
0
0
0
0
0
0
0
0
0
0
0
0
0
0
0
0
0
0
0
0
0
0
0
0
0
0
0
0
0
0
0
0
0
0
0
0
0
0
0
0
0
0
0
0
0
0
0
0
0
0
0
0
0
0
0
0
0
0
0
0
0
0
0
0
0
0
0
0
0
0
0
0
0
0
0
0
0
0
0
0
0
0
0
0
0
0
0
0
0
0
0
0
0
0
0
0
0
0
0
0
0
0
0
0
0
0
0
0
0
0
0
0
0
0
0
0
0
0
0
0
0
0
0
0
0
0
0
0
0
0
0
0
0
0
0
0
0
0
0
0
0
0
0
0
0
0
0
0
0
0
0
0
0
0
0
0
0
0
0
0
0
0
0
0
0
0
0
0
0
0
0
0
0
0
0
0
0
0
0
0
0
0
0
0
0
0
0
0
0
0
0
0
0
0
0
0
0
0
0
0
0
0
0
0
0
0
0
0
0
0
0
0
0
0
0
0
0
0
0
0
0
0
0
0
0
0
0
0
0
0
0
0
0
0
0
0
0
0
0
0
0
0
0
0
0
0
0
0
0
0
0
0
0
0
0
0
0
0
0
0
0
0
0
0
0
0
0
0
0
0
0
0
0
0
0
0
0
0
0
0
0
0
0
0
0
0
0
0
0
0
0
0
0
0
0
0
0
0
0
0
0
0
0
0
0
0
0
0
0
0
0
0
0
0
0
0
0
0
0
0
0
0
0
0
0
0
0
0
0
0
0
0
0
0
0
0
0
0
0
0
0
0
0
0
0
0
0
0
0
0
0
0
0
0
0
0
0
0
0
0
0
0
0
0
0
0
0
0
0
0
0
0
0
0
0
0
0
0
0
0
0
0
0
0
0
0
0
0
0
0
0
0
0
0
0
0
0
0
0
0
0
0
0
0
0
0
0
0
0
0
0
0
0
0
0
0
0
0
0
0
0
0
0
0
0
0
0
0
0
0
0
0
0
0
0
0
0
0
0
0
0
0
0
0
0
0
0
0
0
0
0
0
0
0
0
0
0
0
0
0
0
0
0
0
0
0
0
0
0
0
0
0
0
0
0
0
0
0
0
0
0
0
0
0
0
0
0
0
0
0
0
0
0
0
0
0
0
0
0
0
0
0
0
0
0
0
0
0
0
0
0
0
0
0
0
0
0
0
0
0
0
0
0
0
0
0
0
0
0
0
0
0
0
0
0
0
0
0
0
0
0
0
0
0
0
0
0
0
0
0
0
0
0
0
0
0
0
0
0
0
0
0
0
0
0
0
0
0
0
0
0
0
0
0
0
0
0
0
0
0
0
0
0
0
0
0
0
0
0
0
0
0
0
0
0
0
0
0
0
0
0
0
0
0
0
0
0
0
0
0
0
0
0
0
0
0
0
0
0
0
0
0
0
0
0
0
0
0
0
0
0
0
0
0
0
0
0
0
0
0
0
0
0
0
0
0
0
0
0
0
0
0
0
0
0
0
0
0
0
0
0
0
0
0
0
0
0
0
0
0
0
0
0
0
0
0
0
0
0
0
0
0
0
0
0
0
0
0
0
0
0
0
0
0
0
0
0
0
0
0
0
0
0
0
0
0
0
0
0
0
0
0
0
0
0
0
0
0
0
0
0
0
0
0
0
0
0
0
0
0
0
0
0
0
0
0
0
0
0
0
0
0
0
0
0
0
0
0
0
0
0
0
0
0
0
0
0
0
0
0
0
0
0
0
0
0
0
0
0
0
0
0
0
0
0
0
