4095
0
0
0
0
0
0
0
4095
0
0
0
0
0
0
0
4095
0
0
0
0
0
0
0
4095
0
0
0
0
0
0
0
4095
0
0
0
0
0
0
0
4095
0
0
0
0
0
0
0
4095
0
0
0
0
0
0
0
4095
0
0
0
0
0
0
0
4095
0
0
0
0
0
0
0
4095
0
0
0
0
0
0
0
4095
0
0
0
0
0
0
0
4095
0
0
0
0
0
0
0
4095
0
0
0
0
0
0
0
4095
0
0
0
0
0
0
0
4095
0
0
0
0
0
0
0
4095
0
0
0
0
0
0
0
4095
0
0
0
0
0
0
0
4095
0
0
0
0
0
0
0
4095
0
0
0
0
0
0
0
4095
0
0
0
0
0
0
0
4095
0
0
0
0
0
0
0
4095
0
0
0
0
0
0
0
4095
0
0
0
0
0
0
0
4092
4093
0
0
0
0
0
0
4092
4092
0
0
0
0
0
0
4093
4092
0
0
0
0
0
0
4093
4092
0
0
0
0
0
0
4095
4093
0
0
0
0
0
0
0
4095
0
0
0
0
0
0
4094
4094
0
0
0
0
0
0
4094
4095
0
0
0
0
0
0
4091
4094
0
0
0
0
0
0
4091
4093
0
0
0
0
0
0
4093
4092
0
0
0
0
0
0
4095
4091
0
0
0
0
0
0
1
4092
0
0
0
0
0
0
1
0
0
0
0
0
0
0
4094
1
0
0
0
0
0
0
4089
2
0
0
0
0
0
0
4087
4095
0
0
0
0
0
0
4086
4089
0
0
0
0
0
0
4092
4085
0
0
0
0
0
0
2
4086
0
0
0
0
0
0
7
4092
0
0
0
0
0
0
6
4
0
0
0
0
0
0
0
10
0
0
0
0
0
0
4087
8
0
0
0
0
0
0
4078
4094
0
0
0
0
0
0
4080
4082
0
0
0
0
0
0
4091
4077
0
0
0
0
0
0
9
4079
0
0
0
0
0
0
18
4092
0
0
0
0
0
0
13
12
0
0
0
0
0
0
0
20
0
0
0
0
0
0
4078
14
0
0
0
0
0
0
4069
4093
0
0
0
0
0
0
4072
4075
0
0
0
0
0
0
4091
4065
0
0
0
0
0
0
18
4073
0
0
0
0
0
0
30
4094
0
0
0
0
0
0
21
22
0
0
0
0
0
0
4094
32
0
0
0
0
0
0
4066
21
0
0
0
0
0
0
4054
4089
0
0
0
0
0
0
4064
4061
0
0
0
0
0
0
4094
4051
0
0
0
0
0
0
30
4066
0
0
0
0
0
0
45
3
0
0
0
0
0
0
30
35
0
0
0
0
0
0
4090
48
0
0
0
0
0
0
4053
28
0
0
0
0
0
0
4038
4084
0
0
0
0
0
0
4056
4045
0
0
0
0
0
0
4
4035
0
0
0
0
0
0
46
4059
0
0
0
0
0
0
62
10
0
0
0
0
0
0
38
54
0
0
0
0
0
0
4083
65
0
0
0
0
0
0
4034
34
0
0
0
0
0
0
4018
4074
0
0
0
0
0
0
4048
4027
0
0
0
0
0
0
12
4016
0
0
0
0
0
0
66
4054
0
0
0
0
0
0
80
22
0
0
0
0
0
0
46
75
0
0
0
0
0
0
4072
82
0
0
0
0
0
0
4013
40
0
0
0
0
0
0
3998
4061
0
0
0
0
0
0
4043
4003
0
0
0
0
0
0
24
3997
0
0
0
0
0
0
90
4051
0
0
0
0
0
0
103
38
0
0
0
0
0
0
50
101
0
0
0
0
0
0
4059
104
0
0
0
0
0
0
3987
41
0
0
0
0
0
0
3978
4043
0
0
0
0
0
0
4039
3976
0
0
0
0
0
0
41
3977
0
0
0
0
0
0
118
4050
0
0
0
0
0
0
124
56
0
0
0
0
0
0
51
128
0
0
0
0
0
0
4038
122
0
0
0
0
0
0
3955
37
0
0
0
0
0
0
3956
4021
0
0
0
0
0
0
4039
3946
0
0
0
0
0
0
64
3959
0
0
0
0
0
0
151
4054
0
0
0
0
0
0
146
82
0
0
0
0
0
0
50
160
0
0
0
0
0
0
4014
142
0
0
0
0
0
0
3924
33
0
0
0
0
0
0
3934
3993
0
0
0
0
0
0
4044
3914
0
0
0
0
0
0
92
3941
0
0
0
0
0
0
185
4063
0
0
0
0
0
0
165
111
0
0
0
0
0
0
42
193
0
0
0
0
0
0
3983
157
0
0
0
0
0
0
3889
22
0
0
0
0
0
0
3915
3961
0
0
0
0
0
0
4054
3880
0
0
0
0
0
0
123
3925
0
0
0
0
0
0
221
4076
0
0
0
0
0
0
184
147
0
0
0
0
0
0
31
229
0
0
0
0
0
0
3947
173
0
0
0
0
0
0
3851
6
0
0
0
0
0
0
3899
3925
0
0
0
0
0
0
4066
3842
0
0
0
0
0
0
162
3912
0
0
0
0
0
0
260
4095
0
0
0
0
0
0
199
186
0
0
0
0
0
0
15
266
0
0
0
0
0
0
3908
183
0
0
0
0
0
0
3811
4081
0
0
0
0
0
0
3884
3882
0
0
0
0
0
0
4087
3806
0
0
0
0
0
0
205
3903
0
0
0
0
0
0
299
24
0
0
0
0
0
0
211
231
0
0
0
0
0
0
4086
303
0
0
0
0
0
0
3862
190
0
0
0
0
0
0
3772
4052
0
0
0
0
0
0
3875
3836
0
0
0
0
0
0
18
3768
0
0
0
0
0
0
252
3898
0
0
0
0
0
0
339
55
0
0
0
0
0
0
218
279
0
0
0
0
0
0
4055
338
0
0
0
0
0
0
3813
192
0
0
0
0
0
0
3732
4017
0
0
0
0
0
0
3870
3784
0
0
0
0
0
0
52
3734
0
0
0
0
0
0
306
3900
0
0
0
0
0
0
378
94
0
0
0
0
0
0
221
333
0
0
0
0
0
0
4019
375
0
0
0
0
0
0
3757
187
0
0
0
0
0
0
3695
3975
0
0
0
0
0
0
3873
3730
0
0
0
0
0
0
94
3701
0
0
0
0
0
0
361
3908
0
0
0
0
0
0
415
140
0
0
0
0
0
0
214
388
0
0
0
0
0
0
3973
404
0
0
0
0
0
0
3700
175
0
0
0
0
0
0
3658
3926
0
0
0
0
0
0
3880
3674
0
0
0
0
0
0
143
3670
0
0
0
0
0
0
421
3924
0
0
0
0
0
0
450
192
0
0
0
0
0
0
202
446
0
0
0
0
0
0
3921
432
0
0
0
0
0
0
3640
156
0
0
0
0
0
0
3626
3870
0
0
0
0
0
0
3897
3615
0
0
0
0
0
0
198
3644
0
0
0
0
0
0
481
3947
0
0
0
0
0
0
478
250
0
0
0
0
0
0
182
504
0
0
0
0
0
0
3862
455
0
0
0
0
0
0
3577
128
0
0
0
0
0
0
3599
3809
0
0
0
0
0
0
3921
3556
0
0
0
0
0
0
260
3624
0
0
0
0
0
0
544
3978
0
0
0
0
0
0
503
315
0
0
0
0
0
0
152
562
0
0
0
0
0
0
3798
474
0
0
0
0
0
0
3514
92
0
0
0
0
0
0
3579
3741
0
0
0
0
0
0
3956
3497
0
0
0
0
0
0
327
3611
0
0
0
0
0
0
607
4021
0
0
0
0
0
0
520
385
0
0
0
0
0
0
115
621
0
0
0
0
0
0
3725
482
0
0
0
0
0
0
3453
47
0
0
0
0
0
0
3564
3668
0
0
0
0
0
0
3998
3440
0
0
0
0
0
0
403
3605
0
0
0
0
0
0
669
4069
0
0
0
0
0
0
532
461
0
0
0
0
0
0
67
677
0
0
0
0
0
0
3646
485
0
0
0
0
0
0
3391
4089
0
0
0
0
0
0
3556
3589
0
0
0
0
0
0
4050
3386
0
0
0
0
0
0
484
3607
0
0
0
0
0
0
728
32
0
0
0
0
0
0
534
540
0
0
0
0
0
0
11
730
0
0
0
0
0
0
3564
477
0
0
0
0
0
0
3333
4026
0
0
0
0
0
0
3559
3509
0
0
0
0
0
0
16
3336
0
0
0
0
0
0
566
3618
0
0
0
0
0
0
783
98
0
0
0
0
0
0
528
624
0
0
0
0
0
0
4040
776
0
0
0
0
0
0
3480
462
0
0
0
0
0
0
3280
3953
0
0
0
0
0
0
3570
3424
0
0
0
0
0
0
86
3291
0
0
0
0
0
0
654
3641
0
0
0
0
0
0
834
176
0
0
0
0
0
0
510
708
0
0
0
0
0
0
3965
820
0
0
0
0
0
0
3390
434
0
0
0
0
0
0
3232
3874
0
0
0
0
0
0
3592
3339
0
0
0
0
0
0
165
3252
0
0
0
0
0
0
744
3672
0
0
0
0
0
0
877
259
0
0
0
0
0
0
483
794
0
0
0
0
0
0
3882
854
0
0
0
0
0
0
3301
396
0
0
0
0
0
0
3191
3785
0
0
0
0
0
0
3626
3254
0
0
0
0
0
0
255
3222
0
0
0
0
0
0
834
3716
0
0
0
0
0
0
916
351
0
0
0
0
0
0
441
877
0
0
0
0
0
0
3788
879
0
0
0
0
0
0
3212
348
0
0
0
0
0
0
3159
3690
0
0
0
0
0
0
3671
3170
0
0
0
0
0
0
352
3201
0
0
0
0
0
0
923
3771
0
0
0
0
0
0
942
448
0
0
0
0
0
0
392
961
0
0
0
0
0
0
3689
897
0
0
0
0
0
0
3124
288
0
0
0
0
0
0
3136
3590
0
0
0
0
0
0
3727
3087
0
0
0
0
0
0
454
3188
0
0
0
0
0
0
1010
3837
0
0
0
0
0
0
961
553
0
0
0
0
0
0
330
1041
0
0
0
0
0
0
3583
902
0
0
0
0
0
0
3037
216
0
0
0
0
0
0
3122
3482
0
0
0
0
0
0
3796
3012
0
0
0
0
0
0
561
3187
0
0
0
0
0
0
1092
3913
0
0
0
0
0
0
970
663
0
0
0
0
0
0
255
1115
0
0
0
0
0
0
3472
899
0
0
0
0
0
0
2956
133
0
0
0
0
0
0
3122
3372
0
0
0
0
0
0
3877
2939
0
0
0
0
0
0
677
3200
0
0
0
0
0
0
1173
4003
0
0
0
0
0
0
964
774
0
0
0
0
0
0
168
1183
0
0
0
0
0
0
3355
878
0
0
0
0
0
0
2881
39
0
0
0
0
0
0
3133
3258
0
0
0
0
0
0
3967
2875
0
0
0
0
0
0
794
3223
0
0
0
0
0
0
1246
6
0
0
0
0
0
0
945
888
0
0
0
0
0
0
71
1243
0
0
0
0
0
0
3236
849
0
0
0
0
0
0
2812
4031
0
0
0
0
0
0
3156
3143
0
0
0
0
0
0
4069
2818
0
0
0
0
0
0
912
3261
0
0
0
0
0
0
1309
116
0
0
0
0
0
0
917
1003
0
0
0
0
0
0
4061
1295
0
0
0
0
0
0
3117
805
0
0
0
0
0
0
2752
3916
0
0
0
0
0
0
3193
3028
0
0
0
0
0
0
87
2774
0
0
0
0
0
0
1032
3312
0
0
0
0
0
0
1362
232
0
0
0
0
0
0
871
1117
0
0
0
0
0
0
3942
1334
0
0
0
0
0
0
2998
747
0
0
0
0
0
0
2704
3796
0
0
0
0
0
0
3246
2917
0
0
0
0
0
0
210
2739
0
0
0
0
0
0
1151
3375
0
0
0
0
0
0
1405
357
0
0
0
0
0
0
812
1227
0
0
0
0
0
0
3817
1365
0
0
0
0
0
0
2880
676
0
0
0
0
0
0
2668
3668
0
0
0
0
0
0
3312
2807
0
0
0
0
0
0
337
2715
0
0
0
0
0
0
1266
3453
0
0
0
0
0
0
1436
488
0
0
0
0
0
0
739
1333
0
0
0
0
0
0
3684
1381
0
0
0
0
0
0
2768
592
0
0
0
0
0
0
2642
3533
0
0
0
0
0
0
3392
2705
0
0
0
0
0
0
476
2707
0
0
0
0
0
0
1378
3545
0
0
0
0
0
0
1453
625
0
0
0
0
0
0
653
1434
0
0
0
0
0
0
3543
1382
0
0
0
0
0
0
2659
493
0
0
0
0
0
0
2631
3394
0
0
0
0
0
0
3486
2609
0
0
0
0
0
0
618
2711
0
0
0
0
0
0
1483
3651
0
0
0
0
0
0
1458
767
0
0
0
0
0
0
551
1526
0
0
0
0
0
0
3399
1368
0
0
0
0
0
0
2558
383
0
0
0
0
0
0
2636
3250
0
0
0
0
0
0
3592
2519
0
0
0
0
0
0
763
2731
0
0
0
0
0
0
1579
3766
0
0
0
0
0
0
1447
911
0
0
0
0
0
0
438
1609
0
0
0
0
0
0
3251
1342
0
0
0
0
0
0
2465
259
0
0
0
0
0
0
2654
3107
0
0
0
0
0
0
3712
2442
0
0
0
0
0
0
913
2767
0
0
0
0
0
0
1666
3894
0
0
0
0
0
0
1420
1054
0
0
0
0
0
0
312
1682
0
0
0
0
0
0
3101
1298
0
0
0
0
0
0
2382
126
0
0
0
0
0
0
2688
2963
0
0
0
0
0
0
3845
2376
0
0
0
0
0
0
1062
2819
0
0
0
0
0
0
1743
4033
0
0
0
0
0
0
1376
1196
0
0
0
0
0
0
174
1742
0
0
0
0
0
0
2952
1239
0
0
0
0
0
0
2312
4078
0
0
0
0
0
0
2743
2824
0
0
0
0
0
0
3989
2323
0
0
0
0
0
0
1210
2886
0
0
0
0
0
0
1807
84
0
0
0
0
0
0
1316
1335
0
0
0
0
0
0
28
1789
0
0
0
0
0
0
2806
1164
0
0
0
0
0
0
2254
3926
0
0
0
0
0
0
2809
2686
0
0
0
0
0
0
43
2282
0
0
0
0
0
0
1354
2967
0
0
0
0
0
0
1858
241
0
0
0
0
0
0
1240
1469
0
0
0
0
0
0
3967
1819
0
0
0
0
0
0
2662
1072
0
0
0
0
0
0
2213
3769
0
0
0
0
0
0
2893
2555
0
0
0
0
0
0
203
2259
0
0
0
0
0
0
1493
3066
0
0
0
0
0
0
1891
402
0
0
0
0
0
0
1149
1599
0
0
0
0
0
0
3803
1837
0
0
0
0
0
0
2527
968
0
0
0
0
0
0
2187
3604
0
0
0
0
0
0
2993
2431
0
0
0
0
0
0
369
2250
0
0
0
0
0
0
1628
3180
0
0
0
0
0
0
1909
567
0
0
0
0
0
0
1041
1716
0
0
0
0
0
0
3635
1836
0
0
0
0
0
0
2399
849
0
0
0
0
0
0
2177
3438
0
0
0
0
0
0
3107
2317
0
0
0
0
0
0
540
2259
0
0
0
0
0
0
1751
3306
0
0
0
0
0
0
1912
737
0
0
0
0
0
0
919
1825
0
0
0
0
0
0
3463
1818
0
0
0
0
0
0
2280
714
0
0
0
0
0
0
2183
3266
0
0
0
0
0
0
3237
2213
0
0
0
0
0
0
714
2285
0
0
0
0
0
0
1864
3447
0
0
0
0
0
0
1894
905
0
0
0
0
0
0
782
1921
0
0
0
0
0
0
3287
1783
0
0
0
0
0
0
2172
568
0
0
0
0
0
0
2210
3099
0
0
0
0
0
0
3379
2124
0
0
0
0
0
0
889
2330
0
0
0
0
0
0
1964
3598
0
0
0
0
0
0
1860
1073
0
0
0
0
0
0
633
2005
0
0
0
0
0
0
3112
1730
0
0
0
0
0
0
2079
411
0
0
0
0
0
0
2251
2931
0
0
0
0
0
0
3533
2047
0
0
0
0
0
0
1063
2391
0
0
0
0
0
0
2052
3761
0
0
0
0
0
0
1808
1239
0
0
0
0
0
0
473
2072
0
0
0
0
0
0
2940
1659
0
0
0
0
0
0
1999
244
0
0
0
0
0
0
2313
2769
0
0
0
0
0
0
3700
1987
0
0
0
0
0
0
1232
2470
0
0
0
0
0
0
2125
3932
0
0
0
0
0
0
1739
1399
0
0
0
0
0
0
302
2125
0
0
0
0
0
0
2771
1571
0
0
0
0
0
0
1935
69
0
0
0
0
0
0
2392
2612
0
0
0
0
0
0
3874
1943
0
0
0
0
0
0
1399
2566
0
0
0
0
0
0
2181
14
0
0
0
0
0
0
1650
1551
0
0
0
0
0
0
124
2158
0
0
0
0
0
0
2611
1469
0
0
0
0
0
0
1887
3984
0
0
0
0
0
0
2487
2462
0
0
0
0
0
0
4056
1918
0
0
0
0
0
0
1557
2680
0
0
0
0
0
0
2220
197
0
0
0
0
0
0
1547
1695
0
0
0
0
0
0
4035
2177
0
0
0
0
0
0
2456
1349
0
0
0
0
0
0
1856
3797
0
0
0
0
0
0
2601
2324
0
0
0
0
0
0
149
1908
0
0
0
0
0
0
1705
2805
0
0
0
0
0
0
2239
384
0
0
0
0
0
0
1426
1830
0
0
0
0
0
0
3845
2176
0
0
0
0
0
0
2313
1213
0
0
0
0
0
0
1846
3611
0
0
0
0
0
0
2728
2196
0
0
0
0
0
0
340
1919
0
0
0
0
0
0
1844
2947
0
0
0
0
0
0
2241
572
0
0
0
0
0
0
1288
1950
0
0
0
0
0
0
3655
2157
0
0
0
0
0
0
2182
1065
0
0
0
0
0
0
1856
3424
0
0
0
0
0
0
2872
2083
0
0
0
0
0
0
531
1948
0
0
0
0
0
0
1969
3101
0
0
0
0
0
0
2222
758
0
0
0
0
0
0
1139
2056
0
0
0
0
0
0
3462
2118
0
0
0
0
0
0
2063
904
0
0
0
0
0
0
1882
3237
0
0
0
0
0
0
3028
1983
0
0
0
0
0
0
723
1997
0
0
0
0
0
0
2078
3267
0
0
0
0
0
0
2187
944
0
0
0
0
0
0
975
2147
0
0
0
0
0
0
3270
2061
0
0
0
0
0
0
1960
732
0
0
0
0
0
0
1929
3055
0
0
0
0
0
0
3199
1903
0
0
0
0
0
0
912
2063
0
0
0
0
0
0
2175
3445
0
0
0
0
0
0
2128
1121
0
0
0
0
0
0
800
2221
0
0
0
0
0
0
3084
1985
0
0
0
0
0
0
1872
552
0
0
0
0
0
0
1995
2879
0
0
0
0
0
0
3376
1835
0
0
0
0
0
0
1096
2148
0
0
0
0
0
0
2252
3629
0
0
0
0
0
0
2054
1295
0
0
0
0
0
0
619
2277
0
0
0
0
0
0
2903
1892
0
0
0
0
0
0
1803
365
0
0
0
0
0
0
2079
2710
0
0
0
0
0
0
3565
1790
0
0
0
0
0
0
1273
2250
0
0
0
0
0
0
2313
3820
0
0
0
0
0
0
1961
1458
0
0
0
0
0
0
428
2316
0
0
0
0
0
0
2730
1781
0
0
0
0
0
0
1752
171
0
0
0
0
0
0
2180
2553
0
0
0
0
0
0
3759
1761
0
0
0
0
0
0
1442
2369
0
0
0
0
0
0
2353
4014
0
0
0
0
0
0
1850
1609
0
0
0
0
0
0
232
2336
0
0
0
0
0
0
2566
1654
0
0
0
0
0
0
1720
4071
0
0
0
0
0
0
2300
2406
0
0
0
0
0
0
3955
1751
0
0
0
0
0
0
1597
2501
0
0
0
0
0
0
2376
114
0
0
0
0
0
0
1724
1751
0
0
0
0
0
0
34
2335
0
0
0
0
0
0
2416
1514
0
0
0
0
0
0
1708
3875
0
0
0
0
0
0
2433
2272
0
0
0
0
0
0
57
1759
0
0
0
0
0
0
1743
2649
0
0
0
0
0
0
2380
311
0
0
0
0
0
0
1584
1877
0
0
0
0
0
0
3930
2315
0
0
0
0
0
0
2279
1359
0
0
0
0
0
0
1715
3680
0
0
0
0
0
0
2582
2154
0
0
0
0
0
0
259
1790
0
0
0
0
0
0
1872
2809
0
0
0
0
0
0
2362
503
0
0
0
0
0
0
1429
1989
0
0
0
0
0
0
3731
2277
0
0
0
0
0
0
2155
1196
0
0
0
0
0
0
1742
3488
0
0
0
0
0
0
2742
2049
0
0
0
0
0
0
454
1836
0
0
0
0
0
0
1987
2980
0
0
0
0
0
0
2325
693
0
0
0
0
0
0
1263
2084
0
0
0
0
0
0
3536
2219
0
0
0
0
0
0
2049
1021
0
0
0
0
0
0
1790
3304
0
0
0
0
0
0
2913
1965
0
0
0
0
0
0
647
1905
0
0
0
0
0
0
2086
3159
0
0
0
0
0
0
2269
876
0
0
0
0
0
0
1086
2159
0
0
0
0
0
0
3346
2143
0
0
0
0
0
0
1959
837
0
0
0
0
0
0
1855
3123
0
0
0
0
0
0
3094
1898
0
0
0
0
0
0
835
1989
0
0
0
0
0
0
2165
3343
0
0
0
0
0
0
2193
1049
0
0
0
0
0
0
902
2217
0
0
0
0
0
0
3164
2051
0
0
0
0
0
0
1889
649
0
0
0
0
0
0
1939
2955
0
0
0
0
0
0
3281
1848
0
0
0
0
0
0
1012
2091
0
0
0
0
0
0
2227
3534
0
0
0
0
0
0
2101
1215
0
0
0
0
0
0
713
2257
0
0
0
0
0
0
2991
1941
0
0
0
0
0
0
1838
459
0
0
0
0
0
0
2039
2796
0
0
0
0
0
0
3473
1819
0
0
0
0
0
0
1180
2207
0
0
0
0
0
0
2271
3729
0
0
0
0
0
0
1993
1367
0
0
0
0
0
0
519
2278
0
0
0
0
0
0
2829
1818
0
0
0
0
0
0
1806
265
0
0
0
0
0
0
2155
2649
0
0
0
0
0
0
3668
1807
0
0
0
0
0
0
1336
2339
0
0
0
0
0
0
2294
3922
0
0
0
0
0
0
1869
1504
0
0
0
0
0
0
323
2278
0
0
0
0
0
0
2679
1680
0
0
0
0
0
0
1791
71
0
0
0
0
0
0
2286
2519
0
0
0
0
0
0
3863
1816
0
0
0
0
0
0
1478
2481
0
0
0
0
0
0
2298
15
0
0
0
0
0
0
1731
1627
0
0
0
0
0
0
129
2260
0
0
0
0
0
0
2544
1531
0
0
0
0
0
0
1796
3978
0
0
0
0
0
0
2428
2402
0
0
0
0
0
0
4056
1843
0
0
0
0
0
0
1607
2636
0
0
0
0
0
0
2282
205
0
0
0
0
0
0
1583
1737
0
0
0
0
0
0
4032
2224
0
0
0
0
0
0
2425
1372
0
0
0
0
0
0
1821
3792
0
0
0
0
0
0
2583
2302
0
0
0
0
0
0
151
1889
0
0
0
0
0
0
1716
2800
0
0
0
0
0
0
2247
387
0
0
0
0
0
0
1424
1830
0
0
0
0
0
0
3843
2169
0
0
0
0
0
0
2321
1205
0
0
0
0
0
0
1864
3613
0
0
0
0
0
0
2746
2218
0
0
0
0
0
0
336
1952
0
0
0
0
0
0
1812
2970
0
0
0
0
0
0
2193
561
0
0
0
0
0
0
1257
1904
0
0
0
0
0
0
3664
2099
0
0
0
0
0
0
2236
1030
0
0
0
0
0
0
1927
3443
0
0
0
0
0
0
2917
2154
0
0
0
0
0
0
513
2032
0
0
0
0
0
0
1888
3145
0
0
0
0
0
0
2124
726
0
0
0
0
0
0
1084
1960
0
0
0
0
0
0
3491
2012
0
0
0
0
0
0
2170
855
0
0
0
0
0
0
2005
3284
0
0
0
0
0
0
3094
2108
0
0
0
0
0
0
680
2125
0
0
0
0
0
0
1945
3322
0
0
0
0
0
0
2040
881
0
0
0
0
0
0
906
1997
0
0
0
0
0
0
3328
1910
0
0
0
0
0
0
2119
675
0
0
0
0
0
0
2098
3136
0
0
0
0
0
0
3272
2078
0
0
0
0
0
0
837
2234
0
0
0
0
0
0
1988
3503
0
0
0
0
0
0
1938
1022
0
0
0
0
0
0
727
2017
0
0
0
0
0
0
3178
1794
0
0
0
0
0
0
2088
495
0
0
0
0
0
0
2205
3000
0
0
0
0
0
0
3452
2068
0
0
0
0
0
0
981
2355
0
0
0
0
0
0
2007
3680
0
0
0
0
0
0
1824
1150
0
0
0
0
0
0
544
2016
0
0
0
0
0
0
3041
1670
0
0
0
0
0
0
2075
318
0
0
0
0
0
0
2325
2878
0
0
0
0
0
0
3631
2076
0
0
0
0
0
0
1110
2485
0
0
0
0
0
0
2012
3856
0
0
0
0
0
0
1699
1265
0
0
0
0
0
0
368
2001
0
0
0
0
0
0
2916
1532
0
0
0
0
0
0
2080
145
0
0
0
0
0
0
2456
2773
0
0
0
0
0
0
3808
2102
0
0
0
0
0
0
1226
2626
0
0
0
0
0
0
1998
4026
0
0
0
0
0
0
1564
1361
0
0
0
0
0
0
195
1970
0
0
0
0
0
0
2807
1388
0
0
0
0
0
0
2104
4074
0
0
0
0
0
0
2596
2683
0
0
0
0
0
0
3980
2144
0
0
0
0
0
0
1327
2773
0
0
0
0
0
0
1967
96
0
0
0
0
0
0
1420
1444
0
0
0
0
0
0
28
1920
0
0
0
0
0
0
2717
1238
0
0
0
0
0
0
2142
3913
0
0
0
0
0
0
2743
2609
0
0
0
0
0
0
48
2199
0
0
0
0
0
0
1410
2925
0
0
0
0
0
0
1919
251
0
0
0
0
0
0
1270
1510
0
0
0
0
0
0
3961
1855
0
0
0
0
0
0
2641
1085
0
0
0
0
0
0
2198
3763
0
0
0
0
0
0
2893
2552
0
0
0
0
0
0
206
2270
0
0
0
0
0
0
1480
3081
0
0
0
0
0
0
1857
398
0
0
0
0
0
0
1119
1559
0
0
0
0
0
0
3809
1778
0
0
0
0
0
0
2582
928
0
0
0
0
0
0
2270
3624
0
0
0
0
0
0
3047
2512
0
0
0
0
0
0
352
2354
0
0
0
0
0
0
1530
3239
0
0
0
0
0
0
1781
532
0
0
0
0
0
0
962
1591
0
0
0
0
0
0
3668
1687
0
0
0
0
0
0
2541
772
0
0
0
0
0
0
2352
3495
0
0
0
0
0
0
3204
2489
0
0
0
0
0
0
487
2449
0
0
0
0
0
0
1563
3394
0
0
0
0
0
0
1694
656
0
0
0
0
0
0
806
1606
0
0
0
0
0
0
3538
1587
0
0
0
0
0
0
2515
616
0
0
0
0
0
0
2444
3377
0
0
0
0
0
0
3360
2481
0
0
0
0
0
0
612
2555
0
0
0
0
0
0
1579
3548
0
0
0
0
0
0
1593
763
0
0
0
0
0
0
651
1604
0
0
0
0
0
0
3421
1478
0
0
0
0
0
0
2507
465
0
0
0
0
0
0
2550
3277
0
0
0
0
0
0
3514
2490
0
0
0
0
0
0
721
2667
0
0
0
0
0
0
1581
3698
0
0
0
0
0
0
1485
858
0
0
0
0
0
0
501
1591
0
0
0
0
0
0
3317
1361
0
0
0
0
0
0
2513
317
0
0
0
0
0
0
2660
3186
0
0
0
0
0
0
3663
2511
0
0
0
0
0
0
817
2786
0
0
0
0
0
0
1569
3842
0
0
0
0
0
0
1370
940
0
0
0
0
0
0
353
1559
0
0
0
0
0
0
3230
1240
0
0
0
0
0
0
2534
177
0
0
0
0
0
0
2779
3113
0
0
0
0
0
0
3807
2549
0
0
0
0
0
0
901
2914
0
0
0
0
0
0
1539
3980
0
0
0
0
0
0
1249
1008
0
0
0
0
0
0
212
1517
0
0
0
0
0
0
3153
1112
0
0
0
0
0
0
2570
45
0
0
0
0
0
0
2904
3055
0
0
0
0
0
0
3943
2597
0
0
0
0
0
0
968
3039
0
0
0
0
0
0
1497
10
0
0
0
0
0
0
1123
1058
0
0
0
0
0
0
81
1462
0
0
0
0
0
0
3092
985
0
0
0
0
0
0
2618
4017
0
0
0
0
0
0
3028
3010
0
0
0
0
0
0
4071
2659
0
0
0
0
0
0
1020
3168
0
0
0
0
0
0
1443
129
0
0
0
0
0
0
996
1095
0
0
0
0
0
0
4054
1396
0
0
0
0
0
0
3048
856
0
0
0
0
0
0
2677
3905
0
0
0
0
0
0
3156
2979
0
0
0
0
0
0
94
2731
0
0
0
0
0
0
1059
3297
0
0
0
0
0
0
1379
237
0
0
0
0
0
0
869
1119
0
0
0
0
0
0
3940
1320
0
0
0
0
0
0
3017
730
0
0
0
0
0
0
2747
3803
0
0
0
0
0
0
3284
2964
0
0
0
0
0
0
202
2809
0
0
0
0
0
0
1084
3424
0
0
0
0
0
0
1305
334
0
0
0
0
0
0
744
1129
0
0
0
0
0
0
3839
1238
0
0
0
0
0
0
3000
604
0
0
0
0
0
0
2825
3712
0
0
0
0
0
0
3409
2962
0
0
0
0
0
0
299
2896
0
0
0
0
0
0
1093
3546
0
0
0
0
0
0
1223
418
0
0
0
0
0
0
619
1124
0
0
0
0
0
0
3748
1148
0
0
0
0
0
0
2996
483
0
0
0
0
0
0
2909
3633
0
0
0
0
0
0
3530
2972
0
0
0
0
0
0
382
2987
0
0
0
0
0
0
1090
3663
0
0
0
0
0
0
1136
492
0
0
0
0
0
0
501
1108
0
0
0
0
0
0
3669
1054
0
0
0
0
0
0
3006
369
0
0
0
0
0
0
2999
3567
0
0
0
0
0
0
3646
2995
0
0
0
0
0
0
454
3083
0
0
0
0
0
0
1075
3774
0
0
0
0
0
0
1043
551
0
0
0
0
0
0
387
1080
0
0
0
0
0
0
3604
957
0
0
0
0
0
0
3028
262
0
0
0
0
0
0
3096
3514
0
0
0
0
0
0
3756
3027
0
0
0
0
0
0
516
3182
0
0
0
0
0
0
1048
3879
0
0
0
0
0
0
947
599
0
0
0
0
0
0
281
1044
0
0
0
0
0
0
3550
858
0
0
0
0
0
0
3057
161
0
0
0
0
0
0
3190
3472
0
0
0
0
0
0
3860
3069
0
0
0
0
0
0
562
3281
0
0
0
0
0
0
1011
3975
0
0
0
0
0
0
850
633
0
0
0
0
0
0
181
997
0
0
0
0
0
0
3507
759
0
0
0
0
0
0
3099
70
0
0
0
0
0
0
3286
3443
0
0
0
0
0
0
3955
3119
0
0
0
0
0
0
598
3380
0
0
0
0
0
0
967
4062
0
0
0
0
0
0
752
656
0
0
0
0
0
0
90
943
0
0
0
0
0
0
3478
661
0
0
0
0
0
0
3147
4083
0
0
0
0
0
0
3386
3426
0
0
0
0
0
0
4042
3176
0
0
0
0
0
0
622
3476
0
0
0
0
0
0
915
44
0
0
0
0
0
0
658
670
0
0
0
0
0
0
10
884
0
0
0
0
0
0
3461
566
0
0
0
0
0
0
3204
4011
0
0
0
0
0
0
3480
3419
0
0
0
0
0
0
21
3237
0
0
0
0
0
0
634
3569
0
0
0
0
0
0
857
111
0
0
0
0
0
0
564
672
0
0
0
0
0
0
4033
819
0
0
0
0
0
0
3453
475
0
0
0
0
0
0
3263
3948
0
0
0
0
0
0
3572
3422
0
0
0
0
0
0
89
3305
0
0
0
0
0
0
637
3660
0
0
0
0
0
0
794
169
0
0
0
0
0
0
474
663
0
0
0
0
0
0
3971
751
0
0
0
0
0
0
3456
389
0
0
0
0
0
0
3329
3896
0
0
0
0
0
0
3659
3434
0
0
0
0
0
0
145
3375
0
0
0
0
0
0
628
3742
0
0
0
0
0
0
728
217
0
0
0
0
0
0
388
645
0
0
0
0
0
0
3921
681
0
0
0
0
0
0
3468
307
0
0
0
0
0
0
3397
3852
0
0
0
0
0
0
3742
3456
0
0
0
0
0
0
193
3446
0
0
0
0
0
0
613
3820
0
0
0
0
0
0
659
254
0
0
0
0
0
0
310
620
0
0
0
0
0
0
3879
610
0
0
0
0
0
0
3488
233
0
0
0
0
0
0
3467
3821
0
0
0
0
0
0
3817
3483
0
0
0
0
0
0
230
3516
0
0
0
0
0
0
588
3891
0
0
0
0
0
0
589
282
0
0
0
0
0
0
237
590
0
0
0
0
0
0
3846
539
0
0
0
0
0
0
3516
166
0
0
0
0
0
0
3536
3798
0
0
0
0
0
0
3887
3518
0
0
0
0
0
0
257
3587
0
0
0
0
0
0
559
3955
0
0
0
0
0
0
520
300
0
0
0
0
0
0
173
555
0
0
0
0
0
0
3824
470
0
0
0
0
0
0
3549
107
0
0
0
0
0
0
3603
3782
0
0
0
0
0
0
3948
3557
0
0
0
0
0
0
275
3655
0
0
0
0
0
0
523
4011
0
0
0
0
0
0
453
311
0
0
0
0
0
0
114
513
0
0
0
0
0
0
3809
403
0
0
0
0
0
0
3587
55
0
0
0
0
0
0
3670
3776
0
0
0
0
0
0
4003
3599
0
0
0
0
0
0
285
3719
0
0
0
0
0
0
484
4059
0
0
0
0
0
0
387
312
0
0
0
0
0
0
64
469
0
0
0
0
0
0
3803
340
0
0
0
0
0
0
3628
11
0
0
0
0
0
0
3733
3778
0
0
0
0
0
0
4049
3643
0
0
0
0
0
0
288
3781
0
0
0
0
0
0
441
2
0
0
0
0
0
0
326
309
0
0
0
0
0
0
20
422
0
0
0
0
0
0
3805
281
0
0
0
0
0
0
3672
4072
0
0
0
0
0
0
3793
3786
0
0
0
0
0
0
4088
3692
0
0
0
0
0
0
283
3837
0
0
0
0
0
0
396
35
0
0
0
0
0
0
270
298
0
0
0
0
0
0
4082
375
0
0
0
0
0
0
3813
228
0
0
0
0
0
0
3718
4042
0
0
0
0
0
0
3847
3800
0
0
0
0
0
0
22
3739
0
0
0
0
0
0
272
3889
0
0
0
0
0
0
351
60
0
0
0
0
0
0
218
281
0
0
0
0
0
0
4054
329
0
0
0
0
0
0
3825
179
0
0
0
0
0
0
3762
4022
0
0
0
0
0
0
3897
3818
0
0
0
0
0
0
47
3784
0
0
0
0
0
0
257
3934
0
0
0
0
0
0
306
77
0
0
0
0
0
0
172
262
0
0
0
0
0
0
4033
283
0
0
0
0
0
0
3843
135
0
0
0
0
0
0
3806
4007
0
0
0
0
0
0
3941
3839
0
0
0
0
0
0
65
3830
0
0
0
0
0
0
236
3974
0
0
0
0
0
0
263
89
0
0
0
0
0
0
129
238
0
0
0
0
0
0
4020
240
0
0
0
0
0
0
3864
98
0
0
0
0
0
0
3850
3998
0
0
0
0
0
0
3979
3865
0
0
0
0
0
0
76
3871
0
0
0
0
0
0
215
4009
0
0
0
0
0
0
220
93
0
0
0
0
0
0
95
212
0
0
0
0
0
0
4012
200
0
0
0
0
0
0
3887
66
0
0
0
0
0
0
3890
3995
0
0
0
0
0
0
4011
3890
0
0
0
0
0
0
80
3910
0
0
0
0
0
0
190
4037
0
0
0
0
0
0
181
95
0
0
0
0
0
0
65
185
0
0
0
0
0
0
4009
162
0
0
0
0
0
0
3914
41
0
0
0
0
0
0
3927
3997
0
0
0
0
0
0
4038
3918
0
0
0
0
0
0
81
3946
0
0
0
0
0
0
164
4059
0
0
0
0
0
0
145
92
0
0
0
0
0
0
40
158
0
0
0
0
0
0
4011
128
0
0
0
0
0
0
3939
21
0
0
0
0
0
0
3961
4002
0
0
0
0
0
0
4061
3947
0
0
0
0
0
0
79
3979
0
0
0
0
0
0
139
4078
0
0
0
0
0
0
114
84
0
0
0
0
0
0
22
132
0
0
0
0
0
0
4016
97
0
0
0
0
0
0
3964
7
0
0
0
0
0
0
3990
4010
0
0
0
0
0
0
4077
3972
0
0
0
0
0
0
70
4005
0
0
0
0
0
0
113
4090
0
0
0
0
0
0
85
75
0
0
0
0
0
0
7
105
0
0
0
0
0
0
4024
71
0
0
0
0
0
0
3989
4091
0
0
0
0
0
0
4018
4020
0
0
0
0
0
0
4089
3998
0
0
0
0
0
0
62
4030
0
0
0
0
0
0
90
1
0
0
0
0
0
0
61
64
0
0
0
0
0
0
4094
82
0
0
0
0
0
0
4034
51
0
0
0
0
0
0
4012
4085
0
0
0
0
0
0
4040
4033
0
0
0
0
0
0
4095
4019
0
0
0
0
0
0
51
4049
0
0
0
0
0
0
68
7
0
0
0
0
0
0
43
51
0
0
0
0
0
0
4088
61
0
0
0
0
0
0
4046
33
0
0
0
0
0
0
4033
4081
0
0
0
0
0
0
4058
4047
0
0
0
0
0
0
4
4040
0
0
0
0
0
0
39
4064
0
0
0
0
0
0
48
7
0
0
0
0
0
0
27
38
0
0
0
0
0
0
4086
42
0
0
0
0
0
0
4056
20
0
0
0
0
0
0
4050
4082
0
0
0
0
0
0
4071
4057
0
0
0
0
0
0
6
4056
0
0
0
0
0
0
29
4077
0
0
0
0
0
0
32
7
0
0
0
0
0
0
15
26
0
0
0
0
0
0
4086
27
0
0
0
0
0
0
4067
10
0
0
0
0
0
0
4065
4084
0
0
0
0
0
0
4080
4069
0
0
0
0
0
0
4
4069
0
0
0
0
0
0
19
4084
0
0
0
0
0
0
19
5
0
0
0
0
0
0
7
16
0
0
0
0
0
0
4087
14
0
0
0
0
0
0
4077
3
0
0
0
0
0
0
4078
4087
0
0
0
0
0
0
4086
4078
0
0
0
0
0
0
3
4080
0
0
0
0
0
0
9
4089
0
0
0
0
0
0
8
3
0
0
0
0
0
0
1
8
0
0
0
0
0
0
4089
7
0
0
0
0
0
0
4085
0
0
0
0
0
0
0
4085
4089
0
0
0
0
0
0
4091
4087
0
0
0
0
0
0
0
4087
0
0
0
0
0
0
3
4091
0
0
0
0
0
0
2
0
0
0
0
0
0
0
4094
1
0
0
0
0
0
0
4090
0
0
0
0
0
0
0
4090
4093
0
0
0
0
0
0
4090
4091
0
0
0
0
0
0
4093
4091
0
0
0
0
0
0
4095
4092
0
0
0
0
0
0
4095
4093
0
0
0
0
0
0
4095
4095
0
0
0
0
0
0
4094
4094
0
0
0
0
0
0
4093
4093
0
0
0
0
0
0
4092
4093
0
0
0
0
0
0
4092
4092
0
0
0
0
0
0
4093
4092
0
0
0
0
0
0
4095
4092
0
0
0
0
0
0
0
0
0
0
0
0
0
0
4095
4095
0
0
0
0
0
0
0
4095
0
0
0
0
0
0
4095
0
0
0
0
0
0
0
4095
0
0
0
0
0
0
0
4095
0
0
0
0
0
0
0
4095
0
0
0
0
0
0
0
4095
0
0
0
0
0
0
0
4095
0
0
0
0
0
0
0
4095
0
0
0
0
0
0
0
4095
0
0
0
0
0
0
0
4095
0
0
0
0
0
0
0
4095
0
0
0
0
0
0
0
4095
0
0
0
0
0
0
0
4095
0
0
0
0
0
0
0
4095
0
0
0
0
0
0
0
4095
0
0
0
0
0
0
0
4095
0
0
0
0
0
0
0
4095
0
0
0
0
0
0
0
4095
0
0
0
0
0
0
0
4095
0
0
0
0
0
0
0
4095
0
0
0
0
0
0
0
4095
0
0
0
0
0
0
0
4095
0
0
0
0
0
0
0
4095
0
0
0
0
0
0
0
4095
0
0
0
0
0
0
0
4095
0
0
0
0
0
0
0
4095
0
0
0
0
0
0
0
4095
0
0
0
0
0
0
0
4095
0
0
0
0
0
0
0
4095
0
0
0
0
0
0
0
4095
0
0
0
0
0
0
0
4095
0
0
0
0
0
0
0
4095
0
0
0
0
0
0
0
4095
0
0
0
0
0
0
0
4095
0
0
0
0
0
0
0
4095
0
0
0
0
0
0
0
4095
0
0
0
0
0
0
0
4095
0
0
0
0
0
0
0
4095
0
0
0
0
0
0
0
4095
0
0
0
0
0
0
0
4095
0
0
0
0
0
0
0
4095
0
0
0
0
0
0
0
4095
0
0
0
0
0
0
0
4095
0
0
0
0
0
0
0
4095
0
0
0
0
0
0
0
4095
0
0
0
0
0
0
0
4095
0
0
0
0
0
0
0
4095
0
0
0
0
0
0
0
4095
0
0
0
0
0
0
0
4095
0
0
0
0
0
0
0
4095
0
0
0
0
0
0
0
4095
0
0
0
0
0
0
0
4095
0
0
0
0
0
0
0
4095
0
0
0
0
0
0
0
4095
0
0
0
0
0
0
0
4095
0
0
0
0
0
0
0
4095
0
0
0
0
0
0
0
4095
0
0
0
0
0
0
0
4095
0
0
0
0
0
0
0
4095
0
0
0
0
0
0
0
4095
0
0
0
0
0
0
0
4095
0
0
0
0
0
0
0
4095
0
0
0
0
0
0
0
4095
0
0
0
0
0
0
0
4095
0
0
0
0
0
0
0
4095
0
0
0
0
0
0
0
4095
0
0
0
0
0
0
0
4095
0
0
0
0
0
0
0
4095
0
0
0
0
0
0
0
4095
0
0
0
0
0
0
0
4095
0
0
0
0
0
0
0
4095
0
0
0
0
0
0
0
4095
0
0
0
0
0
0
0
4095
0
0
0
0
0
0
0
4095
0
0
0
0
0
0
0
4095
0
0
0
0
0
0
0
4095
0
0
0
0
0
0
0
4095
0
0
0
0
0
0
0
4095
0
0
0
0
0
0
0
4095
0
0
0
0
0
0
0
4095
0
0
0
0
0
0
0
4095
0
0
0
0
0
0
0
4095
0
0
0
0
0
0
0
4095
0
0
0
0
0
0
0
4095
0
0
0
0
0
0
0
4095
0
0
0
0
0
0
0
4095
0
0
0
0
0
0
0
4095
0
0
0
0
0
0
0
4095
0
0
0
0
0
0
0
4095
0
0
0
0
0
0
0
4095
0
0
0
0
0
0
0
4095
0
0
0
0
0
0
0
4095
0
0
0
0
0
0
0
4095
0
0
0
0
0
0
0
4095
0
0
0
0
0
0
0
4095
0
0
0
0
0
0
0
4095
0
0
0
0
0
0
0
4095
0
0
0
0
0
0
0
4095
0
0
0
0
0
0
0
4095
0
0
0
0
0
0
0
4095
0
0
0
0
0
0
0
4095
0
0
0
0
0
0
0
4095
0
0
0
0
0
0
0
4095
0
0
0
0
0
0
0
4095
0
0
0
0
0
0
0
4095
0
0
0
0
0
0
0
4095
0
0
0
0
0
0
0
4095
0
0
0
0
0
0
0
4095
0
0
0
0
0
0
0
4095
0
0
0
0
0
0
0
4095
0
0
0
0
0
0
0
4095
0
0
0
0
0
0
0
4095
0
0
0
0
0
0
0
4095
0
0
0
0
0
0
0
4095
0
0
0
0
0
0
0
4095
0
0
0
0
0
0
0
4095
0
0
0
0
0
0
0
4095
0
0
0
0
0
0
0
4095
0
0
0
0
0
0
0
4095
0
0
0
0
0
0
0
4095
0
0
0
0
0
0
0
4095
0
0
0
0
0
0
0
4095
0
0
0
0
0
0
0
4095
0
0
0
0
0
0
0
4095
0
0
0
0
0
0
0
4095
0
0
0
0
0
0
0
4095
0
0
0
0
0
0
0
4095
0
0
0
0
0
0
0
4095
0
0
0
0
0
0
0
4095
0
0
0
0
0
0
0
4095
0
0
0
0
0
0
0
4095
0
0
0
0
0
0
0
4095
0
0
0
0
0
0
0
4095
0
0
0
0
0
0
0
4095
0
0
0
0
0
0
0
4095
0
0
0
0
0
0
0
4095
0
0
0
0
0
0
0
4095
0
0
0
0
0
0
0
4095
0
0
0
0
0
0
0
4095
0
0
0
0
0
0
0
4095
0
0
0
0
0
0
0
4095
0
0
0
0
0
0
0
4095
0
0
0
0
0
0
0
4095
0
0
0
0
0
0
0
4095
0
0
0
0
0
0
0
4095
0
0
0
0
0
0
0
4095
0
0
0
0
0
0
0
4095
0
0
0
0
0
0
0
4095
0
0
0
0
0
0
0
4095
0
0
0
0
0
0
0
4095
0
0
0
0
0
0
0
4095
0
0
0
0
0
0
0
4095
0
0
0
0
0
0
0
4095
0
0
0
0
0
0
0
4095
0
0
0
0
0
0
0
4095
0
0
0
0
0
0
0
4095
0
0
0
0
0
0
0
4095
0
0
0
0
0
0
0
4095
0
0
0
0
0
0
0
4095
0
0
0
0
0
0
0
4095
0
0
0
0
0
0
0
4095
0
0
0
0
0
0
0
4095
0
0
0
0
0
0
0
4095
0
0
0
0
0
0
0
4095
0
0
0
0
0
0
0
4095
0
0
0
0
0
0
0
4095
0
0
0
0
0
0
0
4095
0
0
0
0
0
0
0
4095
0
0
0
0
0
0
0
4095
0
0
0
0
0
0
0
4095
0
0
0
0
0
0
0
4095
0
0
0
0
0
0
0
4095
0
0
0
0
0
0
0
4095
0
0
0
0
0
0
0
4095
0
0
0
0
0
0
0
4095
0
0
0
0
0
0
0
4095
0
0
0
0
0
0
0
4095
0
0
0
0
0
0
0
4095
0
0
0
0
0
0
0
4095
0
0
0
0
0
0
0
4095
0
0
0
0
0
0
0
4095
0
0
0
0
0
0
0
4095
0
0
0
0
0
0
0
4095
0
0
0
0
0
0
0
4095
0
0
0
0
0
0
0
4095
0
0
0
0
0
0
0
4095
0
0
0
0
0
0
0
4095
0
0
0
0
0
0
0
4095
0
0
0
0
0
0
0
4095
0
0
0
0
0
0
0
4095
0
0
0
0
0
0
0
4095
0
0
0
0
0
0
0
4095
0
0
0
0
0
0
0
4095
0
0
0
0
0
0
0
4095
0
0
0
0
0
0
0
4095
0
0
0
0
0
0
0
4095
0
0
0
0
0
0
0
4095
0
0
0
0
0
0
0
4095
0
0
0
0
0
0
0
4095
0
0
0
0
0
0
0
4095
0
0
0
0
0
0
0
4095
0
0
0
0
0
0
0
4095
0
0
0
0
0
0
0
4095
0
0
0
0
0
0
0
4095
0
0
0
0
0
0
0
4095
0
0
0
0
0
0
0
4095
0
0
0
0
0
0
0
4095
0
0
0
0
0
0
0
4095
0
0
0
0
0
0
0
4095
0
0
0
0
0
0
0
4095
0
0
0
0
0
0
0
4095
0
0
0
0
0
0
0
4095
0
0
0
0
0
0
0
4095
0
0
0
0
0
0
0
4095
0
0
0
0
0
0
0
4095
0
0
0
0
0
0
0
4095
0
0
0
0
0
0
0
4095
0
0
0
0
0
0
0
4095
0
0
0
0
0
0
0
4095
0
0
0
0
0
0
0
4095
0
0
0
0
0
0
0
4095
0
0
0
0
0
0
0
4095
0
0
0
0
0
0
0
4095
0
0
0
0
0
0
0
4095
0
0
0
0
0
0
0
4095
0
0
0
0
0
0
0
4095
0
0
0
0
0
0
0
4095
0
0
0
0
0
0
0
4095
0
0
0
0
0
0
0
4095
0
0
0
0
0
0
0
4095
0
0
0
0
0
0
0
4095
0
0
0
0
0
0
0
4095
0
0
0
0
0
0
0
4095
0
0
0
0
0
0
0
4095
0
0
0
0
0
0
0
4095
0
0
0
0
0
0
0
4095
0
0
0
0
0
0
0
4095
0
0
0
0
0
0
0
4095
0
0
0
0
0
0
0
4095
0
0
0
0
0
0
0
4095
0
0
0
0
0
0
0
4095
0
0
0
0
0
0
0
4095
0
0
0
0
0
0
0
4095
0
0
0
0
0
0
0
4095
0
0
0
0
0
0
0
4095
0
0
0
0
0
0
0
4095
0
0
0
0
0
0
0
4095
0
0
0
0
0
0
0
4095
0
0
0
0
0
0
0
4095
0
0
0
0
0
0
0
4095
0
0
0
0
0
0
0
4095
0
0
0
0
0
0
0
4095
0
0
0
0
0
0
0
4095
0
0
0
0
0
0
0
4095
0
0
0
0
0
0
0
4095
0
0
0
0
0
0
0
4095
0
0
0
0
0
0
0
4095
0
0
0
0
0
0
0
4095
0
0
0
0
0
0
0
4095
0
0
0
0
0
0
0
4095
0
0
0
0
0
0
0
4095
0
0
0
0
0
0
0
4095
0
0
0
0
0
0
0
4095
0
0
0
0
0
0
0
4095
0
0
0
0
0
0
0
4095
0
0
0
0
0
0
0
4095
0
0
0
0
0
0
0
4095
0
0
0
0
0
0
0
4095
0
0
0
0
0
0
0
4095
0
0
0
0
0
0
0
4095
0
0
0
0
0
0
0
4095
0
0
0
0
0
0
0
4095
0
0
0
0
0
0
0
4095
0
0
0
0
0
0
0
4095
0
0
0
0
0
0
0
4095
0
0
0
0
0
0
0
4095
0
0
0
0
0
0
0
4095
0
0
0
0
0
0
0
4095
0
0
0
0
0
0
0
4095
0
0
0
0
0
0
0
4095
0
0
0
0
0
0
0
4095
0
0
0
0
0
0
0
4095
0
0
0
0
0
0
0
4095
0
0
0
0
0
0
0
4095
0
0
0
0
0
0
0
4095
0
0
0
0
0
0
0
4095
0
0
0
0
0
0
0
4095
0
0
0
0
0
0
0
4095
0
0
0
0
0
0
0
4095
0
0
0
0
0
0
0
4095
0
0
0
0
0
0
0
4095
0
0
0
0
0
0
0
4095
0
0
0
0
0
0
0
4095
0
0
0
0
0
0
0
4095
0
0
0
0
0
0
0
4095
0
0
0
0
0
0
0
4095
0
0
0
0
0
0
0
4095
0
0
0
0
0
0
0
4095
0
0
0
0
0
0
0
4095
0
0
0
0
0
0
0
4095
0
0
0
0
0
0
0
4095
0
0
0
0
0
0
0
4095
0
0
0
0
0
0
0
4095
0
0
0
0
0
0
0
4095
0
0
0
0
0
0
0
4095
0
0
0
0
0
0
0
4095
0
0
0
0
0
0
0
4095
0
0
0
0
0
0
0
4095
0
0
0
0
0
0
0
4095
0
0
0
0
0
0
0
4095
0
0
0
0
0
0
0
4095
0
0
0
0
0
0
0
4095
0
0
0
0
0
0
0
4095
0
0
0
0
0
0
0
4095
0
0
0
0
0
0
0
4095
0
0
0
0
0
0
0
4095
0
0
0
0
0
0
0
4095
0
0
0
0
0
0
0
4095
0
0
0
0
0
0
0
4095
0
0
0
0
0
0
0
4095
0
0
0
0
0
0
0
4095
0
0
0
0
0
0
0
4095
0
0
0
0
0
0
0
4095
0
0
0
0
0
0
0
4095
0
0
0
0
0
0
0
4095
0
0
0
0
0
0
0
4095
0
0
0
0
0
0
0
4095
0
0
0
0
0
0
0
4095
0
0
0
0
0
0
0
4095
0
0
0
0
0
0
0
4095
0
0
0
0
0
0
0
4095
0
0
0
0
0
0
0
4095
0
0
0
0
0
0
0
4095
0
0
0
0
0
0
0
4095
0
0
0
0
0
0
0
4095
0
0
0
0
0
0
0
4095
0
0
0
0
0
0
0
4095
0
0
0
0
0
0
0
4095
0
0
0
0
0
0
0
4095
0
0
0
0
0
0
0
4095
0
0
0
0
0
0
0
4095
0
0
0
0
0
0
0
4095
0
0
0
0
0
0
0
4095
0
0
0
0
0
0
0
4095
0
0
0
0
0
0
0
4095
0
0
0
0
0
0
0
4095
0
0
0
0
0
0
0
4095
0
0
0
0
0
0
0
4095
0
0
0
0
0
0
0
4095
0
0
0
0
0
0
0
4095
0
0
0
0
0
0
0
4095
0
0
0
0
0
0
0
4095
0
0
0
0
0
0
0
4095
0
0
0
0
0
0
0
4095
0
0
0
0
0
0
0
4095
0
0
0
0
0
0
0
4095
0
0
0
0
0
0
0
4095
0
0
0
0
0
0
0
4095
0
0
0
0
0
0
0
4095
0
0
0
0
0
0
0
4095
0
0
0
0
0
0
0
4095
0
0
0
0
0
0
0
4095
0
0
0
0
0
0
0
4095
0
0
0
0
0
0
0
4095
0
0
0
0
0
0
0
4095
0
0
0
0
0
0
0
4095
0
0
0
0
0
0
0
4095
0
0
0
0
0
0
0
4095
0
0
0
0
0
0
0
4095
0
0
0
0
0
0
0
4095
0
0
0
0
0
0
0
4095
0
0
0
0
0
0
0
4095
0
0
0
0
0
0
0
4095
0
0
0
0
0
0
0
4095
0
0
0
0
0
0
0
4095
0
0
0
0
0
0
0
4095
0
0
0
0
0
0
0
4095
0
0
0
0
0
0
0
4095
0
0
0
0
0
0
0
4095
0
0
0
0
0
0
0
4095
0
0
0
0
0
0
0
4095
0
0
0
0
0
0
0
4095
0
0
0
0
0
0
0
4095
0
0
0
0
0
0
0
4095
0
0
0
0
0
0
0
4095
0
0
0
0
0
0
0
4095
0
0
0
0
0
0
0
4095
0
0
0
0
0
0
0
4095
0
0
0
0
0
0
0
4095
0
0
0
0
0
0
0
4095
0
0
0
0
0
0
0
4095
0
0
0
0
0
0
0
4095
0
0
0
0
0
0
0
4095
0
0
0
0
0
0
0
4095
0
0
0
0
0
0
0
4095
0
0
0
0
0
0
0
4095
0
0
0
0
0
0
0
4095
0
0
0
0
0
0
0
4095
0
0
0
0
0
0
0
4095
0
0
0
0
0
0
0
4095
0
0
0
0
0
0
0
4095
0
0
0
0
0
0
0
4095
0
0
0
0
0
0
0
4095
0
0
0
0
0
0
0
4095
0
0
0
0
0
0
0
4095
0
0
0
0
0
0
0
4095
0
0
0
0
0
0
0
4095
0
0
0
0
0
0
0
4095
0
0
0
0
0
0
0
4095
0
0
0
0
0
0
0
4095
0
0
0
0
0
0
0
4095
0
0
0
0
0
0
0
4095
0
0
0
0
0
0
0
4095
0
0
0
0
0
0
0
4095
0
0
0
0
0
0
0
4095
0
0
0
0
0
0
0
4095
0
0
0
0
0
0
0
4095
0
0
0
0
0
0
0
4095
0
0
0
0
0
0
0
4095
0
0
0
0
0
0
0
4095
0
0
0
0
0
0
0
4095
0
0
0
0
0
0
0
4095
0
0
0
0
0
0
0
4095
0
0
0
0
0
0
0
4095
0
0
0
0
0
0
0
4095
0
0
0
0
0
0
0
4095
0
0
0
0
0
0
0
4095
0
0
0
0
0
0
0
4095
0
0
0
0
0
0
0
4095
0
0
0
0
0
0
0
4095
0
0
0
0
0
0
0
4095
0
0
0
0
0
0
0
4095
0
0
0
0
0
0
0
4095
0
0
0
0
0
0
0
4095
0
0
0
0
0
0
0
4095
0
0
0
0
0
0
0
4095
0
0
0
0
0
0
0
4095
0
0
0
0
0
0
0
4095
0
0
0
0
0
0
0
4095
0
0
0
0
0
0
0
4095
0
0
0
0
0
0
0
4095
0
0
0
0
0
0
0
4095
0
0
0
0
0
0
0
4095
0
0
0
0
0
0
0
4095
0
0
0
0
0
0
0
4095
0
0
0
0
0
0
0
4095
0
0
0
0
0
0
0
4095
0
0
0
0
0
0
0
4095
0
0
0
0
0
0
0
4095
0
0
0
0
0
0
0
4095
0
0
0
0
0
0
0
4095
0
0
0
0
0
0
0
4095
0
0
0
0
0
0
0
4095
0
0
0
0
0
0
0
4095
0
0
0
0
0
0
0
4095
0
0
0
0
0
0
0
4095
0
0
0
0
0
0
0
4095
0
0
0
0
0
0
0
4095
0
0
0
0
0
0
0
4095
0
0
0
0
0
0
0
4095
0
0
0
0
0
0
0
4095
0
0
0
0
0
0
0
4095
0
0
0
0
0
0
0
4095
0
0
0
0
0
0
0
4095
0
0
0
0
0
0
0
4095
0
0
0
0
0
0
0
4095
0
0
0
0
0
0
0
4095
0
0
0
0
0
0
0
4095
0
0
0
0
0
0
0
4095
0
0
0
0
0
0
0
4095
0
0
0
0
0
0
0
4095
0
0
0
0
0
0
0
4095
0
0
0
0
0
0
0
4095
0
0
0
0
0
0
0
4095
0
0
0
0
0
0
0
4095
0
0
0
0
0
0
0
4095
0
0
0
0
0
0
0
4095
0
0
0
0
0
0
0
4095
0
0
0
0
0
0
0
4095
0
0
0
0
0
0
0
4095
0
0
0
0
0
0
0
4095
0
0
0
0
0
0
0
4095
0
0
0
0
0
0
0
4095
0
0
0
0
0
0
0
4095
0
0
0
0
0
0
0
4095
0
0
0
0
0
0
0
4095
0
0
0
0
0
0
0
4095
0
0
0
0
0
0
0
4095
0
0
0
0
0
0
0
4095
0
0
0
0
0
0
0
4095
0
0
0
0
0
0
0
4095
0
0
0
0
0
0
0
4095
0
0
0
0
0
0
0
4095
0
0
0
0
0
0
0
4095
0
0
0
0
0
0
0
4095
0
0
0
0
0
0
0
4095
0
0
0
0
0
0
0
4095
0
0
0
0
0
0
0
4095
0
0
0
0
0
0
0
4095
0
0
0
0
0
0
0
4095
0
0
0
0
0
0
0
4095
0
0
0
0
0
0
0
4095
0
0
0
0
0
0
0
4095
0
0
0
0
0
0
0
4095
0
0
0
0
0
0
0
4095
0
0
0
0
0
0
0
4095
0
0
0
0
0
0
0
4095
0
0
0
0
0
0
0
4095
0
0
0
0
0
0
0
4095
0
0
0
0
0
0
0
4095
0
0
0
0
0
0
0
4095
0
0
0
0
0
0
0
4095
0
0
0
0
0
0
0
4095
0
0
0
0
0
0
0
4095
0
0
0
0
0
0
0
4095
0
0
0
0
0
0
0
4095
0
0
0
0
0
0
0
4095
0
0
0
0
0
0
0
4095
0
0
0
0
0
0
0
4095
0
0
0
0
0
0
0
4095
0
0
0
0
0
0
0
4095
0
0
0
0
0
0
0
4095
0
0
0
0
0
0
0
4095
0
0
0
0
0
0
0
4095
0
0
0
0
0
0
0
4095
0
0
0
0
0
0
0
4095
0
0
0
0
0
0
0
4095
0
0
0
0
0
0
0
4095
0
0
0
0
0
0
0
4095
0
0
0
0
0
0
0
4095
0
0
0
0
0
0
0
4095
0
0
0
0
0
0
0
4095
0
0
0
0
0
0
0
4095
0
0
0
0
0
0
0
4095
0
0
0
0
0
0
0
4095
0
0
0
0
0
0
0
4095
0
0
0
0
0
0
0
4095
0
0
0
0
0
0
0
4095
0
0
0
0
0
0
0
4095
0
0
0
0
0
0
0
4095
0
0
0
0
0
0
0
4095
0
0
0
0
0
0
0
4095
0
0
0
0
0
0
0
4095
0
0
0
0
0
0
0
4095
0
0
0
0
0
0
0
4095
0
0
0
0
0
0
0
4095
0
0
0
0
0
0
0
4095
0
0
0
0
0
0
0
4095
0
0
0
0
0
0
0
4095
0
0
0
0
0
0
0
4095
0
0
0
0
0
0
0
4095
0
0
0
0
0
0
0
4095
0
0
0
0
0
0
0
4095
0
0
0
0
0
0
0
4095
0
0
0
0
0
0
0
4095
0
0
0
0
0
0
0
4095
0
0
0
0
0
0
0
4095
0
0
0
0
0
0
0
4095
0
0
0
0
0
0
0
4095
0
0
0
0
0
0
0
4095
0
0
0
0
0
0
0
4095
0
0
0
0
0
0
0
4095
0
0
0
0
0
0
0
4095
0
0
0
0
0
0
0
4095
0
0
0
0
0
0
0
4095
0
0
0
0
0
0
0
4095
0
0
0
0
0
0
0
4095
0
0
0
0
0
0
0
4095
0
0
0
0
0
0
0
4095
0
0
0
0
0
0
0
4095
0
0
0
0
0
0
0
4095
0
0
0
0
0
0
0
4095
0
0
0
0
0
0
0
4095
0
0
0
0
0
0
0
4095
0
0
0
0
0
0
0
4095
0
0
0
0
0
0
0
4095
0
0
0
0
0
0
0
4095
0
0
0
0
0
0
0
4095
0
0
0
0
0
0
0
4095
0
0
0
0
0
0
0
4095
0
0
0
0
0
0
0
4095
0
0
0
0
0
0
0
4095
0
0
0
0
0
0
0
4095
0
0
0
0
0
0
0
4095
0
0
0
0
0
0
0
4095
0
0
0
0
0
0
0
4095
0
0
0
0
0
0
0
4095
0
0
0
0
0
0
0
4095
0
0
0
0
0
0
0
4095
0
0
0
0
0
0
0
4095
0
0
0
0
0
0
0
4095
0
0
0
0
0
0
0
4095
0
0
0
0
0
0
0
4095
0
0
0
0
0
0
0
4095
0
0
0
0
0
0
0
4095
0
0
0
0
0
0
0
4095
0
0
0
0
0
0
0
4095
0
0
0
0
0
0
0
4095
0
0
0
0
0
0
0
4095
0
0
0
0
0
0
0
4095
0
0
0
0
0
0
0
4095
0
0
0
0
0
0
0
4095
0
0
0
0
0
0
0
4095
0
0
0
0
0
0
0
4095
0
0
0
0
0
0
0
4095
0
0
0
0
0
0
0
4095
0
0
0
0
0
0
0
4095
0
0
0
0
0
0
0
4095
0
0
0
0
0
0
0
4095
0
0
0
0
0
0
0
4095
0
0
0
0
0
0
0
4095
0
0
0
0
0
0
0
4095
0
0
0
0
0
0
0
4095
0
0
0
0
0
0
0
4095
0
0
0
0
0
0
0
4095
0
0
0
0
0
0
0
4095
0
0
0
0
0
0
0
4095
0
0
0
0
0
0
0
4095
0
0
0
0
0
0
0
4095
0
0
0
0
0
0
0
4095
0
0
0
0
0
0
0
4095
0
0
0
0
0
0
0
4095
0
0
0
0
0
0
0
4095
0
0
0
0
0
0
0
4095
0
0
0
0
0
0
0
4095
0
0
0
0
0
0
0
4095
0
0
0
0
0
0
0
4095
0
0
0
0
0
0
0
4095
0
0
0
0
0
0
0
4095
0
0
0
0
0
0
0
4095
0
0
0
0
0
0
0
4095
0
0
0
0
0
0
0
4095
0
0
0
0
0
0
0
4095
0
0
0
0
0
0
0
4095
0
0
0
0
0
0
0
4095
0
0
0
0
0
0
0
4095
0
0
0
0
0
0
0
4095
0
0
0
0
0
0
0
4095
0
0
0
0
0
0
0
4095
0
0
0
0
0
0
0
4095
0
0
0
0
0
0
0
4095
0
0
0
0
0
0
0
4095
0
0
0
0
0
0
0
4095
0
0
0
0
0
0
0
4095
0
0
0
0
0
0
0
4095
0
0
0
0
0
0
0
4095
0
0
0
0
0
0
0
4095
0
0
0
0
0
0
0
4095
0
0
0
0
0
0
0
4095
0
0
0
0
0
0
0
4095
0
0
0
0
0
0
0
4095
0
0
0
0
0
0
0
4095
0
0
0
0
0
0
0
4095
0
0
0
0
0
0
0
4095
0
0
0
0
0
0
0
4095
0
0
0
0
0
0
0
4095
0
0
0
0
0
0
0
4095
0
0
0
0
0
0
0
4095
0
0
0
0
0
0
0
4095
0
0
0
0
0
0
0
4095
0
0
0
0
0
0
0
4095
0
0
0
0
0
0
0
4095
0
0
0
0
0
0
0
4095
0
0
0
0
0
0
0
4095
0
0
0
0
0
0
0
4095
0
0
0
0
0
0
0
4095
0
0
0
0
0
0
0
4095
0
0
0
0
0
0
0
4095
0
0
0
0
0
0
0
4095
0
0
0
0
0
0
0
4095
0
0
0
0
0
0
0
4095
0
0
0
0
0
0
0
4095
0
0
0
0
0
0
0
4095
0
0
0
0
0
0
0
4095
0
0
0
0
0
0
0
4095
0
0
0
0
0
0
0
4095
0
0
0
0
0
0
0
4095
0
0
0
0
0
0
0
4095
0
0
0
0
0
0
0
4095
0
0
0
0
0
0
0
4095
0
0
0
0
0
0
0
4095
0
0
0
0
0
0
0
4095
0
0
0
0
0
0
0
4095
0
0
0
0
0
0
0
4095
0
0
0
0
0
0
0
4095
0
0
0
0
0
0
0
4095
0
0
0
0
0
0
0
4095
0
0
0
0
0
0
0
4095
0
0
0
0
0
0
0
4095
0
0
0
0
0
0
0
4095
0
0
0
0
0
0
0
4095
0
0
0
0
0
0
0
4095
0
0
0
0
0
0
0
4095
0
0
0
0
0
0
0
4095
0
0
0
0
0
0
0
4095
0
0
0
0
0
0
0
4095
0
0
0
0
0
0
0
4095
0
0
0
0
0
0
0
4095
0
0
0
0
0
0
0
4095
0
0
0
0
0
0
0
4095
0
0
0
0
0
0
0
4095
0
0
0
0
0
0
0
4095
0
0
0
0
0
0
0
4095
0
0
0
0
0
0
0
4095
0
0
0
0
0
0
0
4095
0
0
0
0
0
0
0
4095
0
0
0
0
0
0
0
4095
0
0
0
0
0
0
0
4095
0
0
0
0
0
0
0
4095
0
0
0
0
0
0
0
4095
0
0
0
0
0
0
0
4095
0
0
0
0
0
0
0
4095
0
0
0
0
0
0
0
4095
0
0
0
0
0
0
0
4095
0
0
0
0
0
0
0
4095
0
0
0
0
0
0
0
4095
0
0
0
0
0
0
0
4095
0
0
0
0
0
0
0
4095
0
0
0
0
0
0
0
4095
0
0
0
0
0
0
0
4095
0
0
0
0
0
0
0
4095
0
0
0
0
0
0
0
4095
0
0
0
0
0
0
0
4095
0
0
0
0
0
0
0
4095
0
0
0
0
0
0
0
4095
0
0
0
0
0
0
0
4095
0
0
0
0
0
0
0
4095
0
0
0
0
0
0
0
4095
0
0
0
0
0
0
0
4095
0
0
0
0
0
0
0
4095
0
0
0
0
0
0
0
4095
0
0
0
0
0
0
0
4095
0
0
0
0
0
0
0
4095
0
0
0
0
0
0
0
4095
0
0
0
0
0
0
0
4095
0
0
0
0
0
0
0
4095
0
0
0
0
0
0
0
4095
0
0
0
0
0
0
0
4095
0
0
0
0
0
0
0
4095
0
0
0
0
0
0
0
4095
0
0
0
0
0
0
0
4095
0
0
0
0
0
0
0
4095
0
0
0
0
0
0
0
4095
0
0
0
0
0
0
0
4095
0
0
0
0
0
0
0
4095
0
0
0
0
0
0
0
4095
0
0
0
0
0
0
0
4095
0
0
0
0
0
0
0
4095
0
0
0
0
0
0
0
4095
0
0
0
0
0
0
0
4095
0
0
0
0
0
0
0
4095
0
0
0
0
0
0
0
4095
0
0
0
0
0
0
0
4095
0
0
0
0
0
0
0
4095
0
0
0
0
0
0
0
4095
0
0
0
0
0
0
0
4095
0
0
0
0
0
0
0
4095
0
0
0
0
0
0
0
4095
0
0
0
0
0
0
0
4095
0
0
0
0
0
0
0
4095
0
0
0
0
0
0
0
4095
0
0
0
0
0
0
0
4095
0
0
0
0
0
0
0
4095
0
0
0
0
0
0
0
4095
0
0
0
0
0
0
0
4095
0
0
0
0
0
0
0
4095
0
0
0
0
0
0
0
4095
0
0
0
0
0
0
0
4095
0
0
0
0
0
0
0
4095
0
0
0
0
0
0
0
4095
0
0
0
0
0
0
0
4095
0
0
0
0
0
0
0
4095
0
0
0
0
0
0
0
4095
0
0
0
0
0
0
0
4095
0
0
0
0
0
0
0
4095
0
0
0
0
0
0
0
4095
0
0
0
0
0
0
0
4095
0
0
0
0
0
0
0
4095
0
0
0
0
0
0
0
4095
0
0
0
0
0
0
0
4095
0
0
0
0
0
0
0
4095
0
0
0
0
0
0
0
4095
0
0
0
0
0
0
0
4095
0
0
0
0
0
0
0
4095
0
0
0
0
0
0
0
4095
0
0
0
0
0
0
0
4095
0
0
0
0
0
0
0
4095
0
0
0
0
0
0
0
4095
0
0
0
0
0
0
0
4095
0
0
0
0
0
0
0
4095
0
0
0
0
0
0
0
4095
0
0
0
0
0
0
0
4095
0
0
0
0
0
0
0
4095
0
0
0
0
0
0
0
4095
0
0
0
0
0
0
0
4095
0
0
0
0
0
0
0
4095
0
0
0
0
0
0
0
4095
0
0
0
0
0
0
0
4095
0
0
0
0
0
0
0
4095
0
0
0
0
0
0
0
4095
0
0
0
0
0
0
0
4095
0
0
0
0
0
0
0
4095
0
0
0
0
0
0
0
4095
0
0
0
0
0
0
0
4095
0
0
0
0
0
0
0
4095
0
0
0
0
0
0
0
4095
0
0
0
0
0
0
0
4095
0
0
0
0
0
0
0
4095
0
0
0
0
0
0
0
4095
0
0
0
0
0
0
0
4095
0
0
0
0
0
0
0
4095
0
0
0
0
0
0
0
4095
0
0
0
0
0
0
0
4095
0
0
0
0
0
0
0
4095
0
0
0
0
0
0
0
4095
0
0
0
0
0
0
0
4095
0
0
0
0
0
0
0
4095
0
0
0
0
0
0
0
4095
0
0
0
0
0
0
0
4095
0
0
0
0
0
0
0
4095
0
0
0
0
0
0
0
4095
0
0
0
0
0
0
0
4095
0
0
0
0
0
0
0
4095
0
0
0
0
0
0
0
4095
0
0
0
0
0
0
0
4095
0
0
0
0
0
0
0
4095
0
0
0
0
0
0
0
4095
0
0
0
0
0
0
0
4095
0
0
0
0
0
0
0
4095
0
0
0
0
0
0
0
4095
0
0
0
0
0
0
0
4095
0
0
0
0
0
0
0
4095
0
0
0
0
0
0
0
4095
0
0
0
0
0
0
0
4095
0
0
0
0
0
0
0
4095
0
0
0
0
0
0
0
4095
0
0
0
0
0
0
0
4095
0
0
0
0
0
0
0
4095
0
0
0
0
0
0
0
4095
0
0
0
0
0
0
0
4095
0
0
0
0
0
0
0
4095
0
0
0
0
0
0
0
4095
0
0
0
0
0
0
0
4095
0
0
0
0
0
0
0
4095
0
0
0
0
0
0
0
4095
0
0
0
0
0
0
0
4095
0
0
0
0
0
0
0
4095
0
0
0
0
0
0
0
4095
0
0
0
0
0
0
0
4095
0
0
0
0
0
0
0
4095
0
0
0
0
0
0
0
4095
0
0
0
0
0
0
0
4095
0
0
0
0
0
0
0
4095
0
0
0
0
0
0
0
4095
0
0
0
0
0
0
0
4095
0
0
0
0
0
0
0
4095
0
0
0
0
0
0
0
4095
0
0
0
0
0
0
0
4095
0
0
0
0
0
0
0
4095
0
0
0
0
0
0
0
4095
0
0
0
0
0
0
0
4095
0
0
0
0
0
0
0
4095
0
0
0
0
0
0
0
4095
0
0
0
0
0
0
0
4095
0
0
0
0
0
0
0
4095
0
0
0
0
0
0
0
4095
0
0
0
0
0
0
0
4095
0
0
0
0
0
0
0
4095
0
0
0
0
0
0
0
4095
0
0
0
0
0
0
0
4095
0
0
0
0
0
0
0
4095
0
0
0
0
0
0
0
4095
0
0
0
0
0
0
0
4095
0
0
0
0
0
0
0
4095
0
0
0
0
0
0
0
4095
0
0
0
0
0
0
0
4095
0
0
0
0
0
0
0
4095
0
0
0
0
0
0
0
4095
0
0
0
0
0
0
0
4095
0
0
0
0
0
0
0
4095
0
0
0
0
0
0
0
4095
0
0
0
0
0
0
0
4095
0
0
0
0
0
0
0
4095
0
0
0
0
0
0
0
4095
0
0
0
0
0
0
0
4095
0
0
0
0
0
0
0
4095
0
0
0
0
0
0
0
4095
0
0
0
0
0
0
0
4095
0
0
0
0
0
0
0
4095
0
0
0
0
0
0
0
4095
0
0
0
0
0
0
0
4095
0
0
0
0
0
0
0
4095
0
0
0
0
0
0
0
4095
0
0
0
0
0
0
0
4095
0
0
0
0
0
0
0
4095
0
0
0
0
0
0
0
4095
0
0
0
0
0
0
0
4095
0
0
0
0
0
0
0
4095
0
0
0
0
0
0
0
4095
0
0
0
0
0
0
0
4095
0
0
0
0
0
0
0
4095
0
0
0
0
0
0
0
4095
0
0
0
0
0
0
0
4095
0
0
0
0
0
0
0
4095
0
0
0
0
0
0
0
4095
0
0
0
0
0
0
0
4095
0
0
0
0
0
0
0
4095
0
0
0
0
0
0
0
4095
0
0
0
0
0
0
0
4095
0
0
0
0
0
0
0
4095
0
0
0
0
0
0
0
4095
0
0
0
0
0
0
0
4095
0
0
0
0
0
0
0
4095
0
0
0
0
0
0
0
4095
0
0
0
0
0
0
0
4095
0
0
0
0
0
0
0
4095
0
0
0
0
0
0
0
4095
0
0
0
0
0
0
0
4095
0
0
0
0
0
0
0
4095
0
0
0
0
0
0
0
4095
0
0
0
0
0
0
0
4095
0
0
0
0
0
0
0
4095
0
0
0
0
0
0
0
4095
0
0
0
0
0
0
0
4095
0
0
0
0
0
0
0
4095
0
0
0
0
0
0
0
4095
0
0
0
0
0
0
0
4095
0
0
0
0
0
0
0
4095
0
0
0
0
0
0
0
4095
0
0
0
0
0
0
0
4095
0
0
0
0
0
0
0
4095
0
0
0
0
0
0
0
4095
0
0
0
0
0
0
0
4095
0
0
0
0
0
0
0
4095
0
0
0
0
0
0
0
4095
0
0
0
0
0
0
0
4095
0
0
0
0
0
0
0
4095
0
0
0
0
0
0
0
4095
0
0
0
0
0
0
0
4095
0
0
0
0
0
0
0
4095
0
0
0
0
0
0
0
4095
0
0
0
0
0
0
0
4095
0
0
0
0
0
0
0
4095
0
0
0
0
0
0
0
4095
0
0
0
0
0
0
0
4095
0
0
0
0
0
0
0
4095
0
0
0
0
0
0
0
4095
0
0
0
0
0
0
0
4095
0
0
0
0
0
0
0
4095
0
0
0
0
0
0
0
4095
0
0
0
0
0
0
0
4095
0
0
0
0
0
0
0
4095
0
0
0
0
0
0
0
4095
0
0
0
0
0
0
0
4095
0
0
0
0
0
0
0
4095
0
0
0
0
0
0
0
4095
0
0
0
0
0
0
0
4095
0
0
0
0
0
0
0
4095
0
0
0
0
0
0
0
4095
0
0
0
0
0
0
0
4095
0
0
0
0
0
0
0
4095
0
0
0
0
0
0
0
4095
0
0
0
0
0
0
0
4095
0
0
0
0
0
0
0
4095
0
0
0
0
0
0
0
4095
0
0
0
0
0
0
0
4095
0
0
0
0
0
0
0
4095
0
0
0
0
0
0
0
4095
0
0
0
0
0
0
0
4095
0
0
0
0
0
0
0
4095
0
0
0
0
0
0
0
4095
0
0
0
0
0
0
0
4095
0
0
0
0
0
0
0
4095
0
0
0
0
0
0
0
4095
0
0
0
0
0
0
0
4095
0
0
0
0
0
0
0
4095
0
0
0
0
0
0
0
4095
0
0
0
0
0
0
0
4095
0
0
0
0
0
0
0
4095
0
0
0
0
0
0
0
4095
0
0
0
0
0
0
0
