4095
0
0
0
0
0
0
0
4095
4095
0
0
0
0
0
0
4095
0
0
0
0
0
0
0
4095
4095
0
0
0
0
0
0
4095
0
0
0
0
0
0
0
4095
4095
0
0
0
0
0
0
4095
0
0
0
0
0
0
0
4095
4095
0
0
0
0
0
0
4095
0
0
0
0
0
0
0
4095
4095
0
0
0
0
0
0
4095
0
0
0
0
0
0
0
4095
4095
0
0
0
0
0
0
4095
0
0
0
0
0
0
0
4095
4095
0
0
0
0
0
0
4095
0
0
0
0
0
0
0
4095
4095
0
0
0
0
0
0
4095
0
0
0
0
0
0
0
4095
4095
0
0
0
0
0
0
4095
0
0
0
0
0
0
0
4095
4095
0
0
0
0
0
0
4095
0
0
0
0
0
0
0
4095
4095
0
0
0
0
0
0
4095
0
0
0
0
0
0
0
4093
4092
0
0
0
0
0
0
4094
4094
0
0
0
0
0
0
4093
4095
0
0
0
0
0
0
4093
4092
0
0
0
0
0
0
4094
4094
0
0
0
0
0
0
4093
4095
0
0
0
0
0
0
4093
4092
0
0
0
0
0
0
4095
4093
0
0
0
0
0
0
4094
4093
0
0
0
0
0
0
4094
4094
0
0
0
0
0
0
4094
4093
0
0
0
0
0
0
4094
4094
0
0
0
0
0
0
4095
4095
0
0
0
0
0
0
4093
4093
0
0
0
0
0
0
4095
4094
0
0
0
0
0
0
4094
4095
0
0
0
0
0
0
4093
4093
0
0
0
0
0
0
4095
4092
0
0
0
0
0
0
4094
4094
0
0
0
0
0
0
4092
4093
0
0
0
0
0
0
4094
4091
0
0
0
0
0
0
4094
4094
0
0
0
0
0
0
4091
4094
0
0
0
0
0
0
4094
4091
0
0
0
0
0
0
0
0
0
0
0
0
0
0
4091
4095
0
0
0
0
0
0
4094
4091
0
0
0
0
0
0
0
4095
0
0
0
0
0
0
4091
4095
0
0
0
0
0
0
4094
4090
0
0
0
0
0
0
2
0
0
0
0
0
0
0
4091
4095
0
0
0
0
0
0
4093
4089
0
0
0
0
0
0
2
4095
0
0
0
0
0
0
4090
0
0
0
0
0
0
0
4092
4089
0
0
0
0
0
0
2
4094
0
0
0
0
0
0
4091
1
0
0
0
0
0
0
4090
4088
0
0
0
0
0
0
4
0
0
0
0
0
0
0
4092
3
0
0
0
0
0
0
4089
4087
0
0
0
0
0
0
5
4094
0
0
0
0
0
0
4091
4
0
0
0
0
0
0
4088
4088
0
0
0
0
0
0
4
4092
0
0
0
0
0
0
4093
5
0
0
0
0
0
0
4087
4088
0
0
0
0
0
0
6
4093
0
0
0
0
0
0
4094
6
0
0
0
0
0
0
4085
4087
0
0
0
0
0
0
5
4090
0
0
0
0
0
0
0
7
0
0
0
0
0
0
4083
4086
0
0
0
0
0
0
6
4089
0
0
0
0
0
0
2
10
0
0
0
0
0
0
4082
4087
0
0
0
0
0
0
5
4087
0
0
0
0
0
0
3
11
0
0
0
0
0
0
4080
4089
0
0
0
0
0
0
4
4084
0
0
0
0
0
0
5
12
0
0
0
0
0
0
4080
4091
0
0
0
0
0
0
4
4083
0
0
0
0
0
0
7
12
0
0
0
0
0
0
4079
4092
0
0
0
0
0
0
2
4080
0
0
0
0
0
0
10
12
0
0
0
0
0
0
4076
4093
0
0
0
0
0
0
1
4078
0
0
0
0
0
0
12
12
0
0
0
0
0
0
4076
0
0
0
0
0
0
0
4094
4075
0
0
0
0
0
0
15
11
0
0
0
0
0
0
4076
2
0
0
0
0
0
0
4092
4074
0
0
0
0
0
0
17
10
0
0
0
0
0
0
4077
6
0
0
0
0
0
0
4088
4071
0
0
0
0
0
0
20
9
0
0
0
0
0
0
4077
8
0
0
0
0
0
0
4085
4070
0
0
0
0
0
0
23
8
0
0
0
0
0
0
4080
13
0
0
0
0
0
0
4082
4068
0
0
0
0
0
0
25
6
0
0
0
0
0
0
4081
17
0
0
0
0
0
0
4077
4067
0
0
0
0
0
0
26
2
0
0
0
0
0
0
4083
19
0
0
0
0
0
0
4074
4067
0
0
0
0
0
0
28
0
0
0
0
0
0
0
4087
24
0
0
0
0
0
0
4070
4068
0
0
0
0
0
0
27
4090
0
0
0
0
0
0
4091
27
0
0
0
0
0
0
4065
4067
0
0
0
0
0
0
29
4087
0
0
0
0
0
0
4095
31
0
0
0
0
0
0
4061
4069
0
0
0
0
0
0
27
4082
0
0
0
0
0
0
3
34
0
0
0
0
0
0
4057
4072
0
0
0
0
0
0
26
4077
0
0
0
0
0
0
8
36
0
0
0
0
0
0
4055
4075
0
0
0
0
0
0
23
4072
0
0
0
0
0
0
14
38
0
0
0
0
0
0
4052
4078
0
0
0
0
0
0
20
4065
0
0
0
0
0
0
20
40
0
0
0
0
0
0
4049
4082
0
0
0
0
0
0
16
4060
0
0
0
0
0
0
27
40
0
0
0
0
0
0
4048
4088
0
0
0
0
0
0
11
4055
0
0
0
0
0
0
32
40
0
0
0
0
0
0
4047
4094
0
0
0
0
0
0
6
4050
0
0
0
0
0
0
38
38
0
0
0
0
0
0
4046
3
0
0
0
0
0
0
0
4045
0
0
0
0
0
0
43
36
0
0
0
0
0
0
4047
10
0
0
0
0
0
0
4089
4041
0
0
0
0
0
0
49
32
0
0
0
0
0
0
4050
17
0
0
0
0
0
0
4082
4037
0
0
0
0
0
0
54
30
0
0
0
0
0
0
4052
24
0
0
0
0
0
0
4074
4035
0
0
0
0
0
0
58
24
0
0
0
0
0
0
4057
33
0
0
0
0
0
0
4065
4032
0
0
0
0
0
0
62
18
0
0
0
0
0
0
4061
41
0
0
0
0
0
0
4057
4032
0
0
0
0
0
0
64
12
0
0
0
0
0
0
4068
48
0
0
0
0
0
0
4049
4032
0
0
0
0
0
0
65
4
0
0
0
0
0
0
4075
54
0
0
0
0
0
0
4041
4034
0
0
0
0
0
0
65
4090
0
0
0
0
0
0
4084
62
0
0
0
0
0
0
4032
4035
0
0
0
0
0
0
64
4081
0
0
0
0
0
0
4094
68
0
0
0
0
0
0
4026
4040
0
0
0
0
0
0
62
4072
0
0
0
0
0
0
5
72
0
0
0
0
0
0
4019
4044
0
0
0
0
0
0
58
4062
0
0
0
0
0
0
17
76
0
0
0
0
0
0
4013
4051
0
0
0
0
0
0
52
4051
0
0
0
0
0
0
30
80
0
0
0
0
0
0
4008
4059
0
0
0
0
0
0
45
4041
0
0
0
0
0
0
40
81
0
0
0
0
0
0
4005
4069
0
0
0
0
0
0
39
4032
0
0
0
0
0
0
51
81
0
0
0
0
0
0
4003
4078
0
0
0
0
0
0
28
4021
0
0
0
0
0
0
62
80
0
0
0
0
0
0
4002
4089
0
0
0
0
0
0
16
4012
0
0
0
0
0
0
72
76
0
0
0
0
0
0
4004
5
0
0
0
0
0
0
6
4004
0
0
0
0
0
0
82
73
0
0
0
0
0
0
4007
18
0
0
0
0
0
0
4089
3997
0
0
0
0
0
0
91
66
0
0
0
0
0
0
4010
31
0
0
0
0
0
0
4075
3992
0
0
0
0
0
0
99
58
0
0
0
0
0
0
4017
44
0
0
0
0
0
0
4062
3988
0
0
0
0
0
0
106
48
0
0
0
0
0
0
4025
58
0
0
0
0
0
0
4048
3984
0
0
0
0
0
0
111
37
0
0
0
0
0
0
4035
70
0
0
0
0
0
0
4033
3984
0
0
0
0
0
0
113
25
0
0
0
0
0
0
4046
83
0
0
0
0
0
0
4020
3985
0
0
0
0
0
0
114
11
0
0
0
0
0
0
4059
94
0
0
0
0
0
0
4007
3989
0
0
0
0
0
0
114
4092
0
0
0
0
0
0
4074
104
0
0
0
0
0
0
3995
3994
0
0
0
0
0
0
112
4077
0
0
0
0
0
0
4088
113
0
0
0
0
0
0
3983
4002
0
0
0
0
0
0
106
4061
0
0
0
0
0
0
8
120
0
0
0
0
0
0
3972
4009
0
0
0
0
0
0
99
4044
0
0
0
0
0
0
27
127
0
0
0
0
0
0
3963
4020
0
0
0
0
0
0
90
4028
0
0
0
0
0
0
44
132
0
0
0
0
0
0
3956
4034
0
0
0
0
0
0
79
4013
0
0
0
0
0
0
61
133
0
0
0
0
0
0
3952
4048
0
0
0
0
0
0
65
3998
0
0
0
0
0
0
79
132
0
0
0
0
0
0
3949
4064
0
0
0
0
0
0
51
3983
0
0
0
0
0
0
93
129
0
0
0
0
0
0
3949
4082
0
0
0
0
0
0
33
3969
0
0
0
0
0
0
110
125
0
0
0
0
0
0
3951
4
0
0
0
0
0
0
16
3957
0
0
0
0
0
0
124
115
0
0
0
0
0
0
3956
25
0
0
0
0
0
0
4091
3946
0
0
0
0
0
0
137
106
0
0
0
0
0
0
3964
43
0
0
0
0
0
0
4071
3938
0
0
0
0
0
0
150
93
0
0
0
0
0
0
3972
63
0
0
0
0
0
0
4051
3933
0
0
0
0
0
0
159
80
0
0
0
0
0
0
3985
83
0
0
0
0
0
0
4031
3931
0
0
0
0
0
0
166
63
0
0
0
0
0
0
4000
102
0
0
0
0
0
0
4009
3930
0
0
0
0
0
0
170
45
0
0
0
0
0
0
4017
118
0
0
0
0
0
0
3990
3932
0
0
0
0
0
0
171
24
0
0
0
0
0
0
4036
135
0
0
0
0
0
0
3971
3937
0
0
0
0
0
0
171
2
0
0
0
0
0
0
4058
151
0
0
0
0
0
0
3953
3945
0
0
0
0
0
0
166
4076
0
0
0
0
0
0
4079
164
0
0
0
0
0
0
3936
3955
0
0
0
0
0
0
158
4053
0
0
0
0
0
0
7
174
0
0
0
0
0
0
3922
3969
0
0
0
0
0
0
148
4031
0
0
0
0
0
0
31
182
0
0
0
0
0
0
3909
3984
0
0
0
0
0
0
134
4007
0
0
0
0
0
0
56
187
0
0
0
0
0
0
3901
4004
0
0
0
0
0
0
119
3985
0
0
0
0
0
0
80
190
0
0
0
0
0
0
3894
4024
0
0
0
0
0
0
98
3962
0
0
0
0
0
0
104
188
0
0
0
0
0
0
3891
4046
0
0
0
0
0
0
78
3943
0
0
0
0
0
0
127
184
0
0
0
0
0
0
3891
4070
0
0
0
0
0
0
55
3926
0
0
0
0
0
0
147
176
0
0
0
0
0
0
3894
4095
0
0
0
0
0
0
30
3909
0
0
0
0
0
0
168
167
0
0
0
0
0
0
3900
26
0
0
0
0
0
0
5
3896
0
0
0
0
0
0
184
151
0
0
0
0
0
0
3910
51
0
0
0
0
0
0
4073
3885
0
0
0
0
0
0
201
135
0
0
0
0
0
0
3924
79
0
0
0
0
0
0
4044
3877
0
0
0
0
0
0
213
115
0
0
0
0
0
0
3940
104
0
0
0
0
0
0
4017
3873
0
0
0
0
0
0
222
92
0
0
0
0
0
0
3962
130
0
0
0
0
0
0
3990
3873
0
0
0
0
0
0
226
68
0
0
0
0
0
0
3984
154
0
0
0
0
0
0
3961
3876
0
0
0
0
0
0
229
41
0
0
0
0
0
0
4008
175
0
0
0
0
0
0
3937
3882
0
0
0
0
0
0
227
12
0
0
0
0
0
0
4037
195
0
0
0
0
0
0
3914
3893
0
0
0
0
0
0
222
4080
0
0
0
0
0
0
4066
212
0
0
0
0
0
0
3893
3907
0
0
0
0
0
0
212
4049
0
0
0
0
0
0
0
225
0
0
0
0
0
0
3873
3923
0
0
0
0
0
0
198
4019
0
0
0
0
0
0
32
236
0
0
0
0
0
0
3858
3945
0
0
0
0
0
0
181
3991
0
0
0
0
0
0
64
243
0
0
0
0
0
0
3848
3970
0
0
0
0
0
0
160
3961
0
0
0
0
0
0
94
245
0
0
0
0
0
0
3837
3995
0
0
0
0
0
0
137
3934
0
0
0
0
0
0
123
242
0
0
0
0
0
0
3833
4023
0
0
0
0
0
0
110
3909
0
0
0
0
0
0
154
238
0
0
0
0
0
0
3834
4055
0
0
0
0
0
0
81
3885
0
0
0
0
0
0
181
229
0
0
0
0
0
0
3836
4085
0
0
0
0
0
0
49
3864
0
0
0
0
0
0
207
216
0
0
0
0
0
0
3846
22
0
0
0
0
0
0
17
3848
0
0
0
0
0
0
228
197
0
0
0
0
0
0
3860
57
0
0
0
0
0
0
4077
3835
0
0
0
0
0
0
247
176
0
0
0
0
0
0
3875
88
0
0
0
0
0
0
4044
3825
0
0
0
0
0
0
263
153
0
0
0
0
0
0
3896
121
0
0
0
0
0
0
4009
3820
0
0
0
0
0
0
274
124
0
0
0
0
0
0
3921
153
0
0
0
0
0
0
3973
3818
0
0
0
0
0
0
281
94
0
0
0
0
0
0
3950
182
0
0
0
0
0
0
3941
3822
0
0
0
0
0
0
283
61
0
0
0
0
0
0
3979
209
0
0
0
0
0
0
3910
3830
0
0
0
0
0
0
282
28
0
0
0
0
0
0
4012
233
0
0
0
0
0
0
3882
3843
0
0
0
0
0
0
275
4087
0
0
0
0
0
0
4049
253
0
0
0
0
0
0
3855
3859
0
0
0
0
0
0
264
4052
0
0
0
0
0
0
4085
270
0
0
0
0
0
0
3832
3880
0
0
0
0
0
0
247
4015
0
0
0
0
0
0
27
282
0
0
0
0
0
0
3813
3904
0
0
0
0
0
0
226
3980
0
0
0
0
0
0
64
291
0
0
0
0
0
0
3798
3933
0
0
0
0
0
0
203
3946
0
0
0
0
0
0
102
294
0
0
0
0
0
0
3789
3965
0
0
0
0
0
0
175
3913
0
0
0
0
0
0
140
293
0
0
0
0
0
0
3784
4000
0
0
0
0
0
0
142
3881
0
0
0
0
0
0
174
287
0
0
0
0
0
0
3783
4034
0
0
0
0
0
0
108
3853
0
0
0
0
0
0
206
278
0
0
0
0
0
0
3788
4073
0
0
0
0
0
0
70
3829
0
0
0
0
0
0
236
261
0
0
0
0
0
0
3797
15
0
0
0
0
0
0
32
3809
0
0
0
0
0
0
262
241
0
0
0
0
0
0
3812
55
0
0
0
0
0
0
4087
3793
0
0
0
0
0
0
285
217
0
0
0
0
0
0
3832
93
0
0
0
0
0
0
4047
3782
0
0
0
0
0
0
302
187
0
0
0
0
0
0
3855
131
0
0
0
0
0
0
4005
3775
0
0
0
0
0
0
316
157
0
0
0
0
0
0
3883
167
0
0
0
0
0
0
3966
3774
0
0
0
0
0
0
326
122
0
0
0
0
0
0
3913
201
0
0
0
0
0
0
3930
3778
0
0
0
0
0
0
328
83
0
0
0
0
0
0
3951
234
0
0
0
0
0
0
3893
3785
0
0
0
0
0
0
327
44
0
0
0
0
0
0
3988
261
0
0
0
0
0
0
3858
3799
0
0
0
0
0
0
320
4
0
0
0
0
0
0
4029
285
0
0
0
0
0
0
3828
3818
0
0
0
0
0
0
306
4058
0
0
0
0
0
0
4071
304
0
0
0
0
0
0
3803
3842
0
0
0
0
0
0
288
4017
0
0
0
0
0
0
16
319
0
0
0
0
0
0
3781
3869
0
0
0
0
0
0
267
3977
0
0
0
0
0
0
60
330
0
0
0
0
0
0
3764
3901
0
0
0
0
0
0
239
3937
0
0
0
0
0
0
104
335
0
0
0
0
0
0
3751
3936
0
0
0
0
0
0
208
3900
0
0
0
0
0
0
145
333
0
0
0
0
0
0
3745
3974
0
0
0
0
0
0
173
3866
0
0
0
0
0
0
183
326
0
0
0
0
0
0
3744
4015
0
0
0
0
0
0
134
3834
0
0
0
0
0
0
219
315
0
0
0
0
0
0
3748
4055
0
0
0
0
0
0
93
3807
0
0
0
0
0
0
254
299
0
0
0
0
0
0
3758
4
0
0
0
0
0
0
49
3783
0
0
0
0
0
0
282
276
0
0
0
0
0
0
3774
47
0
0
0
0
0
0
7
3766
0
0
0
0
0
0
309
250
0
0
0
0
0
0
3794
89
0
0
0
0
0
0
4057
3752
0
0
0
0
0
0
330
219
0
0
0
0
0
0
3821
132
0
0
0
0
0
0
4012
3744
0
0
0
0
0
0
346
185
0
0
0
0
0
0
3851
172
0
0
0
0
0
0
3968
3741
0
0
0
0
0
0
356
147
0
0
0
0
0
0
3885
210
0
0
0
0
0
0
3925
3745
0
0
0
0
0
0
361
107
0
0
0
0
0
0
3925
245
0
0
0
0
0
0
3885
3752
0
0
0
0
0
0
359
63
0
0
0
0
0
0
3965
275
0
0
0
0
0
0
3848
3767
0
0
0
0
0
0
351
19
0
0
0
0
0
0
4008
302
0
0
0
0
0
0
3815
3786
0
0
0
0
0
0
338
4070
0
0
0
0
0
0
4054
322
0
0
0
0
0
0
3787
3812
0
0
0
0
0
0
320
4025
0
0
0
0
0
0
3
341
0
0
0
0
0
0
3762
3841
0
0
0
0
0
0
297
3982
0
0
0
0
0
0
51
352
0
0
0
0
0
0
3743
3874
0
0
0
0
0
0
267
3939
0
0
0
0
0
0
97
358
0
0
0
0
0
0
3731
3912
0
0
0
0
0
0
234
3898
0
0
0
0
0
0
140
357
0
0
0
0
0
0
3721
3952
0
0
0
0
0
0
197
3861
0
0
0
0
0
0
182
350
0
0
0
0
0
0
3721
3995
0
0
0
0
0
0
156
3828
0
0
0
0
0
0
223
340
0
0
0
0
0
0
3724
4039
0
0
0
0
0
0
112
3796
0
0
0
0
0
0
259
323
0
0
0
0
0
0
3734
4086
0
0
0
0
0
0
67
3772
0
0
0
0
0
0
290
299
0
0
0
0
0
0
3750
35
0
0
0
0
0
0
22
3752
0
0
0
0
0
0
318
272
0
0
0
0
0
0
3771
80
0
0
0
0
0
0
4069
3736
0
0
0
0
0
0
341
242
0
0
0
0
0
0
3797
125
0
0
0
0
0
0
4022
3728
0
0
0
0
0
0
359
207
0
0
0
0
0
0
3828
167
0
0
0
0
0
0
3975
3724
0
0
0
0
0
0
368
165
0
0
0
0
0
0
3865
207
0
0
0
0
0
0
3932
3728
0
0
0
0
0
0
373
123
0
0
0
0
0
0
3904
242
0
0
0
0
0
0
3890
3736
0
0
0
0
0
0
374
79
0
0
0
0
0
0
3947
277
0
0
0
0
0
0
3852
3751
0
0
0
0
0
0
367
34
0
0
0
0
0
0
3990
304
0
0
0
0
0
0
3818
3770
0
0
0
0
0
0
355
4085
0
0
0
0
0
0
4038
327
0
0
0
0
0
0
3787
3795
0
0
0
0
0
0
337
4037
0
0
0
0
0
0
4085
345
0
0
0
0
0
0
3762
3825
0
0
0
0
0
0
312
3992
0
0
0
0
0
0
36
357
0
0
0
0
0
0
3741
3858
0
0
0
0
0
0
283
3948
0
0
0
0
0
0
84
364
0
0
0
0
0
0
3726
3896
0
0
0
0
0
0
250
3907
0
0
0
0
0
0
129
365
0
0
0
0
0
0
3718
3937
0
0
0
0
0
0
212
3870
0
0
0
0
0
0
172
359
0
0
0
0
0
0
3714
3980
0
0
0
0
0
0
172
3834
0
0
0
0
0
0
215
349
0
0
0
0
0
0
3718
4025
0
0
0
0
0
0
128
3803
0
0
0
0
0
0
251
333
0
0
0
0
0
0
3726
4071
0
0
0
0
0
0
82
3777
0
0
0
0
0
0
283
311
0
0
0
0
0
0
3742
21
0
0
0
0
0
0
36
3756
0
0
0
0
0
0
311
283
0
0
0
0
0
0
3763
67
0
0
0
0
0
0
4084
3741
0
0
0
0
0
0
335
253
0
0
0
0
0
0
3790
112
0
0
0
0
0
0
4037
3732
0
0
0
0
0
0
352
217
0
0
0
0
0
0
3819
154
0
0
0
0
0
0
3992
3727
0
0
0
0
0
0
363
177
0
0
0
0
0
0
3855
195
0
0
0
0
0
0
3947
3730
0
0
0
0
0
0
371
137
0
0
0
0
0
0
3892
230
0
0
0
0
0
0
3905
3737
0
0
0
0
0
0
370
93
0
0
0
0
0
0
3935
263
0
0
0
0
0
0
3867
3750
0
0
0
0
0
0
364
48
0
0
0
0
0
0
3979
291
0
0
0
0
0
0
3833
3769
0
0
0
0
0
0
353
3
0
0
0
0
0
0
4024
316
0
0
0
0
0
0
3801
3793
0
0
0
0
0
0
336
4054
0
0
0
0
0
0
4070
334
0
0
0
0
0
0
3776
3821
0
0
0
0
0
0
312
4009
0
0
0
0
0
0
20
345
0
0
0
0
0
0
3755
3853
0
0
0
0
0
0
287
3966
0
0
0
0
0
0
67
354
0
0
0
0
0
0
3739
3889
0
0
0
0
0
0
253
3925
0
0
0
0
0
0
112
354
0
0
0
0
0
0
3732
3929
0
0
0
0
0
0
218
3888
0
0
0
0
0
0
153
349
0
0
0
0
0
0
3726
3970
0
0
0
0
0
0
178
3853
0
0
0
0
0
0
194
341
0
0
0
0
0
0
3730
4014
0
0
0
0
0
0
137
3823
0
0
0
0
0
0
229
325
0
0
0
0
0
0
3738
4057
0
0
0
0
0
0
94
3797
0
0
0
0
0
0
261
305
0
0
0
0
0
0
3752
6
0
0
0
0
0
0
47
3775
0
0
0
0
0
0
289
279
0
0
0
0
0
0
3771
49
0
0
0
0
0
0
4
3761
0
0
0
0
0
0
311
249
0
0
0
0
0
0
3795
93
0
0
0
0
0
0
4054
3751
0
0
0
0
0
0
330
217
0
0
0
0
0
0
3824
134
0
0
0
0
0
0
4011
3747
0
0
0
0
0
0
342
181
0
0
0
0
0
0
3857
172
0
0
0
0
0
0
3968
3747
0
0
0
0
0
0
349
140
0
0
0
0
0
0
3892
206
0
0
0
0
0
0
3927
3753
0
0
0
0
0
0
349
101
0
0
0
0
0
0
3931
238
0
0
0
0
0
0
3889
3766
0
0
0
0
0
0
345
59
0
0
0
0
0
0
3972
265
0
0
0
0
0
0
3858
3783
0
0
0
0
0
0
334
16
0
0
0
0
0
0
4015
287
0
0
0
0
0
0
3829
3804
0
0
0
0
0
0
319
4070
0
0
0
0
0
0
4058
306
0
0
0
0
0
0
3805
3830
0
0
0
0
0
0
297
4026
0
0
0
0
0
0
7
319
0
0
0
0
0
0
3785
3860
0
0
0
0
0
0
272
3987
0
0
0
0
0
0
48
325
0
0
0
0
0
0
3771
3894
0
0
0
0
0
0
243
3948
0
0
0
0
0
0
90
327
0
0
0
0
0
0
3761
3930
0
0
0
0
0
0
211
3913
0
0
0
0
0
0
129
323
0
0
0
0
0
0
3757
3968
0
0
0
0
0
0
177
3882
0
0
0
0
0
0
167
316
0
0
0
0
0
0
3759
4007
0
0
0
0
0
0
137
3854
0
0
0
0
0
0
198
302
0
0
0
0
0
0
3766
4049
0
0
0
0
0
0
97
3831
0
0
0
0
0
0
230
284
0
0
0
0
0
0
3777
4088
0
0
0
0
0
0
56
3810
0
0
0
0
0
0
256
262
0
0
0
0
0
0
3793
32
0
0
0
0
0
0
16
3796
0
0
0
0
0
0
277
236
0
0
0
0
0
0
3816
72
0
0
0
0
0
0
4071
3786
0
0
0
0
0
0
294
206
0
0
0
0
0
0
3841
108
0
0
0
0
0
0
4031
3781
0
0
0
0
0
0
305
174
0
0
0
0
0
0
3871
143
0
0
0
0
0
0
3992
3781
0
0
0
0
0
0
312
138
0
0
0
0
0
0
3901
174
0
0
0
0
0
0
3956
3787
0
0
0
0
0
0
313
102
0
0
0
0
0
0
3938
203
0
0
0
0
0
0
3923
3798
0
0
0
0
0
0
308
64
0
0
0
0
0
0
3974
229
0
0
0
0
0
0
3893
3812
0
0
0
0
0
0
300
26
0
0
0
0
0
0
4011
249
0
0
0
0
0
0
3867
3831
0
0
0
0
0
0
286
4084
0
0
0
0
0
0
4052
265
0
0
0
0
0
0
3844
3853
0
0
0
0
0
0
269
4047
0
0
0
0
0
0
4088
276
0
0
0
0
0
0
3827
3880
0
0
0
0
0
0
248
4012
0
0
0
0
0
0
30
284
0
0
0
0
0
0
3814
3909
0
0
0
0
0
0
221
3978
0
0
0
0
0
0
67
285
0
0
0
0
0
0
3805
3941
0
0
0
0
0
0
193
3946
0
0
0
0
0
0
103
285
0
0
0
0
0
0
3801
3973
0
0
0
0
0
0
162
3918
0
0
0
0
0
0
135
276
0
0
0
0
0
0
3802
4008
0
0
0
0
0
0
129
3893
0
0
0
0
0
0
165
266
0
0
0
0
0
0
3807
4043
0
0
0
0
0
0
95
3872
0
0
0
0
0
0
191
251
0
0
0
0
0
0
3818
4078
0
0
0
0
0
0
60
3855
0
0
0
0
0
0
213
231
0
0
0
0
0
0
3833
17
0
0
0
0
0
0
24
3842
0
0
0
0
0
0
232
208
0
0
0
0
0
0
3851
50
0
0
0
0
0
0
4085
3832
0
0
0
0
0
0
246
184
0
0
0
0
0
0
3871
82
0
0
0
0
0
0
4051
3829
0
0
0
0
0
0
256
155
0
0
0
0
0
0
3896
112
0
0
0
0
0
0
4018
3829
0
0
0
0
0
0
262
126
0
0
0
0
0
0
3923
140
0
0
0
0
0
0
3986
3833
0
0
0
0
0
0
263
95
0
0
0
0
0
0
3952
163
0
0
0
0
0
0
3958
3841
0
0
0
0
0
0
261
63
0
0
0
0
0
0
3984
185
0
0
0
0
0
0
3933
3852
0
0
0
0
0
0
253
31
0
0
0
0
0
0
4016
202
0
0
0
0
0
0
3910
3869
0
0
0
0
0
0
243
4095
0
0
0
0
0
0
4047
218
0
0
0
0
0
0
3892
3888
0
0
0
0
0
0
228
4065
0
0
0
0
0
0
4080
227
0
0
0
0
0
0
3877
3909
0
0
0
0
0
0
209
4033
0
0
0
0
0
0
15
232
0
0
0
0
0
0
3866
3934
0
0
0
0
0
0
190
4007
0
0
0
0
0
0
46
235
0
0
0
0
0
0
3857
3958
0
0
0
0
0
0
165
3980
0
0
0
0
0
0
75
233
0
0
0
0
0
0
3855
3986
0
0
0
0
0
0
141
3957
0
0
0
0
0
0
101
226
0
0
0
0
0
0
3856
4015
0
0
0
0
0
0
114
3937
0
0
0
0
0
0
126
218
0
0
0
0
0
0
3859
4043
0
0
0
0
0
0
84
3919
0
0
0
0
0
0
148
206
0
0
0
0
0
0
3868
4072
0
0
0
0
0
0
57
3906
0
0
0
0
0
0
165
189
0
0
0
0
0
0
3879
4
0
0
0
0
0
0
28
3894
0
0
0
0
0
0
180
172
0
0
0
0
0
0
3893
31
0
0
0
0
0
0
4095
3886
0
0
0
0
0
0
192
153
0
0
0
0
0
0
3910
56
0
0
0
0
0
0
4069
3884
0
0
0
0
0
0
201
130
0
0
0
0
0
0
3931
82
0
0
0
0
0
0
4042
3883
0
0
0
0
0
0
206
106
0
0
0
0
0
0
3952
103
0
0
0
0
0
0
4017
3887
0
0
0
0
0
0
207
81
0
0
0
0
0
0
3975
123
0
0
0
0
0
0
3994
3893
0
0
0
0
0
0
204
56
0
0
0
0
0
0
4000
140
0
0
0
0
0
0
3973
3902
0
0
0
0
0
0
200
31
0
0
0
0
0
0
4025
153
0
0
0
0
0
0
3956
3914
0
0
0
0
0
0
191
6
0
0
0
0
0
0
4050
164
0
0
0
0
0
0
3942
3930
0
0
0
0
0
0
179
4078
0
0
0
0
0
0
4077
173
0
0
0
0
0
0
3930
3946
0
0
0
0
0
0
166
4056
0
0
0
0
0
0
4
177
0
0
0
0
0
0
3921
3965
0
0
0
0
0
0
148
4033
0
0
0
0
0
0
28
179
0
0
0
0
0
0
3916
3986
0
0
0
0
0
0
131
4013
0
0
0
0
0
0
50
178
0
0
0
0
0
0
3913
4006
0
0
0
0
0
0
111
3994
0
0
0
0
0
0
70
173
0
0
0
0
0
0
3913
4028
0
0
0
0
0
0
92
3980
0
0
0
0
0
0
88
166
0
0
0
0
0
0
3917
4049
0
0
0
0
0
0
70
3966
0
0
0
0
0
0
105
157
0
0
0
0
0
0
3923
4071
0
0
0
0
0
0
48
3956
0
0
0
0
0
0
119
144
0
0
0
0
0
0
3931
4092
0
0
0
0
0
0
26
3948
0
0
0
0
0
0
130
131
0
0
0
0
0
0
3943
17
0
0
0
0
0
0
6
3943
0
0
0
0
0
0
139
115
0
0
0
0
0
0
3956
36
0
0
0
0
0
0
4080
3940
0
0
0
0
0
0
145
98
0
0
0
0
0
0
3971
54
0
0
0
0
0
0
4060
3939
0
0
0
0
0
0
148
83
0
0
0
0
0
0
3986
70
0
0
0
0
0
0
4043
3942
0
0
0
0
0
0
147
63
0
0
0
0
0
0
4003
83
0
0
0
0
0
0
4027
3949
0
0
0
0
0
0
147
45
0
0
0
0
0
0
4022
96
0
0
0
0
0
0
4013
3955
0
0
0
0
0
0
143
26
0
0
0
0
0
0
4041
106
0
0
0
0
0
0
4001
3965
0
0
0
0
0
0
136
9
0
0
0
0
0
0
4058
114
0
0
0
0
0
0
3990
3975
0
0
0
0
0
0
129
4088
0
0
0
0
0
0
4076
119
0
0
0
0
0
0
3981
3988
0
0
0
0
0
0
118
4073
0
0
0
0
0
0
4094
122
0
0
0
0
0
0
3975
4000
0
0
0
0
0
0
107
4057
0
0
0
0
0
0
13
122
0
0
0
0
0
0
3973
4015
0
0
0
0
0
0
94
4043
0
0
0
0
0
0
30
121
0
0
0
0
0
0
3970
4029
0
0
0
0
0
0
80
4030
0
0
0
0
0
0
43
119
0
0
0
0
0
0
3971
4045
0
0
0
0
0
0
65
4020
0
0
0
0
0
0
55
113
0
0
0
0
0
0
3973
4059
0
0
0
0
0
0
50
4011
0
0
0
0
0
0
67
106
0
0
0
0
0
0
3978
4074
0
0
0
0
0
0
36
4003
0
0
0
0
0
0
76
97
0
0
0
0
0
0
3984
4089
0
0
0
0
0
0
21
3999
0
0
0
0
0
0
83
89
0
0
0
0
0
0
3992
7
0
0
0
0
0
0
5
3995
0
0
0
0
0
0
89
78
0
0
0
0
0
0
4000
19
0
0
0
0
0
0
4089
3993
0
0
0
0
0
0
92
68
0
0
0
0
0
0
4010
30
0
0
0
0
0
0
4076
3994
0
0
0
0
0
0
95
56
0
0
0
0
0
0
4020
41
0
0
0
0
0
0
4064
3996
0
0
0
0
0
0
94
44
0
0
0
0
0
0
4033
50
0
0
0
0
0
0
4054
4000
0
0
0
0
0
0
92
31
0
0
0
0
0
0
4044
56
0
0
0
0
0
0
4045
4005
0
0
0
0
0
0
90
20
0
0
0
0
0
0
4056
64
0
0
0
0
0
0
4037
4012
0
0
0
0
0
0
84
8
0
0
0
0
0
0
4068
67
0
0
0
0
0
0
4031
4019
0
0
0
0
0
0
80
4093
0
0
0
0
0
0
4079
71
0
0
0
0
0
0
4026
4027
0
0
0
0
0
0
72
4082
0
0
0
0
0
0
4090
72
0
0
0
0
0
0
4022
4035
0
0
0
0
0
0
64
4073
0
0
0
0
0
0
6
73
0
0
0
0
0
0
4021
4043
0
0
0
0
0
0
56
4064
0
0
0
0
0
0
13
71
0
0
0
0
0
0
4021
4053
0
0
0
0
0
0
49
4058
0
0
0
0
0
0
23
70
0
0
0
0
0
0
4021
4062
0
0
0
0
0
0
40
4052
0
0
0
0
0
0
30
66
0
0
0
0
0
0
4024
4073
0
0
0
0
0
0
31
4048
0
0
0
0
0
0
36
61
0
0
0
0
0
0
4026
4080
0
0
0
0
0
0
21
4043
0
0
0
0
0
0
41
55
0
0
0
0
0
0
4031
4088
0
0
0
0
0
0
14
4042
0
0
0
0
0
0
44
49
0
0
0
0
0
0
4036
0
0
0
0
0
0
0
4
4040
0
0
0
0
0
0
48
44
0
0
0
0
0
0
4041
7
0
0
0
0
0
0
4093
4040
0
0
0
0
0
0
48
36
0
0
0
0
0
0
4047
14
0
0
0
0
0
0
4085
4039
0
0
0
0
0
0
49
30
0
0
0
0
0
0
4053
19
0
0
0
0
0
0
4080
4041
0
0
0
0
0
0
49
23
0
0
0
0
0
0
4060
24
0
0
0
0
0
0
4075
4044
0
0
0
0
0
0
48
17
0
0
0
0
0
0
4067
28
0
0
0
0
0
0
4069
4047
0
0
0
0
0
0
45
11
0
0
0
0
0
0
4073
30
0
0
0
0
0
0
4067
4052
0
0
0
0
0
0
42
4
0
0
0
0
0
0
4080
32
0
0
0
0
0
0
4064
4055
0
0
0
0
0
0
38
4094
0
0
0
0
0
0
4085
34
0
0
0
0
0
0
4062
4061
0
0
0
0
0
0
35
4089
0
0
0
0
0
0
4090
33
0
0
0
0
0
0
4060
4064
0
0
0
0
0
0
31
4085
0
0
0
0
0
0
0
33
0
0
0
0
0
0
4059
4069
0
0
0
0
0
0
27
4082
0
0
0
0
0
0
4
32
0
0
0
0
0
0
4060
4075
0
0
0
0
0
0
22
4078
0
0
0
0
0
0
8
31
0
0
0
0
0
0
4061
4079
0
0
0
0
0
0
17
4075
0
0
0
0
0
0
11
29
0
0
0
0
0
0
4062
4083
0
0
0
0
0
0
14
4074
0
0
0
0
0
0
14
26
0
0
0
0
0
0
4064
4087
0
0
0
0
0
0
8
4073
0
0
0
0
0
0
16
23
0
0
0
0
0
0
4067
4090
0
0
0
0
0
0
5
4073
0
0
0
0
0
0
16
19
0
0
0
0
0
0
4071
4095
0
0
0
0
0
0
2
4072
0
0
0
0
0
0
17
16
0
0
0
0
0
0
4073
1
0
0
0
0
0
0
4095
4073
0
0
0
0
0
0
18
14
0
0
0
0
0
0
4077
3
0
0
0
0
0
0
4091
4073
0
0
0
0
0
0
17
9
0
0
0
0
0
0
4078
4
0
0
0
0
0
0
4088
4073
0
0
0
0
0
0
17
7
0
0
0
0
0
0
4082
7
0
0
0
0
0
0
4086
4075
0
0
0
0
0
0
16
5
0
0
0
0
0
0
4083
7
0
0
0
0
0
0
4085
4077
0
0
0
0
0
0
14
2
0
0
0
0
0
0
4087
8
0
0
0
0
0
0
4085
4079
0
0
0
0
0
0
12
0
0
0
0
0
0
0
4089
9
0
0
0
0
0
0
4084
4081
0
0
0
0
0
0
11
4094
0
0
0
0
0
0
4091
8
0
0
0
0
0
0
4084
4083
0
0
0
0
0
0
9
4093
0
0
0
0
0
0
4093
8
0
0
0
0
0
0
4084
4085
0
0
0
0
0
0
8
4091
0
0
0
0
0
0
4094
7
0
0
0
0
0
0
4085
4087
0
0
0
0
0
0
5
4090
0
0
0
0
0
0
0
7
0
0
0
0
0
0
4085
4088
0
0
0
0
0
0
3
4089
0
0
0
0
0
0
0
5
0
0
0
0
0
0
4086
4090
0
0
0
0
0
0
2
4089
0
0
0
0
0
0
0
5
0
0
0
0
0
0
4087
4091
0
0
0
0
0
0
1
4089
0
0
0
0
0
0
1
4
0
0
0
0
0
0
4088
4093
0
0
0
0
0
0
4095
4089
0
0
0
0
0
0
2
2
0
0
0
0
0
0
4089
4094
0
0
0
0
0
0
4095
4089
0
0
0
0
0
0
0
2
0
0
0
0
0
0
4089
4094
0
0
0
0
0
0
4093
4090
0
0
0
0
0
0
0
0
0
0
0
0
0
0
4090
4093
0
0
0
0
0
0
4094
4091
0
0
0
0
0
0
0
0
0
0
0
0
0
0
4090
4094
0
0
0
0
0
0
4093
4091
0
0
0
0
0
0
0
4095
0
0
0
0
0
0
4092
4095
0
0
0
0
0
0
4093
4092
0
0
0
0
0
0
0
4095
0
0
0
0
0
0
4092
4094
0
0
0
0
0
0
4093
4092
0
0
0
0
0
0
0
4094
0
0
0
0
0
0
4094
4095
0
0
0
0
0
0
4092
4092
0
0
0
0
0
0
4094
4093
0
0
0
0
0
0
4094
4094
0
0
0
0
0
0
4093
4092
0
0
0
0
0
0
4095
4093
0
0
0
0
0
0
4093
4094
0
0
0
0
0
0
4093
4093
0
0
0
0
0
0
4094
4094
0
0
0
0
0
0
4095
4094
0
0
0
0
0
0
4093
4093
0
0
0
0
0
0
4094
4093
0
0
0
0
0
0
4095
4094
0
0
0
0
0
0
4094
4094
0
0
0
0
0
0
4094
4094
0
0
0
0
0
0
4094
4093
0
0
0
0
0
0
4094
4094
0
0
0
0
0
0
4094
4094
0
0
0
0
0
0
4094
4093
0
0
0
0
0
0
4095
0
0
0
0
0
0
0
0
4095
0
0
0
0
0
0
0
0
0
0
0
0
0
0
4095
4095
0
0
0
0
0
0
0
0
0
0
0
0
0
0
4095
4095
0
0
0
0
0
0
0
0
0
0
0
0
0
0
4095
4095
0
0
0
0
0
0
0
0
0
0
0
0
0
0
4095
4095
0
0
0
0
0
0
0
0
0
0
0
0
0
0
4095
4095
0
0
0
0
0
0
0
0
0
0
0
0
0
0
4095
4095
0
0
0
0
0
0
0
0
0
0
0
0
0
0
4095
4095
0
0
0
0
0
0
0
0
0
0
0
0
0
0
4095
4095
0
0
0
0
0
0
0
0
0
0
0
0
0
0
4095
4095
0
0
0
0
0
0
0
0
0
0
0
0
0
0
4095
4095
0
0
0
0
0
0
0
0
0
0
0
0
0
0
4095
4095
0
0
0
0
0
0
0
0
0
0
0
0
0
0
4095
4095
0
0
0
0
0
0
0
0
0
0
0
0
0
0
4095
4095
0
0
0
0
0
0
0
0
0
0
0
0
0
0
4095
4095
0
0
0
0
0
0
0
0
0
0
0
0
0
0
4095
4095
0
0
0
0
0
0
0
0
0
0
0
0
0
0
4095
4095
0
0
0
0
0
0
0
0
0
0
0
0
0
0
4095
4095
0
0
0
0
0
0
0
0
0
0
0
0
0
0
4095
4095
0
0
0
0
0
0
0
0
0
0
0
0
0
0
4095
4095
0
0
0
0
0
0
0
0
0
0
0
0
0
0
4095
4095
0
0
0
0
0
0
0
0
0
0
0
0
0
0
4095
4095
0
0
0
0
0
0
0
0
0
0
0
0
0
0
4095
4095
0
0
0
0
0
0
0
0
0
0
0
0
0
0
4095
4095
0
0
0
0
0
0
0
0
0
0
0
0
0
0
4095
4095
0
0
0
0
0
0
0
0
0
0
0
0
0
0
4095
4095
0
0
0
0
0
0
0
0
0
0
0
0
0
0
4095
4095
0
0
0
0
0
0
0
0
0
0
0
0
0
0
4095
4095
0
0
0
0
0
0
0
0
0
0
0
0
0
0
4095
4095
0
0
0
0
0
0
0
0
0
0
0
0
0
0
4095
4095
0
0
0
0
0
0
0
0
0
0
0
0
0
0
4095
4095
0
0
0
0
0
0
0
0
0
0
0
0
0
0
4095
4095
0
0
0
0
0
0
0
0
0
0
0
0
0
0
4095
4095
0
0
0
0
0
0
0
0
0
0
0
0
0
0
4095
4095
0
0
0
0
0
0
0
0
0
0
0
0
0
0
4095
4095
0
0
0
0
0
0
0
0
0
0
0
0
0
0
4095
4095
0
0
0
0
0
0
0
0
0
0
0
0
0
0
4095
4095
0
0
0
0
0
0
0
0
0
0
0
0
0
0
4095
4095
0
0
0
0
0
0
0
0
0
0
0
0
0
0
4095
4095
0
0
0
0
0
0
0
0
0
0
0
0
0
0
4095
4095
0
0
0
0
0
0
0
0
0
0
0
0
0
0
4095
4095
0
0
0
0
0
0
0
0
0
0
0
0
0
0
4095
4095
0
0
0
0
0
0
0
0
0
0
0
0
0
0
4095
4095
0
0
0
0
0
0
0
0
0
0
0
0
0
0
4095
4095
0
0
0
0
0
0
0
0
0
0
0
0
0
0
4095
4095
0
0
0
0
0
0
0
0
0
0
0
0
0
0
4095
4095
0
0
0
0
0
0
0
0
0
0
0
0
0
0
4095
4095
0
0
0
0
0
0
0
0
0
0
0
0
0
0
4095
4095
0
0
0
0
0
0
0
0
0
0
0
0
0
0
4095
4095
0
0
0
0
0
0
0
0
0
0
0
0
0
0
4095
4095
0
0
0
0
0
0
0
0
0
0
0
0
0
0
4095
4095
0
0
0
0
0
0
0
0
0
0
0
0
0
0
4095
4095
0
0
0
0
0
0
0
0
0
0
0
0
0
0
4095
4095
0
0
0
0
0
0
0
0
0
0
0
0
0
0
4095
4095
0
0
0
0
0
0
0
0
0
0
0
0
0
0
4095
4095
0
0
0
0
0
0
0
0
0
0
0
0
0
0
4095
4095
0
0
0
0
0
0
0
0
0
0
0
0
0
0
4095
4095
0
0
0
0
0
0
0
0
0
0
0
0
0
0
4095
4095
0
0
0
0
0
0
0
0
0
0
0
0
0
0
4095
4095
0
0
0
0
0
0
0
0
0
0
0
0
0
0
4095
4095
0
0
0
0
0
0
0
0
0
0
0
0
0
0
4095
4095
0
0
0
0
0
0
0
0
0
0
0
0
0
0
4095
4095
0
0
0
0
0
0
0
0
0
0
0
0
0
0
4095
4095
0
0
0
0
0
0
0
0
0
0
0
0
0
0
4095
4095
0
0
0
0
0
0
0
0
0
0
0
0
0
0
4095
4095
0
0
0
0
0
0
0
0
0
0
0
0
0
0
4095
4095
0
0
0
0
0
0
0
0
0
0
0
0
0
0
4095
4095
0
0
0
0
0
0
0
0
0
0
0
0
0
0
4095
4095
0
0
0
0
0
0
0
0
0
0
0
0
0
0
4095
4095
0
0
0
0
0
0
0
0
0
0
0
0
0
0
4095
4095
0
0
0
0
0
0
0
0
0
0
0
0
0
0
4095
4095
0
0
0
0
0
0
0
0
0
0
0
0
0
0
4095
4095
0
0
0
0
0
0
0
0
0
0
0
0
0
0
4095
4095
0
0
0
0
0
0
0
0
0
0
0
0
0
0
4095
4095
0
0
0
0
0
0
0
0
0
0
0
0
0
0
4095
4095
0
0
0
0
0
0
0
0
0
0
0
0
0
0
4095
4095
0
0
0
0
0
0
0
0
0
0
0
0
0
0
4095
4095
0
0
0
0
0
0
0
0
0
0
0
0
0
0
4095
4095
0
0
0
0
0
0
0
0
0
0
0
0
0
0
4095
4095
0
0
0
0
0
0
0
0
0
0
0
0
0
0
4095
4095
0
0
0
0
0
0
0
0
0
0
0
0
0
0
4095
4095
0
0
0
0
0
0
0
0
0
0
0
0
0
0
4095
4095
0
0
0
0
0
0
0
0
0
0
0
0
0
0
4095
4095
0
0
0
0
0
0
0
0
0
0
0
0
0
0
4095
4095
0
0
0
0
0
0
0
0
0
0
0
0
0
0
4095
4095
0
0
0
0
0
0
0
0
0
0
0
0
0
0
4095
4095
0
0
0
0
0
0
0
0
0
0
0
0
0
0
4095
4095
0
0
0
0
0
0
0
0
0
0
0
0
0
0
4095
4095
0
0
0
0
0
0
0
0
0
0
0
0
0
0
4095
4095
0
0
0
0
0
0
0
0
0
0
0
0
0
0
4095
4095
0
0
0
0
0
0
0
0
0
0
0
0
0
0
4095
4095
0
0
0
0
0
0
0
0
0
0
0
0
0
0
4095
4095
0
0
0
0
0
0
0
0
0
0
0
0
0
0
4095
4095
0
0
0
0
0
0
0
0
0
0
0
0
0
0
4095
4095
0
0
0
0
0
0
0
0
0
0
0
0
0
0
4095
4095
0
0
0
0
0
0
0
0
0
0
0
0
0
0
4095
4095
0
0
0
0
0
0
0
0
0
0
0
0
0
0
4095
4095
0
0
0
0
0
0
0
0
0
0
0
0
0
0
4095
4095
0
0
0
0
0
0
0
0
0
0
0
0
0
0
4095
4095
0
0
0
0
0
0
0
0
0
0
0
0
0
0
4095
4095
0
0
0
0
0
0
0
0
0
0
0
0
0
0
4095
4095
0
0
0
0
0
0
0
0
0
0
0
0
0
0
4095
4095
0
0
0
0
0
0
0
0
0
0
0
0
0
0
4095
4095
0
0
0
0
0
0
0
0
0
0
0
0
0
0
4095
4095
0
0
0
0
0
0
0
0
0
0
0
0
0
0
4095
4095
0
0
0
0
0
0
0
0
0
0
0
0
0
0
4095
4095
0
0
0
0
0
0
0
0
0
0
0
0
0
0
4095
4095
0
0
0
0
0
0
0
0
0
0
0
0
0
0
4095
4095
0
0
0
0
0
0
0
0
0
0
0
0
0
0
4095
4095
0
0
0
0
0
0
0
0
0
0
0
0
0
0
4095
4095
0
0
0
0
0
0
0
0
0
0
0
0
0
0
4095
4095
0
0
0
0
0
0
0
0
0
0
0
0
0
0
4095
4095
0
0
0
0
0
0
0
0
0
0
0
0
0
0
4095
4095
0
0
0
0
0
0
0
0
0
0
0
0
0
0
4095
4095
0
0
0
0
0
0
0
0
0
0
0
0
0
0
4095
4095
0
0
0
0
0
0
0
0
0
0
0
0
0
0
4095
4095
0
0
0
0
0
0
0
0
0
0
0
0
0
0
4095
4095
0
0
0
0
0
0
0
0
0
0
0
0
0
0
4095
4095
0
0
0
0
0
0
0
0
0
0
0
0
0
0
4095
4095
0
0
0
0
0
0
0
0
0
0
0
0
0
0
4095
4095
0
0
0
0
0
0
0
0
0
0
0
0
0
0
4095
4095
0
0
0
0
0
0
0
0
0
0
0
0
0
0
4095
4095
0
0
0
0
0
0
0
0
0
0
0
0
0
0
4095
4095
0
0
0
0
0
0
0
0
0
0
0
0
0
0
4095
4095
0
0
0
0
0
0
0
0
0
0
0
0
0
0
4095
4095
0
0
0
0
0
0
0
0
0
0
0
0
0
0
4095
4095
0
0
0
0
0
0
0
0
0
0
0
0
0
0
4095
4095
0
0
0
0
0
0
0
0
0
0
0
0
0
0
4095
4095
0
0
0
0
0
0
0
0
0
0
0
0
0
0
4095
4095
0
0
0
0
0
0
0
0
0
0
0
0
0
0
4095
4095
0
0
0
0
0
0
0
0
0
0
0
0
0
0
4095
4095
0
0
0
0
0
0
0
0
0
0
0
0
0
0
4095
4095
0
0
0
0
0
0
0
0
0
0
0
0
0
0
4095
4095
0
0
0
0
0
0
0
0
0
0
0
0
0
0
4095
4095
0
0
0
0
0
0
0
0
0
0
0
0
0
0
4095
4095
0
0
0
0
0
0
0
0
0
0
0
0
0
0
4095
4095
0
0
0
0
0
0
0
0
0
0
0
0
0
0
4095
4095
0
0
0
0
0
0
0
0
0
0
0
0
0
0
4095
4095
0
0
0
0
0
0
0
0
0
0
0
0
0
0
4095
4095
0
0
0
0
0
0
0
0
0
0
0
0
0
0
4095
4095
0
0
0
0
0
0
0
0
0
0
0
0
0
0
4095
4095
0
0
0
0
0
0
0
0
0
0
0
0
0
0
4095
4095
0
0
0
0
0
0
0
0
0
0
0
0
0
0
4095
4095
0
0
0
0
0
0
0
0
0
0
0
0
0
0
4095
4095
0
0
0
0
0
0
0
0
0
0
0
0
0
0
4095
4095
0
0
0
0
0
0
0
0
0
0
0
0
0
0
4095
4095
0
0
0
0
0
0
0
0
0
0
0
0
0
0
4095
4095
0
0
0
0
0
0
0
0
0
0
0
0
0
0
4095
4095
0
0
0
0
0
0
0
0
0
0
0
0
0
0
4095
4095
0
0
0
0
0
0
0
0
0
0
0
0
0
0
4095
4095
0
0
0
0
0
0
0
0
0
0
0
0
0
0
4095
4095
0
0
0
0
0
0
0
0
0
0
0
0
0
0
4095
4095
0
0
0
0
0
0
0
0
0
0
0
0
0
0
4095
4095
0
0
0
0
0
0
0
0
0
0
0
0
0
0
4095
4095
0
0
0
0
0
0
0
0
0
0
0
0
0
0
4095
4095
0
0
0
0
0
0
0
0
0
0
0
0
0
0
4095
4095
0
0
0
0
0
0
0
0
0
0
0
0
0
0
4095
4095
0
0
0
0
0
0
0
0
0
0
0
0
0
0
4095
4095
0
0
0
0
0
0
0
0
0
0
0
0
0
0
4095
4095
0
0
0
0
0
0
0
0
0
0
0
0
0
0
4095
4095
0
0
0
0
0
0
0
0
0
0
0
0
0
0
4095
4095
0
0
0
0
0
0
0
0
0
0
0
0
0
0
4095
4095
0
0
0
0
0
0
0
0
0
0
0
0
0
0
4095
4095
0
0
0
0
0
0
0
0
0
0
0
0
0
0
4095
4095
0
0
0
0
0
0
0
0
0
0
0
0
0
0
4095
4095
0
0
0
0
0
0
0
0
0
0
0
0
0
0
4095
4095
0
0
0
0
0
0
0
0
0
0
0
0
0
0
4095
4095
0
0
0
0
0
0
0
0
0
0
0
0
0
0
4095
4095
0
0
0
0
0
0
0
0
0
0
0
0
0
0
4095
4095
0
0
0
0
0
0
0
0
0
0
0
0
0
0
4095
4095
0
0
0
0
0
0
0
0
0
0
0
0
0
0
4095
4095
0
0
0
0
0
0
0
0
0
0
0
0
0
0
4095
4095
0
0
0
0
0
0
0
0
0
0
0
0
0
0
4095
4095
0
0
0
0
0
0
0
0
0
0
0
0
0
0
4095
4095
0
0
0
0
0
0
0
0
0
0
0
0
0
0
4095
4095
0
0
0
0
0
0
0
0
0
0
0
0
0
0
4095
4095
0
0
0
0
0
0
0
0
0
0
0
0
0
0
4095
4095
0
0
0
0
0
0
0
0
0
0
0
0
0
0
4095
4095
0
0
0
0
0
0
0
0
0
0
0
0
0
0
4095
4095
0
0
0
0
0
0
0
0
0
0
0
0
0
0
4095
4095
0
0
0
0
0
0
0
0
0
0
0
0
0
0
4095
4095
0
0
0
0
0
0
0
0
0
0
0
0
0
0
4095
4095
0
0
0
0
0
0
0
0
0
0
0
0
0
0
4095
4095
0
0
0
0
0
0
0
0
0
0
0
0
0
0
4095
4095
0
0
0
0
0
0
0
0
0
0
0
0
0
0
4095
4095
0
0
0
0
0
0
0
0
0
0
0
0
0
0
4095
4095
0
0
0
0
0
0
0
0
0
0
0
0
0
0
4095
4095
0
0
0
0
0
0
0
0
0
0
0
0
0
0
4095
4095
0
0
0
0
0
0
0
0
0
0
0
0
0
0
4095
4095
0
0
0
0
0
0
0
0
0
0
0
0
0
0
4095
4095
0
0
0
0
0
0
0
0
0
0
0
0
0
0
4095
4095
0
0
0
0
0
0
0
0
0
0
0
0
0
0
4095
4095
0
0
0
0
0
0
0
0
0
0
0
0
0
0
4095
4095
0
0
0
0
0
0
0
0
0
0
0
0
0
0
4095
4095
0
0
0
0
0
0
0
0
0
0
0
0
0
0
4095
4095
0
0
0
0
0
0
0
0
0
0
0
0
0
0
4095
4095
0
0
0
0
0
0
0
0
0
0
0
0
0
0
4095
4095
0
0
0
0
0
0
0
0
0
0
0
0
0
0
4095
4095
0
0
0
0
0
0
0
0
0
0
0
0
0
0
4095
4095
0
0
0
0
0
0
0
0
0
0
0
0
0
0
4095
4095
0
0
0
0
0
0
0
0
0
0
0
0
0
0
4095
4095
0
0
0
0
0
0
0
0
0
0
0
0
0
0
4095
4095
0
0
0
0
0
0
0
0
0
0
0
0
0
0
4095
4095
0
0
0
0
0
0
0
0
0
0
0
0
0
0
4095
4095
0
0
0
0
0
0
0
0
0
0
0
0
0
0
4095
4095
0
0
0
0
0
0
0
0
0
0
0
0
0
0
4095
4095
0
0
0
0
0
0
0
0
0
0
0
0
0
0
4095
4095
0
0
0
0
0
0
0
0
0
0
0
0
0
0
4095
4095
0
0
0
0
0
0
0
0
0
0
0
0
0
0
4095
4095
0
0
0
0
0
0
0
0
0
0
0
0
0
0
4095
4095
0
0
0
0
0
0
0
0
0
0
0
0
0
0
4095
4095
0
0
0
0
0
0
0
0
0
0
0
0
0
0
4095
4095
0
0
0
0
0
0
0
0
0
0
0
0
0
0
4095
4095
0
0
0
0
0
0
0
0
0
0
0
0
0
0
4095
4095
0
0
0
0
0
0
0
0
0
0
0
0
0
0
4095
4095
0
0
0
0
0
0
0
0
0
0
0
0
0
0
4095
4095
0
0
0
0
0
0
0
0
0
0
0
0
0
0
4095
4095
0
0
0
0
0
0
0
0
0
0
0
0
0
0
4095
4095
0
0
0
0
0
0
0
0
0
0
0
0
0
0
4095
4095
0
0
0
0
0
0
0
0
0
0
0
0
0
0
4095
4095
0
0
0
0
0
0
0
0
0
0
0
0
0
0
4095
4095
0
0
0
0
0
0
0
0
0
0
0
0
0
0
4095
4095
0
0
0
0
0
0
0
0
0
0
0
0
0
0
4095
4095
0
0
0
0
0
0
0
0
0
0
0
0
0
0
4095
4095
0
0
0
0
0
0
0
0
0
0
0
0
0
0
4095
4095
0
0
0
0
0
0
0
0
0
0
0
0
0
0
4095
4095
0
0
0
0
0
0
0
0
0
0
0
0
0
0
4095
4095
0
0
0
0
0
0
0
0
0
0
0
0
0
0
4095
4095
0
0
0
0
0
0
0
0
0
0
0
0
0
0
4095
4095
0
0
0
0
0
0
0
0
0
0
0
0
0
0
4095
4095
0
0
0
0
0
0
0
0
0
0
0
0
0
0
4095
4095
0
0
0
0
0
0
0
0
0
0
0
0
0
0
4095
4095
0
0
0
0
0
0
0
0
0
0
0
0
0
0
4095
4095
0
0
0
0
0
0
0
0
0
0
0
0
0
0
4095
4095
0
0
0
0
0
0
0
0
0
0
0
0
0
0
4095
4095
0
0
0
0
0
0
0
0
0
0
0
0
0
0
4095
4095
0
0
0
0
0
0
0
0
0
0
0
0
0
0
4095
4095
0
0
0
0
0
0
0
0
0
0
0
0
0
0
4095
4095
0
0
0
0
0
0
0
0
0
0
0
0
0
0
4095
4095
0
0
0
0
0
0
0
0
0
0
0
0
0
0
4095
4095
0
0
0
0
0
0
0
0
0
0
0
0
0
0
4095
4095
0
0
0
0
0
0
0
0
0
0
0
0
0
0
4095
4095
0
0
0
0
0
0
0
0
0
0
0
0
0
0
4095
4095
0
0
0
0
0
0
0
0
0
0
0
0
0
0
4095
4095
0
0
0
0
0
0
0
0
0
0
0
0
0
0
4095
4095
0
0
0
0
0
0
0
0
0
0
0
0
0
0
4095
4095
0
0
0
0
0
0
0
0
0
0
0
0
0
0
4095
4095
0
0
0
0
0
0
0
0
0
0
0
0
0
0
4095
4095
0
0
0
0
0
0
0
0
0
0
0
0
0
0
4095
4095
0
0
0
0
0
0
0
0
0
0
0
0
0
0
4095
4095
0
0
0
0
0
0
0
0
0
0
0
0
0
0
4095
4095
0
0
0
0
0
0
0
0
0
0
0
0
0
0
4095
4095
0
0
0
0
0
0
0
0
0
0
0
0
0
0
4095
4095
0
0
0
0
0
0
0
0
0
0
0
0
0
0
4095
4095
0
0
0
0
0
0
0
0
0
0
0
0
0
0
4095
4095
0
0
0
0
0
0
0
0
0
0
0
0
0
0
4095
4095
0
0
0
0
0
0
0
0
0
0
0
0
0
0
4095
4095
0
0
0
0
0
0
0
0
0
0
0
0
0
0
4095
4095
0
0
0
0
0
0
0
0
0
0
0
0
0
0
4095
4095
0
0
0
0
0
0
0
0
0
0
0
0
0
0
4095
4095
0
0
0
0
0
0
0
0
0
0
0
0
0
0
4095
4095
0
0
0
0
0
0
0
0
0
0
0
0
0
0
4095
4095
0
0
0
0
0
0
0
0
0
0
0
0
0
0
4095
4095
0
0
0
0
0
0
0
0
0
0
0
0
0
0
4095
4095
0
0
0
0
0
0
0
0
0
0
0
0
0
0
4095
4095
0
0
0
0
0
0
0
0
0
0
0
0
0
0
4095
4095
0
0
0
0
0
0
0
0
0
0
0
0
0
0
4095
4095
0
0
0
0
0
0
0
0
0
0
0
0
0
0
4095
4095
0
0
0
0
0
0
0
0
0
0
0
0
0
0
4095
4095
0
0
0
0
0
0
0
0
0
0
0
0
0
0
4095
4095
0
0
0
0
0
0
0
0
0
0
0
0
0
0
4095
4095
0
0
0
0
0
0
0
0
0
0
0
0
0
0
4095
4095
0
0
0
0
0
0
0
0
0
0
0
0
0
0
4095
4095
0
0
0
0
0
0
0
0
0
0
0
0
0
0
4095
4095
0
0
0
0
0
0
0
0
0
0
0
0
0
0
4095
4095
0
0
0
0
0
0
0
0
0
0
0
0
0
0
4095
4095
0
0
0
0
0
0
0
0
0
0
0
0
0
0
4095
4095
0
0
0
0
0
0
0
0
0
0
0
0
0
0
4095
4095
0
0
0
0
0
0
0
0
0
0
0
0
0
0
4095
4095
0
0
0
0
0
0
0
0
0
0
0
0
0
0
4095
4095
0
0
0
0
0
0
0
0
0
0
0
0
0
0
4095
4095
0
0
0
0
0
0
0
0
0
0
0
0
0
0
4095
4095
0
0
0
0
0
0
0
0
0
0
0
0
0
0
4095
4095
0
0
0
0
0
0
0
0
0
0
0
0
0
0
4095
4095
0
0
0
0
0
0
0
0
0
0
0
0
0
0
4095
4095
0
0
0
0
0
0
0
0
0
0
0
0
0
0
4095
4095
0
0
0
0
0
0
0
0
0
0
0
0
0
0
4095
4095
0
0
0
0
0
0
0
0
0
0
0
0
0
0
4095
4095
0
0
0
0
0
0
0
0
0
0
0
0
0
0
4095
4095
0
0
0
0
0
0
0
0
0
0
0
0
0
0
4095
4095
0
0
0
0
0
0
0
0
0
0
0
0
0
0
4095
4095
0
0
0
0
0
0
0
0
0
0
0
0
0
0
4095
4095
0
0
0
0
0
0
0
0
0
0
0
0
0
0
4095
4095
0
0
0
0
0
0
0
0
0
0
0
0
0
0
4095
4095
0
0
0
0
0
0
0
0
0
0
0
0
0
0
4095
4095
0
0
0
0
0
0
0
0
0
0
0
0
0
0
4095
4095
0
0
0
0
0
0
0
0
0
0
0
0
0
0
4095
4095
0
0
0
0
0
0
0
0
0
0
0
0
0
0
4095
4095
0
0
0
0
0
0
0
0
0
0
0
0
0
0
4095
4095
0
0
0
0
0
0
0
0
0
0
0
0
0
0
4095
4095
0
0
0
0
0
0
0
0
0
0
0
0
0
0
4095
4095
0
0
0
0
0
0
0
0
0
0
0
0
0
0
4095
4095
0
0
0
0
0
0
0
0
0
0
0
0
0
0
4095
4095
0
0
0
0
0
0
0
0
0
0
0
0
0
0
4095
4095
0
0
0
0
0
0
0
0
0
0
0
0
0
0
4095
4095
0
0
0
0
0
0
0
0
0
0
0
0
0
0
4095
4095
0
0
0
0
0
0
0
0
0
0
0
0
0
0
4095
4095
0
0
0
0
0
0
0
0
0
0
0
0
0
0
4095
4095
0
0
0
0
0
0
0
0
0
0
0
0
0
0
4095
4095
0
0
0
0
0
0
0
0
0
0
0
0
0
0
4095
4095
0
0
0
0
0
0
0
0
0
0
0
0
0
0
4095
4095
0
0
0
0
0
0
0
0
0
0
0
0
0
0
4095
4095
0
0
0
0
0
0
0
0
0
0
0
0
0
0
4095
4095
0
0
0
0
0
0
0
0
0
0
0
0
0
0
4095
4095
0
0
0
0
0
0
0
0
0
0
0
0
0
0
4095
4095
0
0
0
0
0
0
0
0
0
0
0
0
0
0
4095
4095
0
0
0
0
0
0
0
0
0
0
0
0
0
0
4095
4095
0
0
0
0
0
0
0
0
0
0
0
0
0
0
4095
4095
0
0
0
0
0
0
0
0
0
0
0
0
0
0
4095
4095
0
0
0
0
0
0
0
0
0
0
0
0
0
0
4095
4095
0
0
0
0
0
0
0
0
0
0
0
0
0
0
4095
4095
0
0
0
0
0
0
0
0
0
0
0
0
0
0
4095
4095
0
0
0
0
0
0
0
0
0
0
0
0
0
0
4095
4095
0
0
0
0
0
0
0
0
0
0
0
0
0
0
4095
4095
0
0
0
0
0
0
0
0
0
0
0
0
0
0
4095
4095
0
0
0
0
0
0
0
0
0
0
0
0
0
0
4095
4095
0
0
0
0
0
0
0
0
0
0
0
0
0
0
4095
4095
0
0
0
0
0
0
0
0
0
0
0
0
0
0
4095
4095
0
0
0
0
0
0
0
0
0
0
0
0
0
0
4095
4095
0
0
0
0
0
0
0
0
0
0
0
0
0
0
4095
4095
0
0
0
0
0
0
0
0
0
0
0
0
0
0
4095
4095
0
0
0
0
0
0
0
0
0
0
0
0
0
0
4095
4095
0
0
0
0
0
0
0
0
0
0
0
0
0
0
4095
4095
0
0
0
0
0
0
0
0
0
0
0
0
0
0
4095
4095
0
0
0
0
0
0
0
0
0
0
0
0
0
0
4095
4095
0
0
0
0
0
0
0
0
0
0
0
0
0
0
4095
4095
0
0
0
0
0
0
0
0
0
0
0
0
0
0
4095
4095
0
0
0
0
0
0
0
0
0
0
0
0
0
0
4095
4095
0
0
0
0
0
0
0
0
0
0
0
0
0
0
4095
4095
0
0
0
0
0
0
0
0
0
0
0
0
0
0
4095
4095
0
0
0
0
0
0
0
0
0
0
0
0
0
0
4095
4095
0
0
0
0
0
0
0
0
0
0
0
0
0
0
4095
4095
0
0
0
0
0
0
0
0
0
0
0
0
0
0
4095
4095
0
0
0
0
0
0
0
0
0
0
0
0
0
0
4095
4095
0
0
0
0
0
0
0
0
0
0
0
0
0
0
4095
4095
0
0
0
0
0
0
0
0
0
0
0
0
0
0
4095
4095
0
0
0
0
0
0
0
0
0
0
0
0
0
0
4095
4095
0
0
0
0
0
0
0
0
0
0
0
0
0
0
4095
4095
0
0
0
0
0
0
0
0
0
0
0
0
0
0
4095
4095
0
0
0
0
0
0
0
0
0
0
0
0
0
0
4095
4095
0
0
0
0
0
0
0
0
0
0
0
0
0
0
4095
4095
0
0
0
0
0
0
0
0
0
0
0
0
0
0
4095
4095
0
0
0
0
0
0
0
0
0
0
0
0
0
0
4095
4095
0
0
0
0
0
0
0
0
0
0
0
0
0
0
4095
4095
0
0
0
0
0
0
0
0
0
0
0
0
0
0
4095
4095
0
0
0
0
0
0
0
0
0
0
0
0
0
0
4095
4095
0
0
0
0
0
0
0
0
0
0
0
0
0
0
4095
4095
0
0
0
0
0
0
0
0
0
0
0
0
0
0
4095
4095
0
0
0
0
0
0
0
0
0
0
0
0
0
0
4095
4095
0
0
0
0
0
0
0
0
0
0
0
0
0
0
4095
4095
0
0
0
0
0
0
0
0
0
0
0
0
0
0
4095
4095
0
0
0
0
0
0
0
0
0
0
0
0
0
0
4095
4095
0
0
0
0
0
0
0
0
0
0
0
0
0
0
4095
4095
0
0
0
0
0
0
0
0
0
0
0
0
0
0
4095
4095
0
0
0
0
0
0
0
0
0
0
0
0
0
0
4095
4095
0
0
0
0
0
0
0
0
0
0
0
0
0
0
4095
4095
0
0
0
0
0
0
0
0
0
0
0
0
0
0
4095
4095
0
0
0
0
0
0
0
0
0
0
0
0
0
0
4095
4095
0
0
0
0
0
0
0
0
0
0
0
0
0
0
4095
4095
0
0
0
0
0
0
0
0
0
0
0
0
0
0
4095
4095
0
0
0
0
0
0
0
0
0
0
0
0
0
0
4095
4095
0
0
0
0
0
0
0
0
0
0
0
0
0
0
4095
4095
0
0
0
0
0
0
0
0
0
0
0
0
0
0
4095
4095
0
0
0
0
0
0
0
0
0
0
0
0
0
0
4095
4095
0
0
0
0
0
0
0
0
0
0
0
0
0
0
4095
4095
0
0
0
0
0
0
0
0
0
0
0
0
0
0
4095
4095
0
0
0
0
0
0
0
0
0
0
0
0
0
0
4095
4095
0
0
0
0
0
0
0
0
0
0
0
0
0
0
4095
4095
0
0
0
0
0
0
0
0
0
0
0
0
0
0
4095
4095
0
0
0
0
0
0
0
0
0
0
0
0
0
0
4095
4095
0
0
0
0
0
0
0
0
0
0
0
0
0
0
4095
4095
0
0
0
0
0
0
0
0
0
0
0
0
0
0
4095
4095
0
0
0
0
0
0
0
0
0
0
0
0
0
0
4095
4095
0
0
0
0
0
0
0
0
0
0
0
0
0
0
4095
4095
0
0
0
0
0
0
0
0
0
0
0
0
0
0
4095
4095
0
0
0
0
0
0
0
0
0
0
0
0
0
0
4095
4095
0
0
0
0
0
0
0
0
0
0
0
0
0
0
4095
4095
0
0
0
0
0
0
0
0
0
0
0
0
0
0
4095
4095
0
0
0
0
0
0
0
0
0
0
0
0
0
0
4095
4095
0
0
0
0
0
0
0
0
0
0
0
0
0
0
4095
4095
0
0
0
0
0
0
0
0
0
0
0
0
0
0
4095
4095
0
0
0
0
0
0
0
0
0
0
0
0
0
0
4095
4095
0
0
0
0
0
0
0
0
0
0
0
0
0
0
4095
4095
0
0
0
0
0
0
0
0
0
0
0
0
0
0
4095
4095
0
0
0
0
0
0
0
0
0
0
0
0
0
0
4095
4095
0
0
0
0
0
0
0
0
0
0
0
0
0
0
4095
4095
0
0
0
0
0
0
0
0
0
0
0
0
0
0
4095
4095
0
0
0
0
0
0
0
0
0
0
0
0
0
0
4095
4095
0
0
0
0
0
0
0
0
0
0
0
0
0
0
4095
4095
0
0
0
0
0
0
0
0
0
0
0
0
0
0
4095
4095
0
0
0
0
0
0
0
0
0
0
0
0
0
0
4095
4095
0
0
0
0
0
0
0
0
0
0
0
0
0
0
4095
4095
0
0
0
0
0
0
0
0
0
0
0
0
0
0
4095
4095
0
0
0
0
0
0
0
0
0
0
0
0
0
0
4095
4095
0
0
0
0
0
0
0
0
0
0
0
0
0
0
4095
4095
0
0
0
0
0
0
0
0
0
0
0
0
0
0
4095
4095
0
0
0
0
0
0
0
0
0
0
0
0
0
0
4095
4095
0
0
0
0
0
0
0
0
0
0
0
0
0
0
4095
4095
0
0
0
0
0
0
0
0
0
0
0
0
0
0
4095
4095
0
0
0
0
0
0
0
0
0
0
0
0
0
0
4095
4095
0
0
0
0
0
0
0
0
0
0
0
0
0
0
4095
4095
0
0
0
0
0
0
0
0
0
0
0
0
0
0
4095
4095
0
0
0
0
0
0
0
0
0
0
0
0
0
0
4095
4095
0
0
0
0
0
0
0
0
0
0
0
0
0
0
4095
4095
0
0
0
0
0
0
0
0
0
0
0
0
0
0
4095
4095
0
0
0
0
0
0
0
0
0
0
0
0
0
0
4095
4095
0
0
0
0
0
0
0
0
0
0
0
0
0
0
4095
4095
0
0
0
0
0
0
0
0
0
0
0
0
0
0
4095
4095
0
0
0
0
0
0
0
0
0
0
0
0
0
0
4095
4095
0
0
0
0
0
0
0
0
0
0
0
0
0
0
4095
4095
0
0
0
0
0
0
0
0
0
0
0
0
0
0
4095
4095
0
0
0
0
0
0
0
0
0
0
0
0
0
0
4095
4095
0
0
0
0
0
0
0
0
0
0
0
0
0
0
4095
4095
0
0
0
0
0
0
0
0
0
0
0
0
0
0
4095
4095
0
0
0
0
0
0
0
0
0
0
0
0
0
0
4095
4095
0
0
0
0
0
0
0
0
0
0
0
0
0
0
4095
4095
0
0
0
0
0
0
0
0
0
0
0
0
0
0
4095
4095
0
0
0
0
0
0
0
0
0
0
0
0
0
0
4095
4095
0
0
0
0
0
0
0
0
0
0
0
0
0
0
4095
4095
0
0
0
0
0
0
0
0
0
0
0
0
0
0
4095
4095
0
0
0
0
0
0
0
0
0
0
0
0
0
0
4095
4095
0
0
0
0
0
0
0
0
0
0
0
0
0
0
4095
4095
0
0
0
0
0
0
0
0
0
0
0
0
0
0
4095
4095
0
0
0
0
0
0
0
0
0
0
0
0
0
0
4095
4095
0
0
0
0
0
0
0
0
0
0
0
0
0
0
4095
4095
0
0
0
0
0
0
0
0
0
0
0
0
0
0
4095
4095
0
0
0
0
0
0
0
0
0
0
0
0
0
0
4095
4095
0
0
0
0
0
0
0
0
0
0
0
0
0
0
4095
4095
0
0
0
0
0
0
0
0
0
0
0
0
0
0
4095
4095
0
0
0
0
0
0
0
0
0
0
0
0
0
0
4095
4095
0
0
0
0
0
0
0
0
0
0
0
0
0
0
4095
4095
0
0
0
0
0
0
0
0
0
0
0
0
0
0
4095
4095
0
0
0
0
0
0
0
0
0
0
0
0
0
0
4095
4095
0
0
0
0
0
0
0
0
0
0
0
0
0
0
4095
4095
0
0
0
0
0
0
0
0
0
0
0
0
0
0
4095
4095
0
0
0
0
0
0
0
0
0
0
0
0
0
0
4095
4095
0
0
0
0
0
0
0
0
0
0
0
0
0
0
4095
4095
0
0
0
0
0
0
0
0
0
0
0
0
0
0
4095
4095
0
0
0
0
0
0
0
0
0
0
0
0
0
0
4095
4095
0
0
0
0
0
0
0
0
0
0
0
0
0
0
4095
4095
0
0
0
0
0
0
0
0
0
0
0
0
0
0
4095
4095
0
0
0
0
0
0
0
0
0
0
0
0
0
0
4095
4095
0
0
0
0
0
0
0
0
0
0
0
0
0
0
4095
4095
0
0
0
0
0
0
0
0
0
0
0
0
0
0
4095
4095
0
0
0
0
0
0
0
0
0
0
0
0
0
0
4095
4095
0
0
0
0
0
0
0
0
0
0
0
0
0
0
4095
4095
0
0
0
0
0
0
0
0
0
0
0
0
0
0
4095
4095
0
0
0
0
0
0
0
0
0
0
0
0
0
0
4095
4095
0
0
0
0
0
0
0
0
0
0
0
0
0
0
4095
4095
0
0
0
0
0
0
0
0
0
0
0
0
0
0
4095
4095
0
0
0
0
0
0
0
0
0
0
0
0
0
0
4095
4095
0
0
0
0
0
0
0
0
0
0
0
0
0
0
4095
4095
0
0
0
0
0
0
0
0
0
0
0
0
0
0
4095
4095
0
0
0
0
0
0
0
0
0
0
0
0
0
0
4095
4095
0
0
0
0
0
0
0
0
0
0
0
0
0
0
4095
4095
0
0
0
0
0
0
0
0
0
0
0
0
0
0
4095
4095
0
0
0
0
0
0
0
0
0
0
0
0
0
0
4095
4095
0
0
0
0
0
0
0
0
0
0
0
0
0
0
4095
4095
0
0
0
0
0
0
0
0
0
0
0
0
0
0
4095
4095
0
0
0
0
0
0
0
0
0
0
0
0
0
0
4095
4095
0
0
0
0
0
0
0
0
0
0
0
0
0
0
4095
4095
0
0
0
0
0
0
0
0
0
0
0
0
0
0
4095
4095
0
0
0
0
0
0
0
0
0
0
0
0
0
0
4095
4095
0
0
0
0
0
0
0
0
0
0
0
0
0
0
4095
4095
0
0
0
0
0
0
0
0
0
0
0
0
0
0
4095
4095
0
0
0
0
0
0
0
0
0
0
0
0
0
0
4095
4095
0
0
0
0
0
0
0
0
0
0
0
0
0
0
4095
4095
0
0
0
0
0
0
0
0
0
0
0
0
0
0
4095
4095
0
0
0
0
0
0
0
0
0
0
0
0
0
0
4095
4095
0
0
0
0
0
0
0
0
0
0
0
0
0
0
4095
4095
0
0
0
0
0
0
0
0
0
0
0
0
0
0
4095
4095
0
0
0
0
0
0
0
0
0
0
0
0
0
0
4095
4095
0
0
0
0
0
0
0
0
0
0
0
0
0
0
4095
4095
0
0
0
0
0
0
0
0
0
0
0
0
0
0
4095
4095
0
0
0
0
0
0
0
0
0
0
0
0
0
0
4095
4095
0
0
0
0
0
0
0
0
0
0
0
0
0
0
4095
4095
0
0
0
0
0
0
0
0
0
0
0
0
0
0
4095
4095
0
0
0
0
0
0
0
0
0
0
0
0
0
0
4095
4095
0
0
0
0
0
0
0
0
0
0
0
0
0
0
4095
4095
0
0
0
0
0
0
0
0
0
0
0
0
0
0
4095
4095
0
0
0
0
0
0
0
0
0
0
0
0
0
0
4095
4095
0
0
0
0
0
0
