0
4095
0
0
0
0
0
0
0
4095
0
0
0
0
0
0
0
4095
0
0
0
0
0
0
0
4095
0
0
0
0
0
0
0
4095
0
0
0
0
0
0
0
4095
0
0
0
0
0
0
0
4095
0
0
0
0
0
0
0
4095
0
0
0
0
0
0
0
4095
0
0
0
0
0
0
0
4095
0
0
0
0
0
0
0
4095
0
0
0
0
0
0
0
4095
0
0
0
0
0
0
0
4095
0
0
0
0
0
0
0
4095
0
0
0
0
0
0
0
4095
0
0
0
0
0
0
0
4095
0
0
0
0
0
0
0
4095
0
0
0
0
0
0
0
4095
0
0
0
0
0
0
0
4095
0
0
0
0
0
0
0
4095
0
0
0
0
0
0
0
4095
0
0
0
0
0
0
0
4095
0
0
0
0
0
0
0
4095
0
0
0
0
0
0
4095
4090
0
0
0
0
0
0
16
4076
0
0
0
0
0
0
20
4072
0
0
0
0
0
0
24
4069
0
0
0
0
0
0
21
4072
0
0
0
0
0
0
24
4068
0
0
0
0
0
0
22
4074
0
0
0
0
0
0
5
4082
0
0
0
0
0
0
25
4073
0
0
0
0
0
0
2
4083
0
0
0
0
0
0
31
4070
0
0
0
0
0
0
4093
4087
0
0
0
0
0
0
33
4068
0
0
0
0
0
0
4093
4087
0
0
0
0
0
0
32
4065
0
0
0
0
0
0
7
4084
0
0
0
0
0
0
21
4067
0
0
0
0
0
0
30
4070
0
0
0
0
0
0
3
4075
0
0
0
0
0
0
58
4054
0
0
0
0
0
0
4074
4087
0
0
0
0
0
0
83
4041
0
0
0
0
0
0
4049
7
0
0
0
0
0
0
102
4028
0
0
0
0
0
0
4040
18
0
0
0
0
0
0
95
4028
0
0
0
0
0
0
4057
14
0
0
0
0
0
0
65
4038
0
0
0
0
0
0
4
4091
0
0
0
0
0
0
13
4062
0
0
0
0
0
0
66
4059
0
0
0
0
0
0
4045
0
0
0
0
0
0
0
128
4028
0
0
0
0
0
0
3976
40
0
0
0
0
0
0
183
3992
0
0
0
0
0
0
3943
63
0
0
0
0
0
0
207
3970
0
0
0
0
0
0
3943
77
0
0
0
0
0
0
168
3981
0
0
0
0
0
0
4002
55
0
0
0
0
0
0
90
4011
0
0
0
0
0
0
13
3
0
0
0
0
0
0
4069
4066
0
0
0
0
0
0
148
4029
0
0
0
0
0
0
3938
44
0
0
0
0
0
0
260
3965
0
0
0
0
0
0
3833
112
0
0
0
0
0
0
333
3914
0
0
0
0
0
0
3791
150
0
0
0
0
0
0
334
3898
0
0
0
0
0
0
3826
152
0
0
0
0
0
0
246
3926
0
0
0
0
0
0
3958
97
0
0
0
0
0
0
85
3999
0
0
0
0
0
0
48
8
0
0
0
0
0
0
3971
7
0
0
0
0
0
0
277
3974
0
0
0
0
0
0
3777
117
0
0
0
0
0
0
448
3871
0
0
0
0
0
0
3637
209
0
0
0
0
0
0
541
3799
0
0
0
0
0
0
3604
259
0
0
0
0
0
0
488
3804
0
0
0
0
0
0
3709
233
0
0
0
0
0
0
311
3873
0
0
0
0
0
0
3939
131
0
0
0
0
0
0
43
3998
0
0
0
0
0
0
149
4074
0
0
0
0
0
0
3819
71
0
0
0
0
0
0
461
3896
0
0
0
0
0
0
3551
228
0
0
0
0
0
0
687
3753
0
0
0
0
0
0
3386
349
0
0
0
0
0
0
761
3676
0
0
0
0
0
0
3409
375
0
0
0
0
0
0
651
3692
0
0
0
0
0
0
3622
296
0
0
0
0
0
0
366
3807
0
0
0
0
0
0
3988
125
0
0
0
0
0
0
4050
4012
0
0
0
0
0
0
318
4007
0
0
0
0
0
0
3602
165
0
0
0
0
0
0
721
3773
0
0
0
0
0
0
3260
375
0
0
0
0
0
0
983
3594
0
0
0
0
0
0
3107
504
0
0
0
0
0
0
1016
3523
0
0
0
0
0
0
3207
504
0
0
0
0
0
0
793
3591
0
0
0
0
0
0
3546
374
0
0
0
0
0
0
341
3792
0
0
0
0
0
0
4070
122
0
0
0
0
0
0
3866
4082
0
0
0
0
0
0
558
3904
0
0
0
0
0
0
3317
293
0
0
0
0
0
0
1055
3607
0
0
0
0
0
0
2917
552
0
0
0
0
0
0
1323
3404
0
0
0
0
0
0
2808
676
0
0
0
0
0
0
1271
3362
0
0
0
0
0
0
3021
634
0
0
0
0
0
0
898
3497
0
0
0
0
0
0
3538
415
0
0
0
0
0
0
260
3796
0
0
0
0
0
0
149
66
0
0
0
0
0
0
3614
85
0
0
0
0
0
0
887
3752
0
0
0
0
0
0
2947
475
0
0
0
0
0
0
1444
3406
0
0
0
0
0
0
2529
763
0
0
0
0
0
0
1688
3194
0
0
0
0
0
0
2495
871
0
0
0
0
0
0
1500
3211
0
0
0
0
0
0
2871
756
0
0
0
0
0
0
937
3433
0
0
0
0
0
0
3605
426
0
0
0
0
0
0
87
3846
0
0
0
0
0
0
414
4059
0
0
0
0
0
0
3265
240
0
0
0
0
0
0
1295
3555
0
0
0
0
0
0
2509
696
0
0
0
0
0
0
1896
3160
0
0
0
0
0
0
2114
995
0
0
0
0
0
0
2064
2967
0
0
0
0
0
0
2202
1061
0
0
0
0
0
0
1704
3054
0
0
0
0
0
0
2797
840
0
0
0
0
0
0
904
3398
0
0
0
0
0
0
3762
389
0
0
0
0
0
0
3922
3936
0
0
0
0
0
0
788
3893
0
0
0
0
0
0
2830
445
0
0
0
0
0
0
1774
3317
0
0
0
0
0
0
2009
959
0
0
0
0
0
0
2379
2892
0
0
0
0
0
0
1679
1253
0
0
0
0
0
0
2414
2743
0
0
0
0
0
0
1958
1232
0
0
0
0
0
0
1840
2929
0
0
0
0
0
0
2794
899
0
0
0
0
0
0
769
3415
0
0
0
0
0
0
4022
303
0
0
0
0
0
0
3547
4095
0
0
0
0
0
0
1239
3690
0
0
0
0
0
0
2307
702
0
0
0
0
0
0
2324
3032
0
0
0
0
0
0
1465
1257
0
0
0
0
0
0
2880
2600
0
0
0
0
0
0
1263
1510
0
0
0
0
0
0
2726
2532
0
0
0
0
0
0
1765
1393
0
0
0
0
0
0
1886
2848
0
0
0
0
0
0
2882
918
0
0
0
0
0
0
519
3492
0
0
0
0
0
0
296
160
0
0
0
0
0
0
3060
218
0
0
0
0
0
0
1794
3423
0
0
0
0
0
0
1710
1007
0
0
0
0
0
0
2926
2709
0
0
0
0
0
0
892
1585
0
0
0
0
0
0
3366
2313
0
0
0
0
0
0
858
1779
0
0
0
0
0
0
2977
2342
0
0
0
0
0
0
1658
1516
0
0
0
0
0
0
1823
2810
0
0
0
0
0
0
3115
853
0
0
0
0
0
0
161
3618
0
0
0
0
0
0
798
4030
0
0
0
0
0
0
2487
481
0
0
0
0
0
0
2455
3086
0
0
0
0
0
0
1047
1356
0
0
0
0
0
0
3574
2343
0
0
0
0
0
0
330
1913
0
0
0
0
0
0
3843
2004
0
0
0
0
0
0
543
2004
0
0
0
0
0
0
3149
2180
0
0
0
0
0
0
1664
1586
0
0
0
0
0
0
1646
2831
0
0
0
0
0
0
3463
737
0
0
0
0
0
0
3759
3829
0
0
0
0
0
0
1401
3758
0
0
0
0
0
0
1793
825
0
0
0
0
0
0
3173
2713
0
0
0
0
0
0
342
1742
0
0
0
0
0
0
126
1968
0
0
0
0
0
0
3879
2253
0
0
0
0
0
0
151
1727
0
0
0
0
0
0
303
2203
0
0
0
0
0
0
3210
2066
0
0
0
0
0
0
1808
1587
0
0
0
0
0
0
1323
2928
0
0
0
0
0
0
3949
546
0
0
0
0
0
0
3127
21
0
0
0
0
0
0
2114
3415
0
0
0
0
0
0
1018
1224
0
0
0
0
0
0
3947
2297
0
0
0
0
0
0
3703
2164
0
0
0
0
0
0
749
1594
0
0
0
0
0
0
3379
2585
0
0
0
0
0
0
469
1483
0
0
0
0
0
0
177
2355
0
0
0
0
0
0
3122
2028
0
0
0
0
0
0
2089
1518
0
0
0
0
0
0
864
3094
0
0
0
0
0
0
487
266
0
0
0
0
0
0
2393
362
0
0
0
0
0
0
2945
2993
0
0
0
0
0
0
180
1667
0
0
0
0
0
0
658
1845
0
0
0
0
0
0
2987
2587
0
0
0
0
0
0
1333
1223
0
0
0
0
0
0
2967
2883
0
0
0
0
0
0
668
1294
0
0
0
0
0
0
180
2446
0
0
0
0
0
0
2899
2053
0
0
0
0
0
0
2531
1367
0
0
0
0
0
0
241
3353
0
0
0
0
0
0
1251
4004
0
0
0
0
0
0
1546
774
0
0
0
0
0
0
3854
2511
0
0
0
0
0
0
3411
2138
0
0
0
0
0
0
1466
1374
0
0
0
0
0
0
2321
2994
0
0
0
0
0
0
1851
863
0
0
0
0
0
0
2681
3119
0
0
0
0
0
0
750
1149
0
0
0
0
0
0
351
2450
0
0
0
0
0
0
2503
2174
0
0
0
0
0
0
3122
1135
0
0
0
0
0
0
3569
3701
0
0
0
0
0
0
2127
3587
0
0
0
0
0
0
592
1269
0
0
0
0
0
0
693
2012
0
0
0
0
0
0
2512
2650
0
0
0
0
0
0
2242
905
0
0
0
0
0
0
1706
3401
0
0
0
0
0
0
2242
566
0
0
0
0
0
0
2517
3306
0
0
0
0
0
0
665
1088
0
0
0
0
0
0
694
2366
0
0
0
0
0
0
1948
2376
0
0
0
0
0
0
3876
809
0
0
0
0
0
0
2670
31
0
0
0
0
0
0
3110
3094
0
0
0
0
0
0
3672
1804
0
0
0
0
0
0
1675
1463
0
0
0
0
0
0
1640
3163
0
0
0
0
0
0
2956
450
0
0
0
0
0
0
1206
3757
0
0
0
0
0
0
2508
317
0
0
0
0
0
0
2524
3410
0
0
0
0
0
0
407
1114
0
0
0
0
0
0
1203
2197
0
0
0
0
0
0
1221
2676
0
0
0
0
0
0
685
394
0
0
0
0
0
0
1651
531
0
0
0
0
0
0
94
2529
0
0
0
0
0
0
2624
2377
0
0
0
0
0
0
2639
910
0
0
0
0
0
0
818
3673
0
0
0
0
0
0
3570
35
0
0
0
0
0
0
828
4068
0
0
0
0
0
0
2608
151
0
0
0
0
0
0
2694
3439
0
0
0
0
0
0
4051
1246
0
0
0
0
0
0
1894
1924
0
0
0
0
0
0
329
3069
0
0
0
0
0
0
1735
3978
0
0
0
0
0
0
538
1097
0
0
0
0
0
0
1218
1925
0
0
0
0
0
0
1561
2978
0
0
0
0
0
0
3571
347
0
0
0
0
0
0
90
50
0
0
0
0
0
0
4061
3762
0
0
0
0
0
0
620
198
0
0
0
0
0
0
2527
71
0
0
0
0
0
0
3063
3364
0
0
0
0
0
0
3407
1482
0
0
0
0
0
0
2762
1555
0
0
0
0
0
0
3373
3570
0
0
0
0
0
0
2876
3416
0
0
0
0
0
0
3429
1738
0
0
0
0
0
0
2366
1289
0
0
0
0
0
0
523
3588
0
0
0
0
0
0
329
3902
0
0
0
0
0
0
3574
478
0
0
0
0
0
0
1274
198
0
0
0
0
0
0
3727
3593
0
0
0
0
0
0
1889
2164
0
0
0
0
0
0
4002
1101
0
0
0
0
0
0
1935
51
0
0
0
0
0
0
328
2871
0
0
0
0
0
0
548
1569
0
0
0
0
0
0
1659
1260
0
0
0
0
0
0
1896
2677
0
0
0
0
0
0
3818
354
0
0
0
0
0
0
3609
121
0
0
0
0
0
0
1111
3372
0
0
0
0
0
0
2135
17
0
0
0
0
0
0
1416
4089
0
0
0
0
0
0
3191
2675
0
0
0
0
0
0
3438
2017
0
0
0
0
0
0
1368
1948
0
0
0
0
0
0
518
3196
0
0
0
0
0
0
1015
404
0
0
0
0
0
0
776
824
0
0
0
0
0
0
1328
2067
0
0
0
0
0
0
967
3101
0
0
0
0
0
0
497
4081
0
0
0
0
0
0
2773
656
0
0
0
0
0
0
2618
3822
0
0
0
0
0
0
1854
302
0
0
0
0
0
0
2061
848
0
0
0
0
0
0
2562
4008
0
0
0
0
0
0
667
568
0
0
0
0
0
0
2159
72
0
0
0
0
0
0
2199
2073
0
0
0
0
0
0
61
1904
0
0
0
0
0
0
3237
2802
0
0
0
0
0
0
3366
2861
0
0
0
0
0
0
1511
1801
0
0
0
0
0
0
205
3528
0
0
0
0
0
0
3636
613
0
0
0
0
0
0
1748
1063
0
0
0
0
0
0
2341
267
0
0
0
0
0
0
1242
3517
0
0
0
0
0
0
1420
334
0
0
0
0
0
0
1058
4062
0
0
0
0
0
0
438
2844
0
0
0
0
0
0
240
3559
0
0
0
0
0
0
2734
2673
0
0
0
0
0
0
339
1268
0
0
0
0
0
0
2390
253
0
0
0
0
0
0
2102
1374
0
0
0
0
0
0
230
1533
0
0
0
0
0
0
1746
1902
0
0
0
0
0
0
3289
871
0
0
0
0
0
0
2731
2320
0
0
0
0
0
0
2526
3081
0
0
0
0
0
0
2764
3613
0
0
0
0
0
0
2922
106
0
0
0
0
0
0
1070
2893
0
0
0
0
0
0
2788
3180
0
0
0
0
0
0
1053
165
0
0
0
0
0
0
3290
709
0
0
0
0
0
0
2184
2082
0
0
0
0
0
0
1466
678
0
0
0
0
0
0
849
1485
0
0
0
0
0
0
751
3275
0
0
0
0
0
0
1658
800
0
0
0
0
0
0
84
1256
0
0
0
0
0
0
525
2153
0
0
0
0
0
0
90
2739
0
0
0
0
0
0
1412
3330
0
0
0
0
0
0
2952
2873
0
0
0
0
0
0
7
515
0
0
0
0
0
0
2831
2910
0
0
0
0
0
0
1615
2674
0
0
0
0
0
0
853
174
0
0
0
0
0
0
2432
1196
0
0
0
0
0
0
3458
901
0
0
0
0
0
0
2193
2452
0
0
0
0
0
0
2416
3031
0
0
0
0
0
0
574
2558
0
0
0
0
0
0
47
1434
0
0
0
0
0
0
2077
693
0
0
0
0
0
0
3942
2292
0
0
0
0
0
0
1017
612
0
0
0
0
0
0
3753
2036
0
0
0
0
0
0
4049
4080
0
0
0
0
0
0
3059
626
0
0
0
0
0
0
516
4069
0
0
0
0
0
0
2762
2704
0
0
0
0
0
0
2495
1503
0
0
0
0
0
0
2519
3296
0
0
0
0
0
0
2269
2055
0
0
0
0
0
0
3176
2042
0
0
0
0
0
0
807
548
0
0
0
0
0
0
1989
227
0
0
0
0
0
0
1448
401
0
0
0
0
0
0
2700
3260
0
0
0
0
0
0
301
1784
0
0
0
0
0
0
2642
3952
0
0
0
0
0
0
1034
2803
0
0
0
0
0
0
1765
2823
0
0
0
0
0
0
369
3958
0
0
0
0
0
0
1558
2931
0
0
0
0
0
0
3874
2566
0
0
0
0
0
0
377
609
0
0
0
0
0
0
1299
581
0
0
0
0
0
0
3718
1369
0
0
0
0
0
0
451
1253
0
0
0
0
0
0
2167
2166
0
0
0
0
0
0
777
1230
0
0
0
0
0
0
2806
1426
0
0
0
0
0
0
1948
2317
0
0
0
0
0
0
2473
2124
0
0
0
0
0
0
3789
691
0
0
0
0
0
0
3437
481
0
0
0
0
0
0
3084
325
0
0
0
0
0
0
2772
3135
0
0
0
0
0
0
4009
1094
0
0
0
0
0
0
2429
224
0
0
0
0
0
0
306
2793
0
0
0
0
0
0
2917
1078
0
0
0
0
0
0
3195
289
0
0
0
0
0
0
2802
4074
0
0
0
0
0
0
1084
2544
0
0
0
0
0
0
152
2451
0
0
0
0
0
0
3338
49
0
0
0
0
0
0
2391
2355
0
0
0
0
0
0
101
6
0
0
0
0
0
0
3953
3463
0
0
0
0
0
0
2280
595
0
0
0
0
0
0
1775
1154
0
0
0
0
0
0
1330
1847
0
0
0
0
0
0
785
1670
0
0
0
0
0
0
2307
1690
0
0
0
0
0
0
3258
2744
0
0
0
0
0
0
1785
2407
0
0
0
0
0
0
1389
248
0
0
0
0
0
0
657
3164
0
0
0
0
0
0
1637
1919
0
0
0
0
0
0
1100
2989
0
0
0
0
0
0
897
3683
0
0
0
0
0
0
3278
1437
0
0
0
0
0
0
3946
3112
0
0
0
0
0
0
1352
126
0
0
0
0
0
0
2762
2721
0
0
0
0
0
0
3584
1085
0
0
0
0
0
0
757
3851
0
0
0
0
0
0
2468
1836
0
0
0
0
0
0
3737
1064
0
0
0
0
0
0
599
2698
0
0
0
0
0
0
1398
3657
0
0
0
0
0
0
3430
353
0
0
0
0
0
0
1223
2433
0
0
0
0
0
0
2040
3534
0
0
0
0
0
0
34
3614
0
0
0
0
0
0
3191
2179
0
0
0
0
0
0
2148
3603
0
0
0
0
0
0
67
3817
0
0
0
0
0
0
1605
2485
0
0
0
0
0
0
375
1926
0
0
0
0
0
0
2016
1787
0
0
0
0
0
0
2957
3772
0
0
0
0
0
0
3079
1064
0
0
0
0
0
0
4003
1982
0
0
0
0
0
0
80
3233
0
0
0
0
0
0
2129
1515
0
0
0
0
0
0
1451
4086
0
0
0
0
0
0
206
972
0
0
0
0
0
0
1962
591
0
0
0
0
0
0
1437
1244
0
0
0
0
0
0
434
3116
0
0
0
0
0
0
3284
188
0
0
0
0
0
0
3054
1294
0
0
0
0
0
0
2778
3263
0
0
0
0
0
0
2944
3994
0
0
0
0
0
0
2526
823
0
0
0
0
0
0
2906
2208
0
0
0
0
0
0
3304
1154
0
0
0
0
0
0
276
275
0
0
0
0
0
0
3993
466
0
0
0
0
0
0
4039
2843
0
0
0
0
0
0
1932
488
0
0
0
0
0
0
3858
381
0
0
0
0
0
0
2638
1519
0
0
0
0
0
0
3623
3323
0
0
0
0
0
0
938
4057
0
0
0
0
0
0
873
2760
0
0
0
0
0
0
2892
1033
0
0
0
0
0
0
1460
717
0
0
0
0
0
0
1087
1290
0
0
0
0
0
0
90
27
0
0
0
0
0
0
531
2722
0
0
0
0
0
0
446
2699
0
0
0
0
0
0
1385
861
0
0
0
0
0
0
2458
3032
0
0
0
0
0
0
37
2494
0
0
0
0
0
0
915
3846
0
0
0
0
0
0
1890
1911
0
0
0
0
0
0
1543
688
0
0
0
0
0
0
1254
4016
0
0
0
0
0
0
1830
3094
0
0
0
0
0
0
1106
1876
0
0
0
0
0
0
1048
2755
0
0
0
0
0
0
3740
3827
0
0
0
0
0
0
300
3468
0
0
0
0
0
0
45
1233
0
0
0
0
0
0
2272
3492
0
0
0
0
0
0
311
3643
0
0
0
0
0
0
1511
2485
0
0
0
0
0
0
622
656
0
0
0
0
0
0
3153
4083
0
0
0
0
0
0
3390
1211
0
0
0
0
0
0
1170
3036
0
0
0
0
0
0
2808
3240
0
0
0
0
0
0
2997
2766
0
0
0
0
0
0
70
3932
0
0
0
0
0
0
3573
1330
0
0
0
0
0
0
3771
1281
0
0
0
0
0
0
2759
3170
0
0
0
0
0
0
1727
962
0
0
0
0
0
0
48
1516
0
0
0
0
0
0
3240
167
0
0
0
0
0
0
2313
2081
0
0
0
0
0
0
2612
3328
0
0
0
0
0
0
2944
4074
0
0
0
0
0
0
2328
921
0
0
0
0
0
0
3081
2123
0
0
0
0
0
0
3119
1260
0
0
0
0
0
0
427
185
0
0
0
0
0
0
3875
542
0
0
0
0
0
0
23
2781
0
0
0
0
0
0
1908
508
0
0
0
0
0
0
3870
360
0
0
0
0
0
0
2660
1516
0
0
0
0
0
0
3581
3337
0
0
0
0
0
0
999
4026
0
0
0
0
0
0
826
2780
0
0
0
0
0
0
2945
1000
0
0
0
0
0
0
1430
737
0
0
0
0
0
0
1100
1284
0
0
0
0
0
0
77
41
0
0
0
0
0
0
522
2726
0
0
0
0
0
0
456
2694
0
0
0
0
0
0
1376
866
0
0
0
0
0
0
2466
3025
0
0
0
0
0
0
32
2510
0
0
0
0
0
0
879
3859
0
0
0
0
0
0
1934
1899
0
0
0
0
0
0
1465
716
0
0
0
0
0
0
1366
3961
0
0
0
0
0
0
1705
3150
0
0
0
0
0
0
1256
1800
0
0
0
0
0
0
886
2842
0
0
0
0
0
0
3896
3738
0
0
0
0
0
0
164
3552
0
0
0
0
0
0
152
1159
0
0
0
0
0
0
2211
3547
0
0
0
0
0
0
313
3623
0
0
0
0
0
0
1555
2493
0
0
0
0
0
0
494
703
0
0
0
0
0
0
3324
4018
0
0
0
0
0
0
3158
1313
0
0
0
0
0
0
1448
2905
0
0
0
0
0
0
2495
3401
0
0
0
0
0
0
1397
3757
0
0
0
0
0
0
1828
1777
0
0
0
0
0
0
2220
904
0
0
0
0
0
0
138
1022
0
0
0
0
0
0
3378
3784
0
0
0
0
0
0
1415
1268
0
0
0
0
0
0
2306
3137
0
0
0
0
0
0
3330
184
0
0
0
0
0
0
583
3278
0
0
0
0
0
0
310
3007
0
0
0
0
0
0
3430
1481
0
0
0
0
0
0
2669
418
0
0
0
0
0
0
769
3644
0
0
0
0
0
0
2931
1592
0
0
0
0
0
0
2128
470
0
0
0
0
0
0
75
379
0
0
0
0
0
0
938
1860
0
0
0
0
0
0
2048
386
0
0
0
0
0
0
4
209
0
0
0
0
0
0
2528
1528
0
0
0
0
0
0
3879
2069
0
0
0
0
0
0
1990
2288
0
0
0
0
0
0
1440
144
0
0
0
0
0
0
801
3076
0
0
0
0
0
0
529
1840
0
0
0
0
0
0
3737
954
0
0
0
0
0
0
2432
2280
0
0
0
0
0
0
2362
134
0
0
0
0
0
0
174
2842
0
0
0
0
0
0
1998
3581
0
0
0
0
0
0
3833
1271
0
0
0
0
0
0
1212
2920
0
0
0
0
0
0
1823
2414
0
0
0
0
0
0
1473
2800
0
0
0
0
0
0
3078
1534
0
0
0
0
0
0
759
2696
0
0
0
0
0
0
957
3891
0
0
0
0
0
0
3838
157
0
0
0
0
0
0
22
3964
0
0
0
0
0
0
3284
3470
0
0
0
0
0
0
1850
3434
0
0
0
0
0
0
137
1591
0
0
0
0
0
0
2796
2198
0
0
0
0
0
0
275
1454
0
0
0
0
0
0
1911
2325
0
0
0
0
0
0
907
1194
0
0
0
0
0
0
2593
1532
0
0
0
0
0
0
3303
3084
0
0
0
0
0
0
3124
1722
0
0
0
0
0
0
3586
956
0
0
0
0
0
0
3095
784
0
0
0
0
0
0
2972
423
0
0
0
0
0
0
2737
3186
0
0
0
0
0
0
3924
1150
0
0
0
0
0
0
2477
195
0
0
0
0
0
0
266
2831
0
0
0
0
0
0
994
2205
0
0
0
0
0
0
1273
2034
0
0
0
0
0
0
1941
624
0
0
0
0
0
0
1163
2616
0
0
0
0
0
0
3776
2690
0
0
0
0
0
0
3809
3930
0
0
0
0
0
0
1822
2646
0
0
0
0
0
0
686
3792
0
0
0
0
0
0
2212
3458
0
0
0
0
0
0
3638
3361
0
0
0
0
0
0
176
1375
0
0
0
0
0
0
816
2314
0
0
0
0
0
0
2398
272
0
0
0
0
0
0
2007
1787
0
0
0
0
0
0
3993
2351
0
0
0
0
0
0
4033
3505
0
0
0
0
0
0
30
1298
0
0
0
0
0
0
2351
351
0
0
0
0
0
0
3327
3750
0
0
0
0
0
0
1446
2634
0
0
0
0
0
0
47
1144
0
0
0
0
0
0
1014
1037
0
0
0
0
0
0
2030
3083
0
0
0
0
0
0
584
743
0
0
0
0
0
0
2691
767
0
0
0
0
0
0
1238
1048
0
0
0
0
0
0
234
3448
0
0
0
0
0
0
1114
1196
0
0
0
0
0
0
2804
1221
0
0
0
0
0
0
1907
3111
0
0
0
0
0
0
1099
3213
0
0
0
0
0
0
896
2865
0
0
0
0
0
0
2299
1271
0
0
0
0
0
0
1879
887
0
0
0
0
0
0
3578
1444
0
0
0
0
0
0
117
2519
0
0
0
0
0
0
2033
3365
0
0
0
0
0
0
2427
2833
0
0
0
0
0
0
1201
1067
0
0
0
0
0
0
3658
2612
0
0
0
0
0
0
206
17
0
0
0
0
0
0
3713
2804
0
0
0
0
0
0
113
3792
0
0
0
0
0
0
17
683
0
0
0
0
0
0
2425
2120
0
0
0
0
0
0
2328
1954
0
0
0
0
0
0
3125
116
0
0
0
0
0
0
3074
3554
0
0
0
0
0
0
1952
1451
0
0
0
0
0
0
1078
3636
0
0
0
0
0
0
3897
1989
0
0
0
0
0
0
101
523
0
0
0
0
0
0
2702
2878
0
0
0
0
0
0
3177
1694
0
0
0
0
0
0
3232
3791
0
0
0
0
0
0
1529
2856
0
0
0
0
0
0
3925
2403
0
0
0
0
0
0
1972
2112
0
0
0
0
0
0
822
465
0
0
0
0
0
0
1951
686
0
0
0
0
0
0
2791
3186
0
0
0
0
0
0
1342
3830
0
0
0
0
0
0
3365
913
0
0
0
0
0
0
1298
838
0
0
0
0
0
0
3343
3777
0
0
0
0
0
0
1338
2643
0
0
0
0
0
0
3687
2375
0
0
0
0
0
0
553
955
0
0
0
0
0
0
2080
2347
0
0
0
0
0
0
1485
1579
0
0
0
0
0
0
3376
1306
0
0
0
0
0
0
4047
2528
0
0
0
0
0
0
2535
475
0
0
0
0
0
0
1333
708
0
0
0
0
0
0
1611
1713
0
0
0
0
0
0
2777
940
0
0
0
0
0
0
2867
2449
0
0
0
0
0
0
630
1653
0
0
0
0
0
0
1931
3026
0
0
0
0
0
0
1497
3503
0
0
0
0
0
0
138
3738
0
0
0
0
0
0
3893
3941
0
0
0
0
0
0
2086
1013
0
0
0
0
0
0
1374
2088
0
0
0
0
0
0
3709
3018
0
0
0
0
0
0
1594
1225
0
0
0
0
0
0
2966
1474
0
0
0
0
0
0
99
801
0
0
0
0
0
0
2067
55
0
0
0
0
0
0
327
2634
0
0
0
0
0
0
1892
2545
0
0
0
0
0
0
3830
464
0
0
0
0
0
0
3372
239
0
0
0
0
0
0
1285
3272
0
0
0
0
0
0
2033
88
0
0
0
0
0
0
1450
4050
0
0
0
0
0
0
3235
2665
0
0
0
0
0
0
3349
2063
0
0
0
0
0
0
1473
1874
0
0
0
0
0
0
467
3250
0
0
0
0
0
0
991
370
0
0
0
0
0
0
932
794
0
0
0
0
0
0
1030
2160
0
0
0
0
0
0
1444
2913
0
0
0
0
0
0
3945
270
0
0
0
0
0
0
3576
269
0
0
0
0
0
0
761
3428
0
0
0
0
0
0
2817
3881
0
0
0
0
0
0
426
414
0
0
0
0
0
0
2349
1822
0
0
0
0
0
0
57
2983
0
0
0
0
0
0
2302
3911
0
0
0
0
0
0
3808
1205
0
0
0
0
0
0
3518
2452
0
0
0
0
0
0
2736
2700
0
0
0
0
0
0
1861
1496
0
0
0
0
0
0
915
3428
0
0
0
0
0
0
3902
149
0
0
0
0
0
0
3919
228
0
0
0
0
0
0
94
3671
0
0
0
0
0
0
3711
3501
0
0
0
0
0
0
3443
926
0
0
0
0
0
0
3522
1236
0
0
0
0
0
0
2945
3625
0
0
0
0
0
0
3456
3274
0
0
0
0
0
0
1798
984
0
0
0
0
0
0
260
1929
0
0
0
0
0
0
3448
1899
0
0
0
0
0
0
2189
1200
0
0
0
0
0
0
1162
3319
0
0
0
0
0
0
3647
157
0
0
0
0
0
0
412
11
0
0
0
0
0
0
3409
3990
0
0
0
0
0
0
1555
3892
0
0
0
0
0
0
1388
621
0
0
0
0
0
0
202
2725
0
0
0
0
0
0
2174
2168
0
0
0
0
0
0
3868
887
0
0
0
0
0
0
2526
39
0
0
0
0
0
0
3395
2980
0
0
0
0
0
0
3352
1946
0
0
0
0
0
0
2015
1287
0
0
0
0
0
0
1347
3326
0
0
0
0
0
0
3177
314
0
0
0
0
0
0
1084
3843
0
0
0
0
0
0
2543
277
0
0
0
0
0
0
2567
3402
0
0
0
0
0
0
312
1166
0
0
0
0
0
0
1296
2137
0
0
0
0
0
0
1147
2753
0
0
0
0
0
0
649
367
0
0
0
0
0
0
1808
509
0
0
0
0
0
0
3861
2637
0
0
0
0
0
0
3127
2179
0
0
0
0
0
0
1961
1208
0
0
0
0
0
0
1652
3280
0
0
0
0
0
0
2609
526
0
0
0
0
0
0
1826
3534
0
0
0
0
0
0
1629
708
0
0
0
0
0
0
3565
2906
0
0
0
0
0
0
3372
1711
0
0
0
0
0
0
2298
1576
0
0
0
0
0
0
268
3260
0
0
0
0
0
0
1403
3988
0
0
0
0
0
0
1278
875
0
0
0
0
0
0
73
2375
0
0
0
0
0
0
3070
2319
0
0
0
0
0
0
1748
1218
0
0
0
0
0
0
2097
3135
0
0
0
0
0
0
1969
778
0
0
0
0
0
0
2655
3150
0
0
0
0
0
0
709
1157
0
0
0
0
0
0
444
2402
0
0
0
0
0
0
2406
2239
0
0
0
0
0
0
3179
1075
0
0
0
0
0
0
3599
3732
0
0
0
0
0
0
1970
3612
0
0
0
0
0
0
905
1169
0
0
0
0
0
0
197
2209
0
0
0
0
0
0
3188
2349
0
0
0
0
0
0
1422
1293
0
0
0
0
0
0
2654
2919
0
0
0
0
0
0
1255
1092
0
0
0
0
0
0
3485
2757
0
0
0
0
0
0
3896
1620
0
0
0
0
0
0
1355
1916
0
0
0
0
0
0
1546
2724
0
0
0
0
0
0
3934
624
0
0
0
0
0
0
2995
25
0
0
0
0
0
0
2380
3311
0
0
0
0
0
0
710
1361
0
0
0
0
0
0
176
2125
0
0
0
0
0
0
3435
2309
0
0
0
0
0
0
965
1458
0
0
0
0
0
0
3266
2665
0
0
0
0
0
0
496
1449
0
0
0
0
0
0
223
2342
0
0
0
0
0
0
3032
2077
0
0
0
0
0
0
2181
1459
0
0
0
0
0
0
800
3159
0
0
0
0
0
0
456
237
0
0
0
0
0
0
2545
335
0
0
0
0
0
0
2642
3088
0
0
0
0
0
0
667
1471
0
0
0
0
0
0
7
2132
0
0
0
0
0
0
3784
2206
0
0
0
0
0
0
436
1673
0
0
0
0
0
0
3931
2361
0
0
0
0
0
0
3845
1813
0
0
0
0
0
0
1017
1932
0
0
0
0
0
0
2251
2500
0
0
0
0
0
0
2906
1042
0
0
0
0
0
0
181
3538
0
0
0
0
0
0
930
4018
0
0
0
0
0
0
2248
567
0
0
0
0
0
0
2749
2953
0
0
0
0
0
0
747
1513
0
0
0
0
0
0
3825
2207
0
0
0
0
0
0
127
2042
0
0
0
0
0
0
3947
1933
0
0
0
0
0
0
502
2050
0
0
0
0
0
0
3096
2203
0
0
0
0
0
0
1734
1556
0
0
0
0
0
0
1544
2902
0
0
0
0
0
0
3511
686
0
0
0
0
0
0
3780
3861
0
0
0
0
0
0
1258
3778
0
0
0
0
0
0
2087
726
0
0
0
0
0
0
2735
2882
0
0
0
0
0
0
953
1471
0
0
0
0
0
0
3475
2325
0
0
0
0
0
0
628
1828
0
0
0
0
0
0
3346
2211
0
0
0
0
0
0
1173
1712
0
0
0
0
0
0
2419
2554
0
0
0
0
0
0
2405
1179
0
0
0
0
0
0
959
3243
0
0
0
0
0
0
4002
377
0
0
0
0
0
0
3429
8
0
0
0
0
0
0
1462
3607
0
0
0
0
0
0
2043
823
0
0
0
0
0
0
2594
2894
0
0
0
0
0
0
1227
1394
0
0
0
0
0
0
3042
2507
0
0
0
0
0
0
1145
1595
0
0
0
0
0
0
2754
2500
0
0
0
0
0
0
1799
1387
0
0
0
0
0
0
1806
2887
0
0
0
0
0
0
2976
848
0
0
0
0
0
0
486
3527
0
0
0
0
0
0
285
122
0
0
0
0
0
0
3200
188
0
0
0
0
0
0
1541
3502
0
0
0
0
0
0
2113
848
0
0
0
0
0
0
2378
2947
0
0
0
0
0
0
1579
1255
0
0
0
0
0
0
2600
2700
0
0
0
0
0
0
1666
1347
0
0
0
0
0
0
2188
2789
0
0
0
0
0
0
2369
1080
0
0
0
0
0
0
1273
3189
0
0
0
0
0
0
3435
579
0
0
0
0
0
0
102
3781
0
0
0
0
0
0
522
4044
0
0
0
0
0
0
3084
305
0
0
0
0
0
0
1522
3453
0
0
0
0
0
0
2273
818
0
0
0
0
0
0
2098
3049
0
0
0
0
0
0
1958
1092
0
0
0
0
0
0
2148
2907
0
0
0
0
0
0
2182
1085
0
0
0
0
0
0
1676
3059
0
0
0
0
0
0
2862
806
0
0
0
0
0
0
833
3447
0
0
0
0
0
0
3803
344
0
0
0
0
0
0
3944
3957
0
0
0
0
0
0
669
3916
0
0
0
0
0
0
3062
367
0
0
0
0
0
0
1423
3455
0
0
0
0
0
0
2492
746
0
0
0
0
0
0
1785
3176
0
0
0
0
0
0
2349
917
0
0
0
0
0
0
1692
3137
0
0
0
0
0
0
2640
849
0
0
0
0
0
0
1216
3312
0
0
0
0
0
0
3273
569
0
0
0
0
0
0
484
3661
0
0
0
0
0
0
4068
166
0
0
0
0
0
0
3779
4089
0
0
0
0
0
0
723
3841
0
0
0
0
0
0
3123
380
0
0
0
0
0
0
1250
3506
0
0
0
0
0
0
2751
646
0
0
0
0
0
0
1449
3329
0
0
0
0
0
0
2725
738
0
0
0
0
0
0
1286
3345
0
0
0
0
0
0
3041
632
0
0
0
0
0
0
844
3523
0
0
0
0
0
0
3597
374
0
0
0
0
0
0
229
3826
0
0
0
0
0
0
144
34
0
0
0
0
0
0
3715
62
0
0
0
0
0
0
703
3807
0
0
0
0
0
0
3247
353
0
0
0
0
0
0
1049
3580
0
0
0
0
0
0
3019
534
0
0
0
0
0
0
1117
3485
0
0
0
0
0
0
3087
551
0
0
0
0
0
0
935
3526
0
0
0
0
0
0
3399
427
0
0
0
0
0
0
550
3697
0
0
0
0
0
0
3837
225
0
0
0
0
0
0
51
3956
0
0
0
0
0
0
223
4060
0
0
0
0
0
0
3700
111
0
0
0
0
0
0
614
3822
0
0
0
0
0
0
3409
294
0
0
0
0
0
0
833
3664
0
0
0
0
0
0
3299
398
0
0
0
0
0
0
829
3623
0
0
0
0
0
0
3404
382
0
0
0
0
0
0
637
3691
0
0
0
0
0
0
3666
273
0
0
0
0
0
0
317
3841
0
0
0
0
0
0
4013
100
0
0
0
0
0
0
4058
4029
0
0
0
0
0
0
255
4010
0
0
0
0
0
0
3757
109
0
0
0
0
0
0
497
3860
0
0
0
0
0
0
3576
232
0
0
0
0
0
0
607
3772
0
0
0
0
0
0
3539
287
0
0
0
0
0
0
557
3772
0
0
0
0
0
0
3641
263
0
0
0
0
0
0
383
3843
0
0
0
0
0
0
3856
161
0
0
0
0
0
0
159
3950
0
0
0
0
0
0
1
37
0
0
0
0
0
0
4018
4078
0
0
0
0
0
0
219
4008
0
0
0
0
0
0
3833
94
0
0
0
0
0
0
362
3914
0
0
0
0
0
0
3739
165
0
0
0
0
0
0
399
3877
0
0
0
0
0
0
3744
184
0
0
0
0
0
0
343
3886
0
0
0
0
0
0
3848
141
0
0
0
0
0
0
220
3939
0
0
0
0
0
0
3991
74
0
0
0
0
0
0
66
4016
0
0
0
0
0
0
48
4089
0
0
0
0
0
0
4020
0
0
0
0
0
0
0
172
4012
0
0
0
0
0
0
3930
56
0
0
0
0
0
0
243
3960
0
0
0
0
0
0
3900
86
0
0
0
0
0
0
236
3957
0
0
0
0
0
0
3917
89
0
0
0
0
0
0
193
3969
0
0
0
0
0
0
3978
65
0
0
0
0
0
0
110
4007
0
0
0
0
0
0
4077
11
0
0
0
0
0
0
29
4048
0
0
0
0
0
0
60
4062
0
0
0
0
0
0
4058
4089
0
0
0
0
0
0
113
4030
0
0
0
0
0
0
4018
21
0
0
0
0
0
0
131
4015
0
0
0
0
0
0
4014
30
0
0
0
0
0
0
119
4016
0
0
0
0
0
0
4031
27
0
0
0
0
0
0
84
4033
0
0
0
0
0
0
4070
7
0
0
0
0
0
0
50
4049
0
0
0
0
0
0
13
4080
0
0
0
0
0
0
20
4065
0
0
0
0
0
0
44
4063
0
0
0
0
0
0
4093
4080
0
0
0
0
0
0
57
4054
0
0
0
0
0
0
4088
4085
0
0
0
0
0
0
53
4055
0
0
0
0
0
0
4087
4090
0
0
0
0
0
0
40
4062
0
0
0
0
0
0
0
4088
0
0
0
0
0
0
27
4070
0
0
0
0
0
0
6
4085
0
0
0
0
0
0
17
4077
0
0
0
0
0
0
12
4081
0
0
0
0
0
0
12
4080
0
0
0
0
0
0
13
4082
0
0
0
0
0
0
7
4081
0
0
0
0
0
0
26
4069
0
0
0
0
0
0
14
4076
0
0
0
0
0
0
27
4066
0
0
0
0
0
0
19
4071
0
0
0
0
0
0
29
4066
0
0
0
0
0
0
19
4077
0
0
0
0
0
0
9
4087
0
0
0
0
0
0
3
4092
0
0
0
0
0
0
1
4094
0
0
0
0
0
0
0
4095
0
0
0
0
0
0
0
4095
0
0
0
0
0
0
0
4095
0
0
0
0
0
0
0
4095
0
0
0
0
0
0
0
4095
0
0
0
0
0
0
0
4095
0
0
0
0
0
0
0
4095
0
0
0
0
0
0
0
4095
0
0
0
0
0
0
0
4095
0
0
0
0
0
0
0
4095
0
0
0
0
0
0
0
4095
0
0
0
0
0
0
0
4095
0
0
0
0
0
0
0
4095
0
0
0
0
0
0
0
4095
0
0
0
0
0
0
0
4095
0
0
0
0
0
0
0
4095
0
0
0
0
0
0
0
4095
0
0
0
0
0
0
0
4095
0
0
0
0
0
0
0
4095
0
0
0
0
0
0
0
4095
0
0
0
0
0
0
0
4095
0
0
0
0
0
0
0
4095
0
0
0
0
0
0
0
4095
0
0
0
0
0
0
0
4095
0
0
0
0
0
0
0
4095
0
0
0
0
0
0
0
4095
0
0
0
0
0
0
0
4095
0
0
0
0
0
0
0
4095
0
0
0
0
0
0
0
4095
0
0
0
0
0
0
0
4095
0
0
0
0
0
0
0
4095
0
0
0
0
0
0
0
4095
0
0
0
0
0
0
0
4095
0
0
0
0
0
0
0
4095
0
0
0
0
0
0
0
4095
0
0
0
0
0
0
0
4095
0
0
0
0
0
0
0
4095
0
0
0
0
0
0
0
4095
0
0
0
0
0
0
0
4095
0
0
0
0
0
0
0
4095
0
0
0
0
0
0
0
4095
0
0
0
0
0
0
0
4095
0
0
0
0
0
0
0
4095
0
0
0
0
0
0
0
4095
0
0
0
0
0
0
0
4095
0
0
0
0
0
0
0
4095
0
0
0
0
0
0
0
4095
0
0
0
0
0
0
0
4095
0
0
0
0
0
0
0
4095
0
0
0
0
0
0
0
4095
0
0
0
0
0
0
0
4095
0
0
0
0
0
0
0
4095
0
0
0
0
0
0
0
4095
0
0
0
0
0
0
0
4095
0
0
0
0
0
0
0
4095
0
0
0
0
0
0
0
4095
0
0
0
0
0
0
0
4095
0
0
0
0
0
0
0
4095
0
0
0
0
0
0
0
4095
0
0
0
0
0
0
0
4095
0
0
0
0
0
0
0
4095
0
0
0
0
0
0
0
4095
0
0
0
0
0
0
0
4095
0
0
0
0
0
0
0
4095
0
0
0
0
0
0
0
4095
0
0
0
0
0
0
0
4095
0
0
0
0
0
0
0
4095
0
0
0
0
0
0
0
4095
0
0
0
0
0
0
0
4095
0
0
0
0
0
0
0
4095
0
0
0
0
0
0
0
4095
0
0
0
0
0
0
0
4095
0
0
0
0
0
0
0
4095
0
0
0
0
0
0
0
4095
0
0
0
0
0
0
0
4095
0
0
0
0
0
0
0
4095
0
0
0
0
0
0
0
4095
0
0
0
0
0
0
0
4095
0
0
0
0
0
0
0
4095
0
0
0
0
0
0
0
4095
0
0
0
0
0
0
0
4095
0
0
0
0
0
0
0
4095
0
0
0
0
0
0
0
4095
0
0
0
0
0
0
0
4095
0
0
0
0
0
0
0
4095
0
0
0
0
0
0
0
4095
0
0
0
0
0
0
0
4095
0
0
0
0
0
0
0
4095
0
0
0
0
0
0
0
4095
0
0
0
0
0
0
0
4095
0
0
0
0
0
0
0
4095
0
0
0
0
0
0
0
4095
0
0
0
0
0
0
0
4095
0
0
0
0
0
0
0
4095
0
0
0
0
0
0
0
4095
0
0
0
0
0
0
0
4095
0
0
0
0
0
0
0
4095
0
0
0
0
0
0
0
4095
0
0
0
0
0
0
0
4095
0
0
0
0
0
0
0
4095
0
0
0
0
0
0
0
4095
0
0
0
0
0
0
0
4095
0
0
0
0
0
0
0
4095
0
0
0
0
0
0
0
4095
0
0
0
0
0
0
0
4095
0
0
0
0
0
0
0
4095
0
0
0
0
0
0
0
4095
0
0
0
0
0
0
0
4095
0
0
0
0
0
0
0
4095
0
0
0
0
0
0
0
4095
0
0
0
0
0
0
0
4095
0
0
0
0
0
0
0
4095
0
0
0
0
0
0
0
4095
0
0
0
0
0
0
0
4095
0
0
0
0
0
0
0
4095
0
0
0
0
0
0
0
4095
0
0
0
0
0
0
0
4095
0
0
0
0
0
0
0
4095
0
0
0
0
0
0
0
4095
0
0
0
0
0
0
0
4095
0
0
0
0
0
0
0
4095
0
0
0
0
0
0
0
4095
0
0
0
0
0
0
0
4095
0
0
0
0
0
0
0
4095
0
0
0
0
0
0
0
4095
0
0
0
0
0
0
0
4095
0
0
0
0
0
0
0
4095
0
0
0
0
0
0
0
4095
0
0
0
0
0
0
0
4095
0
0
0
0
0
0
0
4095
0
0
0
0
0
0
0
4095
0
0
0
0
0
0
0
4095
0
0
0
0
0
0
0
4095
0
0
0
0
0
0
0
4095
0
0
0
0
0
0
0
4095
0
0
0
0
0
0
0
4095
0
0
0
0
0
0
0
4095
0
0
0
0
0
0
0
4095
0
0
0
0
0
0
0
4095
0
0
0
0
0
0
0
4095
0
0
0
0
0
0
0
4095
0
0
0
0
0
0
0
4095
0
0
0
0
0
0
0
4095
0
0
0
0
0
0
0
4095
0
0
0
0
0
0
0
4095
0
0
0
0
0
0
0
4095
0
0
0
0
0
0
0
4095
0
0
0
0
0
0
0
4095
0
0
0
0
0
0
0
4095
0
0
0
0
0
0
0
4095
0
0
0
0
0
0
0
4095
0
0
0
0
0
0
0
4095
0
0
0
0
0
0
0
4095
0
0
0
0
0
0
0
4095
0
0
0
0
0
0
0
4095
0
0
0
0
0
0
0
4095
0
0
0
0
0
0
0
4095
0
0
0
0
0
0
0
4095
0
0
0
0
0
0
0
4095
0
0
0
0
0
0
0
4095
0
0
0
0
0
0
0
4095
0
0
0
0
0
0
0
4095
0
0
0
0
0
0
0
4095
0
0
0
0
0
0
0
4095
0
0
0
0
0
0
0
4095
0
0
0
0
0
0
0
4095
0
0
0
0
0
0
0
4095
0
0
0
0
0
0
0
4095
0
0
0
0
0
0
0
4095
0
0
0
0
0
0
0
4095
0
0
0
0
0
0
0
4095
0
0
0
0
0
0
0
4095
0
0
0
0
0
0
0
4095
0
0
0
0
0
0
0
4095
0
0
0
0
0
0
0
4095
0
0
0
0
0
0
0
4095
0
0
0
0
0
0
0
4095
0
0
0
0
0
0
0
4095
0
0
0
0
0
0
0
4095
0
0
0
0
0
0
0
4095
0
0
0
0
0
0
0
4095
0
0
0
0
0
0
0
4095
0
0
0
0
0
0
0
4095
0
0
0
0
0
0
0
4095
0
0
0
0
0
0
0
4095
0
0
0
0
0
0
0
4095
0
0
0
0
0
0
0
4095
0
0
0
0
0
0
0
4095
0
0
0
0
0
0
0
4095
0
0
0
0
0
0
0
4095
0
0
0
0
0
0
0
4095
0
0
0
0
0
0
0
4095
0
0
0
0
0
0
0
4095
0
0
0
0
0
0
0
4095
0
0
0
0
0
0
0
4095
0
0
0
0
0
0
0
4095
0
0
0
0
0
0
0
4095
0
0
0
0
0
0
0
4095
0
0
0
0
0
0
0
4095
0
0
0
0
0
0
0
4095
0
0
0
0
0
0
0
4095
0
0
0
0
0
0
0
4095
0
0
0
0
0
0
0
4095
0
0
0
0
0
0
0
4095
0
0
0
0
0
0
0
4095
0
0
0
0
0
0
0
4095
0
0
0
0
0
0
0
4095
0
0
0
0
0
0
0
4095
0
0
0
0
0
0
0
4095
0
0
0
0
0
0
0
4095
0
0
0
0
0
0
0
4095
0
0
0
0
0
0
0
4095
0
0
0
0
0
0
0
4095
0
0
0
0
0
0
0
4095
0
0
0
0
0
0
0
4095
0
0
0
0
0
0
0
4095
0
0
0
0
0
0
0
4095
0
0
0
0
0
0
0
4095
0
0
0
0
0
0
0
4095
0
0
0
0
0
0
0
4095
0
0
0
0
0
0
0
4095
0
0
0
0
0
0
0
4095
0
0
0
0
0
0
0
4095
0
0
0
0
0
0
0
4095
0
0
0
0
0
0
0
4095
0
0
0
0
0
0
0
4095
0
0
0
0
0
0
0
4095
0
0
0
0
0
0
0
4095
0
0
0
0
0
0
0
4095
0
0
0
0
0
0
0
4095
0
0
0
0
0
0
0
4095
0
0
0
0
0
0
0
4095
0
0
0
0
0
0
0
4095
0
0
0
0
0
0
0
4095
0
0
0
0
0
0
0
4095
0
0
0
0
0
0
0
4095
0
0
0
0
0
0
0
4095
0
0
0
0
0
0
0
4095
0
0
0
0
0
0
0
4095
0
0
0
0
0
0
0
4095
0
0
0
0
0
0
0
4095
0
0
0
0
0
0
0
4095
0
0
0
0
0
0
0
4095
0
0
0
0
0
0
0
4095
0
0
0
0
0
0
0
4095
0
0
0
0
0
0
0
4095
0
0
0
0
0
0
0
4095
0
0
0
0
0
0
0
4095
0
0
0
0
0
0
0
4095
0
0
0
0
0
0
0
4095
0
0
0
0
0
0
0
4095
0
0
0
0
0
0
0
4095
0
0
0
0
0
0
0
4095
0
0
0
0
0
0
0
4095
0
0
0
0
0
0
0
4095
0
0
0
0
0
0
0
4095
0
0
0
0
0
0
0
4095
0
0
0
0
0
0
0
4095
0
0
0
0
0
0
0
4095
0
0
0
0
0
0
0
4095
0
0
0
0
0
0
0
4095
0
0
0
0
0
0
0
4095
0
0
0
0
0
0
0
4095
0
0
0
0
0
0
0
4095
0
0
0
0
0
0
0
4095
0
0
0
0
0
0
0
4095
0
0
0
0
0
0
0
4095
0
0
0
0
0
0
0
4095
0
0
0
0
0
0
0
4095
0
0
0
0
0
0
0
4095
0
0
0
0
0
0
0
4095
0
0
0
0
0
0
0
4095
0
0
0
0
0
0
0
4095
0
0
0
0
0
0
0
4095
0
0
0
0
0
0
0
4095
0
0
0
0
0
0
0
4095
0
0
0
0
0
0
0
4095
0
0
0
0
0
0
0
4095
0
0
0
0
0
0
0
4095
0
0
0
0
0
0
0
4095
0
0
0
0
0
0
0
4095
0
0
0
0
0
0
0
4095
0
0
0
0
0
0
0
4095
0
0
0
0
0
0
0
4095
0
0
0
0
0
0
0
4095
0
0
0
0
0
0
0
4095
0
0
0
0
0
0
0
4095
0
0
0
0
0
0
0
4095
0
0
0
0
0
0
0
4095
0
0
0
0
0
0
0
4095
0
0
0
0
0
0
0
4095
0
0
0
0
0
0
0
4095
0
0
0
0
0
0
0
4095
0
0
0
0
0
0
0
4095
0
0
0
0
0
0
0
4095
0
0
0
0
0
0
0
4095
0
0
0
0
0
0
0
4095
0
0
0
0
0
0
0
4095
0
0
0
0
0
0
0
4095
0
0
0
0
0
0
0
4095
0
0
0
0
0
0
0
4095
0
0
0
0
0
0
0
4095
0
0
0
0
0
0
0
4095
0
0
0
0
0
0
0
4095
0
0
0
0
0
0
0
4095
0
0
0
0
0
0
0
4095
0
0
0
0
0
0
0
4095
0
0
0
0
0
0
0
4095
0
0
0
0
0
0
0
4095
0
0
0
0
0
0
0
4095
0
0
0
0
0
0
0
4095
0
0
0
0
0
0
0
4095
0
0
0
0
0
0
0
4095
0
0
0
0
0
0
0
4095
0
0
0
0
0
0
0
4095
0
0
0
0
0
0
0
4095
0
0
0
0
0
0
0
4095
0
0
0
0
0
0
0
4095
0
0
0
0
0
0
0
4095
0
0
0
0
0
0
0
4095
0
0
0
0
0
0
0
4095
0
0
0
0
0
0
0
4095
0
0
0
0
0
0
0
4095
0
0
0
0
0
0
0
4095
0
0
0
0
0
0
0
4095
0
0
0
0
0
0
0
4095
0
0
0
0
0
0
0
4095
0
0
0
0
0
0
0
4095
0
0
0
0
0
0
0
4095
0
0
0
0
0
0
0
4095
0
0
0
0
0
0
0
4095
0
0
0
0
0
0
0
4095
0
0
0
0
0
0
0
4095
0
0
0
0
0
0
0
4095
0
0
0
0
0
0
0
4095
0
0
0
0
0
0
0
4095
0
0
0
0
0
0
0
4095
0
0
0
0
0
0
0
4095
0
0
0
0
0
0
0
4095
0
0
0
0
0
0
0
4095
0
0
0
0
0
0
0
4095
0
0
0
0
0
0
0
4095
0
0
0
0
0
0
0
4095
0
0
0
0
0
0
0
4095
0
0
0
0
0
0
0
4095
0
0
0
0
0
0
0
4095
0
0
0
0
0
0
0
4095
0
0
0
0
0
0
0
4095
0
0
0
0
0
0
0
4095
0
0
0
0
0
0
0
4095
0
0
0
0
0
0
0
4095
0
0
0
0
0
0
0
4095
0
0
0
0
0
0
0
4095
0
0
0
0
0
0
0
4095
0
0
0
0
0
0
0
4095
0
0
0
0
0
0
0
4095
0
0
0
0
0
0
0
4095
0
0
0
0
0
0
0
4095
0
0
0
0
0
0
0
4095
0
0
0
0
0
0
0
4095
0
0
0
0
0
0
0
4095
0
0
0
0
0
0
0
4095
0
0
0
0
0
0
0
4095
0
0
0
0
0
0
0
4095
0
0
0
0
0
0
0
4095
0
0
0
0
0
0
0
4095
0
0
0
0
0
0
0
4095
0
0
0
0
0
0
0
4095
0
0
0
0
0
0
0
4095
0
0
0
0
0
0
0
4095
0
0
0
0
0
0
0
4095
0
0
0
0
0
0
0
4095
0
0
0
0
0
0
0
4095
0
0
0
0
0
0
0
4095
0
0
0
0
0
0
0
4095
0
0
0
0
0
0
0
4095
0
0
0
0
0
0
0
4095
0
0
0
0
0
0
0
4095
0
0
0
0
0
0
0
4095
0
0
0
0
0
0
0
4095
0
0
0
0
0
0
0
4095
0
0
0
0
0
0
0
4095
0
0
0
0
0
0
0
4095
0
0
0
0
0
0
0
4095
0
0
0
0
0
0
0
4095
0
0
0
0
0
0
0
4095
0
0
0
0
0
0
0
4095
0
0
0
0
0
0
0
4095
0
0
0
0
0
0
0
4095
0
0
0
0
0
0
0
4095
0
0
0
0
0
0
0
4095
0
0
0
0
0
0
0
4095
0
0
0
0
0
0
0
4095
0
0
0
0
0
0
0
4095
0
0
0
0
0
0
0
4095
0
0
0
0
0
0
0
4095
0
0
0
0
0
0
0
4095
0
0
0
0
0
0
0
4095
0
0
0
0
0
0
0
4095
0
0
0
0
0
0
0
4095
0
0
0
0
0
0
0
4095
0
0
0
0
0
0
0
4095
0
0
0
0
0
0
0
4095
0
0
0
0
0
0
0
4095
0
0
0
0
0
0
0
4095
0
0
0
0
0
0
0
4095
0
0
0
0
0
0
0
4095
0
0
0
0
0
0
0
4095
0
0
0
0
0
0
0
4095
0
0
0
0
0
0
0
4095
0
0
0
0
0
0
0
4095
0
0
0
0
0
0
0
4095
0
0
0
0
0
0
0
4095
0
0
0
0
0
0
0
4095
0
0
0
0
0
0
0
4095
0
0
0
0
0
0
0
4095
0
0
0
0
0
0
0
4095
0
0
0
0
0
0
0
4095
0
0
0
0
0
0
0
4095
0
0
0
0
0
0
0
4095
0
0
0
0
0
0
0
4095
0
0
0
0
0
0
0
4095
0
0
0
0
0
0
0
4095
0
0
0
0
0
0
0
4095
0
0
0
0
0
0
0
4095
0
0
0
0
0
0
0
4095
0
0
0
0
0
0
0
4095
0
0
0
0
0
0
0
4095
0
0
0
0
0
0
0
4095
0
0
0
0
0
0
0
4095
0
0
0
0
0
0
0
4095
0
0
0
0
0
0
0
4095
0
0
0
0
0
0
0
4095
0
0
0
0
0
0
0
4095
0
0
0
0
0
0
0
4095
0
0
0
0
0
0
0
4095
0
0
0
0
0
0
0
4095
0
0
0
0
0
0
0
4095
0
0
0
0
0
0
0
4095
0
0
0
0
0
0
0
4095
0
0
0
0
0
0
0
4095
0
0
0
0
0
0
0
4095
0
0
0
0
0
0
0
4095
0
0
0
0
0
0
0
4095
0
0
0
0
0
0
0
4095
0
0
0
0
0
0
0
4095
0
0
0
0
0
0
0
4095
0
0
0
0
0
0
0
4095
0
0
0
0
0
0
0
4095
0
0
0
0
0
0
0
4095
0
0
0
0
0
0
0
4095
0
0
0
0
0
0
0
4095
0
0
0
0
0
0
0
4095
0
0
0
0
0
0
0
4095
0
0
0
0
0
0
0
4095
0
0
0
0
0
0
0
4095
0
0
0
0
0
0
0
4095
0
0
0
0
0
0
0
4095
0
0
0
0
0
0
0
4095
0
0
0
0
0
0
0
4095
0
0
0
0
0
0
0
4095
0
0
0
0
0
0
0
4095
0
0
0
0
0
0
0
4095
0
0
0
0
0
0
0
4095
0
0
0
0
0
0
0
4095
0
0
0
0
0
0
0
4095
0
0
0
0
0
0
0
4095
0
0
0
0
0
0
0
4095
0
0
0
0
0
0
0
4095
0
0
0
0
0
0
0
4095
0
0
0
0
0
0
0
4095
0
0
0
0
0
0
0
4095
0
0
0
0
0
0
0
4095
0
0
0
0
0
0
0
4095
0
0
0
0
0
0
0
4095
0
0
0
0
0
0
0
4095
0
0
0
0
0
0
0
4095
0
0
0
0
0
0
0
4095
0
0
0
0
0
0
0
4095
0
0
0
0
0
0
0
4095
0
0
0
0
0
0
0
4095
0
0
0
0
0
0
0
4095
0
0
0
0
0
0
0
4095
0
0
0
0
0
0
0
4095
0
0
0
0
0
0
0
4095
0
0
0
0
0
0
0
4095
0
0
0
0
0
0
0
4095
0
0
0
0
0
0
0
4095
0
0
0
0
0
0
0
4095
0
0
0
0
0
0
0
4095
0
0
0
0
0
0
0
4095
0
0
0
0
0
0
0
4095
0
0
0
0
0
0
0
4095
0
0
0
0
0
0
0
4095
0
0
0
0
0
0
0
4095
0
0
0
0
0
0
0
4095
0
0
0
0
0
0
0
4095
0
0
0
0
0
0
0
4095
0
0
0
0
0
0
0
4095
0
0
0
0
0
0
0
4095
0
0
0
0
0
0
0
4095
0
0
0
0
0
0
0
4095
0
0
0
0
0
0
0
4095
0
0
0
0
0
0
0
4095
0
0
0
0
0
0
0
4095
0
0
0
0
0
0
0
4095
0
0
0
0
0
0
0
4095
0
0
0
0
0
0
0
4095
0
0
0
0
0
0
0
4095
0
0
0
0
0
0
0
4095
0
0
0
0
0
0
0
4095
0
0
0
0
0
0
0
4095
0
0
0
0
0
0
0
4095
0
0
0
0
0
0
0
4095
0
0
0
0
0
0
0
4095
0
0
0
0
0
0
0
4095
0
0
0
0
0
0
0
4095
0
0
0
0
0
0
0
4095
0
0
0
0
0
0
0
4095
0
0
0
0
0
0
0
4095
0
0
0
0
0
0
0
4095
0
0
0
0
0
0
0
4095
0
0
0
0
0
0
0
4095
0
0
0
0
0
0
0
4095
0
0
0
0
0
0
0
4095
0
0
0
0
0
0
0
4095
0
0
0
0
0
0
0
4095
0
0
0
0
0
0
0
4095
0
0
0
0
0
0
0
4095
0
0
0
0
0
0
0
4095
0
0
0
0
0
0
0
4095
0
0
0
0
0
0
0
4095
0
0
0
0
0
0
0
4095
0
0
0
0
0
0
0
4095
0
0
0
0
0
0
0
4095
0
0
0
0
0
0
0
4095
0
0
0
0
0
0
0
4095
0
0
0
0
0
0
0
4095
0
0
0
0
0
0
0
4095
0
0
0
0
0
0
0
4095
0
0
0
0
0
0
0
4095
0
0
0
0
0
0
0
4095
0
0
0
0
0
0
0
4095
0
0
0
0
0
0
0
4095
0
0
0
0
0
0
0
4095
0
0
0
0
0
0
0
4095
0
0
0
0
0
0
0
4095
0
0
0
0
0
0
0
4095
0
0
0
0
0
0
0
4095
0
0
0
0
0
0
0
4095
0
0
0
0
0
0
0
4095
0
0
0
0
0
0
0
4095
0
0
0
0
0
0
0
4095
0
0
0
0
0
0
0
4095
0
0
0
0
0
0
0
4095
0
0
0
0
0
0
0
4095
0
0
0
0
0
0
0
4095
0
0
0
0
0
0
0
4095
0
0
0
0
0
0
0
4095
0
0
0
0
0
0
0
4095
0
0
0
0
0
0
0
4095
0
0
0
0
0
0
0
4095
0
0
0
0
0
0
0
4095
0
0
0
0
0
0
0
4095
0
0
0
0
0
0
0
4095
0
0
0
0
0
0
0
4095
0
0
0
0
0
0
0
4095
0
0
0
0
0
0
0
4095
0
0
0
0
0
0
0
4095
0
0
0
0
0
0
0
4095
0
0
0
0
0
0
0
4095
0
0
0
0
0
0
0
4095
0
0
0
0
0
0
0
4095
0
0
0
0
0
0
0
4095
0
0
0
0
0
0
0
4095
0
0
0
0
0
0
0
4095
0
0
0
0
0
0
0
4095
0
0
0
0
0
0
0
4095
0
0
0
0
0
0
0
4095
0
0
0
0
0
0
0
4095
0
0
0
0
0
0
0
4095
0
0
0
0
0
0
0
4095
0
0
0
0
0
0
0
4095
0
0
0
0
0
0
0
4095
0
0
0
0
0
0
0
4095
0
0
0
0
0
0
0
4095
0
0
0
0
0
0
0
4095
0
0
0
0
0
0
0
4095
0
0
0
0
0
0
0
4095
0
0
0
0
0
0
0
4095
0
0
0
0
0
0
0
4095
0
0
0
0
0
0
0
4095
0
0
0
0
0
0
0
4095
0
0
0
0
0
0
0
4095
0
0
0
0
0
0
0
4095
0
0
0
0
0
0
0
4095
0
0
0
0
0
0
0
4095
0
0
0
0
0
0
0
4095
0
0
0
0
0
0
0
4095
0
0
0
0
0
0
0
4095
0
0
0
0
0
0
0
4095
0
0
0
0
0
0
0
4095
0
0
0
0
0
0
0
4095
0
0
0
0
0
0
0
4095
0
0
0
0
0
0
0
4095
0
0
0
0
0
0
0
4095
0
0
0
0
0
0
0
4095
0
0
0
0
0
0
0
4095
0
0
0
0
0
0
0
4095
0
0
0
0
0
0
0
4095
0
0
0
0
0
0
0
4095
0
0
0
0
0
0
0
4095
0
0
0
0
0
0
0
4095
0
0
0
0
0
0
0
4095
0
0
0
0
0
0
0
4095
0
0
0
0
0
0
0
4095
0
0
0
0
0
0
0
4095
0
0
0
0
0
0
0
4095
0
0
0
0
0
0
0
4095
0
0
0
0
0
0
0
4095
0
0
0
0
0
0
0
4095
0
0
0
0
0
0
0
4095
0
0
0
0
0
0
0
4095
0
0
0
0
0
0
0
4095
0
0
0
0
0
0
0
4095
0
0
0
0
0
0
0
4095
0
0
0
0
0
0
0
4095
0
0
0
0
0
0
0
4095
0
0
0
0
0
0
0
4095
0
0
0
0
0
0
0
4095
0
0
0
0
0
0
0
4095
0
0
0
0
0
0
0
4095
0
0
0
0
0
0
0
4095
0
0
0
0
0
0
0
4095
0
0
0
0
0
0
0
4095
0
0
0
0
0
0
0
4095
0
0
0
0
0
0
0
4095
0
0
0
0
0
0
0
4095
0
0
0
0
0
0
0
4095
0
0
0
0
0
0
0
4095
0
0
0
0
0
0
0
4095
0
0
0
0
0
0
0
4095
0
0
0
0
0
0
0
4095
0
0
0
0
0
0
0
4095
0
0
0
0
0
0
0
4095
0
0
0
0
0
0
0
4095
0
0
0
0
0
0
0
4095
0
0
0
0
0
0
0
4095
0
0
0
0
0
0
0
4095
0
0
0
0
0
0
0
4095
0
0
0
0
0
0
0
4095
0
0
0
0
0
0
0
4095
0
0
0
0
0
0
0
4095
0
0
0
0
0
0
0
4095
0
0
0
0
0
0
0
4095
0
0
0
0
0
0
0
4095
0
0
0
0
0
0
0
4095
0
0
0
0
0
0
0
4095
0
0
0
0
0
0
0
4095
0
0
0
0
0
0
0
4095
0
0
0
0
0
0
0
4095
0
0
0
0
0
0
0
4095
0
0
0
0
0
0
0
4095
0
0
0
0
0
0
0
4095
0
0
0
0
0
0
0
4095
0
0
0
0
0
0
0
4095
0
0
0
0
0
0
0
4095
0
0
0
0
0
0
0
4095
0
0
0
0
0
0
0
4095
0
0
0
0
0
0
0
4095
0
0
0
0
0
0
0
4095
0
0
0
0
0
0
0
4095
0
0
0
0
0
0
0
4095
0
0
0
0
0
0
0
4095
0
0
0
0
0
0
0
4095
0
0
0
0
0
0
0
4095
0
0
0
0
0
0
0
4095
0
0
0
0
0
0
0
4095
0
0
0
0
0
0
0
4095
0
0
0
0
0
0
0
4095
0
0
0
0
0
0
0
4095
0
0
0
0
0
0
0
4095
0
0
0
0
0
0
0
4095
0
0
0
0
0
0
0
4095
0
0
0
0
0
0
0
4095
0
0
0
0
0
0
0
4095
0
0
0
0
0
0
0
4095
0
0
0
0
0
0
0
4095
0
0
0
0
0
0
0
4095
0
0
0
0
0
0
0
4095
0
0
0
0
0
0
0
4095
0
0
0
0
0
0
0
4095
0
0
0
0
0
0
0
4095
0
0
0
0
0
0
0
4095
0
0
0
0
0
0
0
4095
0
0
0
0
0
0
0
4095
0
0
0
0
0
0
0
4095
0
0
0
0
0
0
0
4095
0
0
0
0
0
0
0
4095
0
0
0
0
0
0
0
4095
0
0
0
0
0
0
0
4095
0
0
0
0
0
0
0
4095
0
0
0
0
0
0
0
4095
0
0
0
0
0
0
0
4095
0
0
0
0
0
0
0
4095
0
0
0
0
0
0
0
4095
0
0
0
0
0
0
0
4095
0
0
0
0
0
0
0
4095
0
0
0
0
0
0
0
4095
0
0
0
0
0
0
0
4095
0
0
0
0
0
0
0
4095
0
0
0
0
0
0
0
4095
0
0
0
0
0
0
0
4095
0
0
0
0
0
0
0
4095
0
0
0
0
0
0
0
4095
0
0
0
0
0
0
0
4095
0
0
0
0
0
0
0
4095
0
0
0
0
0
0
0
4095
0
0
0
0
0
0
0
4095
0
0
0
0
0
0
0
4095
0
0
0
0
0
0
0
4095
0
0
0
0
0
0
0
4095
0
0
0
0
0
0
0
4095
0
0
0
0
0
0
0
4095
0
0
0
0
0
0
0
4095
0
0
0
0
0
0
0
4095
0
0
0
0
0
0
0
4095
0
0
0
0
0
0
0
4095
0
0
0
0
0
0
0
4095
0
0
0
0
0
0
0
4095
0
0
0
0
0
0
0
4095
0
0
0
0
0
0
0
4095
0
0
0
0
0
0
0
4095
0
0
0
0
0
0
0
4095
0
0
0
0
0
0
0
4095
0
0
0
0
0
0
0
4095
0
0
0
0
0
0
0
4095
0
0
0
0
0
0
0
4095
0
0
0
0
0
0
0
4095
0
0
0
0
0
0
0
4095
0
0
0
0
0
0
0
4095
0
0
0
0
0
0
0
4095
0
0
0
0
0
0
0
4095
0
0
0
0
0
0
0
4095
0
0
0
0
0
0
0
4095
0
0
0
0
0
0
0
4095
0
0
0
0
0
0
0
4095
0
0
0
0
0
0
0
4095
0
0
0
0
0
0
0
4095
0
0
0
0
0
0
0
4095
0
0
0
0
0
0
0
4095
0
0
0
0
0
0
0
4095
0
0
0
0
0
0
0
4095
0
0
0
0
0
0
0
4095
0
0
0
0
0
0
0
4095
0
0
0
0
0
0
0
4095
0
0
0
0
0
0
0
4095
0
0
0
0
0
0
0
4095
0
0
0
0
0
0
0
4095
0
0
0
0
0
0
0
4095
0
0
0
0
0
0
0
4095
0
0
0
0
0
0
0
4095
0
0
0
0
0
0
0
4095
0
0
0
0
0
0
0
4095
0
0
0
0
0
0
0
4095
0
0
0
0
0
0
0
4095
0
0
0
0
0
0
0
4095
0
0
0
0
0
0
0
4095
0
0
0
0
0
0
0
4095
0
0
0
0
0
0
0
4095
0
0
0
0
0
0
0
4095
0
0
0
0
0
0
0
4095
0
0
0
0
0
0
0
4095
0
0
0
0
0
0
0
4095
0
0
0
0
0
0
0
4095
0
0
0
0
0
0
0
4095
0
0
0
0
0
0
0
4095
0
0
0
0
0
0
0
4095
0
0
0
0
0
0
0
4095
0
0
0
0
0
0
0
4095
0
0
0
0
0
0
0
4095
0
0
0
0
0
0
0
4095
0
0
0
0
0
0
0
4095
0
0
0
0
0
0
0
4095
0
0
0
0
0
0
0
4095
0
0
0
0
0
0
0
4095
0
0
0
0
0
0
0
4095
0
0
0
0
0
0
0
4095
0
0
0
0
0
0
0
4095
0
0
0
0
0
0
0
4095
0
0
0
0
0
0
0
4095
0
0
0
0
0
0
0
4095
0
0
0
0
0
0
0
4095
0
0
0
0
0
0
0
4095
0
0
0
0
0
0
0
4095
0
0
0
0
0
0
0
4095
0
0
0
0
0
0
0
4095
0
0
0
0
0
0
0
4095
0
0
0
0
0
0
0
4095
0
0
0
0
0
0
0
4095
0
0
0
0
0
0
0
4095
0
0
0
0
0
0
0
4095
0
0
0
0
0
0
0
4095
0
0
0
0
0
0
0
4095
0
0
0
0
0
0
0
4095
0
0
0
0
0
0
0
4095
0
0
0
0
0
0
0
4095
0
0
0
0
0
0
0
4095
0
0
0
0
0
0
0
4095
0
0
0
0
0
0
0
4095
0
0
0
0
0
0
0
4095
0
0
0
0
0
0
0
4095
0
0
0
0
0
0
0
4095
0
0
0
0
0
0
0
4095
0
0
0
0
0
0
0
4095
0
0
0
0
0
0
0
4095
0
0
0
0
0
0
0
4095
0
0
0
0
0
0
0
4095
0
0
0
0
0
0
0
4095
0
0
0
0
0
0
0
4095
0
0
0
0
0
0
0
4095
0
0
0
0
0
0
0
4095
0
0
0
0
0
0
0
4095
0
0
0
0
0
0
0
4095
0
0
0
0
0
0
0
4095
0
0
0
0
0
0
0
4095
0
0
0
0
0
0
0
4095
0
0
0
0
0
0
0
4095
0
0
0
0
0
0
0
4095
0
0
0
0
0
0
0
4095
0
0
0
0
0
0
0
4095
0
0
0
0
0
0
0
4095
0
0
0
0
0
0
0
4095
0
0
0
0
0
0
0
4095
0
0
0
0
0
0
0
4095
0
0
0
0
0
0
0
4095
0
0
0
0
0
0
0
4095
0
0
0
0
0
0
0
4095
0
0
0
0
0
0
0
4095
0
0
0
0
0
0
0
4095
0
0
0
0
0
0
0
4095
0
0
0
0
0
0
0
4095
0
0
0
0
0
0
0
4095
0
0
0
0
0
0
0
4095
0
0
0
0
0
0
0
4095
0
0
0
0
0
0
0
4095
0
0
0
0
0
0
0
4095
0
0
0
0
0
0
0
4095
0
0
0
0
0
0
0
4095
0
0
0
0
0
0
0
4095
0
0
0
0
0
0
0
4095
0
0
0
0
0
0
0
4095
0
0
0
0
0
0
0
4095
0
0
0
0
0
0
0
4095
0
0
0
0
0
0
0
4095
0
0
0
0
0
0
0
4095
0
0
0
0
0
0
0
4095
0
0
0
0
0
0
0
4095
0
0
0
0
0
0
0
4095
0
0
0
0
0
0
0
4095
0
0
0
0
0
0
0
4095
0
0
0
0
0
0
0
4095
0
0
0
0
0
0
0
4095
0
0
0
0
0
0
0
4095
0
0
0
0
0
0
0
4095
0
0
0
0
0
0
0
4095
0
0
0
0
0
0
0
4095
0
0
0
0
0
0
0
4095
0
0
0
0
0
0
0
4095
0
0
0
0
0
0
0
4095
0
0
0
0
0
0
0
4095
0
0
0
0
0
0
0
4095
0
0
0
0
0
0
0
4095
0
0
0
0
0
0
0
4095
0
0
0
0
0
0
0
4095
0
0
0
0
0
0
0
4095
0
0
0
0
0
0
0
4095
0
0
0
0
0
0
0
4095
0
0
0
0
0
0
0
4095
0
0
0
0
0
0
0
4095
0
0
0
0
0
0
0
4095
0
0
0
0
0
0
0
4095
0
0
0
0
0
0
0
4095
0
0
0
0
0
0
0
4095
0
0
0
0
0
0
0
4095
0
0
0
0
0
0
0
4095
0
0
0
0
0
0
0
4095
0
0
0
0
0
0
0
4095
0
0
0
0
0
0
0
4095
0
0
0
0
0
0
0
4095
0
0
0
0
0
0
0
4095
0
0
0
0
0
0
0
4095
0
0
0
0
0
0
0
4095
0
0
0
0
0
0
0
4095
0
0
0
0
0
0
0
4095
0
0
0
0
0
0
0
4095
0
0
0
0
0
0
0
4095
0
0
0
0
0
0
0
4095
0
0
0
0
0
0
0
4095
0
0
0
0
0
0
0
4095
0
0
0
0
0
0
0
4095
0
0
0
0
0
0
0
4095
0
0
0
0
0
0
0
4095
0
0
0
0
0
0
0
4095
0
0
0
0
0
0
0
4095
0
0
0
0
0
0
0
4095
0
0
0
0
0
0
0
4095
0
0
0
0
0
0
0
4095
0
0
0
0
0
0
0
4095
0
0
0
0
0
0
0
4095
0
0
0
0
0
0
0
4095
0
0
0
0
0
0
0
4095
0
0
0
0
0
0
0
4095
0
0
0
0
0
0
0
4095
0
0
0
0
0
0
0
4095
0
0
0
0
0
0
0
4095
0
0
0
0
0
0
0
4095
0
0
0
0
0
0
0
4095
0
0
0
0
0
0
0
4095
0
0
0
0
0
0
0
4095
0
0
0
0
0
0
0
4095
0
0
0
0
0
0
0
4095
0
0
0
0
0
0
0
4095
0
0
0
0
0
0
0
4095
0
0
0
0
0
0
0
4095
0
0
0
0
0
0
0
4095
0
0
0
0
0
0
0
4095
0
0
0
0
0
0
0
4095
0
0
0
0
0
0
0
4095
0
0
0
0
0
0
0
4095
0
0
0
0
0
0
0
4095
0
0
0
0
0
0
0
4095
0
0
0
0
0
0
0
4095
0
0
0
0
0
0
0
4095
0
0
0
0
0
0
0
4095
0
0
0
0
0
0
0
4095
0
0
0
0
0
0
0
4095
0
0
0
0
0
0
0
4095
0
0
0
0
0
0
0
4095
0
0
0
0
0
0
0
4095
0
0
0
0
0
0
0
4095
0
0
0
0
0
0
0
4095
0
0
0
0
0
0
0
4095
0
0
0
0
0
0
0
4095
0
0
0
0
0
0
0
4095
0
0
0
0
0
0
0
4095
0
0
0
0
0
0
0
4095
0
0
0
0
0
0
0
4095
0
0
0
0
0
0
0
4095
0
0
0
0
0
0
0
4095
0
0
0
0
0
0
0
4095
0
0
0
0
0
0
0
4095
0
0
0
0
0
0
0
4095
0
0
0
0
0
0
0
4095
0
0
0
0
0
0
0
4095
0
0
0
0
0
0
0
4095
0
0
0
0
0
0
0
4095
0
0
0
0
0
0
0
4095
0
0
0
0
0
0
0
4095
0
0
0
0
0
0
0
4095
0
0
0
0
0
0
0
4095
0
0
0
0
0
0
0
4095
0
0
0
0
0
0
0
4095
0
0
0
0
0
0
0
4095
0
0
0
0
0
0
0
4095
0
0
0
0
0
0
0
4095
0
0
0
0
0
0
0
4095
0
0
0
0
0
0
0
4095
0
0
0
0
0
0
0
4095
0
0
0
0
0
0
0
4095
0
0
0
0
0
0
0
4095
0
0
0
0
0
0
0
4095
0
0
0
0
0
0
0
4095
0
0
0
0
0
0
0
4095
0
0
0
0
0
0
0
4095
0
0
0
0
0
0
0
4095
0
0
0
0
0
0
0
4095
0
0
0
0
0
0
