0
4095
0
0
0
0
0
0
0
4095
0
0
0
0
0
0
0
4095
0
0
0
0
0
0
0
4095
0
0
0
0
0
0
0
4095
0
0
0
0
0
0
0
4095
0
0
0
0
0
0
0
4095
0
0
0
0
0
0
0
4095
0
0
0
0
0
0
0
4095
0
0
0
0
0
0
0
4095
0
0
0
0
0
0
0
4095
0
0
0
0
0
0
0
4095
0
0
0
0
0
0
0
4095
0
0
0
0
0
0
0
4095
0
0
0
0
0
0
0
4095
0
0
0
0
0
0
0
4095
0
0
0
0
0
0
0
4095
0
0
0
0
0
0
0
4095
0
0
0
0
0
0
0
4095
0
0
0
0
0
0
0
4095
0
0
0
0
0
0
0
4095
0
0
0
0
0
0
0
4095
0
0
0
0
0
0
0
4095
0
0
0
0
0
0
4094
4093
0
0
0
0
0
0
10
4081
0
0
0
0
0
0
20
4070
0
0
0
0
0
0
32
4058
0
0
0
0
0
0
42
4049
0
0
0
0
0
0
51
4042
0
0
0
0
0
0
51
4042
0
0
0
0
0
0
53
4042
0
0
0
0
0
0
51
4046
0
0
0
0
0
0
39
4057
0
0
0
0
0
0
24
4072
0
0
0
0
0
0
9
4085
0
0
0
0
0
0
4089
4093
0
0
0
0
0
0
16
4065
0
0
0
0
0
0
56
4026
0
0
0
0
0
0
91
3990
0
0
0
0
0
0
137
3955
0
0
0
0
0
0
145
3956
0
0
0
0
0
0
122
3991
0
0
0
0
0
0
56
4061
0
0
0
0
0
0
4065
46
0
0
0
0
0
0
3996
106
0
0
0
0
0
0
3955
130
0
0
0
0
0
0
3969
99
0
0
0
0
0
0
4052
3
0
0
0
0
0
0
87
3971
0
0
0
0
0
0
213
3860
0
0
0
0
0
0
295
3802
0
0
0
0
0
0
292
3828
0
0
0
0
0
0
205
3938
0
0
0
0
0
0
33
19
0
0
0
0
0
0
3929
205
0
0
0
0
0
0
3774
326
0
0
0
0
0
0
3738
324
0
0
0
0
0
0
3835
195
0
0
0
0
0
0
4052
4060
0
0
0
0
0
0
230
3800
0
0
0
0
0
0
460
3607
0
0
0
0
0
0
566
3548
0
0
0
0
0
0
510
3649
0
0
0
0
0
0
287
3902
0
0
0
0
0
0
4045
143
0
0
0
0
0
0
3691
458
0
0
0
0
0
0
3470
619
0
0
0
0
0
0
3462
561
0
0
0
0
0
0
3692
284
0
0
0
0
0
0
4
3962
0
0
0
0
0
0
463
3537
0
0
0
0
0
0
813
3255
0
0
0
0
0
0
930
3221
0
0
0
0
0
0
747
3475
0
0
0
0
0
0
291
3961
0
0
0
0
0
0
3813
416
0
0
0
0
0
0
3304
851
0
0
0
0
0
0
3057
998
0
0
0
0
0
0
3164
799
0
0
0
0
0
0
3601
303
0
0
0
0
0
0
182
3727
0
0
0
0
0
0
852
3125
0
0
0
0
0
0
1298
2793
0
0
0
0
0
0
1340
2874
0
0
0
0
0
0
926
3376
0
0
0
0
0
0
182
45
0
0
0
0
0
0
3444
822
0
0
0
0
0
0
2794
1348
0
0
0
0
0
0
2578
1421
0
0
0
0
0
0
2876
1000
0
0
0
0
0
0
3636
186
0
0
0
0
0
0
513
3343
0
0
0
0
0
0
1395
2581
0
0
0
0
0
0
1856
2289
0
0
0
0
0
0
1715
2587
0
0
0
0
0
0
992
3405
0
0
0
0
0
0
4002
392
0
0
0
0
0
0
2898
1389
0
0
0
0
0
0
2158
1948
0
0
0
0
0
0
2063
1848
0
0
0
0
0
0
2678
1090
0
0
0
0
0
0
3832
3993
0
0
0
0
0
0
1056
2759
0
0
0
0
0
0
2092
1907
0
0
0
0
0
0
2476
1748
0
0
0
0
0
0
2052
2364
0
0
0
0
0
0
916
3588
0
0
0
0
0
0
3530
931
0
0
0
0
0
0
2170
2113
0
0
0
0
0
0
1429
2606
0
0
0
0
0
0
1576
2219
0
0
0
0
0
0
2609
1037
0
0
0
0
0
0
116
3527
0
0
0
0
0
0
1769
2025
0
0
0
0
0
0
2899
1155
0
0
0
0
0
0
3103
1234
0
0
0
0
0
0
2275
2277
0
0
0
0
0
0
639
3977
0
0
0
0
0
0
2833
1673
0
0
0
0
0
0
1295
2954
0
0
0
0
0
0
666
3263
0
0
0
0
0
0
1190
2462
0
0
0
0
0
0
2744
772
0
0
0
0
0
0
733
2834
0
0
0
0
0
0
2674
1130
0
0
0
0
0
0
3788
361
0
0
0
0
0
0
3659
826
0
0
0
0
0
0
2301
2403
0
0
0
0
0
0
112
511
0
0
0
0
0
0
1918
2606
0
0
0
0
0
0
296
3877
0
0
0
0
0
0
4022
3856
0
0
0
0
0
0
977
2508
0
0
0
0
0
0
3135
246
0
0
0
0
0
0
1623
1895
0
0
0
0
0
0
3756
97
0
0
0
0
0
0
612
3672
0
0
0
0
0
0
5
563
0
0
0
0
0
0
2089
2772
0
0
0
0
0
0
3408
1394
0
0
0
0
0
0
798
3706
0
0
0
0
0
0
3318
737
0
0
0
0
0
0
3358
243
0
0
0
0
0
0
969
2335
0
0
0
0
0
0
3796
3562
0
0
0
0
0
0
2741
761
0
0
0
0
0
0
862
3090
0
0
0
0
0
0
1477
2985
0
0
0
0
0
0
235
534
0
0
0
0
0
0
1582
3431
0
0
0
0
0
0
2338
2521
0
0
0
0
0
0
3585
853
0
0
0
0
0
0
2228
1658
0
0
0
0
0
0
2874
513
0
0
0
0
0
0
1265
1852
0
0
0
0
0
0
692
2475
0
0
0
0
0
0
8
3525
0
0
0
0
0
0
2140
1960
0
0
0
0
0
0
2231
2449
0
0
0
0
0
0
195
788
0
0
0
0
0
0
752
306
0
0
0
0
0
0
971
3900
0
0
0
0
0
0
2153
2162
0
0
0
0
0
0
1227
2444
0
0
0
0
0
0
2645
503
0
0
0
0
0
0
1907
1030
0
0
0
0
0
0
2003
1103
0
0
0
0
0
0
1563
2055
0
0
0
0
0
0
3401
903
0
0
0
0
0
0
2761
2172
0
0
0
0
0
0
3898
1395
0
0
0
0
0
0
3658
1601
0
0
0
0
0
0
3462
1363
0
0
0
0
0
0
694
3440
0
0
0
0
0
0
404
3009
0
0
0
0
0
0
2757
143
0
0
0
0
0
0
2933
3945
0
0
0
0
0
0
3618
3581
0
0
0
0
0
0
3216
550
0
0
0
0
0
0
449
12
0
0
0
0
0
0
2996
2212
0
0
0
0
0
0
1429
1892
0
0
0
0
0
0
2127
3192
0
0
0
0
0
0
1632
844
0
0
0
0
0
0
3351
548
0
0
0
0
0
0
500
2480
0
0
0
0
0
0
2727
479
0
0
0
0
0
0
2635
487
0
0
0
0
0
0
3409
4018
0
0
0
0
0
0
2558
1567
0
0
0
0
0
0
4039
2480
0
0
0
0
0
0
3749
1227
0
0
0
0
0
0
2454
3121
0
0
0
0
0
0
2419
2734
0
0
0
0
0
0
309
174
0
0
0
0
0
0
1632
1932
0
0
0
0
0
0
1648
3643
0
0
0
0
0
0
3573
3491
0
0
0
0
0
0
1634
1073
0
0
0
0
0
0
1359
2097
0
0
0
0
0
0
1955
2269
0
0
0
0
0
0
2973
1705
0
0
0
0
0
0
2626
2584
0
0
0
0
0
0
2462
3174
0
0
0
0
0
0
155
825
0
0
0
0
0
0
1525
2739
0
0
0
0
0
0
2454
3237
0
0
0
0
0
0
3279
3842
0
0
0
0
0
0
931
1394
0
0
0
0
0
0
2062
714
0
0
0
0
0
0
978
2472
0
0
0
0
0
0
251
283
0
0
0
0
0
0
2620
2363
0
0
0
0
0
0
1794
3696
0
0
0
0
0
0
294
1303
0
0
0
0
0
0
1971
2963
0
0
0
0
0
0
3756
191
0
0
0
0
0
0
3446
4045
0
0
0
0
0
0
3939
2863
0
0
0
0
0
0
1131
1118
0
0
0
0
0
0
379
2473
0
0
0
0
0
0
3
3798
0
0
0
0
0
0
1917
2547
0
0
0
0
0
0
2637
2729
0
0
0
0
0
0
1800
187
0
0
0
0
0
0
2048
3644
0
0
0
0
0
0
1145
3696
0
0
0
0
0
0
2145
1426
0
0
0
0
0
0
3549
3569
0
0
0
0
0
0
1073
1343
0
0
0
0
0
0
3523
2755
0
0
0
0
0
0
3008
10
0
0
0
0
0
0
2075
2084
0
0
0
0
0
0
2702
2188
0
0
0
0
0
0
1864
3858
0
0
0
0
0
0
3798
2446
0
0
0
0
0
0
3427
2179
0
0
0
0
0
0
2794
1733
0
0
0
0
0
0
334
3353
0
0
0
0
0
0
3807
2905
0
0
0
0
0
0
1270
531
0
0
0
0
0
0
2103
83
0
0
0
0
0
0
35
3103
0
0
0
0
0
0
3896
682
0
0
0
0
0
0
2646
2659
0
0
0
0
0
0
531
1418
0
0
0
0
0
0
1176
1048
0
0
0
0
0
0
527
795
0
0
0
0
0
0
526
3605
0
0
0
0
0
0
3579
3734
0
0
0
0
0
0
569
1657
0
0
0
0
0
0
1179
2619
0
0
0
0
0
0
1015
1272
0
0
0
0
0
0
1073
2483
0
0
0
0
0
0
1740
2766
0
0
0
0
0
0
3299
2526
0
0
0
0
0
0
629
1408
0
0
0
0
0
0
2551
3786
0
0
0
0
0
0
1174
3925
0
0
0
0
0
0
2648
1025
0
0
0
0
0
0
3136
3671
0
0
0
0
0
0
2064
3903
0
0
0
0
0
0
3979
3818
0
0
0
0
0
0
136
2351
0
0
0
0
0
0
3601
384
0
0
0
0
0
0
2733
2297
0
0
0
0
0
0
2376
3883
0
0
0
0
0
0
2194
44
0
0
0
0
0
0
3339
2890
0
0
0
0
0
0
116
2976
0
0
0
0
0
0
553
3145
0
0
0
0
0
0
3517
2349
0
0
0
0
0
0
2132
3710
0
0
0
0
0
0
2523
3447
0
0
0
0
0
0
3893
3043
0
0
0
0
0
0
1189
2809
0
0
0
0
0
0
3176
2398
0
0
0
0
0
0
2199
134
0
0
0
0
0
0
3240
3201
0
0
0
0
0
0
3300
2655
0
0
0
0
0
0
3148
1651
0
0
0
0
0
0
3429
3784
0
0
0
0
0
0
2380
3633
0
0
0
0
0
0
775
751
0
0
0
0
0
0
1421
266
0
0
0
0
0
0
3029
220
0
0
0
0
0
0
1623
2836
0
0
0
0
0
0
2869
3248
0
0
0
0
0
0
3679
3050
0
0
0
0
0
0
3788
2652
0
0
0
0
0
0
3730
1888
0
0
0
0
0
0
705
3541
0
0
0
0
0
0
2975
3648
0
0
0
0
0
0
5
1485
0
0
0
0
0
0
4088
1417
0
0
0
0
0
0
1127
790
0
0
0
0
0
0
42
1242
0
0
0
0
0
0
2834
2238
0
0
0
0
0
0
2248
184
0
0
0
0
0
0
729
2147
0
0
0
0
0
0
2298
2430
0
0
0
0
0
0
206
875
0
0
0
0
0
0
3078
115
0
0
0
0
0
0
3268
2768
0
0
0
0
0
0
3574
2004
0
0
0
0
0
0
3808
1689
0
0
0
0
0
0
2378
10
0
0
0
0
0
0
1018
2779
0
0
0
0
0
0
3686
2055
0
0
0
0
0
0
2069
759
0
0
0
0
0
0
1317
1701
0
0
0
0
0
0
3009
3581
0
0
0
0
0
0
2921
87
0
0
0
0
0
0
3459
3768
0
0
0
0
0
0
3949
1629
0
0
0
0
0
0
1980
3022
0
0
0
0
0
0
3426
2163
0
0
0
0
0
0
745
2001
0
0
0
0
0
0
3017
1433
0
0
0
0
0
0
3110
3238
0
0
0
0
0
0
3524
3791
0
0
0
0
0
0
1255
1773
0
0
0
0
0
0
2884
3331
0
0
0
0
0
0
1711
2839
0
0
0
0
0
0
2848
3695
0
0
0
0
0
0
110
941
0
0
0
0
0
0
1665
3182
0
0
0
0
0
0
1083
182
0
0
0
0
0
0
2393
2556
0
0
0
0
0
0
2695
2306
0
0
0
0
0
0
2419
328
0
0
0
0
0
0
3888
3680
0
0
0
0
0
0
1393
1542
0
0
0
0
0
0
2829
2887
0
0
0
0
0
0
3620
240
0
0
0
0
0
0
3047
2815
0
0
0
0
0
0
2866
1861
0
0
0
0
0
0
1889
2937
0
0
0
0
0
0
1459
191
0
0
0
0
0
0
3811
3728
0
0
0
0
0
0
3393
2342
0
0
0
0
0
0
2068
1152
0
0
0
0
0
0
3961
3778
0
0
0
0
0
0
1739
3337
0
0
0
0
0
0
3093
2012
0
0
0
0
0
0
3731
1378
0
0
0
0
0
0
3671
2096
0
0
0
0
0
0
3377
923
0
0
0
0
0
0
2670
4073
0
0
0
0
0
0
649
1437
0
0
0
0
0
0
720
1485
0
0
0
0
0
0
2952
3481
0
0
0
0
0
0
2279
1508
0
0
0
0
0
0
3443
233
0
0
0
0
0
0
2181
2578
0
0
0
0
0
0
3339
1612
0
0
0
0
0
0
803
1634
0
0
0
0
0
0
48
663
0
0
0
0
0
0
1913
2269
0
0
0
0
0
0
3896
1352
0
0
0
0
0
0
1611
1183
0
0
0
0
0
0
68
828
0
0
0
0
0
0
2593
3996
0
0
0
0
0
0
2119
3831
0
0
0
0
0
0
567
2824
0
0
0
0
0
0
2171
1896
0
0
0
0
0
0
148
3981
0
0
0
0
0
0
3760
1907
0
0
0
0
0
0
2882
1423
0
0
0
0
0
0
4005
2276
0
0
0
0
0
0
2915
271
0
0
0
0
0
0
3505
90
0
0
0
0
0
0
1423
184
0
0
0
0
0
0
1485
1702
0
0
0
0
0
0
2340
3855
0
0
0
0
0
0
1580
4043
0
0
0
0
0
0
3762
1835
0
0
0
0
0
0
198
1026
0
0
0
0
0
0
2739
2828
0
0
0
0
0
0
3715
114
0
0
0
0
0
0
2319
2138
0
0
0
0
0
0
2629
1020
0
0
0
0
0
0
1111
2743
0
0
0
0
0
0
1141
1255
0
0
0
0
0
0
3833
3743
0
0
0
0
0
0
1390
771
0
0
0
0
0
0
1406
1816
0
0
0
0
0
0
4012
818
0
0
0
0
0
0
3144
3555
0
0
0
0
0
0
708
104
0
0
0
0
0
0
1016
792
0
0
0
0
0
0
3698
1018
0
0
0
0
0
0
972
1346
0
0
0
0
0
0
3268
1458
0
0
0
0
0
0
3495
3238
0
0
0
0
0
0
4072
3916
0
0
0
0
0
0
3163
861
0
0
0
0
0
0
327
2329
0
0
0
0
0
0
2185
2362
0
0
0
0
0
0
871
3357
0
0
0
0
0
0
2494
2083
0
0
0
0
0
0
4063
3779
0
0
0
0
0
0
2212
2435
0
0
0
0
0
0
194
342
0
0
0
0
0
0
2584
2870
0
0
0
0
0
0
268
3429
0
0
0
0
0
0
3092
1024
0
0
0
0
0
0
3831
118
0
0
0
0
0
0
1417
3008
0
0
0
0
0
0
381
3311
0
0
0
0
0
0
3577
1570
0
0
0
0
0
0
2452
1698
0
0
0
0
0
0
3089
2777
0
0
0
0
0
0
3539
1683
0
0
0
0
0
0
2270
3325
0
0
0
0
0
0
880
2990
0
0
0
0
0
0
457
1447
0
0
0
0
0
0
1803
2866
0
0
0
0
0
0
2337
1660
0
0
0
0
0
0
1832
3612
0
0
0
0
0
0
1602
1374
0
0
0
0
0
0
2026
2887
0
0
0
0
0
0
3732
182
0
0
0
0
0
0
1765
2390
0
0
0
0
0
0
552
1299
0
0
0
0
0
0
1263
3073
0
0
0
0
0
0
2423
113
0
0
0
0
0
0
3799
360
0
0
0
0
0
0
1794
2743
0
0
0
0
0
0
1301
1958
0
0
0
0
0
0
925
6
0
0
0
0
0
0
1956
2477
0
0
0
0
0
0
2787
1653
0
0
0
0
0
0
563
2830
0
0
0
0
0
0
1259
80
0
0
0
0
0
0
3720
972
0
0
0
0
0
0
3051
1320
0
0
0
0
0
0
3642
1828
0
0
0
0
0
0
3366
762
0
0
0
0
0
0
4016
297
0
0
0
0
0
0
3219
410
0
0
0
0
0
0
899
3403
0
0
0
0
0
0
4080
2415
0
0
0
0
0
0
1173
1555
0
0
0
0
0
0
3139
52
0
0
0
0
0
0
3808
2199
0
0
0
0
0
0
3591
562
0
0
0
0
0
0
3909
975
0
0
0
0
0
0
3813
3109
0
0
0
0
0
0
1638
3099
0
0
0
0
0
0
413
3442
0
0
0
0
0
0
189
1703
0
0
0
0
0
0
1584
2109
0
0
0
0
0
0
3396
2295
0
0
0
0
0
0
3363
2664
0
0
0
0
0
0
2345
567
0
0
0
0
0
0
3555
1216
0
0
0
0
0
0
2873
2160
0
0
0
0
0
0
2184
3180
0
0
0
0
0
0
775
1078
0
0
0
0
0
0
3385
1382
0
0
0
0
0
0
2507
1905
0
0
0
0
0
0
1886
1321
0
0
0
0
0
0
2709
779
0
0
0
0
0
0
36
1939
0
0
0
0
0
0
3310
1181
0
0
0
0
0
0
3064
167
0
0
0
0
0
0
1407
416
0
0
0
0
0
0
3006
1503
0
0
0
0
0
0
3375
1439
0
0
0
0
0
0
1811
368
0
0
0
0
0
0
3443
1481
0
0
0
0
0
0
4002
2926
0
0
0
0
0
0
1452
3603
0
0
0
0
0
0
609
2049
0
0
0
0
0
0
3189
3039
0
0
0
0
0
0
1824
1615
0
0
0
0
0
0
3692
2963
0
0
0
0
0
0
399
140
0
0
0
0
0
0
2687
1719
0
0
0
0
0
0
1200
2858
0
0
0
0
0
0
2068
4068
0
0
0
0
0
0
85
4022
0
0
0
0
0
0
2500
1551
0
0
0
0
0
0
1269
1949
0
0
0
0
0
0
3663
722
0
0
0
0
0
0
2918
3181
0
0
0
0
0
0
2605
486
0
0
0
0
0
0
3996
1153
0
0
0
0
0
0
2383
463
0
0
0
0
0
0
553
715
0
0
0
0
0
0
2471
3536
0
0
0
0
0
0
3429
95
0
0
0
0
0
0
2815
1925
0
0
0
0
0
0
3452
264
0
0
0
0
0
0
1635
1763
0
0
0
0
0
0
1285
1505
0
0
0
0
0
0
314
1932
0
0
0
0
0
0
3218
2314
0
0
0
0
0
0
2014
1955
0
0
0
0
0
0
2700
1792
0
0
0
0
0
0
1802
1859
0
0
0
0
0
0
1454
498
0
0
0
0
0
0
1763
4024
0
0
0
0
0
0
1060
2285
0
0
0
0
0
0
1795
593
0
0
0
0
0
0
1036
2098
0
0
0
0
0
0
1585
1839
0
0
0
0
0
0
1940
2676
0
0
0
0
0
0
3458
3613
0
0
0
0
0
0
3454
708
0
0
0
0
0
0
1361
3073
0
0
0
0
0
0
3817
1420
0
0
0
0
0
0
1071
745
0
0
0
0
0
0
2557
234
0
0
0
0
0
0
3220
1230
0
0
0
0
0
0
142
1554
0
0
0
0
0
0
3745
567
0
0
0
0
0
0
3775
1904
0
0
0
0
0
0
2931
3602
0
0
0
0
0
0
963
1728
0
0
0
0
0
0
421
678
0
0
0
0
0
0
2729
2153
0
0
0
0
0
0
1953
2826
0
0
0
0
0
0
3368
188
0
0
0
0
0
0
1060
1895
0
0
0
0
0
0
1583
2674
0
0
0
0
0
0
3658
3988
0
0
0
0
0
0
699
2948
0
0
0
0
0
0
1620
366
0
0
0
0
0
0
2757
506
0
0
0
0
0
0
1751
575
0
0
0
0
0
0
338
2329
0
0
0
0
0
0
3156
2645
0
0
0
0
0
0
1441
3939
0
0
0
0
0
0
539
152
0
0
0
0
0
0
3986
1574
0
0
0
0
0
0
2285
1022
0
0
0
0
0
0
1398
2134
0
0
0
0
0
0
1939
1663
0
0
0
0
0
0
2566
3706
0
0
0
0
0
0
2637
2938
0
0
0
0
0
0
3822
490
0
0
0
0
0
0
1322
3155
0
0
0
0
0
0
639
3412
0
0
0
0
0
0
978
1529
0
0
0
0
0
0
124
833
0
0
0
0
0
0
684
1727
0
0
0
0
0
0
1096
3983
0
0
0
0
0
0
2149
292
0
0
0
0
0
0
2041
884
0
0
0
0
0
0
1290
2027
0
0
0
0
0
0
2971
3614
0
0
0
0
0
0
705
3910
0
0
0
0
0
0
321
28
0
0
0
0
0
0
2049
1431
0
0
0
0
0
0
2775
3442
0
0
0
0
0
0
4015
365
0
0
0
0
0
0
2532
1541
0
0
0
0
0
0
2280
1025
0
0
0
0
0
0
3616
768
0
0
0
0
0
0
3144
2984
0
0
0
0
0
0
2582
529
0
0
0
0
0
0
3956
1214
0
0
0
0
0
0
2218
632
0
0
0
0
0
0
360
891
0
0
0
0
0
0
2300
3661
0
0
0
0
0
0
4070
725
0
0
0
0
0
0
1984
2915
0
0
0
0
0
0
2277
1374
0
0
0
0
0
0
1048
2303
0
0
0
0
0
0
1132
1684
0
0
0
0
0
0
221
2106
0
0
0
0
0
0
2909
2714
0
0
0
0
0
0
1410
2613
0
0
0
0
0
0
1894
2586
0
0
0
0
0
0
1012
2562
0
0
0
0
0
0
1567
3545
0
0
0
0
0
0
2243
1730
0
0
0
0
0
0
3853
1520
0
0
0
0
0
0
1855
2
0
0
0
0
0
0
2512
662
0
0
0
0
0
0
2081
802
0
0
0
0
0
0
3760
3984
0
0
0
0
0
0
2915
1121
0
0
0
0
0
0
2112
295
0
0
0
0
0
0
1214
3302
0
0
0
0
0
0
788
1933
0
0
0
0
0
0
1538
514
0
0
0
0
0
0
461
624
0
0
0
0
0
0
632
589
0
0
0
0
0
0
1007
1895
0
0
0
0
0
0
859
1836
0
0
0
0
0
0
679
1514
0
0
0
0
0
0
1727
2438
0
0
0
0
0
0
1131
818
0
0
0
0
0
0
2397
3754
0
0
0
0
0
0
413
415
0
0
0
0
0
0
1874
324
0
0
0
0
0
0
1812
2906
0
0
0
0
0
0
1138
2981
0
0
0
0
0
0
486
1383
0
0
0
0
0
0
3312
2473
0
0
0
0
0
0
242
801
0
0
0
0
0
0
3642
237
0
0
0
0
0
0
2248
1668
0
0
0
0
0
0
263
2070
0
0
0
0
0
0
1
3744
0
0
0
0
0
0
2617
2991
0
0
0
0
0
0
348
894
0
0
0
0
0
0
68
69
0
0
0
0
0
0
1303
176
0
0
0
0
0
0
2027
433
0
0
0
0
0
0
2678
3361
0
0
0
0
0
0
2016
481
0
0
0
0
0
0
2695
920
0
0
0
0
0
0
3518
1577
0
0
0
0
0
0
1754
414
0
0
0
0
0
0
3458
1205
0
0
0
0
0
0
1160
1715
0
0
0
0
0
0
543
3657
0
0
0
0
0
0
2932
1406
0
0
0
0
0
0
2954
3963
0
0
0
0
0
0
199
243
0
0
0
0
0
0
640
1507
0
0
0
0
0
0
1230
3110
0
0
0
0
0
0
2077
1513
0
0
0
0
0
0
2736
1766
0
0
0
0
0
0
2201
2470
0
0
0
0
0
0
3729
1790
0
0
0
0
0
0
1364
2465
0
0
0
0
0
0
3474
748
0
0
0
0
0
0
3828
189
0
0
0
0
0
0
1120
3317
0
0
0
0
0
0
84
3595
0
0
0
0
0
0
3387
1751
0
0
0
0
0
0
2373
1796
0
0
0
0
0
0
3003
2913
0
0
0
0
0
0
3282
1990
0
0
0
0
0
0
1803
3811
0
0
0
0
0
0
286
3533
0
0
0
0
0
0
4063
1810
0
0
0
0
0
0
1708
2790
0
0
0
0
0
0
2841
1001
0
0
0
0
0
0
2919
2456
0
0
0
0
0
0
3008
33
0
0
0
0
0
0
3285
1833
0
0
0
0
0
0
231
3981
0
0
0
0
0
0
1324
3122
0
0
0
0
0
0
1231
2417
0
0
0
0
0
0
3169
1142
0
0
0
0
0
0
155
2582
0
0
0
0
0
0
2410
1349
0
0
0
0
0
0
2643
3584
0
0
0
0
0
0
2895
54
0
0
0
0
0
0
2337
2058
0
0
0
0
0
0
956
3708
0
0
0
0
0
0
2290
2392
0
0
0
0
0
0
1442
2443
0
0
0
0
0
0
115
2445
0
0
0
0
0
0
3426
3338
0
0
0
0
0
0
3282
1739
0
0
0
0
0
0
451
2296
0
0
0
0
0
0
1792
2026
0
0
0
0
0
0
401
3229
0
0
0
0
0
0
3394
2869
0
0
0
0
0
0
2812
1290
0
0
0
0
0
0
886
1224
0
0
0
0
0
0
1625
3092
0
0
0
0
0
0
1163
3093
0
0
0
0
0
0
3505
1729
0
0
0
0
0
0
2683
359
0
0
0
0
0
0
3863
1833
0
0
0
0
0
0
2426
1078
0
0
0
0
0
0
3269
902
0
0
0
0
0
0
1229
1970
0
0
0
0
0
0
2330
3270
0
0
0
0
0
0
3298
47
0
0
0
0
0
0
242
1408
0
0
0
0
0
0
2529
2151
0
0
0
0
0
0
2305
2387
0
0
0
0
0
0
3066
2920
0
0
0
0
0
0
3619
247
0
0
0
0
0
0
3946
3992
0
0
0
0
0
0
2120
1591
0
0
0
0
0
0
157
1718
0
0
0
0
0
0
2960
2054
0
0
0
0
0
0
2880
2554
0
0
0
0
0
0
3974
2869
0
0
0
0
0
0
3458
1642
0
0
0
0
0
0
1075
1213
0
0
0
0
0
0
1603
3511
0
0
0
0
0
0
2028
521
0
0
0
0
0
0
3284
1316
0
0
0
0
0
0
3957
2317
0
0
0
0
0
0
1480
2280
0
0
0
0
0
0
3502
3934
0
0
0
0
0
0
1112
1269
0
0
0
0
0
0
2663
1849
0
0
0
0
0
0
160
2063
0
0
0
0
0
0
2327
2474
0
0
0
0
0
0
1180
3346
0
0
0
0
0
0
3502
3827
0
0
0
0
0
0
3890
1009
0
0
0
0
0
0
282
2961
0
0
0
0
0
0
3626
3376
0
0
0
0
0
0
3724
40
0
0
0
0
0
0
1312
1711
0
0
0
0
0
0
3604
2226
0
0
0
0
0
0
3176
662
0
0
0
0
0
0
3064
2811
0
0
0
0
0
0
2739
2012
0
0
0
0
0
0
1819
3077
0
0
0
0
0
0
1118
608
0
0
0
0
0
0
3168
299
0
0
0
0
0
0
2563
3096
0
0
0
0
0
0
1397
1645
0
0
0
0
0
0
3837
3658
0
0
0
0
0
0
2461
2391
0
0
0
0
0
0
562
347
0
0
0
0
0
0
1660
3540
0
0
0
0
0
0
3792
94
0
0
0
0
0
0
139
486
0
0
0
0
0
0
2005
2902
0
0
0
0
0
0
2626
3801
0
0
0
0
0
0
2418
3705
0
0
0
0
0
0
3948
2138
0
0
0
0
0
0
3215
4003
0
0
0
0
0
0
3466
3691
0
0
0
0
0
0
1742
627
0
0
0
0
0
0
3179
1678
0
0
0
0
0
0
3507
3421
0
0
0
0
0
0
3413
2069
0
0
0
0
0
0
3879
1188
0
0
0
0
0
0
88
3371
0
0
0
0
0
0
1508
1602
0
0
0
0
0
0
626
2112
0
0
0
0
0
0
1286
1054
0
0
0
0
0
0
140
3008
0
0
0
0
0
0
3604
3131
0
0
0
0
0
0
3625
2223
0
0
0
0
0
0
3040
1177
0
0
0
0
0
0
1691
716
0
0
0
0
0
0
3156
2256
0
0
0
0
0
0
3934
1441
0
0
0
0
0
0
1444
416
0
0
0
0
0
0
558
733
0
0
0
0
0
0
3240
1857
0
0
0
0
0
0
2456
4070
0
0
0
0
0
0
845
1979
0
0
0
0
0
0
629
1547
0
0
0
0
0
0
746
276
0
0
0
0
0
0
3826
3931
0
0
0
0
0
0
41
2038
0
0
0
0
0
0
2978
2491
0
0
0
0
0
0
3505
2257
0
0
0
0
0
0
3777
2773
0
0
0
0
0
0
3117
691
0
0
0
0
0
0
1204
197
0
0
0
0
0
0
565
1865
0
0
0
0
0
0
1093
1453
0
0
0
0
0
0
419
1701
0
0
0
0
0
0
1729
1159
0
0
0
0
0
0
2827
512
0
0
0
0
0
0
1007
2905
0
0
0
0
0
0
3107
2560
0
0
0
0
0
0
225
1242
0
0
0
0
0
0
1397
1652
0
0
0
0
0
0
3067
1560
0
0
0
0
0
0
2838
2953
0
0
0
0
0
0
2381
119
0
0
0
0
0
0
1710
478
0
0
0
0
0
0
2617
3077
0
0
0
0
0
0
3234
1273
0
0
0
0
0
0
653
2320
0
0
0
0
0
0
218
1776
0
0
0
0
0
0
2569
3351
0
0
0
0
0
0
2183
4010
0
0
0
0
0
0
379
760
0
0
0
0
0
0
3568
1042
0
0
0
0
0
0
4039
2375
0
0
0
0
0
0
1234
972
0
0
0
0
0
0
1239
743
0
0
0
0
0
0
703
324
0
0
0
0
0
0
180
3895
0
0
0
0
0
0
2822
3970
0
0
0
0
0
0
3623
2514
0
0
0
0
0
0
3831
4037
0
0
0
0
0
0
143
2457
0
0
0
0
0
0
2903
1113
0
0
0
0
0
0
1899
3058
0
0
0
0
0
0
1633
335
0
0
0
0
0
0
2069
4001
0
0
0
0
0
0
19
1876
0
0
0
0
0
0
3982
628
0
0
0
0
0
0
1018
605
0
0
0
0
0
0
1279
1255
0
0
0
0
0
0
1081
498
0
0
0
0
0
0
778
1195
0
0
0
0
0
0
2699
155
0
0
0
0
0
0
19
270
0
0
0
0
0
0
3247
1893
0
0
0
0
0
0
1790
73
0
0
0
0
0
0
2627
3687
0
0
0
0
0
0
2016
3498
0
0
0
0
0
0
1698
2621
0
0
0
0
0
0
81
3398
0
0
0
0
0
0
327
2186
0
0
0
0
0
0
2377
3576
0
0
0
0
0
0
3089
3391
0
0
0
0
0
0
307
3081
0
0
0
0
0
0
1279
1005
0
0
0
0
0
0
1173
41
0
0
0
0
0
0
2918
3373
0
0
0
0
0
0
186
1697
0
0
0
0
0
0
3290
1981
0
0
0
0
0
0
2089
1830
0
0
0
0
0
0
2548
761
0
0
0
0
0
0
3043
3594
0
0
0
0
0
0
1051
1084
0
0
0
0
0
0
681
2117
0
0
0
0
0
0
507
3302
0
0
0
0
0
0
2308
2182
0
0
0
0
0
0
2830
2537
0
0
0
0
0
0
1890
48
0
0
0
0
0
0
2262
3354
0
0
0
0
0
0
1642
3139
0
0
0
0
0
0
2936
654
0
0
0
0
0
0
289
2866
0
0
0
0
0
0
1545
1100
0
0
0
0
0
0
3237
3294
0
0
0
0
0
0
1814
1383
0
0
0
0
0
0
166
3999
0
0
0
0
0
0
647
4039
0
0
0
0
0
0
420
824
0
0
0
0
0
0
3644
2152
0
0
0
0
0
0
776
375
0
0
0
0
0
0
1504
2906
0
0
0
0
0
0
1977
3831
0
0
0
0
0
0
2461
646
0
0
0
0
0
0
3995
2469
0
0
0
0
0
0
919
1842
0
0
0
0
0
0
3966
3493
0
0
0
0
0
0
3487
972
0
0
0
0
0
0
3974
2952
0
0
0
0
0
0
2197
3045
0
0
0
0
0
0
3992
1589
0
0
0
0
0
0
3892
1001
0
0
0
0
0
0
2746
1418
0
0
0
0
0
0
1065
2650
0
0
0
0
0
0
748
2406
0
0
0
0
0
0
328
2323
0
0
0
0
0
0
2279
811
0
0
0
0
0
0
942
2820
0
0
0
0
0
0
2410
2267
0
0
0
0
0
0
611
102
0
0
0
0
0
0
130
868
0
0
0
0
0
0
43
1089
0
0
0
0
0
0
3380
1189
0
0
0
0
0
0
2491
1347
0
0
0
0
0
0
2708
906
0
0
0
0
0
0
2543
678
0
0
0
0
0
0
2058
837
0
0
0
0
0
0
3072
326
0
0
0
0
0
0
637
3403
0
0
0
0
0
0
1065
3764
0
0
0
0
0
0
2795
1990
0
0
0
0
0
0
2389
2514
0
0
0
0
0
0
2995
1946
0
0
0
0
0
0
3285
995
0
0
0
0
0
0
3463
186
0
0
0
0
0
0
292
3292
0
0
0
0
0
0
261
3093
0
0
0
0
0
0
3396
3845
0
0
0
0
0
0
3505
180
0
0
0
0
0
0
13
150
0
0
0
0
0
0
3719
1191
0
0
0
0
0
0
2949
130
0
0
0
0
0
0
425
720
0
0
0
0
0
0
182
2418
0
0
0
0
0
0
1520
2700
0
0
0
0
0
0
1685
1736
0
0
0
0
0
0
2885
220
0
0
0
0
0
0
714
2725
0
0
0
0
0
0
2394
834
0
0
0
0
0
0
3260
645
0
0
0
0
0
0
2792
1586
0
0
0
0
0
0
2184
2742
0
0
0
0
0
0
2988
2137
0
0
0
0
0
0
3370
1651
0
0
0
0
0
0
3979
621
0
0
0
0
0
0
2090
1944
0
0
0
0
0
0
2249
1251
0
0
0
0
0
0
304
2873
0
0
0
0
0
0
3651
3610
0
0
0
0
0
0
2979
481
0
0
0
0
0
0
1238
2716
0
0
0
0
0
0
1787
2693
0
0
0
0
0
0
397
370
0
0
0
0
0
0
1677
3302
0
0
0
0
0
0
2506
2292
0
0
0
0
0
0
3984
410
0
0
0
0
0
0
2836
1064
0
0
0
0
0
0
3505
4077
0
0
0
0
0
0
1621
1663
0
0
0
0
0
0
496
2861
0
0
0
0
0
0
3219
448
0
0
0
0
0
0
722
3385
0
0
0
0
0
0
697
3832
0
0
0
0
0
0
3207
1587
0
0
0
0
0
0
633
89
0
0
0
0
0
0
2049
2554
0
0
0
0
0
0
145
4085
0
0
0
0
0
0
3710
112
0
0
0
0
0
0
595
2923
0
0
0
0
0
0
2705
708
0
0
0
0
0
0
1113
2421
0
0
0
0
0
0
3192
645
0
0
0
0
0
0
56
62
0
0
0
0
0
0
3729
807
0
0
0
0
0
0
2111
2588
0
0
0
0
0
0
3975
685
0
0
0
0
0
0
1873
2563
0
0
0
0
0
0
591
3514
0
0
0
0
0
0
529
3256
0
0
0
0
0
0
1647
1930
0
0
0
0
0
0
3544
3
0
0
0
0
0
0
1468
2230
0
0
0
0
0
0
2931
1040
0
0
0
0
0
0
3396
879
0
0
0
0
0
0
2738
1767
0
0
0
0
0
0
1229
3362
0
0
0
0
0
0
3485
1025
0
0
0
0
0
0
1937
2359
0
0
0
0
0
0
1172
2850
0
0
0
0
0
0
1423
2360
0
0
0
0
0
0
2558
1102
0
0
0
0
0
0
51
3629
0
0
0
0
0
0
1577
2258
0
0
0
0
0
0
2535
1531
0
0
0
0
0
0
2637
1658
0
0
0
0
0
0
1893
2557
0
0
0
0
0
0
577
3902
0
0
0
0
0
0
3244
1136
0
0
0
0
0
0
2173
2019
0
0
0
0
0
0
1800
2178
0
0
0
0
0
0
2220
1597
0
0
0
0
0
0
3233
519
0
0
0
0
0
0
395
3405
0
0
0
0
0
0
1481
2464
0
0
0
0
0
0
2031
2096
0
0
0
0
0
0
1914
2376
0
0
0
0
0
0
1189
3188
0
0
0
0
0
0
139
135
0
0
0
0
0
0
3207
1066
0
0
0
0
0
0
2533
1588
0
0
0
0
0
0
2427
1542
0
0
0
0
0
0
2880
986
0
0
0
0
0
0
3716
126
0
0
0
0
0
0
545
3356
0
0
0
0
0
0
1260
2760
0
0
0
0
0
0
1532
2622
0
0
0
0
0
0
1301
2959
0
0
0
0
0
0
679
3626
0
0
0
0
0
0
3983
294
0
0
0
0
0
0
3298
893
0
0
0
0
0
0
2927
1151
0
0
0
0
0
0
2978
999
0
0
0
0
0
0
3407
514
0
0
0
0
0
0
4038
3982
0
0
0
0
0
0
568
3413
0
0
0
0
0
0
978
3092
0
0
0
0
0
0
1061
3100
0
0
0
0
0
0
804
3417
0
0
0
0
0
0
327
3906
0
0
0
0
0
0
3901
301
0
0
0
0
0
0
3492
647
0
0
0
0
0
0
3323
740
0
0
0
0
0
0
3437
568
0
0
0
0
0
0
3764
216
0
0
0
0
0
0
90
3902
0
0
0
0
0
0
465
3571
0
0
0
0
0
0
671
3426
0
0
0
0
0
0
655
3491
0
0
0
0
0
0
453
3723
0
0
0
0
0
0
140
4036
0
0
0
0
0
0
3925
226
0
0
0
0
0
0
3705
401
0
0
0
0
0
0
3654
410
0
0
0
0
0
0
3764
272
0
0
0
0
0
0
3982
48
0
0
0
0
0
0
123
3919
0
0
0
0
0
0
314
3759
0
0
0
0
0
0
387
3717
0
0
0
0
0
0
342
3788
0
0
0
0
0
0
199
3939
0
0
0
0
0
0
29
8
0
0
0
0
0
0
3973
141
0
0
0
0
0
0
3899
193
0
0
0
0
0
0
3907
167
0
0
0
0
0
0
3982
82
0
0
0
0
0
0
4092
4067
0
0
0
0
0
0
111
3962
0
0
0
0
0
0
180
3910
0
0
0
0
0
0
187
3916
0
0
0
0
0
0
145
3962
0
0
0
0
0
0
91
4017
0
0
0
0
0
0
34
4074
0
0
0
0
0
0
4067
29
0
0
0
0
0
0
4055
35
0
0
0
0
0
0
4068
17
0
0
0
0
0
0
8
4077
0
0
0
0
0
0
37
4050
0
0
0
0
0
0
60
4028
0
0
0
0
0
0
76
4016
0
0
0
0
0
0
77
4017
0
0
0
0
0
0
68
4029
0
0
0
0
0
0
46
4049
0
0
0
0
0
0
36
4059
0
0
0
0
0
0
31
4062
0
0
0
0
0
0
32
4061
0
0
0
0
0
0
32
4060
0
0
0
0
0
0
34
4062
0
0
0
0
0
0
23
4074
0
0
0
0
0
0
12
4084
0
0
0
0
0
0
6
4089
0
0
0
0
0
0
3
4093
0
0
0
0
0
0
1
4094
0
0
0
0
0
0
0
4095
0
0
0
0
0
0
0
4095
0
0
0
0
0
0
0
4095
0
0
0
0
0
0
0
4095
0
0
0
0
0
0
0
4095
0
0
0
0
0
0
0
4095
0
0
0
0
0
0
0
4095
0
0
0
0
0
0
0
4095
0
0
0
0
0
0
0
4095
0
0
0
0
0
0
0
4095
0
0
0
0
0
0
0
4095
0
0
0
0
0
0
0
4095
0
0
0
0
0
0
0
4095
0
0
0
0
0
0
0
4095
0
0
0
0
0
0
0
4095
0
0
0
0
0
0
0
4095
0
0
0
0
0
0
0
4095
0
0
0
0
0
0
0
4095
0
0
0
0
0
0
0
4095
0
0
0
0
0
0
0
4095
0
0
0
0
0
0
0
4095
0
0
0
0
0
0
0
4095
0
0
0
0
0
0
0
4095
0
0
0
0
0
0
0
4095
0
0
0
0
0
0
0
4095
0
0
0
0
0
0
0
4095
0
0
0
0
0
0
0
4095
0
0
0
0
0
0
0
4095
0
0
0
0
0
0
0
4095
0
0
0
0
0
0
0
4095
0
0
0
0
0
0
0
4095
0
0
0
0
0
0
0
4095
0
0
0
0
0
0
0
4095
0
0
0
0
0
0
0
4095
0
0
0
0
0
0
0
4095
0
0
0
0
0
0
0
4095
0
0
0
0
0
0
0
4095
0
0
0
0
0
0
0
4095
0
0
0
0
0
0
0
4095
0
0
0
0
0
0
0
4095
0
0
0
0
0
0
0
4095
0
0
0
0
0
0
0
4095
0
0
0
0
0
0
0
4095
0
0
0
0
0
0
0
4095
0
0
0
0
0
0
0
4095
0
0
0
0
0
0
0
4095
0
0
0
0
0
0
0
4095
0
0
0
0
0
0
0
4095
0
0
0
0
0
0
0
4095
0
0
0
0
0
0
0
4095
0
0
0
0
0
0
0
4095
0
0
0
0
0
0
0
4095
0
0
0
0
0
0
0
4095
0
0
0
0
0
0
0
4095
0
0
0
0
0
0
0
4095
0
0
0
0
0
0
0
4095
0
0
0
0
0
0
0
4095
0
0
0
0
0
0
0
4095
0
0
0
0
0
0
0
4095
0
0
0
0
0
0
0
4095
0
0
0
0
0
0
0
4095
0
0
0
0
0
0
0
4095
0
0
0
0
0
0
0
4095
0
0
0
0
0
0
0
4095
0
0
0
0
0
0
0
4095
0
0
0
0
0
0
0
4095
0
0
0
0
0
0
0
4095
0
0
0
0
0
0
0
4095
0
0
0
0
0
0
0
4095
0
0
0
0
0
0
0
4095
0
0
0
0
0
0
0
4095
0
0
0
0
0
0
0
4095
0
0
0
0
0
0
0
4095
0
0
0
0
0
0
0
4095
0
0
0
0
0
0
0
4095
0
0
0
0
0
0
0
4095
0
0
0
0
0
0
0
4095
0
0
0
0
0
0
0
4095
0
0
0
0
0
0
0
4095
0
0
0
0
0
0
0
4095
0
0
0
0
0
0
0
4095
0
0
0
0
0
0
0
4095
0
0
0
0
0
0
0
4095
0
0
0
0
0
0
0
4095
0
0
0
0
0
0
0
4095
0
0
0
0
0
0
0
4095
0
0
0
0
0
0
0
4095
0
0
0
0
0
0
0
4095
0
0
0
0
0
0
0
4095
0
0
0
0
0
0
0
4095
0
0
0
0
0
0
0
4095
0
0
0
0
0
0
0
4095
0
0
0
0
0
0
0
4095
0
0
0
0
0
0
0
4095
0
0
0
0
0
0
0
4095
0
0
0
0
0
0
0
4095
0
0
0
0
0
0
0
4095
0
0
0
0
0
0
0
4095
0
0
0
0
0
0
0
4095
0
0
0
0
0
0
0
4095
0
0
0
0
0
0
0
4095
0
0
0
0
0
0
0
4095
0
0
0
0
0
0
0
4095
0
0
0
0
0
0
0
4095
0
0
0
0
0
0
0
4095
0
0
0
0
0
0
0
4095
0
0
0
0
0
0
0
4095
0
0
0
0
0
0
0
4095
0
0
0
0
0
0
0
4095
0
0
0
0
0
0
0
4095
0
0
0
0
0
0
0
4095
0
0
0
0
0
0
0
4095
0
0
0
0
0
0
0
4095
0
0
0
0
0
0
0
4095
0
0
0
0
0
0
0
4095
0
0
0
0
0
0
0
4095
0
0
0
0
0
0
0
4095
0
0
0
0
0
0
0
4095
0
0
0
0
0
0
0
4095
0
0
0
0
0
0
0
4095
0
0
0
0
0
0
0
4095
0
0
0
0
0
0
0
4095
0
0
0
0
0
0
0
4095
0
0
0
0
0
0
0
4095
0
0
0
0
0
0
0
4095
0
0
0
0
0
0
0
4095
0
0
0
0
0
0
0
4095
0
0
0
0
0
0
0
4095
0
0
0
0
0
0
0
4095
0
0
0
0
0
0
0
4095
0
0
0
0
0
0
0
4095
0
0
0
0
0
0
0
4095
0
0
0
0
0
0
0
4095
0
0
0
0
0
0
0
4095
0
0
0
0
0
0
0
4095
0
0
0
0
0
0
0
4095
0
0
0
0
0
0
0
4095
0
0
0
0
0
0
0
4095
0
0
0
0
0
0
0
4095
0
0
0
0
0
0
0
4095
0
0
0
0
0
0
0
4095
0
0
0
0
0
0
0
4095
0
0
0
0
0
0
0
4095
0
0
0
0
0
0
0
4095
0
0
0
0
0
0
0
4095
0
0
0
0
0
0
0
4095
0
0
0
0
0
0
0
4095
0
0
0
0
0
0
0
4095
0
0
0
0
0
0
0
4095
0
0
0
0
0
0
0
4095
0
0
0
0
0
0
0
4095
0
0
0
0
0
0
0
4095
0
0
0
0
0
0
0
4095
0
0
0
0
0
0
0
4095
0
0
0
0
0
0
0
4095
0
0
0
0
0
0
0
4095
0
0
0
0
0
0
0
4095
0
0
0
0
0
0
0
4095
0
0
0
0
0
0
0
4095
0
0
0
0
0
0
0
4095
0
0
0
0
0
0
0
4095
0
0
0
0
0
0
0
4095
0
0
0
0
0
0
0
4095
0
0
0
0
0
0
0
4095
0
0
0
0
0
0
0
4095
0
0
0
0
0
0
0
4095
0
0
0
0
0
0
0
4095
0
0
0
0
0
0
0
4095
0
0
0
0
0
0
0
4095
0
0
0
0
0
0
0
4095
0
0
0
0
0
0
0
4095
0
0
0
0
0
0
0
4095
0
0
0
0
0
0
0
4095
0
0
0
0
0
0
0
4095
0
0
0
0
0
0
0
4095
0
0
0
0
0
0
0
4095
0
0
0
0
0
0
0
4095
0
0
0
0
0
0
0
4095
0
0
0
0
0
0
0
4095
0
0
0
0
0
0
0
4095
0
0
0
0
0
0
0
4095
0
0
0
0
0
0
0
4095
0
0
0
0
0
0
0
4095
0
0
0
0
0
0
0
4095
0
0
0
0
0
0
0
4095
0
0
0
0
0
0
0
4095
0
0
0
0
0
0
0
4095
0
0
0
0
0
0
0
4095
0
0
0
0
0
0
0
4095
0
0
0
0
0
0
0
4095
0
0
0
0
0
0
0
4095
0
0
0
0
0
0
0
4095
0
0
0
0
0
0
0
4095
0
0
0
0
0
0
0
4095
0
0
0
0
0
0
0
4095
0
0
0
0
0
0
0
4095
0
0
0
0
0
0
0
4095
0
0
0
0
0
0
0
4095
0
0
0
0
0
0
0
4095
0
0
0
0
0
0
0
4095
0
0
0
0
0
0
0
4095
0
0
0
0
0
0
0
4095
0
0
0
0
0
0
0
4095
0
0
0
0
0
0
0
4095
0
0
0
0
0
0
0
4095
0
0
0
0
0
0
0
4095
0
0
0
0
0
0
0
4095
0
0
0
0
0
0
0
4095
0
0
0
0
0
0
0
4095
0
0
0
0
0
0
0
4095
0
0
0
0
0
0
0
4095
0
0
0
0
0
0
0
4095
0
0
0
0
0
0
0
4095
0
0
0
0
0
0
0
4095
0
0
0
0
0
0
0
4095
0
0
0
0
0
0
0
4095
0
0
0
0
0
0
0
4095
0
0
0
0
0
0
0
4095
0
0
0
0
0
0
0
4095
0
0
0
0
0
0
0
4095
0
0
0
0
0
0
0
4095
0
0
0
0
0
0
0
4095
0
0
0
0
0
0
0
4095
0
0
0
0
0
0
0
4095
0
0
0
0
0
0
0
4095
0
0
0
0
0
0
0
4095
0
0
0
0
0
0
0
4095
0
0
0
0
0
0
0
4095
0
0
0
0
0
0
0
4095
0
0
0
0
0
0
0
4095
0
0
0
0
0
0
0
4095
0
0
0
0
0
0
0
4095
0
0
0
0
0
0
0
4095
0
0
0
0
0
0
0
4095
0
0
0
0
0
0
0
4095
0
0
0
0
0
0
0
4095
0
0
0
0
0
0
0
4095
0
0
0
0
0
0
0
4095
0
0
0
0
0
0
0
4095
0
0
0
0
0
0
0
4095
0
0
0
0
0
0
0
4095
0
0
0
0
0
0
0
4095
0
0
0
0
0
0
0
4095
0
0
0
0
0
0
0
4095
0
0
0
0
0
0
0
4095
0
0
0
0
0
0
0
4095
0
0
0
0
0
0
0
4095
0
0
0
0
0
0
0
4095
0
0
0
0
0
0
0
4095
0
0
0
0
0
0
0
4095
0
0
0
0
0
0
0
4095
0
0
0
0
0
0
0
4095
0
0
0
0
0
0
0
4095
0
0
0
0
0
0
0
4095
0
0
0
0
0
0
0
4095
0
0
0
0
0
0
0
4095
0
0
0
0
0
0
0
4095
0
0
0
0
0
0
0
4095
0
0
0
0
0
0
0
4095
0
0
0
0
0
0
0
4095
0
0
0
0
0
0
0
4095
0
0
0
0
0
0
0
4095
0
0
0
0
0
0
0
4095
0
0
0
0
0
0
0
4095
0
0
0
0
0
0
0
4095
0
0
0
0
0
0
0
4095
0
0
0
0
0
0
0
4095
0
0
0
0
0
0
0
4095
0
0
0
0
0
0
0
4095
0
0
0
0
0
0
0
4095
0
0
0
0
0
0
0
4095
0
0
0
0
0
0
0
4095
0
0
0
0
0
0
0
4095
0
0
0
0
0
0
0
4095
0
0
0
0
0
0
0
4095
0
0
0
0
0
0
0
4095
0
0
0
0
0
0
0
4095
0
0
0
0
0
0
0
4095
0
0
0
0
0
0
0
4095
0
0
0
0
0
0
0
4095
0
0
0
0
0
0
0
4095
0
0
0
0
0
0
0
4095
0
0
0
0
0
0
0
4095
0
0
0
0
0
0
0
4095
0
0
0
0
0
0
0
4095
0
0
0
0
0
0
0
4095
0
0
0
0
0
0
0
4095
0
0
0
0
0
0
0
4095
0
0
0
0
0
0
0
4095
0
0
0
0
0
0
0
4095
0
0
0
0
0
0
0
4095
0
0
0
0
0
0
0
4095
0
0
0
0
0
0
0
4095
0
0
0
0
0
0
0
4095
0
0
0
0
0
0
0
4095
0
0
0
0
0
0
0
4095
0
0
0
0
0
0
0
4095
0
0
0
0
0
0
0
4095
0
0
0
0
0
0
0
4095
0
0
0
0
0
0
0
4095
0
0
0
0
0
0
0
4095
0
0
0
0
0
0
0
4095
0
0
0
0
0
0
0
4095
0
0
0
0
0
0
0
4095
0
0
0
0
0
0
0
4095
0
0
0
0
0
0
0
4095
0
0
0
0
0
0
0
4095
0
0
0
0
0
0
0
4095
0
0
0
0
0
0
0
4095
0
0
0
0
0
0
0
4095
0
0
0
0
0
0
0
4095
0
0
0
0
0
0
0
4095
0
0
0
0
0
0
0
4095
0
0
0
0
0
0
0
4095
0
0
0
0
0
0
0
4095
0
0
0
0
0
0
0
4095
0
0
0
0
0
0
0
4095
0
0
0
0
0
0
0
4095
0
0
0
0
0
0
0
4095
0
0
0
0
0
0
0
4095
0
0
0
0
0
0
0
4095
0
0
0
0
0
0
0
4095
0
0
0
0
0
0
0
4095
0
0
0
0
0
0
0
4095
0
0
0
0
0
0
0
4095
0
0
0
0
0
0
0
4095
0
0
0
0
0
0
0
4095
0
0
0
0
0
0
0
4095
0
0
0
0
0
0
0
4095
0
0
0
0
0
0
0
4095
0
0
0
0
0
0
0
4095
0
0
0
0
0
0
0
4095
0
0
0
0
0
0
0
4095
0
0
0
0
0
0
0
4095
0
0
0
0
0
0
0
4095
0
0
0
0
0
0
0
4095
0
0
0
0
0
0
0
4095
0
0
0
0
0
0
0
4095
0
0
0
0
0
0
0
4095
0
0
0
0
0
0
0
4095
0
0
0
0
0
0
0
4095
0
0
0
0
0
0
0
4095
0
0
0
0
0
0
0
4095
0
0
0
0
0
0
0
4095
0
0
0
0
0
0
0
4095
0
0
0
0
0
0
0
4095
0
0
0
0
0
0
0
4095
0
0
0
0
0
0
0
4095
0
0
0
0
0
0
0
4095
0
0
0
0
0
0
0
4095
0
0
0
0
0
0
0
4095
0
0
0
0
0
0
0
4095
0
0
0
0
0
0
0
4095
0
0
0
0
0
0
0
4095
0
0
0
0
0
0
0
4095
0
0
0
0
0
0
0
4095
0
0
0
0
0
0
0
4095
0
0
0
0
0
0
0
4095
0
0
0
0
0
0
0
4095
0
0
0
0
0
0
0
4095
0
0
0
0
0
0
0
4095
0
0
0
0
0
0
0
4095
0
0
0
0
0
0
0
4095
0
0
0
0
0
0
0
4095
0
0
0
0
0
0
0
4095
0
0
0
0
0
0
0
4095
0
0
0
0
0
0
0
4095
0
0
0
0
0
0
0
4095
0
0
0
0
0
0
0
4095
0
0
0
0
0
0
0
4095
0
0
0
0
0
0
0
4095
0
0
0
0
0
0
0
4095
0
0
0
0
0
0
0
4095
0
0
0
0
0
0
0
4095
0
0
0
0
0
0
0
4095
0
0
0
0
0
0
0
4095
0
0
0
0
0
0
0
4095
0
0
0
0
0
0
0
4095
0
0
0
0
0
0
0
4095
0
0
0
0
0
0
0
4095
0
0
0
0
0
0
0
4095
0
0
0
0
0
0
0
4095
0
0
0
0
0
0
0
4095
0
0
0
0
0
0
0
4095
0
0
0
0
0
0
0
4095
0
0
0
0
0
0
0
4095
0
0
0
0
0
0
0
4095
0
0
0
0
0
0
0
4095
0
0
0
0
0
0
0
4095
0
0
0
0
0
0
0
4095
0
0
0
0
0
0
0
4095
0
0
0
0
0
0
0
4095
0
0
0
0
0
0
0
4095
0
0
0
0
0
0
0
4095
0
0
0
0
0
0
0
4095
0
0
0
0
0
0
0
4095
0
0
0
0
0
0
0
4095
0
0
0
0
0
0
0
4095
0
0
0
0
0
0
0
4095
0
0
0
0
0
0
0
4095
0
0
0
0
0
0
0
4095
0
0
0
0
0
0
0
4095
0
0
0
0
0
0
0
4095
0
0
0
0
0
0
0
4095
0
0
0
0
0
0
0
4095
0
0
0
0
0
0
0
4095
0
0
0
0
0
0
0
4095
0
0
0
0
0
0
0
4095
0
0
0
0
0
0
0
4095
0
0
0
0
0
0
0
4095
0
0
0
0
0
0
0
4095
0
0
0
0
0
0
0
4095
0
0
0
0
0
0
0
4095
0
0
0
0
0
0
0
4095
0
0
0
0
0
0
0
4095
0
0
0
0
0
0
0
4095
0
0
0
0
0
0
0
4095
0
0
0
0
0
0
0
4095
0
0
0
0
0
0
0
4095
0
0
0
0
0
0
0
4095
0
0
0
0
0
0
0
4095
0
0
0
0
0
0
0
4095
0
0
0
0
0
0
0
4095
0
0
0
0
0
0
0
4095
0
0
0
0
0
0
0
4095
0
0
0
0
0
0
0
4095
0
0
0
0
0
0
0
4095
0
0
0
0
0
0
0
4095
0
0
0
0
0
0
0
4095
0
0
0
0
0
0
0
4095
0
0
0
0
0
0
0
4095
0
0
0
0
0
0
0
4095
0
0
0
0
0
0
0
4095
0
0
0
0
0
0
0
4095
0
0
0
0
0
0
0
4095
0
0
0
0
0
0
0
4095
0
0
0
0
0
0
0
4095
0
0
0
0
0
0
0
4095
0
0
0
0
0
0
0
4095
0
0
0
0
0
0
0
4095
0
0
0
0
0
0
0
4095
0
0
0
0
0
0
0
4095
0
0
0
0
0
0
0
4095
0
0
0
0
0
0
0
4095
0
0
0
0
0
0
0
4095
0
0
0
0
0
0
0
4095
0
0
0
0
0
0
0
4095
0
0
0
0
0
0
0
4095
0
0
0
0
0
0
0
4095
0
0
0
0
0
0
0
4095
0
0
0
0
0
0
0
4095
0
0
0
0
0
0
0
4095
0
0
0
0
0
0
0
4095
0
0
0
0
0
0
0
4095
0
0
0
0
0
0
0
4095
0
0
0
0
0
0
0
4095
0
0
0
0
0
0
0
4095
0
0
0
0
0
0
0
4095
0
0
0
0
0
0
0
4095
0
0
0
0
0
0
0
4095
0
0
0
0
0
0
0
4095
0
0
0
0
0
0
0
4095
0
0
0
0
0
0
0
4095
0
0
0
0
0
0
0
4095
0
0
0
0
0
0
0
4095
0
0
0
0
0
0
0
4095
0
0
0
0
0
0
0
4095
0
0
0
0
0
0
0
4095
0
0
0
0
0
0
0
4095
0
0
0
0
0
0
0
4095
0
0
0
0
0
0
0
4095
0
0
0
0
0
0
0
4095
0
0
0
0
0
0
0
4095
0
0
0
0
0
0
0
4095
0
0
0
0
0
0
0
4095
0
0
0
0
0
0
0
4095
0
0
0
0
0
0
0
4095
0
0
0
0
0
0
0
4095
0
0
0
0
0
0
0
4095
0
0
0
0
0
0
0
4095
0
0
0
0
0
0
0
4095
0
0
0
0
0
0
0
4095
0
0
0
0
0
0
0
4095
0
0
0
0
0
0
0
4095
0
0
0
0
0
0
0
4095
0
0
0
0
0
0
0
4095
0
0
0
0
0
0
0
4095
0
0
0
0
0
0
0
4095
0
0
0
0
0
0
0
4095
0
0
0
0
0
0
0
4095
0
0
0
0
0
0
0
4095
0
0
0
0
0
0
0
4095
0
0
0
0
0
0
0
4095
0
0
0
0
0
0
0
4095
0
0
0
0
0
0
0
4095
0
0
0
0
0
0
0
4095
0
0
0
0
0
0
0
4095
0
0
0
0
0
0
0
4095
0
0
0
0
0
0
0
4095
0
0
0
0
0
0
0
4095
0
0
0
0
0
0
0
4095
0
0
0
0
0
0
0
4095
0
0
0
0
0
0
0
4095
0
0
0
0
0
0
0
4095
0
0
0
0
0
0
0
4095
0
0
0
0
0
0
0
4095
0
0
0
0
0
0
0
4095
0
0
0
0
0
0
0
4095
0
0
0
0
0
0
0
4095
0
0
0
0
0
0
0
4095
0
0
0
0
0
0
0
4095
0
0
0
0
0
0
0
4095
0
0
0
0
0
0
0
4095
0
0
0
0
0
0
0
4095
0
0
0
0
0
0
0
4095
0
0
0
0
0
0
0
4095
0
0
0
0
0
0
0
4095
0
0
0
0
0
0
0
4095
0
0
0
0
0
0
0
4095
0
0
0
0
0
0
0
4095
0
0
0
0
0
0
0
4095
0
0
0
0
0
0
0
4095
0
0
0
0
0
0
0
4095
0
0
0
0
0
0
0
4095
0
0
0
0
0
0
0
4095
0
0
0
0
0
0
0
4095
0
0
0
0
0
0
0
4095
0
0
0
0
0
0
0
4095
0
0
0
0
0
0
0
4095
0
0
0
0
0
0
0
4095
0
0
0
0
0
0
0
4095
0
0
0
0
0
0
0
4095
0
0
0
0
0
0
0
4095
0
0
0
0
0
0
0
4095
0
0
0
0
0
0
0
4095
0
0
0
0
0
0
0
4095
0
0
0
0
0
0
0
4095
0
0
0
0
0
0
0
4095
0
0
0
0
0
0
0
4095
0
0
0
0
0
0
0
4095
0
0
0
0
0
0
0
4095
0
0
0
0
0
0
0
4095
0
0
0
0
0
0
0
4095
0
0
0
0
0
0
0
4095
0
0
0
0
0
0
0
4095
0
0
0
0
0
0
0
4095
0
0
0
0
0
0
0
4095
0
0
0
0
0
0
0
4095
0
0
0
0
0
0
0
4095
0
0
0
0
0
0
0
4095
0
0
0
0
0
0
0
4095
0
0
0
0
0
0
0
4095
0
0
0
0
0
0
0
4095
0
0
0
0
0
0
0
4095
0
0
0
0
0
0
0
4095
0
0
0
0
0
0
0
4095
0
0
0
0
0
0
0
4095
0
0
0
0
0
0
0
4095
0
0
0
0
0
0
0
4095
0
0
0
0
0
0
0
4095
0
0
0
0
0
0
0
4095
0
0
0
0
0
0
0
4095
0
0
0
0
0
0
0
4095
0
0
0
0
0
0
0
4095
0
0
0
0
0
0
0
4095
0
0
0
0
0
0
0
4095
0
0
0
0
0
0
0
4095
0
0
0
0
0
0
0
4095
0
0
0
0
0
0
0
4095
0
0
0
0
0
0
0
4095
0
0
0
0
0
0
0
4095
0
0
0
0
0
0
0
4095
0
0
0
0
0
0
0
4095
0
0
0
0
0
0
0
4095
0
0
0
0
0
0
0
4095
0
0
0
0
0
0
0
4095
0
0
0
0
0
0
0
4095
0
0
0
0
0
0
0
4095
0
0
0
0
0
0
0
4095
0
0
0
0
0
0
0
4095
0
0
0
0
0
0
0
4095
0
0
0
0
0
0
0
4095
0
0
0
0
0
0
0
4095
0
0
0
0
0
0
0
4095
0
0
0
0
0
0
0
4095
0
0
0
0
0
0
0
4095
0
0
0
0
0
0
0
4095
0
0
0
0
0
0
0
4095
0
0
0
0
0
0
0
4095
0
0
0
0
0
0
0
4095
0
0
0
0
0
0
0
4095
0
0
0
0
0
0
0
4095
0
0
0
0
0
0
0
4095
0
0
0
0
0
0
0
4095
0
0
0
0
0
0
0
4095
0
0
0
0
0
0
0
4095
0
0
0
0
0
0
0
4095
0
0
0
0
0
0
0
4095
0
0
0
0
0
0
0
4095
0
0
0
0
0
0
0
4095
0
0
0
0
0
0
0
4095
0
0
0
0
0
0
0
4095
0
0
0
0
0
0
0
4095
0
0
0
0
0
0
0
4095
0
0
0
0
0
0
0
4095
0
0
0
0
0
0
0
4095
0
0
0
0
0
0
0
4095
0
0
0
0
0
0
0
4095
0
0
0
0
0
0
0
4095
0
0
0
0
0
0
0
4095
0
0
0
0
0
0
0
4095
0
0
0
0
0
0
0
4095
0
0
0
0
0
0
0
4095
0
0
0
0
0
0
0
4095
0
0
0
0
0
0
0
4095
0
0
0
0
0
0
0
4095
0
0
0
0
0
0
0
4095
0
0
0
0
0
0
0
4095
0
0
0
0
0
0
0
4095
0
0
0
0
0
0
0
4095
0
0
0
0
0
0
0
4095
0
0
0
0
0
0
0
4095
0
0
0
0
0
0
0
4095
0
0
0
0
0
0
0
4095
0
0
0
0
0
0
0
4095
0
0
0
0
0
0
0
4095
0
0
0
0
0
0
0
4095
0
0
0
0
0
0
0
4095
0
0
0
0
0
0
0
4095
0
0
0
0
0
0
0
4095
0
0
0
0
0
0
0
4095
0
0
0
0
0
0
0
4095
0
0
0
0
0
0
0
4095
0
0
0
0
0
0
0
4095
0
0
0
0
0
0
0
4095
0
0
0
0
0
0
0
4095
0
0
0
0
0
0
0
4095
0
0
0
0
0
0
0
4095
0
0
0
0
0
0
0
4095
0
0
0
0
0
0
0
4095
0
0
0
0
0
0
0
4095
0
0
0
0
0
0
0
4095
0
0
0
0
0
0
0
4095
0
0
0
0
0
0
0
4095
0
0
0
0
0
0
0
4095
0
0
0
0
0
0
0
4095
0
0
0
0
0
0
0
4095
0
0
0
0
0
0
0
4095
0
0
0
0
0
0
0
4095
0
0
0
0
0
0
0
4095
0
0
0
0
0
0
0
4095
0
0
0
0
0
0
0
4095
0
0
0
0
0
0
0
4095
0
0
0
0
0
0
0
4095
0
0
0
0
0
0
0
4095
0
0
0
0
0
0
0
4095
0
0
0
0
0
0
0
4095
0
0
0
0
0
0
0
4095
0
0
0
0
0
0
0
4095
0
0
0
0
0
0
0
4095
0
0
0
0
0
0
0
4095
0
0
0
0
0
0
0
4095
0
0
0
0
0
0
0
4095
0
0
0
0
0
0
0
4095
0
0
0
0
0
0
0
4095
0
0
0
0
0
0
0
4095
0
0
0
0
0
0
0
4095
0
0
0
0
0
0
0
4095
0
0
0
0
0
0
0
4095
0
0
0
0
0
0
0
4095
0
0
0
0
0
0
0
4095
0
0
0
0
0
0
0
4095
0
0
0
0
0
0
0
4095
0
0
0
0
0
0
0
4095
0
0
0
0
0
0
0
4095
0
0
0
0
0
0
0
4095
0
0
0
0
0
0
0
4095
0
0
0
0
0
0
0
4095
0
0
0
0
0
0
0
4095
0
0
0
0
0
0
0
4095
0
0
0
0
0
0
0
4095
0
0
0
0
0
0
0
4095
0
0
0
0
0
0
0
4095
0
0
0
0
0
0
0
4095
0
0
0
0
0
0
0
4095
0
0
0
0
0
0
0
4095
0
0
0
0
0
0
0
4095
0
0
0
0
0
0
0
4095
0
0
0
0
0
0
0
4095
0
0
0
0
0
0
0
4095
0
0
0
0
0
0
0
4095
0
0
0
0
0
0
0
4095
0
0
0
0
0
0
0
4095
0
0
0
0
0
0
0
4095
0
0
0
0
0
0
0
4095
0
0
0
0
0
0
0
4095
0
0
0
0
0
0
0
4095
0
0
0
0
0
0
0
4095
0
0
0
0
0
0
0
4095
0
0
0
0
0
0
0
4095
0
0
0
0
0
0
0
4095
0
0
0
0
0
0
0
4095
0
0
0
0
0
0
0
4095
0
0
0
0
0
0
0
4095
0
0
0
0
0
0
0
4095
0
0
0
0
0
0
0
4095
0
0
0
0
0
0
0
4095
0
0
0
0
0
0
0
4095
0
0
0
0
0
0
0
4095
0
0
0
0
0
0
0
4095
0
0
0
0
0
0
0
4095
0
0
0
0
0
0
0
4095
0
0
0
0
0
0
0
4095
0
0
0
0
0
0
0
4095
0
0
0
0
0
0
0
4095
0
0
0
0
0
0
0
4095
0
0
0
0
0
0
0
4095
0
0
0
0
0
0
0
4095
0
0
0
0
0
0
0
4095
0
0
0
0
0
0
0
4095
0
0
0
0
0
0
0
4095
0
0
0
0
0
0
0
4095
0
0
0
0
0
0
0
4095
0
0
0
0
0
0
0
4095
0
0
0
0
0
0
0
4095
0
0
0
0
0
0
0
4095
0
0
0
0
0
0
0
4095
0
0
0
0
0
0
0
4095
0
0
0
0
0
0
0
4095
0
0
0
0
0
0
0
4095
0
0
0
0
0
0
0
4095
0
0
0
0
0
0
0
4095
0
0
0
0
0
0
0
4095
0
0
0
0
0
0
0
4095
0
0
0
0
0
0
0
4095
0
0
0
0
0
0
0
4095
0
0
0
0
0
0
0
4095
0
0
0
0
0
0
0
4095
0
0
0
0
0
0
0
4095
0
0
0
0
0
0
0
4095
0
0
0
0
0
0
0
4095
0
0
0
0
0
0
0
4095
0
0
0
0
0
0
0
4095
0
0
0
0
0
0
0
4095
0
0
0
0
0
0
0
4095
0
0
0
0
0
0
0
4095
0
0
0
0
0
0
0
4095
0
0
0
0
0
0
0
4095
0
0
0
0
0
0
0
4095
0
0
0
0
0
0
0
4095
0
0
0
0
0
0
0
4095
0
0
0
0
0
0
0
4095
0
0
0
0
0
0
0
4095
0
0
0
0
0
0
0
4095
0
0
0
0
0
0
0
4095
0
0
0
0
0
0
0
4095
0
0
0
0
0
0
0
4095
0
0
0
0
0
0
0
4095
0
0
0
0
0
0
0
4095
0
0
0
0
0
0
0
4095
0
0
0
0
0
0
0
4095
0
0
0
0
0
0
0
4095
0
0
0
0
0
0
0
4095
0
0
0
0
0
0
0
4095
0
0
0
0
0
0
0
4095
0
0
0
0
0
0
0
4095
0
0
0
0
0
0
0
4095
0
0
0
0
0
0
0
4095
0
0
0
0
0
0
0
4095
0
0
0
0
0
0
0
4095
0
0
0
0
0
0
0
4095
0
0
0
0
0
0
0
4095
0
0
0
0
0
0
0
4095
0
0
0
0
0
0
0
4095
0
0
0
0
0
0
0
4095
0
0
0
0
0
0
0
4095
0
0
0
0
0
0
0
4095
0
0
0
0
0
0
0
4095
0
0
0
0
0
0
0
4095
0
0
0
0
0
0
0
4095
0
0
0
0
0
0
0
4095
0
0
0
0
0
0
0
4095
0
0
0
0
0
0
0
4095
0
0
0
0
0
0
0
4095
0
0
0
0
0
0
0
4095
0
0
0
0
0
0
0
4095
0
0
0
0
0
0
0
4095
0
0
0
0
0
0
0
4095
0
0
0
0
0
0
0
4095
0
0
0
0
0
0
0
4095
0
0
0
0
0
0
0
4095
0
0
0
0
0
0
0
4095
0
0
0
0
0
0
0
4095
0
0
0
0
0
0
0
4095
0
0
0
0
0
0
0
4095
0
0
0
0
0
0
0
4095
0
0
0
0
0
0
0
4095
0
0
0
0
0
0
0
4095
0
0
0
0
0
0
0
4095
0
0
0
0
0
0
0
4095
0
0
0
0
0
0
0
4095
0
0
0
0
0
0
0
4095
0
0
0
0
0
0
0
4095
0
0
0
0
0
0
0
4095
0
0
0
0
0
0
0
4095
0
0
0
0
0
0
0
4095
0
0
0
0
0
0
0
4095
0
0
0
0
0
0
0
4095
0
0
0
0
0
0
0
4095
0
0
0
0
0
0
0
4095
0
0
0
0
0
0
0
4095
0
0
0
0
0
0
0
4095
0
0
0
0
0
0
0
4095
0
0
0
0
0
0
0
4095
0
0
0
0
0
0
0
4095
0
0
0
0
0
0
0
4095
0
0
0
0
0
0
0
4095
0
0
0
0
0
0
0
4095
0
0
0
0
0
0
0
4095
0
0
0
0
0
0
0
4095
0
0
0
0
0
0
0
4095
0
0
0
0
0
0
0
4095
0
0
0
0
0
0
0
4095
0
0
0
0
0
0
0
4095
0
0
0
0
0
0
0
4095
0
0
0
0
0
0
0
4095
0
0
0
0
0
0
0
4095
0
0
0
0
0
0
0
4095
0
0
0
0
0
0
0
4095
0
0
0
0
0
0
0
4095
0
0
0
0
0
0
0
4095
0
0
0
0
0
0
0
4095
0
0
0
0
0
0
0
4095
0
0
0
0
0
0
0
4095
0
0
0
0
0
0
0
4095
0
0
0
0
0
0
0
4095
0
0
0
0
0
0
0
4095
0
0
0
0
0
0
0
4095
0
0
0
0
0
0
0
4095
0
0
0
0
0
0
0
4095
0
0
0
0
0
0
0
4095
0
0
0
0
0
0
0
4095
0
0
0
0
0
0
0
4095
0
0
0
0
0
0
0
4095
0
0
0
0
0
0
0
4095
0
0
0
0
0
0
0
4095
0
0
0
0
0
0
0
4095
0
0
0
0
0
0
0
4095
0
0
0
0
0
0
0
4095
0
0
0
0
0
0
0
4095
0
0
0
0
0
0
0
4095
0
0
0
0
0
0
0
4095
0
0
0
0
0
0
0
4095
0
0
0
0
0
0
0
4095
0
0
0
0
0
0
0
4095
0
0
0
0
0
0
0
4095
0
0
0
0
0
0
0
4095
0
0
0
0
0
0
0
4095
0
0
0
0
0
0
0
4095
0
0
0
0
0
0
0
4095
0
0
0
0
0
0
0
4095
0
0
0
0
0
0
0
4095
0
0
0
0
0
0
0
4095
0
0
0
0
0
0
0
4095
0
0
0
0
0
0
0
4095
0
0
0
0
0
0
0
4095
0
0
0
0
0
0
0
4095
0
0
0
0
0
0
0
4095
0
0
0
0
0
0
0
4095
0
0
0
0
0
0
0
4095
0
0
0
0
0
0
0
4095
0
0
0
0
0
0
0
4095
0
0
0
0
0
0
0
4095
0
0
0
0
0
0
0
4095
0
0
0
0
0
0
0
4095
0
0
0
0
0
0
0
4095
0
0
0
0
0
0
0
4095
0
0
0
0
0
0
0
4095
0
0
0
0
0
0
0
4095
0
0
0
0
0
0
0
4095
0
0
0
0
0
0
0
4095
0
0
0
0
0
0
0
4095
0
0
0
0
0
0
0
4095
0
0
0
0
0
0
0
4095
0
0
0
0
0
0
0
4095
0
0
0
0
0
0
0
4095
0
0
0
0
0
0
0
4095
0
0
0
0
0
0
0
4095
0
0
0
0
0
0
0
4095
0
0
0
0
0
0
0
4095
0
0
0
0
0
0
0
4095
0
0
0
0
0
0
0
4095
0
0
0
0
0
0
0
4095
0
0
0
0
0
0
0
4095
0
0
0
0
0
0
0
4095
0
0
0
0
0
0
0
4095
0
0
0
0
0
0
0
4095
0
0
0
0
0
0
0
4095
0
0
0
0
0
0
0
4095
0
0
0
0
0
0
0
4095
0
0
0
0
0
0
0
4095
0
0
0
0
0
0
0
4095
0
0
0
0
0
0
0
4095
0
0
0
0
0
0
0
4095
0
0
0
0
0
0
0
4095
0
0
0
0
0
0
0
4095
0
0
0
0
0
0
0
4095
0
0
0
0
0
0
0
4095
0
0
0
0
0
0
0
4095
0
0
0
0
0
0
0
4095
0
0
0
0
0
0
0
4095
0
0
0
0
0
0
0
4095
0
0
0
0
0
0
0
4095
0
0
0
0
0
0
0
4095
0
0
0
0
0
0
0
4095
0
0
0
0
0
0
0
4095
0
0
0
0
0
0
0
4095
0
0
0
0
0
0
0
4095
0
0
0
0
0
0
0
4095
0
0
0
0
0
0
0
4095
0
0
0
0
0
0
0
4095
0
0
0
0
0
0
0
4095
0
0
0
0
0
0
0
4095
0
0
0
0
0
0
0
4095
0
0
0
0
0
0
0
4095
0
0
0
0
0
0
0
4095
0
0
0
0
0
0
0
4095
0
0
0
0
0
0
0
4095
0
0
0
0
0
0
0
4095
0
0
0
0
0
0
0
4095
0
0
0
0
0
0
0
4095
0
0
0
0
0
0
0
4095
0
0
0
0
0
0
0
4095
0
0
0
0
0
0
0
4095
0
0
0
0
0
0
0
4095
0
0
0
0
0
0
0
4095
0
0
0
0
0
0
0
4095
0
0
0
0
0
0
0
4095
0
0
0
0
0
0
0
4095
0
0
0
0
0
0
0
4095
0
0
0
0
0
0
0
4095
0
0
0
0
0
0
0
4095
0
0
0
0
0
0
0
4095
0
0
0
0
0
0
0
4095
0
0
0
0
0
0
0
4095
0
0
0
0
0
0
0
4095
0
0
0
0
0
0
0
4095
0
0
0
0
0
0
0
4095
0
0
0
0
0
0
0
4095
0
0
0
0
0
0
0
4095
0
0
0
0
0
0
0
4095
0
0
0
0
0
0
0
4095
0
0
0
0
0
0
0
4095
0
0
0
0
0
0
0
4095
0
0
0
0
0
0
0
4095
0
0
0
0
0
0
0
4095
0
0
0
0
0
0
0
4095
0
0
0
0
0
0
0
4095
0
0
0
0
0
0
0
4095
0
0
0
0
0
0
0
4095
0
0
0
0
0
0
0
4095
0
0
0
0
0
0
0
4095
0
0
0
0
0
0
0
4095
0
0
0
0
0
0
0
4095
0
0
0
0
0
0
0
4095
0
0
0
0
0
0
0
4095
0
0
0
0
0
0
0
4095
0
0
0
0
0
0
0
4095
0
0
0
0
0
0
0
4095
0
0
0
0
0
0
0
4095
0
0
0
0
0
0
0
4095
0
0
0
0
0
0
0
4095
0
0
0
0
0
0
0
4095
0
0
0
0
0
0
0
4095
0
0
0
0
0
0
0
4095
0
0
0
0
0
0
0
4095
0
0
0
0
0
0
