0
0
0
0
0
0
0
0
0
0
0
0
0
0
0
0
0
0
0
0
0
0
0
0
0
0
0
0
0
0
0
0
0
0
0
0
0
0
0
0
0
0
0
0
0
0
0
0
0
0
0
0
0
0
0
0
0
0
0
0
0
0
0
0
0
0
0
0
0
0
0
0
0
0
0
0
0
0
0
0
0
0
0
0
0
0
0
0
0
0
0
0
0
0
0
0
0
0
0
0
0
0
0
0
0
0
0
0
0
0
0
0
0
0
0
0
0
0
0
0
0
0
0
0
0
0
0
0
0
0
0
0
0
0
0
0
0
0
0
0
0
0
0
0
0
0
0
0
0
0
0
0
0
0
0
0
0
0
0
0
0
0
0
0
0
0
0
0
0
0
0
0
0
0
0
0
281474524954624
281474744557568
0
0
0
0
0
0
281474622561900
281474520589370
0
0
0
0
0
0
281474786990657
281474628053180
0
0
0
0
0
0
281474957599918
281474879150446
0
0
0
0
0
0
281474743026997
281474828140670
0
0
0
0
0
0
281474516766207
281474747402443
0
0
0
0
0
0
281474622588756
281474520591515
0
0
0
0
0
0
281474837699463
281474436876476
0
0
0
0
0
0
11225978
281474718105642
0
0
0
0
0
0
281474826498792
178327880
0
0
0
0
0
0
281474229224105
281474914799094
0
0
0
0
0
0
281474212399762
281474203299047
0
0
0
0
0
0
281474814240688
281473899820768
0
0
0
0
0
0
609301398
281474600368660
0
0
0
0
0
0
188507182
704926926
0
0
0
0
0
0
281473910069953
381591234
0
0
0
0
0
0
281473505025576
281474022218072
0
0
0
0
0
0
281474689862438
281473290125571
0
0
0
0
0
0
1252888551
281474263195830
0
0
0
0
0
0
772936971
1294856722
0
0
0
0
0
0
281473763582411
1352820173
0
0
0
0
0
0
281472577072214
281473924184633
0
0
0
0
0
0
281474290026134
281472255356861
0
0
0
0
0
0
1866298914
281473652023659
0
0
0
0
0
0
1925952144
1776576755
0
0
0
0
0
0
281473741181438
2419446934
0
0
0
0
0
0
281471494250007
281474262896060
0
0
0
0
0
0
281473146958533
281471213559491
0
0
0
0
0
0
2439962854
281472512747463
0
0
0
0
0
0
3263300214
2056617829
0
0
0
0
0
0
281474442030456
4008389492
0
0
0
0
0
0
281470268693065
72731080
0
0
0
0
0
0
281471741727562
281470265629613
0
0
0
0
0
0
2710648418
281470964053502
0
0
0
0
0
0
5010927951
1931807747
0
0
0
0
0
0
430069784
5652007996
0
0
0
0
0
0
281469199766164
1625760270
0
0
0
0
0
0
281470038492930
281469652807846
0
0
0
0
0
0
2289449026
281468885625493
0
0
0
0
0
0
6791755676
930813057
0
0
0
0
0
0
2003632586
7386773717
0
0
0
0
0
0
281468511680416
3842719163
0
0
0
0
0
0
281467556232589
281469300870135
0
0
0
0
0
0
1290674627
281466338388556
0
0
0
0
0
0
8631388237
281474643552996
0
0
0
0
0
0
4436055106
8522150604
0
0
0
0
0
0
281468502375692
6343684859
0
0
0
0
0
0
281464925620316
281469853605715
0
0
0
0
0
0
281474195868719
281463878780029
0
0
0
0
0
0
9917962686
281471902416946
0
0
0
0
0
0
7696411847
9533367560
0
0
0
0
0
0
281469303538945
9818257419
0
0
0
0
0
0
281462232669237
281471290235786
0
0
0
0
0
0
281471238203957
281461571291926
0
0
0
0
0
0
10783693448
281468866298670
0
0
0
0
0
0
11246888584
9796189555
0
0
0
0
0
0
281470803585012
13003851942
0
0
0
0
0
0
281459774078917
281473691245789
0
0
0
0
0
0
281467955045796
281459738081594
0
0
0
0
0
0
10510527148
281464820142309
0
0
0
0
0
0
14922315519
8454359341
0
0
0
0
0
0
281473780991866
16450354631
0
0
0
0
0
0
281457715563383
2171356177
0
0
0
0
0
0
281463335779466
281458496101766
0
0
0
0
0
0
9713130474
281460402771458
0
0
0
0
0
0
18744344173
6585518791
0
0
0
0
0
0
2915210512
19906354745
0
0
0
0
0
0
281456671941276
6890759997
0
0
0
0
0
0
281458699163799
281458413010180
0
0
0
0
0
0
7041360088
281455411695139
0
0
0
0
0
0
22159554500
3217501100
0
0
0
0
0
0
7985566571
22420880619
0
0
0
0
0
0
281456912397705
12415438274
0
0
0
0
0
0
281453275321485
281459768776546
0
0
0
0
0
0
2952828569
281450641701606
0
0
0
0
0
0
24600108654
281473132880543
0
0
0
0
0
0
14094388659
23879140771
0
0
0
0
0
0
281458520381953
18713019095
0
0
0
0
0
0
281447895568383
281462567257561
0
0
0
0
0
0
281472530481276
281446364710671
0
0
0
0
0
0
26103394189
281466809723008
0
0
0
0
0
0
20895670750
24002821476
0
0
0
0
0
0
281462135096942
25188701852
0
0
0
0
0
0
281443737320346
281467456349647
0
0
0
0
0
0
281465734108169
281442773493595
0
0
0
0
0
0
25897768051
281459522012126
0
0
0
0
0
0
27534053081
22290170908
0
0
0
0
0
0
281467259987033
31692212659
0
0
0
0
0
0
281440099607388
281473956665011
0
0
0
0
0
0
281457769448520
281440616931933
0
0
0
0
0
0
23817185345
281451378962538
0
0
0
0
0
0
34571677331
18497958160
0
0
0
0
0
0
281474308506718
37463862236
0
0
0
0
0
0
281438074211197
7000525263
0
0
0
0
0
0
281449104002898
281440520149270
0
0
0
0
0
0
19509971806
281442738684008
0
0
0
0
0
0
40541563786
12560573001
0
0
0
0
0
0
7983423250
42134083749
0
0
0
0
0
0
281438164002677
16261170061
0
0
0
0
0
0
281440160721056
281442497437989
0
0
0
0
0
0
13052905430
281434391336215
0
0
0
0
0
0
45100797392
4552512078
0
0
0
0
0
0
18146734204
45176862607
0
0
0
0
0
0
281440571134598
26711883577
0
0
0
0
0
0
281431446229562
281446789930380
0
0
0
0
0
0
4104833697
281426947382048
0
0
0
0
0
0
48049931298
281469498627727
0
0
0
0
0
0
29280182492
45837801515
0
0
0
0
0
0
281445542484208
37536306133
0
0
0
0
0
0
281423456026877
281453819723636
0
0
0
0
0
0
281468590960099
281420647273722
0
0
0
0
0
0
48421891480
281457897640784
0
0
0
0
0
0
40450830845
43632349987
0
0
0
0
0
0
281453352969357
48069058750
0
0
0
0
0
0
281417273957539
281463444341422
0
0
0
0
0
0
281456134471589
281416540102778
0
0
0
0
0
0
45825812526
281445064296285
0
0
0
0
0
0
51647185183
38672511615
0
0
0
0
0
0
281463723460602
57666613410
0
0
0
0
0
0
281413459490718
627661602
0
0
0
0
0
0
281442272375724
281415186187882
0
0
0
0
0
0
39890178121
281431431701582
0
0
0
0
0
0
61575989544
30459876473
0
0
0
0
0
0
1817551799
65801145297
0
0
0
0
0
0
281412421229800
14847620617
0
0
0
0
0
0
281428582201834
281417263497527
0
0
0
0
0
0
30987806707
281418142227883
0
0
0
0
0
0
69533757853
18905877545
0
0
0
0
0
0
16835502310
71445475959
0
0
0
0
0
0
281414750293690
30624094386
0
0
0
0
0
0
281414739937097
281422650138537
0
0
0
0
0
0
19107104740
281406355598727
0
0
0
0
0
0
75034203975
4649418453
0
0
0
0
0
0
33032927829
73565966805
0
0
0
0
0
0
281420915627374
46780476363
0
0
0
0
0
0
281402159881007
281431835463494
0
0
0
0
0
0
3810844406
281395911860602
0
0
0
0
0
0
77108529258
281462985511750
0
0
0
0
0
0
50210181960
72375937135
0
0
0
0
0
0
281430828325725
62991709945
0
0
0
0
0
0
281391831469907
281444842253597
0
0
0
0
0
0
281461353108751
281388460077189
0
0
0
0
0
0
75150621040
281444476097409
0
0
0
0
0
0
66515981370
66755353702
0
0
0
0
0
0
281444718949254
77992840747
0
0
0
0
0
0
281384631872959
281460956396517
0
0
0
0
0
0
281441936215220
281384729864041
0
0
0
0
0
0
68887848705
281425128065274
0
0
0
0
0
0
82062036752
56873138625
0
0
0
0
0
0
281461715062680
90642709494
0
0
0
0
0
0
281380934929412
5329873279
0
0
0
0
0
0
281421867428589
281385144235701
0
0
0
0
0
0
58131647451
281405682966005
0
0
0
0
0
0
95109167125
42714959179
0
0
0
0
0
0
7192248740
100643780433
0
0
0
0
0
0
281382362630501
27041690099
0
0
0
0
0
0
281401801239837
281390414737993
0
0
0
0
0
0
43092491950
281387535742916
0
0
0
0
0
0
104731482389
24231722454
0
0
0
0
0
0
29402279856
106245671864
0
0
0
0
0
0
281388055928248
49692199286
0
0
0
0
0
0
281383235902517
281400805715892
0
0
0
0
0
0
23634435205
281371386574826
0
0
0
0
0
0
110301980918
2574751522
0
0
0
0
0
0
52911018349
106964896923
0
0
0
0
0
0
281399394743586
72532976174
0
0
0
0
0
0
281367171107955
281416374740372
0
0
0
0
0
0
908636472
281358980010793
0
0
0
0
0
0
110423408386
281452722237479
0
0
0
0
0
0
76439446563
102390879296
0
0
0
0
0
0
281415461440324
94294772425
0
0
0
0
0
0
281354478462244
281436330117390
0
0
0
0
0
0
281450282527781
281350694020219
0
0
0
0
0
0
105121520415
281426608893378
0
0
0
0
0
0
98851385561
92238710809
0
0
0
0
0
0
281436618796223
113685781813
0
0
0
0
0
0
281346783200453
281460578360292
0
0
0
0
0
0
281423240345024
281348309163147
0
0
0
0
0
0
93931405748
281399833946863
0
0
0
0
0
0
118402769477
75874630779
0
0
0
0
0
0
281462065083819
129624220284
0
0
0
0
0
0
281344575453267
13192109589
0
0
0
0
0
0
281395855402810
281351899229370
0
0
0
0
0
0
76735078580
281374259493894
0
0
0
0
0
0
134076546538
54316504948
0
0
0
0
0
0
15632257779
140281689620
0
0
0
0
0
0
281348717363420
42689249382
0
0
0
0
0
0
281369754477374
281361740708623
0
0
0
0
0
0
53956466557
281350867844897
0
0
0
0
0
0
144691511700
27641928930
0
0
0
0
0
0
46181703642
144996768982
0
0
0
0
0
0
281359706777301
73609567413
0
0
0
0
0
0
281346346962658
281378314100487
0
0
0
0
0
0
26295130597
281331604789781
0
0
0
0
0
0
149245728877
281471950010740
0
0
0
0
0
0
77571920042
143359767513
0
0
0
0
0
0
281377319373852
103329996040
0
0
0
0
0
0
281326842821181
281401368284152
0
0
0
0
0
0
281469605270677
281317244885232
0
0
0
0
0
0
146708651050
281438899404606
0
0
0
0
0
0
107944164286
134297068938
0
0
0
0
0
0
281401099366002
130837506584
0
0
0
0
0
0
281312709108812
281429765163570
0
0
0
0
0
0
281435381158187
281309666310976
0
0
0
0
0
0
136714774584
281404323114011
0
0
0
0
0
0
135630245121
117749073221
0
0
0
0
0
0
281431049549770
154314640599
0
0
0
0
0
0
281305618021583
281463194186049
0
0
0
0
0
0
281400137334275
281309276229043
0
0
0
0
0
0
119122636488
281370170582174
0
0
0
0
0
0
159428937190
94201507907
0
0
0
0
0
0
281465374712696
172369817093
0
0
0
0
0
0
281305951545911
24962691686
0
0
0
0
0
0
281365454635092
281317188825944
0
0
0
0
0
0
94352812120
281338081315139
0
0
0
0
0
0
176984376517
63715617073
0
0
0
0
0
0
28150194434
183458507916
0
0
0
0
0
0
281314192405098
63243625251
0
0
0
0
0
0
281333285431897
281332918832190
0
0
0
0
0
0
62773143458
281310131582188
0
0
0
0
0
0
187845169315
28114328126
0
0
0
0
0
0
67440903786
186531943627
0
0
0
0
0
0
281331157045094
102024154441
0
0
0
0
0
0
281304965557136
281356705188934
0
0
0
0
0
0
26077797763
281288257954875
0
0
0
0
0
0
190291580810
281463089010073
0
0
0
0
0
0
106590437537
180847350412
0
0
0
0
0
0
281356310093460
138548182128
0
0
0
0
0
0
281283007665374
281388225132944
0
0
0
0
0
0
281459918763169
281272948025754
0
0
0
0
0
0
183762658012
281420510760926
0
0
0
0
0
0
143613056063
166293509613
0
0
0
0
0
0
281388849863784
171168893490
0
0
0
0
0
0
281268368508982
281426350618247
0
0
0
0
0
0
281416620382933
281266432409563
0
0
0
0
0
0
168070989496
281377702828924
0
0
0
0
0
0
176560979026
142645975941
0
0
0
0
0
0
281428318951372
198328493562
0
0
0
0
0
0
281262614058037
281469166517654
0
0
0
0
0
0
281373079905903
281269591658381
0
0
0
0
0
0
143248479764
281336151619357
0
0
0
0
0
0
203184819450
110251109831
0
0
0
0
0
0
281472202445322
217773319581
0
0
0
0
0
0
281266417610995
40369926581
0
0
0
0
0
0
281331151634227
281282283385857
0
0
0
0
0
0
109541196368
281298344129864
0
0
0
0
0
0
222243357069
70744932732
0
0
0
0
0
0
44262454877
228003575087
0
0
0
0
0
0
281280540472222
87739622906
0
0
0
0
0
0
281293065275316
281305066588760
0
0
0
0
0
0
69032584820
281266536344280
0
0
0
0
0
0
231930255598
25153812272
0
0
0
0
0
0
92501123247
228315404180
0
0
0
0
0
0
281304504733445
134100479784
0
0
0
0
0
0
281261178001276
281337327099000
0
0
0
0
0
0
22114768886
281242191088459
0
0
0
0
0
0
231277875456
281450333886182
0
0
0
0
0
0
139204266142
217825834063
0
0
0
0
0
0
281338155924584
177251045586
0
0
0
0
0
0
281237588473077
281378288696876
0
0
0
0
0
0
281446566132849
281227307185863
0
0
0
0
0
0
220017614224
281398788212086
0
0
0
0
0
0
182374774852
196126483694
0
0
0
0
0
0
281380012728992
214374417606
0
0
0
0
0
0
281223184642911
281426134785035
0
0
0
0
0
0
281394271098304
281223430987720
0
0
0
0
0
0
197311516667
281347415824915
0
0
0
0
0
0
219550934363
164811739076
0
0
0
0
0
0
281428823718668
243956927836
0
0
0
0
0
0
281219675180595
3855018910
0
0
0
0
0
0
281342318224081
281230754613184
0
0
0
0
0
0
164410618304
281299356478270
0
0
0
0
0
0
248684163532
123345957428
0
0
0
0
0
0
7736315003
263715474319
0
0
0
0
0
0
281228299358624
59419288041
0
0
0
0
0
0
281293669585146
281249592432526
0
0
0
0
0
0
121504674746
281256394316248
0
0
0
0
0
0
268073122370
73940872540
0
0
0
0
0
0
63988381562
272059419345
0
0
0
0
0
0
281248673907455
115495624965
0
0
0
0
0
0
281250933735238
281280191444803
0
0
0
0
0
0
71137189125
281221405485095
0
0
0
0
0
0
275673139837
18435924764
0
0
0
0
0
0
120566497176
268558550919
0
0
0
0
0
0
281280473517296
168815491894
0
0
0
0
0
0
281216357116450
281321507046739
0
0
0
0
0
0
14672637399
281196333681205
0
0
0
0
0
0
270852136570
281433916844155
0
0
0
0
0
0
174269030902
252211407151
0
0
0
0
0
0
281322993490829
217440740527
0
0
0
0
0
0
281191920131691
281372176883924
0
0
0
0
0
0
281429542669833
281182859751590
0
0
0
0
0
0
253656188982
281373718603033
0
0
0
0
0
0
222859408644
223549291419
0
0
0
0
0
0
281374872128035
258512072701
0
0
0
0
0
0
281179270314344
281429753580221
0
0
0
0
0
0
281368308222200
281182110858125
0
0
0
0
0
0
223505418682
281314695882668
0
0
0
0
0
0
263421041527
182919813923
0
0
0
0
0
0
281433452629648
289211729430
0
0
0
0
0
0
281179305968595
17209662688
0
0
0
0
0
0
281309305336663
281194638205611
0
0
0
0
0
0
181642544152
281260647555074
0
0
0
0
0
0
293735346868
132329626184
0
0
0
0
0
0
21675391830
308114612579
0
0
0
0
0
0
281193251071143
81834802982
0
0
0
0
0
0
281255161551150
281220760569033
0
0
0
0
0
0
129611854708
281214013167088
0
0
0
0
0
0
311691336829
72979364764
0
0
0
0
0
0
87111648413
313880462327
0
0
0
0
0
0
281220951609944
145562111369
0
0
0
0
0
0
281208485864634
281259721332618
0
0
0
0
0
0
69397875153
281176855353783
0
0
0
0
0
0
316546677325
7897376058
0
0
0
0
0
0
151063747272
305468533468
0
0
0
0
0
0
281261034604710
205344842364
0
0
0
0
0
0
281172376094823
281310320496993
0
0
0
0
0
0
3231619961
281151904595917
0
0
0
0
0
0
307160991912
281414727144770
0
0
0
0
0
0
211005605667
282628561865
0
0
0
0
0
0
281312629989959
258258651502
0
0
0
0
0
0
281148415669677
281370476945641
0
0
0
0
0
0
281409168598191
281140765837372
0
0
0
0
0
0
282935463694
281346183102271
0
0
0
0
0
0
263578128042
246071371070
0
0
0
0
0
0
281373557535685
301378977864
0
0
0
0
0
0
281137945480973
281437392826897
0
0
0
0
0
0
281340657762137
281144508318688
0
0
0
0
0
0
244724014238
281280857612699
0
0
0
0
0
0
306118650104
196590174327
0
0
0
0
0
0
281441998255394
332466942836
0
0
0
0
0
0
281142901875770
34007350939
0
0
0
0
0
0
281275189487938
281163208661653
0
0
0
0
0
0
194346466830
281221904843291
0
0
0
0
0
0
336360381600
136397980649
0
0
0
0
0
0
39175086744
349502937321
0
0
0
0
0
0
281163134238412
106633683038
0
0
0
0
0
0
281216577557718
281196961928077
0
0
0
0
0
0
132847228812
281172505090552
0
0
0
0
0
0
352520425202
67691239647
0
0
0
0
0
0
112171436422
351680123142
0
0
0
0
0
0
281198110160255
177073041349
0
0
0
0
0
0
281167373752241
281244205165247
0
0
0
0
0
0
63276308363
281134804630525
0
0
0
0
0
0
353245752140
281468678778329
0
0
0
0
0
0
182609198561
337515647771
0
0
0
0
0
0
281246753790360
241775357757
0
0
0
0
0
0
281130727561450
281303894733434
0
0
0
0
0
0
281463536926649
281111260132155
0
0
0
0
0
0
337711889100
281392263121085
0
0
0
0
0
0
247286394130
307497929237
0
0
0
0
0
0
281307457882469
297773146795
0
0
0
0
0
0
281108536929392
281372877164091
0
0
0
0
0
0
281386510237999
281103416864555
0
0
0
0
0
0
306619000400
281317274469310
0
0
0
0
0
0
302319298199
262775230716
0
0
0
0
0
0
281377422353887
341871627182
0
0
0
0
0
0
281101830748567
281449050307569
0
0
0
0
0
0
281311360944680
281112310642336
0
0
0
0
0
0
260599984067
281247013504053
0
0
0
0
0
0
345873600018
204813575051
0
0
0
0
0
0
281454296051030
372132029534
0
0
0
0
0
0
281112126469606
53455605655
0
0
0
0
0
0
281241326891163
281137495237125
0
0
0
0
0
0
201234831425
281184836065904
0
0
0
0
0
0
375021508706
135864197943
0
0
0
0
0
0
59051578833
386211123582
0
0
0
0
0
0
281138544539667
132841091289
0
0
0
0
0
0
281179507586244
281178837958518
0
0
0
0
0
0
130909095465
281133632960566
0
0
0
0
0
0
387948032017
58660596944
0
0
0
0
0
0
138544104171
383212903184
0
0
0
0
0
0
281181356777754
208473660718
0
0
0
0
0
0
281129716098976
281234773790122
0
0
0
0
0
0
53294577902
281096806925479
0
0
0
0
0
0
383602613612
281451551487521
0
0
0
0
0
0
213977154680
363328440240
0
0
0
0
0
0
281238335096573
276686493011
0
0
0
0
0
0
281093903714692
281302860067905
0
0
0
0
0
0
281445886633756
281075924692977
0
0
0
0
0
0
361973246289
281368555057608
0
0
0
0
0
0
281763751778
326011456021
0
0
0
0
0
0
281307561210125
334301734501
0
0
0
0
0
0
281074117609553
281380379358295
0
0
0
0
0
0
281362637334073
281072298531417
0
0
0
0
0
0
323487314196
281288018629645
0
0
0
0
0
0
338241200491
273185256333
0
0
0
0
0
0
281385667808310
378005653278
0
0
0
0
0
0
281071993263091
281463818421141
0
0
0
0
0
0
281282537740946
281086839830151
0
0
0
0
0
0
269800370886
281214271226876
0
0
0
0
0
0
381107589362
207030760877
0
0
0
0
0
0
281469706432634
405882733425
0
0
0
0
0
0
281087720954214
74715103849
0
0
0
0
0
0
281209014907540
281118994606397
0
0
0
0
0
0
202392661526
281150397753998
0
0
0
0
0
0
407801226944
130058311395
0
0
0
0
0
0
80979516718
416354407691
0
0
0
0
0
0
281121322870849
159564507115
0
0
0
0
0
0
281145933078987
281167628107040
0
0
0
0
0
0
124698307684
281099441692452
0
0
0
0
0
0
416726742961
45591848328
0
0
0
0
0
0
165093240290
407971681367
0
0
0
0
0
0
281171570963226
238641975086
0
0
0
0
0
0
281096390932997
281231360005091
0
0
0
0
0
0
39619270881
281064543230333
0
0
0
0
0
0
406889354874
281432125461169
0
0
0
0
0
0
243713402948
381331277236
0
0
0
0
0
0
281236118705107
308727524855
0
0
0
0
0
0
281062655557028
281306953961561
0
0
0
0
0
0
281426071135627
281047090491395
0
0
0
0
0
0
379100556665
281344175439919
0
0
0
0
0
0
312912842057
337012105276
0
0
0
0
0
0
281312492671070
366143242309
0
0
0
0
0
0
281046817290656
281391843197170
0
0
0
0
0
0
281338259702224
281048801613209
0
0
0
0
0
0
333411909960
281260394666981
0
0
0
0
0
0
369459617743
277062740051
0
0
0
0
0
0
281397517236457
408259914654
0
0
0
0
0
0
281049581289585
6290033455
0
0
0
0
0
0
281254923317185
281069132160468
0
0
0
0
0
0
272157347275
281184413332944
0
0
0
0
0
0
410352805556
203715460920
0
0
0
0
0
0
12522137199
432955316703
0
0
0
0
0
0
281071568332216
97163380929
0
0
0
0
0
0
281179974319492
281108277140819
0
0
0
0
0
0
197915318087
281120342083977
0
0
0
0
0
0
433466367618
120066045492
0
0
0
0
0
0
103440941555
438492067557
0
0
0
0
0
0
281111776662691
185096985341
0
0
0
0
0
0
281117037131490
281164029084429
0
0
0
0
0
0
113699455780
281071627650893
0
0
0
0
0
0
437479370121
29573922105
0
0
0
0
0
0
190590622775
424449892186
0
0
0
0
0
0
281168692285041
266128629606
0
0
0
0
0
0
281069210808215
281234229959906
0
0
0
0
0
0
23223530589
281039647869751
0
0
0
0
0
0
422260914019
281411731216381
0
0
0
0
0
0
270801555844
391533678141
0
0
0
0
0
0
281240162541505
336155875606
0
0
0
0
0
0
281039086743871
281316468672165
0
0
0
0
0
0
281405592705422
281026947529580
0
0
0
0
0
0
387894030809
281320432064811
0
0
0
0
0
0
339726164473
340689049415
0
0
0
0
0
0
281322712938075
392000616318
0
0
0
0
0
0
281027481742364
281406584163492
0
0
0
0
0
0
281314761586739
281033834174075
0
0
0
0
0
0
335810278389
281234814547669
0
0
0
0
0
0
394083882963
274117281891
0
0
0
0
0
0
281412961648676
431099797796
0
0
0
0
0
0
281035954799092
25571208038
0
0
0
0
0
0
281230013171804
281060117457502
0
0
0
0
0
0
268264502448
281159147671497
0
0
0
0
0
0
431878896256
194624734864
0
0
0
0
0
0
31845732066
451450966670
0
0
0
0
0
0
281063790063423
119339241261
0
0
0
0
0
0
281155444155360
281105232098877
0
0
0
0
0
0
188161922952
281096844136173
0
0
0
0
0
0
450517714681
105735078860
0
0
0
0
0
0
125166838348
451660339873
0
0
0
0
0
0
281110453029647
208644674187
0
0
0
0
0
0
281094388603715
281167502863627
0
0
0
0
0
0
98828566460
281050694230704
0
0
0
0
0
0
449594872714
11263817680
0
0
0
0
0
0
213728282080
432170511652
0
0
0
0
0
0
281173126048465
289326032574
0
0
0
0
0
0
281049731236337
281243331382266
0
0
0
0
0
0
4901680289
281023078325139
0
0
0
0
0
0
428518451235
281390980302348
0
0
0
0
0
0
293364713929
393089914218
0
0
0
0
0
0
281249994218926
357861016464
0
0
0
0
0
0
281023657203328
281330308406259
0
0
0
0
0
0
281384665005466
281014988644225
0
0
0
0
0
0
388055849926
281298413201360
0
0
0
0
0
0
360611451470
336669283366
0
0
0
0
0
0
281336925208665
410708655906
0
0
0
0
0
0
281017582690159
281424071063961
0
0
0
0
0
0
281293482356725
281027783291840
0
0
0
0
0
0
330269475462
281213191311019
0
0
0
0
0
0
411787420389
264557002161
0
0
0
0
0
0
281430643217257
445709713583
0
0
0
0
0
0
281031294687222
45274097102
0
0
0
0
0
0
281209426785639
281060093546169
0
0
0
0
0
0
257844223624
281139505620161
0
0
0
0
0
0
445057112887
180939003422
0
0
0
0
0
0
51525870021
461066445950
0
0
0
0
0
0
281064836107669
140145310195
0
0
0
0
0
0
281136813256881
281110648727144
0
0
0
0
0
0
173779668799
281080183747213
0
0
0
0
0
0
458844647581
88432885357
0
0
0
0
0
0
145585620100
455959446890
0
0
0
0
0
0
281116775484207
228869864449
0
0
0
0
0
0
281078909639522
281177698097759
0
0
0
0
0
0
81788413182
281038355848029
0
0
0
0
0
0
452234158466
281467239847631
0
0
0
0
0
0
233146323967
430811669320
0
0
0
0
0
0
281184748220293
307342513514
0
0
0
0
0
0
281038899857210
281257989010205
0
0
0
0
0
0
281460684504836
281015582867214
0
0
0
0
0
0
425652840007
281371227782315
0
0
0
0
0
0
310487851746
386475447086
0
0
0
0
0
0
281265172093767
372589455789
0
0
0
0
0
0
281017631718379
281347489012914
0
0
0
0
0
0
281365328684393
281013032076024
0
0
0
0
0
0
380275927809
281279548260847
0
0
0
0
0
0
373941729379
325006194435
0
0
0
0
0
0
281354640320599
421211934231
0
0
0
0
0
0
281016564259683
281442908070309
0
0
0
0
0
0
281275103398150
281031104198139
0
0
0
0
0
0
318214686642
281197057481631
0
0
0
0
0
0
421057374956
249369098540
0
0
0
0
0
0
281449886343766
451282707391
0
0
0
0
0
0
281035967805611
64474147056
0
0
0
0
0
0
281193548690906
281068361745775
0
0
0
0
0
0
242009136174
281126449379541
0
0
0
0
0
0
449085869730
162723514764
0
0
0
0
0
0
70622097001
461088643535
0
0
0
0
0
0
281074481234057
158200613776
0
0
0
0
0
0
281124796996253
281123617724870
0
0
0
0
0
0
155336611019
281071413326928
0
0
0
0
0
0
457603099231
69245567674
0
0
0
0
0
0
163039904892
450785542135
0
0
0
0
0
0
281130576146849
244129086731
0
0
0
0
0
0
281071890799158
281194393343381
0
0
0
0
0
0
62323977427
281034813229358
0
0
0
0
0
0
445657912935
281448044468621
0
0
0
0
0
0
247604729425
420271680961
0
0
0
0
0
0
281201783532396
319212230656
0
0
0
0
0
0
281036495493236
281276726986902
0
0
0
0
0
0
281441901462843
281017299548510
0
0
0
0
0
0
414257560533
281353546908234
0
0
0
0
0
0
320820844458
371577148307
0
0
0
0
0
0
281284471321658
379482698517
0
0
0
0
0
0
281020903338892
281367694273921
0
0
0
0
0
0
281348457330576
281020500716212
0
0
0
0
0
0
364627862936
281265084277479
0
0
0
0
0
0
379781286078
306738551745
0
0
0
0
0
0
281374912342055
422937234549
0
0
0
0
0
0
281025317750524
281462429613589
0
0
0
0
0
0
281261155170829
281043626325658
0
0
0
0
0
0
299108430062
281186206778442
0
0
0
0
0
0
421034760334
228887768075
0
0
0
0
0
0
281468945666228
447284851303
0
0
0
0
0
0
281049434262224
82000464678
0
0
0
0
0
0
281183883259457
281085299411715
0
0
0
0
0
0
221309538151
281120577231312
0
0
0
0
0
0
443973656524
141924531702
0
0
0
0
0
0
87606469107
451882423335
0
0
0
0
0
0
281092215403313
172447259975
0
0
0
0
0
0
281120006550111
281143477805027
0
0
0
0
0
0
134432581243
281071558578865
0
0
0
0
0
0
447032430595
49184092141
0
0
0
0
0
0
176488045317
436163551173
0
0
0
0
0
0
281151395464681
254329069589
0
0
0
0
0
0
281072651386021
281216047256212
0
0
0
0
0
0
42076429266
281040287906396
0
0
0
0
0
0
430119354511
281430106124029
0
0
0
0
0
0
256617584570
401476032687
0
0
0
0
0
0
281224228812364
323978387694
0
0
0
0
0
0
281043543493151
281299040282153
0
0
0
0
0
0
281424318754871
281029018710230
0
0
0
0
0
0
394340690021
281339141776895
0
0
0
0
0
0
324709394905
349596893689
0
0
0
0
0
0
281306968299741
378315039687
0
0
0
0
0
0
281033698611561
281389178800516
0
0
0
0
0
0
281334660001194
281036817311027
0
0
0
0
0
0
341845247395
281255227332622
0
0
0
0
0
0
377364789490
283164526151
0
0
0
0
0
0
281396192594927
415795869431
0
0
0
0
0
0
281042794399487
6238487682
0
0
0
0
0
0
281252234083330
281064093403958
0
0
0
0
0
0
274880026134
281182135045238
0
0
0
0
0
0
412784535058
204997506101
0
0
0
0
0
0
12551454318
434023487546
0
0
0
0
0
0
281071470134628
97088744782
0
0
0
0
0
0
281180844396814
281109261949092
0
0
0
0
0
0
196939537037
281122889716044
0
0
0
0
0
0
429604645402
119081239194
0
0
0
0
0
0
101969330358
433110413884
0
0
0
0
0
0
281117067802081
182374076817
0
0
0
0
0
0
281123634855081
281169515476798
0
0
0
0
0
0
111461232117
281080040062360
0
0
0
0
0
0
427237902621
29125204024
0
0
0
0
0
0
185455329037
413078494931
0
0
0
0
0
0
281177491594540
257939126509
0
0
0
0
0
0
281082452899825
281242140681927
0
0
0
0
0
0
22565126165
281055063950480
0
0
0
0
0
0
406202977606
281414476430451
0
0
0
0
0
0
259589505184
375435935147
0
0
0
0
0
0
281250174411642
321232632157
0
0
0
0
0
0
281059534797972
281323876205266
0
0
0
0
0
0
281408986115286
281049221027663
0
0
0
0
0
0
367503757411
281328558415185
0
0
0
0
0
0
320749189288
321807808996
0
0
0
0
0
0
281331754007347
369047667940
0
0
0
0
0
0
281054989944645
281410505371564
0
0
0
0
0
0
281325085255904
281061880141289
0
0
0
0
0
0
313594637734
281251132799861
0
0
0
0
0
0
366843535600
255052916907
0
0
0
0
0
0
281417413341888
399660197344
0
0
0
0
0
0
281068881292925
23451085577
0
0
0
0
0
0
281249436133667
281092633852071
0
0
0
0
0
0
246411997717
281185040109445
0
0
0
0
0
0
395860395063
178471758769
0
0
0
0
0
0
28900353339
412120163875
0
0
0
0
0
0
281100329994720
108310819312
0
0
0
0
0
0
281184818519350
281139191824981
0
0
0
0
0
0
170407290339
281132897778215
0
0
0
0
0
0
406447300561
95386151549
0
0
0
0
0
0
112369885621
406352654470
0
0
0
0
0
0
281147908015168
186939599668
0
0
0
0
0
0
281134822611836
281200008181330
0
0
0
0
0
0
88303391096
281096915406120
0
0
0
0
0
0
399483509979
10053591234
0
0
0
0
0
0
189127504685
382659687789
0
0
0
0
0
0
281208368874291
255250330819
0
0
0
0
0
0
281100692991322
281270979902441
0
0
0
0
0
0
4535599816
281078561944666
0
0
0
0
0
0
375127100591
281401691189653
0
0
0
0
0
0
255858798079
343121140070
0
0
0
0
0
0
281279086809377
311101732350
0
0
0
0
0
0
281083690158114
281349431841425
0
0
0
0
0
0
281397350808486
281077594970227
0
0
0
0
0
0
334623444261
281322964760410
0
0
0
0
0
0
309449604603
289083803606
0
0
0
0
0
0
281356516052970
351471466702
0
0
0
0
0
0
281084366962366
281431236295807
0
0
0
0
0
0
281320417288710
281094361789764
0
0
0
0
0
0
280331412455
281253000291425
0
0
0
0
0
0
348242411848
223872769903
0
0
0
0
0
0
281437404356082
375745541673
0
0
0
0
0
0
281102105260688
37973447457
0
0
0
0
0
0
281252353171406
281127272646136
0
0
0
0
0
0
215548568059
281194780201536
0
0
0
0
0
0
370434427064
150548003309
0
0
0
0
0
0
42893947404
382575953064
0
0
0
0
0
0
281135404329641
115582694322
0
0
0
0
0
0
281196017401447
281174392303676
0
0
0
0
0
0
143069588851
281150490823374
0
0
0
0
0
0
376091894838
72546660157
0
0
0
0
0
0
118602167677
372417730584
0
0
0
0
0
0
281183036473171
185997410290
0
0
0
0
0
0
281153275290050
281233426566265
0
0
0
0
0
0
65980843347
281121491639932
0
0
0
0
0
0
364904745886
281468851777396
0
0
0
0
0
0
187449719897
346636619489
0
0
0
0
0
0
281242107077151
246293568708
0
0
0
0
0
0
281126403197404
281301222616180
0
0
0
0
0
0
281463759950128
281108958351233
0
0
0
0
0
0
338093599077
281392724430719
0
0
0
0
0
0
245641508018
305814553111
0
0
0
0
0
0
281309015520622
293835038744
0
0
0
0
0
0
281115280539843
281374785879201
0
0
0
0
0
0
281388979911385
281112755571590
0
0
0
0
0
0
297202384698
281322389187068
0
0
0
0
0
0
291258100716
253030429975
0
0
0
0
0
0
281381684469909
326748256576
0
0
0
0
0
0
281120057622974
281449736745292
0
0
0
0
0
0
281320760767560
281132532925013
0
0
0
0
0
0
244680048593
281261402180479
0
0
0
0
0
0
322482326999
190827048228
0
0
0
0
0
0
281455538105278
344399136897
0
0
0
0
0
0
281140636048477
48764165728
0
0
0
0
0
0
281261275046340
281166465279718
0
0
0
0
0
0
183123488584
281211327797339
0
0
0
0
0
0
338755784236
122740747397
0
0
0
0
0
0
52832150125
346220482204
0
0
0
0
0
0
281174884495268
117969440496
0
0
0
0
0
0
281213440743871
281212503868662
0
0
0
0
0
0
115275682932
281174905084345
0
0
0
0
0
0
339173005120
51340316860
0
0
0
0
0
0
120182468687
332799202675
0
0
0
0
0
0
281221221179891
179696714656
0
0
0
0
0
0
281178840879125
281268773094995
0
0
0
0
0
0
45655454670
281152944963840
0
0
0
0
0
0
325085527086
281455511829783
0
0
0
0
0
0
179835027585
305480428440
0
0
0
0
0
0
281276965906592
230869168326
0
0
0
0
0
0
281158206647797
281331758132787
0
0
0
0
0
0
281451131505593
281145793142523
0
0
0
0
0
0
296973033158
281388086841876
0
0
0
0
0
0
229265861972
265539852429
0
0
0
0
0
0
281339002988325
270032832615
0
0
0
0
0
0
281152694118921
281398751867174
0
0
0
0
0
0
281385417540061
281153653559991
0
0
0
0
0
0
257041628841
281327174073936
0
0
0
0
0
0
266715355428
215525099209
0
0
0
0
0
0
281404563515960
295633453833
0
0
0
0
0
0
281161305378016
281466005930139
0
0
0
0
0
0
281326353677831
281174849324882
0
0
0
0
0
0
207539542645
281275064567815
0
0
0
0
0
0
290675649036
157926294087
0
0
0
0
0
0
281470588851049
307117966630
0
0
0
0
0
0
281183153988322
56162422833
0
0
0
0
0
0
281276057207098
281208589292509
0
0
0
0
0
0
150476727123
281233824795541
0
0
0
0
0
0
301234837723
96206088418
0
0
0
0
0
0
58898716568
304974901803
0
0
0
0
0
0
281216972645961
115962210647
0
0
0
0
0
0
281236955742488
281252442505768
0
0
0
0
0
0
89770678221
281205006251303
0
0
0
0
0
0
297782837379
32643726092
0
0
0
0
0
0
116820512641
289263035898
0
0
0
0
0
0
281260623874807
167873821059
0
0
0
0
0
0
281209688108654
281304317898066
0
0
0
0
0
0
27664481084
281189343981443
0
0
0
0
0
0
281436536877
281445606265121
0
0
0
0
0
0
167140774379
261644259443
0
0
0
0
0
0
281311847832638
210192357785
0
0
0
0
0
0
281195631279707
281360844117998
0
0
0
0
0
0
281442308630306
281187243299480
0
0
0
0
0
0
253501615022
281387765825578
0
0
0
0
0
0
207580428295
223806057053
0
0
0
0
0
0
281367563215843
241192010387
0
0
0
0
0
0
281194461203675
281420272007367
0
0
0
0
0
0
281386026449616
281197637880596
0
0
0
0
0
0
215482403450
281336477247235
0
0
0
0
0
0
236936462804
177777728911
0
0
0
0
0
0
281425231334146
259890499269
0
0
0
0
0
0
281205551028956
3768934967
0
0
0
0
0
0
281336668704285
281219682520185
0
0
0
0
0
0
170259567265
281293782849979
0
0
0
0
0
0
254183172898
126110954810
0
0
0
0
0
0
7339694009
266362184630
0
0
0
0
0
0
281227972639424
59176377358
0
0
0
0
0
0
281295582825018
281251968422824
0
0
0
0
0
0
119638045212
281261184234288
0
0
0
0
0
0
259580057655
71861071929
0
0
0
0
0
0
61196930044
260765241848
0
0
0
0
0
0
281260162257337
109008426695
0
0
0
0
0
0
281265025108483
281292404152542
0
0
0
0
0
0
66395802009
281239744631161
0
0
0
0
0
0
253286685917
17305378981
0
0
0
0
0
0
109395037559
243714032298
0
0
0
0
0
0
281299739590684
151330489912
0
0
0
0
0
0
281245057769157
281338393818590
0
0
0
0
0
0
13019662916
281229928178705
0
0
0
0
0
0
235889500137
281439799913679
0
0
0
0
0
0
150179326135
217304178298
0
0
0
0
0
0
281345108933467
184819704925
0
0
0
0
0
0
281236432489792
281387993985886
0
0
0
0
0
0
281437307188097
281231469675441
0
0
0
0
0
0
209103061572
281391779390051
0
0
0
0
0
0
181686780806
182420272544
0
0
0
0
0
0
281393805050812
208058177440
0
0
0
0
0
0
281238794973568
281438596991886
0
0
0
0
0
0
281390915793941
281243825070641
0
0
0
0
0
0
174615008724
281350260387196
0
0
0
0
0
0
203321416671
141319917866
0
0
0
0
0
0
281442850512359
220538758152
0
0
0
0
0
0
281251300305664
12676490691
0
0
0
0
0
0
281351273448586
281265234958701
0
0
0
0
0
0
134521323140
281316682436654
0
0
0
0
0
0
214795597444
96813147271
0
0
0
0
0
0
15367186450
222927582585
0
0
0
0
0
0
281272894207311
58102784342
0
0
0
0
0
0
281319391899727
281294911586558
0
0
0
0
0
0
91002786642
281292278119948
0
0
0
0
0
0
216101116598
50734195987
0
0
0
0
0
0
59298695686
214768030403
0
0
0
0
0
0
281302336161748
98193647840
0
0
0
0
0
0
281296329508525
281330528090942
0
0
0
0
0
0
46161546575
281277350674200
0
0
0
0
0
0
207749878257
5354451042
0
0
0
0
0
0
97583705143
197875992741
0
0
0
0
0
0
281337342700205
131174585654
0
0
0
0
0
0
281282782132038
281370263585640
0
0
0
0
0
0
2204035446
281272326833365
0
0
0
0
0
0
190448739557
281437645231814
0
0
0
0
0
0
129135095269
173266111745
0
0
0
0
0
0
281376119039657
156412491150
0
0
0
0
0
0
281278824473943
281411903699175
0
0
0
0
0
0
281436147662742
281276687737036
0
0
0
0
0
0
166182393881
281399447877074
0
0
0
0
0
0
152857890912
142747065583
0
0
0
0
0
0
281416597096552
172596400477
0
0
0
0
0
0
281283679676904
281453334007036
0
0
0
0
0
0
281399551160406
281289463347781
0
0
0
0
0
0
135883740684
281367369762223
0
0
0
0
0
0
167865132856
107775449715
0
0
0
0
0
0
281456780897769
180109918309
0
0
0
0
0
0
281296428135179
17819998046
0
0
0
0
0
0
281369071373294
281309457295662
0
0
0
0
0
0
102048233787
281342360256316
0
0
0
0
0
0
174350679762
70730597889
0
0
0
0
0
0
19694242393
178842206415
0
0
0
0
0
0
281316695878277
53642271592
0
0
0
0
0
0
281345610123997
281335445023758
0
0
0
0
0
0
65986224408
281325315548434
0
0
0
0
0
0
172250382418
33234802283
0
0
0
0
0
0
53964284319
169821901015
0
0
0
0
0
0
281342149066865
84228616963
0
0
0
0
0
0
281329573385941
281365663435441
0
0
0
0
0
0
29716529480
281316159424474
0
0
0
0
0
0
163081458087
281472122814941
0
0
0
0
0
0
82967455777
153853862476
0
0
0
0
0
0
281371763934326
108736528976
0
0
0
0
0
0
281321392599225
281398566235180
0
0
0
0
0
0
281469962744487
281314799340500
0
0
0
0
0
0
147254406386
281439089580121
0
0
0
0
0
0
105945715580
132129669610
0
0
0
0
0
0
281403318221947
126153551603
0
0
0
0
0
0
281320720065057
281431612240763
0
0
0
0
0
0
281438218826561
281320871773710
0
0
0
0
0
0
125730843155
281410526064626
0
0
0
0
0
0
122200701503
106430145434
0
0
0
0
0
0
281435619059168
136449411465
0
0
0
0
0
0
281327055587512
281464478822586
0
0
0
0
0
0
281411264234633
281333035791547
0
0
0
0
0
0
100496503838
281386902871030
0
0
0
0
0
0
131746141949
77905916629
0
0
0
0
0
0
281466877752513
139886035807
0
0
0
0
0
0
281339619628572
19333317931
0
0
0
0
0
0
281388962216036
281350897991692
0
0
0
0
0
0
72935326692
281369702995667
0
0
0
0
0
0
134139022882
48672326563
0
0
0
0
0
0
20563555185
136416768130
0
0
0
0
0
0
281357103834237
46130967262
0
0
0
0
0
0
281372856179173
281372352144092
0
0
0
0
0
0
44588657228
281358594502732
0
0
0
0
0
0
130475113157
19755245143
0
0
0
0
0
0
45706959266
127358154616
0
0
0
0
0
0
281378175745087
68055830133
0
0
0
0
0
0
281362756305753
281396896791768
0
0
0
0
0
0
17011911381
281354017279540
0
0
0
0
0
0
121123802014
281467751583269
0
0
0
0
0
0
66415152492
113037693448
0
0
0
0
0
0
281401624191056
84788850221
0
0
0
0
0
0
281358822052143
281422320461155
0
0
0
0
0
0
281466148461170
281355285772955
0
0
0
0
0
0
107094537900
281443353093825
0
0
0
0
0
0
81960515099
95066251399
0
0
0
0
0
0
281426318218579
96035958027
0
0
0
0
0
0
281360779362952
281447584056219
0
0
0
0
0
0
281443393186597
281361989850757
0
0
0
0
0
0
89524156088
281423288526124
0
0
0
0
0
0
92123998608
74403502509
0
0
0
0
0
0
281450585730219
101644893244
0
0
0
0
0
0
281367313943028
281471409792341
0
0
0
0
0
0
281424329607443
281373037584254
0
0
0
0
0
0
69654837318
281407639380306
0
0
0
0
0
0
97017051710
52711470533
0
0
0
0
0
0
281473120612617
101614262711
0
0
0
0
0
0
281378493782656
18295209598
0
0
0
0
0
0
281409846660828
281387693280730
0
0
0
0
0
0
48678390358
281396570764149
0
0
0
0
0
0
96854942989
30739176658
0
0
0
0
0
0
18506041619
97344477914
0
0
0
0
0
0
281392725815230
36317105198
0
0
0
0
0
0
281399905726580
281404787863936
0
0
0
0
0
0
28037522179
281390602087242
0
0
0
0
0
0
92128858077
10037670987
0
0
0
0
0
0
35704175885
88694952520
0
0
0
0
0
0
281409322053858
51021678359
0
0
0
0
0
0
281394429315060
281422915519701
0
0
0
0
0
0
8156237793
281389221812034
0
0
0
0
0
0
83463994643
281466225135043
0
0
0
0
0
0
49015965758
77056644709
0
0
0
0
0
0
281426902233706
61269611603
0
0
0
0
0
0
281393643002329
281441526339994
0
0
0
0
0
0
281465425636850
281392037043268
0
0
0
0
0
0
72337421197
281450263984504
0
0
0
0
0
0
58642249221
63249538639
0
0
0
0
0
0
281444412862639
67154514050
0
0
0
0
0
0
281396679250012
281459439262327
0
0
0
0
0
0
281450441599424
281398521827788
0
0
0
0
0
0
58776832074
281436922498897
0
0
0
0
0
0
63826161367
48004175918
0
0
0
0
0
0
281461225761466
69324946076
0
0
0
0
0
0
281403114544628
735115967
0
0
0
0
0
0
281438407794765
281407645931091
0
0
0
0
0
0
44172595653
281427532182683
0
0
0
0
0
0
65389055168
32289848367
0
0
0
0
0
0
1577775430
67908865384
0
0
0
0
0
0
281412097218858
14596581822
0
0
0
0
0
0
281429752995870
281418657907343
0
0
0
0
0
0
29432108984
281421603079024
0
0
0
0
0
0
63639069219
17460309633
0
0
0
0
0
0
14806407705
63174707186
0
0
0
0
0
0
281422985332859
25988373719
0
0
0
0
0
0
281424712460334
281431035491501
0
0
0
0
0
0
15454543047
281419331843529
0
0
0
0
0
0
58846393200
3936436071
0
0
0
0
0
0
25034626759
55978098611
0
0
0
0
0
0
281434733547866
34287060558
0
0
0
0
0
0
281422782057015
281443941928568
0
0
0
0
0
0
2937637212
281420174015012
0
0
0
0
0
0
51989156623
281467079914925
0
0
0
0
0
0
32455239190
47009112063
0
0
0
0
0
0
281446589027428
39581180659
0
0
0
0
0
0
281423720401078
281455999523498
0
0
0
0
0
0
281466875538673
281423521458021
0
0
0
0
0
0
43616530501
281457510354940
0
0
0
0
0
0
37316428782
37273723511
0
0
0
0
0
0
281457988802321
41986254650
0
0
0
0
0
0
281427159266706
281467198955287
0
0
0
0
0
0
281458067392527
281428658140872
0
0
0
0
0
0
34019483065
281450327574144
0
0
0
0
0
0
39233116413
27193984698
0
0
0
0
0
0
281468419278732
41910445660
0
0
0
0
0
0
281432644126857
2077865163
0
0
0
0
0
0
281451555470810
281435666244240
0
0
0
0
0
0
24525127635
281445728120797
0
0
0
0
0
0
38619663502
17306639949
0
0
0
0
0
0
2497342692
39339910193
0
0
0
0
0
0
281439136436925
9997385097
0
0
0
0
0
0
281447701177057
281443458987995
0
0
0
0
0
0
15356042174
281443589935632
0
0
0
0
0
0
36255348050
8403174213
0
0
0
0
0
0
9622541997
35547879692
0
0
0
0
0
0
281446495246511
15664882660
0
0
0
0
0
0
281445869195106
281451408411645
0
0
0
0
0
0
7169651458
281443468412591
0
0
0
0
0
0
32070884877
414987278
0
0
0
0
0
0
14667071936
30208400716
0
0
0
0
0
0
281453935266266
19520626021
0
0
0
0
0
0
281446123160612
281458968792579
0
0
0
0
0
0
154870725
281445254681319
0
0
0
0
0
0
27274539062
281469382968871
0
0
0
0
0
0
17951014163
24169254120
0
0
0
0
0
0
281460933743034
21423707120
0
0
0
0
0
0
281447961104087
281466023304031
0
0
0
0
0
0
281469534459111
281448112627001
0
0
0
0
0
0
21644755235
281465029927132
0
0
0
0
0
0
19509435076
18187788207
0
0
0
0
0
0
281467156805061
21482619198
0
0
0
0
0
0
281450816654594
281472023263797
0
0
0
0
0
0
281465590253207
281452094968516
0
0
0
0
0
0
15948145840
281461979215990
0
0
0
0
0
0
19485937474
12242010813
0
0
0
0
0
0
281472661339152
20515026848
0
0
0
0
0
0
281454571976168
1627994112
0
0
0
0
0
0
281463110418049
281456619732782
0
0
0
0
0
0
10728974313
281460573648562
0
0
0
0
0
0
18111559413
7208925521
0
0
0
0
0
0
1750892965
18068061761
0
0
0
0
0
0
281458641345613
4978394573
0
0
0
0
0
0
281462181706806
281461129693006
0
0
0
0
0
0
6198145346
281460422270555
0
0
0
0
0
0
15799705997
2942123070
0
0
0
0
0
0
4606537607
15276280096
0
0
0
0
0
0
281462725407970
7051092739
0
0
0
0
0
0
281461990564694
281464954664252
0
0
0
0
0
0
2311828333
281461432530332
0
0
0
0
0
0
13309840788
281474483632720
0
0
0
0
0
0
6256512420
12070088682
0
0
0
0
0
0
281466793869625
8018681111
0
0
0
0
0
0
281462956922754
281468872958098
0
0
0
0
0
0
281474283505883
281462909604067
0
0
0
0
0
0
10303826652
281472197693664
0
0
0
0
0
0
6961800512
8704821444
0
0
0
0
0
0
281469907685602
8151151279
0
0
0
0
0
0
281464678393084
281471935054056
0
0
0
0
0
0
281472447553783
281464996567568
0
0
0
0
0
0
7176132372
281470776509192
0
0
0
0
0
0
6682464062
5898699276
0
0
0
0
0
0
281472417951380
7292248832
0
0
0
0
0
0
281466720143712
281474277552807
0
0
0
0
0
0
281471534637759
281467559469323
0
0
0
0
0
0
4686672483
281470331604780
0
0
0
0
0
0
5998316893
3552427284
0
0
0
0
0
0
281474140522727
5811620289
0
0
0
0
0
0
281468818648561
583519147
0
0
0
0
0
0
281471017961017
281469412859479
0
0
0
0
0
0
2675159841
281470440216585
0
0
0
0
0
0
4907388955
1616422611
0
0
0
0
0
0
355703390
4496880168
0
0
0
0
0
0
281470551239457
1179521520
0
0
0
0
0
0
281471399313717
281471312760090
0
0
0
0
0
0
1157547110
281471146789928
0
0
0
0
0
0
3641204839
275139014
0
0
0
0
0
0
825149486
3039654735
0
0
0
0
0
0
281472126485548
1618425448
0
0
0
0
0
0
281471890100675
281472839936215
0
0
0
0
0
0
200713482
281472094300584
0
0
0
0
0
0
2405465073
281474442949162
0
0
0
0
0
0
1117668418
1853701955
0
0
0
0
0
0
281473276586957
1253420939
0
0
0
0
0
0
281472816581082
281473832044757
0
0
0
0
0
0
281474599877990
281472931359710
0
0
0
0
0
0
1173745275
281474314912454
0
0
0
0
0
0
689691414
835145970
0
0
0
0
0
0
281474157899555
825150601
0
0
0
0
0
0
281473510576133
281474187641333
0
0
0
0
0
0
281474393204492
281473593536014
0
0
0
0
0
0
409402797
281474324929916
0
0
0
0
0
0
375339738
260165726
0
0
0
0
0
0
281474666940954
236606057
0
0
0
0
0
0
281474143839388
281474587650639
0
0
0
0
0
0
281474483523837
281474219064253
0
0
0
0
0
0
281474926886290
281474385399730
0
0
0
0
0
0
63969922
281474828893274
0
0
0
0
0
0
281474735927670
281474964325647
0
0
0
0
0
0
281474524550040
281474744963417
0
0
0
0
0
0
281474622577353
281474520589370
0
0
0
0
0
0
281474872130113
281474553579708
0
0
0
0
0
0
281474957209734
281474879339347
0
0
0
0
0
0
281474743026346
281474828140670
0
0
0
0
0
0
281474516766220
281474747402443
0
0
0
0
0
0
281474950768468
14159003
0
0
0
0
0
0
94929
281474976692788
0
0
0
0
0
0
720
0
0
0
0
0
0
0
281474976710653
0
0
0
0
0
0
0
0
0
0
0
0
0
0
0
1
0
0
0
0
0
0
0
0
0
0
0
0
0
0
0
0
0
0
0
0
0
0
0
0
0
0
0
0
0
0
0
0
0
0
0
0
0
0
0
0
0
0
0
0
0
0
0
0
0
0
0
0
0
0
0
0
0
0
0
0
0
0
0
0
0
0
0
0
0
0
0
0
0
0
0
0
0
0
0
0
0
0
0
0
0
0
0
0
0
0
0
0
0
0
0
0
0
0
0
0
0
0
0
0
0
0
0
0
0
0
0
0
0
0
0
0
0
0
0
0
0
0
0
0
0
0
0
0
0
0
0
0
0
0
0
0
0
0
0
0
0
0
0
0
0
0
0
0
0
0
0
0
0
0
0
0
0
0
0
0
0
0
0
0
0
0
0
0
0
0
0
0
0
0
0
0
0
0
0
0
0
0
0
0
0
0
0
0
0
0
0
0
0
0
0
0
0
0
0
0
0
0
0
0
0
0
0
0
0
0
0
0
0
0
0
0
0
0
0
0
0
0
0
0
0
0
0
0
0
0
0
0
0
0
0
0
0
0
0
0
0
0
0
0
0
0
0
0
0
0
0
0
0
0
0
0
0
0
0
0
0
0
0
0
0
0
0
0
0
0
0
0
0
0
0
0
0
0
0
0
0
0
0
0
0
0
0
0
0
0
0
0
0
0
0
0
0
0
0
0
0
0
0
0
0
0
0
0
0
0
0
0
0
0
0
0
0
0
0
0
0
0
0
0
0
0
0
0
0
0
0
0
0
0
0
0
0
0
0
0
0
0
0
0
0
0
0
0
0
0
0
0
0
0
0
0
0
0
0
0
0
0
0
0
0
0
0
0
0
0
0
0
0
0
0
0
0
0
0
0
0
0
0
0
0
0
0
0
0
0
0
0
0
0
0
0
0
0
0
0
0
0
0
0
0
0
0
0
0
0
0
0
0
0
0
0
0
0
0
0
0
0
0
0
0
0
0
0
0
0
0
0
0
0
0
0
0
0
0
0
0
0
0
0
0
0
0
0
0
0
0
0
0
0
0
0
0
0
0
0
0
0
0
0
0
0
0
0
0
0
0
0
0
0
0
0
0
0
0
0
0
0
0
0
0
0
0
0
0
0
0
0
0
0
0
0
0
0
0
0
0
0
0
0
0
0
0
0
0
0
0
0
0
0
0
0
0
0
0
0
0
0
0
0
0
0
0
0
0
0
0
0
0
0
0
0
0
0
0
0
0
0
0
0
0
0
0
0
0
0
0
0
0
0
0
0
0
0
0
0
0
0
0
0
0
0
0
0
0
0
0
0
0
0
0
0
0
0
0
0
0
0
0
0
0
0
0
0
0
0
0
0
0
0
0
0
0
0
0
0
0
0
0
0
0
0
0
0
0
0
0
0
0
0
0
0
0
0
0
0
0
0
0
0
0
0
0
0
0
0
0
0
0
0
0
0
0
0
0
0
0
0
0
0
0
0
0
0
0
0
0
0
0
0
0
0
0
0
0
0
0
0
0
0
0
0
0
0
0
0
0
0
0
0
0
0
0
0
0
0
0
0
0
0
0
0
0
0
0
0
0
0
0
0
0
0
0
0
0
0
0
0
0
0
0
0
0
0
0
0
0
0
0
0
0
0
0
0
0
0
0
0
0
0
0
0
0
0
0
0
0
0
0
0
0
0
0
0
0
0
0
0
0
0
0
0
0
0
0
0
0
0
0
0
0
0
0
0
0
0
0
0
0
0
0
0
0
0
0
0
0
0
0
0
0
0
0
0
0
0
0
0
0
0
0
0
0
0
0
0
0
0
0
0
0
0
0
0
0
0
0
0
0
0
0
0
0
0
0
0
0
0
0
0
0
0
0
0
0
0
0
0
0
0
0
0
0
0
0
0
0
0
0
0
0
0
0
0
0
0
0
0
0
0
0
0
0
0
0
0
0
0
0
0
0
0
0
0
0
0
0
0
0
0
0
0
0
0
0
0
0
0
0
0
0
0
0
0
0
0
0
0
0
0
0
0
0
0
0
0
0
0
0
0
0
0
0
0
0
0
0
0
0
0
0
0
0
0
0
0
0
0
0
0
0
0
0
0
0
0
0
0
0
0
0
0
0
0
0
0
0
0
0
0
0
0
0
0
0
0
0
0
0
0
0
0
0
0
0
0
0
0
0
0
0
0
0
0
0
0
0
0
0
0
0
0
0
0
0
0
0
0
0
0
0
0
0
0
0
0
0
0
0
0
0
0
0
0
0
0
0
0
0
0
0
0
0
0
0
0
0
0
0
0
0
0
0
0
0
0
0
0
0
0
0
0
0
0
0
0
0
0
0
0
0
0
0
0
0
0
0
0
0
0
0
0
0
0
0
0
0
0
0
0
0
0
0
0
0
0
0
0
0
0
0
0
0
0
0
0
0
0
0
0
0
0
0
0
0
0
0
0
0
0
0
0
0
0
0
0
0
0
0
0
0
0
0
0
0
0
0
0
0
0
0
0
0
0
0
0
0
0
0
0
0
0
0
0
0
0
0
0
0
0
0
0
0
0
0
0
0
0
0
0
0
0
0
0
0
0
0
0
0
0
0
0
0
0
0
0
0
0
0
0
0
0
0
0
0
0
0
0
0
0
0
0
0
0
0
0
0
0
0
0
0
0
0
0
0
0
0
0
0
0
0
0
0
0
0
0
0
0
0
0
0
0
0
0
0
0
0
0
0
0
0
0
0
0
0
0
0
0
0
0
0
0
0
0
0
0
0
0
0
0
0
0
0
0
0
0
0
0
0
0
0
0
0
0
0
0
0
0
0
0
0
0
0
0
0
0
0
0
0
0
0
0
0
0
0
0
0
0
0
0
0
0
0
0
0
0
0
0
0
0
0
0
0
0
0
0
0
0
0
0
0
0
0
0
0
0
0
0
0
0
0
0
0
0
0
0
0
0
0
0
0
0
0
0
0
0
0
0
0
0
0
0
0
0
0
0
0
0
0
0
0
0
0
0
0
0
0
0
0
0
0
0
0
0
0
0
0
0
0
0
0
0
0
0
0
0
0
0
0
0
0
0
0
0
0
0
0
0
0
0
0
0
0
0
0
0
0
0
0
0
0
0
0
0
0
0
0
0
0
0
0
0
0
0
0
0
0
0
0
0
0
0
0
0
0
0
0
0
0
0
0
0
0
0
0
0
0
0
0
0
0
0
0
0
0
0
0
0
0
0
0
0
0
0
0
0
0
0
0
0
0
0
0
0
0
0
0
0
0
0
0
0
0
0
0
0
0
0
0
0
0
0
0
0
0
0
0
0
0
0
0
0
0
0
0
0
0
0
0
0
0
0
0
0
0
0
0
0
0
0
0
0
0
0
0
0
0
0
0
0
0
0
0
0
0
0
0
0
0
0
0
0
0
0
0
0
0
0
0
0
0
0
0
0
0
0
0
0
0
0
0
0
0
0
0
0
0
0
0
0
0
0
0
0
0
0
0
0
0
0
0
0
0
0
0
0
0
0
0
0
0
0
0
0
0
0
0
0
0
0
0
0
0
0
0
0
0
0
0
0
0
0
0
0
0
0
0
0
0
0
0
0
0
0
0
0
0
0
0
0
0
0
0
0
0
0
0
0
0
0
0
0
0
0
0
0
0
0
0
0
0
0
0
0
0
0
0
0
0
0
0
0
0
0
0
0
0
0
0
0
0
0
0
0
0
0
0
0
0
0
0
0
0
0
0
0
0
0
0
0
0
0
0
0
0
0
0
0
0
0
0
0
0
0
0
0
0
0
0
0
0
0
0
0
0
0
0
0
0
0
0
0
0
0
0
0
0
0
0
0
0
0
0
0
0
0
0
0
0
0
0
0
0
0
0
0
0
0
0
0
0
0
0
0
0
0
0
0
0
0
0
0
0
0
0
0
0
0
0
0
0
0
0
0
0
0
0
0
0
0
0
0
0
0
0
0
0
0
0
0
0
0
0
0
0
0
0
0
0
0
0
0
0
0
0
0
0
0
0
0
0
0
0
0
0
0
0
0
0
0
0
0
0
0
0
0
0
0
0
0
0
0
0
0
0
0
0
0
0
0
0
0
0
0
0
0
0
0
0
0
0
0
0
0
0
0
0
0
0
0
0
0
0
0
0
0
0
0
0
0
0
0
0
0
0
0
0
0
0
0
0
0
0
0
0
0
0
0
0
0
0
0
0
0
0
0
0
0
0
0
0
0
0
0
0
0
0
0
0
0
0
0
0
0
0
0
0
0
0
0
0
0
0
0
0
0
0
0
0
0
0
0
0
0
0
0
0
0
0
0
0
0
0
0
0
0
0
0
0
0
0
0
0
0
0
0
0
0
0
0
0
0
0
0
0
0
0
0
0
0
0
0
0
0
0
0
0
0
0
0
0
0
0
0
0
0
0
0
0
0
0
0
0
0
0
0
0
0
0
0
0
0
0
0
0
0
0
0
0
0
0
0
0
0
0
0
0
0
0
0
0
0
0
0
0
0
0
0
0
0
0
0
0
0
0
0
0
0
0
0
0
0
0
0
0
0
0
0
0
0
0
0
0
0
0
0
0
0
0
0
0
0
0
0
0
0
0
0
0
0
0
0
0
0
0
0
0
0
0
0
0
0
0
0
0
0
0
0
0
0
0
0
0
0
0
0
0
0
0
0
0
0
0
0
0
0
0
0
0
0
0
0
0
0
0
0
0
0
0
0
0
0
0
0
0
0
0
0
0
0
0
0
0
0
0
0
0
0
0
0
0
0
0
0
0
0
0
0
0
0
0
0
0
0
0
0
0
0
0
0
0
0
0
0
0
0
0
0
0
0
0
0
0
0
0
0
0
0
0
0
0
0
0
0
0
0
0
0
0
0
0
0
0
0
0
0
0
0
0
0
0
0
0
0
0
0
0
0
0
0
0
0
0
0
0
0
0
0
0
0
0
0
0
0
0
0
0
0
0
0
0
0
0
0
0
0
0
0
0
0
0
0
0
0
0
0
0
0
0
0
0
0
0
0
0
0
0
0
0
0
0
0
0
0
0
0
0
0
0
0
0
0
0
0
0
0
0
0
0
0
0
0
0
0
0
0
0
0
0
0
0
0
0
0
0
0
0
0
0
0
0
0
0
0
0
0
0
0
0
0
0
0
0
0
0
0
0
0
0
0
0
0
0
0
0
0
0
0
0
0
0
0
0
0
0
0
0
0
0
0
0
0
0
0
0
0
0
0
0
0
0
0
0
0
0
0
0
0
0
0
0
0
0
0
0
0
0
0
0
0
0
0
0
0
0
0
0
0
0
0
0
0
0
0
0
0
0
0
0
0
0
0
0
0
0
0
0
0
0
0
0
0
0
0
0
0
0
0
0
0
0
0
0
0
0
0
0
0
0
0
0
0
0
0
0
0
0
0
0
0
0
0
0
0
0
0
0
0
0
0
0
0
0
0
0
0
0
0
0
0
0
0
0
0
0
0
0
0
0
0
0
0
0
0
0
0
0
0
0
0
0
0
0
0
0
0
0
0
0
0
0
0
0
0
0
0
0
0
0
0
0
0
0
0
0
0
0
0
0
0
0
0
0
0
0
0
0
0
0
0
0
0
0
0
0
0
0
0
0
0
0
0
0
0
0
0
0
0
0
0
0
0
0
0
0
0
0
0
0
0
0
0
0
0
0
0
0
0
0
0
0
0
0
0
0
0
0
0
0
0
0
0
0
0
0
0
0
0
0
0
0
0
0
0
0
0
0
0
0
0
0
0
0
0
0
0
0
0
0
0
0
0
0
0
0
0
0
0
0
0
0
0
0
0
0
0
0
0
0
0
0
0
0
0
0
0
0
0
0
0
0
0
0
0
0
0
0
0
0
0
0
0
0
0
0
0
0
0
0
0
0
0
0
0
0
0
0
0
0
0
0
0
0
0
0
0
0
0
0
0
0
0
0
0
0
0
0
0
0
0
0
0
0
0
0
0
0
0
0
0
0
0
0
0
0
0
0
0
0
0
0
0
0
0
0
0
0
0
0
0
0
0
0
0
0
0
0
0
0
0
0
0
0
0
0
0
0
0
0
0
0
0
0
0
0
0
0
0
0
0
0
0
0
0
0
0
0
0
0
0
0
0
0
0
0
0
0
0
0
0
0
0
0
0
0
0
0
0
0
0
0
0
0
0
0
0
0
0
0
0
0
0
0
0
0
0
0
0
0
0
0
0
0
0
0
0
0
0
0
0
0
0
0
0
0
0
0
0
0
0
0
0
0
0
0
0
0
0
0
0
0
0
0
0
0
0
0
0
0
0
0
0
0
0
0
0
0
0
0
0
0
0
0
0
0
0
0
0
0
0
0
0
0
0
0
0
0
0
0
0
0
0
0
0
0
0
0
0
0
0
0
0
0
0
0
0
0
0
0
0
0
0
0
0
0
0
0
0
0
0
0
0
0
0
0
0
0
0
0
0
0
0
0
0
0
0
0
0
0
0
0
0
0
0
0
0
0
0
0
0
0
0
0
0
0
0
0
0
0
0
0
0
0
0
0
0
0
0
0
0
0
0
0
0
0
0
0
0
0
0
0
0
0
0
0
0
0
0
0
0
0
0
0
0
0
0
0
0
0
0
0
0
0
0
0
0
0
0
0
0
0
0
0
0
0
0
0
0
0
0
0
0
0
0
0
0
0
0
0
0
0
0
0
0
0
0
0
0
0
0
0
0
0
0
0
0
0
0
0
0
0
0
0
0
0
0
0
0
0
0
0
0
0
0
0
0
0
0
0
0
0
0
0
0
0
0
0
0
0
0
0
0
0
0
0
0
0
0
0
0
0
0
0
0
0
0
0
0
0
0
0
0
0
0
0
0
0
0
0
0
0
0
0
0
0
0
0
0
0
0
0
0
0
0
0
0
0
0
0
0
0
0
0
0
0
0
0
0
0
0
0
0
0
0
0
0
0
0
0
0
0
0
0
0
0
0
0
0
0
0
0
0
0
0
0
0
0
0
0
0
0
0
0
0
0
0
0
0
0
0
0
0
0
0
0
0
0
0
0
0
0
0
0
0
0
0
0
0
0
0
0
0
0
0
0
0
0
0
0
0
0
0
0
0
0
0
0
0
0
0
0
0
0
0
0
0
0
0
0
0
0
0
0
0
0
0
0
0
0
0
0
0
0
0
0
0
0
0
0
0
0
0
0
0
0
0
0
0
0
0
0
0
0
0
0
0
0
0
0
0
0
0
0
0
0
0
0
0
0
0
0
0
0
0
0
0
0
0
0
0
0
0
0
0
0
0
0
0
0
0
0
0
0
0
0
0
0
0
0
0
0
0
0
0
0
0
0
0
0
0
0
0
0
0
0
0
0
0
0
0
0
0
0
0
0
0
0
0
0
0
0
0
0
0
0
0
0
0
0
0
0
0
0
0
0
0
0
0
0
0
0
0
0
0
0
0
0
0
0
0
0
0
0
0
0
0
0
0
0
0
0
0
0
0
0
0
0
0
0
0
0
0
0
0
0
0
0
0
0
0
0
0
0
0
0
0
0
0
0
0
0
0
0
0
0
0
0
0
0
0
0
0
0
0
0
0
0
0
0
0
0
0
0
0
0
0
0
0
0
0
0
0
0
0
0
0
0
0
0
0
0
0
0
0
0
0
0
0
0
0
0
0
0
0
0
0
0
0
0
0
0
0
0
0
0
0
0
0
0
0
0
0
0
0
0
0
0
0
0
0
0
0
0
0
0
0
0
0
0
0
0
0
0
0
0
0
0
0
0
0
0
0
0
0
0
0
0
0
0
0
0
0
0
0
0
0
0
0
0
0
0
0
0
0
0
0
0
0
0
0
0
0
0
0
0
0
0
0
0
0
0
0
0
0
0
0
0
0
0
0
0
0
0
0
0
0
0
0
0
0
0
0
0
0
0
0
0
0
0
0
0
0
0
0
0
0
0
0
0
0
0
0
0
0
0
0
0
0
0
0
0
0
0
0
0
0
0
0
0
0
0
0
0
0
0
0
0
0
0
0
0
0
0
0
0
0
0
0
0
0
0
0
0
0
0
0
0
0
0
0
0
0
0
0
0
0
0
0
0
0
0
0
0
0
0
0
0
0
0
0
0
0
0
0
0
0
0
0
0
0
0
0
0
0
0
0
0
0
0
0
0
0
0
0
0
0
0
0
0
0
0
0
0
0
0
0
0
0
0
0
0
0
0
0
0
0
0
0
0
0
0
0
0
0
0
0
0
0
0
0
0
0
0
0
0
0
0
0
0
0
0
0
0
0
0
0
0
0
0
0
0
0
0
0
0
0
0
0
0
0
0
0
0
0
0
0
0
0
0
0
0
0
0
0
0
0
0
0
0
0
0
0
0
0
0
0
0
0
0
0
0
0
0
0
0
0
0
0
0
0
0
0
0
0
0
0
0
0
0
0
0
0
0
0
0
0
0
0
0
0
0
0
0
0
0
0
0
0
0
0
0
0
0
0
0
0
0
0
0
0
0
0
0
0
0
0
0
0
0
0
0
0
0
0
0
0
0
0
0
0
0
0
0
0
0
0
0
0
0
0
0
0
0
0
0
0
0
0
0
0
0
0
0
0
0
0
0
0
0
0
0
0
0
0
0
0
0
0
0
0
0
0
0
0
0
0
0
0
0
0
0
0
0
0
0
0
0
0
0
0
0
0
0
0
0
0
0
0
0
0
0
0
0
0
0
0
0
0
0
0
0
0
0
0
0
0
0
0
0
0
0
0
0
0
0
0
0
0
0
0
0
0
0
0
0
0
0
0
0
0
0
0
0
0
0
0
0
0
0
0
0
0
0
0
0
0
0
0
0
0
0
0
0
0
0
0
0
0
0
0
0
0
0
0
0
0
0
0
0
0
0
0
0
0
0
0
0
0
0
0
0
0
0
0
0
0
0
0
0
0
0
0
0
0
0
0
0
0
0
0
0
0
0
0
0
0
0
0
0
0
0
0
0
0
0
0
0
0
0
0
0
0
0
0
0
0
0
0
0
0
0
0
0
0
0
0
0
0
0
0
0
0
0
0
0
0
0
0
0
0
0
0
0
0
0
0
0
0
0
0
0
0
0
0
0
0
0
0
0
0
0
0
0
0
0
0
0
0
0
0
0
0
0
0
0
0
0
0
0
0
0
0
0
0
0
0
0
0
0
0
0
0
0
0
0
0
0
0
0
0
0
0
0
0
0
0
0
0
0
0
0
0
0
0
0
0
0
0
0
0
0
0
0
0
0
0
0
0
0
0
0
0
0
0
0
0
0
0
0
0
0
0
0
0
0
0
0
0
0
0
0
0
0
0
0
0
0
0
0
0
0
0
0
0
0
0
0
0
0
0
0
0
0
0
0
0
0
0
0
0
0
0
0
0
0
0
0
0
0
0
0
0
0
0
0
0
0
0
0
0
0
0
0
0
0
0
0
0
0
0
0
0
0
0
0
0
0
0
0
0
0
0
0
0
0
0
0
0
0
0
0
0
0
0
0
0
0
0
0
0
0
0
0
0
0
0
0
0
0
0
0
0
0
0
0
0
0
0
0
0
0
0
0
0
0
0
0
0
0
0
0
0
0
0
0
0
0
0
0
0
0
0
0
0
0
0
0
0
0
0
0
0
0
0
0
0
0
0
0
0
0
0
0
0
0
0
0
0
0
0
0
0
0
0
0
0
0
0
0
0
0
0
0
0
0
0
0
0
0
0
0
0
0
0
0
0
0
0
0
0
0
0
0
0
0
0
0
0
0
0
0
0
0
0
0
0
0
0
0
0
0
0
0
0
0
0
0
0
0
0
0
0
0
0
0
0
0
0
0
0
0
0
0
0
0
0
0
0
0
0
0
0
0
0
0
0
0
0
0
0
0
0
0
0
0
0
0
0
0
0
0
0
0
0
0
0
0
0
0
0
0
0
0
0
0
0
0
0
0
0
0
0
0
0
0
0
0
0
0
0
0
0
0
0
0
0
0
0
0
0
0
0
0
0
0
0
0
0
0
0
0
0
0
0
0
0
0
0
0
0
0
0
0
0
0
0
0
0
0
0
0
0
0
0
0
0
0
0
0
0
0
0
0
0
0
0
0
0
0
0
0
0
0
0
0
0
0
0
0
0
0
0
0
0
0
0
0
0
0
0
0
0
0
0
0
0
0
0
0
0
0
0
0
0
0
0
0
0
0
0
0
0
0
0
0
0
0
0
0
0
0
0
0
0
0
0
0
0
0
0
0
0
0
0
0
0
0
0
0
0
0
0
0
0
0
0
0
0
0
0
0
0
0
0
0
0
0
0
0
0
0
0
0
0
0
0
0
0
0
0
0
0
0
0
0
0
0
0
0
0
0
0
0
0
0
0
0
0
0
0
0
0
0
0
0
0
0
0
0
0
0
0
0
0
0
0
0
0
0
0
0
0
0
0
0
0
0
0
0
0
0
0
0
0
0
0
0
0
0
0
0
0
0
0
0
0
0
0
0
0
0
0
0
0
0
0
0
0
0
0
0
0
0
0
0
0
0
0
0
0
0
0
0
0
0
0
0
0
0
0
0
0
0
0
0
0
0
0
0
0
0
0
0
0
0
0
0
0
0
0
0
0
0
0
0
0
0
0
0
0
0
0
0
0
0
0
0
0
0
0
0
0
0
0
0
0
0
0
0
0
0
0
0
0
0
0
0
0
0
0
0
0
0
0
0
0
0
0
0
0
0
0
0
0
0
0
0
0
0
0
0
0
0
0
0
0
0
0
0
0
0
0
0
0
0
0
0
0
0
0
0
0
0
0
0
0
0
0
0
0
0
0
0
0
0
0
0
0
0
0
0
0
0
0
0
0
0
0
0
0
0
0
0
0
0
0
0
0
0
0
0
0
0
0
0
0
0
0
0
0
0
0
0
0
0
0
0
0
0
0
0
0
0
0
0
0
0
0
0
0
0
0
0
0
0
0
0
0
0
0
0
0
0
0
0
0
0
0
0
0
0
0
0
0
0
0
0
0
0
0
0
0
0
0
0
0
0
0
0
0
0
0
0
0
0
0
0
0
0
0
0
0
0
0
0
0
0
0
0
0
0
0
0
0
0
0
0
0
0
0
0
0
0
0
0
0
0
0
0
0
0
0
0
0
0
0
0
0
0
0
0
0
0
0
0
0
0
0
0
0
0
0
0
0
0
0
0
0
0
0
0
0
0
0
0
0
0
0
0
0
0
0
0
0
0
0
0
0
0
0
0
0
0
0
0
0
0
0
0
0
0
0
0
0
0
0
0
0
0
0
0
0
0
0
0
0
0
0
0
0
0
0
0
0
0
0
0
0
0
0
0
0
0
0
0
0
0
0
0
0
0
0
0
0
0
0
0
0
0
0
0
0
0
0
0
0
0
0
0
0
0
0
0
0
0
0
0
0
0
0
0
0
0
0
0
0
0
0
0
0
0
0
0
0
0
0
0
0
0
0
0
0
0
0
0
0
0
0
0
0
0
0
0
0
0
0
0
0
0
0
0
0
0
0
0
0
0
0
0
0
0
0
0
0
0
0
0
0
0
0
0
0
0
0
0
0
0
0
0
0
0
0
0
0
0
0
0
0
0
0
0
0
0
0
0
0
0
0
0
0
0
0
0
0
0
0
0
0
0
0
0
0
0
0
0
0
0
0
0
0
0
0
0
0
0
0
0
0
0
0
0
0
0
0
0
0
0
0
0
0
0
0
0
0
0
0
0
0
0
0
0
0
0
0
0
0
0
0
0
0
0
0
0
0
0
0
0
0
0
0
0
0
0
0
0
0
0
0
0
0
0
0
0
0
0
0
0
0
0
0
0
0
0
0
0
0
0
0
0
0
0
0
0
0
0
0
0
0
0
0
0
0
0
0
0
0
0
0
0
0
0
0
0
0
0
0
0
0
0
0
0
0
0
0
0
0
0
0
0
0
0
0
0
0
0
0
0
0
0
0
0
0
0
0
0
0
0
0
0
0
0
0
0
0
0
0
0
0
0
0
0
0
0
0
0
0
0
0
0
0
0
0
0
0
0
0
0
0
0
0
0
0
0
0
0
0
0
0
0
0
0
0
0
0
0
0
0
0
0
0
0
0
0
0
0
0
0
0
0
0
0
0
0
0
0
0
0
0
0
0
0
0
0
0
0
0
0
0
0
0
0
0
0
0
0
0
0
0
0
0
0
0
0
0
0
0
0
0
0
0
0
0
0
0
0
0
0
0
0
0
0
0
0
0
0
0
0
0
0
0
0
0
0
0
0
0
0
0
0
0
0
0
0
0
0
0
0
0
0
0
0
0
0
0
0
0
0
0
0
0
0
0
0
0
0
0
0
0
0
0
0
0
0
0
0
0
0
0
0
0
0
0
0
0
0
0
0
0
0
0
0
0
0
0
0
0
0
0
0
0
0
0
0
0
0
0
0
0
0
0
0
0
0
0
0
0
0
0
0
0
0
0
0
0
0
0
0
0
0
0
0
0
0
0
0
0
0
0
0
0
0
0
0
0
0
0
0
0
0
0
0
0
0
0
0
0
0
0
0
0
0
0
0
0
0
0
0
0
0
0
0
0
0
0
0
0
0
0
0
0
0
0
0
0
0
0
0
0
0
0
0
0
0
0
0
0
0
0
0
0
0
0
0
0
0
0
0
0
0
0
0
0
0
0
0
0
0
0
0
0
0
0
0
0
0
0
0
0
0
0
0
0
0
0
0
0
0
0
0
0
0
0
0
0
0
0
0
0
0
0
0
0
0
0
0
0
0
0
0
0
0
0
0
0
0
0
0
0
0
0
0
0
0
0
0
0
0
0
0
0
0
0
0
0
0
0
0
0
0
0
0
0
0
0
0
0
0
0
0
0
0
0
0
0
0
0
0
0
0
0
0
0
0
0
0
0
0
0
0
0
0
0
0
0
0
0
0
0
0
0
0
0
0
0
0
0
0
0
0
0
0
0
0
0
0
0
0
0
0
0
0
0
0
0
0
0
0
0
0
0
0
0
0
0
0
0
0
0
0
0
0
0
0
0
0
0
0
0
0
0
0
0
0
0
0
0
0
0
0
0
0
0
0
0
0
0
0
0
0
0
0
0
0
0
0
0
0
0
0
0
0
0
0
0
0
0
0
0
0
0
0
0
0
0
0
0
0
0
0
0
0
0
0
0
0
0
0
0
0
0
0
0
0
0
0
0
0
0
0
0
0
0
0
0
0
0
0
0
0
0
0
0
0
0
0
0
0
0
0
0
0
0
0
0
0
0
0
0
0
0
0
0
0
0
0
0
0
0
0
0
0
0
0
0
0
0
0
0
0
0
0
0
0
0
0
0
0
0
0
0
0
0
0
0
0
0
0
0
0
0
0
0
0
0
0
0
0
0
0
0
0
0
0
0
0
0
0
0
0
0
0
0
0
0
0
0
0
0
0
0
0
0
0
0
0
0
0
0
0
0
0
0
0
0
0
0
0
0
0
0
0
0
0
0
0
0
0
0
0
0
0
0
0
0
0
0
0
0
0
0
0
0
0
0
0
0
0
0
0
0
0
0
0
0
0
0
0
0
0
0
0
0
0
0
0
0
0
0
0
0
0
0
0
0
0
0
0
0
0
0
0
0
0
0
0
0
0
0
0
0
0
0
0
0
0
0
0
0
0
0
0
0
0
0
0
0
0
0
0
0
0
0
0
0
0
0
0
0
0
0
0
0
0
0
0
0
0
0
0
0
0
0
0
0
0
0
0
0
0
0
0
0
0
0
0
0
0
0
0
0
0
0
0
0
0
0
0
0
0
0
0
0
0
0
0
0
0
0
0
0
0
0
0
0
0
0
0
0
0
0
0
0
0
0
0
0
0
0
0
0
0
0
0
0
0
0
0
0
0
0
0
0
0
0
0
0
0
0
0
0
0
0
0
0
0
0
0
0
0
0
0
0
0
0
0
0
0
0
0
0
0
0
0
0
0
0
0
0
0
0
0
0
0
0
0
0
0
0
0
0
0
0
0
0
0
0
0
0
0
0
0
0
0
0
0
0
0
0
0
0
0
0
0
0
0
0
0
0
0
0
0
0
0
0
0
0
0
0
0
0
0
0
0
0
0
0
0
0
0
0
0
0
0
0
0
0
0
0
0
0
0
0
0
0
0
0
0
0
0
0
0
0
0
0
0
0
0
0
0
0
0
0
0
0
0
0
0
0
0
0
0
0
0
0
0
0
0
0
0
0
0
0
0
0
0
0
0
0
0
0
0
0
0
0
0
0
0
0
0
0
0
0
0
0
0
0
0
0
0
0
0
0
0
0
0
0
0
0
0
0
0
0
0
0
0
0
0
0
0
0
0
0
0
0
0
0
0
0
0
0
0
0
0
0
0
0
0
0
0
0
0
0
0
0
0
0
0
0
0
0
0
0
0
0
0
0
0
0
0
0
0
0
0
0
0
0
0
0
0
0
0
0
0
0
0
0
0
0
0
0
0
0
0
0
0
0
0
0
0
0
0
0
0
0
0
0
0
0
0
0
0
0
0
0
0
0
0
0
0
0
0
0
0
0
0
0
0
0
0
0
0
0
0
0
0
0
0
0
0
0
0
0
0
0
0
0
0
0
0
0
0
0
0
0
0
0
0
0
0
0
0
0
0
0
0
0
0
0
0
0
0
0
0
0
0
0
0
0
0
0
0
0
0
0
0
0
0
0
0
0
0
0
0
0
0
0
0
0
0
0
0
0
0
0
0
0
0
0
0
0
0
0
0
0
0
0
0
0
0
0
0
0
0
0
0
0
0
0
0
0
0
0
0
0
0
0
0
0
0
0
0
0
0
0
0
0
0
0
0
0
0
0
0
0
0
0
0
0
0
0
0
0
0
0
0
0
0
0
0
0
0
0
0
0
0
0
0
0
0
0
0
0
0
0
0
0
0
0
0
0
0
0
0
0
0
0
0
0
0
0
0
0
0
0
0
0
0
0
0
0
0
0
0
0
0
0
0
0
0
0
0
0
0
0
0
0
0
0
0
0
0
0
0
0
0
0
0
0
0
0
0
0
0
0
0
0
0
0
0
0
0
0
0
0
0
0
0
0
0
0
0
0
0
0
0
0
0
0
0
0
0
0
0
0
0
0
0
0
0
0
0
0
0
0
0
0
0
0
0
0
0
0
0
0
0
0
0
0
0
0
0
0
0
0
0
0
0
0
0
0
0
0
0
0
0
0
0
0
0
0
0
0
0
0
0
0
0
0
0
0
0
0
0
0
0
0
0
0
0
0
0
0
0
0
0
0
0
0
0
0
0
0
0
0
0
0
0
0
0
0
0
0
0
0
0
0
0
0
0
0
0
0
0
0
0
0
0
0
0
0
0
0
0
0
0
0
0
0
0
0
0
0
0
0
0
0
0
0
0
0
0
0
0
0
0
0
0
0
0
0
0
0
0
0
0
0
0
0
0
0
0
0
0
0
0
0
0
0
0
0
0
0
0
0
0
0
0
0
0
0
0
0
0
0
0
0
0
0
0
0
0
0
0
0
0
0
0
0
0
0
0
0
0
0
0
0
0
0
0
0
0
0
0
0
0
0
0
0
0
0
0
0
0
0
0
0
0
0
0
0
0
0
0
0
0
0
0
0
0
0
0
0
0
0
0
0
0
0
0
0
0
0
0
0
0
0
0
0
0
0
0
0
0
0
0
0
0
0
0
0
0
0
0
0
0
0
0
0
0
0
0
0
0
0
0
0
0
0
0
0
0
0
0
0
0
0
0
0
0
0
0
0
0
0
0
0
0
0
0
0
0
0
0
0
0
0
0
0
0
0
0
0
0
0
0
0
0
0
0
0
0
0
0
0
0
0
0
0
0
0
0
0
0
0
0
0
0
0
0
0
0
0
0
0
0
0
0
0
0
0
0
0
0
0
0
0
0
0
0
0
0
0
0
0
0
0
0
0
0
0
0
0
0
0
0
0
0
0
0
0
0
0
0
0
0
0
0
0
0
0
0
0
0
0
0
0
0
0
0
0
0
0
0
0
0
0
0
0
0
0
0
0
0
0
0
0
0
0
0
0
0
0
0
0
0
0
0
0
0
0
0
0
0
0
0
0
0
0
0
0
0
0
0
0
0
0
0
0
0
0
0
0
0
0
0
0
0
0
0
0
0
0
0
0
0
0
0
0
0
0
0
0
0
0
0
0
0
0
0
0
0
0
0
0
0
0
0
0
0
0
0
0
0
0
0
0
0
0
0
0
0
0
0
0
0
0
0
0
0
0
0
0
0
0
0
0
0
0
0
0
0
0
0
0
0
0
0
0
0
0
0
0
0
0
0
0
0
0
0
0
0
0
0
0
0
0
0
0
0
0
0
0
0
0
0
0
0
0
0
0
0
0
0
0
0
0
0
0
0
0
0
0
0
0
0
0
0
0
0
0
0
0
0
0
0
0
0
0
0
0
0
0
0
0
0
0
0
0
0
0
0
0
0
0
0
0
0
0
0
0
0
0
0
0
0
0
0
0
0
0
0
0
0
0
0
0
0
0
0
0
0
0
0
0
0
0
0
0
0
0
0
0
0
0
0
0
0
0
0
0
0
0
0
0
0
0
0
0
0
0
0
0
0
0
0
0
0
0
0
0
0
0
0
0
0
0
0
0
0
0
0
0
0
0
0
0
0
0
0
0
0
0
0
0
0
0
0
0
0
0
0
0
0
0
0
0
0
0
0
0
0
0
0
0
0
0
0
0
0
0
0
0
0
0
0
0
0
0
0
0
0
0
0
0
0
0
0
0
0
0
0
0
0
0
0
0
0
0
0
0
0
0
0
0
0
0
0
0
0
0
0
0
0
0
0
0
0
0
0
0
0
0
0
0
0
0
0
0
0
0
0
0
0
0
0
0
0
0
0
0
0
0
0
0
0
0
0
0
0
0
0
0
0
0
0
0
0
0
0
0
0
0
0
0
0
0
0
0
0
0
0
0
0
0
0
0
0
0
0
0
0
0
0
0
0
0
0
0
0
0
0
0
0
0
0
0
0
0
0
0
0
0
0
0
0
0
0
0
0
0
0
0
0
0
0
0
0
0
0
0
0
0
0
0
0
0
0
0
0
0
0
0
0
0
0
0
0
0
0
0
0
0
0
0
0
0
0
0
0
0
0
0
0
0
0
0
0
0
0
0
0
0
0
0
0
0
0
0
0
0
0
0
0
0
0
0
0
0
0
0
0
0
0
0
0
0
0
0
0
0
0
0
0
0
0
0
0
0
0
0
0
0
0
0
0
0
0
0
0
0
0
0
0
0
0
0
0
0
0
0
0
0
0
0
0
0
0
0
0
0
0
0
0
0
0
0
0
0
0
0
0
0
0
0
0
0
0
0
0
0
0
0
0
0
0
0
0
0
0
0
0
0
0
0
0
0
0
0
0
0
0
0
0
0
0
0
0
0
0
0
0
0
0
0
0
0
0
0
0
0
0
0
0
0
0
0
0
0
0
0
0
0
0
0
0
0
0
0
0
0
0
0
0
0
0
0
0
0
0
0
0
0
0
0
0
0
0
0
0
0
0
0
0
0
0
0
0
0
0
0
0
0
0
0
0
0
0
0
0
0
0
0
0
0
0
0
0
0
0
0
0
0
0
0
0
0
0
0
0
0
0
0
0
0
0
0
0
0
0
0
0
0
0
0
0
0
0
0
0
0
0
0
0
0
0
0
0
0
0
0
0
0
0
0
0
0
0
0
0
