4095
4095
0
0
0
0
0
0
4095
4095
0
0
0
0
0
0
4095
4095
0
0
0
0
0
0
4095
4095
0
0
0
0
0
0
4095
4095
0
0
0
0
0
0
4095
4095
0
0
0
0
0
0
4095
4095
0
0
0
0
0
0
4095
4095
0
0
0
0
0
0
4095
4095
0
0
0
0
0
0
4095
4095
0
0
0
0
0
0
4095
4095
0
0
0
0
0
0
4095
4095
0
0
0
0
0
0
4095
4095
0
0
0
0
0
0
4095
4095
0
0
0
0
0
0
4095
4095
0
0
0
0
0
0
4095
4095
0
0
0
0
0
0
4095
4095
0
0
0
0
0
0
4095
4095
0
0
0
0
0
0
4095
4095
0
0
0
0
0
0
4095
4095
0
0
0
0
0
0
4095
4095
0
0
0
0
0
0
4095
4095
0
0
0
0
0
0
4095
4095
0
0
0
0
0
0
4095
4095
0
0
0
0
0
0
4092
4092
0
0
0
0
0
0
4092
4092
0
0
0
0
0
0
4095
4095
0
0
0
0
0
0
4095
4095
0
0
0
0
0
0
4092
4092
0
0
0
0
0
0
4092
4092
0
0
0
0
0
0
4093
4094
0
0
0
0
0
0
1
1
0
0
0
0
0
0
4095
4095
0
0
0
0
0
0
4090
4088
0
0
0
0
0
0
4088
4089
0
0
0
0
0
0
1
3
0
0
0
0
0
0
6
6
0
0
0
0
0
0
4093
4091
0
0
0
0
0
0
4081
4081
0
0
0
0
0
0
4089
4092
0
0
0
0
0
0
11
12
0
0
0
0
0
0
9
6
0
0
0
0
0
0
4080
4078
0
0
0
0
0
0
4074
4078
0
0
0
0
0
0
5
9
0
0
0
0
0
0
23
22
0
0
0
0
0
0
4094
4088
0
0
0
0
0
0
4065
4063
0
0
0
0
0
0
4080
4085
0
0
0
0
0
0
26
30
0
0
0
0
0
0
26
20
0
0
0
0
0
0
4072
4065
0
0
0
0
0
0
4052
4057
0
0
0
0
0
0
7
16
0
0
0
0
0
0
47
45
0
0
0
0
0
0
7
4093
0
0
0
0
0
0
4041
4038
0
0
0
0
0
0
4061
4073
0
0
0
0
0
0
44
51
0
0
0
0
0
0
51
42
0
0
0
0
0
0
4063
4052
0
0
0
0
0
0
4022
4027
0
0
0
0
0
0
0
17
0
0
0
0
0
0
77
77
0
0
0
0
0
0
25
7
0
0
0
0
0
0
4015
4009
0
0
0
0
0
0
4033
4049
0
0
0
0
0
0
60
74
0
0
0
0
0
0
88
75
0
0
0
0
0
0
4060
4041
0
0
0
0
0
0
3981
3989
0
0
0
0
0
0
4085
14
0
0
0
0
0
0
115
118
0
0
0
0
0
0
52
26
0
0
0
0
0
0
3986
3974
0
0
0
0
0
0
3993
4016
0
0
0
0
0
0
73
95
0
0
0
0
0
0
133
118
0
0
0
0
0
0
4065
4035
0
0
0
0
0
0
3937
3941
0
0
0
0
0
0
4063
0
0
0
0
0
0
0
153
162
0
0
0
0
0
0
91
58
0
0
0
0
0
0
3963
3941
0
0
0
0
0
0
3943
3969
0
0
0
0
0
0
78
111
0
0
0
0
0
0
189
173
0
0
0
0
0
0
4081
4040
0
0
0
0
0
0
3884
3886
0
0
0
0
0
0
4026
4070
0
0
0
0
0
0
192
208
0
0
0
0
0
0
144
103
0
0
0
0
0
0
3944
3911
0
0
0
0
0
0
3880
3911
0
0
0
0
0
0
74
120
0
0
0
0
0
0
252
237
0
0
0
0
0
0
15
4057
0
0
0
0
0
0
3831
3826
0
0
0
0
0
0
3974
4030
0
0
0
0
0
0
226
254
0
0
0
0
0
0
211
163
0
0
0
0
0
0
3933
3887
0
0
0
0
0
0
3808
3840
0
0
0
0
0
0
56
117
0
0
0
0
0
0
321
309
0
0
0
0
0
0
60
4088
0
0
0
0
0
0
3780
3764
0
0
0
0
0
0
3907
3972
0
0
0
0
0
0
253
295
0
0
0
0
0
0
291
238
0
0
0
0
0
0
3937
3873
0
0
0
0
0
0
3726
3758
0
0
0
0
0
0
20
98
0
0
0
0
0
0
389
387
0
0
0
0
0
0
124
41
0
0
0
0
0
0
3733
3705
0
0
0
0
0
0
3823
3899
0
0
0
0
0
0
271
329
0
0
0
0
0
0
382
326
0
0
0
0
0
0
3957
3875
0
0
0
0
0
0
3641
3668
0
0
0
0
0
0
4061
61
0
0
0
0
0
0
457
467
0
0
0
0
0
0
205
108
0
0
0
0
0
0
3696
3650
0
0
0
0
0
0
3725
3808
0
0
0
0
0
0
270
349
0
0
0
0
0
0
484
428
0
0
0
0
0
0
3996
3892
0
0
0
0
0
0
3553
3571
0
0
0
0
0
0
3987
7
0
0
0
0
0
0
518
543
0
0
0
0
0
0
306
197
0
0
0
0
0
0
3672
3605
0
0
0
0
0
0
3612
3701
0
0
0
0
0
0
250
354
0
0
0
0
0
0
591
539
0
0
0
0
0
0
4056
3930
0
0
0
0
0
0
3466
3471
0
0
0
0
0
0
3891
4023
0
0
0
0
0
0
568
614
0
0
0
0
0
0
423
304
0
0
0
0
0
0
3666
3574
0
0
0
0
0
0
3491
3579
0
0
0
0
0
0
210
339
0
0
0
0
0
0
700
657
0
0
0
0
0
0
46
3994
0
0
0
0
0
0
3388
3375
0
0
0
0
0
0
3775
3924
0
0
0
0
0
0
604
674
0
0
0
0
0
0
555
429
0
0
0
0
0
0
3682
3562
0
0
0
0
0
0
3361
3447
0
0
0
0
0
0
142
298
0
0
0
0
0
0
804
776
0
0
0
0
0
0
155
4079
0
0
0
0
0
0
3322
3286
0
0
0
0
0
0
3637
3799
0
0
0
0
0
0
617
717
0
0
0
0
0
0
701
572
0
0
0
0
0
0
3723
3572
0
0
0
0
0
0
3229
3305
0
0
0
0
0
0
50
233
0
0
0
0
0
0
904
896
0
0
0
0
0
0
288
97
0
0
0
0
0
0
3273
3209
0
0
0
0
0
0
3483
3656
0
0
0
0
0
0
608
740
0
0
0
0
0
0
854
728
0
0
0
0
0
0
3792
3610
0
0
0
0
0
0
3099
3160
0
0
0
0
0
0
4023
138
0
0
0
0
0
0
988
1007
0
0
0
0
0
0
444
235
0
0
0
0
0
0
3245
3147
0
0
0
0
0
0
3313
3491
0
0
0
0
0
0
569
736
0
0
0
0
0
0
1013
895
0
0
0
0
0
0
3892
3676
0
0
0
0
0
0
2976
3016
0
0
0
0
0
0
3875
16
0
0
0
0
0
0
1058
1107
0
0
0
0
0
0
621
399
0
0
0
0
0
0
3245
3110
0
0
0
0
0
0
3132
3309
0
0
0
0
0
0
500
705
0
0
0
0
0
0
1170
1066
0
0
0
0
0
0
4024
3775
0
0
0
0
0
0
2868
2879
0
0
0
0
0
0
3700
3959
0
0
0
0
0
0
1101
1187
0
0
0
0
0
0
816
586
0
0
0
0
0
0
3276
3100
0
0
0
0
0
0
2946
3115
0
0
0
0
0
0
397
641
0
0
0
0
0
0
1320
1239
0
0
0
0
0
0
90
3907
0
0
0
0
0
0
2778
2755
0
0
0
0
0
0
3501
3778
0
0
0
0
0
0
1114
1243
0
0
0
0
0
0
1024
791
0
0
0
0
0
0
3341
3121
0
0
0
0
0
0
2761
2916
0
0
0
0
0
0
260
543
0
0
0
0
0
0
1455
1404
0
0
0
0
0
0
282
4070
0
0
0
0
0
0
2715
2651
0
0
0
0
0
0
3282
3571
0
0
0
0
0
0
1097
1272
0
0
0
0
0
0
1239
1011
0
0
0
0
0
0
3442
3179
0
0
0
0
0
0
2581
2713
0
0
0
0
0
0
86
406
0
0
0
0
0
0
1571
1557
0
0
0
0
0
0
501
170
0
0
0
0
0
0
2680
2569
0
0
0
0
0
0
3045
3341
0
0
0
0
0
0
1039
1263
0
0
0
0
0
0
1458
1241
0
0
0
0
0
0
3584
3274
0
0
0
0
0
0
2413
2517
0
0
0
0
0
0
3976
234
0
0
0
0
0
0
1662
1691
0
0
0
0
0
0
745
395
0
0
0
0
0
0
2682
2520
0
0
0
0
0
0
2799
3093
0
0
0
0
0
0
942
1218
0
0
0
0
0
0
1671
1477
0
0
0
0
0
0
3763
3409
0
0
0
0
0
0
2266
2332
0
0
0
0
0
0
3737
26
0
0
0
0
0
0
1718
1797
0
0
0
0
0
0
1008
648
0
0
0
0
0
0
2725
2507
0
0
0
0
0
0
2549
2833
0
0
0
0
0
0
804
1132
0
0
0
0
0
0
1871
1705
0
0
0
0
0
0
3981
3586
0
0
0
0
0
0
2148
2165
0
0
0
0
0
0
3470
3879
0
0
0
0
0
0
1738
1875
0
0
0
0
0
0
1286
922
0
0
0
0
0
0
2811
2536
0
0
0
0
0
0
2299
2565
0
0
0
0
0
0
620
1000
0
0
0
0
0
0
2053
1926
0
0
0
0
0
0
140
3803
0
0
0
0
0
0
2060
2025
0
0
0
0
0
0
3179
3606
0
0
0
0
0
0
1716
1913
0
0
0
0
0
0
1571
1213
0
0
0
0
0
0
2944
2609
0
0
0
0
0
0
2063
2299
0
0
0
0
0
0
395
824
0
0
0
0
0
0
2207
2128
0
0
0
0
0
0
426
4056
0
0
0
0
0
0
2013
1918
0
0
0
0
0
0
2872
3308
0
0
0
0
0
0
1644
1906
0
0
0
0
0
0
1856
1514
0
0
0
0
0
0
3124
2728
0
0
0
0
0
0
1843
2041
0
0
0
0
0
0
129
605
0
0
0
0
0
0
2327
2305
0
0
0
0
0
0
740
252
0
0
0
0
0
0
2012
1849
0
0
0
0
0
0
2553
2989
0
0
0
0
0
0
1525
1854
0
0
0
0
0
0
2132
1816
0
0
0
0
0
0
3352
2899
0
0
0
0
0
0
1649
1801
0
0
0
0
0
0
3923
341
0
0
0
0
0
0
2406
2448
0
0
0
0
0
0
1077
572
0
0
0
0
0
0
2060
1827
0
0
0
0
0
0
2231
2656
0
0
0
0
0
0
1352
1748
0
0
0
0
0
0
2392
2113
0
0
0
0
0
0
3623
3117
0
0
0
0
0
0
1491
1584
0
0
0
0
0
0
3587
39
0
0
0
0
0
0
2439
2551
0
0
0
0
0
0
1429
918
0
0
0
0
0
0
2162
1856
0
0
0
0
0
0
1915
2317
0
0
0
0
0
0
1130
1591
0
0
0
0
0
0
2626
2393
0
0
0
0
0
0
3937
3382
0
0
0
0
0
0
1373
1399
0
0
0
0
0
0
3224
3796
0
0
0
0
0
0
2419
2607
0
0
0
0
0
0
1788
1281
0
0
0
0
0
0
2318
1937
0
0
0
0
0
0
1613
1982
0
0
0
0
0
0
857
1382
0
0
0
0
0
0
2827
2653
0
0
0
0
0
0
195
3695
0
0
0
0
0
0
1306
1259
0
0
0
0
0
0
2844
3428
0
0
0
0
0
0
2342
2612
0
0
0
0
0
0
2143
1655
0
0
0
0
0
0
2531
2075
0
0
0
0
0
0
1336
1658
0
0
0
0
0
0
536
1119
0
0
0
0
0
0
2987
2880
0
0
0
0
0
0
577
4044
0
0
0
0
0
0
1291
1162
0
0
0
0
0
0
2451
3037
0
0
0
0
0
0
2208
2560
0
0
0
0
0
0
2489
2028
0
0
0
0
0
0
2797
2270
0
0
0
0
0
0
1088
1354
0
0
0
0
0
0
172
806
0
0
0
0
0
0
3098
3067
0
0
0
0
0
0
986
336
0
0
0
0
0
0
1336
1121
0
0
0
0
0
0
2054
2631
0
0
0
0
0
0
2014
2447
0
0
0
0
0
0
2813
2394
0
0
0
0
0
0
3117
2523
0
0
0
0
0
0
883
1081
0
0
0
0
0
0
3869
448
0
0
0
0
0
0
3151
3206
0
0
0
0
0
0
1411
749
0
0
0
0
0
0
1440
1137
0
0
0
0
0
0
1668
2221
0
0
0
0
0
0
1759
2274
0
0
0
0
0
0
3106
2743
0
0
0
0
0
0
3485
2829
0
0
0
0
0
0
727
847
0
0
0
0
0
0
3439
50
0
0
0
0
0
0
3146
3290
0
0
0
0
0
0
1842
1183
0
0
0
0
0
0
1610
1216
0
0
0
0
0
0
1298
1814
0
0
0
0
0
0
1448
2040
0
0
0
0
0
0
3361
3063
0
0
0
0
0
0
3894
3186
0
0
0
0
0
0
627
661
0
0
0
0
0
0
2987
3714
0
0
0
0
0
0
3075
3315
0
0
0
0
0
0
2269
1627
0
0
0
0
0
0
1842
1360
0
0
0
0
0
0
956
1423
0
0
0
0
0
0
1083
1745
0
0
0
0
0
0
3568
3347
0
0
0
0
0
0
125
3591
0
0
0
0
0
0
585
528
0
0
0
0
0
0
2523
3378
0
0
0
0
0
0
2939
3279
0
0
0
0
0
0
1980
1367
0
0
0
0
0
0
2120
1550
0
0
0
0
0
0
3049
59
0
0
0
0
0
0
618
1364
0
0
0
0
0
0
3715
1184
0
0
0
0
0
0
477
3842
0
0
0
0
0
0
610
451
0
0
0
0
0
0
2880
2734
0
0
0
0
0
0
2756
3165
0
0
0
0
0
0
4070
1803
0
0
0
0
0
0
2524
1824
0
0
0
0
0
0
2793
3119
0
0
0
0
0
0
405
1063
0
0
0
0
0
0
3812
3769
0
0
0
0
0
0
970
462
0
0
0
0
0
0
708
454
0
0
0
0
0
0
2303
2838
0
0
0
0
0
0
2481
3006
0
0
0
0
0
0
331
3916
0
0
0
0
0
0
2812
2209
0
0
0
0
0
0
2585
2830
0
0
0
0
0
0
4012
737
0
0
0
0
0
0
3829
3895
0
0
0
0
0
0
765
959
0
0
0
0
0
0
855
517
0
0
0
0
0
0
168
2363
0
0
0
0
0
0
2094
2759
0
0
0
0
0
0
640
203
0
0
0
0
0
0
3149
2480
0
0
0
0
0
0
2440
2589
0
0
0
0
0
0
3498
4056
0
0
0
0
0
0
3776
3941
0
0
0
0
0
0
1261
763
0
0
0
0
0
0
1098
635
0
0
0
0
0
0
3856
207
0
0
0
0
0
0
1697
2397
0
0
0
0
0
0
1603
545
0
0
0
0
0
0
3667
2805
0
0
0
0
0
0
4066
2410
0
0
0
0
0
0
3724
3543
0
0
0
0
0
0
3672
3924
0
0
0
0
0
0
3559
1271
0
0
0
0
0
0
1462
847
0
0
0
0
0
0
3493
3751
0
0
0
0
0
0
1368
2020
0
0
0
0
0
0
1804
837
0
0
0
0
0
0
98
3583
0
0
0
0
0
0
4067
2308
0
0
0
0
0
0
3194
3715
0
0
0
0
0
0
3470
3853
0
0
0
0
0
0
4016
3469
0
0
0
0
0
0
1838
1178
0
0
0
0
0
0
3177
3357
0
0
0
0
0
0
991
1708
0
0
0
0
0
0
1934
1775
0
0
0
0
0
0
4039
29
0
0
0
0
0
0
30
3971
0
0
0
0
0
0
978
3228
0
0
0
0
0
0
3144
3687
0
0
0
0
0
0
457
4065
0
0
0
0
0
0
2154
1527
0
0
0
0
0
0
2919
3302
0
0
0
0
0
0
457
1356
0
0
0
0
0
0
1989
1946
0
0
0
0
0
0
499
574
0
0
0
0
0
0
185
4009
0
0
0
0
0
0
479
998
0
0
0
0
0
0
2797
3396
0
0
0
0
0
0
827
411
0
0
0
0
0
0
2522
1819
0
0
0
0
0
0
2025
3008
0
0
0
0
0
0
3972
541
0
0
0
0
0
0
266
2030
0
0
0
0
0
0
1003
431
0
0
0
0
0
0
417
10
0
0
0
0
0
0
3986
479
0
0
0
0
0
0
2503
3080
0
0
0
0
0
0
1143
932
0
0
0
0
0
0
3053
2168
0
0
0
0
0
0
1913
2780
0
0
0
0
0
0
3
4085
0
0
0
0
0
0
183
2045
0
0
0
0
0
0
3237
992
0
0
0
0
0
0
775
207
0
0
0
0
0
0
3564
4087
0
0
0
0
0
0
2034
2699
0
0
0
0
0
0
1390
987
0
0
0
0
0
0
3620
2967
0
0
0
0
0
0
1878
1933
0
0
0
0
0
0
3519
98
0
0
0
0
0
0
4094
305
0
0
0
0
0
0
3750
3191
0
0
0
0
0
0
1155
528
0
0
0
0
0
0
3073
3517
0
0
0
0
0
0
1630
2372
0
0
0
0
0
0
1568
1274
0
0
0
0
0
0
110
3517
0
0
0
0
0
0
1927
1859
0
0
0
0
0
0
1253
3611
0
0
0
0
0
0
3781
162
0
0
0
0
0
0
247
3722
0
0
0
0
0
0
1480
873
0
0
0
0
0
0
2764
2996
0
0
0
0
0
0
1069
1991
0
0
0
0
0
0
2366
1492
0
0
0
0
0
0
25
0
0
0
0
0
0
0
3733
1863
0
0
0
0
0
0
750
3031
0
0
0
0
0
0
3445
4034
0
0
0
0
0
0
669
121
0
0
0
0
0
0
1861
1165
0
0
0
0
0
0
2527
2653
0
0
0
0
0
0
479
1159
0
0
0
0
0
0
2380
2321
0
0
0
0
0
0
622
4010
0
0
0
0
0
0
3945
3628
0
0
0
0
0
0
233
822
0
0
0
0
0
0
3036
3684
0
0
0
0
0
0
1153
690
0
0
0
0
0
0
2411
1640
0
0
0
0
0
0
2368
2670
0
0
0
0
0
0
575
592
0
0
0
0
0
0
2328
2377
0
0
0
0
0
0
2902
512
0
0
0
0
0
0
190
3797
0
0
0
0
0
0
3857
285
0
0
0
0
0
0
2685
3310
0
0
0
0
0
0
1454
1206
0
0
0
0
0
0
2994
2046
0
0
0
0
0
0
1589
2469
0
0
0
0
0
0
4036
4089
0
0
0
0
0
0
475
2350
0
0
0
0
0
0
3407
2798
0
0
0
0
0
0
553
1
0
0
0
0
0
0
3319
3889
0
0
0
0
0
0
2278
2995
0
0
0
0
0
0
1677
1539
0
0
0
0
0
0
3602
2900
0
0
0
0
0
0
1597
2359
0
0
0
0
0
0
3430
88
0
0
0
0
0
0
238
564
0
0
0
0
0
0
3923
3315
0
0
0
0
0
0
987
325
0
0
0
0
0
0
2846
3324
0
0
0
0
0
0
1706
2617
0
0
0
0
0
0
1817
1511
0
0
0
0
0
0
3520
3484
0
0
0
0
0
0
1673
1622
0
0
0
0
0
0
1148
3557
0
0
0
0
0
0
3968
369
0
0
0
0
0
0
293
3850
0
0
0
0
0
0
1359
722
0
0
0
0
0
0
2560
2938
0
0
0
0
0
0
1108
2076
0
0
0
0
0
0
2574
1692
0
0
0
0
0
0
65
4094
0
0
0
0
0
0
3549
1671
0
0
0
0
0
0
645
1268
0
0
0
0
0
0
3580
45
0
0
0
0
0
0
819
241
0
0
0
0
0
0
1785
1058
0
0
0
0
0
0
2356
2498
0
0
0
0
0
0
489
1204
0
0
0
0
0
0
2543
1780
0
0
0
0
0
0
673
4006
0
0
0
0
0
0
3808
1783
0
0
0
0
0
0
136
702
0
0
0
0
0
0
3128
3795
0
0
0
0
0
0
1279
795
0
0
0
0
0
0
2371
1454
0
0
0
0
0
0
2236
2545
0
0
0
0
0
0
566
608
0
0
0
0
0
0
2444
2496
0
0
0
0
0
0
2951
537
0
0
0
0
0
0
101
3697
0
0
0
0
0
0
3778
226
0
0
0
0
0
0
2739
3381
0
0
0
0
0
0
1545
1165
0
0
0
0
0
0
2977
2007
0
0
0
0
0
0
1500
2383
0
0
0
0
0
0
4020
698
0
0
0
0
0
0
547
2446
0
0
0
0
0
0
3447
2824
0
0
0
0
0
0
504
4039
0
0
0
0
0
0
3267
3846
0
0
0
0
0
0
2302
3030
0
0
0
0
0
0
1730
1587
0
0
0
0
0
0
3600
2888
0
0
0
0
0
0
1554
2316
0
0
0
0
0
0
3418
83
0
0
0
0
0
0
266
595
0
0
0
0
0
0
3941
3329
0
0
0
0
0
0
971
306
0
0
0
0
0
0
2827
3309
0
0
0
0
0
0
1710
2624
0
0
0
0
0
0
1828
1521
0
0
0
0
0
0
3521
3484
0
0
0
0
0
0
1671
1621
0
0
0
0
0
0
1149
3557
0
0
0
0
0
0
3962
361
0
0
0
0
0
0
283
3842
0
0
0
0
0
0
1370
735
0
0
0
0
0
0
2582
2958
0
0
0
0
0
0
1101
2063
0
0
0
0
0
0
2540
1658
0
0
0
0
0
0
58
4095
0
0
0
0
0
0
3590
1714
0
0
0
0
0
0
671
1285
0
0
0
0
0
0
3542
0
0
0
0
0
0
0
773
203
0
0
0
0
0
0
1811
1096
0
0
0
0
0
0
2420
2558
0
0
0
0
0
0
485
1184
0
0
0
0
0
0
2466
1704
0
0
0
0
0
0
648
3997
0
0
0
0
0
0
3886
3564
0
0
0
0
0
0
195
796
0
0
0
0
0
0
3067
3722
0
0
0
0
0
0
1190
718
0
0
0
0
0
0
2402
1626
0
0
0
0
0
0
2347
2652
0
0
0
0
0
0
573
592
0
0
0
0
0
0
2328
2377
0
0
0
0
0
0
2899
509
0
0
0
0
0
0
204
3814
0
0
0
0
0
0
3877
303
0
0
0
0
0
0
2665
3284
0
0
0
0
0
0
1408
1165
0
0
0
0
0
0
3005
2067
0
0
0
0
0
0
1657
2536
0
0
0
0
0
0
4052
4089
0
0
0
0
0
0
395
2265
0
0
0
0
0
0
3355
1067
0
0
0
0
0
0
631
40
0
0
0
0
0
0
3412
3964
0
0
0
0
0
0
2225
2919
0
0
0
0
0
0
1546
1419
0
0
0
0
0
0
3611
2937
0
0
0
0
0
0
1751
1809
0
0
0
0
0
0
3481
84
0
0
0
0
0
0
86
398
0
0
0
0
0
0
3807
3230
0
0
0
0
0
0
1109
474
0
0
0
0
0
0
3023
3475
0
0
0
0
0
0
1642
2393
0
0
0
0
0
0
1597
1301
0
0
0
0
0
0
112
3516
0
0
0
0
0
0
1925
1858
0
0
0
0
0
0
1256
3613
0
0
0
0
0
0
3759
135
0
0
0
0
0
0
218
3698
0
0
0
0
0
0
1512
913
0
0
0
0
0
0
2829
3055
0
0
0
0
0
0
1053
1959
0
0
0
0
0
0
2268
1395
0
0
0
0
0
0
5
4
0
0
0
0
0
0
3851
1988
0
0
0
0
0
0
825
3081
0
0
0
0
0
0
3331
3901
0
0
0
0
0
0
534
8
0
0
0
0
0
0
2059
1394
0
0
0
0
0
0
2720
3123
0
0
0
0
0
0
467
1112
0
0
0
0
0
0
2154
2099
0
0
0
0
0
0
547
3985
0
0
0
0
0
0
72
3869
0
0
0
0
0
0
404
946
0
0
0
0
0
0
2856
3466
0
0
0
0
0
0
894
466
0
0
0
0
0
0
2506
1792
0
0
0
0
0
0
2690
2975
0
0
0
0
0
0
3991
544
0
0
0
0
0
0
269
2028
0
0
0
0
0
0
996
426
0
0
0
0
0
0
446
44
0
0
0
0
0
0
4024
511
0
0
0
0
0
0
2344
3030
0
0
0
0
0
0
1057
857
0
0
0
0
0
0
3074
2210
0
0
0
0
0
0
2040
2904
0
0
0
0
0
0
30
4082
0
0
0
0
0
0
30
187
0
0
0
0
0
0
3141
879
0
0
0
0
0
0
922
377
0
0
0
0
0
0
3621
15
0
0
0
0
0
0
1929
2554
0
0
0
0
0
0
1143
760
0
0
0
0
0
0
3635
2747
0
0
0
0
0
0
2170
2215
0
0
0
0
0
0
3616
3522
0
0
0
0
0
0
3807
4069
0
0
0
0
0
0
3528
1334
0
0
0
0
0
0
1387
761
0
0
0
0
0
0
3412
3684
0
0
0
0
0
0
1507
2171
0
0
0
0
0
0
1854
882
0
0
0
0
0
0
101
3580
0
0
0
0
0
0
4067
2311
0
0
0
0
0
0
3202
3721
0
0
0
0
0
0
3435
3812
0
0
0
0
0
0
3970
3431
0
0
0
0
0
0
1884
1238
0
0
0
0
0
0
3278
3740
0
0
0
0
0
0
966
1665
0
0
0
0
0
0
1781
1625
0
0
0
0
0
0
613
32
0
0
0
0
0
0
234
68
0
0
0
0
0
0
2792
3304
0
0
0
0
0
0
3018
3482
0
0
0
0
0
0
244
3890
0
0
0
0
0
0
2397
1699
0
0
0
0
0
0
2518
3576
0
0
0
0
0
0
417
1268
0
0
0
0
0
0
4038
1596
0
0
0
0
0
0
333
534
0
0
0
0
0
0
530
289
0
0
0
0
0
0
624
2887
0
0
0
0
0
0
2515
3106
0
0
0
0
0
0
421
187
0
0
0
0
0
0
2790
2180
0
0
0
0
0
0
2531
2783
0
0
0
0
0
0
4007
738
0
0
0
0
0
0
3831
3894
0
0
0
0
0
0
758
954
0
0
0
0
0
0
895
564
0
0
0
0
0
0
220
2406
0
0
0
0
0
0
2040
2688
0
0
0
0
0
0
1229
100
0
0
0
0
0
0
3319
2660
0
0
0
0
0
0
220
2765
0
0
0
0
0
0
3586
248
0
0
0
0
0
0
3568
3727
0
0
0
0
0
0
1248
1379
0
0
0
0
0
0
1303
891
0
0
0
0
0
0
4
1986
0
0
0
0
0
0
1559
2248
0
0
0
0
0
0
1262
935
0
0
0
0
0
0
3810
3164
0
0
0
0
0
0
373
416
0
0
0
0
0
0
3155
3639
0
0
0
0
0
0
3254
3496
0
0
0
0
0
0
1677
1172
0
0
0
0
0
0
1734
1238
0
0
0
0
0
0
3253
344
0
0
0
0
0
0
1058
1756
0
0
0
0
0
0
3625
999
0
0
0
0
0
0
128
3638
0
0
0
0
0
0
582
530
0
0
0
0
0
0
2533
3384
0
0
0
0
0
0
2895
3227
0
0
0
0
0
0
1923
2024
0
0
0
0
0
0
2177
1648
0
0
0
0
0
0
777
1169
0
0
0
0
0
0
638
1331
0
0
0
0
0
0
3525
3395
0
0
0
0
0
0
677
4038
0
0
0
0
0
0
846
701
0
0
0
0
0
0
2206
2880
0
0
0
0
0
0
2511
2908
0
0
0
0
0
0
2806
2283
0
0
0
0
0
0
2647
2059
0
0
0
0
0
0
767
1065
0
0
0
0
0
0
189
882
0
0
0
0
0
0
3365
3329
0
0
0
0
0
0
1064
361
0
0
0
0
0
0
1150
926
0
0
0
0
0
0
1937
2548
0
0
0
0
0
0
2109
2560
0
0
0
0
0
0
2922
2484
0
0
0
0
0
0
3090
2478
0
0
0
0
0
0
820
1026
0
0
0
0
0
0
3865
451
0
0
0
0
0
0
3154
3205
0
0
0
0
0
0
1401
743
0
0
0
0
0
0
1487
1193
0
0
0
0
0
0
1730
2272
0
0
0
0
0
0
1696
2191
0
0
0
0
0
0
2971
2619
0
0
0
0
0
0
3518
2897
0
0
0
0
0
0
932
1049
0
0
0
0
0
0
3484
46
0
0
0
0
0
0
2900
3030
0
0
0
0
0
0
1683
1079
0
0
0
0
0
0
1847
1493
0
0
0
0
0
0
1585
2052
0
0
0
0
0
0
1285
1809
0
0
0
0
0
0
2958
2693
0
0
0
0
0
0
3922
3303
0
0
0
0
0
0
1095
1127
0
0
0
0
0
0
3143
3767
0
0
0
0
0
0
2610
2810
0
0
0
0
0
0
1910
1366
0
0
0
0
0
0
2219
1819
0
0
0
0
0
0
1500
1890
0
0
0
0
0
0
884
1426
0
0
0
0
0
0
2891
2710
0
0
0
0
0
0
198
3691
0
0
0
0
0
0
1303
1258
0
0
0
0
0
0
2853
3434
0
0
0
0
0
0
2294
2555
0
0
0
0
0
0
2079
1602
0
0
0
0
0
0
2595
2160
0
0
0
0
0
0
1476
1785
0
0
0
0
0
0
502
1048
0
0
0
0
0
0
2772
2670
0
0
0
0
0
0
532
4049
0
0
0
0
0
0
1547
1433
0
0
0
0
0
0
2615
3145
0
0
0
0
0
0
1963
2273
0
0
0
0
0
0
2190
1783
0
0
0
0
0
0
2967
2510
0
0
0
0
0
0
1506
1737
0
0
0
0
0
0
146
685
0
0
0
0
0
0
2610
2581
0
0
0
0
0
0
824
281
0
0
0
0
0
0
1819
1645
0
0
0
0
0
0
2429
2901
0
0
0
0
0
0
1625
1973
0
0
0
0
0
0
2246
1909
0
0
0
0
0
0
3323
2854
0
0
0
0
0
0
1585
1743
0
0
0
0
0
0
3919
345
0
0
0
0
0
0
2409
2446
0
0
0
0
0
0
1068
566
0
0
0
0
0
0
2109
1884
0
0
0
0
0
0
2297
2709
0
0
0
0
0
0
1286
1660
0
0
0
0
0
0
2250
1983
0
0
0
0
0
0
3659
3190
0
0
0
0
0
0
1708
1796
0
0
0
0
0
0
3634
35
0
0
0
0
0
0
2180
2277
0
0
0
0
0
0
1263
810
0
0
0
0
0
0
2410
2146
0
0
0
0
0
0
2217
2566
0
0
0
0
0
0
958
1348
0
0
0
0
0
0
2205
2006
0
0
0
0
0
0
3967
3507
0
0
0
0
0
0
1867
1893
0
0
0
0
0
0
3389
3850
0
0
0
0
0
0
1929
2076
0
0
0
0
0
0
1409
1007
0
0
0
0
0
0
2713
2418
0
0
0
0
0
0
2187
2473
0
0
0
0
0
0
648
1045
0
0
0
0
0
0
2118
1984
0
0
0
0
0
0
144
3799
0
0
0
0
0
0
2057
2026
0
0
0
0
0
0
3190
3614
0
0
0
0
0
0
1667
1856
0
0
0
0
0
0
1506
1161
0
0
0
0
0
0
3010
2695
0
0
0
0
0
0
2202
2427
0
0
0
0
0
0
359
752
0
0
0
0
0
0
1993
1918
0
0
0
0
0
0
381
4062
0
0
0
0
0
0
2271
2190
0
0
0
0
0
0
3036
3415
0
0
0
0
0
0
1399
1619
0
0
0
0
0
0
1558
1267
0
0
0
0
0
0
3293
2969
0
0
0
0
0
0
2259
2424
0
0
0
0
0
0
102
484
0
0
0
0
0
0
1840
1819
0
0
0
0
0
0
579
196
0
0
0
0
0
0
2497
2374
0
0
0
0
0
0
2927
3259
0
0
0
0
0
0
1134
1377
0
0
0
0
0
0
1566
1330
0
0
0
0
0
0
3558
3233
0
0
0
0
0
0
2352
2463
0
0
0
0
0
0
3972
239
0
0
0
0
0
0
1664
1691
0
0
0
0
0
0
736
390
0
0
0
0
0
0
2728
2575
0
0
0
0
0
0
2861
3143
0
0
0
0
0
0
880
1136
0
0
0
0
0
0
1536
1354
0
0
0
0
0
0
3797
3478
0
0
0
0
0
0
2473
2534
0
0
0
0
0
0
3781
22
0
0
0
0
0
0
1472
1537
0
0
0
0
0
0
852
545
0
0
0
0
0
0
2962
2785
0
0
0
0
0
0
2835
3069
0
0
0
0
0
0
641
903
0
0
0
0
0
0
1470
1338
0
0
0
0
0
0
4009
3703
0
0
0
0
0
0
2616
2633
0
0
0
0
0
0
3627
3934
0
0
0
0
0
0
1272
1370
0
0
0
0
0
0
927
663
0
0
0
0
0
0
3187
2993
0
0
0
0
0
0
2846
3033
0
0
0
0
0
0
422
681
0
0
0
0
0
0
1377
1290
0
0
0
0
0
0
94
3903
0
0
0
0
0
0
2776
2755
0
0
0
0
0
0
3511
3785
0
0
0
0
0
0
1071
1192
0
0
0
0
0
0
966
744
0
0
0
0
0
0
3401
3199
0
0
0
0
0
0
2887
3031
0
0
0
0
0
0
228
479
0
0
0
0
0
0
1263
1215
0
0
0
0
0
0
240
4074
0
0
0
0
0
0
2945
2894
0
0
0
0
0
0
3429
3667
0
0
0
0
0
0
876
1013
0
0
0
0
0
0
970
788
0
0
0
0
0
0
3595
3394
0
0
0
0
0
0
2956
3059
0
0
0
0
0
0
61
296
0
0
0
0
0
0
1133
1119
0
0
0
0
0
0
353
119
0
0
0
0
0
0
3116
3042
0
0
0
0
0
0
3382
3584
0
0
0
0
0
0
688
837
0
0
0
0
0
0
948
804
0
0
0
0
0
0
3770
3574
0
0
0
0
0
0
3046
3114
0
0
0
0
0
0
4020
140
0
0
0
0
0
0
991
1007
0
0
0
0
0
0
436
231
0
0
0
0
0
0
3285
3195
0
0
0
0
0
0
3366
3533
0
0
0
0
0
0
516
666
0
0
0
0
0
0
899
791
0
0
0
0
0
0
3921
3735
0
0
0
0
0
0
3151
3187
0
0
0
0
0
0
3912
11
0
0
0
0
0
0
846
884
0
0
0
0
0
0
487
312
0
0
0
0
0
0
3447
3346
0
0
0
0
0
0
3376
3511
0
0
0
0
0
0
361
509
0
0
0
0
0
0
828
753
0
0
0
0
0
0
4045
3874
0
0
0
0
0
0
3268
3278
0
0
0
0
0
0
3833
4004
0
0
0
0
0
0
704
757
0
0
0
0
0
0
512
365
0
0
0
0
0
0
3597
3490
0
0
0
0
0
0
3411
3514
0
0
0
0
0
0
228
369
0
0
0
0
0
0
745
696
0
0
0
0
0
0
49
3991
0
0
0
0
0
0
3386
3376
0
0
0
0
0
0
3782
3928
0
0
0
0
0
0
568
632
0
0
0
0
0
0
509
391
0
0
0
0
0
0
3729
3624
0
0
0
0
0
0
3462
3537
0
0
0
0
0
0
117
247
0
0
0
0
0
0
652
626
0
0
0
0
0
0
121
4083
0
0
0
0
0
0
3506
3480
0
0
0
0
0
0
3756
3877
0
0
0
0
0
0
441
511
0
0
0
0
0
0
487
397
0
0
0
0
0
0
3845
3744
0
0
0
0
0
0
3527
3578
0
0
0
0
0
0
30
146
0
0
0
0
0
0
555
548
0
0
0
0
0
0
172
58
0
0
0
0
0
0
3619
3583
0
0
0
0
0
0
3750
3848
0
0
0
0
0
0
328
399
0
0
0
0
0
0
451
382
0
0
0
0
0
0
3940
3848
0
0
0
0
0
0
3602
3634
0
0
0
0
0
0
4060
65
0
0
0
0
0
0
457
464
0
0
0
0
0
0
199
104
0
0
0
0
0
0
3724
3683
0
0
0
0
0
0
3763
3840
0
0
0
0
0
0
230
299
0
0
0
0
0
0
399
351
0
0
0
0
0
0
4017
3934
0
0
0
0
0
0
3680
3696
0
0
0
0
0
0
4014
3
0
0
0
0
0
0
365
381
0
0
0
0
0
0
208
132
0
0
0
0
0
0
3819
3775
0
0
0
0
0
0
3790
3847
0
0
0
0
0
0
149
210
0
0
0
0
0
0
342
311
0
0
0
0
0
0
4074
4003
0
0
0
0
0
0
3757
3761
0
0
0
0
0
0
3988
4058
0
0
0
0
0
0
281
302
0
0
0
0
0
0
201
143
0
0
0
0
0
0
3898
3856
0
0
0
0
0
0
3828
3869
0
0
0
0
0
0
86
141
0
0
0
0
0
0
283
264
0
0
0
0
0
0
16
4055
0
0
0
0
0
0
3829
3825
0
0
0
0
0
0
3978
4033
0
0
0
0
0
0
206
228
0
0
0
0
0
0
183
140
0
0
0
0
0
0
3964
3926
0
0
0
0
0
0
3872
3898
0
0
0
0
0
0
38
84
0
0
0
0
0
0
221
213
0
0
0
0
0
0
40
4090
0
0
0
0
0
0
3898
3890
0
0
0
0
0
0
3983
4022
0
0
0
0
0
0
142
164
0
0
0
0
0
0
155
125
0
0
0
0
0
0
4015
3984
0
0
0
0
0
0
3917
3934
0
0
0
0
0
0
8
43
0
0
0
0
0
0
166
163
0
0
0
0
0
0
49
15
0
0
0
0
0
0
3956
3945
0
0
0
0
0
0
3996
4023
0
0
0
0
0
0
91
110
0
0
0
0
0
0
123
103
0
0
0
0
0
0
4051
4026
0
0
0
0
0
0
3961
3971
0
0
0
0
0
0
4084
15
0
0
0
0
0
0
115
116
0
0
0
0
0
0
48
24
0
0
0
0
0
0
4003
3993
0
0
0
0
0
0
4014
4032
0
0
0
0
0
0
52
68
0
0
0
0
0
0
90
78
0
0
0
0
0
0
4077
4057
0
0
0
0
0
0
4002
4006
0
0
0
0
0
0
4077
4095
0
0
0
0
0
0
74
77
0
0
0
0
0
0
39
24
0
0
0
0
0
0
4040
4032
0
0
0
0
0
0
4035
4047
0
0
0
0
0
0
26
37
0
0
0
0
0
0
59
54
0
0
0
0
0
0
4090
4078
0
0
0
0
0
0
4038
4039
0
0
0
0
0
0
4076
4088
0
0
0
0
0
0
42
44
0
0
0
0
0
0
28
20
0
0
0
0
0
0
4066
4059
0
0
0
0
0
0
4057
4062
0
0
0
0
0
0
9
16
0
0
0
0
0
0
33
31
0
0
0
0
0
0
1
4089
0
0
0
0
0
0
4064
4064
0
0
0
0
0
0
4080
4086
0
0
0
0
0
0
19
21
0
0
0
0
0
0
14
11
0
0
0
0
0
0
4082
4079
0
0
0
0
0
0
4074
4078
0
0
0
0
0
0
1
5
0
0
0
0
0
0
14
12
0
0
0
0
0
0
0
4093
0
0
0
0
0
0
4082
4082
0
0
0
0
0
0
4088
4090
0
0
0
0
0
0
5
6
0
0
0
0
0
0
4
3
0
0
0
0
0
0
4090
4089
0
0
0
0
0
0
4087
4088
0
0
0
0
0
0
4094
4095
0
0
0
0
0
0
1
1
0
0
0
0
0
0
0
4094
0
0
0
0
0
0
4092
4092
0
0
0
0
0
0
4092
4092
0
0
0
0
0
0
4095
4095
0
0
0
0
0
0
4095
4095
0
0
0
0
0
0
4092
4092
0
0
0
0
0
0
4092
4092
0
0
0
0
0
0
4094
4095
0
0
0
0
0
0
4095
4095
0
0
0
0
0
0
4095
4095
0
0
0
0
0
0
4095
4095
0
0
0
0
0
0
4095
4095
0
0
0
0
0
0
4095
4095
0
0
0
0
0
0
4095
4095
0
0
0
0
0
0
4095
4095
0
0
0
0
0
0
4095
4095
0
0
0
0
0
0
4095
4095
0
0
0
0
0
0
4095
4095
0
0
0
0
0
0
4095
4095
0
0
0
0
0
0
4095
4095
0
0
0
0
0
0
4095
4095
0
0
0
0
0
0
4095
4095
0
0
0
0
0
0
4095
4095
0
0
0
0
0
0
4095
4095
0
0
0
0
0
0
4095
4095
0
0
0
0
0
0
4095
4095
0
0
0
0
0
0
4095
4095
0
0
0
0
0
0
4095
4095
0
0
0
0
0
0
4095
4095
0
0
0
0
0
0
4095
4095
0
0
0
0
0
0
4095
4095
0
0
0
0
0
0
4095
4095
0
0
0
0
0
0
4095
4095
0
0
0
0
0
0
4095
4095
0
0
0
0
0
0
4095
4095
0
0
0
0
0
0
4095
4095
0
0
0
0
0
0
4095
4095
0
0
0
0
0
0
4095
4095
0
0
0
0
0
0
4095
4095
0
0
0
0
0
0
4095
4095
0
0
0
0
0
0
4095
4095
0
0
0
0
0
0
4095
4095
0
0
0
0
0
0
4095
4095
0
0
0
0
0
0
4095
4095
0
0
0
0
0
0
4095
4095
0
0
0
0
0
0
4095
4095
0
0
0
0
0
0
4095
4095
0
0
0
0
0
0
4095
4095
0
0
0
0
0
0
4095
4095
0
0
0
0
0
0
4095
4095
0
0
0
0
0
0
4095
4095
0
0
0
0
0
0
4095
4095
0
0
0
0
0
0
4095
4095
0
0
0
0
0
0
4095
4095
0
0
0
0
0
0
4095
4095
0
0
0
0
0
0
4095
4095
0
0
0
0
0
0
4095
4095
0
0
0
0
0
0
4095
4095
0
0
0
0
0
0
4095
4095
0
0
0
0
0
0
4095
4095
0
0
0
0
0
0
4095
4095
0
0
0
0
0
0
4095
4095
0
0
0
0
0
0
4095
4095
0
0
0
0
0
0
4095
4095
0
0
0
0
0
0
4095
4095
0
0
0
0
0
0
4095
4095
0
0
0
0
0
0
4095
4095
0
0
0
0
0
0
4095
4095
0
0
0
0
0
0
4095
4095
0
0
0
0
0
0
4095
4095
0
0
0
0
0
0
4095
4095
0
0
0
0
0
0
4095
4095
0
0
0
0
0
0
4095
4095
0
0
0
0
0
0
4095
4095
0
0
0
0
0
0
4095
4095
0
0
0
0
0
0
4095
4095
0
0
0
0
0
0
4095
4095
0
0
0
0
0
0
4095
4095
0
0
0
0
0
0
4095
4095
0
0
0
0
0
0
4095
4095
0
0
0
0
0
0
4095
4095
0
0
0
0
0
0
4095
4095
0
0
0
0
0
0
4095
4095
0
0
0
0
0
0
4095
4095
0
0
0
0
0
0
4095
4095
0
0
0
0
0
0
4095
4095
0
0
0
0
0
0
4095
4095
0
0
0
0
0
0
4095
4095
0
0
0
0
0
0
4095
4095
0
0
0
0
0
0
4095
4095
0
0
0
0
0
0
4095
4095
0
0
0
0
0
0
4095
4095
0
0
0
0
0
0
4095
4095
0
0
0
0
0
0
4095
4095
0
0
0
0
0
0
4095
4095
0
0
0
0
0
0
4095
4095
0
0
0
0
0
0
4095
4095
0
0
0
0
0
0
4095
4095
0
0
0
0
0
0
4095
4095
0
0
0
0
0
0
4095
4095
0
0
0
0
0
0
4095
4095
0
0
0
0
0
0
4095
4095
0
0
0
0
0
0
4095
4095
0
0
0
0
0
0
4095
4095
0
0
0
0
0
0
4095
4095
0
0
0
0
0
0
4095
4095
0
0
0
0
0
0
4095
4095
0
0
0
0
0
0
4095
4095
0
0
0
0
0
0
4095
4095
0
0
0
0
0
0
4095
4095
0
0
0
0
0
0
4095
4095
0
0
0
0
0
0
4095
4095
0
0
0
0
0
0
4095
4095
0
0
0
0
0
0
4095
4095
0
0
0
0
0
0
4095
4095
0
0
0
0
0
0
4095
4095
0
0
0
0
0
0
4095
4095
0
0
0
0
0
0
4095
4095
0
0
0
0
0
0
4095
4095
0
0
0
0
0
0
4095
4095
0
0
0
0
0
0
4095
4095
0
0
0
0
0
0
4095
4095
0
0
0
0
0
0
4095
4095
0
0
0
0
0
0
4095
4095
0
0
0
0
0
0
4095
4095
0
0
0
0
0
0
4095
4095
0
0
0
0
0
0
4095
4095
0
0
0
0
0
0
4095
4095
0
0
0
0
0
0
4095
4095
0
0
0
0
0
0
4095
4095
0
0
0
0
0
0
4095
4095
0
0
0
0
0
0
4095
4095
0
0
0
0
0
0
4095
4095
0
0
0
0
0
0
4095
4095
0
0
0
0
0
0
4095
4095
0
0
0
0
0
0
4095
4095
0
0
0
0
0
0
4095
4095
0
0
0
0
0
0
4095
4095
0
0
0
0
0
0
4095
4095
0
0
0
0
0
0
4095
4095
0
0
0
0
0
0
4095
4095
0
0
0
0
0
0
4095
4095
0
0
0
0
0
0
4095
4095
0
0
0
0
0
0
4095
4095
0
0
0
0
0
0
4095
4095
0
0
0
0
0
0
4095
4095
0
0
0
0
0
0
4095
4095
0
0
0
0
0
0
4095
4095
0
0
0
0
0
0
4095
4095
0
0
0
0
0
0
4095
4095
0
0
0
0
0
0
4095
4095
0
0
0
0
0
0
4095
4095
0
0
0
0
0
0
4095
4095
0
0
0
0
0
0
4095
4095
0
0
0
0
0
0
4095
4095
0
0
0
0
0
0
4095
4095
0
0
0
0
0
0
4095
4095
0
0
0
0
0
0
4095
4095
0
0
0
0
0
0
4095
4095
0
0
0
0
0
0
4095
4095
0
0
0
0
0
0
4095
4095
0
0
0
0
0
0
4095
4095
0
0
0
0
0
0
4095
4095
0
0
0
0
0
0
4095
4095
0
0
0
0
0
0
4095
4095
0
0
0
0
0
0
4095
4095
0
0
0
0
0
0
4095
4095
0
0
0
0
0
0
4095
4095
0
0
0
0
0
0
4095
4095
0
0
0
0
0
0
4095
4095
0
0
0
0
0
0
4095
4095
0
0
0
0
0
0
4095
4095
0
0
0
0
0
0
4095
4095
0
0
0
0
0
0
4095
4095
0
0
0
0
0
0
4095
4095
0
0
0
0
0
0
4095
4095
0
0
0
0
0
0
4095
4095
0
0
0
0
0
0
4095
4095
0
0
0
0
0
0
4095
4095
0
0
0
0
0
0
4095
4095
0
0
0
0
0
0
4095
4095
0
0
0
0
0
0
4095
4095
0
0
0
0
0
0
4095
4095
0
0
0
0
0
0
4095
4095
0
0
0
0
0
0
4095
4095
0
0
0
0
0
0
4095
4095
0
0
0
0
0
0
4095
4095
0
0
0
0
0
0
4095
4095
0
0
0
0
0
0
4095
4095
0
0
0
0
0
0
4095
4095
0
0
0
0
0
0
4095
4095
0
0
0
0
0
0
4095
4095
0
0
0
0
0
0
4095
4095
0
0
0
0
0
0
4095
4095
0
0
0
0
0
0
4095
4095
0
0
0
0
0
0
4095
4095
0
0
0
0
0
0
4095
4095
0
0
0
0
0
0
4095
4095
0
0
0
0
0
0
4095
4095
0
0
0
0
0
0
4095
4095
0
0
0
0
0
0
4095
4095
0
0
0
0
0
0
4095
4095
0
0
0
0
0
0
4095
4095
0
0
0
0
0
0
4095
4095
0
0
0
0
0
0
4095
4095
0
0
0
0
0
0
4095
4095
0
0
0
0
0
0
4095
4095
0
0
0
0
0
0
4095
4095
0
0
0
0
0
0
4095
4095
0
0
0
0
0
0
4095
4095
0
0
0
0
0
0
4095
4095
0
0
0
0
0
0
4095
4095
0
0
0
0
0
0
4095
4095
0
0
0
0
0
0
4095
4095
0
0
0
0
0
0
4095
4095
0
0
0
0
0
0
4095
4095
0
0
0
0
0
0
4095
4095
0
0
0
0
0
0
4095
4095
0
0
0
0
0
0
4095
4095
0
0
0
0
0
0
4095
4095
0
0
0
0
0
0
4095
4095
0
0
0
0
0
0
4095
4095
0
0
0
0
0
0
4095
4095
0
0
0
0
0
0
4095
4095
0
0
0
0
0
0
4095
4095
0
0
0
0
0
0
4095
4095
0
0
0
0
0
0
4095
4095
0
0
0
0
0
0
4095
4095
0
0
0
0
0
0
4095
4095
0
0
0
0
0
0
4095
4095
0
0
0
0
0
0
4095
4095
0
0
0
0
0
0
4095
4095
0
0
0
0
0
0
4095
4095
0
0
0
0
0
0
4095
4095
0
0
0
0
0
0
4095
4095
0
0
0
0
0
0
4095
4095
0
0
0
0
0
0
4095
4095
0
0
0
0
0
0
4095
4095
0
0
0
0
0
0
4095
4095
0
0
0
0
0
0
4095
4095
0
0
0
0
0
0
4095
4095
0
0
0
0
0
0
4095
4095
0
0
0
0
0
0
4095
4095
0
0
0
0
0
0
4095
4095
0
0
0
0
0
0
4095
4095
0
0
0
0
0
0
4095
4095
0
0
0
0
0
0
4095
4095
0
0
0
0
0
0
4095
4095
0
0
0
0
0
0
4095
4095
0
0
0
0
0
0
4095
4095
0
0
0
0
0
0
4095
4095
0
0
0
0
0
0
4095
4095
0
0
0
0
0
0
4095
4095
0
0
0
0
0
0
4095
4095
0
0
0
0
0
0
4095
4095
0
0
0
0
0
0
4095
4095
0
0
0
0
0
0
4095
4095
0
0
0
0
0
0
4095
4095
0
0
0
0
0
0
4095
4095
0
0
0
0
0
0
4095
4095
0
0
0
0
0
0
4095
4095
0
0
0
0
0
0
4095
4095
0
0
0
0
0
0
4095
4095
0
0
0
0
0
0
4095
4095
0
0
0
0
0
0
4095
4095
0
0
0
0
0
0
4095
4095
0
0
0
0
0
0
4095
4095
0
0
0
0
0
0
4095
4095
0
0
0
0
0
0
4095
4095
0
0
0
0
0
0
4095
4095
0
0
0
0
0
0
4095
4095
0
0
0
0
0
0
4095
4095
0
0
0
0
0
0
4095
4095
0
0
0
0
0
0
4095
4095
0
0
0
0
0
0
4095
4095
0
0
0
0
0
0
4095
4095
0
0
0
0
0
0
4095
4095
0
0
0
0
0
0
4095
4095
0
0
0
0
0
0
4095
4095
0
0
0
0
0
0
4095
4095
0
0
0
0
0
0
4095
4095
0
0
0
0
0
0
4095
4095
0
0
0
0
0
0
4095
4095
0
0
0
0
0
0
4095
4095
0
0
0
0
0
0
4095
4095
0
0
0
0
0
0
4095
4095
0
0
0
0
0
0
4095
4095
0
0
0
0
0
0
4095
4095
0
0
0
0
0
0
4095
4095
0
0
0
0
0
0
4095
4095
0
0
0
0
0
0
4095
4095
0
0
0
0
0
0
4095
4095
0
0
0
0
0
0
4095
4095
0
0
0
0
0
0
4095
4095
0
0
0
0
0
0
4095
4095
0
0
0
0
0
0
4095
4095
0
0
0
0
0
0
4095
4095
0
0
0
0
0
0
4095
4095
0
0
0
0
0
0
4095
4095
0
0
0
0
0
0
4095
4095
0
0
0
0
0
0
4095
4095
0
0
0
0
0
0
4095
4095
0
0
0
0
0
0
4095
4095
0
0
0
0
0
0
4095
4095
0
0
0
0
0
0
4095
4095
0
0
0
0
0
0
4095
4095
0
0
0
0
0
0
4095
4095
0
0
0
0
0
0
4095
4095
0
0
0
0
0
0
4095
4095
0
0
0
0
0
0
4095
4095
0
0
0
0
0
0
4095
4095
0
0
0
0
0
0
4095
4095
0
0
0
0
0
0
4095
4095
0
0
0
0
0
0
4095
4095
0
0
0
0
0
0
4095
4095
0
0
0
0
0
0
4095
4095
0
0
0
0
0
0
4095
4095
0
0
0
0
0
0
4095
4095
0
0
0
0
0
0
4095
4095
0
0
0
0
0
0
4095
4095
0
0
0
0
0
0
4095
4095
0
0
0
0
0
0
4095
4095
0
0
0
0
0
0
4095
4095
0
0
0
0
0
0
4095
4095
0
0
0
0
0
0
4095
4095
0
0
0
0
0
0
4095
4095
0
0
0
0
0
0
4095
4095
0
0
0
0
0
0
4095
4095
0
0
0
0
0
0
4095
4095
0
0
0
0
0
0
4095
4095
0
0
0
0
0
0
4095
4095
0
0
0
0
0
0
4095
4095
0
0
0
0
0
0
4095
4095
0
0
0
0
0
0
4095
4095
0
0
0
0
0
0
4095
4095
0
0
0
0
0
0
4095
4095
0
0
0
0
0
0
4095
4095
0
0
0
0
0
0
4095
4095
0
0
0
0
0
0
4095
4095
0
0
0
0
0
0
4095
4095
0
0
0
0
0
0
4095
4095
0
0
0
0
0
0
4095
4095
0
0
0
0
0
0
4095
4095
0
0
0
0
0
0
4095
4095
0
0
0
0
0
0
4095
4095
0
0
0
0
0
0
4095
4095
0
0
0
0
0
0
4095
4095
0
0
0
0
0
0
4095
4095
0
0
0
0
0
0
4095
4095
0
0
0
0
0
0
4095
4095
0
0
0
0
0
0
4095
4095
0
0
0
0
0
0
4095
4095
0
0
0
0
0
0
4095
4095
0
0
0
0
0
0
4095
4095
0
0
0
0
0
0
4095
4095
0
0
0
0
0
0
4095
4095
0
0
0
0
0
0
4095
4095
0
0
0
0
0
0
4095
4095
0
0
0
0
0
0
4095
4095
0
0
0
0
0
0
4095
4095
0
0
0
0
0
0
4095
4095
0
0
0
0
0
0
4095
4095
0
0
0
0
0
0
4095
4095
0
0
0
0
0
0
4095
4095
0
0
0
0
0
0
4095
4095
0
0
0
0
0
0
4095
4095
0
0
0
0
0
0
4095
4095
0
0
0
0
0
0
4095
4095
0
0
0
0
0
0
4095
4095
0
0
0
0
0
0
4095
4095
0
0
0
0
0
0
4095
4095
0
0
0
0
0
0
4095
4095
0
0
0
0
0
0
4095
4095
0
0
0
0
0
0
4095
4095
0
0
0
0
0
0
4095
4095
0
0
0
0
0
0
4095
4095
0
0
0
0
0
0
4095
4095
0
0
0
0
0
0
4095
4095
0
0
0
0
0
0
4095
4095
0
0
0
0
0
0
4095
4095
0
0
0
0
0
0
4095
4095
0
0
0
0
0
0
4095
4095
0
0
0
0
0
0
4095
4095
0
0
0
0
0
0
4095
4095
0
0
0
0
0
0
4095
4095
0
0
0
0
0
0
4095
4095
0
0
0
0
0
0
4095
4095
0
0
0
0
0
0
4095
4095
0
0
0
0
0
0
4095
4095
0
0
0
0
0
0
4095
4095
0
0
0
0
0
0
4095
4095
0
0
0
0
0
0
4095
4095
0
0
0
0
0
0
4095
4095
0
0
0
0
0
0
4095
4095
0
0
0
0
0
0
4095
4095
0
0
0
0
0
0
4095
4095
0
0
0
0
0
0
4095
4095
0
0
0
0
0
0
4095
4095
0
0
0
0
0
0
4095
4095
0
0
0
0
0
0
4095
4095
0
0
0
0
0
0
4095
4095
0
0
0
0
0
0
4095
4095
0
0
0
0
0
0
4095
4095
0
0
0
0
0
0
4095
4095
0
0
0
0
0
0
4095
4095
0
0
0
0
0
0
4095
4095
0
0
0
0
0
0
4095
4095
0
0
0
0
0
0
4095
4095
0
0
0
0
0
0
4095
4095
0
0
0
0
0
0
4095
4095
0
0
0
0
0
0
4095
4095
0
0
0
0
0
0
4095
4095
0
0
0
0
0
0
4095
4095
0
0
0
0
0
0
4095
4095
0
0
0
0
0
0
4095
4095
0
0
0
0
0
0
4095
4095
0
0
0
0
0
0
4095
4095
0
0
0
0
0
0
4095
4095
0
0
0
0
0
0
4095
4095
0
0
0
0
0
0
4095
4095
0
0
0
0
0
0
4095
4095
0
0
0
0
0
0
4095
4095
0
0
0
0
0
0
4095
4095
0
0
0
0
0
0
4095
4095
0
0
0
0
0
0
4095
4095
0
0
0
0
0
0
4095
4095
0
0
0
0
0
0
4095
4095
0
0
0
0
0
0
4095
4095
0
0
0
0
0
0
4095
4095
0
0
0
0
0
0
4095
4095
0
0
0
0
0
0
4095
4095
0
0
0
0
0
0
4095
4095
0
0
0
0
0
0
4095
4095
0
0
0
0
0
0
4095
4095
0
0
0
0
0
0
4095
4095
0
0
0
0
0
0
4095
4095
0
0
0
0
0
0
4095
4095
0
0
0
0
0
0
4095
4095
0
0
0
0
0
0
4095
4095
0
0
0
0
0
0
4095
4095
0
0
0
0
0
0
4095
4095
0
0
0
0
0
0
4095
4095
0
0
0
0
0
0
4095
4095
0
0
0
0
0
0
4095
4095
0
0
0
0
0
0
4095
4095
0
0
0
0
0
0
4095
4095
0
0
0
0
0
0
4095
4095
0
0
0
0
0
0
4095
4095
0
0
0
0
0
0
4095
4095
0
0
0
0
0
0
4095
4095
0
0
0
0
0
0
4095
4095
0
0
0
0
0
0
4095
4095
0
0
0
0
0
0
4095
4095
0
0
0
0
0
0
4095
4095
0
0
0
0
0
0
4095
4095
0
0
0
0
0
0
4095
4095
0
0
0
0
0
0
4095
4095
0
0
0
0
0
0
4095
4095
0
0
0
0
0
0
4095
4095
0
0
0
0
0
0
4095
4095
0
0
0
0
0
0
4095
4095
0
0
0
0
0
0
4095
4095
0
0
0
0
0
0
4095
4095
0
0
0
0
0
0
4095
4095
0
0
0
0
0
0
4095
4095
0
0
0
0
0
0
4095
4095
0
0
0
0
0
0
4095
4095
0
0
0
0
0
0
4095
4095
0
0
0
0
0
0
4095
4095
0
0
0
0
0
0
4095
4095
0
0
0
0
0
0
4095
4095
0
0
0
0
0
0
4095
4095
0
0
0
0
0
0
4095
4095
0
0
0
0
0
0
4095
4095
0
0
0
0
0
0
4095
4095
0
0
0
0
0
0
4095
4095
0
0
0
0
0
0
4095
4095
0
0
0
0
0
0
4095
4095
0
0
0
0
0
0
4095
4095
0
0
0
0
0
0
4095
4095
0
0
0
0
0
0
4095
4095
0
0
0
0
0
0
4095
4095
0
0
0
0
0
0
4095
4095
0
0
0
0
0
0
4095
4095
0
0
0
0
0
0
4095
4095
0
0
0
0
0
0
4095
4095
0
0
0
0
0
0
4095
4095
0
0
0
0
0
0
4095
4095
0
0
0
0
0
0
4095
4095
0
0
0
0
0
0
4095
4095
0
0
0
0
0
0
4095
4095
0
0
0
0
0
0
4095
4095
0
0
0
0
0
0
4095
4095
0
0
0
0
0
0
4095
4095
0
0
0
0
0
0
4095
4095
0
0
0
0
0
0
4095
4095
0
0
0
0
0
0
4095
4095
0
0
0
0
0
0
4095
4095
0
0
0
0
0
0
4095
4095
0
0
0
0
0
0
4095
4095
0
0
0
0
0
0
4095
4095
0
0
0
0
0
0
4095
4095
0
0
0
0
0
0
4095
4095
0
0
0
0
0
0
4095
4095
0
0
0
0
0
0
4095
4095
0
0
0
0
0
0
4095
4095
0
0
0
0
0
0
4095
4095
0
0
0
0
0
0
4095
4095
0
0
0
0
0
0
4095
4095
0
0
0
0
0
0
4095
4095
0
0
0
0
0
0
4095
4095
0
0
0
0
0
0
4095
4095
0
0
0
0
0
0
4095
4095
0
0
0
0
0
0
4095
4095
0
0
0
0
0
0
4095
4095
0
0
0
0
0
0
4095
4095
0
0
0
0
0
0
4095
4095
0
0
0
0
0
0
4095
4095
0
0
0
0
0
0
4095
4095
0
0
0
0
0
0
4095
4095
0
0
0
0
0
0
4095
4095
0
0
0
0
0
0
4095
4095
0
0
0
0
0
0
4095
4095
0
0
0
0
0
0
4095
4095
0
0
0
0
0
0
4095
4095
0
0
0
0
0
0
4095
4095
0
0
0
0
0
0
4095
4095
0
0
0
0
0
0
4095
4095
0
0
0
0
0
0
4095
4095
0
0
0
0
0
0
4095
4095
0
0
0
0
0
0
4095
4095
0
0
0
0
0
0
4095
4095
0
0
0
0
0
0
4095
4095
0
0
0
0
0
0
4095
4095
0
0
0
0
0
0
4095
4095
0
0
0
0
0
0
4095
4095
0
0
0
0
0
0
4095
4095
0
0
0
0
0
0
4095
4095
0
0
0
0
0
0
4095
4095
0
0
0
0
0
0
4095
4095
0
0
0
0
0
0
4095
4095
0
0
0
0
0
0
4095
4095
0
0
0
0
0
0
4095
4095
0
0
0
0
0
0
4095
4095
0
0
0
0
0
0
4095
4095
0
0
0
0
0
0
4095
4095
0
0
0
0
0
0
4095
4095
0
0
0
0
0
0
4095
4095
0
0
0
0
0
0
4095
4095
0
0
0
0
0
0
4095
4095
0
0
0
0
0
0
4095
4095
0
0
0
0
0
0
4095
4095
0
0
0
0
0
0
4095
4095
0
0
0
0
0
0
4095
4095
0
0
0
0
0
0
4095
4095
0
0
0
0
0
0
4095
4095
0
0
0
0
0
0
4095
4095
0
0
0
0
0
0
4095
4095
0
0
0
0
0
0
4095
4095
0
0
0
0
0
0
4095
4095
0
0
0
0
0
0
4095
4095
0
0
0
0
0
0
4095
4095
0
0
0
0
0
0
4095
4095
0
0
0
0
0
0
4095
4095
0
0
0
0
0
0
4095
4095
0
0
0
0
0
0
4095
4095
0
0
0
0
0
0
4095
4095
0
0
0
0
0
0
4095
4095
0
0
0
0
0
0
4095
4095
0
0
0
0
0
0
4095
4095
0
0
0
0
0
0
4095
4095
0
0
0
0
0
0
4095
4095
0
0
0
0
0
0
4095
4095
0
0
0
0
0
0
4095
4095
0
0
0
0
0
0
4095
4095
0
0
0
0
0
0
4095
4095
0
0
0
0
0
0
4095
4095
0
0
0
0
0
0
4095
4095
0
0
0
0
0
0
4095
4095
0
0
0
0
0
0
4095
4095
0
0
0
0
0
0
4095
4095
0
0
0
0
0
0
4095
4095
0
0
0
0
0
0
4095
4095
0
0
0
0
0
0
4095
4095
0
0
0
0
0
0
4095
4095
0
0
0
0
0
0
4095
4095
0
0
0
0
0
0
4095
4095
0
0
0
0
0
0
4095
4095
0
0
0
0
0
0
4095
4095
0
0
0
0
0
0
4095
4095
0
0
0
0
0
0
4095
4095
0
0
0
0
0
0
4095
4095
0
0
0
0
0
0
4095
4095
0
0
0
0
0
0
4095
4095
0
0
0
0
0
0
4095
4095
0
0
0
0
0
0
4095
4095
0
0
0
0
0
0
4095
4095
0
0
0
0
0
0
4095
4095
0
0
0
0
0
0
4095
4095
0
0
0
0
0
0
4095
4095
0
0
0
0
0
0
4095
4095
0
0
0
0
0
0
4095
4095
0
0
0
0
0
0
4095
4095
0
0
0
0
0
0
4095
4095
0
0
0
0
0
0
4095
4095
0
0
0
0
0
0
4095
4095
0
0
0
0
0
0
4095
4095
0
0
0
0
0
0
4095
4095
0
0
0
0
0
0
4095
4095
0
0
0
0
0
0
4095
4095
0
0
0
0
0
0
4095
4095
0
0
0
0
0
0
4095
4095
0
0
0
0
0
0
4095
4095
0
0
0
0
0
0
4095
4095
0
0
0
0
0
0
4095
4095
0
0
0
0
0
0
4095
4095
0
0
0
0
0
0
4095
4095
0
0
0
0
0
0
4095
4095
0
0
0
0
0
0
4095
4095
0
0
0
0
0
0
4095
4095
0
0
0
0
0
0
4095
4095
0
0
0
0
0
0
4095
4095
0
0
0
0
0
0
4095
4095
0
0
0
0
0
0
4095
4095
0
0
0
0
0
0
4095
4095
0
0
0
0
0
0
4095
4095
0
0
0
0
0
0
4095
4095
0
0
0
0
0
0
4095
4095
0
0
0
0
0
0
4095
4095
0
0
0
0
0
0
4095
4095
0
0
0
0
0
0
4095
4095
0
0
0
0
0
0
4095
4095
0
0
0
0
0
0
4095
4095
0
0
0
0
0
0
4095
4095
0
0
0
0
0
0
4095
4095
0
0
0
0
0
0
4095
4095
0
0
0
0
0
0
4095
4095
0
0
0
0
0
0
4095
4095
0
0
0
0
0
0
4095
4095
0
0
0
0
0
0
4095
4095
0
0
0
0
0
0
4095
4095
0
0
0
0
0
0
4095
4095
0
0
0
0
0
0
4095
4095
0
0
0
0
0
0
4095
4095
0
0
0
0
0
0
4095
4095
0
0
0
0
0
0
4095
4095
0
0
0
0
0
0
4095
4095
0
0
0
0
0
0
4095
4095
0
0
0
0
0
0
4095
4095
0
0
0
0
0
0
4095
4095
0
0
0
0
0
0
4095
4095
0
0
0
0
0
0
4095
4095
0
0
0
0
0
0
4095
4095
0
0
0
0
0
0
4095
4095
0
0
0
0
0
0
4095
4095
0
0
0
0
0
0
4095
4095
0
0
0
0
0
0
4095
4095
0
0
0
0
0
0
4095
4095
0
0
0
0
0
0
4095
4095
0
0
0
0
0
0
4095
4095
0
0
0
0
0
0
4095
4095
0
0
0
0
0
0
4095
4095
0
0
0
0
0
0
4095
4095
0
0
0
0
0
0
4095
4095
0
0
0
0
0
0
4095
4095
0
0
0
0
0
0
4095
4095
0
0
0
0
0
0
4095
4095
0
0
0
0
0
0
4095
4095
0
0
0
0
0
0
4095
4095
0
0
0
0
0
0
4095
4095
0
0
0
0
0
0
4095
4095
0
0
0
0
0
0
4095
4095
0
0
0
0
0
0
4095
4095
0
0
0
0
0
0
4095
4095
0
0
0
0
0
0
4095
4095
0
0
0
0
0
0
4095
4095
0
0
0
0
0
0
4095
4095
0
0
0
0
0
0
4095
4095
0
0
0
0
0
0
4095
4095
0
0
0
0
0
0
4095
4095
0
0
0
0
0
0
4095
4095
0
0
0
0
0
0
4095
4095
0
0
0
0
0
0
4095
4095
0
0
0
0
0
0
4095
4095
0
0
0
0
0
0
4095
4095
0
0
0
0
0
0
4095
4095
0
0
0
0
0
0
4095
4095
0
0
0
0
0
0
4095
4095
0
0
0
0
0
0
4095
4095
0
0
0
0
0
0
4095
4095
0
0
0
0
0
0
4095
4095
0
0
0
0
0
0
4095
4095
0
0
0
0
0
0
4095
4095
0
0
0
0
0
0
4095
4095
0
0
0
0
0
0
4095
4095
0
0
0
0
0
0
4095
4095
0
0
0
0
0
0
4095
4095
0
0
0
0
0
0
4095
4095
0
0
0
0
0
0
4095
4095
0
0
0
0
0
0
4095
4095
0
0
0
0
0
0
4095
4095
0
0
0
0
0
0
4095
4095
0
0
0
0
0
0
4095
4095
0
0
0
0
0
0
4095
4095
0
0
0
0
0
0
4095
4095
0
0
0
0
0
0
4095
4095
0
0
0
0
0
0
4095
4095
0
0
0
0
0
0
4095
4095
0
0
0
0
0
0
4095
4095
0
0
0
0
0
0
4095
4095
0
0
0
0
0
0
4095
4095
0
0
0
0
0
0
4095
4095
0
0
0
0
0
0
4095
4095
0
0
0
0
0
0
4095
4095
0
0
0
0
0
0
4095
4095
0
0
0
0
0
0
4095
4095
0
0
0
0
0
0
4095
4095
0
0
0
0
0
0
4095
4095
0
0
0
0
0
0
4095
4095
0
0
0
0
0
0
4095
4095
0
0
0
0
0
0
4095
4095
0
0
0
0
0
0
4095
4095
0
0
0
0
0
0
4095
4095
0
0
0
0
0
0
4095
4095
0
0
0
0
0
0
4095
4095
0
0
0
0
0
0
4095
4095
0
0
0
0
0
0
4095
4095
0
0
0
0
0
0
4095
4095
0
0
0
0
0
0
4095
4095
0
0
0
0
0
0
4095
4095
0
0
0
0
0
0
4095
4095
0
0
0
0
0
0
4095
4095
0
0
0
0
0
0
4095
4095
0
0
0
0
0
0
4095
4095
0
0
0
0
0
0
4095
4095
0
0
0
0
0
0
4095
4095
0
0
0
0
0
0
4095
4095
0
0
0
0
0
0
4095
4095
0
0
0
0
0
0
4095
4095
0
0
0
0
0
0
4095
4095
0
0
0
0
0
0
4095
4095
0
0
0
0
0
0
4095
4095
0
0
0
0
0
0
4095
4095
0
0
0
0
0
0
4095
4095
0
0
0
0
0
0
4095
4095
0
0
0
0
0
0
4095
4095
0
0
0
0
0
0
4095
4095
0
0
0
0
0
0
4095
4095
0
0
0
0
0
0
4095
4095
0
0
0
0
0
0
4095
4095
0
0
0
0
0
0
4095
4095
0
0
0
0
0
0
4095
4095
0
0
0
0
0
0
4095
4095
0
0
0
0
0
0
4095
4095
0
0
0
0
0
0
4095
4095
0
0
0
0
0
0
4095
4095
0
0
0
0
0
0
4095
4095
0
0
0
0
0
0
4095
4095
0
0
0
0
0
0
4095
4095
0
0
0
0
0
0
4095
4095
0
0
0
0
0
0
4095
4095
0
0
0
0
0
0
4095
4095
0
0
0
0
0
0
4095
4095
0
0
0
0
0
0
4095
4095
0
0
0
0
0
0
4095
4095
0
0
0
0
0
0
4095
4095
0
0
0
0
0
0
4095
4095
0
0
0
0
0
0
4095
4095
0
0
0
0
0
0
4095
4095
0
0
0
0
0
0
4095
4095
0
0
0
0
0
0
4095
4095
0
0
0
0
0
0
4095
4095
0
0
0
0
0
0
4095
4095
0
0
0
0
0
0
4095
4095
0
0
0
0
0
0
4095
4095
0
0
0
0
0
0
4095
4095
0
0
0
0
0
0
4095
4095
0
0
0
0
0
0
4095
4095
0
0
0
0
0
0
4095
4095
0
0
0
0
0
0
4095
4095
0
0
0
0
0
0
4095
4095
0
0
0
0
0
0
4095
4095
0
0
0
0
0
0
4095
4095
0
0
0
0
0
0
4095
4095
0
0
0
0
0
0
4095
4095
0
0
0
0
0
0
4095
4095
0
0
0
0
0
0
4095
4095
0
0
0
0
0
0
4095
4095
0
0
0
0
0
0
4095
4095
0
0
0
0
0
0
4095
4095
0
0
0
0
0
0
4095
4095
0
0
0
0
0
0
4095
4095
0
0
0
0
0
0
4095
4095
0
0
0
0
0
0
4095
4095
0
0
0
0
0
0
4095
4095
0
0
0
0
0
0
4095
4095
0
0
0
0
0
0
4095
4095
0
0
0
0
0
0
4095
4095
0
0
0
0
0
0
4095
4095
0
0
0
0
0
0
4095
4095
0
0
0
0
0
0
4095
4095
0
0
0
0
0
0
4095
4095
0
0
0
0
0
0
4095
4095
0
0
0
0
0
0
4095
4095
0
0
0
0
0
0
4095
4095
0
0
0
0
0
0
4095
4095
0
0
0
0
0
0
4095
4095
0
0
0
0
0
0
4095
4095
0
0
0
0
0
0
4095
4095
0
0
0
0
0
0
4095
4095
0
0
0
0
0
0
4095
4095
0
0
0
0
0
0
4095
4095
0
0
0
0
0
0
4095
4095
0
0
0
0
0
0
4095
4095
0
0
0
0
0
0
4095
4095
0
0
0
0
0
0
4095
4095
0
0
0
0
0
0
4095
4095
0
0
0
0
0
0
4095
4095
0
0
0
0
0
0
4095
4095
0
0
0
0
0
0
4095
4095
0
0
0
0
0
0
4095
4095
0
0
0
0
0
0
4095
4095
0
0
0
0
0
0
4095
4095
0
0
0
0
0
0
4095
4095
0
0
0
0
0
0
4095
4095
0
0
0
0
0
0
4095
4095
0
0
0
0
0
0
4095
4095
0
0
0
0
0
0
4095
4095
0
0
0
0
0
0
4095
4095
0
0
0
0
0
0
4095
4095
0
0
0
0
0
0
4095
4095
0
0
0
0
0
0
4095
4095
0
0
0
0
0
0
4095
4095
0
0
0
0
0
0
4095
4095
0
0
0
0
0
0
4095
4095
0
0
0
0
0
0
4095
4095
0
0
0
0
0
0
4095
4095
0
0
0
0
0
0
4095
4095
0
0
0
0
0
0
4095
4095
0
0
0
0
0
0
4095
4095
0
0
0
0
0
0
4095
4095
0
0
0
0
0
0
4095
4095
0
0
0
0
0
0
4095
4095
0
0
0
0
0
0
4095
4095
0
0
0
0
0
0
4095
4095
0
0
0
0
0
0
4095
4095
0
0
0
0
0
0
4095
4095
0
0
0
0
0
0
4095
4095
0
0
0
0
0
0
4095
4095
0
0
0
0
0
0
4095
4095
0
0
0
0
0
0
4095
4095
0
0
0
0
0
0
4095
4095
0
0
0
0
0
0
4095
4095
0
0
0
0
0
0
4095
4095
0
0
0
0
0
0
4095
4095
0
0
0
0
0
0
4095
4095
0
0
0
0
0
0
4095
4095
0
0
0
0
0
0
4095
4095
0
0
0
0
0
0
4095
4095
0
0
0
0
0
0
4095
4095
0
0
0
0
0
0
4095
4095
0
0
0
0
0
0
4095
4095
0
0
0
0
0
0
4095
4095
0
0
0
0
0
0
4095
4095
0
0
0
0
0
0
4095
4095
0
0
0
0
0
0
4095
4095
0
0
0
0
0
0
4095
4095
0
0
0
0
0
0
4095
4095
0
0
0
0
0
0
4095
4095
0
0
0
0
0
0
4095
4095
0
0
0
0
0
0
4095
4095
0
0
0
0
0
0
4095
4095
0
0
0
0
0
0
4095
4095
0
0
0
0
0
0
4095
4095
0
0
0
0
0
0
4095
4095
0
0
0
0
0
0
4095
4095
0
0
0
0
0
0
4095
4095
0
0
0
0
0
0
4095
4095
0
0
0
0
0
0
4095
4095
0
0
0
0
0
0
4095
4095
0
0
0
0
0
0
4095
4095
0
0
0
0
0
0
4095
4095
0
0
0
0
0
0
4095
4095
0
0
0
0
0
0
4095
4095
0
0
0
0
0
0
4095
4095
0
0
0
0
0
0
4095
4095
0
0
0
0
0
0
4095
4095
0
0
0
0
0
0
4095
4095
0
0
0
0
0
0
4095
4095
0
0
0
0
0
0
4095
4095
0
0
0
0
0
0
4095
4095
0
0
0
0
0
0
4095
4095
0
0
0
0
0
0
4095
4095
0
0
0
0
0
0
4095
4095
0
0
0
0
0
0
4095
4095
0
0
0
0
0
0
4095
4095
0
0
0
0
0
0
4095
4095
0
0
0
0
0
0
4095
4095
0
0
0
0
0
0
4095
4095
0
0
0
0
0
0
4095
4095
0
0
0
0
0
0
4095
4095
0
0
0
0
0
0
4095
4095
0
0
0
0
0
0
4095
4095
0
0
0
0
0
0
4095
4095
0
0
0
0
0
0
4095
4095
0
0
0
0
0
0
4095
4095
0
0
0
0
0
0
4095
4095
0
0
0
0
0
0
4095
4095
0
0
0
0
0
0
4095
4095
0
0
0
0
0
0
4095
4095
0
0
0
0
0
0
4095
4095
0
0
0
0
0
0
4095
4095
0
0
0
0
0
0
4095
4095
0
0
0
0
0
0
4095
4095
0
0
0
0
0
0
4095
4095
0
0
0
0
0
0
4095
4095
0
0
0
0
0
0
4095
4095
0
0
0
0
0
0
4095
4095
0
0
0
0
0
0
4095
4095
0
0
0
0
0
0
4095
4095
0
0
0
0
0
0
4095
4095
0
0
0
0
0
0
4095
4095
0
0
0
0
0
0
4095
4095
0
0
0
0
0
0
4095
4095
0
0
0
0
0
0
4095
4095
0
0
0
0
0
0
4095
4095
0
0
0
0
0
0
4095
4095
0
0
0
0
0
0
4095
4095
0
0
0
0
0
0
4095
4095
0
0
0
0
0
0
4095
4095
0
0
0
0
0
0
4095
4095
0
0
0
0
0
0
4095
4095
0
0
0
0
0
0
4095
4095
0
0
0
0
0
0
4095
4095
0
0
0
0
0
0
4095
4095
0
0
0
0
0
0
4095
4095
0
0
0
0
0
0
4095
4095
0
0
0
0
0
0
4095
4095
0
0
0
0
0
0
4095
4095
0
0
0
0
0
0
4095
4095
0
0
0
0
0
0
4095
4095
0
0
0
0
0
0
4095
4095
0
0
0
0
0
0
4095
4095
0
0
0
0
0
0
4095
4095
0
0
0
0
0
0
4095
4095
0
0
0
0
0
0
4095
4095
0
0
0
0
0
0
4095
4095
0
0
0
0
0
0
4095
4095
0
0
0
0
0
0
4095
4095
0
0
0
0
0
0
4095
4095
0
0
0
0
0
0
4095
4095
0
0
0
0
0
0
4095
4095
0
0
0
0
0
0
4095
4095
0
0
0
0
0
0
4095
4095
0
0
0
0
0
0
4095
4095
0
0
0
0
0
0
4095
4095
0
0
0
0
0
0
4095
4095
0
0
0
0
0
0
4095
4095
0
0
0
0
0
0
4095
4095
0
0
0
0
0
0
4095
4095
0
0
0
0
0
0
4095
4095
0
0
0
0
0
0
4095
4095
0
0
0
0
0
0
4095
4095
0
0
0
0
0
0
4095
4095
0
0
0
0
0
0
4095
4095
0
0
0
0
0
0
4095
4095
0
0
0
0
0
0
4095
4095
0
0
0
0
0
0
4095
4095
0
0
0
0
0
0
4095
4095
0
0
0
0
0
0
4095
4095
0
0
0
0
0
0
4095
4095
0
0
0
0
0
0
4095
4095
0
0
0
0
0
0
4095
4095
0
0
0
0
0
0
4095
4095
0
0
0
0
0
0
4095
4095
0
0
0
0
0
0
4095
4095
0
0
0
0
0
0
4095
4095
0
0
0
0
0
0
4095
4095
0
0
0
0
0
0
4095
4095
0
0
0
0
0
0
4095
4095
0
0
0
0
0
0
4095
4095
0
0
0
0
0
0
4095
4095
0
0
0
0
0
0
4095
4095
0
0
0
0
0
0
4095
4095
0
0
0
0
0
0
4095
4095
0
0
0
0
0
0
4095
4095
0
0
0
0
0
0
4095
4095
0
0
0
0
0
0
4095
4095
0
0
0
0
0
0
4095
4095
0
0
0
0
0
0
4095
4095
0
0
0
0
0
0
