0
4095
0
0
0
0
0
0
0
4095
0
0
0
0
0
0
0
4095
0
0
0
0
0
0
0
4095
0
0
0
0
0
0
0
4095
0
0
0
0
0
0
0
4095
0
0
0
0
0
0
0
4095
0
0
0
0
0
0
0
4095
0
0
0
0
0
0
0
4095
0
0
0
0
0
0
0
4095
0
0
0
0
0
0
0
4095
0
0
0
0
0
0
0
4095
0
0
0
0
0
0
0
4095
0
0
0
0
0
0
0
4095
0
0
0
0
0
0
0
4095
0
0
0
0
0
0
0
4095
0
0
0
0
0
0
0
4095
0
0
0
0
0
0
0
4095
0
0
0
0
0
0
0
4095
0
0
0
0
0
0
0
4095
0
0
0
0
0
0
0
4095
0
0
0
0
0
0
0
4095
0
0
0
0
0
0
0
4095
0
0
0
0
0
0
1
4090
0
0
0
0
0
0
14
4074
0
0
0
0
0
0
31
4064
0
0
0
0
0
0
23
4070
0
0
0
0
0
0
24
4065
0
0
0
0
0
0
35
4060
0
0
0
0
0
0
24
4068
0
0
0
0
0
0
19
4069
0
0
0
0
0
0
32
4065
0
0
0
0
0
0
15
4079
0
0
0
0
0
0
6
4075
0
0
0
0
0
0
48
4051
0
0
0
0
0
0
21
4080
0
0
0
0
0
0
4091
4081
0
0
0
0
0
0
55
4044
0
0
0
0
0
0
27
4076
0
0
0
0
0
0
4087
4081
0
0
0
0
0
0
66
4033
0
0
0
0
0
0
35
4076
0
0
0
0
0
0
4069
4090
0
0
0
0
0
0
76
4019
0
0
0
0
0
0
49
4075
0
0
0
0
0
0
4039
18
0
0
0
0
0
0
78
4015
0
0
0
0
0
0
60
4076
0
0
0
0
0
0
4010
39
0
0
0
0
0
0
79
4005
0
0
0
0
0
0
87
4064
0
0
0
0
0
0
3983
62
0
0
0
0
0
0
74
4000
0
0
0
0
0
0
112
4055
0
0
0
0
0
0
3954
86
0
0
0
0
0
0
71
3990
0
0
0
0
0
0
150
4034
0
0
0
0
0
0
3929
108
0
0
0
0
0
0
59
3984
0
0
0
0
0
0
201
4000
0
0
0
0
0
0
3911
131
0
0
0
0
0
0
34
3988
0
0
0
0
0
0
245
3972
0
0
0
0
0
0
3888
159
0
0
0
0
0
0
2
3995
0
0
0
0
0
0
299
3935
0
0
0
0
0
0
3877
183
0
0
0
0
0
0
4050
4016
0
0
0
0
0
0
347
3901
0
0
0
0
0
0
3866
210
0
0
0
0
0
0
3995
4040
0
0
0
0
0
0
406
3851
0
0
0
0
0
0
3875
223
0
0
0
0
0
0
3935
4069
0
0
0
0
0
0
457
3807
0
0
0
0
0
0
3895
235
0
0
0
0
0
0
3853
19
0
0
0
0
0
0
512
3751
0
0
0
0
0
0
3934
230
0
0
0
0
0
0
3774
64
0
0
0
0
0
0
561
3695
0
0
0
0
0
0
3988
218
0
0
0
0
0
0
3686
123
0
0
0
0
0
0
586
3660
0
0
0
0
0
0
4037
215
0
0
0
0
0
0
3581
199
0
0
0
0
0
0
608
3616
0
0
0
0
0
0
21
182
0
0
0
0
0
0
3489
265
0
0
0
0
0
0
615
3578
0
0
0
0
0
0
118
138
0
0
0
0
0
0
3399
338
0
0
0
0
0
0
613
3544
0
0
0
0
0
0
224
89
0
0
0
0
0
0
3295
428
0
0
0
0
0
0
585
3523
0
0
0
0
0
0
356
16
0
0
0
0
0
0
3208
511
0
0
0
0
0
0
539
3516
0
0
0
0
0
0
485
4038
0
0
0
0
0
0
3126
600
0
0
0
0
0
0
463
3525
0
0
0
0
0
0
631
3943
0
0
0
0
0
0
3069
673
0
0
0
0
0
0
370
3549
0
0
0
0
0
0
780
3846
0
0
0
0
0
0
3013
756
0
0
0
0
0
0
257
3580
0
0
0
0
0
0
953
3716
0
0
0
0
0
0
3004
808
0
0
0
0
0
0
120
3634
0
0
0
0
0
0
1113
3593
0
0
0
0
0
0
3001
859
0
0
0
0
0
0
4068
3698
0
0
0
0
0
0
1268
3467
0
0
0
0
0
0
3010
919
0
0
0
0
0
0
3866
3809
0
0
0
0
0
0
1402
3347
0
0
0
0
0
0
3060
944
0
0
0
0
0
0
3673
3913
0
0
0
0
0
0
1541
3210
0
0
0
0
0
0
3149
947
0
0
0
0
0
0
3454
4044
0
0
0
0
0
0
1662
3079
0
0
0
0
0
0
3258
938
0
0
0
0
0
0
3222
99
0
0
0
0
0
0
1751
2961
0
0
0
0
0
0
3406
900
0
0
0
0
0
0
2991
256
0
0
0
0
0
0
1818
2846
0
0
0
0
0
0
3596
832
0
0
0
0
0
0
2758
424
0
0
0
0
0
0
1861
2743
0
0
0
0
0
0
3807
745
0
0
0
0
0
0
2524
603
0
0
0
0
0
0
1866
2658
0
0
0
0
0
0
4051
633
0
0
0
0
0
0
2289
800
0
0
0
0
0
0
1823
2602
0
0
0
0
0
0
225
492
0
0
0
0
0
0
2076
991
0
0
0
0
0
0
1746
2568
0
0
0
0
0
0
510
338
0
0
0
0
0
0
1882
1180
0
0
0
0
0
0
1634
2547
0
0
0
0
0
0
835
139
0
0
0
0
0
0
1715
1365
0
0
0
0
0
0
1462
2573
0
0
0
0
0
0
1163
4026
0
0
0
0
0
0
1576
1544
0
0
0
0
0
0
1255
2623
0
0
0
0
0
0
1499
3796
0
0
0
0
0
0
1477
1704
0
0
0
0
0
0
1001
2711
0
0
0
0
0
0
1828
3561
0
0
0
0
0
0
1414
1854
0
0
0
0
0
0
700
2830
0
0
0
0
0
0
2176
3291
0
0
0
0
0
0
1417
1956
0
0
0
0
0
0
380
2975
0
0
0
0
0
0
2487
3036
0
0
0
0
0
0
1458
2049
0
0
0
0
0
0
6
3168
0
0
0
0
0
0
2784
2772
0
0
0
0
0
0
1556
2108
0
0
0
0
0
0
3692
3396
0
0
0
0
0
0
3055
2508
0
0
0
0
0
0
1715
2125
0
0
0
0
0
0
3265
3648
0
0
0
0
0
0
3300
2249
0
0
0
0
0
0
1924
2110
0
0
0
0
0
0
2829
3923
0
0
0
0
0
0
3493
2006
0
0
0
0
0
0
2200
2043
0
0
0
0
0
0
2382
127
0
0
0
0
0
0
3633
1792
0
0
0
0
0
0
2518
1951
0
0
0
0
0
0
1910
466
0
0
0
0
0
0
3720
1597
0
0
0
0
0
0
2901
1800
0
0
0
0
0
0
1467
800
0
0
0
0
0
0
3751
1427
0
0
0
0
0
0
3344
1597
0
0
0
0
0
0
1041
1144
0
0
0
0
0
0
3715
1297
0
0
0
0
0
0
3816
1367
0
0
0
0
0
0
628
1503
0
0
0
0
0
0
3599
1214
0
0
0
0
0
0
243
1082
0
0
0
0
0
0
260
1849
0
0
0
0
0
0
3421
1169
0
0
0
0
0
0
799
754
0
0
0
0
0
0
4039
2181
0
0
0
0
0
0
3161
1184
0
0
0
0
0
0
1360
409
0
0
0
0
0
0
3767
2503
0
0
0
0
0
0
2834
1244
0
0
0
0
0
0
1944
25
0
0
0
0
0
0
3550
2804
0
0
0
0
0
0
2433
1360
0
0
0
0
0
0
2538
3704
0
0
0
0
0
0
3418
3064
0
0
0
0
0
0
1962
1537
0
0
0
0
0
0
3110
3281
0
0
0
0
0
0
3351
3291
0
0
0
0
0
0
1436
1757
0
0
0
0
0
0
3678
2830
0
0
0
0
0
0
3381
3463
0
0
0
0
0
0
841
2046
0
0
0
0
0
0
110
2383
0
0
0
0
0
0
3489
3593
0
0
0
0
0
0
193
2389
0
0
0
0
0
0
591
1940
0
0
0
0
0
0
3695
3656
0
0
0
0
0
0
3626
2761
0
0
0
0
0
0
1028
1505
0
0
0
0
0
0
3976
3676
0
0
0
0
0
0
2901
3207
0
0
0
0
0
0
1386
1102
0
0
0
0
0
0
262
3617
0
0
0
0
0
0
2185
3663
0
0
0
0
0
0
1687
712
0
0
0
0
0
0
733
3498
0
0
0
0
0
0
1436
86
0
0
0
0
0
0
1882
378
0
0
0
0
0
0
1274
3317
0
0
0
0
0
0
711
611
0
0
0
0
0
0
1999
78
0
0
0
0
0
0
1904
3060
0
0
0
0
0
0
14
1147
0
0
0
0
0
0
2016
3926
0
0
0
0
0
0
2617
2725
0
0
0
0
0
0
3446
1693
0
0
0
0
0
0
1926
3742
0
0
0
0
0
0
3382
2337
0
0
0
0
0
0
2825
2244
0
0
0
0
0
0
1727
3629
0
0
0
0
0
0
91
1893
0
0
0
0
0
0
2271
2774
0
0
0
0
0
0
1427
3578
0
0
0
0
0
0
944
1391
0
0
0
0
0
0
1790
3288
0
0
0
0
0
0
1009
3614
0
0
0
0
0
0
1817
843
0
0
0
0
0
0
1391
3773
0
0
0
0
0
0
481
3731
0
0
0
0
0
0
2706
246
0
0
0
0
0
0
1106
104
0
0
0
0
0
0
3958
3916
0
0
0
0
0
0
3600
3706
0
0
0
0
0
0
918
489
0
0
0
0
0
0
3243
89
0
0
0
0
0
0
371
3059
0
0
0
0
0
0
836
821
0
0
0
0
0
0
2433
450
0
0
0
0
0
0
1179
2412
0
0
0
0
0
0
894
1067
0
0
0
0
0
0
1555
877
0
0
0
0
0
0
1955
1747
0
0
0
0
0
0
1077
1239
0
0
0
0
0
0
612
1379
0
0
0
0
0
0
2648
1107
0
0
0
0
0
0
1382
1334
0
0
0
0
0
0
3702
1959
0
0
0
0
0
0
3259
488
0
0
0
0
0
0
1815
1338
0
0
0
0
0
0
2674
2588
0
0
0
0
0
0
3775
3996
0
0
0
0
0
0
2370
1253
0
0
0
0
0
0
1633
3265
0
0
0
0
0
0
81
3457
0
0
0
0
0
0
3055
1066
0
0
0
0
0
0
1554
728
0
0
0
0
0
0
367
2972
0
0
0
0
0
0
2511
2033
0
0
0
0
0
0
522
1482
0
0
0
0
0
0
246
2798
0
0
0
0
0
0
3411
1659
0
0
0
0
0
0
3598
2276
0
0
0
0
0
0
253
2464
0
0
0
0
0
0
302
1199
0
0
0
0
0
0
2671
3042
0
0
0
0
0
0
115
2214
0
0
0
0
0
0
1379
642
0
0
0
0
0
0
1825
3794
0
0
0
0
0
0
3936
2052
0
0
0
0
0
0
2508
19
0
0
0
0
0
0
88
3700
0
0
0
0
0
0
3497
2009
0
0
0
0
0
0
904
2193
0
0
0
0
0
0
3528
306
0
0
0
0
0
0
3189
1815
0
0
0
0
0
0
1155
577
0
0
0
0
0
0
3043
915
0
0
0
0
0
0
3811
729
0
0
0
0
0
0
2362
3867
0
0
0
0
0
0
2915
1267
0
0
0
0
0
0
2963
992
0
0
0
0
0
0
3599
2983
0
0
0
0
0
0
2668
1784
0
0
0
0
0
0
1990
1365
0
0
0
0
0
0
657
2117
0
0
0
0
0
0
2572
2220
0
0
0
0
0
0
899
1850
0
0
0
0
0
0
1750
1243
0
0
0
0
0
0
2642
2556
0
0
0
0
0
0
3821
2426
0
0
0
0
0
0
2771
367
0
0
0
0
0
0
2884
2786
0
0
0
0
0
0
2562
3096
0
0
0
0
0
0
3707
3599
0
0
0
0
0
0
3292
2903
0
0
0
0
0
0
1256
3843
0
0
0
0
0
0
426
2774
0
0
0
0
0
0
3869
2906
0
0
0
0
0
0
3987
589
0
0
0
0
0
0
1085
2021
0
0
0
0
0
0
495
2795
0
0
0
0
0
0
2629
1469
0
0
0
0
0
0
2581
2150
0
0
0
0
0
0
3305
235
0
0
0
0
0
0
188
2194
0
0
0
0
0
0
254
3461
0
0
0
0
0
0
2715
2157
0
0
0
0
0
0
1073
3127
0
0
0
0
0
0
702
587
0
0
0
0
0
0
37
3793
0
0
0
0
0
0
659
3291
0
0
0
0
0
0
2304
2786
0
0
0
0
0
0
1515
3014
0
0
0
0
0
0
3869
4005
0
0
0
0
0
0
3937
2398
0
0
0
0
0
0
1544
3989
0
0
0
0
0
0
1245
1131
0
0
0
0
0
0
1442
1495
0
0
0
0
0
0
2048
3357
0
0
0
0
0
0
1654
437
0
0
0
0
0
0
3357
2875
0
0
0
0
0
0
1916
973
0
0
0
0
0
0
3224
256
0
0
0
0
0
0
205
2579
0
0
0
0
0
0
1880
1679
0
0
0
0
0
0
1531
3949
0
0
0
0
0
0
4030
2217
0
0
0
0
0
0
58
3707
0
0
0
0
0
0
1119
516
0
0
0
0
0
0
2395
3054
0
0
0
0
0
0
1559
2644
0
0
0
0
0
0
721
1234
0
0
0
0
0
0
1193
3510
0
0
0
0
0
0
3000
1565
0
0
0
0
0
0
592
1780
0
0
0
0
0
0
3942
8
0
0
0
0
0
0
273
473
0
0
0
0
0
0
673
2198
0
0
0
0
0
0
2495
711
0
0
0
0
0
0
1547
3483
0
0
0
0
0
0
955
2494
0
0
0
0
0
0
945
1539
0
0
0
0
0
0
3841
3301
0
0
0
0
0
0
158
3340
0
0
0
0
0
0
3864
3185
0
0
0
0
0
0
3583
3922
0
0
0
0
0
0
3963
901
0
0
0
0
0
0
61
921
0
0
0
0
0
0
3606
3874
0
0
0
0
0
0
428
2831
0
0
0
0
0
0
796
3526
0
0
0
0
0
0
2624
425
0
0
0
0
0
0
272
1930
0
0
0
0
0
0
2949
821
0
0
0
0
0
0
295
2536
0
0
0
0
0
0
1462
1543
0
0
0
0
0
0
1602
1757
0
0
0
0
0
0
541
1886
0
0
0
0
0
0
2883
943
0
0
0
0
0
0
67
2938
0
0
0
0
0
0
592
1345
0
0
0
0
0
0
296
249
0
0
0
0
0
0
2715
32
0
0
0
0
0
0
400
956
0
0
0
0
0
0
1913
3524
0
0
0
0
0
0
3181
1144
0
0
0
0
0
0
2711
2419
0
0
0
0
0
0
2079
2843
0
0
0
0
0
0
3960
1568
0
0
0
0
0
0
2114
3326
0
0
0
0
0
0
3189
448
0
0
0
0
0
0
3125
371
0
0
0
0
0
0
288
222
0
0
0
0
0
0
3965
2682
0
0
0
0
0
0
2299
2001
0
0
0
0
0
0
1625
3257
0
0
0
0
0
0
3956
461
0
0
0
0
0
0
612
105
0
0
0
0
0
0
24
1601
0
0
0
0
0
0
2193
2806
0
0
0
0
0
0
2742
2324
0
0
0
0
0
0
2815
2046
0
0
0
0
0
0
3587
1809
0
0
0
0
0
0
2588
2956
0
0
0
0
0
0
1229
2751
0
0
0
0
0
0
1096
537
0
0
0
0
0
0
2647
3468
0
0
0
0
0
0
3649
3566
0
0
0
0
0
0
3731
156
0
0
0
0
0
0
1648
435
0
0
0
0
0
0
2293
1142
0
0
0
0
0
0
3854
3278
0
0
0
0
0
0
585
1434
0
0
0
0
0
0
2171
2590
0
0
0
0
0
0
1180
3994
0
0
0
0
0
0
2502
384
0
0
0
0
0
0
453
1240
0
0
0
0
0
0
2425
2669
0
0
0
0
0
0
1959
1668
0
0
0
0
0
0
491
132
0
0
0
0
0
0
2163
3765
0
0
0
0
0
0
444
3312
0
0
0
0
0
0
1686
1409
0
0
0
0
0
0
835
2833
0
0
0
0
0
0
3715
3095
0
0
0
0
0
0
1082
1583
0
0
0
0
0
0
2330
971
0
0
0
0
0
0
1414
2253
0
0
0
0
0
0
3673
2703
0
0
0
0
0
0
2438
320
0
0
0
0
0
0
3147
1449
0
0
0
0
0
0
2026
4048
0
0
0
0
0
0
1349
780
0
0
0
0
0
0
3112
708
0
0
0
0
0
0
3430
1670
0
0
0
0
0
0
2866
2090
0
0
0
0
0
0
3132
1761
0
0
0
0
0
0
2295
2743
0
0
0
0
0
0
3513
2489
0
0
0
0
0
0
1045
573
0
0
0
0
0
0
1889
772
0
0
0
0
0
0
2610
2530
0
0
0
0
0
0
323
2551
0
0
0
0
0
0
951
1876
0
0
0
0
0
0
2405
1929
0
0
0
0
0
0
2311
2396
0
0
0
0
0
0
3074
1784
0
0
0
0
0
0
1303
643
0
0
0
0
0
0
3242
2691
0
0
0
0
0
0
1235
3039
0
0
0
0
0
0
1016
105
0
0
0
0
0
0
3747
2190
0
0
0
0
0
0
1185
3624
0
0
0
0
0
0
2475
1667
0
0
0
0
0
0
1449
776
0
0
0
0
0
0
1095
215
0
0
0
0
0
0
610
3913
0
0
0
0
0
0
3733
222
0
0
0
0
0
0
3660
762
0
0
0
0
0
0
1719
3927
0
0
0
0
0
0
3331
635
0
0
0
0
0
0
311
1195
0
0
0
0
0
0
3425
1299
0
0
0
0
0
0
2236
3639
0
0
0
0
0
0
1068
1294
0
0
0
0
0
0
1099
434
0
0
0
0
0
0
3332
2441
0
0
0
0
0
0
520
2638
0
0
0
0
0
0
3126
1756
0
0
0
0
0
0
3889
1619
0
0
0
0
0
0
1787
2330
0
0
0
0
0
0
2965
853
0
0
0
0
0
0
3802
2448
0
0
0
0
0
0
560
3787
0
0
0
0
0
0
4087
2248
0
0
0
0
0
0
2277
1591
0
0
0
0
0
0
4073
3409
0
0
0
0
0
0
3400
2554
0
0
0
0
0
0
3573
3891
0
0
0
0
0
0
2045
2360
0
0
0
0
0
0
718
2896
0
0
0
0
0
0
654
2636
0
0
0
0
0
0
3584
634
0
0
0
0
0
0
320
4038
0
0
0
0
0
0
1861
1459
0
0
0
0
0
0
1834
2950
0
0
0
0
0
0
3681
257
0
0
0
0
0
0
567
1840
0
0
0
0
0
0
376
1658
0
0
0
0
0
0
2350
1611
0
0
0
0
0
0
351
1231
0
0
0
0
0
0
2485
360
0
0
0
0
0
0
1405
2723
0
0
0
0
0
0
3289
1428
0
0
0
0
0
0
519
3054
0
0
0
0
0
0
3762
2946
0
0
0
0
0
0
1904
1823
0
0
0
0
0
0
3003
1311
0
0
0
0
0
0
3447
237
0
0
0
0
0
0
2391
3136
0
0
0
0
0
0
3246
2865
0
0
0
0
0
0
525
3797
0
0
0
0
0
0
3428
981
0
0
0
0
0
0
1308
1157
0
0
0
0
0
0
274
555
0
0
0
0
0
0
698
4027
0
0
0
0
0
0
389
997
0
0
0
0
0
0
3368
2770
0
0
0
0
0
0
229
3414
0
0
0
0
0
0
1488
2209
0
0
0
0
0
0
2302
2777
0
0
0
0
0
0
1179
1807
0
0
0
0
0
0
1112
3236
0
0
0
0
0
0
3635
2389
0
0
0
0
0
0
3084
2728
0
0
0
0
0
0
2347
1922
0
0
0
0
0
0
4025
2861
0
0
0
0
0
0
965
4066
0
0
0
0
0
0
3202
844
0
0
0
0
0
0
1197
2580
0
0
0
0
0
0
2929
1404
0
0
0
0
0
0
753
657
0
0
0
0
0
0
1642
868
0
0
0
0
0
0
1188
1089
0
0
0
0
0
0
1561
2927
0
0
0
0
0
0
3411
3764
0
0
0
0
0
0
253
1631
0
0
0
0
0
0
3981
3830
0
0
0
0
0
0
1329
2786
0
0
0
0
0
0
2257
3323
0
0
0
0
0
0
1978
1469
0
0
0
0
0
0
3957
58
0
0
0
0
0
0
1221
3113
0
0
0
0
0
0
2557
1138
0
0
0
0
0
0
1185
3362
0
0
0
0
0
0
3973
3961
0
0
0
0
0
0
1063
1688
0
0
0
0
0
0
3765
2139
0
0
0
0
0
0
2562
1278
0
0
0
0
0
0
852
1073
0
0
0
0
0
0
1783
850
0
0
0
0
0
0
1583
2410
0
0
0
0
0
0
3814
1247
0
0
0
0
0
0
3928
3548
0
0
0
0
0
0
3891
2665
0
0
0
0
0
0
2449
1617
0
0
0
0
0
0
3243
882
0
0
0
0
0
0
3362
2252
0
0
0
0
0
0
515
1098
0
0
0
0
0
0
3008
3358
0
0
0
0
0
0
55
4025
0
0
0
0
0
0
679
56
0
0
0
0
0
0
615
1697
0
0
0
0
0
0
395
245
0
0
0
0
0
0
2176
1571
0
0
0
0
0
0
3585
1072
0
0
0
0
0
0
3332
1508
0
0
0
0
0
0
626
3312
0
0
0
0
0
0
3947
4026
0
0
0
0
0
0
2214
2624
0
0
0
0
0
0
283
759
0
0
0
0
0
0
544
3719
0
0
0
0
0
0
37
1642
0
0
0
0
0
0
3785
2362
0
0
0
0
0
0
2948
3079
0
0
0
0
0
0
3862
2753
0
0
0
0
0
0
370
805
0
0
0
0
0
0
2677
1325
0
0
0
0
0
0
713
2740
0
0
0
0
0
0
3670
997
0
0
0
0
0
0
204
1181
0
0
0
0
0
0
3562
2931
0
0
0
0
0
0
3120
261
0
0
0
0
0
0
155
149
0
0
0
0
0
0
1660
3077
0
0
0
0
0
0
920
1270
0
0
0
0
0
0
2446
1241
0
0
0
0
0
0
906
2845
0
0
0
0
0
0
2837
3033
0
0
0
0
0
0
3485
3723
0
0
0
0
0
0
2735
1977
0
0
0
0
0
0
2462
1361
0
0
0
0
0
0
1497
2250
0
0
0
0
0
0
3398
1004
0
0
0
0
0
0
598
3514
0
0
0
0
0
0
1214
1729
0
0
0
0
0
0
4089
3185
0
0
0
0
0
0
3513
608
0
0
0
0
0
0
3388
2716
0
0
0
0
0
0
1101
1083
0
0
0
0
0
0
1244
1167
0
0
0
0
0
0
3647
1634
0
0
0
0
0
0
349
2653
0
0
0
0
0
0
684
1996
0
0
0
0
0
0
2644
1713
0
0
0
0
0
0
2407
1237
0
0
0
0
0
0
200
1514
0
0
0
0
0
0
539
1387
0
0
0
0
0
0
2078
3797
0
0
0
0
0
0
915
3314
0
0
0
0
0
0
806
289
0
0
0
0
0
0
3709
2205
0
0
0
0
0
0
1217
3626
0
0
0
0
0
0
2404
1746
0
0
0
0
0
0
1365
776
0
0
0
0
0
0
1301
94
0
0
0
0
0
0
3778
761
0
0
0
0
0
0
265
702
0
0
0
0
0
0
3589
1325
0
0
0
0
0
0
3376
174
0
0
0
0
0
0
3557
243
0
0
0
0
0
0
3628
2024
0
0
0
0
0
0
3423
1451
0
0
0
0
0
0
529
3214
0
0
0
0
0
0
1656
842
0
0
0
0
0
0
2382
3550
0
0
0
0
0
0
2666
2746
0
0
0
0
0
0
1429
1873
0
0
0
0
0
0
3220
1958
0
0
0
0
0
0
3091
2006
0
0
0
0
0
0
699
1762
0
0
0
0
0
0
2662
1607
0
0
0
0
0
0
949
934
0
0
0
0
0
0
225
1914
0
0
0
0
0
0
1776
2792
0
0
0
0
0
0
1811
1590
0
0
0
0
0
0
3478
3868
0
0
0
0
0
0
106
2348
0
0
0
0
0
0
1978
864
0
0
0
0
0
0
2672
1595
0
0
0
0
0
0
2674
3627
0
0
0
0
0
0
2006
207
0
0
0
0
0
0
390
645
0
0
0
0
0
0
2364
1987
0
0
0
0
0
0
3945
2995
0
0
0
0
0
0
917
3781
0
0
0
0
0
0
3921
3122
0
0
0
0
0
0
3512
2634
0
0
0
0
0
0
1844
3892
0
0
0
0
0
0
3017
38
0
0
0
0
0
0
3080
2293
0
0
0
0
0
0
3731
2686
0
0
0
0
0
0
2286
981
0
0
0
0
0
0
1933
2572
0
0
0
0
0
0
586
2343
0
0
0
0
0
0
1951
2291
0
0
0
0
0
0
2437
3976
0
0
0
0
0
0
604
4093
0
0
0
0
0
0
3029
1743
0
0
0
0
0
0
3744
1682
0
0
0
0
0
0
2540
2588
0
0
0
0
0
0
2682
2562
0
0
0
0
0
0
2210
2357
0
0
0
0
0
0
4060
1362
0
0
0
0
0
0
2827
3007
0
0
0
0
0
0
526
3201
0
0
0
0
0
0
1369
144
0
0
0
0
0
0
3197
3292
0
0
0
0
0
0
2897
37
0
0
0
0
0
0
3772
3942
0
0
0
0
0
0
2490
36
0
0
0
0
0
0
1535
1815
0
0
0
0
0
0
3593
3123
0
0
0
0
0
0
1668
822
0
0
0
0
0
0
1486
3315
0
0
0
0
0
0
591
4025
0
0
0
0
0
0
3791
3662
0
0
0
0
0
0
818
1045
0
0
0
0
0
0
1279
2467
0
0
0
0
0
0
2561
523
0
0
0
0
0
0
892
3287
0
0
0
0
0
0
2753
415
0
0
0
0
0
0
113
2093
0
0
0
0
0
0
2803
885
0
0
0
0
0
0
444
2422
0
0
0
0
0
0
1444
1571
0
0
0
0
0
0
1578
1811
0
0
0
0
0
0
420
1938
0
0
0
0
0
0
3000
812
0
0
0
0
0
0
208
2948
0
0
0
0
0
0
219
1568
0
0
0
0
0
0
486
4090
0
0
0
0
0
0
3057
4071
0
0
0
0
0
0
3856
1384
0
0
0
0
0
0
2109
3180
0
0
0
0
0
0
1990
1011
0
0
0
0
0
0
3243
1316
0
0
0
0
0
0
522
22
0
0
0
0
0
0
3715
717
0
0
0
0
0
0
3543
3682
0
0
0
0
0
0
1934
4005
0
0
0
0
0
0
666
21
0
0
0
0
0
0
328
3086
0
0
0
0
0
0
2153
1151
0
0
0
0
0
0
1676
3550
0
0
0
0
0
0
39
2306
0
0
0
0
0
0
3873
3992
0
0
0
0
0
0
832
582
0
0
0
0
0
0
2906
2782
0
0
0
0
0
0
1152
2958
0
0
0
0
0
0
749
1090
0
0
0
0
0
0
1568
3378
0
0
0
0
0
0
2489
1886
0
0
0
0
0
0
835
1500
0
0
0
0
0
0
131
3
0
0
0
0
0
0
3690
853
0
0
0
0
0
0
1123
1763
0
0
0
0
0
0
2762
788
0
0
0
0
0
0
665
3953
0
0
0
0
0
0
1613
1878
0
0
0
0
0
0
1270
1652
0
0
0
0
0
0
1517
319
0
0
0
0
0
0
2912
2686
0
0
0
0
0
0
2036
2711
0
0
0
0
0
0
1206
2572
0
0
0
0
0
0
1826
209
0
0
0
0
0
0
760
3864
0
0
0
0
0
0
3461
2423
0
0
0
0
0
0
1321
1088
0
0
0
0
0
0
1000
3741
0
0
0
0
0
0
110
125
0
0
0
0
0
0
431
1533
0
0
0
0
0
0
3145
1560
0
0
0
0
0
0
2057
4047
0
0
0
0
0
0
2197
516
0
0
0
0
0
0
3053
1446
0
0
0
0
0
0
2133
3568
0
0
0
0
0
0
3686
3807
0
0
0
0
0
0
1906
2393
0
0
0
0
0
0
3786
3179
0
0
0
0
0
0
3629
737
0
0
0
0
0
0
3440
3564
0
0
0
0
0
0
1292
2312
0
0
0
0
0
0
4019
166
0
0
0
0
0
0
3925
2799
0
0
0
0
0
0
252
3138
0
0
0
0
0
0
817
3858
0
0
0
0
0
0
3757
3089
0
0
0
0
0
0
2540
3815
0
0
0
0
0
0
2238
2936
0
0
0
0
0
0
2389
400
0
0
0
0
0
0
1762
3992
0
0
0
0
0
0
1393
2434
0
0
0
0
0
0
1966
1030
0
0
0
0
0
0
304
739
0
0
0
0
0
0
2639
1550
0
0
0
0
0
0
3601
1989
0
0
0
0
0
0
3405
1123
0
0
0
0
0
0
2140
1801
0
0
0
0
0
0
2556
1568
0
0
0
0
0
0
1374
2449
0
0
0
0
0
0
3579
2960
0
0
0
0
0
0
2500
2004
0
0
0
0
0
0
1833
1539
0
0
0
0
0
0
441
2140
0
0
0
0
0
0
3032
1942
0
0
0
0
0
0
670
2157
0
0
0
0
0
0
1344
1306
0
0
0
0
0
0
3412
2042
0
0
0
0
0
0
3584
2842
0
0
0
0
0
0
2050
589
0
0
0
0
0
0
3910
2049
0
0
0
0
0
0
2394
3572
0
0
0
0
0
0
2642
4013
0
0
0
0
0
0
447
1943
0
0
0
0
0
0
1228
239
0
0
0
0
0
0
4049
167
0
0
0
0
0
0
1188
1736
0
0
0
0
0
0
2887
2240
0
0
0
0
0
0
248
3756
0
0
0
0
0
0
1750
1681
0
0
0
0
0
0
2787
3862
0
0
0
0
0
0
352
3377
0
0
0
0
0
0
1323
2543
0
0
0
0
0
0
1798
534
0
0
0
0
0
0
88
3289
0
0
0
0
0
0
2292
2081
0
0
0
0
0
0
881
1294
0
0
0
0
0
0
4062
3050
0
0
0
0
0
0
3292
1569
0
0
0
0
0
0
3207
1171
0
0
0
0
0
0
3789
2926
0
0
0
0
0
0
1541
3863
0
0
0
0
0
0
2531
1824
0
0
0
0
0
0
3681
2635
0
0
0
0
0
0
2574
3245
0
0
0
0
0
0
2004
2397
0
0
0
0
0
0
3183
2689
0
0
0
0
0
0
3590
2599
0
0
0
0
0
0
1568
2934
0
0
0
0
0
0
2592
2822
0
0
0
0
0
0
470
1944
0
0
0
0
0
0
1253
3403
0
0
0
0
0
0
1921
3034
0
0
0
0
0
0
1409
1273
0
0
0
0
0
0
1070
3793
0
0
0
0
0
0
1176
3328
0
0
0
0
0
0
2268
628
0
0
0
0
0
0
998
24
0
0
0
0
0
0
364
3694
0
0
0
0
0
0
3069
4079
0
0
0
0
0
0
1059
254
0
0
0
0
0
0
3627
7
0
0
0
0
0
0
3789
3461
0
0
0
0
0
0
1230
409
0
0
0
0
0
0
2766
474
0
0
0
0
0
0
306
2889
0
0
0
0
0
0
1511
477
0
0
0
0
0
0
1900
971
0
0
0
0
0
0
837
2349
0
0
0
0
0
0
1892
469
0
0
0
0
0
0
1036
1508
0
0
0
0
0
0
1248
1878
0
0
0
0
0
0
2345
393
0
0
0
0
0
0
200
2056
0
0
0
0
0
0
1557
1455
0
0
0
0
0
0
2892
232
0
0
0
0
0
0
3503
2606
0
0
0
0
0
0
1758
1100
0
0
0
0
0
0
3487
20
0
0
0
0
0
0
2745
3165
0
0
0
0
0
0
1857
810
0
0
0
0
0
0
29
3851
0
0
0
0
0
0
2049
3709
0
0
0
0
0
0
1854
584
0
0
0
0
0
0
713
3524
0
0
0
0
0
0
1428
131
0
0
0
0
0
0
1752
428
0
0
0
0
0
0
1420
3156
0
0
0
0
0
0
879
624
0
0
0
0
0
0
1555
343
0
0
0
0
0
0
2136
2753
0
0
0
0
0
0
414
1078
0
0
0
0
0
0
1279
321
0
0
0
0
0
0
2846
2324
0
0
0
0
0
0
41
1485
0
0
0
0
0
0
929
365
0
0
0
0
0
0
3539
1882
0
0
0
0
0
0
3844
1852
0
0
0
0
0
0
516
466
0
0
0
0
0
0
104
1436
0
0
0
0
0
0
3636
2169
0
0
0
0
0
0
51
616
0
0
0
0
0
0
738
977
0
0
0
0
0
0
3531
2423
0
0
0
0
0
0
3633
825
0
0
0
0
0
0
1316
537
0
0
0
0
0
0
3498
2626
0
0
0
0
0
0
3097
1068
0
0
0
0
0
0
1838
114
0
0
0
0
0
0
3544
2781
0
0
0
0
0
0
2523
1360
0
0
0
0
0
0
2303
3803
0
0
0
0
0
0
3680
2864
0
0
0
0
0
0
1960
1668
0
0
0
0
0
0
2699
3429
0
0
0
0
0
0
3873
2900
0
0
0
0
0
0
1396
1999
0
0
0
0
0
0
3024
3092
0
0
0
0
0
0
36
2885
0
0
0
0
0
0
837
2348
0
0
0
0
0
0
3287
2781
0
0
0
0
0
0
352
2818
0
0
0
0
0
0
296
2709
0
0
0
0
0
0
3465
2524
0
0
0
0
0
0
703
2713
0
0
0
0
0
0
3891
3060
0
0
0
0
0
0
3584
2303
0
0
0
0
0
0
1086
2572
0
0
0
0
0
0
3418
3417
0
0
0
0
0
0
3620
2137
0
0
0
0
0
0
1507
2383
0
0
0
0
0
0
2998
3753
0
0
0
0
0
0
3596
2011
0
0
0
0
0
0
1937
2174
0
0
0
0
0
0
2620
4074
0
0
0
0
0
0
3514
1926
0
0
0
0
0
0
2383
1932
0
0
0
0
0
0
2309
265
0
0
0
0
0
0
3378
1889
0
0
0
0
0
0
2813
1687
0
0
0
0
0
0
2033
542
0
0
0
0
0
0
3198
1886
0
0
0
0
0
0
3245
1420
0
0
0
0
0
0
1825
778
0
0
0
0
0
0
2973
1921
0
0
0
0
0
0
3662
1144
0
0
0
0
0
0
1678
980
0
0
0
0
0
0
2709
2000
0
0
0
0
0
0
4044
881
0
0
0
0
0
0
1572
1160
0
0
0
0
0
0
2419
2104
0
0
0
0
0
0
316
606
0
0
0
0
0
0
1538
1289
0
0
0
0
0
0
2113
2234
0
0
0
0
0
0
639
355
0
0
0
0
0
0
1535
1396
0
0
0
0
0
0
1798
2385
0
0
0
0
0
0
921
120
0
0
0
0
0
0
1579
1473
0
0
0
0
0
0
1469
2559
0
0
0
0
0
0
1171
3988
0
0
0
0
0
0
1682
1498
0
0
0
0
0
0
1152
2737
0
0
0
0
0
0
1382
3781
0
0
0
0
0
0
1803
1510
0
0
0
0
0
0
833
2933
0
0
0
0
0
0
1531
3612
0
0
0
0
0
0
1961
1487
0
0
0
0
0
0
526
3133
0
0
0
0
0
0
1655
3452
0
0
0
0
0
0
2152
1430
0
0
0
0
0
0
257
3318
0
0
0
0
0
0
1729
3326
0
0
0
0
0
0
2357
1360
0
0
0
0
0
0
4083
3515
0
0
0
0
0
0
1767
3224
0
0
0
0
0
0
2576
1266
0
0
0
0
0
0
3851
3696
0
0
0
0
0
0
1767
3148
0
0
0
0
0
0
2802
1159
0
0
0
0
0
0
3647
3869
0
0
0
0
0
0
1726
3107
0
0
0
0
0
0
3025
1042
0
0
0
0
0
0
3471
4026
0
0
0
0
0
0
1667
3077
0
0
0
0
0
0
3247
918
0
0
0
0
0
0
3326
72
0
0
0
0
0
0
1583
3068
0
0
0
0
0
0
3474
776
0
0
0
0
0
0
3222
191
0
0
0
0
0
0
1469
3089
0
0
0
0
0
0
3676
647
0
0
0
0
0
0
3140
298
0
0
0
0
0
0
1339
3129
0
0
0
0
0
0
3859
522
0
0
0
0
0
0
3084
388
0
0
0
0
0
0
1199
3177
0
0
0
0
0
0
4039
388
0
0
0
0
0
0
3066
452
0
0
0
0
0
0
1049
3245
0
0
0
0
0
0
94
270
0
0
0
0
0
0
3065
502
0
0
0
0
0
0
904
3313
0
0
0
0
0
0
230
154
0
0
0
0
0
0
3095
526
0
0
0
0
0
0
760
3386
0
0
0
0
0
0
346
48
0
0
0
0
0
0
3143
540
0
0
0
0
0
0
605
3481
0
0
0
0
0
0
422
4065
0
0
0
0
0
0
3200
542
0
0
0
0
0
0
469
3565
0
0
0
0
0
0
493
3987
0
0
0
0
0
0
3270
530
0
0
0
0
0
0
344
3647
0
0
0
0
0
0
540
3921
0
0
0
0
0
0
3352
505
0
0
0
0
0
0
222
3735
0
0
0
0
0
0
556
3878
0
0
0
0
0
0
3444
467
0
0
0
0
0
0
118
3816
0
0
0
0
0
0
554
3854
0
0
0
0
0
0
3528
433
0
0
0
0
0
0
26
3890
0
0
0
0
0
0
553
3822
0
0
0
0
0
0
3624
381
0
0
0
0
0
0
4057
3945
0
0
0
0
0
0
538
3801
0
0
0
0
0
0
3719
324
0
0
0
0
0
0
4005
3996
0
0
0
0
0
0
510
3796
0
0
0
0
0
0
3800
278
0
0
0
0
0
0
3953
4054
0
0
0
0
0
0
459
3810
0
0
0
0
0
0
3879
225
0
0
0
0
0
0
3927
4087
0
0
0
0
0
0
417
3818
0
0
0
0
0
0
3949
175
0
0
0
0
0
0
3919
15
0
0
0
0
0
0
365
3842
0
0
0
0
0
0
4002
136
0
0
0
0
0
0
3903
45
0
0
0
0
0
0
310
3868
0
0
0
0
0
0
4050
101
0
0
0
0
0
0
3898
68
0
0
0
0
0
0
257
3897
0
0
0
0
0
0
4084
69
0
0
0
0
0
0
3917
67
0
0
0
0
0
0
214
3919
0
0
0
0
0
0
27
33
0
0
0
0
0
0
3935
67
0
0
0
0
0
0
173
3943
0
0
0
0
0
0
51
5
0
0
0
0
0
0
3961
60
0
0
0
0
0
0
134
3971
0
0
0
0
0
0
56
4090
0
0
0
0
0
0
3981
55
0
0
0
0
0
0
100
3993
0
0
0
0
0
0
72
4068
0
0
0
0
0
0
4009
43
0
0
0
0
0
0
72
4017
0
0
0
0
0
0
63
4069
0
0
0
0
0
0
4023
42
0
0
0
0
0
0
41
4044
0
0
0
0
0
0
52
4070
0
0
0
0
0
0
4048
24
0
0
0
0
0
0
38
4045
0
0
0
0
0
0
62
4053
0
0
0
0
0
0
4080
4
0
0
0
0
0
0
27
4058
0
0
0
0
0
0
47
4061
0
0
0
0
0
0
4088
4094
0
0
0
0
0
0
21
4064
0
0
0
0
0
0
48
4056
0
0
0
0
0
0
4
4087
0
0
0
0
0
0
16
4071
0
0
0
0
0
0
31
4067
0
0
0
0
0
0
9
4083
0
0
0
0
0
0
16
4073
0
0
0
0
0
0
31
4064
0
0
0
0
0
0
23
4070
0
0
0
0
0
0
24
4065
0
0
0
0
0
0
35
4060
0
0
0
0
0
0
24
4068
0
0
0
0
0
0
28
4067
0
0
0
0
0
0
20
4077
0
0
0
0
0
0
9
4087
0
0
0
0
0
0
3
4092
0
0
0
0
0
0
1
4094
0
0
0
0
0
0
0
4095
0
0
0
0
0
0
0
4095
0
0
0
0
0
0
0
4095
0
0
0
0
0
0
0
4095
0
0
0
0
0
0
0
4095
0
0
0
0
0
0
0
4095
0
0
0
0
0
0
0
4095
0
0
0
0
0
0
0
4095
0
0
0
0
0
0
0
4095
0
0
0
0
0
0
0
4095
0
0
0
0
0
0
0
4095
0
0
0
0
0
0
0
4095
0
0
0
0
0
0
0
4095
0
0
0
0
0
0
0
4095
0
0
0
0
0
0
0
4095
0
0
0
0
0
0
0
4095
0
0
0
0
0
0
0
4095
0
0
0
0
0
0
0
4095
0
0
0
0
0
0
0
4095
0
0
0
0
0
0
0
4095
0
0
0
0
0
0
0
4095
0
0
0
0
0
0
0
4095
0
0
0
0
0
0
0
4095
0
0
0
0
0
0
0
4095
0
0
0
0
0
0
0
4095
0
0
0
0
0
0
0
4095
0
0
0
0
0
0
0
4095
0
0
0
0
0
0
0
4095
0
0
0
0
0
0
0
4095
0
0
0
0
0
0
0
4095
0
0
0
0
0
0
0
4095
0
0
0
0
0
0
0
4095
0
0
0
0
0
0
0
4095
0
0
0
0
0
0
0
4095
0
0
0
0
0
0
0
4095
0
0
0
0
0
0
0
4095
0
0
0
0
0
0
0
4095
0
0
0
0
0
0
0
4095
0
0
0
0
0
0
0
4095
0
0
0
0
0
0
0
4095
0
0
0
0
0
0
0
4095
0
0
0
0
0
0
0
4095
0
0
0
0
0
0
0
4095
0
0
0
0
0
0
0
4095
0
0
0
0
0
0
0
4095
0
0
0
0
0
0
0
4095
0
0
0
0
0
0
0
4095
0
0
0
0
0
0
0
4095
0
0
0
0
0
0
0
4095
0
0
0
0
0
0
0
4095
0
0
0
0
0
0
0
4095
0
0
0
0
0
0
0
4095
0
0
0
0
0
0
0
4095
0
0
0
0
0
0
0
4095
0
0
0
0
0
0
0
4095
0
0
0
0
0
0
0
4095
0
0
0
0
0
0
0
4095
0
0
0
0
0
0
0
4095
0
0
0
0
0
0
0
4095
0
0
0
0
0
0
0
4095
0
0
0
0
0
0
0
4095
0
0
0
0
0
0
0
4095
0
0
0
0
0
0
0
4095
0
0
0
0
0
0
0
4095
0
0
0
0
0
0
0
4095
0
0
0
0
0
0
0
4095
0
0
0
0
0
0
0
4095
0
0
0
0
0
0
0
4095
0
0
0
0
0
0
0
4095
0
0
0
0
0
0
0
4095
0
0
0
0
0
0
0
4095
0
0
0
0
0
0
0
4095
0
0
0
0
0
0
0
4095
0
0
0
0
0
0
0
4095
0
0
0
0
0
0
0
4095
0
0
0
0
0
0
0
4095
0
0
0
0
0
0
0
4095
0
0
0
0
0
0
0
4095
0
0
0
0
0
0
0
4095
0
0
0
0
0
0
0
4095
0
0
0
0
0
0
0
4095
0
0
0
0
0
0
0
4095
0
0
0
0
0
0
0
4095
0
0
0
0
0
0
0
4095
0
0
0
0
0
0
0
4095
0
0
0
0
0
0
0
4095
0
0
0
0
0
0
0
4095
0
0
0
0
0
0
0
4095
0
0
0
0
0
0
0
4095
0
0
0
0
0
0
0
4095
0
0
0
0
0
0
0
4095
0
0
0
0
0
0
0
4095
0
0
0
0
0
0
0
4095
0
0
0
0
0
0
0
4095
0
0
0
0
0
0
0
4095
0
0
0
0
0
0
0
4095
0
0
0
0
0
0
0
4095
0
0
0
0
0
0
0
4095
0
0
0
0
0
0
0
4095
0
0
0
0
0
0
0
4095
0
0
0
0
0
0
0
4095
0
0
0
0
0
0
0
4095
0
0
0
0
0
0
0
4095
0
0
0
0
0
0
0
4095
0
0
0
0
0
0
0
4095
0
0
0
0
0
0
0
4095
0
0
0
0
0
0
0
4095
0
0
0
0
0
0
0
4095
0
0
0
0
0
0
0
4095
0
0
0
0
0
0
0
4095
0
0
0
0
0
0
0
4095
0
0
0
0
0
0
0
4095
0
0
0
0
0
0
0
4095
0
0
0
0
0
0
0
4095
0
0
0
0
0
0
0
4095
0
0
0
0
0
0
0
4095
0
0
0
0
0
0
0
4095
0
0
0
0
0
0
0
4095
0
0
0
0
0
0
0
4095
0
0
0
0
0
0
0
4095
0
0
0
0
0
0
0
4095
0
0
0
0
0
0
0
4095
0
0
0
0
0
0
0
4095
0
0
0
0
0
0
0
4095
0
0
0
0
0
0
0
4095
0
0
0
0
0
0
0
4095
0
0
0
0
0
0
0
4095
0
0
0
0
0
0
0
4095
0
0
0
0
0
0
0
4095
0
0
0
0
0
0
0
4095
0
0
0
0
0
0
0
4095
0
0
0
0
0
0
0
4095
0
0
0
0
0
0
0
4095
0
0
0
0
0
0
0
4095
0
0
0
0
0
0
0
4095
0
0
0
0
0
0
0
4095
0
0
0
0
0
0
0
4095
0
0
0
0
0
0
0
4095
0
0
0
0
0
0
0
4095
0
0
0
0
0
0
0
4095
0
0
0
0
0
0
0
4095
0
0
0
0
0
0
0
4095
0
0
0
0
0
0
0
4095
0
0
0
0
0
0
0
4095
0
0
0
0
0
0
0
4095
0
0
0
0
0
0
0
4095
0
0
0
0
0
0
0
4095
0
0
0
0
0
0
0
4095
0
0
0
0
0
0
0
4095
0
0
0
0
0
0
0
4095
0
0
0
0
0
0
0
4095
0
0
0
0
0
0
0
4095
0
0
0
0
0
0
0
4095
0
0
0
0
0
0
0
4095
0
0
0
0
0
0
0
4095
0
0
0
0
0
0
0
4095
0
0
0
0
0
0
0
4095
0
0
0
0
0
0
0
4095
0
0
0
0
0
0
0
4095
0
0
0
0
0
0
0
4095
0
0
0
0
0
0
0
4095
0
0
0
0
0
0
0
4095
0
0
0
0
0
0
0
4095
0
0
0
0
0
0
0
4095
0
0
0
0
0
0
0
4095
0
0
0
0
0
0
0
4095
0
0
0
0
0
0
0
4095
0
0
0
0
0
0
0
4095
0
0
0
0
0
0
0
4095
0
0
0
0
0
0
0
4095
0
0
0
0
0
0
0
4095
0
0
0
0
0
0
0
4095
0
0
0
0
0
0
0
4095
0
0
0
0
0
0
0
4095
0
0
0
0
0
0
0
4095
0
0
0
0
0
0
0
4095
0
0
0
0
0
0
0
4095
0
0
0
0
0
0
0
4095
0
0
0
0
0
0
0
4095
0
0
0
0
0
0
0
4095
0
0
0
0
0
0
0
4095
0
0
0
0
0
0
0
4095
0
0
0
0
0
0
0
4095
0
0
0
0
0
0
0
4095
0
0
0
0
0
0
0
4095
0
0
0
0
0
0
0
4095
0
0
0
0
0
0
0
4095
0
0
0
0
0
0
0
4095
0
0
0
0
0
0
0
4095
0
0
0
0
0
0
0
4095
0
0
0
0
0
0
0
4095
0
0
0
0
0
0
0
4095
0
0
0
0
0
0
0
4095
0
0
0
0
0
0
0
4095
0
0
0
0
0
0
0
4095
0
0
0
0
0
0
0
4095
0
0
0
0
0
0
0
4095
0
0
0
0
0
0
0
4095
0
0
0
0
0
0
0
4095
0
0
0
0
0
0
0
4095
0
0
0
0
0
0
0
4095
0
0
0
0
0
0
0
4095
0
0
0
0
0
0
0
4095
0
0
0
0
0
0
0
4095
0
0
0
0
0
0
0
4095
0
0
0
0
0
0
0
4095
0
0
0
0
0
0
0
4095
0
0
0
0
0
0
0
4095
0
0
0
0
0
0
0
4095
0
0
0
0
0
0
0
4095
0
0
0
0
0
0
0
4095
0
0
0
0
0
0
0
4095
0
0
0
0
0
0
0
4095
0
0
0
0
0
0
0
4095
0
0
0
0
0
0
0
4095
0
0
0
0
0
0
0
4095
0
0
0
0
0
0
0
4095
0
0
0
0
0
0
0
4095
0
0
0
0
0
0
0
4095
0
0
0
0
0
0
0
4095
0
0
0
0
0
0
0
4095
0
0
0
0
0
0
0
4095
0
0
0
0
0
0
0
4095
0
0
0
0
0
0
0
4095
0
0
0
0
0
0
0
4095
0
0
0
0
0
0
0
4095
0
0
0
0
0
0
0
4095
0
0
0
0
0
0
0
4095
0
0
0
0
0
0
0
4095
0
0
0
0
0
0
0
4095
0
0
0
0
0
0
0
4095
0
0
0
0
0
0
0
4095
0
0
0
0
0
0
0
4095
0
0
0
0
0
0
0
4095
0
0
0
0
0
0
0
4095
0
0
0
0
0
0
0
4095
0
0
0
0
0
0
0
4095
0
0
0
0
0
0
0
4095
0
0
0
0
0
0
0
4095
0
0
0
0
0
0
0
4095
0
0
0
0
0
0
0
4095
0
0
0
0
0
0
0
4095
0
0
0
0
0
0
0
4095
0
0
0
0
0
0
0
4095
0
0
0
0
0
0
0
4095
0
0
0
0
0
0
0
4095
0
0
0
0
0
0
0
4095
0
0
0
0
0
0
0
4095
0
0
0
0
0
0
0
4095
0
0
0
0
0
0
0
4095
0
0
0
0
0
0
0
4095
0
0
0
0
0
0
0
4095
0
0
0
0
0
0
0
4095
0
0
0
0
0
0
0
4095
0
0
0
0
0
0
0
4095
0
0
0
0
0
0
0
4095
0
0
0
0
0
0
0
4095
0
0
0
0
0
0
0
4095
0
0
0
0
0
0
0
4095
0
0
0
0
0
0
0
4095
0
0
0
0
0
0
0
4095
0
0
0
0
0
0
0
4095
0
0
0
0
0
0
0
4095
0
0
0
0
0
0
0
4095
0
0
0
0
0
0
0
4095
0
0
0
0
0
0
0
4095
0
0
0
0
0
0
0
4095
0
0
0
0
0
0
0
4095
0
0
0
0
0
0
0
4095
0
0
0
0
0
0
0
4095
0
0
0
0
0
0
0
4095
0
0
0
0
0
0
0
4095
0
0
0
0
0
0
0
4095
0
0
0
0
0
0
0
4095
0
0
0
0
0
0
0
4095
0
0
0
0
0
0
0
4095
0
0
0
0
0
0
0
4095
0
0
0
0
0
0
0
4095
0
0
0
0
0
0
0
4095
0
0
0
0
0
0
0
4095
0
0
0
0
0
0
0
4095
0
0
0
0
0
0
0
4095
0
0
0
0
0
0
0
4095
0
0
0
0
0
0
0
4095
0
0
0
0
0
0
0
4095
0
0
0
0
0
0
0
4095
0
0
0
0
0
0
0
4095
0
0
0
0
0
0
0
4095
0
0
0
0
0
0
0
4095
0
0
0
0
0
0
0
4095
0
0
0
0
0
0
0
4095
0
0
0
0
0
0
0
4095
0
0
0
0
0
0
0
4095
0
0
0
0
0
0
0
4095
0
0
0
0
0
0
0
4095
0
0
0
0
0
0
0
4095
0
0
0
0
0
0
0
4095
0
0
0
0
0
0
0
4095
0
0
0
0
0
0
0
4095
0
0
0
0
0
0
0
4095
0
0
0
0
0
0
0
4095
0
0
0
0
0
0
0
4095
0
0
0
0
0
0
0
4095
0
0
0
0
0
0
0
4095
0
0
0
0
0
0
0
4095
0
0
0
0
0
0
0
4095
0
0
0
0
0
0
0
4095
0
0
0
0
0
0
0
4095
0
0
0
0
0
0
0
4095
0
0
0
0
0
0
0
4095
0
0
0
0
0
0
0
4095
0
0
0
0
0
0
0
4095
0
0
0
0
0
0
0
4095
0
0
0
0
0
0
0
4095
0
0
0
0
0
0
0
4095
0
0
0
0
0
0
0
4095
0
0
0
0
0
0
0
4095
0
0
0
0
0
0
0
4095
0
0
0
0
0
0
0
4095
0
0
0
0
0
0
0
4095
0
0
0
0
0
0
0
4095
0
0
0
0
0
0
0
4095
0
0
0
0
0
0
0
4095
0
0
0
0
0
0
0
4095
0
0
0
0
0
0
0
4095
0
0
0
0
0
0
0
4095
0
0
0
0
0
0
0
4095
0
0
0
0
0
0
0
4095
0
0
0
0
0
0
0
4095
0
0
0
0
0
0
0
4095
0
0
0
0
0
0
0
4095
0
0
0
0
0
0
0
4095
0
0
0
0
0
0
0
4095
0
0
0
0
0
0
0
4095
0
0
0
0
0
0
0
4095
0
0
0
0
0
0
0
4095
0
0
0
0
0
0
0
4095
0
0
0
0
0
0
0
4095
0
0
0
0
0
0
0
4095
0
0
0
0
0
0
0
4095
0
0
0
0
0
0
0
4095
0
0
0
0
0
0
0
4095
0
0
0
0
0
0
0
4095
0
0
0
0
0
0
0
4095
0
0
0
0
0
0
0
4095
0
0
0
0
0
0
0
4095
0
0
0
0
0
0
0
4095
0
0
0
0
0
0
0
4095
0
0
0
0
0
0
0
4095
0
0
0
0
0
0
0
4095
0
0
0
0
0
0
0
4095
0
0
0
0
0
0
0
4095
0
0
0
0
0
0
0
4095
0
0
0
0
0
0
0
4095
0
0
0
0
0
0
0
4095
0
0
0
0
0
0
0
4095
0
0
0
0
0
0
0
4095
0
0
0
0
0
0
0
4095
0
0
0
0
0
0
0
4095
0
0
0
0
0
0
0
4095
0
0
0
0
0
0
0
4095
0
0
0
0
0
0
0
4095
0
0
0
0
0
0
0
4095
0
0
0
0
0
0
0
4095
0
0
0
0
0
0
0
4095
0
0
0
0
0
0
0
4095
0
0
0
0
0
0
0
4095
0
0
0
0
0
0
0
4095
0
0
0
0
0
0
0
4095
0
0
0
0
0
0
0
4095
0
0
0
0
0
0
0
4095
0
0
0
0
0
0
0
4095
0
0
0
0
0
0
0
4095
0
0
0
0
0
0
0
4095
0
0
0
0
0
0
0
4095
0
0
0
0
0
0
0
4095
0
0
0
0
0
0
0
4095
0
0
0
0
0
0
0
4095
0
0
0
0
0
0
0
4095
0
0
0
0
0
0
0
4095
0
0
0
0
0
0
0
4095
0
0
0
0
0
0
0
4095
0
0
0
0
0
0
0
4095
0
0
0
0
0
0
0
4095
0
0
0
0
0
0
0
4095
0
0
0
0
0
0
0
4095
0
0
0
0
0
0
0
4095
0
0
0
0
0
0
0
4095
0
0
0
0
0
0
0
4095
0
0
0
0
0
0
0
4095
0
0
0
0
0
0
0
4095
0
0
0
0
0
0
0
4095
0
0
0
0
0
0
0
4095
0
0
0
0
0
0
0
4095
0
0
0
0
0
0
0
4095
0
0
0
0
0
0
0
4095
0
0
0
0
0
0
0
4095
0
0
0
0
0
0
0
4095
0
0
0
0
0
0
0
4095
0
0
0
0
0
0
0
4095
0
0
0
0
0
0
0
4095
0
0
0
0
0
0
0
4095
0
0
0
0
0
0
0
4095
0
0
0
0
0
0
0
4095
0
0
0
0
0
0
0
4095
0
0
0
0
0
0
0
4095
0
0
0
0
0
0
0
4095
0
0
0
0
0
0
0
4095
0
0
0
0
0
0
0
4095
0
0
0
0
0
0
0
4095
0
0
0
0
0
0
0
4095
0
0
0
0
0
0
0
4095
0
0
0
0
0
0
0
4095
0
0
0
0
0
0
0
4095
0
0
0
0
0
0
0
4095
0
0
0
0
0
0
0
4095
0
0
0
0
0
0
0
4095
0
0
0
0
0
0
0
4095
0
0
0
0
0
0
0
4095
0
0
0
0
0
0
0
4095
0
0
0
0
0
0
0
4095
0
0
0
0
0
0
0
4095
0
0
0
0
0
0
0
4095
0
0
0
0
0
0
0
4095
0
0
0
0
0
0
0
4095
0
0
0
0
0
0
0
4095
0
0
0
0
0
0
0
4095
0
0
0
0
0
0
0
4095
0
0
0
0
0
0
0
4095
0
0
0
0
0
0
0
4095
0
0
0
0
0
0
0
4095
0
0
0
0
0
0
0
4095
0
0
0
0
0
0
0
4095
0
0
0
0
0
0
0
4095
0
0
0
0
0
0
0
4095
0
0
0
0
0
0
0
4095
0
0
0
0
0
0
0
4095
0
0
0
0
0
0
0
4095
0
0
0
0
0
0
0
4095
0
0
0
0
0
0
0
4095
0
0
0
0
0
0
0
4095
0
0
0
0
0
0
0
4095
0
0
0
0
0
0
0
4095
0
0
0
0
0
0
0
4095
0
0
0
0
0
0
0
4095
0
0
0
0
0
0
0
4095
0
0
0
0
0
0
0
4095
0
0
0
0
0
0
0
4095
0
0
0
0
0
0
0
4095
0
0
0
0
0
0
0
4095
0
0
0
0
0
0
0
4095
0
0
0
0
0
0
0
4095
0
0
0
0
0
0
0
4095
0
0
0
0
0
0
0
4095
0
0
0
0
0
0
0
4095
0
0
0
0
0
0
0
4095
0
0
0
0
0
0
0
4095
0
0
0
0
0
0
0
4095
0
0
0
0
0
0
0
4095
0
0
0
0
0
0
0
4095
0
0
0
0
0
0
0
4095
0
0
0
0
0
0
0
4095
0
0
0
0
0
0
0
4095
0
0
0
0
0
0
0
4095
0
0
0
0
0
0
0
4095
0
0
0
0
0
0
0
4095
0
0
0
0
0
0
0
4095
0
0
0
0
0
0
0
4095
0
0
0
0
0
0
0
4095
0
0
0
0
0
0
0
4095
0
0
0
0
0
0
0
4095
0
0
0
0
0
0
0
4095
0
0
0
0
0
0
0
4095
0
0
0
0
0
0
0
4095
0
0
0
0
0
0
0
4095
0
0
0
0
0
0
0
4095
0
0
0
0
0
0
0
4095
0
0
0
0
0
0
0
4095
0
0
0
0
0
0
0
4095
0
0
0
0
0
0
0
4095
0
0
0
0
0
0
0
4095
0
0
0
0
0
0
0
4095
0
0
0
0
0
0
0
4095
0
0
0
0
0
0
0
4095
0
0
0
0
0
0
0
4095
0
0
0
0
0
0
0
4095
0
0
0
0
0
0
0
4095
0
0
0
0
0
0
0
4095
0
0
0
0
0
0
0
4095
0
0
0
0
0
0
0
4095
0
0
0
0
0
0
0
4095
0
0
0
0
0
0
0
4095
0
0
0
0
0
0
0
4095
0
0
0
0
0
0
0
4095
0
0
0
0
0
0
0
4095
0
0
0
0
0
0
0
4095
0
0
0
0
0
0
0
4095
0
0
0
0
0
0
0
4095
0
0
0
0
0
0
0
4095
0
0
0
0
0
0
0
4095
0
0
0
0
0
0
0
4095
0
0
0
0
0
0
0
4095
0
0
0
0
0
0
0
4095
0
0
0
0
0
0
0
4095
0
0
0
0
0
0
0
4095
0
0
0
0
0
0
0
4095
0
0
0
0
0
0
0
4095
0
0
0
0
0
0
0
4095
0
0
0
0
0
0
0
4095
0
0
0
0
0
0
0
4095
0
0
0
0
0
0
0
4095
0
0
0
0
0
0
0
4095
0
0
0
0
0
0
0
4095
0
0
0
0
0
0
0
4095
0
0
0
0
0
0
0
4095
0
0
0
0
0
0
0
4095
0
0
0
0
0
0
0
4095
0
0
0
0
0
0
0
4095
0
0
0
0
0
0
0
4095
0
0
0
0
0
0
0
4095
0
0
0
0
0
0
0
4095
0
0
0
0
0
0
0
4095
0
0
0
0
0
0
0
4095
0
0
0
0
0
0
0
4095
0
0
0
0
0
0
0
4095
0
0
0
0
0
0
0
4095
0
0
0
0
0
0
0
4095
0
0
0
0
0
0
0
4095
0
0
0
0
0
0
0
4095
0
0
0
0
0
0
0
4095
0
0
0
0
0
0
0
4095
0
0
0
0
0
0
0
4095
0
0
0
0
0
0
0
4095
0
0
0
0
0
0
0
4095
0
0
0
0
0
0
0
4095
0
0
0
0
0
0
0
4095
0
0
0
0
0
0
0
4095
0
0
0
0
0
0
0
4095
0
0
0
0
0
0
0
4095
0
0
0
0
0
0
0
4095
0
0
0
0
0
0
0
4095
0
0
0
0
0
0
0
4095
0
0
0
0
0
0
0
4095
0
0
0
0
0
0
0
4095
0
0
0
0
0
0
0
4095
0
0
0
0
0
0
0
4095
0
0
0
0
0
0
0
4095
0
0
0
0
0
0
0
4095
0
0
0
0
0
0
0
4095
0
0
0
0
0
0
0
4095
0
0
0
0
0
0
0
4095
0
0
0
0
0
0
0
4095
0
0
0
0
0
0
0
4095
0
0
0
0
0
0
0
4095
0
0
0
0
0
0
0
4095
0
0
0
0
0
0
0
4095
0
0
0
0
0
0
0
4095
0
0
0
0
0
0
0
4095
0
0
0
0
0
0
0
4095
0
0
0
0
0
0
0
4095
0
0
0
0
0
0
0
4095
0
0
0
0
0
0
0
4095
0
0
0
0
0
0
0
4095
0
0
0
0
0
0
0
4095
0
0
0
0
0
0
0
4095
0
0
0
0
0
0
0
4095
0
0
0
0
0
0
0
4095
0
0
0
0
0
0
0
4095
0
0
0
0
0
0
0
4095
0
0
0
0
0
0
0
4095
0
0
0
0
0
0
0
4095
0
0
0
0
0
0
0
4095
0
0
0
0
0
0
0
4095
0
0
0
0
0
0
0
4095
0
0
0
0
0
0
0
4095
0
0
0
0
0
0
0
4095
0
0
0
0
0
0
0
4095
0
0
0
0
0
0
0
4095
0
0
0
0
0
0
0
4095
0
0
0
0
0
0
0
4095
0
0
0
0
0
0
0
4095
0
0
0
0
0
0
0
4095
0
0
0
0
0
0
0
4095
0
0
0
0
0
0
0
4095
0
0
0
0
0
0
0
4095
0
0
0
0
0
0
0
4095
0
0
0
0
0
0
0
4095
0
0
0
0
0
0
0
4095
0
0
0
0
0
0
0
4095
0
0
0
0
0
0
0
4095
0
0
0
0
0
0
0
4095
0
0
0
0
0
0
0
4095
0
0
0
0
0
0
0
4095
0
0
0
0
0
0
0
4095
0
0
0
0
0
0
0
4095
0
0
0
0
0
0
0
4095
0
0
0
0
0
0
0
4095
0
0
0
0
0
0
0
4095
0
0
0
0
0
0
0
4095
0
0
0
0
0
0
0
4095
0
0
0
0
0
0
0
4095
0
0
0
0
0
0
0
4095
0
0
0
0
0
0
0
4095
0
0
0
0
0
0
0
4095
0
0
0
0
0
0
0
4095
0
0
0
0
0
0
0
4095
0
0
0
0
0
0
0
4095
0
0
0
0
0
0
0
4095
0
0
0
0
0
0
0
4095
0
0
0
0
0
0
0
4095
0
0
0
0
0
0
0
4095
0
0
0
0
0
0
0
4095
0
0
0
0
0
0
0
4095
0
0
0
0
0
0
0
4095
0
0
0
0
0
0
0
4095
0
0
0
0
0
0
0
4095
0
0
0
0
0
0
0
4095
0
0
0
0
0
0
0
4095
0
0
0
0
0
0
0
4095
0
0
0
0
0
0
0
4095
0
0
0
0
0
0
0
4095
0
0
0
0
0
0
0
4095
0
0
0
0
0
0
0
4095
0
0
0
0
0
0
0
4095
0
0
0
0
0
0
0
4095
0
0
0
0
0
0
0
4095
0
0
0
0
0
0
0
4095
0
0
0
0
0
0
0
4095
0
0
0
0
0
0
0
4095
0
0
0
0
0
0
0
4095
0
0
0
0
0
0
0
4095
0
0
0
0
0
0
0
4095
0
0
0
0
0
0
0
4095
0
0
0
0
0
0
0
4095
0
0
0
0
0
0
0
4095
0
0
0
0
0
0
0
4095
0
0
0
0
0
0
0
4095
0
0
0
0
0
0
0
4095
0
0
0
0
0
0
0
4095
0
0
0
0
0
0
0
4095
0
0
0
0
0
0
0
4095
0
0
0
0
0
0
0
4095
0
0
0
0
0
0
0
4095
0
0
0
0
0
0
0
4095
0
0
0
0
0
0
0
4095
0
0
0
0
0
0
0
4095
0
0
0
0
0
0
0
4095
0
0
0
0
0
0
0
4095
0
0
0
0
0
0
0
4095
0
0
0
0
0
0
0
4095
0
0
0
0
0
0
0
4095
0
0
0
0
0
0
0
4095
0
0
0
0
0
0
0
4095
0
0
0
0
0
0
0
4095
0
0
0
0
0
0
0
4095
0
0
0
0
0
0
0
4095
0
0
0
0
0
0
0
4095
0
0
0
0
0
0
0
4095
0
0
0
0
0
0
0
4095
0
0
0
0
0
0
0
4095
0
0
0
0
0
0
0
4095
0
0
0
0
0
0
0
4095
0
0
0
0
0
0
0
4095
0
0
0
0
0
0
0
4095
0
0
0
0
0
0
0
4095
0
0
0
0
0
0
0
4095
0
0
0
0
0
0
0
4095
0
0
0
0
0
0
0
4095
0
0
0
0
0
0
0
4095
0
0
0
0
0
0
0
4095
0
0
0
0
0
0
0
4095
0
0
0
0
0
0
0
4095
0
0
0
0
0
0
0
4095
0
0
0
0
0
0
0
4095
0
0
0
0
0
0
0
4095
0
0
0
0
0
0
0
4095
0
0
0
0
0
0
0
4095
0
0
0
0
0
0
0
4095
0
0
0
0
0
0
0
4095
0
0
0
0
0
0
0
4095
0
0
0
0
0
0
0
4095
0
0
0
0
0
0
0
4095
0
0
0
0
0
0
0
4095
0
0
0
0
0
0
0
4095
0
0
0
0
0
0
0
4095
0
0
0
0
0
0
0
4095
0
0
0
0
0
0
0
4095
0
0
0
0
0
0
0
4095
0
0
0
0
0
0
0
4095
0
0
0
0
0
0
0
4095
0
0
0
0
0
0
0
4095
0
0
0
0
0
0
0
4095
0
0
0
0
0
0
0
4095
0
0
0
0
0
0
0
4095
0
0
0
0
0
0
0
4095
0
0
0
0
0
0
0
4095
0
0
0
0
0
0
0
4095
0
0
0
0
0
0
0
4095
0
0
0
0
0
0
0
4095
0
0
0
0
0
0
0
4095
0
0
0
0
0
0
0
4095
0
0
0
0
0
0
0
4095
0
0
0
0
0
0
0
4095
0
0
0
0
0
0
0
4095
0
0
0
0
0
0
0
4095
0
0
0
0
0
0
0
4095
0
0
0
0
0
0
0
4095
0
0
0
0
0
0
0
4095
0
0
0
0
0
0
0
4095
0
0
0
0
0
0
0
4095
0
0
0
0
0
0
0
4095
0
0
0
0
0
0
0
4095
0
0
0
0
0
0
0
4095
0
0
0
0
0
0
0
4095
0
0
0
0
0
0
0
4095
0
0
0
0
0
0
0
4095
0
0
0
0
0
0
0
4095
0
0
0
0
0
0
0
4095
0
0
0
0
0
0
0
4095
0
0
0
0
0
0
0
4095
0
0
0
0
0
0
0
4095
0
0
0
0
0
0
0
4095
0
0
0
0
0
0
0
4095
0
0
0
0
0
0
0
4095
0
0
0
0
0
0
0
4095
0
0
0
0
0
0
0
4095
0
0
0
0
0
0
0
4095
0
0
0
0
0
0
0
4095
0
0
0
0
0
0
0
4095
0
0
0
0
0
0
0
4095
0
0
0
0
0
0
0
4095
0
0
0
0
0
0
0
4095
0
0
0
0
0
0
0
4095
0
0
0
0
0
0
0
4095
0
0
0
0
0
0
0
4095
0
0
0
0
0
0
0
4095
0
0
0
0
0
0
0
4095
0
0
0
0
0
0
0
4095
0
0
0
0
0
0
0
4095
0
0
0
0
0
0
0
4095
0
0
0
0
0
0
0
4095
0
0
0
0
0
0
0
4095
0
0
0
0
0
0
0
4095
0
0
0
0
0
0
0
4095
0
0
0
0
0
0
0
4095
0
0
0
0
0
0
0
4095
0
0
0
0
0
0
0
4095
0
0
0
0
0
0
0
4095
0
0
0
0
0
0
0
4095
0
0
0
0
0
0
0
4095
0
0
0
0
0
0
0
4095
0
0
0
0
0
0
0
4095
0
0
0
0
0
0
0
4095
0
0
0
0
0
0
0
4095
0
0
0
0
0
0
0
4095
0
0
0
0
0
0
0
4095
0
0
0
0
0
0
0
4095
0
0
0
0
0
0
0
4095
0
0
0
0
0
0
0
4095
0
0
0
0
0
0
0
4095
0
0
0
0
0
0
0
4095
0
0
0
0
0
0
0
4095
0
0
0
0
0
0
0
4095
0
0
0
0
0
0
0
4095
0
0
0
0
0
0
0
4095
0
0
0
0
0
0
0
4095
0
0
0
0
0
0
0
4095
0
0
0
0
0
0
0
4095
0
0
0
0
0
0
0
4095
0
0
0
0
0
0
0
4095
0
0
0
0
0
0
0
4095
0
0
0
0
0
0
0
4095
0
0
0
0
0
0
0
4095
0
0
0
0
0
0
0
4095
0
0
0
0
0
0
0
4095
0
0
0
0
0
0
0
4095
0
0
0
0
0
0
0
4095
0
0
0
0
0
0
0
4095
0
0
0
0
0
0
0
4095
0
0
0
0
0
0
0
4095
0
0
0
0
0
0
0
4095
0
0
0
0
0
0
0
4095
0
0
0
0
0
0
0
4095
0
0
0
0
0
0
0
4095
0
0
0
0
0
0
0
4095
0
0
0
0
0
0
0
4095
0
0
0
0
0
0
0
4095
0
0
0
0
0
0
0
4095
0
0
0
0
0
0
0
4095
0
0
0
0
0
0
0
4095
0
0
0
0
0
0
0
4095
0
0
0
0
0
0
0
4095
0
0
0
0
0
0
0
4095
0
0
0
0
0
0
0
4095
0
0
0
0
0
0
0
4095
0
0
0
0
0
0
0
4095
0
0
0
0
0
0
0
4095
0
0
0
0
0
0
0
4095
0
0
0
0
0
0
0
4095
0
0
0
0
0
0
0
4095
0
0
0
0
0
0
0
4095
0
0
0
0
0
0
0
4095
0
0
0
0
0
0
0
4095
0
0
0
0
0
0
0
4095
0
0
0
0
0
0
0
4095
0
0
0
0
0
0
0
4095
0
0
0
0
0
0
0
4095
0
0
0
0
0
0
0
4095
0
0
0
0
0
0
0
4095
0
0
0
0
0
0
0
4095
0
0
0
0
0
0
0
4095
0
0
0
0
0
0
0
4095
0
0
0
0
0
0
0
4095
0
0
0
0
0
0
0
4095
0
0
0
0
0
0
0
4095
0
0
0
0
0
0
0
4095
0
0
0
0
0
0
0
4095
0
0
0
0
0
0
0
4095
0
0
0
0
0
0
0
4095
0
0
0
0
0
0
0
4095
0
0
0
0
0
0
0
4095
0
0
0
0
0
0
0
4095
0
0
0
0
0
0
0
4095
0
0
0
0
0
0
0
4095
0
0
0
0
0
0
0
4095
0
0
0
0
0
0
0
4095
0
0
0
0
0
0
0
4095
0
0
0
0
0
0
0
4095
0
0
0
0
0
0
0
4095
0
0
0
0
0
0
0
4095
0
0
0
0
0
0
0
4095
0
0
0
0
0
0
0
4095
0
0
0
0
0
0
0
4095
0
0
0
0
0
0
0
4095
0
0
0
0
0
0
0
4095
0
0
0
0
0
0
0
4095
0
0
0
0
0
0
0
4095
0
0
0
0
0
0
0
4095
0
0
0
0
0
0
0
4095
0
0
0
0
0
0
0
4095
0
0
0
0
0
0
0
4095
0
0
0
0
0
0
0
4095
0
0
0
0
0
0
0
4095
0
0
0
0
0
0
0
4095
0
0
0
0
0
0
0
4095
0
0
0
0
0
0
0
4095
0
0
0
0
0
0
0
4095
0
0
0
0
0
0
0
4095
0
0
0
0
0
0
0
4095
0
0
0
0
0
0
0
4095
0
0
0
0
0
0
0
4095
0
0
0
0
0
0
0
4095
0
0
0
0
0
0
0
4095
0
0
0
0
0
0
0
4095
0
0
0
0
0
0
0
4095
0
0
0
0
0
0
0
4095
0
0
0
0
0
0
0
4095
0
0
0
0
0
0
0
4095
0
0
0
0
0
0
0
4095
0
0
0
0
0
0
0
4095
0
0
0
0
0
0
0
4095
0
0
0
0
0
0
0
4095
0
0
0
0
0
0
0
4095
0
0
0
0
0
0
0
4095
0
0
0
0
0
0
0
4095
0
0
0
0
0
0
0
4095
0
0
0
0
0
0
0
4095
0
0
0
0
0
0
0
4095
0
0
0
0
0
0
0
4095
0
0
0
0
0
0
0
4095
0
0
0
0
0
0
0
4095
0
0
0
0
0
0
0
4095
0
0
0
0
0
0
0
4095
0
0
0
0
0
0
0
4095
0
0
0
0
0
0
0
4095
0
0
0
0
0
0
0
4095
0
0
0
0
0
0
0
4095
0
0
0
0
0
0
0
4095
0
0
0
0
0
0
0
4095
0
0
0
0
0
0
0
4095
0
0
0
0
0
0
0
4095
0
0
0
0
0
0
0
4095
0
0
0
0
0
0
0
4095
0
0
0
0
0
0
0
4095
0
0
0
0
0
0
0
4095
0
0
0
0
0
0
0
4095
0
0
0
0
0
0
0
4095
0
0
0
0
0
0
0
4095
0
0
0
0
0
0
0
4095
0
0
0
0
0
0
0
4095
0
0
0
0
0
0
0
4095
0
0
0
0
0
0
0
4095
0
0
0
0
0
0
0
4095
0
0
0
0
0
0
0
4095
0
0
0
0
0
0
0
4095
0
0
0
0
0
0
0
4095
0
0
0
0
0
0
0
4095
0
0
0
0
0
0
0
4095
0
0
0
0
0
0
0
4095
0
0
0
0
0
0
0
4095
0
0
0
0
0
0
0
4095
0
0
0
0
0
0
0
4095
0
0
0
0
0
0
0
4095
0
0
0
0
0
0
0
4095
0
0
0
0
0
0
0
4095
0
0
0
0
0
0
0
4095
0
0
0
0
0
0
0
4095
0
0
0
0
0
0
0
4095
0
0
0
0
0
0
0
4095
0
0
0
0
0
0
0
4095
0
0
0
0
0
0
0
4095
0
0
0
0
0
0
0
4095
0
0
0
0
0
0
0
4095
0
0
0
0
0
0
0
4095
0
0
0
0
0
0
0
4095
0
0
0
0
0
0
0
4095
0
0
0
0
0
0
0
4095
0
0
0
0
0
0
0
4095
0
0
0
0
0
0
0
4095
0
0
0
0
0
0
0
4095
0
0
0
0
0
0
0
4095
0
0
0
0
0
0
0
4095
0
0
0
0
0
0
0
4095
0
0
0
0
0
0
0
4095
0
0
0
0
0
0
0
4095
0
0
0
0
0
0
0
4095
0
0
0
0
0
0
0
4095
0
0
0
0
0
0
0
4095
0
0
0
0
0
0
0
4095
0
0
0
0
0
0
0
4095
0
0
0
0
0
0
0
4095
0
0
0
0
0
0
0
4095
0
0
0
0
0
0
0
4095
0
0
0
0
0
0
0
4095
0
0
0
0
0
0
0
4095
0
0
0
0
0
0
0
4095
0
0
0
0
0
0
0
4095
0
0
0
0
0
0
0
4095
0
0
0
0
0
0
0
4095
0
0
0
0
0
0
0
4095
0
0
0
0
0
0
0
4095
0
0
0
0
0
0
0
4095
0
0
0
0
0
0
0
4095
0
0
0
0
0
0
0
4095
0
0
0
0
0
0
0
4095
0
0
0
0
0
0
0
4095
0
0
0
0
0
0
0
4095
0
0
0
0
0
0
0
4095
0
0
0
0
0
0
0
4095
0
0
0
0
0
0
0
4095
0
0
0
0
0
0
0
4095
0
0
0
0
0
0
0
4095
0
0
0
0
0
0
0
4095
0
0
0
0
0
0
0
4095
0
0
0
0
0
0
0
4095
0
0
0
0
0
0
0
4095
0
0
0
0
0
0
0
4095
0
0
0
0
0
0
0
4095
0
0
0
0
0
0
0
4095
0
0
0
0
0
0
0
4095
0
0
0
0
0
0
0
4095
0
0
0
0
0
0
0
4095
0
0
0
0
0
0
0
4095
0
0
0
0
0
0
0
4095
0
0
0
0
0
0
0
4095
0
0
0
0
0
0
0
4095
0
0
0
0
0
0
0
4095
0
0
0
0
0
0
0
4095
0
0
0
0
0
0
0
4095
0
0
0
0
0
0
0
4095
0
0
0
0
0
0
0
4095
0
0
0
0
0
0
0
4095
0
0
0
0
0
0
0
4095
0
0
0
0
0
0
0
4095
0
0
0
0
0
0
0
4095
0
0
0
0
0
0
0
4095
0
0
0
0
0
0
0
4095
0
0
0
0
0
0
