0
0
0
0
0
0
0
0
0
0
0
0
0
0
0
0
0
0
0
0
0
0
0
0
0
0
0
0
0
0
0
0
0
0
0
0
0
0
0
0
0
0
0
0
0
0
0
0
0
0
0
0
0
0
0
0
0
0
0
0
0
0
0
0
0
0
0
0
0
0
0
0
0
0
0
0
0
0
0
0
0
0
0
0
0
0
0
0
0
0
0
0
0
0
0
0
0
0
0
0
0
0
0
0
0
0
0
0
0
0
0
0
0
0
0
0
0
0
0
0
0
0
0
0
0
0
0
0
0
0
0
0
0
0
0
0
0
0
0
0
0
0
0
0
0
0
0
0
0
0
0
0
0
0
0
0
0
0
0
0
0
0
0
0
0
0
0
0
0
0
0
0
0
0
0
0
0
0
0
0
0
0
0
0
0
0
0
0
0
0
0
0
0
0
0
0
0
0
0
0
4091
4091
0
0
0
0
0
0
4091
4091
0
0
0
0
0
0
4091
4091
0
0
0
0
0
0
4091
4091
0
0
0
0
0
0
4094
4095
0
0
0
0
0
0
4095
4094
0
0
0
0
0
0
0
0
0
0
0
0
0
0
0
0
0
0
0
0
0
0
0
4095
0
0
0
0
0
0
4091
4091
0
0
0
0
0
0
4088
4088
0
0
0
0
0
0
4087
4087
0
0
0
0
0
0
4088
4089
0
0
0
0
0
0
4094
4093
0
0
0
0
0
0
4
4
0
0
0
0
0
0
8
8
0
0
0
0
0
0
4
4
0
0
0
0
0
0
4095
4093
0
0
0
0
0
0
4085
4084
0
0
0
0
0
0
4079
4079
0
0
0
0
0
0
4079
4080
0
0
0
0
0
0
4085
4086
0
0
0
0
0
0
2
4
0
0
0
0
0
0
13
15
0
0
0
0
0
0
18
18
0
0
0
0
0
0
13
11
0
0
0
0
0
0
4092
4089
0
0
0
0
0
0
4075
4074
0
0
0
0
0
0
4063
4062
0
0
0
0
0
0
4066
4067
0
0
0
0
0
0
4083
4086
0
0
0
0
0
0
12
13
0
0
0
0
0
0
30
31
0
0
0
0
0
0
33
33
0
0
0
0
0
0
19
17
0
0
0
0
0
0
4086
4085
0
0
0
0
0
0
4057
4053
0
0
0
0
0
0
4043
4042
0
0
0
0
0
0
4054
4056
0
0
0
0
0
0
4083
4086
0
0
0
0
0
0
26
29
0
0
0
0
0
0
55
56
0
0
0
0
0
0
54
52
0
0
0
0
0
0
25
23
0
0
0
0
0
0
4074
4071
0
0
0
0
0
0
4033
4031
0
0
0
0
0
0
4019
4020
0
0
0
0
0
0
4041
4045
0
0
0
0
0
0
4091
1
0
0
0
0
0
0
48
53
0
0
0
0
0
0
82
82
0
0
0
0
0
0
75
71
0
0
0
0
0
0
27
21
0
0
0
0
0
0
4057
4052
0
0
0
0
0
0
4004
4001
0
0
0
0
0
0
3992
3994
0
0
0
0
0
0
4032
4037
0
0
0
0
0
0
10
15
0
0
0
0
0
0
82
85
0
0
0
0
0
0
116
116
0
0
0
0
0
0
92
87
0
0
0
0
0
0
21
12
0
0
0
0
0
0
4027
4022
0
0
0
0
0
0
3967
3964
0
0
0
0
0
0
3965
3967
0
0
0
0
0
0
4028
4035
0
0
0
0
0
0
31
39
0
0
0
0
0
0
118
122
0
0
0
0
0
0
151
150
0
0
0
0
0
0
109
102
0
0
0
0
0
0
8
4094
0
0
0
0
0
0
3992
3984
0
0
0
0
0
0
3924
3923
0
0
0
0
0
0
3937
3942
0
0
0
0
0
0
4030
4040
0
0
0
0
0
0
61
72
0
0
0
0
0
0
164
169
0
0
0
0
0
0
188
185
0
0
0
0
0
0
118
108
0
0
0
0
0
0
4081
4068
0
0
0
0
0
0
3946
3938
0
0
0
0
0
0
3877
3877
0
0
0
0
0
0
3914
3923
0
0
0
0
0
0
4040
4053
0
0
0
0
0
0
102
114
0
0
0
0
0
0
215
219
0
0
0
0
0
0
225
219
0
0
0
0
0
0
120
107
0
0
0
0
0
0
4046
4032
0
0
0
0
0
0
3892
3883
0
0
0
0
0
0
3830
3832
0
0
0
0
0
0
3897
3908
0
0
0
0
0
0
4064
4079
0
0
0
0
0
0
156
167
0
0
0
0
0
0
274
276
0
0
0
0
0
0
258
249
0
0
0
0
0
0
112
97
0
0
0
0
0
0
4001
3984
0
0
0
0
0
0
3831
3822
0
0
0
0
0
0
3782
3787
0
0
0
0
0
0
3888
3903
0
0
0
0
0
0
2
22
0
0
0
0
0
0
217
230
0
0
0
0
0
0
333
334
0
0
0
0
0
0
284
272
0
0
0
0
0
0
93
74
0
0
0
0
0
0
3942
3924
0
0
0
0
0
0
3761
3755
0
0
0
0
0
0
3738
3746
0
0
0
0
0
0
3889
3908
0
0
0
0
0
0
50
71
0
0
0
0
0
0
290
302
0
0
0
0
0
0
392
390
0
0
0
0
0
0
303
285
0
0
0
0
0
0
59
34
0
0
0
0
0
0
3871
3851
0
0
0
0
0
0
3689
3684
0
0
0
0
0
0
3701
3714
0
0
0
0
0
0
3905
3930
0
0
0
0
0
0
113
139
0
0
0
0
0
0
370
382
0
0
0
0
0
0
450
443
0
0
0
0
0
0
308
287
0
0
0
0
0
0
8
4077
0
0
0
0
0
0
3789
3770
0
0
0
0
0
0
3613
3612
0
0
0
0
0
0
3670
3688
0
0
0
0
0
0
3936
3964
0
0
0
0
0
0
191
218
0
0
0
0
0
0
455
467
0
0
0
0
0
0
503
492
0
0
0
0
0
0
301
274
0
0
0
0
0
0
4040
4008
0
0
0
0
0
0
3698
3678
0
0
0
0
0
0
3540
3542
0
0
0
0
0
0
3651
3674
0
0
0
0
0
0
3983
4016
0
0
0
0
0
0
282
308
0
0
0
0
0
0
547
554
0
0
0
0
0
0
547
531
0
0
0
0
0
0
276
245
0
0
0
0
0
0
3956
3924
0
0
0
0
0
0
3598
3580
0
0
0
0
0
0
3473
3480
0
0
0
0
0
0
3649
3679
0
0
0
0
0
0
4049
4086
0
0
0
0
0
0
385
414
0
0
0
0
0
0
635
640
0
0
0
0
0
0
577
556
0
0
0
0
0
0
235
196
0
0
0
0
0
0
3859
3823
0
0
0
0
0
0
3492
3476
0
0
0
0
0
0
3412
3425
0
0
0
0
0
0
3662
3698
0
0
0
0
0
0
36
77
0
0
0
0
0
0
498
525
0
0
0
0
0
0
723
721
0
0
0
0
0
0
595
565
0
0
0
0
0
0
169
127
0
0
0
0
0
0
3745
3709
0
0
0
0
0
0
3385
3372
0
0
0
0
0
0
3364
3382
0
0
0
0
0
0
3700
3741
0
0
0
0
0
0
140
185
0
0
0
0
0
0
618
643
0
0
0
0
0
0
801
794
0
0
0
0
0
0
594
558
0
0
0
0
0
0
87
39
0
0
0
0
0
0
3621
3584
0
0
0
0
0
0
3280
3272
0
0
0
0
0
0
3330
3357
0
0
0
0
0
0
3756
3803
0
0
0
0
0
0
259
306
0
0
0
0
0
0
742
765
0
0
0
0
0
0
870
857
0
0
0
0
0
0
569
526
0
0
0
0
0
0
4079
4026
0
0
0
0
0
0
3486
3450
0
0
0
0
0
0
3181
3180
0
0
0
0
0
0
3315
3349
0
0
0
0
0
0
3836
3890
0
0
0
0
0
0
395
443
0
0
0
0
0
0
869
886
0
0
0
0
0
0
922
901
0
0
0
0
0
0
523
472
0
0
0
0
0
0
3954
3898
0
0
0
0
0
0
3344
3310
0
0
0
0
0
0
3088
3094
0
0
0
0
0
0
3323
3366
0
0
0
0
0
0
3939
3998
0
0
0
0
0
0
545
592
0
0
0
0
0
0
991
1003
0
0
0
0
0
0
957
927
0
0
0
0
0
0
451
393
0
0
0
0
0
0
3810
3752
0
0
0
0
0
0
3198
3169
0
0
0
0
0
0
3011
3025
0
0
0
0
0
0
3355
3405
0
0
0
0
0
0
4063
31
0
0
0
0
0
0
703
749
0
0
0
0
0
0
1105
1109
0
0
0
0
0
0
970
931
0
0
0
0
0
0
356
290
0
0
0
0
0
0
3650
3591
0
0
0
0
0
0
3051
3026
0
0
0
0
0
0
2955
2978
0
0
0
0
0
0
3412
3472
0
0
0
0
0
0
116
185
0
0
0
0
0
0
871
913
0
0
0
0
0
0
1208
1203
0
0
0
0
0
0
957
907
0
0
0
0
0
0
234
161
0
0
0
0
0
0
3478
3419
0
0
0
0
0
0
2913
2896
0
0
0
0
0
0
2917
2951
0
0
0
0
0
0
3498
3567
0
0
0
0
0
0
282
353
0
0
0
0
0
0
1036
1075
0
0
0
0
0
0
1293
1279
0
0
0
0
0
0
918
858
0
0
0
0
0
0
87
9
0
0
0
0
0
0
3294
3238
0
0
0
0
0
0
2783
2774
0
0
0
0
0
0
2904
2950
0
0
0
0
0
0
3611
3688
0
0
0
0
0
0
468
538
0
0
0
0
0
0
1202
1233
0
0
0
0
0
0
1357
1333
0
0
0
0
0
0
847
779
0
0
0
0
0
0
4011
3931
0
0
0
0
0
0
3104
3052
0
0
0
0
0
0
2668
2670
0
0
0
0
0
0
2923
2980
0
0
0
0
0
0
3754
3838
0
0
0
0
0
0
666
735
0
0
0
0
0
0
1361
1382
0
0
0
0
0
0
1396
1359
0
0
0
0
0
0
748
669
0
0
0
0
0
0
3819
3735
0
0
0
0
0
0
2914
2866
0
0
0
0
0
0
2574
2586
0
0
0
0
0
0
2973
3041
0
0
0
0
0
0
3924
4015
0
0
0
0
0
0
874
943
0
0
0
0
0
0
1504
1518
0
0
0
0
0
0
1406
1357
0
0
0
0
0
0
616
528
0
0
0
0
0
0
3608
3524
0
0
0
0
0
0
2727
2688
0
0
0
0
0
0
2504
2529
0
0
0
0
0
0
3053
3131
0
0
0
0
0
0
23
116
0
0
0
0
0
0
1085
1149
0
0
0
0
0
0
1631
1633
0
0
0
0
0
0
1382
1320
0
0
0
0
0
0
453
358
0
0
0
0
0
0
3385
3302
0
0
0
0
0
0
2552
2523
0
0
0
0
0
0
2463
2500
0
0
0
0
0
0
3170
3258
0
0
0
0
0
0
238
334
0
0
0
0
0
0
1298
1355
0
0
0
0
0
0
1734
1724
0
0
0
0
0
0
1327
1252
0
0
0
0
0
0
263
162
0
0
0
0
0
0
3152
3071
0
0
0
0
0
0
2392
2374
0
0
0
0
0
0
2455
2507
0
0
0
0
0
0
3318
3416
0
0
0
0
0
0
474
571
0
0
0
0
0
0
1507
1555
0
0
0
0
0
0
1810
1787
0
0
0
0
0
0
1232
1147
0
0
0
0
0
0
44
4033
0
0
0
0
0
0
2915
2839
0
0
0
0
0
0
2251
2245
0
0
0
0
0
0
2480
2545
0
0
0
0
0
0
3500
3607
0
0
0
0
0
0
722
818
0
0
0
0
0
0
1701
1740
0
0
0
0
0
0
1856
1817
0
0
0
0
0
0
1104
1006
0
0
0
0
0
0
3901
3790
0
0
0
0
0
0
2682
2611
0
0
0
0
0
0
2138
2145
0
0
0
0
0
0
2546
2627
0
0
0
0
0
0
3711
3825
0
0
0
0
0
0
980
1073
0
0
0
0
0
0
1877
1902
0
0
0
0
0
0
1864
1810
0
0
0
0
0
0
939
830
0
0
0
0
0
0
3642
3531
0
0
0
0
0
0
2454
2394
0
0
0
0
0
0
2055
2078
0
0
0
0
0
0
2648
2742
0
0
0
0
0
0
3952
4072
0
0
0
0
0
0
1240
1328
0
0
0
0
0
0
2029
2041
0
0
0
0
0
0
1834
1763
0
0
0
0
0
0
739
620
0
0
0
0
0
0
3366
3257
0
0
0
0
0
0
2240
2194
0
0
0
0
0
0
2009
2046
0
0
0
0
0
0
2789
2897
0
0
0
0
0
0
119
242
0
0
0
0
0
0
1497
1575
0
0
0
0
0
0
2153
2151
0
0
0
0
0
0
1764
1678
0
0
0
0
0
0
506
379
0
0
0
0
0
0
3086
2982
0
0
0
0
0
0
2048
2015
0
0
0
0
0
0
1998
2053
0
0
0
0
0
0
2972
3089
0
0
0
0
0
0
402
527
0
0
0
0
0
0
1744
1814
0
0
0
0
0
0
2244
2224
0
0
0
0
0
0
1651
1550
0
0
0
0
0
0
244
114
0
0
0
0
0
0
2803
2702
0
0
0
0
0
0
1881
1863
0
0
0
0
0
0
2032
2105
0
0
0
0
0
0
3187
3316
0
0
0
0
0
0
698
822
0
0
0
0
0
0
1975
2033
0
0
0
0
0
0
2296
2257
0
0
0
0
0
0
1498
1384
0
0
0
0
0
0
4057
3922
0
0
0
0
0
0
2525
2433
0
0
0
0
0
0
1748
1745
0
0
0
0
0
0
2106
2194
0
0
0
0
0
0
3439
3575
0
0
0
0
0
0
1002
1120
0
0
0
0
0
0
2184
2227
0
0
0
0
0
0
2305
2250
0
0
0
0
0
0
1303
1178
0
0
0
0
0
0
3752
3616
0
0
0
0
0
0
2258
2179
0
0
0
0
0
0
1649
1665
0
0
0
0
0
0
2227
2330
0
0
0
0
0
0
3721
3864
0
0
0
0
0
0
1309
1420
0
0
0
0
0
0
2364
2389
0
0
0
0
0
0
2271
2199
0
0
0
0
0
0
1069
932
0
0
0
0
0
0
3433
3298
0
0
0
0
0
0
2009
1943
0
0
0
0
0
0
1592
1626
0
0
0
0
0
0
2392
2511
0
0
0
0
0
0
4025
77
0
0
0
0
0
0
1606
1708
0
0
0
0
0
0
2509
2515
0
0
0
0
0
0
2192
2101
0
0
0
0
0
0
802
656
0
0
0
0
0
0
3107
2977
0
0
0
0
0
0
1785
1734
0
0
0
0
0
0
1581
1633
0
0
0
0
0
0
2598
2731
0
0
0
0
0
0
252
401
0
0
0
0
0
0
1891
1981
0
0
0
0
0
0
2613
2602
0
0
0
0
0
0
2063
1956
0
0
0
0
0
0
505
353
0
0
0
0
0
0
2783
2660
0
0
0
0
0
0
1594
1561
0
0
0
0
0
0
1615
1688
0
0
0
0
0
0
2844
2987
0
0
0
0
0
0
592
739
0
0
0
0
0
0
2156
2232
0
0
0
0
0
0
2675
2646
0
0
0
0
0
0
1893
1767
0
0
0
0
0
0
181
24
0
0
0
0
0
0
2465
2352
0
0
0
0
0
0
1438
1423
0
0
0
0
0
0
1698
1789
0
0
0
0
0
0
3127
3281
0
0
0
0
0
0
936
1078
0
0
0
0
0
0
2392
2453
0
0
0
0
0
0
2688
2639
0
0
0
0
0
0
1673
1538
0
0
0
0
0
0
3933
3775
0
0
0
0
0
0
2164
2062
0
0
0
0
0
0
1324
1330
0
0
0
0
0
0
1829
1938
0
0
0
0
0
0
3440
3599
0
0
0
0
0
0
1279
1412
0
0
0
0
0
0
2598
2639
0
0
0
0
0
0
2654
2585
0
0
0
0
0
0
1416
1268
0
0
0
0
0
0
3578
3422
0
0
0
0
0
0
1883
1795
0
0
0
0
0
0
1258
1282
0
0
0
0
0
0
2010
2136
0
0
0
0
0
0
3778
3942
0
0
0
0
0
0
1611
1736
0
0
0
0
0
0
2763
2784
0
0
0
0
0
0
2572
2481
0
0
0
0
0
0
1124
966
0
0
0
0
0
0
3217
3065
0
0
0
0
0
0
1632
1563
0
0
0
0
0
0
1238
1285
0
0
0
0
0
0
2235
2374
0
0
0
0
0
0
42
208
0
0
0
0
0
0
1928
2042
0
0
0
0
0
0
2883
2886
0
0
0
0
0
0
2437
2329
0
0
0
0
0
0
797
631
0
0
0
0
0
0
2859
2715
0
0
0
0
0
0
1418
1366
0
0
0
0
0
0
1272
1341
0
0
0
0
0
0
2501
2654
0
0
0
0
0
0
411
577
0
0
0
0
0
0
2224
2319
0
0
0
0
0
0
2957
2939
0
0
0
0
0
0
2250
2126
0
0
0
0
0
0
446
274
0
0
0
0
0
0
2511
2377
0
0
0
0
0
0
1243
1213
0
0
0
0
0
0
1358
1445
0
0
0
0
0
0
2805
2967
0
0
0
0
0
0
786
947
0
0
0
0
0
0
2486
2565
0
0
0
0
0
0
2978
2938
0
0
0
0
0
0
2021
1880
0
0
0
0
0
0
76
3997
0
0
0
0
0
0
2180
2060
0
0
0
0
0
0
1113
1105
0
0
0
0
0
0
1493
1601
0
0
0
0
0
0
3139
3310
0
0
0
0
0
0
1158
1310
0
0
0
0
0
0
2711
2771
0
0
0
0
0
0
2948
2886
0
0
0
0
0
0
1749
1593
0
0
0
0
0
0
3789
3617
0
0
0
0
0
0
1875
1769
0
0
0
0
0
0
1033
1048
0
0
0
0
0
0
1679
1806
0
0
0
0
0
0
3498
3676
0
0
0
0
0
0
1516
1658
0
0
0
0
0
0
2896
2933
0
0
0
0
0
0
2866
2781
0
0
0
0
0
0
1438
1273
0
0
0
0
0
0
3402
3235
0
0
0
0
0
0
1602
1513
0
0
0
0
0
0
1008
1044
0
0
0
0
0
0
1914
2055
0
0
0
0
0
0
3879
4057
0
0
0
0
0
0
1859
1987
0
0
0
0
0
0
3030
3045
0
0
0
0
0
0
2729
2626
0
0
0
0
0
0
1098
923
0
0
0
0
0
0
3021
2861
0
0
0
0
0
0
1369
1301
0
0
0
0
0
0
1037
1094
0
0
0
0
0
0
2190
2344
0
0
0
0
0
0
175
352
0
0
0
0
0
0
2171
2285
0
0
0
0
0
0
3114
3109
0
0
0
0
0
0
2542
2419
0
0
0
0
0
0
728
549
0
0
0
0
0
0
2653
2504
0
0
0
0
0
0
1178
1132
0
0
0
0
0
0
1119
1197
0
0
0
0
0
0
2505
2670
0
0
0
0
0
0
570
742
0
0
0
0
0
0
2453
2549
0
0
0
0
0
0
3146
3116
0
0
0
0
0
0
2308
2168
0
0
0
0
0
0
342
161
0
0
0
0
0
0
2305
2169
0
0
0
0
0
0
1035
1011
0
0
0
0
0
0
1252
1353
0
0
0
0
0
0
2850
3025
0
0
0
0
0
0
956
1123
0
0
0
0
0
0
2696
2771
0
0
0
0
0
0
3124
3071
0
0
0
0
0
0
2029
1875
0
0
0
0
0
0
4043
3861
0
0
0
0
0
0
1982
1861
0
0
0
0
0
0
946
945
0
0
0
0
0
0
1438
1556
0
0
0
0
0
0
3220
3400
0
0
0
0
0
0
1332
1488
0
0
0
0
0
0
2891
2946
0
0
0
0
0
0
3044
2970
0
0
0
0
0
0
1714
1549
0
0
0
0
0
0
3647
3468
0
0
0
0
0
0
1696
1593
0
0
0
0
0
0
910
931
0
0
0
0
0
0
1671
1808
0
0
0
0
0
0
3608
3793
0
0
0
0
0
0
1685
1829
0
0
0
0
0
0
3039
3071
0
0
0
0
0
0
2909
2817
0
0
0
0
0
0
1365
1192
0
0
0
0
0
0
3254
3085
0
0
0
0
0
0
1450
1368
0
0
0
0
0
0
931
975
0
0
0
0
0
0
1948
2097
0
0
0
0
0
0
4007
94
0
0
0
0
0
0
2011
2137
0
0
0
0
0
0
3132
3140
0
0
0
0
0
0
2729
2616
0
0
0
0
0
0
995
815
0
0
0
0
0
0
2875
2716
0
0
0
0
0
0
1248
1187
0
0
0
0
0
0
1006
1071
0
0
0
0
0
0
2261
2424
0
0
0
0
0
0
311
491
0
0
0
0
0
0
2301
2412
0
0
0
0
0
0
3171
3158
0
0
0
0
0
0
2499
2369
0
0
0
0
0
0
609
425
0
0
0
0
0
0
2517
2370
0
0
0
0
0
0
1097
1058
0
0
0
0
0
0
1131
1218
0
0
0
0
0
0
2604
2777
0
0
0
0
0
0
702
875
0
0
0
0
0
0
2552
2643
0
0
0
0
0
0
3157
3122
0
0
0
0
0
0
2226
2082
0
0
0
0
0
0
212
30
0
0
0
0
0
0
2192
2061
0
0
0
0
0
0
1000
983
0
0
0
0
0
0
1311
1417
0
0
0
0
0
0
2972
3150
0
0
0
0
0
0
1081
1244
0
0
0
0
0
0
2755
2824
0
0
0
0
0
0
3088
3028
0
0
0
0
0
0
1917
1761
0
0
0
0
0
0
3911
3732
0
0
0
0
0
0
1900
1786
0
0
0
0
0
0
957
962
0
0
0
0
0
0
1535
1659
0
0
0
0
0
0
3356
3536
0
0
0
0
0
0
1437
1584
0
0
0
0
0
0
2909
2954
0
0
0
0
0
0
2963
2886
0
0
0
0
0
0
1578
1413
0
0
0
0
0
0
3523
3350
0
0
0
0
0
0
1651
1556
0
0
0
0
0
0
967
996
0
0
0
0
0
0
1802
1939
0
0
0
0
0
0
3748
3928
0
0
0
0
0
0
1760
1895
0
0
0
0
0
0
3010
3034
0
0
0
0
0
0
2793
2694
0
0
0
0
0
0
1216
1045
0
0
0
0
0
0
3149
2987
0
0
0
0
0
0
1446
1372
0
0
0
0
0
0
1030
1082
0
0
0
0
0
0
2105
2255
0
0
0
0
0
0
43
220
0
0
0
0
0
0
2051
2169
0
0
0
0
0
0
3057
3058
0
0
0
0
0
0
2573
2459
0
0
0
0
0
0
841
665
0
0
0
0
0
0
2800
2648
0
0
0
0
0
0
1292
1239
0
0
0
0
0
0
1149
1220
0
0
0
0
0
0
2433
2593
0
0
0
0
0
0
425
596
0
0
0
0
0
0
2299
2398
0
0
0
0
0
0
3051
3030
0
0
0
0
0
0
2317
2187
0
0
0
0
0
0
458
282
0
0
0
0
0
0
2478
2341
0
0
0
0
0
0
1187
1158
0
0
0
0
0
0
1313
1400
0
0
0
0
0
0
2786
2952
0
0
0
0
0
0
794
955
0
0
0
0
0
0
2504
2582
0
0
0
0
0
0
2992
2948
0
0
0
0
0
0
2025
1882
0
0
0
0
0
0
77
4000
0
0
0
0
0
0
2190
2072
0
0
0
0
0
0
1137
1131
0
0
0
0
0
0
1522
1628
0
0
0
0
0
0
3152
3320
0
0
0
0
0
0
1137
1286
0
0
0
0
0
0
2658
2715
0
0
0
0
0
0
2880
2819
0
0
0
0
0
0
1703
1553
0
0
0
0
0
0
3801
3632
0
0
0
0
0
0
1949
1845
0
0
0
0
0
0
1143
1155
0
0
0
0
0
0
1771
1893
0
0
0
0
0
0
3522
3692
0
0
0
0
0
0
1450
1584
0
0
0
0
0
0
2762
2796
0
0
0
0
0
0
2723
2644
0
0
0
0
0
0
1364
1206
0
0
0
0
0
0
3442
3285
0
0
0
0
0
0
1747
1665
0
0
0
0
0
0
1196
1229
0
0
0
0
0
0
2051
2185
0
0
0
0
0
0
3894
4061
0
0
0
0
0
0
1726
1847
0
0
0
0
0
0
2811
2825
0
0
0
0
0
0
2523
2427
0
0
0
0
0
0
1011
850
0
0
0
0
0
0
3109
2962
0
0
0
0
0
0
1596
1534
0
0
0
0
0
0
1301
1354
0
0
0
0
0
0
2360
2501
0
0
0
0
0
0
157
318
0
0
0
0
0
0
1967
2070
0
0
0
0
0
0
2812
2805
0
0
0
0
0
0
2286
2177
0
0
0
0
0
0
654
493
0
0
0
0
0
0
2806
2673
0
0
0
0
0
0
1494
1453
0
0
0
0
0
0
1448
1517
0
0
0
0
0
0
2685
2831
0
0
0
0
0
0
503
656
0
0
0
0
0
0
2161
2244
0
0
0
0
0
0
2762
2735
0
0
0
0
0
0
2021
1898
0
0
0
0
0
0
299
141
0
0
0
0
0
0
2536
2418
0
0
0
0
0
0
1441
1422
0
0
0
0
0
0
1635
1722
0
0
0
0
0
0
3022
3172
0
0
0
0
0
0
822
964
0
0
0
0
0
0
2309
2372
0
0
0
0
0
0
2666
2621
0
0
0
0
0
0
1728
1596
0
0
0
0
0
0
4051
3897
0
0
0
0
0
0
2308
2207
0
0
0
0
0
0
1438
1437
0
0
0
0
0
0
1860
1960
0
0
0
0
0
0
3361
3513
0
0
0
0
0
0
1113
1242
0
0
0
0
0
0
2408
2451
0
0
0
0
0
0
2529
2467
0
0
0
0
0
0
1419
1283
0
0
0
0
0
0
3725
3578
0
0
0
0
0
0
2122
2037
0
0
0
0
0
0
1482
1501
0
0
0
0
0
0
2112
2224
0
0
0
0
0
0
3698
3848
0
0
0
0
0
0
1369
1484
0
0
0
0
0
0
2460
2485
0
0
0
0
0
0
2351
2276
0
0
0
0
0
0
1098
959
0
0
0
0
0
0
3420
3284
0
0
0
0
0
0
1980
1914
0
0
0
0
0
0
1572
1609
0
0
0
0
0
0
2389
2508
0
0
0
0
0
0
4025
73
0
0
0
0
0
0
1587
1685
0
0
0
0
0
0
2465
2469
0
0
0
0
0
0
2140
2051
0
0
0
0
0
0
780
637
0
0
0
0
0
0
3146
3021
0
0
0
0
0
0
1884
1837
0
0
0
0
0
0
1702
1753
0
0
0
0
0
0
2679
2803
0
0
0
0
0
0
236
374
0
0
0
0
0
0
1764
1846
0
0
0
0
0
0
2424
2412
0
0
0
0
0
0
1903
1804
0
0
0
0
0
0
462
324
0
0
0
0
0
0
2901
2792
0
0
0
0
0
0
1833
1806
0
0
0
0
0
0
1867
1934
0
0
0
0
0
0
2976
3105
0
0
0
0
0
0
524
651
0
0
0
0
0
0
1899
1963
0
0
0
0
0
0
2340
2313
0
0
0
0
0
0
1645
1538
0
0
0
0
0
0
155
22
0
0
0
0
0
0
2694
2599
0
0
0
0
0
0
1828
1817
0
0
0
0
0
0
2063
2140
0
0
0
0
0
0
3278
3407
0
0
0
0
0
0
781
899
0
0
0
0
0
0
1988
2037
0
0
0
0
0
0
2219
2177
0
0
0
0
0
0
1375
1262
0
0
0
0
0
0
3963
3836
0
0
0
0
0
0
2531
2452
0
0
0
0
0
0
1865
1869
0
0
0
0
0
0
2284
2371
0
0
0
0
0
0
3575
3700
0
0
0
0
0
0
1008
1112
0
0
0
0
0
0
2036
2067
0
0
0
0
0
0
2067
2012
0
0
0
0
0
0
1097
982
0
0
0
0
0
0
3698
3578
0
0
0
0
0
0
2405
2341
0
0
0
0
0
0
1940
1961
0
0
0
0
0
0
2521
2616
0
0
0
0
0
0
3857
3978
0
0
0
0
0
0
1197
1287
0
0
0
0
0
0
2041
2057
0
0
0
0
0
0
1887
1821
0
0
0
0
0
0
818
703
0
0
0
0
0
0
3461
3352
0
0
0
0
0
0
2322
2273
0
0
0
0
0
0
2052
2086
0
0
0
0
0
0
2771
2872
0
0
0
0
0
0
25
143
0
0
0
0
0
0
1351
1428
0
0
0
0
0
0
2007
2008
0
0
0
0
0
0
1685
1610
0
0
0
0
0
0
548
433
0
0
0
0
0
0
3253
3154
0
0
0
0
0
0
2279
2246
0
0
0
0
0
0
2194
2240
0
0
0
0
0
0
3026
3128
0
0
0
0
0
0
271
379
0
0
0
0
0
0
1465
1528
0
0
0
0
0
0
1938
1923
0
0
0
0
0
0
1466
1384
0
0
0
0
0
0
289
178
0
0
0
0
0
0
3077
2991
0
0
0
0
0
0
2275
2257
0
0
0
0
0
0
2360
2416
0
0
0
0
0
0
3280
3384
0
0
0
0
0
0
488
588
0
0
0
0
0
0
1542
1589
0
0
0
0
0
0
1836
1809
0
0
0
0
0
0
1239
1152
0
0
0
0
0
0
46
4037
0
0
0
0
0
0
2938
2867
0
0
0
0
0
0
2306
2302
0
0
0
0
0
0
2543
2606
0
0
0
0
0
0
3527
3627
0
0
0
0
0
0
679
767
0
0
0
0
0
0
1580
1615
0
0
0
0
0
0
1707
1669
0
0
0
0
0
0
1006
916
0
0
0
0
0
0
3920
3823
0
0
0
0
0
0
2833
2775
0
0
0
0
0
0
2370
2378
0
0
0
0
0
0
2741
2814
0
0
0
0
0
0
3762
3859
0
0
0
0
0
0
835
913
0
0
0
0
0
0
1584
1602
0
0
0
0
0
0
1556
1510
0
0
0
0
0
0
776
687
0
0
0
0
0
0
3723
3635
0
0
0
0
0
0
2768
2723
0
0
0
0
0
0
2463
2482
0
0
0
0
0
0
2946
3022
0
0
0
0
0
0
3981
4072
0
0
0
0
0
0
958
1024
0
0
0
0
0
0
1553
1561
0
0
0
0
0
0
1391
1338
0
0
0
0
0
0
555
467
0
0
0
0
0
0
3555
3476
0
0
0
0
0
0
2735
2703
0
0
0
0
0
0
2579
2609
0
0
0
0
0
0
3158
3233
0
0
0
0
0
0
83
169
0
0
0
0
0
0
1050
1104
0
0
0
0
0
0
1495
1491
0
0
0
0
0
0
1210
1152
0
0
0
0
0
0
342
258
0
0
0
0
0
0
3417
3348
0
0
0
0
0
0
2734
2713
0
0
0
0
0
0
2717
2754
0
0
0
0
0
0
3363
3438
0
0
0
0
0
0
257
334
0
0
0
0
0
0
1107
1149
0
0
0
0
0
0
1410
1395
0
0
0
0
0
0
1026
964
0
0
0
0
0
0
150
70
0
0
0
0
0
0
3309
3250
0
0
0
0
0
0
2762
2752
0
0
0
0
0
0
2866
2910
0
0
0
0
0
0
3559
3634
0
0
0
0
0
0
405
474
0
0
0
0
0
0
1134
1164
0
0
0
0
0
0
1305
1281
0
0
0
0
0
0
840
776
0
0
0
0
0
0
4073
3998
0
0
0
0
0
0
3232
3183
0
0
0
0
0
0
2817
2819
0
0
0
0
0
0
3024
3072
0
0
0
0
0
0
3743
3816
0
0
0
0
0
0
524
583
0
0
0
0
0
0
1133
1153
0
0
0
0
0
0
1183
1154
0
0
0
0
0
0
660
596
0
0
0
0
0
0
3922
3853
0
0
0
0
0
0
3182
3144
0
0
0
0
0
0
2894
2902
0
0
0
0
0
0
3189
3240
0
0
0
0
0
0
3912
3980
0
0
0
0
0
0
618
669
0
0
0
0
0
0
1105
1117
0
0
0
0
0
0
1049
1016
0
0
0
0
0
0
489
427
0
0
0
0
0
0
3795
3737
0
0
0
0
0
0
3163
3135
0
0
0
0
0
0
2989
3003
0
0
0
0
0
0
3350
3402
0
0
0
0
0
0
4062
28
0
0
0
0
0
0
682
724
0
0
0
0
0
0
1053
1055
0
0
0
0
0
0
910
871
0
0
0
0
0
0
329
270
0
0
0
0
0
0
3694
3642
0
0
0
0
0
0
3167
3146
0
0
0
0
0
0
3098
3119
0
0
0
0
0
0
3506
3558
0
0
0
0
0
0
96
152
0
0
0
0
0
0
720
753
0
0
0
0
0
0
985
980
0
0
0
0
0
0
769
728
0
0
0
0
0
0
185
130
0
0
0
0
0
0
3617
3574
0
0
0
0
0
0
3194
3184
0
0
0
0
0
0
3213
3239
0
0
0
0
0
0
3656
3706
0
0
0
0
0
0
203
252
0
0
0
0
0
0
735
759
0
0
0
0
0
0
901
890
0
0
0
0
0
0
628
586
0
0
0
0
0
0
57
7
0
0
0
0
0
0
3564
3529
0
0
0
0
0
0
3241
3238
0
0
0
0
0
0
3335
3364
0
0
0
0
0
0
3788
3836
0
0
0
0
0
0
285
327
0
0
0
0
0
0
726
743
0
0
0
0
0
0
807
791
0
0
0
0
0
0
495
454
0
0
0
0
0
0
4046
4001
0
0
0
0
0
0
3535
3507
0
0
0
0
0
0
3303
3305
0
0
0
0
0
0
3455
3486
0
0
0
0
0
0
3911
3955
0
0
0
0
0
0
345
381
0
0
0
0
0
0
698
709
0
0
0
0
0
0
705
686
0
0
0
0
0
0
370
331
0
0
0
0
0
0
3961
3920
0
0
0
0
0
0
3528
3507
0
0
0
0
0
0
3378
3386
0
0
0
0
0
0
3574
3605
0
0
0
0
0
0
4014
4056
0
0
0
0
0
0
388
415
0
0
0
0
0
0
656
661
0
0
0
0
0
0
602
580
0
0
0
0
0
0
258
222
0
0
0
0
0
0
3893
3859
0
0
0
0
0
0
3538
3522
0
0
0
0
0
0
3460
3471
0
0
0
0
0
0
3685
3716
0
0
0
0
0
0
6
41
0
0
0
0
0
0
407
430
0
0
0
0
0
0
602
600
0
0
0
0
0
0
501
477
0
0
0
0
0
0
160
125
0
0
0
0
0
0
3846
3819
0
0
0
0
0
0
3566
3556
0
0
0
0
0
0
3544
3557
0
0
0
0
0
0
3789
3817
0
0
0
0
0
0
74
105
0
0
0
0
0
0
409
426
0
0
0
0
0
0
538
533
0
0
0
0
0
0
403
381
0
0
0
0
0
0
77
48
0
0
0
0
0
0
3818
3796
0
0
0
0
0
0
3603
3599
0
0
0
0
0
0
3630
3644
0
0
0
0
0
0
3879
3905
0
0
0
0
0
0
125
150
0
0
0
0
0
0
396
408
0
0
0
0
0
0
468
460
0
0
0
0
0
0
311
289
0
0
0
0
0
0
8
4079
0
0
0
0
0
0
3806
3788
0
0
0
0
0
0
3652
3651
0
0
0
0
0
0
3715
3733
0
0
0
0
0
0
3956
3982
0
0
0
0
0
0
158
180
0
0
0
0
0
0
369
377
0
0
0
0
0
0
396
387
0
0
0
0
0
0
231
210
0
0
0
0
0
0
4053
4030
0
0
0
0
0
0
3808
3795
0
0
0
0
0
0
3705
3708
0
0
0
0
0
0
3793
3808
0
0
0
0
0
0
4019
4041
0
0
0
0
0
0
177
194
0
0
0
0
0
0
334
337
0
0
0
0
0
0
326
316
0
0
0
0
0
0
160
141
0
0
0
0
0
0
4017
3998
0
0
0
0
0
0
3822
3813
0
0
0
0
0
0
3764
3769
0
0
0
0
0
0
3866
3880
0
0
0
0
0
0
4071
4090
0
0
0
0
0
0
182
195
0
0
0
0
0
0
296
296
0
0
0
0
0
0
260
249
0
0
0
0
0
0
102
85
0
0
0
0
0
0
3995
3981
0
0
0
0
0
0
3846
3841
0
0
0
0
0
0
3821
3827
0
0
0
0
0
0
3928
3940
0
0
0
0
0
0
12
26
0
0
0
0
0
0
178
185
0
0
0
0
0
0
250
248
0
0
0
0
0
0
200
189
0
0
0
0
0
0
53
41
0
0
0
0
0
0
3982
3972
0
0
0
0
0
0
3877
3873
0
0
0
0
0
0
3877
3883
0
0
0
0
0
0
3979
3991
0
0
0
0
0
0
35
47
0
0
0
0
0
0
162
170
0
0
0
0
0
0
203
201
0
0
0
0
0
0
145
136
0
0
0
0
0
0
18
6
0
0
0
0
0
0
3985
3976
0
0
0
0
0
0
3910
3910
0
0
0
0
0
0
3929
3935
0
0
0
0
0
0
4021
4031
0
0
0
0
0
0
49
58
0
0
0
0
0
0
141
144
0
0
0
0
0
0
160
155
0
0
0
0
0
0
100
92
0
0
0
0
0
0
4092
4082
0
0
0
0
0
0
3993
3986
0
0
0
0
0
0
3946
3947
0
0
0
0
0
0
3973
3979
0
0
0
0
0
0
4054
4061
0
0
0
0
0
0
54
59
0
0
0
0
0
0
116
117
0
0
0
0
0
0
119
116
0
0
0
0
0
0
64
58
0
0
0
0
0
0
4076
4069
0
0
0
0
0
0
4005
4002
0
0
0
0
0
0
3980
3981
0
0
0
0
0
0
4011
4016
0
0
0
0
0
0
4077
4083
0
0
0
0
0
0
50
54
0
0
0
0
0
0
90
90
0
0
0
0
0
0
83
81
0
0
0
0
0
0
36
30
0
0
0
0
0
0
4069
4064
0
0
0
0
0
0
4022
4020
0
0
0
0
0
0
4011
4012
0
0
0
0
0
0
4039
4043
0
0
0
0
0
0
4090
4095
0
0
0
0
0
0
43
45
0
0
0
0
0
0
65
64
0
0
0
0
0
0
54
52
0
0
0
0
0
0
17
13
0
0
0
0
0
0
4070
4067
0
0
0
0
0
0
4042
4040
0
0
0
0
0
0
4039
4040
0
0
0
0
0
0
4062
4065
0
0
0
0
0
0
1
5
0
0
0
0
0
0
31
33
0
0
0
0
0
0
44
42
0
0
0
0
0
0
33
31
0
0
0
0
0
0
5
3
0
0
0
0
0
0
4073
4073
0
0
0
0
0
0
4058
4058
0
0
0
0
0
0
4060
4062
0
0
0
0
0
0
4076
4079
0
0
0
0
0
0
5
6
0
0
0
0
0
0
19
20
0
0
0
0
0
0
23
23
0
0
0
0
0
0
14
13
0
0
0
0
0
0
4095
4094
0
0
0
0
0
0
4079
4079
0
0
0
0
0
0
4074
4075
0
0
0
0
0
0
4075
4077
0
0
0
0
0
0
4086
4087
0
0
0
0
0
0
2
2
0
0
0
0
0
0
10
10
0
0
0
0
0
0
10
8
0
0
0
0
0
0
4
2
0
0
0
0
0
0
4094
4091
0
0
0
0
0
0
4087
4086
0
0
0
0
0
0
4083
4084
0
0
0
0
0
0
4087
4087
0
0
0
0
0
0
4092
4092
0
0
0
0
0
0
0
4095
0
0
0
0
0
0
0
0
0
0
0
0
0
0
0
4095
0
0
0
0
0
0
4094
4094
0
0
0
0
0
0
4092
4091
0
0
0
0
0
0
4092
4092
0
0
0
0
0
0
4091
4092
0
0
0
0
0
0
4091
4091
0
0
0
0
0
0
4092
4094
0
0
0
0
0
0
4095
4095
0
0
0
0
0
0
0
4095
0
0
0
0
0
0
0
0
0
0
0
0
0
0
0
0
0
0
0
0
0
0
4092
4093
0
0
0
0
0
0
4095
4095
0
0
0
0
0
0
0
4095
0
0
0
0
0
0
0
0
0
0
0
0
0
0
0
0
0
0
0
0
0
0
4095
0
0
0
0
0
0
0
4095
4095
0
0
0
0
0
0
4095
4095
0
0
0
0
0
0
0
4095
0
0
0
0
0
0
0
0
0
0
0
0
0
0
0
0
0
0
0
0
0
0
0
0
0
0
0
0
0
0
0
0
0
0
0
0
0
0
0
0
0
0
0
0
0
0
0
0
0
0
0
0
0
0
0
0
0
0
0
0
0
0
0
0
0
0
0
0
0
0
0
0
0
0
0
0
0
0
0
0
0
0
0
0
0
0
0
0
0
0
0
0
0
0
0
0
0
0
0
0
0
0
0
0
0
0
0
0
0
0
0
0
0
0
0
0
0
0
0
0
0
0
0
0
0
0
0
0
0
0
0
0
0
0
0
0
0
0
0
0
0
0
0
0
0
0
0
0
0
0
0
0
0
0
0
0
0
0
0
0
0
0
0
0
0
0
0
0
0
0
0
0
0
0
0
0
0
0
0
0
0
0
0
0
0
0
0
0
0
0
0
0
0
0
0
0
0
0
0
0
0
0
0
0
0
0
0
0
0
0
0
0
0
0
0
0
0
0
0
0
0
0
0
0
0
0
0
0
0
0
0
0
0
0
0
0
0
0
0
0
0
0
0
0
0
0
0
0
0
0
0
0
0
0
0
0
0
0
0
0
0
0
0
0
0
0
0
0
0
0
0
0
0
0
0
0
0
0
0
0
0
0
0
0
0
0
0
0
0
0
0
0
0
0
0
0
0
0
0
0
0
0
0
0
0
0
0
0
0
0
0
0
0
0
0
0
0
0
0
0
0
0
0
0
0
0
0
0
0
0
0
0
0
0
0
0
0
0
0
0
0
0
0
0
0
0
0
0
0
0
0
0
0
0
0
0
0
0
0
0
0
0
0
0
0
0
0
0
0
0
0
0
0
0
0
0
0
0
0
0
0
0
0
0
0
0
0
0
0
0
0
0
0
0
0
0
0
0
0
0
0
0
0
0
0
0
0
0
0
0
0
0
0
0
0
0
0
0
0
0
0
0
0
0
0
0
0
0
0
0
0
0
0
0
0
0
0
0
0
0
0
0
0
0
0
0
0
0
0
0
0
0
0
0
0
0
0
0
0
0
0
0
0
0
0
0
0
0
0
0
0
0
0
0
0
0
0
0
0
0
0
0
0
0
0
0
0
0
0
0
0
0
0
0
0
0
0
0
0
0
0
0
0
0
0
0
0
0
0
0
0
0
0
0
0
0
0
0
0
0
0
0
0
0
0
0
0
0
0
0
0
0
0
0
0
0
0
0
0
0
0
0
0
0
0
0
0
0
0
0
0
0
0
0
0
0
0
0
0
0
0
0
0
0
0
0
0
0
0
0
0
0
0
0
0
0
0
0
0
0
0
0
0
0
0
0
0
0
0
0
0
0
0
0
0
0
0
0
0
0
0
0
0
0
0
0
0
0
0
0
0
0
0
0
0
0
0
0
0
0
0
0
0
0
0
0
0
0
0
0
0
0
0
0
0
0
0
0
0
0
0
0
0
0
0
0
0
0
0
0
0
0
0
0
0
0
0
0
0
0
0
0
0
0
0
0
0
0
0
0
0
0
0
0
0
0
0
0
0
0
0
0
0
0
0
0
0
0
0
0
0
0
0
0
0
0
0
0
0
0
0
0
0
0
0
0
0
0
0
0
0
0
0
0
0
0
0
0
0
0
0
0
0
0
0
0
0
0
0
0
0
0
0
0
0
0
0
0
0
0
0
0
0
0
0
0
0
0
0
0
0
0
0
0
0
0
0
0
0
0
0
0
0
0
0
0
0
0
0
0
0
0
0
0
0
0
0
0
0
0
0
0
0
0
0
0
0
0
0
0
0
0
0
0
0
0
0
0
0
0
0
0
0
0
0
0
0
0
0
0
0
0
0
0
0
0
0
0
0
0
0
0
0
0
0
0
0
0
0
0
0
0
0
0
0
0
0
0
0
0
0
0
0
0
0
0
0
0
0
0
0
0
0
0
0
0
0
0
0
0
0
0
0
0
0
0
0
0
0
0
0
0
0
0
0
0
0
0
0
0
0
0
0
0
0
0
0
0
0
0
0
0
0
0
0
0
0
0
0
0
0
0
0
0
0
0
0
0
0
0
0
0
0
0
0
0
0
0
0
0
0
0
0
0
0
0
0
0
0
0
0
0
0
0
0
0
0
0
0
0
0
0
0
0
0
0
0
0
0
0
0
0
0
0
0
0
0
0
0
0
0
0
0
0
0
0
0
0
0
0
0
0
0
0
0
0
0
0
0
0
0
0
0
0
0
0
0
0
0
0
0
0
0
0
0
0
0
0
0
0
0
0
0
0
0
0
0
0
0
0
0
0
0
0
0
0
0
0
0
0
0
0
0
0
0
0
0
0
0
0
0
0
0
0
0
0
0
0
0
0
0
0
0
0
0
0
0
0
0
0
0
0
0
0
0
0
0
0
0
0
0
0
0
0
0
0
0
0
0
0
0
0
0
0
0
0
0
0
0
0
0
0
0
0
0
0
0
0
0
0
0
0
0
0
0
0
0
0
0
0
0
0
0
0
0
0
0
0
0
0
0
0
0
0
0
0
0
0
0
0
0
0
0
0
0
0
0
0
0
0
0
0
0
0
0
0
0
0
0
0
0
0
0
0
0
0
0
0
0
0
0
0
0
0
0
0
0
0
0
0
0
0
0
0
0
0
0
0
0
0
0
0
0
0
0
0
0
0
0
0
0
0
0
0
0
0
0
0
0
0
0
0
0
0
0
0
0
0
0
0
0
0
0
0
0
0
0
0
0
0
0
0
0
0
0
0
0
0
0
0
0
0
0
0
0
0
0
0
0
0
0
0
0
0
0
0
0
0
0
0
0
0
0
0
0
0
0
0
0
0
0
0
0
0
0
0
0
0
0
0
0
0
0
0
0
0
0
0
0
0
0
0
0
0
0
0
0
0
0
0
0
0
0
0
0
0
0
0
0
0
0
0
0
0
0
0
0
0
0
0
0
0
0
0
0
0
0
0
0
0
0
0
0
0
0
0
0
0
0
0
0
0
0
0
0
0
0
0
0
0
0
0
0
0
0
0
0
0
0
0
0
0
0
0
0
0
0
0
0
0
0
0
0
0
0
0
0
0
0
0
0
0
0
0
0
0
0
0
0
0
0
0
0
0
0
0
0
0
0
0
0
0
0
0
0
0
0
0
0
0
0
0
0
0
0
0
0
0
0
0
0
0
0
0
0
0
0
0
0
0
0
0
0
0
0
0
0
0
0
0
0
0
0
0
0
0
0
0
0
0
0
0
0
0
0
0
0
0
0
0
0
0
0
0
0
0
0
0
0
0
0
0
0
0
0
0
0
0
0
0
0
0
0
0
0
0
0
0
0
0
0
0
0
0
0
0
0
0
0
0
0
0
0
0
0
0
0
0
0
0
0
0
0
0
0
0
0
0
0
0
0
0
0
0
0
0
0
0
0
0
0
0
0
0
0
0
0
0
0
0
0
0
0
0
0
0
0
0
0
0
0
0
0
0
0
0
0
0
0
0
0
0
0
0
0
0
0
0
0
0
0
0
0
0
0
0
0
0
0
0
0
0
0
0
0
0
0
0
0
0
0
0
0
0
0
0
0
0
0
0
0
0
0
0
0
0
0
0
0
0
0
0
0
0
0
0
0
0
0
0
0
0
0
0
0
0
0
0
0
0
0
0
0
0
0
0
0
0
0
0
0
0
0
0
0
0
0
0
0
0
0
0
0
0
0
0
0
0
0
0
0
0
0
0
0
0
0
0
0
0
0
0
0
0
0
0
0
0
0
0
0
0
0
0
0
0
0
0
0
0
0
0
0
0
0
0
0
0
0
0
0
0
0
0
0
0
0
0
0
0
0
0
0
0
0
0
0
0
0
0
0
0
0
0
0
0
0
0
0
0
0
0
0
0
0
0
0
0
0
0
0
0
0
0
0
0
0
0
0
0
0
0
0
0
0
0
0
0
0
0
0
0
0
0
0
0
0
0
0
0
0
0
0
0
0
0
0
0
0
0
0
0
0
0
0
0
0
0
0
0
0
0
0
0
0
0
0
0
0
0
0
0
0
0
0
0
0
0
0
0
0
0
0
0
0
0
0
0
0
0
0
0
0
0
0
0
0
0
0
0
0
0
0
0
0
0
0
0
0
0
0
0
0
0
0
0
0
0
0
0
0
0
0
0
0
0
0
0
0
0
0
0
0
0
0
0
0
0
0
0
0
0
0
0
0
0
0
0
0
0
0
0
0
0
0
0
0
0
0
0
0
0
0
0
0
0
0
0
0
0
0
0
0
0
0
0
0
0
0
0
0
0
0
0
0
0
0
0
0
0
0
0
0
0
0
0
0
0
0
0
0
0
0
0
0
0
0
0
0
0
0
0
0
0
0
0
0
0
0
0
0
0
0
0
0
0
0
0
0
0
0
0
0
0
0
0
0
0
0
0
0
0
0
0
0
0
0
0
0
0
0
0
0
0
0
0
0
0
0
0
0
0
0
0
0
0
0
0
0
0
0
0
0
0
0
0
0
0
0
0
0
0
0
0
0
0
0
0
0
0
0
0
0
0
0
0
0
0
0
0
0
0
0
0
0
0
0
0
0
0
0
0
0
0
0
0
0
0
0
0
0
0
0
0
0
0
0
0
0
0
0
0
0
0
0
0
0
0
0
0
0
0
0
0
0
0
0
0
0
0
0
0
0
0
0
0
0
0
0
0
0
0
0
0
0
0
0
0
0
0
0
0
0
0
0
0
0
0
0
0
0
0
0
0
0
0
0
0
0
0
0
0
0
0
0
0
0
0
0
0
0
0
0
0
0
0
0
0
0
0
0
0
0
0
0
0
0
0
0
0
0
0
0
0
0
0
0
0
0
0
0
0
0
0
0
0
0
0
0
0
0
0
0
0
0
0
0
0
0
0
0
0
0
0
0
0
0
0
0
0
0
0
0
0
0
0
0
0
0
0
0
0
0
0
0
0
0
0
0
0
0
0
0
0
0
0
0
0
0
0
0
0
0
0
0
0
0
0
0
0
0
0
0
0
0
0
0
0
0
0
0
0
0
0
0
0
0
0
0
0
0
0
0
0
0
0
0
0
0
0
0
0
0
0
0
0
0
0
0
0
0
0
0
0
0
0
0
0
0
0
0
0
0
0
0
0
0
0
0
0
0
0
0
0
0
0
0
0
0
0
0
0
0
0
0
0
0
0
0
0
0
0
0
0
0
0
0
0
0
0
0
0
0
0
0
0
0
0
0
0
0
0
0
0
0
0
0
0
0
0
0
0
0
0
0
0
0
0
0
0
0
0
0
0
0
0
0
0
0
0
0
0
0
0
0
0
0
0
0
0
0
0
0
0
0
0
0
0
0
0
0
0
0
0
0
0
0
0
0
0
0
0
0
0
0
0
0
0
0
0
0
0
0
0
0
0
0
0
0
0
0
0
0
0
0
0
0
0
0
0
0
0
0
0
0
0
0
0
0
0
0
0
0
0
0
0
0
0
0
0
0
0
0
0
0
0
0
0
0
0
0
0
0
0
0
0
0
0
0
0
0
0
0
0
0
0
0
0
0
0
0
0
0
0
0
0
0
0
0
0
0
0
0
0
0
0
0
0
0
0
0
0
0
0
0
0
0
0
0
0
0
0
0
0
0
0
0
0
0
0
0
0
0
0
0
0
0
0
0
0
0
0
0
0
0
0
0
0
0
0
0
0
0
0
0
0
0
0
0
0
0
0
0
0
0
0
0
0
0
0
0
0
0
0
0
0
0
0
0
0
0
0
0
0
0
0
0
0
0
0
0
0
0
0
0
0
0
0
0
0
0
0
0
0
0
0
0
0
0
0
0
0
0
0
0
0
0
0
0
0
0
0
0
0
0
0
0
0
0
0
0
0
0
0
0
0
0
0
0
0
0
0
0
0
0
0
0
0
0
0
0
0
0
0
0
0
0
0
0
0
0
0
0
0
0
0
0
0
0
0
0
0
0
0
0
0
0
0
0
0
0
0
0
0
0
0
0
0
0
0
0
0
0
0
0
0
0
0
0
0
0
0
0
0
0
0
0
0
0
0
0
0
0
0
0
0
0
0
0
0
0
0
0
0
0
0
0
0
0
0
0
0
0
0
0
0
0
0
0
0
0
0
0
0
0
0
0
0
0
0
0
0
0
0
0
0
0
0
0
0
0
0
0
0
0
0
0
0
0
0
0
0
0
0
0
0
0
0
0
0
0
0
0
0
0
0
0
0
0
0
0
0
0
0
0
0
0
0
0
0
0
0
0
0
0
0
0
0
0
0
0
0
0
0
0
0
0
0
0
0
0
0
0
0
0
0
0
0
0
0
0
0
0
0
0
0
0
0
0
0
0
0
0
0
0
0
0
0
0
0
0
0
0
0
0
0
0
0
0
0
0
0
0
0
0
0
0
0
0
0
0
0
0
0
0
0
0
0
0
0
0
0
0
0
0
0
0
0
0
0
0
0
0
0
0
0
0
0
0
0
0
0
0
0
0
0
0
0
0
0
0
0
0
0
0
0
0
0
0
0
0
0
0
0
0
0
0
0
0
0
0
0
0
0
0
0
0
0
0
0
0
0
0
0
0
0
0
0
0
0
0
0
0
0
0
0
0
0
0
0
0
0
0
0
0
0
0
0
0
0
0
0
0
0
0
0
0
0
0
0
0
0
0
0
0
0
0
0
0
0
0
0
0
0
0
0
0
0
0
0
0
0
0
0
0
0
0
0
0
0
0
0
0
0
0
0
0
0
0
0
0
0
0
0
0
0
0
0
0
0
0
0
0
0
0
0
0
0
0
0
0
0
0
0
0
0
0
0
0
0
0
0
0
0
0
0
0
0
0
0
0
0
0
0
0
0
0
0
0
0
0
0
0
0
0
0
0
0
0
0
0
0
0
0
0
0
0
0
0
0
0
0
0
0
0
0
0
0
0
0
0
0
0
0
0
0
0
0
0
0
0
0
0
0
0
0
0
0
0
0
0
0
0
0
0
0
0
0
0
0
0
0
0
0
0
0
0
0
0
0
0
0
0
0
0
0
0
0
0
0
0
0
0
0
0
0
0
0
0
0
0
0
0
0
0
0
0
0
0
0
0
0
0
0
0
0
0
0
0
0
0
0
0
0
0
0
0
0
0
0
0
0
0
0
0
0
0
0
0
0
0
0
0
0
0
0
0
0
0
0
0
0
0
0
0
0
0
0
0
0
0
0
0
0
0
0
0
0
0
0
0
0
0
0
0
0
0
0
0
0
0
0
0
0
0
0
0
0
0
0
0
0
0
0
0
0
0
0
0
0
0
0
0
0
0
0
0
0
0
0
0
0
0
0
0
0
0
0
0
0
0
0
0
0
0
0
0
0
0
0
0
0
0
0
0
0
0
0
0
0
0
0
0
0
0
0
0
0
0
0
0
0
0
0
0
0
0
0
0
0
0
0
0
0
0
0
0
0
0
0
0
0
0
0
0
0
0
0
0
0
0
0
0
0
0
0
0
0
0
0
0
0
0
0
0
0
0
0
0
0
0
0
0
0
0
0
0
0
0
0
0
0
0
0
0
0
0
0
0
0
0
0
0
0
0
0
0
0
0
0
0
0
0
0
0
0
0
0
0
0
0
0
0
0
0
0
0
0
0
0
0
0
0
0
0
0
0
0
0
0
0
0
0
0
0
0
0
0
0
0
0
0
0
0
0
0
0
0
0
0
0
0
0
0
0
0
0
0
0
0
0
0
0
0
0
0
0
0
0
0
0
0
0
0
0
0
0
0
0
0
0
0
0
0
0
0
0
0
0
0
0
0
0
0
0
0
0
0
0
0
0
0
0
0
0
0
0
0
0
0
0
0
0
0
0
0
0
0
0
0
0
0
0
0
0
0
0
0
0
0
0
0
0
0
0
0
0
0
0
0
0
0
0
0
0
0
0
0
0
0
0
0
0
0
0
0
0
0
0
0
0
0
0
0
0
0
0
0
0
0
0
0
0
0
0
0
0
0
0
0
0
0
0
0
0
0
0
0
0
0
0
0
0
0
0
0
0
0
0
0
0
0
0
0
0
0
0
0
0
0
0
0
0
0
0
0
0
0
0
0
0
0
0
0
0
0
0
0
0
0
0
0
0
0
0
0
0
0
0
0
0
0
0
0
0
0
0
0
0
0
0
0
0
0
0
0
0
0
0
0
0
0
0
0
0
0
0
0
0
0
0
0
0
0
0
0
0
0
0
0
0
0
0
0
0
0
0
0
0
0
0
0
0
0
0
0
0
0
0
0
0
0
0
0
0
0
0
0
0
0
0
0
0
0
0
0
0
0
0
0
0
0
0
0
0
0
0
0
0
0
0
0
0
0
0
0
0
0
0
0
0
0
0
0
0
0
0
0
0
0
0
0
0
0
0
0
0
0
0
0
0
0
0
0
0
0
0
0
0
0
0
0
0
0
0
0
0
0
0
0
0
0
0
0
0
0
0
0
0
0
0
0
0
0
0
0
0
0
0
0
0
0
0
0
0
0
0
0
0
0
0
0
0
0
0
0
0
0
0
0
0
0
0
0
0
0
0
0
0
0
0
0
0
0
0
0
0
0
0
0
0
0
0
0
0
0
0
0
0
0
0
0
0
0
0
0
0
0
0
0
0
0
0
0
0
0
0
0
0
0
0
0
0
0
0
0
0
0
0
0
0
0
0
0
0
0
0
0
0
0
0
0
0
0
0
0
0
0
0
0
0
0
0
0
0
0
0
0
0
0
0
0
0
0
0
0
0
0
0
0
0
0
0
0
0
0
0
0
0
0
0
0
0
0
0
0
0
0
0
0
0
0
0
0
0
0
0
0
0
0
0
0
0
0
0
0
0
0
0
0
0
0
0
0
0
0
0
0
0
0
0
0
0
0
0
0
0
0
0
0
0
0
0
0
0
0
0
0
0
0
0
0
0
0
0
0
0
0
0
0
0
0
0
0
0
0
0
0
0
0
0
0
0
0
0
0
0
0
0
0
0
0
0
0
0
0
0
0
0
0
0
0
0
0
0
0
0
0
0
0
0
0
0
0
0
0
0
0
0
0
0
0
0
0
0
0
0
0
0
0
0
0
0
0
0
0
0
0
0
0
0
0
0
0
0
0
0
0
0
0
0
0
0
0
0
0
0
0
0
0
0
0
0
0
0
0
0
0
0
0
0
0
0
0
0
0
0
0
0
0
0
0
0
0
0
0
0
0
0
0
0
0
0
0
0
0
0
0
0
0
0
0
0
0
0
0
0
0
0
0
0
0
0
0
0
0
0
0
0
0
0
0
0
0
0
0
0
0
0
0
0
0
0
0
0
0
0
0
0
0
0
0
0
0
0
0
0
0
0
0
0
0
0
0
0
0
0
0
0
0
0
0
0
0
0
0
0
0
0
0
0
0
0
0
0
0
0
0
0
0
0
0
0
0
0
0
0
0
0
0
0
0
0
0
0
0
0
0
0
0
0
0
0
0
0
0
0
0
0
0
0
0
0
0
0
0
0
0
0
0
0
0
0
0
0
0
0
0
0
0
0
0
0
0
0
0
0
0
0
0
0
0
0
0
0
0
0
0
0
0
0
0
0
0
0
0
0
0
0
0
0
0
0
0
0
0
0
0
0
0
0
0
0
0
0
0
0
0
0
0
0
0
0
0
0
0
0
0
0
0
0
0
0
0
0
0
0
0
0
0
0
0
0
0
0
0
0
0
0
0
0
0
0
0
0
0
0
0
0
0
0
0
0
0
0
0
0
0
0
0
0
0
0
0
0
0
0
0
0
0
0
0
0
0
0
0
0
0
0
0
0
0
0
0
0
0
0
0
0
0
0
0
0
0
0
0
0
0
0
0
0
0
0
0
0
0
0
0
0
0
0
0
0
0
0
0
0
0
0
0
0
0
0
0
0
0
0
0
0
0
0
0
0
0
0
0
0
0
0
0
0
0
0
0
0
0
0
0
0
0
0
0
0
0
0
0
0
0
0
0
0
0
0
0
0
0
0
0
0
0
0
0
0
0
0
0
0
0
0
0
0
0
0
0
0
0
0
0
0
0
0
0
0
0
0
0
0
0
0
0
0
0
0
0
0
0
0
0
0
0
0
0
0
0
0
0
0
0
0
0
0
0
0
0
0
0
0
0
0
0
0
0
0
0
0
0
0
0
0
0
0
0
0
0
0
0
0
0
0
0
0
0
0
0
0
0
0
0
0
0
0
0
0
0
0
0
0
0
0
0
0
0
0
0
0
0
0
0
0
0
0
0
0
0
0
0
0
0
0
0
0
0
0
0
0
0
0
0
0
0
0
0
0
0
0
0
0
0
0
0
0
0
0
0
0
0
0
0
0
0
0
0
0
0
0
0
0
0
0
0
0
0
0
0
0
0
0
0
0
0
0
0
0
0
0
0
0
0
0
0
0
0
0
0
0
0
0
0
0
0
0
0
0
0
0
0
0
0
0
0
0
0
0
0
0
0
0
0
0
0
0
0
0
0
0
0
0
0
0
0
0
0
0
0
0
0
0
0
0
0
0
0
0
0
0
0
0
0
0
0
0
0
0
0
0
0
0
0
0
0
0
0
0
0
0
0
0
0
0
0
0
0
0
0
0
0
0
0
0
0
0
0
0
0
0
0
0
0
0
0
0
0
0
0
0
0
0
0
0
0
0
0
0
0
0
0
0
0
0
0
0
0
0
0
0
0
0
0
0
0
0
0
0
0
0
0
0
0
0
0
0
0
0
0
0
0
0
0
0
0
0
0
0
0
0
0
0
0
0
0
0
0
0
0
0
0
0
0
0
0
0
0
0
0
0
0
0
0
0
0
0
0
0
0
0
0
0
0
0
0
0
0
0
0
0
0
0
0
0
0
0
0
0
0
0
0
0
0
0
0
0
0
0
0
0
0
0
0
0
0
0
0
0
0
0
0
0
0
0
0
0
0
0
0
0
0
0
0
0
0
0
0
0
0
0
0
0
0
0
0
0
0
0
0
0
0
0
0
0
0
0
0
0
0
0
0
0
0
0
0
0
0
0
0
0
0
0
0
0
0
0
0
0
0
0
0
0
0
0
0
0
0
0
0
0
0
0
0
0
0
0
0
0
0
0
0
0
0
0
0
0
0
0
0
0
0
0
0
0
0
0
0
0
0
0
0
0
0
0
0
0
0
0
0
0
0
0
0
0
0
0
0
0
0
0
0
0
0
0
0
0
0
0
0
0
0
0
0
0
0
0
0
0
0
0
0
0
0
0
0
0
0
0
0
0
0
0
0
0
0
0
0
0
0
0
0
0
0
0
0
0
0
0
0
0
0
0
0
0
0
0
0
0
0
0
0
0
0
0
0
0
0
0
0
0
0
0
0
0
0
0
0
0
0
0
0
0
0
0
0
0
0
0
0
0
0
0
0
0
0
0
0
0
0
0
0
0
0
0
0
0
0
0
0
0
0
0
0
0
0
0
0
0
0
0
0
0
0
0
0
0
0
0
0
0
0
0
0
0
0
0
0
0
0
0
0
0
0
0
0
0
0
0
0
0
0
0
0
0
0
0
0
0
0
0
0
0
0
0
0
0
0
0
0
0
0
0
0
0
0
0
0
0
0
0
0
0
0
0
0
0
0
0
0
0
0
0
0
0
0
0
0
0
0
0
0
0
0
0
0
0
0
0
0
0
0
0
0
0
0
0
0
0
0
0
0
0
0
0
0
0
0
0
0
0
0
0
0
0
0
0
0
0
0
0
0
0
0
0
0
0
0
0
0
0
0
0
0
0
0
0
0
0
0
0
0
0
0
0
0
0
0
0
0
0
0
0
0
0
0
0
0
0
0
0
0
0
0
0
0
0
0
0
0
0
0
0
0
0
0
0
0
0
0
0
0
0
0
0
0
0
0
0
0
0
0
0
0
0
0
0
0
0
0
0
0
0
0
0
0
0
0
0
0
0
0
0
0
0
0
0
0
0
0
0
0
0
0
0
0
0
0
0
0
0
0
0
0
0
0
0
0
0
0
0
0
0
0
0
0
0
0
0
0
0
0
0
0
0
0
0
0
0
0
0
0
0
0
0
0
0
0
0
0
0
0
0
0
0
0
0
0
0
0
0
0
0
0
0
0
0
0
0
0
0
0
0
0
0
0
0
0
0
0
0
0
0
0
0
0
0
0
0
0
0
0
0
0
0
0
0
0
0
0
0
0
0
0
0
0
0
0
0
0
0
0
0
0
0
0
0
0
0
0
0
0
0
0
0
0
0
0
0
0
0
0
0
0
0
0
0
0
0
0
0
0
0
0
0
0
0
0
0
0
0
0
0
0
0
0
0
0
0
0
0
0
0
0
0
0
0
0
0
0
0
0
0
0
0
0
0
0
0
0
0
0
0
0
0
0
0
0
0
0
0
0
0
0
0
0
0
0
0
0
0
0
0
0
0
0
0
0
0
0
0
0
0
0
0
0
0
0
0
0
0
0
0
0
0
0
0
0
0
0
0
0
0
0
0
0
0
0
0
0
0
0
0
0
0
0
0
0
0
0
0
0
0
0
0
0
0
0
0
0
0
0
0
0
0
0
0
0
0
0
0
0
0
0
0
0
0
0
0
0
0
0
0
0
0
0
0
0
0
0
0
0
0
0
0
0
0
0
0
0
0
0
0
0
0
0
0
0
0
0
0
0
0
0
0
0
0
0
0
0
0
0
0
0
0
0
0
0
0
0
0
0
0
0
0
0
0
0
0
0
0
0
0
0
0
0
0
0
0
0
0
0
0
0
0
0
0
0
0
0
0
0
0
0
0
0
0
0
0
0
0
0
0
0
0
0
0
0
0
0
0
0
0
0
0
0
0
0
0
0
0
0
0
0
0
0
0
0
0
0
0
0
0
0
0
0
0
0
0
0
0
0
0
0
0
0
0
0
0
0
0
0
0
0
0
0
0
0
0
0
0
0
0
0
0
0
0
0
0
0
0
0
0
0
0
0
0
0
0
0
0
0
0
0
0
0
0
0
0
0
0
0
0
0
0
0
0
0
0
0
0
0
0
0
0
0
0
0
0
0
0
0
0
0
0
0
0
0
0
0
0
0
0
0
0
0
0
0
0
0
0
0
0
0
0
0
0
0
0
0
0
0
0
0
0
0
0
0
0
0
0
0
0
0
0
0
0
0
0
0
0
0
0
0
0
0
0
0
0
0
0
0
0
0
0
0
0
0
0
0
0
0
0
0
0
0
0
0
0
0
0
0
0
0
0
0
0
0
0
0
0
0
0
0
0
0
0
0
0
0
0
0
0
0
0
0
0
0
0
0
0
0
0
0
0
0
0
0
0
0
0
0
0
0
0
0
0
0
0
0
0
0
0
0
0
0
0
0
0
0
0
0
0
0
0
0
0
0
0
0
0
0
0
0
0
0
0
0
0
0
0
0
0
0
0
0
0
0
0
0
0
0
0
0
0
0
0
0
0
0
0
0
0
0
0
0
0
0
0
0
0
0
0
0
0
0
0
0
0
0
0
0
0
0
0
0
0
0
0
0
0
0
0
0
0
0
0
0
0
0
0
0
0
0
0
0
0
0
0
0
0
0
0
0
0
0
0
0
0
0
0
0
0
0
0
0
0
0
0
0
0
0
0
0
0
0
0
0
0
0
0
0
0
0
0
0
0
0
0
0
0
0
0
0
0
0
0
0
0
0
0
0
0
0
0
0
0
0
0
0
0
0
0
0
0
0
0
0
0
0
0
0
0
0
0
0
0
0
0
0
0
0
0
0
0
0
0
0
0
0
0
0
0
0
0
0
0
0
0
0
0
0
0
0
0
0
0
0
0
0
0
0
0
0
0
0
0
0
0
0
0
0
0
0
0
0
0
0
0
0
0
0
0
0
0
0
0
0
0
0
0
0
0
0
0
0
0
0
0
0
0
0
0
0
0
0
0
0
0
0
0
0
0
0
0
0
0
0
0
0
0
0
0
0
0
0
0
0
0
0
0
0
0
0
0
0
0
0
0
0
0
0
0
0
0
0
0
0
0
0
0
0
0
0
0
0
0
0
0
0
0
0
0
0
0
0
0
0
0
0
0
0
0
0
0
0
0
0
0
0
0
0
0
0
0
0
0
0
0
0
0
0
0
0
0
0
0
0
0
0
0
0
0
0
0
0
0
0
0
0
0
0
0
0
0
0
0
0
0
0
0
0
0
0
0
0
0
0
0
0
0
0
0
0
0
0
0
0
0
0
0
0
0
0
0
0
0
0
0
0
0
0
0
0
0
0
0
0
0
0
0
0
0
0
0
0
0
0
0
0
0
0
0
0
0
0
0
0
0
0
0
0
0
0
0
0
0
0
0
0
0
0
0
0
0
0
0
0
0
0
0
0
0
0
0
0
0
0
0
0
0
0
0
0
0
0
0
0
0
0
0
0
0
0
0
0
0
0
0
0
0
0
0
0
0
0
0
0
0
0
0
0
0
0
0
0
0
0
0
0
0
0
0
0
0
0
0
0
0
0
0
0
0
0
0
0
0
0
0
0
0
0
0
0
0
0
0
0
0
0
0
0
0
0
0
0
0
0
0
0
0
0
0
0
0
0
0
0
0
0
0
0
0
0
0
0
0
0
0
0
0
0
0
0
0
0
0
0
0
0
0
0
0
0
0
0
0
0
0
0
0
0
0
0
0
0
0
0
0
0
0
0
0
0
0
0
0
0
0
0
0
0
0
0
0
0
0
0
0
0
0
0
0
0
0
0
0
0
0
0
0
0
0
0
0
0
0
0
0
0
0
0
0
0
0
0
0
0
0
0
0
0
0
0
0
0
0
0
0
0
0
0
0
0
0
0
0
0
0
0
0
0
0
0
0
0
0
0
0
0
0
0
0
0
0
0
0
0
0
0
0
0
0
0
0
0
0
0
0
0
0
0
0
0
0
0
0
0
0
0
0
0
0
0
0
0
0
0
0
0
0
0
0
0
0
0
0
0
0
0
0
0
0
0
0
0
0
0
0
0
0
0
0
0
0
0
0
0
0
0
0
0
0
0
0
0
0
0
0
0
0
0
0
0
0
0
0
0
0
0
0
0
0
0
0
0
0
0
0
0
0
0
0
0
0
0
0
0
0
0
0
0
0
0
0
0
0
0
0
0
0
0
0
0
0
0
0
0
0
0
0
0
0
0
0
0
0
0
0
0
0
0
0
0
0
0
0
0
0
0
0
0
0
0
0
0
0
0
0
0
0
0
0
0
0
0
0
0
0
0
0
0
0
0
0
0
0
0
0
0
0
0
0
0
0
0
0
0
0
0
0
0
0
0
0
0
0
0
0
0
0
0
0
0
0
0
0
0
0
0
0
0
0
0
0
0
0
0
0
0
0
0
0
0
0
0
0
0
0
0
0
0
0
0
0
0
0
0
0
0
0
0
0
0
0
0
0
0
0
0
0
0
0
0
0
0
0
0
0
0
0
0
0
0
0
0
0
0
0
0
0
0
0
0
0
0
0
0
0
0
0
0
0
0
0
0
0
0
0
0
0
0
0
0
0
0
0
0
0
0
0
0
0
0
0
0
0
0
0
0
0
0
0
0
0
0
0
0
0
0
0
0
0
0
0
0
0
0
0
0
0
0
0
0
0
0
0
0
0
0
0
0
0
0
0
0
0
0
0
0
0
0
0
0
0
0
0
0
0
0
0
0
0
0
0
0
0
0
0
0
0
0
0
0
0
0
0
0
0
0
0
0
0
0
0
0
0
0
0
0
0
0
0
0
0
0
0
0
0
0
0
0
0
0
0
0
0
0
0
0
0
0
0
0
0
0
0
0
0
0
0
0
0
0
0
0
0
0
0
0
0
0
0
0
0
0
0
0
0
0
0
0
0
0
0
0
0
0
0
0
0
0
0
0
0
0
0
0
0
0
0
0
0
0
0
0
0
0
0
0
0
0
0
0
0
0
0
0
0
0
0
0
0
0
0
0
0
0
0
0
0
0
0
0
0
0
0
0
0
0
0
0
0
0
0
0
0
0
0
0
0
0
0
0
0
0
0
0
0
0
0
0
0
0
0
0
0
0
0
0
0
0
0
0
0
0
0
0
0
0
0
0
0
0
0
0
0
0
0
0
0
0
0
0
0
0
0
0
0
0
0
0
0
0
0
0
0
0
0
0
0
0
0
0
0
0
0
0
0
0
0
0
0
0
0
0
0
0
0
0
0
0
0
0
0
0
0
0
0
0
0
0
0
0
0
0
0
0
0
0
0
0
0
0
0
0
0
0
0
0
0
0
0
0
0
0
0
0
0
0
0
0
0
0
0
0
0
0
0
0
0
0
0
0
0
0
0
0
0
0
0
0
0
0
0
0
0
0
0
0
0
0
0
0
0
0
0
0
0
0
0
0
0
0
0
0
0
0
0
0
0
0
0
0
0
0
0
0
0
0
0
0
0
0
0
0
0
0
0
0
0
0
0
0
0
0
0
0
0
0
0
0
0
0
0
0
0
0
0
0
0
0
0
0
0
0
0
0
0
0
0
0
0
0
0
0
0
0
0
0
0
0
0
0
0
0
0
0
0
0
0
0
0
0
0
0
0
0
0
0
0
0
0
0
0
0
0
0
0
0
0
0
0
0
0
0
0
0
0
0
0
0
0
0
0
0
0
0
0
0
0
0
0
0
0
0
0
0
0
0
0
0
0
0
0
0
0
0
0
0
0
0
0
0
0
0
0
0
0
0
0
0
0
0
0
0
0
0
0
0
0
0
0
0
0
0
0
0
0
0
0
0
0
0
0
0
0
0
0
0
0
0
0
0
0
0
0
0
0
0
0
0
0
0
0
0
0
0
0
0
0
0
0
0
0
0
0
0
0
0
0
0
0
0
0
0
0
0
0
0
0
0
0
0
0
0
0
0
0
0
0
0
0
0
0
0
0
0
0
0
0
0
0
0
0
0
0
0
0
0
0
0
0
0
0
0
0
0
0
0
0
0
0
0
0
0
0
0
0
0
0
0
0
0
0
0
0
0
0
0
0
0
0
0
0
0
0
0
0
0
0
0
0
0
0
0
0
0
0
0
0
0
0
0
0
0
0
0
0
0
0
0
0
0
0
0
0
0
0
0
0
0
0
0
0
0
0
0
0
0
0
0
0
0
0
0
0
0
0
0
0
0
0
0
0
0
0
0
0
0
0
0
0
0
0
0
0
0
0
0
0
0
0
0
0
0
0
0
0
0
0
0
0
0
0
0
0
0
0
0
0
0
0
0
0
0
0
0
0
0
0
0
0
0
0
0
0
0
0
0
0
0
0
0
0
0
0
0
0
0
0
0
0
0
0
0
0
0
0
0
0
0
0
0
0
0
0
0
0
0
0
0
0
0
0
0
0
0
0
0
0
0
0
0
0
0
0
0
0
0
0
0
0
0
0
0
0
0
0
0
0
0
0
0
0
0
0
0
0
0
0
0
0
0
0
0
0
0
0
0
0
0
0
0
0
0
0
0
0
0
0
0
0
0
0
0
0
0
0
0
0
0
0
0
0
0
0
0
0
0
0
0
0
0
0
0
0
0
0
0
0
0
0
0
0
0
0
0
0
0
0
0
0
0
0
0
0
0
0
0
0
0
0
0
0
0
0
0
0
0
0
0
0
0
0
0
