0
0
0
0
0
0
0
0
0
0
0
0
0
0
0
0
0
0
0
0
0
0
0
0
0
0
0
0
0
0
0
0
0
0
0
0
0
0
0
0
0
0
0
0
0
0
0
0
0
0
0
0
0
0
0
0
0
0
0
0
0
0
0
0
0
0
0
0
0
0
0
0
0
0
0
0
0
0
0
0
0
0
0
0
0
0
0
0
0
0
0
0
0
0
0
0
0
0
0
0
0
0
0
0
0
0
0
0
0
0
0
0
0
0
0
0
0
0
0
0
0
0
0
0
0
0
0
0
0
0
0
0
0
0
0
0
0
0
0
0
0
0
0
0
0
0
0
0
0
0
0
0
0
0
0
0
0
0
0
0
0
0
0
0
0
0
0
0
0
0
0
0
0
0
0
0
0
0
0
0
0
0
0
0
4094
4093
0
0
0
0
0
0
4093
4093
0
0
0
0
0
0
4094
4094
0
0
0
0
0
0
4094
4093
0
0
0
0
0
0
4094
4095
0
0
0
0
0
0
4094
4093
0
0
0
0
0
0
4094
4094
0
0
0
0
0
0
4094
4094
0
0
0
0
0
0
4093
4093
0
0
0
0
0
0
4093
4093
0
0
0
0
0
0
4094
4093
0
0
0
0
0
0
4094
4095
0
0
0
0
0
0
4093
4093
0
0
0
0
0
0
4095
4093
0
0
0
0
0
0
4093
4095
0
0
0
0
0
0
4092
4092
0
0
0
0
0
0
0
4095
0
0
0
0
0
0
4093
1
0
0
0
0
0
0
4094
4090
0
0
0
0
0
0
1
4095
0
0
0
0
0
0
4090
4095
0
0
0
0
0
0
4092
4088
0
0
0
0
0
0
2
2
0
0
0
0
0
0
4088
4095
0
0
0
0
0
0
1
4090
0
0
0
0
0
0
2
5
0
0
0
0
0
0
4087
4092
0
0
0
0
0
0
2
4089
0
0
0
0
0
0
0
6
0
0
0
0
0
0
4085
4088
0
0
0
0
0
0
4
4091
0
0
0
0
0
0
4093
6
0
0
0
0
0
0
4087
4084
0
0
0
0
0
0
8
0
0
0
0
0
0
0
4089
7
0
0
0
0
0
0
4088
4081
0
0
0
0
0
0
11
5
0
0
0
0
0
0
4083
3
0
0
0
0
0
0
4091
4079
0
0
0
0
0
0
10
9
0
0
0
0
0
0
4079
4095
0
0
0
0
0
0
1
4078
0
0
0
0
0
0
7
15
0
0
0
0
0
0
4075
4087
0
0
0
0
0
0
9
4081
0
0
0
0
0
0
4
19
0
0
0
0
0
0
4074
4078
0
0
0
0
0
0
17
4090
0
0
0
0
0
0
4091
18
0
0
0
0
0
0
4076
4072
0
0
0
0
0
0
23
1
0
0
0
0
0
0
4082
16
0
0
0
0
0
0
4082
4066
0
0
0
0
0
0
25
13
0
0
0
0
0
0
4071
8
0
0
0
0
0
0
4092
4062
0
0
0
0
0
0
23
24
0
0
0
0
0
0
4064
4094
0
0
0
0
0
0
8
4065
0
0
0
0
0
0
17
32
0
0
0
0
0
0
4059
4081
0
0
0
0
0
0
22
4074
0
0
0
0
0
0
6
36
0
0
0
0
0
0
4058
4065
0
0
0
0
0
0
32
4087
0
0
0
0
0
0
4089
36
0
0
0
0
0
0
4065
4054
0
0
0
0
0
0
40
7
0
0
0
0
0
0
4071
29
0
0
0
0
0
0
4076
4045
0
0
0
0
0
0
44
25
0
0
0
0
0
0
4056
15
0
0
0
0
0
0
4092
4044
0
0
0
0
0
0
39
42
0
0
0
0
0
0
4043
4091
0
0
0
0
0
0
17
4050
0
0
0
0
0
0
28
56
0
0
0
0
0
0
4037
4069
0
0
0
0
0
0
36
4064
0
0
0
0
0
0
9
60
0
0
0
0
0
0
4038
4047
0
0
0
0
0
0
53
4085
0
0
0
0
0
0
4082
58
0
0
0
0
0
0
4049
4029
0
0
0
0
0
0
65
15
0
0
0
0
0
0
4057
44
0
0
0
0
0
0
4069
4018
0
0
0
0
0
0
68
42
0
0
0
0
0
0
4033
19
0
0
0
0
0
0
4095
4018
0
0
0
0
0
0
58
67
0
0
0
0
0
0
4017
4087
0
0
0
0
0
0
28
4029
0
0
0
0
0
0
39
83
0
0
0
0
0
0
4011
4055
0
0
0
0
0
0
56
4052
0
0
0
0
0
0
10
89
0
0
0
0
0
0
4016
4023
0
0
0
0
0
0
80
4085
0
0
0
0
0
0
4073
81
0
0
0
0
0
0
4032
3999
0
0
0
0
0
0
94
27
0
0
0
0
0
0
4037
60
0
0
0
0
0
0
4062
3987
0
0
0
0
0
0
94
65
0
0
0
0
0
0
4008
26
0
0
0
0
0
0
4
3989
0
0
0
0
0
0
79
96
0
0
0
0
0
0
3986
4080
0
0
0
0
0
0
44
4007
0
0
0
0
0
0
50
116
0
0
0
0
0
0
3979
4034
0
0
0
0
0
0
83
4042
0
0
0
0
0
0
12
122
0
0
0
0
0
0
3988
3993
0
0
0
0
0
0
112
4087
0
0
0
0
0
0
4060
107
0
0
0
0
0
0
4016
3966
0
0
0
0
0
0
127
41
0
0
0
0
0
0
4015
76
0
0
0
0
0
0
4057
3952
0
0
0
0
0
0
125
92
0
0
0
0
0
0
3976
30
0
0
0
0
0
0
11
3958
0
0
0
0
0
0
102
132
0
0
0
0
0
0
3951
4069
0
0
0
0
0
0
65
3986
0
0
0
0
0
0
62
155
0
0
0
0
0
0
3945
4011
0
0
0
0
0
0
112
4032
0
0
0
0
0
0
9
159
0
0
0
0
0
0
3962
3960
0
0
0
0
0
0
149
4092
0
0
0
0
0
0
4044
136
0
0
0
0
0
0
3999
3924
0
0
0
0
0
0
164
62
0
0
0
0
0
0
3987
92
0
0
0
0
0
0
4053
3912
0
0
0
0
0
0
158
123
0
0
0
0
0
0
3940
30
0
0
0
0
0
0
23
3923
0
0
0
0
0
0
126
172
0
0
0
0
0
0
3912
4055
0
0
0
0
0
0
89
3963
0
0
0
0
0
0
72
197
0
0
0
0
0
0
3908
3982
0
0
0
0
0
0
149
4024
0
0
0
0
0
0
3
197
0
0
0
0
0
0
3932
3921
0
0
0
0
0
0
189
4
0
0
0
0
0
0
4024
165
0
0
0
0
0
0
3983
3882
0
0
0
0
0
0
206
86
0
0
0
0
0
0
3953
106
0
0
0
0
0
0
4051
3869
0
0
0
0
0
0
192
160
0
0
0
0
0
0
3900
29
0
0
0
0
0
0
37
3889
0
0
0
0
0
0
147
215
0
0
0
0
0
0
3868
4036
0
0
0
0
0
0
118
3941
0
0
0
0
0
0
80
244
0
0
0
0
0
0
3870
3950
0
0
0
0
0
0
187
4018
0
0
0
0
0
0
4091
237
0
0
0
0
0
0
3903
3878
0
0
0
0
0
0
234
17
0
0
0
0
0
0
3999
195
0
0
0
0
0
0
3967
3832
0
0
0
0
0
0
249
115
0
0
0
0
0
0
3916
121
0
0
0
0
0
0
4054
3824
0
0
0
0
0
0
227
201
0
0
0
0
0
0
3854
23
0
0
0
0
0
0
55
3853
0
0
0
0
0
0
169
264
0
0
0
0
0
0
3823
4012
0
0
0
0
0
0
151
3920
0
0
0
0
0
0
85
291
0
0
0
0
0
0
3829
3910
0
0
0
0
0
0
230
4015
0
0
0
0
0
0
4078
279
0
0
0
0
0
0
3874
3829
0
0
0
0
0
0
282
33
0
0
0
0
0
0
3970
223
0
0
0
0
0
0
3954
3782
0
0
0
0
0
0
292
148
0
0
0
0
0
0
3875
131
0
0
0
0
0
0
4058
3776
0
0
0
0
0
0
262
247
0
0
0
0
0
0
3806
14
0
0
0
0
0
0
80
3817
0
0
0
0
0
0
190
317
0
0
0
0
0
0
3774
3985
0
0
0
0
0
0
190
3901
0
0
0
0
0
0
87
343
0
0
0
0
0
0
3788
3868
0
0
0
0
0
0
278
4017
0
0
0
0
0
0
4060
320
0
0
0
0
0
0
3847
3778
0
0
0
0
0
0
332
55
0
0
0
0
0
0
3937
249
0
0
0
0
0
0
3943
3728
0
0
0
0
0
0
337
185
0
0
0
0
0
0
3831
139
0
0
0
0
0
0
4068
3729
0
0
0
0
0
0
296
299
0
0
0
0
0
0
3754
1
0
0
0
0
0
0
106
3782
0
0
0
0
0
0
210
372
0
0
0
0
0
0
3724
3952
0
0
0
0
0
0
232
3885
0
0
0
0
0
0
86
395
0
0
0
0
0
0
3747
3821
0
0
0
0
0
0
329
4022
0
0
0
0
0
0
4041
361
0
0
0
0
0
0
3821
3723
0
0
0
0
0
0
384
79
0
0
0
0
0
0
3901
274
0
0
0
0
0
0
3937
3674
0
0
0
0
0
0
384
228
0
0
0
0
0
0
3781
143
0
0
0
0
0
0
4080
3682
0
0
0
0
0
0
329
352
0
0
0
0
0
0
3701
4079
0
0
0
0
0
0
138
3751
0
0
0
0
0
0
223
429
0
0
0
0
0
0
3675
3916
0
0
0
0
0
0
277
3871
0
0
0
0
0
0
81
448
0
0
0
0
0
0
3708
3770
0
0
0
0
0
0
382
4030
0
0
0
0
0
0
4017
402
0
0
0
0
0
0
3798
3666
0
0
0
0
0
0
436
109
0
0
0
0
0
0
3859
295
0
0
0
0
0
0
3932
3617
0
0
0
0
0
0
430
275
0
0
0
0
0
0
3728
141
0
0
0
0
0
0
3
3636
0
0
0
0
0
0
360
408
0
0
0
0
0
0
3647
4057
0
0
0
0
0
0
174
3721
0
0
0
0
0
0
235
486
0
0
0
0
0
0
3625
3875
0
0
0
0
0
0
327
3865
0
0
0
0
0
0
72
499
0
0
0
0
0
0
3670
3717
0
0
0
0
0
0
437
4044
0
0
0
0
0
0
3987
439
0
0
0
0
0
0
3778
3606
0
0
0
0
0
0
490
144
0
0
0
0
0
0
3814
312
0
0
0
0
0
0
3934
3560
0
0
0
0
0
0
471
325
0
0
0
0
0
0
3675
136
0
0
0
0
0
0
24
3591
0
0
0
0
0
0
388
466
0
0
0
0
0
0
3591
4031
0
0
0
0
0
0
214
3695
0
0
0
0
0
0
242
544
0
0
0
0
0
0
3576
3829
0
0
0
0
0
0
379
3860
0
0
0
0
0
0
58
548
0
0
0
0
0
0
3635
3659
0
0
0
0
0
0
493
4062
0
0
0
0
0
0
3954
473
0
0
0
0
0
0
3762
3546
0
0
0
0
0
0
541
181
0
0
0
0
0
0
3766
326
0
0
0
0
0
0
3939
3507
0
0
0
0
0
0
515
378
0
0
0
0
0
0
3619
127
0
0
0
0
0
0
51
3550
0
0
0
0
0
0
411
527
0
0
0
0
0
0
3536
3999
0
0
0
0
0
0
256
3672
0
0
0
0
0
0
246
603
0
0
0
0
0
0
3529
3781
0
0
0
0
0
0
431
3860
0
0
0
0
0
0
40
595
0
0
0
0
0
0
3604
3601
0
0
0
0
0
0
550
4087
0
0
0
0
0
0
3917
503
0
0
0
0
0
0
3750
3486
0
0
0
0
0
0
594
224
0
0
0
0
0
0
3717
334
0
0
0
0
0
0
3950
3455
0
0
0
0
0
0
553
433
0
0
0
0
0
0
3563
113
0
0
0
0
0
0
81
3512
0
0
0
0
0
0
431
586
0
0
0
0
0
0
3482
3964
0
0
0
0
0
0
302
3655
0
0
0
0
0
0
243
659
0
0
0
0
0
0
3485
3729
0
0
0
0
0
0
486
3865
0
0
0
0
0
0
17
640
0
0
0
0
0
0
3575
3542
0
0
0
0
0
0
605
18
0
0
0
0
0
0
3877
528
0
0
0
0
0
0
3743
3428
0
0
0
0
0
0
642
271
0
0
0
0
0
0
3664
339
0
0
0
0
0
0
3964
3404
0
0
0
0
0
0
587
491
0
0
0
0
0
0
3507
93
0
0
0
0
0
0
115
3479
0
0
0
0
0
0
446
647
0
0
0
0
0
0
3429
3925
0
0
0
0
0
0
351
3643
0
0
0
0
0
0
239
714
0
0
0
0
0
0
3445
3676
0
0
0
0
0
0
542
3876
0
0
0
0
0
0
4086
680
0
0
0
0
0
0
3554
3482
0
0
0
0
0
0
660
49
0
0
0
0
0
0
3833
549
0
0
0
0
0
0
3740
3370
0
0
0
0
0
0
687
319
0
0
0
0
0
0
3610
336
0
0
0
0
0
0
3984
3359
0
0
0
0
0
0
616
548
0
0
0
0
0
0
3452
69
0
0
0
0
0
0
152
3450
0
0
0
0
0
0
456
704
0
0
0
0
0
0
3381
3882
0
0
0
0
0
0
400
3638
0
0
0
0
0
0
226
764
0
0
0
0
0
0
3409
3621
0
0
0
0
0
0
596
3892
0
0
0
0
0
0
4055
715
0
0
0
0
0
0
3534
3422
0
0
0
0
0
0
712
85
0
0
0
0
0
0
3787
564
0
0
0
0
0
0
3744
3316
0
0
0
0
0
0
729
369
0
0
0
0
0
0
3557
328
0
0
0
0
0
0
4008
3316
0
0
0
0
0
0
642
607
0
0
0
0
0
0
3398
40
0
0
0
0
0
0
192
3428
0
0
0
0
0
0
460
760
0
0
0
0
0
0
3334
3836
0
0
0
0
0
0
451
3636
0
0
0
0
0
0
211
811
0
0
0
0
0
0
3377
3566
0
0
0
0
0
0
651
3913
0
0
0
0
0
0
4021
745
0
0
0
0
0
0
3523
3367
0
0
0
0
0
0
762
126
0
0
0
0
0
0
3740
573
0
0
0
0
0
0
3753
3266
0
0
0
0
0
0
765
421
0
0
0
0
0
0
3505
316
0
0
0
0
0
0
4034
3281
0
0
0
0
0
0
661
664
0
0
0
0
0
0
3345
6
0
0
0
0
0
0
233
3410
0
0
0
0
0
0
459
813
0
0
0
0
0
0
3293
3788
0
0
0
0
0
0
501
3640
0
0
0
0
0
0
189
851
0
0
0
0
0
0
3352
3512
0
0
0
0
0
0
704
3940
0
0
0
0
0
0
3984
769
0
0
0
0
0
0
3517
3312
0
0
0
0
0
0
806
168
0
0
0
0
0
0
3691
575
0
0
0
0
0
0
3766
3220
0
0
0
0
0
0
797
474
0
0
0
0
0
0
3451
296
0
0
0
0
0
0
4067
3249
0
0
0
0
0
0
674
718
0
0
0
0
0
0
3300
4066
0
0
0
0
0
0
279
3400
0
0
0
0
0
0
451
861
0
0
0
0
0
0
3257
3739
0
0
0
0
0
0
552
3652
0
0
0
0
0
0
165
888
0
0
0
0
0
0
3331
3456
0
0
0
0
0
0
751
3968
0
0
0
0
0
0
3945
787
0
0
0
0
0
0
3516
3261
0
0
0
0
0
0
846
212
0
0
0
0
0
0
3643
573
0
0
0
0
0
0
3786
3180
0
0
0
0
0
0
822
527
0
0
0
0
0
0
3402
273
0
0
0
0
0
0
5
3227
0
0
0
0
0
0
680
769
0
0
0
0
0
0
3255
4026
0
0
0
0
0
0
325
3397
0
0
0
0
0
0
440
907
0
0
0
0
0
0
3228
3690
0
0
0
0
0
0
602
3668
0
0
0
0
0
0
134
917
0
0
0
0
0
0
3319
3405
0
0
0
0
0
0
797
4004
0
0
0
0
0
0
3902
797
0
0
0
0
0
0
3523
3214
0
0
0
0
0
0
882
259
0
0
0
0
0
0
3595
561
0
0
0
0
0
0
3809
3147
0
0
0
0
0
0
840
577
0
0
0
0
0
0
3354
244
0
0
0
0
0
0
42
3210
0
0
0
0
0
0
682
818
0
0
0
0
0
0
3218
3985
0
0
0
0
0
0
371
3400
0
0
0
0
0
0
423
945
0
0
0
0
0
0
3200
3640
0
0
0
0
0
0
649
3690
0
0
0
0
0
0
102
939
0
0
0
0
0
0
3312
3355
0
0
0
0
0
0
838
4040
0
0
0
0
0
0
3856
800
0
0
0
0
0
0
3535
3173
0
0
0
0
0
0
909
306
0
0
0
0
0
0
3548
546
0
0
0
0
0
0
3836
3117
0
0
0
0
0
0
855
627
0
0
0
0
0
0
3312
213
0
0
0
0
0
0
81
3200
0
0
0
0
0
0
677
863
0
0
0
0
0
0
3184
3940
0
0
0
0
0
0
415
3408
0
0
0
0
0
0
401
978
0
0
0
0
0
0
3184
3591
0
0
0
0
0
0
693
3717
0
0
0
0
0
0
66
955
0
0
0
0
0
0
3311
3309
0
0
0
0
0
0
874
4081
0
0
0
0
0
0
3815
798
0
0
0
0
0
0
3549
3135
0
0
0
0
0
0
932
352
0
0
0
0
0
0
3504
526
0
0
0
0
0
0
3868
3095
0
0
0
0
0
0
859
673
0
0
0
0
0
0
3274
176
0
0
0
0
0
0
123
3197
0
0
0
0
0
0
665
902
0
0
0
0
0
0
3158
3897
0
0
0
0
0
0
459
3423
0
0
0
0
0
0
374
1002
0
0
0
0
0
0
3172
3544
0
0
0
0
0
0
733
3748
0
0
0
0
0
0
28
964
0
0
0
0
0
0
3316
3267
0
0
0
0
0
0
905
28
0
0
0
0
0
0
3772
788
0
0
0
0
0
0
3574
3108
0
0
0
0
0
0
949
400
0
0
0
0
0
0
3462
498
0
0
0
0
0
0
3903
3083
0
0
0
0
0
0
859
716
0
0
0
0
0
0
3240
139
0
0
0
0
0
0
165
3201
0
0
0
0
0
0
647
934
0
0
0
0
0
0
3136
3850
0
0
0
0
0
0
502
3445
0
0
0
0
0
0
343
1022
0
0
0
0
0
0
3168
3500
0
0
0
0
0
0
770
3784
0
0
0
0
0
0
4084
964
0
0
0
0
0
0
3331
3232
0
0
0
0
0
0
928
70
0
0
0
0
0
0
3729
770
0
0
0
0
0
0
3600
3084
0
0
0
0
0
0
956
443
0
0
0
0
0
0
3424
467
0
0
0
0
0
0
3941
3078
0
0
0
0
0
0
850
755
0
0
0
0
0
0
3212
97
0
0
0
0
0
0
207
3213
0
0
0
0
0
0
623
962
0
0
0
0
0
0
3125
3807
0
0
0
0
0
0
542
3474
0
0
0
0
0
0
307
1032
0
0
0
0
0
0
3172
3461
0
0
0
0
0
0
799
3823
0
0
0
0
0
0
4044
957
0
0
0
0
0
0
3348
3201
0
0
0
0
0
0
945
113
0
0
0
0
0
0
3689
748
0
0
0
0
0
0
3633
3068
0
0
0
0
0
0
959
485
0
0
0
0
0
0
3391
431
0
0
0
0
0
0
3979
3078
0
0
0
0
0
0
836
789
0
0
0
0
0
0
3191
54
0
0
0
0
0
0
248
3232
0
0
0
0
0
0
594
981
0
0
0
0
0
0
3118
3763
0
0
0
0
0
0
577
3506
0
0
0
0
0
0
271
1035
0
0
0
0
0
0
3181
3423
0
0
0
0
0
0
824
3863
0
0
0
0
0
0
4002
943
0
0
0
0
0
0
3374
3178
0
0
0
0
0
0
956
157
0
0
0
0
0
0
3652
718
0
0
0
0
0
0
3667
3061
0
0
0
0
0
0
952
524
0
0
0
0
0
0
3363
393
0
0
0
0
0
0
4019
3088
0
0
0
0
0
0
814
817
0
0
0
0
0
0
3176
10
0
0
0
0
0
0
287
3258
0
0
0
0
0
0
563
994
0
0
0
0
0
0
3118
3722
0
0
0
0
0
0
608
3543
0
0
0
0
0
0
231
1031
0
0
0
0
0
0
3199
3393
0
0
0
0
0
0
843
3906
0
0
0
0
0
0
3962
923
0
0
0
0
0
0
3404
3160
0
0
0
0
0
0
960
199
0
0
0
0
0
0
3617
684
0
0
0
0
0
0
3706
3061
0
0
0
0
0
0
941
560
0
0
0
0
0
0
3340
350
0
0
0
0
0
0
4061
3105
0
0
0
0
0
0
788
838
0
0
0
0
0
0
3168
4062
0
0
0
0
0
0
324
3289
0
0
0
0
0
0
526
998
0
0
0
0
0
0
3126
3685
0
0
0
0
0
0
635
3584
0
0
0
0
0
0
189
1018
0
0
0
0
0
0
3223
3367
0
0
0
0
0
0
857
3950
0
0
0
0
0
0
3924
894
0
0
0
0
0
0
3438
3150
0
0
0
0
0
0
956
240
0
0
0
0
0
0
3586
645
0
0
0
0
0
0
3747
3069
0
0
0
0
0
0
920
588
0
0
0
0
0
0
3322
306
0
0
0
0
0
0
5
3128
0
0
0
0
0
0
755
852
0
0
0
0
0
0
3167
4020
0
0
0
0
0
0
359
3327
0
0
0
0
0
0
485
996
0
0
0
0
0
0
3144
3652
0
0
0
0
0
0
656
3627
0
0
0
0
0
0
147
999
0
0
0
0
0
0
3251
3346
0
0
0
0
0
0
863
3995
0
0
0
0
0
0
3887
861
0
0
0
0
0
0
3478
3147
0
0
0
0
0
0
946
277
0
0
0
0
0
0
3561
603
0
0
0
0
0
0
3790
3083
0
0
0
0
0
0
894
614
0
0
0
0
0
0
3312
260
0
0
0
0
0
0
44
3160
0
0
0
0
0
0
719
861
0
0
0
0
0
0
3173
3980
0
0
0
0
0
0
388
3368
0
0
0
0
0
0
444
987
0
0
0
0
0
0
3164
3622
0
0
0
0
0
0
673
3673
0
0
0
0
0
0
107
972
0
0
0
0
0
0
3286
3332
0
0
0
0
0
0
861
4038
0
0
0
0
0
0
3853
821
0
0
0
0
0
0
3521
3152
0
0
0
0
0
0
927
311
0
0
0
0
0
0
3541
556
0
0
0
0
0
0
3832
3105
0
0
0
0
0
0
862
632
0
0
0
0
0
0
3308
215
0
0
0
0
0
0
82
3197
0
0
0
0
0
0
676
862
0
0
0
0
0
0
3187
3943
0
0
0
0
0
0
413
3412
0
0
0
0
0
0
399
969
0
0
0
0
0
0
3195
3599
0
0
0
0
0
0
682
3721
0
0
0
0
0
0
66
940
0
0
0
0
0
0
3327
3326
0
0
0
0
0
0
854
4081
0
0
0
0
0
0
3823
777
0
0
0
0
0
0
3566
3165
0
0
0
0
0
0
902
340
0
0
0
0
0
0
3525
507
0
0
0
0
0
0
3876
3135
0
0
0
0
0
0
824
645
0
0
0
0
0
0
3310
169
0
0
0
0
0
0
116
3239
0
0
0
0
0
0
631
856
0
0
0
0
0
0
3207
3907
0
0
0
0
0
0
432
3460
0
0
0
0
0
0
352
944
0
0
0
0
0
0
3229
3578
0
0
0
0
0
0
686
3769
0
0
0
0
0
0
26
899
0
0
0
0
0
0
3371
3326
0
0
0
0
0
0
838
24
0
0
0
0
0
0
3796
728
0
0
0
0
0
0
3612
3184
0
0
0
0
0
0
872
365
0
0
0
0
0
0
3515
458
0
0
0
0
0
0
3919
3170
0
0
0
0
0
0
782
652
0
0
0
0
0
0
3320
126
0
0
0
0
0
0
148
3285
0
0
0
0
0
0
584
843
0
0
0
0
0
0
3232
3876
0
0
0
0
0
0
450
3513
0
0
0
0
0
0
306
912
0
0
0
0
0
0
3269
3565
0
0
0
0
0
0
683
3817
0
0
0
0
0
0
4086
854
0
0
0
0
0
0
3419
3334
0
0
0
0
0
0
817
61
0
0
0
0
0
0
3774
676
0
0
0
0
0
0
3662
3210
0
0
0
0
0
0
835
385
0
0
0
0
0
0
3513
408
0
0
0
0
0
0
3961
3213
0
0
0
0
0
0
735
651
0
0
0
0
0
0
3334
83
0
0
0
0
0
0
176
3336
0
0
0
0
0
0
534
822
0
0
0
0
0
0
3266
3850
0
0
0
0
0
0
460
3566
0
0
0
0
0
0
262
876
0
0
0
0
0
0
3313
3559
0
0
0
0
0
0
674
3864
0
0
0
0
0
0
4053
805
0
0
0
0
0
0
3468
3346
0
0
0
0
0
0
790
93
0
0
0
0
0
0
3757
623
0
0
0
0
0
0
3709
3243
0
0
0
0
0
0
793
401
0
0
0
0
0
0
3514
356
0
0
0
0
0
0
3998
3258
0
0
0
0
0
0
686
646
0
0
0
0
0
0
3357
44
0
0
0
0
0
0
201
3391
0
0
0
0
0
0
484
796
0
0
0
0
0
0
3304
3827
0
0
0
0
0
0
464
3619
0
0
0
0
0
0
218
833
0
0
0
0
0
0
3362
3557
0
0
0
0
0
0
658
3909
0
0
0
0
0
0
4022
751
0
0
0
0
0
0
3521
3365
0
0
0
0
0
0
755
123
0
0
0
0
0
0
3745
567
0
0
0
0
0
0
3758
3281
0
0
0
0
0
0
747
410
0
0
0
0
0
0
3524
308
0
0
0
0
0
0
4036
3310
0
0
0
0
0
0
634
633
0
0
0
0
0
0
3383
6
0
0
0
0
0
0
219
3448
0
0
0
0
0
0
433
764
0
0
0
0
0
0
3345
3810
0
0
0
0
0
0
464
3673
0
0
0
0
0
0
175
784
0
0
0
0
0
0
3414
3561
0
0
0
0
0
0
638
3951
0
0
0
0
0
0
3995
695
0
0
0
0
0
0
3575
3393
0
0
0
0
0
0
719
149
0
0
0
0
0
0
3738
510
0
0
0
0
0
0
3804
3325
0
0
0
0
0
0
697
413
0
0
0
0
0
0
3535
258
0
0
0
0
0
0
4069
3365
0
0
0
0
0
0
578
614
0
0
0
0
0
0
3415
4070
0
0
0
0
0
0
236
3505
0
0
0
0
0
0
382
725
0
0
0
0
0
0
3393
3798
0
0
0
0
0
0
457
3726
0
0
0
0
0
0
136
732
0
0
0
0
0
0
3467
3571
0
0
0
0
0
0
613
3992
0
0
0
0
0
0
3973
637
0
0
0
0
0
0
3629
3424
0
0
0
0
0
0
676
169
0
0
0
0
0
0
3737
455
0
0
0
0
0
0
3850
3373
0
0
0
0
0
0
644
412
0
0
0
0
0
0
3556
213
0
0
0
0
0
0
2
3422
0
0
0
0
0
0
523
590
0
0
0
0
0
0
3454
4044
0
0
0
0
0
0
245
3565
0
0
0
0
0
0
333
683
0
0
0
0
0
0
3445
3792
0
0
0
0
0
0
446
3775
0
0
0
0
0
0
101
677
0
0
0
0
0
0
3524
3589
0
0
0
0
0
0
580
4026
0
0
0
0
0
0
3956
577
0
0
0
0
0
0
3681
3462
0
0
0
0
0
0
630
184
0
0
0
0
0
0
3740
399
0
0
0
0
0
0
3892
3426
0
0
0
0
0
0
589
403
0
0
0
0
0
0
3580
171
0
0
0
0
0
0
28
3483
0
0
0
0
0
0
469
560
0
0
0
0
0
0
3497
4022
0
0
0
0
0
0
248
3622
0
0
0
0
0
0
285
635
0
0
0
0
0
0
3496
3792
0
0
0
0
0
0
430
3825
0
0
0
0
0
0
68
620
0
0
0
0
0
0
3581
3611
0
0
0
0
0
0
544
4057
0
0
0
0
0
0
3942
517
0
0
0
0
0
0
3733
3502
0
0
0
0
0
0
580
193
0
0
0
0
0
0
3749
346
0
0
0
0
0
0
3930
3479
0
0
0
0
0
0
534
390
0
0
0
0
0
0
3609
132
0
0
0
0
0
0
49
3542
0
0
0
0
0
0
415
527
0
0
0
0
0
0
3541
4002
0
0
0
0
0
0
249
3679
0
0
0
0
0
0
242
585
0
0
0
0
0
0
3552
3796
0
0
0
0
0
0
407
3869
0
0
0
0
0
0
40
560
0
0
0
0
0
0
3637
3637
0
0
0
0
0
0
505
4085
0
0
0
0
0
0
3934
458
0
0
0
0
0
0
3783
3548
0
0
0
0
0
0
528
198
0
0
0
0
0
0
3761
295
0
0
0
0
0
0
3966
3536
0
0
0
0
0
0
477
372
0
0
0
0
0
0
3642
98
0
0
0
0
0
0
65
3602
0
0
0
0
0
0
361
488
0
0
0
0
0
0
3588
3988
0
0
0
0
0
0
244
3734
0
0
0
0
0
0
199
532
0
0
0
0
0
0
3608
3805
0
0
0
0
0
0
383
3912
0
0
0
0
0
0
15
500
0
0
0
0
0
0
3691
3667
0
0
0
0
0
0
462
11
0
0
0
0
0
0
3930
400
0
0
0
0
0
0
3829
3595
0
0
0
0
0
0
476
198
0
0
0
0
0
0
3780
249
0
0
0
0
0
0
3998
3593
0
0
0
0
0
0
421
351
0
0
0
0
0
0
3678
68
0
0
0
0
0
0
77
3662
0
0
0
0
0
0
310
446
0
0
0
0
0
0
3637
3980
0
0
0
0
0
0
235
3786
0
0
0
0
0
0
160
478
0
0
0
0
0
0
3663
3818
0
0
0
0
0
0
355
3949
0
0
0
0
0
0
4090
442
0
0
0
0
0
0
3746
3702
0
0
0
0
0
0
419
30
0
0
0
0
0
0
3932
345
0
0
0
0
0
0
3874
3644
0
0
0
0
0
0
421
194
0
0
0
0
0
0
3801
204
0
0
0
0
0
0
4026
3652
0
0
0
0
0
0
367
324
0
0
0
0
0
0
3717
41
0
0
0
0
0
0
86
3719
0
0
0
0
0
0
262
404
0
0
0
0
0
0
3687
3974
0
0
0
0
0
0
223
3836
0
0
0
0
0
0
127
424
0
0
0
0
0
0
3717
3835
0
0
0
0
0
0
322
3983
0
0
0
0
0
0
4075
384
0
0
0
0
0
0
3796
3738
0
0
0
0
0
0
373
42
0
0
0
0
0
0
3934
291
0
0
0
0
0
0
3913
3696
0
0
0
0
0
0
369
185
0
0
0
0
0
0
3826
165
0
0
0
0
0
0
4048
3708
0
0
0
0
0
0
315
295
0
0
0
0
0
0
3757
20
0
0
0
0
0
0
90
3774
0
0
0
0
0
0
218
358
0
0
0
0
0
0
3737
3975
0
0
0
0
0
0
206
3881
0
0
0
0
0
0
95
368
0
0
0
0
0
0
3769
3856
0
0
0
0
0
0
288
4012
0
0
0
0
0
0
4062
328
0
0
0
0
0
0
3845
3778
0
0
0
0
0
0
328
52
0
0
0
0
0
0
3944
243
0
0
0
0
0
0
3949
3745
0
0
0
0
0
0
317
173
0
0
0
0
0
0
3853
130
0
0
0
0
0
0
4068
3762
0
0
0
0
0
0
263
262
0
0
0
0
0
0
3798
3
0
0
0
0
0
0
89
3825
0
0
0
0
0
0
177
313
0
0
0
0
0
0
3788
3979
0
0
0
0
0
0
188
3922
0
0
0
0
0
0
70
316
0
0
0
0
0
0
3820
3881
0
0
0
0
0
0
253
4035
0
0
0
0
0
0
4054
275
0
0
0
0
0
0
3888
3817
0
0
0
0
0
0
281
56
0
0
0
0
0
0
3955
198
0
0
0
0
0
0
3981
3795
0
0
0
0
0
0
268
158
0
0
0
0
0
0
3880
98
0
0
0
0
0
0
4084
3817
0
0
0
0
0
0
218
231
0
0
0
0
0
0
3839
4085
0
0
0
0
0
0
86
3874
0
0
0
0
0
0
140
268
0
0
0
0
0
0
3835
3984
0
0
0
0
0
0
166
3958
0
0
0
0
0
0
49
265
0
0
0
0
0
0
3867
3905
0
0
0
0
0
0
217
4056
0
0
0
0
0
0
4052
225
0
0
0
0
0
0
3928
3857
0
0
0
0
0
0
238
58
0
0
0
0
0
0
3970
158
0
0
0
0
0
0
4009
3844
0
0
0
0
0
0
221
140
0
0
0
0
0
0
3910
71
0
0
0
0
0
0
4094
3865
0
0
0
0
0
0
174
197
0
0
0
0
0
0
3880
4078
0
0
0
0
0
0
79
3917
0
0
0
0
0
0
108
224
0
0
0
0
0
0
3881
3996
0
0
0
0
0
0
142
3990
0
0
0
0
0
0
31
216
0
0
0
0
0
0
3911
3933
0
0
0
0
0
0
183
4072
0
0
0
0
0
0
4051
180
0
0
0
0
0
0
3964
3897
0
0
0
0
0
0
195
55
0
0
0
0
0
0
3984
121
0
0
0
0
0
0
4031
3888
0
0
0
0
0
0
177
120
0
0
0
0
0
0
3939
50
0
0
0
0
0
0
7
3912
0
0
0
0
0
0
137
164
0
0
0
0
0
0
3919
4073
0
0
0
0
0
0
72
3957
0
0
0
0
0
0
81
182
0
0
0
0
0
0
3922
4008
0
0
0
0
0
0
119
4017
0
0
0
0
0
0
19
174
0
0
0
0
0
0
3952
3960
0
0
0
0
0
0
149
4083
0
0
0
0
0
0
4052
140
0
0
0
0
0
0
3996
3933
0
0
0
0
0
0
154
49
0
0
0
0
0
0
4003
91
0
0
0
0
0
0
4050
3932
0
0
0
0
0
0
138
100
0
0
0
0
0
0
3969
32
0
0
0
0
0
0
10
3953
0
0
0
0
0
0
103
131
0
0
0
0
0
0
3956
4071
0
0
0
0
0
0
60
3990
0
0
0
0
0
0
58
142
0
0
0
0
0
0
3962
4021
0
0
0
0
0
0
96
4039
0
0
0
0
0
0
7
132
0
0
0
0
0
0
3986
3986
0
0
0
0
0
0
116
4092
0
0
0
0
0
0
4057
104
0
0
0
0
0
0
4022
3969
0
0
0
0
0
0
117
42
0
0
0
0
0
0
4020
65
0
0
0
0
0
0
4066
3970
0
0
0
0
0
0
103
80
0
0
0
0
0
0
3996
19
0
0
0
0
0
0
11
3987
0
0
0
0
0
0
75
103
0
0
0
0
0
0
3988
4072
0
0
0
0
0
0
49
4019
0
0
0
0
0
0
39
107
0
0
0
0
0
0
3996
4036
0
0
0
0
0
0
74
4057
0
0
0
0
0
0
2
97
0
0
0
0
0
0
4016
4012
0
0
0
0
0
0
87
0
0
0
0
0
0
0
4064
75
0
0
0
0
0
0
4043
4000
0
0
0
0
0
0
86
34
0
0
0
0
0
0
4038
44
0
0
0
0
0
0
4076
4004
0
0
0
0
0
0
73
60
0
0
0
0
0
0
4020
10
0
0
0
0
0
0
11
4019
0
0
0
0
0
0
52
74
0
0
0
0
0
0
4018
4075
0
0
0
0
0
0
37
4044
0
0
0
0
0
0
24
75
0
0
0
0
0
0
4025
4050
0
0
0
0
0
0
53
4070
0
0
0
0
0
0
4093
65
0
0
0
0
0
0
4041
4035
0
0
0
0
0
0
60
1
0
0
0
0
0
0
4071
49
0
0
0
0
0
0
4063
4030
0
0
0
0
0
0
58
25
0
0
0
0
0
0
4053
27
0
0
0
0
0
0
4085
4033
0
0
0
0
0
0
48
41
0
0
0
0
0
0
4044
4
0
0
0
0
0
0
8
4044
0
0
0
0
0
0
31
50
0
0
0
0
0
0
4043
4079
0
0
0
0
0
0
25
4061
0
0
0
0
0
0
14
49
0
0
0
0
0
0
4048
4063
0
0
0
0
0
0
35
4080
0
0
0
0
0
0
4092
41
0
0
0
0
0
0
4061
4054
0
0
0
0
0
0
38
1
0
0
0
0
0
0
4077
30
0
0
0
0
0
0
4074
4052
0
0
0
0
0
0
35
16
0
0
0
0
0
0
4068
15
0
0
0
0
0
0
4088
4057
0
0
0
0
0
0
28
26
0
0
0
0
0
0
4063
0
0
0
0
0
0
0
6
4066
0
0
0
0
0
0
18
29
0
0
0
0
0
0
4064
4084
0
0
0
0
0
0
15
4077
0
0
0
0
0
0
5
27
0
0
0
0
0
0
4068
4075
0
0
0
0
0
0
19
4088
0
0
0
0
0
0
4092
22
0
0
0
0
0
0
4076
4071
0
0
0
0
0
0
20
2
0
0
0
0
0
0
4084
15
0
0
0
0
0
0
4085
4071
0
0
0
0
0
0
18
8
0
0
0
0
0
0
4079
6
0
0
0
0
0
0
4092
4075
0
0
0
0
0
0
13
12
0
0
0
0
0
0
4078
4095
0
0
0
0
0
0
3
4079
0
0
0
0
0
0
7
13
0
0
0
0
0
0
4080
4089
0
0
0
0
0
0
5
4086
0
0
0
0
0
0
1
11
0
0
0
0
0
0
4081
4084
0
0
0
0
0
0
9
4092
0
0
0
0
0
0
4093
9
0
0
0
0
0
0
4086
4083
0
0
0
0
0
0
7
4095
0
0
0
0
0
0
4090
5
0
0
0
0
0
0
4091
4084
0
0
0
0
0
0
5
2
0
0
0
0
0
0
4088
1
0
0
0
0
0
0
4092
4085
0
0
0
0
0
0
3
3
0
0
0
0
0
0
4087
4093
0
0
0
0
0
0
4095
4089
0
0
0
0
0
0
0
2
0
0
0
0
0
0
4089
4092
0
0
0
0
0
0
1
4092
0
0
0
0
0
0
4095
2
0
0
0
0
0
0
4090
4091
0
0
0
0
0
0
1
4093
0
0
0
0
0
0
4093
1
0
0
0
0
0
0
4091
4091
0
0
0
0
0
0
0
4095
0
0
0
0
0
0
4094
4095
0
0
0
0
0
0
4093
4091
0
0
0
0
0
0
4095
4095
0
0
0
0
0
0
4092
4094
0
0
0
0
0
0
4094
4094
0
0
0
0
0
0
4094
4093
0
0
0
0
0
0
4093
4093
0
0
0
0
0
0
4093
4094
0
0
0
0
0
0
4093
4093
0
0
0
0
0
0
4095
4094
0
0
0
0
0
0
4094
4093
0
0
0
0
0
0
4094
4094
0
0
0
0
0
0
4095
4094
0
0
0
0
0
0
4093
4094
0
0
0
0
0
0
4095
4095
0
0
0
0
0
0
0
0
0
0
0
0
0
0
4095
4095
0
0
0
0
0
0
4095
0
0
0
0
0
0
0
0
0
0
0
0
0
0
0
4095
4095
0
0
0
0
0
0
0
0
0
0
0
0
0
0
0
4095
0
0
0
0
0
0
0
0
0
0
0
0
0
0
0
0
0
0
0
0
0
0
0
0
0
0
0
0
0
0
0
0
0
0
0
0
0
0
0
0
0
0
0
0
0
0
0
0
0
0
0
0
0
0
0
0
0
0
0
0
0
0
0
0
0
0
0
0
0
0
0
0
0
0
0
0
0
0
0
0
0
0
0
0
0
0
0
0
0
0
0
0
0
0
0
0
0
0
0
0
0
0
0
0
0
0
0
0
0
0
0
0
0
0
0
0
0
0
0
0
0
0
0
0
0
0
0
0
0
0
0
0
0
0
0
0
0
0
0
0
0
0
0
0
0
0
0
0
0
0
0
0
0
0
0
0
0
0
0
0
0
0
0
0
0
0
0
0
0
0
0
0
0
0
0
0
0
0
0
0
0
0
0
0
0
0
0
0
0
0
0
0
0
0
0
0
0
0
0
0
0
0
0
0
0
0
0
0
0
0
0
0
0
0
0
0
0
0
0
0
0
0
0
0
0
0
0
0
0
0
0
0
0
0
0
0
0
0
0
0
0
0
0
0
0
0
0
0
0
0
0
0
0
0
0
0
0
0
0
0
0
0
0
0
0
0
0
0
0
0
0
0
0
0
0
0
0
0
0
0
0
0
0
0
0
0
0
0
0
0
0
0
0
0
0
0
0
0
0
0
0
0
0
0
0
0
0
0
0
0
0
0
0
0
0
0
0
0
0
0
0
0
0
0
0
0
0
0
0
0
0
0
0
0
0
0
0
0
0
0
0
0
0
0
0
0
0
0
0
0
0
0
0
0
0
0
0
0
0
0
0
0
0
0
0
0
0
0
0
0
0
0
0
0
0
0
0
0
0
0
0
0
0
0
0
0
0
0
0
0
0
0
0
0
0
0
0
0
0
0
0
0
0
0
0
0
0
0
0
0
0
0
0
0
0
0
0
0
0
0
0
0
0
0
0
0
0
0
0
0
0
0
0
0
0
0
0
0
0
0
0
0
0
0
0
0
0
0
0
0
0
0
0
0
0
0
0
0
0
0
0
0
0
0
0
0
0
0
0
0
0
0
0
0
0
0
0
0
0
0
0
0
0
0
0
0
0
0
0
0
0
0
0
0
0
0
0
0
0
0
0
0
0
0
0
0
0
0
0
0
0
0
0
0
0
0
0
0
0
0
0
0
0
0
0
0
0
0
0
0
0
0
0
0
0
0
0
0
0
0
0
0
0
0
0
0
0
0
0
0
0
0
0
0
0
0
0
0
0
0
0
0
0
0
0
0
0
0
0
0
0
0
0
0
0
0
0
0
0
0
0
0
0
0
0
0
0
0
0
0
0
0
0
0
0
0
0
0
0
0
0
0
0
0
0
0
0
0
0
0
0
0
0
0
0
0
0
0
0
0
0
0
0
0
0
0
0
0
0
0
0
0
0
0
0
0
0
0
0
0
0
0
0
0
0
0
0
0
0
0
0
0
0
0
0
0
0
0
0
0
0
0
0
0
0
0
0
0
0
0
0
0
0
0
0
0
0
0
0
0
0
0
0
0
0
0
0
0
0
0
0
0
0
0
0
0
0
0
0
0
0
0
0
0
0
0
0
0
0
0
0
0
0
0
0
0
0
0
0
0
0
0
0
0
0
0
0
0
0
0
0
0
0
0
0
0
0
0
0
0
0
0
0
0
0
0
0
0
0
0
0
0
0
0
0
0
0
0
0
0
0
0
0
0
0
0
0
0
0
0
0
0
0
0
0
0
0
0
0
0
0
0
0
0
0
0
0
0
0
0
0
0
0
0
0
0
0
0
0
0
0
0
0
0
0
0
0
0
0
0
0
0
0
0
0
0
0
0
0
0
0
0
0
0
0
0
0
0
0
0
0
0
0
0
0
0
0
0
0
0
0
0
0
0
0
0
0
0
0
0
0
0
0
0
0
0
0
0
0
0
0
0
0
0
0
0
0
0
0
0
0
0
0
0
0
0
0
0
0
0
0
0
0
0
0
0
0
0
0
0
0
0
0
0
0
0
0
0
0
0
0
0
0
0
0
0
0
0
0
0
0
0
0
0
0
0
0
0
0
0
0
0
0
0
0
0
0
0
0
0
0
0
0
0
0
0
0
0
0
0
0
0
0
0
0
0
0
0
0
0
0
0
0
0
0
0
0
0
0
0
0
0
0
0
0
0
0
0
0
0
0
0
0
0
0
0
0
0
0
0
0
0
0
0
0
0
0
0
0
0
0
0
0
0
0
0
0
0
0
0
0
0
0
0
0
0
0
0
0
0
0
0
0
0
0
0
0
0
0
0
0
0
0
0
0
0
0
0
0
0
0
0
0
0
0
0
0
0
0
0
0
0
0
0
0
0
0
0
0
0
0
0
0
0
0
0
0
0
0
0
0
0
0
0
0
0
0
0
0
0
0
0
0
0
0
0
0
0
0
0
0
0
0
0
0
0
0
0
0
0
0
0
0
0
0
0
0
0
0
0
0
0
0
0
0
0
0
0
0
0
0
0
0
0
0
0
0
0
0
0
0
0
0
0
0
0
0
0
0
0
0
0
0
0
0
0
0
0
0
0
0
0
0
0
0
0
0
0
0
0
0
0
0
0
0
0
0
0
0
0
0
0
0
0
0
0
0
0
0
0
0
0
0
0
0
0
0
0
0
0
0
0
0
0
0
0
0
0
0
0
0
0
0
0
0
0
0
0
0
0
0
0
0
0
0
0
0
0
0
0
0
0
0
0
0
0
0
0
0
0
0
0
0
0
0
0
0
0
0
0
0
0
0
0
0
0
0
0
0
0
0
0
0
0
0
0
0
0
0
0
0
0
0
0
0
0
0
0
0
0
0
0
0
0
0
0
0
0
0
0
0
0
0
0
0
0
0
0
0
0
0
0
0
0
0
0
0
0
0
0
0
0
0
0
0
0
0
0
0
0
0
0
0
0
0
0
0
0
0
0
0
0
0
0
0
0
0
0
0
0
0
0
0
0
0
0
0
0
0
0
0
0
0
0
0
0
0
0
0
0
0
0
0
0
0
0
0
0
0
0
0
0
0
0
0
0
0
0
0
0
0
0
0
0
0
0
0
0
0
0
0
0
0
0
0
0
0
0
0
0
0
0
0
0
0
0
0
0
0
0
0
0
0
0
0
0
0
0
0
0
0
0
0
0
0
0
0
0
0
0
0
0
0
0
0
0
0
0
0
0
0
0
0
0
0
0
0
0
0
0
0
0
0
0
0
0
0
0
0
0
0
0
0
0
0
0
0
0
0
0
0
0
0
0
0
0
0
0
0
0
0
0
0
0
0
0
0
0
0
0
0
0
0
0
0
0
0
0
0
0
0
0
0
0
0
0
0
0
0
0
0
0
0
0
0
0
0
0
0
0
0
0
0
0
0
0
0
0
0
0
0
0
0
0
0
0
0
0
0
0
0
0
0
0
0
0
0
0
0
0
0
0
0
0
0
0
0
0
0
0
0
0
0
0
0
0
0
0
0
0
0
0
0
0
0
0
0
0
0
0
0
0
0
0
0
0
0
0
0
0
0
0
0
0
0
0
0
0
0
0
0
0
0
0
0
0
0
0
0
0
0
0
0
0
0
0
0
0
0
0
0
0
0
0
0
0
0
0
0
0
0
0
0
0
0
0
0
0
0
0
0
0
0
0
0
0
0
0
0
0
0
0
0
0
0
0
0
0
0
0
0
0
0
0
0
0
0
0
0
0
0
0
0
0
0
0
0
0
0
0
0
0
0
0
0
0
0
0
0
0
0
0
0
0
0
0
0
0
0
0
0
0
0
0
0
0
0
0
0
0
0
0
0
0
0
0
0
0
0
0
0
0
0
0
0
0
0
0
0
0
0
0
0
0
0
0
0
0
0
0
0
0
0
0
0
0
0
0
0
0
0
0
0
0
0
0
0
0
0
0
0
0
0
0
0
0
0
0
0
0
0
0
0
0
0
0
0
0
0
0
0
0
0
0
0
0
0
0
0
0
0
0
0
0
0
0
0
0
0
0
0
0
0
0
0
0
0
0
0
0
0
0
0
0
0
0
0
0
0
0
0
0
0
0
0
0
0
0
0
0
0
0
0
0
0
0
0
0
0
0
0
0
0
0
0
0
0
0
0
0
0
0
0
0
0
0
0
0
0
0
0
0
0
0
0
0
0
0
0
0
0
0
0
0
0
0
0
0
0
0
0
0
0
0
0
0
0
0
0
0
0
0
0
0
0
0
0
0
0
0
0
0
0
0
0
0
0
0
0
0
0
0
0
0
0
0
0
0
0
0
0
0
0
0
0
0
0
0
0
0
0
0
0
0
0
0
0
0
0
0
0
0
0
0
0
0
0
0
0
0
0
0
0
0
0
0
0
0
0
0
0
0
0
0
0
0
0
0
0
0
0
0
0
0
0
0
0
0
0
0
0
0
0
0
0
0
0
0
0
0
0
0
0
0
0
0
0
0
0
0
0
0
0
0
0
0
0
0
0
0
0
0
0
0
0
0
0
0
0
0
0
0
0
0
0
0
0
0
0
0
0
0
0
0
0
0
0
0
0
0
0
0
0
0
0
0
0
0
0
0
0
0
0
0
0
0
0
0
0
0
0
0
0
0
0
0
0
0
0
0
0
0
0
0
0
0
0
0
0
0
0
0
0
0
0
0
0
0
0
0
0
0
0
0
0
0
0
0
0
0
0
0
0
0
0
0
0
0
0
0
0
0
0
0
0
0
0
0
0
0
0
0
0
0
0
0
0
0
0
0
0
0
0
0
0
0
0
0
0
0
0
0
0
0
0
0
0
0
0
0
0
0
0
0
0
0
0
0
0
0
0
0
0
0
0
0
0
0
0
0
0
0
0
0
0
0
0
0
0
0
0
0
0
0
0
0
0
0
0
0
0
0
0
0
0
0
0
0
0
0
0
0
0
0
0
0
0
0
0
0
0
0
0
0
0
0
0
0
0
0
0
0
0
0
0
0
0
0
0
0
0
0
0
0
0
0
0
0
0
0
0
0
0
0
0
0
0
0
0
0
0
0
0
0
0
0
0
0
0
0
0
0
0
0
0
0
0
0
0
0
0
0
0
0
0
0
0
0
0
0
0
0
0
0
0
0
0
0
0
0
0
0
0
0
0
0
0
0
0
0
0
0
0
0
0
0
0
0
0
0
0
0
0
0
0
0
0
0
0
0
0
0
0
0
0
0
0
0
0
0
0
0
0
0
0
0
0
0
0
0
0
0
0
0
0
0
0
0
0
0
0
0
0
0
0
0
0
0
0
0
0
0
0
0
0
0
0
0
0
0
0
0
0
0
0
0
0
0
0
0
0
0
0
0
0
0
0
0
0
0
0
0
0
0
0
0
0
0
0
0
0
0
0
0
0
0
0
0
0
0
0
0
0
0
0
0
0
0
0
0
0
0
0
0
0
0
0
0
0
0
0
0
0
0
0
0
0
0
0
0
0
0
0
0
0
0
0
0
0
0
0
0
0
0
0
0
0
0
0
0
0
0
0
0
0
0
0
0
0
0
0
0
0
0
0
0
0
0
0
0
0
0
0
0
0
0
0
0
0
0
0
0
0
0
0
0
0
0
0
0
0
0
0
0
0
0
0
0
0
0
0
0
0
0
0
0
0
0
0
0
0
0
0
0
0
0
0
0
0
0
0
0
0
0
0
0
0
0
0
0
0
0
0
0
0
0
0
0
0
0
0
0
0
0
0
0
0
0
0
0
0
0
0
0
0
0
0
0
0
0
0
0
0
0
0
0
0
0
0
0
0
0
0
0
0
0
0
0
0
0
0
0
0
0
0
0
0
0
0
0
0
0
0
0
0
0
0
0
0
0
0
0
0
0
0
0
0
0
0
0
0
0
0
0
0
0
0
0
0
0
0
0
0
0
0
0
0
0
0
0
0
0
0
0
0
0
0
0
0
0
0
0
0
0
0
0
0
0
0
0
0
0
0
0
0
0
0
0
0
0
0
0
0
0
0
0
0
0
0
0
0
0
0
0
0
0
0
0
0
0
0
0
0
0
0
0
0
0
0
0
0
0
0
0
0
0
0
0
0
0
0
0
0
0
0
0
0
0
0
0
0
0
0
0
0
0
0
0
0
0
0
0
0
0
0
0
0
0
0
0
0
0
0
0
0
0
0
0
0
0
0
0
0
0
0
0
0
0
0
0
0
0
0
0
0
0
0
0
0
0
0
0
0
0
0
0
0
0
0
0
0
0
0
0
0
0
0
0
0
0
0
0
0
0
0
0
0
0
0
0
0
0
0
0
0
0
0
0
0
0
0
0
0
0
0
0
0
0
0
0
0
0
0
0
0
0
0
0
0
0
0
0
0
0
0
0
0
0
0
0
0
0
0
0
0
0
0
0
0
0
0
0
0
0
0
0
0
0
0
0
0
0
0
0
0
0
0
0
0
0
0
0
0
0
0
0
0
0
0
0
0
0
0
0
0
0
0
0
0
0
0
0
0
0
0
0
0
0
0
0
0
0
0
0
0
0
0
0
0
0
0
0
0
0
0
0
0
0
0
0
0
0
0
0
0
0
0
0
0
0
0
0
0
0
0
0
0
0
0
0
0
0
0
0
0
0
0
0
0
0
0
0
0
0
0
0
0
0
0
0
0
0
0
0
0
0
0
0
0
0
0
0
0
0
0
0
0
0
0
0
0
0
0
0
0
0
0
0
0
0
0
0
0
0
0
0
0
0
0
0
0
0
0
0
0
0
0
0
0
0
0
0
0
0
0
0
0
0
0
0
0
0
0
0
0
0
0
0
0
0
0
0
0
0
0
0
0
0
0
0
0
0
0
0
0
0
0
0
0
0
0
0
0
0
0
0
0
0
0
0
0
0
0
0
0
0
0
0
0
0
0
0
0
0
0
0
0
0
0
0
0
0
0
0
0
0
0
0
0
0
0
0
0
0
0
0
0
0
0
0
0
0
0
0
0
0
0
0
0
0
0
0
0
0
0
0
0
0
0
0
0
0
0
0
0
0
0
0
0
0
0
0
0
0
0
0
0
0
0
0
0
0
0
0
0
0
0
0
0
0
0
0
0
0
0
0
0
0
0
0
0
0
0
0
0
0
0
0
0
0
0
0
0
0
0
0
0
0
0
0
0
0
0
0
0
0
0
0
0
0
0
0
0
0
0
0
0
0
0
0
0
0
0
0
0
0
0
0
0
0
0
0
0
0
0
0
0
0
0
0
0
0
0
0
0
0
0
0
0
0
0
0
0
0
0
0
0
0
0
0
0
0
0
0
0
0
0
0
0
0
0
0
0
0
0
0
0
0
0
0
0
0
0
0
0
0
0
0
0
0
0
0
0
0
0
0
0
0
0
0
0
0
0
0
0
0
0
0
0
0
0
0
0
0
0
0
0
0
0
0
0
0
0
0
0
0
0
0
0
0
0
0
0
0
0
0
0
0
0
0
0
0
0
0
0
0
0
0
0
0
0
0
0
0
0
0
0
0
0
0
0
0
0
0
0
0
0
0
0
0
0
0
0
0
0
0
0
0
0
0
0
0
0
0
0
0
0
0
0
0
0
0
0
0
0
0
0
0
0
0
0
0
0
0
0
0
0
0
0
0
0
0
0
0
0
0
0
0
0
0
0
0
0
0
0
0
0
0
0
0
0
0
0
0
0
0
0
0
0
0
0
0
0
0
0
0
0
0
0
0
0
0
0
0
0
0
0
0
0
0
0
0
0
0
0
0
0
0
0
0
0
0
0
0
0
0
0
0
0
0
0
0
0
0
0
0
0
0
0
0
0
0
0
0
0
0
0
0
0
0
0
0
0
0
0
0
0
0
0
0
0
0
0
0
0
0
0
0
0
0
0
0
0
0
0
0
0
0
0
0
0
0
0
0
0
0
0
0
0
0
0
0
0
0
0
0
0
0
0
0
0
0
0
0
0
0
0
0
0
0
0
0
0
0
0
0
0
0
0
0
0
0
0
0
0
0
0
0
0
0
0
0
0
0
0
0
0
0
0
0
0
0
0
0
0
0
0
0
0
0
0
0
0
0
0
0
0
0
0
0
0
0
0
0
0
0
0
0
0
0
0
0
0
0
0
0
0
0
0
0
0
0
0
0
0
0
0
0
0
0
0
0
0
0
0
0
0
0
0
0
0
0
0
0
0
0
0
0
0
0
0
0
0
0
0
0
0
0
0
0
0
0
0
0
0
0
0
0
0
0
0
0
0
0
0
0
0
0
0
0
0
0
0
0
0
0
0
0
0
0
0
0
0
0
0
0
0
0
0
0
0
0
0
0
0
0
0
0
0
0
0
0
0
0
0
0
0
0
0
0
0
0
0
0
0
0
0
0
0
0
0
0
0
0
0
0
0
0
0
0
0
0
0
0
0
0
0
0
0
0
0
0
0
0
0
0
0
0
0
0
0
0
0
0
0
0
0
0
0
0
0
0
0
0
0
0
0
0
0
0
0
0
0
0
0
0
0
0
0
0
0
0
0
0
0
0
0
0
0
0
0
0
0
0
0
0
0
0
0
0
0
0
0
0
0
0
0
0
0
0
0
0
0
0
0
0
0
0
0
0
0
0
0
0
0
0
0
0
0
0
0
0
0
0
0
0
0
0
0
0
0
0
0
0
0
0
0
0
0
0
0
0
0
0
0
0
0
0
0
0
0
0
0
0
0
0
0
0
0
0
0
0
0
0
0
0
0
0
0
0
0
0
0
0
0
0
0
0
0
0
0
0
0
0
0
0
0
0
0
0
0
0
0
0
0
0
0
0
0
0
0
0
0
0
0
0
0
0
0
0
0
0
0
0
0
0
0
0
0
0
0
0
0
0
0
0
0
0
0
0
0
0
0
0
0
0
0
0
0
0
0
0
0
0
0
0
0
0
0
0
0
0
0
0
0
0
0
0
0
0
0
0
0
0
0
0
0
0
0
0
0
0
0
0
0
0
0
0
0
0
0
0
0
0
0
0
0
0
0
0
0
0
0
0
0
0
0
0
0
0
0
0
0
0
0
0
0
0
0
0
0
0
0
0
0
0
0
0
0
0
0
0
0
0
0
0
0
0
0
0
0
0
0
0
0
0
0
0
0
0
0
0
0
0
0
0
0
0
0
0
0
0
0
0
0
0
0
0
0
0
0
0
0
0
0
0
0
0
0
0
0
0
0
0
0
0
0
0
0
0
0
0
0
0
0
0
0
0
0
0
0
0
0
0
0
0
0
0
0
0
0
0
0
0
0
0
0
0
0
0
0
0
0
0
0
0
0
0
0
0
0
0
0
0
0
0
0
0
0
0
0
0
0
0
0
0
0
0
0
0
0
0
0
0
0
0
0
0
0
0
0
0
0
0
0
0
0
0
0
0
0
0
0
0
0
0
0
0
0
0
0
0
0
0
0
0
0
0
0
0
0
0
0
0
0
0
0
0
0
0
0
0
0
0
0
0
0
0
0
0
0
0
0
0
0
0
0
0
0
0
0
0
0
0
0
0
0
0
0
0
0
0
0
0
0
0
0
0
0
0
0
0
0
0
0
0
0
0
0
0
0
0
0
0
0
0
0
0
0
0
0
0
0
0
0
0
0
0
0
0
0
0
0
0
0
0
0
0
0
0
0
0
0
0
0
0
0
0
0
0
0
0
0
0
0
0
0
0
0
0
0
0
0
0
0
0
0
0
0
0
0
0
0
0
0
0
0
0
0
0
0
0
0
0
0
0
0
0
0
0
0
0
0
0
0
0
0
0
0
0
0
0
0
0
0
0
0
0
0
0
0
0
0
0
0
0
0
0
0
0
0
0
0
0
0
0
0
0
0
0
0
0
0
0
0
0
0
0
0
0
0
0
0
0
0
0
0
0
0
0
0
0
0
0
0
0
0
0
0
0
0
0
0
0
0
0
0
0
0
0
0
0
0
0
0
0
0
0
0
0
0
0
0
0
0
0
0
0
0
0
0
0
0
0
0
0
0
0
0
0
0
0
0
0
0
0
0
0
0
0
0
0
0
0
0
0
0
0
0
0
0
0
0
0
0
0
0
0
0
0
0
0
0
0
0
0
0
0
0
0
0
0
0
0
0
0
0
0
0
0
0
0
0
0
0
0
0
0
0
0
0
0
0
0
0
0
0
0
0
0
0
0
0
0
0
0
0
0
0
0
0
0
0
0
0
0
0
0
0
0
0
0
0
0
0
0
0
0
0
0
0
0
0
0
0
0
0
0
0
0
0
0
0
0
0
0
0
0
0
0
0
0
0
0
0
0
0
0
0
0
0
0
0
0
0
0
0
0
0
0
0
0
0
0
0
0
0
0
0
0
0
0
0
0
0
0
0
0
0
0
0
0
0
0
0
0
0
0
0
0
0
0
0
0
0
0
0
0
0
0
0
0
0
0
0
0
0
0
0
0
0
0
0
0
0
0
0
0
0
0
0
0
0
0
0
0
0
0
0
0
0
0
0
0
0
0
0
0
0
0
0
0
0
0
0
0
0
0
0
0
0
0
0
0
0
0
0
0
0
0
0
0
0
0
0
0
0
0
0
0
0
0
0
0
0
0
0
0
0
0
0
0
0
0
0
0
0
0
0
0
0
0
0
0
0
0
0
0
0
0
0
0
0
0
0
0
0
0
0
0
0
0
0
0
0
0
0
0
0
0
0
0
0
0
0
0
0
0
0
0
0
0
0
0
0
0
0
0
0
0
0
0
0
0
0
0
0
0
0
0
0
0
0
0
0
0
0
0
0
0
0
0
0
0
0
0
0
0
0
0
0
0
0
0
0
0
0
0
0
0
0
0
0
0
0
0
0
0
0
0
0
0
0
0
0
0
0
0
0
0
0
0
0
0
0
0
0
0
0
0
0
0
0
0
0
0
0
0
0
0
0
0
0
0
0
0
0
0
0
0
0
0
0
0
0
0
0
0
0
0
0
0
0
0
0
0
0
0
0
0
0
0
0
0
0
0
0
0
0
0
0
0
0
0
0
0
0
0
0
0
0
0
0
0
0
0
0
0
0
0
0
0
0
0
0
0
0
0
0
0
0
0
0
0
0
0
0
0
0
0
0
0
0
0
0
0
0
0
0
0
0
0
0
0
0
0
0
0
0
0
0
0
0
0
0
0
0
0
0
0
0
0
0
0
0
0
0
0
0
0
0
0
0
0
0
0
0
0
0
0
0
0
0
0
0
0
0
0
0
0
0
0
0
0
0
0
0
0
0
0
0
0
0
0
0
0
0
0
0
0
0
0
0
0
0
0
0
0
0
0
0
0
0
0
0
0
0
0
0
0
0
0
0
0
0
0
0
0
0
0
0
0
0
0
0
0
0
0
0
0
0
0
0
0
0
0
0
0
0
0
0
0
0
0
0
0
0
0
0
0
0
0
0
0
0
0
0
0
0
0
0
0
0
0
0
0
0
0
0
0
0
0
0
0
0
0
0
0
0
0
0
0
0
0
0
0
0
0
0
0
0
0
0
0
0
0
0
0
0
0
0
0
0
0
0
0
0
0
0
0
0
0
0
0
0
0
0
0
0
0
0
0
0
0
0
0
0
0
0
0
0
0
0
0
0
0
0
0
0
0
0
0
0
0
0
0
0
0
0
0
0
0
0
0
0
0
0
0
0
0
0
0
0
0
0
0
0
0
0
0
0
0
0
0
0
0
0
0
0
0
0
0
0
0
0
0
0
0
0
0
0
0
0
0
0
0
0
0
0
0
0
0
0
0
0
0
0
0
0
0
0
0
0
0
0
0
0
0
0
0
0
0
0
0
0
0
0
0
0
0
0
0
0
0
0
0
0
0
0
0
0
0
0
0
0
0
0
0
0
0
0
0
0
0
0
0
0
0
0
0
0
0
0
0
0
0
0
0
0
0
0
0
0
0
0
0
0
0
0
0
0
0
0
0
0
0
0
0
0
0
0
0
0
0
0
0
0
0
0
0
0
0
0
0
0
0
0
0
0
0
0
0
0
0
0
0
0
0
0
0
0
0
0
0
0
0
0
0
0
0
0
0
0
0
0
0
0
0
0
0
0
0
0
0
0
0
0
0
0
0
0
0
0
0
0
0
0
0
0
0
0
0
0
0
0
0
0
0
0
0
0
0
0
0
0
0
0
0
0
0
0
0
0
0
0
0
0
0
0
0
0
0
0
0
0
0
0
0
0
0
0
0
0
0
0
0
0
0
0
0
0
0
0
0
0
0
0
0
0
0
0
0
0
0
0
0
0
0
0
0
0
0
0
0
0
0
0
0
0
0
0
0
0
0
0
0
0
0
0
0
0
0
0
0
0
0
0
0
0
0
0
0
0
0
0
0
0
0
0
0
0
0
0
0
0
0
0
0
0
0
0
0
0
0
0
0
0
0
0
0
0
0
0
0
0
0
0
0
0
0
0
0
0
0
0
0
0
0
0
0
0
0
0
0
0
0
0
0
0
0
0
0
0
0
0
0
0
0
0
0
0
0
0
0
0
0
0
0
0
0
0
0
0
0
0
0
0
0
0
0
0
0
0
0
0
0
0
0
0
0
0
0
0
0
0
0
0
0
0
0
0
0
0
0
0
0
0
0
0
0
0
0
0
0
0
0
0
0
0
0
0
0
0
0
0
0
0
0
0
0
0
0
0
0
0
0
0
0
0
0
0
0
0
0
0
0
0
0
0
0
0
0
0
0
0
0
0
0
0
0
0
0
0
0
0
0
0
0
0
0
0
0
0
0
0
0
0
0
0
0
0
0
0
0
0
0
0
0
0
0
0
0
0
0
0
0
0
0
0
0
0
0
0
0
0
0
0
0
0
0
0
0
0
0
0
0
0
0
0
0
0
0
0
0
0
0
0
0
0
0
0
0
0
0
0
0
0
0
0
0
0
0
0
0
0
0
0
0
0
0
0
0
0
0
0
0
0
0
0
0
0
0
0
0
0
0
0
0
0
0
0
0
0
0
0
0
0
0
0
0
0
0
0
0
0
0
0
0
0
0
0
0
0
0
0
0
0
0
0
0
0
0
0
0
0
0
0
0
0
0
0
0
0
0
0
0
0
0
0
0
0
0
0
0
0
0
0
0
0
0
0
0
0
0
0
0
0
0
0
0
0
0
0
0
0
0
0
0
0
0
0
0
0
0
0
0
0
0
0
0
0
0
0
0
0
0
0
0
0
0
0
0
0
0
0
0
0
0
0
0
0
0
0
0
0
0
0
0
0
0
0
0
0
0
0
0
0
0
0
0
0
0
0
0
0
0
0
0
0
0
0
0
0
0
0
0
0
0
0
0
0
0
0
0
0
0
0
0
0
0
0
0
0
0
0
0
0
0
0
0
0
0
0
0
0
0
0
0
0
0
0
0
0
0
0
0
0
0
0
0
0
0
0
0
0
0
0
0
0
0
0
0
0
0
0
0
0
0
0
0
0
0
0
0
0
0
0
0
0
0
0
0
0
0
0
0
0
0
0
0
0
0
0
0
0
0
0
0
0
0
0
0
0
0
0
0
0
0
0
0
0
0
0
0
0
0
0
0
0
0
0
0
0
0
0
0
0
0
0
0
0
0
0
0
0
0
0
0
0
0
0
0
0
0
0
0
0
0
0
0
0
0
0
0
0
0
0
0
0
0
0
0
0
0
0
0
0
0
0
0
0
0
0
0
0
0
0
0
0
0
0
0
0
0
0
0
0
0
0
0
0
0
0
0
0
0
0
0
0
0
0
0
0
0
0
0
0
0
0
0
0
0
0
0
0
0
0
0
0
0
0
0
0
0
0
0
0
0
0
0
0
0
0
0
0
0
0
0
0
0
0
0
0
0
0
0
0
0
0
0
0
0
0
0
0
0
0
0
0
0
0
0
0
0
0
0
0
0
0
0
0
0
0
0
0
0
0
0
0
0
0
0
0
0
0
0
0
0
0
0
0
0
0
0
0
0
0
0
0
0
0
0
0
0
0
0
0
0
0
0
0
0
0
0
0
0
0
0
0
0
0
0
0
0
0
0
0
0
0
0
0
0
0
0
0
0
0
0
0
0
0
0
0
0
0
0
0
0
0
0
0
0
0
0
0
0
0
0
0
0
0
0
0
0
0
0
0
0
0
0
0
0
0
0
0
0
0
0
0
0
0
0
0
0
0
0
0
0
0
0
0
0
0
0
0
0
0
0
0
0
0
0
0
0
0
0
0
0
0
0
0
0
0
0
0
0
0
0
0
0
0
0
0
0
0
0
0
0
0
0
0
0
0
0
0
0
0
0
0
0
0
0
0
0
0
0
0
0
0
0
0
0
0
0
0
0
0
0
0
0
0
0
0
0
0
0
0
0
0
0
0
0
0
0
0
0
0
0
0
0
0
0
0
0
0
0
0
0
0
0
0
0
0
0
0
0
0
0
0
0
0
0
0
0
0
0
0
0
0
0
0
0
0
0
0
0
0
0
0
0
0
0
0
0
0
0
0
0
0
0
0
0
0
0
0
0
0
0
0
0
0
0
0
0
0
0
0
0
0
0
0
0
0
0
0
0
0
0
0
0
0
0
0
0
0
0
0
0
0
0
0
0
0
0
0
0
0
0
0
0
0
0
0
0
0
0
0
0
0
0
0
0
0
0
0
0
0
0
0
0
0
0
0
0
0
0
0
0
0
0
0
0
0
0
0
0
0
0
0
0
0
0
0
0
0
0
0
0
0
0
0
0
0
0
0
0
0
0
0
0
0
0
0
0
0
0
0
0
0
0
0
0
0
0
0
0
0
0
0
0
0
0
0
0
0
0
0
0
0
0
0
0
0
0
0
0
0
0
0
0
0
0
0
0
0
0
0
0
0
0
0
0
0
0
0
0
0
0
0
0
0
0
0
0
0
0
0
0
0
0
0
0
0
0
0
0
0
0
0
0
0
0
0
0
0
0
0
0
0
0
0
0
0
0
0
0
0
0
0
0
0
0
0
0
0
0
0
0
0
0
0
0
0
0
0
0
0
0
0
0
0
0
0
0
0
0
0
0
0
0
0
0
0
0
0
0
0
0
0
0
0
0
0
0
0
0
0
0
0
0
0
0
0
0
0
0
0
0
0
0
0
0
0
0
0
0
0
0
0
0
0
0
0
0
0
0
0
0
0
0
0
0
0
0
0
0
0
0
0
0
0
0
0
0
0
0
0
0
0
0
0
0
0
0
0
0
0
0
0
0
0
0
0
0
0
0
0
0
0
0
0
0
0
0
0
0
0
0
0
0
0
0
0
0
0
0
0
0
0
0
0
0
0
0
0
0
0
0
0
0
0
0
0
0
0
0
0
0
0
0
0
0
0
0
0
0
0
0
0
0
0
0
0
0
0
0
0
0
0
0
0
0
0
0
0
0
0
0
0
0
0
0
0
0
0
0
0
0
0
0
0
0
0
0
0
0
0
0
0
0
0
0
0
0
0
0
0
0
0
0
0
0
0
0
0
0
0
0
0
0
0
0
0
0
0
0
0
0
0
0
0
0
0
0
0
0
0
0
0
0
0
0
0
0
0
0
0
0
0
0
0
0
0
0
0
0
0
0
0
0
0
0
0
0
0
0
0
0
0
0
0
0
0
0
0
0
0
0
0
0
0
0
0
0
0
0
0
0
0
0
0
0
0
0
0
0
0
0
0
0
0
0
0
0
0
0
0
0
0
0
0
0
0
0
0
0
0
0
0
0
0
0
0
0
0
0
0
0
0
0
0
0
0
0
0
0
0
0
0
0
0
0
0
0
0
0
0
0
0
0
0
0
0
0
0
0
0
0
0
0
0
0
0
0
0
0
0
0
0
0
0
0
0
0
0
0
0
0
0
0
0
0
0
0
0
0
0
0
0
0
0
0
0
0
0
0
0
0
0
0
0
0
0
0
0
0
0
0
0
0
0
0
0
0
0
0
0
0
0
0
0
0
0
0
0
0
0
0
0
0
0
0
0
0
0
0
0
0
0
0
0
0
0
0
0
0
0
0
0
0
0
0
0
0
0
0
0
0
0
0
0
0
0
0
0
0
0
0
0
0
0
0
0
0
0
0
0
0
0
0
0
0
0
0
0
0
0
0
0
0
0
0
0
0
0
0
0
0
0
0
0
0
0
0
0
0
0
0
0
0
0
0
0
0
0
0
0
0
0
0
0
0
0
0
0
0
0
0
0
0
0
0
0
0
0
0
0
0
0
0
0
0
0
0
0
0
0
0
0
0
0
0
0
0
0
0
0
0
0
0
0
0
0
0
0
0
0
0
0
0
0
0
0
0
0
0
0
0
0
0
0
0
0
0
0
0
0
0
0
0
0
0
0
0
0
0
0
0
0
0
0
0
0
0
0
0
0
0
0
0
0
0
0
0
0
0
0
0
0
0
0
0
0
0
0
0
0
0
0
0
0
0
0
0
0
0
0
0
0
0
0
0
0
0
0
0
0
0
0
0
0
0
0
0
0
0
0
0
0
0
0
0
0
0
0
0
0
0
0
0
0
0
0
0
0
0
0
0
0
0
0
0
0
0
0
0
0
0
0
0
0
0
0
0
0
0
0
0
0
0
0
0
0
0
0
0
0
0
0
0
0
0
0
0
0
0
0
0
0
0
0
0
0
0
0
0
0
0
0
0
0
0
0
0
0
0
0
0
0
0
0
0
0
0
0
0
0
0
0
0
0
0
0
0
0
0
0
0
0
0
0
0
0
0
0
0
0
0
0
0
0
0
0
0
0
0
0
0
0
0
0
0
0
0
0
0
0
0
0
0
0
0
0
0
0
0
0
0
0
0
0
0
0
0
0
0
0
0
0
0
0
0
0
0
0
0
0
0
0
0
0
0
0
0
0
0
0
0
0
0
0
0
0
0
0
0
0
0
0
0
0
0
0
0
0
0
0
0
0
0
0
0
0
0
0
0
0
0
0
0
0
0
0
0
0
0
0
0
0
0
0
0
0
0
0
0
0
0
0
0
0
0
0
0
0
0
0
0
0
0
0
0
0
0
0
0
0
0
0
0
0
0
0
0
0
0
0
0
0
0
0
0
0
0
0
0
0
0
0
0
0
0
0
0
0
0
0
0
0
0
0
0
0
0
0
0
0
0
0
0
0
0
0
0
0
0
0
0
0
0
0
0
0
0
0
0
0
0
0
0
0
0
0
0
0
0
0
0
0
0
0
0
0
0
0
0
0
0
0
0
0
0
0
0
0
0
0
0
0
0
0
0
0
0
0
0
0
0
0
0
0
0
0
0
0
0
0
0
0
0
0
0
0
0
0
0
0
0
0
0
0
0
0
0
0
0
0
0
0
0
0
0
0
0
0
0
0
0
0
0
0
0
0
0
0
0
0
0
0
0
0
0
0
0
0
0
0
0
0
0
0
0
0
0
0
0
0
0
0
0
0
0
0
0
0
0
0
0
0
0
0
0
0
0
0
0
0
0
0
0
0
0
0
0
0
0
0
0
0
0
0
0
0
0
0
0
0
0
0
0
0
0
0
0
0
0
0
0
0
0
0
0
0
0
0
0
0
0
0
0
0
0
0
0
0
0
0
0
0
0
0
0
0
0
0
0
0
0
0
0
0
0
0
0
0
0
0
0
0
0
0
0
0
0
0
0
0
0
0
0
0
0
0
0
0
0
0
0
