0
0
0
0
0
0
0
0
0
0
0
0
0
0
0
0
0
0
0
0
0
0
0
0
0
0
0
0
0
0
0
0
0
0
0
0
0
0
0
0
0
0
0
0
0
0
0
0
0
0
0
0
0
0
0
0
0
0
0
0
0
0
0
0
0
0
0
0
0
0
0
0
0
0
0
0
0
0
0
0
0
0
0
0
0
0
0
0
0
0
0
0
0
0
0
0
0
0
0
0
0
0
0
0
0
0
0
0
0
0
0
0
0
0
0
0
0
0
0
0
0
0
0
0
0
0
0
0
0
0
0
0
0
0
0
0
0
0
0
0
0
0
0
0
0
0
0
0
0
0
0
0
0
0
0
0
0
0
0
0
0
0
0
0
0
0
0
0
0
0
0
0
0
0
0
0
0
0
0
0
0
0
0
0
0
0
0
0
0
0
0
0
0
0
0
0
0
0
0
0
0
0
0
0
0
0
0
0
0
0
0
0
0
0
0
0
0
0
0
0
0
0
0
0
4092
4092
0
0
0
0
0
0
4092
4092
0
0
0
0
0
0
4092
4092
0
0
0
0
0
0
4090
4090
0
0
0
0
0
0
4090
4089
0
0
0
0
0
0
4088
4088
0
0
0
0
0
0
4088
4088
0
0
0
0
0
0
4088
4088
0
0
0
0
0
0
4088
4088
0
0
0
0
0
0
4090
4090
0
0
0
0
0
0
4092
4093
0
0
0
0
0
0
1
1
0
0
0
0
0
0
4
5
0
0
0
0
0
0
9
9
0
0
0
0
0
0
12
14
0
0
0
0
0
0
16
17
0
0
0
0
0
0
17
19
0
0
0
0
0
0
17
19
0
0
0
0
0
0
16
17
0
0
0
0
0
0
11
12
0
0
0
0
0
0
5
5
0
0
0
0
0
0
4093
4093
0
0
0
0
0
0
4083
4081
0
0
0
0
0
0
4074
4071
0
0
0
0
0
0
4064
4060
0
0
0
0
0
0
4056
4053
0
0
0
0
0
0
4052
4048
0
0
0
0
0
0
4049
4045
0
0
0
0
0
0
4052
4048
0
0
0
0
0
0
4058
4056
0
0
0
0
0
0
4069
4067
0
0
0
0
0
0
4083
4083
0
0
0
0
0
0
5
6
0
0
0
0
0
0
22
26
0
0
0
0
0
0
41
45
0
0
0
0
0
0
56
62
0
0
0
0
0
0
67
75
0
0
0
0
0
0
75
81
0
0
0
0
0
0
74
81
0
0
0
0
0
0
67
73
0
0
0
0
0
0
52
57
0
0
0
0
0
0
32
33
0
0
0
0
0
0
7
7
0
0
0
0
0
0
4073
4071
0
0
0
0
0
0
4044
4039
0
0
0
0
0
0
4017
4010
0
0
0
0
0
0
3994
3984
0
0
0
0
0
0
3979
3968
0
0
0
0
0
0
3975
3964
0
0
0
0
0
0
3978
3968
0
0
0
0
0
0
3992
3984
0
0
0
0
0
0
4018
4013
0
0
0
0
0
0
4052
4050
0
0
0
0
0
0
4092
4093
0
0
0
0
0
0
39
44
0
0
0
0
0
0
82
90
0
0
0
0
0
0
119
132
0
0
0
0
0
0
148
162
0
0
0
0
0
0
166
181
0
0
0
0
0
0
168
184
0
0
0
0
0
0
159
172
0
0
0
0
0
0
131
141
0
0
0
0
0
0
91
97
0
0
0
0
0
0
41
41
0
0
0
0
0
0
4079
4075
0
0
0
0
0
0
4019
4009
0
0
0
0
0
0
3963
3948
0
0
0
0
0
0
3914
3896
0
0
0
0
0
0
3880
3860
0
0
0
0
0
0
3863
3841
0
0
0
0
0
0
3864
3845
0
0
0
0
0
0
3888
3871
0
0
0
0
0
0
3929
3916
0
0
0
0
0
0
3988
3981
0
0
0
0
0
0
4058
4059
0
0
0
0
0
0
40
48
0
0
0
0
0
0
117
132
0
0
0
0
0
0
189
209
0
0
0
0
0
0
246
270
0
0
0
0
0
0
285
311
0
0
0
0
0
0
299
326
0
0
0
0
0
0
289
314
0
0
0
0
0
0
251
272
0
0
0
0
0
0
191
204
0
0
0
0
0
0
110
115
0
0
0
0
0
0
16
13
0
0
0
0
0
0
4012
4000
0
0
0
0
0
0
3914
3894
0
0
0
0
0
0
3828
3802
0
0
0
0
0
0
3764
3732
0
0
0
0
0
0
3723
3689
0
0
0
0
0
0
3715
3681
0
0
0
0
0
0
3739
3709
0
0
0
0
0
0
3795
3772
0
0
0
0
0
0
3880
3866
0
0
0
0
0
0
3986
3983
0
0
0
0
0
0
11
18
0
0
0
0
0
0
134
152
0
0
0
0
0
0
251
278
0
0
0
0
0
0
349
384
0
0
0
0
0
0
421
460
0
0
0
0
0
0
458
500
0
0
0
0
0
0
457
496
0
0
0
0
0
0
415
449
0
0
0
0
0
0
335
360
0
0
0
0
0
0
222
236
0
0
0
0
0
0
87
87
0
0
0
0
0
0
4034
4022
0
0
0
0
0
0
3886
3862
0
0
0
0
0
0
3751
3715
0
0
0
0
0
0
3641
3597
0
0
0
0
0
0
3567
3518
0
0
0
0
0
0
3537
3487
0
0
0
0
0
0
3553
3506
0
0
0
0
0
0
3617
3580
0
0
0
0
0
0
3725
3698
0
0
0
0
0
0
3870
3857
0
0
0
0
0
0
4036
4040
0
0
0
0
0
0
118
137
0
0
0
0
0
0
291
326
0
0
0
0
0
0
444
489
0
0
0
0
0
0
562
617
0
0
0
0
0
0
635
693
0
0
0
0
0
0
654
712
0
0
0
0
0
0
619
671
0
0
0
0
0
0
527
568
0
0
0
0
0
0
385
412
0
0
0
0
0
0
207
216
0
0
0
0
0
0
5
4093
0
0
0
0
0
0
3893
3865
0
0
0
0
0
0
3696
3652
0
0
0
0
0
0
3529
3472
0
0
0
0
0
0
3405
3339
0
0
0
0
0
0
3338
3269
0
0
0
0
0
0
3335
3269
0
0
0
0
0
0
3397
3340
0
0
0
0
0
0
3522
3478
0
0
0
0
0
0
3699
3674
0
0
0
0
0
0
3916
3911
0
0
0
0
0
0
57
73
0
0
0
0
0
0
295
332
0
0
0
0
0
0
515
570
0
0
0
0
0
0
693
762
0
0
0
0
0
0
816
893
0
0
0
0
0
0
873
952
0
0
0
0
0
0
854
926
0
0
0
0
0
0
760
822
0
0
0
0
0
0
598
641
0
0
0
0
0
0
380
403
0
0
0
0
0
0
124
122
0
0
0
0
0
0
3946
3921
0
0
0
0
0
0
3680
3631
0
0
0
0
0
0
3440
3373
0
0
0
0
0
0
3255
3173
0
0
0
0
0
0
3135
3046
0
0
0
0
0
0
3097
3009
0
0
0
0
0
0
3144
3063
0
0
0
0
0
0
3274
3209
0
0
0
0
0
0
3477
3434
0
0
0
0
0
0
3739
3721
0
0
0
0
0
0
4038
4047
0
0
0
0
0
0
251
288
0
0
0
0
0
0
546
607
0
0
0
0
0
0
799
881
0
0
0
0
0
0
989
1084
0
0
0
0
0
0
1097
1196
0
0
0
0
0
0
1112
1208
0
0
0
0
0
0
1030
1116
0
0
0
0
0
0
859
925
0
0
0
0
0
0
610
650
0
0
0
0
0
0
301
312
0
0
0
0
0
0
4057
4038
0
0
0
0
0
0
3713
3663
0
0
0
0
0
0
3394
3318
0
0
0
0
0
0
3130
3034
0
0
0
0
0
0
2943
2835
0
0
0
0
0
0
2852
2740
0
0
0
0
0
0
2866
2760
0
0
0
0
0
0
2988
2898
0
0
0
0
0
0
3205
3139
0
0
0
0
0
0
3505
3468
0
0
0
0
0
0
3860
3857
0
0
0
0
0
0
148
179
0
0
0
0
0
0
525
589
0
0
0
0
0
0
864
954
0
0
0
0
0
0
1134
1245
0
0
0
0
0
0
1312
1433
0
0
0
0
0
0
1378
1501
0
0
0
0
0
0
1326
1439
0
0
0
0
0
0
1160
1253
0
0
0
0
0
0
891
955
0
0
0
0
0
0
539
569
0
0
0
0
0
0
133
126
0
0
0
0
0
0
3806
3760
0
0
0
0
0
0
3401
3321
0
0
0
0
0
0
3046
2939
0
0
0
0
0
0
2776
2650
0
0
0
0
0
0
2617
2480
0
0
0
0
0
0
2581
2448
0
0
0
0
0
0
2673
2555
0
0
0
0
0
0
2892
2798
0
0
0
0
0
0
3217
3157
0
0
0
0
0
0
3623
3600
0
0
0
0
0
0
4074
4095
0
0
0
0
0
0
441
502
0
0
0
0
0
0
873
969
0
0
0
0
0
0
1235
1360
0
0
0
0
0
0
1498
1640
0
0
0
0
0
0
1634
1782
0
0
0
0
0
0
1633
1774
0
0
0
0
0
0
1490
1612
0
0
0
0
0
0
1217
1308
0
0
0
0
0
0
833
886
0
0
0
0
0
0
373
383
0
0
0
0
0
0
3968
3933
0
0
0
0
0
0
3470
3393
0
0
0
0
0
0
3019
2905
0
0
0
0
0
0
2652
2510
0
0
0
0
0
0
2406
2248
0
0
0
0
0
0
2301
2141
0
0
0
0
0
0
2348
2200
0
0
0
0
0
0
2546
2421
0
0
0
0
0
0
2879
2789
0
0
0
0
0
0
3324
3279
0
0
0
0
0
0
3840
3842
0
0
0
0
0
0
289
341
0
0
0
0
0
0
817
913
0
0
0
0
0
0
1281
1415
0
0
0
0
0
0
1643
1802
0
0
0
0
0
0
1867
2039
0
0
0
0
0
0
1934
2104
0
0
0
0
0
0
1835
1988
0
0
0
0
0
0
1576
1700
0
0
0
0
0
0
1178
1262
0
0
0
0
0
0
674
708
0
0
0
0
0
0
103
84
0
0
0
0
0
0
3613
3542
0
0
0
0
0
0
3060
2944
0
0
0
0
0
0
2588
2434
0
0
0
0
0
0
2240
2062
0
0
0
0
0
0
2047
1860
0
0
0
0
0
0
2026
1846
0
0
0
0
0
0
2183
2026
0
0
0
0
0
0
2508
2386
0
0
0
0
0
0
2970
2896
0
0
0
0
0
0
3538
3517
0
0
0
0
0
0
62
97
0
0
0
0
0
0
687
776
0
0
0
0
0
0
1259
1395
0
0
0
0
0
0
1729
1902
0
0
0
0
0
0
2056
2250
0
0
0
0
0
0
2211
2410
0
0
0
0
0
0
2176
2363
0
0
0
0
0
0
1955
2113
0
0
0
0
0
0
1563
1679
0
0
0
0
0
0
1030
1093
0
0
0
0
0
0
403
409
0
0
0
0
0
0
3830
3775
0
0
0
0
0
0
3176
3065
0
0
0
0
0
0
2592
2433
0
0
0
0
0
0
2131
1939
0
0
0
0
0
0
1833
1623
0
0
0
0
0
0
1727
1517
0
0
0
0
0
0
1821
1629
0
0
0
0
0
0
2113
1955
0
0
0
0
0
0
2576
2467
0
0
0
0
0
0
3178
3127
0
0
0
0
0
0
3863
3875
0
0
0
0
0
0
478
554
0
0
0
0
0
0
1158
1291
0
0
0
0
0
0
1744
1923
0
0
0
0
0
0
2186
2397
0
0
0
0
0
0
2446
2669
0
0
0
0
0
0
2497
2716
0
0
0
0
0
0
2335
2529
0
0
0
0
0
0
1972
2124
0
0
0
0
0
0
1432
1531
0
0
0
0
0
0
766
800
0
0
0
0
0
0
26
4089
0
0
0
0
0
0
3373
3273
0
0
0
0
0
0
2677
2521
0
0
0
0
0
0
2095
1894
0
0
0
0
0
0
1681
1452
0
0
0
0
0
0
1468
1231
0
0
0
0
0
0
1478
1252
0
0
0
0
0
0
1715
1520
0
0
0
0
0
0
2157
2010
0
0
0
0
0
0
2769
2683
0
0
0
0
0
0
3501
3484
0
0
0
0
0
0
193
249
0
0
0
0
0
0
974
1096
0
0
0
0
0
0
1678
1856
0
0
0
0
0
0
2245
2466
0
0
0
0
0
0
2622
2867
0
0
0
0
0
0
2780
3028
0
0
0
0
0
0
2698
2927
0
0
0
0
0
0
2385
2577
0
0
0
0
0
0
1864
2000
0
0
0
0
0
0
1177
1247
0
0
0
0
0
0
386
381
0
0
0
0
0
0
3648
3569
0
0
0
0
0
0
2845
2699
0
0
0
0
0
0
2141
1939
0
0
0
0
0
0
1600
1359
0
0
0
0
0
0
1267
1007
0
0
0
0
0
0
1175
917
0
0
0
0
0
0
1331
1100
0
0
0
0
0
0
1726
1539
0
0
0
0
0
0
2328
2203
0
0
0
0
0
0
3084
3033
0
0
0
0
0
0
3935
3962
0
0
0
0
0
0
710
813
0
0
0
0
0
0
1527
1698
0
0
0
0
0
0
2218
2444
0
0
0
0
0
0
2727
2986
0
0
0
0
0
0
3003
3276
0
0
0
0
0
0
3024
3288
0
0
0
0
0
0
2788
3017
0
0
0
0
0
0
2308
2486
0
0
0
0
0
0
1628
1736
0
0
0
0
0
0
801
831
0
0
0
0
0
0
3997
3946
0
0
0
0
0
0
3097
2968
0
0
0
0
0
0
2276
2079
0
0
0
0
0
0
1604
1357
0
0
0
0
0
0
1140
863
0
0
0
0
0
0
926
642
0
0
0
0
0
0
982
716
0
0
0
0
0
0
1305
1079
0
0
0
0
0
0
1869
1703
0
0
0
0
0
0
2628
2537
0
0
0
0
0
0
3518
3510
0
0
0
0
0
0
367
444
0
0
0
0
0
0
1287
1442
0
0
0
0
0
0
2104
2324
0
0
0
0
0
0
2744
3013
0
0
0
0
0
0
3155
3447
0
0
0
0
0
0
3296
3588
0
0
0
0
0
0
3157
3424
0
0
0
0
0
0
2746
2964
0
0
0
0
0
0
2097
2248
0
0
0
0
0
0
1262
1332
0
0
0
0
0
0
314
296
0
0
0
0
0
0
3430
3325
0
0
0
0
0
0
2499
2316
0
0
0
0
0
0
1699
1453
0
0
0
0
0
0
1099
812
0
0
0
0
0
0
751
445
0
0
0
0
0
0
690
391
0
0
0
0
0
0
916
652
0
0
0
0
0
0
1416
1209
0
0
0
0
0
0
2152
2017
0
0
0
0
0
0
3055
3007
0
0
0
0
0
0
4053
1
0
0
0
0
0
0
967
1098
0
0
0
0
0
0
1898
2106
0
0
0
0
0
0
2671
2938
0
0
0
0
0
0
3220
3525
0
0
0
0
0
0
3495
3812
0
0
0
0
0
0
3475
3775
0
0
0
0
0
0
3155
3413
0
0
0
0
0
0
2563
2757
0
0
0
0
0
0
1748
1861
0
0
0
0
0
0
778
799
0
0
0
0
0
0
3832
3760
0
0
0
0
0
0
2807
2648
0
0
0
0
0
0
1886
1652
0
0
0
0
0
0
1150
859
0
0
0
0
0
0
662
341
0
0
0
0
0
0
463
140
0
0
0
0
0
0
576
277
0
0
0
0
0
0
990
740
0
0
0
0
0
0
1672
1493
0
0
0
0
0
0
2564
2473
0
0
0
0
0
0
3592
3596
0
0
0
0
0
0
570
671
0
0
0
0
0
0
1602
1790
0
0
0
0
0
0
2503
2762
0
0
0
0
0
0
3192
3501
0
0
0
0
0
0
3611
3943
0
0
0
0
0
0
266
382
0
0
0
0
0
0
27
2663
0
0
0
0
0
0
3093
3291
0
0
0
0
0
0
2234
2398
0
0
0
0
0
0
1273
1339
0
0
0
0
0
0
197
162
0
0
0
0
0
0
3193
3063
0
0
0
0
0
0
2165
1948
0
0
0
0
0
0
1297
1014
0
0
0
0
0
0
666
339
0
0
0
0
0
0
14
2686
0
0
0
0
0
0
3558
3864
0
0
0
0
0
0
2514
375
0
0
0
0
0
0
1207
910
0
0
0
0
0
0
2069
1929
0
0
0
0
0
0
3092
3053
0
0
0
0
0
0
116
179
0
0
0
0
0
0
1229
1388
0
0
0
0
0
0
2242
2484
0
0
0
0
0
0
3066
3370
0
0
0
0
0
0
3632
3973
0
0
0
0
0
0
431
567
0
0
0
0
0
0
630
284
0
0
0
0
0
0
4027
2550
0
0
0
0
0
0
2800
2964
0
0
0
0
0
0
1780
1896
0
0
0
0
0
0
696
705
0
0
0
0
0
0
3641
3548
0
0
0
0
0
0
2527
2337
0
0
0
0
0
0
1539
1272
0
0
0
0
0
0
770
446
0
0
0
0
0
0
4066
2631
0
0
0
0
0
0
3368
3650
0
0
0
0
0
0
3454
3810
0
0
0
0
0
0
1255
1248
0
0
0
0
0
0
1521
1393
0
0
0
0
0
0
2578
2491
0
0
0
0
0
0
3713
3734
0
0
0
0
0
0
788
911
0
0
0
0
0
0
1895
2111
0
0
0
0
0
0
2843
3134
0
0
0
0
0
0
3551
3892
0
0
0
0
0
0
193
555
0
0
0
0
0
0
851
514
0
0
0
0
0
0
583
221
0
0
0
0
0
0
3746
3318
0
0
0
0
0
0
2288
2462
0
0
0
0
0
0
1213
1270
0
0
0
0
0
0
43
4087
0
0
0
0
0
0
2957
2803
0
0
0
0
0
0
1870
1627
0
0
0
0
0
0
970
657
0
0
0
0
0
0
336
1238
0
0
0
0
0
0
3074
3490
0
0
0
0
0
0
3221
3539
0
0
0
0
0
0
3598
3969
0
0
0
0
0
0
833
1066
0
0
0
0
0
0
2055
1922
0
0
0
0
0
0
3191
3165
0
0
0
0
0
0
297
379
0
0
0
0
0
0
1476
1660
0
0
0
0
0
0
2530
2799
0
0
0
0
0
0
3370
3703
0
0
0
0
0
0
1221
1171
0
0
0
0
0
0
922
673
0
0
0
0
0
0
841
509
0
0
0
0
0
0
364
1234
0
0
0
0
0
0
2638
2951
0
0
0
0
0
0
1734
1832
0
0
0
0
0
0
566
559
0
0
0
0
0
0
3442
3328
0
0
0
0
0
0
2277
2065
0
0
0
0
0
0
1265
972
0
0
0
0
0
0
492
144
0
0
0
0
0
0
3483
3322
0
0
0
0
0
0
3089
3394
0
0
0
0
0
0
3313
3654
0
0
0
0
0
0
104
1591
0
0
0
0
0
0
1501
1361
0
0
0
0
0
0
2671
2591
0
0
0
0
0
0
3871
3908
0
0
0
0
0
0
998
1142
0
0
0
0
0
0
2139
2377
0
0
0
0
0
0
3098
3411
0
0
0
0
0
0
3792
2895
0
0
0
0
0
0
1109
704
0
0
0
0
0
0
1011
706
0
0
0
0
0
0
669
314
0
0
0
0
0
0
3121
3335
0
0
0
0
0
0
2233
2377
0
0
0
0
0
0
1094
1136
0
0
0
0
0
0
3963
3893
0
0
0
0
0
0
2744
2570
0
0
0
0
0
0
1640
1376
0
0
0
0
0
0
746
414
0
0
0
0
0
0
2840
2883
0
0
0
0
0
0
3085
3324
0
0
0
0
0
0
3120
3439
0
0
0
0
0
0
3562
3933
0
0
0
0
0
0
864
1104
0
0
0
0
0
0
2150
2028
0
0
0
0
0
0
3340
3327
0
0
0
0
0
0
481
581
0
0
0
0
0
0
1681
1884
0
0
0
0
0
0
2738
3024
0
0
0
0
0
0
3560
3906
0
0
0
0
0
0
315
693
0
0
0
0
0
0
1074
761
0
0
0
0
0
0
890
560
0
0
0
0
0
0
347
1212
0
0
0
0
0
0
2562
2866
0
0
0
0
0
0
1605
1690
0
0
0
0
0
0
399
376
0
0
0
0
0
0
3255
3124
0
0
0
0
0
0
2086
1857
0
0
0
0
0
0
1086
779
0
0
0
0
0
0
346
1244
0
0
0
0
0
0
2978
3381
0
0
0
0
0
0
3027
3324
0
0
0
0
0
0
3323
3666
0
0
0
0
0
0
167
1663
0
0
0
0
0
0
1615
1488
0
0
0
0
0
0
2822
2758
0
0
0
0
0
0
4045
2
0
0
0
0
0
0
1180
1340
0
0
0
0
0
0
2307
2561
0
0
0
0
0
0
3240
3564
0
0
0
0
0
0
108
1557
0
0
0
0
0
0
961
706
0
0
0
0
0
0
1011
694
0
0
0
0
0
0
612
249
0
0
0
0
0
0
3654
3214
0
0
0
0
0
0
2086
2238
0
0
0
0
0
0
923
949
0
0
0
0
0
0
3784
3699
0
0
0
0
0
0
2577
2389
0
0
0
0
0
0
1499
1223
0
0
0
0
0
0
644
305
0
0
0
0
0
0
3204
3474
0
0
0
0
0
0
3041
3330
0
0
0
0
0
0
3179
3504
0
0
0
0
0
0
3669
4053
0
0
0
0
0
0
1318
1212
0
0
0
0
0
0
2326
2229
0
0
0
0
0
0
3518
3524
0
0
0
0
0
0
653
768
0
0
0
0
0
0
1826
2040
0
0
0
0
0
0
2844
3137
0
0
0
0
0
0
3615
3964
0
0
0
0
0
0
623
785
0
0
0
0
0
0
1009
705
0
0
0
0
0
0
780
438
0
0
0
0
0
0
3984
2495
0
0
0
0
0
0
2582
2721
0
0
0
0
0
0
1413
1491
0
0
0
0
0
0
217
179
0
0
0
0
0
0
3097
2953
0
0
0
0
0
0
1968
1731
0
0
0
0
0
0
1022
712
0
0
0
0
0
0
339
1240
0
0
0
0
0
0
3033
3443
0
0
0
0
0
0
3136
3445
0
0
0
0
0
0
3478
3838
0
0
0
0
0
0
1024
813
0
0
0
0
0
0
1897
1756
0
0
0
0
0
0
3018
2977
0
0
0
0
0
0
124
192
0
0
0
0
0
0
1314
1483
0
0
0
0
0
0
2389
2646
0
0
0
0
0
0
3257
3579
0
0
0
0
0
0
59
1501
0
0
0
0
0
0
851
584
0
0
0
0
0
0
847
514
0
0
0
0
0
0
410
29
0
0
0
0
0
0
2821
2933
0
0
0
0
0
0
1868
1977
0
0
0
0
0
0
724
734
0
0
0
0
0
0
3625
3528
0
0
0
0
0
0
2473
2278
0
0
0
0
0
0
1461
1185
0
0
0
0
0
0
678
345
0
0
0
0
0
0
2890
2944
0
0
0
0
0
0
3252
3510
0
0
0
0
0
0
3387
3733
0
0
0
0
0
0
123
1609
0
0
0
0
0
0
1459
1312
0
0
0
0
0
0
2568
2476
0
0
0
0
0
0
3711
3731
0
0
0
0
0
0
792
916
0
0
0
0
0
0
1895
2111
0
0
0
0
0
0
2836
3125
0
0
0
0
0
0
3530
3868
0
0
0
0
0
0
158
516
0
0
0
0
0
0
803
461
0
0
0
0
0
0
527
162
0
0
0
0
0
0
3691
3258
0
0
0
0
0
0
2240
2411
0
0
0
0
0
0
1185
1241
0
0
0
0
0
0
40
4086
0
0
0
0
0
0
2990
2841
0
0
0
0
0
0
1943
1708
0
0
0
0
0
0
1081
779
0
0
0
0
0
0
479
139
0
0
0
0
0
0
3644
3505
0
0
0
0
0
0
3413
3752
0
0
0
0
0
0
2511
369
0
0
0
0
0
0
1265
977
0
0
0
0
0
0
2181
2053
0
0
0
0
0
0
3240
3217
0
0
0
0
0
0
280
356
0
0
0
0
0
0
1385
1556
0
0
0
0
0
0
2368
2618
0
0
0
0
0
0
3146
3455
0
0
0
0
0
0
3650
3989
0
0
0
0
0
0
694
463
0
0
0
0
0
0
530
179
0
0
0
0
0
0
3850
3439
0
0
0
0
0
0
2533
2737
0
0
0
0
0
0
1586
1680
0
0
0
0
0
0
517
510
0
0
0
0
0
0
3501
3397
0
0
0
0
0
0
2445
2252
0
0
0
0
0
0
1533
1269
0
0
0
0
0
0
844
531
0
0
0
0
0
0
435
100
0
0
0
0
0
0
3489
3732
0
0
0
0
0
0
2483
324
0
0
0
0
0
0
1084
772
0
0
0
0
0
0
1872
1711
0
0
0
0
0
0
2829
2765
0
0
0
0
0
0
3897
3929
0
0
0
0
0
0
878
1004
0
0
0
0
0
0
1875
2084
0
0
0
0
0
0
2711
2984
0
0
0
0
0
0
3308
3621
0
0
0
0
0
0
3621
3949
0
0
0
0
0
0
3955
174
0
0
0
0
0
0
3293
3447
0
0
0
0
0
0
2740
2940
0
0
0
0
0
0
1912
2040
0
0
0
0
0
0
935
972
0
0
0
0
0
0
3981
3922
0
0
0
0
0
0
2945
2798
0
0
0
0
0
0
2012
1788
0
0
0
0
0
0
1263
983
0
0
0
0
0
0
757
444
0
0
0
0
0
0
538
221
0
0
0
0
0
0
625
328
0
0
0
0
0
0
1003
753
0
0
0
0
0
0
1645
1463
0
0
0
0
0
0
2492
2392
0
0
0
0
0
0
3468
3460
0
0
0
0
0
0
398
480
0
0
0
0
0
0
1383
1548
0
0
0
0
0
0
2245
2478
0
0
0
0
0
0
2908
3191
0
0
0
0
0
0
3322
3628
0
0
0
0
0
0
3448
3753
0
0
0
0
0
0
3283
3559
0
0
0
0
0
0
2836
3061
0
0
0
0
0
0
2151
2305
0
0
0
0
0
0
1288
1359
0
0
0
0
0
0
319
302
0
0
0
0
0
0
3425
3321
0
0
0
0
0
0
2499
2317
0
0
0
0
0
0
1712
1470
0
0
0
0
0
0
1135
853
0
0
0
0
0
0
815
515
0
0
0
0
0
0
774
484
0
0
0
0
0
0
1016
760
0
0
0
0
0
0
1517
1318
0
0
0
0
0
0
2236
2108
0
0
0
0
0
0
3107
3061
0
0
0
0
0
0
4055
1
0
0
0
0
0
0
907
1029
0
0
0
0
0
0
1769
1961
0
0
0
0
0
0
2474
2722
0
0
0
0
0
0
2964
3244
0
0
0
0
0
0
3196
3484
0
0
0
0
0
0
3157
3429
0
0
0
0
0
0
2848
3079
0
0
0
0
0
0
2299
2473
0
0
0
0
0
0
1557
1658
0
0
0
0
0
0
689
708
0
0
0
0
0
0
3863
3801
0
0
0
0
0
0
2969
2831
0
0
0
0
0
0
2175
1973
0
0
0
0
0
0
1553
1304
0
0
0
0
0
0
1151
878
0
0
0
0
0
0
1001
726
0
0
0
0
0
0
1117
865
0
0
0
0
0
0
1483
1273
0
0
0
0
0
0
2069
1922
0
0
0
0
0
0
2824
2749
0
0
0
0
0
0
3680
3683
0
0
0
0
0
0
467
549
0
0
0
0
0
0
1306
1458
0
0
0
0
0
0
2023
2233
0
0
0
0
0
0
2565
2811
0
0
0
0
0
0
2883
3147
0
0
0
0
0
0
2952
3212
0
0
0
0
0
0
2771
3003
0
0
0
0
0
0
2354
2539
0
0
0
0
0
0
1741
1863
0
0
0
0
0
0
984
1035
0
0
0
0
0
0
149
123
0
0
0
0
0
0
3407
3308
0
0
0
0
0
0
2631
2469
0
0
0
0
0
0
1987
1775
0
0
0
0
0
0
1530
1286
0
0
0
0
0
0
1292
1038
0
0
0
0
0
0
1296
1053
0
0
0
0
0
0
1536
1326
0
0
0
0
0
0
1993
1831
0
0
0
0
0
0
2625
2526
0
0
0
0
0
0
3374
3346
0
0
0
0
0
0
83
127
0
0
0
0
0
0
871
983
0
0
0
0
0
0
1580
1749
0
0
0
0
0
0
2146
2358
0
0
0
0
0
0
2525
2761
0
0
0
0
0
0
2686
2925
0
0
0
0
0
0
2615
2838
0
0
0
0
0
0
2323
2510
0
0
0
0
0
0
1837
1973
0
0
0
0
0
0
1197
1272
0
0
0
0
0
0
464
471
0
0
0
0
0
0
3794
3732
0
0
0
0
0
0
3059
2936
0
0
0
0
0
0
2421
2246
0
0
0
0
0
0
1931
1722
0
0
0
0
0
0
1631
1402
0
0
0
0
0
0
1542
1317
0
0
0
0
0
0
1670
1466
0
0
0
0
0
0
2003
1838
0
0
0
0
0
0
2510
2397
0
0
0
0
0
0
3147
3095
0
0
0
0
0
0
3857
3870
0
0
0
0
0
0
486
562
0
0
0
0
0
0
1158
1290
0
0
0
0
0
0
1727
1903
0
0
0
0
0
0
2142
2347
0
0
0
0
0
0
2369
2584
0
0
0
0
0
0
2393
2602
0
0
0
0
0
0
2215
2398
0
0
0
0
0
0
1848
1992
0
0
0
0
0
0
1329
1420
0
0
0
0
0
0
702
735
0
0
0
0
0
0
23
4089
0
0
0
0
0
0
3445
3357
0
0
0
0
0
0
2834
2697
0
0
0
0
0
0
2335
2160
0
0
0
0
0
0
1994
1797
0
0
0
0
0
0
1833
1630
0
0
0
0
0
0
1868
1676
0
0
0
0
0
0
2089
1926
0
0
0
0
0
0
2480
2357
0
0
0
0
0
0
3001
2932
0
0
0
0
0
0
3610
3596
0
0
0
0
0
0
156
200
0
0
0
0
0
0
778
874
0
0
0
0
0
0
1324
1464
0
0
0
0
0
0
1752
1924
0
0
0
0
0
0
2025
2213
0
0
0
0
0
0
2125
2312
0
0
0
0
0
0
2039
2211
0
0
0
0
0
0
1783
1926
0
0
0
0
0
0
1378
1479
0
0
0
0
0
0
861
912
0
0
0
0
0
0
278
275
0
0
0
0
0
0
3774
3718
0
0
0
0
0
0
3209
3106
0
0
0
0
0
0
2725
2585
0
0
0
0
0
0
2365
2198
0
0
0
0
0
0
2157
1980
0
0
0
0
0
0
2115
1941
0
0
0
0
0
0
2242
2087
0
0
0
0
0
0
2523
2400
0
0
0
0
0
0
2936
2853
0
0
0
0
0
0
3440
3406
0
0
0
0
0
0
3992
4008
0
0
0
0
0
0
449
514
0
0
0
0
0
0
958
1064
0
0
0
0
0
0
1377
1515
0
0
0
0
0
0
1672
1830
0
0
0
0
0
0
1823
1987
0
0
0
0
0
0
1814
1971
0
0
0
0
0
0
1654
1788
0
0
0
0
0
0
1354
1456
0
0
0
0
0
0
945
1007
0
0
0
0
0
0
459
477
0
0
0
0
0
0
4039
4010
0
0
0
0
0
0
3534
3462
0
0
0
0
0
0
3084
2976
0
0
0
0
0
0
2729
2593
0
0
0
0
0
0
2492
2342
0
0
0
0
0
0
2395
2243
0
0
0
0
0
0
2445
2304
0
0
0
0
0
0
2632
2514
0
0
0
0
0
0
2940
2855
0
0
0
0
0
0
3343
3296
0
0
0
0
0
0
3802
3798
0
0
0
0
0
0
183
221
0
0
0
0
0
0
636
712
0
0
0
0
0
0
1028
1135
0
0
0
0
0
0
1325
1454
0
0
0
0
0
0
1508
1646
0
0
0
0
0
0
1556
1693
0
0
0
0
0
0
1473
1597
0
0
0
0
0
0
1266
1366
0
0
0
0
0
0
955
1023
0
0
0
0
0
0
568
599
0
0
0
0
0
0
139
132
0
0
0
0
0
0
3801
3755
0
0
0
0
0
0
3399
3320
0
0
0
0
0
0
3063
2959
0
0
0
0
0
0
2819
2698
0
0
0
0
0
0
2688
2561
0
0
0
0
0
0
2680
2557
0
0
0
0
0
0
2790
2682
0
0
0
0
0
0
3010
2925
0
0
0
0
0
0
3316
3263
0
0
0
0
0
0
3682
3664
0
0
0
0
0
0
4079
0
0
0
0
0
0
0
372
422
0
0
0
0
0
0
723
801
0
0
0
0
0
0
1005
1103
0
0
0
0
0
0
1197
1309
0
0
0
0
0
0
1283
1398
0
0
0
0
0
0
1261
1368
0
0
0
0
0
0
1130
1222
0
0
0
0
0
0
906
975
0
0
0
0
0
0
609
648
0
0
0
0
0
0
267
274
0
0
0
0
0
0
4004
3980
0
0
0
0
0
0
3661
3608
0
0
0
0
0
0
3359
3282
0
0
0
0
0
0
3127
3033
0
0
0
0
0
0
2981
2878
0
0
0
0
0
0
2932
2830
0
0
0
0
0
0
2983
2888
0
0
0
0
0
0
3126
3049
0
0
0
0
0
0
3349
3293
0
0
0
0
0
0
3628
3600
0
0
0
0
0
0
3943
3944
0
0
0
0
0
0
168
196
0
0
0
0
0
0
466
520
0
0
0
0
0
0
718
792
0
0
0
0
0
0
906
993
0
0
0
0
0
0
1012
1103
0
0
0
0
0
0
1029
1119
0
0
0
0
0
0
958
1038
0
0
0
0
0
0
808
872
0
0
0
0
0
0
593
635
0
0
0
0
0
0
332
348
0
0
0
0
0
0
49
40
0
0
0
0
0
0
3863
3831
0
0
0
0
0
0
3608
3555
0
0
0
0
0
0
3399
3330
0
0
0
0
0
0
3254
3175
0
0
0
0
0
0
3183
3102
0
0
0
0
0
0
3191
3114
0
0
0
0
0
0
3275
3208
0
0
0
0
0
0
3427
3376
0
0
0
0
0
0
3631
3600
0
0
0
0
0
0
3869
3859
0
0
0
0
0
0
24
37
0
0
0
0
0
0
266
300
0
0
0
0
0
0
481
532
0
0
0
0
0
0
648
711
0
0
0
0
0
0
756
826
0
0
0
0
0
0
799
868
0
0
0
0
0
0
770
836
0
0
0
0
0
0
678
732
0
0
0
0
0
0
532
571
0
0
0
0
0
0
343
365
0
0
0
0
0
0
131
132
0
0
0
0
0
0
4008
3991
0
0
0
0
0
0
3804
3769
0
0
0
0
0
0
3629
3581
0
0
0
0
0
0
3498
3440
0
0
0
0
0
0
3420
3359
0
0
0
0
0
0
3403
3342
0
0
0
0
0
0
3443
3389
0
0
0
0
0
0
3538
3494
0
0
0
0
0
0
3676
3646
0
0
0
0
0
0
3848
3834
0
0
0
0
0
0
4032
4035
0
0
0
0
0
0
121
140
0
0
0
0
0
0
292
325
0
0
0
0
0
0
431
475
0
0
0
0
0
0
530
581
0
0
0
0
0
0
580
632
0
0
0
0
0
0
581
631
0
0
0
0
0
0
531
575
0
0
0
0
0
0
439
473
0
0
0
0
0
0
312
334
0
0
0
0
0
0
162
169
0
0
0
0
0
0
3
4092
0
0
0
0
0
0
3945
3925
0
0
0
0
0
0
3809
3778
0
0
0
0
0
0
3701
3663
0
0
0
0
0
0
3631
3587
0
0
0
0
0
0
3600
3557
0
0
0
0
0
0
3613
3571
0
0
0
0
0
0
3667
3630
0
0
0
0
0
0
3752
3728
0
0
0
0
0
0
3866
3852
0
0
0
0
0
0
3995
3993
0
0
0
0
0
0
30
39
0
0
0
0
0
0
155
173
0
0
0
0
0
0
261
289
0
0
0
0
0
0
341
375
0
0
0
0
0
0
390
425
0
0
0
0
0
0
405
440
0
0
0
0
0
0
383
415
0
0
0
0
0
0
331
356
0
0
0
0
0
0
251
269
0
0
0
0
0
0
154
164
0
0
0
0
0
0
47
46
0
0
0
0
0
0
4037
4028
0
0
0
0
0
0
3940
3922
0
0
0
0
0
0
3859
3835
0
0
0
0
0
0
3802
3775
0
0
0
0
0
0
3771
3742
0
0
0
0
0
0
3770
3741
0
0
0
0
0
0
3795
3769
0
0
0
0
0
0
3846
3826
0
0
0
0
0
0
3912
3900
0
0
0
0
0
0
3993
3987
0
0
0
0
0
0
4078
4081
0
0
0
0
0
0
65
75
0
0
0
0
0
0
138
153
0
0
0
0
0
0
196
216
0
0
0
0
0
0
235
256
0
0
0
0
0
0
251
273
0
0
0
0
0
0
246
268
0
0
0
0
0
0
220
238
0
0
0
0
0
0
177
191
0
0
0
0
0
0
120
128
0
0
0
0
0
0
56
58
0
0
0
0
0
0
4087
4083
0
0
0
0
0
0
4026
4017
0
0
0
0
0
0
3974
3960
0
0
0
0
0
0
3934
3918
0
0
0
0
0
0
3909
3893
0
0
0
0
0
0
3903
3887
0
0
0
0
0
0
3912
3897
0
0
0
0
0
0
3937
3924
0
0
0
0
0
0
3973
3964
0
0
0
0
0
0
4017
4012
0
0
0
0
0
0
4064
4063
0
0
0
0
0
0
16
19
0
0
0
0
0
0
59
66
0
0
0
0
0
0
95
104
0
0
0
0
0
0
119
131
0
0
0
0
0
0
132
144
0
0
0
0
0
0
132
143
0
0
0
0
0
0
122
131
0
0
0
0
0
0
101
109
0
0
0
0
0
0
73
79
0
0
0
0
0
0
41
44
0
0
0
0
0
0
8
8
0
0
0
0
0
0
4071
4069
0
0
0
0
0
0
4045
4039
0
0
0
0
0
0
4024
4017
0
0
0
0
0
0
4008
4001
0
0
0
0
0
0
4003
3995
0
0
0
0
0
0
4006
3999
0
0
0
0
0
0
4016
4009
0
0
0
0
0
0
4030
4025
0
0
0
0
0
0
4051
4047
0
0
0
0
0
0
4071
4070
0
0
0
0
0
0
4092
4093
0
0
0
0
0
0
16
18
0
0
0
0
0
0
32
35
0
0
0
0
0
0
43
48
0
0
0
0
0
0
50
55
0
0
0
0
0
0
51
56
0
0
0
0
0
0
48
52
0
0
0
0
0
0
41
44
0
0
0
0
0
0
30
32
0
0
0
0
0
0
18
19
0
0
0
0
0
0
6
6
0
0
0
0
0
0
4091
4090
0
0
0
0
0
0
4082
4079
0
0
0
0
0
0
4074
4072
0
0
0
0
0
0
4068
4067
0
0
0
0
0
0
4067
4064
0
0
0
0
0
0
4067
4064
0
0
0
0
0
0
4069
4067
0
0
0
0
0
0
4076
4073
0
0
0
0
0
0
4080
4079
0
0
0
0
0
0
4085
4085
0
0
0
0
0
0
4091
4092
0
0
0
0
0
0
0
0
0
0
0
0
0
0
3
4
0
0
0
0
0
0
6
6
0
0
0
0
0
0
7
7
0
0
0
0
0
0
7
7
0
0
0
0
0
0
6
6
0
0
0
0
0
0
5
5
0
0
0
0
0
0
3
4
0
0
0
0
0
0
1
1
0
0
0
0
0
0
0
0
0
0
0
0
0
0
4095
4094
0
0
0
0
0
0
4092
4092
0
0
0
0
0
0
4092
4092
0
0
0
0
0
0
4092
4092
0
0
0
0
0
0
4092
4092
0
0
0
0
0
0
4092
4092
0
0
0
0
0
0
4092
4092
0
0
0
0
0
0
4092
4092
0
0
0
0
0
0
4092
4092
0
0
0
0
0
0
4094
4095
0
0
0
0
0
0
0
4095
0
0
0
0
0
0
0
0
0
0
0
0
0
0
4095
0
0
0
0
0
0
0
4095
4095
0
0
0
0
0
0
0
0
0
0
0
0
0
0
0
0
0
0
0
0
0
0
0
0
0
0
0
0
0
0
0
0
0
0
0
0
0
0
0
0
0
0
0
0
0
0
0
0
0
0
0
0
0
0
0
0
0
0
0
0
0
0
0
0
0
0
0
0
0
0
0
0
0
0
0
0
0
0
0
0
0
0
0
0
0
0
0
0
0
0
0
0
0
0
0
0
0
0
0
0
0
0
0
0
0
0
0
0
0
0
0
0
0
0
0
0
0
0
0
0
0
0
0
0
0
0
0
0
0
0
0
0
0
0
0
0
0
0
0
0
0
0
0
0
0
0
0
0
0
0
0
0
0
0
0
0
0
0
0
0
0
0
0
0
0
0
0
0
0
0
0
0
0
0
0
0
0
0
0
0
0
0
0
0
0
0
0
0
0
0
0
0
0
0
0
0
0
0
0
0
0
0
0
0
0
0
0
0
0
0
0
0
0
0
0
0
0
0
0
0
0
0
0
0
0
0
0
0
0
0
0
0
0
0
0
0
0
0
0
0
0
0
0
0
0
0
0
0
0
0
0
0
0
0
0
0
0
0
0
0
0
0
0
0
0
0
0
0
0
0
0
0
0
0
0
0
0
0
0
0
0
0
0
0
0
0
0
0
0
0
0
0
0
0
0
0
0
0
0
0
0
0
0
0
0
0
0
0
0
0
0
0
0
0
0
0
0
0
0
0
0
0
0
0
0
0
0
0
0
0
0
0
0
0
0
0
0
0
0
0
0
0
0
0
0
0
0
0
0
0
0
0
0
0
0
0
0
0
0
0
0
0
0
0
0
0
0
0
0
0
0
0
0
0
0
0
0
0
0
0
0
0
0
0
0
0
0
0
0
0
0
0
0
0
0
0
0
0
0
0
0
0
0
0
0
0
0
0
0
0
0
0
0
0
0
0
0
0
0
0
0
0
0
0
0
0
0
0
0
0
0
0
0
0
0
0
0
0
0
0
0
0
0
0
0
0
0
0
0
0
0
0
0
0
0
0
0
0
0
0
0
0
0
0
0
0
0
0
0
0
0
0
0
0
0
0
0
0
0
0
0
0
0
0
0
0
0
0
0
0
0
0
0
0
0
0
0
0
0
0
0
0
0
0
0
0
0
0
0
0
0
0
0
0
0
0
0
0
0
0
0
0
0
0
0
0
0
0
0
0
0
0
0
0
0
0
0
0
0
0
0
0
0
0
0
0
0
0
0
0
0
0
0
0
0
0
0
0
0
0
0
0
0
0
0
0
0
0
0
0
0
0
0
0
0
0
0
0
0
0
0
0
0
0
0
0
0
0
0
0
0
0
0
0
0
0
0
0
0
0
0
0
0
0
0
0
0
0
0
0
0
0
0
0
0
0
0
0
0
0
0
0
0
0
0
0
0
0
0
0
0
0
0
0
0
0
0
0
0
0
0
0
0
0
0
0
0
0
0
0
0
0
0
0
0
0
0
0
0
0
0
0
0
0
0
0
0
0
0
0
0
0
0
0
0
0
0
0
0
0
0
0
0
0
0
0
0
0
0
0
0
0
0
0
0
0
0
0
0
0
0
0
0
0
0
0
0
0
0
0
0
0
0
0
0
0
0
0
0
0
0
0
0
0
0
0
0
0
0
0
0
0
0
0
0
0
0
0
0
0
0
0
0
0
0
0
0
0
0
0
0
0
0
0
0
0
0
0
0
0
0
0
0
0
0
0
0
0
0
0
0
0
0
0
0
0
0
0
0
0
0
0
0
0
0
0
0
0
0
0
0
0
0
0
0
0
0
0
0
0
0
0
0
0
0
0
0
0
0
0
0
0
0
0
0
0
0
0
0
0
0
0
0
0
0
0
0
0
0
0
0
0
0
0
0
0
0
0
0
0
0
0
0
0
0
0
0
0
0
0
0
0
0
0
0
0
0
0
0
0
0
0
0
0
0
0
0
0
0
0
0
0
0
0
0
0
0
0
0
0
0
0
0
0
0
0
0
0
0
0
0
0
0
0
0
0
0
0
0
0
0
0
0
0
0
0
0
0
0
0
0
0
0
0
0
0
0
0
0
0
0
0
0
0
0
0
0
0
0
0
0
0
0
0
0
0
0
0
0
0
0
0
0
0
0
0
0
0
0
0
0
0
0
0
0
0
0
0
0
0
0
0
0
0
0
0
0
0
0
0
0
0
0
0
0
0
0
0
0
0
0
0
0
0
0
0
0
0
0
0
0
0
0
0
0
0
0
0
0
0
0
0
0
0
0
0
0
0
0
0
0
0
0
0
0
0
0
0
0
0
0
0
0
0
0
0
0
0
0
0
0
0
0
0
0
0
0
0
0
0
0
0
0
0
0
0
0
0
0
0
0
0
0
0
0
0
0
0
0
0
0
0
0
0
0
0
0
0
0
0
0
0
0
0
0
0
0
0
0
0
0
0
0
0
0
0
0
0
0
0
0
0
0
0
0
0
0
0
0
0
0
0
0
0
0
0
0
0
0
0
0
0
0
0
0
0
0
0
0
0
0
0
0
0
0
0
0
0
0
0
0
0
0
0
0
0
0
0
0
0
0
0
0
0
0
0
0
0
0
0
0
0
0
0
0
0
0
0
0
0
0
0
0
0
0
0
0
0
0
0
0
0
0
0
0
0
0
0
0
0
0
0
0
0
0
0
0
0
0
0
0
0
0
0
0
0
0
0
0
0
0
0
0
0
0
0
0
0
0
0
0
0
0
0
0
0
0
0
0
0
0
0
0
0
0
0
0
0
0
0
0
0
0
0
0
0
0
0
0
0
0
0
0
0
0
0
0
0
0
0
0
0
0
0
0
0
0
0
0
0
0
0
0
0
0
0
0
0
0
0
0
0
0
0
0
0
0
0
0
0
0
0
0
0
0
0
0
0
0
0
0
0
0
0
0
0
0
0
0
0
0
0
0
0
0
0
0
0
0
0
0
0
0
0
0
0
0
0
0
0
0
0
0
0
0
0
0
0
0
0
0
0
0
0
0
0
0
0
0
0
0
0
0
0
0
0
0
0
0
0
0
0
0
0
0
0
0
0
0
0
0
0
0
0
0
0
0
0
0
0
0
0
0
0
0
0
0
0
0
0
0
0
0
0
0
0
0
0
0
0
0
0
0
0
0
0
0
0
0
0
0
0
0
0
0
0
0
0
0
0
0
0
0
0
0
0
0
0
0
0
0
0
0
0
0
0
0
0
0
0
0
0
0
0
0
0
0
0
0
0
0
0
0
0
0
0
0
0
0
0
0
0
0
0
0
0
0
0
0
0
0
0
0
0
0
0
0
0
0
0
0
0
0
0
0
0
0
0
0
0
0
0
0
0
0
0
0
0
0
0
0
0
0
0
0
0
0
0
0
0
0
0
0
0
0
0
0
0
0
0
0
0
0
0
0
0
0
0
0
0
0
0
0
0
0
0
0
0
0
0
0
0
0
0
0
0
0
0
0
0
0
0
0
0
0
0
0
0
0
0
0
0
0
0
0
0
0
0
0
0
0
0
0
0
0
0
0
0
0
0
0
0
0
0
0
0
0
0
0
0
0
0
0
0
0
0
0
0
0
0
0
0
0
0
0
0
0
0
0
0
0
0
0
0
0
0
0
0
0
0
0
0
0
0
0
0
0
0
0
0
0
0
0
0
0
0
0
0
0
0
0
0
0
0
0
0
0
0
0
0
0
0
0
0
0
0
0
0
0
0
0
0
0
0
0
0
0
0
0
0
0
0
0
0
0
0
0
0
0
0
0
0
0
0
0
0
0
0
0
0
0
0
0
0
0
0
0
0
0
0
0
0
0
0
0
0
0
0
0
0
0
0
0
0
0
0
0
0
0
0
0
0
0
0
0
0
0
0
0
0
0
0
0
0
0
0
0
0
0
0
0
0
0
0
0
0
0
0
0
0
0
0
0
0
0
0
0
0
0
0
0
0
0
0
0
0
0
0
0
0
0
0
0
0
0
0
0
0
0
0
0
0
0
0
0
0
0
0
0
0
0
0
0
0
0
0
0
0
0
0
0
0
0
0
0
0
0
0
0
0
0
0
0
0
0
0
0
0
0
0
0
0
0
0
0
0
0
0
0
0
0
0
0
0
0
0
0
0
0
0
0
0
0
0
0
0
0
0
0
0
0
0
0
0
0
0
0
0
0
0
0
0
0
0
0
0
0
0
0
0
0
0
0
0
0
0
0
0
0
0
0
0
0
0
0
0
0
0
0
0
0
0
0
0
0
0
0
0
0
0
0
0
0
0
0
0
0
0
0
0
0
0
0
0
0
0
0
0
0
0
0
0
0
0
0
0
0
0
0
0
0
0
0
0
0
0
0
0
0
0
0
0
0
0
0
0
0
0
0
0
0
0
0
0
0
0
0
0
0
0
0
0
0
0
0
0
0
0
0
0
0
0
0
0
0
0
0
0
0
0
0
0
0
0
0
0
0
0
0
0
0
0
0
0
0
0
0
0
0
0
0
0
0
0
0
0
0
0
0
0
0
0
0
0
0
0
0
0
0
0
0
0
0
0
0
0
0
0
0
0
0
0
0
0
0
0
0
0
0
0
0
0
0
0
0
0
0
0
0
0
0
0
0
0
0
0
0
0
0
0
0
0
0
0
0
0
0
0
0
0
0
0
0
0
0
0
0
0
0
0
0
0
0
0
0
0
0
0
0
0
0
0
0
0
0
0
0
0
0
0
0
0
0
0
0
0
0
0
0
0
0
0
0
0
0
0
0
0
0
0
0
0
0
0
0
0
0
0
0
0
0
0
0
0
0
0
0
0
0
0
0
0
0
0
0
0
0
0
0
0
0
0
0
0
0
0
0
0
0
0
0
0
0
0
0
0
0
0
0
0
0
0
0
0
0
0
0
0
0
0
0
0
0
0
0
0
0
0
0
0
0
0
0
0
0
0
0
0
0
0
0
0
0
0
0
0
0
0
0
0
0
0
0
0
0
0
0
0
0
0
0
0
0
0
0
0
0
0
0
0
0
0
0
0
0
0
0
0
0
0
0
0
0
0
0
0
0
0
0
0
0
0
0
0
0
0
0
0
0
0
0
0
0
0
0
0
0
0
0
0
0
0
0
0
0
0
0
0
0
0
0
0
0
0
0
0
0
0
0
0
0
0
0
0
0
0
0
0
0
0
0
0
0
0
0
0
0
0
0
0
0
0
0
0
0
0
0
0
0
0
0
0
0
0
0
0
0
0
0
0
0
0
0
0
0
0
0
0
0
0
0
0
0
0
0
0
0
0
0
0
0
0
0
0
0
0
0
0
0
0
0
0
0
0
0
0
0
0
0
0
0
0
0
0
0
0
0
0
0
0
0
0
0
0
0
0
0
0
0
0
0
0
0
0
0
0
0
0
0
0
0
0
0
0
0
0
0
0
0
0
0
0
0
0
0
0
0
0
0
0
0
0
0
0
0
0
0
0
0
0
0
0
0
0
0
0
0
0
0
0
0
0
0
0
0
0
0
0
0
0
0
0
0
0
0
0
0
0
0
0
0
0
0
0
0
0
0
0
0
0
0
0
0
0
0
0
0
0
0
0
0
0
0
0
0
0
0
0
0
0
0
0
0
0
0
0
0
0
0
0
0
0
0
0
0
0
0
0
0
0
0
0
0
0
0
0
0
0
0
0
0
0
0
0
0
0
0
0
0
0
0
0
0
0
0
0
0
0
0
0
0
0
0
0
0
0
0
0
0
0
0
0
0
0
0
0
0
0
0
0
0
0
0
0
0
0
0
0
0
0
0
0
0
0
0
0
0
0
0
0
0
0
0
0
0
0
0
0
0
0
0
0
0
0
0
0
0
0
0
0
0
0
0
0
0
0
0
0
0
0
0
0
0
0
0
0
0
0
0
0
0
0
0
0
0
0
0
0
0
0
0
0
0
0
0
0
0
0
0
0
0
0
0
0
0
0
0
0
0
0
0
0
0
0
0
0
0
0
0
0
0
0
0
0
0
0
0
0
0
0
0
0
0
0
0
0
0
0
0
0
0
0
0
0
0
0
0
0
0
0
0
0
0
0
0
0
0
0
0
0
0
0
0
0
0
0
0
0
0
0
0
0
0
0
0
0
0
0
0
0
0
0
0
0
0
0
0
0
0
0
0
0
0
0
0
0
0
0
0
0
0
0
0
0
0
0
0
0
0
0
0
0
0
0
0
0
0
0
0
0
0
0
0
0
0
0
0
0
0
0
0
0
0
0
0
0
0
0
0
0
0
0
0
0
0
0
0
0
0
0
0
0
0
0
0
0
0
0
0
0
0
0
0
0
0
0
0
0
0
0
0
0
0
0
0
0
0
0
0
0
0
0
0
0
0
0
0
0
0
0
0
0
0
0
0
0
0
0
0
0
0
0
0
0
0
0
0
0
0
0
0
0
0
0
0
0
0
0
0
0
0
0
0
0
0
0
0
0
0
0
0
0
0
0
0
0
0
0
0
0
0
0
0
0
0
0
0
0
0
0
0
0
0
0
0
0
0
0
0
0
0
0
0
0
0
0
0
0
0
0
0
0
0
0
0
0
0
0
0
0
0
0
0
0
0
0
0
0
0
0
0
0
0
0
0
0
0
0
0
0
0
0
0
0
0
0
0
0
0
0
0
0
0
0
0
0
0
0
0
0
0
0
0
0
0
0
0
0
0
0
0
0
0
0
0
0
0
0
0
0
0
0
0
0
0
0
0
0
0
0
0
0
0
0
0
0
0
0
0
0
0
0
0
0
0
0
0
0
0
0
0
0
0
0
0
0
0
0
0
0
0
0
0
0
0
0
0
0
0
0
0
0
0
0
0
0
0
0
0
0
0
0
0
0
0
0
0
0
0
0
0
0
0
0
0
0
0
0
0
0
0
0
0
0
0
0
0
0
0
0
0
0
0
0
0
0
0
0
0
0
0
0
0
0
0
0
0
0
0
0
0
0
0
0
0
0
0
0
0
0
0
0
0
0
0
0
0
0
0
0
0
0
0
0
0
0
0
0
0
0
0
0
0
0
0
0
0
0
0
0
0
0
0
0
0
0
0
0
0
0
0
0
0
0
0
0
0
0
0
0
0
0
0
0
0
0
0
0
0
0
0
0
0
0
0
0
0
0
0
0
0
0
0
0
0
0
0
0
0
0
0
0
0
0
0
0
0
0
0
0
0
0
0
0
0
0
0
0
0
0
0
0
0
0
0
0
0
0
0
0
0
0
0
0
0
0
0
0
0
0
0
0
0
0
0
0
0
0
0
0
0
0
0
0
0
0
0
0
0
0
0
0
0
0
0
0
0
0
0
0
0
0
0
0
0
0
0
0
0
0
0
0
0
0
0
0
0
0
0
0
0
0
0
0
0
0
0
0
0
0
0
0
0
0
0
0
0
0
0
0
0
0
0
0
0
0
0
0
0
0
0
0
0
0
0
0
0
0
0
0
0
0
0
0
0
0
0
0
0
0
0
0
0
0
0
0
0
0
0
0
0
0
0
0
0
0
0
0
0
0
0
0
0
0
0
0
0
0
0
0
0
0
0
0
0
0
0
0
0
0
0
0
0
0
0
0
0
0
0
0
0
0
0
0
0
0
0
0
0
0
0
0
0
0
0
0
0
0
0
0
0
0
0
0
0
0
0
0
0
0
0
0
0
0
0
0
0
0
0
0
0
0
0
0
0
0
0
0
0
0
0
0
0
0
0
0
0
0
0
0
0
0
0
0
0
0
0
0
0
0
0
0
0
0
0
0
0
0
0
0
0
0
0
0
0
0
0
0
0
0
0
0
0
0
0
0
0
0
0
0
0
0
0
0
0
0
0
0
0
0
0
0
0
0
0
0
0
0
0
0
0
0
0
0
0
0
0
0
0
0
0
0
0
0
0
0
0
0
0
0
0
0
0
0
0
0
0
0
0
0
0
0
0
0
0
0
0
0
0
0
0
0
0
0
0
0
0
0
0
0
0
0
0
0
0
0
0
0
0
0
0
0
0
0
0
0
0
0
0
0
0
0
0
0
0
0
0
0
0
0
0
0
0
0
0
0
0
0
0
0
0
0
0
0
0
0
0
0
0
0
0
0
0
0
0
0
0
0
0
0
0
0
0
0
0
0
0
0
0
0
0
0
0
0
0
0
0
0
0
0
0
0
0
0
0
0
0
0
0
0
0
0
0
0
0
0
0
0
0
0
0
0
0
0
0
0
0
0
0
0
0
0
0
0
0
0
0
0
0
0
0
0
0
0
0
0
0
0
0
0
0
0
0
0
0
0
0
0
0
0
0
0
0
0
0
0
0
0
0
0
0
0
0
0
0
0
0
0
0
0
0
0
0
0
0
0
0
0
0
0
0
0
0
0
0
0
0
0
0
0
0
0
0
0
0
0
0
0
0
0
0
0
0
0
0
0
0
0
0
0
0
0
0
0
0
0
0
0
0
0
0
0
0
0
0
0
0
0
0
0
0
0
0
0
0
0
0
0
0
0
0
0
0
0
0
0
0
0
0
0
0
0
0
0
0
0
0
0
0
0
0
0
0
0
0
0
0
0
0
0
0
0
0
0
0
0
0
0
0
0
0
0
0
0
0
0
0
0
0
0
0
0
0
0
0
0
0
0
0
0
0
0
0
0
0
0
0
0
0
0
0
0
0
0
0
0
0
0
0
0
0
0
0
0
0
0
0
0
0
0
0
0
0
0
0
0
0
0
0
0
0
0
0
0
0
0
0
0
0
0
0
0
0
0
0
0
0
0
0
0
0
0
0
0
0
0
0
0
0
0
0
0
0
0
0
0
0
0
0
0
0
0
0
0
0
0
0
0
0
0
0
0
0
0
0
0
0
0
0
0
0
0
0
0
0
0
0
0
0
0
0
0
0
0
0
0
0
0
0
0
0
0
0
0
0
0
0
0
0
0
0
0
0
0
0
0
0
0
0
0
0
0
0
0
0
0
0
0
0
0
0
0
0
0
0
0
0
0
0
0
0
0
0
0
0
0
0
0
0
0
0
0
0
0
0
0
0
0
0
0
0
0
0
0
0
0
0
0
0
0
0
0
0
0
0
0
0
0
0
0
0
0
0
0
0
0
0
0
0
0
0
0
0
0
0
0
0
0
0
0
0
0
0
0
0
0
0
0
0
0
0
0
0
0
0
0
0
0
0
0
0
0
0
0
0
0
0
0
0
0
0
0
0
0
0
0
0
0
0
0
0
0
0
0
0
0
0
0
0
0
0
0
0
0
0
0
0
0
0
0
0
0
0
0
0
0
0
0
0
0
0
0
0
0
0
0
0
0
0
0
0
0
0
0
0
0
0
0
0
0
0
0
0
0
0
0
0
0
0
0
0
0
0
0
0
0
0
0
0
0
0
0
0
0
0
0
0
0
0
0
0
0
0
0
0
0
0
0
0
0
0
0
0
0
0
0
0
0
0
0
0
0
0
0
0
0
0
0
0
0
0
0
0
0
0
0
0
0
0
0
0
0
0
0
0
0
0
0
0
0
0
0
0
0
0
0
0
0
0
0
0
0
0
0
0
0
0
0
0
0
0
0
0
0
0
0
0
0
0
0
0
0
0
0
0
0
0
0
0
0
0
0
0
0
0
0
0
0
0
0
0
0
0
0
0
0
0
0
0
0
0
0
0
0
0
0
0
0
0
0
0
0
0
0
0
0
0
0
0
0
0
0
0
0
0
0
0
0
0
0
0
0
0
0
0
0
0
0
0
0
0
0
0
0
0
0
0
0
0
0
0
0
0
0
0
0
0
0
0
0
0
0
0
0
0
0
0
0
0
0
0
0
0
0
0
0
0
0
0
0
0
0
0
0
0
0
0
0
0
0
0
0
0
0
0
0
0
0
0
0
0
0
0
0
0
0
0
0
0
0
0
0
0
0
0
0
0
0
0
0
0
0
0
0
0
0
0
0
0
0
0
0
0
0
0
0
0
0
0
0
0
0
0
0
0
0
0
0
0
0
0
0
0
0
0
0
0
0
0
0
0
0
0
0
0
0
0
0
0
0
0
0
0
0
0
0
0
0
0
0
0
0
0
0
0
0
0
0
0
0
0
0
0
0
0
0
0
0
0
0
0
0
0
0
0
0
0
0
0
0
0
0
0
0
0
0
0
0
0
0
0
0
0
0
0
0
0
0
0
0
0
0
0
0
0
0
0
0
0
0
0
0
0
0
0
0
0
0
0
0
0
0
0
0
0
0
0
0
0
0
0
0
0
0
0
0
0
0
0
0
0
0
0
0
0
0
0
0
0
0
0
0
0
0
0
0
0
0
0
0
0
0
0
0
0
0
0
0
0
0
0
0
0
0
0
0
0
0
0
0
0
0
0
0
0
0
0
0
0
0
0
0
0
0
0
0
0
0
0
0
0
0
0
0
0
0
0
0
0
0
0
0
0
0
0
0
0
0
0
0
0
0
0
0
0
0
0
0
0
0
0
0
0
0
0
0
0
0
0
0
0
0
0
0
0
0
0
0
0
0
0
0
0
0
0
0
0
0
0
0
0
0
0
0
0
0
0
0
0
0
0
0
0
0
0
0
0
0
0
0
0
0
0
0
0
0
0
0
0
0
0
0
0
0
0
0
0
0
0
0
0
0
0
0
0
0
0
0
0
0
0
0
0
0
0
0
0
0
0
0
0
0
0
0
0
0
0
0
0
0
0
0
0
0
0
0
0
0
0
0
0
0
0
0
0
0
0
0
0
0
0
0
0
0
0
0
0
0
0
0
0
0
0
0
0
0
0
0
0
0
0
0
0
0
0
0
0
0
0
0
0
0
0
0
0
0
0
0
0
0
0
0
0
0
0
0
0
0
0
0
0
0
0
0
0
0
0
0
0
0
0
0
0
0
0
0
0
0
0
0
0
0
0
0
0
0
0
0
0
0
0
0
0
0
0
0
0
0
0
0
0
0
0
0
0
0
0
0
0
0
0
0
0
0
0
0
0
0
0
0
0
0
0
0
0
0
0
0
0
0
0
0
0
0
0
0
0
0
0
0
0
0
0
0
0
0
0
0
0
0
0
0
0
0
0
0
0
0
0
0
0
0
0
0
0
0
0
0
0
0
0
0
0
0
0
0
0
0
0
0
0
0
0
0
0
0
0
0
0
0
0
0
0
0
0
0
0
0
0
0
0
0
0
0
0
0
0
0
0
0
0
0
0
0
0
0
0
0
0
0
0
0
0
0
0
0
0
0
0
0
0
0
0
0
0
0
0
0
0
0
0
0
0
0
0
0
0
0
0
0
0
0
0
0
0
0
0
0
0
0
0
0
0
0
0
0
0
0
0
0
0
0
0
0
0
0
0
0
0
0
0
0
0
0
0
0
0
0
0
0
0
0
0
0
0
0
0
0
0
0
0
0
0
0
0
0
0
0
0
0
0
0
0
0
0
0
0
0
0
0
0
0
0
0
0
0
0
0
0
0
0
0
0
0
0
0
0
0
0
0
0
0
0
0
0
0
0
0
0
0
0
0
0
0
0
0
0
0
0
0
0
0
0
0
0
0
0
0
0
0
0
0
0
0
0
0
0
0
0
0
0
0
0
0
0
0
0
0
0
0
0
0
0
0
0
0
0
0
0
0
0
0
0
0
0
0
0
0
0
0
0
0
0
0
0
0
0
0
0
0
0
0
0
0
0
0
0
0
0
0
0
0
0
0
0
0
0
0
0
0
0
0
0
0
0
0
0
0
0
0
0
0
0
0
0
0
0
0
0
0
0
0
0
0
0
0
0
0
0
0
0
0
0
0
0
0
0
0
0
0
0
0
0
0
0
0
0
0
0
0
0
0
0
0
0
0
0
0
0
0
0
0
0
0
0
0
0
0
0
0
0
0
0
0
0
0
0
0
0
0
0
0
0
0
0
0
0
0
0
0
0
0
0
0
0
0
0
0
0
0
0
0
0
0
0
0
0
0
0
0
0
0
0
0
0
0
0
0
0
0
0
0
0
0
0
0
0
0
0
0
0
0
0
0
0
0
0
0
0
0
0
0
0
0
0
0
0
0
0
0
0
0
0
0
0
0
0
0
0
0
0
0
0
0
0
0
0
0
0
0
0
0
0
0
0
0
0
0
0
0
0
0
0
0
0
0
0
0
0
0
0
0
0
0
0
0
0
0
0
0
0
0
0
0
0
0
0
0
0
0
0
0
0
0
0
0
0
0
0
0
0
0
0
0
0
0
0
0
0
0
0
0
0
0
0
0
0
0
0
0
0
0
0
0
0
0
0
0
0
0
0
0
0
0
0
0
0
0
0
0
0
0
0
0
0
0
0
0
0
0
0
0
0
0
0
0
0
0
0
0
0
0
0
0
0
0
0
0
0
0
0
0
0
0
0
0
0
0
0
0
0
0
0
0
0
0
0
0
0
0
0
0
0
0
0
0
0
0
0
0
0
0
0
0
0
0
0
0
0
0
0
0
0
0
0
0
0
0
0
0
0
0
0
0
0
0
0
0
0
0
0
0
0
0
0
0
0
0
0
0
0
0
0
0
0
0
0
0
0
0
0
0
0
0
0
0
0
0
0
0
0
0
0
0
0
0
0
0
0
0
0
0
0
0
0
0
0
0
0
0
0
0
0
0
0
0
0
0
0
0
0
0
0
0
0
0
0
0
0
0
0
0
0
0
0
0
0
0
0
0
0
0
0
0
0
0
0
0
0
0
0
0
0
0
0
0
0
0
0
0
0
0
0
0
0
0
0
0
0
0
0
0
0
0
0
0
0
0
0
0
0
0
0
0
0
0
0
0
0
0
0
0
0
0
0
0
0
0
0
0
0
0
0
0
0
0
0
0
0
0
0
0
0
0
0
0
0
0
0
0
0
0
0
0
0
0
0
0
0
0
0
0
0
0
0
0
0
0
0
0
0
0
0
0
0
0
0
0
0
0
0
0
0
0
0
0
0
0
0
0
0
0
0
0
0
0
0
0
0
0
0
0
0
0
0
0
0
0
0
0
0
0
0
0
0
0
0
0
0
0
0
0
0
0
0
0
0
0
0
0
0
0
0
0
0
0
0
0
0
0
0
0
0
0
0
0
0
0
0
0
0
0
0
0
0
0
0
0
0
0
0
0
0
0
0
0
0
0
0
0
0
0
0
0
0
0
0
0
0
0
0
0
0
0
0
0
0
0
0
0
0
0
0
0
0
0
0
0
0
0
0
0
0
0
0
0
0
0
0
0
0
0
0
0
0
0
0
0
0
0
0
0
0
0
0
0
0
0
0
0
0
0
0
0
0
0
0
0
0
0
0
0
0
0
0
0
0
0
0
0
0
0
0
0
0
0
0
0
0
0
0
0
0
0
0
0
0
0
0
0
0
0
0
0
0
0
0
0
0
0
0
0
0
0
0
0
0
0
0
0
0
0
0
0
0
0
0
0
0
0
0
0
0
0
0
0
0
0
0
0
0
0
0
0
0
0
0
0
0
0
0
0
0
0
0
0
0
0
0
0
0
0
0
0
0
0
0
0
0
0
0
0
0
0
0
0
0
0
0
0
0
0
0
0
0
0
0
0
0
0
0
0
0
0
0
0
0
0
0
0
0
0
0
0
0
0
0
0
0
0
0
0
0
0
0
0
0
0
0
0
0
0
0
0
0
0
0
0
0
0
0
0
0
0
0
0
0
0
0
0
0
0
0
0
0
0
0
0
0
0
0
0
0
0
0
0
0
0
0
0
0
0
0
0
0
0
0
0
0
0
0
0
0
0
0
0
0
0
0
0
0
0
0
0
0
0
0
0
0
0
0
0
0
0
0
0
0
0
0
0
0
0
0
0
0
0
0
0
0
0
0
0
0
0
0
0
0
0
0
0
0
0
0
0
0
0
0
0
0
0
0
0
0
0
0
0
0
0
0
0
0
0
0
0
0
0
0
0
0
0
0
0
0
0
0
0
0
0
0
0
0
0
0
0
0
0
0
0
0
0
0
0
0
0
0
0
0
0
0
0
0
0
0
0
0
0
0
0
0
0
0
0
0
0
0
0
0
0
0
0
0
0
0
0
0
0
0
0
0
0
0
0
0
0
0
0
0
0
0
0
0
0
0
0
0
0
0
0
0
0
0
0
0
0
0
0
0
0
0
0
0
0
0
0
0
0
0
0
0
0
0
0
0
0
0
0
0
0
0
0
0
0
0
0
0
0
0
0
0
0
0
0
0
0
0
0
0
0
0
0
0
0
0
0
0
0
0
0
0
0
0
0
0
0
0
0
0
0
0
0
0
0
0
0
0
0
0
0
0
0
0
0
0
0
0
0
0
0
0
0
0
0
0
0
0
0
0
0
0
0
0
0
0
0
0
0
0
0
0
0
0
0
0
0
0
0
0
0
0
0
0
0
0
0
0
0
0
0
0
0
0
0
0
0
0
0
0
0
0
0
0
0
0
0
0
0
0
0
0
0
0
0
0
0
0
0
0
0
0
0
0
0
0
0
0
0
0
0
0
0
0
0
0
0
0
0
0
0
0
0
0
0
0
0
0
0
0
0
0
0
0
0
0
0
0
0
0
0
0
0
0
0
0
0
0
0
0
0
0
0
0
0
0
0
0
0
0
0
0
0
0
0
0
0
0
0
0
0
0
0
0
0
0
0
0
0
0
0
0
0
0
0
0
0
0
0
0
0
0
0
0
0
0
0
0
0
0
0
0
0
0
0
0
0
0
0
0
0
0
0
0
0
0
0
0
0
0
0
0
0
0
0
0
0
0
0
0
0
0
0
0
0
0
0
0
0
0
0
0
0
0
0
0
0
0
0
0
0
0
0
0
0
0
0
0
0
0
0
0
0
0
0
0
0
0
0
0
0
0
0
0
0
0
0
0
0
0
0
0
0
0
0
0
0
0
0
0
0
0
0
0
0
0
0
0
0
0
0
0
0
0
0
0
0
0
0
0
0
0
0
0
0
0
0
0
0
0
0
0
0
0
0
0
0
0
0
0
0
0
0
0
0
0
0
0
0
0
0
0
0
0
0
0
0
0
0
0
0
0
0
0
0
0
0
0
0
0
0
0
0
0
0
0
0
0
0
0
0
0
0
0
0
0
0
0
0
0
0
0
0
0
0
0
0
0
0
0
0
0
0
0
0
0
0
0
0
0
0
0
0
0
0
0
0
0
0
0
0
0
0
0
0
0
0
0
0
0
0
0
0
0
0
0
0
0
0
0
0
0
0
0
0
0
0
0
0
0
0
0
0
0
0
0
0
0
0
0
0
0
0
0
0
0
0
0
0
0
0
0
0
0
0
0
0
0
0
0
0
0
0
0
0
0
0
0
0
0
0
0
0
0
0
0
0
0
0
0
0
0
0
0
0
0
0
0
0
0
0
0
0
0
0
0
0
0
0
0
0
0
0
0
0
0
0
0
0
0
0
0
0
0
0
0
0
0
0
0
0
0
0
0
0
0
0
0
0
0
0
0
0
0
0
0
0
0
0
0
0
0
0
0
0
0
0
0
0
0
0
0
0
0
0
0
0
0
0
0
0
0
0
0
0
0
0
0
0
0
0
0
0
0
0
0
0
0
0
0
0
0
0
0
0
0
0
0
0
0
0
0
0
0
0
0
0
0
0
0
0
0
0
0
0
0
0
0
0
0
0
0
0
0
0
0
0
0
0
0
0
0
0
0
0
0
0
0
0
0
0
0
0
0
0
0
0
0
0
0
0
0
0
0
0
0
0
0
0
0
0
0
0
0
0
0
0
0
0
0
0
0
0
0
0
0
0
0
0
0
0
0
0
0
0
0
0
0
0
0
0
0
0
0
0
0
0
0
0
0
0
0
0
0
0
0
0
0
0
0
0
0
0
0
0
0
0
0
0
0
0
0
0
0
0
0
0
0
0
0
0
0
0
0
0
0
0
0
0
0
0
0
0
0
0
0
0
0
0
0
0
0
0
0
0
0
0
0
0
0
0
0
0
0
0
0
0
0
0
0
0
0
0
0
0
0
0
0
0
0
0
0
0
0
0
0
0
0
0
0
0
0
0
0
0
0
0
0
0
0
0
0
0
0
0
0
0
0
0
0
0
0
0
0
0
0
0
0
0
0
0
0
0
0
0
0
0
0
0
0
0
0
0
0
0
0
0
0
0
0
0
0
0
0
0
0
0
0
0
0
0
0
0
0
0
0
0
0
0
0
0
0
0
0
0
0
0
0
0
0
0
0
0
0
0
0
0
0
0
0
0
0
0
0
0
0
0
0
0
0
0
0
0
0
0
0
0
0
0
0
0
0
0
0
0
0
0
0
0
0
0
0
0
0
0
0
0
0
0
0
0
0
0
0
0
0
0
0
0
0
0
0
0
0
0
0
0
0
0
0
0
0
0
0
0
0
0
0
0
0
0
0
0
0
0
0
0
0
0
0
0
0
0
0
0
0
0
0
0
0
0
0
0
0
0
0
0
0
0
0
0
0
0
0
0
0
0
0
0
0
0
0
0
0
0
0
0
0
0
0
0
0
0
0
0
0
0
0
0
0
0
0
0
0
0
0
0
0
0
0
0
0
0
0
0
0
0
0
0
0
0
0
0
0
0
0
0
0
0
0
0
0
0
0
0
0
0
0
0
0
0
0
0
0
0
0
0
0
0
0
0
0
0
0
0
0
0
0
0
0
0
0
0
0
0
0
0
0
0
0
0
0
0
0
0
0
0
0
0
0
0
0
0
0
0
0
0
0
0
0
0
0
0
0
0
0
0
0
0
0
0
0
0
0
0
0
0
0
0
0
0
0
0
0
0
0
0
0
0
0
0
0
0
0
0
0
0
0
0
0
0
0
0
0
0
0
0
0
0
0
0
0
0
0
0
0
0
0
0
0
0
0
0
0
0
0
0
0
0
0
0
0
0
0
0
0
0
0
0
0
0
0
0
0
0
0
0
0
0
0
0
0
0
0
0
0
0
0
0
0
0
0
0
0
0
0
0
0
0
0
0
0
0
0
0
0
0
0
0
0
0
0
0
0
0
0
0
0
0
0
0
0
0
0
0
0
0
0
0
0
0
0
0
0
0
0
0
0
0
0
0
0
0
0
0
0
0
0
0
0
0
0
0
0
0
0
0
0
0
0
0
0
0
0
0
0
0
0
0
0
0
0
0
0
0
0
0
0
0
0
0
0
0
0
0
0
0
0
0
0
0
0
0
0
0
0
0
0
0
0
0
0
0
0
0
0
0
0
0
0
0
0
0
0
0
0
0
0
0
0
0
0
0
0
0
0
0
0
0
0
0
0
0
0
0
0
0
0
0
0
0
0
0
0
0
0
0
0
0
0
0
0
0
0
0
0
0
0
0
0
0
0
0
0
0
0
0
0
0
0
0
0
0
0
0
0
0
0
0
0
0
0
0
0
0
0
0
0
0
0
0
0
0
0
0
0
0
0
0
0
0
0
0
0
0
0
0
0
0
0
0
0
0
0
0
0
0
0
0
0
0
0
0
0
0
0
0
0
0
0
0
0
0
0
0
0
0
0
0
0
0
0
0
0
0
0
0
0
0
0
0
0
0
0
0
0
0
0
0
0
0
0
0
0
0
0
0
0
0
0
0
0
0
0
0
0
0
0
0
0
0
0
0
0
0
0
0
0
0
0
0
0
0
0
0
0
0
0
0
0
0
0
0
0
0
0
0
0
0
0
0
0
0
0
0
