4095
4095
0
0
0
0
0
0
0
0
0
0
0
0
0
0
4095
4095
0
0
0
0
0
0
0
0
0
0
0
0
0
0
4095
4095
0
0
0
0
0
0
0
0
0
0
0
0
0
0
4095
4095
0
0
0
0
0
0
0
0
0
0
0
0
0
0
4095
4095
0
0
0
0
0
0
0
0
0
0
0
0
0
0
4095
4095
0
0
0
0
0
0
0
0
0
0
0
0
0
0
4095
4095
0
0
0
0
0
0
0
0
0
0
0
0
0
0
4095
4095
0
0
0
0
0
0
0
0
0
0
0
0
0
0
4095
4095
0
0
0
0
0
0
0
0
0
0
0
0
0
0
4095
4095
0
0
0
0
0
0
0
0
0
0
0
0
0
0
4095
4095
0
0
0
0
0
0
0
0
0
0
0
0
0
0
4095
4095
0
0
0
0
0
0
0
0
0
0
0
0
0
0
4095
4095
0
0
0
0
0
0
0
0
0
0
0
0
0
0
4095
4095
0
0
0
0
0
0
0
0
0
0
0
0
0
0
4095
4095
0
0
0
0
0
0
0
0
0
0
0
0
0
0
4095
4095
0
0
0
0
0
0
0
0
0
0
0
0
0
0
4095
4094
0
0
0
0
0
0
0
4095
0
0
0
0
0
0
4095
4095
0
0
0
0
0
0
4093
4094
0
0
0
0
0
0
4095
1
0
0
0
0
0
0
4094
4095
0
0
0
0
0
0
4095
4093
0
0
0
0
0
0
2
1
0
0
0
0
0
0
0
4095
0
0
0
0
0
0
4093
4095
0
0
0
0
0
0
0
4095
0
0
0
0
0
0
4095
0
0
0
0
0
0
0
0
4089
0
0
0
0
0
0
4095
4092
0
0
0
0
0
0
0
4094
0
0
0
0
0
0
2
4095
0
0
0
0
0
0
4091
4094
0
0
0
0
0
0
4088
4095
0
0
0
0
0
0
2
4093
0
0
0
0
0
0
4095
4090
0
0
0
0
0
0
4
2
0
0
0
0
0
0
4091
4092
0
0
0
0
0
0
4095
0
0
0
0
0
0
0
4087
4086
0
0
0
0
0
0
4095
1
0
0
0
0
0
0
4087
4091
0
0
0
0
0
0
3
0
0
0
0
0
0
0
4089
4089
0
0
0
0
0
0
4089
4086
0
0
0
0
0
0
6
11
0
0
0
0
0
0
4084
4080
0
0
0
0
0
0
4088
4084
0
0
0
0
0
0
4089
4089
0
0
0
0
0
0
4088
4081
0
0
0
0
0
0
4093
5
0
0
0
0
0
0
0
4094
0
0
0
0
0
0
4086
4094
0
0
0
0
0
0
7
19
0
0
0
0
0
0
4089
4088
0
0
0
0
0
0
4092
2
0
0
0
0
0
0
4089
4090
0
0
0
0
0
0
4088
5
0
0
0
0
0
0
4091
4095
0
0
0
0
0
0
4077
4082
0
0
0
0
0
0
4091
4090
0
0
0
0
0
0
21
4091
0
0
0
0
0
0
4094
2
0
0
0
0
0
0
4073
4081
0
0
0
0
0
0
52
43
0
0
0
0
0
0
4075
13
0
0
0
0
0
0
4070
4089
0
0
0
0
0
0
9
4093
0
0
0
0
0
0
4094
4084
0
0
0
0
0
0
0
4090
0
0
0
0
0
0
3
4079
0
0
0
0
0
0
18
19
0
0
0
0
0
0
4062
30
0
0
0
0
0
0
4081
4082
0
0
0
0
0
0
4089
4089
0
0
0
0
0
0
4042
4084
0
0
0
0
0
0
4065
4089
0
0
0
0
0
0
4079
4071
0
0
0
0
0
0
2
4084
0
0
0
0
0
0
10
4084
0
0
0
0
0
0
0
4088
0
0
0
0
0
0
15
16
0
0
0
0
0
0
37
15
0
0
0
0
0
0
8
12
0
0
0
0
0
0
4081
25
0
0
0
0
0
0
4063
13
0
0
0
0
0
0
4089
0
0
0
0
0
0
0
4087
4082
0
0
0
0
0
0
4058
4094
0
0
0
0
0
0
4076
3
0
0
0
0
0
0
4066
4063
0
0
0
0
0
0
39
0
0
0
0
0
0
0
14
42
0
0
0
0
0
0
4029
4074
0
0
0
0
0
0
4068
5
0
0
0
0
0
0
4035
7
0
0
0
0
0
0
37
4054
0
0
0
0
0
0
20
46
0
0
0
0
0
0
23
51
0
0
0
0
0
0
2
49
0
0
0
0
0
0
4073
4088
0
0
0
0
0
0
17
41
0
0
0
0
0
0
4058
4044
0
0
0
0
0
0
4089
13
0
0
0
0
0
0
27
35
0
0
0
0
0
0
38
4082
0
0
0
0
0
0
28
7
0
0
0
0
0
0
8
4088
0
0
0
0
0
0
4047
4018
0
0
0
0
0
0
4079
4079
0
0
0
0
0
0
4072
4022
0
0
0
0
0
0
4080
38
0
0
0
0
0
0
4049
46
0
0
0
0
0
0
82
4048
0
0
0
0
0
0
47
4090
0
0
0
0
0
0
26
37
0
0
0
0
0
0
4048
3984
0
0
0
0
0
0
32
11
0
0
0
0
0
0
28
50
0
0
0
0
0
0
52
54
0
0
0
0
0
0
4079
38
0
0
0
0
0
0
49
4070
0
0
0
0
0
0
71
4090
0
0
0
0
0
0
4052
4059
0
0
0
0
0
0
144
146
0
0
0
0
0
0
4067
58
0
0
0
0
0
0
4009
4050
0
0
0
0
0
0
28
46
0
0
0
0
0
0
46
85
0
0
0
0
0
0
19
4019
0
0
0
0
0
0
122
27
0
0
0
0
0
0
4081
2
0
0
0
0
0
0
4067
4079
0
0
0
0
0
0
27
35
0
0
0
0
0
0
62
4059
0
0
0
0
0
0
4048
4042
0
0
0
0
0
0
25
4049
0
0
0
0
0
0
97
4060
0
0
0
0
0
0
75
46
0
0
0
0
0
0
74
66
0
0
0
0
0
0
22
67
0
0
0
0
0
0
4029
4061
0
0
0
0
0
0
96
17
0
0
0
0
0
0
30
64
0
0
0
0
0
0
4095
4044
0
0
0
0
0
0
4064
4092
0
0
0
0
0
0
38
88
0
0
0
0
0
0
11
20
0
0
0
0
0
0
4059
3851
0
0
0
0
0
0
22
89
0
0
0
0
0
0
4047
153
0
0
0
0
0
0
46
95
0
0
0
0
0
0
3998
40
0
0
0
0
0
0
116
4089
0
0
0
0
0
0
4059
179
0
0
0
0
0
0
3859
3960
0
0
0
0
0
0
4014
4076
0
0
0
0
0
0
3970
4034
0
0
0
0
0
0
4072
3997
0
0
0
0
0
0
154
124
0
0
0
0
0
0
12
76
0
0
0
0
0
0
4064
4093
0
0
0
0
0
0
4079
4074
0
0
0
0
0
0
136
146
0
0
0
0
0
0
182
4
0
0
0
0
0
0
4025
100
0
0
0
0
0
0
4093
4055
0
0
0
0
0
0
4066
1
0
0
0
0
0
0
4081
152
0
0
0
0
0
0
106
63
0
0
0
0
0
0
4036
2
0
0
0
0
0
0
4079
3878
0
0
0
0
0
0
4014
3971
0
0
0
0
0
0
3950
19
0
0
0
0
0
0
3978
49
0
0
0
0
0
0
56
3793
0
0
0
0
0
0
148
77
0
0
0
0
0
0
48
237
0
0
0
0
0
0
4085
61
0
0
0
0
0
0
4058
3923
0
0
0
0
0
0
43
3904
0
0
0
0
0
0
4019
4045
0
0
0
0
0
0
3905
3910
0
0
0
0
0
0
4028
170
0
0
0
0
0
0
184
3970
0
0
0
0
0
0
3987
19
0
0
0
0
0
0
4087
3943
0
0
0
0
0
0
82
4089
0
0
0
0
0
0
4024
36
0
0
0
0
0
0
207
4032
0
0
0
0
0
0
47
114
0
0
0
0
0
0
3958
3918
0
0
0
0
0
0
4073
57
0
0
0
0
0
0
4010
3902
0
0
0
0
0
0
4085
3961
0
0
0
0
0
0
112
32
0
0
0
0
0
0
346
16
0
0
0
0
0
0
3573
3963
0
0
0
0
0
0
42
4044
0
0
0
0
0
0
4061
97
0
0
0
0
0
0
3820
3883
0
0
0
0
0
0
227
4084
0
0
0
0
0
0
4084
122
0
0
0
0
0
0
4047
4037
0
0
0
0
0
0
65
3985
0
0
0
0
0
0
74
172
0
0
0
0
0
0
3659
3925
0
0
0
0
0
0
106
4005
0
0
0
0
0
0
158
115
0
0
0
0
0
0
323
3879
0
0
0
0
0
0
53
114
0
0
0
0
0
0
3935
4058
0
0
0
0
0
0
3977
142
0
0
0
0
0
0
222
3884
0
0
0
0
0
0
4028
4015
0
0
0
0
0
0
3921
4002
0
0
0
0
0
0
4018
3852
0
0
0
0
0
0
4017
197
0
0
0
0
0
0
4015
46
0
0
0
0
0
0
207
243
0
0
0
0
0
0
3853
3935
0
0
0
0
0
0
4089
4065
0
0
0
0
0
0
209
4095
0
0
0
0
0
0
4053
3980
0
0
0
0
0
0
73
3747
0
0
0
0
0
0
3961
3971
0
0
0
0
0
0
216
238
0
0
0
0
0
0
3978
3950
0
0
0
0
0
0
3926
3900
0
0
0
0
0
0
4095
106
0
0
0
0
0
0
3717
3762
0
0
0
0
0
0
42
46
0
0
0
0
0
0
3998
124
0
0
0
0
0
0
4011
4090
0
0
0
0
0
0
50
3976
0
0
0
0
0
0
173
270
0
0
0
0
0
0
3973
4018
0
0
0
0
0
0
3796
4008
0
0
0
0
0
0
16
3828
0
0
0
0
0
0
3816
4006
0
0
0
0
0
0
93
3993
0
0
0
0
0
0
3992
197
0
0
0
0
0
0
3861
42
0
0
0
0
0
0
3845
3691
0
0
0
0
0
0
147
255
0
0
0
0
0
0
187
259
0
0
0
0
0
0
3745
3987
0
0
0
0
0
0
4032
116
0
0
0
0
0
0
208
4053
0
0
0
0
0
0
295
332
0
0
0
0
0
0
295
4066
0
0
0
0
0
0
4065
33
0
0
0
0
0
0
310
4053
0
0
0
0
0
0
298
108
0
0
0
0
0
0
4058
134
0
0
0
0
0
0
76
85
0
0
0
0
0
0
322
270
0
0
0
0
0
0
167
21
0
0
0
0
0
0
117
63
0
0
0
0
0
0
3879
3834
0
0
0
0
0
0
103
4066
0
0
0
0
0
0
3991
187
0
0
0
0
0
0
287
124
0
0
0
0
0
0
4077
469
0
0
0
0
0
0
3948
3820
0
0
0
0
0
0
3888
3598
0
0
0
0
0
0
181
44
0
0
0
0
0
0
4078
4085
0
0
0
0
0
0
3884
4022
0
0
0
0
0
0
4033
4057
0
0
0
0
0
0
155
662
0
0
0
0
0
0
3785
16
0
0
0
0
0
0
4051
340
0
0
0
0
0
0
3805
3752
0
0
0
0
0
0
168
3930
0
0
0
0
0
0
269
218
0
0
0
0
0
0
809
319
0
0
0
0
0
0
3
50
0
0
0
0
0
0
215
396
0
0
0
0
0
0
4095
329
0
0
0
0
0
0
31
3903
0
0
0
0
0
0
205
4019
0
0
0
0
0
0
137
3944
0
0
0
0
0
0
3943
364
0
0
0
0
0
0
469
68
0
0
0
0
0
0
3597
25
0
0
0
0
0
0
239
271
0
0
0
0
0
0
50
4085
0
0
0
0
0
0
4032
190
0
0
0
0
0
0
89
3830
0
0
0
0
0
0
112
4081
0
0
0
0
0
0
87
34
0
0
0
0
0
0
16
3884
0
0
0
0
0
0
3
250
0
0
0
0
0
0
3757
3789
0
0
0
0
0
0
4016
114
0
0
0
0
0
0
4066
3641
0
0
0
0
0
0
153
3885
0
0
0
0
0
0
56
80
0
0
0
0
0
0
6
269
0
0
0
0
0
0
4029
4041
0
0
0
0
0
0
507
643
0
0
0
0
0
0
3652
3580
0
0
0
0
0
0
138
192
0
0
0
0
0
0
4085
3657
0
0
0
0
0
0
273
815
0
0
0
0
0
0
3540
3876
0
0
0
0
0
0
3800
4042
0
0
0
0
0
0
3229
3763
0
0
0
0
0
0
225
3927
0
0
0
0
0
0
371
87
0
0
0
0
0
0
8
3917
0
0
0
0
0
0
3928
3787
0
0
0
0
0
0
62
255
0
0
0
0
0
0
3833
10
0
0
0
0
0
0
3832
3802
0
0
0
0
0
0
3709
208
0
0
0
0
0
0
3816
3494
0
0
0
0
0
0
238
3968
0
0
0
0
0
0
4015
80
0
0
0
0
0
0
4003
380
0
0
0
0
0
0
3448
3406
0
0
0
0
0
0
4056
3671
0
0
0
0
0
0
385
83
0
0
0
0
0
0
96
34
0
0
0
0
0
0
4051
20
0
0
0
0
0
0
299
474
0
0
0
0
0
0
3776
4039
0
0
0
0
0
0
409
691
0
0
0
0
0
0
74
394
0
0
0
0
0
0
3224
95
0
0
0
0
0
0
53
3936
0
0
0
0
0
0
969
781
0
0
0
0
0
0
276
91
0
0
0
0
0
0
179
122
0
0
0
0
0
0
4022
430
0
0
0
0
0
0
3917
3976
0
0
0
0
0
0
3857
3859
0
0
0
0
0
0
298
802
0
0
0
0
0
0
316
4074
0
0
0
0
0
0
3982
133
0
0
0
0
0
0
589
770
0
0
0
0
0
0
100
4080
0
0
0
0
0
0
191
82
0
0
0
0
0
0
3872
125
0
0
0
0
0
0
3729
69
0
0
0
0
0
0
4059
3676
0
0
0
0
0
0
3748
3719
0
0
0
0
0
0
4035
201
0
0
0
0
0
0
4016
214
0
0
0
0
0
0
58
316
0
0
0
0
0
0
3815
3908
0
0
0
0
0
0
302
699
0
0
0
0
0
0
3640
3914
0
0
0
0
0
0
3606
4084
0
0
0
0
0
0
165
331
0
0
0
0
0
0
4071
195
0
0
0
0
0
0
260
390
0
0
0
0
0
0
503
825
0
0
0
0
0
0
105
3436
0
0
0
0
0
0
3860
35
0
0
0
0
0
0
4047
120
0
0
0
0
0
0
3769
4021
0
0
0
0
0
0
3523
4076
0
0
0
0
0
0
505
40
0
0
0
0
0
0
3811
3893
0
0
0
0
0
0
171
302
0
0
0
0
0
0
3939
130
0
0
0
0
0
0
4075
298
0
0
0
0
0
0
3913
49
0
0
0
0
0
0
587
295
0
0
0
0
0
0
3700
3842
0
0
0
0
0
0
3712
27
0
0
0
0
0
0
199
3830
0
0
0
0
0
0
4008
3760
0
0
0
0
0
0
3487
3493
0
0
0
0
0
0
59
3394
0
0
0
0
0
0
3908
3326
0
0
0
0
0
0
736
3849
0
0
0
0
0
0
3963
419
0
0
0
0
0
0
3308
3478
0
0
0
0
0
0
416
169
0
0
0
0
0
0
590
161
0
0
0
0
0
0
3814
3927
0
0
0
0
0
0
96
4032
0
0
0
0
0
0
3930
3807
0
0
0
0
0
0
186
289
0
0
0
0
0
0
3979
3711
0
0
0
0
0
0
57
287
0
0
0
0
0
0
3733
3849
0
0
0
0
0
0
76
443
0
0
0
0
0
0
3322
3588
0
0
0
0
0
0
207
88
0
0
0
0
0
0
316
682
0
0
0
0
0
0
3751
3536
0
0
0
0
0
0
284
456
0
0
0
0
0
0
3708
3877
0
0
0
0
0
0
119
97
0
0
0
0
0
0
3998
3425
0
0
0
0
0
0
177
145
0
0
0
0
0
0
3807
4029
0
0
0
0
0
0
3404
3564
0
0
0
0
0
0
4029
92
0
0
0
0
0
0
49
495
0
0
0
0
0
0
3685
149
0
0
0
0
0
0
506
611
0
0
0
0
0
0
3724
299
0
0
0
0
0
0
281
49
0
0
0
0
0
0
3970
3713
0
0
0
0
0
0
165
3967
0
0
0
0
0
0
3062
371
0
0
0
0
0
0
59
3534
0
0
0
0
0
0
3269
162
0
0
0
0
0
0
3
151
0
0
0
0
0
0
3722
3399
0
0
0
0
0
0
3527
3680
0
0
0
0
0
0
3460
271
0
0
0
0
0
0
145
3953
0
0
0
0
0
0
312
4066
0
0
0
0
0
0
172
140
0
0
0
0
0
0
4043
153
0
0
0
0
0
0
499
341
0
0
0
0
0
0
3579
3623
0
0
0
0
0
0
4016
483
0
0
0
0
0
0
3304
3316
0
0
0
0
0
0
516
349
0
0
0
0
0
0
3782
1009
0
0
0
0
0
0
625
146
0
0
0
0
0
0
384
104
0
0
0
0
0
0
3973
4016
0
0
0
0
0
0
3941
247
0
0
0
0
0
0
3853
3696
0
0
0
0
0
0
3924
292
0
0
0
0
0
0
3873
500
0
0
0
0
0
0
3986
4074
0
0
0
0
0
0
3111
2860
0
0
0
0
0
0
3668
4090
0
0
0
0
0
0
4025
264
0
0
0
0
0
0
3830
3731
0
0
0
0
0
0
366
809
0
0
0
0
0
0
458
4059
0
0
0
0
0
0
456
1
0
0
0
0
0
0
162
81
0
0
0
0
0
0
25
3859
0
0
0
0
0
0
398
3949
0
0
0
0
0
0
557
3826
0
0
0
0
0
0
40
11
0
0
0
0
0
0
3907
245
0
0
0
0
0
0
3543
3872
0
0
0
0
0
0
4017
275
0
0
0
0
0
0
3435
3754
0
0
0
0
0
0
3901
2683
0
0
0
0
0
0
1165
837
0
0
0
0
0
0
799
964
0
0
0
0
0
0
469
645
0
0
0
0
0
0
3540
3711
0
0
0
0
0
0
3661
3713
0
0
0
0
0
0
3830
3222
0
0
0
0
0
0
462
299
0
0
0
0
0
0
387
40
0
0
0
0
0
0
3929
3943
0
0
0
0
0
0
63
54
0
0
0
0
0
0
3740
3206
0
0
0
0
0
0
419
167
0
0
0
0
0
0
3602
3421
0
0
0
0
0
0
209
188
0
0
0
0
0
0
213
253
0
0
0
0
0
0
4036
531
0
0
0
0
0
0
3590
67
0
0
0
0
0
0
4093
470
0
0
0
0
0
0
3955
3695
0
0
0
0
0
0
332
3607
0
0
0
0
0
0
302
372
0
0
0
0
0
0
6
3599
0
0
0
0
0
0
3882
171
0
0
0
0
0
0
314
3899
0
0
0
0
0
0
65
3674
0
0
0
0
0
0
4044
3359
0
0
0
0
0
0
139
368
0
0
0
0
0
0
283
4074
0
0
0
0
0
0
253
9
0
0
0
0
0
0
93
51
0
0
0
0
0
0
3911
350
0
0
0
0
0
0
3597
346
0
0
0
0
0
0
577
3974
0
0
0
0
0
0
3389
560
0
0
0
0
0
0
536
425
0
0
0
0
0
0
159
28
0
0
0
0
0
0
464
3896
0
0
0
0
0
0
701
190
0
0
0
0
0
0
4074
259
0
0
0
0
0
0
3532
3096
0
0
0
0
0
0
3974
93
0
0
0
0
0
0
278
590
0
0
0
0
0
0
140
3943
0
0
0
0
0
0
835
3334
0
0
0
0
0
0
546
185
0
0
0
0
0
0
21
354
0
0
0
0
0
0
420
39
0
0
0
0
0
0
4030
484
0
0
0
0
0
0
758
187
0
0
0
0
0
0
260
4068
0
0
0
0
0
0
127
949
0
0
0
0
0
0
4083
162
0
0
0
0
0
0
3253
3965
0
0
0
0
0
0
305
3405
0
0
0
0
0
0
40
344
0
0
0
0
0
0
169
3793
0
0
0
0
0
0
3702
16
0
0
0
0
0
0
87
3584
0
0
0
0
0
0
3987
451
0
0
0
0
0
0
3876
4046
0
0
0
0
0
0
3589
3659
0
0
0
0
0
0
64
381
0
0
0
0
0
0
3672
186
0
0
0
0
0
0
3728
3936
0
0
0
0
0
0
3754
690
0
0
0
0
0
0
514
3692
0
0
0
0
0
0
3850
3471
0
0
0
0
0
0
3643
3157
0
0
0
0
0
0
431
3936
0
0
0
0
0
0
3141
3725
0
0
0
0
0
0
570
62
0
0
0
0
0
0
3834
382
0
0
0
0
0
0
3250
3108
0
0
0
0
0
0
138
3538
0
0
0
0
0
0
4031
3987
0
0
0
0
0
0
123
3810
0
0
0
0
0
0
3396
4024
0
0
0
0
0
0
389
4073
0
0
0
0
0
0
3942
3945
0
0
0
0
0
0
83
297
0
0
0
0
0
0
3
3709
0
0
0
0
0
0
286
153
0
0
0
0
0
0
3783
97
0
0
0
0
0
0
4090
50
0
0
0
0
0
0
4039
223
0
0
0
0
0
0
313
3487
0
0
0
0
0
0
3064
3306
0
0
0
0
0
0
3521
3695
0
0
0
0
0
0
3608
1
0
0
0
0
0
0
3840
423
0
0
0
0
0
0
4050
3738
0
0
0
0
0
0
3551
3895
0
0
0
0
0
0
3544
3314
0
0
0
0
0
0
331
282
0
0
0
0
0
0
200
3688
0
0
0
0
0
0
460
9
0
0
0
0
0
0
827
319
0
0
0
0
0
0
298
515
0
0
0
0
0
0
3961
3764
0
0
0
0
0
0
691
428
0
0
0
0
0
0
4039
3360
0
0
0
0
0
0
666
4069
0
0
0
0
0
0
46
245
0
0
0
0
0
0
3440
3951
0
0
0
0
0
0
4082
795
0
0
0
0
0
0
3466
4014
0
0
0
0
0
0
168
3717
0
0
0
0
0
0
3608
3460
0
0
0
0
0
0
3391
3844
0
0
0
0
0
0
270
3999
0
0
0
0
0
0
446
287
0
0
0
0
0
0
3854
3751
0
0
0
0
0
0
3932
4018
0
0
0
0
0
0
3603
3650
0
0
0
0
0
0
11
3884
0
0
0
0
0
0
222
3779
0
0
0
0
0
0
92
3977
0
0
0
0
0
0
57
3464
0
0
0
0
0
0
478
633
0
0
0
0
0
0
3840
200
0
0
0
0
0
0
320
514
0
0
0
0
0
0
471
585
0
0
0
0
0
0
4048
4071
0
0
0
0
0
0
3417
102
0
0
0
0
0
0
3885
114
0
0
0
0
0
0
4025
144
0
0
0
0
0
0
850
384
0
0
0
0
0
0
736
376
0
0
0
0
0
0
468
198
0
0
0
0
0
0
4071
4024
0
0
0
0
0
0
413
3942
0
0
0
0
0
0
233
317
0
0
0
0
0
0
3338
3384
0
0
0
0
0
0
638
511
0
0
0
0
0
0
3584
3771
0
0
0
0
0
0
3570
137
0
0
0
0
0
0
4018
3650
0
0
0
0
0
0
1013
15
0
0
0
0
0
0
3670
3381
0
0
0
0
0
0
825
1339
0
0
0
0
0
0
4051
3750
0
0
0
0
0
0
97
4053
0
0
0
0
0
0
3751
4051
0
0
0
0
0
0
361
3996
0
0
0
0
0
0
476
4023
0
0
0
0
0
0
274
62
0
0
0
0
0
0
3559
4091
0
0
0
0
0
0
3281
3914
0
0
0
0
0
0
127
4051
0
0
0
0
0
0
3891
3896
0
0
0
0
0
0
4039
50
0
0
0
0
0
0
3986
107
0
0
0
0
0
0
3777
3738
0
0
0
0
0
0
1
4041
0
0
0
0
0
0
3195
3138
0
0
0
0
0
0
3785
287
0
0
0
0
0
0
3783
3845
0
0
0
0
0
0
4019
3873
0
0
0
0
0
0
234
4062
0
0
0
0
0
0
3934
785
0
0
0
0
0
0
3851
3493
0
0
0
0
0
0
3712
3816
0
0
0
0
0
0
886
503
0
0
0
0
0
0
3802
104
0
0
0
0
0
0
118
483
0
0
0
0
0
0
3574
3894
0
0
0
0
0
0
3890
3739
0
0
0
0
0
0
557
394
0
0
0
0
0
0
3458
3640
0
0
0
0
0
0
3876
3953
0
0
0
0
0
0
206
162
0
0
0
0
0
0
3911
3777
0
0
0
0
0
0
212
263
0
0
0
0
0
0
3787
3776
0
0
0
0
0
0
408
3890
0
0
0
0
0
0
455
287
0
0
0
0
0
0
3995
3273
0
0
0
0
0
0
314
295
0
0
0
0
0
0
3746
47
0
0
0
0
0
0
3998
54
0
0
0
0
0
0
4056
3590
0
0
0
0
0
0
335
319
0
0
0
0
0
0
477
204
0
0
0
0
0
0
3344
3940
0
0
0
0
0
0
3646
4060
0
0
0
0
0
0
3950
3503
0
0
0
0
0
0
143
4001
0
0
0
0
0
0
4058
3683
0
0
0
0
0
0
3605
3833
0
0
0
0
0
0
3404
93
0
0
0
0
0
0
209
456
0
0
0
0
0
0
605
168
0
0
0
0
0
0
668
2
0
0
0
0
0
0
3895
179
0
0
0
0
0
0
11
4057
0
0
0
0
0
0
80
170
0
0
0
0
0
0
3748
390
0
0
0
0
0
0
3911
3814
0
0
0
0
0
0
232
144
0
0
0
0
0
0
3976
3986
0
0
0
0
0
0
3931
161
0
0
0
0
0
0
272
105
0
0
0
0
0
0
4043
3740
0
0
0
0
0
0
219
49
0
0
0
0
0
0
405
3969
0
0
0
0
0
0
3976
270
0
0
0
0
0
0
3752
3792
0
0
0
0
0
0
442
224
0
0
0
0
0
0
3774
128
0
0
0
0
0
0
392
14
0
0
0
0
0
0
3540
3109
0
0
0
0
0
0
139
3814
0
0
0
0
0
0
367
246
0
0
0
0
0
0
138
54
0
0
0
0
0
0
3887
3910
0
0
0
0
0
0
4087
3783
0
0
0
0
0
0
297
4017
0
0
0
0
0
0
3372
3534
0
0
0
0
0
0
3867
3654
0
0
0
0
0
0
249
246
0
0
0
0
0
0
4021
3519
0
0
0
0
0
0
3652
3941
0
0
0
0
0
0
363
325
0
0
0
0
0
0
3374
3419
0
0
0
0
0
0
2
70
0
0
0
0
0
0
130
432
0
0
0
0
0
0
3453
516
0
0
0
0
0
0
758
36
0
0
0
0
0
0
4031
174
0
0
0
0
0
0
3871
3801
0
0
0
0
0
0
130
395
0
0
0
0
0
0
3902
3862
0
0
0
0
0
0
56
3864
0
0
0
0
0
0
429
162
0
0
0
0
0
0
416
261
0
0
0
0
0
0
3843
3785
0
0
0
0
0
0
3964
488
0
0
0
0
0
0
3849
3678
0
0
0
0
0
0
3798
3740
0
0
0
0
0
0
3628
75
0
0
0
0
0
0
3850
39
0
0
0
0
0
0
3419
3833
0
0
0
0
0
0
178
4085
0
0
0
0
0
0
1
821
0
0
0
0
0
0
72
123
0
0
0
0
0
0
221
4025
0
0
0
0
0
0
374
4033
0
0
0
0
0
0
3598
3320
0
0
0
0
0
0
522
4066
0
0
0
0
0
0
314
50
0
0
0
0
0
0
3759
4010
0
0
0
0
0
0
4093
3392
0
0
0
0
0
0
536
389
0
0
0
0
0
0
384
99
0
0
0
0
0
0
3693
3688
0
0
0
0
0
0
46
330
0
0
0
0
0
0
293
29
0
0
0
0
0
0
519
167
0
0
0
0
0
0
4050
40
0
0
0
0
0
0
139
3998
0
0
0
0
0
0
3933
3896
0
0
0
0
0
0
491
565
0
0
0
0
0
0
3884
3955
0
0
0
0
0
0
116
3876
0
0
0
0
0
0
4061
152
0
0
0
0
0
0
3608
3851
0
0
0
0
0
0
3611
148
0
0
0
0
0
0
236
3956
0
0
0
0
0
0
4049
3676
0
0
0
0
0
0
101
85
0
0
0
0
0
0
146
149
0
0
0
0
0
0
150
322
0
0
0
0
0
0
3969
379
0
0
0
0
0
0
648
3966
0
0
0
0
0
0
145
307
0
0
0
0
0
0
4000
3996
0
0
0
0
0
0
4043
3996
0
0
0
0
0
0
263
499
0
0
0
0
0
0
3783
405
0
0
0
0
0
0
4049
3944
0
0
0
0
0
0
3823
3669
0
0
0
0
0
0
353
3947
0
0
0
0
0
0
234
666
0
0
0
0
0
0
3763
3974
0
0
0
0
0
0
3961
3716
0
0
0
0
0
0
189
334
0
0
0
0
0
0
3737
191
0
0
0
0
0
0
3763
3981
0
0
0
0
0
0
3669
211
0
0
0
0
0
0
3932
3838
0
0
0
0
0
0
53
3838
0
0
0
0
0
0
3733
3646
0
0
0
0
0
0
69
3985
0
0
0
0
0
0
3897
266
0
0
0
0
0
0
4020
327
0
0
0
0
0
0
3757
3948
0
0
0
0
0
0
76
182
0
0
0
0
0
0
24
149
0
0
0
0
0
0
174
3806
0
0
0
0
0
0
12
68
0
0
0
0
0
0
4052
3840
0
0
0
0
0
0
3862
3910
0
0
0
0
0
0
3970
4046
0
0
0
0
0
0
3815
291
0
0
0
0
0
0
3772
3956
0
0
0
0
0
0
191
182
0
0
0
0
0
0
0
627
0
0
0
0
0
0
17
4044
0
0
0
0
0
0
149
158
0
0
0
0
0
0
47
122
0
0
0
0
0
0
480
351
0
0
0
0
0
0
187
215
0
0
0
0
0
0
300
510
0
0
0
0
0
0
174
4008
0
0
0
0
0
0
4031
112
0
0
0
0
0
0
3791
3891
0
0
0
0
0
0
3694
3461
0
0
0
0
0
0
164
4088
0
0
0
0
0
0
4044
3940
0
0
0
0
0
0
444
3943
0
0
0
0
0
0
326
4089
0
0
0
0
0
0
65
3808
0
0
0
0
0
0
306
301
0
0
0
0
0
0
85
56
0
0
0
0
0
0
3933
4084
0
0
0
0
0
0
89
90
0
0
0
0
0
0
3849
4012
0
0
0
0
0
0
83
3822
0
0
0
0
0
0
4023
4015
0
0
0
0
0
0
4065
3745
0
0
0
0
0
0
246
273
0
0
0
0
0
0
4091
20
0
0
0
0
0
0
3793
260
0
0
0
0
0
0
454
234
0
0
0
0
0
0
3989
4019
0
0
0
0
0
0
4047
4057
0
0
0
0
0
0
142
86
0
0
0
0
0
0
270
4068
0
0
0
0
0
0
4040
85
0
0
0
0
0
0
3738
172
0
0
0
0
0
0
144
83
0
0
0
0
0
0
102
28
0
0
0
0
0
0
3824
3831
0
0
0
0
0
0
3954
3896
0
0
0
0
0
0
4034
3967
0
0
0
0
0
0
136
66
0
0
0
0
0
0
3819
3938
0
0
0
0
0
0
3859
3875
0
0
0
0
0
0
4040
3880
0
0
0
0
0
0
3748
3655
0
0
0
0
0
0
277
219
0
0
0
0
0
0
6
4084
0
0
0
0
0
0
196
3942
0
0
0
0
0
0
3957
3981
0
0
0
0
0
0
202
3815
0
0
0
0
0
0
117
163
0
0
0
0
0
0
3880
4026
0
0
0
0
0
0
4030
3938
0
0
0
0
0
0
89
4037
0
0
0
0
0
0
150
203
0
0
0
0
0
0
4052
3
0
0
0
0
0
0
4016
4065
0
0
0
0
0
0
4026
101
0
0
0
0
0
0
244
230
0
0
0
0
0
0
3928
3982
0
0
0
0
0
0
177
3923
0
0
0
0
0
0
193
4072
0
0
0
0
0
0
78
26
0
0
0
0
0
0
3913
3904
0
0
0
0
0
0
174
85
0
0
0
0
0
0
166
3927
0
0
0
0
0
0
221
139
0
0
0
0
0
0
3847
4002
0
0
0
0
0
0
161
98
0
0
0
0
0
0
4015
131
0
0
0
0
0
0
3968
4060
0
0
0
0
0
0
3986
3919
0
0
0
0
0
0
3991
3875
0
0
0
0
0
0
92
58
0
0
0
0
0
0
91
3924
0
0
0
0
0
0
229
43
0
0
0
0
0
0
86
4067
0
0
0
0
0
0
13
36
0
0
0
0
0
0
4008
13
0
0
0
0
0
0
4017
20
0
0
0
0
0
0
65
99
0
0
0
0
0
0
58
4083
0
0
0
0
0
0
3960
4084
0
0
0
0
0
0
124
144
0
0
0
0
0
0
24
4025
0
0
0
0
0
0
4083
4028
0
0
0
0
0
0
206
4041
0
0
0
0
0
0
227
72
0
0
0
0
0
0
4008
4063
0
0
0
0
0
0
4071
4092
0
0
0
0
0
0
3992
53
0
0
0
0
0
0
47
4067
0
0
0
0
0
0
63
122
0
0
0
0
0
0
4092
4022
0
0
0
0
0
0
3991
3916
0
0
0
0
0
0
4056
18
0
0
0
0
0
0
3944
39
0
0
0
0
0
0
4073
4077
0
0
0
0
0
0
4094
204
0
0
0
0
0
0
3963
4082
0
0
0
0
0
0
4067
111
0
0
0
0
0
0
31
37
0
0
0
0
0
0
3996
3940
0
0
0
0
0
0
3992
19
0
0
0
0
0
0
4080
3999
0
0
0
0
0
0
7
4073
0
0
0
0
0
0
4025
4035
0
0
0
0
0
0
3975
44
0
0
0
0
0
0
4073
8
0
0
0
0
0
0
167
118
0
0
0
0
0
0
4052
30
0
0
0
0
0
0
3982
3918
0
0
0
0
0
0
4076
0
0
0
0
0
0
0
38
121
0
0
0
0
0
0
3980
4053
0
0
0
0
0
0
4008
50
0
0
0
0
0
0
3981
4049
0
0
0
0
0
0
93
152
0
0
0
0
0
0
3974
4086
0
0
0
0
0
0
4060
4091
0
0
0
0
0
0
45
47
0
0
0
0
0
0
4024
42
0
0
0
0
0
0
4066
33
0
0
0
0
0
0
4051
13
0
0
0
0
0
0
4059
9
0
0
0
0
0
0
4079
30
0
0
0
0
0
0
4017
4082
0
0
0
0
0
0
4081
4090
0
0
0
0
0
0
64
74
0
0
0
0
0
0
85
27
0
0
0
0
0
0
17
54
0
0
0
0
0
0
4000
3999
0
0
0
0
0
0
18
14
0
0
0
0
0
0
4030
4053
0
0
0
0
0
0
66
1
0
0
0
0
0
0
4088
40
0
0
0
0
0
0
4013
4028
0
0
0
0
0
0
4068
17
0
0
0
0
0
0
4076
33
0
0
0
0
0
0
48
36
0
0
0
0
0
0
4041
4079
0
0
0
0
0
0
4091
4058
0
0
0
0
0
0
4089
4080
0
0
0
0
0
0
4095
47
0
0
0
0
0
0
4067
38
0
0
0
0
0
0
4080
51
0
0
0
0
0
0
3
5
0
0
0
0
0
0
4058
4088
0
0
0
0
0
0
4019
4016
0
0
0
0
0
0
4015
4079
0
0
0
0
0
0
25
4084
0
0
0
0
0
0
4078
4001
0
0
0
0
0
0
54
4095
0
0
0
0
0
0
4077
8
0
0
0
0
0
0
13
49
0
0
0
0
0
0
4085
4053
0
0
0
0
0
0
2
4087
0
0
0
0
0
0
22
4089
0
0
0
0
0
0
4087
4079
0
0
0
0
0
0
28
34
0
0
0
0
0
0
4081
4088
0
0
0
0
0
0
70
31
0
0
0
0
0
0
4071
5
0
0
0
0
0
0
4060
2
0
0
0
0
0
0
0
29
0
0
0
0
0
0
4045
21
0
0
0
0
0
0
17
4093
0
0
0
0
0
0
13
9
0
0
0
0
0
0
13
14
0
0
0
0
0
0
43
23
0
0
0
0
0
0
4065
4094
0
0
0
0
0
0
4034
4064
0
0
0
0
0
0
4091
4086
0
0
0
0
0
0
4084
40
0
0
0
0
0
0
41
15
0
0
0
0
0
0
23
1
0
0
0
0
0
0
4027
4085
0
0
0
0
0
0
4081
13
0
0
0
0
0
0
6
17
0
0
0
0
0
0
16
16
0
0
0
0
0
0
12
4071
0
0
0
0
0
0
4047
4048
0
0
0
0
0
0
19
4071
0
0
0
0
0
0
7
17
0
0
0
0
0
0
4093
10
0
0
0
0
0
0
1
32
0
0
0
0
0
0
4
3
0
0
0
0
0
0
17
5
0
0
0
0
0
0
19
2
0
0
0
0
0
0
24
16
0
0
0
0
0
0
10
4082
0
0
0
0
0
0
16
23
0
0
0
0
0
0
10
9
0
0
0
0
0
0
4081
4084
0
0
0
0
0
0
22
32
0
0
0
0
0
0
4086
17
0
0
0
0
0
0
4093
4089
0
0
0
0
0
0
21
23
0
0
0
0
0
0
4073
4073
0
0
0
0
0
0
12
4092
0
0
0
0
0
0
0
7
0
0
0
0
0
0
4084
4091
0
0
0
0
0
0
1
6
0
0
0
0
0
0
4092
5
0
0
0
0
0
0
4
4092
0
0
0
0
0
0
4088
4095
0
0
0
0
0
0
4088
4090
0
0
0
0
0
0
1
4091
0
0
0
0
0
0
4091
4093
0
0
0
0
0
0
4092
2
0
0
0
0
0
0
4084
4084
0
0
0
0
0
0
4088
4086
0
0
0
0
0
0
3
5
0
0
0
0
0
0
4091
4095
0
0
0
0
0
0
8
4091
0
0
0
0
0
0
0
3
0
0
0
0
0
0
0
4
0
0
0
0
0
0
4092
4094
0
0
0
0
0
0
4092
4093
0
0
0
0
0
0
0
4093
0
0
0
0
0
0
4091
4093
0
0
0
0
0
0
4090
0
0
0
0
0
0
0
2
4094
0
0
0
0
0
0
4094
0
0
0
0
0
0
0
4093
4089
0
0
0
0
0
0
4095
4093
0
0
0
0
0
0
4095
0
0
0
0
0
0
0
4092
4095
0
0
0
0
0
0
3
4
0
0
0
0
0
0
0
4094
0
0
0
0
0
0
4095
4095
0
0
0
0
0
0
4095
4095
0
0
0
0
0
0
4092
4093
0
0
0
0
0
0
0
4095
0
0
0
0
0
0
4094
0
0
0
0
0
0
0
4095
0
0
0
0
0
0
0
4095
4094
0
0
0
0
0
0
4093
4093
0
0
0
0
0
0
4095
4095
0
0
0
0
0
0
4094
4094
0
0
0
0
0
0
4095
0
0
0
0
0
0
0
0
0
0
0
0
0
0
0
4095
4095
0
0
0
0
0
0
0
0
0
0
0
0
0
0
4095
4095
0
0
0
0
0
0
4095
0
0
0
0
0
0
0
4095
4095
0
0
0
0
0
0
4095
4095
0
0
0
0
0
0
4095
4095
0
0
0
0
0
0
4095
4095
0
0
0
0
0
0
4095
4095
0
0
0
0
0
0
4095
4095
0
0
0
0
0
0
4095
4095
0
0
0
0
0
0
4095
4095
0
0
0
0
0
0
4095
4095
0
0
0
0
0
0
4095
4095
0
0
0
0
0
0
4095
4095
0
0
0
0
0
0
4095
4095
0
0
0
0
0
0
4095
4095
0
0
0
0
0
0
4095
4095
0
0
0
0
0
0
4095
4095
0
0
0
0
0
0
4095
4095
0
0
0
0
0
0
4095
4095
0
0
0
0
0
0
4095
4095
0
0
0
0
0
0
4095
4095
0
0
0
0
0
0
4095
4095
0
0
0
0
0
0
4095
4095
0
0
0
0
0
0
4095
4095
0
0
0
0
0
0
4095
4095
0
0
0
0
0
0
4095
4095
0
0
0
0
0
0
4095
4095
0
0
0
0
0
0
4095
4095
0
0
0
0
0
0
4095
4095
0
0
0
0
0
0
4095
4095
0
0
0
0
0
0
4095
4095
0
0
0
0
0
0
4095
4095
0
0
0
0
0
0
4095
4095
0
0
0
0
0
0
4095
4095
0
0
0
0
0
0
4095
4095
0
0
0
0
0
0
4095
4095
0
0
0
0
0
0
4095
4095
0
0
0
0
0
0
4095
4095
0
0
0
0
0
0
4095
4095
0
0
0
0
0
0
4095
4095
0
0
0
0
0
0
4095
4095
0
0
0
0
0
0
4095
4095
0
0
0
0
0
0
4095
4095
0
0
0
0
0
0
4095
4095
0
0
0
0
0
0
4095
4095
0
0
0
0
0
0
4095
4095
0
0
0
0
0
0
4095
4095
0
0
0
0
0
0
4095
4095
0
0
0
0
0
0
4095
4095
0
0
0
0
0
0
4095
4095
0
0
0
0
0
0
4095
4095
0
0
0
0
0
0
4095
4095
0
0
0
0
0
0
4095
4095
0
0
0
0
0
0
4095
4095
0
0
0
0
0
0
4095
4095
0
0
0
0
0
0
4095
4095
0
0
0
0
0
0
4095
4095
0
0
0
0
0
0
4095
4095
0
0
0
0
0
0
4095
4095
0
0
0
0
0
0
4095
4095
0
0
0
0
0
0
4095
4095
0
0
0
0
0
0
4095
4095
0
0
0
0
0
0
4095
4095
0
0
0
0
0
0
4095
4095
0
0
0
0
0
0
4095
4095
0
0
0
0
0
0
4095
4095
0
0
0
0
0
0
4095
4095
0
0
0
0
0
0
4095
4095
0
0
0
0
0
0
4095
4095
0
0
0
0
0
0
4095
4095
0
0
0
0
0
0
4095
4095
0
0
0
0
0
0
4095
4095
0
0
0
0
0
0
4095
4095
0
0
0
0
0
0
4095
4095
0
0
0
0
0
0
4095
4095
0
0
0
0
0
0
4095
4095
0
0
0
0
0
0
4095
4095
0
0
0
0
0
0
4095
4095
0
0
0
0
0
0
4095
4095
0
0
0
0
0
0
4095
4095
0
0
0
0
0
0
4095
4095
0
0
0
0
0
0
4095
4095
0
0
0
0
0
0
4095
4095
0
0
0
0
0
0
4095
4095
0
0
0
0
0
0
4095
4095
0
0
0
0
0
0
4095
4095
0
0
0
0
0
0
4095
4095
0
0
0
0
0
0
4095
4095
0
0
0
0
0
0
4095
4095
0
0
0
0
0
0
4095
4095
0
0
0
0
0
0
4095
4095
0
0
0
0
0
0
4095
4095
0
0
0
0
0
0
4095
4095
0
0
0
0
0
0
4095
4095
0
0
0
0
0
0
4095
4095
0
0
0
0
0
0
4095
4095
0
0
0
0
0
0
4095
4095
0
0
0
0
0
0
4095
4095
0
0
0
0
0
0
4095
4095
0
0
0
0
0
0
4095
4095
0
0
0
0
0
0
4095
4095
0
0
0
0
0
0
4095
4095
0
0
0
0
0
0
4095
4095
0
0
0
0
0
0
4095
4095
0
0
0
0
0
0
4095
4095
0
0
0
0
0
0
4095
4095
0
0
0
0
0
0
4095
4095
0
0
0
0
0
0
4095
4095
0
0
0
0
0
0
4095
4095
0
0
0
0
0
0
4095
4095
0
0
0
0
0
0
4095
4095
0
0
0
0
0
0
4095
4095
0
0
0
0
0
0
4095
4095
0
0
0
0
0
0
4095
4095
0
0
0
0
0
0
4095
4095
0
0
0
0
0
0
4095
4095
0
0
0
0
0
0
4095
4095
0
0
0
0
0
0
4095
4095
0
0
0
0
0
0
4095
4095
0
0
0
0
0
0
4095
4095
0
0
0
0
0
0
4095
4095
0
0
0
0
0
0
4095
4095
0
0
0
0
0
0
4095
4095
0
0
0
0
0
0
4095
4095
0
0
0
0
0
0
4095
4095
0
0
0
0
0
0
4095
4095
0
0
0
0
0
0
4095
4095
0
0
0
0
0
0
4095
4095
0
0
0
0
0
0
4095
4095
0
0
0
0
0
0
4095
4095
0
0
0
0
0
0
4095
4095
0
0
0
0
0
0
4095
4095
0
0
0
0
0
0
4095
4095
0
0
0
0
0
0
4095
4095
0
0
0
0
0
0
4095
4095
0
0
0
0
0
0
4095
4095
0
0
0
0
0
0
4095
4095
0
0
0
0
0
0
4095
4095
0
0
0
0
0
0
4095
4095
0
0
0
0
0
0
4095
4095
0
0
0
0
0
0
4095
4095
0
0
0
0
0
0
4095
4095
0
0
0
0
0
0
4095
4095
0
0
0
0
0
0
4095
4095
0
0
0
0
0
0
4095
4095
0
0
0
0
0
0
4095
4095
0
0
0
0
0
0
4095
4095
0
0
0
0
0
0
4095
4095
0
0
0
0
0
0
4095
4095
0
0
0
0
0
0
4095
4095
0
0
0
0
0
0
4095
4095
0
0
0
0
0
0
4095
4095
0
0
0
0
0
0
4095
4095
0
0
0
0
0
0
4095
4095
0
0
0
0
0
0
4095
4095
0
0
0
0
0
0
4095
4095
0
0
0
0
0
0
4095
4095
0
0
0
0
0
0
4095
4095
0
0
0
0
0
0
4095
4095
0
0
0
0
0
0
4095
4095
0
0
0
0
0
0
4095
4095
0
0
0
0
0
0
4095
4095
0
0
0
0
0
0
4095
4095
0
0
0
0
0
0
4095
4095
0
0
0
0
0
0
4095
4095
0
0
0
0
0
0
4095
4095
0
0
0
0
0
0
4095
4095
0
0
0
0
0
0
4095
4095
0
0
0
0
0
0
4095
4095
0
0
0
0
0
0
4095
4095
0
0
0
0
0
0
4095
4095
0
0
0
0
0
0
4095
4095
0
0
0
0
0
0
4095
4095
0
0
0
0
0
0
4095
4095
0
0
0
0
0
0
4095
4095
0
0
0
0
0
0
4095
4095
0
0
0
0
0
0
4095
4095
0
0
0
0
0
0
4095
4095
0
0
0
0
0
0
4095
4095
0
0
0
0
0
0
4095
4095
0
0
0
0
0
0
4095
4095
0
0
0
0
0
0
4095
4095
0
0
0
0
0
0
4095
4095
0
0
0
0
0
0
4095
4095
0
0
0
0
0
0
4095
4095
0
0
0
0
0
0
4095
4095
0
0
0
0
0
0
4095
4095
0
0
0
0
0
0
4095
4095
0
0
0
0
0
0
4095
4095
0
0
0
0
0
0
4095
4095
0
0
0
0
0
0
4095
4095
0
0
0
0
0
0
4095
4095
0
0
0
0
0
0
4095
4095
0
0
0
0
0
0
4095
4095
0
0
0
0
0
0
4095
4095
0
0
0
0
0
0
4095
4095
0
0
0
0
0
0
4095
4095
0
0
0
0
0
0
4095
4095
0
0
0
0
0
0
4095
4095
0
0
0
0
0
0
4095
4095
0
0
0
0
0
0
4095
4095
0
0
0
0
0
0
4095
4095
0
0
0
0
0
0
4095
4095
0
0
0
0
0
0
4095
4095
0
0
0
0
0
0
4095
4095
0
0
0
0
0
0
4095
4095
0
0
0
0
0
0
4095
4095
0
0
0
0
0
0
4095
4095
0
0
0
0
0
0
4095
4095
0
0
0
0
0
0
4095
4095
0
0
0
0
0
0
4095
4095
0
0
0
0
0
0
4095
4095
0
0
0
0
0
0
4095
4095
0
0
0
0
0
0
4095
4095
0
0
0
0
0
0
4095
4095
0
0
0
0
0
0
4095
4095
0
0
0
0
0
0
4095
4095
0
0
0
0
0
0
4095
4095
0
0
0
0
0
0
4095
4095
0
0
0
0
0
0
4095
4095
0
0
0
0
0
0
4095
4095
0
0
0
0
0
0
4095
4095
0
0
0
0
0
0
4095
4095
0
0
0
0
0
0
4095
4095
0
0
0
0
0
0
4095
4095
0
0
0
0
0
0
4095
4095
0
0
0
0
0
0
4095
4095
0
0
0
0
0
0
4095
4095
0
0
0
0
0
0
4095
4095
0
0
0
0
0
0
4095
4095
0
0
0
0
0
0
4095
4095
0
0
0
0
0
0
4095
4095
0
0
0
0
0
0
4095
4095
0
0
0
0
0
0
4095
4095
0
0
0
0
0
0
4095
4095
0
0
0
0
0
0
4095
4095
0
0
0
0
0
0
4095
4095
0
0
0
0
0
0
4095
4095
0
0
0
0
0
0
4095
4095
0
0
0
0
0
0
4095
4095
0
0
0
0
0
0
4095
4095
0
0
0
0
0
0
4095
4095
0
0
0
0
0
0
4095
4095
0
0
0
0
0
0
4095
4095
0
0
0
0
0
0
4095
4095
0
0
0
0
0
0
4095
4095
0
0
0
0
0
0
4095
4095
0
0
0
0
0
0
4095
4095
0
0
0
0
0
0
4095
4095
0
0
0
0
0
0
4095
4095
0
0
0
0
0
0
4095
4095
0
0
0
0
0
0
4095
4095
0
0
0
0
0
0
4095
4095
0
0
0
0
0
0
4095
4095
0
0
0
0
0
0
4095
4095
0
0
0
0
0
0
4095
4095
0
0
0
0
0
0
4095
4095
0
0
0
0
0
0
4095
4095
0
0
0
0
0
0
4095
4095
0
0
0
0
0
0
4095
4095
0
0
0
0
0
0
4095
4095
0
0
0
0
0
0
4095
4095
0
0
0
0
0
0
4095
4095
0
0
0
0
0
0
4095
4095
0
0
0
0
0
0
4095
4095
0
0
0
0
0
0
4095
4095
0
0
0
0
0
0
4095
4095
0
0
0
0
0
0
4095
4095
0
0
0
0
0
0
4095
4095
0
0
0
0
0
0
4095
4095
0
0
0
0
0
0
4095
4095
0
0
0
0
0
0
4095
4095
0
0
0
0
0
0
4095
4095
0
0
0
0
0
0
4095
4095
0
0
0
0
0
0
4095
4095
0
0
0
0
0
0
4095
4095
0
0
0
0
0
0
4095
4095
0
0
0
0
0
0
4095
4095
0
0
0
0
0
0
4095
4095
0
0
0
0
0
0
4095
4095
0
0
0
0
0
0
4095
4095
0
0
0
0
0
0
4095
4095
0
0
0
0
0
0
4095
4095
0
0
0
0
0
0
4095
4095
0
0
0
0
0
0
4095
4095
0
0
0
0
0
0
4095
4095
0
0
0
0
0
0
4095
4095
0
0
0
0
0
0
4095
4095
0
0
0
0
0
0
4095
4095
0
0
0
0
0
0
4095
4095
0
0
0
0
0
0
4095
4095
0
0
0
0
0
0
4095
4095
0
0
0
0
0
0
4095
4095
0
0
0
0
0
0
4095
4095
0
0
0
0
0
0
4095
4095
0
0
0
0
0
0
4095
4095
0
0
0
0
0
0
4095
4095
0
0
0
0
0
0
4095
4095
0
0
0
0
0
0
4095
4095
0
0
0
0
0
0
4095
4095
0
0
0
0
0
0
4095
4095
0
0
0
0
0
0
4095
4095
0
0
0
0
0
0
4095
4095
0
0
0
0
0
0
4095
4095
0
0
0
0
0
0
4095
4095
0
0
0
0
0
0
4095
4095
0
0
0
0
0
0
4095
4095
0
0
0
0
0
0
4095
4095
0
0
0
0
0
0
4095
4095
0
0
0
0
0
0
4095
4095
0
0
0
0
0
0
4095
4095
0
0
0
0
0
0
4095
4095
0
0
0
0
0
0
4095
4095
0
0
0
0
0
0
4095
4095
0
0
0
0
0
0
4095
4095
0
0
0
0
0
0
4095
4095
0
0
0
0
0
0
4095
4095
0
0
0
0
0
0
4095
4095
0
0
0
0
0
0
4095
4095
0
0
0
0
0
0
4095
4095
0
0
0
0
0
0
4095
4095
0
0
0
0
0
0
4095
4095
0
0
0
0
0
0
4095
4095
0
0
0
0
0
0
4095
4095
0
0
0
0
0
0
4095
4095
0
0
0
0
0
0
4095
4095
0
0
0
0
0
0
4095
4095
0
0
0
0
0
0
4095
4095
0
0
0
0
0
0
4095
4095
0
0
0
0
0
0
4095
4095
0
0
0
0
0
0
4095
4095
0
0
0
0
0
0
4095
4095
0
0
0
0
0
0
4095
4095
0
0
0
0
0
0
4095
4095
0
0
0
0
0
0
4095
4095
0
0
0
0
0
0
4095
4095
0
0
0
0
0
0
4095
4095
0
0
0
0
0
0
4095
4095
0
0
0
0
0
0
4095
4095
0
0
0
0
0
0
4095
4095
0
0
0
0
0
0
4095
4095
0
0
0
0
0
0
4095
4095
0
0
0
0
0
0
4095
4095
0
0
0
0
0
0
4095
4095
0
0
0
0
0
0
4095
4095
0
0
0
0
0
0
4095
4095
0
0
0
0
0
0
4095
4095
0
0
0
0
0
0
4095
4095
0
0
0
0
0
0
4095
4095
0
0
0
0
0
0
4095
4095
0
0
0
0
0
0
4095
4095
0
0
0
0
0
0
4095
4095
0
0
0
0
0
0
4095
4095
0
0
0
0
0
0
4095
4095
0
0
0
0
0
0
4095
4095
0
0
0
0
0
0
4095
4095
0
0
0
0
0
0
4095
4095
0
0
0
0
0
0
4095
4095
0
0
0
0
0
0
4095
4095
0
0
0
0
0
0
4095
4095
0
0
0
0
0
0
4095
4095
0
0
0
0
0
0
4095
4095
0
0
0
0
0
0
4095
4095
0
0
0
0
0
0
4095
4095
0
0
0
0
0
0
4095
4095
0
0
0
0
0
0
4095
4095
0
0
0
0
0
0
4095
4095
0
0
0
0
0
0
4095
4095
0
0
0
0
0
0
4095
4095
0
0
0
0
0
0
4095
4095
0
0
0
0
0
0
4095
4095
0
0
0
0
0
0
4095
4095
0
0
0
0
0
0
4095
4095
0
0
0
0
0
0
4095
4095
0
0
0
0
0
0
4095
4095
0
0
0
0
0
0
4095
4095
0
0
0
0
0
0
4095
4095
0
0
0
0
0
0
4095
4095
0
0
0
0
0
0
4095
4095
0
0
0
0
0
0
4095
4095
0
0
0
0
0
0
4095
4095
0
0
0
0
0
0
4095
4095
0
0
0
0
0
0
4095
4095
0
0
0
0
0
0
4095
4095
0
0
0
0
0
0
4095
4095
0
0
0
0
0
0
4095
4095
0
0
0
0
0
0
4095
4095
0
0
0
0
0
0
4095
4095
0
0
0
0
0
0
4095
4095
0
0
0
0
0
0
4095
4095
0
0
0
0
0
0
4095
4095
0
0
0
0
0
0
4095
4095
0
0
0
0
0
0
4095
4095
0
0
0
0
0
0
4095
4095
0
0
0
0
0
0
4095
4095
0
0
0
0
0
0
4095
4095
0
0
0
0
0
0
4095
4095
0
0
0
0
0
0
4095
4095
0
0
0
0
0
0
4095
4095
0
0
0
0
0
0
4095
4095
0
0
0
0
0
0
4095
4095
0
0
0
0
0
0
4095
4095
0
0
0
0
0
0
4095
4095
0
0
0
0
0
0
4095
4095
0
0
0
0
0
0
4095
4095
0
0
0
0
0
0
4095
4095
0
0
0
0
0
0
4095
4095
0
0
0
0
0
0
4095
4095
0
0
0
0
0
0
4095
4095
0
0
0
0
0
0
4095
4095
0
0
0
0
0
0
4095
4095
0
0
0
0
0
0
4095
4095
0
0
0
0
0
0
4095
4095
0
0
0
0
0
0
4095
4095
0
0
0
0
0
0
4095
4095
0
0
0
0
0
0
4095
4095
0
0
0
0
0
0
4095
4095
0
0
0
0
0
0
4095
4095
0
0
0
0
0
0
4095
4095
0
0
0
0
0
0
4095
4095
0
0
0
0
0
0
4095
4095
0
0
0
0
0
0
4095
4095
0
0
0
0
0
0
4095
4095
0
0
0
0
0
0
4095
4095
0
0
0
0
0
0
4095
4095
0
0
0
0
0
0
4095
4095
0
0
0
0
0
0
4095
4095
0
0
0
0
0
0
4095
4095
0
0
0
0
0
0
4095
4095
0
0
0
0
0
0
4095
4095
0
0
0
0
0
0
4095
4095
0
0
0
0
0
0
4095
4095
0
0
0
0
0
0
4095
4095
0
0
0
0
0
0
4095
4095
0
0
0
0
0
0
4095
4095
0
0
0
0
0
0
4095
4095
0
0
0
0
0
0
4095
4095
0
0
0
0
0
0
4095
4095
0
0
0
0
0
0
4095
4095
0
0
0
0
0
0
4095
4095
0
0
0
0
0
0
4095
4095
0
0
0
0
0
0
4095
4095
0
0
0
0
0
0
4095
4095
0
0
0
0
0
0
4095
4095
0
0
0
0
0
0
4095
4095
0
0
0
0
0
0
4095
4095
0
0
0
0
0
0
4095
4095
0
0
0
0
0
0
4095
4095
0
0
0
0
0
0
4095
4095
0
0
0
0
0
0
4095
4095
0
0
0
0
0
0
4095
4095
0
0
0
0
0
0
4095
4095
0
0
0
0
0
0
4095
4095
0
0
0
0
0
0
4095
4095
0
0
0
0
0
0
4095
4095
0
0
0
0
0
0
4095
4095
0
0
0
0
0
0
4095
4095
0
0
0
0
0
0
4095
4095
0
0
0
0
0
0
4095
4095
0
0
0
0
0
0
4095
4095
0
0
0
0
0
0
4095
4095
0
0
0
0
0
0
4095
4095
0
0
0
0
0
0
4095
4095
0
0
0
0
0
0
4095
4095
0
0
0
0
0
0
4095
4095
0
0
0
0
0
0
4095
4095
0
0
0
0
0
0
4095
4095
0
0
0
0
0
0
4095
4095
0
0
0
0
0
0
4095
4095
0
0
0
0
0
0
4095
4095
0
0
0
0
0
0
4095
4095
0
0
0
0
0
0
4095
4095
0
0
0
0
0
0
4095
4095
0
0
0
0
0
0
4095
4095
0
0
0
0
0
0
4095
4095
0
0
0
0
0
0
4095
4095
0
0
0
0
0
0
4095
4095
0
0
0
0
0
0
4095
4095
0
0
0
0
0
0
4095
4095
0
0
0
0
0
0
4095
4095
0
0
0
0
0
0
4095
4095
0
0
0
0
0
0
4095
4095
0
0
0
0
0
0
4095
4095
0
0
0
0
0
0
4095
4095
0
0
0
0
0
0
4095
4095
0
0
0
0
0
0
4095
4095
0
0
0
0
0
0
4095
4095
0
0
0
0
0
0
4095
4095
0
0
0
0
0
0
4095
4095
0
0
0
0
0
0
4095
4095
0
0
0
0
0
0
4095
4095
0
0
0
0
0
0
4095
4095
0
0
0
0
0
0
4095
4095
0
0
0
0
0
0
4095
4095
0
0
0
0
0
0
4095
4095
0
0
0
0
0
0
4095
4095
0
0
0
0
0
0
4095
4095
0
0
0
0
0
0
4095
4095
0
0
0
0
0
0
4095
4095
0
0
0
0
0
0
4095
4095
0
0
0
0
0
0
4095
4095
0
0
0
0
0
0
4095
4095
0
0
0
0
0
0
4095
4095
0
0
0
0
0
0
4095
4095
0
0
0
0
0
0
4095
4095
0
0
0
0
0
0
4095
4095
0
0
0
0
0
0
4095
4095
0
0
0
0
0
0
4095
4095
0
0
0
0
0
0
4095
4095
0
0
0
0
0
0
4095
4095
0
0
0
0
0
0
4095
4095
0
0
0
0
0
0
4095
4095
0
0
0
0
0
0
4095
4095
0
0
0
0
0
0
4095
4095
0
0
0
0
0
0
4095
4095
0
0
0
0
0
0
4095
4095
0
0
0
0
0
0
4095
4095
0
0
0
0
0
0
4095
4095
0
0
0
0
0
0
4095
4095
0
0
0
0
0
0
4095
4095
0
0
0
0
0
0
4095
4095
0
0
0
0
0
0
4095
4095
0
0
0
0
0
0
4095
4095
0
0
0
0
0
0
4095
4095
0
0
0
0
0
0
4095
4095
0
0
0
0
0
0
4095
4095
0
0
0
0
0
0
4095
4095
0
0
0
0
0
0
4095
4095
0
0
0
0
0
0
4095
4095
0
0
0
0
0
0
4095
4095
0
0
0
0
0
0
4095
4095
0
0
0
0
0
0
4095
4095
0
0
0
0
0
0
4095
4095
0
0
0
0
0
0
4095
4095
0
0
0
0
0
0
4095
4095
0
0
0
0
0
0
4095
4095
0
0
0
0
0
0
4095
4095
0
0
0
0
0
0
4095
4095
0
0
0
0
0
0
4095
4095
0
0
0
0
0
0
4095
4095
0
0
0
0
0
0
4095
4095
0
0
0
0
0
0
4095
4095
0
0
0
0
0
0
4095
4095
0
0
0
0
0
0
4095
4095
0
0
0
0
0
0
4095
4095
0
0
0
0
0
0
4095
4095
0
0
0
0
0
0
4095
4095
0
0
0
0
0
0
4095
4095
0
0
0
0
0
0
4095
4095
0
0
0
0
0
0
4095
4095
0
0
0
0
0
0
4095
4095
0
0
0
0
0
0
4095
4095
0
0
0
0
0
0
4095
4095
0
0
0
0
0
0
4095
4095
0
0
0
0
0
0
4095
4095
0
0
0
0
0
0
4095
4095
0
0
0
0
0
0
4095
4095
0
0
0
0
0
0
4095
4095
0
0
0
0
0
0
4095
4095
0
0
0
0
0
0
4095
4095
0
0
0
0
0
0
4095
4095
0
0
0
0
0
0
4095
4095
0
0
0
0
0
0
4095
4095
0
0
0
0
0
0
4095
4095
0
0
0
0
0
0
4095
4095
0
0
0
0
0
0
4095
4095
0
0
0
0
0
0
4095
4095
0
0
0
0
0
0
4095
4095
0
0
0
0
0
0
4095
4095
0
0
0
0
0
0
4095
4095
0
0
0
0
0
0
4095
4095
0
0
0
0
0
0
4095
4095
0
0
0
0
0
0
4095
4095
0
0
0
0
0
0
4095
4095
0
0
0
0
0
0
4095
4095
0
0
0
0
0
0
4095
4095
0
0
0
0
0
0
4095
4095
0
0
0
0
0
0
4095
4095
0
0
0
0
0
0
4095
4095
0
0
0
0
0
0
4095
4095
0
0
0
0
0
0
4095
4095
0
0
0
0
0
0
4095
4095
0
0
0
0
0
0
4095
4095
0
0
0
0
0
0
4095
4095
0
0
0
0
0
0
4095
4095
0
0
0
0
0
0
4095
4095
0
0
0
0
0
0
4095
4095
0
0
0
0
0
0
4095
4095
0
0
0
0
0
0
4095
4095
0
0
0
0
0
0
4095
4095
0
0
0
0
0
0
4095
4095
0
0
0
0
0
0
4095
4095
0
0
0
0
0
0
4095
4095
0
0
0
0
0
0
4095
4095
0
0
0
0
0
0
4095
4095
0
0
0
0
0
0
4095
4095
0
0
0
0
0
0
4095
4095
0
0
0
0
0
0
4095
4095
0
0
0
0
0
0
4095
4095
0
0
0
0
0
0
4095
4095
0
0
0
0
0
0
4095
4095
0
0
0
0
0
0
4095
4095
0
0
0
0
0
0
4095
4095
0
0
0
0
0
0
4095
4095
0
0
0
0
0
0
4095
4095
0
0
0
0
0
0
4095
4095
0
0
0
0
0
0
4095
4095
0
0
0
0
0
0
4095
4095
0
0
0
0
0
0
4095
4095
0
0
0
0
0
0
4095
4095
0
0
0
0
0
0
4095
4095
0
0
0
0
0
0
4095
4095
0
0
0
0
0
0
4095
4095
0
0
0
0
0
0
4095
4095
0
0
0
0
0
0
4095
4095
0
0
0
0
0
0
4095
4095
0
0
0
0
0
0
4095
4095
0
0
0
0
0
0
4095
4095
0
0
0
0
0
0
4095
4095
0
0
0
0
0
0
4095
4095
0
0
0
0
0
0
4095
4095
0
0
0
0
0
0
4095
4095
0
0
0
0
0
0
4095
4095
0
0
0
0
0
0
4095
4095
0
0
0
0
0
0
4095
4095
0
0
0
0
0
0
4095
4095
0
0
0
0
0
0
4095
4095
0
0
0
0
0
0
4095
4095
0
0
0
0
0
0
4095
4095
0
0
0
0
0
0
4095
4095
0
0
0
0
0
0
4095
4095
0
0
0
0
0
0
4095
4095
0
0
0
0
0
0
4095
4095
0
0
0
0
0
0
4095
4095
0
0
0
0
0
0
4095
4095
0
0
0
0
0
0
4095
4095
0
0
0
0
0
0
4095
4095
0
0
0
0
0
0
4095
4095
0
0
0
0
0
0
4095
4095
0
0
0
0
0
0
4095
4095
0
0
0
0
0
0
4095
4095
0
0
0
0
0
0
4095
4095
0
0
0
0
0
0
4095
4095
0
0
0
0
0
0
4095
4095
0
0
0
0
0
0
4095
4095
0
0
0
0
0
0
4095
4095
0
0
0
0
0
0
4095
4095
0
0
0
0
0
0
4095
4095
0
0
0
0
0
0
4095
4095
0
0
0
0
0
0
4095
4095
0
0
0
0
0
0
4095
4095
0
0
0
0
0
0
4095
4095
0
0
0
0
0
0
4095
4095
0
0
0
0
0
0
4095
4095
0
0
0
0
0
0
4095
4095
0
0
0
0
0
0
4095
4095
0
0
0
0
0
0
4095
4095
0
0
0
0
0
0
4095
4095
0
0
0
0
0
0
4095
4095
0
0
0
0
0
0
4095
4095
0
0
0
0
0
0
4095
4095
0
0
0
0
0
0
4095
4095
0
0
0
0
0
0
4095
4095
0
0
0
0
0
0
4095
4095
0
0
0
0
0
0
4095
4095
0
0
0
0
0
0
4095
4095
0
0
0
0
0
0
4095
4095
0
0
0
0
0
0
4095
4095
0
0
0
0
0
0
4095
4095
0
0
0
0
0
0
4095
4095
0
0
0
0
0
0
4095
4095
0
0
0
0
0
0
4095
4095
0
0
0
0
0
0
4095
4095
0
0
0
0
0
0
4095
4095
0
0
0
0
0
0
4095
4095
0
0
0
0
0
0
4095
4095
0
0
0
0
0
0
4095
4095
0
0
0
0
0
0
4095
4095
0
0
0
0
0
0
4095
4095
0
0
0
0
0
0
4095
4095
0
0
0
0
0
0
4095
4095
0
0
0
0
0
0
4095
4095
0
0
0
0
0
0
4095
4095
0
0
0
0
0
0
4095
4095
0
0
0
0
0
0
4095
4095
0
0
0
0
0
0
4095
4095
0
0
0
0
0
0
4095
4095
0
0
0
0
0
0
4095
4095
0
0
0
0
0
0
4095
4095
0
0
0
0
0
0
4095
4095
0
0
0
0
0
0
4095
4095
0
0
0
0
0
0
4095
4095
0
0
0
0
0
0
4095
4095
0
0
0
0
0
0
4095
4095
0
0
0
0
0
0
4095
4095
0
0
0
0
0
0
4095
4095
0
0
0
0
0
0
4095
4095
0
0
0
0
0
0
4095
4095
0
0
0
0
0
0
4095
4095
0
0
0
0
0
0
4095
4095
0
0
0
0
0
0
4095
4095
0
0
0
0
0
0
4095
4095
0
0
0
0
0
0
4095
4095
0
0
0
0
0
0
4095
4095
0
0
0
0
0
0
4095
4095
0
0
0
0
0
0
4095
4095
0
0
0
0
0
0
4095
4095
0
0
0
0
0
0
4095
4095
0
0
0
0
0
0
4095
4095
0
0
0
0
0
0
4095
4095
0
0
0
0
0
0
4095
4095
0
0
0
0
0
0
4095
4095
0
0
0
0
0
0
4095
4095
0
0
0
0
0
0
4095
4095
0
0
0
0
0
0
4095
4095
0
0
0
0
0
0
4095
4095
0
0
0
0
0
0
4095
4095
0
0
0
0
0
0
4095
4095
0
0
0
0
0
0
4095
4095
0
0
0
0
0
0
4095
4095
0
0
0
0
0
0
4095
4095
0
0
0
0
0
0
4095
4095
0
0
0
0
0
0
4095
4095
0
0
0
0
0
0
4095
4095
0
0
0
0
0
0
4095
4095
0
0
0
0
0
0
4095
4095
0
0
0
0
0
0
4095
4095
0
0
0
0
0
0
4095
4095
0
0
0
0
0
0
4095
4095
0
0
0
0
0
0
4095
4095
0
0
0
0
0
0
4095
4095
0
0
0
0
0
0
4095
4095
0
0
0
0
0
0
4095
4095
0
0
0
0
0
0
4095
4095
0
0
0
0
0
0
4095
4095
0
0
0
0
0
0
4095
4095
0
0
0
0
0
0
4095
4095
0
0
0
0
0
0
4095
4095
0
0
0
0
0
0
4095
4095
0
0
0
0
0
0
4095
4095
0
0
0
0
0
0
4095
4095
0
0
0
0
0
0
4095
4095
0
0
0
0
0
0
4095
4095
0
0
0
0
0
0
4095
4095
0
0
0
0
0
0
4095
4095
0
0
0
0
0
0
4095
4095
0
0
0
0
0
0
4095
4095
0
0
0
0
0
0
4095
4095
0
0
0
0
0
0
4095
4095
0
0
0
0
0
0
4095
4095
0
0
0
0
0
0
4095
4095
0
0
0
0
0
0
4095
4095
0
0
0
0
0
0
4095
4095
0
0
0
0
0
0
4095
4095
0
0
0
0
0
0
4095
4095
0
0
0
0
0
0
4095
4095
0
0
0
0
0
0
4095
4095
0
0
0
0
0
0
4095
4095
0
0
0
0
0
0
4095
4095
0
0
0
0
0
0
4095
4095
0
0
0
0
0
0
4095
4095
0
0
0
0
0
0
4095
4095
0
0
0
0
0
0
4095
4095
0
0
0
0
0
0
4095
4095
0
0
0
0
0
0
4095
4095
0
0
0
0
0
0
4095
4095
0
0
0
0
0
0
4095
4095
0
0
0
0
0
0
4095
4095
0
0
0
0
0
0
4095
4095
0
0
0
0
0
0
4095
4095
0
0
0
0
0
0
4095
4095
0
0
0
0
0
0
4095
4095
0
0
0
0
0
0
4095
4095
0
0
0
0
0
0
4095
4095
0
0
0
0
0
0
4095
4095
0
0
0
0
0
0
4095
4095
0
0
0
0
0
0
4095
4095
0
0
0
0
0
0
4095
4095
0
0
0
0
0
0
4095
4095
0
0
0
0
0
0
4095
4095
0
0
0
0
0
0
4095
4095
0
0
0
0
0
0
4095
4095
0
0
0
0
0
0
4095
4095
0
0
0
0
0
0
4095
4095
0
0
0
0
0
0
4095
4095
0
0
0
0
0
0
4095
4095
0
0
0
0
0
0
4095
4095
0
0
0
0
0
0
4095
4095
0
0
0
0
0
0
4095
4095
0
0
0
0
0
0
4095
4095
0
0
0
0
0
0
4095
4095
0
0
0
0
0
0
4095
4095
0
0
0
0
0
0
4095
4095
0
0
0
0
0
0
4095
4095
0
0
0
0
0
0
4095
4095
0
0
0
0
0
0
4095
4095
0
0
0
0
0
0
4095
4095
0
0
0
0
0
0
4095
4095
0
0
0
0
0
0
4095
4095
0
0
0
0
0
0
4095
4095
0
0
0
0
0
0
4095
4095
0
0
0
0
0
0
4095
4095
0
0
0
0
0
0
4095
4095
0
0
0
0
0
0
4095
4095
0
0
0
0
0
0
4095
4095
0
0
0
0
0
0
4095
4095
0
0
0
0
0
0
4095
4095
0
0
0
0
0
0
4095
4095
0
0
0
0
0
0
4095
4095
0
0
0
0
0
0
4095
4095
0
0
0
0
0
0
4095
4095
0
0
0
0
0
0
4095
4095
0
0
0
0
0
0
4095
4095
0
0
0
0
0
0
4095
4095
0
0
0
0
0
0
4095
4095
0
0
0
0
0
0
4095
4095
0
0
0
0
0
0
4095
4095
0
0
0
0
0
0
4095
4095
0
0
0
0
0
0
4095
4095
0
0
0
0
0
0
4095
4095
0
0
0
0
0
0
4095
4095
0
0
0
0
0
0
4095
4095
0
0
0
0
0
0
4095
4095
0
0
0
0
0
0
4095
4095
0
0
0
0
0
0
4095
4095
0
0
0
0
0
0
4095
4095
0
0
0
0
0
0
4095
4095
0
0
0
0
0
0
4095
4095
0
0
0
0
0
0
4095
4095
0
0
0
0
0
0
4095
4095
0
0
0
0
0
0
4095
4095
0
0
0
0
0
0
4095
4095
0
0
0
0
0
0
4095
4095
0
0
0
0
0
0
4095
4095
0
0
0
0
0
0
4095
4095
0
0
0
0
0
0
4095
4095
0
0
0
0
0
0
4095
4095
0
0
0
0
0
0
4095
4095
0
0
0
0
0
0
4095
4095
0
0
0
0
0
0
4095
4095
0
0
0
0
0
0
4095
4095
0
0
0
0
0
0
4095
4095
0
0
0
0
0
0
4095
4095
0
0
0
0
0
0
4095
4095
0
0
0
0
0
0
4095
4095
0
0
0
0
0
0
4095
4095
0
0
0
0
0
0
4095
4095
0
0
0
0
0
0
4095
4095
0
0
0
0
0
0
4095
4095
0
0
0
0
0
0
4095
4095
0
0
0
0
0
0
4095
4095
0
0
0
0
0
0
4095
4095
0
0
0
0
0
0
4095
4095
0
0
0
0
0
0
4095
4095
0
0
0
0
0
0
4095
4095
0
0
0
0
0
0
4095
4095
0
0
0
0
0
0
4095
4095
0
0
0
0
0
0
4095
4095
0
0
0
0
0
0
4095
4095
0
0
0
0
0
0
4095
4095
0
0
0
0
0
0
4095
4095
0
0
0
0
0
0
4095
4095
0
0
0
0
0
0
4095
4095
0
0
0
0
0
0
4095
4095
0
0
0
0
0
0
4095
4095
0
0
0
0
0
0
4095
4095
0
0
0
0
0
0
4095
4095
0
0
0
0
0
0
4095
4095
0
0
0
0
0
0
4095
4095
0
0
0
0
0
0
4095
4095
0
0
0
0
0
0
4095
4095
0
0
0
0
0
0
4095
4095
0
0
0
0
0
0
4095
4095
0
0
0
0
0
0
4095
4095
0
0
0
0
0
0
4095
4095
0
0
0
0
0
0
4095
4095
0
0
0
0
0
0
4095
4095
0
0
0
0
0
0
4095
4095
0
0
0
0
0
0
4095
4095
0
0
0
0
0
0
4095
4095
0
0
0
0
0
0
4095
4095
0
0
0
0
0
0
4095
4095
0
0
0
0
0
0
4095
4095
0
0
0
0
0
0
4095
4095
0
0
0
0
0
0
4095
4095
0
0
0
0
0
0
4095
4095
0
0
0
0
0
0
4095
4095
0
0
0
0
0
0
4095
4095
0
0
0
0
0
0
4095
4095
0
0
0
0
0
0
4095
4095
0
0
0
0
0
0
4095
4095
0
0
0
0
0
0
4095
4095
0
0
0
0
0
0
4095
4095
0
0
0
0
0
0
4095
4095
0
0
0
0
0
0
4095
4095
0
0
0
0
0
0
4095
4095
0
0
0
0
0
0
4095
4095
0
0
0
0
0
0
4095
4095
0
0
0
0
0
0
4095
4095
0
0
0
0
0
0
4095
4095
0
0
0
0
0
0
4095
4095
0
0
0
0
0
0
4095
4095
0
0
0
0
0
0
4095
4095
0
0
0
0
0
0
4095
4095
0
0
0
0
0
0
4095
4095
0
0
0
0
0
0
4095
4095
0
0
0
0
0
0
4095
4095
0
0
0
0
0
0
4095
4095
0
0
0
0
0
0
4095
4095
0
0
0
0
0
0
4095
4095
0
0
0
0
0
0
4095
4095
0
0
0
0
0
0
4095
4095
0
0
0
0
0
0
4095
4095
0
0
0
0
0
0
4095
4095
0
0
0
0
0
0
4095
4095
0
0
0
0
0
0
4095
4095
0
0
0
0
0
0
4095
4095
0
0
0
0
0
0
4095
4095
0
0
0
0
0
0
4095
4095
0
0
0
0
0
0
4095
4095
0
0
0
0
0
0
4095
4095
0
0
0
0
0
0
4095
4095
0
0
0
0
0
0
4095
4095
0
0
0
0
0
0
4095
4095
0
0
0
0
0
0
4095
4095
0
0
0
0
0
0
4095
4095
0
0
0
0
0
0
4095
4095
0
0
0
0
0
0
4095
4095
0
0
0
0
0
0
4095
4095
0
0
0
0
0
0
4095
4095
0
0
0
0
0
0
4095
4095
0
0
0
0
0
0
4095
4095
0
0
0
0
0
0
4095
4095
0
0
0
0
0
0
4095
4095
0
0
0
0
0
0
4095
4095
0
0
0
0
0
0
4095
4095
0
0
0
0
0
0
4095
4095
0
0
0
0
0
0
4095
4095
0
0
0
0
0
0
4095
4095
0
0
0
0
0
0
4095
4095
0
0
0
0
0
0
4095
4095
0
0
0
0
0
0
4095
4095
0
0
0
0
0
0
4095
4095
0
0
0
0
0
0
4095
4095
0
0
0
0
0
0
4095
4095
0
0
0
0
0
0
4095
4095
0
0
0
0
0
0
4095
4095
0
0
0
0
0
0
4095
4095
0
0
0
0
0
0
4095
4095
0
0
0
0
0
0
4095
4095
0
0
0
0
0
0
4095
4095
0
0
0
0
0
0
4095
4095
0
0
0
0
0
0
4095
4095
0
0
0
0
0
0
4095
4095
0
0
0
0
0
0
4095
4095
0
0
0
0
0
0
4095
4095
0
0
0
0
0
0
4095
4095
0
0
0
0
0
0
4095
4095
0
0
0
0
0
0
4095
4095
0
0
0
0
0
0
4095
4095
0
0
0
0
0
0
4095
4095
0
0
0
0
0
0
4095
4095
0
0
0
0
0
0
4095
4095
0
0
0
0
0
0
4095
4095
0
0
0
0
0
0
4095
4095
0
0
0
0
0
0
4095
4095
0
0
0
0
0
0
4095
4095
0
0
0
0
0
0
4095
4095
0
0
0
0
0
0
4095
4095
0
0
0
0
0
0
4095
4095
0
0
0
0
0
0
4095
4095
0
0
0
0
0
0
4095
4095
0
0
0
0
0
0
4095
4095
0
0
0
0
0
0
4095
4095
0
0
0
0
0
0
4095
4095
0
0
0
0
0
0
4095
4095
0
0
0
0
0
0
4095
4095
0
0
0
0
0
0
4095
4095
0
0
0
0
0
0
4095
4095
0
0
0
0
0
0
4095
4095
0
0
0
0
0
0
4095
4095
0
0
0
0
0
0
4095
4095
0
0
0
0
0
0
4095
4095
0
0
0
0
0
0
