4095
4095
0
0
0
0
0
0
4095
4095
0
0
0
0
0
0
4095
4095
0
0
0
0
0
0
4095
4095
0
0
0
0
0
0
4095
4095
0
0
0
0
0
0
4095
4095
0
0
0
0
0
0
4095
4095
0
0
0
0
0
0
4095
4095
0
0
0
0
0
0
4095
4095
0
0
0
0
0
0
4095
4095
0
0
0
0
0
0
4095
4095
0
0
0
0
0
0
4095
4095
0
0
0
0
0
0
4095
4095
0
0
0
0
0
0
4095
4095
0
0
0
0
0
0
4095
4095
0
0
0
0
0
0
4095
4095
0
0
0
0
0
0
4095
4095
0
0
0
0
0
0
4095
4095
0
0
0
0
0
0
4095
4095
0
0
0
0
0
0
4095
4095
0
0
0
0
0
0
4095
4095
0
0
0
0
0
0
4095
4095
0
0
0
0
0
0
4095
4095
0
0
0
0
0
0
4095
4095
0
0
0
0
0
0
4095
4094
0
0
0
0
0
0
4095
4095
0
0
0
0
0
0
4094
4095
0
0
0
0
0
0
4095
4095
0
0
0
0
0
0
4095
4094
0
0
0
0
0
0
4095
4094
0
0
0
0
0
0
4093
4093
0
0
0
0
0
0
4093
4093
0
0
0
0
0
0
4093
4094
0
0
0
0
0
0
4092
4093
0
0
0
0
0
0
4093
4093
0
0
0
0
0
0
4093
4093
0
0
0
0
0
0
4093
4095
0
0
0
0
0
0
4094
4094
0
0
0
0
0
0
4095
4094
0
0
0
0
0
0
4094
4094
0
0
0
0
0
0
4095
4094
0
0
0
0
0
0
4095
4093
0
0
0
0
0
0
4094
4093
0
0
0
0
0
0
4092
4091
0
0
0
0
0
0
4091
4091
0
0
0
0
0
0
4090
4092
0
0
0
0
0
0
4091
4093
0
0
0
0
0
0
4092
4094
0
0
0
0
0
0
4091
4094
0
0
0
0
0
0
4092
0
0
0
0
0
0
0
4094
1
0
0
0
0
0
0
4095
1
0
0
0
0
0
0
0
0
0
0
0
0
0
0
1
0
0
0
0
0
0
0
1
4094
0
0
0
0
0
0
4095
4093
0
0
0
0
0
0
4095
4091
0
0
0
0
0
0
4092
4089
0
0
0
0
0
0
4090
4088
0
0
0
0
0
0
4088
4088
0
0
0
0
0
0
4086
4089
0
0
0
0
0
0
4087
4091
0
0
0
0
0
0
4088
4095
0
0
0
0
0
0
4091
2
0
0
0
0
0
0
1
4
0
0
0
0
0
0
5
6
0
0
0
0
0
0
5
5
0
0
0
0
0
0
6
2
0
0
0
0
0
0
5
4095
0
0
0
0
0
0
3
4092
0
0
0
0
0
0
4095
4087
0
0
0
0
0
0
4089
4084
0
0
0
0
0
0
4085
4083
0
0
0
0
0
0
4082
4084
0
0
0
0
0
0
4081
4087
0
0
0
0
0
0
4083
4092
0
0
0
0
0
0
4086
0
0
0
0
0
0
0
4093
7
0
0
0
0
0
0
3
10
0
0
0
0
0
0
9
12
0
0
0
0
0
0
12
10
0
0
0
0
0
0
12
5
0
0
0
0
0
0
10
0
0
0
0
0
0
0
4
4088
0
0
0
0
0
0
4092
4081
0
0
0
0
0
0
4085
4077
0
0
0
0
0
0
4077
4075
0
0
0
0
0
0
4074
4078
0
0
0
0
0
0
4074
4085
0
0
0
0
0
0
4079
4093
0
0
0
0
0
0
4085
7
0
0
0
0
0
0
2
15
0
0
0
0
0
0
9
19
0
0
0
0
0
0
17
19
0
0
0
0
0
0
21
15
0
0
0
0
0
0
19
6
0
0
0
0
0
0
13
4091
0
0
0
0
0
0
3
4080
0
0
0
0
0
0
4088
4072
0
0
0
0
0
0
4077
4069
0
0
0
0
0
0
4069
4069
0
0
0
0
0
0
4066
4076
0
0
0
0
0
0
4068
4086
0
0
0
0
0
0
4076
2
0
0
0
0
0
0
4088
16
0
0
0
0
0
0
6
23
0
0
0
0
0
0
17
27
0
0
0
0
0
0
27
25
0
0
0
0
0
0
30
17
0
0
0
0
0
0
26
5
0
0
0
0
0
0
16
4086
0
0
0
0
0
0
0
4071
0
0
0
0
0
0
4080
4062
0
0
0
0
0
0
4066
4058
0
0
0
0
0
0
4056
4062
0
0
0
0
0
0
4056
4073
0
0
0
0
0
0
4061
4089
0
0
0
0
0
0
4076
10
0
0
0
0
0
0
4093
26
0
0
0
0
0
0
16
36
0
0
0
0
0
0
30
37
0
0
0
0
0
0
39
32
0
0
0
0
0
0
40
18
0
0
0
0
0
0
31
4095
0
0
0
0
0
0
15
4076
0
0
0
0
0
0
4090
4059
0
0
0
0
0
0
4069
4049
0
0
0
0
0
0
4053
4048
0
0
0
0
0
0
4044
4056
0
0
0
0
0
0
4046
4072
0
0
0
0
0
0
4057
4095
0
0
0
0
0
0
4078
22
0
0
0
0
0
0
6
40
0
0
0
0
0
0
29
49
0
0
0
0
0
0
46
49
0
0
0
0
0
0
53
36
0
0
0
0
0
0
49
16
0
0
0
0
0
0
35
4088
0
0
0
0
0
0
10
4062
0
0
0
0
0
0
4079
4044
0
0
0
0
0
0
4053
4033
0
0
0
0
0
0
4035
4037
0
0
0
0
0
0
4030
4053
0
0
0
0
0
0
4038
4077
0
0
0
0
0
0
4056
9
0
0
0
0
0
0
4083
35
0
0
0
0
0
0
17
56
0
0
0
0
0
0
44
63
0
0
0
0
0
0
63
59
0
0
0
0
0
0
68
38
0
0
0
0
0
0
56
9
0
0
0
0
0
0
33
4076
0
0
0
0
0
0
1
4047
0
0
0
0
0
0
4065
4028
0
0
0
0
0
0
4036
4021
0
0
0
0
0
0
4019
4030
0
0
0
0
0
0
4016
4052
0
0
0
0
0
0
4030
4084
0
0
0
0
0
0
4059
24
0
0
0
0
0
0
4094
54
0
0
0
0
0
0
35
73
0
0
0
0
0
0
64
76
0
0
0
0
0
0
80
63
0
0
0
0
0
0
79
35
0
0
0
0
0
0
61
1
0
0
0
0
0
0
28
4057
0
0
0
0
0
0
4083
4026
0
0
0
0
0
0
4045
4008
0
0
0
0
0
0
4016
4009
0
0
0
0
0
0
4002
4026
0
0
0
0
0
0
4005
4058
0
0
0
0
0
0
4029
2
0
0
0
0
0
0
4066
44
0
0
0
0
0
0
15
75
0
0
0
0
0
0
58
93
0
0
0
0
0
0
86
89
0
0
0
0
0
0
98
66
0
0
0
0
0
0
89
29
0
0
0
0
0
0
60
4080
0
0
0
0
0
0
17
4036
0
0
0
0
0
0
4064
4004
0
0
0
0
0
0
4022
3990
0
0
0
0
0
0
3993
3997
0
0
0
0
0
0
3983
4025
0
0
0
0
0
0
3997
4067
0
0
0
0
0
0
4032
21
0
0
0
0
0
0
4080
66
0
0
0
0
0
0
36
97
0
0
0
0
0
0
81
110
0
0
0
0
0
0
109
98
0
0
0
0
0
0
113
64
0
0
0
0
0
0
95
15
0
0
0
0
0
0
54
4059
0
0
0
0
0
0
2
4013
0
0
0
0
0
0
4040
3981
0
0
0
0
0
0
3996
3973
0
0
0
0
0
0
3970
3991
0
0
0
0
0
0
3968
4030
0
0
0
0
0
0
3995
4084
0
0
0
0
0
0
4042
45
0
0
0
0
0
0
5
93
0
0
0
0
0
0
63
121
0
0
0
0
0
0
109
125
0
0
0
0
0
0
132
102
0
0
0
0
0
0
127
55
0
0
0
0
0
0
96
4093
0
0
0
0
0
0
41
4032
0
0
0
0
0
0
4074
3984
0
0
0
0
0
0
4014
3959
0
0
0
0
0
0
3968
3960
0
0
0
0
0
0
3948
3990
0
0
0
0
0
0
3958
4042
0
0
0
0
0
0
3997
10
0
0
0
0
0
0
4058
73
0
0
0
0
0
0
29
120
0
0
0
0
0
0
91
143
0
0
0
0
0
0
136
136
0
0
0
0
0
0
152
99
0
0
0
0
0
0
134
40
0
0
0
0
0
0
89
4069
0
0
0
0
0
0
21
4002
0
0
0
0
0
0
4046
3956
0
0
0
0
0
0
3980
3937
0
0
0
0
0
0
3940
3951
0
0
0
0
0
0
3928
3995
0
0
0
0
0
0
3954
4061
0
0
0
0
0
0
4007
38
0
0
0
0
0
0
4081
104
0
0
0
0
0
0
60
148
0
0
0
0
0
0
126
162
0
0
0
0
0
0
163
140
0
0
0
0
0
0
169
90
0
0
0
0
0
0
137
18
0
0
0
0
0
0
74
4035
0
0
0
0
0
0
4092
3969
0
0
0
0
0
0
4012
3927
0
0
0
0
0
0
3948
3921
0
0
0
0
0
0
3913
3948
0
0
0
0
0
0
3916
4008
0
0
0
0
0
0
3955
4085
0
0
0
0
0
0
4023
70
0
0
0
0
0
0
14
137
0
0
0
0
0
0
97
176
0
0
0
0
0
0
159
177
0
0
0
0
0
0
189
140
0
0
0
0
0
0
180
74
0
0
0
0
0
0
131
4085
0
0
0
0
0
0
53
4001
0
0
0
0
0
0
4058
3934
0
0
0
0
0
0
3974
3902
0
0
0
0
0
0
3915
3909
0
0
0
0
0
0
3888
3953
0
0
0
0
0
0
3908
4028
0
0
0
0
0
0
3964
21
0
0
0
0
0
0
4049
107
0
0
0
0
0
0
48
170
0
0
0
0
0
0
134
200
0
0
0
0
0
0
192
186
0
0
0
0
0
0
211
133
0
0
0
0
0
0
184
49
0
0
0
0
0
0
117
4050
0
0
0
0
0
0
24
3963
0
0
0
0
0
0
4021
3902
0
0
0
0
0
0
3935
3879
0
0
0
0
0
0
3881
3903
0
0
0
0
0
0
3871
3966
0
0
0
0
0
0
3908
4057
0
0
0
0
0
0
3984
59
0
0
0
0
0
0
4083
148
0
0
0
0
0
0
91
205
0
0
0
0
0
0
176
220
0
0
0
0
0
0
224
187
0
0
0
0
0
0
226
116
0
0
0
0
0
0
178
17
0
0
0
0
0
0
94
4010
0
0
0
0
0
0
4084
3924
0
0
0
0
0
0
3979
3871
0
0
0
0
0
0
3895
3865
0
0
0
0
0
0
3852
3904
0
0
0
0
0
0
3859
3988
0
0
0
0
0
0
3917
4092
0
0
0
0
0
0
4011
103
0
0
0
0
0
0
26
186
0
0
0
0
0
0
135
235
0
0
0
0
0
0
215
231
0
0
0
0
0
0
250
180
0
0
0
0
0
0
231
88
0
0
0
0
0
0
164
4072
0
0
0
0
0
0
60
3964
0
0
0
0
0
0
4040
3883
0
0
0
0
0
0
3931
3843
0
0
0
0
0
0
3856
3856
0
0
0
0
0
0
3829
3919
0
0
0
0
0
0
3858
4018
0
0
0
0
0
0
3935
37
0
0
0
0
0
0
4046
148
0
0
0
0
0
0
73
226
0
0
0
0
0
0
182
257
0
0
0
0
0
0
252
235
0
0
0
0
0
0
270
162
0
0
0
0
0
0
230
53
0
0
0
0
0
0
141
4028
0
0
0
0
0
0
21
3918
0
0
0
0
0
0
3991
3845
0
0
0
0
0
0
3884
3823
0
0
0
0
0
0
3821
3857
0
0
0
0
0
0
3813
3940
0
0
0
0
0
0
3864
4056
0
0
0
0
0
0
3964
87
0
0
0
0
0
0
4091
195
0
0
0
0
0
0
124
262
0
0
0
0
0
0
230
275
0
0
0
0
0
0
285
230
0
0
0
0
0
0
280
134
0
0
0
0
0
0
218
10
0
0
0
0
0
0
107
3979
0
0
0
0
0
0
4071
3874
0
0
0
0
0
0
3938
3812
0
0
0
0
0
0
3838
3810
0
0
0
0
0
0
3791
3867
0
0
0
0
0
0
3807
3970
0
0
0
0
0
0
3882
7
0
0
0
0
0
0
4001
138
0
0
0
0
0
0
47
240
0
0
0
0
0
0
178
291
0
0
0
0
0
0
272
284
0
0
0
0
0
0
310
214
0
0
0
0
0
0
282
99
0
0
0
0
0
0
194
4057
0
0
0
0
0
0
65
3926
0
0
0
0
0
0
4015
3829
0
0
0
0
0
0
3884
3786
0
0
0
0
0
0
3796
3807
0
0
0
0
0
0
3771
3888
0
0
0
0
0
0
3812
4013
0
0
0
0
0
0
3911
59
0
0
0
0
0
0
4049
190
0
0
0
0
0
0
103
281
0
0
0
0
0
0
230
314
0
0
0
0
0
0
310
281
0
0
0
0
0
0
326
187
0
0
0
0
0
0
271
54
0
0
0
0
0
0
162
4004
0
0
0
0
0
0
14
3874
0
0
0
0
0
0
3958
3791
0
0
0
0
0
0
3834
3768
0
0
0
0
0
0
3760
3813
0
0
0
0
0
0
3760
3919
0
0
0
0
0
0
3827
4061
0
0
0
0
0
0
3951
116
0
0
0
0
0
0
8
241
0
0
0
0
0
0
160
316
0
0
0
0
0
0
281
327
0
0
0
0
0
0
342
268
0
0
0
0
0
0
332
150
0
0
0
0
0
0
250
0
0
0
0
0
0
0
115
3945
0
0
0
0
0
0
4053
3824
0
0
0
0
0
0
3899
3759
0
0
0
0
0
0
3786
3761
0
0
0
0
0
0
3737
3835
0
0
0
0
0
0
3760
3962
0
0
0
0
0
0
3854
21
0
0
0
0
0
0
4000
174
0
0
0
0
0
0
69
289
0
0
0
0
0
0
220
345
0
0
0
0
0
0
326
329
0
0
0
0
0
0
364
242
0
0
0
0
0
0
324
103
0
0
0
0
0
0
217
4039
0
0
0
0
0
0
61
3887
0
0
0
0
0
0
3988
3778
0
0
0
0
0
0
3840
3734
0
0
0
0
0
0
3744
3766
0
0
0
0
0
0
3719
3865
0
0
0
0
0
0
3774
4014
0
0
0
0
0
0
3894
82
0
0
0
0
0
0
4056
231
0
0
0
0
0
0
133
332
0
0
0
0
0
0
276
365
0
0
0
0
0
0
364
318
0
0
0
0
0
0
374
205
0
0
0
0
0
0
305
48
0
0
0
0
0
0
172
3976
0
0
0
0
0
0
0
3829
0
0
0
0
0
0
3923
3738
0
0
0
0
0
0
3785
3722
0
0
0
0
0
0
3710
3782
0
0
0
0
0
0
3714
3907
0
0
0
0
0
0
3798
4073
0
0
0
0
0
0
3944
147
0
0
0
0
0
0
25
286
0
0
0
0
0
0
199
367
0
0
0
0
0
0
330
370
0
0
0
0
0
0
393
295
0
0
0
0
0
0
372
159
0
0
0
0
0
0
274
4082
0
0
0
0
0
0
116
3910
0
0
0
0
0
0
4029
3777
0
0
0
0
0
0
3858
3711
0
0
0
0
0
0
3737
3722
0
0
0
0
0
0
3687
3811
0
0
0
0
0
0
3723
3959
0
0
0
0
0
0
3837
41
0
0
0
0
0
0
4003
210
0
0
0
0
0
0
94
334
0
0
0
0
0
0
261
390
0
0
0
0
0
0
374
363
0
0
0
0
0
0
409
260
0
0
0
0
0
0
357
101
0
0
0
0
0
0
229
4014
0
0
0
0
0
0
53
3848
0
0
0
0
0
0
3960
3734
0
0
0
0
0
0
3797
3692
0
0
0
0
0
0
3696
3734
0
0
0
0
0
0
3677
3851
0
0
0
0
0
0
3745
4019
0
0
0
0
0
0
3886
108
0
0
0
0
0
0
4068
269
0
0
0
0
0
0
163
375
0
0
0
0
0
0
319
402
0
0
0
0
0
0
409
345
0
0
0
0
0
0
411
214
0
0
0
0
0
0
327
37
0
0
0
0
0
0
175
3947
0
0
0
0
0
0
4080
3791
0
0
0
0
0
0
3892
3697
0
0
0
0
0
0
3743
3687
0
0
0
0
0
0
3667
3759
0
0
0
0
0
0
3681
3901
0
0
0
0
0
0
3779
4085
0
0
0
0
0
0
3945
176
0
0
0
0
0
0
45
325
0
0
0
0
0
0
232
407
0
0
0
0
0
0
370
401
0
0
0
0
0
0
431
313
0
0
0
0
0
0
401
158
0
0
0
0
0
0
287
4064
0
0
0
0
0
0
110
3879
0
0
0
0
0
0
4007
3740
0
0
0
0
0
0
3825
3674
0
0
0
0
0
0
3696
3693
0
0
0
0
0
0
3652
3798
0
0
0
0
0
0
3698
3963
0
0
0
0
0
0
3827
61
0
0
0
0
0
0
4011
241
0
0
0
0
0
0
117
372
0
0
0
0
0
0
295
423
0
0
0
0
0
0
412
388
0
0
0
0
0
0
441
269
0
0
0
0
0
0
376
93
0
0
0
0
0
0
233
3993
0
0
0
0
0
0
41
3818
0
0
0
0
0
0
3933
3698
0
0
0
0
0
0
3764
3661
0
0
0
0
0
0
3661
3715
0
0
0
0
0
0
3648
3847
0
0
0
0
0
0
3729
4031
0
0
0
0
0
0
3885
132
0
0
0
0
0
0
4085
302
0
0
0
0
0
0
191
408
0
0
0
0
0
0
353
429
0
0
0
0
0
0
440
359
0
0
0
0
0
0
435
214
0
0
0
0
0
0
339
23
0
0
0
0
0
0
170
3922
0
0
0
0
0
0
4061
3761
0
0
0
0
0
0
3860
3667
0
0
0
0
0
0
3711
3663
0
0
0
0
0
0
3638
3750
0
0
0
0
0
0
3661
3906
0
0
0
0
0
0
3773
8
0
0
0
0
0
0
3952
202
0
0
0
0
0
0
65
356
0
0
0
0
0
0
262
433
0
0
0
0
0
0
399
420
0
0
0
0
0
0
456
318
0
0
0
0
0
0
417
151
0
0
0
0
0
0
289
4046
0
0
0
0
0
0
100
3856
0
0
0
0
0
0
3985
3712
0
0
0
0
0
0
3797
3649
0
0
0
0
0
0
3668
3678
0
0
0
0
0
0
3630
3796
0
0
0
0
0
0
3685
3973
0
0
0
0
0
0
3828
81
0
0
0
0
0
0
4028
269
0
0
0
0
0
0
142
398
0
0
0
0
0
0
323
445
0
0
0
0
0
0
437
397
0
0
0
0
0
0
459
267
0
0
0
0
0
0
384
80
0
0
0
0
0
0
228
3972
0
0
0
0
0
0
24
3792
0
0
0
0
0
0
3909
3675
0
0
0
0
0
0
3737
3644
0
0
0
0
0
0
3638
3707
0
0
0
0
0
0
3635
3851
0
0
0
0
0
0
3727
4046
0
0
0
0
0
0
3895
155
0
0
0
0
0
0
8
325
0
0
0
0
0
0
215
429
0
0
0
0
0
0
377
442
0
0
0
0
0
0
458
360
0
0
0
0
0
0
444
205
0
0
0
0
0
0
338
6
0
0
0
0
0
0
158
3900
0
0
0
0
0
0
4042
3738
0
0
0
0
0
0
3839
3650
0
0
0
0
0
0
3689
3656
0
0
0
0
0
0
3624
3751
0
0
0
0
0
0
3655
3917
0
0
0
0
0
0
3779
25
0
0
0
0
0
0
3968
224
0
0
0
0
0
0
86
374
0
0
0
0
0
0
282
445
0
0
0
0
0
0
418
424
0
0
0
0
0
0
468
313
0
0
0
0
0
0
417
137
0
0
0
0
0
0
278
4027
0
0
0
0
0
0
84
3834
0
0
0
0
0
0
3965
3697
0
0
0
0
0
0
3778
3640
0
0
0
0
0
0
3654
3679
0
0
0
0
0
0
3624
3805
0
0
0
0
0
0
3691
3989
0
0
0
0
0
0
3841
100
0
0
0
0
0
0
4045
285
0
0
0
0
0
0
161
409
0
0
0
0
0
0
339
449
0
0
0
0
0
0
448
394
0
0
0
0
0
0
459
254
0
0
0
0
0
0
375
64
0
0
0
0
0
0
214
3954
0
0
0
0
0
0
5
3775
0
0
0
0
0
0
3890
3665
0
0
0
0
0
0
3724
3645
0
0
0
0
0
0
3633
3717
0
0
0
0
0
0
3638
3866
0
0
0
0
0
0
3735
4063
0
0
0
0
0
0
3911
172
0
0
0
0
0
0
28
338
0
0
0
0
0
0
232
433
0
0
0
0
0
0
387
438
0
0
0
0
0
0
462
350
0
0
0
0
0
0
437
189
0
0
0
0
0
0
323
4083
0
0
0
0
0
0
140
3883
0
0
0
0
0
0
4023
3728
0
0
0
0
0
0
3823
3649
0
0
0
0
0
0
3682
3662
0
0
0
0
0
0
3625
3765
0
0
0
0
0
0
3667
3936
0
0
0
0
0
0
3796
43
0
0
0
0
0
0
3985
235
0
0
0
0
0
0
103
379
0
0
0
0
0
0
293
443
0
0
0
0
0
0
421
412
0
0
0
0
0
0
461
296
0
0
0
0
0
0
405
118
0
0
0
0
0
0
260
4010
0
0
0
0
0
0
64
3824
0
0
0
0
0
0
3949
3694
0
0
0
0
0
0
3768
3646
0
0
0
0
0
0
3653
3693
0
0
0
0
0
0
3633
3823
0
0
0
0
0
0
3707
4008
0
0
0
0
0
0
3861
113
0
0
0
0
0
0
4062
292
0
0
0
0
0
0
175
408
0
0
0
0
0
0
346
439
0
0
0
0
0
0
444
377
0
0
0
0
0
0
446
234
0
0
0
0
0
0
354
43
0
0
0
0
0
0
191
3940
0
0
0
0
0
0
4083
3772
0
0
0
0
0
0
3880
3671
0
0
0
0
0
0
3723
3660
0
0
0
0
0
0
3643
3738
0
0
0
0
0
0
3654
3889
0
0
0
0
0
0
3760
4084
0
0
0
0
0
0
3934
183
0
0
0
0
0
0
44
339
0
0
0
0
0
0
239
423
0
0
0
0
0
0
384
419
0
0
0
0
0
0
448
328
0
0
0
0
0
0
417
167
0
0
0
0
0
0
300
4068
0
0
0
0
0
0
117
3877
0
0
0
0
0
0
4008
3734
0
0
0
0
0
0
3820
3663
0
0
0
0
0
0
3689
3684
0
0
0
0
0
0
3644
3792
0
0
0
0
0
0
3690
3957
0
0
0
0
0
0
3822
57
0
0
0
0
0
0
4007
240
0
0
0
0
0
0
115
372
0
0
0
0
0
0
295
425
0
0
0
0
0
0
409
389
0
0
0
0
0
0
439
270
0
0
0
0
0
0
376
96
0
0
0
0
0
0
233
3997
0
0
0
0
0
0
43
3824
0
0
0
0
0
0
3938
3707
0
0
0
0
0
0
3772
3670
0
0
0
0
0
0
3672
3722
0
0
0
0
0
0
3659
3850
0
0
0
0
0
0
3737
4030
0
0
0
0
0
0
3888
125
0
0
0
0
0
0
4083
290
0
0
0
0
0
0
182
393
0
0
0
0
0
0
335
411
0
0
0
0
0
0
420
345
0
0
0
0
0
0
415
206
0
0
0
0
0
0
325
26
0
0
0
0
0
0
166
3934
0
0
0
0
0
0
4067
3781
0
0
0
0
0
0
3878
3691
0
0
0
0
0
0
3735
3688
0
0
0
0
0
0
3667
3769
0
0
0
0
0
0
3689
3916
0
0
0
0
0
0
3792
4
0
0
0
0
0
0
3959
185
0
0
0
0
0
0
57
326
0
0
0
0
0
0
238
400
0
0
0
0
0
0
369
389
0
0
0
0
0
0
418
295
0
0
0
0
0
0
383
140
0
0
0
0
0
0
264
4053
0
0
0
0
0
0
94
3878
0
0
0
0
0
0
3998
3749
0
0
0
0
0
0
3826
3692
0
0
0
0
0
0
3713
3720
0
0
0
0
0
0
3676
3824
0
0
0
0
0
0
3727
3982
0
0
0
0
0
0
3855
69
0
0
0
0
0
0
4031
235
0
0
0
0
0
0
123
352
0
0
0
0
0
0
284
393
0
0
0
0
0
0
384
353
0
0
0
0
0
0
402
237
0
0
0
0
0
0
337
74
0
0
0
0
0
0
200
3990
0
0
0
0
0
0
24
3833
0
0
0
0
0
0
3936
3730
0
0
0
0
0
0
3786
3704
0
0
0
0
0
0
3701
3758
0
0
0
0
0
0
3698
3883
0
0
0
0
0
0
3778
4049
0
0
0
0
0
0
3920
128
0
0
0
0
0
0
2
274
0
0
0
0
0
0
180
363
0
0
0
0
0
0
318
374
0
0
0
0
0
0
388
307
0
0
0
0
0
0
375
176
0
0
0
0
0
0
285
8
0
0
0
0
0
0
136
3935
0
0
0
0
0
0
4053
3799
0
0
0
0
0
0
3884
3726
0
0
0
0
0
0
3760
3730
0
0
0
0
0
0
3706
3808
0
0
0
0
0
0
3732
3946
0
0
0
0
0
0
3832
16
0
0
0
0
0
0
3987
179
0
0
0
0
0
0
67
303
0
0
0
0
0
0
227
362
0
0
0
0
0
0
336
343
0
0
0
0
0
0
376
255
0
0
0
0
0
0
337
113
0
0
0
0
0
0
226
4042
0
0
0
0
0
0
68
3887
0
0
0
0
0
0
3992
3778
0
0
0
0
0
0
3843
3734
0
0
0
0
0
0
3746
3764
0
0
0
0
0
0
3721
3863
0
0
0
0
0
0
3774
4008
0
0
0
0
0
0
3893
74
0
0
0
0
0
0
4052
218
0
0
0
0
0
0
122
317
0
0
0
0
0
0
260
348
0
0
0
0
0
0
345
306
0
0
0
0
0
0
355
199
0
0
0
0
0
0
290
51
0
0
0
0
0
0
166
3989
0
0
0
0
0
0
8
3853
0
0
0
0
0
0
3942
3769
0
0
0
0
0
0
3815
3752
0
0
0
0
0
0
3744
3805
0
0
0
0
0
0
3748
3920
0
0
0
0
0
0
3824
4068
0
0
0
0
0
0
3954
125
0
0
0
0
0
0
17
251
0
0
0
0
0
0
169
321
0
0
0
0
0
0
285
325
0
0
0
0
0
0
340
259
0
0
0
0
0
0
323
141
0
0
0
0
0
0
239
4089
0
0
0
0
0
0
104
3942
0
0
0
0
0
0
4045
3829
0
0
0
0
0
0
3901
3772
0
0
0
0
0
0
3797
3779
0
0
0
0
0
0
3755
3854
0
0
0
0
0
0
3784
3977
0
0
0
0
0
0
3878
27
0
0
0
0
0
0
4014
166
0
0
0
0
0
0
70
269
0
0
0
0
0
0
206
313
0
0
0
0
0
0
297
293
0
0
0
0
0
0
323
210
0
0
0
0
0
0
284
84
0
0
0
0
0
0
184
4037
0
0
0
0
0
0
47
3908
0
0
0
0
0
0
3996
3817
0
0
0
0
0
0
3870
3785
0
0
0
0
0
0
3791
3816
0
0
0
0
0
0
3776
3906
0
0
0
0
0
0
3827
4032
0
0
0
0
0
0
3932
74
0
0
0
0
0
0
4070
196
0
0
0
0
0
0
115
276
0
0
0
0
0
0
231
296
0
0
0
0
0
0
297
255
0
0
0
0
0
0
300
159
0
0
0
0
0
0
239
32
0
0
0
0
0
0
129
3993
0
0
0
0
0
0
4089
3882
0
0
0
0
0
0
3955
3815
0
0
0
0
0
0
3850
3806
0
0
0
0
0
0
3798
3856
0
0
0
0
0
0
3805
3956
0
0
0
0
0
0
3873
4083
0
0
0
0
0
0
3986
115
0
0
0
0
0
0
25
217
0
0
0
0
0
0
151
272
0
0
0
0
0
0
244
270
0
0
0
0
0
0
286
210
0
0
0
0
0
0
267
109
0
0
0
0
0
0
192
4080
0
0
0
0
0
0
77
3959
0
0
0
0
0
0
4043
3867
0
0
0
0
0
0
3925
3824
0
0
0
0
0
0
3842
3836
0
0
0
0
0
0
3813
3902
0
0
0
0
0
0
3842
4007
0
0
0
0
0
0
3923
32
0
0
0
0
0
0
4039
146
0
0
0
0
0
0
68
227
0
0
0
0
0
0
177
259
0
0
0
0
0
0
247
237
0
0
0
0
0
0
266
164
0
0
0
0
0
0
227
58
0
0
0
0
0
0
141
4038
0
0
0
0
0
0
27
3932
0
0
0
0
0
0
4004
3864
0
0
0
0
0
0
3904
3840
0
0
0
0
0
0
3843
3871
0
0
0
0
0
0
3836
3947
0
0
0
0
0
0
3881
4053
0
0
0
0
0
0
3972
70
0
0
0
0
0
0
4084
166
0
0
0
0
0
0
101
225
0
0
0
0
0
0
190
238
0
0
0
0
0
0
241
200
0
0
0
0
0
0
239
120
0
0
0
0
0
0
186
16
0
0
0
0
0
0
95
4004
0
0
0
0
0
0
4081
3917
0
0
0
0
0
0
3974
3867
0
0
0
0
0
0
3892
3864
0
0
0
0
0
0
3855
3910
0
0
0
0
0
0
3867
3991
0
0
0
0
0
0
3923
4093
0
0
0
0
0
0
4016
99
0
0
0
0
0
0
27
177
0
0
0
0
0
0
127
218
0
0
0
0
0
0
198
212
0
0
0
0
0
0
227
161
0
0
0
0
0
0
208
78
0
0
0
0
0
0
144
4075
0
0
0
0
0
0
52
3980
0
0
0
0
0
0
4045
3911
0
0
0
0
0
0
3954
3880
0
0
0
0
0
0
3893
3894
0
0
0
0
0
0
3874
3949
0
0
0
0
0
0
3900
4033
0
0
0
0
0
0
3966
32
0
0
0
0
0
0
4059
119
0
0
0
0
0
0
59
180
0
0
0
0
0
0
143
202
0
0
0
0
0
0
195
180
0
0
0
0
0
0
206
123
0
0
0
0
0
0
173
40
0
0
0
0
0
0
103
4044
0
0
0
0
0
0
13
3963
0
0
0
0
0
0
4016
3913
0
0
0
0
0
0
3941
3899
0
0
0
0
0
0
3898
3925
0
0
0
0
0
0
3898
3989
0
0
0
0
0
0
3936
4069
0
0
0
0
0
0
4006
59
0
0
0
0
0
0
4094
132
0
0
0
0
0
0
82
173
0
0
0
0
0
0
150
180
0
0
0
0
0
0
184
147
0
0
0
0
0
0
179
86
0
0
0
0
0
0
136
5
0
0
0
0
0
0
66
4021
0
0
0
0
0
0
4077
3956
0
0
0
0
0
0
3998
3922
0
0
0
0
0
0
3940
3923
0
0
0
0
0
0
3914
3959
0
0
0
0
0
0
3925
4023
0
0
0
0
0
0
3971
4
0
0
0
0
0
0
4042
78
0
0
0
0
0
0
27
135
0
0
0
0
0
0
99
162
0
0
0
0
0
0
149
155
0
0
0
0
0
0
167
114
0
0
0
0
0
0
150
51
0
0
0
0
0
0
100
4073
0
0
0
0
0
0
31
4006
0
0
0
0
0
0
4053
3957
0
0
0
0
0
0
3985
3935
0
0
0
0
0
0
3942
3949
0
0
0
0
0
0
3933
3992
0
0
0
0
0
0
3956
4055
0
0
0
0
0
0
4005
29
0
0
0
0
0
0
4073
90
0
0
0
0
0
0
49
133
0
0
0
0
0
0
107
145
0
0
0
0
0
0
142
126
0
0
0
0
0
0
147
83
0
0
0
0
0
0
119
22
0
0
0
0
0
0
68
4052
0
0
0
0
0
0
3
3996
0
0
0
0
0
0
4034
3962
0
0
0
0
0
0
3982
3955
0
0
0
0
0
0
3953
3977
0
0
0
0
0
0
3956
4023
0
0
0
0
0
0
3985
4081
0
0
0
0
0
0
4036
45
0
0
0
0
0
0
2
95
0
0
0
0
0
0
62
123
0
0
0
0
0
0
107
124
0
0
0
0
0
0
129
99
0
0
0
0
0
0
123
54
0
0
0
0
0
0
90
4093
0
0
0
0
0
0
40
4039
0
0
0
0
0
0
4078
3996
0
0
0
0
0
0
4023
3973
0
0
0
0
0
0
3984
3977
0
0
0
0
0
0
3970
4006
0
0
0
0
0
0
3981
4050
0
0
0
0
0
0
4014
6
0
0
0
0
0
0
4062
55
0
0
0
0
0
0
20
93
0
0
0
0
0
0
68
109
0
0
0
0
0
0
101
102
0
0
0
0
0
0
111
73
0
0
0
0
0
0
98
30
0
0
0
0
0
0
63
4076
0
0
0
0
0
0
16
4031
0
0
0
0
0
0
4062
3999
0
0
0
0
0
0
4019
3989
0
0
0
0
0
0
3992
3999
0
0
0
0
0
0
3987
4028
0
0
0
0
0
0
4004
4070
0
0
0
0
0
0
4038
21
0
0
0
0
0
0
4084
61
0
0
0
0
0
0
33
87
0
0
0
0
0
0
71
94
0
0
0
0
0
0
93
81
0
0
0
0
0
0
93
50
0
0
0
0
0
0
74
9
0
0
0
0
0
0
40
4064
0
0
0
0
0
0
4095
4030
0
0
0
0
0
0
4053
4009
0
0
0
0
0
0
4020
4006
0
0
0
0
0
0
4004
4020
0
0
0
0
0
0
4007
4052
0
0
0
0
0
0
4027
4089
0
0
0
0
0
0
4060
30
0
0
0
0
0
0
4
62
0
0
0
0
0
0
41
77
0
0
0
0
0
0
67
75
0
0
0
0
0
0
78
59
0
0
0
0
0
0
73
29
0
0
0
0
0
0
51
4090
0
0
0
0
0
0
21
4058
0
0
0
0
0
0
4080
4031
0
0
0
0
0
0
4049
4021
0
0
0
0
0
0
4027
4024
0
0
0
0
0
0
4017
4040
0
0
0
0
0
0
4025
4068
0
0
0
0
0
0
4047
4
0
0
0
0
0
0
4077
33
0
0
0
0
0
0
13
55
0
0
0
0
0
0
42
64
0
0
0
0
0
0
60
59
0
0
0
0
0
0
65
40
0
0
0
0
0
0
56
15
0
0
0
0
0
0
35
4082
0
0
0
0
0
0
7
4058
0
0
0
0
0
0
4074
4039
0
0
0
0
0
0
4048
4033
0
0
0
0
0
0
4034
4040
0
0
0
0
0
0
4033
4059
0
0
0
0
0
0
4044
4083
0
0
0
0
0
0
4064
12
0
0
0
0
0
0
4089
34
0
0
0
0
0
0
18
47
0
0
0
0
0
0
39
50
0
0
0
0
0
0
51
43
0
0
0
0
0
0
49
24
0
0
0
0
0
0
40
4
0
0
0
0
0
0
20
4077
0
0
0
0
0
0
4092
4059
0
0
0
0
0
0
4070
4048
0
0
0
0
0
0
4055
4047
0
0
0
0
0
0
4045
4054
0
0
0
0
0
0
4049
4073
0
0
0
0
0
0
4059
4092
0
0
0
0
0
0
4077
16
0
0
0
0
0
0
1
30
0
0
0
0
0
0
21
38
0
0
0
0
0
0
35
39
0
0
0
0
0
0
39
29
0
0
0
0
0
0
35
13
0
0
0
0
0
0
26
4091
0
0
0
0
0
0
9
4075
0
0
0
0
0
0
4087
4063
0
0
0
0
0
0
4071
4057
0
0
0
0
0
0
4060
4059
0
0
0
0
0
0
4058
4068
0
0
0
0
0
0
4062
4083
0
0
0
0
0
0
4073
2
0
0
0
0
0
0
4087
16
0
0
0
0
0
0
6
26
0
0
0
0
0
0
18
29
0
0
0
0
0
0
26
25
0
0
0
0
0
0
27
17
0
0
0
0
0
0
25
5
0
0
0
0
0
0
14
4088
0
0
0
0
0
0
2
4076
0
0
0
0
0
0
4083
4068
0
0
0
0
0
0
4074
4067
0
0
0
0
0
0
4068
4071
0
0
0
0
0
0
4067
4079
0
0
0
0
0
0
4073
4090
0
0
0
0
0
0
4081
4
0
0
0
0
0
0
4091
13
0
0
0
0
0
0
6
19
0
0
0
0
0
0
15
20
0
0
0
0
0
0
20
15
0
0
0
0
0
0
18
9
0
0
0
0
0
0
12
0
0
0
0
0
0
0
6
4087
0
0
0
0
0
0
4093
4080
0
0
0
0
0
0
4085
4076
0
0
0
0
0
0
4079
4077
0
0
0
0
0
0
4077
4080
0
0
0
0
0
0
4077
4085
0
0
0
0
0
0
4081
4093
0
0
0
0
0
0
4088
4
0
0
0
0
0
0
4095
10
0
0
0
0
0
0
5
12
0
0
0
0
0
0
9
11
0
0
0
0
0
0
11
9
0
0
0
0
0
0
10
2
0
0
0
0
0
0
6
4092
0
0
0
0
0
0
2
4088
0
0
0
0
0
0
4090
4084
0
0
0
0
0
0
4087
4082
0
0
0
0
0
0
4083
4084
0
0
0
0
0
0
4082
4087
0
0
0
0
0
0
4085
4091
0
0
0
0
0
0
4087
4095
0
0
0
0
0
0
4091
2
0
0
0
0
0
0
4095
5
0
0
0
0
0
0
2
5
0
0
0
0
0
0
6
5
0
0
0
0
0
0
5
2
0
0
0
0
0
0
5
0
0
0
0
0
0
0
1
4092
0
0
0
0
0
0
4094
4089
0
0
0
0
0
0
4091
4087
0
0
0
0
0
0
4088
4087
0
0
0
0
0
0
4087
4087
0
0
0
0
0
0
4088
4090
0
0
0
0
0
0
4089
4093
0
0
0
0
0
0
4090
4094
0
0
0
0
0
0
4093
0
0
0
0
0
0
0
4095
1
0
0
0
0
0
0
4095
0
0
0
0
0
0
0
1
1
0
0
0
0
0
0
1
4095
0
0
0
0
0
0
0
4094
0
0
0
0
0
0
4095
4092
0
0
0
0
0
0
4094
4093
0
0
0
0
0
0
4093
4092
0
0
0
0
0
0
4092
4090
0
0
0
0
0
0
4092
4091
0
0
0
0
0
0
4091
4092
0
0
0
0
0
0
4092
4094
0
0
0
0
0
0
4092
4093
0
0
0
0
0
0
4092
4094
0
0
0
0
0
0
4094
4094
0
0
0
0
0
0
4094
4095
0
0
0
0
0
0
4094
4094
0
0
0
0
0
0
4094
4094
0
0
0
0
0
0
4094
4093
0
0
0
0
0
0
4093
4093
0
0
0
0
0
0
4093
4093
0
0
0
0
0
0
4093
4093
0
0
0
0
0
0
4093
4094
0
0
0
0
0
0
4094
4094
0
0
0
0
0
0
4093
4094
0
0
0
0
0
0
4093
4095
0
0
0
0
0
0
4094
4095
0
0
0
0
0
0
4095
4095
0
0
0
0
0
0
4095
4095
0
0
0
0
0
0
4094
4095
0
0
0
0
0
0
0
0
0
0
0
0
0
0
0
0
0
0
0
0
0
0
0
0
0
0
0
0
0
0
0
4095
0
0
0
0
0
0
0
4095
0
0
0
0
0
0
4095
4095
0
0
0
0
0
0
4095
4095
0
0
0
0
0
0
4095
4095
0
0
0
0
0
0
4095
4095
0
0
0
0
0
0
4095
4095
0
0
0
0
0
0
4095
4095
0
0
0
0
0
0
4095
4095
0
0
0
0
0
0
4095
4095
0
0
0
0
0
0
4095
4095
0
0
0
0
0
0
4095
4095
0
0
0
0
0
0
4095
4095
0
0
0
0
0
0
4095
4095
0
0
0
0
0
0
4095
4095
0
0
0
0
0
0
4095
4095
0
0
0
0
0
0
4095
4095
0
0
0
0
0
0
4095
4095
0
0
0
0
0
0
4095
4095
0
0
0
0
0
0
4095
4095
0
0
0
0
0
0
4095
4095
0
0
0
0
0
0
4095
4095
0
0
0
0
0
0
4095
4095
0
0
0
0
0
0
4095
4095
0
0
0
0
0
0
4095
4095
0
0
0
0
0
0
4095
4095
0
0
0
0
0
0
4095
4095
0
0
0
0
0
0
4095
4095
0
0
0
0
0
0
4095
4095
0
0
0
0
0
0
4095
4095
0
0
0
0
0
0
4095
4095
0
0
0
0
0
0
4095
4095
0
0
0
0
0
0
4095
4095
0
0
0
0
0
0
4095
4095
0
0
0
0
0
0
4095
4095
0
0
0
0
0
0
4095
4095
0
0
0
0
0
0
4095
4095
0
0
0
0
0
0
4095
4095
0
0
0
0
0
0
4095
4095
0
0
0
0
0
0
4095
4095
0
0
0
0
0
0
4095
4095
0
0
0
0
0
0
4095
4095
0
0
0
0
0
0
4095
4095
0
0
0
0
0
0
4095
4095
0
0
0
0
0
0
4095
4095
0
0
0
0
0
0
4095
4095
0
0
0
0
0
0
4095
4095
0
0
0
0
0
0
4095
4095
0
0
0
0
0
0
4095
4095
0
0
0
0
0
0
4095
4095
0
0
0
0
0
0
4095
4095
0
0
0
0
0
0
4095
4095
0
0
0
0
0
0
4095
4095
0
0
0
0
0
0
4095
4095
0
0
0
0
0
0
4095
4095
0
0
0
0
0
0
4095
4095
0
0
0
0
0
0
4095
4095
0
0
0
0
0
0
4095
4095
0
0
0
0
0
0
4095
4095
0
0
0
0
0
0
4095
4095
0
0
0
0
0
0
4095
4095
0
0
0
0
0
0
4095
4095
0
0
0
0
0
0
4095
4095
0
0
0
0
0
0
4095
4095
0
0
0
0
0
0
4095
4095
0
0
0
0
0
0
4095
4095
0
0
0
0
0
0
4095
4095
0
0
0
0
0
0
4095
4095
0
0
0
0
0
0
4095
4095
0
0
0
0
0
0
4095
4095
0
0
0
0
0
0
4095
4095
0
0
0
0
0
0
4095
4095
0
0
0
0
0
0
4095
4095
0
0
0
0
0
0
4095
4095
0
0
0
0
0
0
4095
4095
0
0
0
0
0
0
4095
4095
0
0
0
0
0
0
4095
4095
0
0
0
0
0
0
4095
4095
0
0
0
0
0
0
4095
4095
0
0
0
0
0
0
4095
4095
0
0
0
0
0
0
4095
4095
0
0
0
0
0
0
4095
4095
0
0
0
0
0
0
4095
4095
0
0
0
0
0
0
4095
4095
0
0
0
0
0
0
4095
4095
0
0
0
0
0
0
4095
4095
0
0
0
0
0
0
4095
4095
0
0
0
0
0
0
4095
4095
0
0
0
0
0
0
4095
4095
0
0
0
0
0
0
4095
4095
0
0
0
0
0
0
4095
4095
0
0
0
0
0
0
4095
4095
0
0
0
0
0
0
4095
4095
0
0
0
0
0
0
4095
4095
0
0
0
0
0
0
4095
4095
0
0
0
0
0
0
4095
4095
0
0
0
0
0
0
4095
4095
0
0
0
0
0
0
4095
4095
0
0
0
0
0
0
4095
4095
0
0
0
0
0
0
4095
4095
0
0
0
0
0
0
4095
4095
0
0
0
0
0
0
4095
4095
0
0
0
0
0
0
4095
4095
0
0
0
0
0
0
4095
4095
0
0
0
0
0
0
4095
4095
0
0
0
0
0
0
4095
4095
0
0
0
0
0
0
4095
4095
0
0
0
0
0
0
4095
4095
0
0
0
0
0
0
4095
4095
0
0
0
0
0
0
4095
4095
0
0
0
0
0
0
4095
4095
0
0
0
0
0
0
4095
4095
0
0
0
0
0
0
4095
4095
0
0
0
0
0
0
4095
4095
0
0
0
0
0
0
4095
4095
0
0
0
0
0
0
4095
4095
0
0
0
0
0
0
4095
4095
0
0
0
0
0
0
4095
4095
0
0
0
0
0
0
4095
4095
0
0
0
0
0
0
4095
4095
0
0
0
0
0
0
4095
4095
0
0
0
0
0
0
4095
4095
0
0
0
0
0
0
4095
4095
0
0
0
0
0
0
4095
4095
0
0
0
0
0
0
4095
4095
0
0
0
0
0
0
4095
4095
0
0
0
0
0
0
4095
4095
0
0
0
0
0
0
4095
4095
0
0
0
0
0
0
4095
4095
0
0
0
0
0
0
4095
4095
0
0
0
0
0
0
4095
4095
0
0
0
0
0
0
4095
4095
0
0
0
0
0
0
4095
4095
0
0
0
0
0
0
4095
4095
0
0
0
0
0
0
4095
4095
0
0
0
0
0
0
4095
4095
0
0
0
0
0
0
4095
4095
0
0
0
0
0
0
4095
4095
0
0
0
0
0
0
4095
4095
0
0
0
0
0
0
4095
4095
0
0
0
0
0
0
4095
4095
0
0
0
0
0
0
4095
4095
0
0
0
0
0
0
4095
4095
0
0
0
0
0
0
4095
4095
0
0
0
0
0
0
4095
4095
0
0
0
0
0
0
4095
4095
0
0
0
0
0
0
4095
4095
0
0
0
0
0
0
4095
4095
0
0
0
0
0
0
4095
4095
0
0
0
0
0
0
4095
4095
0
0
0
0
0
0
4095
4095
0
0
0
0
0
0
4095
4095
0
0
0
0
0
0
4095
4095
0
0
0
0
0
0
4095
4095
0
0
0
0
0
0
4095
4095
0
0
0
0
0
0
4095
4095
0
0
0
0
0
0
4095
4095
0
0
0
0
0
0
4095
4095
0
0
0
0
0
0
4095
4095
0
0
0
0
0
0
4095
4095
0
0
0
0
0
0
4095
4095
0
0
0
0
0
0
4095
4095
0
0
0
0
0
0
4095
4095
0
0
0
0
0
0
4095
4095
0
0
0
0
0
0
4095
4095
0
0
0
0
0
0
4095
4095
0
0
0
0
0
0
4095
4095
0
0
0
0
0
0
4095
4095
0
0
0
0
0
0
4095
4095
0
0
0
0
0
0
4095
4095
0
0
0
0
0
0
4095
4095
0
0
0
0
0
0
4095
4095
0
0
0
0
0
0
4095
4095
0
0
0
0
0
0
4095
4095
0
0
0
0
0
0
4095
4095
0
0
0
0
0
0
4095
4095
0
0
0
0
0
0
4095
4095
0
0
0
0
0
0
4095
4095
0
0
0
0
0
0
4095
4095
0
0
0
0
0
0
4095
4095
0
0
0
0
0
0
4095
4095
0
0
0
0
0
0
4095
4095
0
0
0
0
0
0
4095
4095
0
0
0
0
0
0
4095
4095
0
0
0
0
0
0
4095
4095
0
0
0
0
0
0
4095
4095
0
0
0
0
0
0
4095
4095
0
0
0
0
0
0
4095
4095
0
0
0
0
0
0
4095
4095
0
0
0
0
0
0
4095
4095
0
0
0
0
0
0
4095
4095
0
0
0
0
0
0
4095
4095
0
0
0
0
0
0
4095
4095
0
0
0
0
0
0
4095
4095
0
0
0
0
0
0
4095
4095
0
0
0
0
0
0
4095
4095
0
0
0
0
0
0
4095
4095
0
0
0
0
0
0
4095
4095
0
0
0
0
0
0
4095
4095
0
0
0
0
0
0
4095
4095
0
0
0
0
0
0
4095
4095
0
0
0
0
0
0
4095
4095
0
0
0
0
0
0
4095
4095
0
0
0
0
0
0
4095
4095
0
0
0
0
0
0
4095
4095
0
0
0
0
0
0
4095
4095
0
0
0
0
0
0
4095
4095
0
0
0
0
0
0
4095
4095
0
0
0
0
0
0
4095
4095
0
0
0
0
0
0
4095
4095
0
0
0
0
0
0
4095
4095
0
0
0
0
0
0
4095
4095
0
0
0
0
0
0
4095
4095
0
0
0
0
0
0
4095
4095
0
0
0
0
0
0
4095
4095
0
0
0
0
0
0
4095
4095
0
0
0
0
0
0
4095
4095
0
0
0
0
0
0
4095
4095
0
0
0
0
0
0
4095
4095
0
0
0
0
0
0
4095
4095
0
0
0
0
0
0
4095
4095
0
0
0
0
0
0
4095
4095
0
0
0
0
0
0
4095
4095
0
0
0
0
0
0
4095
4095
0
0
0
0
0
0
4095
4095
0
0
0
0
0
0
4095
4095
0
0
0
0
0
0
4095
4095
0
0
0
0
0
0
4095
4095
0
0
0
0
0
0
4095
4095
0
0
0
0
0
0
4095
4095
0
0
0
0
0
0
4095
4095
0
0
0
0
0
0
4095
4095
0
0
0
0
0
0
4095
4095
0
0
0
0
0
0
4095
4095
0
0
0
0
0
0
4095
4095
0
0
0
0
0
0
4095
4095
0
0
0
0
0
0
4095
4095
0
0
0
0
0
0
4095
4095
0
0
0
0
0
0
4095
4095
0
0
0
0
0
0
4095
4095
0
0
0
0
0
0
4095
4095
0
0
0
0
0
0
4095
4095
0
0
0
0
0
0
4095
4095
0
0
0
0
0
0
4095
4095
0
0
0
0
0
0
4095
4095
0
0
0
0
0
0
4095
4095
0
0
0
0
0
0
4095
4095
0
0
0
0
0
0
4095
4095
0
0
0
0
0
0
4095
4095
0
0
0
0
0
0
4095
4095
0
0
0
0
0
0
4095
4095
0
0
0
0
0
0
4095
4095
0
0
0
0
0
0
4095
4095
0
0
0
0
0
0
4095
4095
0
0
0
0
0
0
4095
4095
0
0
0
0
0
0
4095
4095
0
0
0
0
0
0
4095
4095
0
0
0
0
0
0
4095
4095
0
0
0
0
0
0
4095
4095
0
0
0
0
0
0
4095
4095
0
0
0
0
0
0
4095
4095
0
0
0
0
0
0
4095
4095
0
0
0
0
0
0
4095
4095
0
0
0
0
0
0
4095
4095
0
0
0
0
0
0
4095
4095
0
0
0
0
0
0
4095
4095
0
0
0
0
0
0
4095
4095
0
0
0
0
0
0
4095
4095
0
0
0
0
0
0
4095
4095
0
0
0
0
0
0
4095
4095
0
0
0
0
0
0
4095
4095
0
0
0
0
0
0
4095
4095
0
0
0
0
0
0
4095
4095
0
0
0
0
0
0
4095
4095
0
0
0
0
0
0
4095
4095
0
0
0
0
0
0
4095
4095
0
0
0
0
0
0
4095
4095
0
0
0
0
0
0
4095
4095
0
0
0
0
0
0
4095
4095
0
0
0
0
0
0
4095
4095
0
0
0
0
0
0
4095
4095
0
0
0
0
0
0
4095
4095
0
0
0
0
0
0
4095
4095
0
0
0
0
0
0
4095
4095
0
0
0
0
0
0
4095
4095
0
0
0
0
0
0
4095
4095
0
0
0
0
0
0
4095
4095
0
0
0
0
0
0
4095
4095
0
0
0
0
0
0
4095
4095
0
0
0
0
0
0
4095
4095
0
0
0
0
0
0
4095
4095
0
0
0
0
0
0
4095
4095
0
0
0
0
0
0
4095
4095
0
0
0
0
0
0
4095
4095
0
0
0
0
0
0
4095
4095
0
0
0
0
0
0
4095
4095
0
0
0
0
0
0
4095
4095
0
0
0
0
0
0
4095
4095
0
0
0
0
0
0
4095
4095
0
0
0
0
0
0
4095
4095
0
0
0
0
0
0
4095
4095
0
0
0
0
0
0
4095
4095
0
0
0
0
0
0
4095
4095
0
0
0
0
0
0
4095
4095
0
0
0
0
0
0
4095
4095
0
0
0
0
0
0
4095
4095
0
0
0
0
0
0
4095
4095
0
0
0
0
0
0
4095
4095
0
0
0
0
0
0
4095
4095
0
0
0
0
0
0
4095
4095
0
0
0
0
0
0
4095
4095
0
0
0
0
0
0
4095
4095
0
0
0
0
0
0
4095
4095
0
0
0
0
0
0
4095
4095
0
0
0
0
0
0
4095
4095
0
0
0
0
0
0
4095
4095
0
0
0
0
0
0
4095
4095
0
0
0
0
0
0
4095
4095
0
0
0
0
0
0
4095
4095
0
0
0
0
0
0
4095
4095
0
0
0
0
0
0
4095
4095
0
0
0
0
0
0
4095
4095
0
0
0
0
0
0
4095
4095
0
0
0
0
0
0
4095
4095
0
0
0
0
0
0
4095
4095
0
0
0
0
0
0
4095
4095
0
0
0
0
0
0
4095
4095
0
0
0
0
0
0
4095
4095
0
0
0
0
0
0
4095
4095
0
0
0
0
0
0
4095
4095
0
0
0
0
0
0
4095
4095
0
0
0
0
0
0
4095
4095
0
0
0
0
0
0
4095
4095
0
0
0
0
0
0
4095
4095
0
0
0
0
0
0
4095
4095
0
0
0
0
0
0
4095
4095
0
0
0
0
0
0
4095
4095
0
0
0
0
0
0
4095
4095
0
0
0
0
0
0
4095
4095
0
0
0
0
0
0
4095
4095
0
0
0
0
0
0
4095
4095
0
0
0
0
0
0
4095
4095
0
0
0
0
0
0
4095
4095
0
0
0
0
0
0
4095
4095
0
0
0
0
0
0
4095
4095
0
0
0
0
0
0
4095
4095
0
0
0
0
0
0
4095
4095
0
0
0
0
0
0
4095
4095
0
0
0
0
0
0
4095
4095
0
0
0
0
0
0
4095
4095
0
0
0
0
0
0
4095
4095
0
0
0
0
0
0
4095
4095
0
0
0
0
0
0
4095
4095
0
0
0
0
0
0
4095
4095
0
0
0
0
0
0
4095
4095
0
0
0
0
0
0
4095
4095
0
0
0
0
0
0
4095
4095
0
0
0
0
0
0
4095
4095
0
0
0
0
0
0
4095
4095
0
0
0
0
0
0
4095
4095
0
0
0
0
0
0
4095
4095
0
0
0
0
0
0
4095
4095
0
0
0
0
0
0
4095
4095
0
0
0
0
0
0
4095
4095
0
0
0
0
0
0
4095
4095
0
0
0
0
0
0
4095
4095
0
0
0
0
0
0
4095
4095
0
0
0
0
0
0
4095
4095
0
0
0
0
0
0
4095
4095
0
0
0
0
0
0
4095
4095
0
0
0
0
0
0
4095
4095
0
0
0
0
0
0
4095
4095
0
0
0
0
0
0
4095
4095
0
0
0
0
0
0
4095
4095
0
0
0
0
0
0
4095
4095
0
0
0
0
0
0
4095
4095
0
0
0
0
0
0
4095
4095
0
0
0
0
0
0
4095
4095
0
0
0
0
0
0
4095
4095
0
0
0
0
0
0
4095
4095
0
0
0
0
0
0
4095
4095
0
0
0
0
0
0
4095
4095
0
0
0
0
0
0
4095
4095
0
0
0
0
0
0
4095
4095
0
0
0
0
0
0
4095
4095
0
0
0
0
0
0
4095
4095
0
0
0
0
0
0
4095
4095
0
0
0
0
0
0
4095
4095
0
0
0
0
0
0
4095
4095
0
0
0
0
0
0
4095
4095
0
0
0
0
0
0
4095
4095
0
0
0
0
0
0
4095
4095
0
0
0
0
0
0
4095
4095
0
0
0
0
0
0
4095
4095
0
0
0
0
0
0
4095
4095
0
0
0
0
0
0
4095
4095
0
0
0
0
0
0
4095
4095
0
0
0
0
0
0
4095
4095
0
0
0
0
0
0
4095
4095
0
0
0
0
0
0
4095
4095
0
0
0
0
0
0
4095
4095
0
0
0
0
0
0
4095
4095
0
0
0
0
0
0
4095
4095
0
0
0
0
0
0
4095
4095
0
0
0
0
0
0
4095
4095
0
0
0
0
0
0
4095
4095
0
0
0
0
0
0
4095
4095
0
0
0
0
0
0
4095
4095
0
0
0
0
0
0
4095
4095
0
0
0
0
0
0
4095
4095
0
0
0
0
0
0
4095
4095
0
0
0
0
0
0
4095
4095
0
0
0
0
0
0
4095
4095
0
0
0
0
0
0
4095
4095
0
0
0
0
0
0
4095
4095
0
0
0
0
0
0
4095
4095
0
0
0
0
0
0
4095
4095
0
0
0
0
0
0
4095
4095
0
0
0
0
0
0
4095
4095
0
0
0
0
0
0
4095
4095
0
0
0
0
0
0
4095
4095
0
0
0
0
0
0
4095
4095
0
0
0
0
0
0
4095
4095
0
0
0
0
0
0
4095
4095
0
0
0
0
0
0
4095
4095
0
0
0
0
0
0
4095
4095
0
0
0
0
0
0
4095
4095
0
0
0
0
0
0
4095
4095
0
0
0
0
0
0
4095
4095
0
0
0
0
0
0
4095
4095
0
0
0
0
0
0
4095
4095
0
0
0
0
0
0
4095
4095
0
0
0
0
0
0
4095
4095
0
0
0
0
0
0
4095
4095
0
0
0
0
0
0
4095
4095
0
0
0
0
0
0
4095
4095
0
0
0
0
0
0
4095
4095
0
0
0
0
0
0
4095
4095
0
0
0
0
0
0
4095
4095
0
0
0
0
0
0
4095
4095
0
0
0
0
0
0
4095
4095
0
0
0
0
0
0
4095
4095
0
0
0
0
0
0
4095
4095
0
0
0
0
0
0
4095
4095
0
0
0
0
0
0
4095
4095
0
0
0
0
0
0
4095
4095
0
0
0
0
0
0
4095
4095
0
0
0
0
0
0
4095
4095
0
0
0
0
0
0
4095
4095
0
0
0
0
0
0
4095
4095
0
0
0
0
0
0
4095
4095
0
0
0
0
0
0
4095
4095
0
0
0
0
0
0
4095
4095
0
0
0
0
0
0
4095
4095
0
0
0
0
0
0
4095
4095
0
0
0
0
0
0
4095
4095
0
0
0
0
0
0
4095
4095
0
0
0
0
0
0
4095
4095
0
0
0
0
0
0
4095
4095
0
0
0
0
0
0
4095
4095
0
0
0
0
0
0
4095
4095
0
0
0
0
0
0
4095
4095
0
0
0
0
0
0
4095
4095
0
0
0
0
0
0
4095
4095
0
0
0
0
0
0
4095
4095
0
0
0
0
0
0
4095
4095
0
0
0
0
0
0
4095
4095
0
0
0
0
0
0
4095
4095
0
0
0
0
0
0
4095
4095
0
0
0
0
0
0
4095
4095
0
0
0
0
0
0
4095
4095
0
0
0
0
0
0
4095
4095
0
0
0
0
0
0
4095
4095
0
0
0
0
0
0
4095
4095
0
0
0
0
0
0
4095
4095
0
0
0
0
0
0
4095
4095
0
0
0
0
0
0
4095
4095
0
0
0
0
0
0
4095
4095
0
0
0
0
0
0
4095
4095
0
0
0
0
0
0
4095
4095
0
0
0
0
0
0
4095
4095
0
0
0
0
0
0
4095
4095
0
0
0
0
0
0
4095
4095
0
0
0
0
0
0
4095
4095
0
0
0
0
0
0
4095
4095
0
0
0
0
0
0
4095
4095
0
0
0
0
0
0
4095
4095
0
0
0
0
0
0
4095
4095
0
0
0
0
0
0
4095
4095
0
0
0
0
0
0
4095
4095
0
0
0
0
0
0
4095
4095
0
0
0
0
0
0
4095
4095
0
0
0
0
0
0
4095
4095
0
0
0
0
0
0
4095
4095
0
0
0
0
0
0
4095
4095
0
0
0
0
0
0
4095
4095
0
0
0
0
0
0
4095
4095
0
0
0
0
0
0
4095
4095
0
0
0
0
0
0
4095
4095
0
0
0
0
0
0
4095
4095
0
0
0
0
0
0
4095
4095
0
0
0
0
0
0
4095
4095
0
0
0
0
0
0
4095
4095
0
0
0
0
0
0
4095
4095
0
0
0
0
0
0
4095
4095
0
0
0
0
0
0
4095
4095
0
0
0
0
0
0
4095
4095
0
0
0
0
0
0
4095
4095
0
0
0
0
0
0
4095
4095
0
0
0
0
0
0
4095
4095
0
0
0
0
0
0
4095
4095
0
0
0
0
0
0
4095
4095
0
0
0
0
0
0
4095
4095
0
0
0
0
0
0
4095
4095
0
0
0
0
0
0
4095
4095
0
0
0
0
0
0
4095
4095
0
0
0
0
0
0
4095
4095
0
0
0
0
0
0
4095
4095
0
0
0
0
0
0
4095
4095
0
0
0
0
0
0
4095
4095
0
0
0
0
0
0
4095
4095
0
0
0
0
0
0
4095
4095
0
0
0
0
0
0
4095
4095
0
0
0
0
0
0
4095
4095
0
0
0
0
0
0
4095
4095
0
0
0
0
0
0
4095
4095
0
0
0
0
0
0
4095
4095
0
0
0
0
0
0
4095
4095
0
0
0
0
0
0
4095
4095
0
0
0
0
0
0
4095
4095
0
0
0
0
0
0
4095
4095
0
0
0
0
0
0
4095
4095
0
0
0
0
0
0
4095
4095
0
0
0
0
0
0
4095
4095
0
0
0
0
0
0
4095
4095
0
0
0
0
0
0
4095
4095
0
0
0
0
0
0
4095
4095
0
0
0
0
0
0
4095
4095
0
0
0
0
0
0
4095
4095
0
0
0
0
0
0
4095
4095
0
0
0
0
0
0
4095
4095
0
0
0
0
0
0
4095
4095
0
0
0
0
0
0
4095
4095
0
0
0
0
0
0
4095
4095
0
0
0
0
0
0
4095
4095
0
0
0
0
0
0
4095
4095
0
0
0
0
0
0
4095
4095
0
0
0
0
0
0
4095
4095
0
0
0
0
0
0
4095
4095
0
0
0
0
0
0
4095
4095
0
0
0
0
0
0
4095
4095
0
0
0
0
0
0
4095
4095
0
0
0
0
0
0
4095
4095
0
0
0
0
0
0
4095
4095
0
0
0
0
0
0
4095
4095
0
0
0
0
0
0
4095
4095
0
0
0
0
0
0
4095
4095
0
0
0
0
0
0
4095
4095
0
0
0
0
0
0
4095
4095
0
0
0
0
0
0
4095
4095
0
0
0
0
0
0
4095
4095
0
0
0
0
0
0
4095
4095
0
0
0
0
0
0
4095
4095
0
0
0
0
0
0
4095
4095
0
0
0
0
0
0
4095
4095
0
0
0
0
0
0
4095
4095
0
0
0
0
0
0
4095
4095
0
0
0
0
0
0
4095
4095
0
0
0
0
0
0
4095
4095
0
0
0
0
0
0
4095
4095
0
0
0
0
0
0
4095
4095
0
0
0
0
0
0
4095
4095
0
0
0
0
0
0
4095
4095
0
0
0
0
0
0
4095
4095
0
0
0
0
0
0
4095
4095
0
0
0
0
0
0
4095
4095
0
0
0
0
0
0
4095
4095
0
0
0
0
0
0
4095
4095
0
0
0
0
0
0
4095
4095
0
0
0
0
0
0
4095
4095
0
0
0
0
0
0
4095
4095
0
0
0
0
0
0
4095
4095
0
0
0
0
0
0
4095
4095
0
0
0
0
0
0
4095
4095
0
0
0
0
0
0
4095
4095
0
0
0
0
0
0
4095
4095
0
0
0
0
0
0
4095
4095
0
0
0
0
0
0
4095
4095
0
0
0
0
0
0
4095
4095
0
0
0
0
0
0
4095
4095
0
0
0
0
0
0
4095
4095
0
0
0
0
0
0
4095
4095
0
0
0
0
0
0
4095
4095
0
0
0
0
0
0
4095
4095
0
0
0
0
0
0
4095
4095
0
0
0
0
0
0
4095
4095
0
0
0
0
0
0
4095
4095
0
0
0
0
0
0
4095
4095
0
0
0
0
0
0
4095
4095
0
0
0
0
0
0
4095
4095
0
0
0
0
0
0
4095
4095
0
0
0
0
0
0
4095
4095
0
0
0
0
0
0
4095
4095
0
0
0
0
0
0
4095
4095
0
0
0
0
0
0
4095
4095
0
0
0
0
0
0
4095
4095
0
0
0
0
0
0
4095
4095
0
0
0
0
0
0
4095
4095
0
0
0
0
0
0
4095
4095
0
0
0
0
0
0
4095
4095
0
0
0
0
0
0
4095
4095
0
0
0
0
0
0
4095
4095
0
0
0
0
0
0
4095
4095
0
0
0
0
0
0
4095
4095
0
0
0
0
0
0
4095
4095
0
0
0
0
0
0
4095
4095
0
0
0
0
0
0
4095
4095
0
0
0
0
0
0
4095
4095
0
0
0
0
0
0
4095
4095
0
0
0
0
0
0
4095
4095
0
0
0
0
0
0
4095
4095
0
0
0
0
0
0
4095
4095
0
0
0
0
0
0
4095
4095
0
0
0
0
0
0
4095
4095
0
0
0
0
0
0
4095
4095
0
0
0
0
0
0
4095
4095
0
0
0
0
0
0
4095
4095
0
0
0
0
0
0
4095
4095
0
0
0
0
0
0
4095
4095
0
0
0
0
0
0
4095
4095
0
0
0
0
0
0
4095
4095
0
0
0
0
0
0
4095
4095
0
0
0
0
0
0
4095
4095
0
0
0
0
0
0
4095
4095
0
0
0
0
0
0
4095
4095
0
0
0
0
0
0
4095
4095
0
0
0
0
0
0
4095
4095
0
0
0
0
0
0
4095
4095
0
0
0
0
0
0
4095
4095
0
0
0
0
0
0
4095
4095
0
0
0
0
0
0
4095
4095
0
0
0
0
0
0
4095
4095
0
0
0
0
0
0
4095
4095
0
0
0
0
0
0
4095
4095
0
0
0
0
0
0
4095
4095
0
0
0
0
0
0
4095
4095
0
0
0
0
0
0
4095
4095
0
0
0
0
0
0
4095
4095
0
0
0
0
0
0
4095
4095
0
0
0
0
0
0
4095
4095
0
0
0
0
0
0
4095
4095
0
0
0
0
0
0
4095
4095
0
0
0
0
0
0
4095
4095
0
0
0
0
0
0
4095
4095
0
0
0
0
0
0
4095
4095
0
0
0
0
0
0
4095
4095
0
0
0
0
0
0
4095
4095
0
0
0
0
0
0
4095
4095
0
0
0
0
0
0
4095
4095
0
0
0
0
0
0
4095
4095
0
0
0
0
0
0
4095
4095
0
0
0
0
0
0
4095
4095
0
0
0
0
0
0
4095
4095
0
0
0
0
0
0
4095
4095
0
0
0
0
0
0
4095
4095
0
0
0
0
0
0
4095
4095
0
0
0
0
0
0
4095
4095
0
0
0
0
0
0
4095
4095
0
0
0
0
0
0
4095
4095
0
0
0
0
0
0
4095
4095
0
0
0
0
0
0
4095
4095
0
0
0
0
0
0
4095
4095
0
0
0
0
0
0
4095
4095
0
0
0
0
0
0
4095
4095
0
0
0
0
0
0
4095
4095
0
0
0
0
0
0
4095
4095
0
0
0
0
0
0
4095
4095
0
0
0
0
0
0
4095
4095
0
0
0
0
0
0
4095
4095
0
0
0
0
0
0
4095
4095
0
0
0
0
0
0
4095
4095
0
0
0
0
0
0
4095
4095
0
0
0
0
0
0
4095
4095
0
0
0
0
0
0
4095
4095
0
0
0
0
0
0
4095
4095
0
0
0
0
0
0
4095
4095
0
0
0
0
0
0
4095
4095
0
0
0
0
0
0
4095
4095
0
0
0
0
0
0
4095
4095
0
0
0
0
0
0
4095
4095
0
0
0
0
0
0
4095
4095
0
0
0
0
0
0
4095
4095
0
0
0
0
0
0
4095
4095
0
0
0
0
0
0
4095
4095
0
0
0
0
0
0
4095
4095
0
0
0
0
0
0
4095
4095
0
0
0
0
0
0
4095
4095
0
0
0
0
0
0
4095
4095
0
0
0
0
0
0
4095
4095
0
0
0
0
0
0
4095
4095
0
0
0
0
0
0
4095
4095
0
0
0
0
0
0
4095
4095
0
0
0
0
0
0
4095
4095
0
0
0
0
0
0
4095
4095
0
0
0
0
0
0
4095
4095
0
0
0
0
0
0
4095
4095
0
0
0
0
0
0
4095
4095
0
0
0
0
0
0
4095
4095
0
0
0
0
0
0
4095
4095
0
0
0
0
0
0
4095
4095
0
0
0
0
0
0
4095
4095
0
0
0
0
0
0
4095
4095
0
0
0
0
0
0
4095
4095
0
0
0
0
0
0
4095
4095
0
0
0
0
0
0
4095
4095
0
0
0
0
0
0
4095
4095
0
0
0
0
0
0
4095
4095
0
0
0
0
0
0
4095
4095
0
0
0
0
0
0
4095
4095
0
0
0
0
0
0
4095
4095
0
0
0
0
0
0
4095
4095
0
0
0
0
0
0
4095
4095
0
0
0
0
0
0
4095
4095
0
0
0
0
0
0
4095
4095
0
0
0
0
0
0
4095
4095
0
0
0
0
0
0
4095
4095
0
0
0
0
0
0
4095
4095
0
0
0
0
0
0
4095
4095
0
0
0
0
0
0
4095
4095
0
0
0
0
0
0
4095
4095
0
0
0
0
0
0
4095
4095
0
0
0
0
0
0
4095
4095
0
0
0
0
0
0
4095
4095
0
0
0
0
0
0
4095
4095
0
0
0
0
0
0
4095
4095
0
0
0
0
0
0
4095
4095
0
0
0
0
0
0
4095
4095
0
0
0
0
0
0
4095
4095
0
0
0
0
0
0
4095
4095
0
0
0
0
0
0
4095
4095
0
0
0
0
0
0
4095
4095
0
0
0
0
0
0
4095
4095
0
0
0
0
0
0
4095
4095
0
0
0
0
0
0
4095
4095
0
0
0
0
0
0
4095
4095
0
0
0
0
0
0
4095
4095
0
0
0
0
0
0
4095
4095
0
0
0
0
0
0
4095
4095
0
0
0
0
0
0
4095
4095
0
0
0
0
0
0
4095
4095
0
0
0
0
0
0
4095
4095
0
0
0
0
0
0
4095
4095
0
0
0
0
0
0
4095
4095
0
0
0
0
0
0
4095
4095
0
0
0
0
0
0
4095
4095
0
0
0
0
0
0
4095
4095
0
0
0
0
0
0
4095
4095
0
0
0
0
0
0
4095
4095
0
0
0
0
0
0
4095
4095
0
0
0
0
0
0
4095
4095
0
0
0
0
0
0
4095
4095
0
0
0
0
0
0
4095
4095
0
0
0
0
0
0
4095
4095
0
0
0
0
0
0
4095
4095
0
0
0
0
0
0
4095
4095
0
0
0
0
0
0
4095
4095
0
0
0
0
0
0
4095
4095
0
0
0
0
0
0
4095
4095
0
0
0
0
0
0
4095
4095
0
0
0
0
0
0
4095
4095
0
0
0
0
0
0
4095
4095
0
0
0
0
0
0
4095
4095
0
0
0
0
0
0
4095
4095
0
0
0
0
0
0
4095
4095
0
0
0
0
0
0
4095
4095
0
0
0
0
0
0
4095
4095
0
0
0
0
0
0
4095
4095
0
0
0
0
0
0
4095
4095
0
0
0
0
0
0
4095
4095
0
0
0
0
0
0
4095
4095
0
0
0
0
0
0
4095
4095
0
0
0
0
0
0
4095
4095
0
0
0
0
0
0
4095
4095
0
0
0
0
0
0
4095
4095
0
0
0
0
0
0
4095
4095
0
0
0
0
0
0
4095
4095
0
0
0
0
0
0
4095
4095
0
0
0
0
0
0
4095
4095
0
0
0
0
0
0
4095
4095
0
0
0
0
0
0
4095
4095
0
0
0
0
0
0
4095
4095
0
0
0
0
0
0
4095
4095
0
0
0
0
0
0
4095
4095
0
0
0
0
0
0
4095
4095
0
0
0
0
0
0
4095
4095
0
0
0
0
0
0
4095
4095
0
0
0
0
0
0
4095
4095
0
0
0
0
0
0
4095
4095
0
0
0
0
0
0
4095
4095
0
0
0
0
0
0
4095
4095
0
0
0
0
0
0
4095
4095
0
0
0
0
0
0
4095
4095
0
0
0
0
0
0
4095
4095
0
0
0
0
0
0
4095
4095
0
0
0
0
0
0
4095
4095
0
0
0
0
0
0
4095
4095
0
0
0
0
0
0
4095
4095
0
0
0
0
0
0
4095
4095
0
0
0
0
0
0
4095
4095
0
0
0
0
0
0
4095
4095
0
0
0
0
0
0
4095
4095
0
0
0
0
0
0
4095
4095
0
0
0
0
0
0
4095
4095
0
0
0
0
0
0
4095
4095
0
0
0
0
0
0
4095
4095
0
0
0
0
0
0
4095
4095
0
0
0
0
0
0
4095
4095
0
0
0
0
0
0
4095
4095
0
0
0
0
0
0
4095
4095
0
0
0
0
0
0
4095
4095
0
0
0
0
0
0
4095
4095
0
0
0
0
0
0
4095
4095
0
0
0
0
0
0
4095
4095
0
0
0
0
0
0
4095
4095
0
0
0
0
0
0
4095
4095
0
0
0
0
0
0
4095
4095
0
0
0
0
0
0
4095
4095
0
0
0
0
0
0
4095
4095
0
0
0
0
0
0
4095
4095
0
0
0
0
0
0
4095
4095
0
0
0
0
0
0
4095
4095
0
0
0
0
0
0
4095
4095
0
0
0
0
0
0
4095
4095
0
0
0
0
0
0
4095
4095
0
0
0
0
0
0
4095
4095
0
0
0
0
0
0
4095
4095
0
0
0
0
0
0
4095
4095
0
0
0
0
0
0
4095
4095
0
0
0
0
0
0
4095
4095
0
0
0
0
0
0
4095
4095
0
0
0
0
0
0
4095
4095
0
0
0
0
0
0
4095
4095
0
0
0
0
0
0
4095
4095
0
0
0
0
0
0
4095
4095
0
0
0
0
0
0
4095
4095
0
0
0
0
0
0
4095
4095
0
0
0
0
0
0
4095
4095
0
0
0
0
0
0
4095
4095
0
0
0
0
0
0
4095
4095
0
0
0
0
0
0
4095
4095
0
0
0
0
0
0
4095
4095
0
0
0
0
0
0
4095
4095
0
0
0
0
0
0
4095
4095
0
0
0
0
0
0
4095
4095
0
0
0
0
0
0
4095
4095
0
0
0
0
0
0
4095
4095
0
0
0
0
0
0
4095
4095
0
0
0
0
0
0
4095
4095
0
0
0
0
0
0
4095
4095
0
0
0
0
0
0
4095
4095
0
0
0
0
0
0
4095
4095
0
0
0
0
0
0
4095
4095
0
0
0
0
0
0
4095
4095
0
0
0
0
0
0
4095
4095
0
0
0
0
0
0
4095
4095
0
0
0
0
0
0
4095
4095
0
0
0
0
0
0
4095
4095
0
0
0
0
0
0
4095
4095
0
0
0
0
0
0
4095
4095
0
0
0
0
0
0
4095
4095
0
0
0
0
0
0
4095
4095
0
0
0
0
0
0
4095
4095
0
0
0
0
0
0
4095
4095
0
0
0
0
0
0
4095
4095
0
0
0
0
0
0
4095
4095
0
0
0
0
0
0
4095
4095
0
0
0
0
0
0
4095
4095
0
0
0
0
0
0
4095
4095
0
0
0
0
0
0
4095
4095
0
0
0
0
0
0
4095
4095
0
0
0
0
0
0
4095
4095
0
0
0
0
0
0
4095
4095
0
0
0
0
0
0
4095
4095
0
0
0
0
0
0
4095
4095
0
0
0
0
0
0
4095
4095
0
0
0
0
0
0
4095
4095
0
0
0
0
0
0
4095
4095
0
0
0
0
0
0
4095
4095
0
0
0
0
0
0
4095
4095
0
0
0
0
0
0
4095
4095
0
0
0
0
0
0
4095
4095
0
0
0
0
0
0
4095
4095
0
0
0
0
0
0
4095
4095
0
0
0
0
0
0
4095
4095
0
0
0
0
0
0
4095
4095
0
0
0
0
0
0
4095
4095
0
0
0
0
0
0
4095
4095
0
0
0
0
0
0
4095
4095
0
0
0
0
0
0
4095
4095
0
0
0
0
0
0
4095
4095
0
0
0
0
0
0
4095
4095
0
0
0
0
0
0
4095
4095
0
0
0
0
0
0
4095
4095
0
0
0
0
0
0
4095
4095
0
0
0
0
0
0
4095
4095
0
0
0
0
0
0
4095
4095
0
0
0
0
0
0
4095
4095
0
0
0
0
0
0
4095
4095
0
0
0
0
0
0
4095
4095
0
0
0
0
0
0
4095
4095
0
0
0
0
0
0
4095
4095
0
0
0
0
0
0
4095
4095
0
0
0
0
0
0
4095
4095
0
0
0
0
0
0
4095
4095
0
0
0
0
0
0
4095
4095
0
0
0
0
0
0
4095
4095
0
0
0
0
0
0
4095
4095
0
0
0
0
0
0
4095
4095
0
0
0
0
0
0
4095
4095
0
0
0
0
0
0
4095
4095
0
0
0
0
0
0
4095
4095
0
0
0
0
0
0
4095
4095
0
0
0
0
0
0
4095
4095
0
0
0
0
0
0
4095
4095
0
0
0
0
0
0
4095
4095
0
0
0
0
0
0
4095
4095
0
0
0
0
0
0
4095
4095
0
0
0
0
0
0
4095
4095
0
0
0
0
0
0
4095
4095
0
0
0
0
0
0
4095
4095
0
0
0
0
0
0
4095
4095
0
0
0
0
0
0
4095
4095
0
0
0
0
0
0
4095
4095
0
0
0
0
0
0
4095
4095
0
0
0
0
0
0
4095
4095
0
0
0
0
0
0
4095
4095
0
0
0
0
0
0
4095
4095
0
0
0
0
0
0
4095
4095
0
0
0
0
0
0
4095
4095
0
0
0
0
0
0
4095
4095
0
0
0
0
0
0
4095
4095
0
0
0
0
0
0
4095
4095
0
0
0
0
0
0
4095
4095
0
0
0
0
0
0
4095
4095
0
0
0
0
0
0
4095
4095
0
0
0
0
0
0
4095
4095
0
0
0
0
0
0
4095
4095
0
0
0
0
0
0
4095
4095
0
0
0
0
0
0
4095
4095
0
0
0
0
0
0
4095
4095
0
0
0
0
0
0
4095
4095
0
0
0
0
0
0
4095
4095
0
0
0
0
0
0
4095
4095
0
0
0
0
0
0
4095
4095
0
0
0
0
0
0
4095
4095
0
0
0
0
0
0
4095
4095
0
0
0
0
0
0
4095
4095
0
0
0
0
0
0
4095
4095
0
0
0
0
0
0
4095
4095
0
0
0
0
0
0
4095
4095
0
0
0
0
0
0
4095
4095
0
0
0
0
0
0
4095
4095
0
0
0
0
0
0
4095
4095
0
0
0
0
0
0
4095
4095
0
0
0
0
0
0
4095
4095
0
0
0
0
0
0
4095
4095
0
0
0
0
0
0
4095
4095
0
0
0
0
0
0
4095
4095
0
0
0
0
0
0
4095
4095
0
0
0
0
0
0
4095
4095
0
0
0
0
0
0
4095
4095
0
0
0
0
0
0
4095
4095
0
0
0
0
0
0
4095
4095
0
0
0
0
0
0
4095
4095
0
0
0
0
0
0
4095
4095
0
0
0
0
0
0
4095
4095
0
0
0
0
0
0
4095
4095
0
0
0
0
0
0
4095
4095
0
0
0
0
0
0
4095
4095
0
0
0
0
0
0
