0
0
0
0
0
0
0
0
0
0
0
0
0
0
0
0
0
0
0
0
0
0
0
0
0
0
0
0
0
0
0
0
0
0
0
0
0
0
0
0
0
0
0
0
0
0
0
0
0
0
0
0
0
0
0
0
0
0
0
0
0
0
0
0
0
0
0
0
0
0
0
0
0
0
0
0
0
0
0
0
0
0
0
0
0
0
0
0
0
0
0
0
0
0
0
0
0
0
0
0
0
0
0
0
0
0
0
0
0
0
0
0
0
0
0
0
0
0
0
0
0
0
0
0
0
0
0
0
0
0
0
0
0
0
0
0
0
0
0
0
0
0
0
0
0
0
0
0
0
0
0
0
0
0
0
0
0
0
0
0
0
0
0
0
0
0
0
0
0
0
0
0
0
0
0
0
0
0
0
0
0
0
0
0
4088
4086
0
0
0
0
0
0
4088
4090
0
0
0
0
0
0
4091
4092
0
0
0
0
0
0
4091
4090
0
0
0
0
0
0
4090
4091
0
0
0
0
0
0
4093
4091
0
0
0
0
0
0
4089
4089
0
0
0
0
0
0
4089
4088
0
0
0
0
0
0
4091
4090
0
0
0
0
0
0
4090
4090
0
0
0
0
0
0
4090
4088
0
0
0
0
0
0
4089
4088
0
0
0
0
0
0
4087
4089
0
0
0
0
0
0
4089
4091
0
0
0
0
0
0
4090
4092
0
0
0
0
0
0
4095
4092
0
0
0
0
0
0
4094
4092
0
0
0
0
0
0
4095
4092
0
0
0
0
0
0
4088
4086
0
0
0
0
0
0
4083
4082
0
0
0
0
0
0
4080
4086
0
0
0
0
0
0
4089
4094
0
0
0
0
0
0
4093
4095
0
0
0
0
0
0
5
3
0
0
0
0
0
0
8
1
0
0
0
0
0
0
2
4089
0
0
0
0
0
0
4089
4086
0
0
0
0
0
0
4079
4080
0
0
0
0
0
0
4071
4078
0
0
0
0
0
0
4080
4092
0
0
0
0
0
0
2
5
0
0
0
0
0
0
14
10
0
0
0
0
0
0
20
8
0
0
0
0
0
0
4
4087
0
0
0
0
0
0
4085
4079
0
0
0
0
0
0
4064
4071
0
0
0
0
0
0
4058
4071
0
0
0
0
0
0
4073
4089
0
0
0
0
0
0
6
12
0
0
0
0
0
0
26
18
0
0
0
0
0
0
31
11
0
0
0
0
0
0
10
4088
0
0
0
0
0
0
4073
4068
0
0
0
0
0
0
4052
4062
0
0
0
0
0
0
4045
4069
0
0
0
0
0
0
4076
1
0
0
0
0
0
0
14
19
0
0
0
0
0
0
43
29
0
0
0
0
0
0
43
16
0
0
0
0
0
0
10
4081
0
0
0
0
0
0
4063
4057
0
0
0
0
0
0
4032
4050
0
0
0
0
0
0
4033
4063
0
0
0
0
0
0
4070
3
0
0
0
0
0
0
30
35
0
0
0
0
0
0
61
39
0
0
0
0
0
0
55
17
0
0
0
0
0
0
11
4076
0
0
0
0
0
0
4054
4048
0
0
0
0
0
0
4009
4033
0
0
0
0
0
0
4018
4062
0
0
0
0
0
0
4074
13
0
0
0
0
0
0
44
47
0
0
0
0
0
0
85
54
0
0
0
0
0
0
75
27
0
0
0
0
0
0
11
4068
0
0
0
0
0
0
4029
4027
0
0
0
0
0
0
3987
4021
0
0
0
0
0
0
4001
4056
0
0
0
0
0
0
4076
20
0
0
0
0
0
0
66
65
0
0
0
0
0
0
108
64
0
0
0
0
0
0
83
20
0
0
0
0
0
0
3
4056
0
0
0
0
0
0
4010
4012
0
0
0
0
0
0
3961
4011
0
0
0
0
0
0
3990
4057
0
0
0
0
0
0
4083
34
0
0
0
0
0
0
91
85
0
0
0
0
0
0
132
76
0
0
0
0
0
0
100
25
0
0
0
0
0
0
4089
4040
0
0
0
0
0
0
3980
3989
0
0
0
0
0
0
3933
3997
0
0
0
0
0
0
3978
4060
0
0
0
0
0
0
1
52
0
0
0
0
0
0
122
105
0
0
0
0
0
0
164
92
0
0
0
0
0
0
110
19
0
0
0
0
0
0
4073
4021
0
0
0
0
0
0
3950
3968
0
0
0
0
0
0
3904
3984
0
0
0
0
0
0
3970
4067
0
0
0
0
0
0
19
74
0
0
0
0
0
0
157
131
0
0
0
0
0
0
192
100
0
0
0
0
0
0
117
12
0
0
0
0
0
0
4054
3999
0
0
0
0
0
0
3912
3943
0
0
0
0
0
0
3873
3973
0
0
0
0
0
0
3962
4074
0
0
0
0
0
0
42
95
0
0
0
0
0
0
188
149
0
0
0
0
0
0
226
116
0
0
0
0
0
0
121
2
0
0
0
0
0
0
4028
3975
0
0
0
0
0
0
3872
3919
0
0
0
0
0
0
3841
3963
0
0
0
0
0
0
3965
4090
0
0
0
0
0
0
73
124
0
0
0
0
0
0
230
174
0
0
0
0
0
0
258
123
0
0
0
0
0
0
118
4082
0
0
0
0
0
0
3996
3946
0
0
0
0
0
0
3829
3893
0
0
0
0
0
0
3814
3958
0
0
0
0
0
0
3970
13
0
0
0
0
0
0
104
152
0
0
0
0
0
0
281
206
0
0
0
0
0
0
280
124
0
0
0
0
0
0
113
4066
0
0
0
0
0
0
3959
3916
0
0
0
0
0
0
3779
3866
0
0
0
0
0
0
3791
3960
0
0
0
0
0
0
3975
30
0
0
0
0
0
0
148
187
0
0
0
0
0
0
328
228
0
0
0
0
0
0
308
128
0
0
0
0
0
0
98
4038
0
0
0
0
0
0
3910
3878
0
0
0
0
0
0
3730
3843
0
0
0
0
0
0
3765
3956
0
0
0
0
0
0
3995
57
0
0
0
0
0
0
194
222
0
0
0
0
0
0
379
252
0
0
0
0
0
0
329
124
0
0
0
0
0
0
78
4011
0
0
0
0
0
0
3863
3844
0
0
0
0
0
0
3683
3823
0
0
0
0
0
0
3745
3961
0
0
0
0
0
0
4021
91
0
0
0
0
0
0
249
260
0
0
0
0
0
0
426
272
0
0
0
0
0
0
349
120
0
0
0
0
0
0
52
3979
0
0
0
0
0
0
3802
3801
0
0
0
0
0
0
3634
3804
0
0
0
0
0
0
3729
3970
0
0
0
0
0
0
4052
124
0
0
0
0
0
0
306
298
0
0
0
0
0
0
479
295
0
0
0
0
0
0
360
106
0
0
0
0
0
0
12
3939
0
0
0
0
0
0
3745
3765
0
0
0
0
0
0
3580
3781
0
0
0
0
0
0
3721
3985
0
0
0
0
0
0
4091
163
0
0
0
0
0
0
368
337
0
0
0
0
0
0
531
314
0
0
0
0
0
0
364
85
0
0
0
0
0
0
4063
3897
0
0
0
0
0
0
3682
3726
0
0
0
0
0
0
3532
3769
0
0
0
0
0
0
3721
4008
0
0
0
0
0
0
40
205
0
0
0
0
0
0
440
380
0
0
0
0
0
0
575
320
0
0
0
0
0
0
357
60
0
0
0
0
0
0
4019
3855
0
0
0
0
0
0
3608
3683
0
0
0
0
0
0
3487
3757
0
0
0
0
0
0
3727
4035
0
0
0
0
0
0
97
253
0
0
0
0
0
0
509
420
0
0
0
0
0
0
619
329
0
0
0
0
0
0
346
30
0
0
0
0
0
0
3957
3803
0
0
0
0
0
0
3535
3646
0
0
0
0
0
0
3449
3755
0
0
0
0
0
0
3739
4065
0
0
0
0
0
0
165
310
0
0
0
0
0
0
586
458
0
0
0
0
0
0
654
326
0
0
0
0
0
0
329
4094
0
0
0
0
0
0
3886
3750
0
0
0
0
0
0
3465
3610
0
0
0
0
0
0
3407
3751
0
0
0
0
0
0
3773
17
0
0
0
0
0
0
233
357
0
0
0
0
0
0
658
495
0
0
0
0
0
0
692
326
0
0
0
0
0
0
294
4045
0
0
0
0
0
0
3811
3695
0
0
0
0
0
0
3384
3571
0
0
0
0
0
0
3384
3766
0
0
0
0
0
0
3804
57
0
0
0
0
0
0
310
414
0
0
0
0
0
0
736
527
0
0
0
0
0
0
717
317
0
0
0
0
0
0
257
3999
0
0
0
0
0
0
3728
3637
0
0
0
0
0
0
3313
3543
0
0
0
0
0
0
3357
3776
0
0
0
0
0
0
3851
109
0
0
0
0
0
0
397
473
0
0
0
0
0
0
813
558
0
0
0
0
0
0
731
294
0
0
0
0
0
0
204
3945
0
0
0
0
0
0
3644
3583
0
0
0
0
0
0
3236
3513
0
0
0
0
0
0
3344
3797
0
0
0
0
0
0
3905
165
0
0
0
0
0
0
485
529
0
0
0
0
0
0
882
580
0
0
0
0
0
0
742
273
0
0
0
0
0
0
145
3887
0
0
0
0
0
0
3546
3521
0
0
0
0
0
0
3164
3491
0
0
0
0
0
0
3342
3829
0
0
0
0
0
0
3972
228
0
0
0
0
0
0
586
590
0
0
0
0
0
0
952
600
0
0
0
0
0
0
738
238
0
0
0
0
0
0
74
3821
0
0
0
0
0
0
3445
3459
0
0
0
0
0
0
3100
3477
0
0
0
0
0
0
3348
3863
0
0
0
0
0
0
4048
294
0
0
0
0
0
0
688
649
0
0
0
0
0
0
1014
609
0
0
0
0
0
0
725
197
0
0
0
0
0
0
4089
3754
0
0
0
0
0
0
3344
3406
0
0
0
0
0
0
3041
3470
0
0
0
0
0
0
3368
3907
0
0
0
0
0
0
35
361
0
0
0
0
0
0
792
706
0
0
0
0
0
0
1070
614
0
0
0
0
0
0
698
145
0
0
0
0
0
0
3998
3681
0
0
0
0
0
0
3241
3356
0
0
0
0
0
0
2988
3468
0
0
0
0
0
0
3398
3960
0
0
0
0
0
0
133
438
0
0
0
0
0
0
894
753
0
0
0
0
0
0
1119
614
0
0
0
0
0
0
665
92
0
0
0
0
0
0
3893
3603
0
0
0
0
0
0
3138
3305
0
0
0
0
0
0
2941
3473
0
0
0
0
0
0
3443
4021
0
0
0
0
0
0
240
514
0
0
0
0
0
0
994
798
0
0
0
0
0
0
1160
604
0
0
0
0
0
0
615
29
0
0
0
0
0
0
3783
3524
0
0
0
0
0
0
3037
3264
0
0
0
0
0
0
2908
3487
0
0
0
0
0
0
3495
4087
0
0
0
0
0
0
357
597
0
0
0
0
0
0
1097
838
0
0
0
0
0
0
1182
576
0
0
0
0
0
0
556
4059
0
0
0
0
0
0
3669
3450
0
0
0
0
0
0
2934
3220
0
0
0
0
0
0
2886
3514
0
0
0
0
0
0
3565
63
0
0
0
0
0
0
476
673
0
0
0
0
0
0
1196
876
0
0
0
0
0
0
1202
553
0
0
0
0
0
0
481
3984
0
0
0
0
0
0
3545
3370
0
0
0
0
0
0
2841
3192
0
0
0
0
0
0
2874
3546
0
0
0
0
0
0
3646
144
0
0
0
0
0
0
602
752
0
0
0
0
0
0
1290
905
0
0
0
0
0
0
1211
516
0
0
0
0
0
0
389
3896
0
0
0
0
0
0
3421
3294
0
0
0
0
0
0
2744
3164
0
0
0
0
0
0
2879
3592
0
0
0
0
0
0
3743
230
0
0
0
0
0
0
729
826
0
0
0
0
0
0
1376
925
0
0
0
0
0
0
1200
468
0
0
0
0
0
0
292
3813
0
0
0
0
0
0
3290
3220
0
0
0
0
0
0
2664
3149
0
0
0
0
0
0
2893
3644
0
0
0
0
0
0
3848
318
0
0
0
0
0
0
860
899
0
0
0
0
0
0
1459
940
0
0
0
0
0
0
1180
413
0
0
0
0
0
0
178
3717
0
0
0
0
0
0
3155
3150
0
0
0
0
0
0
2594
3143
0
0
0
0
0
0
2923
3705
0
0
0
0
0
0
3966
413
0
0
0
0
0
0
996
969
0
0
0
0
0
0
1524
940
0
0
0
0
0
0
1138
342
0
0
0
0
0
0
57
3626
0
0
0
0
0
0
3022
3082
0
0
0
0
0
0
2524
3140
0
0
0
0
0
0
2970
3777
0
0
0
0
0
0
4090
504
0
0
0
0
0
0
1127
1032
0
0
0
0
0
0
1589
936
0
0
0
0
0
0
1082
267
0
0
0
0
0
0
4019
3526
0
0
0
0
0
0
2886
3020
0
0
0
0
0
0
2477
3159
0
0
0
0
0
0
3029
3852
0
0
0
0
0
0
134
605
0
0
0
0
0
0
1256
1086
0
0
0
0
0
0
1629
916
0
0
0
0
0
0
1018
186
0
0
0
0
0
0
3881
3431
0
0
0
0
0
0
2763
2969
0
0
0
0
0
0
2436
3178
0
0
0
0
0
0
3103
3941
0
0
0
0
0
0
279
704
0
0
0
0
0
0
1384
1139
0
0
0
0
0
0
1661
889
0
0
0
0
0
0
933
93
0
0
0
0
0
0
3727
3330
0
0
0
0
0
0
2642
2926
0
0
0
0
0
0
2407
3208
0
0
0
0
0
0
3194
4036
0
0
0
0
0
0
428
798
0
0
0
0
0
0
1504
1181
0
0
0
0
0
0
1678
850
0
0
0
0
0
0
835
4091
0
0
0
0
0
0
3576
3233
0
0
0
0
0
0
2521
2884
0
0
0
0
0
0
2399
3254
0
0
0
0
0
0
3294
34
0
0
0
0
0
0
587
896
0
0
0
0
0
0
1618
1214
0
0
0
0
0
0
1681
800
0
0
0
0
0
0
729
3992
0
0
0
0
0
0
3417
3140
0
0
0
0
0
0
2412
2858
0
0
0
0
0
0
2407
3312
0
0
0
0
0
0
3416
144
0
0
0
0
0
0
745
987
0
0
0
0
0
0
1720
1235
0
0
0
0
0
0
1665
737
0
0
0
0
0
0
600
3881
0
0
0
0
0
0
3257
3049
0
0
0
0
0
0
2315
2840
0
0
0
0
0
0
2429
3376
0
0
0
0
0
0
3551
255
0
0
0
0
0
0
904
1076
0
0
0
0
0
0
1816
1248
0
0
0
0
0
0
1633
667
0
0
0
0
0
0
464
3773
0
0
0
0
0
0
3097
2968
0
0
0
0
0
0
2228
2834
0
0
0
0
0
0
2469
3454
0
0
0
0
0
0
3693
365
0
0
0
0
0
0
1062
1155
0
0
0
0
0
0
1899
1250
0
0
0
0
0
0
1582
582
0
0
0
0
0
0
312
3660
0
0
0
0
0
0
2940
2890
0
0
0
0
0
0
2151
2835
0
0
0
0
0
0
2528
3541
0
0
0
0
0
0
3846
479
0
0
0
0
0
0
1222
1229
0
0
0
0
0
0
1960
1236
0
0
0
0
0
0
1523
500
0
0
0
0
0
0
156
3543
0
0
0
0
0
0
2781
2815
0
0
0
0
0
0
2090
2852
0
0
0
0
0
0
2604
3635
0
0
0
0
0
0
4010
598
0
0
0
0
0
0
1375
1297
0
0
0
0
0
0
2017
1217
0
0
0
0
0
0
1437
396
0
0
0
0
0
0
4086
3429
0
0
0
0
0
0
2634
2757
0
0
0
0
0
0
2045
2880
0
0
0
0
0
0
2690
3734
0
0
0
0
0
0
82
711
0
0
0
0
0
0
1526
1358
0
0
0
0
0
0
2047
1176
0
0
0
0
0
0
1342
295
0
0
0
0
0
0
3915
3316
0
0
0
0
0
0
2487
2702
0
0
0
0
0
0
2021
2923
0
0
0
0
0
0
2798
3846
0
0
0
0
0
0
259
827
0
0
0
0
0
0
1664
1403
0
0
0
0
0
0
2069
1136
0
0
0
0
0
0
1226
177
0
0
0
0
0
0
3732
3201
0
0
0
0
0
0
2352
2659
0
0
0
0
0
0
2011
2973
0
0
0
0
0
0
2921
3964
0
0
0
0
0
0
440
935
0
0
0
0
0
0
1791
1438
0
0
0
0
0
0
2070
1078
0
0
0
0
0
0
1096
59
0
0
0
0
0
0
3553
3093
0
0
0
0
0
0
2226
2627
0
0
0
0
0
0
2021
3038
0
0
0
0
0
0
3056
4084
0
0
0
0
0
0
622
1040
0
0
0
0
0
0
1911
1463
0
0
0
0
0
0
2049
1007
0
0
0
0
0
0
957
4037
0
0
0
0
0
0
3371
2994
0
0
0
0
0
0
2120
2610
0
0
0
0
0
0
2046
3113
0
0
0
0
0
0
3203
110
0
0
0
0
0
0
804
1138
0
0
0
0
0
0
2013
1478
0
0
0
0
0
0
2014
927
0
0
0
0
0
0
802
3911
0
0
0
0
0
0
3192
2901
0
0
0
0
0
0
2020
2600
0
0
0
0
0
0
2092
3199
0
0
0
0
0
0
3366
238
0
0
0
0
0
0
983
1231
0
0
0
0
0
0
2108
1484
0
0
0
0
0
0
1960
836
0
0
0
0
0
0
629
3780
0
0
0
0
0
0
3013
2809
0
0
0
0
0
0
1937
2606
0
0
0
0
0
0
2158
3298
0
0
0
0
0
0
3539
366
0
0
0
0
0
0
1156
1308
0
0
0
0
0
0
2180
1469
0
0
0
0
0
0
1891
738
0
0
0
0
0
0
455
3653
0
0
0
0
0
0
2841
2732
0
0
0
0
0
0
1866
2621
0
0
0
0
0
0
2239
3400
0
0
0
0
0
0
3715
490
0
0
0
0
0
0
1329
1387
0
0
0
0
0
0
2238
1445
0
0
0
0
0
0
1798
627
0
0
0
0
0
0
274
3526
0
0
0
0
0
0
2668
2661
0
0
0
0
0
0
1827
2658
0
0
0
0
0
0
2334
3508
0
0
0
0
0
0
3902
619
0
0
0
0
0
0
1489
1449
0
0
0
0
0
0
2275
1405
0
0
0
0
0
0
1688
510
0
0
0
0
0
0
87
3403
0
0
0
0
0
0
2515
2605
0
0
0
0
0
0
1792
2698
0
0
0
0
0
0
2454
3633
0
0
0
0
0
0
0
742
0
0
0
0
0
0
1638
1500
0
0
0
0
0
0
2293
1353
0
0
0
0
0
0
1568
393
0
0
0
0
0
0
3989
3282
0
0
0
0
0
0
2364
2556
0
0
0
0
0
0
1790
2762
0
0
0
0
0
0
2583
3753
0
0
0
0
0
0
195
862
0
0
0
0
0
0
1779
1538
0
0
0
0
0
0
2296
1294
0
0
0
0
0
0
1431
265
0
0
0
0
0
0
3793
3162
0
0
0
0
0
0
2235
2525
0
0
0
0
0
0
1797
2826
0
0
0
0
0
0
2726
3881
0
0
0
0
0
0
387
972
0
0
0
0
0
0
1908
1570
0
0
0
0
0
0
2278
1220
0
0
0
0
0
0
1279
133
0
0
0
0
0
0
3600
3055
0
0
0
0
0
0
2119
2506
0
0
0
0
0
0
1824
2903
0
0
0
0
0
0
2883
4014
0
0
0
0
0
0
577
1076
0
0
0
0
0
0
2018
1584
0
0
0
0
0
0
2240
1135
0
0
0
0
0
0
1115
1
0
0
0
0
0
0
3410
2955
0
0
0
0
0
0
2012
2495
0
0
0
0
0
0
1869
2994
0
0
0
0
0
0
3050
50
0
0
0
0
0
0
770
1175
0
0
0
0
0
0
2115
1589
0
0
0
0
0
0
2186
1041
0
0
0
0
0
0
937
3960
0
0
0
0
0
0
3223
2868
0
0
0
0
0
0
1932
2504
0
0
0
0
0
0
1931
3089
0
0
0
0
0
0
3232
188
0
0
0
0
0
0
955
1261
0
0
0
0
0
0
2184
1569
0
0
0
0
0
0
2111
939
0
0
0
0
0
0
757
3824
0
0
0
0
0
0
3040
2782
0
0
0
0
0
0
1869
2527
0
0
0
0
0
0
2013
3195
0
0
0
0
0
0
3416
318
0
0
0
0
0
0
1127
1337
0
0
0
0
0
0
2250
1549
0
0
0
0
0
0
2022
830
0
0
0
0
0
0
568
3697
0
0
0
0
0
0
2873
2713
0
0
0
0
0
0
1810
2552
0
0
0
0
0
0
2115
3313
0
0
0
0
0
0
3609
446
0
0
0
0
0
0
1289
1402
0
0
0
0
0
0
2294
1512
0
0
0
0
0
0
1908
707
0
0
0
0
0
0
376
3573
0
0
0
0
0
0
2713
2653
0
0
0
0
0
0
1777
2594
0
0
0
0
0
0
2232
3433
0
0
0
0
0
0
3801
571
0
0
0
0
0
0
1450
1455
0
0
0
0
0
0
2308
1458
0
0
0
0
0
0
1786
585
0
0
0
0
0
0
181
3446
0
0
0
0
0
0
2563
2603
0
0
0
0
0
0
1767
2651
0
0
0
0
0
0
2366
3563
0
0
0
0
0
0
3994
690
0
0
0
0
0
0
1593
1502
0
0
0
0
0
0
2314
1395
0
0
0
0
0
0
1646
454
0
0
0
0
0
0
4081
3332
0
0
0
0
0
0
2431
2571
0
0
0
0
0
0
1772
2720
0
0
0
0
0
0
2514
3693
0
0
0
0
0
0
93
802
0
0
0
0
0
0
1717
1529
0
0
0
0
0
0
2294
1320
0
0
0
0
0
0
1498
329
0
0
0
0
0
0
3892
3224
0
0
0
0
0
0
2304
2543
0
0
0
0
0
0
1801
2798
0
0
0
0
0
0
2664
3820
0
0
0
0
0
0
286
909
0
0
0
0
0
0
1826
1540
0
0
0
0
0
0
2261
1240
0
0
0
0
0
0
1334
194
0
0
0
0
0
0
3705
3128
0
0
0
0
0
0
2207
2538
0
0
0
0
0
0
1844
2883
0
0
0
0
0
0
2825
3948
0
0
0
0
0
0
477
1009
0
0
0
0
0
0
1920
1540
0
0
0
0
0
0
2205
1150
0
0
0
0
0
0
1168
65
0
0
0
0
0
0
3519
3036
0
0
0
0
0
0
2122
2543
0
0
0
0
0
0
1907
2980
0
0
0
0
0
0
3006
4085
0
0
0
0
0
0
651
1089
0
0
0
0
0
0
1997
1533
0
0
0
0
0
0
2137
1051
0
0
0
0
0
0
988
4031
0
0
0
0
0
0
3344
2954
0
0
0
0
0
0
2053
2559
0
0
0
0
0
0
1989
3083
0
0
0
0
0
0
3180
113
0
0
0
0
0
0
825
1168
0
0
0
0
0
0
2056
1509
0
0
0
0
0
0
2046
942
0
0
0
0
0
0
810
3905
0
0
0
0
0
0
3176
2884
0
0
0
0
0
0
2009
2594
0
0
0
0
0
0
2080
3189
0
0
0
0
0
0
3364
240
0
0
0
0
0
0
985
1230
0
0
0
0
0
0
2092
1470
0
0
0
0
0
0
1948
834
0
0
0
0
0
0
623
3782
0
0
0
0
0
0
3024
2826
0
0
0
0
0
0
1975
2629
0
0
0
0
0
0
2190
3308
0
0
0
0
0
0
3551
356
0
0
0
0
0
0
1128
1279
0
0
0
0
0
0
2121
1430
0
0
0
0
0
0
1828
711
0
0
0
0
0
0
438
3668
0
0
0
0
0
0
2887
2783
0
0
0
0
0
0
1954
2679
0
0
0
0
0
0
2317
3430
0
0
0
0
0
0
3736
469
0
0
0
0
0
0
1262
1317
0
0
0
0
0
0
2120
1367
0
0
0
0
0
0
1701
595
0
0
0
0
0
0
255
3557
0
0
0
0
0
0
2756
2748
0
0
0
0
0
0
1966
2745
0
0
0
0
0
0
2451
3548
0
0
0
0
0
0
3916
577
0
0
0
0
0
0
1384
1347
0
0
0
0
0
0
2110
1304
0
0
0
0
0
0
1558
471
0
0
0
0
0
0
77
3456
0
0
0
0
0
0
2644
2727
0
0
0
0
0
0
1992
2821
0
0
0
0
0
0
2596
3668
0
0
0
0
0
0
0
674
0
0
0
0
0
0
1487
1362
0
0
0
0
0
0
2072
1221
0
0
0
0
0
0
1409
353
0
0
0
0
0
0
3997
3363
0
0
0
0
0
0
2547
2716
0
0
0
0
0
0
2031
2900
0
0
0
0
0
0
2749
3790
0
0
0
0
0
0
171
763
0
0
0
0
0
0
1574
1362
0
0
0
0
0
0
2024
1141
0
0
0
0
0
0
1256
231
0
0
0
0
0
0
3825
3275
0
0
0
0
0
0
2471
2725
0
0
0
0
0
0
2092
2988
0
0
0
0
0
0
2905
3910
0
0
0
0
0
0
335
841
0
0
0
0
0
0
1643
1353
0
0
0
0
0
0
1958
1048
0
0
0
0
0
0
1095
113
0
0
0
0
0
0
3672
3207
0
0
0
0
0
0
2406
2736
0
0
0
0
0
0
2163
3082
0
0
0
0
0
0
3070
4027
0
0
0
0
0
0
487
906
0
0
0
0
0
0
1699
1333
0
0
0
0
0
0
1878
951
0
0
0
0
0
0
927
4091
0
0
0
0
0
0
3523
3145
0
0
0
0
0
0
2361
2762
0
0
0
0
0
0
2248
3179
0
0
0
0
0
0
3234
44
0
0
0
0
0
0
633
963
0
0
0
0
0
0
1729
1297
0
0
0
0
0
0
1786
851
0
0
0
0
0
0
767
3988
0
0
0
0
0
0
3383
3092
0
0
0
0
0
0
2335
2799
0
0
0
0
0
0
2348
3284
0
0
0
0
0
0
3399
148
0
0
0
0
0
0
766
1013
0
0
0
0
0
0
1752
1259
0
0
0
0
0
0
1681
746
0
0
0
0
0
0
600
3882
0
0
0
0
0
0
3261
3053
0
0
0
0
0
0
2325
2846
0
0
0
0
0
0
2456
3387
0
0
0
0
0
0
3566
250
0
0
0
0
0
0
877
1042
0
0
0
0
0
0
1756
1209
0
0
0
0
0
0
1567
639
0
0
0
0
0
0
437
3785
0
0
0
0
0
0
3151
3029
0
0
0
0
0
0
2332
2903
0
0
0
0
0
0
2577
3495
0
0
0
0
0
0
3721
340
0
0
0
0
0
0
984
1069
0
0
0
0
0
0
1742
1150
0
0
0
0
0
0
1446
535
0
0
0
0
0
0
285
3702
0
0
0
0
0
0
3052
3006
0
0
0
0
0
0
2355
2968
0
0
0
0
0
0
2702
3599
0
0
0
0
0
0
3876
424
0
0
0
0
0
0
1076
1082
0
0
0
0
0
0
1710
1080
0
0
0
0
0
0
1314
430
0
0
0
0
0
0
132
3619
0
0
0
0
0
0
2969
3000
0
0
0
0
0
0
2396
3041
0
0
0
0
0
0
2832
3702
0
0
0
0
0
0
4022
499
0
0
0
0
0
0
1150
1084
0
0
0
0
0
0
1667
1006
0
0
0
0
0
0
1177
323
0
0
0
0
0
0
4082
3546
0
0
0
0
0
0
2906
3007
0
0
0
0
0
0
2440
3111
0
0
0
0
0
0
2969
3805
0
0
0
0
0
0
68
566
0
0
0
0
0
0
1207
1072
0
0
0
0
0
0
1609
928
0
0
0
0
0
0
1044
229
0
0
0
0
0
0
3948
3487
0
0
0
0
0
0
2854
3020
0
0
0
0
0
0
2507
3196
0
0
0
0
0
0
3107
3902
0
0
0
0
0
0
195
623
0
0
0
0
0
0
1252
1055
0
0
0
0
0
0
1540
848
0
0
0
0
0
0
910
135
0
0
0
0
0
0
3822
3432
0
0
0
0
0
0
2821
3046
0
0
0
0
0
0
2584
3281
0
0
0
0
0
0
3246
3997
0
0
0
0
0
0
312
666
0
0
0
0
0
0
1279
1027
0
0
0
0
0
0
1460
759
0
0
0
0
0
0
767
40
0
0
0
0
0
0
3714
3395
0
0
0
0
0
0
2796
3075
0
0
0
0
0
0
2666
3365
0
0
0
0
0
0
3383
4083
0
0
0
0
0
0
421
704
0
0
0
0
0
0
1291
989
0
0
0
0
0
0
1372
672
0
0
0
0
0
0
634
4057
0
0
0
0
0
0
3614
3363
0
0
0
0
0
0
2792
3115
0
0
0
0
0
0
2758
3452
0
0
0
0
0
0
3516
71
0
0
0
0
0
0
519
732
0
0
0
0
0
0
1284
941
0
0
0
0
0
0
1280
589
0
0
0
0
0
0
497
3973
0
0
0
0
0
0
3526
3345
0
0
0
0
0
0
2799
3158
0
0
0
0
0
0
2855
3539
0
0
0
0
0
0
3646
143
0
0
0
0
0
0
599
749
0
0
0
0
0
0
1273
895
0
0
0
0
0
0
1175
501
0
0
0
0
0
0
375
3906
0
0
0
0
0
0
3449
3330
0
0
0
0
0
0
2821
3215
0
0
0
0
0
0
2958
3623
0
0
0
0
0
0
3770
210
0
0
0
0
0
0
667
753
0
0
0
0
0
0
1246
839
0
0
0
0
0
0
1070
416
0
0
0
0
0
0
251
3841
0
0
0
0
0
0
3387
3326
0
0
0
0
0
0
2856
3275
0
0
0
0
0
0
3067
3710
0
0
0
0
0
0
3887
268
0
0
0
0
0
0
722
754
0
0
0
0
0
0
1206
777
0
0
0
0
0
0
964
338
0
0
0
0
0
0
144
3792
0
0
0
0
0
0
3338
3333
0
0
0
0
0
0
2897
3335
0
0
0
0
0
0
3177
3787
0
0
0
0
0
0
3994
318
0
0
0
0
0
0
765
744
0
0
0
0
0
0
1159
715
0
0
0
0
0
0
854
258
0
0
0
0
0
0
40
3744
0
0
0
0
0
0
3302
3348
0
0
0
0
0
0
2951
3399
0
0
0
0
0
0
3282
3861
0
0
0
0
0
0
4094
360
0
0
0
0
0
0
795
725
0
0
0
0
0
0
1102
648
0
0
0
0
0
0
742
180
0
0
0
0
0
0
4040
3707
0
0
0
0
0
0
3275
3362
0
0
0
0
0
0
3013
3468
0
0
0
0
0
0
3392
3932
0
0
0
0
0
0
85
393
0
0
0
0
0
0
815
705
0
0
0
0
0
0
1038
584
0
0
0
0
0
0
636
113
0
0
0
0
0
0
3954
3674
0
0
0
0
0
0
3269
3396
0
0
0
0
0
0
3079
3531
0
0
0
0
0
0
3498
4001
0
0
0
0
0
0
165
418
0
0
0
0
0
0
814
670
0
0
0
0
0
0
969
519
0
0
0
0
0
0
534
50
0
0
0
0
0
0
3882
3656
0
0
0
0
0
0
3271
3432
0
0
0
0
0
0
3153
3600
0
0
0
0
0
0
3596
4058
0
0
0
0
0
0
231
434
0
0
0
0
0
0
811
634
0
0
0
0
0
0
890
450
0
0
0
0
0
0
436
4092
0
0
0
0
0
0
3824
3644
0
0
0
0
0
0
3273
3461
0
0
0
0
0
0
3233
3668
0
0
0
0
0
0
3692
15
0
0
0
0
0
0
285
439
0
0
0
0
0
0
795
598
0
0
0
0
0
0
815
386
0
0
0
0
0
0
341
4040
0
0
0
0
0
0
3771
3638
0
0
0
0
0
0
3298
3507
0
0
0
0
0
0
3309
3729
0
0
0
0
0
0
3783
63
0
0
0
0
0
0
334
442
0
0
0
0
0
0
769
550
0
0
0
0
0
0
734
325
0
0
0
0
0
0
257
3996
0
0
0
0
0
0
3726
3637
0
0
0
0
0
0
3329
3555
0
0
0
0
0
0
3389
3788
0
0
0
0
0
0
3866
103
0
0
0
0
0
0
371
441
0
0
0
0
0
0
737
506
0
0
0
0
0
0
654
266
0
0
0
0
0
0
178
3962
0
0
0
0
0
0
3698
3647
0
0
0
0
0
0
3368
3603
0
0
0
0
0
0
3463
3839
0
0
0
0
0
0
3945
140
0
0
0
0
0
0
395
428
0
0
0
0
0
0
695
457
0
0
0
0
0
0
576
211
0
0
0
0
0
0
106
3931
0
0
0
0
0
0
3677
3659
0
0
0
0
0
0
3411
3650
0
0
0
0
0
0
3547
3898
0
0
0
0
0
0
4009
163
0
0
0
0
0
0
410
411
0
0
0
0
0
0
649
407
0
0
0
0
0
0
501
164
0
0
0
0
0
0
47
3911
0
0
0
0
0
0
3666
3677
0
0
0
0
0
0
3455
3696
0
0
0
0
0
0
3624
3946
0
0
0
0
0
0
4066
179
0
0
0
0
0
0
417
393
0
0
0
0
0
0
605
364
0
0
0
0
0
0
424
116
0
0
0
0
0
0
4088
3894
0
0
0
0
0
0
3667
3703
0
0
0
0
0
0
3505
3742
0
0
0
0
0
0
3696
3990
0
0
0
0
0
0
22
196
0
0
0
0
0
0
415
368
0
0
0
0
0
0
552
317
0
0
0
0
0
0
351
73
0
0
0
0
0
0
4043
3886
0
0
0
0
0
0
3668
3722
0
0
0
0
0
0
3558
3788
0
0
0
0
0
0
3765
4030
0
0
0
0
0
0
61
200
0
0
0
0
0
0
406
342
0
0
0
0
0
0
502
275
0
0
0
0
0
0
286
35
0
0
0
0
0
0
4005
3880
0
0
0
0
0
0
3685
3756
0
0
0
0
0
0
3613
3833
0
0
0
0
0
0
3827
4062
0
0
0
0
0
0
93
202
0
0
0
0
0
0
390
312
0
0
0
0
0
0
445
231
0
0
0
0
0
0
229
9
0
0
0
0
0
0
3974
3879
0
0
0
0
0
0
3701
3783
0
0
0
0
0
0
3666
3874
0
0
0
0
0
0
3886
4090
0
0
0
0
0
0
117
198
0
0
0
0
0
0
367
282
0
0
0
0
0
0
390
190
0
0
0
0
0
0
172
4077
0
0
0
0
0
0
3952
3883
0
0
0
0
0
0
3731
3821
0
0
0
0
0
0
3717
3909
0
0
0
0
0
0
3933
13
0
0
0
0
0
0
137
196
0
0
0
0
0
0
344
251
0
0
0
0
0
0
338
156
0
0
0
0
0
0
125
4056
0
0
0
0
0
0
3941
3893
0
0
0
0
0
0
3753
3847
0
0
0
0
0
0
3773
3948
0
0
0
0
0
0
3978
31
0
0
0
0
0
0
146
185
0
0
0
0
0
0
316
221
0
0
0
0
0
0
285
119
0
0
0
0
0
0
85
4043
0
0
0
0
0
0
3934
3906
0
0
0
0
0
0
3783
3878
0
0
0
0
0
0
3822
3978
0
0
0
0
0
0
4010
40
0
0
0
0
0
0
153
171
0
0
0
0
0
0
279
186
0
0
0
0
0
0
238
91
0
0
0
0
0
0
50
4032
0
0
0
0
0
0
3933
3920
0
0
0
0
0
0
3818
3911
0
0
0
0
0
0
3869
4007
0
0
0
0
0
0
4046
53
0
0
0
0
0
0
150
156
0
0
0
0
0
0
247
158
0
0
0
0
0
0
194
65
0
0
0
0
0
0
21
4026
0
0
0
0
0
0
3938
3938
0
0
0
0
0
0
3853
3939
0
0
0
0
0
0
3909
4030
0
0
0
0
0
0
4072
57
0
0
0
0
0
0
143
137
0
0
0
0
0
0
215
133
0
0
0
0
0
0
157
44
0
0
0
0
0
0
4095
4024
0
0
0
0
0
0
3947
3954
0
0
0
0
0
0
3887
3967
0
0
0
0
0
0
3945
4048
0
0
0
0
0
0
4090
56
0
0
0
0
0
0
130
117
0
0
0
0
0
0
186
109
0
0
0
0
0
0
117
23
0
0
0
0
0
0
4080
4027
0
0
0
0
0
0
3960
3975
0
0
0
0
0
0
3914
3986
0
0
0
0
0
0
3981
4066
0
0
0
0
0
0
8
55
0
0
0
0
0
0
118
101
0
0
0
0
0
0
152
83
0
0
0
0
0
0
90
12
0
0
0
0
0
0
4072
4031
0
0
0
0
0
0
3972
3991
0
0
0
0
0
0
3949
4014
0
0
0
0
0
0
4009
4076
0
0
0
0
0
0
14
48
0
0
0
0
0
0
103
83
0
0
0
0
0
0
119
61
0
0
0
0
0
0
63
2
0
0
0
0
0
0
4063
4034
0
0
0
0
0
0
3986
4006
0
0
0
0
0
0
3979
4033
0
0
0
0
0
0
4028
4084
0
0
0
0
0
0
25
49
0
0
0
0
0
0
87
66
0
0
0
0
0
0
94
46
0
0
0
0
0
0
41
4089
0
0
0
0
0
0
4061
4041
0
0
0
0
0
0
4005
4024
0
0
0
0
0
0
4003
4047
0
0
0
0
0
0
4049
4091
0
0
0
0
0
0
24
39
0
0
0
0
0
0
70
51
0
0
0
0
0
0
68
28
0
0
0
0
0
0
23
4083
0
0
0
0
0
0
4061
4050
0
0
0
0
0
0
4025
4042
0
0
0
0
0
0
4024
4058
0
0
0
0
0
0
4062
4093
0
0
0
0
0
0
24
32
0
0
0
0
0
0
52
35
0
0
0
0
0
0
50
20
0
0
0
0
0
0
9
4078
0
0
0
0
0
0
4065
4059
0
0
0
0
0
0
4037
4052
0
0
0
0
0
0
4045
4072
0
0
0
0
0
0
4078
2
0
0
0
0
0
0
16
20
0
0
0
0
0
0
39
25
0
0
0
0
0
0
30
8
0
0
0
0
0
0
2
4082
0
0
0
0
0
0
4069
4067
0
0
0
0
0
0
4056
4067
0
0
0
0
0
0
4059
4077
0
0
0
0
0
0
4082
1
0
0
0
0
0
0
16
14
0
0
0
0
0
0
19
9
0
0
0
0
0
0
23
8
0
0
0
0
0
0
4094
4082
0
0
0
0
0
0
4070
4068
0
0
0
0
0
0
4065
4073
0
0
0
0
0
0
4073
4084
0
0
0
0
0
0
4087
4093
0
0
0
0
0
0
5
8
0
0
0
0
0
0
14
5
0
0
0
0
0
0
6
4094
0
0
0
0
0
0
4091
4085
0
0
0
0
0
0
4078
4080
0
0
0
0
0
0
4078
4083
0
0
0
0
0
0
4082
4087
0
0
0
0
0
0
4088
4092
0
0
0
0
0
0
1
0
0
0
0
0
0
0
4095
4091
0
0
0
0
0
0
2
4094
0
0
0
0
0
0
4090
4087
0
0
0
0
0
0
4085
4085
0
0
0
0
0
0
4084
4086
0
0
0
0
0
0
4087
4089
0
0
0
0
0
0
4090
4092
0
0
0
0
0
0
4094
4093
0
0
0
0
0
0
4091
4091
0
0
0
0
0
0
4091
4089
0
0
0
0
0
0
4089
4088
0
0
0
0
0
0
4090
4090
0
0
0
0
0
0
4090
4089
0
0
0
0
0
0
4089
4090
0
0
0
0
0
0
4093
4093
0
0
0
0
0
0
4090
4090
0
0
0
0
0
0
4088
4088
0
0
0
0
0
0
4089
4090
0
0
0
0
0
0
4091
4090
0
0
0
0
0
0
4088
4088
0
0
0
0
0
0
4093
4095
0
0
0
0
0
0
2
1
0
0
0
0
0
0
4094
4094
0
0
0
0
0
0
0
0
0
0
0
0
0
0
0
4095
0
0
0
0
0
0
4095
4095
0
0
0
0
0
0
0
0
0
0
0
0
0
0
4095
4095
0
0
0
0
0
0
0
0
0
0
0
0
0
0
0
0
0
0
0
0
0
0
4095
4095
0
0
0
0
0
0
0
0
0
0
0
0
0
0
4095
4095
0
0
0
0
0
0
4095
0
0
0
0
0
0
0
0
0
0
0
0
0
0
0
4095
4095
0
0
0
0
0
0
0
0
0
0
0
0
0
0
0
4095
0
0
0
0
0
0
0
0
0
0
0
0
0
0
0
0
0
0
0
0
0
0
0
0
0
0
0
0
0
0
0
0
0
0
0
0
0
0
0
0
0
0
0
0
0
0
0
0
0
0
0
0
0
0
0
0
0
0
0
0
0
0
0
0
0
0
0
0
0
0
0
0
0
0
0
0
0
0
0
0
0
0
0
0
0
0
0
0
0
0
0
0
0
0
0
0
0
0
0
0
0
0
0
0
0
0
0
0
0
0
0
0
0
0
0
0
0
0
0
0
0
0
0
0
0
0
0
0
0
0
0
0
0
0
0
0
0
0
0
0
0
0
0
0
0
0
0
0
0
0
0
0
0
0
0
0
0
0
0
0
0
0
0
0
0
0
0
0
0
0
0
0
0
0
0
0
0
0
0
0
0
0
0
0
0
0
0
0
0
0
0
0
0
0
0
0
0
0
0
0
0
0
0
0
0
0
0
0
0
0
0
0
0
0
0
0
0
0
0
0
0
0
0
0
0
0
0
0
0
0
0
0
0
0
0
0
0
0
0
0
0
0
0
0
0
0
0
0
0
0
0
0
0
0
0
0
0
0
0
0
0
0
0
0
0
0
0
0
0
0
0
0
0
0
0
0
0
0
0
0
0
0
0
0
0
0
0
0
0
0
0
0
0
0
0
0
0
0
0
0
0
0
0
0
0
0
0
0
0
0
0
0
0
0
0
0
0
0
0
0
0
0
0
0
0
0
0
0
0
0
0
0
0
0
0
0
0
0
0
0
0
0
0
0
0
0
0
0
0
0
0
0
0
0
0
0
0
0
0
0
0
0
0
0
0
0
0
0
0
0
0
0
0
0
0
0
0
0
0
0
0
0
0
0
0
0
0
0
0
0
0
0
0
0
0
0
0
0
0
0
0
0
0
0
0
0
0
0
0
0
0
0
0
0
0
0
0
0
0
0
0
0
0
0
0
0
0
0
0
0
0
0
0
0
0
0
0
0
0
0
0
0
0
0
0
0
0
0
0
0
0
0
0
0
0
0
0
0
0
0
0
0
0
0
0
0
0
0
0
0
0
0
0
0
0
0
0
0
0
0
0
0
0
0
0
0
0
0
0
0
0
0
0
0
0
0
0
0
0
0
0
0
0
0
0
0
0
0
0
0
0
0
0
0
0
0
0
0
0
0
0
0
0
0
0
0
0
0
0
0
0
0
0
0
0
0
0
0
0
0
0
0
0
0
0
0
0
0
0
0
0
0
0
0
0
0
0
0
0
0
0
0
0
0
0
0
0
0
0
0
0
0
0
0
0
0
0
0
0
0
0
0
0
0
0
0
0
0
0
0
0
0
0
0
0
0
0
0
0
0
0
0
0
0
0
0
0
0
0
0
0
0
0
0
0
0
0
0
0
0
0
0
0
0
0
0
0
0
0
0
0
0
0
0
0
0
0
0
0
0
0
0
0
0
0
0
0
0
0
0
0
0
0
0
0
0
0
0
0
0
0
0
0
0
0
0
0
0
0
0
0
0
0
0
0
0
0
0
0
0
0
0
0
0
0
0
0
0
0
0
0
0
0
0
0
0
0
0
0
0
0
0
0
0
0
0
0
0
0
0
0
0
0
0
0
0
0
0
0
0
0
0
0
0
0
0
0
0
0
0
0
0
0
0
0
0
0
0
0
0
0
0
0
0
0
0
0
0
0
0
0
0
0
0
0
0
0
0
0
0
0
0
0
0
0
0
0
0
0
0
0
0
0
0
0
0
0
0
0
0
0
0
0
0
0
0
0
0
0
0
0
0
0
0
0
0
0
0
0
0
0
0
0
0
0
0
0
0
0
0
0
0
0
0
0
0
0
0
0
0
0
0
0
0
0
0
0
0
0
0
0
0
0
0
0
0
0
0
0
0
0
0
0
0
0
0
0
0
0
0
0
0
0
0
0
0
0
0
0
0
0
0
0
0
0
0
0
0
0
0
0
0
0
0
0
0
0
0
0
0
0
0
0
0
0
0
0
0
0
0
0
0
0
0
0
0
0
0
0
0
0
0
0
0
0
0
0
0
0
0
0
0
0
0
0
0
0
0
0
0
0
0
0
0
0
0
0
0
0
0
0
0
0
0
0
0
0
0
0
0
0
0
0
0
0
0
0
0
0
0
0
0
0
0
0
0
0
0
0
0
0
0
0
0
0
0
0
0
0
0
0
0
0
0
0
0
0
0
0
0
0
0
0
0
0
0
0
0
0
0
0
0
0
0
0
0
0
0
0
0
0
0
0
0
0
0
0
0
0
0
0
0
0
0
0
0
0
0
0
0
0
0
0
0
0
0
0
0
0
0
0
0
0
0
0
0
0
0
0
0
0
0
0
0
0
0
0
0
0
0
0
0
0
0
0
0
0
0
0
0
0
0
0
0
0
0
0
0
0
0
0
0
0
0
0
0
0
0
0
0
0
0
0
0
0
0
0
0
0
0
0
0
0
0
0
0
0
0
0
0
0
0
0
0
0
0
0
0
0
0
0
0
0
0
0
0
0
0
0
0
0
0
0
0
0
0
0
0
0
0
0
0
0
0
0
0
0
0
0
0
0
0
0
0
0
0
0
0
0
0
0
0
0
0
0
0
0
0
0
0
0
0
0
0
0
0
0
0
0
0
0
0
0
0
0
0
0
0
0
0
0
0
0
0
0
0
0
0
0
0
0
0
0
0
0
0
0
0
0
0
0
0
0
0
0
0
0
0
0
0
0
0
0
0
0
0
0
0
0
0
0
0
0
0
0
0
0
0
0
0
0
0
0
0
0
0
0
0
0
0
0
0
0
0
0
0
0
0
0
0
0
0
0
0
0
0
0
0
0
0
0
0
0
0
0
0
0
0
0
0
0
0
0
0
0
0
0
0
0
0
0
0
0
0
0
0
0
0
0
0
0
0
0
0
0
0
0
0
0
0
0
0
0
0
0
0
0
0
0
0
0
0
0
0
0
0
0
0
0
0
0
0
0
0
0
0
0
0
0
0
0
0
0
0
0
0
0
0
0
0
0
0
0
0
0
0
0
0
0
0
0
0
0
0
0
0
0
0
0
0
0
0
0
0
0
0
0
0
0
0
0
0
0
0
0
0
0
0
0
0
0
0
0
0
0
0
0
0
0
0
0
0
0
0
0
0
0
0
0
0
0
0
0
0
0
0
0
0
0
0
0
0
0
0
0
0
0
0
0
0
0
0
0
0
0
0
0
0
0
0
0
0
0
0
0
0
0
0
0
0
0
0
0
0
0
0
0
0
0
0
0
0
0
0
0
0
0
0
0
0
0
0
0
0
0
0
0
0
0
0
0
0
0
0
0
0
0
0
0
0
0
0
0
0
0
0
0
0
0
0
0
0
0
0
0
0
0
0
0
0
0
0
0
0
0
0
0
0
0
0
0
0
0
0
0
0
0
0
0
0
0
0
0
0
0
0
0
0
0
0
0
0
0
0
0
0
0
0
0
0
0
0
0
0
0
0
0
0
0
0
0
0
0
0
0
0
0
0
0
0
0
0
0
0
0
0
0
0
0
0
0
0
0
0
0
0
0
0
0
0
0
0
0
0
0
0
0
0
0
0
0
0
0
0
0
0
0
0
0
0
0
0
0
0
0
0
0
0
0
0
0
0
0
0
0
0
0
0
0
0
0
0
0
0
0
0
0
0
0
0
0
0
0
0
0
0
0
0
0
0
0
0
0
0
0
0
0
0
0
0
0
0
0
0
0
0
0
0
0
0
0
0
0
0
0
0
0
0
0
0
0
0
0
0
0
0
0
0
0
0
0
0
0
0
0
0
0
0
0
0
0
0
0
0
0
0
0
0
0
0
0
0
0
0
0
0
0
0
0
0
0
0
0
0
0
0
0
0
0
0
0
0
0
0
0
0
0
0
0
0
0
0
0
0
0
0
0
0
0
0
0
0
0
0
0
0
0
0
0
0
0
0
0
0
0
0
0
0
0
0
0
0
0
0
0
0
0
0
0
0
0
0
0
0
0
0
0
0
0
0
0
0
0
0
0
0
0
0
0
0
0
0
0
0
0
0
0
0
0
0
0
0
0
0
0
0
0
0
0
0
0
0
0
0
0
0
0
0
0
0
0
0
0
0
0
0
0
0
0
0
0
0
0
0
0
0
0
0
0
0
0
0
0
0
0
0
0
0
0
0
0
0
0
0
0
0
0
0
0
0
0
0
0
0
0
0
0
0
0
0
0
0
0
0
0
0
0
0
0
0
0
0
0
0
0
0
0
0
0
0
0
0
0
0
0
0
0
0
0
0
0
0
0
0
0
0
0
0
0
0
0
0
0
0
0
0
0
0
0
0
0
0
0
0
0
0
0
0
0
0
0
0
0
0
0
0
0
0
0
0
0
0
0
0
0
0
0
0
0
0
0
0
0
0
0
0
0
0
0
0
0
0
0
0
0
0
0
0
0
0
0
0
0
0
0
0
0
0
0
0
0
0
0
0
0
0
0
0
0
0
0
0
0
0
0
0
0
0
0
0
0
0
0
0
0
0
0
0
0
0
0
0
0
0
0
0
0
0
0
0
0
0
0
0
0
0
0
0
0
0
0
0
0
0
0
0
0
0
0
0
0
0
0
0
0
0
0
0
0
0
0
0
0
0
0
0
0
0
0
0
0
0
0
0
0
0
0
0
0
0
0
0
0
0
0
0
0
0
0
0
0
0
0
0
0
0
0
0
0
0
0
0
0
0
0
0
0
0
0
0
0
0
0
0
0
0
0
0
0
0
0
0
0
0
0
0
0
0
0
0
0
0
0
0
0
0
0
0
0
0
0
0
0
0
0
0
0
0
0
0
0
0
0
0
0
0
0
0
0
0
0
0
0
0
0
0
0
0
0
0
0
0
0
0
0
0
0
0
0
0
0
0
0
0
0
0
0
0
0
0
0
0
0
0
0
0
0
0
0
0
0
0
0
0
0
0
0
0
0
0
0
0
0
0
0
0
0
0
0
0
0
0
0
0
0
0
0
0
0
0
0
0
0
0
0
0
0
0
0
0
0
0
0
0
0
0
0
0
0
0
0
0
0
0
0
0
0
0
0
0
0
0
0
0
0
0
0
0
0
0
0
0
0
0
0
0
0
0
0
0
0
0
0
0
0
0
0
0
0
0
0
0
0
0
0
0
0
0
0
0
0
0
0
0
0
0
0
0
0
0
0
0
0
0
0
0
0
0
0
0
0
0
0
0
0
0
0
0
0
0
0
0
0
0
0
0
0
0
0
0
0
0
0
0
0
0
0
0
0
0
0
0
0
0
0
0
0
0
0
0
0
0
0
0
0
0
0
0
0
0
0
0
0
0
0
0
0
0
0
0
0
0
0
0
0
0
0
0
0
0
0
0
0
0
0
0
0
0
0
0
0
0
0
0
0
0
0
0
0
0
0
0
0
0
0
0
0
0
0
0
0
0
0
0
0
0
0
0
0
0
0
0
0
0
0
0
0
0
0
0
0
0
0
0
0
0
0
0
0
0
0
0
0
0
0
0
0
0
0
0
0
0
0
0
0
0
0
0
0
0
0
0
0
0
0
0
0
0
0
0
0
0
0
0
0
0
0
0
0
0
0
0
0
0
0
0
0
0
0
0
0
0
0
0
0
0
0
0
0
0
0
0
0
0
0
0
0
0
0
0
0
0
0
0
0
0
0
0
0
0
0
0
0
0
0
0
0
0
0
0
0
0
0
0
0
0
0
0
0
0
0
0
0
0
0
0
0
0
0
0
0
0
0
0
0
0
0
0
0
0
0
0
0
0
0
0
0
0
0
0
0
0
0
0
0
0
0
0
0
0
0
0
0
0
0
0
0
0
0
0
0
0
0
0
0
0
0
0
0
0
0
0
0
0
0
0
0
0
0
0
0
0
0
0
0
0
0
0
0
0
0
0
0
0
0
0
0
0
0
0
0
0
0
0
0
0
0
0
0
0
0
0
0
0
0
0
0
0
0
0
0
0
0
0
0
0
0
0
0
0
0
0
0
0
0
0
0
0
0
0
0
0
0
0
0
0
0
0
0
0
0
0
0
0
0
0
0
0
0
0
0
0
0
0
0
0
0
0
0
0
0
0
0
0
0
0
0
0
0
0
0
0
0
0
0
0
0
0
0
0
0
0
0
0
0
0
0
0
0
0
0
0
0
0
0
0
0
0
0
0
0
0
0
0
0
0
0
0
0
0
0
0
0
0
0
0
0
0
0
0
0
0
0
0
0
0
0
0
0
0
0
0
0
0
0
0
0
0
0
0
0
0
0
0
0
0
0
0
0
0
0
0
0
0
0
0
0
0
0
0
0
0
0
0
0
0
0
0
0
0
0
0
0
0
0
0
0
0
0
0
0
0
0
0
0
0
0
0
0
0
0
0
0
0
0
0
0
0
0
0
0
0
0
0
0
0
0
0
0
0
0
0
0
0
0
0
0
0
0
0
0
0
0
0
0
0
0
0
0
0
0
0
0
0
0
0
0
0
0
0
0
0
0
0
0
0
0
0
0
0
0
0
0
0
0
0
0
0
0
0
0
0
0
0
0
0
0
0
0
0
0
0
0
0
0
0
0
0
0
0
0
0
0
0
0
0
0
0
0
0
0
0
0
0
0
0
0
0
0
0
0
0
0
0
0
0
0
0
0
0
0
0
0
0
0
0
0
0
0
0
0
0
0
0
0
0
0
0
0
0
0
0
0
0
0
0
0
0
0
0
0
0
0
0
0
0
0
0
0
0
0
0
0
0
0
0
0
0
0
0
0
0
0
0
0
0
0
0
0
0
0
0
0
0
0
0
0
0
0
0
0
0
0
0
0
0
0
0
0
0
0
0
0
0
0
0
0
0
0
0
0
0
0
0
0
0
0
0
0
0
0
0
0
0
0
0
0
0
0
0
0
0
0
0
0
0
0
0
0
0
0
0
0
0
0
0
0
0
0
0
0
0
0
0
0
0
0
0
0
0
0
0
0
0
0
0
0
0
0
0
0
0
0
0
0
0
0
0
0
0
0
0
0
0
0
0
0
0
0
0
0
0
0
0
0
0
0
0
0
0
0
0
0
0
0
0
0
0
0
0
0
0
0
0
0
0
0
0
0
0
0
0
0
0
0
0
0
0
0
0
0
0
0
0
0
0
0
0
0
0
0
0
0
0
0
0
0
0
0
0
0
0
0
0
0
0
0
0
0
0
0
0
0
0
0
0
0
0
0
0
0
0
0
0
0
0
0
0
0
0
0
0
0
0
0
0
0
0
0
0
0
0
0
0
0
0
0
0
0
0
0
0
0
0
0
0
0
0
0
0
0
0
0
0
0
0
0
0
0
0
0
0
0
0
0
0
0
0
0
0
0
0
0
0
0
0
0
0
0
0
0
0
0
0
0
0
0
0
0
0
0
0
0
0
0
0
0
0
0
0
0
0
0
0
0
0
0
0
0
0
0
0
0
0
0
0
0
0
0
0
0
0
0
0
0
0
0
0
0
0
0
0
0
0
0
0
0
0
0
0
0
0
0
0
0
0
0
0
0
0
0
0
0
0
0
0
0
0
0
0
0
0
0
0
0
0
0
0
0
0
0
0
0
0
0
0
0
0
0
0
0
0
0
0
0
0
0
0
0
0
0
0
0
0
0
0
0
0
0
0
0
0
0
0
0
0
0
0
0
0
0
0
0
0
0
0
0
0
0
0
0
0
0
0
0
0
0
0
0
0
0
0
0
0
0
0
0
0
0
0
0
0
0
0
0
0
0
0
0
0
0
0
0
0
0
0
0
0
0
0
0
0
0
0
0
0
0
0
0
0
0
0
0
0
0
0
0
0
0
0
0
0
0
0
0
0
0
0
0
0
0
0
0
0
0
0
0
0
0
0
0
0
0
0
0
0
0
0
0
0
0
0
0
0
0
0
0
0
0
0
0
0
0
0
0
0
0
0
0
0
0
0
0
0
0
0
0
0
0
0
0
0
0
0
0
0
0
0
0
0
0
0
0
0
0
0
0
0
0
0
0
0
0
0
0
0
0
0
0
0
0
0
0
0
0
0
0
0
0
0
0
0
0
0
0
0
0
0
0
0
0
0
0
0
0
0
0
0
0
0
0
0
0
0
0
0
0
0
0
0
0
0
0
0
0
0
0
0
0
0
0
0
0
0
0
0
0
0
0
0
0
0
0
0
0
0
0
0
0
0
0
0
0
0
0
0
0
0
0
0
0
0
0
0
0
0
0
0
0
0
0
0
0
0
0
0
0
0
0
0
0
0
0
0
0
0
0
0
0
0
0
0
0
0
0
0
0
0
0
0
0
0
0
0
0
0
0
0
0
0
0
0
0
0
0
0
0
0
0
0
0
0
0
0
0
0
0
0
0
0
0
0
0
0
0
0
0
0
0
0
0
0
0
0
0
0
0
0
0
0
0
0
0
0
0
0
0
0
0
0
0
0
0
0
0
0
0
0
0
0
0
0
0
0
0
0
0
0
0
0
0
0
0
0
0
0
0
0
0
0
0
0
0
0
0
0
0
0
0
0
0
0
0
0
0
0
0
0
0
0
0
0
0
0
0
0
0
0
0
0
0
0
0
0
0
0
0
0
0
0
0
0
0
0
0
0
0
0
0
0
0
0
0
0
0
0
0
0
0
0
0
0
0
0
0
0
0
0
0
0
0
0
0
0
0
0
0
0
0
0
0
0
0
0
0
0
0
0
0
0
0
0
0
0
0
0
0
0
0
0
0
0
0
0
0
0
0
0
0
0
0
0
0
0
0
0
0
0
0
0
0
0
0
0
0
0
0
0
0
0
0
0
0
0
0
0
0
0
0
0
0
0
0
0
0
0
0
0
0
0
0
0
0
0
0
0
0
0
0
0
0
0
0
0
0
0
0
0
0
0
0
0
0
0
0
0
0
0
0
0
0
0
0
0
0
0
0
0
0
0
0
0
0
0
0
0
0
0
0
0
0
0
0
0
0
0
0
0
0
0
0
0
0
0
0
0
0
0
0
0
0
0
0
0
0
0
0
0
0
0
0
0
0
0
0
0
0
0
0
0
0
0
0
0
0
0
0
0
0
0
0
0
0
0
0
0
0
0
0
0
0
0
0
0
0
0
0
0
0
0
0
0
0
0
0
0
0
0
0
0
0
0
0
0
0
0
0
0
0
0
0
0
0
0
0
0
0
0
0
0
0
0
0
0
0
0
0
0
0
0
0
0
0
0
0
0
0
0
0
0
0
0
0
0
0
0
0
0
0
0
0
0
0
0
0
0
0
0
0
0
0
0
0
0
0
0
0
0
0
0
0
0
0
0
0
0
0
0
0
0
0
0
0
0
0
0
0
0
0
0
0
0
0
0
0
0
0
0
0
0
0
0
0
0
0
0
0
0
0
0
0
0
0
0
0
0
0
0
0
0
0
0
0
0
0
0
0
0
0
0
0
0
0
0
0
0
0
0
0
0
0
0
0
0
0
0
0
0
0
0
0
0
0
0
0
0
0
0
0
0
0
0
0
0
0
0
0
0
0
0
0
0
0
0
0
0
0
0
0
0
0
0
0
0
0
0
0
0
0
0
0
0
0
0
0
0
0
0
0
0
0
0
0
0
0
0
0
0
0
0
0
0
0
0
0
0
0
0
0
0
0
0
0
0
0
0
0
0
0
0
0
0
0
0
0
0
0
0
0
0
0
0
0
0
0
0
0
0
0
0
0
0
0
0
0
0
0
0
0
0
0
0
0
0
0
0
0
0
0
0
0
0
0
0
0
0
0
0
0
0
0
0
0
0
0
0
0
0
0
0
0
0
0
0
0
0
0
0
0
0
0
0
0
0
0
0
0
0
0
0
0
0
0
0
0
0
0
0
0
0
0
0
0
0
0
0
0
0
0
0
0
0
0
0
0
0
0
0
0
0
0
0
0
0
0
0
0
0
0
0
0
0
0
0
0
0
0
0
0
0
0
0
0
0
0
0
0
0
0
0
0
0
0
0
0
0
0
0
0
0
0
0
0
0
0
0
0
0
0
0
0
0
0
0
0
0
0
0
0
0
0
0
0
0
0
0
0
0
0
0
0
0
0
0
0
0
0
0
0
0
0
0
0
0
0
0
0
0
0
0
0
0
0
0
0
0
0
0
0
0
0
0
0
0
0
0
0
0
0
0
0
0
0
0
0
0
0
0
0
0
0
0
0
0
0
0
0
0
0
0
0
0
0
0
0
0
0
0
0
0
0
0
0
0
0
0
0
0
0
0
0
0
0
0
0
0
0
0
0
0
0
0
0
0
0
0
0
0
0
0
0
0
0
0
0
0
0
0
0
0
0
0
0
0
0
0
0
0
0
0
0
0
0
0
0
0
0
0
0
0
0
0
0
0
0
0
0
0
0
0
0
0
0
0
0
0
0
0
0
0
0
0
0
0
0
0
0
0
0
0
0
0
0
0
0
0
0
0
0
0
0
0
0
0
0
0
0
0
0
0
0
0
0
0
0
0
0
0
0
0
0
0
0
0
0
0
0
0
0
0
0
0
0
0
0
0
0
0
0
0
0
0
0
0
0
0
0
0
0
0
0
0
0
0
0
0
0
0
0
0
0
0
0
0
0
0
0
0
0
0
0
0
0
0
0
0
0
0
0
0
0
0
0
0
0
0
0
0
0
0
0
0
0
0
0
0
0
0
0
0
0
0
0
0
0
0
0
0
0
0
0
0
0
0
0
0
0
0
0
0
0
0
0
0
0
0
0
0
0
0
0
0
0
0
0
0
0
0
0
0
0
0
0
0
0
0
0
0
0
0
0
0
0
0
0
0
0
0
0
0
0
0
0
0
0
0
0
0
0
0
0
0
0
0
0
0
0
0
0
0
0
0
0
0
0
0
0
0
0
0
0
0
0
0
0
0
0
0
0
0
0
0
0
0
0
0
0
0
0
0
0
0
0
0
0
0
0
0
0
0
0
0
0
0
0
0
0
0
0
0
0
0
0
0
0
0
0
0
0
0
0
0
0
0
0
0
0
0
0
0
0
0
0
0
0
0
0
0
0
0
0
0
0
0
0
0
0
0
0
0
0
0
0
0
0
0
0
0
0
0
0
0
0
0
0
0
0
0
0
0
0
0
0
0
0
0
0
0
0
0
0
0
0
0
0
0
0
0
0
0
0
0
0
0
0
0
0
0
0
0
0
0
0
0
0
0
0
0
0
0
0
0
0
0
0
0
0
0
0
0
0
0
0
0
0
0
0
0
0
0
0
0
0
0
0
0
0
0
0
0
0
0
0
0
0
0
0
0
0
0
0
0
0
0
0
0
0
0
0
0
0
0
0
0
0
0
0
0
0
0
0
0
0
0
0
0
0
0
0
0
0
0
0
0
0
0
0
0
0
0
0
0
0
0
0
0
0
0
0
0
0
0
0
0
0
0
0
0
0
0
0
0
0
0
0
0
0
0
0
0
0
0
0
0
0
0
0
0
0
0
0
0
0
0
0
0
0
0
0
0
0
0
0
0
0
0
0
0
0
0
0
0
0
0
0
0
0
0
0
0
0
0
0
0
0
0
0
0
0
0
0
0
0
0
0
0
0
0
0
0
0
0
0
0
0
0
0
0
0
0
0
0
0
0
0
0
0
0
0
0
0
0
0
0
0
0
0
0
0
0
0
0
0
0
0
0
0
0
0
0
0
0
0
0
0
0
0
0
0
0
0
0
0
0
0
0
0
0
0
0
0
0
0
0
0
0
0
0
0
0
0
0
0
0
0
0
0
0
0
0
0
0
0
0
0
0
0
0
0
0
0
0
0
0
0
0
0
0
0
0
0
0
0
0
0
0
0
0
0
0
0
0
0
0
0
0
0
0
0
0
0
0
0
0
0
0
0
0
0
0
0
0
0
0
0
0
0
0
0
0
0
0
0
0
0
0
0
0
0
0
0
0
0
0
0
0
0
0
0
0
0
0
0
0
0
0
0
0
0
0
0
0
0
0
0
0
0
0
0
0
0
0
0
0
0
0
0
0
0
0
0
0
0
0
0
0
0
0
0
0
0
0
0
0
0
0
0
0
0
0
0
0
0
0
0
0
0
0
0
0
0
0
0
0
0
0
0
0
0
0
0
0
0
0
0
0
0
0
0
0
0
0
0
0
0
0
0
0
0
0
0
0
0
0
0
0
0
0
0
0
0
0
0
0
0
0
0
0
0
0
0
0
0
0
0
0
0
0
0
0
0
0
0
0
0
0
0
0
0
0
0
0
0
0
0
0
0
0
0
0
0
0
0
0
0
0
0
0
0
0
0
0
0
0
0
0
0
0
0
0
0
0
0
0
0
0
0
0
0
0
0
0
0
0
0
0
0
0
0
0
0
0
0
0
0
0
0
0
0
0
0
0
0
0
0
0
0
0
0
0
0
0
0
0
0
0
0
0
0
0
0
0
0
0
0
0
0
0
0
0
0
0
0
0
0
0
0
0
0
0
0
0
0
0
0
0
0
0
0
0
0
0
0
0
0
0
0
0
0
0
0
0
0
0
0
0
0
0
0
0
0
0
0
0
0
0
0
0
0
0
0
0
0
0
0
0
0
0
0
0
0
0
0
0
0
0
0
0
0
0
0
0
0
0
0
0
0
0
0
0
0
0
0
0
0
0
0
0
0
0
0
0
0
0
0
0
0
0
0
0
0
0
0
0
0
0
0
0
0
0
0
0
0
0
0
0
0
0
0
0
0
0
0
0
0
0
0
0
0
0
0
0
0
0
0
0
0
0
0
0
0
0
0
0
0
0
0
0
0
0
0
0
0
0
0
0
0
0
0
0
0
0
0
0
0
0
0
0
0
0
0
0
0
0
0
0
0
0
0
0
0
0
0
0
0
0
0
0
0
0
0
0
0
0
0
0
0
0
0
0
0
0
0
0
0
0
0
0
0
0
0
0
0
0
0
0
0
0
0
0
0
0
0
0
0
0
0
0
0
0
0
0
0
0
0
0
0
0
0
0
0
0
0
0
0
0
0
0
0
0
0
0
0
0
0
0
0
0
0
0
0
0
0
0
0
0
0
0
0
0
0
0
0
0
0
0
0
0
0
0
0
0
0
0
0
0
0
0
0
0
0
0
0
0
0
0
0
0
0
0
0
0
0
0
0
0
0
0
0
0
0
0
0
0
0
0
0
0
0
0
0
0
0
0
0
0
0
0
0
0
0
0
0
0
0
0
0
0
0
0
0
0
0
0
0
0
0
0
0
0
0
0
0
0
0
0
0
0
0
0
0
0
0
0
0
0
0
0
0
0
0
0
0
0
0
0
0
0
0
0
0
0
0
0
0
0
0
0
0
0
0
0
0
0
0
0
0
0
0
0
0
0
0
0
0
0
0
0
0
0
0
0
0
0
0
0
0
0
0
0
0
0
0
0
0
0
0
0
0
0
0
0
0
0
0
0
0
0
0
0
0
0
0
0
0
0
0
0
0
0
0
0
0
0
0
0
0
0
0
0
0
0
0
0
0
0
0
0
0
0
0
0
0
0
0
0
0
0
0
0
0
0
0
0
0
0
0
0
0
0
0
0
0
0
0
0
0
0
0
0
0
0
0
0
0
0
0
0
0
0
0
0
0
0
0
0
0
0
0
0
0
0
0
0
0
0
0
0
0
0
0
0
0
0
0
0
0
0
0
0
0
0
0
0
0
0
0
0
0
0
0
0
0
0
0
0
0
0
0
0
0
0
0
0
0
0
0
0
0
0
0
0
0
0
0
0
0
0
0
0
0
0
0
0
0
0
0
0
0
0
0
0
0
0
0
0
0
0
0
0
0
0
0
0
0
0
0
0
0
0
0
0
0
0
0
0
0
0
0
0
0
0
0
0
0
0
0
0
0
0
0
0
0
0
0
0
0
0
0
0
0
0
0
0
0
0
0
0
0
0
0
0
0
0
0
0
0
0
0
0
0
0
0
0
0
0
0
0
0
0
0
0
0
0
0
0
0
0
0
0
0
0
0
0
0
0
0
0
0
0
0
0
0
0
0
0
0
0
0
0
0
0
0
0
0
0
0
0
0
0
0
0
0
0
0
0
0
0
0
0
0
0
0
0
0
0
0
0
0
0
0
0
0
0
0
0
0
0
0
0
0
0
0
0
0
0
0
0
0
0
0
0
0
0
0
0
0
0
0
0
0
0
0
0
0
0
0
0
0
0
0
0
0
0
0
0
0
0
0
0
0
0
0
0
0
0
0
0
0
0
0
0
0
0
0
0
0
0
0
0
0
0
0
0
0
0
0
0
0
0
0
0
0
0
0
0
0
0
0
0
0
0
0
0
0
0
0
0
0
0
0
0
0
0
0
0
0
0
0
0
0
0
0
0
0
0
0
0
0
0
0
0
0
0
0
0
0
0
0
0
0
0
0
0
0
0
0
0
0
0
0
0
0
0
0
0
0
0
0
0
0
0
0
0
0
0
0
0
0
0
0
0
0
0
0
0
0
0
0
0
0
0
0
0
0
0
0
0
0
0
0
0
0
0
0
0
0
0
0
0
0
0
0
0
0
0
0
0
0
0
0
0
0
0
0
0
0
0
0
0
0
0
0
0
0
0
0
0
0
0
0
0
0
0
0
0
0
0
0
0
0
0
0
0
0
0
0
0
0
0
0
0
0
0
0
0
0
0
0
0
0
0
0
0
0
0
0
0
0
0
0
0
0
0
0
0
0
0
0
0
0
0
0
0
0
0
0
0
0
0
0
0
0
0
0
0
0
0
0
0
0
0
0
0
0
0
0
0
0
0
0
0
0
0
0
0
0
0
0
0
0
0
0
0
0
0
0
0
0
0
0
0
0
0
0
0
0
0
0
0
0
0
0
0
0
0
0
0
0
0
0
0
0
0
0
0
0
0
0
0
0
0
0
0
0
0
0
0
0
0
0
0
0
0
0
0
0
0
0
0
0
0
0
0
0
0
0
0
0
0
0
0
0
0
0
0
0
0
0
0
0
0
0
0
0
0
0
0
0
0
0
0
0
0
0
0
0
0
0
0
0
0
0
0
0
0
0
0
0
0
0
0
0
0
0
0
0
0
0
0
0
0
0
0
0
0
0
0
0
0
0
0
0
0
0
0
0
0
0
0
0
0
0
0
0
0
0
0
0
0
0
0
0
0
0
0
0
0
0
0
0
0
0
0
0
0
0
0
0
0
0
0
0
0
0
0
0
0
0
0
0
0
0
0
0
0
0
0
0
0
0
0
0
0
0
0
0
0
0
0
0
0
0
0
0
0
0
0
0
0
0
0
0
0
0
0
0
0
0
0
0
0
0
0
0
0
0
0
0
0
0
0
0
0
0
0
0
0
0
0
0
0
0
0
0
0
0
0
0
0
0
0
0
0
0
0
0
0
0
0
0
0
0
0
0
0
0
0
0
0
0
0
0
0
0
0
0
0
0
0
0
0
0
0
0
0
0
0
0
0
0
0
0
0
0
0
0
0
0
0
0
0
0
0
0
0
0
0
0
0
0
0
0
0
0
0
0
0
0
0
0
0
0
0
0
0
0
0
0
0
0
0
0
0
0
0
0
0
0
0
0
0
0
0
0
0
0
0
0
0
0
0
0
0
0
0
0
0
0
0
0
0
0
0
0
0
0
0
0
0
0
0
0
0
0
0
0
0
0
0
0
0
0
0
0
0
0
0
0
0
0
0
0
0
0
0
0
0
0
0
0
0
0
0
0
0
0
0
0
0
0
0
0
0
0
0
0
0
0
0
0
0
0
0
0
0
0
0
0
0
0
0
0
0
0
0
0
0
0
0
0
0
0
0
0
0
0
0
0
0
0
0
0
0
0
0
0
0
0
0
0
0
0
0
0
0
0
0
0
0
0
0
0
0
0
0
0
0
0
0
0
0
0
0
0
0
0
0
0
0
0
0
0
0
0
0
0
0
0
0
0
0
0
0
0
0
0
0
0
0
0
0
0
0
0
0
0
0
0
0
0
0
0
0
0
0
0
0
0
0
0
0
0
0
0
0
0
0
0
0
0
0
0
0
0
0
0
0
0
0
0
0
0
0
0
0
0
0
0
0
0
0
0
0
0
0
0
0
0
0
0
0
0
0
0
0
0
0
0
0
0
0
0
0
0
0
0
0
0
0
0
0
0
0
0
0
0
0
0
0
0
0
0
0
0
0
0
0
0
0
0
0
0
0
0
0
0
0
0
0
0
0
0
0
0
0
0
0
0
0
0
0
0
0
0
0
0
0
0
0
0
0
0
0
0
0
0
0
0
0
0
0
0
0
0
0
0
0
0
0
0
0
0
0
0
0
0
0
0
0
0
0
0
0
0
0
0
0
0
0
0
0
0
0
0
0
0
0
0
0
0
0
0
0
0
0
0
0
0
0
0
0
0
0
0
0
0
0
0
0
0
0
0
0
0
0
0
0
0
0
0
0
0
0
0
0
0
0
0
0
0
0
0
0
0
0
0
0
0
0
0
0
0
0
0
0
0
0
0
0
0
0
0
0
0
0
0
0
0
0
0
0
0
0
0
0
0
0
0
0
0
0
0
0
0
0
0
0
0
0
0
0
0
0
0
0
0
0
0
0
0
0
0
0
0
0
0
0
0
0
0
0
0
0
0
0
0
0
0
0
0
0
0
0
0
0
0
0
0
0
0
0
0
0
0
0
0
0
0
0
0
0
0
0
0
0
0
0
0
0
0
0
0
0
0
0
0
0
0
0
0
0
0
0
0
0
0
0
0
0
0
0
0
0
0
0
0
0
0
0
0
0
0
0
0
0
0
0
0
0
0
0
0
0
0
0
0
0
0
0
0
0
0
0
0
0
0
0
0
0
0
0
0
0
0
0
0
0
0
0
0
0
0
0
0
0
0
0
0
0
0
0
0
0
0
0
0
0
0
0
0
0
0
0
0
0
0
0
0
0
0
0
0
0
0
0
0
0
0
0
0
0
0
0
0
0
0
0
0
0
0
0
0
0
0
0
0
0
0
0
0
0
0
0
0
0
0
0
0
0
0
0
0
0
0
0
0
0
0
0
0
0
0
0
0
0
0
0
0
0
0
0
0
0
0
0
0
0
0
0
0
0
0
0
0
0
0
0
0
0
0
0
0
0
0
0
0
0
0
0
0
0
0
0
0
0
0
0
0
0
0
0
0
0
0
0
0
0
0
0
0
0
0
0
0
0
0
0
0
0
0
0
0
0
0
0
0
0
0
0
0
0
0
0
0
0
0
0
0
0
0
0
0
0
0
0
0
0
0
0
0
0
0
0
0
0
0
0
0
0
0
0
0
0
0
0
0
0
0
0
0
0
0
0
0
0
0
0
0
0
0
0
0
0
0
0
0
0
0
0
0
0
0
0
0
0
0
0
0
0
0
0
0
0
0
0
0
0
0
0
0
0
0
0
0
0
0
0
0
0
0
0
0
0
0
0
0
0
