0
4095
0
0
0
0
0
0
0
4095
0
0
0
0
0
0
0
4095
0
0
0
0
0
0
0
4095
0
0
0
0
0
0
0
4095
0
0
0
0
0
0
0
4095
0
0
0
0
0
0
0
4095
0
0
0
0
0
0
0
4095
0
0
0
0
0
0
0
4095
0
0
0
0
0
0
0
4095
0
0
0
0
0
0
0
4095
0
0
0
0
0
0
0
4095
0
0
0
0
0
0
0
4095
0
0
0
0
0
0
0
4095
0
0
0
0
0
0
0
4095
0
0
0
0
0
0
0
4095
0
0
0
0
0
0
0
4095
0
0
0
0
0
0
0
4095
0
0
0
0
0
0
0
4095
0
0
0
0
0
0
0
4095
0
0
0
0
0
0
0
4095
0
0
0
0
0
0
0
4095
0
0
0
0
0
0
0
4095
0
0
0
0
0
0
4093
0
0
0
0
0
0
0
0
4093
0
0
0
0
0
0
3
4091
0
0
0
0
0
0
2
4089
0
0
0
0
0
0
12
4079
0
0
0
0
0
0
22
4070
0
0
0
0
0
0
28
4064
0
0
0
0
0
0
31
4058
0
0
0
0
0
0
41
4045
0
0
0
0
0
0
59
4025
0
0
0
0
0
0
82
4003
0
0
0
0
0
0
101
3981
0
0
0
0
0
0
124
3954
0
0
0
0
0
0
159
3921
0
0
0
0
0
0
182
3895
0
0
0
0
0
0
215
3863
0
0
0
0
0
0
245
3834
0
0
0
0
0
0
268
3816
0
0
0
0
0
0
275
3819
0
0
0
0
0
0
249
3846
0
0
0
0
0
0
225
3879
0
0
0
0
0
0
176
3933
0
0
0
0
0
0
123
4001
0
0
0
0
0
0
30
4
0
0
0
0
0
0
4027
109
0
0
0
0
0
0
3918
226
0
0
0
0
0
0
3800
348
0
0
0
0
0
0
3681
470
0
0
0
0
0
0
3568
582
0
0
0
0
0
0
3470
678
0
0
0
0
0
0
3383
753
0
0
0
0
0
0
3342
783
0
0
0
0
0
0
3332
779
0
0
0
0
0
0
3364
731
0
0
0
0
0
0
3436
640
0
0
0
0
0
0
3550
506
0
0
0
0
0
0
3707
329
0
0
0
0
0
0
3904
110
0
0
0
0
0
0
49
3946
0
0
0
0
0
0
312
3667
0
0
0
0
0
0
600
3367
0
0
0
0
0
0
892
3068
0
0
0
0
0
0
1169
2792
0
0
0
0
0
0
1410
2556
0
0
0
0
0
0
1616
2363
0
0
0
0
0
0
1760
2238
0
0
0
0
0
0
1838
2186
0
0
0
0
0
0
1832
2223
0
0
0
0
0
0
1746
2347
0
0
0
0
0
0
1559
2571
0
0
0
0
0
0
1296
2875
0
0
0
0
0
0
946
3265
0
0
0
0
0
0
523
3725
0
0
0
0
0
0
43
143
0
0
0
0
0
0
3613
695
0
0
0
0
0
0
3074
1251
0
0
0
0
0
0
2550
1784
0
0
0
0
0
0
2058
2274
0
0
0
0
0
0
1624
2695
0
0
0
0
0
0
1274
3015
0
0
0
0
0
0
1052
3201
0
0
0
0
0
0
954
3255
0
0
0
0
0
0
987
3166
0
0
0
0
0
0
1168
2921
0
0
0
0
0
0
1513
2512
0
0
0
0
0
0
1989
1969
0
0
0
0
0
0
2604
1289
0
0
0
0
0
0
3332
503
0
0
0
0
0
0
42
3743
0
0
0
0
0
0
896
2848
0
0
0
0
0
0
1767
1954
0
0
0
0
0
0
2609
1103
0
0
0
0
0
0
3375
345
0
0
0
0
0
0
4031
3809
0
0
0
0
0
0
455
3334
0
0
0
0
0
0
781
3067
0
0
0
0
0
0
913
3008
0
0
0
0
0
0
824
3184
0
0
0
0
0
0
499
3603
0
0
0
0
0
0
4047
152
0
0
0
0
0
0
3290
1007
0
0
0
0
0
0
2347
2043
0
0
0
0
0
0
1254
3222
0
0
0
0
0
0
46
407
0
0
0
0
0
0
2869
1734
0
0
0
0
0
0
1589
3044
0
0
0
0
0
0
376
171
0
0
0
0
0
0
3370
1257
0
0
0
0
0
0
2439
2150
0
0
0
0
0
0
1723
2801
0
0
0
0
0
0
1271
3166
0
0
0
0
0
0
1116
3212
0
0
0
0
0
0
1283
2924
0
0
0
0
0
0
1772
2306
0
0
0
0
0
0
2561
1379
0
0
0
0
0
0
3648
155
0
0
0
0
0
0
895
2779
0
0
0
0
0
0
2440
1121
0
0
0
0
0
0
29
3437
0
0
0
0
0
0
1785
1609
0
0
0
0
0
0
3536
3913
0
0
0
0
0
0
1100
2242
0
0
0
0
0
0
2597
771
0
0
0
0
0
0
3842
3679
0
0
0
0
0
0
688
2830
0
0
0
0
0
0
3445
1813
0
0
0
0
0
0
1930
1297
0
0
0
0
0
0
1609
2228
0
0
0
0
0
0
2581
1360
0
0
0
0
0
0
424
3354
0
0
0
0
0
0
1612
2825
0
0
0
0
0
0
2464
2019
0
0
0
0
0
0
2207
2577
0
0
0
0
0
0
3750
1128
0
0
0
0
0
0
1839
3162
0
0
0
0
0
0
3586
1463
0
0
0
0
0
0
1502
3563
0
0
0
0
0
0
3654
1374
0
0
0
0
0
0
2073
2882
0
0
0
0
0
0
375
915
0
0
0
0
0
0
3748
1482
0
0
0
0
0
0
1980
2689
0
0
0
0
0
0
2322
2136
0
0
0
0
0
0
1137
3512
0
0
0
0
0
0
2554
1862
0
0
0
0
0
0
2535
1247
0
0
0
0
0
0
756
2817
0
0
0
0
0
0
1719
1525
0
0
0
0
0
0
468
2623
0
0
0
0
0
0
3026
4017
0
0
0
0
0
0
1828
1057
0
0
0
0
0
0
381
2491
0
0
0
0
0
0
2798
119
0
0
0
0
0
0
1180
1283
0
0
0
0
0
0
2672
4040
0
0
0
0
0
0
1018
2172
0
0
0
0
0
0
3426
1622
0
0
0
0
0
0
2855
413
0
0
0
0
0
0
1633
2363
0
0
0
0
0
0
1844
2401
0
0
0
0
0
0
2473
1704
0
0
0
0
0
0
2813
1558
0
0
0
0
0
0
1719
3311
0
0
0
0
0
0
2066
3126
0
0
0
0
0
0
168
1205
0
0
0
0
0
0
667
772
0
0
0
0
0
0
1827
3751
0
0
0
0
0
0
778
3117
0
0
0
0
0
0
119
1735
0
0
0
0
0
0
2507
2811
0
0
0
0
0
0
1737
1790
0
0
0
0
0
0
642
474
0
0
0
0
0
0
2247
2267
0
0
0
0
0
0
933
3809
0
0
0
0
0
0
845
3368
0
0
0
0
0
0
3009
551
0
0
0
0
0
0
1869
1330
0
0
0
0
0
0
3977
3487
0
0
0
0
0
0
393
2195
0
0
0
0
0
0
2368
213
0
0
0
0
0
0
461
1860
0
0
0
0
0
0
733
1617
0
0
0
0
0
0
189
1640
0
0
0
0
0
0
3167
2920
0
0
0
0
0
0
3147
2980
0
0
0
0
0
0
297
2025
0
0
0
0
0
0
91
2530
0
0
0
0
0
0
3460
3639
0
0
0
0
0
0
1647
1749
0
0
0
0
0
0
3102
702
0
0
0
0
0
0
3716
483
0
0
0
0
0
0
3154
1962
0
0
0
0
0
0
2549
2882
0
0
0
0
0
0
3670
2189
0
0
0
0
0
0
2645
3392
0
0
0
0
0
0
2187
3986
0
0
0
0
0
0
1613
468
0
0
0
0
0
0
1192
1357
0
0
0
0
0
0
1919
447
0
0
0
0
0
0
1532
744
0
0
0
0
0
0
132
1808
0
0
0
0
0
0
302
1280
0
0
0
0
0
0
1174
4059
0
0
0
0
0
0
3288
1485
0
0
0
0
0
0
2283
2014
0
0
0
0
0
0
2267
1571
0
0
0
0
0
0
3038
381
0
0
0
0
0
0
793
1710
0
0
0
0
0
0
2530
3776
0
0
0
0
0
0
2344
3583
0
0
0
0
0
0
4051
1771
0
0
0
0
0
0
2996
314
0
0
0
0
0
0
1945
3394
0
0
0
0
0
0
1539
354
0
0
0
0
0
0
2379
3294
0
0
0
0
0
0
2896
2825
0
0
0
0
0
0
3814
2673
0
0
0
0
0
0
1330
1451
0
0
0
0
0
0
325
3107
0
0
0
0
0
0
513
3435
0
0
0
0
0
0
225
176
0
0
0
0
0
0
2765
2205
0
0
0
0
0
0
2576
1193
0
0
0
0
0
0
1675
501
0
0
0
0
0
0
980
3455
0
0
0
0
0
0
2585
118
0
0
0
0
0
0
1676
919
0
0
0
0
0
0
3289
3970
0
0
0
0
0
0
3813
1496
0
0
0
0
0
0
1954
799
0
0
0
0
0
0
3570
2909
0
0
0
0
0
0
2225
2066
0
0
0
0
0
0
482
1274
0
0
0
0
0
0
3901
937
0
0
0
0
0
0
2087
2193
0
0
0
0
0
0
962
2537
0
0
0
0
0
0
28
2997
0
0
0
0
0
0
2474
34
0
0
0
0
0
0
2559
3143
0
0
0
0
0
0
1934
3502
0
0
0
0
0
0
3319
1818
0
0
0
0
0
0
2523
2068
0
0
0
0
0
0
4050
648
0
0
0
0
0
0
2819
1977
0
0
0
0
0
0
2181
3007
0
0
0
0
0
0
1800
1380
0
0
0
0
0
0
412
1183
0
0
0
0
0
0
2949
3829
0
0
0
0
0
0
1550
1744
0
0
0
0
0
0
4057
3675
0
0
0
0
0
0
732
4044
0
0
0
0
0
0
368
792
0
0
0
0
0
0
2418
3515
0
0
0
0
0
0
1335
1430
0
0
0
0
0
0
1353
1731
0
0
0
0
0
0
3197
196
0
0
0
0
0
0
3272
669
0
0
0
0
0
0
1068
2748
0
0
0
0
0
0
1763
1923
0
0
0
0
0
0
3926
1792
0
0
0
0
0
0
3889
3485
0
0
0
0
0
0
3643
2628
0
0
0
0
0
0
3159
3019
0
0
0
0
0
0
4035
1179
0
0
0
0
0
0
376
3773
0
0
0
0
0
0
2331
1035
0
0
0
0
0
0
697
1892
0
0
0
0
0
0
1184
819
0
0
0
0
0
0
2525
2547
0
0
0
0
0
0
3785
975
0
0
0
0
0
0
2684
1744
0
0
0
0
0
0
3479
412
0
0
0
0
0
0
2246
1785
0
0
0
0
0
0
2115
2087
0
0
0
0
0
0
2717
1418
0
0
0
0
0
0
553
66
0
0
0
0
0
0
2932
2331
0
0
0
0
0
0
1096
855
0
0
0
0
0
0
969
1774
0
0
0
0
0
0
3488
89
0
0
0
0
0
0
3776
1142
0
0
0
0
0
0
3287
2358
0
0
0
0
0
0
3828
2618
0
0
0
0
0
0
1270
2120
0
0
0
0
0
0
3620
146
0
0
0
0
0
0
3791
313
0
0
0
0
0
0
2288
2355
0
0
0
0
0
0
643
2213
0
0
0
0
0
0
256
2400
0
0
0
0
0
0
3121
2982
0
0
0
0
0
0
2610
884
0
0
0
0
0
0
2677
1918
0
0
0
0
0
0
3490
1777
0
0
0
0
0
0
2583
1013
0
0
0
0
0
0
3841
2562
0
0
0
0
0
0
2800
2272
0
0
0
0
0
0
401
3246
0
0
0
0
0
0
1467
1947
0
0
0
0
0
0
3070
39
0
0
0
0
0
0
857
4081
0
0
0
0
0
0
3933
698
0
0
0
0
0
0
1556
3063
0
0
0
0
0
0
208
1053
0
0
0
0
0
0
2547
2027
0
0
0
0
0
0
2440
565
0
0
0
0
0
0
156
1415
0
0
0
0
0
0
616
2100
0
0
0
0
0
0
1361
1490
0
0
0
0
0
0
1508
2532
0
0
0
0
0
0
1991
3868
0
0
0
0
0
0
1595
3666
0
0
0
0
0
0
2095
705
0
0
0
0
0
0
3113
1524
0
0
0
0
0
0
3996
1477
0
0
0
0
0
0
566
2789
0
0
0
0
0
0
1938
728
0
0
0
0
0
0
2414
979
0
0
0
0
0
0
3231
2741
0
0
0
0
0
0
2843
2330
0
0
0
0
0
0
2527
3734
0
0
0
0
0
0
1472
2438
0
0
0
0
0
0
2716
2481
0
0
0
0
0
0
3756
3771
0
0
0
0
0
0
1215
2640
0
0
0
0
0
0
1207
1960
0
0
0
0
0
0
263
2748
0
0
0
0
0
0
3181
2668
0
0
0
0
0
0
1337
1628
0
0
0
0
0
0
2991
3933
0
0
0
0
0
0
2840
1529
0
0
0
0
0
0
918
1581
0
0
0
0
0
0
1106
3608
0
0
0
0
0
0
2159
1939
0
0
0
0
0
0
1112
998
0
0
0
0
0
0
1589
414
0
0
0
0
0
0
886
2691
0
0
0
0
0
0
3137
633
0
0
0
0
0
0
2804
2054
0
0
0
0
0
0
422
3759
0
0
0
0
0
0
299
2794
0
0
0
0
0
0
2967
2846
0
0
0
0
0
0
1701
955
0
0
0
0
0
0
752
439
0
0
0
0
0
0
488
2775
0
0
0
0
0
0
3814
242
0
0
0
0
0
0
1927
3665
0
0
0
0
0
0
2264
1369
0
0
0
0
0
0
1210
587
0
0
0
0
0
0
837
1481
0
0
0
0
0
0
3502
686
0
0
0
0
0
0
3848
956
0
0
0
0
0
0
1606
3407
0
0
0
0
0
0
1856
1521
0
0
0
0
0
0
495
1855
0
0
0
0
0
0
2423
2283
0
0
0
0
0
0
965
3654
0
0
0
0
0
0
2451
2967
0
0
0
0
0
0
2626
2995
0
0
0
0
0
0
2590
2239
0
0
0
0
0
0
1152
1885
0
0
0
0
0
0
2508
4080
0
0
0
0
0
0
746
1370
0
0
0
0
0
0
1495
320
0
0
0
0
0
0
1557
3504
0
0
0
0
0
0
2569
3134
0
0
0
0
0
0
4017
1974
0
0
0
0
0
0
540
4005
0
0
0
0
0
0
3663
2922
0
0
0
0
0
0
4081
465
0
0
0
0
0
0
1325
169
0
0
0
0
0
0
3130
1378
0
0
0
0
0
0
282
2003
0
0
0
0
0
0
3871
1949
0
0
0
0
0
0
4095
3755
0
0
0
0
0
0
3974
3568
0
0
0
0
0
0
1036
910
0
0
0
0
0
0
2269
1334
0
0
0
0
0
0
839
1563
0
0
0
0
0
0
1650
4053
0
0
0
0
0
0
3145
3675
0
0
0
0
0
0
2472
2242
0
0
0
0
0
0
422
3329
0
0
0
0
0
0
2747
1241
0
0
0
0
0
0
1294
2325
0
0
0
0
0
0
4072
745
0
0
0
0
0
0
2641
1522
0
0
0
0
0
0
1008
1290
0
0
0
0
0
0
3596
4085
0
0
0
0
0
0
3051
1037
0
0
0
0
0
0
2782
3373
0
0
0
0
0
0
2324
3480
0
0
0
0
0
0
3281
3133
0
0
0
0
0
0
1708
3159
0
0
0
0
0
0
2429
2149
0
0
0
0
0
0
3509
3084
0
0
0
0
0
0
1492
264
0
0
0
0
0
0
3414
2873
0
0
0
0
0
0
1142
3272
0
0
0
0
0
0
1999
2787
0
0
0
0
0
0
4052
3601
0
0
0
0
0
0
3298
2881
0
0
0
0
0
0
792
1192
0
0
0
0
0
0
3331
1428
0
0
0
0
0
0
3684
2564
0
0
0
0
0
0
4064
2239
0
0
0
0
0
0
2339
213
0
0
0
0
0
0
3064
2138
0
0
0
0
0
0
1616
2408
0
0
0
0
0
0
3925
3900
0
0
0
0
0
0
3390
2295
0
0
0
0
0
0
283
443
0
0
0
0
0
0
2893
1195
0
0
0
0
0
0
1918
3876
0
0
0
0
0
0
1303
3038
0
0
0
0
0
0
2639
1966
0
0
0
0
0
0
1557
2302
0
0
0
0
0
0
1869
3871
0
0
0
0
0
0
1774
1391
0
0
0
0
0
0
3383
577
0
0
0
0
0
0
3826
1856
0
0
0
0
0
0
1802
3642
0
0
0
0
0
0
2508
235
0
0
0
0
0
0
3949
4062
0
0
0
0
0
0
2552
1719
0
0
0
0
0
0
3170
3256
0
0
0
0
0
0
2468
779
0
0
0
0
0
0
2004
3643
0
0
0
0
0
0
3088
1194
0
0
0
0
0
0
1465
2285
0
0
0
0
0
0
1548
1463
0
0
0
0
0
0
2981
3387
0
0
0
0
0
0
427
1897
0
0
0
0
0
0
90
1725
0
0
0
0
0
0
3786
2208
0
0
0
0
0
0
2460
272
0
0
0
0
0
0
192
2738
0
0
0
0
0
0
3569
2000
0
0
0
0
0
0
2042
2358
0
0
0
0
0
0
3517
533
0
0
0
0
0
0
2785
3179
0
0
0
0
0
0
3515
1511
0
0
0
0
0
0
4021
2669
0
0
0
0
0
0
3076
850
0
0
0
0
0
0
806
3613
0
0
0
0
0
0
2598
677
0
0
0
0
0
0
1348
84
0
0
0
0
0
0
987
716
0
0
0
0
0
0
1109
1119
0
0
0
0
0
0
1294
808
0
0
0
0
0
0
2634
2692
0
0
0
0
0
0
3499
3453
0
0
0
0
0
0
1329
560
0
0
0
0
0
0
1546
2033
0
0
0
0
0
0
1893
2039
0
0
0
0
0
0
2477
3666
0
0
0
0
0
0
2609
459
0
0
0
0
0
0
1922
3598
0
0
0
0
0
0
2975
1264
0
0
0
0
0
0
922
2852
0
0
0
0
0
0
3024
1926
0
0
0
0
0
0
2058
2290
0
0
0
0
0
0
3999
2572
0
0
0
0
0
0
3928
2035
0
0
0
0
0
0
2957
3248
0
0
0
0
0
0
1747
1271
0
0
0
0
0
0
58
1306
0
0
0
0
0
0
2078
264
0
0
0
0
0
0
1464
3258
0
0
0
0
0
0
973
3383
0
0
0
0
0
0
249
1878
0
0
0
0
0
0
76
1007
0
0
0
0
0
0
2343
96
0
0
0
0
0
0
875
86
0
0
0
0
0
0
1551
1040
0
0
0
0
0
0
3477
3823
0
0
0
0
0
0
815
2466
0
0
0
0
0
0
3377
2234
0
0
0
0
0
0
1428
489
0
0
0
0
0
0
1146
725
0
0
0
0
0
0
4014
3461
0
0
0
0
0
0
568
2050
0
0
0
0
0
0
2840
2442
0
0
0
0
0
0
1994
3298
0
0
0
0
0
0
1268
2821
0
0
0
0
0
0
1601
232
0
0
0
0
0
0
3156
3580
0
0
0
0
0
0
1550
2292
0
0
0
0
0
0
2400
553
0
0
0
0
0
0
649
2802
0
0
0
0
0
0
1081
3877
0
0
0
0
0
0
3314
3428
0
0
0
0
0
0
1193
1423
0
0
0
0
0
0
3547
2623
0
0
0
0
0
0
3082
3294
0
0
0
0
0
0
718
2433
0
0
0
0
0
0
3311
2323
0
0
0
0
0
0
668
1825
0
0
0
0
0
0
1610
1345
0
0
0
0
0
0
3245
1237
0
0
0
0
0
0
1867
424
0
0
0
0
0
0
3925
3390
0
0
0
0
0
0
3857
2969
0
0
0
0
0
0
3591
3743
0
0
0
0
0
0
3065
1213
0
0
0
0
0
0
1567
1748
0
0
0
0
0
0
4002
3772
0
0
0
0
0
0
3903
1716
0
0
0
0
0
0
3654
2470
0
0
0
0
0
0
1429
361
0
0
0
0
0
0
3014
1935
0
0
0
0
0
0
1215
1303
0
0
0
0
0
0
3699
1946
0
0
0
0
0
0
2974
2228
0
0
0
0
0
0
1321
2353
0
0
0
0
0
0
2759
3115
0
0
0
0
0
0
683
173
0
0
0
0
0
0
738
617
0
0
0
0
0
0
953
3994
0
0
0
0
0
0
1420
2489
0
0
0
0
0
0
2859
2015
0
0
0
0
0
0
370
45
0
0
0
0
0
0
428
2146
0
0
0
0
0
0
622
1444
0
0
0
0
0
0
2820
3580
0
0
0
0
0
0
1209
2029
0
0
0
0
0
0
3001
2668
0
0
0
0
0
0
509
2030
0
0
0
0
0
0
1228
1748
0
0
0
0
0
0
2898
1605
0
0
0
0
0
0
1481
820
0
0
0
0
0
0
3583
3735
0
0
0
0
0
0
3560
3264
0
0
0
0
0
0
3354
3974
0
0
0
0
0
0
2894
1376
0
0
0
0
0
0
1460
1848
0
0
0
0
0
0
3943
3830
0
0
0
0
0
0
3866
1753
0
0
0
0
0
0
3637
2491
0
0
0
0
0
0
1408
398
0
0
0
0
0
0
2956
2015
0
0
0
0
0
0
1096
1446
0
0
0
0
0
0
3528
2148
0
0
0
0
0
0
2741
2500
0
0
0
0
0
0
993
2719
0
0
0
0
0
0
2357
3555
0
0
0
0
0
0
210
679
0
0
0
0
0
0
216
1162
0
0
0
0
0
0
417
445
0
0
0
0
0
0
905
3010
0
0
0
0
0
0
2374
2492
0
0
0
0
0
0
4047
440
0
0
0
0
0
0
115
2415
0
0
0
0
0
0
462
1550
0
0
0
0
0
0
2818
3508
0
0
0
0
0
0
1413
1739
0
0
0
0
0
0
3424
2149
0
0
0
0
0
0
1155
1283
0
0
0
0
0
0
2087
790
0
0
0
0
0
0
3939
468
0
0
0
0
0
0
2673
3640
0
0
0
0
0
0
783
2370
0
0
0
0
0
0
2990
1313
0
0
0
0
0
0
588
2617
0
0
0
0
0
0
4074
641
0
0
0
0
0
0
2587
749
0
0
0
0
0
0
1398
69
0
0
0
0
0
0
433
1175
0
0
0
0
0
0
903
1191
0
0
0
0
0
0
1408
530
0
0
0
0
0
0
3207
1956
0
0
0
0
0
0
351
2353
0
0
0
0
0
0
2587
3268
0
0
0
0
0
0
1290
15
0
0
0
0
0
0
3405
460
0
0
0
0
0
0
3883
4070
0
0
0
0
0
0
3942
3211
0
0
0
0
0
0
3760
1626
0
0
0
0
0
0
3883
382
0
0
0
0
0
0
388
3325
0
0
0
0
0
0
3439
1543
0
0
0
0
0
0
1968
2373
0
0
0
0
0
0
4071
2499
0
0
0
0
0
0
3879
2049
0
0
0
0
0
0
3023
3131
0
0
0
0
0
0
1920
1017
0
0
0
0
0
0
438
817
0
0
0
0
0
0
2722
3584
0
0
0
0
0
0
2419
2157
0
0
0
0
0
0
2251
1956
0
0
0
0
0
0
1832
147
0
0
0
0
0
0
1933
3114
0
0
0
0
0
0
2839
3855
0
0
0
0
0
0
1975
1919
0
0
0
0
0
0
60
227
0
0
0
0
0
0
2098
1143
0
0
0
0
0
0
2998
887
0
0
0
0
0
0
874
831
0
0
0
0
0
0
660
1704
0
0
0
0
0
0
1218
948
0
0
0
0
0
0
1928
3469
0
0
0
0
0
0
527
617
0
0
0
0
0
0
1027
1584
0
0
0
0
0
0
2570
1247
0
0
0
0
0
0
865
3324
0
0
0
0
0
0
1372
920
0
0
0
0
0
0
359
2877
0
0
0
0
0
0
3689
1978
0
0
0
0
0
0
303
4014
0
0
0
0
0
0
2419
1377
0
0
0
0
0
0
2147
904
0
0
0
0
0
0
3304
3089
0
0
0
0
0
0
561
1763
0
0
0
0
0
0
135
1642
0
0
0
0
0
0
3884
2034
0
0
0
0
0
0
2724
3987
0
0
0
0
0
0
738
2036
0
0
0
0
0
0
395
890
0
0
0
0
0
0
3406
784
0
0
0
0
0
0
1256
2573
0
0
0
0
0
0
985
670
0
0
0
0
0
0
2116
2720
0
0
0
0
0
0
2917
3623
0
0
0
0
0
0
2123
1707
0
0
0
0
0
0
3927
468
0
0
0
0
0
0
3921
1262
0
0
0
0
0
0
2403
3576
0
0
0
0
0
0
613
1280
0
0
0
0
0
0
4026
3333
0
0
0
0
0
0
3986
125
0
0
0
0
0
0
351
1440
0
0
0
0
0
0
1328
214
0
0
0
0
0
0
1686
1294
0
0
0
0
0
0
2412
1747
0
0
0
0
0
0
500
4027
0
0
0
0
0
0
549
2029
0
0
0
0
0
0
3482
4081
0
0
0
0
0
0
483
3711
0
0
0
0
0
0
1190
1280
0
0
0
0
0
0
923
3866
0
0
0
0
0
0
3737
4078
0
0
0
0
0
0
2778
3365
0
0
0
0
0
0
2052
15
0
0
0
0
0
0
3149
1544
0
0
0
0
0
0
4065
2109
0
0
0
0
0
0
239
1811
0
0
0
0
0
0
3093
3364
0
0
0
0
0
0
123
1628
0
0
0
0
0
0
1095
2106
0
0
0
0
0
0
1503
2014
0
0
0
0
0
0
3798
3387
0
0
0
0
0
0
161
310
0
0
0
0
0
0
3087
719
0
0
0
0
0
0
3768
73
0
0
0
0
0
0
158
3414
0
0
0
0
0
0
2927
1807
0
0
0
0
0
0
2230
1902
0
0
0
0
0
0
765
1528
0
0
0
0
0
0
3544
90
0
0
0
0
0
0
2925
1267
0
0
0
0
0
0
2432
3888
0
0
0
0
0
0
1566
361
0
0
0
0
0
0
288
2244
0
0
0
0
0
0
3353
2429
0
0
0
0
0
0
3287
1552
0
0
0
0
0
0
831
638
0
0
0
0
0
0
2320
3607
0
0
0
0
0
0
2789
1762
0
0
0
0
0
0
3798
656
0
0
0
0
0
0
1341
3274
0
0
0
0
0
0
2121
1283
0
0
0
0
0
0
3567
979
0
0
0
0
0
0
1130
1005
0
0
0
0
0
0
3924
1839
0
0
0
0
0
0
3026
521
0
0
0
0
0
0
254
3015
0
0
0
0
0
0
1550
134
0
0
0
0
0
0
1293
759
0
0
0
0
0
0
2275
4050
0
0
0
0
0
0
3385
3811
0
0
0
0
0
0
1813
544
0
0
0
0
0
0
1053
1027
0
0
0
0
0
0
628
2878
0
0
0
0
0
0
2052
3544
0
0
0
0
0
0
2336
3904
0
0
0
0
0
0
354
3743
0
0
0
0
0
0
2190
464
0
0
0
0
0
0
3041
2700
0
0
0
0
0
0
454
1750
0
0
0
0
0
0
1931
668
0
0
0
0
0
0
127
2796
0
0
0
0
0
0
2358
311
0
0
0
0
0
0
3582
972
0
0
0
0
0
0
1266
625
0
0
0
0
0
0
4086
1909
0
0
0
0
0
0
559
1499
0
0
0
0
0
0
3961
3669
0
0
0
0
0
0
3097
798
0
0
0
0
0
0
876
4040
0
0
0
0
0
0
2331
1954
0
0
0
0
0
0
1302
1862
0
0
0
0
0
0
2148
3902
0
0
0
0
0
0
1880
773
0
0
0
0
0
0
3477
1948
0
0
0
0
0
0
623
2512
0
0
0
0
0
0
822
3095
0
0
0
0
0
0
2834
3380
0
0
0
0
0
0
2320
1143
0
0
0
0
0
0
2358
3799
0
0
0
0
0
0
2818
3150
0
0
0
0
0
0
2471
3851
0
0
0
0
0
0
18
1754
0
0
0
0
0
0
1125
3851
0
0
0
0
0
0
2794
549
0
0
0
0
0
0
984
2586
0
0
0
0
0
0
2776
2836
0
0
0
0
0
0
3143
3862
0
0
0
0
0
0
2349
606
0
0
0
0
0
0
3432
3960
0
0
0
0
0
0
3326
1383
0
0
0
0
0
0
1401
1368
0
0
0
0
0
0
2099
3483
0
0
0
0
0
0
385
924
0
0
0
0
0
0
2775
3679
0
0
0
0
0
0
1061
1754
0
0
0
0
0
0
3405
2518
0
0
0
0
0
0
1802
3617
0
0
0
0
0
0
3181
3866
0
0
0
0
0
0
3473
3513
0
0
0
0
0
0
253
3965
0
0
0
0
0
0
3030
2899
0
0
0
0
0
0
2431
2899
0
0
0
0
0
0
3873
2462
0
0
0
0
0
0
3247
1220
0
0
0
0
0
0
447
791
0
0
0
0
0
0
1192
2934
0
0
0
0
0
0
385
1052
0
0
0
0
0
0
3200
4010
0
0
0
0
0
0
3726
3631
0
0
0
0
0
0
3025
862
0
0
0
0
0
0
2830
238
0
0
0
0
0
0
2250
243
0
0
0
0
0
0
2088
746
0
0
0
0
0
0
696
779
0
0
0
0
0
0
3114
355
0
0
0
0
0
0
1712
2505
0
0
0
0
0
0
3413
1695
0
0
0
0
0
0
1947
1644
0
0
0
0
0
0
1720
1788
0
0
0
0
0
0
3688
783
0
0
0
0
0
0
3504
1339
0
0
0
0
0
0
2261
1533
0
0
0
0
0
0
2020
593
0
0
0
0
0
0
1209
1175
0
0
0
0
0
0
2726
995
0
0
0
0
0
0
128
3949
0
0
0
0
0
0
3391
1224
0
0
0
0
0
0
2570
2771
0
0
0
0
0
0
3379
2726
0
0
0
0
0
0
2884
4056
0
0
0
0
0
0
472
3183
0
0
0
0
0
0
2470
29
0
0
0
0
0
0
3485
2158
0
0
0
0
0
0
3814
3010
0
0
0
0
0
0
1415
1833
0
0
0
0
0
0
2524
1228
0
0
0
0
0
0
691
3122
0
0
0
0
0
0
500
3847
0
0
0
0
0
0
1265
2823
0
0
0
0
0
0
1890
1990
0
0
0
0
0
0
1640
2258
0
0
0
0
0
0
286
3018
0
0
0
0
0
0
2530
233
0
0
0
0
0
0
747
1266
0
0
0
0
0
0
1193
88
0
0
0
0
0
0
1179
1270
0
0
0
0
0
0
2441
940
0
0
0
0
0
0
2459
2157
0
0
0
0
0
0
1253
830
0
0
0
0
0
0
3529
1584
0
0
0
0
0
0
3353
1626
0
0
0
0
0
0
606
4031
0
0
0
0
0
0
1782
2464
0
0
0
0
0
0
3524
880
0
0
0
0
0
0
2773
1841
0
0
0
0
0
0
53
2555
0
0
0
0
0
0
3712
1361
0
0
0
0
0
0
3390
2774
0
0
0
0
0
0
1029
3276
0
0
0
0
0
0
2233
803
0
0
0
0
0
0
39
4052
0
0
0
0
0
0
3961
740
0
0
0
0
0
0
2875
2564
0
0
0
0
0
0
2151
3683
0
0
0
0
0
0
2038
637
0
0
0
0
0
0
1748
1115
0
0
0
0
0
0
200
2913
0
0
0
0
0
0
856
2732
0
0
0
0
0
0
3617
3907
0
0
0
0
0
0
1071
2205
0
0
0
0
0
0
2188
662
0
0
0
0
0
0
3099
1744
0
0
0
0
0
0
925
1414
0
0
0
0
0
0
2946
2437
0
0
0
0
0
0
555
176
0
0
0
0
0
0
2262
2301
0
0
0
0
0
0
1359
2164
0
0
0
0
0
0
1310
1845
0
0
0
0
0
0
2648
4042
0
0
0
0
0
0
2754
3119
0
0
0
0
0
0
1528
33
0
0
0
0
0
0
2401
3028
0
0
0
0
0
0
848
4092
0
0
0
0
0
0
1552
3531
0
0
0
0
0
0
3549
1650
0
0
0
0
0
0
2076
3503
0
0
0
0
0
0
2880
3121
0
0
0
0
0
0
741
3304
0
0
0
0
0
0
3089
1494
0
0
0
0
0
0
2407
1001
0
0
0
0
0
0
3993
2126
0
0
0
0
0
0
1285
3285
0
0
0
0
0
0
3603
3651
0
0
0
0
0
0
885
359
0
0
0
0
0
0
1292
906
0
0
0
0
0
0
3569
2731
0
0
0
0
0
0
680
1838
0
0
0
0
0
0
1692
1220
0
0
0
0
0
0
1938
878
0
0
0
0
0
0
124
2582
0
0
0
0
0
0
2010
367
0
0
0
0
0
0
1314
690
0
0
0
0
0
0
1556
4094
0
0
0
0
0
0
3106
2071
0
0
0
0
0
0
1665
3027
0
0
0
0
0
0
1276
2951
0
0
0
0
0
0
1724
2072
0
0
0
0
0
0
2830
591
0
0
0
0
0
0
728
1838
0
0
0
0
0
0
2387
4049
0
0
0
0
0
0
1913
121
0
0
0
0
0
0
3125
2967
0
0
0
0
0
0
3314
2791
0
0
0
0
0
0
3690
2010
0
0
0
0
0
0
2560
3358
0
0
0
0
0
0
2545
3497
0
0
0
0
0
0
3445
2949
0
0
0
0
0
0
2784
3962
0
0
0
0
0
0
1478
1582
0
0
0
0
0
0
3185
285
0
0
0
0
0
0
4086
3881
0
0
0
0
0
0
138
3
0
0
0
0
0
0
1462
1179
0
0
0
0
0
0
2633
2738
0
0
0
0
0
0
136
1396
0
0
0
0
0
0
3076
2769
0
0
0
0
0
0
3574
2372
0
0
0
0
0
0
3125
2743
0
0
0
0
0
0
3580
2731
0
0
0
0
0
0
840
1167
0
0
0
0
0
0
1237
694
0
0
0
0
0
0
447
1181
0
0
0
0
0
0
1102
234
0
0
0
0
0
0
2210
2869
0
0
0
0
0
0
194
446
0
0
0
0
0
0
2919
1477
0
0
0
0
0
0
491
1422
0
0
0
0
0
0
2375
892
0
0
0
0
0
0
4013
3061
0
0
0
0
0
0
411
2309
0
0
0
0
0
0
3537
3119
0
0
0
0
0
0
3742
2920
0
0
0
0
0
0
2797
3887
0
0
0
0
0
0
3867
469
0
0
0
0
0
0
170
2150
0
0
0
0
0
0
1534
1451
0
0
0
0
0
0
174
2440
0
0
0
0
0
0
2535
565
0
0
0
0
0
0
2681
464
0
0
0
0
0
0
1622
1870
0
0
0
0
0
0
2247
2014
0
0
0
0
0
0
3680
849
0
0
0
0
0
0
2902
1458
0
0
0
0
0
0
3150
1943
0
0
0
0
0
0
2169
2911
0
0
0
0
0
0
850
381
0
0
0
0
0
0
1445
3866
0
0
0
0
0
0
3212
2101
0
0
0
0
0
0
823
296
0
0
0
0
0
0
2775
2860
0
0
0
0
0
0
1637
3818
0
0
0
0
0
0
3712
1162
0
0
0
0
0
0
3888
756
0
0
0
0
0
0
2628
2197
0
0
0
0
0
0
4000
588
0
0
0
0
0
0
3948
5
0
0
0
0
0
0
2135
1615
0
0
0
0
0
0
2542
1441
0
0
0
0
0
0
1673
1619
0
0
0
0
0
0
2032
1304
0
0
0
0
0
0
2687
417
0
0
0
0
0
0
1483
1646
0
0
0
0
0
0
3240
3977
0
0
0
0
0
0
1054
2150
0
0
0
0
0
0
434
402
0
0
0
0
0
0
3727
3272
0
0
0
0
0
0
3978
3632
0
0
0
0
0
0
1359
2263
0
0
0
0
0
0
3725
3834
0
0
0
0
0
0
1678
1903
0
0
0
0
0
0
2340
1846
0
0
0
0
0
0
293
4028
0
0
0
0
0
0
4087
519
0
0
0
0
0
0
1878
2831
0
0
0
0
0
0
83
639
0
0
0
0
0
0
2062
2795
0
0
0
0
0
0
193
579
0
0
0
0
0
0
2585
2256
0
0
0
0
0
0
1189
3591
0
0
0
0
0
0
146
449
0
0
0
0
0
0
3589
991
0
0
0
0
0
0
1151
1676
0
0
0
0
0
0
2999
1864
0
0
0
0
0
0
3609
664
0
0
0
0
0
0
2830
1374
0
0
0
0
0
0
962
3455
0
0
0
0
0
0
3786
33
0
0
0
0
0
0
2671
1170
0
0
0
0
0
0
2495
1112
0
0
0
0
0
0
369
3215
0
0
0
0
0
0
1541
1982
0
0
0
0
0
0
3043
484
0
0
0
0
0
0
120
3421
0
0
0
0
0
0
1166
2426
0
0
0
0
0
0
1900
1755
0
0
0
0
0
0
2371
1369
0
0
0
0
0
0
2532
1305
0
0
0
0
0
0
2396
1537
0
0
0
0
0
0
2003
2037
0
0
0
0
0
0
1360
2782
0
0
0
0
0
0
501
3735
0
0
0
0
0
0
3585
736
0
0
0
0
0
0
2464
1927
0
0
0
0
0
0
1292
3152
0
0
0
0
0
0
121
261
0
0
0
0
0
0
3102
1395
0
0
0
0
0
0
2081
2412
0
0
0
0
0
0
1203
3270
0
0
0
0
0
0
506
3932
0
0
0
0
0
0
1
292
0
0
0
0
0
0
3801
532
0
0
0
0
0
0
3698
568
0
0
0
0
0
0
3805
390
0
0
0
0
0
0
8
20
0
0
0
0
0
0
468
3587
0
0
0
0
0
0
1072
2922
0
0
0
0
0
0
1765
2174
0
0
0
0
0
0
2523
1373
0
0
0
0
0
0
3303
558
0
0
0
0
0
0
4085
3852
0
0
0
0
0
0
715
3120
0
0
0
0
0
0
1363
2473
0
0
0
0
0
0
1928
1924
0
0
0
0
0
0
2365
1510
0
0
0
0
0
0
2677
1231
0
0
0
0
0
0
2853
1094
0
0
0
0
0
0
2889
1102
0
0
0
0
0
0
2794
1240
0
0
0
0
0
0
2590
1487
0
0
0
0
0
0
2291
1829
0
0
0
0
0
0
1907
2249
0
0
0
0
0
0
1472
2713
0
0
0
0
0
0
1009
3203
0
0
0
0
0
0
527
3699
0
0
0
0
0
0
77
66
0
0
0
0
0
0
3745
495
0
0
0
0
0
0
3376
857
0
0
0
0
0
0
3080
1143
0
0
0
0
0
0
2850
1360
0
0
0
0
0
0
2687
1501
0
0
0
0
0
0
2611
1556
0
0
0
0
0
0
2614
1530
0
0
0
0
0
0
2679
1443
0
0
0
0
0
0
2798
1302
0
0
0
0
0
0
2964
1113
0
0
0
0
0
0
3173
887
0
0
0
0
0
0
3400
646
0
0
0
0
0
0
3643
391
0
0
0
0
0
0
3885
143
0
0
0
0
0
0
17
4010
0
0
0
0
0
0
206
3819
0
0
0
0
0
0
380
3651
0
0
0
0
0
0
511
3527
0
0
0
0
0
0
605
3442
0
0
0
0
0
0
659
3395
0
0
0
0
0
0
684
3382
0
0
0
0
0
0
664
3411
0
0
0
0
0
0
627
3458
0
0
0
0
0
0
562
3534
0
0
0
0
0
0
473
3629
0
0
0
0
0
0
378
3729
0
0
0
0
0
0
284
3824
0
0
0
0
0
0
202
3908
0
0
0
0
0
0
128
3984
0
0
0
0
0
0
59
4052
0
0
0
0
0
0
0
16
0
0
0
0
0
0
4044
62
0
0
0
0
0
0
4023
81
0
0
0
0
0
0
4007
93
0
0
0
0
0
0
4008
92
0
0
0
0
0
0
4007
88
0
0
0
0
0
0
4022
72
0
0
0
0
0
0
4042
52
0
0
0
0
0
0
4056
35
0
0
0
0
0
0
4073
17
0
0
0
0
0
0
4095
4091
0
0
0
0
0
0
15
4076
0
0
0
0
0
0
24
4067
0
0
0
0
0
0
26
4064
0
0
0
0
0
0
38
4051
0
0
0
0
0
0
51
4044
0
0
0
0
0
0
39
4058
0
0
0
0
0
0
23
4074
0
0
0
0
0
0
12
4084
0
0
0
0
0
0
6
4090
0
0
0
0
0
0
2
4093
0
0
0
0
0
0
1
4094
0
0
0
0
0
0
0
4095
0
0
0
0
0
0
0
4095
0
0
0
0
0
0
0
4095
0
0
0
0
0
0
0
4095
0
0
0
0
0
0
0
4095
0
0
0
0
0
0
0
4095
0
0
0
0
0
0
0
4095
0
0
0
0
0
0
0
4095
0
0
0
0
0
0
0
4095
0
0
0
0
0
0
0
4095
0
0
0
0
0
0
0
4095
0
0
0
0
0
0
0
4095
0
0
0
0
0
0
0
4095
0
0
0
0
0
0
0
4095
0
0
0
0
0
0
0
4095
0
0
0
0
0
0
0
4095
0
0
0
0
0
0
0
4095
0
0
0
0
0
0
0
4095
0
0
0
0
0
0
0
4095
0
0
0
0
0
0
0
4095
0
0
0
0
0
0
0
4095
0
0
0
0
0
0
0
4095
0
0
0
0
0
0
0
4095
0
0
0
0
0
0
0
4095
0
0
0
0
0
0
0
4095
0
0
0
0
0
0
0
4095
0
0
0
0
0
0
0
4095
0
0
0
0
0
0
0
4095
0
0
0
0
0
0
0
4095
0
0
0
0
0
0
0
4095
0
0
0
0
0
0
0
4095
0
0
0
0
0
0
0
4095
0
0
0
0
0
0
0
4095
0
0
0
0
0
0
0
4095
0
0
0
0
0
0
0
4095
0
0
0
0
0
0
0
4095
0
0
0
0
0
0
0
4095
0
0
0
0
0
0
0
4095
0
0
0
0
0
0
0
4095
0
0
0
0
0
0
0
4095
0
0
0
0
0
0
0
4095
0
0
0
0
0
0
0
4095
0
0
0
0
0
0
0
4095
0
0
0
0
0
0
0
4095
0
0
0
0
0
0
0
4095
0
0
0
0
0
0
0
4095
0
0
0
0
0
0
0
4095
0
0
0
0
0
0
0
4095
0
0
0
0
0
0
0
4095
0
0
0
0
0
0
0
4095
0
0
0
0
0
0
0
4095
0
0
0
0
0
0
0
4095
0
0
0
0
0
0
0
4095
0
0
0
0
0
0
0
4095
0
0
0
0
0
0
0
4095
0
0
0
0
0
0
0
4095
0
0
0
0
0
0
0
4095
0
0
0
0
0
0
0
4095
0
0
0
0
0
0
0
4095
0
0
0
0
0
0
0
4095
0
0
0
0
0
0
0
4095
0
0
0
0
0
0
0
4095
0
0
0
0
0
0
0
4095
0
0
0
0
0
0
0
4095
0
0
0
0
0
0
0
4095
0
0
0
0
0
0
0
4095
0
0
0
0
0
0
0
4095
0
0
0
0
0
0
0
4095
0
0
0
0
0
0
0
4095
0
0
0
0
0
0
0
4095
0
0
0
0
0
0
0
4095
0
0
0
0
0
0
0
4095
0
0
0
0
0
0
0
4095
0
0
0
0
0
0
0
4095
0
0
0
0
0
0
0
4095
0
0
0
0
0
0
0
4095
0
0
0
0
0
0
0
4095
0
0
0
0
0
0
0
4095
0
0
0
0
0
0
0
4095
0
0
0
0
0
0
0
4095
0
0
0
0
0
0
0
4095
0
0
0
0
0
0
0
4095
0
0
0
0
0
0
0
4095
0
0
0
0
0
0
0
4095
0
0
0
0
0
0
0
4095
0
0
0
0
0
0
0
4095
0
0
0
0
0
0
0
4095
0
0
0
0
0
0
0
4095
0
0
0
0
0
0
0
4095
0
0
0
0
0
0
0
4095
0
0
0
0
0
0
0
4095
0
0
0
0
0
0
0
4095
0
0
0
0
0
0
0
4095
0
0
0
0
0
0
0
4095
0
0
0
0
0
0
0
4095
0
0
0
0
0
0
0
4095
0
0
0
0
0
0
0
4095
0
0
0
0
0
0
0
4095
0
0
0
0
0
0
0
4095
0
0
0
0
0
0
0
4095
0
0
0
0
0
0
0
4095
0
0
0
0
0
0
0
4095
0
0
0
0
0
0
0
4095
0
0
0
0
0
0
0
4095
0
0
0
0
0
0
0
4095
0
0
0
0
0
0
0
4095
0
0
0
0
0
0
0
4095
0
0
0
0
0
0
0
4095
0
0
0
0
0
0
0
4095
0
0
0
0
0
0
0
4095
0
0
0
0
0
0
0
4095
0
0
0
0
0
0
0
4095
0
0
0
0
0
0
0
4095
0
0
0
0
0
0
0
4095
0
0
0
0
0
0
0
4095
0
0
0
0
0
0
0
4095
0
0
0
0
0
0
0
4095
0
0
0
0
0
0
0
4095
0
0
0
0
0
0
0
4095
0
0
0
0
0
0
0
4095
0
0
0
0
0
0
0
4095
0
0
0
0
0
0
0
4095
0
0
0
0
0
0
0
4095
0
0
0
0
0
0
0
4095
0
0
0
0
0
0
0
4095
0
0
0
0
0
0
0
4095
0
0
0
0
0
0
0
4095
0
0
0
0
0
0
0
4095
0
0
0
0
0
0
0
4095
0
0
0
0
0
0
0
4095
0
0
0
0
0
0
0
4095
0
0
0
0
0
0
0
4095
0
0
0
0
0
0
0
4095
0
0
0
0
0
0
0
4095
0
0
0
0
0
0
0
4095
0
0
0
0
0
0
0
4095
0
0
0
0
0
0
0
4095
0
0
0
0
0
0
0
4095
0
0
0
0
0
0
0
4095
0
0
0
0
0
0
0
4095
0
0
0
0
0
0
0
4095
0
0
0
0
0
0
0
4095
0
0
0
0
0
0
0
4095
0
0
0
0
0
0
0
4095
0
0
0
0
0
0
0
4095
0
0
0
0
0
0
0
4095
0
0
0
0
0
0
0
4095
0
0
0
0
0
0
0
4095
0
0
0
0
0
0
0
4095
0
0
0
0
0
0
0
4095
0
0
0
0
0
0
0
4095
0
0
0
0
0
0
0
4095
0
0
0
0
0
0
0
4095
0
0
0
0
0
0
0
4095
0
0
0
0
0
0
0
4095
0
0
0
0
0
0
0
4095
0
0
0
0
0
0
0
4095
0
0
0
0
0
0
0
4095
0
0
0
0
0
0
0
4095
0
0
0
0
0
0
0
4095
0
0
0
0
0
0
0
4095
0
0
0
0
0
0
0
4095
0
0
0
0
0
0
0
4095
0
0
0
0
0
0
0
4095
0
0
0
0
0
0
0
4095
0
0
0
0
0
0
0
4095
0
0
0
0
0
0
0
4095
0
0
0
0
0
0
0
4095
0
0
0
0
0
0
0
4095
0
0
0
0
0
0
0
4095
0
0
0
0
0
0
0
4095
0
0
0
0
0
0
0
4095
0
0
0
0
0
0
0
4095
0
0
0
0
0
0
0
4095
0
0
0
0
0
0
0
4095
0
0
0
0
0
0
0
4095
0
0
0
0
0
0
0
4095
0
0
0
0
0
0
0
4095
0
0
0
0
0
0
0
4095
0
0
0
0
0
0
0
4095
0
0
0
0
0
0
0
4095
0
0
0
0
0
0
0
4095
0
0
0
0
0
0
0
4095
0
0
0
0
0
0
0
4095
0
0
0
0
0
0
0
4095
0
0
0
0
0
0
0
4095
0
0
0
0
0
0
0
4095
0
0
0
0
0
0
0
4095
0
0
0
0
0
0
0
4095
0
0
0
0
0
0
0
4095
0
0
0
0
0
0
0
4095
0
0
0
0
0
0
0
4095
0
0
0
0
0
0
0
4095
0
0
0
0
0
0
0
4095
0
0
0
0
0
0
0
4095
0
0
0
0
0
0
0
4095
0
0
0
0
0
0
0
4095
0
0
0
0
0
0
0
4095
0
0
0
0
0
0
0
4095
0
0
0
0
0
0
0
4095
0
0
0
0
0
0
0
4095
0
0
0
0
0
0
0
4095
0
0
0
0
0
0
0
4095
0
0
0
0
0
0
0
4095
0
0
0
0
0
0
0
4095
0
0
0
0
0
0
0
4095
0
0
0
0
0
0
0
4095
0
0
0
0
0
0
0
4095
0
0
0
0
0
0
0
4095
0
0
0
0
0
0
0
4095
0
0
0
0
0
0
0
4095
0
0
0
0
0
0
0
4095
0
0
0
0
0
0
0
4095
0
0
0
0
0
0
0
4095
0
0
0
0
0
0
0
4095
0
0
0
0
0
0
0
4095
0
0
0
0
0
0
0
4095
0
0
0
0
0
0
0
4095
0
0
0
0
0
0
0
4095
0
0
0
0
0
0
0
4095
0
0
0
0
0
0
0
4095
0
0
0
0
0
0
0
4095
0
0
0
0
0
0
0
4095
0
0
0
0
0
0
0
4095
0
0
0
0
0
0
0
4095
0
0
0
0
0
0
0
4095
0
0
0
0
0
0
0
4095
0
0
0
0
0
0
0
4095
0
0
0
0
0
0
0
4095
0
0
0
0
0
0
0
4095
0
0
0
0
0
0
0
4095
0
0
0
0
0
0
0
4095
0
0
0
0
0
0
0
4095
0
0
0
0
0
0
0
4095
0
0
0
0
0
0
0
4095
0
0
0
0
0
0
0
4095
0
0
0
0
0
0
0
4095
0
0
0
0
0
0
0
4095
0
0
0
0
0
0
0
4095
0
0
0
0
0
0
0
4095
0
0
0
0
0
0
0
4095
0
0
0
0
0
0
0
4095
0
0
0
0
0
0
0
4095
0
0
0
0
0
0
0
4095
0
0
0
0
0
0
0
4095
0
0
0
0
0
0
0
4095
0
0
0
0
0
0
0
4095
0
0
0
0
0
0
0
4095
0
0
0
0
0
0
0
4095
0
0
0
0
0
0
0
4095
0
0
0
0
0
0
0
4095
0
0
0
0
0
0
0
4095
0
0
0
0
0
0
0
4095
0
0
0
0
0
0
0
4095
0
0
0
0
0
0
0
4095
0
0
0
0
0
0
0
4095
0
0
0
0
0
0
0
4095
0
0
0
0
0
0
0
4095
0
0
0
0
0
0
0
4095
0
0
0
0
0
0
0
4095
0
0
0
0
0
0
0
4095
0
0
0
0
0
0
0
4095
0
0
0
0
0
0
0
4095
0
0
0
0
0
0
0
4095
0
0
0
0
0
0
0
4095
0
0
0
0
0
0
0
4095
0
0
0
0
0
0
0
4095
0
0
0
0
0
0
0
4095
0
0
0
0
0
0
0
4095
0
0
0
0
0
0
0
4095
0
0
0
0
0
0
0
4095
0
0
0
0
0
0
0
4095
0
0
0
0
0
0
0
4095
0
0
0
0
0
0
0
4095
0
0
0
0
0
0
0
4095
0
0
0
0
0
0
0
4095
0
0
0
0
0
0
0
4095
0
0
0
0
0
0
0
4095
0
0
0
0
0
0
0
4095
0
0
0
0
0
0
0
4095
0
0
0
0
0
0
0
4095
0
0
0
0
0
0
0
4095
0
0
0
0
0
0
0
4095
0
0
0
0
0
0
0
4095
0
0
0
0
0
0
0
4095
0
0
0
0
0
0
0
4095
0
0
0
0
0
0
0
4095
0
0
0
0
0
0
0
4095
0
0
0
0
0
0
0
4095
0
0
0
0
0
0
0
4095
0
0
0
0
0
0
0
4095
0
0
0
0
0
0
0
4095
0
0
0
0
0
0
0
4095
0
0
0
0
0
0
0
4095
0
0
0
0
0
0
0
4095
0
0
0
0
0
0
0
4095
0
0
0
0
0
0
0
4095
0
0
0
0
0
0
0
4095
0
0
0
0
0
0
0
4095
0
0
0
0
0
0
0
4095
0
0
0
0
0
0
0
4095
0
0
0
0
0
0
0
4095
0
0
0
0
0
0
0
4095
0
0
0
0
0
0
0
4095
0
0
0
0
0
0
0
4095
0
0
0
0
0
0
0
4095
0
0
0
0
0
0
0
4095
0
0
0
0
0
0
0
4095
0
0
0
0
0
0
0
4095
0
0
0
0
0
0
0
4095
0
0
0
0
0
0
0
4095
0
0
0
0
0
0
0
4095
0
0
0
0
0
0
0
4095
0
0
0
0
0
0
0
4095
0
0
0
0
0
0
0
4095
0
0
0
0
0
0
0
4095
0
0
0
0
0
0
0
4095
0
0
0
0
0
0
0
4095
0
0
0
0
0
0
0
4095
0
0
0
0
0
0
0
4095
0
0
0
0
0
0
0
4095
0
0
0
0
0
0
0
4095
0
0
0
0
0
0
0
4095
0
0
0
0
0
0
0
4095
0
0
0
0
0
0
0
4095
0
0
0
0
0
0
0
4095
0
0
0
0
0
0
0
4095
0
0
0
0
0
0
0
4095
0
0
0
0
0
0
0
4095
0
0
0
0
0
0
0
4095
0
0
0
0
0
0
0
4095
0
0
0
0
0
0
0
4095
0
0
0
0
0
0
0
4095
0
0
0
0
0
0
0
4095
0
0
0
0
0
0
0
4095
0
0
0
0
0
0
0
4095
0
0
0
0
0
0
0
4095
0
0
0
0
0
0
0
4095
0
0
0
0
0
0
0
4095
0
0
0
0
0
0
0
4095
0
0
0
0
0
0
0
4095
0
0
0
0
0
0
0
4095
0
0
0
0
0
0
0
4095
0
0
0
0
0
0
0
4095
0
0
0
0
0
0
0
4095
0
0
0
0
0
0
0
4095
0
0
0
0
0
0
0
4095
0
0
0
0
0
0
0
4095
0
0
0
0
0
0
0
4095
0
0
0
0
0
0
0
4095
0
0
0
0
0
0
0
4095
0
0
0
0
0
0
0
4095
0
0
0
0
0
0
0
4095
0
0
0
0
0
0
0
4095
0
0
0
0
0
0
0
4095
0
0
0
0
0
0
0
4095
0
0
0
0
0
0
0
4095
0
0
0
0
0
0
0
4095
0
0
0
0
0
0
0
4095
0
0
0
0
0
0
0
4095
0
0
0
0
0
0
0
4095
0
0
0
0
0
0
0
4095
0
0
0
0
0
0
0
4095
0
0
0
0
0
0
0
4095
0
0
0
0
0
0
0
4095
0
0
0
0
0
0
0
4095
0
0
0
0
0
0
0
4095
0
0
0
0
0
0
0
4095
0
0
0
0
0
0
0
4095
0
0
0
0
0
0
0
4095
0
0
0
0
0
0
0
4095
0
0
0
0
0
0
0
4095
0
0
0
0
0
0
0
4095
0
0
0
0
0
0
0
4095
0
0
0
0
0
0
0
4095
0
0
0
0
0
0
0
4095
0
0
0
0
0
0
0
4095
0
0
0
0
0
0
0
4095
0
0
0
0
0
0
0
4095
0
0
0
0
0
0
0
4095
0
0
0
0
0
0
0
4095
0
0
0
0
0
0
0
4095
0
0
0
0
0
0
0
4095
0
0
0
0
0
0
0
4095
0
0
0
0
0
0
0
4095
0
0
0
0
0
0
0
4095
0
0
0
0
0
0
0
4095
0
0
0
0
0
0
0
4095
0
0
0
0
0
0
0
4095
0
0
0
0
0
0
0
4095
0
0
0
0
0
0
0
4095
0
0
0
0
0
0
0
4095
0
0
0
0
0
0
0
4095
0
0
0
0
0
0
0
4095
0
0
0
0
0
0
0
4095
0
0
0
0
0
0
0
4095
0
0
0
0
0
0
0
4095
0
0
0
0
0
0
0
4095
0
0
0
0
0
0
0
4095
0
0
0
0
0
0
0
4095
0
0
0
0
0
0
0
4095
0
0
0
0
0
0
0
4095
0
0
0
0
0
0
0
4095
0
0
0
0
0
0
0
4095
0
0
0
0
0
0
0
4095
0
0
0
0
0
0
0
4095
0
0
0
0
0
0
0
4095
0
0
0
0
0
0
0
4095
0
0
0
0
0
0
0
4095
0
0
0
0
0
0
0
4095
0
0
0
0
0
0
0
4095
0
0
0
0
0
0
0
4095
0
0
0
0
0
0
0
4095
0
0
0
0
0
0
0
4095
0
0
0
0
0
0
0
4095
0
0
0
0
0
0
0
4095
0
0
0
0
0
0
0
4095
0
0
0
0
0
0
0
4095
0
0
0
0
0
0
0
4095
0
0
0
0
0
0
0
4095
0
0
0
0
0
0
0
4095
0
0
0
0
0
0
0
4095
0
0
0
0
0
0
0
4095
0
0
0
0
0
0
0
4095
0
0
0
0
0
0
0
4095
0
0
0
0
0
0
0
4095
0
0
0
0
0
0
0
4095
0
0
0
0
0
0
0
4095
0
0
0
0
0
0
0
4095
0
0
0
0
0
0
0
4095
0
0
0
0
0
0
0
4095
0
0
0
0
0
0
0
4095
0
0
0
0
0
0
0
4095
0
0
0
0
0
0
0
4095
0
0
0
0
0
0
0
4095
0
0
0
0
0
0
0
4095
0
0
0
0
0
0
0
4095
0
0
0
0
0
0
0
4095
0
0
0
0
0
0
0
4095
0
0
0
0
0
0
0
4095
0
0
0
0
0
0
0
4095
0
0
0
0
0
0
0
4095
0
0
0
0
0
0
0
4095
0
0
0
0
0
0
0
4095
0
0
0
0
0
0
0
4095
0
0
0
0
0
0
0
4095
0
0
0
0
0
0
0
4095
0
0
0
0
0
0
0
4095
0
0
0
0
0
0
0
4095
0
0
0
0
0
0
0
4095
0
0
0
0
0
0
0
4095
0
0
0
0
0
0
0
4095
0
0
0
0
0
0
0
4095
0
0
0
0
0
0
0
4095
0
0
0
0
0
0
0
4095
0
0
0
0
0
0
0
4095
0
0
0
0
0
0
0
4095
0
0
0
0
0
0
0
4095
0
0
0
0
0
0
0
4095
0
0
0
0
0
0
0
4095
0
0
0
0
0
0
0
4095
0
0
0
0
0
0
0
4095
0
0
0
0
0
0
0
4095
0
0
0
0
0
0
0
4095
0
0
0
0
0
0
0
4095
0
0
0
0
0
0
0
4095
0
0
0
0
0
0
0
4095
0
0
0
0
0
0
0
4095
0
0
0
0
0
0
0
4095
0
0
0
0
0
0
0
4095
0
0
0
0
0
0
0
4095
0
0
0
0
0
0
0
4095
0
0
0
0
0
0
0
4095
0
0
0
0
0
0
0
4095
0
0
0
0
0
0
0
4095
0
0
0
0
0
0
0
4095
0
0
0
0
0
0
0
4095
0
0
0
0
0
0
0
4095
0
0
0
0
0
0
0
4095
0
0
0
0
0
0
0
4095
0
0
0
0
0
0
0
4095
0
0
0
0
0
0
0
4095
0
0
0
0
0
0
0
4095
0
0
0
0
0
0
0
4095
0
0
0
0
0
0
0
4095
0
0
0
0
0
0
0
4095
0
0
0
0
0
0
0
4095
0
0
0
0
0
0
0
4095
0
0
0
0
0
0
0
4095
0
0
0
0
0
0
0
4095
0
0
0
0
0
0
0
4095
0
0
0
0
0
0
0
4095
0
0
0
0
0
0
0
4095
0
0
0
0
0
0
0
4095
0
0
0
0
0
0
0
4095
0
0
0
0
0
0
0
4095
0
0
0
0
0
0
0
4095
0
0
0
0
0
0
0
4095
0
0
0
0
0
0
0
4095
0
0
0
0
0
0
0
4095
0
0
0
0
0
0
0
4095
0
0
0
0
0
0
0
4095
0
0
0
0
0
0
0
4095
0
0
0
0
0
0
0
4095
0
0
0
0
0
0
0
4095
0
0
0
0
0
0
0
4095
0
0
0
0
0
0
0
4095
0
0
0
0
0
0
0
4095
0
0
0
0
0
0
0
4095
0
0
0
0
0
0
0
4095
0
0
0
0
0
0
0
4095
0
0
0
0
0
0
0
4095
0
0
0
0
0
0
0
4095
0
0
0
0
0
0
0
4095
0
0
0
0
0
0
0
4095
0
0
0
0
0
0
0
4095
0
0
0
0
0
0
0
4095
0
0
0
0
0
0
0
4095
0
0
0
0
0
0
0
4095
0
0
0
0
0
0
0
4095
0
0
0
0
0
0
0
4095
0
0
0
0
0
0
0
4095
0
0
0
0
0
0
0
4095
0
0
0
0
0
0
0
4095
0
0
0
0
0
0
0
4095
0
0
0
0
0
0
0
4095
0
0
0
0
0
0
0
4095
0
0
0
0
0
0
0
4095
0
0
0
0
0
0
0
4095
0
0
0
0
0
0
0
4095
0
0
0
0
0
0
0
4095
0
0
0
0
0
0
0
4095
0
0
0
0
0
0
0
4095
0
0
0
0
0
0
0
4095
0
0
0
0
0
0
0
4095
0
0
0
0
0
0
0
4095
0
0
0
0
0
0
0
4095
0
0
0
0
0
0
0
4095
0
0
0
0
0
0
0
4095
0
0
0
0
0
0
0
4095
0
0
0
0
0
0
0
4095
0
0
0
0
0
0
0
4095
0
0
0
0
0
0
0
4095
0
0
0
0
0
0
0
4095
0
0
0
0
0
0
0
4095
0
0
0
0
0
0
0
4095
0
0
0
0
0
0
0
4095
0
0
0
0
0
0
0
4095
0
0
0
0
0
0
0
4095
0
0
0
0
0
0
0
4095
0
0
0
0
0
0
0
4095
0
0
0
0
0
0
0
4095
0
0
0
0
0
0
0
4095
0
0
0
0
0
0
0
4095
0
0
0
0
0
0
0
4095
0
0
0
0
0
0
0
4095
0
0
0
0
0
0
0
4095
0
0
0
0
0
0
0
4095
0
0
0
0
0
0
0
4095
0
0
0
0
0
0
0
4095
0
0
0
0
0
0
0
4095
0
0
0
0
0
0
0
4095
0
0
0
0
0
0
0
4095
0
0
0
0
0
0
0
4095
0
0
0
0
0
0
0
4095
0
0
0
0
0
0
0
4095
0
0
0
0
0
0
0
4095
0
0
0
0
0
0
0
4095
0
0
0
0
0
0
0
4095
0
0
0
0
0
0
0
4095
0
0
0
0
0
0
0
4095
0
0
0
0
0
0
0
4095
0
0
0
0
0
0
0
4095
0
0
0
0
0
0
0
4095
0
0
0
0
0
0
0
4095
0
0
0
0
0
0
0
4095
0
0
0
0
0
0
0
4095
0
0
0
0
0
0
0
4095
0
0
0
0
0
0
0
4095
0
0
0
0
0
0
0
4095
0
0
0
0
0
0
0
4095
0
0
0
0
0
0
0
4095
0
0
0
0
0
0
0
4095
0
0
0
0
0
0
0
4095
0
0
0
0
0
0
0
4095
0
0
0
0
0
0
0
4095
0
0
0
0
0
0
0
4095
0
0
0
0
0
0
0
4095
0
0
0
0
0
0
0
4095
0
0
0
0
0
0
0
4095
0
0
0
0
0
0
0
4095
0
0
0
0
0
0
0
4095
0
0
0
0
0
0
0
4095
0
0
0
0
0
0
0
4095
0
0
0
0
0
0
0
4095
0
0
0
0
0
0
0
4095
0
0
0
0
0
0
0
4095
0
0
0
0
0
0
0
4095
0
0
0
0
0
0
0
4095
0
0
0
0
0
0
0
4095
0
0
0
0
0
0
0
4095
0
0
0
0
0
0
0
4095
0
0
0
0
0
0
0
4095
0
0
0
0
0
0
0
4095
0
0
0
0
0
0
0
4095
0
0
0
0
0
0
0
4095
0
0
0
0
0
0
0
4095
0
0
0
0
0
0
0
4095
0
0
0
0
0
0
0
4095
0
0
0
0
0
0
0
4095
0
0
0
0
0
0
0
4095
0
0
0
0
0
0
0
4095
0
0
0
0
0
0
0
4095
0
0
0
0
0
0
0
4095
0
0
0
0
0
0
0
4095
0
0
0
0
0
0
0
4095
0
0
0
0
0
0
0
4095
0
0
0
0
0
0
0
4095
0
0
0
0
0
0
0
4095
0
0
0
0
0
0
0
4095
0
0
0
0
0
0
0
4095
0
0
0
0
0
0
0
4095
0
0
0
0
0
0
0
4095
0
0
0
0
0
0
0
4095
0
0
0
0
0
0
0
4095
0
0
0
0
0
0
0
4095
0
0
0
0
0
0
0
4095
0
0
0
0
0
0
0
4095
0
0
0
0
0
0
0
4095
0
0
0
0
0
0
0
4095
0
0
0
0
0
0
0
4095
0
0
0
0
0
0
0
4095
0
0
0
0
0
0
0
4095
0
0
0
0
0
0
0
4095
0
0
0
0
0
0
0
4095
0
0
0
0
0
0
0
4095
0
0
0
0
0
0
0
4095
0
0
0
0
0
0
0
4095
0
0
0
0
0
0
0
4095
0
0
0
0
0
0
0
4095
0
0
0
0
0
0
0
4095
0
0
0
0
0
0
0
4095
0
0
0
0
0
0
0
4095
0
0
0
0
0
0
0
4095
0
0
0
0
0
0
0
4095
0
0
0
0
0
0
0
4095
0
0
0
0
0
0
0
4095
0
0
0
0
0
0
0
4095
0
0
0
0
0
0
0
4095
0
0
0
0
0
0
0
4095
0
0
0
0
0
0
0
4095
0
0
0
0
0
0
0
4095
0
0
0
0
0
0
0
4095
0
0
0
0
0
0
0
4095
0
0
0
0
0
0
0
4095
0
0
0
0
0
0
0
4095
0
0
0
0
0
0
0
4095
0
0
0
0
0
0
0
4095
0
0
0
0
0
0
0
4095
0
0
0
0
0
0
0
4095
0
0
0
0
0
0
0
4095
0
0
0
0
0
0
0
4095
0
0
0
0
0
0
0
4095
0
0
0
0
0
0
0
4095
0
0
0
0
0
0
0
4095
0
0
0
0
0
0
0
4095
0
0
0
0
0
0
0
4095
0
0
0
0
0
0
0
4095
0
0
0
0
0
0
0
4095
0
0
0
0
0
0
0
4095
0
0
0
0
0
0
0
4095
0
0
0
0
0
0
0
4095
0
0
0
0
0
0
0
4095
0
0
0
0
0
0
0
4095
0
0
0
0
0
0
0
4095
0
0
0
0
0
0
0
4095
0
0
0
0
0
0
0
4095
0
0
0
0
0
0
0
4095
0
0
0
0
0
0
0
4095
0
0
0
0
0
0
0
4095
0
0
0
0
0
0
0
4095
0
0
0
0
0
0
0
4095
0
0
0
0
0
0
0
4095
0
0
0
0
0
0
0
4095
0
0
0
0
0
0
0
4095
0
0
0
0
0
0
0
4095
0
0
0
0
0
0
0
4095
0
0
0
0
0
0
0
4095
0
0
0
0
0
0
0
4095
0
0
0
0
0
0
0
4095
0
0
0
0
0
0
0
4095
0
0
0
0
0
0
0
4095
0
0
0
0
0
0
0
4095
0
0
0
0
0
0
0
4095
0
0
0
0
0
0
0
4095
0
0
0
0
0
0
0
4095
0
0
0
0
0
0
0
4095
0
0
0
0
0
0
0
4095
0
0
0
0
0
0
0
4095
0
0
0
0
0
0
0
4095
0
0
0
0
0
0
0
4095
0
0
0
0
0
0
0
4095
0
0
0
0
0
0
0
4095
0
0
0
0
0
0
0
4095
0
0
0
0
0
0
0
4095
0
0
0
0
0
0
0
4095
0
0
0
0
0
0
0
4095
0
0
0
0
0
0
0
4095
0
0
0
0
0
0
0
4095
0
0
0
0
0
0
0
4095
0
0
0
0
0
0
0
4095
0
0
0
0
0
0
0
4095
0
0
0
0
0
0
0
4095
0
0
0
0
0
0
0
4095
0
0
0
0
0
0
0
4095
0
0
0
0
0
0
0
4095
0
0
0
0
0
0
0
4095
0
0
0
0
0
0
0
4095
0
0
0
0
0
0
0
4095
0
0
0
0
0
0
0
4095
0
0
0
0
0
0
0
4095
0
0
0
0
0
0
0
4095
0
0
0
0
0
0
0
4095
0
0
0
0
0
0
0
4095
0
0
0
0
0
0
0
4095
0
0
0
0
0
0
0
4095
0
0
0
0
0
0
0
4095
0
0
0
0
0
0
0
4095
0
0
0
0
0
0
0
4095
0
0
0
0
0
0
0
4095
0
0
0
0
0
0
0
4095
0
0
0
0
0
0
0
4095
0
0
0
0
0
0
0
4095
0
0
0
0
0
0
0
4095
0
0
0
0
0
0
0
4095
0
0
0
0
0
0
0
4095
0
0
0
0
0
0
0
4095
0
0
0
0
0
0
0
4095
0
0
0
0
0
0
0
4095
0
0
0
0
0
0
0
4095
0
0
0
0
0
0
0
4095
0
0
0
0
0
0
0
4095
0
0
0
0
0
0
0
4095
0
0
0
0
0
0
0
4095
0
0
0
0
0
0
0
4095
0
0
0
0
0
0
0
4095
0
0
0
0
0
0
0
4095
0
0
0
0
0
0
0
4095
0
0
0
0
0
0
0
4095
0
0
0
0
0
0
0
4095
0
0
0
0
0
0
0
4095
0
0
0
0
0
0
0
4095
0
0
0
0
0
0
0
4095
0
0
0
0
0
0
0
4095
0
0
0
0
0
0
0
4095
0
0
0
0
0
0
0
4095
0
0
0
0
0
0
0
4095
0
0
0
0
0
0
0
4095
0
0
0
0
0
0
0
4095
0
0
0
0
0
0
0
4095
0
0
0
0
0
0
0
4095
0
0
0
0
0
0
0
4095
0
0
0
0
0
0
0
4095
0
0
0
0
0
0
0
4095
0
0
0
0
0
0
0
4095
0
0
0
0
0
0
0
4095
0
0
0
0
0
0
0
4095
0
0
0
0
0
0
0
4095
0
0
0
0
0
0
0
4095
0
0
0
0
0
0
0
4095
0
0
0
0
0
0
0
4095
0
0
0
0
0
0
0
4095
0
0
0
0
0
0
0
4095
0
0
0
0
0
0
0
4095
0
0
0
0
0
0
0
4095
0
0
0
0
0
0
0
4095
0
0
0
0
0
0
0
4095
0
0
0
0
0
0
0
4095
0
0
0
0
0
0
0
4095
0
0
0
0
0
0
0
4095
0
0
0
0
0
0
0
4095
0
0
0
0
0
0
0
4095
0
0
0
0
0
0
0
4095
0
0
0
0
0
0
0
4095
0
0
0
0
0
0
0
4095
0
0
0
0
0
0
0
4095
0
0
0
0
0
0
0
4095
0
0
0
0
0
0
0
4095
0
0
0
0
0
0
0
4095
0
0
0
0
0
0
0
4095
0
0
0
0
0
0
0
4095
0
0
0
0
0
0
0
4095
0
0
0
0
0
0
0
4095
0
0
0
0
0
0
0
4095
0
0
0
0
0
0
0
4095
0
0
0
0
0
0
0
4095
0
0
0
0
0
0
0
4095
0
0
0
0
0
0
0
4095
0
0
0
0
0
0
0
4095
0
0
0
0
0
0
0
4095
0
0
0
0
0
0
0
4095
0
0
0
0
0
0
0
4095
0
0
0
0
0
0
0
4095
0
0
0
0
0
0
0
4095
0
0
0
0
0
0
0
4095
0
0
0
0
0
0
0
4095
0
0
0
0
0
0
0
4095
0
0
0
0
0
0
0
4095
0
0
0
0
0
0
0
4095
0
0
0
0
0
0
0
4095
0
0
0
0
0
0
0
4095
0
0
0
0
0
0
0
4095
0
0
0
0
0
0
0
4095
0
0
0
0
0
0
0
4095
0
0
0
0
0
0
0
4095
0
0
0
0
0
0
0
4095
0
0
0
0
0
0
0
4095
0
0
0
0
0
0
0
4095
0
0
0
0
0
0
0
4095
0
0
0
0
0
0
0
4095
0
0
0
0
0
0
0
4095
0
0
0
0
0
0
0
4095
0
0
0
0
0
0
0
4095
0
0
0
0
0
0
0
4095
0
0
0
0
0
0
0
4095
0
0
0
0
0
0
0
4095
0
0
0
0
0
0
0
4095
0
0
0
0
0
0
0
4095
0
0
0
0
0
0
0
4095
0
0
0
0
0
0
0
4095
0
0
0
0
0
0
0
4095
0
0
0
0
0
0
0
4095
0
0
0
0
0
0
0
4095
0
0
0
0
0
0
0
4095
0
0
0
0
0
0
0
4095
0
0
0
0
0
0
0
4095
0
0
0
0
0
0
0
4095
0
0
0
0
0
0
0
4095
0
0
0
0
0
0
0
4095
0
0
0
0
0
0
0
4095
0
0
0
0
0
0
0
4095
0
0
0
0
0
0
0
4095
0
0
0
0
0
0
0
4095
0
0
0
0
0
0
0
4095
0
0
0
0
0
0
0
4095
0
0
0
0
0
0
0
4095
0
0
0
0
0
0
0
4095
0
0
0
0
0
0
0
4095
0
0
0
0
0
0
0
4095
0
0
0
0
0
0
0
4095
0
0
0
0
0
0
0
4095
0
0
0
0
0
0
0
4095
0
0
0
0
0
0
0
4095
0
0
0
0
0
0
0
4095
0
0
0
0
0
0
0
4095
0
0
0
0
0
0
0
4095
0
0
0
0
0
0
0
4095
0
0
0
0
0
0
0
4095
0
0
0
0
0
0
0
4095
0
0
0
0
0
0
0
4095
0
0
0
0
0
0
0
4095
0
0
0
0
0
0
0
4095
0
0
0
0
0
0
0
4095
0
0
0
0
0
0
0
4095
0
0
0
0
0
0
0
4095
0
0
0
0
0
0
0
4095
0
0
0
0
0
0
0
4095
0
0
0
0
0
0
0
4095
0
0
0
0
0
0
0
4095
0
0
0
0
0
0
0
4095
0
0
0
0
0
0
0
4095
0
0
0
0
0
0
0
4095
0
0
0
0
0
0
0
4095
0
0
0
0
0
0
0
4095
0
0
0
0
0
0
0
4095
0
0
0
0
0
0
0
4095
0
0
0
0
0
0
0
4095
0
0
0
0
0
0
0
4095
0
0
0
0
0
0
0
4095
0
0
0
0
0
0
0
4095
0
0
0
0
0
0
0
4095
0
0
0
0
0
0
0
4095
0
0
0
0
0
0
0
4095
0
0
0
0
0
0
0
4095
0
0
0
0
0
0
0
4095
0
0
0
0
0
0
0
4095
0
0
0
0
0
0
0
4095
0
0
0
0
0
0
0
4095
0
0
0
0
0
0
0
4095
0
0
0
0
0
0
0
4095
0
0
0
0
0
0
0
4095
0
0
0
0
0
0
0
4095
0
0
0
0
0
0
0
4095
0
0
0
0
0
0
0
4095
0
0
0
0
0
0
0
4095
0
0
0
0
0
0
0
4095
0
0
0
0
0
0
0
4095
0
0
0
0
0
0
0
4095
0
0
0
0
0
0
0
4095
0
0
0
0
0
0
0
4095
0
0
0
0
0
0
0
4095
0
0
0
0
0
0
0
4095
0
0
0
0
0
0
0
4095
0
0
0
0
0
0
0
4095
0
0
0
0
0
0
0
4095
0
0
0
0
0
0
0
4095
0
0
0
0
0
0
0
4095
0
0
0
0
0
0
0
4095
0
0
0
0
0
0
0
4095
0
0
0
0
0
0
0
4095
0
0
0
0
0
0
0
4095
0
0
0
0
0
0
0
4095
0
0
0
0
0
0
0
4095
0
0
0
0
0
0
0
4095
0
0
0
0
0
0
0
4095
0
0
0
0
0
0
0
4095
0
0
0
0
0
0
0
4095
0
0
0
0
0
0
0
4095
0
0
0
0
0
0
0
4095
0
0
0
0
0
0
0
4095
0
0
0
0
0
0
0
4095
0
0
0
0
0
0
0
4095
0
0
0
0
0
0
0
4095
0
0
0
0
0
0
0
4095
0
0
0
0
0
0
0
4095
0
0
0
0
0
0
0
4095
0
0
0
0
0
0
0
4095
0
0
0
0
0
0
0
4095
0
0
0
0
0
0
0
4095
0
0
0
0
0
0
0
4095
0
0
0
0
0
0
0
4095
0
0
0
0
0
0
0
4095
0
0
0
0
0
0
0
4095
0
0
0
0
0
0
0
4095
0
0
0
0
0
0
0
4095
0
0
0
0
0
0
0
4095
0
0
0
0
0
0
0
4095
0
0
0
0
0
0
0
4095
0
0
0
0
0
0
0
4095
0
0
0
0
0
0
0
4095
0
0
0
0
0
0
0
4095
0
0
0
0
0
0
0
4095
0
0
0
0
0
0
0
4095
0
0
0
0
0
0
0
4095
0
0
0
0
0
0
0
4095
0
0
0
0
0
0
0
4095
0
0
0
0
0
0
0
4095
0
0
0
0
0
0
0
4095
0
0
0
0
0
0
0
4095
0
0
0
0
0
0
0
4095
0
0
0
0
0
0
0
4095
0
0
0
0
0
0
0
4095
0
0
0
0
0
0
0
4095
0
0
0
0
0
0
0
4095
0
0
0
0
0
0
0
4095
0
0
0
0
0
0
0
4095
0
0
0
0
0
0
0
4095
0
0
0
0
0
0
0
4095
0
0
0
0
0
0
0
4095
0
0
0
0
0
0
0
4095
0
0
0
0
0
0
0
4095
0
0
0
0
0
0
0
4095
0
0
0
0
0
0
0
4095
0
0
0
0
0
0
0
4095
0
0
0
0
0
0
0
4095
0
0
0
0
0
0
0
4095
0
0
0
0
0
0
0
4095
0
0
0
0
0
0
0
4095
0
0
0
0
0
0
0
4095
0
0
0
0
0
0
0
4095
0
0
0
0
0
0
0
4095
0
0
0
0
0
0
0
4095
0
0
0
0
0
0
0
4095
0
0
0
0
0
0
0
4095
0
0
0
0
0
0
0
4095
0
0
0
0
0
0
