4095
4095
0
0
0
0
0
0
4095
4095
0
0
0
0
0
0
4095
4095
0
0
0
0
0
0
4095
4095
0
0
0
0
0
0
4095
4095
0
0
0
0
0
0
4095
4095
0
0
0
0
0
0
4095
4095
0
0
0
0
0
0
4095
4095
0
0
0
0
0
0
4095
4095
0
0
0
0
0
0
4095
4095
0
0
0
0
0
0
4095
4095
0
0
0
0
0
0
4095
4095
0
0
0
0
0
0
4095
4095
0
0
0
0
0
0
4095
4095
0
0
0
0
0
0
4095
4095
0
0
0
0
0
0
4095
4095
0
0
0
0
0
0
4095
4095
0
0
0
0
0
0
4095
4095
0
0
0
0
0
0
4095
4095
0
0
0
0
0
0
4095
4095
0
0
0
0
0
0
4095
4095
0
0
0
0
0
0
4095
4095
0
0
0
0
0
0
4095
4095
0
0
0
0
0
0
4093
4093
0
0
0
0
0
0
4092
4092
0
0
0
0
0
0
4094
4093
0
0
0
0
0
0
0
4095
0
0
0
0
0
0
4094
4095
0
0
0
0
0
0
4093
4093
0
0
0
0
0
0
4092
4092
0
0
0
0
0
0
4092
4092
0
0
0
0
0
0
4095
4094
0
0
0
0
0
0
4093
4094
0
0
0
0
0
0
4092
4093
0
0
0
0
0
0
4092
4090
0
0
0
0
0
0
4094
4094
0
0
0
0
0
0
0
0
0
0
0
0
0
0
4091
4094
0
0
0
0
0
0
4090
4091
0
0
0
0
0
0
4092
4089
0
0
0
0
0
0
1
4095
0
0
0
0
0
0
0
2
0
0
0
0
0
0
4091
4093
0
0
0
0
0
0
4087
4087
0
0
0
0
0
0
4091
4088
0
0
0
0
0
0
3
1
0
0
0
0
0
0
2
6
0
0
0
0
0
0
4086
4091
0
0
0
0
0
0
4083
4082
0
0
0
0
0
0
4094
4088
0
0
0
0
0
0
9
6
0
0
0
0
0
0
1
9
0
0
0
0
0
0
4082
4089
0
0
0
0
0
0
4082
4079
0
0
0
0
0
0
2
4089
0
0
0
0
0
0
13
11
0
0
0
0
0
0
4094
9
0
0
0
0
0
0
4076
4084
0
0
0
0
0
0
4080
4073
0
0
0
0
0
0
7
4092
0
0
0
0
0
0
16
17
0
0
0
0
0
0
4092
9
0
0
0
0
0
0
4070
4077
0
0
0
0
0
0
4081
4070
0
0
0
0
0
0
14
1
0
0
0
0
0
0
20
24
0
0
0
0
0
0
4088
9
0
0
0
0
0
0
4064
4068
0
0
0
0
0
0
4084
4067
0
0
0
0
0
0
22
8
0
0
0
0
0
0
23
32
0
0
0
0
0
0
4078
3
0
0
0
0
0
0
4058
4059
0
0
0
0
0
0
4090
4068
0
0
0
0
0
0
33
20
0
0
0
0
0
0
21
38
0
0
0
0
0
0
4069
4092
0
0
0
0
0
0
4052
4048
0
0
0
0
0
0
1
4069
0
0
0
0
0
0
42
31
0
0
0
0
0
0
18
42
0
0
0
0
0
0
4056
4080
0
0
0
0
0
0
4049
4038
0
0
0
0
0
0
13
4077
0
0
0
0
0
0
52
47
0
0
0
0
0
0
10
42
0
0
0
0
0
0
4042
4066
0
0
0
0
0
0
4050
4029
0
0
0
0
0
0
26
4087
0
0
0
0
0
0
59
60
0
0
0
0
0
0
4095
38
0
0
0
0
0
0
4028
4047
0
0
0
0
0
0
4055
4024
0
0
0
0
0
0
45
8
0
0
0
0
0
0
63
74
0
0
0
0
0
0
4079
30
0
0
0
0
0
0
4015
4029
0
0
0
0
0
0
4064
4021
0
0
0
0
0
0
63
26
0
0
0
0
0
0
64
88
0
0
0
0
0
0
4059
16
0
0
0
0
0
0
4003
4008
0
0
0
0
0
0
4079
4024
0
0
0
0
0
0
82
48
0
0
0
0
0
0
58
95
0
0
0
0
0
0
4037
4093
0
0
0
0
0
0
3998
3990
0
0
0
0
0
0
2
4036
0
0
0
0
0
0
99
73
0
0
0
0
0
0
47
98
0
0
0
0
0
0
4013
4068
0
0
0
0
0
0
3996
3973
0
0
0
0
0
0
27
4053
0
0
0
0
0
0
113
100
0
0
0
0
0
0
28
96
0
0
0
0
0
0
3989
4040
0
0
0
0
0
0
4001
3962
0
0
0
0
0
0
56
4077
0
0
0
0
0
0
123
125
0
0
0
0
0
0
6
85
0
0
0
0
0
0
3965
4006
0
0
0
0
0
0
4013
3954
0
0
0
0
0
0
87
11
0
0
0
0
0
0
129
148
0
0
0
0
0
0
4072
67
0
0
0
0
0
0
3945
3975
0
0
0
0
0
0
4035
3957
0
0
0
0
0
0
119
47
0
0
0
0
0
0
125
166
0
0
0
0
0
0
4036
38
0
0
0
0
0
0
3930
3942
0
0
0
0
0
0
4062
3967
0
0
0
0
0
0
149
86
0
0
0
0
0
0
113
177
0
0
0
0
0
0
3999
5
0
0
0
0
0
0
3922
3911
0
0
0
0
0
0
0
3987
0
0
0
0
0
0
176
126
0
0
0
0
0
0
92
179
0
0
0
0
0
0
3958
4057
0
0
0
0
0
0
3922
3885
0
0
0
0
0
0
41
4016
0
0
0
0
0
0
197
168
0
0
0
0
0
0
60
170
0
0
0
0
0
0
3921
4011
0
0
0
0
0
0
3933
3870
0
0
0
0
0
0
89
4058
0
0
0
0
0
0
209
207
0
0
0
0
0
0
20
150
0
0
0
0
0
0
3885
3960
0
0
0
0
0
0
3955
3863
0
0
0
0
0
0
136
9
0
0
0
0
0
0
214
239
0
0
0
0
0
0
4067
119
0
0
0
0
0
0
3856
3910
0
0
0
0
0
0
3989
3868
0
0
0
0
0
0
183
63
0
0
0
0
0
0
205
265
0
0
0
0
0
0
4013
73
0
0
0
0
0
0
3835
3860
0
0
0
0
0
0
4034
3887
0
0
0
0
0
0
230
124
0
0
0
0
0
0
185
277
0
0
0
0
0
0
3956
19
0
0
0
0
0
0
3826
3816
0
0
0
0
0
0
4087
3920
0
0
0
0
0
0
268
187
0
0
0
0
0
0
149
279
0
0
0
0
0
0
3896
4051
0
0
0
0
0
0
3830
3783
0
0
0
0
0
0
52
3965
0
0
0
0
0
0
297
246
0
0
0
0
0
0
102
263
0
0
0
0
0
0
3843
3984
0
0
0
0
0
0
3848
3760
0
0
0
0
0
0
120
4025
0
0
0
0
0
0
315
302
0
0
0
0
0
0
43
233
0
0
0
0
0
0
3792
3910
0
0
0
0
0
0
3881
3752
0
0
0
0
0
0
189
1
0
0
0
0
0
0
317
345
0
0
0
0
0
0
4071
185
0
0
0
0
0
0
3752
3836
0
0
0
0
0
0
3931
3763
0
0
0
0
0
0
258
80
0
0
0
0
0
0
303
380
0
0
0
0
0
0
3993
121
0
0
0
0
0
0
3724
3768
0
0
0
0
0
0
3993
3789
0
0
0
0
0
0
319
163
0
0
0
0
0
0
273
397
0
0
0
0
0
0
3915
46
0
0
0
0
0
0
3714
3709
0
0
0
0
0
0
4069
3837
0
0
0
0
0
0
372
249
0
0
0
0
0
0
223
397
0
0
0
0
0
0
3834
4055
0
0
0
0
0
0
3720
3665
0
0
0
0
0
0
59
3901
0
0
0
0
0
0
411
331
0
0
0
0
0
0
159
375
0
0
0
0
0
0
3758
3958
0
0
0
0
0
0
3745
3634
0
0
0
0
0
0
149
3981
0
0
0
0
0
0
432
404
0
0
0
0
0
0
78
332
0
0
0
0
0
0
3691
3860
0
0
0
0
0
0
3792
3624
0
0
0
0
0
0
242
4076
0
0
0
0
0
0
437
465
0
0
0
0
0
0
4082
267
0
0
0
0
0
0
3638
3762
0
0
0
0
0
0
3856
3636
0
0
0
0
0
0
332
86
0
0
0
0
0
0
418
509
0
0
0
0
0
0
3980
184
0
0
0
0
0
0
3603
3673
0
0
0
0
0
0
3940
3675
0
0
0
0
0
0
413
197
0
0
0
0
0
0
377
530
0
0
0
0
0
0
3874
81
0
0
0
0
0
0
3587
3597
0
0
0
0
0
0
4040
3735
0
0
0
0
0
0
481
309
0
0
0
0
0
0
313
530
0
0
0
0
0
0
3771
4064
0
0
0
0
0
0
3597
3537
0
0
0
0
0
0
54
3820
0
0
0
0
0
0
534
415
0
0
0
0
0
0
228
500
0
0
0
0
0
0
3671
3940
0
0
0
0
0
0
3629
3498
0
0
0
0
0
0
172
3926
0
0
0
0
0
0
563
511
0
0
0
0
0
0
125
447
0
0
0
0
0
0
3587
3815
0
0
0
0
0
0
3688
3486
0
0
0
0
0
0
291
4046
0
0
0
0
0
0
566
588
0
0
0
0
0
0
8
365
0
0
0
0
0
0
3518
3692
0
0
0
0
0
0
3772
3503
0
0
0
0
0
0
406
84
0
0
0
0
0
0
543
643
0
0
0
0
0
0
3974
259
0
0
0
0
0
0
3473
3578
0
0
0
0
0
0
3878
3548
0
0
0
0
0
0
508
223
0
0
0
0
0
0
493
673
0
0
0
0
0
0
3843
134
0
0
0
0
0
0
3453
3481
0
0
0
0
0
0
4000
3624
0
0
0
0
0
0
596
364
0
0
0
0
0
0
415
671
0
0
0
0
0
0
3709
4085
0
0
0
0
0
0
3462
3404
0
0
0
0
0
0
42
3727
0
0
0
0
0
0
659
496
0
0
0
0
0
0
308
637
0
0
0
0
0
0
3589
3934
0
0
0
0
0
0
3502
3356
0
0
0
0
0
0
187
3855
0
0
0
0
0
0
696
613
0
0
0
0
0
0
182
572
0
0
0
0
0
0
3484
3778
0
0
0
0
0
0
3574
3341
0
0
0
0
0
0
333
4004
0
0
0
0
0
0
703
712
0
0
0
0
0
0
39
473
0
0
0
0
0
0
3399
3627
0
0
0
0
0
0
3674
3357
0
0
0
0
0
0
473
70
0
0
0
0
0
0
677
781
0
0
0
0
0
0
3978
346
0
0
0
0
0
0
3342
3488
0
0
0
0
0
0
3803
3412
0
0
0
0
0
0
600
241
0
0
0
0
0
0
616
817
0
0
0
0
0
0
3820
195
0
0
0
0
0
0
3317
3368
0
0
0
0
0
0
3949
3502
0
0
0
0
0
0
705
410
0
0
0
0
0
0
524
820
0
0
0
0
0
0
3660
24
0
0
0
0
0
0
3324
3275
0
0
0
0
0
0
17
3623
0
0
0
0
0
0
784
569
0
0
0
0
0
0
401
781
0
0
0
0
0
0
3514
3937
0
0
0
0
0
0
3368
3214
0
0
0
0
0
0
191
3776
0
0
0
0
0
0
831
712
0
0
0
0
0
0
251
704
0
0
0
0
0
0
3385
3752
0
0
0
0
0
0
3453
3194
0
0
0
0
0
0
365
3950
0
0
0
0
0
0
842
828
0
0
0
0
0
0
82
591
0
0
0
0
0
0
3283
3573
0
0
0
0
0
0
3568
3210
0
0
0
0
0
0
531
46
0
0
0
0
0
0
815
915
0
0
0
0
0
0
3995
445
0
0
0
0
0
0
3213
3407
0
0
0
0
0
0
3716
3270
0
0
0
0
0
0
681
245
0
0
0
0
0
0
747
962
0
0
0
0
0
0
3805
266
0
0
0
0
0
0
3180
3264
0
0
0
0
0
0
3887
3370
0
0
0
0
0
0
807
444
0
0
0
0
0
0
642
967
0
0
0
0
0
0
3621
69
0
0
0
0
0
0
3185
3153
0
0
0
0
0
0
4079
3512
0
0
0
0
0
0
903
631
0
0
0
0
0
0
500
925
0
0
0
0
0
0
3448
3954
0
0
0
0
0
0
3236
3079
0
0
0
0
0
0
181
3683
0
0
0
0
0
0
961
798
0
0
0
0
0
0
330
843
0
0
0
0
0
0
3298
3738
0
0
0
0
0
0
3327
3049
0
0
0
0
0
0
383
3884
0
0
0
0
0
0
979
939
0
0
0
0
0
0
135
714
0
0
0
0
0
0
3176
3531
0
0
0
0
0
0
3456
3065
0
0
0
0
0
0
576
8
0
0
0
0
0
0
949
1039
0
0
0
0
0
0
4022
548
0
0
0
0
0
0
3092
3338
0
0
0
0
0
0
3622
3129
0
0
0
0
0
0
751
237
0
0
0
0
0
0
878
1099
0
0
0
0
0
0
3808
350
0
0
0
0
0
0
3049
3172
0
0
0
0
0
0
3817
3240
0
0
0
0
0
0
899
464
0
0
0
0
0
0
760
1107
0
0
0
0
0
0
3595
124
0
0
0
0
0
0
3053
3041
0
0
0
0
0
0
4032
3396
0
0
0
0
0
0
1011
680
0
0
0
0
0
0
604
1067
0
0
0
0
0
0
3397
3983
0
0
0
0
0
0
3105
2954
0
0
0
0
0
0
162
3589
0
0
0
0
0
0
1081
872
0
0
0
0
0
0
415
978
0
0
0
0
0
0
3226
3741
0
0
0
0
0
0
3201
2913
0
0
0
0
0
0
388
3810
0
0
0
0
0
0
1105
1031
0
0
0
0
0
0
199
839
0
0
0
0
0
0
3083
3504
0
0
0
0
0
0
3344
2926
0
0
0
0
0
0
608
4055
0
0
0
0
0
0
1081
1150
0
0
0
0
0
0
4062
657
0
0
0
0
0
0
2985
3287
0
0
0
0
0
0
3526
2992
0
0
0
0
0
0
806
215
0
0
0
0
0
0
1003
1222
0
0
0
0
0
0
3819
437
0
0
0
0
0
0
2932
3098
0
0
0
0
0
0
3740
3112
0
0
0
0
0
0
974
468
0
0
0
0
0
0
879
1239
0
0
0
0
0
0
3584
191
0
0
0
0
0
0
2929
2947
0
0
0
0
0
0
3978
3279
0
0
0
0
0
0
1104
710
0
0
0
0
0
0
711
1201
0
0
0
0
0
0
3363
4024
0
0
0
0
0
0
2980
2844
0
0
0
0
0
0
129
3487
0
0
0
0
0
0
1187
926
0
0
0
0
0
0
504
1107
0
0
0
0
0
0
3168
3755
0
0
0
0
0
0
3084
2794
0
0
0
0
0
0
381
3731
0
0
0
0
0
0
1219
1106
0
0
0
0
0
0
268
959
0
0
0
0
0
0
3008
3494
0
0
0
0
0
0
3234
2801
0
0
0
0
0
0
623
3998
0
0
0
0
0
0
1197
1243
0
0
0
0
0
0
15
764
0
0
0
0
0
0
2893
3251
0
0
0
0
0
0
3426
2866
0
0
0
0
0
0
844
181
0
0
0
0
0
0
1120
1327
0
0
0
0
0
0
3846
529
0
0
0
0
0
0
2829
3042
0
0
0
0
0
0
3657
2989
0
0
0
0
0
0
1032
459
0
0
0
0
0
0
991
1353
0
0
0
0
0
0
3589
264
0
0
0
0
0
0
2820
2872
0
0
0
0
0
0
3912
3165
0
0
0
0
0
0
1177
722
0
0
0
0
0
0
814
1318
0
0
0
0
0
0
3346
4076
0
0
0
0
0
0
2869
2755
0
0
0
0
0
0
87
3387
0
0
0
0
0
0
1274
960
0
0
0
0
0
0
593
1225
0
0
0
0
0
0
3131
3787
0
0
0
0
0
0
2973
2694
0
0
0
0
0
0
359
3647
0
0
0
0
0
0
1315
1162
0
0
0
0
0
0
343
1073
0
0
0
0
0
0
2952
3501
0
0
0
0
0
0
3130
2694
0
0
0
0
0
0
621
3932
0
0
0
0
0
0
1299
1316
0
0
0
0
0
0
71
868
0
0
0
0
0
0
2823
3237
0
0
0
0
0
0
3334
2757
0
0
0
0
0
0
861
133
0
0
0
0
0
0
1223
1412
0
0
0
0
0
0
3885
620
0
0
0
0
0
0
2748
3007
0
0
0
0
0
0
3575
2880
0
0
0
0
0
0
1068
433
0
0
0
0
0
0
1093
1448
0
0
0
0
0
0
3607
341
0
0
0
0
0
0
2731
2820
0
0
0
0
0
0
3844
3060
0
0
0
0
0
0
1229
716
0
0
0
0
0
0
908
1420
0
0
0
0
0
0
3345
39
0
0
0
0
0
0
2773
2686
0
0
0
0
0
0
36
3292
0
0
0
0
0
0
1340
975
0
0
0
0
0
0
679
1326
0
0
0
0
0
0
3112
3827
0
0
0
0
0
0
2877
2614
0
0
0
0
0
0
325
3564
0
0
0
0
0
0
1390
1194
0
0
0
0
0
0
418
1172
0
0
0
0
0
0
2920
3526
0
0
0
0
0
0
3037
2607
0
0
0
0
0
0
604
3861
0
0
0
0
0
0
1380
1361
0
0
0
0
0
0
132
964
0
0
0
0
0
0
2777
3245
0
0
0
0
0
0
3247
2666
0
0
0
0
0
0
860
79
0
0
0
0
0
0
1309
1471
0
0
0
0
0
0
3933
708
0
0
0
0
0
0
2688
2995
0
0
0
0
0
0
3496
2788
0
0
0
0
0
0
1083
393
0
0
0
0
0
0
1178
1516
0
0
0
0
0
0
3641
418
0
0
0
0
0
0
2663
2794
0
0
0
0
0
0
3777
2971
0
0
0
0
0
0
1258
694
0
0
0
0
0
0
993
1497
0
0
0
0
0
0
3363
105
0
0
0
0
0
0
2701
2647
0
0
0
0
0
0
4073
3205
0
0
0
0
0
0
1380
967
0
0
0
0
0
0
760
1409
0
0
0
0
0
0
3115
3880
0
0
0
0
0
0
2800
2562
0
0
0
0
0
0
279
3482
0
0
0
0
0
0
1442
1201
0
0
0
0
0
0
491
1256
0
0
0
0
0
0
2910
3563
0
0
0
0
0
0
2959
2546
0
0
0
0
0
0
571
3788
0
0
0
0
0
0
1441
1383
0
0
0
0
0
0
198
1046
0
0
0
0
0
0
2753
3268
0
0
0
0
0
0
3169
2598
0
0
0
0
0
0
842
18
0
0
0
0
0
0
1374
1504
0
0
0
0
0
0
3988
788
0
0
0
0
0
0
2656
3008
0
0
0
0
0
0
3423
2717
0
0
0
0
0
0
1074
341
0
0
0
0
0
0
1247
1560
0
0
0
0
0
0
3684
492
0
0
0
0
0
0
2621
2793
0
0
0
0
0
0
3707
2895
0
0
0
0
0
0
1262
655
0
0
0
0
0
0
1063
1550
0
0
0
0
0
0
3398
173
0
0
0
0
0
0
2650
2633
0
0
0
0
0
0
4012
3131
0
0
0
0
0
0
1395
941
0
0
0
0
0
0
830
1467
0
0
0
0
0
0
3140
3941
0
0
0
0
0
0
2745
2537
0
0
0
0
0
0
225
3409
0
0
0
0
0
0
1467
1184
0
0
0
0
0
0
560
1320
0
0
0
0
0
0
2922
3616
0
0
0
0
0
0
2898
2511
0
0
0
0
0
0
523
3718
0
0
0
0
0
0
1476
1378
0
0
0
0
0
0
263
1113
0
0
0
0
0
0
2757
3312
0
0
0
0
0
0
3108
2556
0
0
0
0
0
0
805
4049
0
0
0
0
0
0
1417
1510
0
0
0
0
0
0
4048
856
0
0
0
0
0
0
2648
3040
0
0
0
0
0
0
3358
2666
0
0
0
0
0
0
1046
281
0
0
0
0
0
0
1295
1575
0
0
0
0
0
0
3741
560
0
0
0
0
0
0
2605
2815
0
0
0
0
0
0
3644
2842
0
0
0
0
0
0
1242
599
0
0
0
0
0
0
1113
1571
0
0
0
0
0
0
3446
239
0
0
0
0
0
0
2626
2648
0
0
0
0
0
0
3949
3071
0
0
0
0
0
0
1385
891
0
0
0
0
0
0
886
1498
0
0
0
0
0
0
3183
4006
0
0
0
0
0
0
2712
2543
0
0
0
0
0
0
162
3345
0
0
0
0
0
0
1465
1145
0
0
0
0
0
0
618
1359
0
0
0
0
0
0
2958
3677
0
0
0
0
0
0
2860
2506
0
0
0
0
0
0
467
3655
0
0
0
0
0
0
1482
1347
0
0
0
0
0
0
322
1159
0
0
0
0
0
0
2784
3368
0
0
0
0
0
0
3062
2539
0
0
0
0
0
0
749
3981
0
0
0
0
0
0
1430
1487
0
0
0
0
0
0
15
909
0
0
0
0
0
0
2668
3094
0
0
0
0
0
0
3307
2642
0
0
0
0
0
0
997
216
0
0
0
0
0
0
1315
1562
0
0
0
0
0
0
3801
618
0
0
0
0
0
0
2617
2863
0
0
0
0
0
0
3588
2809
0
0
0
0
0
0
1200
535
0
0
0
0
0
0
1147
1569
0
0
0
0
0
0
3507
303
0
0
0
0
0
0
2628
2688
0
0
0
0
0
0
3890
3032
0
0
0
0
0
0
1350
830
0
0
0
0
0
0
927
1505
0
0
0
0
0
0
3240
4072
0
0
0
0
0
0
2706
2576
0
0
0
0
0
0
101
3298
0
0
0
0
0
0
1437
1084
0
0
0
0
0
0
666
1374
0
0
0
0
0
0
3013
3746
0
0
0
0
0
0
2843
2530
0
0
0
0
0
0
403
3598
0
0
0
0
0
0
1460
1291
0
0
0
0
0
0
376
1185
0
0
0
0
0
0
2835
3438
0
0
0
0
0
0
3035
2555
0
0
0
0
0
0
684
3920
0
0
0
0
0
0
1421
1438
0
0
0
0
0
0
74
944
0
0
0
0
0
0
2712
3161
0
0
0
0
0
0
3273
2646
0
0
0
0
0
0
932
146
0
0
0
0
0
0
1316
1520
0
0
0
0
0
0
3868
664
0
0
0
0
0
0
2653
2930
0
0
0
0
0
0
3542
2802
0
0
0
0
0
0
1138
463
0
0
0
0
0
0
1156
1535
0
0
0
0
0
0
3578
358
0
0
0
0
0
0
2657
2751
0
0
0
0
0
0
3835
3010
0
0
0
0
0
0
1290
754
0
0
0
0
0
0
948
1483
0
0
0
0
0
0
3312
40
0
0
0
0
0
0
2724
2635
0
0
0
0
0
0
39
3266
0
0
0
0
0
0
1384
1008
0
0
0
0
0
0
698
1363
0
0
0
0
0
0
3085
3819
0
0
0
0
0
0
2850
2581
0
0
0
0
0
0
334
3556
0
0
0
0
0
0
1414
1214
0
0
0
0
0
0
422
1186
0
0
0
0
0
0
2906
3517
0
0
0
0
0
0
3030
2596
0
0
0
0
0
0
608
3862
0
0
0
0
0
0
1382
1364
0
0
0
0
0
0
129
960
0
0
0
0
0
0
2782
3247
0
0
0
0
0
0
3255
2678
0
0
0
0
0
0
852
79
0
0
0
0
0
0
1292
1451
0
0
0
0
0
0
3934
695
0
0
0
0
0
0
2715
3015
0
0
0
0
0
0
3510
2819
0
0
0
0
0
0
1056
386
0
0
0
0
0
0
1144
1475
0
0
0
0
0
0
3653
402
0
0
0
0
0
0
2712
2838
0
0
0
0
0
0
3790
3014
0
0
0
0
0
0
1208
668
0
0
0
0
0
0
949
1432
0
0
0
0
0
0
3397
97
0
0
0
0
0
0
2771
2718
0
0
0
0
0
0
4076
3254
0
0
0
0
0
0
1305
915
0
0
0
0
0
0
714
1326
0
0
0
0
0
0
3173
3890
0
0
0
0
0
0
2883
2659
0
0
0
0
0
0
263
3525
0
0
0
0
0
0
1343
1120
0
0
0
0
0
0
454
1165
0
0
0
0
0
0
2997
3602
0
0
0
0
0
0
3049
2666
0
0
0
0
0
0
528
3816
0
0
0
0
0
0
1320
1268
0
0
0
0
0
0
179
955
0
0
0
0
0
0
2872
3340
0
0
0
0
0
0
3255
2735
0
0
0
0
0
0
764
19
0
0
0
0
0
0
1241
1360
0
0
0
0
0
0
3998
708
0
0
0
0
0
0
2803
3117
0
0
0
0
0
0
3494
2860
0
0
0
0
0
0
960
305
0
0
0
0
0
0
1108
1387
0
0
0
0
0
0
3729
434
0
0
0
0
0
0
2792
2943
0
0
0
0
0
0
3755
3039
0
0
0
0
0
0
1110
575
0
0
0
0
0
0
930
1355
0
0
0
0
0
0
3485
148
0
0
0
0
0
0
2838
2821
0
0
0
0
0
0
4023
3258
0
0
0
0
0
0
1208
814
0
0
0
0
0
0
713
1263
0
0
0
0
0
0
3272
3959
0
0
0
0
0
0
2938
2760
0
0
0
0
0
0
192
3509
0
0
0
0
0
0
1249
1009
0
0
0
0
0
0
473
1119
0
0
0
0
0
0
3100
3686
0
0
0
0
0
0
3086
2759
0
0
0
0
0
0
443
3781
0
0
0
0
0
0
1234
1154
0
0
0
0
0
0
217
928
0
0
0
0
0
0
2977
3438
0
0
0
0
0
0
3276
2815
0
0
0
0
0
0
666
4057
0
0
0
0
0
0
1170
1247
0
0
0
0
0
0
4055
703
0
0
0
0
0
0
2906
3226
0
0
0
0
0
0
3494
2927
0
0
0
0
0
0
854
231
0
0
0
0
0
0
1049
1279
0
0
0
0
0
0
3804
451
0
0
0
0
0
0
2891
3060
0
0
0
0
0
0
3732
3086
0
0
0
0
0
0
999
483
0
0
0
0
0
0
889
1256
0
0
0
0
0
0
3576
189
0
0
0
0
0
0
2927
2943
0
0
0
0
0
0
3981
3286
0
0
0
0
0
0
1094
706
0
0
0
0
0
0
696
1179
0
0
0
0
0
0
3376
4021
0
0
0
0
0
0
3013
2881
0
0
0
0
0
0
129
3513
0
0
0
0
0
0
1139
889
0
0
0
0
0
0
476
1052
0
0
0
0
0
0
3215
3770
0
0
0
0
0
0
3144
2872
0
0
0
0
0
0
358
3758
0
0
0
0
0
0
1131
1029
0
0
0
0
0
0
243
883
0
0
0
0
0
0
3097
3541
0
0
0
0
0
0
3313
2919
0
0
0
0
0
0
566
4010
0
0
0
0
0
0
1073
1117
0
0
0
0
0
0
8
677
0
0
0
0
0
0
3027
3343
0
0
0
0
0
0
3509
3014
0
0
0
0
0
0
742
162
0
0
0
0
0
0
973
1154
0
0
0
0
0
0
3877
453
0
0
0
0
0
0
3007
3187
0
0
0
0
0
0
3724
3153
0
0
0
0
0
0
876
392
0
0
0
0
0
0
831
1139
0
0
0
0
0
0
3666
217
0
0
0
0
0
0
3035
3076
0
0
0
0
0
0
3946
3328
0
0
0
0
0
0
969
597
0
0
0
0
0
0
661
1074
0
0
0
0
0
0
3482
4074
0
0
0
0
0
0
3108
3014
0
0
0
0
0
0
72
3531
0
0
0
0
0
0
1012
765
0
0
0
0
0
0
465
965
0
0
0
0
0
0
3335
3848
0
0
0
0
0
0
3222
3002
0
0
0
0
0
0
282
3753
0
0
0
0
0
0
1011
894
0
0
0
0
0
0
258
816
0
0
0
0
0
0
3225
3642
0
0
0
0
0
0
3368
3037
0
0
0
0
0
0
468
3977
0
0
0
0
0
0
965
979
0
0
0
0
0
0
48
638
0
0
0
0
0
0
3159
3462
0
0
0
0
0
0
3541
3119
0
0
0
0
0
0
626
99
0
0
0
0
0
0
878
1017
0
0
0
0
0
0
3940
440
0
0
0
0
0
0
3137
3320
0
0
0
0
0
0
3732
3240
0
0
0
0
0
0
751
305
0
0
0
0
0
0
758
1008
0
0
0
0
0
0
3753
231
0
0
0
0
0
0
3157
3216
0
0
0
0
0
0
3927
3391
0
0
0
0
0
0
835
488
0
0
0
0
0
0
608
955
0
0
0
0
0
0
3590
21
0
0
0
0
0
0
3218
3158
0
0
0
0
0
0
25
3566
0
0
0
0
0
0
878
640
0
0
0
0
0
0
438
861
0
0
0
0
0
0
3455
3917
0
0
0
0
0
0
3312
3141
0
0
0
0
0
0
210
3758
0
0
0
0
0
0
882
757
0
0
0
0
0
0
259
734
0
0
0
0
0
0
3358
3736
0
0
0
0
0
0
3439
3172
0
0
0
0
0
0
376
3955
0
0
0
0
0
0
844
835
0
0
0
0
0
0
75
583
0
0
0
0
0
0
3296
3578
0
0
0
0
0
0
3586
3237
0
0
0
0
0
0
516
49
0
0
0
0
0
0
774
871
0
0
0
0
0
0
3996
413
0
0
0
0
0
0
3273
3451
0
0
0
0
0
0
3749
3338
0
0
0
0
0
0
625
228
0
0
0
0
0
0
671
867
0
0
0
0
0
0
3833
232
0
0
0
0
0
0
3286
3359
0
0
0
0
0
0
3920
3467
0
0
0
0
0
0
698
387
0
0
0
0
0
0
544
824
0
0
0
0
0
0
3690
53
0
0
0
0
0
0
3336
3305
0
0
0
0
0
0
4084
3616
0
0
0
0
0
0
740
520
0
0
0
0
0
0
400
746
0
0
0
0
0
0
3574
3977
0
0
0
0
0
0
3416
3290
0
0
0
0
0
0
146
3777
0
0
0
0
0
0
745
622
0
0
0
0
0
0
247
642
0
0
0
0
0
0
3488
3820
0
0
0
0
0
0
3521
3310
0
0
0
0
0
0
288
3943
0
0
0
0
0
0
717
689
0
0
0
0
0
0
93
514
0
0
0
0
0
0
3432
3684
0
0
0
0
0
0
3645
3364
0
0
0
0
0
0
410
12
0
0
0
0
0
0
658
722
0
0
0
0
0
0
4040
372
0
0
0
0
0
0
3412
3577
0
0
0
0
0
0
3780
3446
0
0
0
0
0
0
501
159
0
0
0
0
0
0
574
720
0
0
0
0
0
0
3903
222
0
0
0
0
0
0
3422
3499
0
0
0
0
0
0
3921
3552
0
0
0
0
0
0
567
294
0
0
0
0
0
0
470
688
0
0
0
0
0
0
3784
72
0
0
0
0
0
0
3460
3451
0
0
0
0
0
0
4059
3676
0
0
0
0
0
0
601
406
0
0
0
0
0
0
352
626
0
0
0
0
0
0
3686
4024
0
0
0
0
0
0
3525
3435
0
0
0
0
0
0
95
3809
0
0
0
0
0
0
608
493
0
0
0
0
0
0
227
540
0
0
0
0
0
0
3611
3895
0
0
0
0
0
0
3610
3452
0
0
0
0
0
0
211
3946
0
0
0
0
0
0
587
549
0
0
0
0
0
0
99
437
0
0
0
0
0
0
3565
3783
0
0
0
0
0
0
3710
3495
0
0
0
0
0
0
311
4078
0
0
0
0
0
0
541
578
0
0
0
0
0
0
4074
320
0
0
0
0
0
0
3548
3694
0
0
0
0
0
0
3819
3562
0
0
0
0
0
0
388
105
0
0
0
0
0
0
472
577
0
0
0
0
0
0
3962
200
0
0
0
0
0
0
3554
3630
0
0
0
0
0
0
3934
3647
0
0
0
0
0
0
442
213
0
0
0
0
0
0
390
553
0
0
0
0
0
0
3865
80
0
0
0
0
0
0
3586
3592
0
0
0
0
0
0
4047
3745
0
0
0
0
0
0
471
305
0
0
0
0
0
0
295
504
0
0
0
0
0
0
3785
4061
0
0
0
0
0
0
3635
3578
0
0
0
0
0
0
54
3850
0
0
0
0
0
0
476
373
0
0
0
0
0
0
195
436
0
0
0
0
0
0
3727
3957
0
0
0
0
0
0
3702
3589
0
0
0
0
0
0
147
3958
0
0
0
0
0
0
459
418
0
0
0
0
0
0
97
354
0
0
0
0
0
0
3691
3870
0
0
0
0
0
0
3782
3624
0
0
0
0
0
0
224
4062
0
0
0
0
0
0
424
441
0
0
0
0
0
0
0
264
0
0
0
0
0
0
3676
3799
0
0
0
0
0
0
3868
3675
0
0
0
0
0
0
285
62
0
0
0
0
0
0
371
441
0
0
0
0
0
0
4010
169
0
0
0
0
0
0
3682
3749
0
0
0
0
0
0
3957
3741
0
0
0
0
0
0
327
146
0
0
0
0
0
0
307
422
0
0
0
0
0
0
3935
77
0
0
0
0
0
0
3704
3719
0
0
0
0
0
0
4040
3816
0
0
0
0
0
0
348
215
0
0
0
0
0
0
233
384
0
0
0
0
0
0
3873
4085
0
0
0
0
0
0
3743
3710
0
0
0
0
0
0
25
3896
0
0
0
0
0
0
353
268
0
0
0
0
0
0
159
333
0
0
0
0
0
0
3831
4008
0
0
0
0
0
0
3796
3720
0
0
0
0
0
0
95
3978
0
0
0
0
0
0
341
302
0
0
0
0
0
0
83
271
0
0
0
0
0
0
3804
3942
0
0
0
0
0
0
3855
3745
0
0
0
0
0
0
154
4057
0
0
0
0
0
0
312
316
0
0
0
0
0
0
11
202
0
0
0
0
0
0
3794
3891
0
0
0
0
0
0
3919
3784
0
0
0
0
0
0
196
30
0
0
0
0
0
0
271
315
0
0
0
0
0
0
4044
134
0
0
0
0
0
0
3797
3853
0
0
0
0
0
0
3982
3832
0
0
0
0
0
0
226
93
0
0
0
0
0
0
225
301
0
0
0
0
0
0
3989
66
0
0
0
0
0
0
3815
3834
0
0
0
0
0
0
4045
3889
0
0
0
0
0
0
243
141
0
0
0
0
0
0
173
274
0
0
0
0
0
0
3948
4
0
0
0
0
0
0
3845
3828
0
0
0
0
0
0
7
3946
0
0
0
0
0
0
244
177
0
0
0
0
0
0
118
235
0
0
0
0
0
0
3918
4044
0
0
0
0
0
0
3883
3836
0
0
0
0
0
0
56
4006
0
0
0
0
0
0
233
201
0
0
0
0
0
0
65
191
0
0
0
0
0
0
3899
3998
0
0
0
0
0
0
3924
3853
0
0
0
0
0
0
96
4059
0
0
0
0
0
0
213
211
0
0
0
0
0
0
17
144
0
0
0
0
0
0
3893
3964
0
0
0
0
0
0
3970
3883
0
0
0
0
0
0
124
11
0
0
0
0
0
0
183
208
0
0
0
0
0
0
4070
96
0
0
0
0
0
0
3899
3941
0
0
0
0
0
0
4013
3917
0
0
0
0
0
0
144
52
0
0
0
0
0
0
151
197
0
0
0
0
0
0
4032
49
0
0
0
0
0
0
3912
3927
0
0
0
0
0
0
4056
3955
0
0
0
0
0
0
152
83
0
0
0
0
0
0
114
175
0
0
0
0
0
0
4005
7
0
0
0
0
0
0
3933
3927
0
0
0
0
0
0
4093
3995
0
0
0
0
0
0
152
108
0
0
0
0
0
0
80
151
0
0
0
0
0
0
3987
4069
0
0
0
0
0
0
3959
3933
0
0
0
0
0
0
27
4033
0
0
0
0
0
0
142
119
0
0
0
0
0
0
44
120
0
0
0
0
0
0
3976
4039
0
0
0
0
0
0
3987
3948
0
0
0
0
0
0
51
4067
0
0
0
0
0
0
127
123
0
0
0
0
0
0
13
90
0
0
0
0
0
0
3975
4020
0
0
0
0
0
0
4015
3967
0
0
0
0
0
0
68
4095
0
0
0
0
0
0
107
118
0
0
0
0
0
0
4083
58
0
0
0
0
0
0
3980
4007
0
0
0
0
0
0
4043
3989
0
0
0
0
0
0
79
25
0
0
0
0
0
0
88
110
0
0
0
0
0
0
4063
30
0
0
0
0
0
0
3991
4002
0
0
0
0
0
0
4068
4013
0
0
0
0
0
0
82
42
0
0
0
0
0
0
64
97
0
0
0
0
0
0
4048
7
0
0
0
0
0
0
4004
4003
0
0
0
0
0
0
4088
4037
0
0
0
0
0
0
78
52
0
0
0
0
0
0
43
79
0
0
0
0
0
0
4038
4083
0
0
0
0
0
0
4021
4009
0
0
0
0
0
0
8
4057
0
0
0
0
0
0
72
58
0
0
0
0
0
0
24
62
0
0
0
0
0
0
4035
4068
0
0
0
0
0
0
4037
4019
0
0
0
0
0
0
21
4076
0
0
0
0
0
0
62
60
0
0
0
0
0
0
7
44
0
0
0
0
0
0
4035
4058
0
0
0
0
0
0
4054
4031
0
0
0
0
0
0
30
4092
0
0
0
0
0
0
51
55
0
0
0
0
0
0
4090
28
0
0
0
0
0
0
4041
4055
0
0
0
0
0
0
4069
4045
0
0
0
0
0
0
33
8
0
0
0
0
0
0
39
49
0
0
0
0
0
0
4082
14
0
0
0
0
0
0
4048
4054
0
0
0
0
0
0
4080
4058
0
0
0
0
0
0
32
13
0
0
0
0
0
0
27
39
0
0
0
0
0
0
4076
2
0
0
0
0
0
0
4057
4056
0
0
0
0
0
0
4089
4070
0
0
0
0
0
0
29
18
0
0
0
0
0
0
16
29
0
0
0
0
0
0
4073
4090
0
0
0
0
0
0
4065
4062
0
0
0
0
0
0
1
4079
0
0
0
0
0
0
24
19
0
0
0
0
0
0
7
20
0
0
0
0
0
0
4073
4086
0
0
0
0
0
0
4073
4068
0
0
0
0
0
0
5
4086
0
0
0
0
0
0
20
18
0
0
0
0
0
0
1
13
0
0
0
0
0
0
4074
4082
0
0
0
0
0
0
4080
4073
0
0
0
0
0
0
6
4091
0
0
0
0
0
0
12
12
0
0
0
0
0
0
4092
5
0
0
0
0
0
0
4079
4083
0
0
0
0
0
0
4086
4080
0
0
0
0
0
0
6
0
0
0
0
0
0
0
7
9
0
0
0
0
0
0
4090
0
0
0
0
0
0
0
4082
4084
0
0
0
0
0
0
4089
4083
0
0
0
0
0
0
5
1
0
0
0
0
0
0
4
6
0
0
0
0
0
0
4090
4094
0
0
0
0
0
0
4086
4088
0
0
0
0
0
0
4093
4089
0
0
0
0
0
0
2
0
0
0
0
0
0
0
1
2
0
0
0
0
0
0
4090
4092
0
0
0
0
0
0
4090
4089
0
0
0
0
0
0
4094
4092
0
0
0
0
0
0
0
0
0
0
0
0
0
0
4093
4094
0
0
0
0
0
0
4090
4092
0
0
0
0
0
0
4091
4092
0
0
0
0
0
0
4094
4093
0
0
0
0
0
0
4094
4095
0
0
0
0
0
0
4093
4094
0
0
0
0
0
0
4092
4092
0
0
0
0
0
0
4092
4092
0
0
0
0
0
0
4094
4093
0
0
0
0
0
0
0
4095
0
0
0
0
0
0
4094
4095
0
0
0
0
0
0
4092
4093
0
0
0
0
0
0
4093
4093
0
0
0
0
0
0
0
0
0
0
0
0
0
0
0
0
0
0
0
0
0
0
4095
0
0
0
0
0
0
0
4095
0
0
0
0
0
0
0
4095
0
0
0
0
0
0
0
4095
0
0
0
0
0
0
0
4095
4095
0
0
0
0
0
0
4095
4095
0
0
0
0
0
0
4095
4095
0
0
0
0
0
0
4095
4095
0
0
0
0
0
0
4095
4095
0
0
0
0
0
0
4095
4095
0
0
0
0
0
0
4095
4095
0
0
0
0
0
0
4095
4095
0
0
0
0
0
0
4095
4095
0
0
0
0
0
0
4095
4095
0
0
0
0
0
0
4095
4095
0
0
0
0
0
0
4095
4095
0
0
0
0
0
0
4095
4095
0
0
0
0
0
0
4095
4095
0
0
0
0
0
0
4095
4095
0
0
0
0
0
0
4095
4095
0
0
0
0
0
0
4095
4095
0
0
0
0
0
0
4095
4095
0
0
0
0
0
0
4095
4095
0
0
0
0
0
0
4095
4095
0
0
0
0
0
0
4095
4095
0
0
0
0
0
0
4095
4095
0
0
0
0
0
0
4095
4095
0
0
0
0
0
0
4095
4095
0
0
0
0
0
0
4095
4095
0
0
0
0
0
0
4095
4095
0
0
0
0
0
0
4095
4095
0
0
0
0
0
0
4095
4095
0
0
0
0
0
0
4095
4095
0
0
0
0
0
0
4095
4095
0
0
0
0
0
0
4095
4095
0
0
0
0
0
0
4095
4095
0
0
0
0
0
0
4095
4095
0
0
0
0
0
0
4095
4095
0
0
0
0
0
0
4095
4095
0
0
0
0
0
0
4095
4095
0
0
0
0
0
0
4095
4095
0
0
0
0
0
0
4095
4095
0
0
0
0
0
0
4095
4095
0
0
0
0
0
0
4095
4095
0
0
0
0
0
0
4095
4095
0
0
0
0
0
0
4095
4095
0
0
0
0
0
0
4095
4095
0
0
0
0
0
0
4095
4095
0
0
0
0
0
0
4095
4095
0
0
0
0
0
0
4095
4095
0
0
0
0
0
0
4095
4095
0
0
0
0
0
0
4095
4095
0
0
0
0
0
0
4095
4095
0
0
0
0
0
0
4095
4095
0
0
0
0
0
0
4095
4095
0
0
0
0
0
0
4095
4095
0
0
0
0
0
0
4095
4095
0
0
0
0
0
0
4095
4095
0
0
0
0
0
0
4095
4095
0
0
0
0
0
0
4095
4095
0
0
0
0
0
0
4095
4095
0
0
0
0
0
0
4095
4095
0
0
0
0
0
0
4095
4095
0
0
0
0
0
0
4095
4095
0
0
0
0
0
0
4095
4095
0
0
0
0
0
0
4095
4095
0
0
0
0
0
0
4095
4095
0
0
0
0
0
0
4095
4095
0
0
0
0
0
0
4095
4095
0
0
0
0
0
0
4095
4095
0
0
0
0
0
0
4095
4095
0
0
0
0
0
0
4095
4095
0
0
0
0
0
0
4095
4095
0
0
0
0
0
0
4095
4095
0
0
0
0
0
0
4095
4095
0
0
0
0
0
0
4095
4095
0
0
0
0
0
0
4095
4095
0
0
0
0
0
0
4095
4095
0
0
0
0
0
0
4095
4095
0
0
0
0
0
0
4095
4095
0
0
0
0
0
0
4095
4095
0
0
0
0
0
0
4095
4095
0
0
0
0
0
0
4095
4095
0
0
0
0
0
0
4095
4095
0
0
0
0
0
0
4095
4095
0
0
0
0
0
0
4095
4095
0
0
0
0
0
0
4095
4095
0
0
0
0
0
0
4095
4095
0
0
0
0
0
0
4095
4095
0
0
0
0
0
0
4095
4095
0
0
0
0
0
0
4095
4095
0
0
0
0
0
0
4095
4095
0
0
0
0
0
0
4095
4095
0
0
0
0
0
0
4095
4095
0
0
0
0
0
0
4095
4095
0
0
0
0
0
0
4095
4095
0
0
0
0
0
0
4095
4095
0
0
0
0
0
0
4095
4095
0
0
0
0
0
0
4095
4095
0
0
0
0
0
0
4095
4095
0
0
0
0
0
0
4095
4095
0
0
0
0
0
0
4095
4095
0
0
0
0
0
0
4095
4095
0
0
0
0
0
0
4095
4095
0
0
0
0
0
0
4095
4095
0
0
0
0
0
0
4095
4095
0
0
0
0
0
0
4095
4095
0
0
0
0
0
0
4095
4095
0
0
0
0
0
0
4095
4095
0
0
0
0
0
0
4095
4095
0
0
0
0
0
0
4095
4095
0
0
0
0
0
0
4095
4095
0
0
0
0
0
0
4095
4095
0
0
0
0
0
0
4095
4095
0
0
0
0
0
0
4095
4095
0
0
0
0
0
0
4095
4095
0
0
0
0
0
0
4095
4095
0
0
0
0
0
0
4095
4095
0
0
0
0
0
0
4095
4095
0
0
0
0
0
0
4095
4095
0
0
0
0
0
0
4095
4095
0
0
0
0
0
0
4095
4095
0
0
0
0
0
0
4095
4095
0
0
0
0
0
0
4095
4095
0
0
0
0
0
0
4095
4095
0
0
0
0
0
0
4095
4095
0
0
0
0
0
0
4095
4095
0
0
0
0
0
0
4095
4095
0
0
0
0
0
0
4095
4095
0
0
0
0
0
0
4095
4095
0
0
0
0
0
0
4095
4095
0
0
0
0
0
0
4095
4095
0
0
0
0
0
0
4095
4095
0
0
0
0
0
0
4095
4095
0
0
0
0
0
0
4095
4095
0
0
0
0
0
0
4095
4095
0
0
0
0
0
0
4095
4095
0
0
0
0
0
0
4095
4095
0
0
0
0
0
0
4095
4095
0
0
0
0
0
0
4095
4095
0
0
0
0
0
0
4095
4095
0
0
0
0
0
0
4095
4095
0
0
0
0
0
0
4095
4095
0
0
0
0
0
0
4095
4095
0
0
0
0
0
0
4095
4095
0
0
0
0
0
0
4095
4095
0
0
0
0
0
0
4095
4095
0
0
0
0
0
0
4095
4095
0
0
0
0
0
0
4095
4095
0
0
0
0
0
0
4095
4095
0
0
0
0
0
0
4095
4095
0
0
0
0
0
0
4095
4095
0
0
0
0
0
0
4095
4095
0
0
0
0
0
0
4095
4095
0
0
0
0
0
0
4095
4095
0
0
0
0
0
0
4095
4095
0
0
0
0
0
0
4095
4095
0
0
0
0
0
0
4095
4095
0
0
0
0
0
0
4095
4095
0
0
0
0
0
0
4095
4095
0
0
0
0
0
0
4095
4095
0
0
0
0
0
0
4095
4095
0
0
0
0
0
0
4095
4095
0
0
0
0
0
0
4095
4095
0
0
0
0
0
0
4095
4095
0
0
0
0
0
0
4095
4095
0
0
0
0
0
0
4095
4095
0
0
0
0
0
0
4095
4095
0
0
0
0
0
0
4095
4095
0
0
0
0
0
0
4095
4095
0
0
0
0
0
0
4095
4095
0
0
0
0
0
0
4095
4095
0
0
0
0
0
0
4095
4095
0
0
0
0
0
0
4095
4095
0
0
0
0
0
0
4095
4095
0
0
0
0
0
0
4095
4095
0
0
0
0
0
0
4095
4095
0
0
0
0
0
0
4095
4095
0
0
0
0
0
0
4095
4095
0
0
0
0
0
0
4095
4095
0
0
0
0
0
0
4095
4095
0
0
0
0
0
0
4095
4095
0
0
0
0
0
0
4095
4095
0
0
0
0
0
0
4095
4095
0
0
0
0
0
0
4095
4095
0
0
0
0
0
0
4095
4095
0
0
0
0
0
0
4095
4095
0
0
0
0
0
0
4095
4095
0
0
0
0
0
0
4095
4095
0
0
0
0
0
0
4095
4095
0
0
0
0
0
0
4095
4095
0
0
0
0
0
0
4095
4095
0
0
0
0
0
0
4095
4095
0
0
0
0
0
0
4095
4095
0
0
0
0
0
0
4095
4095
0
0
0
0
0
0
4095
4095
0
0
0
0
0
0
4095
4095
0
0
0
0
0
0
4095
4095
0
0
0
0
0
0
4095
4095
0
0
0
0
0
0
4095
4095
0
0
0
0
0
0
4095
4095
0
0
0
0
0
0
4095
4095
0
0
0
0
0
0
4095
4095
0
0
0
0
0
0
4095
4095
0
0
0
0
0
0
4095
4095
0
0
0
0
0
0
4095
4095
0
0
0
0
0
0
4095
4095
0
0
0
0
0
0
4095
4095
0
0
0
0
0
0
4095
4095
0
0
0
0
0
0
4095
4095
0
0
0
0
0
0
4095
4095
0
0
0
0
0
0
4095
4095
0
0
0
0
0
0
4095
4095
0
0
0
0
0
0
4095
4095
0
0
0
0
0
0
4095
4095
0
0
0
0
0
0
4095
4095
0
0
0
0
0
0
4095
4095
0
0
0
0
0
0
4095
4095
0
0
0
0
0
0
4095
4095
0
0
0
0
0
0
4095
4095
0
0
0
0
0
0
4095
4095
0
0
0
0
0
0
4095
4095
0
0
0
0
0
0
4095
4095
0
0
0
0
0
0
4095
4095
0
0
0
0
0
0
4095
4095
0
0
0
0
0
0
4095
4095
0
0
0
0
0
0
4095
4095
0
0
0
0
0
0
4095
4095
0
0
0
0
0
0
4095
4095
0
0
0
0
0
0
4095
4095
0
0
0
0
0
0
4095
4095
0
0
0
0
0
0
4095
4095
0
0
0
0
0
0
4095
4095
0
0
0
0
0
0
4095
4095
0
0
0
0
0
0
4095
4095
0
0
0
0
0
0
4095
4095
0
0
0
0
0
0
4095
4095
0
0
0
0
0
0
4095
4095
0
0
0
0
0
0
4095
4095
0
0
0
0
0
0
4095
4095
0
0
0
0
0
0
4095
4095
0
0
0
0
0
0
4095
4095
0
0
0
0
0
0
4095
4095
0
0
0
0
0
0
4095
4095
0
0
0
0
0
0
4095
4095
0
0
0
0
0
0
4095
4095
0
0
0
0
0
0
4095
4095
0
0
0
0
0
0
4095
4095
0
0
0
0
0
0
4095
4095
0
0
0
0
0
0
4095
4095
0
0
0
0
0
0
4095
4095
0
0
0
0
0
0
4095
4095
0
0
0
0
0
0
4095
4095
0
0
0
0
0
0
4095
4095
0
0
0
0
0
0
4095
4095
0
0
0
0
0
0
4095
4095
0
0
0
0
0
0
4095
4095
0
0
0
0
0
0
4095
4095
0
0
0
0
0
0
4095
4095
0
0
0
0
0
0
4095
4095
0
0
0
0
0
0
4095
4095
0
0
0
0
0
0
4095
4095
0
0
0
0
0
0
4095
4095
0
0
0
0
0
0
4095
4095
0
0
0
0
0
0
4095
4095
0
0
0
0
0
0
4095
4095
0
0
0
0
0
0
4095
4095
0
0
0
0
0
0
4095
4095
0
0
0
0
0
0
4095
4095
0
0
0
0
0
0
4095
4095
0
0
0
0
0
0
4095
4095
0
0
0
0
0
0
4095
4095
0
0
0
0
0
0
4095
4095
0
0
0
0
0
0
4095
4095
0
0
0
0
0
0
4095
4095
0
0
0
0
0
0
4095
4095
0
0
0
0
0
0
4095
4095
0
0
0
0
0
0
4095
4095
0
0
0
0
0
0
4095
4095
0
0
0
0
0
0
4095
4095
0
0
0
0
0
0
4095
4095
0
0
0
0
0
0
4095
4095
0
0
0
0
0
0
4095
4095
0
0
0
0
0
0
4095
4095
0
0
0
0
0
0
4095
4095
0
0
0
0
0
0
4095
4095
0
0
0
0
0
0
4095
4095
0
0
0
0
0
0
4095
4095
0
0
0
0
0
0
4095
4095
0
0
0
0
0
0
4095
4095
0
0
0
0
0
0
4095
4095
0
0
0
0
0
0
4095
4095
0
0
0
0
0
0
4095
4095
0
0
0
0
0
0
4095
4095
0
0
0
0
0
0
4095
4095
0
0
0
0
0
0
4095
4095
0
0
0
0
0
0
4095
4095
0
0
0
0
0
0
4095
4095
0
0
0
0
0
0
4095
4095
0
0
0
0
0
0
4095
4095
0
0
0
0
0
0
4095
4095
0
0
0
0
0
0
4095
4095
0
0
0
0
0
0
4095
4095
0
0
0
0
0
0
4095
4095
0
0
0
0
0
0
4095
4095
0
0
0
0
0
0
4095
4095
0
0
0
0
0
0
4095
4095
0
0
0
0
0
0
4095
4095
0
0
0
0
0
0
4095
4095
0
0
0
0
0
0
4095
4095
0
0
0
0
0
0
4095
4095
0
0
0
0
0
0
4095
4095
0
0
0
0
0
0
4095
4095
0
0
0
0
0
0
4095
4095
0
0
0
0
0
0
4095
4095
0
0
0
0
0
0
4095
4095
0
0
0
0
0
0
4095
4095
0
0
0
0
0
0
4095
4095
0
0
0
0
0
0
4095
4095
0
0
0
0
0
0
4095
4095
0
0
0
0
0
0
4095
4095
0
0
0
0
0
0
4095
4095
0
0
0
0
0
0
4095
4095
0
0
0
0
0
0
4095
4095
0
0
0
0
0
0
4095
4095
0
0
0
0
0
0
4095
4095
0
0
0
0
0
0
4095
4095
0
0
0
0
0
0
4095
4095
0
0
0
0
0
0
4095
4095
0
0
0
0
0
0
4095
4095
0
0
0
0
0
0
4095
4095
0
0
0
0
0
0
4095
4095
0
0
0
0
0
0
4095
4095
0
0
0
0
0
0
4095
4095
0
0
0
0
0
0
4095
4095
0
0
0
0
0
0
4095
4095
0
0
0
0
0
0
4095
4095
0
0
0
0
0
0
4095
4095
0
0
0
0
0
0
4095
4095
0
0
0
0
0
0
4095
4095
0
0
0
0
0
0
4095
4095
0
0
0
0
0
0
4095
4095
0
0
0
0
0
0
4095
4095
0
0
0
0
0
0
4095
4095
0
0
0
0
0
0
4095
4095
0
0
0
0
0
0
4095
4095
0
0
0
0
0
0
4095
4095
0
0
0
0
0
0
4095
4095
0
0
0
0
0
0
4095
4095
0
0
0
0
0
0
4095
4095
0
0
0
0
0
0
4095
4095
0
0
0
0
0
0
4095
4095
0
0
0
0
0
0
4095
4095
0
0
0
0
0
0
4095
4095
0
0
0
0
0
0
4095
4095
0
0
0
0
0
0
4095
4095
0
0
0
0
0
0
4095
4095
0
0
0
0
0
0
4095
4095
0
0
0
0
0
0
4095
4095
0
0
0
0
0
0
4095
4095
0
0
0
0
0
0
4095
4095
0
0
0
0
0
0
4095
4095
0
0
0
0
0
0
4095
4095
0
0
0
0
0
0
4095
4095
0
0
0
0
0
0
4095
4095
0
0
0
0
0
0
4095
4095
0
0
0
0
0
0
4095
4095
0
0
0
0
0
0
4095
4095
0
0
0
0
0
0
4095
4095
0
0
0
0
0
0
4095
4095
0
0
0
0
0
0
4095
4095
0
0
0
0
0
0
4095
4095
0
0
0
0
0
0
4095
4095
0
0
0
0
0
0
4095
4095
0
0
0
0
0
0
4095
4095
0
0
0
0
0
0
4095
4095
0
0
0
0
0
0
4095
4095
0
0
0
0
0
0
4095
4095
0
0
0
0
0
0
4095
4095
0
0
0
0
0
0
4095
4095
0
0
0
0
0
0
4095
4095
0
0
0
0
0
0
4095
4095
0
0
0
0
0
0
4095
4095
0
0
0
0
0
0
4095
4095
0
0
0
0
0
0
4095
4095
0
0
0
0
0
0
4095
4095
0
0
0
0
0
0
4095
4095
0
0
0
0
0
0
4095
4095
0
0
0
0
0
0
4095
4095
0
0
0
0
0
0
4095
4095
0
0
0
0
0
0
4095
4095
0
0
0
0
0
0
4095
4095
0
0
0
0
0
0
4095
4095
0
0
0
0
0
0
4095
4095
0
0
0
0
0
0
4095
4095
0
0
0
0
0
0
4095
4095
0
0
0
0
0
0
4095
4095
0
0
0
0
0
0
4095
4095
0
0
0
0
0
0
4095
4095
0
0
0
0
0
0
4095
4095
0
0
0
0
0
0
4095
4095
0
0
0
0
0
0
4095
4095
0
0
0
0
0
0
4095
4095
0
0
0
0
0
0
4095
4095
0
0
0
0
0
0
4095
4095
0
0
0
0
0
0
4095
4095
0
0
0
0
0
0
4095
4095
0
0
0
0
0
0
4095
4095
0
0
0
0
0
0
4095
4095
0
0
0
0
0
0
4095
4095
0
0
0
0
0
0
4095
4095
0
0
0
0
0
0
4095
4095
0
0
0
0
0
0
4095
4095
0
0
0
0
0
0
4095
4095
0
0
0
0
0
0
4095
4095
0
0
0
0
0
0
4095
4095
0
0
0
0
0
0
4095
4095
0
0
0
0
0
0
4095
4095
0
0
0
0
0
0
4095
4095
0
0
0
0
0
0
4095
4095
0
0
0
0
0
0
4095
4095
0
0
0
0
0
0
4095
4095
0
0
0
0
0
0
4095
4095
0
0
0
0
0
0
4095
4095
0
0
0
0
0
0
4095
4095
0
0
0
0
0
0
4095
4095
0
0
0
0
0
0
4095
4095
0
0
0
0
0
0
4095
4095
0
0
0
0
0
0
4095
4095
0
0
0
0
0
0
4095
4095
0
0
0
0
0
0
4095
4095
0
0
0
0
0
0
4095
4095
0
0
0
0
0
0
4095
4095
0
0
0
0
0
0
4095
4095
0
0
0
0
0
0
4095
4095
0
0
0
0
0
0
4095
4095
0
0
0
0
0
0
4095
4095
0
0
0
0
0
0
4095
4095
0
0
0
0
0
0
4095
4095
0
0
0
0
0
0
4095
4095
0
0
0
0
0
0
4095
4095
0
0
0
0
0
0
4095
4095
0
0
0
0
0
0
4095
4095
0
0
0
0
0
0
4095
4095
0
0
0
0
0
0
4095
4095
0
0
0
0
0
0
4095
4095
0
0
0
0
0
0
4095
4095
0
0
0
0
0
0
4095
4095
0
0
0
0
0
0
4095
4095
0
0
0
0
0
0
4095
4095
0
0
0
0
0
0
4095
4095
0
0
0
0
0
0
4095
4095
0
0
0
0
0
0
4095
4095
0
0
0
0
0
0
4095
4095
0
0
0
0
0
0
4095
4095
0
0
0
0
0
0
4095
4095
0
0
0
0
0
0
4095
4095
0
0
0
0
0
0
4095
4095
0
0
0
0
0
0
4095
4095
0
0
0
0
0
0
4095
4095
0
0
0
0
0
0
4095
4095
0
0
0
0
0
0
4095
4095
0
0
0
0
0
0
4095
4095
0
0
0
0
0
0
4095
4095
0
0
0
0
0
0
4095
4095
0
0
0
0
0
0
4095
4095
0
0
0
0
0
0
4095
4095
0
0
0
0
0
0
4095
4095
0
0
0
0
0
0
4095
4095
0
0
0
0
0
0
4095
4095
0
0
0
0
0
0
4095
4095
0
0
0
0
0
0
4095
4095
0
0
0
0
0
0
4095
4095
0
0
0
0
0
0
4095
4095
0
0
0
0
0
0
4095
4095
0
0
0
0
0
0
4095
4095
0
0
0
0
0
0
4095
4095
0
0
0
0
0
0
4095
4095
0
0
0
0
0
0
4095
4095
0
0
0
0
0
0
4095
4095
0
0
0
0
0
0
4095
4095
0
0
0
0
0
0
4095
4095
0
0
0
0
0
0
4095
4095
0
0
0
0
0
0
4095
4095
0
0
0
0
0
0
4095
4095
0
0
0
0
0
0
4095
4095
0
0
0
0
0
0
4095
4095
0
0
0
0
0
0
4095
4095
0
0
0
0
0
0
4095
4095
0
0
0
0
0
0
4095
4095
0
0
0
0
0
0
4095
4095
0
0
0
0
0
0
4095
4095
0
0
0
0
0
0
4095
4095
0
0
0
0
0
0
4095
4095
0
0
0
0
0
0
4095
4095
0
0
0
0
0
0
4095
4095
0
0
0
0
0
0
4095
4095
0
0
0
0
0
0
4095
4095
0
0
0
0
0
0
4095
4095
0
0
0
0
0
0
4095
4095
0
0
0
0
0
0
4095
4095
0
0
0
0
0
0
4095
4095
0
0
0
0
0
0
4095
4095
0
0
0
0
0
0
4095
4095
0
0
0
0
0
0
4095
4095
0
0
0
0
0
0
4095
4095
0
0
0
0
0
0
4095
4095
0
0
0
0
0
0
4095
4095
0
0
0
0
0
0
4095
4095
0
0
0
0
0
0
4095
4095
0
0
0
0
0
0
4095
4095
0
0
0
0
0
0
4095
4095
0
0
0
0
0
0
4095
4095
0
0
0
0
0
0
4095
4095
0
0
0
0
0
0
4095
4095
0
0
0
0
0
0
4095
4095
0
0
0
0
0
0
4095
4095
0
0
0
0
0
0
4095
4095
0
0
0
0
0
0
4095
4095
0
0
0
0
0
0
4095
4095
0
0
0
0
0
0
4095
4095
0
0
0
0
0
0
4095
4095
0
0
0
0
0
0
4095
4095
0
0
0
0
0
0
4095
4095
0
0
0
0
0
0
4095
4095
0
0
0
0
0
0
4095
4095
0
0
0
0
0
0
4095
4095
0
0
0
0
0
0
4095
4095
0
0
0
0
0
0
4095
4095
0
0
0
0
0
0
4095
4095
0
0
0
0
0
0
4095
4095
0
0
0
0
0
0
4095
4095
0
0
0
0
0
0
4095
4095
0
0
0
0
0
0
4095
4095
0
0
0
0
0
0
4095
4095
0
0
0
0
0
0
4095
4095
0
0
0
0
0
0
4095
4095
0
0
0
0
0
0
4095
4095
0
0
0
0
0
0
4095
4095
0
0
0
0
0
0
4095
4095
0
0
0
0
0
0
4095
4095
0
0
0
0
0
0
4095
4095
0
0
0
0
0
0
4095
4095
0
0
0
0
0
0
4095
4095
0
0
0
0
0
0
4095
4095
0
0
0
0
0
0
4095
4095
0
0
0
0
0
0
4095
4095
0
0
0
0
0
0
4095
4095
0
0
0
0
0
0
4095
4095
0
0
0
0
0
0
4095
4095
0
0
0
0
0
0
4095
4095
0
0
0
0
0
0
4095
4095
0
0
0
0
0
0
4095
4095
0
0
0
0
0
0
4095
4095
0
0
0
0
0
0
4095
4095
0
0
0
0
0
0
4095
4095
0
0
0
0
0
0
4095
4095
0
0
0
0
0
0
4095
4095
0
0
0
0
0
0
4095
4095
0
0
0
0
0
0
4095
4095
0
0
0
0
0
0
4095
4095
0
0
0
0
0
0
4095
4095
0
0
0
0
0
0
4095
4095
0
0
0
0
0
0
4095
4095
0
0
0
0
0
0
4095
4095
0
0
0
0
0
0
4095
4095
0
0
0
0
0
0
4095
4095
0
0
0
0
0
0
4095
4095
0
0
0
0
0
0
4095
4095
0
0
0
0
0
0
4095
4095
0
0
0
0
0
0
4095
4095
0
0
0
0
0
0
4095
4095
0
0
0
0
0
0
4095
4095
0
0
0
0
0
0
4095
4095
0
0
0
0
0
0
4095
4095
0
0
0
0
0
0
4095
4095
0
0
0
0
0
0
4095
4095
0
0
0
0
0
0
4095
4095
0
0
0
0
0
0
4095
4095
0
0
0
0
0
0
4095
4095
0
0
0
0
0
0
4095
4095
0
0
0
0
0
0
4095
4095
0
0
0
0
0
0
4095
4095
0
0
0
0
0
0
4095
4095
0
0
0
0
0
0
4095
4095
0
0
0
0
0
0
4095
4095
0
0
0
0
0
0
4095
4095
0
0
0
0
0
0
4095
4095
0
0
0
0
0
0
4095
4095
0
0
0
0
0
0
4095
4095
0
0
0
0
0
0
4095
4095
0
0
0
0
0
0
4095
4095
0
0
0
0
0
0
4095
4095
0
0
0
0
0
0
4095
4095
0
0
0
0
0
0
4095
4095
0
0
0
0
0
0
4095
4095
0
0
0
0
0
0
4095
4095
0
0
0
0
0
0
4095
4095
0
0
0
0
0
0
4095
4095
0
0
0
0
0
0
4095
4095
0
0
0
0
0
0
4095
4095
0
0
0
0
0
0
4095
4095
0
0
0
0
0
0
4095
4095
0
0
0
0
0
0
4095
4095
0
0
0
0
0
0
4095
4095
0
0
0
0
0
0
4095
4095
0
0
0
0
0
0
4095
4095
0
0
0
0
0
0
4095
4095
0
0
0
0
0
0
4095
4095
0
0
0
0
0
0
4095
4095
0
0
0
0
0
0
4095
4095
0
0
0
0
0
0
4095
4095
0
0
0
0
0
0
4095
4095
0
0
0
0
0
0
4095
4095
0
0
0
0
0
0
4095
4095
0
0
0
0
0
0
4095
4095
0
0
0
0
0
0
4095
4095
0
0
0
0
0
0
4095
4095
0
0
0
0
0
0
4095
4095
0
0
0
0
0
0
4095
4095
0
0
0
0
0
0
4095
4095
0
0
0
0
0
0
4095
4095
0
0
0
0
0
0
4095
4095
0
0
0
0
0
0
4095
4095
0
0
0
0
0
0
4095
4095
0
0
0
0
0
0
4095
4095
0
0
0
0
0
0
4095
4095
0
0
0
0
0
0
4095
4095
0
0
0
0
0
0
4095
4095
0
0
0
0
0
0
4095
4095
0
0
0
0
0
0
4095
4095
0
0
0
0
0
0
4095
4095
0
0
0
0
0
0
4095
4095
0
0
0
0
0
0
4095
4095
0
0
0
0
0
0
4095
4095
0
0
0
0
0
0
4095
4095
0
0
0
0
0
0
4095
4095
0
0
0
0
0
0
4095
4095
0
0
0
0
0
0
4095
4095
0
0
0
0
0
0
4095
4095
0
0
0
0
0
0
4095
4095
0
0
0
0
0
0
4095
4095
0
0
0
0
0
0
4095
4095
0
0
0
0
0
0
4095
4095
0
0
0
0
0
0
4095
4095
0
0
0
0
0
0
4095
4095
0
0
0
0
0
0
4095
4095
0
0
0
0
0
0
4095
4095
0
0
0
0
0
0
4095
4095
0
0
0
0
0
0
4095
4095
0
0
0
0
0
0
4095
4095
0
0
0
0
0
0
4095
4095
0
0
0
0
0
0
4095
4095
0
0
0
0
0
0
4095
4095
0
0
0
0
0
0
4095
4095
0
0
0
0
0
0
4095
4095
0
0
0
0
0
0
4095
4095
0
0
0
0
0
0
4095
4095
0
0
0
0
0
0
4095
4095
0
0
0
0
0
0
4095
4095
0
0
0
0
0
0
4095
4095
0
0
0
0
0
0
4095
4095
0
0
0
0
0
0
4095
4095
0
0
0
0
0
0
4095
4095
0
0
0
0
0
0
4095
4095
0
0
0
0
0
0
4095
4095
0
0
0
0
0
0
4095
4095
0
0
0
0
0
0
4095
4095
0
0
0
0
0
0
4095
4095
0
0
0
0
0
0
4095
4095
0
0
0
0
0
0
4095
4095
0
0
0
0
0
0
4095
4095
0
0
0
0
0
0
4095
4095
0
0
0
0
0
0
4095
4095
0
0
0
0
0
0
4095
4095
0
0
0
0
0
0
4095
4095
0
0
0
0
0
0
4095
4095
0
0
0
0
0
0
4095
4095
0
0
0
0
0
0
4095
4095
0
0
0
0
0
0
4095
4095
0
0
0
0
0
0
4095
4095
0
0
0
0
0
0
4095
4095
0
0
0
0
0
0
4095
4095
0
0
0
0
0
0
4095
4095
0
0
0
0
0
0
4095
4095
0
0
0
0
0
0
4095
4095
0
0
0
0
0
0
4095
4095
0
0
0
0
0
0
4095
4095
0
0
0
0
0
0
4095
4095
0
0
0
0
0
0
4095
4095
0
0
0
0
0
0
4095
4095
0
0
0
0
0
0
4095
4095
0
0
0
0
0
0
4095
4095
0
0
0
0
0
0
4095
4095
0
0
0
0
0
0
4095
4095
0
0
0
0
0
0
4095
4095
0
0
0
0
0
0
4095
4095
0
0
0
0
0
0
4095
4095
0
0
0
0
0
0
4095
4095
0
0
0
0
0
0
4095
4095
0
0
0
0
0
0
4095
4095
0
0
0
0
0
0
4095
4095
0
0
0
0
0
0
4095
4095
0
0
0
0
0
0
4095
4095
0
0
0
0
0
0
4095
4095
0
0
0
0
0
0
4095
4095
0
0
0
0
0
0
4095
4095
0
0
0
0
0
0
4095
4095
0
0
0
0
0
0
4095
4095
0
0
0
0
0
0
4095
4095
0
0
0
0
0
0
4095
4095
0
0
0
0
0
0
4095
4095
0
0
0
0
0
0
4095
4095
0
0
0
0
0
0
4095
4095
0
0
0
0
0
0
4095
4095
0
0
0
0
0
0
4095
4095
0
0
0
0
0
0
4095
4095
0
0
0
0
0
0
4095
4095
0
0
0
0
0
0
4095
4095
0
0
0
0
0
0
4095
4095
0
0
0
0
0
0
4095
4095
0
0
0
0
0
0
4095
4095
0
0
0
0
0
0
4095
4095
0
0
0
0
0
0
4095
4095
0
0
0
0
0
0
4095
4095
0
0
0
0
0
0
4095
4095
0
0
0
0
0
0
4095
4095
0
0
0
0
0
0
4095
4095
0
0
0
0
0
0
4095
4095
0
0
0
0
0
0
4095
4095
0
0
0
0
0
0
4095
4095
0
0
0
0
0
0
4095
4095
0
0
0
0
0
0
4095
4095
0
0
0
0
0
0
4095
4095
0
0
0
0
0
0
4095
4095
0
0
0
0
0
0
4095
4095
0
0
0
0
0
0
4095
4095
0
0
0
0
0
0
4095
4095
0
0
0
0
0
0
4095
4095
0
0
0
0
0
0
4095
4095
0
0
0
0
0
0
4095
4095
0
0
0
0
0
0
4095
4095
0
0
0
0
0
0
4095
4095
0
0
0
0
0
0
4095
4095
0
0
0
0
0
0
4095
4095
0
0
0
0
0
0
4095
4095
0
0
0
0
0
0
4095
4095
0
0
0
0
0
0
4095
4095
0
0
0
0
0
0
4095
4095
0
0
0
0
0
0
4095
4095
0
0
0
0
0
0
4095
4095
0
0
0
0
0
0
4095
4095
0
0
0
0
0
0
4095
4095
0
0
0
0
0
0
4095
4095
0
0
0
0
0
0
4095
4095
0
0
0
0
0
0
4095
4095
0
0
0
0
0
0
4095
4095
0
0
0
0
0
0
4095
4095
0
0
0
0
0
0
4095
4095
0
0
0
0
0
0
4095
4095
0
0
0
0
0
0
4095
4095
0
0
0
0
0
0
4095
4095
0
0
0
0
0
0
4095
4095
0
0
0
0
0
0
4095
4095
0
0
0
0
0
0
4095
4095
0
0
0
0
0
0
4095
4095
0
0
0
0
0
0
4095
4095
0
0
0
0
0
0
4095
4095
0
0
0
0
0
0
4095
4095
0
0
0
0
0
0
4095
4095
0
0
0
0
0
0
4095
4095
0
0
0
0
0
0
4095
4095
0
0
0
0
0
0
4095
4095
0
0
0
0
0
0
4095
4095
0
0
0
0
0
0
4095
4095
0
0
0
0
0
0
4095
4095
0
0
0
0
0
0
4095
4095
0
0
0
0
0
0
4095
4095
0
0
0
0
0
0
4095
4095
0
0
0
0
0
0
4095
4095
0
0
0
0
0
0
4095
4095
0
0
0
0
0
0
4095
4095
0
0
0
0
0
0
4095
4095
0
0
0
0
0
0
4095
4095
0
0
0
0
0
0
4095
4095
0
0
0
0
0
0
4095
4095
0
0
0
0
0
0
4095
4095
0
0
0
0
0
0
4095
4095
0
0
0
0
0
0
4095
4095
0
0
0
0
0
0
4095
4095
0
0
0
0
0
0
4095
4095
0
0
0
0
0
0
4095
4095
0
0
0
0
0
0
4095
4095
0
0
0
0
0
0
4095
4095
0
0
0
0
0
0
4095
4095
0
0
0
0
0
0
4095
4095
0
0
0
0
0
0
4095
4095
0
0
0
0
0
0
4095
4095
0
0
0
0
0
0
4095
4095
0
0
0
0
0
0
4095
4095
0
0
0
0
0
0
4095
4095
0
0
0
0
0
0
4095
4095
0
0
0
0
0
0
4095
4095
0
0
0
0
0
0
4095
4095
0
0
0
0
0
0
4095
4095
0
0
0
0
0
0
4095
4095
0
0
0
0
0
0
4095
4095
0
0
0
0
0
0
4095
4095
0
0
0
0
0
0
4095
4095
0
0
0
0
0
0
4095
4095
0
0
0
0
0
0
4095
4095
0
0
0
0
0
0
4095
4095
0
0
0
0
0
0
4095
4095
0
0
0
0
0
0
4095
4095
0
0
0
0
0
0
4095
4095
0
0
0
0
0
0
4095
4095
0
0
0
0
0
0
4095
4095
0
0
0
0
0
0
4095
4095
0
0
0
0
0
0
4095
4095
0
0
0
0
0
0
4095
4095
0
0
0
0
0
0
4095
4095
0
0
0
0
0
0
4095
4095
0
0
0
0
0
0
4095
4095
0
0
0
0
0
0
4095
4095
0
0
0
0
0
0
4095
4095
0
0
0
0
0
0
4095
4095
0
0
0
0
0
0
4095
4095
0
0
0
0
0
0
4095
4095
0
0
0
0
0
0
4095
4095
0
0
0
0
0
0
4095
4095
0
0
0
0
0
0
4095
4095
0
0
0
0
0
0
4095
4095
0
0
0
0
0
0
4095
4095
0
0
0
0
0
0
4095
4095
0
0
0
0
0
0
4095
4095
0
0
0
0
0
0
4095
4095
0
0
0
0
0
0
4095
4095
0
0
0
0
0
0
4095
4095
0
0
0
0
0
0
4095
4095
0
0
0
0
0
0
4095
4095
0
0
0
0
0
0
4095
4095
0
0
0
0
0
0
4095
4095
0
0
0
0
0
0
4095
4095
0
0
0
0
0
0
4095
4095
0
0
0
0
0
0
4095
4095
0
0
0
0
0
0
4095
4095
0
0
0
0
0
0
4095
4095
0
0
0
0
0
0
4095
4095
0
0
0
0
0
0
4095
4095
0
0
0
0
0
0
4095
4095
0
0
0
0
0
0
4095
4095
0
0
0
0
0
0
4095
4095
0
0
0
0
0
0
4095
4095
0
0
0
0
0
0
4095
4095
0
0
0
0
0
0
4095
4095
0
0
0
0
0
0
4095
4095
0
0
0
0
0
0
4095
4095
0
0
0
0
0
0
4095
4095
0
0
0
0
0
0
4095
4095
0
0
0
0
0
0
4095
4095
0
0
0
0
0
0
4095
4095
0
0
0
0
0
0
4095
4095
0
0
0
0
0
0
4095
4095
0
0
0
0
0
0
4095
4095
0
0
0
0
0
0
4095
4095
0
0
0
0
0
0
4095
4095
0
0
0
0
0
0
4095
4095
0
0
0
0
0
0
4095
4095
0
0
0
0
0
0
4095
4095
0
0
0
0
0
0
4095
4095
0
0
0
0
0
0
4095
4095
0
0
0
0
0
0
4095
4095
0
0
0
0
0
0
4095
4095
0
0
0
0
0
0
4095
4095
0
0
0
0
0
0
4095
4095
0
0
0
0
0
0
4095
4095
0
0
0
0
0
0
4095
4095
0
0
0
0
0
0
4095
4095
0
0
0
0
0
0
4095
4095
0
0
0
0
0
0
4095
4095
0
0
0
0
0
0
4095
4095
0
0
0
0
0
0
4095
4095
0
0
0
0
0
0
4095
4095
0
0
0
0
0
0
4095
4095
0
0
0
0
0
0
4095
4095
0
0
0
0
0
0
4095
4095
0
0
0
0
0
0
4095
4095
0
0
0
0
0
0
4095
4095
0
0
0
0
0
0
4095
4095
0
0
0
0
0
0
4095
4095
0
0
0
0
0
0
4095
4095
0
0
0
0
0
0
4095
4095
0
0
0
0
0
0
4095
4095
0
0
0
0
0
0
4095
4095
0
0
0
0
0
0
4095
4095
0
0
0
0
0
0
4095
4095
0
0
0
0
0
0
4095
4095
0
0
0
0
0
0
4095
4095
0
0
0
0
0
0
4095
4095
0
0
0
0
0
0
4095
4095
0
0
0
0
0
0
4095
4095
0
0
0
0
0
0
4095
4095
0
0
0
0
0
0
4095
4095
0
0
0
0
0
0
4095
4095
0
0
0
0
0
0
4095
4095
0
0
0
0
0
0
4095
4095
0
0
0
0
0
0
4095
4095
0
0
0
0
0
0
4095
4095
0
0
0
0
0
0
4095
4095
0
0
0
0
0
0
4095
4095
0
0
0
0
0
0
4095
4095
0
0
0
0
0
0
4095
4095
0
0
0
0
0
0
4095
4095
0
0
0
0
0
0
4095
4095
0
0
0
0
0
0
4095
4095
0
0
0
0
0
0
4095
4095
0
0
0
0
0
0
4095
4095
0
0
0
0
0
0
4095
4095
0
0
0
0
0
0
4095
4095
0
0
0
0
0
0
4095
4095
0
0
0
0
0
0
4095
4095
0
0
0
0
0
0
4095
4095
0
0
0
0
0
0
4095
4095
0
0
0
0
0
0
4095
4095
0
0
0
0
0
0
4095
4095
0
0
0
0
0
0
4095
4095
0
0
0
0
0
0
4095
4095
0
0
0
0
0
0
4095
4095
0
0
0
0
0
0
4095
4095
0
0
0
0
0
0
4095
4095
0
0
0
0
0
0
4095
4095
0
0
0
0
0
0
4095
4095
0
0
0
0
0
0
4095
4095
0
0
0
0
0
0
4095
4095
0
0
0
0
0
0
4095
4095
0
0
0
0
0
0
4095
4095
0
0
0
0
0
0
4095
4095
0
0
0
0
0
0
4095
4095
0
0
0
0
0
0
4095
4095
0
0
0
0
0
0
4095
4095
0
0
0
0
0
0
4095
4095
0
0
0
0
0
0
4095
4095
0
0
0
0
0
0
4095
4095
0
0
0
0
0
0
4095
4095
0
0
0
0
0
0
4095
4095
0
0
0
0
0
0
4095
4095
0
0
0
0
0
0
4095
4095
0
0
0
0
0
0
4095
4095
0
0
0
0
0
0
4095
4095
0
0
0
0
0
0
4095
4095
0
0
0
0
0
0
4095
4095
0
0
0
0
0
0
4095
4095
0
0
0
0
0
0
4095
4095
0
0
0
0
0
0
4095
4095
0
0
0
0
0
0
4095
4095
0
0
0
0
0
0
4095
4095
0
0
0
0
0
0
4095
4095
0
0
0
0
0
0
4095
4095
0
0
0
0
0
0
4095
4095
0
0
0
0
0
0
4095
4095
0
0
0
0
0
0
4095
4095
0
0
0
0
0
0
4095
4095
0
0
0
0
0
0
4095
4095
0
0
0
0
0
0
4095
4095
0
0
0
0
0
0
4095
4095
0
0
0
0
0
0
4095
4095
0
0
0
0
0
0
4095
4095
0
0
0
0
0
0
4095
4095
0
0
0
0
0
0
4095
4095
0
0
0
0
0
0
4095
4095
0
0
0
0
0
0
4095
4095
0
0
0
0
0
0
4095
4095
0
0
0
0
0
0
4095
4095
0
0
0
0
0
0
4095
4095
0
0
0
0
0
0
4095
4095
0
0
0
0
0
0
4095
4095
0
0
0
0
0
0
4095
4095
0
0
0
0
0
0
4095
4095
0
0
0
0
0
0
4095
4095
0
0
0
0
0
0
4095
4095
0
0
0
0
0
0
