0
0
0
0
0
0
0
0
0
0
0
0
0
0
0
0
0
0
0
0
0
0
0
0
0
0
0
0
0
0
0
0
0
0
0
0
0
0
0
0
0
0
0
0
0
0
0
0
0
0
0
0
0
0
0
0
0
0
0
0
0
0
0
0
0
0
0
0
0
0
0
0
0
0
0
0
0
0
0
0
0
0
0
0
0
0
0
0
0
0
0
0
0
0
0
0
0
0
0
0
0
0
0
0
0
0
0
0
0
0
0
0
0
0
0
0
0
0
0
0
0
0
0
0
0
0
0
0
0
0
0
0
0
0
0
0
0
0
0
0
0
0
0
0
0
0
0
0
0
0
0
0
0
0
0
0
0
0
0
0
0
0
0
0
0
0
0
0
0
0
0
0
0
0
0
0
0
0
0
0
0
0
0
0
4092
4093
0
0
0
0
0
0
4093
4093
0
0
0
0
0
0
0
4095
0
0
0
0
0
0
4092
4092
0
0
0
0
0
0
4095
4095
0
0
0
0
0
0
4092
4093
0
0
0
0
0
0
4093
4093
0
0
0
0
0
0
4095
4095
0
0
0
0
0
0
4089
4090
0
0
0
0
0
0
2
3
0
0
0
0
0
0
4091
4089
0
0
0
0
0
0
4092
4095
0
0
0
0
0
0
3
0
0
0
0
0
0
0
4083
4084
0
0
0
0
0
0
9
10
0
0
0
0
0
0
4085
4083
0
0
0
0
0
0
4092
0
0
0
0
0
0
0
9
4
0
0
0
0
0
0
4074
4078
0
0
0
0
0
0
18
19
0
0
0
0
0
0
4079
4074
0
0
0
0
0
0
4093
5
0
0
0
0
0
0
15
9
0
0
0
0
0
0
4063
4067
0
0
0
0
0
0
30
31
0
0
0
0
0
0
4072
4063
0
0
0
0
0
0
4091
7
0
0
0
0
0
0
25
13
0
0
0
0
0
0
4050
4055
0
0
0
0
0
0
45
48
0
0
0
0
0
0
4064
4052
0
0
0
0
0
0
4091
12
0
0
0
0
0
0
33
18
0
0
0
0
0
0
4033
4041
0
0
0
0
0
0
61
64
0
0
0
0
0
0
4052
4037
0
0
0
0
0
0
4091
16
0
0
0
0
0
0
45
25
0
0
0
0
0
0
4013
4024
0
0
0
0
0
0
82
84
0
0
0
0
0
0
4040
4021
0
0
0
0
0
0
4090
21
0
0
0
0
0
0
58
33
0
0
0
0
0
0
3990
4005
0
0
0
0
0
0
104
108
0
0
0
0
0
0
4026
4003
0
0
0
0
0
0
4091
28
0
0
0
0
0
0
75
42
0
0
0
0
0
0
3966
3984
0
0
0
0
0
0
131
135
0
0
0
0
0
0
4011
3982
0
0
0
0
0
0
4091
36
0
0
0
0
0
0
92
52
0
0
0
0
0
0
3938
3959
0
0
0
0
0
0
157
163
0
0
0
0
0
0
3993
3961
0
0
0
0
0
0
4090
44
0
0
0
0
0
0
110
61
0
0
0
0
0
0
3909
3934
0
0
0
0
0
0
186
192
0
0
0
0
0
0
3975
3936
0
0
0
0
0
0
4090
53
0
0
0
0
0
0
130
74
0
0
0
0
0
0
3875
3906
0
0
0
0
0
0
219
227
0
0
0
0
0
0
3956
3909
0
0
0
0
0
0
4087
60
0
0
0
0
0
0
152
87
0
0
0
0
0
0
3841
3878
0
0
0
0
0
0
254
262
0
0
0
0
0
0
3934
3880
0
0
0
0
0
0
4089
71
0
0
0
0
0
0
175
99
0
0
0
0
0
0
3803
3845
0
0
0
0
0
0
290
300
0
0
0
0
0
0
3910
3850
0
0
0
0
0
0
4086
81
0
0
0
0
0
0
201
114
0
0
0
0
0
0
3763
3811
0
0
0
0
0
0
331
341
0
0
0
0
0
0
3886
3816
0
0
0
0
0
0
4088
94
0
0
0
0
0
0
227
130
0
0
0
0
0
0
3721
3776
0
0
0
0
0
0
374
385
0
0
0
0
0
0
3861
3783
0
0
0
0
0
0
4085
103
0
0
0
0
0
0
254
146
0
0
0
0
0
0
3676
3738
0
0
0
0
0
0
417
432
0
0
0
0
0
0
3833
3748
0
0
0
0
0
0
4085
117
0
0
0
0
0
0
284
162
0
0
0
0
0
0
3630
3697
0
0
0
0
0
0
463
479
0
0
0
0
0
0
3805
3709
0
0
0
0
0
0
4082
127
0
0
0
0
0
0
315
180
0
0
0
0
0
0
3580
3655
0
0
0
0
0
0
513
530
0
0
0
0
0
0
3776
3670
0
0
0
0
0
0
4082
141
0
0
0
0
0
0
346
198
0
0
0
0
0
0
3529
3612
0
0
0
0
0
0
563
581
0
0
0
0
0
0
3744
3628
0
0
0
0
0
0
4080
156
0
0
0
0
0
0
379
217
0
0
0
0
0
0
3477
3567
0
0
0
0
0
0
617
636
0
0
0
0
0
0
3711
3585
0
0
0
0
0
0
4081
173
0
0
0
0
0
0
414
238
0
0
0
0
0
0
3422
3520
0
0
0
0
0
0
671
693
0
0
0
0
0
0
3679
3541
0
0
0
0
0
0
4079
186
0
0
0
0
0
0
450
256
0
0
0
0
0
0
3363
3470
0
0
0
0
0
0
729
753
0
0
0
0
0
0
3643
3494
0
0
0
0
0
0
4076
201
0
0
0
0
0
0
487
279
0
0
0
0
0
0
3304
3418
0
0
0
0
0
0
788
813
0
0
0
0
0
0
3608
3446
0
0
0
0
0
0
4076
216
0
0
0
0
0
0
525
300
0
0
0
0
0
0
3242
3366
0
0
0
0
0
0
849
876
0
0
0
0
0
0
3571
3396
0
0
0
0
0
0
4074
233
0
0
0
0
0
0
565
324
0
0
0
0
0
0
3181
3314
0
0
0
0
0
0
912
941
0
0
0
0
0
0
3532
3346
0
0
0
0
0
0
4075
253
0
0
0
0
0
0
606
346
0
0
0
0
0
0
3114
3257
0
0
0
0
0
0
977
1008
0
0
0
0
0
0
3493
3295
0
0
0
0
0
0
4070
269
0
0
0
0
0
0
648
372
0
0
0
0
0
0
3048
3201
0
0
0
0
0
0
1043
1076
0
0
0
0
0
0
3453
3241
0
0
0
0
0
0
4070
287
0
0
0
0
0
0
690
397
0
0
0
0
0
0
2979
3142
0
0
0
0
0
0
1110
1146
0
0
0
0
0
0
3412
3186
0
0
0
0
0
0
4068
305
0
0
0
0
0
0
736
423
0
0
0
0
0
0
2909
3082
0
0
0
0
0
0
1180
1218
0
0
0
0
0
0
3370
3130
0
0
0
0
0
0
4068
325
0
0
0
0
0
0
780
448
0
0
0
0
0
0
2837
3020
0
0
0
0
0
0
1252
1291
0
0
0
0
0
0
3326
3071
0
0
0
0
0
0
4066
344
0
0
0
0
0
0
826
474
0
0
0
0
0
0
2765
2959
0
0
0
0
0
0
1324
1365
0
0
0
0
0
0
3281
3013
0
0
0
0
0
0
4064
363
0
0
0
0
0
0
872
500
0
0
0
0
0
0
2690
2895
0
0
0
0
0
0
1398
1442
0
0
0
0
0
0
3236
2955
0
0
0
0
0
0
4062
383
0
0
0
0
0
0
921
529
0
0
0
0
0
0
2613
2830
0
0
0
0
0
0
1473
1518
0
0
0
0
0
0
3191
2893
0
0
0
0
0
0
4063
405
0
0
0
0
0
0
971
556
0
0
0
0
0
0
2536
2764
0
0
0
0
0
0
1549
1597
0
0
0
0
0
0
3145
2833
0
0
0
0
0
0
4060
424
0
0
0
0
0
0
1018
584
0
0
0
0
0
0
2458
2699
0
0
0
0
0
0
1628
1678
0
0
0
0
0
0
3098
2769
0
0
0
0
0
0
4057
445
0
0
0
0
0
0
1068
613
0
0
0
0
0
0
2379
2631
0
0
0
0
0
0
1705
1758
0
0
0
0
0
0
3050
2706
0
0
0
0
0
0
4056
466
0
0
0
0
0
0
1119
641
0
0
0
0
0
0
2298
2561
0
0
0
0
0
0
1785
1839
0
0
0
0
0
0
3002
2643
0
0
0
0
0
0
4055
489
0
0
0
0
0
0
1171
672
0
0
0
0
0
0
2216
2492
0
0
0
0
0
0
1866
1924
0
0
0
0
0
0
2953
2577
0
0
0
0
0
0
4052
509
0
0
0
0
0
0
1222
701
0
0
0
0
0
0
2136
2424
0
0
0
0
0
0
1946
2007
0
0
0
0
0
0
2904
2512
0
0
0
0
0
0
4050
531
0
0
0
0
0
0
1273
731
0
0
0
0
0
0
2051
2351
0
0
0
0
0
0
2027
2090
0
0
0
0
0
0
2854
2447
0
0
0
0
0
0
4049
553
0
0
0
0
0
0
1327
762
0
0
0
0
0
0
1970
2281
0
0
0
0
0
0
2111
2177
0
0
0
0
0
0
2805
2380
0
0
0
0
0
0
4050
579
0
0
0
0
0
0
1380
792
0
0
0
0
0
0
1884
2207
0
0
0
0
0
0
2194
2261
0
0
0
0
0
0
2754
2313
0
0
0
0
0
0
4045
597
0
0
0
0
0
0
1434
822
0
0
0
0
0
0
1798
2137
0
0
0
0
0
0
2278
2349
0
0
0
0
0
0
2702
2244
0
0
0
0
0
0
4045
623
0
0
0
0
0
0
1486
852
0
0
0
0
0
0
1714
2063
0
0
0
0
0
0
2361
2435
0
0
0
0
0
0
2652
2179
0
0
0
0
0
0
4042
645
0
0
0
0
0
0
1541
885
0
0
0
0
0
0
1629
1991
0
0
0
0
0
0
2446
2522
0
0
0
0
0
0
2601
2110
0
0
0
0
0
0
4040
667
0
0
0
0
0
0
1594
914
0
0
0
0
0
0
1542
1918
0
0
0
0
0
0
2530
2609
0
0
0
0
0
0
2549
2043
0
0
0
0
0
0
4040
691
0
0
0
0
0
0
1649
946
0
0
0
0
0
0
1457
1845
0
0
0
0
0
0
2616
2697
0
0
0
0
0
0
2498
1974
0
0
0
0
0
0
4037
712
0
0
0
0
0
0
1703
977
0
0
0
0
0
0
1370
1771
0
0
0
0
0
0
2700
2783
0
0
0
0
0
0
2447
1905
0
0
0
0
0
0
4034
735
0
0
0
0
0
0
1757
1009
0
0
0
0
0
0
1285
1698
0
0
0
0
0
0
2786
2871
0
0
0
0
0
0
2395
1837
0
0
0
0
0
0
4035
759
0
0
0
0
0
0
1812
1039
0
0
0
0
0
0
1198
1624
0
0
0
0
0
0
2870
2959
0
0
0
0
0
0
2345
1768
0
0
0
0
0
0
4030
781
0
0
0
0
0
0
1867
1071
0
0
0
0
0
0
1111
1551
0
0
0
0
0
0
2956
3047
0
0
0
0
0
0
2292
1701
0
0
0
0
0
0
4031
805
0
0
0
0
0
0
1921
1101
0
0
0
0
0
0
1026
1477
0
0
0
0
0
0
3040
3133
0
0
0
0
0
0
2242
1633
0
0
0
0
0
0
4028
825
0
0
0
0
0
0
2049
454
0
0
0
0
0
0
949
3342
0
0
0
0
0
0
3119
3239
0
0
0
0
0
0
2243
1571
0
0
0
0
0
0
3689
825
0
0
0
0
0
0
2105
484
0
0
0
0
0
0
864
3271
0
0
0
0
0
0
3202
3325
0
0
0
0
0
0
2191
1502
0
0
0
0
0
0
248
625
0
0
0
0
0
0
3636
927
0
0
0
0
0
0
2700
3129
0
0
0
0
0
0
3218
3411
0
0
0
0
0
0
2251
1315
0
0
0
0
0
0
246
646
0
0
0
0
0
0
3689
958
0
0
0
0
0
0
2615
3058
0
0
0
0
0
0
3301
3498
0
0
0
0
0
0
2202
1249
0
0
0
0
0
0
244
669
0
0
0
0
0
0
3741
988
0
0
0
0
0
0
2532
2987
0
0
0
0
0
0
3384
3582
0
0
0
0
0
0
2152
1183
0
0
0
0
0
0
242
691
0
0
0
0
0
0
3794
1017
0
0
0
0
0
0
2449
2915
0
0
0
0
0
0
3464
3665
0
0
0
0
0
0
2103
1118
0
0
0
0
0
0
240
713
0
0
0
0
0
0
3846
1048
0
0
0
0
0
0
2367
2846
0
0
0
0
0
0
3545
3748
0
0
0
0
0
0
2054
1053
0
0
0
0
0
0
240
734
0
0
0
0
0
0
3898
1077
0
0
0
0
0
0
2287
2777
0
0
0
0
0
0
3624
3829
0
0
0
0
0
0
2006
990
0
0
0
0
0
0
237
756
0
0
0
0
0
0
3949
1107
0
0
0
0
0
0
2207
2710
0
0
0
0
0
0
3703
3911
0
0
0
0
0
0
1959
927
0
0
0
0
0
0
160
1455
0
0
0
0
0
0
231
3318
0
0
0
0
0
0
2056
3304
0
0
0
0
0
0
3721
2046
0
0
0
0
0
0
2253
869
0
0
0
0
0
0
105
1473
0
0
0
0
0
0
279
3345
0
0
0
0
0
0
1978
3237
0
0
0
0
0
0
3795
2125
0
0
0
0
0
0
2208
810
0
0
0
0
0
0
102
1492
0
0
0
0
0
0
327
3372
0
0
0
0
0
0
1902
3172
0
0
0
0
0
0
3873
2202
0
0
0
0
0
0
2163
748
0
0
0
0
0
0
101
1512
0
0
0
0
0
0
374
3399
0
0
0
0
0
0
1826
3108
0
0
0
0
0
0
3946
2279
0
0
0
0
0
0
2118
691
0
0
0
0
0
0
99
1532
0
0
0
0
0
0
422
3427
0
0
0
0
0
0
1752
3046
0
0
0
0
0
0
4019
2353
0
0
0
0
0
0
2074
632
0
0
0
0
0
0
98
1551
0
0
0
0
0
0
467
3453
0
0
0
0
0
0
1681
2985
0
0
0
0
0
0
4091
2426
0
0
0
0
0
0
2032
576
0
0
0
0
0
0
96
1571
0
0
0
0
0
0
512
3478
0
0
0
0
0
0
1608
2923
0
0
0
0
0
0
63
2498
0
0
0
0
0
0
1990
521
0
0
0
0
0
0
94
1589
0
0
0
0
0
0
555
3503
0
0
0
0
0
0
1540
2864
0
0
0
0
0
0
132
2568
0
0
0
0
0
0
1949
465
0
0
0
0
0
0
92
1607
0
0
0
0
0
0
597
3528
0
0
0
0
0
0
1473
2808
0
0
0
0
0
0
197
2636
0
0
0
0
0
0
1908
413
0
0
0
0
0
0
94
1626
0
0
0
0
0
0
642
3553
0
0
0
0
0
0
1407
2751
0
0
0
0
0
0
262
2704
0
0
0
0
0
0
1871
360
0
0
0
0
0
0
90
1643
0
0
0
0
0
0
681
3576
0
0
0
0
0
0
1343
2696
0
0
0
0
0
0
325
2768
0
0
0
0
0
0
1831
311
0
0
0
0
0
0
89
1659
0
0
0
0
0
0
722
3599
0
0
0
0
0
0
1281
2643
0
0
0
0
0
0
386
2830
0
0
0
0
0
0
1794
261
0
0
0
0
0
0
88
1675
0
0
0
0
0
0
759
3621
0
0
0
0
0
0
1220
2592
0
0
0
0
0
0
445
2890
0
0
0
0
0
0
1759
214
0
0
0
0
0
0
86
1690
0
0
0
0
0
0
797
3642
0
0
0
0
0
0
1161
2543
0
0
0
0
0
0
503
2951
0
0
0
0
0
0
1727
168
0
0
0
0
0
0
86
1707
0
0
0
0
0
0
831
3661
0
0
0
0
0
0
1105
2494
0
0
0
0
0
0
560
3009
0
0
0
0
0
0
1690
123
0
0
0
0
0
0
84
1721
0
0
0
0
0
0
866
3682
0
0
0
0
0
0
1050
2447
0
0
0
0
0
0
611
3063
0
0
0
0
0
0
1660
83
0
0
0
0
0
0
84
1735
0
0
0
0
0
0
900
3701
0
0
0
0
0
0
998
2404
0
0
0
0
0
0
662
3114
0
0
0
0
0
0
1628
41
0
0
0
0
0
0
84
1750
0
0
0
0
0
0
931
3721
0
0
0
0
0
0
949
2361
0
0
0
0
0
0
712
3166
0
0
0
0
0
0
1601
3
0
0
0
0
0
0
81
1761
0
0
0
0
0
0
962
3737
0
0
0
0
0
0
901
2320
0
0
0
0
0
0
758
3213
0
0
0
0
0
0
1571
4062
0
0
0
0
0
0
80
1773
0
0
0
0
0
0
992
3753
0
0
0
0
0
0
853
2281
0
0
0
0
0
0
804
3259
0
0
0
0
0
0
1545
4026
0
0
0
0
0
0
79
1786
0
0
0
0
0
0
1019
3769
0
0
0
0
0
0
812
2243
0
0
0
0
0
0
846
3302
0
0
0
0
0
0
1519
3992
0
0
0
0
0
0
79
1796
0
0
0
0
0
0
1044
3783
0
0
0
0
0
0
771
2211
0
0
0
0
0
0
885
3343
0
0
0
0
0
0
1496
3961
0
0
0
0
0
0
78
1808
0
0
0
0
0
0
1070
3799
0
0
0
0
0
0
731
2177
0
0
0
0
0
0
922
3381
0
0
0
0
0
0
1473
3932
0
0
0
0
0
0
77
1816
0
0
0
0
0
0
1092
3812
0
0
0
0
0
0
696
2146
0
0
0
0
0
0
957
3416
0
0
0
0
0
0
1452
3904
0
0
0
0
0
0
76
1825
0
0
0
0
0
0
1114
3823
0
0
0
0
0
0
662
2118
0
0
0
0
0
0
989
3451
0
0
0
0
0
0
1433
3879
0
0
0
0
0
0
2012
1760
0
0
0
0
0
0
1152
3827
0
0
0
0
0
0
1396
1746
0
0
0
0
0
0
3154
3672
0
0
0
0
0
0
718
103
0
0
0
0
0
0
1928
1773
0
0
0
0
0
0
1195
3726
0
0
0
0
0
0
1369
1723
0
0
0
0
0
0
3182
3701
0
0
0
0
0
0
699
80
0
0
0
0
0
0
1926
1781
0
0
0
0
0
0
1211
3734
0
0
0
0
0
0
1343
1701
0
0
0
0
0
0
3207
3727
0
0
0
0
0
0
685
60
0
0
0
0
0
0
1926
1787
0
0
0
0
0
0
1227
3744
0
0
0
0
0
0
1320
1682
0
0
0
0
0
0
3229
3749
0
0
0
0
0
0
672
44
0
0
0
0
0
0
1926
1793
0
0
0
0
0
0
1240
3751
0
0
0
0
0
0
1299
1665
0
0
0
0
0
0
3248
3769
0
0
0
0
0
0
660
28
0
0
0
0
0
0
1925
1799
0
0
0
0
0
0
1252
3757
0
0
0
0
0
0
1280
1648
0
0
0
0
0
0
3265
3787
0
0
0
0
0
0
652
14
0
0
0
0
0
0
1925
1802
0
0
0
0
0
0
1261
3764
0
0
0
0
0
0
1266
1634
0
0
0
0
0
0
3279
3802
0
0
0
0
0
0
642
2
0
0
0
0
0
0
1925
1806
0
0
0
0
0
0
1271
3769
0
0
0
0
0
0
1253
1624
0
0
0
0
0
0
3293
3814
0
0
0
0
0
0
635
4089
0
0
0
0
0
0
1924
1808
0
0
0
0
0
0
1278
3773
0
0
0
0
0
0
1242
1615
0
0
0
0
0
0
3302
3824
0
0
0
0
0
0
630
4083
0
0
0
0
0
0
1924
1810
0
0
0
0
0
0
1282
3775
0
0
0
0
0
0
1235
1608
0
0
0
0
0
0
3310
3833
0
0
0
0
0
0
624
4077
0
0
0
0
0
0
1924
1812
0
0
0
0
0
0
1285
3776
0
0
0
0
0
0
1230
1604
0
0
0
0
0
0
3313
3835
0
0
0
0
0
0
625
4076
0
0
0
0
0
0
1924
1812
0
0
0
0
0
0
1286
3777
0
0
0
0
0
0
1230
1604
0
0
0
0
0
0
3313
3835
0
0
0
0
0
0
625
4076
0
0
0
0
0
0
1925
1812
0
0
0
0
0
0
1286
3777
0
0
0
0
0
0
1230
1604
0
0
0
0
0
0
3313
3835
0
0
0
0
0
0
625
4076
0
0
0
0
0
0
1925
1812
0
0
0
0
0
0
1285
3777
0
0
0
0
0
0
1233
1607
0
0
0
0
0
0
3309
3831
0
0
0
0
0
0
627
4081
0
0
0
0
0
0
1924
1811
0
0
0
0
0
0
1281
3775
0
0
0
0
0
0
1238
1613
0
0
0
0
0
0
3302
3824
0
0
0
0
0
0
632
4088
0
0
0
0
0
0
1924
1809
0
0
0
0
0
0
1276
3770
0
0
0
0
0
0
1247
1619
0
0
0
0
0
0
3293
3814
0
0
0
0
0
0
637
4094
0
0
0
0
0
0
1923
1805
0
0
0
0
0
0
1268
3767
0
0
0
0
0
0
1260
1629
0
0
0
0
0
0
3281
3803
0
0
0
0
0
0
645
8
0
0
0
0
0
0
1925
1803
0
0
0
0
0
0
1261
3763
0
0
0
0
0
0
1275
1643
0
0
0
0
0
0
3266
3787
0
0
0
0
0
0
653
19
0
0
0
0
0
0
1926
1798
0
0
0
0
0
0
1250
3757
0
0
0
0
0
0
1292
1657
0
0
0
0
0
0
3250
3770
0
0
0
0
0
0
665
35
0
0
0
0
0
0
1926
1793
0
0
0
0
0
0
1237
3751
0
0
0
0
0
0
1312
1674
0
0
0
0
0
0
3230
3749
0
0
0
0
0
0
676
52
0
0
0
0
0
0
1926
1788
0
0
0
0
0
0
1225
3742
0
0
0
0
0
0
1332
1692
0
0
0
0
0
0
3208
3726
0
0
0
0
0
0
690
70
0
0
0
0
0
0
1926
1781
0
0
0
0
0
0
1207
3732
0
0
0
0
0
0
1357
1714
0
0
0
0
0
0
3182
3699
0
0
0
0
0
0
705
89
0
0
0
0
0
0
1927
1774
0
0
0
0
0
0
1193
3723
0
0
0
0
0
0
1385
1737
0
0
0
0
0
0
3155
3673
0
0
0
0
0
0
723
111
0
0
0
0
0
0
1928
1767
0
0
0
0
0
0
1149
3824
0
0
0
0
0
0
1328
1772
0
0
0
0
0
0
989
3452
0
0
0
0
0
0
1441
3890
0
0
0
0
0
0
76
1827
0
0
0
0
0
0
1111
3822
0
0
0
0
0
0
681
2135
0
0
0
0
0
0
959
3417
0
0
0
0
0
0
1460
3915
0
0
0
0
0
0
77
1819
0
0
0
0
0
0
1089
3808
0
0
0
0
0
0
716
2165
0
0
0
0
0
0
923
3380
0
0
0
0
0
0
1480
3944
0
0
0
0
0
0
77
1809
0
0
0
0
0
0
1065
3794
0
0
0
0
0
0
755
2198
0
0
0
0
0
0
887
3343
0
0
0
0
0
0
1504
3974
0
0
0
0
0
0
78
1798
0
0
0
0
0
0
1041
3781
0
0
0
0
0
0
795
2232
0
0
0
0
0
0
847
3301
0
0
0
0
0
0
1529
4007
0
0
0
0
0
0
80
1787
0
0
0
0
0
0
1014
3766
0
0
0
0
0
0
835
2267
0
0
0
0
0
0
805
3258
0
0
0
0
0
0
1555
4042
0
0
0
0
0
0
79
1774
0
0
0
0
0
0
987
3750
0
0
0
0
0
0
881
2306
0
0
0
0
0
0
759
3212
0
0
0
0
0
0
1581
4076
0
0
0
0
0
0
82
1762
0
0
0
0
0
0
959
3734
0
0
0
0
0
0
926
2344
0
0
0
0
0
0
714
3164
0
0
0
0
0
0
1611
19
0
0
0
0
0
0
82
1751
0
0
0
0
0
0
926
3715
0
0
0
0
0
0
977
2387
0
0
0
0
0
0
665
3113
0
0
0
0
0
0
1641
59
0
0
0
0
0
0
83
1738
0
0
0
0
0
0
895
3697
0
0
0
0
0
0
1027
2430
0
0
0
0
0
0
613
3060
0
0
0
0
0
0
1672
99
0
0
0
0
0
0
85
1723
0
0
0
0
0
0
861
3678
0
0
0
0
0
0
1081
2477
0
0
0
0
0
0
560
3006
0
0
0
0
0
0
1704
144
0
0
0
0
0
0
86
1708
0
0
0
0
0
0
826
3658
0
0
0
0
0
0
1136
2523
0
0
0
0
0
0
504
2948
0
0
0
0
0
0
1737
188
0
0
0
0
0
0
86
1694
0
0
0
0
0
0
790
3638
0
0
0
0
0
0
1194
2574
0
0
0
0
0
0
448
2891
0
0
0
0
0
0
1771
235
0
0
0
0
0
0
87
1678
0
0
0
0
0
0
753
3617
0
0
0
0
0
0
1253
2624
0
0
0
0
0
0
390
2829
0
0
0
0
0
0
1806
281
0
0
0
0
0
0
89
1661
0
0
0
0
0
0
714
3593
0
0
0
0
0
0
1315
2676
0
0
0
0
0
0
329
2766
0
0
0
0
0
0
1845
332
0
0
0
0
0
0
90
1645
0
0
0
0
0
0
675
3572
0
0
0
0
0
0
1379
2730
0
0
0
0
0
0
265
2701
0
0
0
0
0
0
1883
382
0
0
0
0
0
0
93
1628
0
0
0
0
0
0
634
3547
0
0
0
0
0
0
1444
2784
0
0
0
0
0
0
201
2635
0
0
0
0
0
0
1923
434
0
0
0
0
0
0
93
1611
0
0
0
0
0
0
592
3524
0
0
0
0
0
0
1510
2841
0
0
0
0
0
0
135
2567
0
0
0
0
0
0
1963
487
0
0
0
0
0
0
95
1592
0
0
0
0
0
0
549
3498
0
0
0
0
0
0
1579
2900
0
0
0
0
0
0
66
2497
0
0
0
0
0
0
2005
544
0
0
0
0
0
0
96
1574
0
0
0
0
0
0
504
3473
0
0
0
0
0
0
1650
2961
0
0
0
0
0
0
4092
2424
0
0
0
0
0
0
2046
599
0
0
0
0
0
0
97
1555
0
0
0
0
0
0
460
3448
0
0
0
0
0
0
1720
3021
0
0
0
0
0
0
4022
2352
0
0
0
0
0
0
2090
657
0
0
0
0
0
0
99
1536
0
0
0
0
0
0
415
3422
0
0
0
0
0
0
1794
3083
0
0
0
0
0
0
3950
2278
0
0
0
0
0
0
2134
715
0
0
0
0
0
0
101
1515
0
0
0
0
0
0
367
3395
0
0
0
0
0
0
1870
3149
0
0
0
0
0
0
3875
2201
0
0
0
0
0
0
2180
775
0
0
0
0
0
0
102
1496
0
0
0
0
0
0
319
3366
0
0
0
0
0
0
1944
3214
0
0
0
0
0
0
3799
2123
0
0
0
0
0
0
2224
835
0
0
0
0
0
0
104
1476
0
0
0
0
0
0
271
3339
0
0
0
0
0
0
2021
3279
0
0
0
0
0
0
3724
2044
0
0
0
0
0
0
2271
897
0
0
0
0
0
0
105
1455
0
0
0
0
0
0
222
3310
0
0
0
0
0
0
2100
3346
0
0
0
0
0
0
3698
3907
0
0
0
0
0
0
1977
953
0
0
0
0
0
0
237
759
0
0
0
0
0
0
3941
1101
0
0
0
0
0
0
2252
2752
0
0
0
0
0
0
3628
3829
0
0
0
0
0
0
2023
1016
0
0
0
0
0
0
240
738
0
0
0
0
0
0
3890
1072
0
0
0
0
0
0
2333
2820
0
0
0
0
0
0
3549
3745
0
0
0
0
0
0
2072
1082
0
0
0
0
0
0
240
717
0
0
0
0
0
0
3838
1042
0
0
0
0
0
0
2413
2888
0
0
0
0
0
0
3467
3663
0
0
0
0
0
0
2120
1146
0
0
0
0
0
0
242
694
0
0
0
0
0
0
3785
1011
0
0
0
0
0
0
2496
2959
0
0
0
0
0
0
3387
3579
0
0
0
0
0
0
2169
1211
0
0
0
0
0
0
244
673
0
0
0
0
0
0
3735
983
0
0
0
0
0
0
2578
3028
0
0
0
0
0
0
3304
3495
0
0
0
0
0
0
2219
1277
0
0
0
0
0
0
246
650
0
0
0
0
0
0
3681
952
0
0
0
0
0
0
2662
3101
0
0
0
0
0
0
3223
3410
0
0
0
0
0
0
2270
1344
0
0
0
0
0
0
249
628
0
0
0
0
0
0
3628
922
0
0
0
0
0
0
2746
3172
0
0
0
0
0
0
3224
3316
0
0
0
0
0
0
2209
1532
0
0
0
0
0
0
3690
828
0
0
0
0
0
0
2098
479
0
0
0
0
0
0
912
3316
0
0
0
0
0
0
3122
3237
0
0
0
0
0
0
2261
1599
0
0
0
0
0
0
3691
806
0
0
0
0
0
0
2043
445
0
0
0
0
0
0
996
1450
0
0
0
0
0
0
3044
3133
0
0
0
0
0
0
2260
1662
0
0
0
0
0
0
4029
808
0
0
0
0
0
0
1912
1096
0
0
0
0
0
0
1074
1523
0
0
0
0
0
0
2959
3044
0
0
0
0
0
0
2310
1729
0
0
0
0
0
0
4031
784
0
0
0
0
0
0
1857
1064
0
0
0
0
0
0
1161
1595
0
0
0
0
0
0
2873
2957
0
0
0
0
0
0
2363
1798
0
0
0
0
0
0
4033
762
0
0
0
0
0
0
1803
1034
0
0
0
0
0
0
1247
1670
0
0
0
0
0
0
2790
2871
0
0
0
0
0
0
2414
1866
0
0
0
0
0
0
4035
739
0
0
0
0
0
0
1749
1002
0
0
0
0
0
0
1332
1742
0
0
0
0
0
0
2704
2782
0
0
0
0
0
0
2465
1935
0
0
0
0
0
0
4037
716
0
0
0
0
0
0
1695
972
0
0
0
0
0
0
1418
1815
0
0
0
0
0
0
2619
2694
0
0
0
0
0
0
2517
2004
0
0
0
0
0
0
4038
694
0
0
0
0
0
0
1641
939
0
0
0
0
0
0
1503
1888
0
0
0
0
0
0
2534
2607
0
0
0
0
0
0
2568
2071
0
0
0
0
0
0
4040
670
0
0
0
0
0
0
1586
910
0
0
0
0
0
0
1590
1961
0
0
0
0
0
0
2450
2521
0
0
0
0
0
0
2619
2140
0
0
0
0
0
0
4042
649
0
0
0
0
0
0
1532
878
0
0
0
0
0
0
1676
2036
0
0
0
0
0
0
2365
2433
0
0
0
0
0
0
2670
2206
0
0
0
0
0
0
4043
624
0
0
0
0
0
0
1478
847
0
0
0
0
0
0
1762
2110
0
0
0
0
0
0
2281
2346
0
0
0
0
0
0
2721
2273
0
0
0
0
0
0
4045
602
0
0
0
0
0
0
1424
816
0
0
0
0
0
0
1847
2181
0
0
0
0
0
0
2198
2261
0
0
0
0
0
0
2772
2341
0
0
0
0
0
0
4047
579
0
0
0
0
0
0
1370
785
0
0
0
0
0
0
1932
2253
0
0
0
0
0
0
2115
2174
0
0
0
0
0
0
2823
2407
0
0
0
0
0
0
4049
557
0
0
0
0
0
0
1318
756
0
0
0
0
0
0
2015
2324
0
0
0
0
0
0
2031
2090
0
0
0
0
0
0
2872
2474
0
0
0
0
0
0
4051
535
0
0
0
0
0
0
1267
725
0
0
0
0
0
0
2098
2395
0
0
0
0
0
0
1949
2006
0
0
0
0
0
0
2923
2540
0
0
0
0
0
0
4053
512
0
0
0
0
0
0
1212
693
0
0
0
0
0
0
2182
2467
0
0
0
0
0
0
1867
1921
0
0
0
0
0
0
2970
2605
0
0
0
0
0
0
4054
491
0
0
0
0
0
0
1161
665
0
0
0
0
0
0
2264
2536
0
0
0
0
0
0
1788
1839
0
0
0
0
0
0
3020
2670
0
0
0
0
0
0
4056
469
0
0
0
0
0
0
1111
636
0
0
0
0
0
0
2345
2604
0
0
0
0
0
0
1708
1756
0
0
0
0
0
0
3068
2733
0
0
0
0
0
0
4057
448
0
0
0
0
0
0
1060
606
0
0
0
0
0
0
2423
2672
0
0
0
0
0
0
1630
1677
0
0
0
0
0
0
3115
2796
0
0
0
0
0
0
4058
427
0
0
0
0
0
0
1011
579
0
0
0
0
0
0
2503
2740
0
0
0
0
0
0
1553
1596
0
0
0
0
0
0
3161
2859
0
0
0
0
0
0
4061
407
0
0
0
0
0
0
962
550
0
0
0
0
0
0
2580
2805
0
0
0
0
0
0
1475
1517
0
0
0
0
0
0
3208
2919
0
0
0
0
0
0
4062
386
0
0
0
0
0
0
913
522
0
0
0
0
0
0
2656
2869
0
0
0
0
0
0
1400
1440
0
0
0
0
0
0
3254
2980
0
0
0
0
0
0
4064
366
0
0
0
0
0
0
865
494
0
0
0
0
0
0
2731
2933
0
0
0
0
0
0
1328
1364
0
0
0
0
0
0
3298
3040
0
0
0
0
0
0
4066
347
0
0
0
0
0
0
817
469
0
0
0
0
0
0
2805
2998
0
0
0
0
0
0
1253
1288
0
0
0
0
0
0
3342
3098
0
0
0
0
0
0
4069
328
0
0
0
0
0
0
773
442
0
0
0
0
0
0
2878
3059
0
0
0
0
0
0
1183
1217
0
0
0
0
0
0
3384
3153
0
0
0
0
0
0
4069
308
0
0
0
0
0
0
729
416
0
0
0
0
0
0
2948
3119
0
0
0
0
0
0
1114
1146
0
0
0
0
0
0
3425
3210
0
0
0
0
0
0
4070
289
0
0
0
0
0
0
684
392
0
0
0
0
0
0
3017
3178
0
0
0
0
0
0
1045
1074
0
0
0
0
0
0
3466
3263
0
0
0
0
0
0
4072
271
0
0
0
0
0
0
640
366
0
0
0
0
0
0
3086
3236
0
0
0
0
0
0
980
1007
0
0
0
0
0
0
3508
3317
0
0
0
0
0
0
4072
253
0
0
0
0
0
0
599
342
0
0
0
0
0
0
3151
3290
0
0
0
0
0
0
915
940
0
0
0
0
0
0
3546
3368
0
0
0
0
0
0
4075
236
0
0
0
0
0
0
560
321
0
0
0
0
0
0
3215
3347
0
0
0
0
0
0
851
876
0
0
0
0
0
0
3583
3418
0
0
0
0
0
0
4075
219
0
0
0
0
0
0
521
298
0
0
0
0
0
0
3278
3400
0
0
0
0
0
0
791
814
0
0
0
0
0
0
3620
3467
0
0
0
0
0
0
4076
204
0
0
0
0
0
0
482
274
0
0
0
0
0
0
3338
3451
0
0
0
0
0
0
730
750
0
0
0
0
0
0
3656
3515
0
0
0
0
0
0
4078
188
0
0
0
0
0
0
444
253
0
0
0
0
0
0
3396
3500
0
0
0
0
0
0
674
693
0
0
0
0
0
0
3691
3561
0
0
0
0
0
0
4081
174
0
0
0
0
0
0
408
232
0
0
0
0
0
0
3452
3548
0
0
0
0
0
0
619
636
0
0
0
0
0
0
3724
3605
0
0
0
0
0
0
4081
157
0
0
0
0
0
0
373
214
0
0
0
0
0
0
3506
3594
0
0
0
0
0
0
566
581
0
0
0
0
0
0
3755
3646
0
0
0
0
0
0
4082
144
0
0
0
0
0
0
341
194
0
0
0
0
0
0
3559
3640
0
0
0
0
0
0
515
529
0
0
0
0
0
0
3787
3689
0
0
0
0
0
0
4083
130
0
0
0
0
0
0
309
176
0
0
0
0
0
0
3610
3682
0
0
0
0
0
0
465
478
0
0
0
0
0
0
3816
3724
0
0
0
0
0
0
4083
117
0
0
0
0
0
0
279
159
0
0
0
0
0
0
3656
3722
0
0
0
0
0
0
419
430
0
0
0
0
0
0
3844
3765
0
0
0
0
0
0
4085
105
0
0
0
0
0
0
250
142
0
0
0
0
0
0
3702
3760
0
0
0
0
0
0
374
385
0
0
0
0
0
0
3871
3799
0
0
0
0
0
0
4085
93
0
0
0
0
0
0
222
126
0
0
0
0
0
0
3745
3798
0
0
0
0
0
0
333
342
0
0
0
0
0
0
3896
3832
0
0
0
0
0
0
4085
83
0
0
0
0
0
0
197
112
0
0
0
0
0
0
3787
3832
0
0
0
0
0
0
293
302
0
0
0
0
0
0
3920
3864
0
0
0
0
0
0
4087
71
0
0
0
0
0
0
172
96
0
0
0
0
0
0
3824
3865
0
0
0
0
0
0
256
263
0
0
0
0
0
0
3942
3893
0
0
0
0
0
0
4088
62
0
0
0
0
0
0
148
84
0
0
0
0
0
0
3860
3896
0
0
0
0
0
0
221
226
0
0
0
0
0
0
3962
3920
0
0
0
0
0
0
4088
53
0
0
0
0
0
0
128
71
0
0
0
0
0
0
3895
3925
0
0
0
0
0
0
188
192
0
0
0
0
0
0
3982
3946
0
0
0
0
0
0
4091
45
0
0
0
0
0
0
108
60
0
0
0
0
0
0
3924
3951
0
0
0
0
0
0
158
162
0
0
0
0
0
0
4000
3969
0
0
0
0
0
0
4091
37
0
0
0
0
0
0
89
50
0
0
0
0
0
0
3954
3976
0
0
0
0
0
0
130
132
0
0
0
0
0
0
4016
3991
0
0
0
0
0
0
4091
31
0
0
0
0
0
0
74
41
0
0
0
0
0
0
3979
3996
0
0
0
0
0
0
106
108
0
0
0
0
0
0
4031
4011
0
0
0
0
0
0
4090
22
0
0
0
0
0
0
57
32
0
0
0
0
0
0
4001
4015
0
0
0
0
0
0
82
84
0
0
0
0
0
0
4045
4029
0
0
0
0
0
0
4091
16
0
0
0
0
0
0
43
24
0
0
0
0
0
0
4023
4035
0
0
0
0
0
0
63
64
0
0
0
0
0
0
4057
4045
0
0
0
0
0
0
4091
12
0
0
0
0
0
0
33
18
0
0
0
0
0
0
4041
4049
0
0
0
0
0
0
45
46
0
0
0
0
0
0
4067
4058
0
0
0
0
0
0
4092
8
0
0
0
0
0
0
21
11
0
0
0
0
0
0
4058
4063
0
0
0
0
0
0
30
31
0
0
0
0
0
0
4076
4070
0
0
0
0
0
0
4092
4
0
0
0
0
0
0
13
6
0
0
0
0
0
0
4069
4072
0
0
0
0
0
0
19
18
0
0
0
0
0
0
4082
4078
0
0
0
0
0
0
4092
0
0
0
0
0
0
0
6
1
0
0
0
0
0
0
4080
4082
0
0
0
0
0
0
9
10
0
0
0
0
0
0
4087
4084
0
0
0
0
0
0
4092
4095
0
0
0
0
0
0
1
0
0
0
0
0
0
0
4087
4088
0
0
0
0
0
0
1
1
0
0
0
0
0
0
4091
4091
0
0
0
0
0
0
4093
4093
0
0
0
0
0
0
4095
4095
0
0
0
0
0
0
4092
4092
0
0
0
0
0
0
4095
4095
0
0
0
0
0
0
4092
4093
0
0
0
0
0
0
4094
4095
0
0
0
0
0
0
0
4095
0
0
0
0
0
0
4092
4092
0
0
0
0
0
0
4095
4095
0
0
0
0
0
0
0
4095
0
0
0
0
0
0
4095
0
0
0
0
0
0
0
4095
4095
0
0
0
0
0
0
0
0
0
0
0
0
0
0
4095
0
0
0
0
0
0
0
0
0
0
0
0
0
0
0
0
0
0
0
0
0
0
0
0
0
0
0
0
0
0
0
0
0
0
0
0
0
0
0
0
0
0
0
0
0
0
0
0
0
0
0
0
0
0
0
0
0
0
0
0
0
0
0
0
0
0
0
0
0
0
0
0
0
0
0
0
0
0
0
0
0
0
0
0
0
0
0
0
0
0
0
0
0
0
0
0
0
0
0
0
0
0
0
0
0
0
0
0
0
0
0
0
0
0
0
0
0
0
0
0
0
0
0
0
0
0
0
0
0
0
0
0
0
0
0
0
0
0
0
0
0
0
0
0
0
0
0
0
0
0
0
0
0
0
0
0
0
0
0
0
0
0
0
0
0
0
0
0
0
0
0
0
0
0
0
0
0
0
0
0
0
0
0
0
0
0
0
0
0
0
0
0
0
0
0
0
0
0
0
0
0
0
0
0
0
0
0
0
0
0
0
0
0
0
0
0
0
0
0
0
0
0
0
0
0
0
0
0
0
0
0
0
0
0
0
0
0
0
0
0
0
0
0
0
0
0
0
0
0
0
0
0
0
0
0
0
0
0
0
0
0
0
0
0
0
0
0
0
0
0
0
0
0
0
0
0
0
0
0
0
0
0
0
0
0
0
0
0
0
0
0
0
0
0
0
0
0
0
0
0
0
0
0
0
0
0
0
0
0
0
0
0
0
0
0
0
0
0
0
0
0
0
0
0
0
0
0
0
0
0
0
0
0
0
0
0
0
0
0
0
0
0
0
0
0
0
0
0
0
0
0
0
0
0
0
0
0
0
0
0
0
0
0
0
0
0
0
0
0
0
0
0
0
0
0
0
0
0
0
0
0
0
0
0
0
0
0
0
0
0
0
0
0
0
0
0
0
0
0
0
0
0
0
0
0
0
0
0
0
0
0
0
0
0
0
0
0
0
0
0
0
0
0
0
0
0
0
0
0
0
0
0
0
0
0
0
0
0
0
0
0
0
0
0
0
0
0
0
0
0
0
0
0
0
0
0
0
0
0
0
0
0
0
0
0
0
0
0
0
0
0
0
0
0
0
0
0
0
0
0
0
0
0
0
0
0
0
0
0
0
0
0
0
0
0
0
0
0
0
0
0
0
0
0
0
0
0
0
0
0
0
0
0
0
0
0
0
0
0
0
0
0
0
0
0
0
0
0
0
0
0
0
0
0
0
0
0
0
0
0
0
0
0
0
0
0
0
0
0
0
0
0
0
0
0
0
0
0
0
0
0
0
0
0
0
0
0
0
0
0
0
0
0
0
0
0
0
0
0
0
0
0
0
0
0
0
0
0
0
0
0
0
0
0
0
0
0
0
0
0
0
0
0
0
0
0
0
0
0
0
0
0
0
0
0
0
0
0
0
0
0
0
0
0
0
0
0
0
0
0
0
0
0
0
0
0
0
0
0
0
0
0
0
0
0
0
0
0
0
0
0
0
0
0
0
0
0
0
0
0
0
0
0
0
0
0
0
0
0
0
0
0
0
0
0
0
0
0
0
0
0
0
0
0
0
0
0
0
0
0
0
0
0
0
0
0
0
0
0
0
0
0
0
0
0
0
0
0
0
0
0
0
0
0
0
0
0
0
0
0
0
0
0
0
0
0
0
0
0
0
0
0
0
0
0
0
0
0
0
0
0
0
0
0
0
0
0
0
0
0
0
0
0
0
0
0
0
0
0
0
0
0
0
0
0
0
0
0
0
0
0
0
0
0
0
0
0
0
0
0
0
0
0
0
0
0
0
0
0
0
0
0
0
0
0
0
0
0
0
0
0
0
0
0
0
0
0
0
0
0
0
0
0
0
0
0
0
0
0
0
0
0
0
0
0
0
0
0
0
0
0
0
0
0
0
0
0
0
0
0
0
0
0
0
0
0
0
0
0
0
0
0
0
0
0
0
0
0
0
0
0
0
0
0
0
0
0
0
0
0
0
0
0
0
0
0
0
0
0
0
0
0
0
0
0
0
0
0
0
0
0
0
0
0
0
0
0
0
0
0
0
0
0
0
0
0
0
0
0
0
0
0
0
0
0
0
0
0
0
0
0
0
0
0
0
0
0
0
0
0
0
0
0
0
0
0
0
0
0
0
0
0
0
0
0
0
0
0
0
0
0
0
0
0
0
0
0
0
0
0
0
0
0
0
0
0
0
0
0
0
0
0
0
0
0
0
0
0
0
0
0
0
0
0
0
0
0
0
0
0
0
0
0
0
0
0
0
0
0
0
0
0
0
0
0
0
0
0
0
0
0
0
0
0
0
0
0
0
0
0
0
0
0
0
0
0
0
0
0
0
0
0
0
0
0
0
0
0
0
0
0
0
0
0
0
0
0
0
0
0
0
0
0
0
0
0
0
0
0
0
0
0
0
0
0
0
0
0
0
0
0
0
0
0
0
0
0
0
0
0
0
0
0
0
0
0
0
0
0
0
0
0
0
0
0
0
0
0
0
0
0
0
0
0
0
0
0
0
0
0
0
0
0
0
0
0
0
0
0
0
0
0
0
0
0
0
0
0
0
0
0
0
0
0
0
0
0
0
0
0
0
0
0
0
0
0
0
0
0
0
0
0
0
0
0
0
0
0
0
0
0
0
0
0
0
0
0
0
0
0
0
0
0
0
0
0
0
0
0
0
0
0
0
0
0
0
0
0
0
0
0
0
0
0
0
0
0
0
0
0
0
0
0
0
0
0
0
0
0
0
0
0
0
0
0
0
0
0
0
0
0
0
0
0
0
0
0
0
0
0
0
0
0
0
0
0
0
0
0
0
0
0
0
0
0
0
0
0
0
0
0
0
0
0
0
0
0
0
0
0
0
0
0
0
0
0
0
0
0
0
0
0
0
0
0
0
0
0
0
0
0
0
0
0
0
0
0
0
0
0
0
0
0
0
0
0
0
0
0
0
0
0
0
0
0
0
0
0
0
0
0
0
0
0
0
0
0
0
0
0
0
0
0
0
0
0
0
0
0
0
0
0
0
0
0
0
0
0
0
0
0
0
0
0
0
0
0
0
0
0
0
0
0
0
0
0
0
0
0
0
0
0
0
0
0
0
0
0
0
0
0
0
0
0
0
0
0
0
0
0
0
0
0
0
0
0
0
0
0
0
0
0
0
0
0
0
0
0
0
0
0
0
0
0
0
0
0
0
0
0
0
0
0
0
0
0
0
0
0
0
0
0
0
0
0
0
0
0
0
0
0
0
0
0
0
0
0
0
0
0
0
0
0
0
0
0
0
0
0
0
0
0
0
0
0
0
0
0
0
0
0
0
0
0
0
0
0
0
0
0
0
0
0
0
0
0
0
0
0
0
0
0
0
0
0
0
0
0
0
0
0
0
0
0
0
0
0
0
0
0
0
0
0
0
0
0
0
0
0
0
0
0
0
0
0
0
0
0
0
0
0
0
0
0
0
0
0
0
0
0
0
0
0
0
0
0
0
0
0
0
0
0
0
0
0
0
0
0
0
0
0
0
0
0
0
0
0
0
0
0
0
0
0
0
0
0
0
0
0
0
0
0
0
0
0
0
0
0
0
0
0
0
0
0
0
0
0
0
0
0
0
0
0
0
0
0
0
0
0
0
0
0
0
0
0
0
0
0
0
0
0
0
0
0
0
0
0
0
0
0
0
0
0
0
0
0
0
0
0
0
0
0
0
0
0
0
0
0
0
0
0
0
0
0
0
0
0
0
0
0
0
0
0
0
0
0
0
0
0
0
0
0
0
0
0
0
0
0
0
0
0
0
0
0
0
0
0
0
0
0
0
0
0
0
0
0
0
0
0
0
0
0
0
0
0
0
0
0
0
0
0
0
0
0
0
0
0
0
0
0
0
0
0
0
0
0
0
0
0
0
0
0
0
0
0
0
0
0
0
0
0
0
0
0
0
0
0
0
0
0
0
0
0
0
0
0
0
0
0
0
0
0
0
0
0
0
0
0
0
0
0
0
0
0
0
0
0
0
0
0
0
0
0
0
0
0
0
0
0
0
0
0
0
0
0
0
0
0
0
0
0
0
0
0
0
0
0
0
0
0
0
0
0
0
0
0
0
0
0
0
0
0
0
0
0
0
0
0
0
0
0
0
0
0
0
0
0
0
0
0
0
0
0
0
0
0
0
0
0
0
0
0
0
0
0
0
0
0
0
0
0
0
0
0
0
0
0
0
0
0
0
0
0
0
0
0
0
0
0
0
0
0
0
0
0
0
0
0
0
0
0
0
0
0
0
0
0
0
0
0
0
0
0
0
0
0
0
0
0
0
0
0
0
0
0
0
0
0
0
0
0
0
0
0
0
0
0
0
0
0
0
0
0
0
0
0
0
0
0
0
0
0
0
0
0
0
0
0
0
0
0
0
0
0
0
0
0
0
0
0
0
0
0
0
0
0
0
0
0
0
0
0
0
0
0
0
0
0
0
0
0
0
0
0
0
0
0
0
0
0
0
0
0
0
0
0
0
0
0
0
0
0
0
0
0
0
0
0
0
0
0
0
0
0
0
0
0
0
0
0
0
0
0
0
0
0
0
0
0
0
0
0
0
0
0
0
0
0
0
0
0
0
0
0
0
0
0
0
0
0
0
0
0
0
0
0
0
0
0
0
0
0
0
0
0
0
0
0
0
0
0
0
0
0
0
0
0
0
0
0
0
0
0
0
0
0
0
0
0
0
0
0
0
0
0
0
0
0
0
0
0
0
0
0
0
0
0
0
0
0
0
0
0
0
0
0
0
0
0
0
0
0
0
0
0
0
0
0
0
0
0
0
0
0
0
0
0
0
0
0
0
0
0
0
0
0
0
0
0
0
0
0
0
0
0
0
0
0
0
0
0
0
0
0
0
0
0
0
0
0
0
0
0
0
0
0
0
0
0
0
0
0
0
0
0
0
0
0
0
0
0
0
0
0
0
0
0
0
0
0
0
0
0
0
0
0
0
0
0
0
0
0
0
0
0
0
0
0
0
0
0
0
0
0
0
0
0
0
0
0
0
0
0
0
0
0
0
0
0
0
0
0
0
0
0
0
0
0
0
0
0
0
0
0
0
0
0
0
0
0
0
0
0
0
0
0
0
0
0
0
0
0
0
0
0
0
0
0
0
0
0
0
0
0
0
0
0
0
0
0
0
0
0
0
0
0
0
0
0
0
0
0
0
0
0
0
0
0
0
0
0
0
0
0
0
0
0
0
0
0
0
0
0
0
0
0
0
0
0
0
0
0
0
0
0
0
0
0
0
0
0
0
0
0
0
0
0
0
0
0
0
0
0
0
0
0
0
0
0
0
0
0
0
0
0
0
0
0
0
0
0
0
0
0
0
0
0
0
0
0
0
0
0
0
0
0
0
0
0
0
0
0
0
0
0
0
0
0
0
0
0
0
0
0
0
0
0
0
0
0
0
0
0
0
0
0
0
0
0
0
0
0
0
0
0
0
0
0
0
0
0
0
0
0
0
0
0
0
0
0
0
0
0
0
0
0
0
0
0
0
0
0
0
0
0
0
0
0
0
0
0
0
0
0
0
0
0
0
0
0
0
0
0
0
0
0
0
0
0
0
0
0
0
0
0
0
0
0
0
0
0
0
0
0
0
0
0
0
0
0
0
0
0
0
0
0
0
0
0
0
0
0
0
0
0
0
0
0
0
0
0
0
0
0
0
0
0
0
0
0
0
0
0
0
0
0
0
0
0
0
0
0
0
0
0
0
0
0
0
0
0
0
0
0
0
0
0
0
0
0
0
0
0
0
0
0
0
0
0
0
0
0
0
0
0
0
0
0
0
0
0
0
0
0
0
0
0
0
0
0
0
0
0
0
0
0
0
0
0
0
0
0
0
0
0
0
0
0
0
0
0
0
0
0
0
0
0
0
0
0
0
0
0
0
0
0
0
0
0
0
0
0
0
0
0
0
0
0
0
0
0
0
0
0
0
0
0
0
0
0
0
0
0
0
0
0
0
0
0
0
0
0
0
0
0
0
0
0
0
0
0
0
0
0
0
0
0
0
0
0
0
0
0
0
0
0
0
0
0
0
0
0
0
0
0
0
0
0
0
0
0
0
0
0
0
0
0
0
0
0
0
0
0
0
0
0
0
0
0
0
0
0
0
0
0
0
0
0
0
0
0
0
0
0
0
0
0
0
0
0
0
0
0
0
0
0
0
0
0
0
0
0
0
0
0
0
0
0
0
0
0
0
0
0
0
0
0
0
0
0
0
0
0
0
0
0
0
0
0
0
0
0
0
0
0
0
0
0
0
0
0
0
0
0
0
0
0
0
0
0
0
0
0
0
0
0
0
0
0
0
0
0
0
0
0
0
0
0
0
0
0
0
0
0
0
0
0
0
0
0
0
0
0
0
0
0
0
0
0
0
0
0
0
0
0
0
0
0
0
0
0
0
0
0
0
0
0
0
0
0
0
0
0
0
0
0
0
0
0
0
0
0
0
0
0
0
0
0
0
0
0
0
0
0
0
0
0
0
0
0
0
0
0
0
0
0
0
0
0
0
0
0
0
0
0
0
0
0
0
0
0
0
0
0
0
0
0
0
0
0
0
0
0
0
0
0
0
0
0
0
0
0
0
0
0
0
0
0
0
0
0
0
0
0
0
0
0
0
0
0
0
0
0
0
0
0
0
0
0
0
0
0
0
0
0
0
0
0
0
0
0
0
0
0
0
0
0
0
0
0
0
0
0
0
0
0
0
0
0
0
0
0
0
0
0
0
0
0
0
0
0
0
0
0
0
0
0
0
0
0
0
0
0
0
0
0
0
0
0
0
0
0
0
0
0
0
0
0
0
0
0
0
0
0
0
0
0
0
0
0
0
0
0
0
0
0
0
0
0
0
0
0
0
0
0
0
0
0
0
0
0
0
0
0
0
0
0
0
0
0
0
0
0
0
0
0
0
0
0
0
0
0
0
0
0
0
0
0
0
0
0
0
0
0
0
0
0
0
0
0
0
0
0
0
0
0
0
0
0
0
0
0
0
0
0
0
0
0
0
0
0
0
0
0
0
0
0
0
0
0
0
0
0
0
0
0
0
0
0
0
0
0
0
0
0
0
0
0
0
0
0
0
0
0
0
0
0
0
0
0
0
0
0
0
0
0
0
0
0
0
0
0
0
0
0
0
0
0
0
0
0
0
0
0
0
0
0
0
0
0
0
0
0
0
0
0
0
0
0
0
0
0
0
0
0
0
0
0
0
0
0
0
0
0
0
0
0
0
0
0
0
0
0
0
0
0
0
0
0
0
0
0
0
0
0
0
0
0
0
0
0
0
0
0
0
0
0
0
0
0
0
0
0
0
0
0
0
0
0
0
0
0
0
0
0
0
0
0
0
0
0
0
0
0
0
0
0
0
0
0
0
0
0
0
0
0
0
0
0
0
0
0
0
0
0
0
0
0
0
0
0
0
0
0
0
0
0
0
0
0
0
0
0
0
0
0
0
0
0
0
0
0
0
0
0
0
0
0
0
0
0
0
0
0
0
0
0
0
0
0
0
0
0
0
0
0
0
0
0
0
0
0
0
0
0
0
0
0
0
0
0
0
0
0
0
0
0
0
0
0
0
0
0
0
0
0
0
0
0
0
0
0
0
0
0
0
0
0
0
0
0
0
0
0
0
0
0
0
0
0
0
0
0
0
0
0
0
0
0
0
0
0
0
0
0
0
0
0
0
0
0
0
0
0
0
0
0
0
0
0
0
0
0
0
0
0
0
0
0
0
0
0
0
0
0
0
0
0
0
0
0
0
0
0
0
0
0
0
0
0
0
0
0
0
0
0
0
0
0
0
0
0
0
0
0
0
0
0
0
0
0
0
0
0
0
0
0
0
0
0
0
0
0
0
0
0
0
0
0
0
0
0
0
0
0
0
0
0
0
0
0
0
0
0
0
0
0
0
0
0
0
0
0
0
0
0
0
0
0
0
0
0
0
0
0
0
0
0
0
0
0
0
0
0
0
0
0
0
0
0
0
0
0
0
0
0
0
0
0
0
0
0
0
0
0
0
0
0
0
0
0
0
0
0
0
0
0
0
0
0
0
0
0
0
0
0
0
0
0
0
0
0
0
0
0
0
0
0
0
0
0
0
0
0
0
0
0
0
0
0
0
0
0
0
0
0
0
0
0
0
0
0
0
0
0
0
0
0
0
0
0
0
0
0
0
0
0
0
0
0
0
0
0
0
0
0
0
0
0
0
0
0
0
0
0
0
0
0
0
0
0
0
0
0
0
0
0
0
0
0
0
0
0
0
0
0
0
0
0
0
0
0
0
0
0
0
0
0
0
0
0
0
0
0
0
0
0
0
0
0
0
0
0
0
0
0
0
0
0
0
0
0
0
0
0
0
0
0
0
0
0
0
0
0
0
0
0
0
0
0
0
0
0
0
0
0
0
0
0
0
0
0
0
0
0
0
0
0
0
0
0
0
0
0
0
0
0
0
0
0
0
0
0
0
0
0
0
0
0
0
0
0
0
0
0
0
0
0
0
0
0
0
0
0
0
0
0
0
0
0
0
0
0
0
0
0
0
0
0
0
0
0
0
0
0
0
0
0
0
0
0
0
0
0
0
0
0
0
0
0
0
0
0
0
0
0
0
0
0
0
0
0
0
0
0
0
0
0
0
0
0
0
0
0
0
0
0
0
0
0
0
0
0
0
0
0
0
0
0
0
0
0
0
0
0
0
0
0
0
0
0
0
0
0
0
0
0
0
0
0
0
0
0
0
0
0
0
0
0
0
0
0
0
0
0
0
0
0
0
0
0
0
0
0
0
0
0
0
0
0
0
0
0
0
0
0
0
0
0
0
0
0
0
0
0
0
0
0
0
0
0
0
0
0
0
0
0
0
0
0
0
0
0
0
0
0
0
0
0
0
0
0
0
0
0
0
0
0
0
0
0
0
0
0
0
0
0
0
0
0
0
0
0
0
0
0
0
0
0
0
0
0
0
0
0
0
0
0
0
0
0
0
0
0
0
0
0
0
0
0
0
0
0
0
0
0
0
0
0
0
0
0
0
0
0
0
0
0
0
0
0
0
0
0
0
0
0
0
0
0
0
0
0
0
0
0
0
0
0
0
0
0
0
0
0
0
0
0
0
0
0
0
0
0
0
0
0
0
0
0
0
0
0
0
0
0
0
0
0
0
0
0
0
0
0
0
0
0
0
0
0
0
0
0
0
0
0
0
0
0
0
0
0
0
0
0
0
0
0
0
0
0
0
0
0
0
0
0
0
0
0
0
0
0
0
0
0
0
0
0
0
0
0
0
0
0
0
0
0
0
0
0
0
0
0
0
0
0
0
0
0
0
0
0
0
0
0
0
0
0
0
0
0
0
0
0
0
0
0
0
0
0
0
0
0
0
0
0
0
0
0
0
0
0
0
0
0
0
0
0
0
0
0
0
0
0
0
0
0
0
0
0
0
0
0
0
0
0
0
0
0
0
0
0
0
0
0
0
0
0
0
0
0
0
0
0
0
0
0
0
0
0
0
0
0
0
0
0
0
0
0
0
0
0
0
0
0
0
0
0
0
0
0
0
0
0
0
0
0
0
0
0
0
0
0
0
0
0
0
0
0
0
0
0
0
0
0
0
0
0
0
0
0
0
0
0
0
0
0
0
0
0
0
0
0
0
0
0
0
0
0
0
0
0
0
0
0
0
0
0
0
0
0
0
0
0
0
0
0
0
0
0
0
0
0
0
0
0
0
0
0
0
0
0
0
0
0
0
0
0
0
0
0
0
0
0
0
0
0
0
0
0
0
0
0
0
0
0
0
0
0
0
0
0
0
0
0
0
0
0
0
0
0
0
0
0
0
0
0
0
0
0
0
0
0
0
0
0
0
0
0
0
0
0
0
0
0
0
0
0
0
0
0
0
0
0
0
0
0
0
0
0
0
0
0
0
0
0
0
0
0
0
0
0
0
0
0
0
0
0
0
0
0
0
0
0
0
0
0
0
0
0
0
0
0
0
0
0
0
0
0
0
0
0
0
0
0
0
0
0
0
0
0
0
0
0
0
0
0
0
0
0
0
0
0
0
0
0
0
0
0
0
0
0
0
0
0
0
0
0
0
0
0
0
0
0
0
0
0
0
0
0
0
0
0
0
0
0
0
0
0
0
0
0
0
0
0
0
0
0
0
0
0
0
0
0
0
0
0
0
0
0
0
0
0
0
0
0
0
0
0
0
0
0
0
0
0
0
0
0
0
0
0
0
0
0
0
0
0
0
0
0
0
0
0
0
0
0
0
0
0
0
0
0
0
0
0
0
0
0
0
0
0
0
0
0
0
0
0
0
0
0
0
0
0
0
0
0
0
0
0
0
0
0
0
0
0
0
0
0
0
0
0
0
0
0
0
0
0
0
0
0
0
0
0
0
0
0
0
0
0
0
0
0
0
0
0
0
0
0
0
0
0
0
0
0
0
0
0
0
0
0
0
0
0
0
0
0
0
0
0
0
0
0
0
0
0
0
0
0
0
0
0
0
0
0
0
0
0
0
0
0
0
0
0
0
0
0
0
0
0
0
0
0
0
0
0
0
0
0
0
0
0
0
0
0
0
0
0
0
0
0
0
0
0
0
0
0
0
0
0
0
0
0
0
0
0
0
0
0
0
0
0
0
0
0
0
0
0
0
0
0
0
0
0
0
0
0
0
0
0
0
0
0
0
0
0
0
0
0
0
0
0
0
0
0
0
0
0
0
0
0
0
0
0
0
0
0
0
0
0
0
0
0
0
0
0
0
0
0
0
0
0
0
0
0
0
0
0
0
0
0
0
0
0
0
0
0
0
0
0
0
0
0
0
0
0
0
0
0
0
0
0
0
0
0
0
0
0
0
0
0
0
0
0
0
0
0
0
0
0
0
0
0
0
0
0
0
0
0
0
0
0
0
0
0
0
0
0
0
0
0
0
0
0
0
0
0
0
0
0
0
0
0
0
0
0
0
0
0
0
0
0
0
0
0
0
0
0
0
0
0
0
0
0
0
0
0
0
0
0
0
0
0
0
0
0
0
0
0
0
0
0
0
0
0
0
0
0
0
0
0
0
0
0
0
0
0
0
0
0
0
0
0
0
0
0
0
0
0
0
0
0
0
0
0
0
0
0
0
0
0
0
0
0
0
0
0
0
0
0
0
0
0
0
0
0
0
0
0
0
0
0
0
0
0
0
0
0
0
0
0
0
0
0
0
0
0
0
0
0
0
0
0
0
0
0
0
0
0
0
0
0
0
0
0
0
0
0
0
0
0
0
0
0
0
0
0
0
0
0
0
0
0
0
0
0
0
0
0
0
0
0
0
0
0
0
0
0
0
0
0
0
0
0
0
0
0
0
0
0
0
0
0
0
0
0
0
0
0
0
0
0
0
0
0
0
0
0
0
0
0
0
0
0
0
0
0
0
0
0
0
0
0
0
0
0
0
0
0
0
0
0
0
0
0
0
0
0
0
0
0
0
0
0
0
0
0
0
0
0
0
0
0
0
0
0
0
0
0
0
0
0
0
0
0
0
0
0
0
0
0
0
0
0
0
0
0
0
0
0
0
0
0
0
0
0
0
0
0
0
0
0
0
0
0
0
0
0
0
0
0
0
0
0
0
0
0
0
0
0
0
0
0
0
0
0
0
0
0
0
0
0
0
0
0
0
0
0
0
0
0
0
0
0
0
0
0
0
0
0
0
0
0
0
0
0
0
0
0
0
0
0
0
0
0
0
0
0
0
0
0
0
0
0
0
0
0
0
0
0
0
0
0
0
0
0
0
0
0
0
0
0
0
0
0
0
0
0
0
0
0
0
0
0
0
0
0
0
0
0
0
0
0
0
0
0
0
0
0
0
0
0
0
0
0
0
0
0
0
0
0
0
0
0
0
0
0
0
0
0
0
0
0
0
0
0
0
0
0
0
0
0
0
0
0
0
0
0
0
0
0
0
0
0
0
0
0
0
0
0
0
0
0
0
0
0
0
0
0
0
0
0
0
0
0
0
0
0
0
0
0
0
0
0
0
0
0
0
0
0
0
0
0
0
0
0
0
0
0
0
0
0
0
0
0
0
0
0
0
0
0
0
0
0
0
0
0
0
0
0
0
0
0
0
0
0
0
0
0
0
0
0
0
0
0
0
0
0
0
0
0
0
0
0
0
0
0
0
0
0
0
0
0
0
0
0
0
0
0
0
0
0
0
0
0
0
0
0
0
0
0
0
0
0
0
0
0
0
0
0
0
0
0
0
0
0
0
0
0
0
0
0
0
0
0
0
0
0
0
0
0
0
0
0
0
0
0
0
0
0
0
0
0
0
0
0
0
0
0
0
0
0
0
0
0
0
0
0
0
0
0
0
0
0
0
0
0
0
0
0
0
0
0
0
0
0
0
0
0
0
0
0
0
0
0
0
0
0
0
0
0
0
0
0
0
0
0
0
0
0
0
0
0
0
0
0
0
0
0
0
0
0
0
0
0
0
0
0
0
0
0
0
0
0
0
0
0
0
0
0
0
0
0
0
0
0
0
0
0
0
0
0
0
0
0
0
0
0
0
0
0
0
0
0
0
0
0
0
0
0
0
0
0
0
0
0
0
0
0
0
0
0
0
0
0
0
0
0
0
0
0
0
0
0
0
0
0
0
0
0
0
0
0
0
0
0
0
0
0
0
0
0
0
0
0
0
0
0
0
0
0
0
0
0
0
0
0
0
0
0
0
0
0
0
0
0
0
0
0
0
0
0
0
0
0
0
0
0
0
0
0
0
0
0
0
0
0
0
0
0
0
0
0
0
0
0
0
0
0
0
0
0
0
0
0
0
0
0
0
0
0
0
0
0
0
0
0
0
0
0
0
0
0
0
0
0
0
0
0
0
0
0
0
0
0
0
0
0
0
0
0
0
0
0
0
0
0
0
0
0
0
0
0
0
0
0
0
0
0
0
0
0
0
0
0
0
0
0
0
0
0
0
0
0
0
0
0
0
0
0
0
0
0
0
0
0
0
0
0
0
0
0
0
0
0
0
0
0
0
0
0
0
0
0
0
0
0
0
0
0
0
0
0
0
0
0
0
0
0
0
0
0
0
0
0
0
0
0
0
0
0
0
0
0
0
0
0
0
0
0
0
0
0
0
0
0
0
0
0
0
0
0
0
0
0
0
0
0
0
0
0
0
0
0
0
0
0
0
0
0
0
0
0
0
0
0
0
0
0
0
0
0
0
0
0
0
0
0
0
0
0
0
0
0
0
0
0
0
0
0
0
0
0
0
0
0
0
0
0
0
0
0
0
0
0
0
0
0
0
0
0
0
0
0
0
0
0
0
0
0
0
0
0
0
0
0
0
0
0
0
0
0
0
0
0
0
0
0
0
0
0
0
0
0
0
0
0
0
0
0
0
0
0
0
0
0
0
0
0
0
0
0
0
0
0
0
0
0
0
0
0
0
0
0
0
0
0
0
0
0
0
0
0
0
0
0
0
0
0
0
0
0
0
0
0
0
0
0
0
0
0
0
0
0
0
0
0
0
0
0
0
0
0
0
0
0
0
0
0
0
0
0
0
0
0
0
0
0
0
0
0
0
0
0
0
0
0
0
0
0
0
0
0
0
0
0
0
0
0
0
0
0
0
0
0
0
0
0
0
0
0
0
0
0
0
0
0
0
0
0
0
0
0
0
0
0
0
0
0
0
0
0
0
0
0
0
0
0
0
0
0
0
0
0
0
0
0
0
0
0
0
0
0
0
0
0
0
0
0
0
0
0
0
0
0
0
0
0
0
0
0
0
0
0
0
0
0
0
0
0
0
0
0
0
0
0
0
0
0
0
0
0
0
0
0
0
0
0
0
0
0
0
0
0
0
0
0
0
0
0
0
0
0
0
0
0
0
0
0
0
0
0
0
0
0
0
0
0
0
0
0
0
0
0
0
0
0
0
0
0
0
0
0
0
0
0
0
0
0
0
0
0
0
0
0
0
0
0
0
0
0
0
0
0
0
0
0
0
0
0
0
0
0
0
0
0
0
0
0
0
0
0
0
0
0
0
0
0
0
0
0
0
0
0
0
0
0
0
0
0
0
0
0
0
0
0
0
0
0
0
0
0
0
0
0
0
0
0
0
0
0
0
0
0
0
0
0
0
0
0
0
0
0
0
0
0
0
0
0
0
0
0
0
0
0
0
0
0
0
0
0
0
0
0
0
0
0
0
0
0
0
0
0
0
0
0
0
0
0
0
0
0
0
0
0
0
0
0
0
0
0
0
0
0
0
0
0
0
0
0
0
0
0
0
0
0
0
0
0
0
0
0
0
0
0
0
0
0
0
0
0
0
0
0
0
0
0
0
0
0
0
0
0
0
0
0
0
0
0
0
0
0
0
0
0
0
0
0
0
0
0
0
0
0
0
0
0
0
0
0
0
0
0
0
0
0
0
0
0
0
0
0
0
0
0
0
0
0
0
0
0
0
0
0
0
0
0
0
0
0
0
0
0
0
0
0
0
0
0
0
0
0
0
0
0
0
0
0
0
0
0
0
0
0
0
0
0
0
0
0
0
0
0
0
0
0
0
0
0
0
0
0
0
0
0
0
0
0
0
0
0
0
0
0
0
0
0
0
0
0
0
0
0
0
0
0
0
0
0
0
0
0
0
0
0
0
0
0
0
0
0
0
0
0
0
0
0
0
0
0
0
0
0
0
0
0
0
0
0
0
0
0
0
0
0
0
0
0
0
0
0
0
0
0
0
0
0
0
0
0
0
0
0
0
0
0
0
0
0
0
0
0
0
0
0
0
0
0
0
0
0
0
0
0
0
0
0
0
0
0
0
0
0
0
0
0
0
0
0
0
0
0
0
0
0
0
0
0
0
0
0
0
0
0
0
0
0
0
0
0
0
0
0
0
0
0
0
0
0
0
0
0
0
0
0
0
0
0
0
0
0
0
0
0
0
0
0
0
0
0
0
0
0
0
0
0
0
0
0
0
0
0
0
0
0
0
0
0
0
0
0
0
0
0
0
0
0
0
0
0
0
0
0
0
0
0
0
0
0
0
0
0
0
0
0
0
0
0
0
0
0
0
0
0
0
0
0
0
0
0
0
0
0
0
0
0
0
0
0
0
0
0
0
0
0
0
0
0
0
0
0
0
0
0
0
0
0
0
0
0
0
0
0
0
0
0
0
0
0
0
0
0
0
0
0
0
0
0
0
0
0
0
0
0
0
0
0
0
0
0
0
0
0
0
0
0
0
0
0
0
0
0
0
0
0
0
0
0
0
0
0
0
0
0
0
0
0
0
0
0
0
0
0
0
0
0
0
0
0
0
0
0
0
0
0
0
0
0
0
0
0
0
0
0
0
0
0
0
0
0
0
0
0
0
0
0
0
0
0
0
0
0
0
0
0
0
0
0
0
0
0
0
0
0
0
0
0
0
0
0
0
0
0
0
0
0
0
0
0
0
0
0
0
0
0
0
0
0
0
0
0
0
0
0
0
0
0
0
0
0
0
0
0
0
0
0
0
0
0
0
0
0
0
0
0
0
0
0
0
0
0
0
0
0
0
0
0
0
0
0
0
0
0
0
0
0
0
0
0
0
0
0
0
0
0
0
0
0
0
0
0
0
0
0
0
0
0
0
0
0
0
0
0
0
0
0
0
0
0
0
0
0
0
0
0
0
0
0
0
0
0
0
0
0
0
0
0
0
0
0
0
0
0
0
0
0
0
0
0
0
0
0
0
0
0
0
0
0
0
0
0
0
0
0
0
0
0
0
0
0
0
0
0
0
0
0
0
0
0
0
0
0
0
0
0
0
0
0
0
0
0
0
0
0
0
0
0
0
0
0
0
0
0
0
0
0
0
0
0
0
0
0
0
0
0
0
0
0
0
0
0
0
0
0
0
0
0
0
0
0
0
0
0
0
0
0
0
0
0
0
0
0
0
0
0
0
0
0
0
0
0
0
0
0
0
0
0
0
0
0
0
0
0
0
0
0
0
0
0
0
0
0
0
0
0
0
0
0
0
0
0
0
0
0
0
0
0
0
0
0
0
0
0
0
0
0
0
0
0
0
0
0
0
0
0
0
0
0
0
0
0
0
0
0
0
0
0
0
0
0
0
0
0
0
0
0
0
0
0
0
0
0
0
0
0
0
0
0
0
0
0
0
0
0
0
0
0
0
0
0
0
0
0
0
0
0
0
0
0
0
0
0
0
0
0
0
0
0
0
0
0
0
0
0
0
0
0
0
0
0
0
0
0
0
0
0
0
0
0
0
0
0
0
0
0
0
0
0
0
0
0
0
0
0
0
0
0
0
0
0
0
0
0
0
0
0
0
0
0
0
0
0
0
0
0
0
0
0
0
0
0
0
0
0
0
0
0
0
0
0
0
0
0
0
0
0
0
0
0
0
0
0
0
0
0
0
0
0
0
0
0
0
0
0
0
0
0
0
0
0
0
0
0
0
0
0
0
0
0
0
0
0
0
0
0
0
0
0
0
0
0
0
0
0
0
0
0
0
0
0
0
0
0
0
0
0
0
0
0
0
0
0
0
0
0
0
0
0
0
0
0
0
0
0
0
0
0
0
0
0
0
0
0
0
0
0
0
0
0
0
0
0
0
0
0
0
0
0
0
0
0
0
0
0
0
0
0
0
0
0
0
0
0
0
0
0
0
0
0
0
0
0
0
0
0
0
0
0
0
0
0
0
0
0
0
0
0
0
0
0
0
0
0
0
0
0
0
0
0
0
0
0
0
0
0
0
0
0
0
0
0
0
0
0
0
0
0
0
0
0
0
0
0
0
0
0
0
0
0
0
0
0
0
0
0
0
0
0
0
0
0
0
0
0
0
0
0
0
0
0
0
0
0
0
0
0
0
0
0
0
0
0
0
0
0
0
0
0
0
0
0
0
0
0
0
0
0
0
0
0
0
0
0
0
0
0
0
0
0
0
0
0
0
0
0
0
0
0
0
0
0
0
0
0
0
0
0
0
0
0
0
0
0
0
0
0
0
0
0
0
0
0
0
0
0
0
0
0
0
0
0
0
0
0
0
0
0
0
0
0
0
0
0
0
0
0
0
0
0
0
0
0
0
0
0
0
0
0
0
0
0
0
0
0
0
0
0
0
0
0
0
0
0
0
0
0
0
0
0
0
0
0
0
0
0
0
0
0
0
0
0
0
0
0
0
0
0
0
0
0
0
0
0
0
0
0
0
0
0
0
0
0
0
0
0
0
0
0
0
0
0
0
0
0
0
0
0
0
0
0
0
0
0
0
0
0
0
0
0
0
0
0
0
0
0
0
0
0
0
0
0
0
0
0
0
0
0
0
0
0
0
0
0
0
0
0
0
0
0
0
0
0
0
0
0
0
0
0
0
0
0
0
0
0
0
0
0
0
0
0
0
0
0
0
0
0
0
0
0
0
0
0
0
0
0
0
0
0
0
0
0
0
0
0
0
0
0
0
0
0
0
0
0
0
0
0
0
0
0
0
0
0
0
0
0
0
0
0
0
0
0
0
0
0
0
0
0
0
0
0
0
0
0
0
0
0
0
0
0
0
0
0
0
0
0
0
0
0
0
0
0
0
0
0
0
0
0
0
0
0
0
0
0
0
0
0
0
0
0
0
0
0
0
0
0
0
0
0
0
0
0
0
0
0
