0
4095
0
0
0
0
0
0
0
4095
0
0
0
0
0
0
0
4095
0
0
0
0
0
0
0
4095
0
0
0
0
0
0
0
4095
0
0
0
0
0
0
0
4095
0
0
0
0
0
0
0
4095
0
0
0
0
0
0
0
4095
0
0
0
0
0
0
0
4095
0
0
0
0
0
0
0
4095
0
0
0
0
0
0
0
4095
0
0
0
0
0
0
0
4095
0
0
0
0
0
0
0
4095
0
0
0
0
0
0
0
4095
0
0
0
0
0
0
0
4095
0
0
0
0
0
0
0
4095
0
0
0
0
0
0
0
4095
0
0
0
0
0
0
0
4095
0
0
0
0
0
0
0
4095
0
0
0
0
0
0
0
4095
0
0
0
0
0
0
0
4095
0
0
0
0
0
0
0
4095
0
0
0
0
0
0
0
4095
0
0
0
0
0
0
4095
4092
0
0
0
0
0
0
4092
4092
0
0
0
0
0
0
4093
4094
0
0
0
0
0
0
4093
4095
0
0
0
0
0
0
4095
4092
0
0
0
0
0
0
4092
4092
0
0
0
0
0
0
4093
4095
0
0
0
0
0
0
1
1
0
0
0
0
0
0
0
4093
0
0
0
0
0
0
4090
4090
0
0
0
0
0
0
4091
0
0
0
0
0
0
0
3
2
0
0
0
0
0
0
1
4090
0
0
0
0
0
0
4087
4088
0
0
0
0
0
0
4091
3
0
0
0
0
0
0
7
4
0
0
0
0
0
0
4095
4084
0
0
0
0
0
0
4081
4087
0
0
0
0
0
0
4093
9
0
0
0
0
0
0
13
5
0
0
0
0
0
0
4092
4079
0
0
0
0
0
0
4077
4087
0
0
0
0
0
0
3
17
0
0
0
0
0
0
18
2
0
0
0
0
0
0
4084
4071
0
0
0
0
0
0
4070
4090
0
0
0
0
0
0
11
25
0
0
0
0
0
0
23
4094
0
0
0
0
0
0
4075
4061
0
0
0
0
0
0
4067
2
0
0
0
0
0
0
23
34
0
0
0
0
0
0
23
4084
0
0
0
0
0
0
4061
4053
0
0
0
0
0
0
4068
14
0
0
0
0
0
0
37
38
0
0
0
0
0
0
21
4069
0
0
0
0
0
0
4046
4048
0
0
0
0
0
0
4074
31
0
0
0
0
0
0
52
42
0
0
0
0
0
0
12
4051
0
0
0
0
0
0
4030
4048
0
0
0
0
0
0
4085
49
0
0
0
0
0
0
67
38
0
0
0
0
0
0
4093
4030
0
0
0
0
0
0
4015
4055
0
0
0
0
0
0
8
71
0
0
0
0
0
0
80
29
0
0
0
0
0
0
4072
4010
0
0
0
0
0
0
4005
4069
0
0
0
0
0
0
34
92
0
0
0
0
0
0
87
10
0
0
0
0
0
0
4043
3990
0
0
0
0
0
0
4003
4092
0
0
0
0
0
0
62
108
0
0
0
0
0
0
86
4079
0
0
0
0
0
0
4011
3976
0
0
0
0
0
0
4008
28
0
0
0
0
0
0
96
120
0
0
0
0
0
0
75
4044
0
0
0
0
0
0
3977
3969
0
0
0
0
0
0
4026
67
0
0
0
0
0
0
130
122
0
0
0
0
0
0
53
4004
0
0
0
0
0
0
3946
3972
0
0
0
0
0
0
4055
108
0
0
0
0
0
0
160
112
0
0
0
0
0
0
19
3961
0
0
0
0
0
0
3918
3989
0
0
0
0
0
0
4094
150
0
0
0
0
0
0
182
88
0
0
0
0
0
0
4069
3919
0
0
0
0
0
0
3901
4021
0
0
0
0
0
0
47
190
0
0
0
0
0
0
194
50
0
0
0
0
0
0
4015
3883
0
0
0
0
0
0
3896
4065
0
0
0
0
0
0
105
222
0
0
0
0
0
0
191
4095
0
0
0
0
0
0
3955
3857
0
0
0
0
0
0
3908
27
0
0
0
0
0
0
165
242
0
0
0
0
0
0
172
4032
0
0
0
0
0
0
3895
3845
0
0
0
0
0
0
3936
94
0
0
0
0
0
0
226
245
0
0
0
0
0
0
131
3959
0
0
0
0
0
0
3837
3851
0
0
0
0
0
0
3986
168
0
0
0
0
0
0
280
228
0
0
0
0
0
0
73
3885
0
0
0
0
0
0
3787
3878
0
0
0
0
0
0
4053
241
0
0
0
0
0
0
320
189
0
0
0
0
0
0
4093
3812
0
0
0
0
0
0
3756
3928
0
0
0
0
0
0
40
310
0
0
0
0
0
0
342
128
0
0
0
0
0
0
4004
3752
0
0
0
0
0
0
3744
3999
0
0
0
0
0
0
135
365
0
0
0
0
0
0
341
47
0
0
0
0
0
0
3907
3705
0
0
0
0
0
0
3760
4091
0
0
0
0
0
0
234
402
0
0
0
0
0
0
313
4044
0
0
0
0
0
0
3809
3681
0
0
0
0
0
0
3801
102
0
0
0
0
0
0
330
411
0
0
0
0
0
0
257
3932
0
0
0
0
0
0
3715
3684
0
0
0
0
0
0
3872
216
0
0
0
0
0
0
417
392
0
0
0
0
0
0
172
3816
0
0
0
0
0
0
3638
3721
0
0
0
0
0
0
3971
331
0
0
0
0
0
0
484
340
0
0
0
0
0
0
62
3705
0
0
0
0
0
0
3582
3788
0
0
0
0
0
0
4093
438
0
0
0
0
0
0
527
256
0
0
0
0
0
0
4026
3604
0
0
0
0
0
0
3557
3889
0
0
0
0
0
0
135
526
0
0
0
0
0
0
534
141
0
0
0
0
0
0
3883
3529
0
0
0
0
0
0
3567
4017
0
0
0
0
0
0
279
588
0
0
0
0
0
0
503
4095
0
0
0
0
0
0
3737
3484
0
0
0
0
0
0
3618
72
0
0
0
0
0
0
424
614
0
0
0
0
0
0
433
3938
0
0
0
0
0
0
3599
3478
0
0
0
0
0
0
3708
236
0
0
0
0
0
0
554
599
0
0
0
0
0
0
322
3771
0
0
0
0
0
0
3478
3515
0
0
0
0
0
0
3838
401
0
0
0
0
0
0
663
540
0
0
0
0
0
0
175
3609
0
0
0
0
0
0
3389
3597
0
0
0
0
0
0
4001
558
0
0
0
0
0
0
732
435
0
0
0
0
0
0
4093
3460
0
0
0
0
0
0
3339
3724
0
0
0
0
0
0
91
691
0
0
0
0
0
0
761
289
0
0
0
0
0
0
3899
3343
0
0
0
0
0
0
3336
3890
0
0
0
0
0
0
292
791
0
0
0
0
0
0
736
104
0
0
0
0
0
0
3697
3266
0
0
0
0
0
0
3386
4089
0
0
0
0
0
0
493
846
0
0
0
0
0
0
657
3990
0
0
0
0
0
0
3502
3237
0
0
0
0
0
0
3493
212
0
0
0
0
0
0
679
845
0
0
0
0
0
0
525
3766
0
0
0
0
0
0
3328
3267
0
0
0
0
0
0
3649
437
0
0
0
0
0
0
838
787
0
0
0
0
0
0
344
3543
0
0
0
0
0
0
3190
3355
0
0
0
0
0
0
3853
653
0
0
0
0
0
0
951
669
0
0
0
0
0
0
121
3337
0
0
0
0
0
0
3103
3504
0
0
0
0
0
0
4092
846
0
0
0
0
0
0
1009
492
0
0
0
0
0
0
3967
3165
0
0
0
0
0
0
3076
3706
0
0
0
0
0
0
255
994
0
0
0
0
0
0
1002
266
0
0
0
0
0
0
3702
3042
0
0
0
0
0
0
3116
3953
0
0
0
0
0
0
521
1090
0
0
0
0
0
0
927
3
0
0
0
0
0
0
3441
2978
0
0
0
0
0
0
3225
132
0
0
0
0
0
0
774
1118
0
0
0
0
0
0
782
3812
0
0
0
0
0
0
3203
2987
0
0
0
0
0
0
3404
422
0
0
0
0
0
0
991
1071
0
0
0
0
0
0
573
3523
0
0
0
0
0
0
3007
3071
0
0
0
0
0
0
3644
707
0
0
0
0
0
0
1161
948
0
0
0
0
0
0
308
3248
0
0
0
0
0
0
2867
3230
0
0
0
0
0
0
3933
965
0
0
0
0
0
0
1263
751
0
0
0
0
0
0
4095
3010
0
0
0
0
0
0
2801
3461
0
0
0
0
0
0
157
1179
0
0
0
0
0
0
1290
491
0
0
0
0
0
0
3765
2827
0
0
0
0
0
0
2819
3751
0
0
0
0
0
0
491
1329
0
0
0
0
0
0
1232
176
0
0
0
0
0
0
3432
2715
0
0
0
0
0
0
2920
4085
0
0
0
0
0
0
816
1399
0
0
0
0
0
0
1086
3924
0
0
0
0
0
0
3122
2690
0
0
0
0
0
0
3109
346
0
0
0
0
0
0
1109
1380
0
0
0
0
0
0
857
3561
0
0
0
0
0
0
2854
2754
0
0
0
0
0
0
3377
707
0
0
0
0
0
0
1346
1267
0
0
0
0
0
0
554
3211
0
0
0
0
0
0
2650
2913
0
0
0
0
0
0
3709
1042
0
0
0
0
0
0
1510
1063
0
0
0
0
0
0
196
2897
0
0
0
0
0
0
2532
3163
0
0
0
0
0
0
4089
1330
0
0
0
0
0
0
1583
773
0
0
0
0
0
0
3896
2643
0
0
0
0
0
0
2507
3488
0
0
0
0
0
0
398
1546
0
0
0
0
0
0
1555
414
0
0
0
0
0
0
3489
2467
0
0
0
0
0
0
2587
3875
0
0
0
0
0
0
800
1674
0
0
0
0
0
0
1423
7
0
0
0
0
0
0
3098
2391
0
0
0
0
0
0
2773
203
0
0
0
0
0
0
1174
1698
0
0
0
0
0
0
1188
3669
0
0
0
0
0
0
2749
2422
0
0
0
0
0
0
3056
638
0
0
0
0
0
0
1491
1611
0
0
0
0
0
0
860
3240
0
0
0
0
0
0
2468
2564
0
0
0
0
0
0
3423
1055
0
0
0
0
0
0
1727
1412
0
0
0
0
0
0
456
2840
0
0
0
0
0
0
2280
2816
0
0
0
0
0
0
3856
1427
0
0
0
0
0
0
1863
1109
0
0
0
0
0
0
0
2502
0
0
0
0
0
0
2201
3166
0
0
0
0
0
0
230
1723
0
0
0
0
0
0
1882
716
0
0
0
0
0
0
3616
2251
0
0
0
0
0
0
2242
3597
0
0
0
0
0
0
712
1922
0
0
0
0
0
0
1781
257
0
0
0
0
0
0
3143
2109
0
0
0
0
0
0
2407
4082
0
0
0
0
0
0
1172
2006
0
0
0
0
0
0
1554
3849
0
0
0
0
0
0
2707
2088
0
0
0
0
0
0
2691
496
0
0
0
0
0
0
1577
1962
0
0
0
0
0
0
1215
3339
0
0
0
0
0
0
2340
2200
0
0
0
0
0
0
3079
996
0
0
0
0
0
0
1898
1786
0
0
0
0
0
0
780
2854
0
0
0
0
0
0
2070
2440
0
0
0
0
0
0
3555
1458
0
0
0
0
0
0
2110
1484
0
0
0
0
0
0
273
2426
0
0
0
0
0
0
1920
2798
0
0
0
0
0
0
4088
1847
0
0
0
0
0
0
2195
1072
0
0
0
0
0
0
3821
2088
0
0
0
0
0
0
1905
3259
0
0
0
0
0
0
547
2129
0
0
0
0
0
0
2139
572
0
0
0
0
0
0
3264
1863
0
0
0
0
0
0
2033
3794
0
0
0
0
0
0
1094
2287
0
0
0
0
0
0
1941
9
0
0
0
0
0
0
2739
1777
0
0
0
0
0
0
2298
276
0
0
0
0
0
0
1592
2302
0
0
0
0
0
0
1607
3519
0
0
0
0
0
0
2279
1837
0
0
0
0
0
0
2695
861
0
0
0
0
0
0
2005
2167
0
0
0
0
0
0
1156
2946
0
0
0
0
0
0
1917
2046
0
0
0
0
0
0
3195
1412
0
0
0
0
0
0
2306
1885
0
0
0
0
0
0
609
2423
0
0
0
0
0
0
1682
2396
0
0
0
0
0
0
3777
1895
0
0
0
0
0
0
2470
1470
0
0
0
0
0
0
2
1988
0
0
0
0
0
0
1594
2871
0
0
0
0
0
0
306
2274
0
0
0
0
0
0
2479
943
0
0
0
0
0
0
3467
1674
0
0
0
0
0
0
1665
3441
0
0
0
0
0
0
934
2520
0
0
0
0
0
0
2327
335
0
0
0
0
0
0
2852
1504
0
0
0
0
0
0
1897
4078
0
0
0
0
0
0
1524
2609
0
0
0
0
0
0
2019
3778
0
0
0
0
0
0
2295
1495
0
0
0
0
0
0
2279
642
0
0
0
0
0
0
2037
2534
0
0
0
0
0
0
1569
3122
0
0
0
0
0
0
1836
1655
0
0
0
0
0
0
2790
1282
0
0
0
0
0
0
2437
2293
0
0
0
0
0
0
1001
2506
0
0
0
0
0
0
1505
1978
0
0
0
0
0
0
3405
1863
0
0
0
0
0
0
2693
1895
0
0
0
0
0
0
349
1971
0
0
0
0
0
0
1331
2448
0
0
0
0
0
0
4086
2343
0
0
0
0
0
0
2782
1360
0
0
0
0
0
0
3748
1555
0
0
0
0
0
0
1328
3037
0
0
0
0
0
0
692
2687
0
0
0
0
0
0
2695
720
0
0
0
0
0
0
3052
1290
0
0
0
0
0
0
1504
3717
0
0
0
0
0
0
1373
2868
0
0
0
0
0
0
2431
13
0
0
0
0
0
0
2401
1198
0
0
0
0
0
0
1854
346
0
0
0
0
0
0
1984
2869
0
0
0
0
0
0
2002
3381
0
0
0
0
0
0
1838
1289
0
0
0
0
0
0
2357
1068
0
0
0
0
0
0
2485
2684
0
0
0
0
0
0
1431
2674
0
0
0
0
0
0
1405
1564
0
0
0
0
0
0
2985
1742
0
0
0
0
0
0
2843
2323
0
0
0
0
0
0
752
2041
0
0
0
0
0
0
1130
2008
0
0
0
0
0
0
3705
2325
0
0
0
0
0
0
3027
1801
0
0
0
0
0
0
4
1519
0
0
0
0
0
0
1041
2599
0
0
0
0
0
0
373
2775
0
0
0
0
0
0
3023
1150
0
0
0
0
0
0
3333
1152
0
0
0
0
0
0
1143
3301
0
0
0
0
0
0
1134
3056
0
0
0
0
0
0
2821
407
0
0
0
0
0
0
2592
961
0
0
0
0
0
0
1439
4075
0
0
0
0
0
0
1840
3149
0
0
0
0
0
0
2435
3714
0
0
0
0
0
0
1929
967
0
0
0
0
0
0
1912
770
0
0
0
0
0
0
2445
3044
0
0
0
0
0
0
1881
2929
0
0
0
0
0
0
1391
1175
0
0
0
0
0
0
2535
1533
0
0
0
0
0
0
2911
2738
0
0
0
0
0
0
1195
2201
0
0
0
0
0
0
1012
1573
0
0
0
0
0
0
3276
2216
0
0
0
0
0
0
3197
2250
0
0
0
0
0
0
414
1577
0
0
0
0
0
0
819
2143
0
0
0
0
0
0
4084
2772
0
0
0
0
0
0
3289
1608
0
0
0
0
0
0
3687
1099
0
0
0
0
0
0
834
2849
0
0
0
0
0
0
814
3163
0
0
0
0
0
0
3168
846
0
0
0
0
0
0
2870
802
0
0
0
0
0
0
1056
3651
0
0
0
0
0
0
1606
3358
0
0
0
0
0
0
2845
16
0
0
0
0
0
0
2114
709
0
0
0
0
0
0
1479
402
0
0
0
0
0
0
2312
3345
0
0
0
0
0
0
2332
3264
0
0
0
0
0
0
1472
833
0
0
0
0
0
0
2077
1240
0
0
0
0
0
0
2885
3116
0
0
0
0
0
0
1659
2450
0
0
0
0
0
0
981
1165
0
0
0
0
0
0
2813
2012
0
0
0
0
0
0
3283
2683
0
0
0
0
0
0
867
1727
0
0
0
0
0
0
681
1691
0
0
0
0
0
0
3647
2675
0
0
0
0
0
0
3479
2071
0
0
0
0
0
0
5
1141
0
0
0
0
0
0
593
2380
0
0
0
0
0
0
426
3175
0
0
0
0
0
0
3456
1317
0
0
0
0
0
0
3225
733
0
0
0
0
0
0
729
3191
0
0
0
0
0
0
1291
3482
0
0
0
0
0
0
3210
464
0
0
0
0
0
0
2388
534
0
0
0
0
0
0
1078
4071
0
0
0
0
0
0
2086
3572
0
0
0
0
0
0
2759
3664
0
0
0
0
0
0
1647
557
0
0
0
0
0
0
1625
870
0
0
0
0
0
0
2761
3436
0
0
0
0
0
0
2121
2780
0
0
0
0
0
0
1049
806
0
0
0
0
0
0
2339
1724
0
0
0
0
0
0
3270
3076
0
0
0
0
0
0
1343
1969
0
0
0
0
0
0
1535
474
0
0
0
0
0
0
3157
2487
0
0
0
0
0
0
3580
2519
0
0
0
0
0
0
429
1355
0
0
0
0
0
0
439
1915
0
0
0
0
0
0
4087
3296
0
0
0
0
0
0
3666
1787
0
0
0
0
0
0
994
1381
0
0
0
0
0
0
470
2694
0
0
0
0
0
0
3581
2613
0
0
0
0
0
0
3446
1011
0
0
0
0
0
0
66
1346
0
0
0
0
0
0
9
3504
0
0
0
0
0
0
1781
3718
0
0
0
0
0
0
3869
1519
0
0
0
0
0
0
1959
361
0
0
0
0
0
0
419
3088
0
0
0
0
0
0
2500
3682
0
0
0
0
0
0
3357
536
0
0
0
0
0
0
982
599
0
0
0
0
0
0
1883
4036
0
0
0
0
0
0
2491
20
0
0
0
0
0
0
1832
2289
0
0
0
0
0
0
1309
186
0
0
0
0
0
0
2714
2131
0
0
0
0
0
0
2963
3635
0
0
0
0
0
0
955
1303
0
0
0
0
0
0
1274
687
0
0
0
0
0
0
3593
3118
0
0
0
0
0
0
3783
2246
0
0
0
0
0
0
1421
1583
0
0
0
0
0
0
300
2220
0
0
0
0
0
0
3144
2747
0
0
0
0
0
0
3672
1493
0
0
0
0
0
0
510
1080
0
0
0
0
0
0
3827
3021
0
0
0
0
0
0
4072
2864
0
0
0
0
0
0
89
602
0
0
0
0
0
0
3675
1156
0
0
0
0
0
0
126
2547
0
0
0
0
0
0
2193
3837
0
0
0
0
0
0
3690
1039
0
0
0
0
0
0
1238
387
0
0
0
0
0
0
661
3579
0
0
0
0
0
0
2289
286
0
0
0
0
0
0
3079
41
0
0
0
0
0
0
1509
3973
0
0
0
0
0
0
2208
425
0
0
0
0
0
0
2814
3979
0
0
0
0
0
0
1410
1904
0
0
0
0
0
0
1038
382
0
0
0
0
0
0
3109
2847
0
0
0
0
0
0
2902
3462
0
0
0
0
0
0
1925
1801
0
0
0
0
0
0
1122
977
0
0
0
0
0
0
2647
2582
0
0
0
0
0
0
3870
1910
0
0
0
0
0
0
935
1271
0
0
0
0
0
0
338
2566
0
0
0
0
0
0
3596
3079
0
0
0
0
0
0
332
1087
0
0
0
0
0
0
20
875
0
0
0
0
0
0
3932
2063
0
0
0
0
0
0
397
2998
0
0
0
0
0
0
4017
1540
0
0
0
0
0
0
1858
186
0
0
0
0
0
0
351
3057
0
0
0
0
0
0
2892
3761
0
0
0
0
0
0
3403
548
0
0
0
0
0
0
1759
3749
0
0
0
0
0
0
978
4068
0
0
0
0
0
0
2624
163
0
0
0
0
0
0
1869
3713
0
0
0
0
0
0
1231
66
0
0
0
0
0
0
2661
2213
0
0
0
0
0
0
3093
3741
0
0
0
0
0
0
990
1212
0
0
0
0
0
0
865
683
0
0
0
0
0
0
2160
2317
0
0
0
0
0
0
3003
3133
0
0
0
0
0
0
1442
1476
0
0
0
0
0
0
249
2110
0
0
0
0
0
0
3155
2846
0
0
0
0
0
0
3778
1532
0
0
0
0
0
0
486
983
0
0
0
0
0
0
3733
2995
0
0
0
0
0
0
4076
3236
0
0
0
0
0
0
177
2030
0
0
0
0
0
0
3684
1071
0
0
0
0
0
0
56
2547
0
0
0
0
0
0
2239
3917
0
0
0
0
0
0
3749
1030
0
0
0
0
0
0
1188
315
0
0
0
0
0
0
678
3542
0
0
0
0
0
0
2336
347
0
0
0
0
0
0
3113
17
0
0
0
0
0
0
1459
3920
0
0
0
0
0
0
2217
376
0
0
0
0
0
0
2858
4024
0
0
0
0
0
0
1426
1876
0
0
0
0
0
0
997
348
0
0
0
0
0
0
3099
2873
0
0
0
0
0
0
3216
3400
0
0
0
0
0
0
1927
1777
0
0
0
0
0
0
1095
962
0
0
0
0
0
0
2647
2602
0
0
0
0
0
0
3825
1971
0
0
0
0
0
0
935
1255
0
0
0
0
0
0
326
2560
0
0
0
0
0
0
3599
3086
0
0
0
0
0
0
335
1088
0
0
0
0
0
0
20
876
0
0
0
0
0
0
3934
2061
0
0
0
0
0
0
392
2990
0
0
0
0
0
0
4007
1540
0
0
0
0
0
0
1867
202
0
0
0
0
0
0
364
3055
0
0
0
0
0
0
2875
3737
0
0
0
0
0
0
3449
502
0
0
0
0
0
0
1781
3778
0
0
0
0
0
0
997
4054
0
0
0
0
0
0
2592
129
0
0
0
0
0
0
1885
3659
0
0
0
0
0
0
1271
106
0
0
0
0
0
0
2678
2182
0
0
0
0
0
0
3041
3700
0
0
0
0
0
0
977
1252
0
0
0
0
0
0
1204
639
0
0
0
0
0
0
2165
2267
0
0
0
0
0
0
2935
3092
0
0
0
0
0
0
1441
1539
0
0
0
0
0
0
261
2200
0
0
0
0
0
0
3146
2773
0
0
0
0
0
0
3697
1502
0
0
0
0
0
0
506
1066
0
0
0
0
0
0
3818
3019
0
0
0
0
0
0
4072
2862
0
0
0
0
0
0
84
601
0
0
0
0
0
0
3681
1170
0
0
0
0
0
0
146
2548
0
0
0
0
0
0
2174
3807
0
0
0
0
0
0
3662
1045
0
0
0
0
0
0
1271
433
0
0
0
0
0
0
696
3564
0
0
0
0
0
0
3139
3530
0
0
0
0
0
0
2226
42
0
0
0
0
0
0
1578
4047
0
0
0
0
0
0
2247
384
0
0
0
0
0
0
2732
3902
0
0
0
0
0
0
1373
1961
0
0
0
0
0
0
1139
464
0
0
0
0
0
0
3166
2487
0
0
0
0
0
0
2779
3383
0
0
0
0
0
0
491
1002
0
0
0
0
0
0
356
1872
0
0
0
0
0
0
2666
2455
0
0
0
0
0
0
3719
1835
0
0
0
0
0
0
991
1341
0
0
0
0
0
0
435
2682
0
0
0
0
0
0
3554
2912
0
0
0
0
0
0
3462
1011
0
0
0
0
0
0
65
1346
0
0
0
0
0
0
17
3504
0
0
0
0
0
0
1769
3695
0
0
0
0
0
0
3842
100
0
0
0
0
0
0
1934
402
0
0
0
0
0
0
461
3082
0
0
0
0
0
0
2452
3615
0
0
0
0
0
0
2513
526
0
0
0
0
0
0
1054
689
0
0
0
0
0
0
1941
1323
0
0
0
0
0
0
3347
3225
0
0
0
0
0
0
1756
2355
0
0
0
0
0
0
1708
211
0
0
0
0
0
0
2727
2119
0
0
0
0
0
0
3435
2807
0
0
0
0
0
0
905
1629
0
0
0
0
0
0
552
1599
0
0
0
0
0
0
3632
2764
0
0
0
0
0
0
3581
2131
0
0
0
0
0
0
7
1069
0
0
0
0
0
0
519
2344
0
0
0
0
0
0
433
3227
0
0
0
0
0
0
3499
1333
0
0
0
0
0
0
3218
707
0
0
0
0
0
0
713
3187
0
0
0
0
0
0
1291
3483
0
0
0
0
0
0
3200
463
0
0
0
0
0
0
2401
562
0
0
0
0
0
0
1114
4070
0
0
0
0
0
0
2052
3514
0
0
0
0
0
0
2704
3674
0
0
0
0
0
0
1705
641
0
0
0
0
0
0
1696
846
0
0
0
0
0
0
2672
3325
0
0
0
0
0
0
2048
2829
0
0
0
0
0
0
1171
937
0
0
0
0
0
0
2416
1649
0
0
0
0
0
0
3115
2930
0
0
0
0
0
0
1275
2081
0
0
0
0
0
0
828
1423
0
0
0
0
0
0
3230
2334
0
0
0
0
0
0
3355
2360
0
0
0
0
0
0
434
1470
0
0
0
0
0
0
697
2069
0
0
0
0
0
0
4081
2858
0
0
0
0
0
0
3377
1652
0
0
0
0
0
0
3680
1037
0
0
0
0
0
0
780
2829
0
0
0
0
0
0
822
3196
0
0
0
0
0
0
3187
852
0
0
0
0
0
0
2872
804
0
0
0
0
0
0
1070
3652
0
0
0
0
0
0
1591
3324
0
0
0
0
0
0
2801
16
0
0
0
0
0
0
2156
780
0
0
0
0
0
0
1543
390
0
0
0
0
0
0
2242
3242
0
0
0
0
0
0
2250
3295
0
0
0
0
0
0
1577
965
0
0
0
0
0
0
2166
1181
0
0
0
0
0
0
2737
2957
0
0
0
0
0
0
1569
2543
0
0
0
0
0
0
1169
1343
0
0
0
0
0
0
2895
1881
0
0
0
0
0
0
3053
2495
0
0
0
0
0
0
803
1906
0
0
0
0
0
0
953
1882
0
0
0
0
0
0
3682
2445
0
0
0
0
0
0
3168
1885
0
0
0
0
0
0
7
1420
0
0
0
0
0
0
938
2548
0
0
0
0
0
0
381
2845
0
0
0
0
0
0
3082
1174
0
0
0
0
0
0
3325
1115
0
0
0
0
0
0
1122
3295
0
0
0
0
0
0
1131
3055
0
0
0
0
0
0
2804
406
0
0
0
0
0
0
2611
1001
0
0
0
0
0
0
1488
4073
0
0
0
0
0
0
1792
3070
0
0
0
0
0
0
2359
3727
0
0
0
0
0
0
2011
1086
0
0
0
0
0
0
2003
734
0
0
0
0
0
0
2323
2889
0
0
0
0
0
0
1778
2996
0
0
0
0
0
0
1557
1354
0
0
0
0
0
0
2639
1427
0
0
0
0
0
0
2695
2536
0
0
0
0
0
0
1102
2354
0
0
0
0
0
0
1275
1790
0
0
0
0
0
0
3347
2010
0
0
0
0
0
0
2888
2032
0
0
0
0
0
0
373
1837
0
0
0
0
0
0
1176
2355
0
0
0
0
0
0
4082
2452
0
0
0
0
0
0
2894
1415
0
0
0
0
0
0
3740
1477
0
0
0
0
0
0
1260
3011
0
0
0
0
0
0
700
2727
0
0
0
0
0
0
2718
727
0
0
0
0
0
0
3053
1292
0
0
0
0
0
0
1521
3718
0
0
0
0
0
0
1351
2823
0
0
0
0
0
0
2378
14
0
0
0
0
0
0
2453
1287
0
0
0
0
0
0
1934
330
0
0
0
0
0
0
1895
2740
0
0
0
0
0
0
1899
3419
0
0
0
0
0
0
1972
1456
0
0
0
0
0
0
2470
994
0
0
0
0
0
0
2301
2486
0
0
0
0
0
0
1318
2791
0
0
0
0
0
0
1640
1787
0
0
0
0
0
0
3089
1574
0
0
0
0
0
0
2554
2087
0
0
0
0
0
0
671
2266
0
0
0
0
0
0
1471
2247
0
0
0
0
0
0
3750
2038
0
0
0
0
0
0
2635
1568
0
0
0
0
0
0
5
1872
0
0
0
0
0
0
1475
2811
0
0
0
0
0
0
315
2356
0
0
0
0
0
0
2553
972
0
0
0
0
0
0
3457
1631
0
0
0
0
0
0
1641
3435
0
0
0
0
0
0
932
2517
0
0
0
0
0
0
2310
333
0
0
0
0
0
0
2875
1551
0
0
0
0
0
0
1953
4076
0
0
0
0
0
0
1469
2515
0
0
0
0
0
0
1933
3794
0
0
0
0
0
0
2392
1634
0
0
0
0
0
0
2388
599
0
0
0
0
0
0
1893
2356
0
0
0
0
0
0
1448
3200
0
0
0
0
0
0
2031
1867
0
0
0
0
0
0
2913
1158
0
0
0
0
0
0
2185
2055
0
0
0
0
0
0
892
2684
0
0
0
0
0
0
1814
2231
0
0
0
0
0
0
3492
1623
0
0
0
0
0
0
2327
1637
0
0
0
0
0
0
301
2278
0
0
0
0
0
0
1747
2696
0
0
0
0
0
0
4084
1967
0
0
0
0
0
0
2319
1134
0
0
0
0
0
0
3809
2000
0
0
0
0
0
0
1830
3229
0
0
0
0
0
0
559
2176
0
0
0
0
0
0
2165
579
0
0
0
0
0
0
3267
1866
0
0
0
0
0
0
2050
3794
0
0
0
0
0
0
1070
2238
0
0
0
0
0
0
1883
11
0
0
0
0
0
0
2797
1874
0
0
0
0
0
0
2389
259
0
0
0
0
0
0
1492
2157
0
0
0
0
0
0
1495
3564
0
0
0
0
0
0
2428
2023
0
0
0
0
0
0
2820
779
0
0
0
0
0
0
1803
1947
0
0
0
0
0
0
1030
3076
0
0
0
0
0
0
2179
2293
0
0
0
0
0
0
3310
1226
0
0
0
0
0
0
1986
1623
0
0
0
0
0
0
522
2675
0
0
0
0
0
0
2060
2662
0
0
0
0
0
0
3829
1577
0
0
0
0
0
0
2039
1212
0
0
0
0
0
0
5
2380
0
0
0
0
0
0
2074
3104
0
0
0
0
0
0
241
1812
0
0
0
0
0
0
1959
745
0
0
0
0
0
0
3607
2206
0
0
0
0
0
0
2215
3588
0
0
0
0
0
0
711
1923
0
0
0
0
0
0
1760
254
0
0
0
0
0
0
3166
2159
0
0
0
0
0
0
2467
4080
0
0
0
0
0
0
1114
1907
0
0
0
0
0
0
1464
3867
0
0
0
0
0
0
2807
2234
0
0
0
0
0
0
2806
451
0
0
0
0
0
0
1427
1774
0
0
0
0
0
0
1088
3423
0
0
0
0
0
0
2547
2423
0
0
0
0
0
0
3210
868
0
0
0
0
0
0
1633
1536
0
0
0
0
0
0
664
3042
0
0
0
0
0
0
2395
2705
0
0
0
0
0
0
3645
1206
0
0
0
0
0
0
1727
1215
0
0
0
0
0
0
223
2749
0
0
0
0
0
0
2358
3059
0
0
0
0
0
0
4087
1452
0
0
0
0
0
0
1707
834
0
0
0
0
0
0
3886
2556
0
0
0
0
0
0
2431
3459
0
0
0
0
0
0
408
1593
0
0
0
0
0
0
1581
422
0
0
0
0
0
0
3490
2468
0
0
0
0
0
0
2606
3876
0
0
0
0
0
0
776
1625
0
0
0
0
0
0
1365
8
0
0
0
0
0
0
3154
2488
0
0
0
0
0
0
2863
187
0
0
0
0
0
0
1074
1555
0
0
0
0
0
0
1075
3713
0
0
0
0
0
0
2898
2607
0
0
0
0
0
0
3180
556
0
0
0
0
0
0
1286
1390
0
0
0
0
0
0
734
3368
0
0
0
0
0
0
2731
2811
0
0
0
0
0
0
3537
870
0
0
0
0
0
0
1406
1148
0
0
0
0
0
0
369
3092
0
0
0
0
0
0
2659
3085
0
0
0
0
0
0
3905
1108
0
0
0
0
0
0
1431
851
0
0
0
0
0
0
2
2893
0
0
0
0
0
0
2682
3402
0
0
0
0
0
0
168
1263
0
0
0
0
0
0
1361
518
0
0
0
0
0
0
3756
2784
0
0
0
0
0
0
2793
3744
0
0
0
0
0
0
491
1328
0
0
0
0
0
0
1212
173
0
0
0
0
0
0
3455
2762
0
0
0
0
0
0
2977
4084
0
0
0
0
0
0
761
1304
0
0
0
0
0
0
999
3939
0
0
0
0
0
0
3217
2826
0
0
0
0
0
0
3219
306
0
0
0
0
0
0
966
1201
0
0
0
0
0
0
735
3640
0
0
0
0
0
0
3049
2966
0
0
0
0
0
0
3499
582
0
0
0
0
0
0
1096
1030
0
0
0
0
0
0
445
3392
0
0
0
0
0
0
2960
3166
0
0
0
0
0
0
3795
801
0
0
0
0
0
0
1147
806
0
0
0
0
0
0
147
3204
0
0
0
0
0
0
2949
3411
0
0
0
0
0
0
4089
954
0
0
0
0
0
0
1121
548
0
0
0
0
0
0
3958
3086
0
0
0
0
0
0
3009
3679
0
0
0
0
0
0
264
1035
0
0
0
0
0
0
1026
275
0
0
0
0
0
0
3703
3041
0
0
0
0
0
0
3134
3952
0
0
0
0
0
0
498
1044
0
0
0
0
0
0
874
5
0
0
0
0
0
0
3493
3066
0
0
0
0
0
0
3307
117
0
0
0
0
0
0
683
988
0
0
0
0
0
0
681
3852
0
0
0
0
0
0
3338
3154
0
0
0
0
0
0
3518
349
0
0
0
0
0
0
807
873
0
0
0
0
0
0
460
3640
0
0
0
0
0
0
3243
3294
0
0
0
0
0
0
3747
539
0
0
0
0
0
0
870
711
0
0
0
0
0
0
227
3473
0
0
0
0
0
0
3211
3472
0
0
0
0
0
0
3979
679
0
0
0
0
0
0
874
519
0
0
0
0
0
0
0
3362
0
0
0
0
0
0
3237
3673
0
0
0
0
0
0
99
763
0
0
0
0
0
0
820
312
0
0
0
0
0
0
3890
3306
0
0
0
0
0
0
3315
3885
0
0
0
0
0
0
291
791
0
0
0
0
0
0
719
103
0
0
0
0
0
0
3717
3306
0
0
0
0
0
0
3434
4088
0
0
0
0
0
0
445
766
0
0
0
0
0
0
583
4002
0
0
0
0
0
0
3583
3356
0
0
0
0
0
0
3585
177
0
0
0
0
0
0
556
692
0
0
0
0
0
0
424
3832
0
0
0
0
0
0
3495
3448
0
0
0
0
0
0
3753
331
0
0
0
0
0
0
621
583
0
0
0
0
0
0
251
3697
0
0
0
0
0
0
3454
3571
0
0
0
0
0
0
3925
448
0
0
0
0
0
0
639
449
0
0
0
0
0
0
80
3597
0
0
0
0
0
0
3458
3715
0
0
0
0
0
0
4091
526
0
0
0
0
0
0
615
300
0
0
0
0
0
0
4019
3544
0
0
0
0
0
0
3502
3867
0
0
0
0
0
0
141
560
0
0
0
0
0
0
552
147
0
0
0
0
0
0
3884
3530
0
0
0
0
0
0
3581
4019
0
0
0
0
0
0
262
553
0
0
0
0
0
0
461
2
0
0
0
0
0
0
3779
3554
0
0
0
0
0
0
3683
61
0
0
0
0
0
0
353
512
0
0
0
0
0
0
351
3968
0
0
0
0
0
0
3705
3610
0
0
0
0
0
0
3799
177
0
0
0
0
0
0
410
442
0
0
0
0
0
0
231
3863
0
0
0
0
0
0
3665
3691
0
0
0
0
0
0
3920
269
0
0
0
0
0
0
431
353
0
0
0
0
0
0
111
3788
0
0
0
0
0
0
3659
3789
0
0
0
0
0
0
4037
330
0
0
0
0
0
0
423
250
0
0
0
0
0
0
4095
3741
0
0
0
0
0
0
3682
3892
0
0
0
0
0
0
46
362
0
0
0
0
0
0
387
147
0
0
0
0
0
0
3998
3724
0
0
0
0
0
0
3730
3995
0
0
0
0
0
0
134
366
0
0
0
0
0
0
329
45
0
0
0
0
0
0
3921
3733
0
0
0
0
0
0
3794
4090
0
0
0
0
0
0
199
344
0
0
0
0
0
0
260
4054
0
0
0
0
0
0
3868
3767
0
0
0
0
0
0
3869
77
0
0
0
0
0
0
241
300
0
0
0
0
0
0
181
3979
0
0
0
0
0
0
3837
3816
0
0
0
0
0
0
3949
140
0
0
0
0
0
0
261
245
0
0
0
0
0
0
104
3927
0
0
0
0
0
0
3829
3877
0
0
0
0
0
0
4024
183
0
0
0
0
0
0
258
181
0
0
0
0
0
0
32
3895
0
0
0
0
0
0
3840
3943
0
0
0
0
0
0
4093
207
0
0
0
0
0
0
240
116
0
0
0
0
0
0
4063
3880
0
0
0
0
0
0
3866
4006
0
0
0
0
0
0
52
210
0
0
0
0
0
0
207
54
0
0
0
0
0
0
4015
3883
0
0
0
0
0
0
3904
4065
0
0
0
0
0
0
94
200
0
0
0
0
0
0
163
4094
0
0
0
0
0
0
3981
3903
0
0
0
0
0
0
3949
19
0
0
0
0
0
0
121
176
0
0
0
0
0
0
119
4051
0
0
0
0
0
0
3962
3930
0
0
0
0
0
0
3996
58
0
0
0
0
0
0
132
143
0
0
0
0
0
0
74
4019
0
0
0
0
0
0
3956
3965
0
0
0
0
0
0
4038
83
0
0
0
0
0
0
131
108
0
0
0
0
0
0
33
4001
0
0
0
0
0
0
3962
4001
0
0
0
0
0
0
4077
96
0
0
0
0
0
0
122
72
0
0
0
0
0
0
4094
3993
0
0
0
0
0
0
3978
4037
0
0
0
0
0
0
11
97
0
0
0
0
0
0
103
38
0
0
0
0
0
0
4068
3995
0
0
0
0
0
0
3997
4067
0
0
0
0
0
0
32
91
0
0
0
0
0
0
81
8
0
0
0
0
0
0
4050
4005
0
0
0
0
0
0
4022
4093
0
0
0
0
0
0
44
78
0
0
0
0
0
0
58
4085
0
0
0
0
0
0
4044
4021
0
0
0
0
0
0
4044
14
0
0
0
0
0
0
49
61
0
0
0
0
0
0
34
4069
0
0
0
0
0
0
4041
4037
0
0
0
0
0
0
4064
25
0
0
0
0
0
0
47
45
0
0
0
0
0
0
17
4063
0
0
0
0
0
0
4047
4055
0
0
0
0
0
0
4081
28
0
0
0
0
0
0
42
28
0
0
0
0
0
0
3
4061
0
0
0
0
0
0
4054
4070
0
0
0
0
0
0
4093
28
0
0
0
0
0
0
31
14
0
0
0
0
0
0
4090
4065
0
0
0
0
0
0
4064
4083
0
0
0
0
0
0
5
24
0
0
0
0
0
0
22
4
0
0
0
0
0
0
4086
4071
0
0
0
0
0
0
4073
4089
0
0
0
0
0
0
7
18
0
0
0
0
0
0
14
4094
0
0
0
0
0
0
4084
4077
0
0
0
0
0
0
4081
4095
0
0
0
0
0
0
6
11
0
0
0
0
0
0
7
4091
0
0
0
0
0
0
4084
4083
0
0
0
0
0
0
4087
1
0
0
0
0
0
0
6
6
0
0
0
0
0
0
1
4090
0
0
0
0
0
0
4087
4088
0
0
0
0
0
0
4092
1
0
0
0
0
0
0
3
2
0
0
0
0
0
0
4095
4091
0
0
0
0
0
0
4090
4092
0
0
0
0
0
0
4093
1
0
0
0
0
0
0
4095
4095
0
0
0
0
0
0
4092
4092
0
0
0
0
0
0
4092
4093
0
0
0
0
0
0
4093
4095
0
0
0
0
0
0
4095
4095
0
0
0
0
0
0
4092
4092
0
0
0
0
0
0
4093
4093
0
0
0
0
0
0
4093
4095
0
0
0
0
0
0
0
0
0
0
0
0
0
0
0
4095
0
0
0
0
0
0
4095
0
0
0
0
0
0
0
0
4095
0
0
0
0
0
0
0
4095
0
0
0
0
0
0
0
4095
0
0
0
0
0
0
0
4095
0
0
0
0
0
0
0
4095
0
0
0
0
0
0
0
4095
0
0
0
0
0
0
0
4095
0
0
0
0
0
0
0
4095
0
0
0
0
0
0
0
4095
0
0
0
0
0
0
0
4095
0
0
0
0
0
0
0
4095
0
0
0
0
0
0
0
4095
0
0
0
0
0
0
0
4095
0
0
0
0
0
0
0
4095
0
0
0
0
0
0
0
4095
0
0
0
0
0
0
0
4095
0
0
0
0
0
0
0
4095
0
0
0
0
0
0
0
4095
0
0
0
0
0
0
0
4095
0
0
0
0
0
0
0
4095
0
0
0
0
0
0
0
4095
0
0
0
0
0
0
0
4095
0
0
0
0
0
0
0
4095
0
0
0
0
0
0
0
4095
0
0
0
0
0
0
0
4095
0
0
0
0
0
0
0
4095
0
0
0
0
0
0
0
4095
0
0
0
0
0
0
0
4095
0
0
0
0
0
0
0
4095
0
0
0
0
0
0
0
4095
0
0
0
0
0
0
0
4095
0
0
0
0
0
0
0
4095
0
0
0
0
0
0
0
4095
0
0
0
0
0
0
0
4095
0
0
0
0
0
0
0
4095
0
0
0
0
0
0
0
4095
0
0
0
0
0
0
0
4095
0
0
0
0
0
0
0
4095
0
0
0
0
0
0
0
4095
0
0
0
0
0
0
0
4095
0
0
0
0
0
0
0
4095
0
0
0
0
0
0
0
4095
0
0
0
0
0
0
0
4095
0
0
0
0
0
0
0
4095
0
0
0
0
0
0
0
4095
0
0
0
0
0
0
0
4095
0
0
0
0
0
0
0
4095
0
0
0
0
0
0
0
4095
0
0
0
0
0
0
0
4095
0
0
0
0
0
0
0
4095
0
0
0
0
0
0
0
4095
0
0
0
0
0
0
0
4095
0
0
0
0
0
0
0
4095
0
0
0
0
0
0
0
4095
0
0
0
0
0
0
0
4095
0
0
0
0
0
0
0
4095
0
0
0
0
0
0
0
4095
0
0
0
0
0
0
0
4095
0
0
0
0
0
0
0
4095
0
0
0
0
0
0
0
4095
0
0
0
0
0
0
0
4095
0
0
0
0
0
0
0
4095
0
0
0
0
0
0
0
4095
0
0
0
0
0
0
0
4095
0
0
0
0
0
0
0
4095
0
0
0
0
0
0
0
4095
0
0
0
0
0
0
0
4095
0
0
0
0
0
0
0
4095
0
0
0
0
0
0
0
4095
0
0
0
0
0
0
0
4095
0
0
0
0
0
0
0
4095
0
0
0
0
0
0
0
4095
0
0
0
0
0
0
0
4095
0
0
0
0
0
0
0
4095
0
0
0
0
0
0
0
4095
0
0
0
0
0
0
0
4095
0
0
0
0
0
0
0
4095
0
0
0
0
0
0
0
4095
0
0
0
0
0
0
0
4095
0
0
0
0
0
0
0
4095
0
0
0
0
0
0
0
4095
0
0
0
0
0
0
0
4095
0
0
0
0
0
0
0
4095
0
0
0
0
0
0
0
4095
0
0
0
0
0
0
0
4095
0
0
0
0
0
0
0
4095
0
0
0
0
0
0
0
4095
0
0
0
0
0
0
0
4095
0
0
0
0
0
0
0
4095
0
0
0
0
0
0
0
4095
0
0
0
0
0
0
0
4095
0
0
0
0
0
0
0
4095
0
0
0
0
0
0
0
4095
0
0
0
0
0
0
0
4095
0
0
0
0
0
0
0
4095
0
0
0
0
0
0
0
4095
0
0
0
0
0
0
0
4095
0
0
0
0
0
0
0
4095
0
0
0
0
0
0
0
4095
0
0
0
0
0
0
0
4095
0
0
0
0
0
0
0
4095
0
0
0
0
0
0
0
4095
0
0
0
0
0
0
0
4095
0
0
0
0
0
0
0
4095
0
0
0
0
0
0
0
4095
0
0
0
0
0
0
0
4095
0
0
0
0
0
0
0
4095
0
0
0
0
0
0
0
4095
0
0
0
0
0
0
0
4095
0
0
0
0
0
0
0
4095
0
0
0
0
0
0
0
4095
0
0
0
0
0
0
0
4095
0
0
0
0
0
0
0
4095
0
0
0
0
0
0
0
4095
0
0
0
0
0
0
0
4095
0
0
0
0
0
0
0
4095
0
0
0
0
0
0
0
4095
0
0
0
0
0
0
0
4095
0
0
0
0
0
0
0
4095
0
0
0
0
0
0
0
4095
0
0
0
0
0
0
0
4095
0
0
0
0
0
0
0
4095
0
0
0
0
0
0
0
4095
0
0
0
0
0
0
0
4095
0
0
0
0
0
0
0
4095
0
0
0
0
0
0
0
4095
0
0
0
0
0
0
0
4095
0
0
0
0
0
0
0
4095
0
0
0
0
0
0
0
4095
0
0
0
0
0
0
0
4095
0
0
0
0
0
0
0
4095
0
0
0
0
0
0
0
4095
0
0
0
0
0
0
0
4095
0
0
0
0
0
0
0
4095
0
0
0
0
0
0
0
4095
0
0
0
0
0
0
0
4095
0
0
0
0
0
0
0
4095
0
0
0
0
0
0
0
4095
0
0
0
0
0
0
0
4095
0
0
0
0
0
0
0
4095
0
0
0
0
0
0
0
4095
0
0
0
0
0
0
0
4095
0
0
0
0
0
0
0
4095
0
0
0
0
0
0
0
4095
0
0
0
0
0
0
0
4095
0
0
0
0
0
0
0
4095
0
0
0
0
0
0
0
4095
0
0
0
0
0
0
0
4095
0
0
0
0
0
0
0
4095
0
0
0
0
0
0
0
4095
0
0
0
0
0
0
0
4095
0
0
0
0
0
0
0
4095
0
0
0
0
0
0
0
4095
0
0
0
0
0
0
0
4095
0
0
0
0
0
0
0
4095
0
0
0
0
0
0
0
4095
0
0
0
0
0
0
0
4095
0
0
0
0
0
0
0
4095
0
0
0
0
0
0
0
4095
0
0
0
0
0
0
0
4095
0
0
0
0
0
0
0
4095
0
0
0
0
0
0
0
4095
0
0
0
0
0
0
0
4095
0
0
0
0
0
0
0
4095
0
0
0
0
0
0
0
4095
0
0
0
0
0
0
0
4095
0
0
0
0
0
0
0
4095
0
0
0
0
0
0
0
4095
0
0
0
0
0
0
0
4095
0
0
0
0
0
0
0
4095
0
0
0
0
0
0
0
4095
0
0
0
0
0
0
0
4095
0
0
0
0
0
0
0
4095
0
0
0
0
0
0
0
4095
0
0
0
0
0
0
0
4095
0
0
0
0
0
0
0
4095
0
0
0
0
0
0
0
4095
0
0
0
0
0
0
0
4095
0
0
0
0
0
0
0
4095
0
0
0
0
0
0
0
4095
0
0
0
0
0
0
0
4095
0
0
0
0
0
0
0
4095
0
0
0
0
0
0
0
4095
0
0
0
0
0
0
0
4095
0
0
0
0
0
0
0
4095
0
0
0
0
0
0
0
4095
0
0
0
0
0
0
0
4095
0
0
0
0
0
0
0
4095
0
0
0
0
0
0
0
4095
0
0
0
0
0
0
0
4095
0
0
0
0
0
0
0
4095
0
0
0
0
0
0
0
4095
0
0
0
0
0
0
0
4095
0
0
0
0
0
0
0
4095
0
0
0
0
0
0
0
4095
0
0
0
0
0
0
0
4095
0
0
0
0
0
0
0
4095
0
0
0
0
0
0
0
4095
0
0
0
0
0
0
0
4095
0
0
0
0
0
0
0
4095
0
0
0
0
0
0
0
4095
0
0
0
0
0
0
0
4095
0
0
0
0
0
0
0
4095
0
0
0
0
0
0
0
4095
0
0
0
0
0
0
0
4095
0
0
0
0
0
0
0
4095
0
0
0
0
0
0
0
4095
0
0
0
0
0
0
0
4095
0
0
0
0
0
0
0
4095
0
0
0
0
0
0
0
4095
0
0
0
0
0
0
0
4095
0
0
0
0
0
0
0
4095
0
0
0
0
0
0
0
4095
0
0
0
0
0
0
0
4095
0
0
0
0
0
0
0
4095
0
0
0
0
0
0
0
4095
0
0
0
0
0
0
0
4095
0
0
0
0
0
0
0
4095
0
0
0
0
0
0
0
4095
0
0
0
0
0
0
0
4095
0
0
0
0
0
0
0
4095
0
0
0
0
0
0
0
4095
0
0
0
0
0
0
0
4095
0
0
0
0
0
0
0
4095
0
0
0
0
0
0
0
4095
0
0
0
0
0
0
0
4095
0
0
0
0
0
0
0
4095
0
0
0
0
0
0
0
4095
0
0
0
0
0
0
0
4095
0
0
0
0
0
0
0
4095
0
0
0
0
0
0
0
4095
0
0
0
0
0
0
0
4095
0
0
0
0
0
0
0
4095
0
0
0
0
0
0
0
4095
0
0
0
0
0
0
0
4095
0
0
0
0
0
0
0
4095
0
0
0
0
0
0
0
4095
0
0
0
0
0
0
0
4095
0
0
0
0
0
0
0
4095
0
0
0
0
0
0
0
4095
0
0
0
0
0
0
0
4095
0
0
0
0
0
0
0
4095
0
0
0
0
0
0
0
4095
0
0
0
0
0
0
0
4095
0
0
0
0
0
0
0
4095
0
0
0
0
0
0
0
4095
0
0
0
0
0
0
0
4095
0
0
0
0
0
0
0
4095
0
0
0
0
0
0
0
4095
0
0
0
0
0
0
0
4095
0
0
0
0
0
0
0
4095
0
0
0
0
0
0
0
4095
0
0
0
0
0
0
0
4095
0
0
0
0
0
0
0
4095
0
0
0
0
0
0
0
4095
0
0
0
0
0
0
0
4095
0
0
0
0
0
0
0
4095
0
0
0
0
0
0
0
4095
0
0
0
0
0
0
0
4095
0
0
0
0
0
0
0
4095
0
0
0
0
0
0
0
4095
0
0
0
0
0
0
0
4095
0
0
0
0
0
0
0
4095
0
0
0
0
0
0
0
4095
0
0
0
0
0
0
0
4095
0
0
0
0
0
0
0
4095
0
0
0
0
0
0
0
4095
0
0
0
0
0
0
0
4095
0
0
0
0
0
0
0
4095
0
0
0
0
0
0
0
4095
0
0
0
0
0
0
0
4095
0
0
0
0
0
0
0
4095
0
0
0
0
0
0
0
4095
0
0
0
0
0
0
0
4095
0
0
0
0
0
0
0
4095
0
0
0
0
0
0
0
4095
0
0
0
0
0
0
0
4095
0
0
0
0
0
0
0
4095
0
0
0
0
0
0
0
4095
0
0
0
0
0
0
0
4095
0
0
0
0
0
0
0
4095
0
0
0
0
0
0
0
4095
0
0
0
0
0
0
0
4095
0
0
0
0
0
0
0
4095
0
0
0
0
0
0
0
4095
0
0
0
0
0
0
0
4095
0
0
0
0
0
0
0
4095
0
0
0
0
0
0
0
4095
0
0
0
0
0
0
0
4095
0
0
0
0
0
0
0
4095
0
0
0
0
0
0
0
4095
0
0
0
0
0
0
0
4095
0
0
0
0
0
0
0
4095
0
0
0
0
0
0
0
4095
0
0
0
0
0
0
0
4095
0
0
0
0
0
0
0
4095
0
0
0
0
0
0
0
4095
0
0
0
0
0
0
0
4095
0
0
0
0
0
0
0
4095
0
0
0
0
0
0
0
4095
0
0
0
0
0
0
0
4095
0
0
0
0
0
0
0
4095
0
0
0
0
0
0
0
4095
0
0
0
0
0
0
0
4095
0
0
0
0
0
0
0
4095
0
0
0
0
0
0
0
4095
0
0
0
0
0
0
0
4095
0
0
0
0
0
0
0
4095
0
0
0
0
0
0
0
4095
0
0
0
0
0
0
0
4095
0
0
0
0
0
0
0
4095
0
0
0
0
0
0
0
4095
0
0
0
0
0
0
0
4095
0
0
0
0
0
0
0
4095
0
0
0
0
0
0
0
4095
0
0
0
0
0
0
0
4095
0
0
0
0
0
0
0
4095
0
0
0
0
0
0
0
4095
0
0
0
0
0
0
0
4095
0
0
0
0
0
0
0
4095
0
0
0
0
0
0
0
4095
0
0
0
0
0
0
0
4095
0
0
0
0
0
0
0
4095
0
0
0
0
0
0
0
4095
0
0
0
0
0
0
0
4095
0
0
0
0
0
0
0
4095
0
0
0
0
0
0
0
4095
0
0
0
0
0
0
0
4095
0
0
0
0
0
0
0
4095
0
0
0
0
0
0
0
4095
0
0
0
0
0
0
0
4095
0
0
0
0
0
0
0
4095
0
0
0
0
0
0
0
4095
0
0
0
0
0
0
0
4095
0
0
0
0
0
0
0
4095
0
0
0
0
0
0
0
4095
0
0
0
0
0
0
0
4095
0
0
0
0
0
0
0
4095
0
0
0
0
0
0
0
4095
0
0
0
0
0
0
0
4095
0
0
0
0
0
0
0
4095
0
0
0
0
0
0
0
4095
0
0
0
0
0
0
0
4095
0
0
0
0
0
0
0
4095
0
0
0
0
0
0
0
4095
0
0
0
0
0
0
0
4095
0
0
0
0
0
0
0
4095
0
0
0
0
0
0
0
4095
0
0
0
0
0
0
0
4095
0
0
0
0
0
0
0
4095
0
0
0
0
0
0
0
4095
0
0
0
0
0
0
0
4095
0
0
0
0
0
0
0
4095
0
0
0
0
0
0
0
4095
0
0
0
0
0
0
0
4095
0
0
0
0
0
0
0
4095
0
0
0
0
0
0
0
4095
0
0
0
0
0
0
0
4095
0
0
0
0
0
0
0
4095
0
0
0
0
0
0
0
4095
0
0
0
0
0
0
0
4095
0
0
0
0
0
0
0
4095
0
0
0
0
0
0
0
4095
0
0
0
0
0
0
0
4095
0
0
0
0
0
0
0
4095
0
0
0
0
0
0
0
4095
0
0
0
0
0
0
0
4095
0
0
0
0
0
0
0
4095
0
0
0
0
0
0
0
4095
0
0
0
0
0
0
0
4095
0
0
0
0
0
0
0
4095
0
0
0
0
0
0
0
4095
0
0
0
0
0
0
0
4095
0
0
0
0
0
0
0
4095
0
0
0
0
0
0
0
4095
0
0
0
0
0
0
0
4095
0
0
0
0
0
0
0
4095
0
0
0
0
0
0
0
4095
0
0
0
0
0
0
0
4095
0
0
0
0
0
0
0
4095
0
0
0
0
0
0
0
4095
0
0
0
0
0
0
0
4095
0
0
0
0
0
0
0
4095
0
0
0
0
0
0
0
4095
0
0
0
0
0
0
0
4095
0
0
0
0
0
0
0
4095
0
0
0
0
0
0
0
4095
0
0
0
0
0
0
0
4095
0
0
0
0
0
0
0
4095
0
0
0
0
0
0
0
4095
0
0
0
0
0
0
0
4095
0
0
0
0
0
0
0
4095
0
0
0
0
0
0
0
4095
0
0
0
0
0
0
0
4095
0
0
0
0
0
0
0
4095
0
0
0
0
0
0
0
4095
0
0
0
0
0
0
0
4095
0
0
0
0
0
0
0
4095
0
0
0
0
0
0
0
4095
0
0
0
0
0
0
0
4095
0
0
0
0
0
0
0
4095
0
0
0
0
0
0
0
4095
0
0
0
0
0
0
0
4095
0
0
0
0
0
0
0
4095
0
0
0
0
0
0
0
4095
0
0
0
0
0
0
0
4095
0
0
0
0
0
0
0
4095
0
0
0
0
0
0
0
4095
0
0
0
0
0
0
0
4095
0
0
0
0
0
0
0
4095
0
0
0
0
0
0
0
4095
0
0
0
0
0
0
0
4095
0
0
0
0
0
0
0
4095
0
0
0
0
0
0
0
4095
0
0
0
0
0
0
0
4095
0
0
0
0
0
0
0
4095
0
0
0
0
0
0
0
4095
0
0
0
0
0
0
0
4095
0
0
0
0
0
0
0
4095
0
0
0
0
0
0
0
4095
0
0
0
0
0
0
0
4095
0
0
0
0
0
0
0
4095
0
0
0
0
0
0
0
4095
0
0
0
0
0
0
0
4095
0
0
0
0
0
0
0
4095
0
0
0
0
0
0
0
4095
0
0
0
0
0
0
0
4095
0
0
0
0
0
0
0
4095
0
0
0
0
0
0
0
4095
0
0
0
0
0
0
0
4095
0
0
0
0
0
0
0
4095
0
0
0
0
0
0
0
4095
0
0
0
0
0
0
0
4095
0
0
0
0
0
0
0
4095
0
0
0
0
0
0
0
4095
0
0
0
0
0
0
0
4095
0
0
0
0
0
0
0
4095
0
0
0
0
0
0
0
4095
0
0
0
0
0
0
0
4095
0
0
0
0
0
0
0
4095
0
0
0
0
0
0
0
4095
0
0
0
0
0
0
0
4095
0
0
0
0
0
0
0
4095
0
0
0
0
0
0
0
4095
0
0
0
0
0
0
0
4095
0
0
0
0
0
0
0
4095
0
0
0
0
0
0
0
4095
0
0
0
0
0
0
0
4095
0
0
0
0
0
0
0
4095
0
0
0
0
0
0
0
4095
0
0
0
0
0
0
0
4095
0
0
0
0
0
0
0
4095
0
0
0
0
0
0
0
4095
0
0
0
0
0
0
0
4095
0
0
0
0
0
0
0
4095
0
0
0
0
0
0
0
4095
0
0
0
0
0
0
0
4095
0
0
0
0
0
0
0
4095
0
0
0
0
0
0
0
4095
0
0
0
0
0
0
0
4095
0
0
0
0
0
0
0
4095
0
0
0
0
0
0
0
4095
0
0
0
0
0
0
0
4095
0
0
0
0
0
0
0
4095
0
0
0
0
0
0
0
4095
0
0
0
0
0
0
0
4095
0
0
0
0
0
0
0
4095
0
0
0
0
0
0
0
4095
0
0
0
0
0
0
0
4095
0
0
0
0
0
0
0
4095
0
0
0
0
0
0
0
4095
0
0
0
0
0
0
0
4095
0
0
0
0
0
0
0
4095
0
0
0
0
0
0
0
4095
0
0
0
0
0
0
0
4095
0
0
0
0
0
0
0
4095
0
0
0
0
0
0
0
4095
0
0
0
0
0
0
0
4095
0
0
0
0
0
0
0
4095
0
0
0
0
0
0
0
4095
0
0
0
0
0
0
0
4095
0
0
0
0
0
0
0
4095
0
0
0
0
0
0
0
4095
0
0
0
0
0
0
0
4095
0
0
0
0
0
0
0
4095
0
0
0
0
0
0
0
4095
0
0
0
0
0
0
0
4095
0
0
0
0
0
0
0
4095
0
0
0
0
0
0
0
4095
0
0
0
0
0
0
0
4095
0
0
0
0
0
0
0
4095
0
0
0
0
0
0
0
4095
0
0
0
0
0
0
0
4095
0
0
0
0
0
0
0
4095
0
0
0
0
0
0
0
4095
0
0
0
0
0
0
0
4095
0
0
0
0
0
0
0
4095
0
0
0
0
0
0
0
4095
0
0
0
0
0
0
0
4095
0
0
0
0
0
0
0
4095
0
0
0
0
0
0
0
4095
0
0
0
0
0
0
0
4095
0
0
0
0
0
0
0
4095
0
0
0
0
0
0
0
4095
0
0
0
0
0
0
0
4095
0
0
0
0
0
0
0
4095
0
0
0
0
0
0
0
4095
0
0
0
0
0
0
0
4095
0
0
0
0
0
0
0
4095
0
0
0
0
0
0
0
4095
0
0
0
0
0
0
0
4095
0
0
0
0
0
0
0
4095
0
0
0
0
0
0
0
4095
0
0
0
0
0
0
0
4095
0
0
0
0
0
0
0
4095
0
0
0
0
0
0
0
4095
0
0
0
0
0
0
0
4095
0
0
0
0
0
0
0
4095
0
0
0
0
0
0
0
4095
0
0
0
0
0
0
0
4095
0
0
0
0
0
0
0
4095
0
0
0
0
0
0
0
4095
0
0
0
0
0
0
0
4095
0
0
0
0
0
0
0
4095
0
0
0
0
0
0
0
4095
0
0
0
0
0
0
0
4095
0
0
0
0
0
0
0
4095
0
0
0
0
0
0
0
4095
0
0
0
0
0
0
0
4095
0
0
0
0
0
0
0
4095
0
0
0
0
0
0
0
4095
0
0
0
0
0
0
0
4095
0
0
0
0
0
0
0
4095
0
0
0
0
0
0
0
4095
0
0
0
0
0
0
0
4095
0
0
0
0
0
0
0
4095
0
0
0
0
0
0
0
4095
0
0
0
0
0
0
0
4095
0
0
0
0
0
0
0
4095
0
0
0
0
0
0
0
4095
0
0
0
0
0
0
0
4095
0
0
0
0
0
0
0
4095
0
0
0
0
0
0
0
4095
0
0
0
0
0
0
0
4095
0
0
0
0
0
0
0
4095
0
0
0
0
0
0
0
4095
0
0
0
0
0
0
0
4095
0
0
0
0
0
0
0
4095
0
0
0
0
0
0
0
4095
0
0
0
0
0
0
0
4095
0
0
0
0
0
0
0
4095
0
0
0
0
0
0
0
4095
0
0
0
0
0
0
0
4095
0
0
0
0
0
0
0
4095
0
0
0
0
0
0
0
4095
0
0
0
0
0
0
0
4095
0
0
0
0
0
0
0
4095
0
0
0
0
0
0
0
4095
0
0
0
0
0
0
0
4095
0
0
0
0
0
0
0
4095
0
0
0
0
0
0
0
4095
0
0
0
0
0
0
0
4095
0
0
0
0
0
0
0
4095
0
0
0
0
0
0
0
4095
0
0
0
0
0
0
0
4095
0
0
0
0
0
0
0
4095
0
0
0
0
0
0
0
4095
0
0
0
0
0
0
0
4095
0
0
0
0
0
0
0
4095
0
0
0
0
0
0
0
4095
0
0
0
0
0
0
0
4095
0
0
0
0
0
0
0
4095
0
0
0
0
0
0
0
4095
0
0
0
0
0
0
0
4095
0
0
0
0
0
0
0
4095
0
0
0
0
0
0
0
4095
0
0
0
0
0
0
0
4095
0
0
0
0
0
0
0
4095
0
0
0
0
0
0
0
4095
0
0
0
0
0
0
0
4095
0
0
0
0
0
0
0
4095
0
0
0
0
0
0
0
4095
0
0
0
0
0
0
0
4095
0
0
0
0
0
0
0
4095
0
0
0
0
0
0
0
4095
0
0
0
0
0
0
0
4095
0
0
0
0
0
0
0
4095
0
0
0
0
0
0
0
4095
0
0
0
0
0
0
0
4095
0
0
0
0
0
0
0
4095
0
0
0
0
0
0
0
4095
0
0
0
0
0
0
0
4095
0
0
0
0
0
0
0
4095
0
0
0
0
0
0
0
4095
0
0
0
0
0
0
0
4095
0
0
0
0
0
0
0
4095
0
0
0
0
0
0
0
4095
0
0
0
0
0
0
0
4095
0
0
0
0
0
0
0
4095
0
0
0
0
0
0
0
4095
0
0
0
0
0
0
0
4095
0
0
0
0
0
0
0
4095
0
0
0
0
0
0
0
4095
0
0
0
0
0
0
0
4095
0
0
0
0
0
0
0
4095
0
0
0
0
0
0
0
4095
0
0
0
0
0
0
0
4095
0
0
0
0
0
0
0
4095
0
0
0
0
0
0
0
4095
0
0
0
0
0
0
0
4095
0
0
0
0
0
0
0
4095
0
0
0
0
0
0
0
4095
0
0
0
0
0
0
0
4095
0
0
0
0
0
0
0
4095
0
0
0
0
0
0
0
4095
0
0
0
0
0
0
0
4095
0
0
0
0
0
0
0
4095
0
0
0
0
0
0
0
4095
0
0
0
0
0
0
0
4095
0
0
0
0
0
0
0
4095
0
0
0
0
0
0
0
4095
0
0
0
0
0
0
0
4095
0
0
0
0
0
0
0
4095
0
0
0
0
0
0
0
4095
0
0
0
0
0
0
0
4095
0
0
0
0
0
0
0
4095
0
0
0
0
0
0
0
4095
0
0
0
0
0
0
0
4095
0
0
0
0
0
0
0
4095
0
0
0
0
0
0
0
4095
0
0
0
0
0
0
0
4095
0
0
0
0
0
0
0
4095
0
0
0
0
0
0
0
4095
0
0
0
0
0
0
0
4095
0
0
0
0
0
0
0
4095
0
0
0
0
0
0
0
4095
0
0
0
0
0
0
0
4095
0
0
0
0
0
0
0
4095
0
0
0
0
0
0
0
4095
0
0
0
0
0
0
0
4095
0
0
0
0
0
0
0
4095
0
0
0
0
0
0
0
4095
0
0
0
0
0
0
0
4095
0
0
0
0
0
0
0
4095
0
0
0
0
0
0
0
4095
0
0
0
0
0
0
0
4095
0
0
0
0
0
0
0
4095
0
0
0
0
0
0
0
4095
0
0
0
0
0
0
0
4095
0
0
0
0
0
0
0
4095
0
0
0
0
0
0
0
4095
0
0
0
0
0
0
0
4095
0
0
0
0
0
0
0
4095
0
0
0
0
0
0
0
4095
0
0
0
0
0
0
0
4095
0
0
0
0
0
0
0
4095
0
0
0
0
0
0
0
4095
0
0
0
0
0
0
0
4095
0
0
0
0
0
0
0
4095
0
0
0
0
0
0
0
4095
0
0
0
0
0
0
0
4095
0
0
0
0
0
0
0
4095
0
0
0
0
0
0
0
4095
0
0
0
0
0
0
0
4095
0
0
0
0
0
0
0
4095
0
0
0
0
0
0
0
4095
0
0
0
0
0
0
0
4095
0
0
0
0
0
0
0
4095
0
0
0
0
0
0
0
4095
0
0
0
0
0
0
0
4095
0
0
0
0
0
0
0
4095
0
0
0
0
0
0
0
4095
0
0
0
0
0
0
0
4095
0
0
0
0
0
0
0
4095
0
0
0
0
0
0
0
4095
0
0
0
0
0
0
0
4095
0
0
0
0
0
0
0
4095
0
0
0
0
0
0
0
4095
0
0
0
0
0
0
0
4095
0
0
0
0
0
0
0
4095
0
0
0
0
0
0
0
4095
0
0
0
0
0
0
0
4095
0
0
0
0
0
0
0
4095
0
0
0
0
0
0
0
4095
0
0
0
0
0
0
0
4095
0
0
0
0
0
0
0
4095
0
0
0
0
0
0
0
4095
0
0
0
0
0
0
0
4095
0
0
0
0
0
0
0
4095
0
0
0
0
0
0
0
4095
0
0
0
0
0
0
0
4095
0
0
0
0
0
0
0
4095
0
0
0
0
0
0
0
4095
0
0
0
0
0
0
0
4095
0
0
0
0
0
0
0
4095
0
0
0
0
0
0
0
4095
0
0
0
0
0
0
0
4095
0
0
0
0
0
0
0
4095
0
0
0
0
0
0
0
4095
0
0
0
0
0
0
0
4095
0
0
0
0
0
0
0
4095
0
0
0
0
0
0
0
4095
0
0
0
0
0
0
0
4095
0
0
0
0
0
0
0
4095
0
0
0
0
0
0
0
4095
0
0
0
0
0
0
0
4095
0
0
0
0
0
0
0
4095
0
0
0
0
0
0
0
4095
0
0
0
0
0
0
0
4095
0
0
0
0
0
0
0
4095
0
0
0
0
0
0
0
4095
0
0
0
0
0
0
0
4095
0
0
0
0
0
0
0
4095
0
0
0
0
0
0
0
4095
0
0
0
0
0
0
0
4095
0
0
0
0
0
0
0
4095
0
0
0
0
0
0
0
4095
0
0
0
0
0
0
0
4095
0
0
0
0
0
0
0
4095
0
0
0
0
0
0
0
4095
0
0
0
0
0
0
0
4095
0
0
0
0
0
0
0
4095
0
0
0
0
0
0
0
4095
0
0
0
0
0
0
0
4095
0
0
0
0
0
0
0
4095
0
0
0
0
0
0
0
4095
0
0
0
0
0
0
0
4095
0
0
0
0
0
0
0
4095
0
0
0
0
0
0
0
4095
0
0
0
0
0
0
0
4095
0
0
0
0
0
0
0
4095
0
0
0
0
0
0
0
4095
0
0
0
0
0
0
0
4095
0
0
0
0
0
0
0
4095
0
0
0
0
0
0
0
4095
0
0
0
0
0
0
0
4095
0
0
0
0
0
0
0
4095
0
0
0
0
0
0
0
4095
0
0
0
0
0
0
0
4095
0
0
0
0
0
0
0
4095
0
0
0
0
0
0
0
4095
0
0
0
0
0
0
0
4095
0
0
0
0
0
0
0
4095
0
0
0
0
0
0
0
4095
0
0
0
0
0
0
0
4095
0
0
0
0
0
0
0
4095
0
0
0
0
0
0
0
4095
0
0
0
0
0
0
0
4095
0
0
0
0
0
0
0
4095
0
0
0
0
0
0
0
4095
0
0
0
0
0
0
0
4095
0
0
0
0
0
0
0
4095
0
0
0
0
0
0
0
4095
0
0
0
0
0
0
0
4095
0
0
0
0
0
0
0
4095
0
0
0
0
0
0
0
4095
0
0
0
0
0
0
0
4095
0
0
0
0
0
0
0
4095
0
0
0
0
0
0
0
4095
0
0
0
0
0
0
0
4095
0
0
0
0
0
0
0
4095
0
0
0
0
0
0
0
4095
0
0
0
0
0
0
0
4095
0
0
0
0
0
0
0
4095
0
0
0
0
0
0
0
4095
0
0
0
0
0
0
0
4095
0
0
0
0
0
0
0
4095
0
0
0
0
0
0
0
4095
0
0
0
0
0
0
0
4095
0
0
0
0
0
0
0
4095
0
0
0
0
0
0
0
4095
0
0
0
0
0
0
0
4095
0
0
0
0
0
0
0
4095
0
0
0
0
0
0
0
4095
0
0
0
0
0
0
0
4095
0
0
0
0
0
0
0
4095
0
0
0
0
0
0
0
4095
0
0
0
0
0
0
0
4095
0
0
0
0
0
0
0
4095
0
0
0
0
0
0
0
4095
0
0
0
0
0
0
0
4095
0
0
0
0
0
0
0
4095
0
0
0
0
0
0
0
4095
0
0
0
0
0
0
0
4095
0
0
0
0
0
0
0
4095
0
0
0
0
0
0
0
4095
0
0
0
0
0
0
0
4095
0
0
0
0
0
0
0
4095
0
0
0
0
0
0
0
4095
0
0
0
0
0
0
0
4095
0
0
0
0
0
0
0
4095
0
0
0
0
0
0
0
4095
0
0
0
0
0
0
0
4095
0
0
0
0
0
0
0
4095
0
0
0
0
0
0
0
4095
0
0
0
0
0
0
0
4095
0
0
0
0
0
0
0
4095
0
0
0
0
0
0
0
4095
0
0
0
0
0
0
0
4095
0
0
0
0
0
0
0
4095
0
0
0
0
0
0
0
4095
0
0
0
0
0
0
0
4095
0
0
0
0
0
0
0
4095
0
0
0
0
0
0
0
4095
0
0
0
0
0
0
0
4095
0
0
0
0
0
0
0
4095
0
0
0
0
0
0
0
4095
0
0
0
0
0
0
0
4095
0
0
0
0
0
0
0
4095
0
0
0
0
0
0
0
4095
0
0
0
0
0
0
0
4095
0
0
0
0
0
0
0
4095
0
0
0
0
0
0
0
4095
0
0
0
0
0
0
0
4095
0
0
0
0
0
0
0
4095
0
0
0
0
0
0
0
4095
0
0
0
0
0
0
0
4095
0
0
0
0
0
0
0
4095
0
0
0
0
0
0
0
4095
0
0
0
0
0
0
0
4095
0
0
0
0
0
0
0
4095
0
0
0
0
0
0
0
4095
0
0
0
0
0
0
0
4095
0
0
0
0
0
0
0
4095
0
0
0
0
0
0
0
4095
0
0
0
0
0
0
0
4095
0
0
0
0
0
0
0
4095
0
0
0
0
0
0
0
4095
0
0
0
0
0
0
0
4095
0
0
0
0
0
0
0
4095
0
0
0
0
0
0
0
4095
0
0
0
0
0
0
0
4095
0
0
0
0
0
0
0
4095
0
0
0
0
0
0
0
4095
0
0
0
0
0
0
0
4095
0
0
0
0
0
0
0
4095
0
0
0
0
0
0
0
4095
0
0
0
0
0
0
0
4095
0
0
0
0
0
0
0
4095
0
0
0
0
0
0
0
4095
0
0
0
0
0
0
0
4095
0
0
0
0
0
0
0
4095
0
0
0
0
0
0
0
4095
0
0
0
0
0
0
0
4095
0
0
0
0
0
0
0
4095
0
0
0
0
0
0
0
4095
0
0
0
0
0
0
0
4095
0
0
0
0
0
0
0
4095
0
0
0
0
0
0
0
4095
0
0
0
0
0
0
0
4095
0
0
0
0
0
0
0
4095
0
0
0
0
0
0
0
4095
0
0
0
0
0
0
0
4095
0
0
0
0
0
0
0
4095
0
0
0
0
0
0
0
4095
0
0
0
0
0
0
0
4095
0
0
0
0
0
0
0
4095
0
0
0
0
0
0
0
4095
0
0
0
0
0
0
0
4095
0
0
0
0
0
0
0
4095
0
0
0
0
0
0
0
4095
0
0
0
0
0
0
0
4095
0
0
0
0
0
0
0
4095
0
0
0
0
0
0
0
4095
0
0
0
0
0
0
0
4095
0
0
0
0
0
0
0
4095
0
0
0
0
0
0
0
4095
0
0
0
0
0
0
0
4095
0
0
0
0
0
0
0
4095
0
0
0
0
0
0
0
4095
0
0
0
0
0
0
0
4095
0
0
0
0
0
0
0
4095
0
0
0
0
0
0
0
4095
0
0
0
0
0
0
0
4095
0
0
0
0
0
0
0
4095
0
0
0
0
0
0
0
4095
0
0
0
0
0
0
0
4095
0
0
0
0
0
0
0
4095
0
0
0
0
0
0
0
4095
0
0
0
0
0
0
0
4095
0
0
0
0
0
0
0
4095
0
0
0
0
0
0
0
4095
0
0
0
0
0
0
0
4095
0
0
0
0
0
0
0
4095
0
0
0
0
0
0
0
4095
0
0
0
0
0
0
0
4095
0
0
0
0
0
0
0
4095
0
0
0
0
0
0
0
4095
0
0
0
0
0
0
0
4095
0
0
0
0
0
0
0
4095
0
0
0
0
0
0
0
4095
0
0
0
0
0
0
0
4095
0
0
0
0
0
0
0
4095
0
0
0
0
0
0
0
4095
0
0
0
0
0
0
0
4095
0
0
0
0
0
0
0
4095
0
0
0
0
0
0
0
4095
0
0
0
0
0
0
0
4095
0
0
0
0
0
0
0
4095
0
0
0
0
0
0
0
4095
0
0
0
0
0
0
0
4095
0
0
0
0
0
0
0
4095
0
0
0
0
0
0
0
4095
0
0
0
0
0
0
0
4095
0
0
0
0
0
0
0
4095
0
0
0
0
0
0
0
4095
0
0
0
0
0
0
0
4095
0
0
0
0
0
0
0
4095
0
0
0
0
0
0
0
4095
0
0
0
0
0
0
0
4095
0
0
0
0
0
0
0
4095
0
0
0
0
0
0
0
4095
0
0
0
0
0
0
0
4095
0
0
0
0
0
0
0
4095
0
0
0
0
0
0
0
4095
0
0
0
0
0
0
0
4095
0
0
0
0
0
0
0
4095
0
0
0
0
0
0
0
4095
0
0
0
0
0
0
0
4095
0
0
0
0
0
0
0
4095
0
0
0
0
0
0
0
4095
0
0
0
0
0
0
0
4095
0
0
0
0
0
0
0
4095
0
0
0
0
0
0
0
4095
0
0
0
0
0
0
0
4095
0
0
0
0
0
0
0
4095
0
0
0
0
0
0
0
4095
0
0
0
0
0
0
0
4095
0
0
0
0
0
0
0
4095
0
0
0
0
0
0
0
4095
0
0
0
0
0
0
0
4095
0
0
0
0
0
0
0
4095
0
0
0
0
0
0
0
4095
0
0
0
0
0
0
0
4095
0
0
0
0
0
0
0
4095
0
0
0
0
0
0
0
4095
0
0
0
0
0
0
0
4095
0
0
0
0
0
0
0
4095
0
0
0
0
0
0
0
4095
0
0
0
0
0
0
0
4095
0
0
0
0
0
0
0
4095
0
0
0
0
0
0
0
4095
0
0
0
0
0
0
0
4095
0
0
0
0
0
0
0
4095
0
0
0
0
0
0
0
4095
0
0
0
0
0
0
0
4095
0
0
0
0
0
0
0
4095
0
0
0
0
0
0
0
4095
0
0
0
0
0
0
0
4095
0
0
0
0
0
0
0
4095
0
0
0
0
0
0
0
4095
0
0
0
0
0
0
0
4095
0
0
0
0
0
0
0
4095
0
0
0
0
0
0
0
4095
0
0
0
0
0
0
0
4095
0
0
0
0
0
0
0
4095
0
0
0
0
0
0
0
4095
0
0
0
0
0
0
0
4095
0
0
0
0
0
0
0
4095
0
0
0
0
0
0
0
4095
0
0
0
0
0
0
0
4095
0
0
0
0
0
0
0
4095
0
0
0
0
0
0
0
4095
0
0
0
0
0
0
0
4095
0
0
0
0
0
0
0
4095
0
0
0
0
0
0
0
4095
0
0
0
0
0
0
0
4095
0
0
0
0
0
0
0
4095
0
0
0
0
0
0
0
4095
0
0
0
0
0
0
0
4095
0
0
0
0
0
0
0
4095
0
0
0
0
0
0
0
4095
0
0
0
0
0
0
0
4095
0
0
0
0
0
0
0
4095
0
0
0
0
0
0
0
4095
0
0
0
0
0
0
0
4095
0
0
0
0
0
0
0
4095
0
0
0
0
0
0
0
4095
0
0
0
0
0
0
