0
4095
0
0
0
0
0
0
0
4095
0
0
0
0
0
0
0
4095
0
0
0
0
0
0
0
4095
0
0
0
0
0
0
0
4095
0
0
0
0
0
0
0
4095
0
0
0
0
0
0
0
4095
0
0
0
0
0
0
0
4095
0
0
0
0
0
0
0
4095
0
0
0
0
0
0
0
4095
0
0
0
0
0
0
0
4095
0
0
0
0
0
0
0
4095
0
0
0
0
0
0
0
4095
0
0
0
0
0
0
0
4095
0
0
0
0
0
0
0
4095
0
0
0
0
0
0
0
4095
0
0
0
0
0
0
0
4095
0
0
0
0
0
0
0
4095
0
0
0
0
0
0
0
4095
0
0
0
0
0
0
0
4095
0
0
0
0
0
0
0
4095
0
0
0
0
0
0
0
4095
0
0
0
0
0
0
0
4095
0
0
0
0
0
0
4094
4092
0
0
0
0
0
0
4092
4092
0
0
0
0
0
0
0
0
0
0
0
0
0
0
4095
0
0
0
0
0
0
0
4092
4092
0
0
0
0
0
0
4094
4095
0
0
0
0
0
0
4095
4095
0
0
0
0
0
0
4091
4091
0
0
0
0
0
0
4091
4091
0
0
0
0
0
0
2
2
0
0
0
0
0
0
4094
4092
0
0
0
0
0
0
4087
4088
0
0
0
0
0
0
2
3
0
0
0
0
0
0
3
1
0
0
0
0
0
0
4083
4083
0
0
0
0
0
0
4094
1
0
0
0
0
0
0
10
9
0
0
0
0
0
0
4084
4081
0
0
0
0
0
0
4083
4086
0
0
0
0
0
0
16
16
0
0
0
0
0
0
4094
4088
0
0
0
0
0
0
4073
4075
0
0
0
0
0
0
11
16
0
0
0
0
0
0
14
8
0
0
0
0
0
0
4066
4065
0
0
0
0
0
0
4093
5
0
0
0
0
0
0
29
25
0
0
0
0
0
0
4071
4066
0
0
0
0
0
0
4070
4078
0
0
0
0
0
0
37
38
0
0
0
0
0
0
4094
4083
0
0
0
0
0
0
4048
4054
0
0
0
0
0
0
26
36
0
0
0
0
0
0
29
17
0
0
0
0
0
0
4040
4038
0
0
0
0
0
0
4093
12
0
0
0
0
0
0
57
52
0
0
0
0
0
0
4055
4043
0
0
0
0
0
0
4052
4068
0
0
0
0
0
0
68
70
0
0
0
0
0
0
4094
4075
0
0
0
0
0
0
4017
4024
0
0
0
0
0
0
46
62
0
0
0
0
0
0
51
32
0
0
0
0
0
0
4005
4000
0
0
0
0
0
0
4093
21
0
0
0
0
0
0
94
82
0
0
0
0
0
0
4033
4014
0
0
0
0
0
0
4028
4051
0
0
0
0
0
0
106
111
0
0
0
0
0
0
4094
4064
0
0
0
0
0
0
3975
3988
0
0
0
0
0
0
72
96
0
0
0
0
0
0
77
48
0
0
0
0
0
0
3962
3956
0
0
0
0
0
0
4092
31
0
0
0
0
0
0
138
123
0
0
0
0
0
0
4004
3975
0
0
0
0
0
0
4000
4033
0
0
0
0
0
0
153
161
0
0
0
0
0
0
4095
4053
0
0
0
0
0
0
3925
3943
0
0
0
0
0
0
102
135
0
0
0
0
0
0
109
69
0
0
0
0
0
0
3910
3901
0
0
0
0
0
0
4091
44
0
0
0
0
0
0
193
171
0
0
0
0
0
0
3971
3933
0
0
0
0
0
0
3965
4011
0
0
0
0
0
0
208
219
0
0
0
0
0
0
0
4040
0
0
0
0
0
0
3869
3893
0
0
0
0
0
0
138
182
0
0
0
0
0
0
145
91
0
0
0
0
0
0
3851
3840
0
0
0
0
0
0
4091
59
0
0
0
0
0
0
255
226
0
0
0
0
0
0
3933
3883
0
0
0
0
0
0
3924
3986
0
0
0
0
0
0
271
284
0
0
0
0
0
0
4095
4022
0
0
0
0
0
0
3803
3835
0
0
0
0
0
0
178
234
0
0
0
0
0
0
186
118
0
0
0
0
0
0
3783
3769
0
0
0
0
0
0
4090
76
0
0
0
0
0
0
323
287
0
0
0
0
0
0
3891
3829
0
0
0
0
0
0
3881
3957
0
0
0
0
0
0
343
359
0
0
0
0
0
0
1
4006
0
0
0
0
0
0
3730
3771
0
0
0
0
0
0
223
294
0
0
0
0
0
0
234
148
0
0
0
0
0
0
3709
3690
0
0
0
0
0
0
4089
95
0
0
0
0
0
0
401
356
0
0
0
0
0
0
3843
3767
0
0
0
0
0
0
3831
3926
0
0
0
0
0
0
422
442
0
0
0
0
0
0
2
3987
0
0
0
0
0
0
3650
3699
0
0
0
0
0
0
272
357
0
0
0
0
0
0
286
181
0
0
0
0
0
0
3627
3605
0
0
0
0
0
0
4088
115
0
0
0
0
0
0
484
430
0
0
0
0
0
0
3792
3698
0
0
0
0
0
0
3779
3893
0
0
0
0
0
0
506
532
0
0
0
0
0
0
2
3964
0
0
0
0
0
0
3562
3621
0
0
0
0
0
0
326
429
0
0
0
0
0
0
340
215
0
0
0
0
0
0
3537
3511
0
0
0
0
0
0
4087
138
0
0
0
0
0
0
574
510
0
0
0
0
0
0
3737
3626
0
0
0
0
0
0
3720
3856
0
0
0
0
0
0
600
629
0
0
0
0
0
0
2
3941
0
0
0
0
0
0
3468
3538
0
0
0
0
0
0
384
504
0
0
0
0
0
0
402
255
0
0
0
0
0
0
3443
3411
0
0
0
0
0
0
4086
161
0
0
0
0
0
0
672
597
0
0
0
0
0
0
3677
3549
0
0
0
0
0
0
3658
3816
0
0
0
0
0
0
698
732
0
0
0
0
0
0
5
3917
0
0
0
0
0
0
3367
3447
0
0
0
0
0
0
445
583
0
0
0
0
0
0
464
293
0
0
0
0
0
0
3341
3305
0
0
0
0
0
0
4085
186
0
0
0
0
0
0
776
690
0
0
0
0
0
0
3613
3464
0
0
0
0
0
0
3592
3775
0
0
0
0
0
0
803
842
0
0
0
0
0
0
6
3890
0
0
0
0
0
0
3259
3353
0
0
0
0
0
0
510
669
0
0
0
0
0
0
532
337
0
0
0
0
0
0
3231
3191
0
0
0
0
0
0
4084
214
0
0
0
0
0
0
887
787
0
0
0
0
0
0
3545
3377
0
0
0
0
0
0
3524
3732
0
0
0
0
0
0
913
957
0
0
0
0
0
0
6
3863
0
0
0
0
0
0
3146
3252
0
0
0
0
0
0
579
759
0
0
0
0
0
0
602
382
0
0
0
0
0
0
3120
3073
0
0
0
0
0
0
4083
241
0
0
0
0
0
0
1001
888
0
0
0
0
0
0
3477
3286
0
0
0
0
0
0
3451
3684
0
0
0
0
0
0
1030
1078
0
0
0
0
0
0
9
3835
0
0
0
0
0
0
3029
3148
0
0
0
0
0
0
650
851
0
0
0
0
0
0
676
428
0
0
0
0
0
0
3001
2950
0
0
0
0
0
0
4082
270
0
0
0
0
0
0
1121
995
0
0
0
0
0
0
3402
3190
0
0
0
0
0
0
3375
3636
0
0
0
0
0
0
1149
1204
0
0
0
0
0
0
9
3804
0
0
0
0
0
0
2908
3040
0
0
0
0
0
0
724
948
0
0
0
0
0
0
752
477
0
0
0
0
0
0
2878
2821
0
0
0
0
0
0
4080
302
0
0
0
0
0
0
1245
1105
0
0
0
0
0
0
3327
3091
0
0
0
0
0
0
3298
3588
0
0
0
0
0
0
1274
1335
0
0
0
0
0
0
11
3774
0
0
0
0
0
0
2781
2927
0
0
0
0
0
0
801
1049
0
0
0
0
0
0
832
528
0
0
0
0
0
0
2751
2689
0
0
0
0
0
0
4079
332
0
0
0
0
0
0
1373
1219
0
0
0
0
0
0
3249
2989
0
0
0
0
0
0
3218
3537
0
0
0
0
0
0
1403
1469
0
0
0
0
0
0
11
3742
0
0
0
0
0
0
2652
2814
0
0
0
0
0
0
880
1153
0
0
0
0
0
0
914
579
0
0
0
0
0
0
2621
2552
0
0
0
0
0
0
4077
364
0
0
0
0
0
0
1504
1336
0
0
0
0
0
0
3169
2884
0
0
0
0
0
0
3135
3483
0
0
0
0
0
0
1534
1606
0
0
0
0
0
0
14
3709
0
0
0
0
0
0
2519
2695
0
0
0
0
0
0
962
1259
0
0
0
0
0
0
998
633
0
0
0
0
0
0
2488
2413
0
0
0
0
0
0
4075
397
0
0
0
0
0
0
1639
1456
0
0
0
0
0
0
3087
2777
0
0
0
0
0
0
3050
3430
0
0
0
0
0
0
1669
1747
0
0
0
0
0
0
15
3676
0
0
0
0
0
0
2382
2574
0
0
0
0
0
0
1044
1366
0
0
0
0
0
0
1083
686
0
0
0
0
0
0
2353
2272
0
0
0
0
0
0
4073
431
0
0
0
0
0
0
1776
1577
0
0
0
0
0
0
3003
2668
0
0
0
0
0
0
2964
3375
0
0
0
0
0
0
1805
1888
0
0
0
0
0
0
17
3643
0
0
0
0
0
0
2245
2451
0
0
0
0
0
0
1128
1477
0
0
0
0
0
0
1169
741
0
0
0
0
0
0
2216
2128
0
0
0
0
0
0
4072
465
0
0
0
0
0
0
1915
1699
0
0
0
0
0
0
2920
2559
0
0
0
0
0
0
2878
3321
0
0
0
0
0
0
1944
2034
0
0
0
0
0
0
18
3608
0
0
0
0
0
0
2105
2327
0
0
0
0
0
0
1212
1587
0
0
0
0
0
0
1256
797
0
0
0
0
0
0
2077
1983
0
0
0
0
0
0
4071
499
0
0
0
0
0
0
2054
1824
0
0
0
0
0
0
2835
2446
0
0
0
0
0
0
2789
3265
0
0
0
0
0
0
2082
2180
0
0
0
0
0
0
20
3575
0
0
0
0
0
0
1964
2203
0
0
0
0
0
0
1297
1699
0
0
0
0
0
0
1344
853
0
0
0
0
0
0
1937
1837
0
0
0
0
0
0
4069
534
0
0
0
0
0
0
2195
1948
0
0
0
0
0
0
2749
2335
0
0
0
0
0
0
2702
3209
0
0
0
0
0
0
2222
2325
0
0
0
0
0
0
22
3539
0
0
0
0
0
0
1825
2079
0
0
0
0
0
0
1383
1810
0
0
0
0
0
0
1433
910
0
0
0
0
0
0
1798
1691
0
0
0
0
0
0
4067
567
0
0
0
0
0
0
2337
2074
0
0
0
0
0
0
2663
2223
0
0
0
0
0
0
2614
3154
0
0
0
0
0
0
2362
2472
0
0
0
0
0
0
22
3503
0
0
0
0
0
0
1683
1953
0
0
0
0
0
0
1468
1922
0
0
0
0
0
0
1519
964
0
0
0
0
0
0
1657
1543
0
0
0
0
0
0
4066
602
0
0
0
0
0
0
2476
2198
0
0
0
0
0
0
2579
2112
0
0
0
0
0
0
2526
3098
0
0
0
0
0
0
2501
2617
0
0
0
0
0
0
23
3469
0
0
0
0
0
0
1543
1829
0
0
0
0
0
0
1553
2033
0
0
0
0
0
0
1607
1021
0
0
0
0
0
0
1519
1400
0
0
0
0
0
0
4064
636
0
0
0
0
0
0
2616
2321
0
0
0
0
0
0
2495
2002
0
0
0
0
0
0
2439
3041
0
0
0
0
0
0
2639
2762
0
0
0
0
0
0
25
3436
0
0
0
0
0
0
1403
1704
0
0
0
0
0
0
1636
2142
0
0
0
0
0
0
1694
1075
0
0
0
0
0
0
1381
1255
0
0
0
0
0
0
4061
669
0
0
0
0
0
0
2753
2443
0
0
0
0
0
0
2410
1891
0
0
0
0
0
0
2352
2986
0
0
0
0
0
0
2777
2906
0
0
0
0
0
0
28
3403
0
0
0
0
0
0
1267
1585
0
0
0
0
0
0
1721
2252
0
0
0
0
0
0
1779
1129
0
0
0
0
0
0
1246
1115
0
0
0
0
0
0
4061
704
0
0
0
0
0
0
2890
2566
0
0
0
0
0
0
2328
1785
0
0
0
0
0
0
2268
2934
0
0
0
0
0
0
2911
3046
0
0
0
0
0
0
28
3369
0
0
0
0
0
0
1132
1465
0
0
0
0
0
0
1802
2359
0
0
0
0
0
0
1863
1182
0
0
0
0
0
0
1112
975
0
0
0
0
0
0
4059
735
0
0
0
0
0
0
3024
2683
0
0
0
0
0
0
2247
1680
0
0
0
0
0
0
2184
2880
0
0
0
0
0
0
3042
3183
0
0
0
0
0
0
31
3337
0
0
0
0
0
0
1000
1348
0
0
0
0
0
0
1883
2463
0
0
0
0
0
0
1945
1235
0
0
0
0
0
0
983
838
0
0
0
0
0
0
4058
769
0
0
0
0
0
0
3154
2800
0
0
0
0
0
0
2168
1576
0
0
0
0
0
0
2104
2829
0
0
0
0
0
0
3171
3318
0
0
0
0
0
0
31
3305
0
0
0
0
0
0
871
1233
0
0
0
0
0
0
1960
2563
0
0
0
0
0
0
2025
1285
0
0
0
0
0
0
856
706
0
0
0
0
0
0
4056
799
0
0
0
0
0
0
3281
2912
0
0
0
0
0
0
2091
1476
0
0
0
0
0
0
2024
2779
0
0
0
0
0
0
3296
3447
0
0
0
0
0
0
32
3274
0
0
0
0
0
0
747
1122
0
0
0
0
0
0
2035
2662
0
0
0
0
0
0
2103
1334
0
0
0
0
0
0
733
578
0
0
0
0
0
0
4055
829
0
0
0
0
0
0
3403
3019
0
0
0
0
0
0
2017
1379
0
0
0
0
0
0
1685
3457
0
0
0
0
0
0
3390
3593
0
0
0
0
0
0
127
3124
0
0
0
0
0
0
938
3679
0
0
0
0
0
0
2280
2759
0
0
0
0
0
0
1718
490
0
0
0
0
0
0
621
424
0
0
0
0
0
0
3961
980
0
0
0
0
0
0
3210
463
0
0
0
0
0
0
1773
1284
0
0
0
0
0
0
2335
3576
0
0
0
0
0
0
3526
3725
0
0
0
0
0
0
4023
3234
0
0
0
0
0
0
814
3579
0
0
0
0
0
0
2349
2850
0
0
0
0
0
0
3527
798
0
0
0
0
0
0
555
329
0
0
0
0
0
0
65
870
0
0
0
0
0
0
972
821
0
0
0
0
0
0
1755
1220
0
0
0
0
0
0
528
3271
0
0
0
0
0
0
3587
3817
0
0
0
0
0
0
4024
3205
0
0
0
0
0
0
3062
3219
0
0
0
0
0
0
2401
3073
0
0
0
0
0
0
3424
1143
0
0
0
0
0
0
436
223
0
0
0
0
0
0
64
896
0
0
0
0
0
0
1080
916
0
0
0
0
0
0
1655
973
0
0
0
0
0
0
632
2925
0
0
0
0
0
0
3705
3919
0
0
0
0
0
0
4027
3180
0
0
0
0
0
0
2957
3126
0
0
0
0
0
0
2465
3156
0
0
0
0
0
0
3489
1186
0
0
0
0
0
0
335
425
0
0
0
0
0
0
910
1138
0
0
0
0
0
0
1202
1020
0
0
0
0
0
0
1594
894
0
0
0
0
0
0
570
2886
0
0
0
0
0
0
3804
3716
0
0
0
0
0
0
3179
2939
0
0
0
0
0
0
2837
3024
0
0
0
0
0
0
2523
3233
0
0
0
0
0
0
3548
1223
0
0
0
0
0
0
238
324
0
0
0
0
0
0
909
1161
0
0
0
0
0
0
1298
1106
0
0
0
0
0
0
1537
819
0
0
0
0
0
0
510
2847
0
0
0
0
0
0
3897
3814
0
0
0
0
0
0
3180
2918
0
0
0
0
0
0
2745
2942
0
0
0
0
0
0
2578
3304
0
0
0
0
0
0
3300
2996
0
0
0
0
0
0
99
279
0
0
0
0
0
0
906
1184
0
0
0
0
0
0
1648
457
0
0
0
0
0
0
1508
731
0
0
0
0
0
0
764
1075
0
0
0
0
0
0
4032
3854
0
0
0
0
0
0
3184
2895
0
0
0
0
0
0
2399
3595
0
0
0
0
0
0
2605
3391
0
0
0
0
0
0
3351
3029
0
0
0
0
0
0
16
192
0
0
0
0
0
0
905
1204
0
0
0
0
0
0
1729
529
0
0
0
0
0
0
1460
667
0
0
0
0
0
0
713
1044
0
0
0
0
0
0
14
3935
0
0
0
0
0
0
3184
2876
0
0
0
0
0
0
2322
3526
0
0
0
0
0
0
2652
3451
0
0
0
0
0
0
3399
3059
0
0
0
0
0
0
4037
115
0
0
0
0
0
0
904
1223
0
0
0
0
0
0
1804
595
0
0
0
0
0
0
1415
609
0
0
0
0
0
0
668
1015
0
0
0
0
0
0
85
4010
0
0
0
0
0
0
3186
2859
0
0
0
0
0
0
2251
3463
0
0
0
0
0
0
2600
3628
0
0
0
0
0
0
3529
2968
0
0
0
0
0
0
3975
41
0
0
0
0
0
0
903
1238
0
0
0
0
0
0
1870
654
0
0
0
0
0
0
1471
436
0
0
0
0
0
0
539
1108
0
0
0
0
0
0
143
4079
0
0
0
0
0
0
3186
2843
0
0
0
0
0
0
2188
3407
0
0
0
0
0
0
2636
3677
0
0
0
0
0
0
3568
2993
0
0
0
0
0
0
3917
4076
0
0
0
0
0
0
901
1252
0
0
0
0
0
0
1928
705
0
0
0
0
0
0
1435
389
0
0
0
0
0
0
503
1085
0
0
0
0
0
0
199
41
0
0
0
0
0
0
3187
2830
0
0
0
0
0
0
2133
3360
0
0
0
0
0
0
2669
3720
0
0
0
0
0
0
3600
3013
0
0
0
0
0
0
3865
4022
0
0
0
0
0
0
902
1266
0
0
0
0
0
0
1979
750
0
0
0
0
0
0
1404
350
0
0
0
0
0
0
473
1066
0
0
0
0
0
0
248
91
0
0
0
0
0
0
3187
2818
0
0
0
0
0
0
2088
3318
0
0
0
0
0
0
2697
3755
0
0
0
0
0
0
3628
3030
0
0
0
0
0
0
3822
3977
0
0
0
0
0
0
902
1275
0
0
0
0
0
0
2020
788
0
0
0
0
0
0
1380
318
0
0
0
0
0
0
447
1050
0
0
0
0
0
0
286
132
0
0
0
0
0
0
3188
2809
0
0
0
0
0
0
2049
3284
0
0
0
0
0
0
2719
3784
0
0
0
0
0
0
3651
3044
0
0
0
0
0
0
3787
3940
0
0
0
0
0
0
900
1282
0
0
0
0
0
0
2054
817
0
0
0
0
0
0
1360
292
0
0
0
0
0
0
427
1038
0
0
0
0
0
0
316
163
0
0
0
0
0
0
3188
2801
0
0
0
0
0
0
2021
3259
0
0
0
0
0
0
2737
3807
0
0
0
0
0
0
3668
3056
0
0
0
0
0
0
3760
3913
0
0
0
0
0
0
901
1291
0
0
0
0
0
0
2079
839
0
0
0
0
0
0
1345
273
0
0
0
0
0
0
413
1028
0
0
0
0
0
0
338
186
0
0
0
0
0
0
3188
2796
0
0
0
0
0
0
2000
3242
0
0
0
0
0
0
2748
3822
0
0
0
0
0
0
3681
3064
0
0
0
0
0
0
3743
3894
0
0
0
0
0
0
898
1293
0
0
0
0
0
0
2094
853
0
0
0
0
0
0
1336
261
0
0
0
0
0
0
404
1023
0
0
0
0
0
0
352
201
0
0
0
0
0
0
3189
2793
0
0
0
0
0
0
1990
3232
0
0
0
0
0
0
2754
3830
0
0
0
0
0
0
3687
3067
0
0
0
0
0
0
4040
2148
0
0
0
0
0
0
687
1973
0
0
0
0
0
0
2079
877
0
0
0
0
0
0
1332
258
0
0
0
0
0
0
402
1021
0
0
0
0
0
0
355
203
0
0
0
0
0
0
3189
2793
0
0
0
0
0
0
1987
3230
0
0
0
0
0
0
2754
3830
0
0
0
0
0
0
3687
3067
0
0
0
0
0
0
4040
2148
0
0
0
0
0
0
687
1973
0
0
0
0
0
0
2079
877
0
0
0
0
0
0
1333
260
0
0
0
0
0
0
403
1022
0
0
0
0
0
0
351
199
0
0
0
0
0
0
3189
2794
0
0
0
0
0
0
1992
3233
0
0
0
0
0
0
2751
3825
0
0
0
0
0
0
3682
3064
0
0
0
0
0
0
3742
3894
0
0
0
0
0
0
898
1293
0
0
0
0
0
0
2089
848
0
0
0
0
0
0
1342
269
0
0
0
0
0
0
411
1026
0
0
0
0
0
0
338
186
0
0
0
0
0
0
3188
2797
0
0
0
0
0
0
2007
3248
0
0
0
0
0
0
2742
3813
0
0
0
0
0
0
3670
3057
0
0
0
0
0
0
3761
3913
0
0
0
0
0
0
900
1289
0
0
0
0
0
0
2071
831
0
0
0
0
0
0
1354
284
0
0
0
0
0
0
424
1034
0
0
0
0
0
0
316
163
0
0
0
0
0
0
3189
2804
0
0
0
0
0
0
2031
3268
0
0
0
0
0
0
2727
3794
0
0
0
0
0
0
3655
3047
0
0
0
0
0
0
3785
3940
0
0
0
0
0
0
898
1281
0
0
0
0
0
0
2043
805
0
0
0
0
0
0
1371
307
0
0
0
0
0
0
443
1047
0
0
0
0
0
0
285
131
0
0
0
0
0
0
3189
2811
0
0
0
0
0
0
2063
3298
0
0
0
0
0
0
2705
3766
0
0
0
0
0
0
3633
3032
0
0
0
0
0
0
3820
3977
0
0
0
0
0
0
900
1272
0
0
0
0
0
0
2006
774
0
0
0
0
0
0
1394
338
0
0
0
0
0
0
466
1062
0
0
0
0
0
0
246
89
0
0
0
0
0
0
3188
2822
0
0
0
0
0
0
2104
3334
0
0
0
0
0
0
2682
3734
0
0
0
0
0
0
3607
3017
0
0
0
0
0
0
3864
4022
0
0
0
0
0
0
901
1261
0
0
0
0
0
0
1961
734
0
0
0
0
0
0
1423
374
0
0
0
0
0
0
495
1080
0
0
0
0
0
0
200
40
0
0
0
0
0
0
3187
2833
0
0
0
0
0
0
2153
3377
0
0
0
0
0
0
2650
3693
0
0
0
0
0
0
3576
2997
0
0
0
0
0
0
3915
4076
0
0
0
0
0
0
901
1249
0
0
0
0
0
0
1907
686
0
0
0
0
0
0
1455
416
0
0
0
0
0
0
531
1103
0
0
0
0
0
0
144
4078
0
0
0
0
0
0
3187
2846
0
0
0
0
0
0
2212
3430
0
0
0
0
0
0
2616
3648
0
0
0
0
0
0
3539
2974
0
0
0
0
0
0
3975
43
0
0
0
0
0
0
903
1234
0
0
0
0
0
0
1846
632
0
0
0
0
0
0
1492
466
0
0
0
0
0
0
570
1129
0
0
0
0
0
0
81
4013
0
0
0
0
0
0
3186
2863
0
0
0
0
0
0
2276
3487
0
0
0
0
0
0
2669
3474
0
0
0
0
0
0
3408
3066
0
0
0
0
0
0
4036
114
0
0
0
0
0
0
903
1217
0
0
0
0
0
0
1777
570
0
0
0
0
0
0
1442
644
0
0
0
0
0
0
703
1037
0
0
0
0
0
0
15
3935
0
0
0
0
0
0
3185
2880
0
0
0
0
0
0
2350
3552
0
0
0
0
0
0
2624
3415
0
0
0
0
0
0
3362
3036
0
0
0
0
0
0
16
194
0
0
0
0
0
0
903
1199
0
0
0
0
0
0
1699
500
0
0
0
0
0
0
1489
705
0
0
0
0
0
0
752
1069
0
0
0
0
0
0
4033
3853
0
0
0
0
0
0
3184
2899
0
0
0
0
0
0
2431
3624
0
0
0
0
0
0
2576
3351
0
0
0
0
0
0
3312
3004
0
0
0
0
0
0
98
279
0
0
0
0
0
0
904
1178
0
0
0
0
0
0
1354
1154
0
0
0
0
0
0
1515
792
0
0
0
0
0
0
497
2840
0
0
0
0
0
0
3897
3810
0
0
0
0
0
0
3181
2922
0
0
0
0
0
0
2781
2975
0
0
0
0
0
0
2546
3261
0
0
0
0
0
0
3563
1232
0
0
0
0
0
0
237
325
0
0
0
0
0
0
908
1155
0
0
0
0
0
0
1262
1072
0
0
0
0
0
0
1571
865
0
0
0
0
0
0
555
2875
0
0
0
0
0
0
3805
3715
0
0
0
0
0
0
3181
2946
0
0
0
0
0
0
2875
3059
0
0
0
0
0
0
2488
3186
0
0
0
0
0
0
3503
1192
0
0
0
0
0
0
333
425
0
0
0
0
0
0
909
1131
0
0
0
0
0
0
1164
985
0
0
0
0
0
0
1631
942
0
0
0
0
0
0
617
2915
0
0
0
0
0
0
3706
3918
0
0
0
0
0
0
4027
3186
0
0
0
0
0
0
2997
3164
0
0
0
0
0
0
2428
3107
0
0
0
0
0
0
3439
1153
0
0
0
0
0
0
435
227
0
0
0
0
0
0
62
890
0
0
0
0
0
0
1039
878
0
0
0
0
0
0
1693
1025
0
0
0
0
0
0
682
2956
0
0
0
0
0
0
3601
3809
0
0
0
0
0
0
4025
3212
0
0
0
0
0
0
3104
3259
0
0
0
0
0
0
2329
2860
0
0
0
0
0
0
3542
806
0
0
0
0
0
0
555
331
0
0
0
0
0
0
63
862
0
0
0
0
0
0
930
782
0
0
0
0
0
0
1795
1274
0
0
0
0
0
0
2319
3567
0
0
0
0
0
0
3526
3724
0
0
0
0
0
0
4026
3242
0
0
0
0
0
0
857
3620
0
0
0
0
0
0
2308
2793
0
0
0
0
0
0
1735
500
0
0
0
0
0
0
618
424
0
0
0
0
0
0
3959
971
0
0
0
0
0
0
3165
421
0
0
0
0
0
0
1816
1341
0
0
0
0
0
0
2390
3612
0
0
0
0
0
0
3411
3602
0
0
0
0
0
0
129
3132
0
0
0
0
0
0
984
3414
0
0
0
0
0
0
2115
2651
0
0
0
0
0
0
2124
1344
0
0
0
0
0
0
732
579
0
0
0
0
0
0
4054
822
0
0
0
0
0
0
3358
2978
0
0
0
0
0
0
2061
1438
0
0
0
0
0
0
2007
2768
0
0
0
0
0
0
3297
3446
0
0
0
0
0
0
35
3283
0
0
0
0
0
0
793
1167
0
0
0
0
0
0
1990
2601
0
0
0
0
0
0
2043
1295
0
0
0
0
0
0
854
706
0
0
0
0
0
0
4054
791
0
0
0
0
0
0
3234
2867
0
0
0
0
0
0
2137
1536
0
0
0
0
0
0
2085
2818
0
0
0
0
0
0
3172
3315
0
0
0
0
0
0
34
3314
0
0
0
0
0
0
920
1278
0
0
0
0
0
0
1913
2502
0
0
0
0
0
0
1965
1245
0
0
0
0
0
0
981
840
0
0
0
0
0
0
4057
760
0
0
0
0
0
0
3103
2752
0
0
0
0
0
0
2215
1639
0
0
0
0
0
0
2166
2870
0
0
0
0
0
0
3045
3181
0
0
0
0
0
0
33
3345
0
0
0
0
0
0
1050
1394
0
0
0
0
0
0
1834
2398
0
0
0
0
0
0
1882
1193
0
0
0
0
0
0
1111
976
0
0
0
0
0
0
4058
729
0
0
0
0
0
0
2974
2636
0
0
0
0
0
0
2296
1744
0
0
0
0
0
0
2247
2921
0
0
0
0
0
0
2913
3045
0
0
0
0
0
0
30
3377
0
0
0
0
0
0
1182
1512
0
0
0
0
0
0
1754
2293
0
0
0
0
0
0
1799
1140
0
0
0
0
0
0
1244
1115
0
0
0
0
0
0
4061
696
0
0
0
0
0
0
2839
2517
0
0
0
0
0
0
2376
1850
0
0
0
0
0
0
2333
2976
0
0
0
0
0
0
2777
2903
0
0
0
0
0
0
29
3410
0
0
0
0
0
0
1319
1633
0
0
0
0
0
0
1671
2184
0
0
0
0
0
0
1714
1086
0
0
0
0
0
0
1379
1257
0
0
0
0
0
0
4060
661
0
0
0
0
0
0
2702
2395
0
0
0
0
0
0
2459
1959
0
0
0
0
0
0
2418
3030
0
0
0
0
0
0
2642
2761
0
0
0
0
0
0
28
3444
0
0
0
0
0
0
1457
1755
0
0
0
0
0
0
1588
2076
0
0
0
0
0
0
1628
1031
0
0
0
0
0
0
1516
1400
0
0
0
0
0
0
4063
628
0
0
0
0
0
0
2564
2272
0
0
0
0
0
0
2544
2069
0
0
0
0
0
0
2505
3085
0
0
0
0
0
0
2503
2615
0
0
0
0
0
0
26
3479
0
0
0
0
0
0
1596
1880
0
0
0
0
0
0
1503
1964
0
0
0
0
0
0
1540
976
0
0
0
0
0
0
1657
1547
0
0
0
0
0
0
4065
594
0
0
0
0
0
0
2424
2149
0
0
0
0
0
0
2630
2180
0
0
0
0
0
0
2592
3141
0
0
0
0
0
0
2365
2471
0
0
0
0
0
0
24
3512
0
0
0
0
0
0
1737
2004
0
0
0
0
0
0
1417
1852
0
0
0
0
0
0
1453
920
0
0
0
0
0
0
1795
1692
0
0
0
0
0
0
4065
559
0
0
0
0
0
0
2283
2024
0
0
0
0
0
0
2715
2293
0
0
0
0
0
0
2681
3197
0
0
0
0
0
0
2223
2324
0
0
0
0
0
0
23
3548
0
0
0
0
0
0
1878
2129
0
0
0
0
0
0
1332
1740
0
0
0
0
0
0
1364
864
0
0
0
0
0
0
1936
1839
0
0
0
0
0
0
4068
525
0
0
0
0
0
0
2142
1898
0
0
0
0
0
0
2800
2404
0
0
0
0
0
0
2769
3253
0
0
0
0
0
0
2084
2178
0
0
0
0
0
0
23
3583
0
0
0
0
0
0
2018
2254
0
0
0
0
0
0
1246
1629
0
0
0
0
0
0
1277
809
0
0
0
0
0
0
2075
1984
0
0
0
0
0
0
4070
490
0
0
0
0
0
0
2002
1774
0
0
0
0
0
0
2886
2516
0
0
0
0
0
0
2858
3309
0
0
0
0
0
0
1945
2033
0
0
0
0
0
0
21
3618
0
0
0
0
0
0
2159
2379
0
0
0
0
0
0
1161
1519
0
0
0
0
0
0
1189
753
0
0
0
0
0
0
2214
2130
0
0
0
0
0
0
4071
457
0
0
0
0
0
0
1861
1650
0
0
0
0
0
0
2970
2626
0
0
0
0
0
0
2946
3365
0
0
0
0
0
0
1808
1888
0
0
0
0
0
0
19
3651
0
0
0
0
0
0
2298
2502
0
0
0
0
0
0
1078
1408
0
0
0
0
0
0
1102
697
0
0
0
0
0
0
2350
2274
0
0
0
0
0
0
4072
422
0
0
0
0
0
0
1723
1527
0
0
0
0
0
0
3054
2736
0
0
0
0
0
0
3030
3419
0
0
0
0
0
0
1672
1746
0
0
0
0
0
0
16
3683
0
0
0
0
0
0
2435
2623
0
0
0
0
0
0
993
1299
0
0
0
0
0
0
1018
645
0
0
0
0
0
0
2487
2415
0
0
0
0
0
0
4075
389
0
0
0
0
0
0
1588
1407
0
0
0
0
0
0
3137
2844
0
0
0
0
0
0
3114
3473
0
0
0
0
0
0
1536
1605
0
0
0
0
0
0
14
3716
0
0
0
0
0
0
2570
2742
0
0
0
0
0
0
913
1193
0
0
0
0
0
0
933
591
0
0
0
0
0
0
2619
2554
0
0
0
0
0
0
4075
356
0
0
0
0
0
0
1455
1288
0
0
0
0
0
0
3218
2949
0
0
0
0
0
0
3199
3526
0
0
0
0
0
0
1405
1468
0
0
0
0
0
0
14
3750
0
0
0
0
0
0
2701
2860
0
0
0
0
0
0
833
1089
0
0
0
0
0
0
852
540
0
0
0
0
0
0
2751
2691
0
0
0
0
0
0
4077
324
0
0
0
0
0
0
1325
1174
0
0
0
0
0
0
3297
3053
0
0
0
0
0
0
3280
3576
0
0
0
0
0
0
1277
1333
0
0
0
0
0
0
12
3782
0
0
0
0
0
0
2830
2974
0
0
0
0
0
0
756
987
0
0
0
0
0
0
771
489
0
0
0
0
0
0
2878
2823
0
0
0
0
0
0
4079
293
0
0
0
0
0
0
1197
1060
0
0
0
0
0
0
3373
3153
0
0
0
0
0
0
3358
3626
0
0
0
0
0
0
1151
1202
0
0
0
0
0
0
11
3813
0
0
0
0
0
0
2955
3085
0
0
0
0
0
0
680
890
0
0
0
0
0
0
693
439
0
0
0
0
0
0
2999
2951
0
0
0
0
0
0
4080
263
0
0
0
0
0
0
1076
953
0
0
0
0
0
0
3447
3249
0
0
0
0
0
0
3434
3675
0
0
0
0
0
0
1032
1077
0
0
0
0
0
0
9
3841
0
0
0
0
0
0
3075
3190
0
0
0
0
0
0
606
793
0
0
0
0
0
0
620
393
0
0
0
0
0
0
3117
3075
0
0
0
0
0
0
4081
233
0
0
0
0
0
0
956
847
0
0
0
0
0
0
3519
3343
0
0
0
0
0
0
3507
3722
0
0
0
0
0
0
916
956
0
0
0
0
0
0
8
3871
0
0
0
0
0
0
3191
3294
0
0
0
0
0
0
537
703
0
0
0
0
0
0
548
346
0
0
0
0
0
0
3232
3193
0
0
0
0
0
0
4083
206
0
0
0
0
0
0
843
746
0
0
0
0
0
0
3587
3432
0
0
0
0
0
0
3578
3766
0
0
0
0
0
0
806
841
0
0
0
0
0
0
7
3898
0
0
0
0
0
0
3301
3392
0
0
0
0
0
0
471
616
0
0
0
0
0
0
479
304
0
0
0
0
0
0
3339
3305
0
0
0
0
0
0
4085
180
0
0
0
0
0
0
737
652
0
0
0
0
0
0
3651
3517
0
0
0
0
0
0
3644
3808
0
0
0
0
0
0
700
731
0
0
0
0
0
0
5
3923
0
0
0
0
0
0
3405
3484
0
0
0
0
0
0
407
534
0
0
0
0
0
0
415
262
0
0
0
0
0
0
3440
3412
0
0
0
0
0
0
4086
155
0
0
0
0
0
0
635
562
0
0
0
0
0
0
3712
3596
0
0
0
0
0
0
3707
3848
0
0
0
0
0
0
600
627
0
0
0
0
0
0
4
3947
0
0
0
0
0
0
3503
3571
0
0
0
0
0
0
348
455
0
0
0
0
0
0
354
223
0
0
0
0
0
0
3537
3512
0
0
0
0
0
0
4087
131
0
0
0
0
0
0
539
477
0
0
0
0
0
0
3770
3671
0
0
0
0
0
0
3766
3885
0
0
0
0
0
0
508
531
0
0
0
0
0
0
3
3969
0
0
0
0
0
0
3596
3653
0
0
0
0
0
0
293
383
0
0
0
0
0
0
298
188
0
0
0
0
0
0
3626
3605
0
0
0
0
0
0
4087
109
0
0
0
0
0
0
451
399
0
0
0
0
0
0
3823
3740
0
0
0
0
0
0
3820
3920
0
0
0
0
0
0
423
442
0
0
0
0
0
0
2
3991
0
0
0
0
0
0
3681
3728
0
0
0
0
0
0
242
316
0
0
0
0
0
0
245
155
0
0
0
0
0
0
3708
3691
0
0
0
0
0
0
4088
89
0
0
0
0
0
0
370
327
0
0
0
0
0
0
3872
3805
0
0
0
0
0
0
3870
3952
0
0
0
0
0
0
343
359
0
0
0
0
0
0
2
4010
0
0
0
0
0
0
3758
3798
0
0
0
0
0
0
195
256
0
0
0
0
0
0
197
124
0
0
0
0
0
0
3783
3770
0
0
0
0
0
0
4089
71
0
0
0
0
0
0
295
261
0
0
0
0
0
0
3916
3862
0
0
0
0
0
0
3915
3980
0
0
0
0
0
0
273
285
0
0
0
0
0
0
1
4027
0
0
0
0
0
0
3829
3859
0
0
0
0
0
0
153
200
0
0
0
0
0
0
155
97
0
0
0
0
0
0
3851
3840
0
0
0
0
0
0
4091
56
0
0
0
0
0
0
229
202
0
0
0
0
0
0
3957
3915
0
0
0
0
0
0
3956
4007
0
0
0
0
0
0
209
219
0
0
0
0
0
0
0
4042
0
0
0
0
0
0
3891
3915
0
0
0
0
0
0
116
152
0
0
0
0
0
0
116
72
0
0
0
0
0
0
3910
3903
0
0
0
0
0
0
4092
42
0
0
0
0
0
0
171
151
0
0
0
0
0
0
3992
3962
0
0
0
0
0
0
3992
4029
0
0
0
0
0
0
154
161
0
0
0
0
0
0
4094
4055
0
0
0
0
0
0
3946
3962
0
0
0
0
0
0
83
110
0
0
0
0
0
0
83
52
0
0
0
0
0
0
3961
3957
0
0
0
0
0
0
4091
28
0
0
0
0
0
0
120
106
0
0
0
0
0
0
4022
3999
0
0
0
0
0
0
4020
4047
0
0
0
0
0
0
106
110
0
0
0
0
0
0
4095
4068
0
0
0
0
0
0
3993
4004
0
0
0
0
0
0
56
73
0
0
0
0
0
0
57
35
0
0
0
0
0
0
4005
4001
0
0
0
0
0
0
4092
18
0
0
0
0
0
0
79
69
0
0
0
0
0
0
4045
4031
0
0
0
0
0
0
4046
4064
0
0
0
0
0
0
67
70
0
0
0
0
0
0
4094
4077
0
0
0
0
0
0
4030
4038
0
0
0
0
0
0
34
46
0
0
0
0
0
0
32
20
0
0
0
0
0
0
4040
4038
0
0
0
0
0
0
4093
10
0
0
0
0
0
0
45
40
0
0
0
0
0
0
4066
4058
0
0
0
0
0
0
4068
4077
0
0
0
0
0
0
36
39
0
0
0
0
0
0
4094
4084
0
0
0
0
0
0
4059
4063
0
0
0
0
0
0
17
22
0
0
0
0
0
0
16
10
0
0
0
0
0
0
4066
4065
0
0
0
0
0
0
4093
3
0
0
0
0
0
0
20
18
0
0
0
0
0
0
4081
4077
0
0
0
0
0
0
4082
4086
0
0
0
0
0
0
14
15
0
0
0
0
0
0
4093
4089
0
0
0
0
0
0
4079
4080
0
0
0
0
0
0
5
8
0
0
0
0
0
0
4
1
0
0
0
0
0
0
4083
4083
0
0
0
0
0
0
4094
0
0
0
0
0
0
0
5
4
0
0
0
0
0
0
4090
4088
0
0
0
0
0
0
4091
4091
0
0
0
0
0
0
1
1
0
0
0
0
0
0
4094
4093
0
0
0
0
0
0
4090
4091
0
0
0
0
0
0
4095
4095
0
0
0
0
0
0
0
4095
0
0
0
0
0
0
4092
4092
0
0
0
0
0
0
4094
4095
0
0
0
0
0
0
4095
4095
0
0
0
0
0
0
4092
4092
0
0
0
0
0
0
4092
4092
0
0
0
0
0
0
4095
4095
0
0
0
0
0
0
4095
4095
0
0
0
0
0
0
4095
4095
0
0
0
0
0
0
0
4095
0
0
0
0
0
0
0
4095
0
0
0
0
0
0
0
4095
0
0
0
0
0
0
0
4095
0
0
0
0
0
0
0
4095
0
0
0
0
0
0
0
4095
0
0
0
0
0
0
0
4095
0
0
0
0
0
0
0
4095
0
0
0
0
0
0
0
4095
0
0
0
0
0
0
0
4095
0
0
0
0
0
0
0
4095
0
0
0
0
0
0
0
4095
0
0
0
0
0
0
0
4095
0
0
0
0
0
0
0
4095
0
0
0
0
0
0
0
4095
0
0
0
0
0
0
0
4095
0
0
0
0
0
0
0
4095
0
0
0
0
0
0
0
4095
0
0
0
0
0
0
0
4095
0
0
0
0
0
0
0
4095
0
0
0
0
0
0
0
4095
0
0
0
0
0
0
0
4095
0
0
0
0
0
0
0
4095
0
0
0
0
0
0
0
4095
0
0
0
0
0
0
0
4095
0
0
0
0
0
0
0
4095
0
0
0
0
0
0
0
4095
0
0
0
0
0
0
0
4095
0
0
0
0
0
0
0
4095
0
0
0
0
0
0
0
4095
0
0
0
0
0
0
0
4095
0
0
0
0
0
0
0
4095
0
0
0
0
0
0
0
4095
0
0
0
0
0
0
0
4095
0
0
0
0
0
0
0
4095
0
0
0
0
0
0
0
4095
0
0
0
0
0
0
0
4095
0
0
0
0
0
0
0
4095
0
0
0
0
0
0
0
4095
0
0
0
0
0
0
0
4095
0
0
0
0
0
0
0
4095
0
0
0
0
0
0
0
4095
0
0
0
0
0
0
0
4095
0
0
0
0
0
0
0
4095
0
0
0
0
0
0
0
4095
0
0
0
0
0
0
0
4095
0
0
0
0
0
0
0
4095
0
0
0
0
0
0
0
4095
0
0
0
0
0
0
0
4095
0
0
0
0
0
0
0
4095
0
0
0
0
0
0
0
4095
0
0
0
0
0
0
0
4095
0
0
0
0
0
0
0
4095
0
0
0
0
0
0
0
4095
0
0
0
0
0
0
0
4095
0
0
0
0
0
0
0
4095
0
0
0
0
0
0
0
4095
0
0
0
0
0
0
0
4095
0
0
0
0
0
0
0
4095
0
0
0
0
0
0
0
4095
0
0
0
0
0
0
0
4095
0
0
0
0
0
0
0
4095
0
0
0
0
0
0
0
4095
0
0
0
0
0
0
0
4095
0
0
0
0
0
0
0
4095
0
0
0
0
0
0
0
4095
0
0
0
0
0
0
0
4095
0
0
0
0
0
0
0
4095
0
0
0
0
0
0
0
4095
0
0
0
0
0
0
0
4095
0
0
0
0
0
0
0
4095
0
0
0
0
0
0
0
4095
0
0
0
0
0
0
0
4095
0
0
0
0
0
0
0
4095
0
0
0
0
0
0
0
4095
0
0
0
0
0
0
0
4095
0
0
0
0
0
0
0
4095
0
0
0
0
0
0
0
4095
0
0
0
0
0
0
0
4095
0
0
0
0
0
0
0
4095
0
0
0
0
0
0
0
4095
0
0
0
0
0
0
0
4095
0
0
0
0
0
0
0
4095
0
0
0
0
0
0
0
4095
0
0
0
0
0
0
0
4095
0
0
0
0
0
0
0
4095
0
0
0
0
0
0
0
4095
0
0
0
0
0
0
0
4095
0
0
0
0
0
0
0
4095
0
0
0
0
0
0
0
4095
0
0
0
0
0
0
0
4095
0
0
0
0
0
0
0
4095
0
0
0
0
0
0
0
4095
0
0
0
0
0
0
0
4095
0
0
0
0
0
0
0
4095
0
0
0
0
0
0
0
4095
0
0
0
0
0
0
0
4095
0
0
0
0
0
0
0
4095
0
0
0
0
0
0
0
4095
0
0
0
0
0
0
0
4095
0
0
0
0
0
0
0
4095
0
0
0
0
0
0
0
4095
0
0
0
0
0
0
0
4095
0
0
0
0
0
0
0
4095
0
0
0
0
0
0
0
4095
0
0
0
0
0
0
0
4095
0
0
0
0
0
0
0
4095
0
0
0
0
0
0
0
4095
0
0
0
0
0
0
0
4095
0
0
0
0
0
0
0
4095
0
0
0
0
0
0
0
4095
0
0
0
0
0
0
0
4095
0
0
0
0
0
0
0
4095
0
0
0
0
0
0
0
4095
0
0
0
0
0
0
0
4095
0
0
0
0
0
0
0
4095
0
0
0
0
0
0
0
4095
0
0
0
0
0
0
0
4095
0
0
0
0
0
0
0
4095
0
0
0
0
0
0
0
4095
0
0
0
0
0
0
0
4095
0
0
0
0
0
0
0
4095
0
0
0
0
0
0
0
4095
0
0
0
0
0
0
0
4095
0
0
0
0
0
0
0
4095
0
0
0
0
0
0
0
4095
0
0
0
0
0
0
0
4095
0
0
0
0
0
0
0
4095
0
0
0
0
0
0
0
4095
0
0
0
0
0
0
0
4095
0
0
0
0
0
0
0
4095
0
0
0
0
0
0
0
4095
0
0
0
0
0
0
0
4095
0
0
0
0
0
0
0
4095
0
0
0
0
0
0
0
4095
0
0
0
0
0
0
0
4095
0
0
0
0
0
0
0
4095
0
0
0
0
0
0
0
4095
0
0
0
0
0
0
0
4095
0
0
0
0
0
0
0
4095
0
0
0
0
0
0
0
4095
0
0
0
0
0
0
0
4095
0
0
0
0
0
0
0
4095
0
0
0
0
0
0
0
4095
0
0
0
0
0
0
0
4095
0
0
0
0
0
0
0
4095
0
0
0
0
0
0
0
4095
0
0
0
0
0
0
0
4095
0
0
0
0
0
0
0
4095
0
0
0
0
0
0
0
4095
0
0
0
0
0
0
0
4095
0
0
0
0
0
0
0
4095
0
0
0
0
0
0
0
4095
0
0
0
0
0
0
0
4095
0
0
0
0
0
0
0
4095
0
0
0
0
0
0
0
4095
0
0
0
0
0
0
0
4095
0
0
0
0
0
0
0
4095
0
0
0
0
0
0
0
4095
0
0
0
0
0
0
0
4095
0
0
0
0
0
0
0
4095
0
0
0
0
0
0
0
4095
0
0
0
0
0
0
0
4095
0
0
0
0
0
0
0
4095
0
0
0
0
0
0
0
4095
0
0
0
0
0
0
0
4095
0
0
0
0
0
0
0
4095
0
0
0
0
0
0
0
4095
0
0
0
0
0
0
0
4095
0
0
0
0
0
0
0
4095
0
0
0
0
0
0
0
4095
0
0
0
0
0
0
0
4095
0
0
0
0
0
0
0
4095
0
0
0
0
0
0
0
4095
0
0
0
0
0
0
0
4095
0
0
0
0
0
0
0
4095
0
0
0
0
0
0
0
4095
0
0
0
0
0
0
0
4095
0
0
0
0
0
0
0
4095
0
0
0
0
0
0
0
4095
0
0
0
0
0
0
0
4095
0
0
0
0
0
0
0
4095
0
0
0
0
0
0
0
4095
0
0
0
0
0
0
0
4095
0
0
0
0
0
0
0
4095
0
0
0
0
0
0
0
4095
0
0
0
0
0
0
0
4095
0
0
0
0
0
0
0
4095
0
0
0
0
0
0
0
4095
0
0
0
0
0
0
0
4095
0
0
0
0
0
0
0
4095
0
0
0
0
0
0
0
4095
0
0
0
0
0
0
0
4095
0
0
0
0
0
0
0
4095
0
0
0
0
0
0
0
4095
0
0
0
0
0
0
0
4095
0
0
0
0
0
0
0
4095
0
0
0
0
0
0
0
4095
0
0
0
0
0
0
0
4095
0
0
0
0
0
0
0
4095
0
0
0
0
0
0
0
4095
0
0
0
0
0
0
0
4095
0
0
0
0
0
0
0
4095
0
0
0
0
0
0
0
4095
0
0
0
0
0
0
0
4095
0
0
0
0
0
0
0
4095
0
0
0
0
0
0
0
4095
0
0
0
0
0
0
0
4095
0
0
0
0
0
0
0
4095
0
0
0
0
0
0
0
4095
0
0
0
0
0
0
0
4095
0
0
0
0
0
0
0
4095
0
0
0
0
0
0
0
4095
0
0
0
0
0
0
0
4095
0
0
0
0
0
0
0
4095
0
0
0
0
0
0
0
4095
0
0
0
0
0
0
0
4095
0
0
0
0
0
0
0
4095
0
0
0
0
0
0
0
4095
0
0
0
0
0
0
0
4095
0
0
0
0
0
0
0
4095
0
0
0
0
0
0
0
4095
0
0
0
0
0
0
0
4095
0
0
0
0
0
0
0
4095
0
0
0
0
0
0
0
4095
0
0
0
0
0
0
0
4095
0
0
0
0
0
0
0
4095
0
0
0
0
0
0
0
4095
0
0
0
0
0
0
0
4095
0
0
0
0
0
0
0
4095
0
0
0
0
0
0
0
4095
0
0
0
0
0
0
0
4095
0
0
0
0
0
0
0
4095
0
0
0
0
0
0
0
4095
0
0
0
0
0
0
0
4095
0
0
0
0
0
0
0
4095
0
0
0
0
0
0
0
4095
0
0
0
0
0
0
0
4095
0
0
0
0
0
0
0
4095
0
0
0
0
0
0
0
4095
0
0
0
0
0
0
0
4095
0
0
0
0
0
0
0
4095
0
0
0
0
0
0
0
4095
0
0
0
0
0
0
0
4095
0
0
0
0
0
0
0
4095
0
0
0
0
0
0
0
4095
0
0
0
0
0
0
0
4095
0
0
0
0
0
0
0
4095
0
0
0
0
0
0
0
4095
0
0
0
0
0
0
0
4095
0
0
0
0
0
0
0
4095
0
0
0
0
0
0
0
4095
0
0
0
0
0
0
0
4095
0
0
0
0
0
0
0
4095
0
0
0
0
0
0
0
4095
0
0
0
0
0
0
0
4095
0
0
0
0
0
0
0
4095
0
0
0
0
0
0
0
4095
0
0
0
0
0
0
0
4095
0
0
0
0
0
0
0
4095
0
0
0
0
0
0
0
4095
0
0
0
0
0
0
0
4095
0
0
0
0
0
0
0
4095
0
0
0
0
0
0
0
4095
0
0
0
0
0
0
0
4095
0
0
0
0
0
0
0
4095
0
0
0
0
0
0
0
4095
0
0
0
0
0
0
0
4095
0
0
0
0
0
0
0
4095
0
0
0
0
0
0
0
4095
0
0
0
0
0
0
0
4095
0
0
0
0
0
0
0
4095
0
0
0
0
0
0
0
4095
0
0
0
0
0
0
0
4095
0
0
0
0
0
0
0
4095
0
0
0
0
0
0
0
4095
0
0
0
0
0
0
0
4095
0
0
0
0
0
0
0
4095
0
0
0
0
0
0
0
4095
0
0
0
0
0
0
0
4095
0
0
0
0
0
0
0
4095
0
0
0
0
0
0
0
4095
0
0
0
0
0
0
0
4095
0
0
0
0
0
0
0
4095
0
0
0
0
0
0
0
4095
0
0
0
0
0
0
0
4095
0
0
0
0
0
0
0
4095
0
0
0
0
0
0
0
4095
0
0
0
0
0
0
0
4095
0
0
0
0
0
0
0
4095
0
0
0
0
0
0
0
4095
0
0
0
0
0
0
0
4095
0
0
0
0
0
0
0
4095
0
0
0
0
0
0
0
4095
0
0
0
0
0
0
0
4095
0
0
0
0
0
0
0
4095
0
0
0
0
0
0
0
4095
0
0
0
0
0
0
0
4095
0
0
0
0
0
0
0
4095
0
0
0
0
0
0
0
4095
0
0
0
0
0
0
0
4095
0
0
0
0
0
0
0
4095
0
0
0
0
0
0
0
4095
0
0
0
0
0
0
0
4095
0
0
0
0
0
0
0
4095
0
0
0
0
0
0
0
4095
0
0
0
0
0
0
0
4095
0
0
0
0
0
0
0
4095
0
0
0
0
0
0
0
4095
0
0
0
0
0
0
0
4095
0
0
0
0
0
0
0
4095
0
0
0
0
0
0
0
4095
0
0
0
0
0
0
0
4095
0
0
0
0
0
0
0
4095
0
0
0
0
0
0
0
4095
0
0
0
0
0
0
0
4095
0
0
0
0
0
0
0
4095
0
0
0
0
0
0
0
4095
0
0
0
0
0
0
0
4095
0
0
0
0
0
0
0
4095
0
0
0
0
0
0
0
4095
0
0
0
0
0
0
0
4095
0
0
0
0
0
0
0
4095
0
0
0
0
0
0
0
4095
0
0
0
0
0
0
0
4095
0
0
0
0
0
0
0
4095
0
0
0
0
0
0
0
4095
0
0
0
0
0
0
0
4095
0
0
0
0
0
0
0
4095
0
0
0
0
0
0
0
4095
0
0
0
0
0
0
0
4095
0
0
0
0
0
0
0
4095
0
0
0
0
0
0
0
4095
0
0
0
0
0
0
0
4095
0
0
0
0
0
0
0
4095
0
0
0
0
0
0
0
4095
0
0
0
0
0
0
0
4095
0
0
0
0
0
0
0
4095
0
0
0
0
0
0
0
4095
0
0
0
0
0
0
0
4095
0
0
0
0
0
0
0
4095
0
0
0
0
0
0
0
4095
0
0
0
0
0
0
0
4095
0
0
0
0
0
0
0
4095
0
0
0
0
0
0
0
4095
0
0
0
0
0
0
0
4095
0
0
0
0
0
0
0
4095
0
0
0
0
0
0
0
4095
0
0
0
0
0
0
0
4095
0
0
0
0
0
0
0
4095
0
0
0
0
0
0
0
4095
0
0
0
0
0
0
0
4095
0
0
0
0
0
0
0
4095
0
0
0
0
0
0
0
4095
0
0
0
0
0
0
0
4095
0
0
0
0
0
0
0
4095
0
0
0
0
0
0
0
4095
0
0
0
0
0
0
0
4095
0
0
0
0
0
0
0
4095
0
0
0
0
0
0
0
4095
0
0
0
0
0
0
0
4095
0
0
0
0
0
0
0
4095
0
0
0
0
0
0
0
4095
0
0
0
0
0
0
0
4095
0
0
0
0
0
0
0
4095
0
0
0
0
0
0
0
4095
0
0
0
0
0
0
0
4095
0
0
0
0
0
0
0
4095
0
0
0
0
0
0
0
4095
0
0
0
0
0
0
0
4095
0
0
0
0
0
0
0
4095
0
0
0
0
0
0
0
4095
0
0
0
0
0
0
0
4095
0
0
0
0
0
0
0
4095
0
0
0
0
0
0
0
4095
0
0
0
0
0
0
0
4095
0
0
0
0
0
0
0
4095
0
0
0
0
0
0
0
4095
0
0
0
0
0
0
0
4095
0
0
0
0
0
0
0
4095
0
0
0
0
0
0
0
4095
0
0
0
0
0
0
0
4095
0
0
0
0
0
0
0
4095
0
0
0
0
0
0
0
4095
0
0
0
0
0
0
0
4095
0
0
0
0
0
0
0
4095
0
0
0
0
0
0
0
4095
0
0
0
0
0
0
0
4095
0
0
0
0
0
0
0
4095
0
0
0
0
0
0
0
4095
0
0
0
0
0
0
0
4095
0
0
0
0
0
0
0
4095
0
0
0
0
0
0
0
4095
0
0
0
0
0
0
0
4095
0
0
0
0
0
0
0
4095
0
0
0
0
0
0
0
4095
0
0
0
0
0
0
0
4095
0
0
0
0
0
0
0
4095
0
0
0
0
0
0
0
4095
0
0
0
0
0
0
0
4095
0
0
0
0
0
0
0
4095
0
0
0
0
0
0
0
4095
0
0
0
0
0
0
0
4095
0
0
0
0
0
0
0
4095
0
0
0
0
0
0
0
4095
0
0
0
0
0
0
0
4095
0
0
0
0
0
0
0
4095
0
0
0
0
0
0
0
4095
0
0
0
0
0
0
0
4095
0
0
0
0
0
0
0
4095
0
0
0
0
0
0
0
4095
0
0
0
0
0
0
0
4095
0
0
0
0
0
0
0
4095
0
0
0
0
0
0
0
4095
0
0
0
0
0
0
0
4095
0
0
0
0
0
0
0
4095
0
0
0
0
0
0
0
4095
0
0
0
0
0
0
0
4095
0
0
0
0
0
0
0
4095
0
0
0
0
0
0
0
4095
0
0
0
0
0
0
0
4095
0
0
0
0
0
0
0
4095
0
0
0
0
0
0
0
4095
0
0
0
0
0
0
0
4095
0
0
0
0
0
0
0
4095
0
0
0
0
0
0
0
4095
0
0
0
0
0
0
0
4095
0
0
0
0
0
0
0
4095
0
0
0
0
0
0
0
4095
0
0
0
0
0
0
0
4095
0
0
0
0
0
0
0
4095
0
0
0
0
0
0
0
4095
0
0
0
0
0
0
0
4095
0
0
0
0
0
0
0
4095
0
0
0
0
0
0
0
4095
0
0
0
0
0
0
0
4095
0
0
0
0
0
0
0
4095
0
0
0
0
0
0
0
4095
0
0
0
0
0
0
0
4095
0
0
0
0
0
0
0
4095
0
0
0
0
0
0
0
4095
0
0
0
0
0
0
0
4095
0
0
0
0
0
0
0
4095
0
0
0
0
0
0
0
4095
0
0
0
0
0
0
0
4095
0
0
0
0
0
0
0
4095
0
0
0
0
0
0
0
4095
0
0
0
0
0
0
0
4095
0
0
0
0
0
0
0
4095
0
0
0
0
0
0
0
4095
0
0
0
0
0
0
0
4095
0
0
0
0
0
0
0
4095
0
0
0
0
0
0
0
4095
0
0
0
0
0
0
0
4095
0
0
0
0
0
0
0
4095
0
0
0
0
0
0
0
4095
0
0
0
0
0
0
0
4095
0
0
0
0
0
0
0
4095
0
0
0
0
0
0
0
4095
0
0
0
0
0
0
0
4095
0
0
0
0
0
0
0
4095
0
0
0
0
0
0
0
4095
0
0
0
0
0
0
0
4095
0
0
0
0
0
0
0
4095
0
0
0
0
0
0
0
4095
0
0
0
0
0
0
0
4095
0
0
0
0
0
0
0
4095
0
0
0
0
0
0
0
4095
0
0
0
0
0
0
0
4095
0
0
0
0
0
0
0
4095
0
0
0
0
0
0
0
4095
0
0
0
0
0
0
0
4095
0
0
0
0
0
0
0
4095
0
0
0
0
0
0
0
4095
0
0
0
0
0
0
0
4095
0
0
0
0
0
0
0
4095
0
0
0
0
0
0
0
4095
0
0
0
0
0
0
0
4095
0
0
0
0
0
0
0
4095
0
0
0
0
0
0
0
4095
0
0
0
0
0
0
0
4095
0
0
0
0
0
0
0
4095
0
0
0
0
0
0
0
4095
0
0
0
0
0
0
0
4095
0
0
0
0
0
0
0
4095
0
0
0
0
0
0
0
4095
0
0
0
0
0
0
0
4095
0
0
0
0
0
0
0
4095
0
0
0
0
0
0
0
4095
0
0
0
0
0
0
0
4095
0
0
0
0
0
0
0
4095
0
0
0
0
0
0
0
4095
0
0
0
0
0
0
0
4095
0
0
0
0
0
0
0
4095
0
0
0
0
0
0
0
4095
0
0
0
0
0
0
0
4095
0
0
0
0
0
0
0
4095
0
0
0
0
0
0
0
4095
0
0
0
0
0
0
0
4095
0
0
0
0
0
0
0
4095
0
0
0
0
0
0
0
4095
0
0
0
0
0
0
0
4095
0
0
0
0
0
0
0
4095
0
0
0
0
0
0
0
4095
0
0
0
0
0
0
0
4095
0
0
0
0
0
0
0
4095
0
0
0
0
0
0
0
4095
0
0
0
0
0
0
0
4095
0
0
0
0
0
0
0
4095
0
0
0
0
0
0
0
4095
0
0
0
0
0
0
0
4095
0
0
0
0
0
0
0
4095
0
0
0
0
0
0
0
4095
0
0
0
0
0
0
0
4095
0
0
0
0
0
0
0
4095
0
0
0
0
0
0
0
4095
0
0
0
0
0
0
0
4095
0
0
0
0
0
0
0
4095
0
0
0
0
0
0
0
4095
0
0
0
0
0
0
0
4095
0
0
0
0
0
0
0
4095
0
0
0
0
0
0
0
4095
0
0
0
0
0
0
0
4095
0
0
0
0
0
0
0
4095
0
0
0
0
0
0
0
4095
0
0
0
0
0
0
0
4095
0
0
0
0
0
0
0
4095
0
0
0
0
0
0
0
4095
0
0
0
0
0
0
0
4095
0
0
0
0
0
0
0
4095
0
0
0
0
0
0
0
4095
0
0
0
0
0
0
0
4095
0
0
0
0
0
0
0
4095
0
0
0
0
0
0
0
4095
0
0
0
0
0
0
0
4095
0
0
0
0
0
0
0
4095
0
0
0
0
0
0
0
4095
0
0
0
0
0
0
0
4095
0
0
0
0
0
0
0
4095
0
0
0
0
0
0
0
4095
0
0
0
0
0
0
0
4095
0
0
0
0
0
0
0
4095
0
0
0
0
0
0
0
4095
0
0
0
0
0
0
0
4095
0
0
0
0
0
0
0
4095
0
0
0
0
0
0
0
4095
0
0
0
0
0
0
0
4095
0
0
0
0
0
0
0
4095
0
0
0
0
0
0
0
4095
0
0
0
0
0
0
0
4095
0
0
0
0
0
0
0
4095
0
0
0
0
0
0
0
4095
0
0
0
0
0
0
0
4095
0
0
0
0
0
0
0
4095
0
0
0
0
0
0
0
4095
0
0
0
0
0
0
0
4095
0
0
0
0
0
0
0
4095
0
0
0
0
0
0
0
4095
0
0
0
0
0
0
0
4095
0
0
0
0
0
0
0
4095
0
0
0
0
0
0
0
4095
0
0
0
0
0
0
0
4095
0
0
0
0
0
0
0
4095
0
0
0
0
0
0
0
4095
0
0
0
0
0
0
0
4095
0
0
0
0
0
0
0
4095
0
0
0
0
0
0
0
4095
0
0
0
0
0
0
0
4095
0
0
0
0
0
0
0
4095
0
0
0
0
0
0
0
4095
0
0
0
0
0
0
0
4095
0
0
0
0
0
0
0
4095
0
0
0
0
0
0
0
4095
0
0
0
0
0
0
0
4095
0
0
0
0
0
0
0
4095
0
0
0
0
0
0
0
4095
0
0
0
0
0
0
0
4095
0
0
0
0
0
0
0
4095
0
0
0
0
0
0
0
4095
0
0
0
0
0
0
0
4095
0
0
0
0
0
0
0
4095
0
0
0
0
0
0
0
4095
0
0
0
0
0
0
0
4095
0
0
0
0
0
0
0
4095
0
0
0
0
0
0
0
4095
0
0
0
0
0
0
0
4095
0
0
0
0
0
0
0
4095
0
0
0
0
0
0
0
4095
0
0
0
0
0
0
0
4095
0
0
0
0
0
0
0
4095
0
0
0
0
0
0
0
4095
0
0
0
0
0
0
0
4095
0
0
0
0
0
0
0
4095
0
0
0
0
0
0
0
4095
0
0
0
0
0
0
0
4095
0
0
0
0
0
0
0
4095
0
0
0
0
0
0
0
4095
0
0
0
0
0
0
0
4095
0
0
0
0
0
0
0
4095
0
0
0
0
0
0
0
4095
0
0
0
0
0
0
0
4095
0
0
0
0
0
0
0
4095
0
0
0
0
0
0
0
4095
0
0
0
0
0
0
0
4095
0
0
0
0
0
0
0
4095
0
0
0
0
0
0
0
4095
0
0
0
0
0
0
0
4095
0
0
0
0
0
0
0
4095
0
0
0
0
0
0
0
4095
0
0
0
0
0
0
0
4095
0
0
0
0
0
0
0
4095
0
0
0
0
0
0
0
4095
0
0
0
0
0
0
0
4095
0
0
0
0
0
0
0
4095
0
0
0
0
0
0
0
4095
0
0
0
0
0
0
0
4095
0
0
0
0
0
0
0
4095
0
0
0
0
0
0
0
4095
0
0
0
0
0
0
0
4095
0
0
0
0
0
0
0
4095
0
0
0
0
0
0
0
4095
0
0
0
0
0
0
0
4095
0
0
0
0
0
0
0
4095
0
0
0
0
0
0
0
4095
0
0
0
0
0
0
0
4095
0
0
0
0
0
0
0
4095
0
0
0
0
0
0
0
4095
0
0
0
0
0
0
0
4095
0
0
0
0
0
0
0
4095
0
0
0
0
0
0
0
4095
0
0
0
0
0
0
0
4095
0
0
0
0
0
0
0
4095
0
0
0
0
0
0
0
4095
0
0
0
0
0
0
0
4095
0
0
0
0
0
0
0
4095
0
0
0
0
0
0
0
4095
0
0
0
0
0
0
0
4095
0
0
0
0
0
0
0
4095
0
0
0
0
0
0
0
4095
0
0
0
0
0
0
0
4095
0
0
0
0
0
0
0
4095
0
0
0
0
0
0
0
4095
0
0
0
0
0
0
0
4095
0
0
0
0
0
0
0
4095
0
0
0
0
0
0
0
4095
0
0
0
0
0
0
0
4095
0
0
0
0
0
0
0
4095
0
0
0
0
0
0
0
4095
0
0
0
0
0
0
0
4095
0
0
0
0
0
0
0
4095
0
0
0
0
0
0
0
4095
0
0
0
0
0
0
0
4095
0
0
0
0
0
0
0
4095
0
0
0
0
0
0
0
4095
0
0
0
0
0
0
0
4095
0
0
0
0
0
0
0
4095
0
0
0
0
0
0
0
4095
0
0
0
0
0
0
0
4095
0
0
0
0
0
0
0
4095
0
0
0
0
0
0
0
4095
0
0
0
0
0
0
0
4095
0
0
0
0
0
0
0
4095
0
0
0
0
0
0
0
4095
0
0
0
0
0
0
0
4095
0
0
0
0
0
0
0
4095
0
0
0
0
0
0
0
4095
0
0
0
0
0
0
0
4095
0
0
0
0
0
0
0
4095
0
0
0
0
0
0
0
4095
0
0
0
0
0
0
0
4095
0
0
0
0
0
0
0
4095
0
0
0
0
0
0
0
4095
0
0
0
0
0
0
0
4095
0
0
0
0
0
0
0
4095
0
0
0
0
0
0
0
4095
0
0
0
0
0
0
0
4095
0
0
0
0
0
0
0
4095
0
0
0
0
0
0
0
4095
0
0
0
0
0
0
0
4095
0
0
0
0
0
0
0
4095
0
0
0
0
0
0
0
4095
0
0
0
0
0
0
0
4095
0
0
0
0
0
0
0
4095
0
0
0
0
0
0
0
4095
0
0
0
0
0
0
0
4095
0
0
0
0
0
0
0
4095
0
0
0
0
0
0
0
4095
0
0
0
0
0
0
0
4095
0
0
0
0
0
0
0
4095
0
0
0
0
0
0
0
4095
0
0
0
0
0
0
0
4095
0
0
0
0
0
0
0
4095
0
0
0
0
0
0
0
4095
0
0
0
0
0
0
0
4095
0
0
0
0
0
0
0
4095
0
0
0
0
0
0
0
4095
0
0
0
0
0
0
0
4095
0
0
0
0
0
0
0
4095
0
0
0
0
0
0
0
4095
0
0
0
0
0
0
0
4095
0
0
0
0
0
0
0
4095
0
0
0
0
0
0
0
4095
0
0
0
0
0
0
0
4095
0
0
0
0
0
0
0
4095
0
0
0
0
0
0
0
4095
0
0
0
0
0
0
0
4095
0
0
0
0
0
0
0
4095
0
0
0
0
0
0
0
4095
0
0
0
0
0
0
0
4095
0
0
0
0
0
0
0
4095
0
0
0
0
0
0
0
4095
0
0
0
0
0
0
0
4095
0
0
0
0
0
0
0
4095
0
0
0
0
0
0
0
4095
0
0
0
0
0
0
0
4095
0
0
0
0
0
0
0
4095
0
0
0
0
0
0
0
4095
0
0
0
0
0
0
0
4095
0
0
0
0
0
0
0
4095
0
0
0
0
0
0
0
4095
0
0
0
0
0
0
0
4095
0
0
0
0
0
0
0
4095
0
0
0
0
0
0
0
4095
0
0
0
0
0
0
0
4095
0
0
0
0
0
0
0
4095
0
0
0
0
0
0
0
4095
0
0
0
0
0
0
0
4095
0
0
0
0
0
0
0
4095
0
0
0
0
0
0
0
4095
0
0
0
0
0
0
0
4095
0
0
0
0
0
0
0
4095
0
0
0
0
0
0
0
4095
0
0
0
0
0
0
0
4095
0
0
0
0
0
0
0
4095
0
0
0
0
0
0
0
4095
0
0
0
0
0
0
0
4095
0
0
0
0
0
0
0
4095
0
0
0
0
0
0
0
4095
0
0
0
0
0
0
0
4095
0
0
0
0
0
0
0
4095
0
0
0
0
0
0
0
4095
0
0
0
0
0
0
0
4095
0
0
0
0
0
0
0
4095
0
0
0
0
0
0
0
4095
0
0
0
0
0
0
0
4095
0
0
0
0
0
0
0
4095
0
0
0
0
0
0
0
4095
0
0
0
0
0
0
0
4095
0
0
0
0
0
0
0
4095
0
0
0
0
0
0
0
4095
0
0
0
0
0
0
0
4095
0
0
0
0
0
0
0
4095
0
0
0
0
0
0
0
4095
0
0
0
0
0
0
0
4095
0
0
0
0
0
0
0
4095
0
0
0
0
0
0
0
4095
0
0
0
0
0
0
0
4095
0
0
0
0
0
0
0
4095
0
0
0
0
0
0
0
4095
0
0
0
0
0
0
0
4095
0
0
0
0
0
0
0
4095
0
0
0
0
0
0
0
4095
0
0
0
0
0
0
0
4095
0
0
0
0
0
0
0
4095
0
0
0
0
0
0
0
4095
0
0
0
0
0
0
0
4095
0
0
0
0
0
0
0
4095
0
0
0
0
0
0
0
4095
0
0
0
0
0
0
0
4095
0
0
0
0
0
0
0
4095
0
0
0
0
0
0
0
4095
0
0
0
0
0
0
0
4095
0
0
0
0
0
0
0
4095
0
0
0
0
0
0
0
4095
0
0
0
0
0
0
0
4095
0
0
0
0
0
0
0
4095
0
0
0
0
0
0
0
4095
0
0
0
0
0
0
0
4095
0
0
0
0
0
0
0
4095
0
0
0
0
0
0
0
4095
0
0
0
0
0
0
0
4095
0
0
0
0
0
0
0
4095
0
0
0
0
0
0
0
4095
0
0
0
0
0
0
0
4095
0
0
0
0
0
0
0
4095
0
0
0
0
0
0
0
4095
0
0
0
0
0
0
0
4095
0
0
0
0
0
0
0
4095
0
0
0
0
0
0
0
4095
0
0
0
0
0
0
0
4095
0
0
0
0
0
0
0
4095
0
0
0
0
0
0
0
4095
0
0
0
0
0
0
0
4095
0
0
0
0
0
0
0
4095
0
0
0
0
0
0
0
4095
0
0
0
0
0
0
0
4095
0
0
0
0
0
0
0
4095
0
0
0
0
0
0
0
4095
0
0
0
0
0
0
0
4095
0
0
0
0
0
0
0
4095
0
0
0
0
0
0
0
4095
0
0
0
0
0
0
0
4095
0
0
0
0
0
0
0
4095
0
0
0
0
0
0
0
4095
0
0
0
0
0
0
0
4095
0
0
0
0
0
0
0
4095
0
0
0
0
0
0
0
4095
0
0
0
0
0
0
0
4095
0
0
0
0
0
0
0
4095
0
0
0
0
0
0
0
4095
0
0
0
0
0
0
0
4095
0
0
0
0
0
0
0
4095
0
0
0
0
0
0
0
4095
0
0
0
0
0
0
0
4095
0
0
0
0
0
0
0
4095
0
0
0
0
0
0
0
4095
0
0
0
0
0
0
0
4095
0
0
0
0
0
0
0
4095
0
0
0
0
0
0
0
4095
0
0
0
0
0
0
0
4095
0
0
0
0
0
0
0
4095
0
0
0
0
0
0
0
4095
0
0
0
0
0
0
0
4095
0
0
0
0
0
0
0
4095
0
0
0
0
0
0
0
4095
0
0
0
0
0
0
0
4095
0
0
0
0
0
0
0
4095
0
0
0
0
0
0
0
4095
0
0
0
0
0
0
0
4095
0
0
0
0
0
0
0
4095
0
0
0
0
0
0
0
4095
0
0
0
0
0
0
0
4095
0
0
0
0
0
0
0
4095
0
0
0
0
0
0
0
4095
0
0
0
0
0
0
0
4095
0
0
0
0
0
0
0
4095
0
0
0
0
0
0
0
4095
0
0
0
0
0
0
0
4095
0
0
0
0
0
0
0
4095
0
0
0
0
0
0
0
4095
0
0
0
0
0
0
0
4095
0
0
0
0
0
0
0
4095
0
0
0
0
0
0
0
4095
0
0
0
0
0
0
0
4095
0
0
0
0
0
0
0
4095
0
0
0
0
0
0
0
4095
0
0
0
0
0
0
0
4095
0
0
0
0
0
0
0
4095
0
0
0
0
0
0
0
4095
0
0
0
0
0
0
0
4095
0
0
0
0
0
0
0
4095
0
0
0
0
0
0
0
4095
0
0
0
0
0
0
0
4095
0
0
0
0
0
0
0
4095
0
0
0
0
0
0
0
4095
0
0
0
0
0
0
0
4095
0
0
0
0
0
0
0
4095
0
0
0
0
0
0
0
4095
0
0
0
0
0
0
0
4095
0
0
0
0
0
0
0
4095
0
0
0
0
0
0
0
4095
0
0
0
0
0
0
0
4095
0
0
0
0
0
0
0
4095
0
0
0
0
0
0
0
4095
0
0
0
0
0
0
0
4095
0
0
0
0
0
0
0
4095
0
0
0
0
0
0
0
4095
0
0
0
0
0
0
0
4095
0
0
0
0
0
0
0
4095
0
0
0
0
0
0
0
4095
0
0
0
0
0
0
0
4095
0
0
0
0
0
0
0
4095
0
0
0
0
0
0
0
4095
0
0
0
0
0
0
0
4095
0
0
0
0
0
0
0
4095
0
0
0
0
0
0
0
4095
0
0
0
0
0
0
0
4095
0
0
0
0
0
0
0
4095
0
0
0
0
0
0
0
4095
0
0
0
0
0
0
0
4095
0
0
0
0
0
0
0
4095
0
0
0
0
0
0
0
4095
0
0
0
0
0
0
0
4095
0
0
0
0
0
0
0
4095
0
0
0
0
0
0
0
4095
0
0
0
0
0
0
0
4095
0
0
0
0
0
0
0
4095
0
0
0
0
0
0
0
4095
0
0
0
0
0
0
0
4095
0
0
0
0
0
0
0
4095
0
0
0
0
0
0
0
4095
0
0
0
0
0
0
0
4095
0
0
0
0
0
0
0
4095
0
0
0
0
0
0
0
4095
0
0
0
0
0
0
0
4095
0
0
0
0
0
0
0
4095
0
0
0
0
0
0
0
4095
0
0
0
0
0
0
0
4095
0
0
0
0
0
0
0
4095
0
0
0
0
0
0
0
4095
0
0
0
0
0
0
0
4095
0
0
0
0
0
0
0
4095
0
0
0
0
0
0
0
4095
0
0
0
0
0
0
0
4095
0
0
0
0
0
0
0
4095
0
0
0
0
0
0
0
4095
0
0
0
0
0
0
0
4095
0
0
0
0
0
0
0
4095
0
0
0
0
0
0
0
4095
0
0
0
0
0
0
0
4095
0
0
0
0
0
0
0
4095
0
0
0
0
0
0
0
4095
0
0
0
0
0
0
0
4095
0
0
0
0
0
0
0
4095
0
0
0
0
0
0
0
4095
0
0
0
0
0
0
0
4095
0
0
0
0
0
0
0
4095
0
0
0
0
0
0
0
4095
0
0
0
0
0
0
0
4095
0
0
0
0
0
0
0
4095
0
0
0
0
0
0
0
4095
0
0
0
0
0
0
0
4095
0
0
0
0
0
0
0
4095
0
0
0
0
0
0
0
4095
0
0
0
0
0
0
0
4095
0
0
0
0
0
0
0
4095
0
0
0
0
0
0
0
4095
0
0
0
0
0
0
0
4095
0
0
0
0
0
0
0
4095
0
0
0
0
0
0
0
4095
0
0
0
0
0
0
0
4095
0
0
0
0
0
0
0
4095
0
0
0
0
0
0
0
4095
0
0
0
0
0
0
0
4095
0
0
0
0
0
0
0
4095
0
0
0
0
0
0
0
4095
0
0
0
0
0
0
0
4095
0
0
0
0
0
0
0
4095
0
0
0
0
0
0
0
4095
0
0
0
0
0
0
0
4095
0
0
0
0
0
0
0
4095
0
0
0
0
0
0
0
4095
0
0
0
0
0
0
0
4095
0
0
0
0
0
0
0
4095
0
0
0
0
0
0
0
4095
0
0
0
0
0
0
0
4095
0
0
0
0
0
0
0
4095
0
0
0
0
0
0
0
4095
0
0
0
0
0
0
0
4095
0
0
0
0
0
0
0
4095
0
0
0
0
0
0
0
4095
0
0
0
0
0
0
0
4095
0
0
0
0
0
0
0
4095
0
0
0
0
0
0
0
4095
0
0
0
0
0
0
0
4095
0
0
0
0
0
0
0
4095
0
0
0
0
0
0
0
4095
0
0
0
0
0
0
0
4095
0
0
0
0
0
0
0
4095
0
0
0
0
0
0
0
4095
0
0
0
0
0
0
0
4095
0
0
0
0
0
0
0
4095
0
0
0
0
0
0
0
4095
0
0
0
0
0
0
0
4095
0
0
0
0
0
0
0
4095
0
0
0
0
0
0
0
4095
0
0
0
0
0
0
0
4095
0
0
0
0
0
0
0
4095
0
0
0
0
0
0
0
4095
0
0
0
0
0
0
0
4095
0
0
0
0
0
0
0
4095
0
0
0
0
0
0
0
4095
0
0
0
0
0
0
0
4095
0
0
0
0
0
0
0
4095
0
0
0
0
0
0
0
4095
0
0
0
0
0
0
0
4095
0
0
0
0
0
0
0
4095
0
0
0
0
0
0
0
4095
0
0
0
0
0
0
0
4095
0
0
0
0
0
0
