0
4095
0
0
0
0
0
0
0
4095
0
0
0
0
0
0
0
4095
0
0
0
0
0
0
0
4095
0
0
0
0
0
0
0
4095
0
0
0
0
0
0
0
4095
0
0
0
0
0
0
0
4095
0
0
0
0
0
0
0
4095
0
0
0
0
0
0
0
4095
0
0
0
0
0
0
0
4095
0
0
0
0
0
0
0
4095
0
0
0
0
0
0
0
4095
0
0
0
0
0
0
0
4095
0
0
0
0
0
0
0
4095
0
0
0
0
0
0
0
4095
0
0
0
0
0
0
0
4095
0
0
0
0
0
0
0
4095
0
0
0
0
0
0
0
4095
0
0
0
0
0
0
0
4095
0
0
0
0
0
0
0
4095
0
0
0
0
0
0
0
4095
0
0
0
0
0
0
0
4095
0
0
0
0
0
0
0
4095
0
0
0
0
0
0
4093
4091
0
0
0
0
0
0
18
4078
0
0
0
0
0
0
5
4085
0
0
0
0
0
0
16
4079
0
0
0
0
0
0
6
4086
0
0
0
0
0
0
6
4084
0
0
0
0
0
0
17
4080
0
0
0
0
0
0
0
4084
0
0
0
0
0
0
31
4072
0
0
0
0
0
0
4091
4089
0
0
0
0
0
0
27
4076
0
0
0
0
0
0
4088
4092
0
0
0
0
0
0
18
4074
0
0
0
0
0
0
22
4079
0
0
0
0
0
0
4084
4089
0
0
0
0
0
0
48
4069
0
0
0
0
0
0
4051
9
0
0
0
0
0
0
73
4052
0
0
0
0
0
0
4050
10
0
0
0
0
0
0
66
4048
0
0
0
0
0
0
4082
3
0
0
0
0
0
0
5
4075
0
0
0
0
0
0
56
4068
0
0
0
0
0
0
4028
13
0
0
0
0
0
0
123
4037
0
0
0
0
0
0
3973
46
0
0
0
0
0
0
142
4019
0
0
0
0
0
0
3995
44
0
0
0
0
0
0
84
4036
0
0
0
0
0
0
4094
6
0
0
0
0
0
0
4052
4089
0
0
0
0
0
0
142
4036
0
0
0
0
0
0
3919
61
0
0
0
0
0
0
234
3986
0
0
0
0
0
0
3867
101
0
0
0
0
0
0
219
3974
0
0
0
0
0
0
3961
69
0
0
0
0
0
0
72
4026
0
0
0
0
0
0
68
4080
0
0
0
0
0
0
3941
34
0
0
0
0
0
0
283
3974
0
0
0
0
0
0
3770
128
0
0
0
0
0
0
382
3905
0
0
0
0
0
0
3774
149
0
0
0
0
0
0
272
3934
0
0
0
0
0
0
3978
76
0
0
0
0
0
0
4084
4053
0
0
0
0
0
0
201
4032
0
0
0
0
0
0
3762
113
0
0
0
0
0
0
472
3888
0
0
0
0
0
0
3587
224
0
0
0
0
0
0
511
3839
0
0
0
0
0
0
3694
208
0
0
0
0
0
0
256
3926
0
0
0
0
0
0
4069
52
0
0
0
0
0
0
3918
18
0
0
0
0
0
0
427
3932
0
0
0
0
0
0
3522
224
0
0
0
0
0
0
698
3776
0
0
0
0
0
0
3409
319
0
0
0
0
0
0
617
3766
0
0
0
0
0
0
3694
231
0
0
0
0
0
0
162
3946
0
0
0
0
0
0
159
4083
0
0
0
0
0
0
3659
128
0
0
0
0
0
0
713
3803
0
0
0
0
0
0
3243
362
0
0
0
0
0
0
921
3656
0
0
0
0
0
0
3273
405
0
0
0
0
0
0
638
3731
0
0
0
0
0
0
3791
214
0
0
0
0
0
0
4042
4025
0
0
0
0
0
0
455
3960
0
0
0
0
0
0
3320
278
0
0
0
0
0
0
1052
3638
0
0
0
0
0
0
2962
510
0
0
0
0
0
0
1104
3544
0
0
0
0
0
0
3223
462
0
0
0
0
0
0
543
3741
0
0
0
0
0
0
4023
132
0
0
0
0
0
0
3712
60
0
0
0
0
0
0
854
3782
0
0
0
0
0
0
2915
476
0
0
0
0
0
0
1397
3458
0
0
0
0
0
0
2724
650
0
0
0
0
0
0
1196
3465
0
0
0
0
0
0
3298
465
0
0
0
0
0
0
302
3821
0
0
0
0
0
0
293
4086
0
0
0
0
0
0
3249
265
0
0
0
0
0
0
1330
3557
0
0
0
0
0
0
2491
692
0
0
0
0
0
0
1707
3284
0
0
0
0
0
0
2573
764
0
0
0
0
0
0
1147
3442
0
0
0
0
0
0
3541
392
0
0
0
0
0
0
3999
3972
0
0
0
0
0
0
810
3861
0
0
0
0
0
0
2704
518
0
0
0
0
0
0
1839
3300
0
0
0
0
0
0
2105
906
0
0
0
0
0
0
1913
3143
0
0
0
0
0
0
2582
808
0
0
0
0
0
0
923
3497
0
0
0
0
0
0
3963
236
0
0
0
0
0
0
3432
119
0
0
0
0
0
0
1430
3576
0
0
0
0
0
0
2112
807
0
0
0
0
0
0
2321
3040
0
0
0
0
0
0
1817
1087
0
0
0
0
0
0
1966
3059
0
0
0
0
0
0
2789
768
0
0
0
0
0
0
486
3656
0
0
0
0
0
0
474
4081
0
0
0
0
0
0
2733
433
0
0
0
0
0
0
2126
3239
0
0
0
0
0
0
1530
1115
0
0
0
0
0
0
2699
2812
0
0
0
0
0
0
1694
1208
0
0
0
0
0
0
1805
3069
0
0
0
0
0
0
3222
622
0
0
0
0
0
0
3937
3915
0
0
0
0
0
0
1247
3736
0
0
0
0
0
0
1948
807
0
0
0
0
0
0
2814
2885
0
0
0
0
0
0
1040
1397
0
0
0
0
0
0
2917
2643
0
0
0
0
0
0
1793
1237
0
0
0
0
0
0
1386
3201
0
0
0
0
0
0
3889
361
0
0
0
0
0
0
3102
178
0
0
0
0
0
0
2141
3316
0
0
0
0
0
0
1135
1215
0
0
0
0
0
0
3435
2538
0
0
0
0
0
0
714
1625
0
0
0
0
0
0
2888
2577
0
0
0
0
0
0
2171
1135
0
0
0
0
0
0
709
3455
0
0
0
0
0
0
689
4078
0
0
0
0
0
0
2111
637
0
0
0
0
0
0
3078
2853
0
0
0
0
0
0
386
1619
0
0
0
0
0
0
3880
2254
0
0
0
0
0
0
641
1747
0
0
0
0
0
0
2573
2637
0
0
0
0
0
0
2843
895
0
0
0
0
0
0
3862
3845
0
0
0
0
0
0
1774
3586
0
0
0
0
0
0
1046
1157
0
0
0
0
0
0
3962
2391
0
0
0
0
0
0
3892
1975
0
0
0
0
0
0
4077
2066
0
0
0
0
0
0
875
1733
0
0
0
0
0
0
1932
2851
0
0
0
0
0
0
3806
507
0
0
0
0
0
0
2708
260
0
0
0
0
0
0
2955
3025
0
0
0
0
0
0
4
1691
0
0
0
0
0
0
616
1961
0
0
0
0
0
0
3551
2235
0
0
0
0
0
0
3951
2019
0
0
0
0
0
0
1459
1561
0
0
0
0
0
0
961
3227
0
0
0
0
0
0
936
4073
0
0
0
0
0
0
1399
873
0
0
0
0
0
0
61
2421
0
0
0
0
0
0
3181
2196
0
0
0
0
0
0
1121
1621
0
0
0
0
0
0
3545
2356
0
0
0
0
0
0
3439
2148
0
0
0
0
0
0
2415
1203
0
0
0
0
0
0
3783
3766
0
0
0
0
0
0
2354
3420
0
0
0
0
0
0
48
1536
0
0
0
0
0
0
1163
1829
0
0
0
0
0
0
2499
2620
0
0
0
0
0
0
1286
1416
0
0
0
0
0
0
3947
2288
0
0
0
0
0
0
2536
2465
0
0
0
0
0
0
3710
671
0
0
0
0
0
0
2276
345
0
0
0
0
0
0
3859
2694
0
0
0
0
0
0
2853
2207
0
0
0
0
0
0
2046
1310
0
0
0
0
0
0
2158
2911
0
0
0
0
0
0
1023
1405
0
0
0
0
0
0
684
2020
0
0
0
0
0
0
1239
2975
0
0
0
0
0
0
1212
4061
0
0
0
0
0
0
626
1125
0
0
0
0
0
0
1245
1944
0
0
0
0
0
0
1752
2829
0
0
0
0
0
0
2590
922
0
0
0
0
0
0
2251
3012
0
0
0
0
0
0
301
1604
0
0
0
0
0
0
1951
1537
0
0
0
0
0
0
3690
3685
0
0
0
0
0
0
2985
3242
0
0
0
0
0
0
3050
1959
0
0
0
0
0
0
2559
1231
0
0
0
0
0
0
987
3321
0
0
0
0
0
0
2697
713
0
0
0
0
0
0
2838
2889
0
0
0
0
0
0
3192
2040
0
0
0
0
0
0
3616
840
0
0
0
0
0
0
1808
442
0
0
0
0
0
0
733
2347
0
0
0
0
0
0
1506
2771
0
0
0
0
0
0
3571
620
0
0
0
0
0
0
659
3638
0
0
0
0
0
0
2280
745
0
0
0
0
0
0
3945
2518
0
0
0
0
0
0
1533
2713
0
0
0
0
0
0
1494
4061
0
0
0
0
0
0
3888
1404
0
0
0
0
0
0
2504
1437
0
0
0
0
0
0
242
3495
0
0
0
0
0
0
51
181
0
0
0
0
0
0
872
3715
0
0
0
0
0
0
3256
364
0
0
0
0
0
0
1464
1886
0
0
0
0
0
0
1406
1393
0
0
0
0
0
0
3658
3047
0
0
0
0
0
0
1733
2540
0
0
0
0
0
0
4037
592
0
0
0
0
0
0
3483
4069
0
0
0
0
0
0
80
4073
0
0
0
0
0
0
3823
94
0
0
0
0
0
0
1731
927
0
0
0
0
0
0
1618
3212
0
0
0
0
0
0
3222
2434
0
0
0
0
0
0
1933
1821
0
0
0
0
0
0
4035
3496
0
0
0
0
0
0
1078
3981
0
0
0
0
0
0
1243
976
0
0
0
0
0
0
1441
3482
0
0
0
0
0
0
1180
1134
0
0
0
0
0
0
3744
237
0
0
0
0
0
0
1963
3911
0
0
0
0
0
0
2855
1834
0
0
0
0
0
0
3822
898
0
0
0
0
0
0
2763
100
0
0
0
0
0
0
1661
3509
0
0
0
0
0
0
1599
1014
0
0
0
0
0
0
203
3870
0
0
0
0
0
0
3151
358
0
0
0
0
0
0
1305
1305
0
0
0
0
0
0
420
2706
0
0
0
0
0
0
550
2994
0
0
0
0
0
0
1466
4021
0
0
0
0
0
0
1795
1426
0
0
0
0
0
0
177
2248
0
0
0
0
0
0
1931
2986
0
0
0
0
0
0
1767
3883
0
0
0
0
0
0
2518
3663
0
0
0
0
0
0
2984
1987
0
0
0
0
0
0
2507
242
0
0
0
0
0
0
979
1792
0
0
0
0
0
0
3341
2255
0
0
0
0
0
0
788
124
0
0
0
0
0
0
114
1710
0
0
0
0
0
0
3306
3517
0
0
0
0
0
0
1637
924
0
0
0
0
0
0
3221
196
0
0
0
0
0
0
1367
2279
0
0
0
0
0
0
292
2296
0
0
0
0
0
0
2825
272
0
0
0
0
0
0
3339
264
0
0
0
0
0
0
1242
1668
0
0
0
0
0
0
553
3228
0
0
0
0
0
0
1170
2148
0
0
0
0
0
0
1770
1236
0
0
0
0
0
0
3768
48
0
0
0
0
0
0
2324
653
0
0
0
0
0
0
2190
3167
0
0
0
0
0
0
2707
2535
0
0
0
0
0
0
3909
2366
0
0
0
0
0
0
4028
4093
0
0
0
0
0
0
2507
2970
0
0
0
0
0
0
2306
3639
0
0
0
0
0
0
2454
993
0
0
0
0
0
0
1043
1617
0
0
0
0
0
0
2894
3128
0
0
0
0
0
0
1087
42
0
0
0
0
0
0
1601
3438
0
0
0
0
0
0
2477
103
0
0
0
0
0
0
602
3578
0
0
0
0
0
0
2540
1706
0
0
0
0
0
0
486
1144
0
0
0
0
0
0
2218
3473
0
0
0
0
0
0
2976
412
0
0
0
0
0
0
4
1527
0
0
0
0
0
0
2739
649
0
0
0
0
0
0
1934
3158
0
0
0
0
0
0
1013
2852
0
0
0
0
0
0
2514
306
0
0
0
0
0
0
429
2705
0
0
0
0
0
0
1529
34
0
0
0
0
0
0
1514
2491
0
0
0
0
0
0
2641
288
0
0
0
0
0
0
1579
2318
0
0
0
0
0
0
3655
212
0
0
0
0
0
0
3424
2754
0
0
0
0
0
0
1748
2094
0
0
0
0
0
0
479
915
0
0
0
0
0
0
4013
2877
0
0
0
0
0
0
347
3281
0
0
0
0
0
0
1356
3845
0
0
0
0
0
0
2819
1798
0
0
0
0
0
0
328
3717
0
0
0
0
0
0
2469
313
0
0
0
0
0
0
3587
3409
0
0
0
0
0
0
1112
3494
0
0
0
0
0
0
3012
3306
0
0
0
0
0
0
1502
333
0
0
0
0
0
0
603
1410
0
0
0
0
0
0
3790
3014
0
0
0
0
0
0
2851
1386
0
0
0
0
0
0
3875
3520
0
0
0
0
0
0
301
1236
0
0
0
0
0
0
238
147
0
0
0
0
0
0
4095
2449
0
0
0
0
0
0
1692
2494
0
0
0
0
0
0
3907
916
0
0
0
0
0
0
3970
3821
0
0
0
0
0
0
2832
624
0
0
0
0
0
0
83
4086
0
0
0
0
0
0
2278
3548
0
0
0
0
0
0
215
4087
0
0
0
0
0
0
3088
2288
0
0
0
0
0
0
3522
2743
0
0
0
0
0
0
2677
3324
0
0
0
0
0
0
2621
1853
0
0
0
0
0
0
4013
1811
0
0
0
0
0
0
3570
371
0
0
0
0
0
0
557
1348
0
0
0
0
0
0
1586
1167
0
0
0
0
0
0
3134
738
0
0
0
0
0
0
907
1567
0
0
0
0
0
0
2797
375
0
0
0
0
0
0
2245
2108
0
0
0
0
0
0
501
1722
0
0
0
0
0
0
1703
3183
0
0
0
0
0
0
2099
4050
0
0
0
0
0
0
1571
409
0
0
0
0
0
0
1139
3634
0
0
0
0
0
0
768
558
0
0
0
0
0
0
675
3712
0
0
0
0
0
0
3210
2605
0
0
0
0
0
0
3488
2534
0
0
0
0
0
0
2370
213
0
0
0
0
0
0
257
2290
0
0
0
0
0
0
172
2522
0
0
0
0
0
0
3192
1633
0
0
0
0
0
0
3948
1640
0
0
0
0
0
0
3300
2665
0
0
0
0
0
0
3718
1440
0
0
0
0
0
0
202
3814
0
0
0
0
0
0
2404
197
0
0
0
0
0
0
2631
697
0
0
0
0
0
0
3686
25
0
0
0
0
0
0
897
1570
0
0
0
0
0
0
3225
3270
0
0
0
0
0
0
2083
443
0
0
0
0
0
0
745
1794
0
0
0
0
0
0
907
2730
0
0
0
0
0
0
3224
2383
0
0
0
0
0
0
2081
3335
0
0
0
0
0
0
3169
385
0
0
0
0
0
0
360
1981
0
0
0
0
0
0
1797
3033
0
0
0
0
0
0
305
821
0
0
0
0
0
0
1267
3508
0
0
0
0
0
0
2274
2980
0
0
0
0
0
0
3823
3074
0
0
0
0
0
0
2215
1687
0
0
0
0
0
0
1558
786
0
0
0
0
0
0
3355
1464
0
0
0
0
0
0
1831
2948
0
0
0
0
0
0
1790
32
0
0
0
0
0
0
1283
2827
0
0
0
0
0
0
3260
3079
0
0
0
0
0
0
240
4082
0
0
0
0
0
0
1049
1340
0
0
0
0
0
0
191
2377
0
0
0
0
0
0
3049
1459
0
0
0
0
0
0
167
2033
0
0
0
0
0
0
3007
2100
0
0
0
0
0
0
2539
2039
0
0
0
0
0
0
708
3577
0
0
0
0
0
0
2950
827
0
0
0
0
0
0
3845
839
0
0
0
0
0
0
1017
3666
0
0
0
0
0
0
2891
560
0
0
0
0
0
0
2079
943
0
0
0
0
0
0
1154
3960
0
0
0
0
0
0
1665
3635
0
0
0
0
0
0
2126
3036
0
0
0
0
0
0
1592
3200
0
0
0
0
0
0
741
2621
0
0
0
0
0
0
1169
2171
0
0
0
0
0
0
2541
292
0
0
0
0
0
0
2599
1874
0
0
0
0
0
0
2274
2661
0
0
0
0
0
0
1732
139
0
0
0
0
0
0
975
2887
0
0
0
0
0
0
3910
2840
0
0
0
0
0
0
3457
356
0
0
0
0
0
0
2032
890
0
0
0
0
0
0
3335
2841
0
0
0
0
0
0
3839
1042
0
0
0
0
0
0
3742
2343
0
0
0
0
0
0
3188
1936
0
0
0
0
0
0
766
2702
0
0
0
0
0
0
213
3741
0
0
0
0
0
0
1799
2725
0
0
0
0
0
0
2940
1244
0
0
0
0
0
0
992
1531
0
0
0
0
0
0
3139
2049
0
0
0
0
0
0
4020
460
0
0
0
0
0
0
367
1071
0
0
0
0
0
0
136
1234
0
0
0
0
0
0
1234
4016
0
0
0
0
0
0
1183
4029
0
0
0
0
0
0
3492
3751
0
0
0
0
0
0
3145
3746
0
0
0
0
0
0
2638
1255
0
0
0
0
0
0
18
359
0
0
0
0
0
0
428
234
0
0
0
0
0
0
3801
896
0
0
0
0
0
0
3956
357
0
0
0
0
0
0
1002
2054
0
0
0
0
0
0
3619
1403
0
0
0
0
0
0
1154
1808
0
0
0
0
0
0
1422
669
0
0
0
0
0
0
353
717
0
0
0
0
0
0
3507
3088
0
0
0
0
0
0
2538
3028
0
0
0
0
0
0
2960
359
0
0
0
0
0
0
303
1529
0
0
0
0
0
0
1429
3839
0
0
0
0
0
0
2324
1478
0
0
0
0
0
0
1942
981
0
0
0
0
0
0
2556
2340
0
0
0
0
0
0
377
199
0
0
0
0
0
0
157
1222
0
0
0
0
0
0
95
1198
0
0
0
0
0
0
1510
3935
0
0
0
0
0
0
716
116
0
0
0
0
0
0
4074
3500
0
0
0
0
0
0
2523
4040
0
0
0
0
0
0
383
2308
0
0
0
0
0
0
3679
594
0
0
0
0
0
0
588
137
0
0
0
0
0
0
1815
1629
0
0
0
0
0
0
3787
385
0
0
0
0
0
0
3569
11
0
0
0
0
0
0
3144
1601
0
0
0
0
0
0
1862
1417
0
0
0
0
0
0
911
914
0
0
0
0
0
0
798
474
0
0
0
0
0
0
3233
3253
0
0
0
0
0
0
2634
2946
0
0
0
0
0
0
3042
366
0
0
0
0
0
0
33
1625
0
0
0
0
0
0
1813
3679
0
0
0
0
0
0
1878
1674
0
0
0
0
0
0
2398
758
0
0
0
0
0
0
894
1201
0
0
0
0
0
0
651
43
0
0
0
0
0
0
2073
576
0
0
0
0
0
0
72
1174
0
0
0
0
0
0
2545
3155
0
0
0
0
0
0
429
228
0
0
0
0
0
0
394
3294
0
0
0
0
0
0
2151
115
0
0
0
0
0
0
734
2128
0
0
0
0
0
0
3423
733
0
0
0
0
0
0
732
45
0
0
0
0
0
0
1793
1670
0
0
0
0
0
0
3681
414
0
0
0
0
0
0
3761
4042
0
0
0
0
0
0
2863
1726
0
0
0
0
0
0
3429
2623
0
0
0
0
0
0
628
1059
0
0
0
0
0
0
915
431
0
0
0
0
0
0
3092
3338
0
0
0
0
0
0
2684
2899
0
0
0
0
0
0
3090
361
0
0
0
0
0
0
4010
1661
0
0
0
0
0
0
2002
3598
0
0
0
0
0
0
3816
2442
0
0
0
0
0
0
2598
663
0
0
0
0
0
0
2000
2696
0
0
0
0
0
0
769
4071
0
0
0
0
0
0
3251
2059
0
0
0
0
0
0
62
1167
0
0
0
0
0
0
3830
491
0
0
0
0
0
0
331
268
0
0
0
0
0
0
2649
1392
0
0
0
0
0
0
2029
178
0
0
0
0
0
0
995
1941
0
0
0
0
0
0
3347
779
0
0
0
0
0
0
775
16
0
0
0
0
0
0
1785
1679
0
0
0
0
0
0
3662
418
0
0
0
0
0
0
3800
4024
0
0
0
0
0
0
2826
1741
0
0
0
0
0
0
3473
2597
0
0
0
0
0
0
602
1070
0
0
0
0
0
0
937
416
0
0
0
0
0
0
3089
3339
0
0
0
0
0
0
2687
2898
0
0
0
0
0
0
3089
360
0
0
0
0
0
0
4021
1661
0
0
0
0
0
0
1972
3611
0
0
0
0
0
0
3852
2429
0
0
0
0
0
0
2543
689
0
0
0
0
0
0
2050
2675
0
0
0
0
0
0
721
1
0
0
0
0
0
0
3275
2042
0
0
0
0
0
0
67
1172
0
0
0
0
0
0
3793
498
0
0
0
0
0
0
405
241
0
0
0
0
0
0
2547
1428
0
0
0
0
0
0
2162
116
0
0
0
0
0
0
869
2000
0
0
0
0
0
0
3457
720
0
0
0
0
0
0
709
56
0
0
0
0
0
0
1800
1657
0
0
0
0
0
0
3714
411
0
0
0
0
0
0
3675
4066
0
0
0
0
0
0
3008
1665
0
0
0
0
0
0
1987
1351
0
0
0
0
0
0
823
968
0
0
0
0
0
0
835
454
0
0
0
0
0
0
3217
3265
0
0
0
0
0
0
2629
2948
0
0
0
0
0
0
3039
359
0
0
0
0
0
0
72
1616
0
0
0
0
0
0
1742
3702
0
0
0
0
0
0
1991
1634
0
0
0
0
0
0
2244
826
0
0
0
0
0
0
1055
1124
0
0
0
0
0
0
521
111
0
0
0
0
0
0
2155
517
0
0
0
0
0
0
89
1190
0
0
0
0
0
0
2421
3184
0
0
0
0
0
0
672
140
0
0
0
0
0
0
54
3432
0
0
0
0
0
0
2547
4036
0
0
0
0
0
0
329
2328
0
0
0
0
0
0
3751
563
0
0
0
0
0
0
518
182
0
0
0
0
0
0
1821
1614
0
0
0
0
0
0
3845
389
0
0
0
0
0
0
3392
71
0
0
0
0
0
0
3406
1500
0
0
0
0
0
0
1526
1557
0
0
0
0
0
0
1284
744
0
0
0
0
0
0
446
656
0
0
0
0
0
0
3487
3104
0
0
0
0
0
0
2536
3032
0
0
0
0
0
0
2951
354
0
0
0
0
0
0
352
1524
0
0
0
0
0
0
1311
3872
0
0
0
0
0
0
2517
1401
0
0
0
0
0
0
1697
1083
0
0
0
0
0
0
2824
2212
0
0
0
0
0
0
150
321
0
0
0
0
0
0
286
1128
0
0
0
0
0
0
124
1224
0
0
0
0
0
0
1307
3981
0
0
0
0
0
0
1117
4069
0
0
0
0
0
0
3519
3726
0
0
0
0
0
0
3173
3750
0
0
0
0
0
0
2551
1286
0
0
0
0
0
0
132
304
0
0
0
0
0
0
334
291
0
0
0
0
0
0
3817
863
0
0
0
0
0
0
4053
344
0
0
0
0
0
0
762
2128
0
0
0
0
0
0
4004
1260
0
0
0
0
0
0
648
2024
0
0
0
0
0
0
1970
414
0
0
0
0
0
0
3940
973
0
0
0
0
0
0
3949
2165
0
0
0
0
0
0
3190
1937
0
0
0
0
0
0
766
2688
0
0
0
0
0
0
275
3739
0
0
0
0
0
0
1633
2774
0
0
0
0
0
0
3206
1146
0
0
0
0
0
0
3702
2564
0
0
0
0
0
0
2455
793
0
0
0
0
0
0
1084
3460
0
0
0
0
0
0
1054
4033
0
0
0
0
0
0
3599
1384
0
0
0
0
0
0
2215
2990
0
0
0
0
0
0
1349
3384
0
0
0
0
0
0
783
2584
0
0
0
0
0
0
1195
2182
0
0
0
0
0
0
2429
334
0
0
0
0
0
0
2739
1808
0
0
0
0
0
0
2154
2735
0
0
0
0
0
0
1754
96
0
0
0
0
0
0
1105
2869
0
0
0
0
0
0
3598
2932
0
0
0
0
0
0
3966
161
0
0
0
0
0
0
1383
1167
0
0
0
0
0
0
4042
2514
0
0
0
0
0
0
3188
1368
0
0
0
0
0
0
130
2058
0
0
0
0
0
0
3005
2102
0
0
0
0
0
0
2530
2024
0
0
0
0
0
0
800
3562
0
0
0
0
0
0
2739
895
0
0
0
0
0
0
76
718
0
0
0
0
0
0
592
3848
0
0
0
0
0
0
3340
347
0
0
0
0
0
0
1693
1154
0
0
0
0
0
0
1365
3811
0
0
0
0
0
0
1703
3692
0
0
0
0
0
0
1768
3123
0
0
0
0
0
0
2273
2958
0
0
0
0
0
0
3889
3011
0
0
0
0
0
0
2275
1677
0
0
0
0
0
0
1431
829
0
0
0
0
0
0
3529
1380
0
0
0
0
0
0
1689
3032
0
0
0
0
0
0
1829
4067
0
0
0
0
0
0
2916
2866
0
0
0
0
0
0
164
1144
0
0
0
0
0
0
3848
4031
0
0
0
0
0
0
2809
4080
0
0
0
0
0
0
2343
858
0
0
0
0
0
0
3847
4020
0
0
0
0
0
0
846
1609
0
0
0
0
0
0
2299
2483
0
0
0
0
0
0
2076
426
0
0
0
0
0
0
2815
73
0
0
0
0
0
0
669
2799
0
0
0
0
0
0
3770
2099
0
0
0
0
0
0
1591
3543
0
0
0
0
0
0
3703
128
0
0
0
0
0
0
4004
2227
0
0
0
0
0
0
2051
2851
0
0
0
0
0
0
2504
1549
0
0
0
0
0
0
853
3604
0
0
0
0
0
0
258
4094
0
0
0
0
0
0
3542
2482
0
0
0
0
0
0
3649
1662
0
0
0
0
0
0
104
2344
0
0
0
0
0
0
1595
3880
0
0
0
0
0
0
3024
1738
0
0
0
0
0
0
3061
2358
0
0
0
0
0
0
3468
2650
0
0
0
0
0
0
3103
3147
0
0
0
0
0
0
2143
2076
0
0
0
0
0
0
356
1581
0
0
0
0
0
0
3254
544
0
0
0
0
0
0
2694
560
0
0
0
0
0
0
1532
1205
0
0
0
0
0
0
3996
9
0
0
0
0
0
0
897
1547
0
0
0
0
0
0
2967
315
0
0
0
0
0
0
1975
2190
0
0
0
0
0
0
938
1556
0
0
0
0
0
0
1149
3419
0
0
0
0
0
0
2692
3767
0
0
0
0
0
0
1070
681
0
0
0
0
0
0
1418
3437
0
0
0
0
0
0
818
629
0
0
0
0
0
0
209
3823
0
0
0
0
0
0
2
2290
0
0
0
0
0
0
2243
430
0
0
0
0
0
0
53
61
0
0
0
0
0
0
4011
1896
0
0
0
0
0
0
1276
3995
0
0
0
0
0
0
3412
734
0
0
0
0
0
0
3443
1941
0
0
0
0
0
0
813
3934
0
0
0
0
0
0
3296
372
0
0
0
0
0
0
3382
1884
0
0
0
0
0
0
118
768
0
0
0
0
0
0
3782
2199
0
0
0
0
0
0
157
2920
0
0
0
0
0
0
1028
1525
0
0
0
0
0
0
2260
1936
0
0
0
0
0
0
2792
3457
0
0
0
0
0
0
1471
3768
0
0
0
0
0
0
2358
103
0
0
0
0
0
0
3344
2136
0
0
0
0
0
0
1426
3165
0
0
0
0
0
0
1587
1657
0
0
0
0
0
0
3904
1490
0
0
0
0
0
0
318
2735
0
0
0
0
0
0
1770
1200
0
0
0
0
0
0
2397
1022
0
0
0
0
0
0
2802
3288
0
0
0
0
0
0
2159
712
0
0
0
0
0
0
156
60
0
0
0
0
0
0
3422
323
0
0
0
0
0
0
1717
1802
0
0
0
0
0
0
2382
2608
0
0
0
0
0
0
2771
2521
0
0
0
0
0
0
2007
2251
0
0
0
0
0
0
3721
3620
0
0
0
0
0
0
3019
2818
0
0
0
0
0
0
1753
2257
0
0
0
0
0
0
3261
3566
0
0
0
0
0
0
3983
1754
0
0
0
0
0
0
3446
569
0
0
0
0
0
0
262
136
0
0
0
0
0
0
2512
1886
0
0
0
0
0
0
2485
3341
0
0
0
0
0
0
51
3900
0
0
0
0
0
0
750
1674
0
0
0
0
0
0
971
2904
0
0
0
0
0
0
1419
3864
0
0
0
0
0
0
3020
1958
0
0
0
0
0
0
2744
154
0
0
0
0
0
0
293
458
0
0
0
0
0
0
443
3535
0
0
0
0
0
0
396
2286
0
0
0
0
0
0
2307
3062
0
0
0
0
0
0
2625
2661
0
0
0
0
0
0
3723
2431
0
0
0
0
0
0
170
3983
0
0
0
0
0
0
2302
3095
0
0
0
0
0
0
874
3502
0
0
0
0
0
0
1619
3481
0
0
0
0
0
0
3781
985
0
0
0
0
0
0
1364
3242
0
0
0
0
0
0
302
497
0
0
0
0
0
0
3732
1024
0
0
0
0
0
0
1797
2818
0
0
0
0
0
0
3227
2804
0
0
0
0
0
0
3909
918
0
0
0
0
0
0
290
2442
0
0
0
0
0
0
1081
726
0
0
0
0
0
0
4057
2397
0
0
0
0
0
0
3830
3770
0
0
0
0
0
0
2695
2015
0
0
0
0
0
0
3865
2637
0
0
0
0
0
0
2216
3125
0
0
0
0
0
0
351
1917
0
0
0
0
0
0
2273
2531
0
0
0
0
0
0
2130
1120
0
0
0
0
0
0
3483
1997
0
0
0
0
0
0
3839
3160
0
0
0
0
0
0
622
2016
0
0
0
0
0
0
1625
3176
0
0
0
0
0
0
1261
3596
0
0
0
0
0
0
2257
577
0
0
0
0
0
0
3490
1096
0
0
0
0
0
0
2936
2514
0
0
0
0
0
0
2265
1755
0
0
0
0
0
0
3460
3773
0
0
0
0
0
0
1582
3723
0
0
0
0
0
0
866
1190
0
0
0
0
0
0
1640
3357
0
0
0
0
0
0
1119
1181
0
0
0
0
0
0
3732
247
0
0
0
0
0
0
1947
3888
0
0
0
0
0
0
2996
1806
0
0
0
0
0
0
3517
984
0
0
0
0
0
0
3272
4001
0
0
0
0
0
0
1013
3787
0
0
0
0
0
0
2287
687
0
0
0
0
0
0
3705
96
0
0
0
0
0
0
3486
115
0
0
0
0
0
0
1372
1383
0
0
0
0
0
0
3968
2842
0
0
0
0
0
0
1586
2629
0
0
0
0
0
0
7
524
0
0
0
0
0
0
3555
4065
0
0
0
0
0
0
1852
3463
0
0
0
0
0
0
4062
4079
0
0
0
0
0
0
1475
3624
0
0
0
0
0
0
1660
3140
0
0
0
0
0
0
1359
661
0
0
0
0
0
0
1402
1988
0
0
0
0
0
0
944
3037
0
0
0
0
0
0
4095
338
0
0
0
0
0
0
302
3837
0
0
0
0
0
0
2483
615
0
0
0
0
0
0
3889
2562
0
0
0
0
0
0
1526
2720
0
0
0
0
0
0
1474
4044
0
0
0
0
0
0
4019
1385
0
0
0
0
0
0
2201
1527
0
0
0
0
0
0
732
3311
0
0
0
0
0
0
3515
452
0
0
0
0
0
0
1543
3396
0
0
0
0
0
0
733
1346
0
0
0
0
0
0
1789
1655
0
0
0
0
0
0
3663
3672
0
0
0
0
0
0
3118
3182
0
0
0
0
0
0
2917
2035
0
0
0
0
0
0
2620
1169
0
0
0
0
0
0
1057
3318
0
0
0
0
0
0
2520
778
0
0
0
0
0
0
3069
2780
0
0
0
0
0
0
2997
2159
0
0
0
0
0
0
3664
763
0
0
0
0
0
0
2008
421
0
0
0
0
0
0
229
2500
0
0
0
0
0
0
2321
2461
0
0
0
0
0
0
2523
1062
0
0
0
0
0
0
1809
3106
0
0
0
0
0
0
1220
1281
0
0
0
0
0
0
623
2068
0
0
0
0
0
0
1226
2989
0
0
0
0
0
0
1186
4051
0
0
0
0
0
0
747
1112
0
0
0
0
0
0
953
2033
0
0
0
0
0
0
2221
2650
0
0
0
0
0
0
1993
1174
0
0
0
0
0
0
2890
2708
0
0
0
0
0
0
3850
1900
0
0
0
0
0
0
2263
1313
0
0
0
0
0
0
3753
3756
0
0
0
0
0
0
2483
3362
0
0
0
0
0
0
4011
1616
0
0
0
0
0
0
1214
1779
0
0
0
0
0
0
2558
2621
0
0
0
0
0
0
1119
1475
0
0
0
0
0
0
73
2185
0
0
0
0
0
0
2353
2575
0
0
0
0
0
0
3755
599
0
0
0
0
0
0
2462
330
0
0
0
0
0
0
3385
2842
0
0
0
0
0
0
3614
1917
0
0
0
0
0
0
1068
1723
0
0
0
0
0
0
3229
2416
0
0
0
0
0
0
30
1908
0
0
0
0
0
0
1406
1599
0
0
0
0
0
0
955
3229
0
0
0
0
0
0
931
4047
0
0
0
0
0
0
1517
853
0
0
0
0
0
0
3894
2496
0
0
0
0
0
0
3616
2031
0
0
0
0
0
0
570
1854
0
0
0
0
0
0
44
2069
0
0
0
0
0
0
2940
2415
0
0
0
0
0
0
2705
994
0
0
0
0
0
0
3841
3831
0
0
0
0
0
0
1889
3532
0
0
0
0
0
0
933
1222
0
0
0
0
0
0
4017
2338
0
0
0
0
0
0
3947
1974
0
0
0
0
0
0
3927
2118
0
0
0
0
0
0
1077
1637
0
0
0
0
0
0
1768
2951
0
0
0
0
0
0
3844
445
0
0
0
0
0
0
2878
244
0
0
0
0
0
0
2523
3154
0
0
0
0
0
0
706
1416
0
0
0
0
0
0
3828
2331
0
0
0
0
0
0
434
1784
0
0
0
0
0
0
3039
2483
0
0
0
0
0
0
2122
1173
0
0
0
0
0
0
700
3462
0
0
0
0
0
0
676
4062
0
0
0
0
0
0
2214
622
0
0
0
0
0
0
2838
2925
0
0
0
0
0
0
774
1473
0
0
0
0
0
0
3383
2466
0
0
0
0
0
0
1171
1492
0
0
0
0
0
0
2125
2878
0
0
0
0
0
0
3098
712
0
0
0
0
0
0
3917
3901
0
0
0
0
0
0
1358
3683
0
0
0
0
0
0
1848
864
0
0
0
0
0
0
2864
2837
0
0
0
0
0
0
1088
1399
0
0
0
0
0
0
2779
2693
0
0
0
0
0
0
1972
1151
0
0
0
0
0
0
1241
3288
0
0
0
0
0
0
3925
304
0
0
0
0
0
0
3248
167
0
0
0
0
0
0
1761
3436
0
0
0
0
0
0
1737
990
0
0
0
0
0
0
2645
2876
0
0
0
0
0
0
1571
1228
0
0
0
0
0
0
2098
2978
0
0
0
0
0
0
2744
801
0
0
0
0
0
0
483
3657
0
0
0
0
0
0
462
4067
0
0
0
0
0
0
2826
417
0
0
0
0
0
0
1920
3300
0
0
0
0
0
0
1860
994
0
0
0
0
0
0
2267
3002
0
0
0
0
0
0
2139
998
0
0
0
0
0
0
1417
3283
0
0
0
0
0
0
3435
472
0
0
0
0
0
0
3975
3971
0
0
0
0
0
0
891
3824
0
0
0
0
0
0
2623
565
0
0
0
0
0
0
1875
3265
0
0
0
0
0
0
2145
902
0
0
0
0
0
0
1811
3173
0
0
0
0
0
0
2732
735
0
0
0
0
0
0
808
3568
0
0
0
0
0
0
3988
189
0
0
0
0
0
0
3565
98
0
0
0
0
0
0
1122
3668
0
0
0
0
0
0
2617
616
0
0
0
0
0
0
1668
3318
0
0
0
0
0
0
2528
760
0
0
0
0
0
0
1308
3395
0
0
0
0
0
0
3263
494
0
0
0
0
0
0
297
3826
0
0
0
0
0
0
285
4075
0
0
0
0
0
0
3320
257
0
0
0
0
0
0
1164
3609
0
0
0
0
0
0
2755
593
0
0
0
0
0
0
1365
3429
0
0
0
0
0
0
2942
585
0
0
0
0
0
0
843
3604
0
0
0
0
0
0
3720
264
0
0
0
0
0
0
4034
4011
0
0
0
0
0
0
530
3923
0
0
0
0
0
0
3253
319
0
0
0
0
0
0
1079
3612
0
0
0
0
0
0
2987
515
0
0
0
0
0
0
1019
3574
0
0
0
0
0
0
3337
405
0
0
0
0
0
0
454
3797
0
0
0
0
0
0
4038
100
0
0
0
0
0
0
3807
49
0
0
0
0
0
0
617
3854
0
0
0
0
0
0
3301
329
0
0
0
0
0
0
898
3670
0
0
0
0
0
0
3271
397
0
0
0
0
0
0
689
3721
0
0
0
0
0
0
3671
247
0
0
0
0
0
0
164
3944
0
0
0
0
0
0
154
4076
0
0
0
0
0
0
3711
124
0
0
0
0
0
0
587
3845
0
0
0
0
0
0
3433
293
0
0
0
0
0
0
672
3763
0
0
0
0
0
0
3539
281
0
0
0
0
0
0
410
3853
0
0
0
0
0
0
3923
116
0
0
0
0
0
0
4075
4048
0
0
0
0
0
0
247
4011
0
0
0
0
0
0
3713
144
0
0
0
0
0
0
490
3870
0
0
0
0
0
0
3612
219
0
0
0
0
0
0
456
3853
0
0
0
0
0
0
3776
167
0
0
0
0
0
0
197
3960
0
0
0
0
0
0
4083
29
0
0
0
0
0
0
3986
12
0
0
0
0
0
0
255
3989
0
0
0
0
0
0
3785
126
0
0
0
0
0
0
353
3925
0
0
0
0
0
0
3781
149
0
0
0
0
0
0
265
3945
0
0
0
0
0
0
3946
82
0
0
0
0
0
0
66
4031
0
0
0
0
0
0
65
4075
0
0
0
0
0
0
3972
32
0
0
0
0
0
0
207
3998
0
0
0
0
0
0
3886
87
0
0
0
0
0
0
223
3976
0
0
0
0
0
0
3935
73
0
0
0
0
0
0
137
4007
0
0
0
0
0
0
4056
23
0
0
0
0
0
0
0
4072
0
0
0
0
0
0
80
4056
0
0
0
0
0
0
4007
24
0
0
0
0
0
0
136
4025
0
0
0
0
0
0
3980
49
0
0
0
0
0
0
115
4028
0
0
0
0
0
0
4030
28
0
0
0
0
0
0
52
4055
0
0
0
0
0
0
4
4091
0
0
0
0
0
0
4086
4084
0
0
0
0
0
0
60
4058
0
0
0
0
0
0
4056
7
0
0
0
0
0
0
67
4054
0
0
0
0
0
0
4062
8
0
0
0
0
0
0
44
4064
0
0
0
0
0
0
4086
4094
0
0
0
0
0
0
20
4072
0
0
0
0
0
0
22
4077
0
0
0
0
0
0
4095
4088
0
0
0
0
0
0
21
4080
0
0
0
0
0
0
4089
4091
0
0
0
0
0
0
22
4074
0
0
0
0
0
0
4
4084
0
0
0
0
0
0
17
4078
0
0
0
0
0
0
7
4086
0
0
0
0
0
0
6
4084
0
0
0
0
0
0
16
4079
0
0
0
0
0
0
6
4082
0
0
0
0
0
0
21
4076
0
0
0
0
0
0
9
4088
0
0
0
0
0
0
2
4093
0
0
0
0
0
0
0
4095
0
0
0
0
0
0
0
4095
0
0
0
0
0
0
0
4095
0
0
0
0
0
0
0
4095
0
0
0
0
0
0
0
4095
0
0
0
0
0
0
0
4095
0
0
0
0
0
0
0
4095
0
0
0
0
0
0
0
4095
0
0
0
0
0
0
0
4095
0
0
0
0
0
0
0
4095
0
0
0
0
0
0
0
4095
0
0
0
0
0
0
0
4095
0
0
0
0
0
0
0
4095
0
0
0
0
0
0
0
4095
0
0
0
0
0
0
0
4095
0
0
0
0
0
0
0
4095
0
0
0
0
0
0
0
4095
0
0
0
0
0
0
0
4095
0
0
0
0
0
0
0
4095
0
0
0
0
0
0
0
4095
0
0
0
0
0
0
0
4095
0
0
0
0
0
0
0
4095
0
0
0
0
0
0
0
4095
0
0
0
0
0
0
0
4095
0
0
0
0
0
0
0
4095
0
0
0
0
0
0
0
4095
0
0
0
0
0
0
0
4095
0
0
0
0
0
0
0
4095
0
0
0
0
0
0
0
4095
0
0
0
0
0
0
0
4095
0
0
0
0
0
0
0
4095
0
0
0
0
0
0
0
4095
0
0
0
0
0
0
0
4095
0
0
0
0
0
0
0
4095
0
0
0
0
0
0
0
4095
0
0
0
0
0
0
0
4095
0
0
0
0
0
0
0
4095
0
0
0
0
0
0
0
4095
0
0
0
0
0
0
0
4095
0
0
0
0
0
0
0
4095
0
0
0
0
0
0
0
4095
0
0
0
0
0
0
0
4095
0
0
0
0
0
0
0
4095
0
0
0
0
0
0
0
4095
0
0
0
0
0
0
0
4095
0
0
0
0
0
0
0
4095
0
0
0
0
0
0
0
4095
0
0
0
0
0
0
0
4095
0
0
0
0
0
0
0
4095
0
0
0
0
0
0
0
4095
0
0
0
0
0
0
0
4095
0
0
0
0
0
0
0
4095
0
0
0
0
0
0
0
4095
0
0
0
0
0
0
0
4095
0
0
0
0
0
0
0
4095
0
0
0
0
0
0
0
4095
0
0
0
0
0
0
0
4095
0
0
0
0
0
0
0
4095
0
0
0
0
0
0
0
4095
0
0
0
0
0
0
0
4095
0
0
0
0
0
0
0
4095
0
0
0
0
0
0
0
4095
0
0
0
0
0
0
0
4095
0
0
0
0
0
0
0
4095
0
0
0
0
0
0
0
4095
0
0
0
0
0
0
0
4095
0
0
0
0
0
0
0
4095
0
0
0
0
0
0
0
4095
0
0
0
0
0
0
0
4095
0
0
0
0
0
0
0
4095
0
0
0
0
0
0
0
4095
0
0
0
0
0
0
0
4095
0
0
0
0
0
0
0
4095
0
0
0
0
0
0
0
4095
0
0
0
0
0
0
0
4095
0
0
0
0
0
0
0
4095
0
0
0
0
0
0
0
4095
0
0
0
0
0
0
0
4095
0
0
0
0
0
0
0
4095
0
0
0
0
0
0
0
4095
0
0
0
0
0
0
0
4095
0
0
0
0
0
0
0
4095
0
0
0
0
0
0
0
4095
0
0
0
0
0
0
0
4095
0
0
0
0
0
0
0
4095
0
0
0
0
0
0
0
4095
0
0
0
0
0
0
0
4095
0
0
0
0
0
0
0
4095
0
0
0
0
0
0
0
4095
0
0
0
0
0
0
0
4095
0
0
0
0
0
0
0
4095
0
0
0
0
0
0
0
4095
0
0
0
0
0
0
0
4095
0
0
0
0
0
0
0
4095
0
0
0
0
0
0
0
4095
0
0
0
0
0
0
0
4095
0
0
0
0
0
0
0
4095
0
0
0
0
0
0
0
4095
0
0
0
0
0
0
0
4095
0
0
0
0
0
0
0
4095
0
0
0
0
0
0
0
4095
0
0
0
0
0
0
0
4095
0
0
0
0
0
0
0
4095
0
0
0
0
0
0
0
4095
0
0
0
0
0
0
0
4095
0
0
0
0
0
0
0
4095
0
0
0
0
0
0
0
4095
0
0
0
0
0
0
0
4095
0
0
0
0
0
0
0
4095
0
0
0
0
0
0
0
4095
0
0
0
0
0
0
0
4095
0
0
0
0
0
0
0
4095
0
0
0
0
0
0
0
4095
0
0
0
0
0
0
0
4095
0
0
0
0
0
0
0
4095
0
0
0
0
0
0
0
4095
0
0
0
0
0
0
0
4095
0
0
0
0
0
0
0
4095
0
0
0
0
0
0
0
4095
0
0
0
0
0
0
0
4095
0
0
0
0
0
0
0
4095
0
0
0
0
0
0
0
4095
0
0
0
0
0
0
0
4095
0
0
0
0
0
0
0
4095
0
0
0
0
0
0
0
4095
0
0
0
0
0
0
0
4095
0
0
0
0
0
0
0
4095
0
0
0
0
0
0
0
4095
0
0
0
0
0
0
0
4095
0
0
0
0
0
0
0
4095
0
0
0
0
0
0
0
4095
0
0
0
0
0
0
0
4095
0
0
0
0
0
0
0
4095
0
0
0
0
0
0
0
4095
0
0
0
0
0
0
0
4095
0
0
0
0
0
0
0
4095
0
0
0
0
0
0
0
4095
0
0
0
0
0
0
0
4095
0
0
0
0
0
0
0
4095
0
0
0
0
0
0
0
4095
0
0
0
0
0
0
0
4095
0
0
0
0
0
0
0
4095
0
0
0
0
0
0
0
4095
0
0
0
0
0
0
0
4095
0
0
0
0
0
0
0
4095
0
0
0
0
0
0
0
4095
0
0
0
0
0
0
0
4095
0
0
0
0
0
0
0
4095
0
0
0
0
0
0
0
4095
0
0
0
0
0
0
0
4095
0
0
0
0
0
0
0
4095
0
0
0
0
0
0
0
4095
0
0
0
0
0
0
0
4095
0
0
0
0
0
0
0
4095
0
0
0
0
0
0
0
4095
0
0
0
0
0
0
0
4095
0
0
0
0
0
0
0
4095
0
0
0
0
0
0
0
4095
0
0
0
0
0
0
0
4095
0
0
0
0
0
0
0
4095
0
0
0
0
0
0
0
4095
0
0
0
0
0
0
0
4095
0
0
0
0
0
0
0
4095
0
0
0
0
0
0
0
4095
0
0
0
0
0
0
0
4095
0
0
0
0
0
0
0
4095
0
0
0
0
0
0
0
4095
0
0
0
0
0
0
0
4095
0
0
0
0
0
0
0
4095
0
0
0
0
0
0
0
4095
0
0
0
0
0
0
0
4095
0
0
0
0
0
0
0
4095
0
0
0
0
0
0
0
4095
0
0
0
0
0
0
0
4095
0
0
0
0
0
0
0
4095
0
0
0
0
0
0
0
4095
0
0
0
0
0
0
0
4095
0
0
0
0
0
0
0
4095
0
0
0
0
0
0
0
4095
0
0
0
0
0
0
0
4095
0
0
0
0
0
0
0
4095
0
0
0
0
0
0
0
4095
0
0
0
0
0
0
0
4095
0
0
0
0
0
0
0
4095
0
0
0
0
0
0
0
4095
0
0
0
0
0
0
0
4095
0
0
0
0
0
0
0
4095
0
0
0
0
0
0
0
4095
0
0
0
0
0
0
0
4095
0
0
0
0
0
0
0
4095
0
0
0
0
0
0
0
4095
0
0
0
0
0
0
0
4095
0
0
0
0
0
0
0
4095
0
0
0
0
0
0
0
4095
0
0
0
0
0
0
0
4095
0
0
0
0
0
0
0
4095
0
0
0
0
0
0
0
4095
0
0
0
0
0
0
0
4095
0
0
0
0
0
0
0
4095
0
0
0
0
0
0
0
4095
0
0
0
0
0
0
0
4095
0
0
0
0
0
0
0
4095
0
0
0
0
0
0
0
4095
0
0
0
0
0
0
0
4095
0
0
0
0
0
0
0
4095
0
0
0
0
0
0
0
4095
0
0
0
0
0
0
0
4095
0
0
0
0
0
0
0
4095
0
0
0
0
0
0
0
4095
0
0
0
0
0
0
0
4095
0
0
0
0
0
0
0
4095
0
0
0
0
0
0
0
4095
0
0
0
0
0
0
0
4095
0
0
0
0
0
0
0
4095
0
0
0
0
0
0
0
4095
0
0
0
0
0
0
0
4095
0
0
0
0
0
0
0
4095
0
0
0
0
0
0
0
4095
0
0
0
0
0
0
0
4095
0
0
0
0
0
0
0
4095
0
0
0
0
0
0
0
4095
0
0
0
0
0
0
0
4095
0
0
0
0
0
0
0
4095
0
0
0
0
0
0
0
4095
0
0
0
0
0
0
0
4095
0
0
0
0
0
0
0
4095
0
0
0
0
0
0
0
4095
0
0
0
0
0
0
0
4095
0
0
0
0
0
0
0
4095
0
0
0
0
0
0
0
4095
0
0
0
0
0
0
0
4095
0
0
0
0
0
0
0
4095
0
0
0
0
0
0
0
4095
0
0
0
0
0
0
0
4095
0
0
0
0
0
0
0
4095
0
0
0
0
0
0
0
4095
0
0
0
0
0
0
0
4095
0
0
0
0
0
0
0
4095
0
0
0
0
0
0
0
4095
0
0
0
0
0
0
0
4095
0
0
0
0
0
0
0
4095
0
0
0
0
0
0
0
4095
0
0
0
0
0
0
0
4095
0
0
0
0
0
0
0
4095
0
0
0
0
0
0
0
4095
0
0
0
0
0
0
0
4095
0
0
0
0
0
0
0
4095
0
0
0
0
0
0
0
4095
0
0
0
0
0
0
0
4095
0
0
0
0
0
0
0
4095
0
0
0
0
0
0
0
4095
0
0
0
0
0
0
0
4095
0
0
0
0
0
0
0
4095
0
0
0
0
0
0
0
4095
0
0
0
0
0
0
0
4095
0
0
0
0
0
0
0
4095
0
0
0
0
0
0
0
4095
0
0
0
0
0
0
0
4095
0
0
0
0
0
0
0
4095
0
0
0
0
0
0
0
4095
0
0
0
0
0
0
0
4095
0
0
0
0
0
0
0
4095
0
0
0
0
0
0
0
4095
0
0
0
0
0
0
0
4095
0
0
0
0
0
0
0
4095
0
0
0
0
0
0
0
4095
0
0
0
0
0
0
0
4095
0
0
0
0
0
0
0
4095
0
0
0
0
0
0
0
4095
0
0
0
0
0
0
0
4095
0
0
0
0
0
0
0
4095
0
0
0
0
0
0
0
4095
0
0
0
0
0
0
0
4095
0
0
0
0
0
0
0
4095
0
0
0
0
0
0
0
4095
0
0
0
0
0
0
0
4095
0
0
0
0
0
0
0
4095
0
0
0
0
0
0
0
4095
0
0
0
0
0
0
0
4095
0
0
0
0
0
0
0
4095
0
0
0
0
0
0
0
4095
0
0
0
0
0
0
0
4095
0
0
0
0
0
0
0
4095
0
0
0
0
0
0
0
4095
0
0
0
0
0
0
0
4095
0
0
0
0
0
0
0
4095
0
0
0
0
0
0
0
4095
0
0
0
0
0
0
0
4095
0
0
0
0
0
0
0
4095
0
0
0
0
0
0
0
4095
0
0
0
0
0
0
0
4095
0
0
0
0
0
0
0
4095
0
0
0
0
0
0
0
4095
0
0
0
0
0
0
0
4095
0
0
0
0
0
0
0
4095
0
0
0
0
0
0
0
4095
0
0
0
0
0
0
0
4095
0
0
0
0
0
0
0
4095
0
0
0
0
0
0
0
4095
0
0
0
0
0
0
0
4095
0
0
0
0
0
0
0
4095
0
0
0
0
0
0
0
4095
0
0
0
0
0
0
0
4095
0
0
0
0
0
0
0
4095
0
0
0
0
0
0
0
4095
0
0
0
0
0
0
0
4095
0
0
0
0
0
0
0
4095
0
0
0
0
0
0
0
4095
0
0
0
0
0
0
0
4095
0
0
0
0
0
0
0
4095
0
0
0
0
0
0
0
4095
0
0
0
0
0
0
0
4095
0
0
0
0
0
0
0
4095
0
0
0
0
0
0
0
4095
0
0
0
0
0
0
0
4095
0
0
0
0
0
0
0
4095
0
0
0
0
0
0
0
4095
0
0
0
0
0
0
0
4095
0
0
0
0
0
0
0
4095
0
0
0
0
0
0
0
4095
0
0
0
0
0
0
0
4095
0
0
0
0
0
0
0
4095
0
0
0
0
0
0
0
4095
0
0
0
0
0
0
0
4095
0
0
0
0
0
0
0
4095
0
0
0
0
0
0
0
4095
0
0
0
0
0
0
0
4095
0
0
0
0
0
0
0
4095
0
0
0
0
0
0
0
4095
0
0
0
0
0
0
0
4095
0
0
0
0
0
0
0
4095
0
0
0
0
0
0
0
4095
0
0
0
0
0
0
0
4095
0
0
0
0
0
0
0
4095
0
0
0
0
0
0
0
4095
0
0
0
0
0
0
0
4095
0
0
0
0
0
0
0
4095
0
0
0
0
0
0
0
4095
0
0
0
0
0
0
0
4095
0
0
0
0
0
0
0
4095
0
0
0
0
0
0
0
4095
0
0
0
0
0
0
0
4095
0
0
0
0
0
0
0
4095
0
0
0
0
0
0
0
4095
0
0
0
0
0
0
0
4095
0
0
0
0
0
0
0
4095
0
0
0
0
0
0
0
4095
0
0
0
0
0
0
0
4095
0
0
0
0
0
0
0
4095
0
0
0
0
0
0
0
4095
0
0
0
0
0
0
0
4095
0
0
0
0
0
0
0
4095
0
0
0
0
0
0
0
4095
0
0
0
0
0
0
0
4095
0
0
0
0
0
0
0
4095
0
0
0
0
0
0
0
4095
0
0
0
0
0
0
0
4095
0
0
0
0
0
0
0
4095
0
0
0
0
0
0
0
4095
0
0
0
0
0
0
0
4095
0
0
0
0
0
0
0
4095
0
0
0
0
0
0
0
4095
0
0
0
0
0
0
0
4095
0
0
0
0
0
0
0
4095
0
0
0
0
0
0
0
4095
0
0
0
0
0
0
0
4095
0
0
0
0
0
0
0
4095
0
0
0
0
0
0
0
4095
0
0
0
0
0
0
0
4095
0
0
0
0
0
0
0
4095
0
0
0
0
0
0
0
4095
0
0
0
0
0
0
0
4095
0
0
0
0
0
0
0
4095
0
0
0
0
0
0
0
4095
0
0
0
0
0
0
0
4095
0
0
0
0
0
0
0
4095
0
0
0
0
0
0
0
4095
0
0
0
0
0
0
0
4095
0
0
0
0
0
0
0
4095
0
0
0
0
0
0
0
4095
0
0
0
0
0
0
0
4095
0
0
0
0
0
0
0
4095
0
0
0
0
0
0
0
4095
0
0
0
0
0
0
0
4095
0
0
0
0
0
0
0
4095
0
0
0
0
0
0
0
4095
0
0
0
0
0
0
0
4095
0
0
0
0
0
0
0
4095
0
0
0
0
0
0
0
4095
0
0
0
0
0
0
0
4095
0
0
0
0
0
0
0
4095
0
0
0
0
0
0
0
4095
0
0
0
0
0
0
0
4095
0
0
0
0
0
0
0
4095
0
0
0
0
0
0
0
4095
0
0
0
0
0
0
0
4095
0
0
0
0
0
0
0
4095
0
0
0
0
0
0
0
4095
0
0
0
0
0
0
0
4095
0
0
0
0
0
0
0
4095
0
0
0
0
0
0
0
4095
0
0
0
0
0
0
0
4095
0
0
0
0
0
0
0
4095
0
0
0
0
0
0
0
4095
0
0
0
0
0
0
0
4095
0
0
0
0
0
0
0
4095
0
0
0
0
0
0
0
4095
0
0
0
0
0
0
0
4095
0
0
0
0
0
0
0
4095
0
0
0
0
0
0
0
4095
0
0
0
0
0
0
0
4095
0
0
0
0
0
0
0
4095
0
0
0
0
0
0
0
4095
0
0
0
0
0
0
0
4095
0
0
0
0
0
0
0
4095
0
0
0
0
0
0
0
4095
0
0
0
0
0
0
0
4095
0
0
0
0
0
0
0
4095
0
0
0
0
0
0
0
4095
0
0
0
0
0
0
0
4095
0
0
0
0
0
0
0
4095
0
0
0
0
0
0
0
4095
0
0
0
0
0
0
0
4095
0
0
0
0
0
0
0
4095
0
0
0
0
0
0
0
4095
0
0
0
0
0
0
0
4095
0
0
0
0
0
0
0
4095
0
0
0
0
0
0
0
4095
0
0
0
0
0
0
0
4095
0
0
0
0
0
0
0
4095
0
0
0
0
0
0
0
4095
0
0
0
0
0
0
0
4095
0
0
0
0
0
0
0
4095
0
0
0
0
0
0
0
4095
0
0
0
0
0
0
0
4095
0
0
0
0
0
0
0
4095
0
0
0
0
0
0
0
4095
0
0
0
0
0
0
0
4095
0
0
0
0
0
0
0
4095
0
0
0
0
0
0
0
4095
0
0
0
0
0
0
0
4095
0
0
0
0
0
0
0
4095
0
0
0
0
0
0
0
4095
0
0
0
0
0
0
0
4095
0
0
0
0
0
0
0
4095
0
0
0
0
0
0
0
4095
0
0
0
0
0
0
0
4095
0
0
0
0
0
0
0
4095
0
0
0
0
0
0
0
4095
0
0
0
0
0
0
0
4095
0
0
0
0
0
0
0
4095
0
0
0
0
0
0
0
4095
0
0
0
0
0
0
0
4095
0
0
0
0
0
0
0
4095
0
0
0
0
0
0
0
4095
0
0
0
0
0
0
0
4095
0
0
0
0
0
0
0
4095
0
0
0
0
0
0
0
4095
0
0
0
0
0
0
0
4095
0
0
0
0
0
0
0
4095
0
0
0
0
0
0
0
4095
0
0
0
0
0
0
0
4095
0
0
0
0
0
0
0
4095
0
0
0
0
0
0
0
4095
0
0
0
0
0
0
0
4095
0
0
0
0
0
0
0
4095
0
0
0
0
0
0
0
4095
0
0
0
0
0
0
0
4095
0
0
0
0
0
0
0
4095
0
0
0
0
0
0
0
4095
0
0
0
0
0
0
0
4095
0
0
0
0
0
0
0
4095
0
0
0
0
0
0
0
4095
0
0
0
0
0
0
0
4095
0
0
0
0
0
0
0
4095
0
0
0
0
0
0
0
4095
0
0
0
0
0
0
0
4095
0
0
0
0
0
0
0
4095
0
0
0
0
0
0
0
4095
0
0
0
0
0
0
0
4095
0
0
0
0
0
0
0
4095
0
0
0
0
0
0
0
4095
0
0
0
0
0
0
0
4095
0
0
0
0
0
0
0
4095
0
0
0
0
0
0
0
4095
0
0
0
0
0
0
0
4095
0
0
0
0
0
0
0
4095
0
0
0
0
0
0
0
4095
0
0
0
0
0
0
0
4095
0
0
0
0
0
0
0
4095
0
0
0
0
0
0
0
4095
0
0
0
0
0
0
0
4095
0
0
0
0
0
0
0
4095
0
0
0
0
0
0
0
4095
0
0
0
0
0
0
0
4095
0
0
0
0
0
0
0
4095
0
0
0
0
0
0
0
4095
0
0
0
0
0
0
0
4095
0
0
0
0
0
0
0
4095
0
0
0
0
0
0
0
4095
0
0
0
0
0
0
0
4095
0
0
0
0
0
0
0
4095
0
0
0
0
0
0
0
4095
0
0
0
0
0
0
0
4095
0
0
0
0
0
0
0
4095
0
0
0
0
0
0
0
4095
0
0
0
0
0
0
0
4095
0
0
0
0
0
0
0
4095
0
0
0
0
0
0
0
4095
0
0
0
0
0
0
0
4095
0
0
0
0
0
0
0
4095
0
0
0
0
0
0
0
4095
0
0
0
0
0
0
0
4095
0
0
0
0
0
0
0
4095
0
0
0
0
0
0
0
4095
0
0
0
0
0
0
0
4095
0
0
0
0
0
0
0
4095
0
0
0
0
0
0
0
4095
0
0
0
0
0
0
0
4095
0
0
0
0
0
0
0
4095
0
0
0
0
0
0
0
4095
0
0
0
0
0
0
0
4095
0
0
0
0
0
0
0
4095
0
0
0
0
0
0
0
4095
0
0
0
0
0
0
0
4095
0
0
0
0
0
0
0
4095
0
0
0
0
0
0
0
4095
0
0
0
0
0
0
0
4095
0
0
0
0
0
0
0
4095
0
0
0
0
0
0
0
4095
0
0
0
0
0
0
0
4095
0
0
0
0
0
0
0
4095
0
0
0
0
0
0
0
4095
0
0
0
0
0
0
0
4095
0
0
0
0
0
0
0
4095
0
0
0
0
0
0
0
4095
0
0
0
0
0
0
0
4095
0
0
0
0
0
0
0
4095
0
0
0
0
0
0
0
4095
0
0
0
0
0
0
0
4095
0
0
0
0
0
0
0
4095
0
0
0
0
0
0
0
4095
0
0
0
0
0
0
0
4095
0
0
0
0
0
0
0
4095
0
0
0
0
0
0
0
4095
0
0
0
0
0
0
0
4095
0
0
0
0
0
0
0
4095
0
0
0
0
0
0
0
4095
0
0
0
0
0
0
0
4095
0
0
0
0
0
0
0
4095
0
0
0
0
0
0
0
4095
0
0
0
0
0
0
0
4095
0
0
0
0
0
0
0
4095
0
0
0
0
0
0
0
4095
0
0
0
0
0
0
0
4095
0
0
0
0
0
0
0
4095
0
0
0
0
0
0
0
4095
0
0
0
0
0
0
0
4095
0
0
0
0
0
0
0
4095
0
0
0
0
0
0
0
4095
0
0
0
0
0
0
0
4095
0
0
0
0
0
0
0
4095
0
0
0
0
0
0
0
4095
0
0
0
0
0
0
0
4095
0
0
0
0
0
0
0
4095
0
0
0
0
0
0
0
4095
0
0
0
0
0
0
0
4095
0
0
0
0
0
0
0
4095
0
0
0
0
0
0
0
4095
0
0
0
0
0
0
0
4095
0
0
0
0
0
0
0
4095
0
0
0
0
0
0
0
4095
0
0
0
0
0
0
0
4095
0
0
0
0
0
0
0
4095
0
0
0
0
0
0
0
4095
0
0
0
0
0
0
0
4095
0
0
0
0
0
0
0
4095
0
0
0
0
0
0
0
4095
0
0
0
0
0
0
0
4095
0
0
0
0
0
0
0
4095
0
0
0
0
0
0
0
4095
0
0
0
0
0
0
0
4095
0
0
0
0
0
0
0
4095
0
0
0
0
0
0
0
4095
0
0
0
0
0
0
0
4095
0
0
0
0
0
0
0
4095
0
0
0
0
0
0
0
4095
0
0
0
0
0
0
0
4095
0
0
0
0
0
0
0
4095
0
0
0
0
0
0
0
4095
0
0
0
0
0
0
0
4095
0
0
0
0
0
0
0
4095
0
0
0
0
0
0
0
4095
0
0
0
0
0
0
0
4095
0
0
0
0
0
0
0
4095
0
0
0
0
0
0
0
4095
0
0
0
0
0
0
0
4095
0
0
0
0
0
0
0
4095
0
0
0
0
0
0
0
4095
0
0
0
0
0
0
0
4095
0
0
0
0
0
0
0
4095
0
0
0
0
0
0
0
4095
0
0
0
0
0
0
0
4095
0
0
0
0
0
0
0
4095
0
0
0
0
0
0
0
4095
0
0
0
0
0
0
0
4095
0
0
0
0
0
0
0
4095
0
0
0
0
0
0
0
4095
0
0
0
0
0
0
0
4095
0
0
0
0
0
0
0
4095
0
0
0
0
0
0
0
4095
0
0
0
0
0
0
0
4095
0
0
0
0
0
0
0
4095
0
0
0
0
0
0
0
4095
0
0
0
0
0
0
0
4095
0
0
0
0
0
0
0
4095
0
0
0
0
0
0
0
4095
0
0
0
0
0
0
0
4095
0
0
0
0
0
0
0
4095
0
0
0
0
0
0
0
4095
0
0
0
0
0
0
0
4095
0
0
0
0
0
0
0
4095
0
0
0
0
0
0
0
4095
0
0
0
0
0
0
0
4095
0
0
0
0
0
0
0
4095
0
0
0
0
0
0
0
4095
0
0
0
0
0
0
0
4095
0
0
0
0
0
0
0
4095
0
0
0
0
0
0
0
4095
0
0
0
0
0
0
0
4095
0
0
0
0
0
0
0
4095
0
0
0
0
0
0
0
4095
0
0
0
0
0
0
0
4095
0
0
0
0
0
0
0
4095
0
0
0
0
0
0
0
4095
0
0
0
0
0
0
0
4095
0
0
0
0
0
0
0
4095
0
0
0
0
0
0
0
4095
0
0
0
0
0
0
0
4095
0
0
0
0
0
0
0
4095
0
0
0
0
0
0
0
4095
0
0
0
0
0
0
0
4095
0
0
0
0
0
0
0
4095
0
0
0
0
0
0
0
4095
0
0
0
0
0
0
0
4095
0
0
0
0
0
0
0
4095
0
0
0
0
0
0
0
4095
0
0
0
0
0
0
0
4095
0
0
0
0
0
0
0
4095
0
0
0
0
0
0
0
4095
0
0
0
0
0
0
0
4095
0
0
0
0
0
0
0
4095
0
0
0
0
0
0
0
4095
0
0
0
0
0
0
0
4095
0
0
0
0
0
0
0
4095
0
0
0
0
0
0
0
4095
0
0
0
0
0
0
0
4095
0
0
0
0
0
0
0
4095
0
0
0
0
0
0
0
4095
0
0
0
0
0
0
0
4095
0
0
0
0
0
0
0
4095
0
0
0
0
0
0
0
4095
0
0
0
0
0
0
0
4095
0
0
0
0
0
0
0
4095
0
0
0
0
0
0
0
4095
0
0
0
0
0
0
0
4095
0
0
0
0
0
0
0
4095
0
0
0
0
0
0
0
4095
0
0
0
0
0
0
0
4095
0
0
0
0
0
0
0
4095
0
0
0
0
0
0
0
4095
0
0
0
0
0
0
0
4095
0
0
0
0
0
0
0
4095
0
0
0
0
0
0
0
4095
0
0
0
0
0
0
0
4095
0
0
0
0
0
0
0
4095
0
0
0
0
0
0
0
4095
0
0
0
0
0
0
0
4095
0
0
0
0
0
0
0
4095
0
0
0
0
0
0
0
4095
0
0
0
0
0
0
0
4095
0
0
0
0
0
0
0
4095
0
0
0
0
0
0
0
4095
0
0
0
0
0
0
0
4095
0
0
0
0
0
0
0
4095
0
0
0
0
0
0
0
4095
0
0
0
0
0
0
0
4095
0
0
0
0
0
0
0
4095
0
0
0
0
0
0
0
4095
0
0
0
0
0
0
0
4095
0
0
0
0
0
0
0
4095
0
0
0
0
0
0
0
4095
0
0
0
0
0
0
0
4095
0
0
0
0
0
0
0
4095
0
0
0
0
0
0
0
4095
0
0
0
0
0
0
0
4095
0
0
0
0
0
0
0
4095
0
0
0
0
0
0
0
4095
0
0
0
0
0
0
0
4095
0
0
0
0
0
0
0
4095
0
0
0
0
0
0
0
4095
0
0
0
0
0
0
0
4095
0
0
0
0
0
0
0
4095
0
0
0
0
0
0
0
4095
0
0
0
0
0
0
0
4095
0
0
0
0
0
0
0
4095
0
0
0
0
0
0
0
4095
0
0
0
0
0
0
0
4095
0
0
0
0
0
0
0
4095
0
0
0
0
0
0
0
4095
0
0
0
0
0
0
0
4095
0
0
0
0
0
0
0
4095
0
0
0
0
0
0
0
4095
0
0
0
0
0
0
0
4095
0
0
0
0
0
0
0
4095
0
0
0
0
0
0
0
4095
0
0
0
0
0
0
0
4095
0
0
0
0
0
0
0
4095
0
0
0
0
0
0
0
4095
0
0
0
0
0
0
0
4095
0
0
0
0
0
0
0
4095
0
0
0
0
0
0
0
4095
0
0
0
0
0
0
0
4095
0
0
0
0
0
0
0
4095
0
0
0
0
0
0
0
4095
0
0
0
0
0
0
0
4095
0
0
0
0
0
0
0
4095
0
0
0
0
0
0
0
4095
0
0
0
0
0
0
0
4095
0
0
0
0
0
0
0
4095
0
0
0
0
0
0
0
4095
0
0
0
0
0
0
0
4095
0
0
0
0
0
0
0
4095
0
0
0
0
0
0
0
4095
0
0
0
0
0
0
0
4095
0
0
0
0
0
0
0
4095
0
0
0
0
0
0
0
4095
0
0
0
0
0
0
0
4095
0
0
0
0
0
0
0
4095
0
0
0
0
0
0
0
4095
0
0
0
0
0
0
0
4095
0
0
0
0
0
0
0
4095
0
0
0
0
0
0
0
4095
0
0
0
0
0
0
0
4095
0
0
0
0
0
0
0
4095
0
0
0
0
0
0
0
4095
0
0
0
0
0
0
0
4095
0
0
0
0
0
0
0
4095
0
0
0
0
0
0
0
4095
0
0
0
0
0
0
0
4095
0
0
0
0
0
0
0
4095
0
0
0
0
0
0
0
4095
0
0
0
0
0
0
0
4095
0
0
0
0
0
0
0
4095
0
0
0
0
0
0
0
4095
0
0
0
0
0
0
0
4095
0
0
0
0
0
0
0
4095
0
0
0
0
0
0
0
4095
0
0
0
0
0
0
0
4095
0
0
0
0
0
0
0
4095
0
0
0
0
0
0
0
4095
0
0
0
0
0
0
0
4095
0
0
0
0
0
0
0
4095
0
0
0
0
0
0
0
4095
0
0
0
0
0
0
0
4095
0
0
0
0
0
0
0
4095
0
0
0
0
0
0
0
4095
0
0
0
0
0
0
0
4095
0
0
0
0
0
0
0
4095
0
0
0
0
0
0
0
4095
0
0
0
0
0
0
0
4095
0
0
0
0
0
0
0
4095
0
0
0
0
0
0
0
4095
0
0
0
0
0
0
0
4095
0
0
0
0
0
0
0
4095
0
0
0
0
0
0
0
4095
0
0
0
0
0
0
0
4095
0
0
0
0
0
0
0
4095
0
0
0
0
0
0
0
4095
0
0
0
0
0
0
0
4095
0
0
0
0
0
0
0
4095
0
0
0
0
0
0
0
4095
0
0
0
0
0
0
0
4095
0
0
0
0
0
0
0
4095
0
0
0
0
0
0
0
4095
0
0
0
0
0
0
0
4095
0
0
0
0
0
0
0
4095
0
0
0
0
0
0
0
4095
0
0
0
0
0
0
0
4095
0
0
0
0
0
0
0
4095
0
0
0
0
0
0
0
4095
0
0
0
0
0
0
0
4095
0
0
0
0
0
0
0
4095
0
0
0
0
0
0
0
4095
0
0
0
0
0
0
0
4095
0
0
0
0
0
0
0
4095
0
0
0
0
0
0
0
4095
0
0
0
0
0
0
0
4095
0
0
0
0
0
0
0
4095
0
0
0
0
0
0
0
4095
0
0
0
0
0
0
0
4095
0
0
0
0
0
0
0
4095
0
0
0
0
0
0
0
4095
0
0
0
0
0
0
0
4095
0
0
0
0
0
0
0
4095
0
0
0
0
0
0
0
4095
0
0
0
0
0
0
0
4095
0
0
0
0
0
0
0
4095
0
0
0
0
0
0
0
4095
0
0
0
0
0
0
0
4095
0
0
0
0
0
0
0
4095
0
0
0
0
0
0
0
4095
0
0
0
0
0
0
0
4095
0
0
0
0
0
0
0
4095
0
0
0
0
0
0
0
4095
0
0
0
0
0
0
0
4095
0
0
0
0
0
0
0
4095
0
0
0
0
0
0
0
4095
0
0
0
0
0
0
0
4095
0
0
0
0
0
0
0
4095
0
0
0
0
0
0
0
4095
0
0
0
0
0
0
0
4095
0
0
0
0
0
0
0
4095
0
0
0
0
0
0
0
4095
0
0
0
0
0
0
0
4095
0
0
0
0
0
0
0
4095
0
0
0
0
0
0
0
4095
0
0
0
0
0
0
0
4095
0
0
0
0
0
0
0
4095
0
0
0
0
0
0
0
4095
0
0
0
0
0
0
0
4095
0
0
0
0
0
0
0
4095
0
0
0
0
0
0
0
4095
0
0
0
0
0
0
0
4095
0
0
0
0
0
0
0
4095
0
0
0
0
0
0
0
4095
0
0
0
0
0
0
0
4095
0
0
0
0
0
0
0
4095
0
0
0
0
0
0
0
4095
0
0
0
0
0
0
0
4095
0
0
0
0
0
0
0
4095
0
0
0
0
0
0
0
4095
0
0
0
0
0
0
0
4095
0
0
0
0
0
0
0
4095
0
0
0
0
0
0
0
4095
0
0
0
0
0
0
0
4095
0
0
0
0
0
0
0
4095
0
0
0
0
0
0
0
4095
0
0
0
0
0
0
0
4095
0
0
0
0
0
0
0
4095
0
0
0
0
0
0
0
4095
0
0
0
0
0
0
0
4095
0
0
0
0
0
0
0
4095
0
0
0
0
0
0
0
4095
0
0
0
0
0
0
0
4095
0
0
0
0
0
0
0
4095
0
0
0
0
0
0
0
4095
0
0
0
0
0
0
0
4095
0
0
0
0
0
0
0
4095
0
0
0
0
0
0
0
4095
0
0
0
0
0
0
0
4095
0
0
0
0
0
0
0
4095
0
0
0
0
0
0
0
4095
0
0
0
0
0
0
0
4095
0
0
0
0
0
0
0
4095
0
0
0
0
0
0
0
4095
0
0
0
0
0
0
0
4095
0
0
0
0
0
0
0
4095
0
0
0
0
0
0
0
4095
0
0
0
0
0
0
0
4095
0
0
0
0
0
0
0
4095
0
0
0
0
0
0
0
4095
0
0
0
0
0
0
0
4095
0
0
0
0
0
0
0
4095
0
0
0
0
0
0
0
4095
0
0
0
0
0
0
0
4095
0
0
0
0
0
0
0
4095
0
0
0
0
0
0
0
4095
0
0
0
0
0
0
0
4095
0
0
0
0
0
0
0
4095
0
0
0
0
0
0
0
4095
0
0
0
0
0
0
0
4095
0
0
0
0
0
0
0
4095
0
0
0
0
0
0
0
4095
0
0
0
0
0
0
0
4095
0
0
0
0
0
0
0
4095
0
0
0
0
0
0
0
4095
0
0
0
0
0
0
0
4095
0
0
0
0
0
0
0
4095
0
0
0
0
0
0
0
4095
0
0
0
0
0
0
0
4095
0
0
0
0
0
0
0
4095
0
0
0
0
0
0
0
4095
0
0
0
0
0
0
0
4095
0
0
0
0
0
0
0
4095
0
0
0
0
0
0
0
4095
0
0
0
0
0
0
0
4095
0
0
0
0
0
0
0
4095
0
0
0
0
0
0
0
4095
0
0
0
0
0
0
0
4095
0
0
0
0
0
0
0
4095
0
0
0
0
0
0
0
4095
0
0
0
0
0
0
0
4095
0
0
0
0
0
0
0
4095
0
0
0
0
0
0
0
4095
0
0
0
0
0
0
0
4095
0
0
0
0
0
0
0
4095
0
0
0
0
0
0
0
4095
0
0
0
0
0
0
0
4095
0
0
0
0
0
0
0
4095
0
0
0
0
0
0
0
4095
0
0
0
0
0
0
0
4095
0
0
0
0
0
0
0
4095
0
0
0
0
0
0
0
4095
0
0
0
0
0
0
0
4095
0
0
0
0
0
0
0
4095
0
0
0
0
0
0
0
4095
0
0
0
0
0
0
0
4095
0
0
0
0
0
0
0
4095
0
0
0
0
0
0
0
4095
0
0
0
0
0
0
0
4095
0
0
0
0
0
0
0
4095
0
0
0
0
0
0
0
4095
0
0
0
0
0
0
0
4095
0
0
0
0
0
0
0
4095
0
0
0
0
0
0
0
4095
0
0
0
0
0
0
0
4095
0
0
0
0
0
0
0
4095
0
0
0
0
0
0
0
4095
0
0
0
0
0
0
0
4095
0
0
0
0
0
0
0
4095
0
0
0
0
0
0
0
4095
0
0
0
0
0
0
0
4095
0
0
0
0
0
0
0
4095
0
0
0
0
0
0
0
4095
0
0
0
0
0
0
0
4095
0
0
0
0
0
0
0
4095
0
0
0
0
0
0
0
4095
0
0
0
0
0
0
0
4095
0
0
0
0
0
0
0
4095
0
0
0
0
0
0
0
4095
0
0
0
0
0
0
0
4095
0
0
0
0
0
0
0
4095
0
0
0
0
0
0
0
4095
0
0
0
0
0
0
0
4095
0
0
0
0
0
0
0
4095
0
0
0
0
0
0
0
4095
0
0
0
0
0
0
0
4095
0
0
0
0
0
0
0
4095
0
0
0
0
0
0
0
4095
0
0
0
0
0
0
0
4095
0
0
0
0
0
0
0
4095
0
0
0
0
0
0
0
4095
0
0
0
0
0
0
0
4095
0
0
0
0
0
0
0
4095
0
0
0
0
0
0
0
4095
0
0
0
0
0
0
0
4095
0
0
0
0
0
0
0
4095
0
0
0
0
0
0
0
4095
0
0
0
0
0
0
0
4095
0
0
0
0
0
0
0
4095
0
0
0
0
0
0
0
4095
0
0
0
0
0
0
0
4095
0
0
0
0
0
0
0
4095
0
0
0
0
0
0
0
4095
0
0
0
0
0
0
0
4095
0
0
0
0
0
0
0
4095
0
0
0
0
0
0
0
4095
0
0
0
0
0
0
0
4095
0
0
0
0
0
0
0
4095
0
0
0
0
0
0
0
4095
0
0
0
0
0
0
0
4095
0
0
0
0
0
0
0
4095
0
0
0
0
0
0
0
4095
0
0
0
0
0
0
0
4095
0
0
0
0
0
0
0
4095
0
0
0
0
0
0
0
4095
0
0
0
0
0
0
0
4095
0
0
0
0
0
0
0
4095
0
0
0
0
0
0
