0
0
0
0
0
0
0
0
0
0
0
0
0
0
0
0
0
0
0
0
0
0
0
0
0
0
0
0
0
0
0
0
0
0
0
0
0
0
0
0
0
0
0
0
0
0
0
0
0
0
0
0
0
0
0
0
0
0
0
0
0
0
0
0
0
0
0
0
0
0
0
0
0
0
0
0
0
0
0
0
0
0
0
0
0
0
0
0
0
0
0
0
0
0
0
0
0
0
0
0
0
0
0
0
0
0
0
0
0
0
0
0
0
0
0
0
0
0
0
0
0
0
0
0
0
0
0
0
0
0
0
0
0
0
0
0
0
0
0
0
0
0
0
0
0
0
0
0
0
0
0
0
0
0
0
0
0
0
0
0
0
0
0
0
0
0
0
0
0
0
0
0
0
0
0
0
0
0
0
0
0
0
0
0
4094
4093
0
0
0
0
0
0
4093
4094
0
0
0
0
0
0
4095
4094
0
0
0
0
0
0
4093
4093
0
0
0
0
0
0
4095
4095
0
0
0
0
0
0
4094
4094
0
0
0
0
0
0
4094
4095
0
0
0
0
0
0
4094
4092
0
0
0
0
0
0
4093
0
0
0
0
0
0
0
4095
4092
0
0
0
0
0
0
4089
4092
0
0
0
0
0
0
1
0
0
0
0
0
0
0
4089
4089
0
0
0
0
0
0
0
4
0
0
0
0
0
0
4092
4088
0
0
0
0
0
0
4092
3
0
0
0
0
0
0
3
4091
0
0
0
0
0
0
4085
4095
0
0
0
0
0
0
9
1
0
0
0
0
0
0
4083
4084
0
0
0
0
0
0
7
10
0
0
0
0
0
0
4089
4078
0
0
0
0
0
0
4092
12
0
0
0
0
0
0
6
4082
0
0
0
0
0
0
4078
2
0
0
0
0
0
0
18
2
0
0
0
0
0
0
4071
4080
0
0
0
0
0
0
17
18
0
0
0
0
0
0
4080
4067
0
0
0
0
0
0
0
24
0
0
0
0
0
0
6
4071
0
0
0
0
0
0
4073
10
0
0
0
0
0
0
29
4094
0
0
0
0
0
0
4058
4079
0
0
0
0
0
0
32
25
0
0
0
0
0
0
4066
4055
0
0
0
0
0
0
11
40
0
0
0
0
0
0
2
4054
0
0
0
0
0
0
4070
26
0
0
0
0
0
0
37
4082
0
0
0
0
0
0
4042
4083
0
0
0
0
0
0
51
29
0
0
0
0
0
0
4047
4045
0
0
0
0
0
0
28
59
0
0
0
0
0
0
4087
4033
0
0
0
0
0
0
4074
48
0
0
0
0
0
0
42
4065
0
0
0
0
0
0
4028
4095
0
0
0
0
0
0
72
28
0
0
0
0
0
0
4023
4036
0
0
0
0
0
0
52
75
0
0
0
0
0
0
4067
4009
0
0
0
0
0
0
4086
75
0
0
0
0
0
0
40
4037
0
0
0
0
0
0
4018
18
0
0
0
0
0
0
93
16
0
0
0
0
0
0
3995
4035
0
0
0
0
0
0
82
88
0
0
0
0
0
0
4039
3985
0
0
0
0
0
0
9
105
0
0
0
0
0
0
33
4007
0
0
0
0
0
0
4014
47
0
0
0
0
0
0
109
4092
0
0
0
0
0
0
3967
4043
0
0
0
0
0
0
116
94
0
0
0
0
0
0
4003
3964
0
0
0
0
0
0
42
137
0
0
0
0
0
0
11
3967
0
0
0
0
0
0
4021
86
0
0
0
0
0
0
118
4060
0
0
0
0
0
0
3942
4062
0
0
0
0
0
0
152
89
0
0
0
0
0
0
3960
3951
0
0
0
0
0
0
82
166
0
0
0
0
0
0
4075
3926
0
0
0
0
0
0
4039
132
0
0
0
0
0
0
117
4016
0
0
0
0
0
0
3923
0
0
0
0
0
0
0
187
73
0
0
0
0
0
0
3914
3948
0
0
0
0
0
0
132
190
0
0
0
0
0
0
4027
3885
0
0
0
0
0
0
4074
184
0
0
0
0
0
0
104
3963
0
0
0
0
0
0
3916
47
0
0
0
0
0
0
217
42
0
0
0
0
0
0
3868
3959
0
0
0
0
0
0
189
202
0
0
0
0
0
0
3972
3851
0
0
0
0
0
0
25
236
0
0
0
0
0
0
74
3901
0
0
0
0
0
0
3923
106
0
0
0
0
0
0
236
4089
0
0
0
0
0
0
3824
3985
0
0
0
0
0
0
249
202
0
0
0
0
0
0
3905
3826
0
0
0
0
0
0
87
285
0
0
0
0
0
0
26
3836
0
0
0
0
0
0
3947
178
0
0
0
0
0
0
241
4026
0
0
0
0
0
0
3791
4032
0
0
0
0
0
0
304
180
0
0
0
0
0
0
3833
3815
0
0
0
0
0
0
163
327
0
0
0
0
0
0
4056
3772
0
0
0
0
0
0
3990
254
0
0
0
0
0
0
226
3946
0
0
0
0
0
0
3775
4
0
0
0
0
0
0
354
140
0
0
0
0
0
0
3761
3823
0
0
0
0
0
0
246
352
0
0
0
0
0
0
3974
3713
0
0
0
0
0
0
4056
336
0
0
0
0
0
0
190
3857
0
0
0
0
0
0
3775
86
0
0
0
0
0
0
390
76
0
0
0
0
0
0
3694
3855
0
0
0
0
0
0
335
359
0
0
0
0
0
0
3880
3668
0
0
0
0
0
0
45
413
0
0
0
0
0
0
129
3761
0
0
0
0
0
0
3798
186
0
0
0
0
0
0
407
4087
0
0
0
0
0
0
3635
3910
0
0
0
0
0
0
421
342
0
0
0
0
0
0
3775
3641
0
0
0
0
0
0
148
479
0
0
0
0
0
0
43
3662
0
0
0
0
0
0
3849
297
0
0
0
0
0
0
400
3982
0
0
0
0
0
0
3598
3994
0
0
0
0
0
0
501
298
0
0
0
0
0
0
3670
3639
0
0
0
0
0
0
264
530
0
0
0
0
0
0
4034
3574
0
0
0
0
0
0
3928
412
0
0
0
0
0
0
364
3859
0
0
0
0
0
0
3584
5
0
0
0
0
0
0
564
224
0
0
0
0
0
0
3568
3666
0
0
0
0
0
0
391
557
0
0
0
0
0
0
3908
3498
0
0
0
0
0
0
4034
525
0
0
0
0
0
0
297
3726
0
0
0
0
0
0
3598
134
0
0
0
0
0
0
602
119
0
0
0
0
0
0
3478
3727
0
0
0
0
0
0
516
553
0
0
0
0
0
0
3768
3445
0
0
0
0
0
0
69
629
0
0
0
0
0
0
198
3589
0
0
0
0
0
0
3649
282
0
0
0
0
0
0
615
4085
0
0
0
0
0
0
3408
3819
0
0
0
0
0
0
633
514
0
0
0
0
0
0
3621
3419
0
0
0
0
0
0
220
714
0
0
0
0
0
0
67
3457
0
0
0
0
0
0
3733
439
0
0
0
0
0
0
590
3929
0
0
0
0
0
0
3366
3946
0
0
0
0
0
0
734
438
0
0
0
0
0
0
3475
3431
0
0
0
0
0
0
386
772
0
0
0
0
0
0
4007
3340
0
0
0
0
0
0
3854
598
0
0
0
0
0
0
526
3756
0
0
0
0
0
0
3361
8
0
0
0
0
0
0
809
322
0
0
0
0
0
0
3341
3482
0
0
0
0
0
0
555
793
0
0
0
0
0
0
3830
3247
0
0
0
0
0
0
4009
746
0
0
0
0
0
0
421
3574
0
0
0
0
0
0
3396
190
0
0
0
0
0
0
851
169
0
0
0
0
0
0
3228
3576
0
0
0
0
0
0
720
774
0
0
0
0
0
0
3639
3186
0
0
0
0
0
0
97
877
0
0
0
0
0
0
276
3393
0
0
0
0
0
0
3475
390
0
0
0
0
0
0
851
4080
0
0
0
0
0
0
3147
3715
0
0
0
0
0
0
872
707
0
0
0
0
0
0
3443
3167
0
0
0
0
0
0
302
979
0
0
0
0
0
0
95
3224
0
0
0
0
0
0
3601
598
0
0
0
0
0
0
803
3869
0
0
0
0
0
0
3105
3893
0
0
0
0
0
0
996
594
0
0
0
0
0
0
3256
3195
0
0
0
0
0
0
520
1042
0
0
0
0
0
0
3977
3078
0
0
0
0
0
0
3771
801
0
0
0
0
0
0
706
3640
0
0
0
0
0
0
3111
11
0
0
0
0
0
0
1083
431
0
0
0
0
0
0
3091
3278
0
0
0
0
0
0
740
1057
0
0
0
0
0
0
3743
2969
0
0
0
0
0
0
3982
992
0
0
0
0
0
0
560
3407
0
0
0
0
0
0
3172
253
0
0
0
0
0
0
1124
226
0
0
0
0
0
0
2955
3413
0
0
0
0
0
0
949
1018
0
0
0
0
0
0
3496
2903
0
0
0
0
0
0
126
1150
0
0
0
0
0
0
362
3179
0
0
0
0
0
0
3287
509
0
0
0
0
0
0
1109
4077
0
0
0
0
0
0
2862
3601
0
0
0
0
0
0
1133
920
0
0
0
0
0
0
3253
2895
0
0
0
0
0
0
392
1268
0
0
0
0
0
0
122
2971
0
0
0
0
0
0
3459
771
0
0
0
0
0
0
1036
3805
0
0
0
0
0
0
2824
3836
0
0
0
0
0
0
1278
762
0
0
0
0
0
0
3023
2945
0
0
0
0
0
0
667
1334
0
0
0
0
0
0
3947
2800
0
0
0
0
0
0
3682
1023
0
0
0
0
0
0
900
3518
0
0
0
0
0
0
2847
15
0
0
0
0
0
0
1374
548
0
0
0
0
0
0
2823
3060
0
0
0
0
0
0
935
1337
0
0
0
0
0
0
3651
2674
0
0
0
0
0
0
3951
1248
0
0
0
0
0
0
704
3229
0
0
0
0
0
0
2936
318
0
0
0
0
0
0
1409
283
0
0
0
0
0
0
2667
3240
0
0
0
0
0
0
1186
1274
0
0
0
0
0
0
3348
2608
0
0
0
0
0
0
159
1435
0
0
0
0
0
0
454
2955
0
0
0
0
0
0
3090
635
0
0
0
0
0
0
1379
4075
0
0
0
0
0
0
2565
3481
0
0
0
0
0
0
1403
1141
0
0
0
0
0
0
3054
2610
0
0
0
0
0
0
484
1566
0
0
0
0
0
0
153
2709
0
0
0
0
0
0
3311
950
0
0
0
0
0
0
1275
3739
0
0
0
0
0
0
2533
3776
0
0
0
0
0
0
1570
937
0
0
0
0
0
0
2782
2685
0
0
0
0
0
0
816
1633
0
0
0
0
0
0
3914
2511
0
0
0
0
0
0
3592
1250
0
0
0
0
0
0
1099
3392
0
0
0
0
0
0
2575
18
0
0
0
0
0
0
1673
668
0
0
0
0
0
0
2550
2838
0
0
0
0
0
0
1137
1623
0
0
0
0
0
0
3557
2372
0
0
0
0
0
0
3922
1512
0
0
0
0
0
0
852
3048
0
0
0
0
0
0
2692
383
0
0
0
0
0
0
1702
343
0
0
0
0
0
0
2374
3065
0
0
0
0
0
0
1429
1534
0
0
0
0
0
0
3198
2307
0
0
0
0
0
0
191
1723
0
0
0
0
0
0
543
2727
0
0
0
0
0
0
2891
761
0
0
0
0
0
0
1651
4071
0
0
0
0
0
0
2269
3362
0
0
0
0
0
0
1676
1362
0
0
0
0
0
0
2853
2325
0
0
0
0
0
0
577
1867
0
0
0
0
0
0
183
2445
0
0
0
0
0
0
3163
1131
0
0
0
0
0
0
1515
3672
0
0
0
0
0
0
2242
3716
0
0
0
0
0
0
1861
1111
0
0
0
0
0
0
2540
2427
0
0
0
0
0
0
965
1930
0
0
0
0
0
0
3883
2225
0
0
0
0
0
0
3501
1475
0
0
0
0
0
0
1295
3266
0
0
0
0
0
0
2304
21
0
0
0
0
0
0
1967
786
0
0
0
0
0
0
2279
2617
0
0
0
0
0
0
1335
1907
0
0
0
0
0
0
3466
2074
0
0
0
0
0
0
3892
1772
0
0
0
0
0
0
1000
2872
0
0
0
0
0
0
2456
449
0
0
0
0
0
0
1989
402
0
0
0
0
0
0
2088
2894
0
0
0
0
0
0
1666
1789
0
0
0
0
0
0
3051
2014
0
0
0
0
0
0
223
2006
0
0
0
0
0
0
633
2505
0
0
0
0
0
0
2697
883
0
0
0
0
0
0
1915
4067
0
0
0
0
0
0
1978
3245
0
0
0
0
0
0
1940
1578
0
0
0
0
0
0
2659
2046
0
0
0
0
0
0
667
2159
0
0
0
0
0
0
212
2191
0
0
0
0
0
0
3019
1306
0
0
0
0
0
0
1746
3611
0
0
0
0
0
0
1963
3660
0
0
0
0
0
0
2139
1278
0
0
0
0
0
0
2308
2178
0
0
0
0
0
0
1107
2216
0
0
0
0
0
0
3852
1950
0
0
0
0
0
0
3413
1690
0
0
0
0
0
0
1486
3147
0
0
0
0
0
0
2047
25
0
0
0
0
0
0
2250
899
0
0
0
0
0
0
2021
2408
0
0
0
0
0
0
1523
2176
0
0
0
0
0
0
3378
1792
0
0
0
0
0
0
3863
2019
0
0
0
0
0
0
1138
2703
0
0
0
0
0
0
2232
509
0
0
0
0
0
0
2261
456
0
0
0
0
0
0
1816
2732
0
0
0
0
0
0
1892
2030
0
0
0
0
0
0
2912
1736
0
0
0
0
0
0
251
2269
0
0
0
0
0
0
716
2296
0
0
0
0
0
0
2515
999
0
0
0
0
0
0
2164
4063
0
0
0
0
0
0
1705
3136
0
0
0
0
0
0
2187
1779
0
0
0
0
0
0
2477
1788
0
0
0
0
0
0
751
2429
0
0
0
0
0
0
239
1954
0
0
0
0
0
0
2886
1465
0
0
0
0
0
0
1962
3551
0
0
0
0
0
0
1702
3608
0
0
0
0
0
0
2399
1433
0
0
0
0
0
0
2096
1948
0
0
0
0
0
0
1238
2480
0
0
0
0
0
0
3824
1697
0
0
0
0
0
0
3333
1887
0
0
0
0
0
0
1658
3037
0
0
0
0
0
0
1810
26
0
0
0
0
0
0
2509
1004
0
0
0
0
0
0
1786
2216
0
0
0
0
0
0
1696
2421
0
0
0
0
0
0
3298
1535
0
0
0
0
0
0
3838
2243
0
0
0
0
0
0
1264
2550
0
0
0
0
0
0
2028
565
0
0
0
0
0
0
2507
508
0
0
0
0
0
0
1572
2585
0
0
0
0
0
0
2093
2247
0
0
0
0
0
0
2789
1487
0
0
0
0
0
0
278
2509
0
0
0
0
0
0
792
2111
0
0
0
0
0
0
2352
1103
0
0
0
0
0
0
2387
4060
0
0
0
0
0
0
1462
3038
0
0
0
0
0
0
2409
1958
0
0
0
0
0
0
2316
1556
0
0
0
0
0
0
826
2670
0
0
0
0
0
0
262
1744
0
0
0
0
0
0
2768
1609
0
0
0
0
0
0
2152
3499
0
0
0
0
0
0
1473
3559
0
0
0
0
0
0
2627
1570
0
0
0
0
0
0
1905
1745
0
0
0
0
0
0
1356
2714
0
0
0
0
0
0
3798
1474
0
0
0
0
0
0
3264
2063
0
0
0
0
0
0
1810
2940
0
0
0
0
0
0
1603
29
0
0
0
0
0
0
2734
1094
0
0
0
0
0
0
1581
2049
0
0
0
0
0
0
1844
2635
0
0
0
0
0
0
3229
1311
0
0
0
0
0
0
3815
2438
0
0
0
0
0
0
1372
2417
0
0
0
0
0
0
1852
614
0
0
0
0
0
0
2718
550
0
0
0
0
0
0
1360
2459
0
0
0
0
0
0
2265
2433
0
0
0
0
0
0
2680
1273
0
0
0
0
0
0
301
2713
0
0
0
0
0
0
856
1950
0
0
0
0
0
0
2212
1191
0
0
0
0
0
0
2577
4059
0
0
0
0
0
0
1256
2955
0
0
0
0
0
0
2597
2112
0
0
0
0
0
0
2179
1361
0
0
0
0
0
0
888
2873
0
0
0
0
0
0
283
1568
0
0
0
0
0
0
2668
1729
0
0
0
0
0
0
2314
3455
0
0
0
0
0
0
1280
3520
0
0
0
0
0
0
2819
1685
0
0
0
0
0
0
1750
1578
0
0
0
0
0
0
1453
2908
0
0
0
0
0
0
3778
1290
0
0
0
0
0
0
3205
2205
0
0
0
0
0
0
1936
2862
0
0
0
0
0
0
1431
29
0
0
0
0
0
0
2919
1169
0
0
0
0
0
0
1413
1913
0
0
0
0
0
0
1967
2809
0
0
0
0
0
0
3174
1131
0
0
0
0
0
0
3797
2595
0
0
0
0
0
0
1461
2310
0
0
0
0
0
0
1708
652
0
0
0
0
0
0
2888
585
0
0
0
0
0
0
1192
2358
0
0
0
0
0
0
2405
2582
0
0
0
0
0
0
2596
1103
0
0
0
0
0
0
318
2874
0
0
0
0
0
0
907
1824
0
0
0
0
0
0
2102
1260
0
0
0
0
0
0
2724
4057
0
0
0
0
0
0
1095
2891
0
0
0
0
0
0
2744
2232
0
0
0
0
0
0
2072
1209
0
0
0
0
0
0
937
3031
0
0
0
0
0
0
299
1430
0
0
0
0
0
0
2591
1822
0
0
0
0
0
0
2435
3420
0
0
0
0
0
0
1131
3490
0
0
0
0
0
0
2964
1771
0
0
0
0
0
0
1628
1447
0
0
0
0
0
0
1525
3052
0
0
0
0
0
0
3764
1151
0
0
0
0
0
0
3161
2314
0
0
0
0
0
0
2030
2802
0
0
0
0
0
0
1306
33
0
0
0
0
0
0
3057
1223
0
0
0
0
0
0
1289
1811
0
0
0
0
0
0
2055
2937
0
0
0
0
0
0
3133
996
0
0
0
0
0
0
3782
2709
0
0
0
0
0
0
1524
2231
0
0
0
0
0
0
1607
680
0
0
0
0
0
0
3012
611
0
0
0
0
0
0
1068
2283
0
0
0
0
0
0
2504
2687
0
0
0
0
0
0
2536
981
0
0
0
0
0
0
331
2989
0
0
0
0
0
0
943
1735
0
0
0
0
0
0
2024
1309
0
0
0
0
0
0
2828
4055
0
0
0
0
0
0
983
2845
0
0
0
0
0
0
2844
2313
0
0
0
0
0
0
2001
1105
0
0
0
0
0
0
971
3140
0
0
0
0
0
0
310
1338
0
0
0
0
0
0
2539
1883
0
0
0
0
0
0
2517
3399
0
0
0
0
0
0
1034
3470
0
0
0
0
0
0
3062
1830
0
0
0
0
0
0
1551
1365
0
0
0
0
0
0
1573
3148
0
0
0
0
0
0
3753
1060
0
0
0
0
0
0
3132
2382
0
0
0
0
0
0
2088
2764
0
0
0
0
0
0
1226
34
0
0
0
0
0
0
3142
1258
0
0
0
0
0
0
1214
1751
0
0
0
0
0
0
2111
3016
0
0
0
0
0
0
3107
915
0
0
0
0
0
0
3775
2779
0
0
0
0
0
0
1564
2186
0
0
0
0
0
0
1546
697
0
0
0
0
0
0
3082
625
0
0
0
0
0
0
1000
2242
0
0
0
0
0
0
2559
2748
0
0
0
0
0
0
2502
914
0
0
0
0
0
0
338
3051
0
0
0
0
0
0
963
1687
0
0
0
0
0
0
1982
1333
0
0
0
0
0
0
2883
4055
0
0
0
0
0
0
923
2821
0
0
0
0
0
0
2896
2355
0
0
0
0
0
0
1963
1053
0
0
0
0
0
0
986
3192
0
0
0
0
0
0
315
1293
0
0
0
0
0
0
2515
1912
0
0
0
0
0
0
2554
3387
0
0
0
0
0
0
991
3461
0
0
0
0
0
0
3102
1854
0
0
0
0
0
0
1517
1328
0
0
0
0
0
0
1592
3187
0
0
0
0
0
0
3749
1026
0
0
0
0
0
0
3121
2408
0
0
0
0
0
0
2112
2752
0
0
0
0
0
0
1197
33
0
0
0
0
0
0
3171
1270
0
0
0
0
0
0
1187
1728
0
0
0
0
0
0
2127
3041
0
0
0
0
0
0
3100
892
0
0
0
0
0
0
3772
2798
0
0
0
0
0
0
1574
2173
0
0
0
0
0
0
1530
701
0
0
0
0
0
0
3099
628
0
0
0
0
0
0
985
2235
0
0
0
0
0
0
2570
2760
0
0
0
0
0
0
2497
902
0
0
0
0
0
0
338
3061
0
0
0
0
0
0
966
1682
0
0
0
0
0
0
1978
1336
0
0
0
0
0
0
2887
4055
0
0
0
0
0
0
921
2820
0
0
0
0
0
0
2896
2355
0
0
0
0
0
0
1965
1056
0
0
0
0
0
0
985
3188
0
0
0
0
0
0
316
1299
0
0
0
0
0
0
2518
1909
0
0
0
0
0
0
2549
3392
0
0
0
0
0
0
1003
3463
0
0
0
0
0
0
3089
1847
0
0
0
0
0
0
1530
1342
0
0
0
0
0
0
1584
3171
0
0
0
0
0
0
3752
1043
0
0
0
0
0
0
3126
2393
0
0
0
0
0
0
2098
2760
0
0
0
0
0
0
1219
34
0
0
0
0
0
0
3147
1260
0
0
0
0
0
0
1213
1748
0
0
0
0
0
0
2108
3012
0
0
0
0
0
0
3110
923
0
0
0
0
0
0
3775
2768
0
0
0
0
0
0
1557
2195
0
0
0
0
0
0
1560
692
0
0
0
0
0
0
3060
620
0
0
0
0
0
0
1025
2257
0
0
0
0
0
0
2535
2723
0
0
0
0
0
0
2520
948
0
0
0
0
0
0
333
3017
0
0
0
0
0
0
952
1718
0
0
0
0
0
0
2012
1315
0
0
0
0
0
0
2841
4056
0
0
0
0
0
0
977
2842
0
0
0
0
0
0
2844
2314
0
0
0
0
0
0
2004
1110
0
0
0
0
0
0
966
3129
0
0
0
0
0
0
310
1354
0
0
0
0
0
0
2549
1869
0
0
0
0
0
0
2496
3406
0
0
0
0
0
0
1067
3476
0
0
0
0
0
0
3022
1806
0
0
0
0
0
0
1587
1402
0
0
0
0
0
0
1548
3098
0
0
0
0
0
0
3761
1115
0
0
0
0
0
0
3150
2335
0
0
0
0
0
0
2046
2793
0
0
0
0
0
0
1291
32
0
0
0
0
0
0
3065
1227
0
0
0
0
0
0
1288
1811
0
0
0
0
0
0
2049
2930
0
0
0
0
0
0
3138
1011
0
0
0
0
0
0
3783
2690
0
0
0
0
0
0
1513
2251
0
0
0
0
0
0
1634
670
0
0
0
0
0
0
2970
603
0
0
0
0
0
0
1119
2313
0
0
0
0
0
0
2456
2638
0
0
0
0
0
0
2568
1047
0
0
0
0
0
0
322
2919
0
0
0
0
0
0
921
1797
0
0
0
0
0
0
2081
1269
0
0
0
0
0
0
2744
4058
0
0
0
0
0
0
1085
2886
0
0
0
0
0
0
2743
2232
0
0
0
0
0
0
2079
1217
0
0
0
0
0
0
930
3013
0
0
0
0
0
0
299
1455
0
0
0
0
0
0
2606
1799
0
0
0
0
0
0
2401
3432
0
0
0
0
0
0
1184
3501
0
0
0
0
0
0
2903
1735
0
0
0
0
0
0
1687
1510
0
0
0
0
0
0
1484
2972
0
0
0
0
0
0
3773
1238
0
0
0
0
0
0
3189
2237
0
0
0
0
0
0
1960
2850
0
0
0
0
0
0
1409
29
0
0
0
0
0
0
2931
1174
0
0
0
0
0
0
1413
1910
0
0
0
0
0
0
1959
2800
0
0
0
0
0
0
3182
1152
0
0
0
0
0
0
3797
2566
0
0
0
0
0
0
1443
2338
0
0
0
0
0
0
1751
639
0
0
0
0
0
0
2827
573
0
0
0
0
0
0
1264
2400
0
0
0
0
0
0
2335
2508
0
0
0
0
0
0
2645
1199
0
0
0
0
0
0
304
2770
0
0
0
0
0
0
874
1915
0
0
0
0
0
0
2184
1204
0
0
0
0
0
0
2602
4061
0
0
0
0
0
0
1242
2949
0
0
0
0
0
0
2598
2115
0
0
0
0
0
0
2188
1372
0
0
0
0
0
0
879
2848
0
0
0
0
0
0
283
1601
0
0
0
0
0
0
2690
1698
0
0
0
0
0
0
2266
3471
0
0
0
0
0
0
1348
3533
0
0
0
0
0
0
2735
1636
0
0
0
0
0
0
1829
1661
0
0
0
0
0
0
1397
2796
0
0
0
0
0
0
3793
1408
0
0
0
0
0
0
3244
2103
0
0
0
0
0
0
1840
2925
0
0
0
0
0
0
1575
27
0
0
0
0
0
0
2749
1101
0
0
0
0
0
0
1580
2048
0
0
0
0
0
0
1834
2622
0
0
0
0
0
0
3240
1340
0
0
0
0
0
0
3817
2401
0
0
0
0
0
0
1350
2452
0
0
0
0
0
0
1903
597
0
0
0
0
0
0
2640
535
0
0
0
0
0
0
1452
2512
0
0
0
0
0
0
2178
2339
0
0
0
0
0
0
2744
1396
0
0
0
0
0
0
284
2580
0
0
0
0
0
0
812
2065
0
0
0
0
0
0
2318
1119
0
0
0
0
0
0
2417
4063
0
0
0
0
0
0
1446
3030
0
0
0
0
0
0
2410
1961
0
0
0
0
0
0
2326
1569
0
0
0
0
0
0
814
2640
0
0
0
0
0
0
261
1785
0
0
0
0
0
0
2794
1571
0
0
0
0
0
0
2096
3517
0
0
0
0
0
0
1557
3575
0
0
0
0
0
0
2527
1511
0
0
0
0
0
0
2002
1848
0
0
0
0
0
0
1288
2580
0
0
0
0
0
0
3817
1618
0
0
0
0
0
0
3310
1936
0
0
0
0
0
0
1694
3018
0
0
0
0
0
0
1777
24
0
0
0
0
0
0
2527
1012
0
0
0
0
0
0
1784
2214
0
0
0
0
0
0
1683
2407
0
0
0
0
0
0
3311
1567
0
0
0
0
0
0
3838
2199
0
0
0
0
0
0
1235
2590
0
0
0
0
0
0
2089
545
0
0
0
0
0
0
2414
490
0
0
0
0
0
0
1681
2650
0
0
0
0
0
0
1988
2136
0
0
0
0
0
0
2863
1633
0
0
0
0
0
0
257
2352
0
0
0
0
0
0
741
2246
0
0
0
0
0
0
2476
1018
0
0
0
0
0
0
2198
4066
0
0
0
0
0
0
1686
3127
0
0
0
0
0
0
2189
1782
0
0
0
0
0
0
2490
1804
0
0
0
0
0
0
738
2394
0
0
0
0
0
0
237
2001
0
0
0
0
0
0
2916
1423
0
0
0
0
0
0
1896
3571
0
0
0
0
0
0
1800
3624
0
0
0
0
0
0
2282
1365
0
0
0
0
0
0
2205
2065
0
0
0
0
0
0
1161
2327
0
0
0
0
0
0
3844
1863
0
0
0
0
0
0
3387
1743
0
0
0
0
0
0
1525
3127
0
0
0
0
0
0
2011
22
0
0
0
0
0
0
2272
910
0
0
0
0
0
0
2022
2406
0
0
0
0
0
0
1510
2159
0
0
0
0
0
0
3392
1828
0
0
0
0
0
0
3865
1969
0
0
0
0
0
0
1107
2749
0
0
0
0
0
0
2300
487
0
0
0
0
0
0
2157
437
0
0
0
0
0
0
1939
2803
0
0
0
0
0
0
1773
1905
0
0
0
0
0
0
2997
1899
0
0
0
0
0
0
229
2095
0
0
0
0
0
0
660
2450
0
0
0
0
0
0
2655
905
0
0
0
0
0
0
1954
4068
0
0
0
0
0
0
1956
3235
0
0
0
0
0
0
1942
1581
0
0
0
0
0
0
2673
2065
0
0
0
0
0
0
653
2119
0
0
0
0
0
0
210
2242
0
0
0
0
0
0
3053
1257
0
0
0
0
0
0
1675
3632
0
0
0
0
0
0
2068
3679
0
0
0
0
0
0
2013
1204
0
0
0
0
0
0
2429
2306
0
0
0
0
0
0
1022
2048
0
0
0
0
0
0
3874
2131
0
0
0
0
0
0
3472
1531
0
0
0
0
0
0
1339
3245
0
0
0
0
0
0
2265
19
0
0
0
0
0
0
1992
799
0
0
0
0
0
0
2278
2615
0
0
0
0
0
0
1320
1889
0
0
0
0
0
0
3480
2113
0
0
0
0
0
0
3893
1721
0
0
0
0
0
0
966
2920
0
0
0
0
0
0
2529
423
0
0
0
0
0
0
1879
381
0
0
0
0
0
0
2218
2970
0
0
0
0
0
0
1541
1657
0
0
0
0
0
0
3140
2187
0
0
0
0
0
0
198
1818
0
0
0
0
0
0
572
2668
0
0
0
0
0
0
2847
783
0
0
0
0
0
0
1691
4074
0
0
0
0
0
0
2245
3350
0
0
0
0
0
0
1677
1365
0
0
0
0
0
0
2867
2341
0
0
0
0
0
0
563
1828
0
0
0
0
0
0
180
2499
0
0
0
0
0
0
3197
1080
0
0
0
0
0
0
1441
3699
0
0
0
0
0
0
2354
3737
0
0
0
0
0
0
1726
1033
0
0
0
0
0
0
2668
2562
0
0
0
0
0
0
874
1753
0
0
0
0
0
0
3907
2415
0
0
0
0
0
0
3562
1309
0
0
0
0
0
0
1142
3368
0
0
0
0
0
0
2534
16
0
0
0
0
0
0
1695
679
0
0
0
0
0
0
2547
2834
0
0
0
0
0
0
1121
1605
0
0
0
0
0
0
3573
2412
0
0
0
0
0
0
3923
1459
0
0
0
0
0
0
818
3099
0
0
0
0
0
0
2770
359
0
0
0
0
0
0
1588
321
0
0
0
0
0
0
2509
3145
0
0
0
0
0
0
1302
1398
0
0
0
0
0
0
3289
2486
0
0
0
0
0
0
165
1530
0
0
0
0
0
0
481
2894
0
0
0
0
0
0
3045
657
0
0
0
0
0
0
1419
4077
0
0
0
0
0
0
2543
3469
0
0
0
0
0
0
1404
1144
0
0
0
0
0
0
3067
2627
0
0
0
0
0
0
469
1526
0
0
0
0
0
0
151
2762
0
0
0
0
0
0
3346
901
0
0
0
0
0
0
1199
3764
0
0
0
0
0
0
2647
3798
0
0
0
0
0
0
1435
858
0
0
0
0
0
0
2910
2822
0
0
0
0
0
0
724
1453
0
0
0
0
0
0
3939
2703
0
0
0
0
0
0
3655
1082
0
0
0
0
0
0
943
3495
0
0
0
0
0
0
2805
12
0
0
0
0
0
0
1397
560
0
0
0
0
0
0
2822
3058
0
0
0
0
0
0
922
1319
0
0
0
0
0
0
3667
2713
0
0
0
0
0
0
3954
1196
0
0
0
0
0
0
670
3279
0
0
0
0
0
0
3010
292
0
0
0
0
0
0
1298
264
0
0
0
0
0
0
2800
3319
0
0
0
0
0
0
1059
1138
0
0
0
0
0
0
3440
2786
0
0
0
0
0
0
135
1245
0
0
0
0
0
0
391
3121
0
0
0
0
0
0
3243
532
0
0
0
0
0
0
1148
4079
0
0
0
0
0
0
2841
3590
0
0
0
0
0
0
1133
923
0
0
0
0
0
0
3266
2912
0
0
0
0
0
0
377
1228
0
0
0
0
0
0
122
3025
0
0
0
0
0
0
3493
723
0
0
0
0
0
0
961
3830
0
0
0
0
0
0
2935
3855
0
0
0
0
0
0
1147
686
0
0
0
0
0
0
3148
3078
0
0
0
0
0
0
577
1159
0
0
0
0
0
0
3971
2987
0
0
0
0
0
0
3743
858
0
0
0
0
0
0
749
3618
0
0
0
0
0
0
3073
8
0
0
0
0
0
0
1105
442
0
0
0
0
0
0
3089
3276
0
0
0
0
0
0
727
1041
0
0
0
0
0
0
3757
3006
0
0
0
0
0
0
3983
939
0
0
0
0
0
0
525
3453
0
0
0
0
0
0
3244
227
0
0
0
0
0
0
1016
206
0
0
0
0
0
0
3083
3489
0
0
0
0
0
0
825
887
0
0
0
0
0
0
3585
3074
0
0
0
0
0
0
105
967
0
0
0
0
0
0
303
3339
0
0
0
0
0
0
3435
412
0
0
0
0
0
0
888
4082
0
0
0
0
0
0
3126
3705
0
0
0
0
0
0
872
712
0
0
0
0
0
0
3456
3184
0
0
0
0
0
0
288
943
0
0
0
0
0
0
92
3271
0
0
0
0
0
0
3633
551
0
0
0
0
0
0
734
3892
0
0
0
0
0
0
3209
3913
0
0
0
0
0
0
872
521
0
0
0
0
0
0
3376
3321
0
0
0
0
0
0
437
878
0
0
0
0
0
0
4002
3256
0
0
0
0
0
0
3828
648
0
0
0
0
0
0
565
3735
0
0
0
0
0
0
3325
5
0
0
0
0
0
0
829
331
0
0
0
0
0
0
3339
3479
0
0
0
0
0
0
544
778
0
0
0
0
0
0
3843
3281
0
0
0
0
0
0
4009
698
0
0
0
0
0
0
391
3618
0
0
0
0
0
0
3462
169
0
0
0
0
0
0
751
151
0
0
0
0
0
0
3347
3646
0
0
0
0
0
0
609
655
0
0
0
0
0
0
3719
3345
0
0
0
0
0
0
75
709
0
0
0
0
0
0
222
3541
0
0
0
0
0
0
3611
301
0
0
0
0
0
0
648
4086
0
0
0
0
0
0
3389
3811
0
0
0
0
0
0
633
515
0
0
0
0
0
0
3632
3434
0
0
0
0
0
0
208
681
0
0
0
0
0
0
66
3502
0
0
0
0
0
0
3762
396
0
0
0
0
0
0
526
3949
0
0
0
0
0
0
3460
3963
0
0
0
0
0
0
621
372
0
0
0
0
0
0
3582
3544
0
0
0
0
0
0
309
623
0
0
0
0
0
0
4028
3500
0
0
0
0
0
0
3906
457
0
0
0
0
0
0
398
3841
0
0
0
0
0
0
3553
3
0
0
0
0
0
0
581
233
0
0
0
0
0
0
3566
3664
0
0
0
0
0
0
377
542
0
0
0
0
0
0
3918
3528
0
0
0
0
0
0
4036
485
0
0
0
0
0
0
271
3765
0
0
0
0
0
0
3658
115
0
0
0
0
0
0
517
105
0
0
0
0
0
0
3580
3785
0
0
0
0
0
0
415
447
0
0
0
0
0
0
3838
3583
0
0
0
0
0
0
50
480
0
0
0
0
0
0
149
3719
0
0
0
0
0
0
3767
201
0
0
0
0
0
0
436
4090
0
0
0
0
0
0
3620
3903
0
0
0
0
0
0
423
344
0
0
0
0
0
0
3787
3655
0
0
0
0
0
0
138
452
0
0
0
0
0
0
43
3702
0
0
0
0
0
0
3874
260
0
0
0
0
0
0
347
3999
0
0
0
0
0
0
3678
4008
0
0
0
0
0
0
406
243
0
0
0
0
0
0
3761
3736
0
0
0
0
0
0
199
402
0
0
0
0
0
0
4051
3710
0
0
0
0
0
0
3974
294
0
0
0
0
0
0
254
3932
0
0
0
0
0
0
3748
0
0
0
0
0
0
0
368
147
0
0
0
0
0
0
3759
3821
0
0
0
0
0
0
237
341
0
0
0
0
0
0
3984
3739
0
0
0
0
0
0
4058
301
0
0
0
0
0
0
167
3889
0
0
0
0
0
0
3824
72
0
0
0
0
0
0
317
62
0
0
0
0
0
0
3779
3906
0
0
0
0
0
0
252
272
0
0
0
0
0
0
3939
3782
0
0
0
0
0
0
29
291
0
0
0
0
0
0
89
3867
0
0
0
0
0
0
3897
119
0
0
0
0
0
0
259
4092
0
0
0
0
0
0
3813
3981
0
0
0
0
0
0
249
203
0
0
0
0
0
0
3913
3835
0
0
0
0
0
0
78
262
0
0
0
0
0
0
24
3867
0
0
0
0
0
0
3967
150
0
0
0
0
0
0
198
4039
0
0
0
0
0
0
3855
4044
0
0
0
0
0
0
229
136
0
0
0
0
0
0
3906
3892
0
0
0
0
0
0
109
224
0
0
0
0
0
0
4069
3879
0
0
0
0
0
0
4026
160
0
0
0
0
0
0
139
4006
0
0
0
0
0
0
3905
4095
0
0
0
0
0
0
200
78
0
0
0
0
0
0
3913
3946
0
0
0
0
0
0
126
182
0
0
0
0
0
0
4035
3905
0
0
0
0
0
0
4074
158
0
0
0
0
0
0
87
3986
0
0
0
0
0
0
3952
35
0
0
0
0
0
0
162
31
0
0
0
0
0
0
3933
3998
0
0
0
0
0
0
126
137
0
0
0
0
0
0
4016
3937
0
0
0
0
0
0
13
142
0
0
0
0
0
0
43
3983
0
0
0
0
0
0
3997
57
0
0
0
0
0
0
124
4091
0
0
0
0
0
0
3959
4039
0
0
0
0
0
0
116
94
0
0
0
0
0
0
4010
3973
0
0
0
0
0
0
36
121
0
0
0
0
0
0
11
3990
0
0
0
0
0
0
4035
65
0
0
0
0
0
0
88
4069
0
0
0
0
0
0
3988
4072
0
0
0
0
0
0
99
58
0
0
0
0
0
0
4010
4004
0
0
0
0
0
0
46
96
0
0
0
0
0
0
4084
4003
0
0
0
0
0
0
4066
66
0
0
0
0
0
0
56
4057
0
0
0
0
0
0
4016
4094
0
0
0
0
0
0
80
30
0
0
0
0
0
0
4022
4036
0
0
0
0
0
0
47
69
0
0
0
0
0
0
4071
4020
0
0
0
0
0
0
4086
58
0
0
0
0
0
0
31
4053
0
0
0
0
0
0
4042
12
0
0
0
0
0
0
56
10
0
0
0
0
0
0
4037
4059
0
0
0
0
0
0
42
44
0
0
0
0
0
0
4067
4041
0
0
0
0
0
0
1
45
0
0
0
0
0
0
13
4059
0
0
0
0
0
0
4062
16
0
0
0
0
0
0
36
4093
0
0
0
0
0
0
4053
4077
0
0
0
0
0
0
31
26
0
0
0
0
0
0
4070
4060
0
0
0
0
0
0
7
32
0
0
0
0
0
0
1
4066
0
0
0
0
0
0
4079
15
0
0
0
0
0
0
22
4089
0
0
0
0
0
0
4067
4088
0
0
0
0
0
0
21
11
0
0
0
0
0
0
4075
4073
0
0
0
0
0
0
8
19
0
0
0
0
0
0
4091
4075
0
0
0
0
0
0
4087
11
0
0
0
0
0
0
9
4086
0
0
0
0
0
0
4078
4093
0
0
0
0
0
0
11
3
0
0
0
0
0
0
4082
4085
0
0
0
0
0
0
6
8
0
0
0
0
0
0
4091
4084
0
0
0
0
0
0
4092
5
0
0
0
0
0
0
2
4088
0
0
0
0
0
0
4088
0
0
0
0
0
0
0
4
0
0
0
0
0
0
0
4088
4091
0
0
0
0
0
0
1
1
0
0
0
0
0
0
4092
4089
0
0
0
0
0
0
4093
0
0
0
0
0
0
0
4094
4091
0
0
0
0
0
0
4092
4095
0
0
0
0
0
0
4095
4094
0
0
0
0
0
0
4093
4093
0
0
0
0
0
0
4095
4095
0
0
0
0
0
0
4094
4094
0
0
0
0
0
0
4094
4095
0
0
0
0
0
0
4094
4093
0
0
0
0
0
0
4093
4094
0
0
0
0
0
0
0
0
0
0
0
0
0
0
0
4095
0
0
0
0
0
0
4095
4095
0
0
0
0
0
0
4095
0
0
0
0
0
0
0
0
0
0
0
0
0
0
0
0
0
0
0
0
0
0
0
0
0
0
0
0
0
0
0
0
0
0
0
0
0
0
0
0
0
0
0
0
0
0
0
0
0
0
0
0
0
0
0
0
0
0
0
0
0
0
0
0
0
0
0
0
0
0
0
0
0
0
0
0
0
0
0
0
0
0
0
0
0
0
0
0
0
0
0
0
0
0
0
0
0
0
0
0
0
0
0
0
0
0
0
0
0
0
0
0
0
0
0
0
0
0
0
0
0
0
0
0
0
0
0
0
0
0
0
0
0
0
0
0
0
0
0
0
0
0
0
0
0
0
0
0
0
0
0
0
0
0
0
0
0
0
0
0
0
0
0
0
0
0
0
0
0
0
0
0
0
0
0
0
0
0
0
0
0
0
0
0
0
0
0
0
0
0
0
0
0
0
0
0
0
0
0
0
0
0
0
0
0
0
0
0
0
0
0
0
0
0
0
0
0
0
0
0
0
0
0
0
0
0
0
0
0
0
0
0
0
0
0
0
0
0
0
0
0
0
0
0
0
0
0
0
0
0
0
0
0
0
0
0
0
0
0
0
0
0
0
0
0
0
0
0
0
0
0
0
0
0
0
0
0
0
0
0
0
0
0
0
0
0
0
0
0
0
0
0
0
0
0
0
0
0
0
0
0
0
0
0
0
0
0
0
0
0
0
0
0
0
0
0
0
0
0
0
0
0
0
0
0
0
0
0
0
0
0
0
0
0
0
0
0
0
0
0
0
0
0
0
0
0
0
0
0
0
0
0
0
0
0
0
0
0
0
0
0
0
0
0
0
0
0
0
0
0
0
0
0
0
0
0
0
0
0
0
0
0
0
0
0
0
0
0
0
0
0
0
0
0
0
0
0
0
0
0
0
0
0
0
0
0
0
0
0
0
0
0
0
0
0
0
0
0
0
0
0
0
0
0
0
0
0
0
0
0
0
0
0
0
0
0
0
0
0
0
0
0
0
0
0
0
0
0
0
0
0
0
0
0
0
0
0
0
0
0
0
0
0
0
0
0
0
0
0
0
0
0
0
0
0
0
0
0
0
0
0
0
0
0
0
0
0
0
0
0
0
0
0
0
0
0
0
0
0
0
0
0
0
0
0
0
0
0
0
0
0
0
0
0
0
0
0
0
0
0
0
0
0
0
0
0
0
0
0
0
0
0
0
0
0
0
0
0
0
0
0
0
0
0
0
0
0
0
0
0
0
0
0
0
0
0
0
0
0
0
0
0
0
0
0
0
0
0
0
0
0
0
0
0
0
0
0
0
0
0
0
0
0
0
0
0
0
0
0
0
0
0
0
0
0
0
0
0
0
0
0
0
0
0
0
0
0
0
0
0
0
0
0
0
0
0
0
0
0
0
0
0
0
0
0
0
0
0
0
0
0
0
0
0
0
0
0
0
0
0
0
0
0
0
0
0
0
0
0
0
0
0
0
0
0
0
0
0
0
0
0
0
0
0
0
0
0
0
0
0
0
0
0
0
0
0
0
0
0
0
0
0
0
0
0
0
0
0
0
0
0
0
0
0
0
0
0
0
0
0
0
0
0
0
0
0
0
0
0
0
0
0
0
0
0
0
0
0
0
0
0
0
0
0
0
0
0
0
0
0
0
0
0
0
0
0
0
0
0
0
0
0
0
0
0
0
0
0
0
0
0
0
0
0
0
0
0
0
0
0
0
0
0
0
0
0
0
0
0
0
0
0
0
0
0
0
0
0
0
0
0
0
0
0
0
0
0
0
0
0
0
0
0
0
0
0
0
0
0
0
0
0
0
0
0
0
0
0
0
0
0
0
0
0
0
0
0
0
0
0
0
0
0
0
0
0
0
0
0
0
0
0
0
0
0
0
0
0
0
0
0
0
0
0
0
0
0
0
0
0
0
0
0
0
0
0
0
0
0
0
0
0
0
0
0
0
0
0
0
0
0
0
0
0
0
0
0
0
0
0
0
0
0
0
0
0
0
0
0
0
0
0
0
0
0
0
0
0
0
0
0
0
0
0
0
0
0
0
0
0
0
0
0
0
0
0
0
0
0
0
0
0
0
0
0
0
0
0
0
0
0
0
0
0
0
0
0
0
0
0
0
0
0
0
0
0
0
0
0
0
0
0
0
0
0
0
0
0
0
0
0
0
0
0
0
0
0
0
0
0
0
0
0
0
0
0
0
0
0
0
0
0
0
0
0
0
0
0
0
0
0
0
0
0
0
0
0
0
0
0
0
0
0
0
0
0
0
0
0
0
0
0
0
0
0
0
0
0
0
0
0
0
0
0
0
0
0
0
0
0
0
0
0
0
0
0
0
0
0
0
0
0
0
0
0
0
0
0
0
0
0
0
0
0
0
0
0
0
0
0
0
0
0
0
0
0
0
0
0
0
0
0
0
0
0
0
0
0
0
0
0
0
0
0
0
0
0
0
0
0
0
0
0
0
0
0
0
0
0
0
0
0
0
0
0
0
0
0
0
0
0
0
0
0
0
0
0
0
0
0
0
0
0
0
0
0
0
0
0
0
0
0
0
0
0
0
0
0
0
0
0
0
0
0
0
0
0
0
0
0
0
0
0
0
0
0
0
0
0
0
0
0
0
0
0
0
0
0
0
0
0
0
0
0
0
0
0
0
0
0
0
0
0
0
0
0
0
0
0
0
0
0
0
0
0
0
0
0
0
0
0
0
0
0
0
0
0
0
0
0
0
0
0
0
0
0
0
0
0
0
0
0
0
0
0
0
0
0
0
0
0
0
0
0
0
0
0
0
0
0
0
0
0
0
0
0
0
0
0
0
0
0
0
0
0
0
0
0
0
0
0
0
0
0
0
0
0
0
0
0
0
0
0
0
0
0
0
0
0
0
0
0
0
0
0
0
0
0
0
0
0
0
0
0
0
0
0
0
0
0
0
0
0
0
0
0
0
0
0
0
0
0
0
0
0
0
0
0
0
0
0
0
0
0
0
0
0
0
0
0
0
0
0
0
0
0
0
0
0
0
0
0
0
0
0
0
0
0
0
0
0
0
0
0
0
0
0
0
0
0
0
0
0
0
0
0
0
0
0
0
0
0
0
0
0
0
0
0
0
0
0
0
0
0
0
0
0
0
0
0
0
0
0
0
0
0
0
0
0
0
0
0
0
0
0
0
0
0
0
0
0
0
0
0
0
0
0
0
0
0
0
0
0
0
0
0
0
0
0
0
0
0
0
0
0
0
0
0
0
0
0
0
0
0
0
0
0
0
0
0
0
0
0
0
0
0
0
0
0
0
0
0
0
0
0
0
0
0
0
0
0
0
0
0
0
0
0
0
0
0
0
0
0
0
0
0
0
0
0
0
0
0
0
0
0
0
0
0
0
0
0
0
0
0
0
0
0
0
0
0
0
0
0
0
0
0
0
0
0
0
0
0
0
0
0
0
0
0
0
0
0
0
0
0
0
0
0
0
0
0
0
0
0
0
0
0
0
0
0
0
0
0
0
0
0
0
0
0
0
0
0
0
0
0
0
0
0
0
0
0
0
0
0
0
0
0
0
0
0
0
0
0
0
0
0
0
0
0
0
0
0
0
0
0
0
0
0
0
0
0
0
0
0
0
0
0
0
0
0
0
0
0
0
0
0
0
0
0
0
0
0
0
0
0
0
0
0
0
0
0
0
0
0
0
0
0
0
0
0
0
0
0
0
0
0
0
0
0
0
0
0
0
0
0
0
0
0
0
0
0
0
0
0
0
0
0
0
0
0
0
0
0
0
0
0
0
0
0
0
0
0
0
0
0
0
0
0
0
0
0
0
0
0
0
0
0
0
0
0
0
0
0
0
0
0
0
0
0
0
0
0
0
0
0
0
0
0
0
0
0
0
0
0
0
0
0
0
0
0
0
0
0
0
0
0
0
0
0
0
0
0
0
0
0
0
0
0
0
0
0
0
0
0
0
0
0
0
0
0
0
0
0
0
0
0
0
0
0
0
0
0
0
0
0
0
0
0
0
0
0
0
0
0
0
0
0
0
0
0
0
0
0
0
0
0
0
0
0
0
0
0
0
0
0
0
0
0
0
0
0
0
0
0
0
0
0
0
0
0
0
0
0
0
0
0
0
0
0
0
0
0
0
0
0
0
0
0
0
0
0
0
0
0
0
0
0
0
0
0
0
0
0
0
0
0
0
0
0
0
0
0
0
0
0
0
0
0
0
0
0
0
0
0
0
0
0
0
0
0
0
0
0
0
0
0
0
0
0
0
0
0
0
0
0
0
0
0
0
0
0
0
0
0
0
0
0
0
0
0
0
0
0
0
0
0
0
0
0
0
0
0
0
0
0
0
0
0
0
0
0
0
0
0
0
0
0
0
0
0
0
0
0
0
0
0
0
0
0
0
0
0
0
0
0
0
0
0
0
0
0
0
0
0
0
0
0
0
0
0
0
0
0
0
0
0
0
0
0
0
0
0
0
0
0
0
0
0
0
0
0
0
0
0
0
0
0
0
0
0
0
0
0
0
0
0
0
0
0
0
0
0
0
0
0
0
0
0
0
0
0
0
0
0
0
0
0
0
0
0
0
0
0
0
0
0
0
0
0
0
0
0
0
0
0
0
0
0
0
0
0
0
0
0
0
0
0
0
0
0
0
0
0
0
0
0
0
0
0
0
0
0
0
0
0
0
0
0
0
0
0
0
0
0
0
0
0
0
0
0
0
0
0
0
0
0
0
0
0
0
0
0
0
0
0
0
0
0
0
0
0
0
0
0
0
0
0
0
0
0
0
0
0
0
0
0
0
0
0
0
0
0
0
0
0
0
0
0
0
0
0
0
0
0
0
0
0
0
0
0
0
0
0
0
0
0
0
0
0
0
0
0
0
0
0
0
0
0
0
0
0
0
0
0
0
0
0
0
0
0
0
0
0
0
0
0
0
0
0
0
0
0
0
0
0
0
0
0
0
0
0
0
0
0
0
0
0
0
0
0
0
0
0
0
0
0
0
0
0
0
0
0
0
0
0
0
0
0
0
0
0
0
0
0
0
0
0
0
0
0
0
0
0
0
0
0
0
0
0
0
0
0
0
0
0
0
0
0
0
0
0
0
0
0
0
0
0
0
0
0
0
0
0
0
0
0
0
0
0
0
0
0
0
0
0
0
0
0
0
0
0
0
0
0
0
0
0
0
0
0
0
0
0
0
0
0
0
0
0
0
0
0
0
0
0
0
0
0
0
0
0
0
0
0
0
0
0
0
0
0
0
0
0
0
0
0
0
0
0
0
0
0
0
0
0
0
0
0
0
0
0
0
0
0
0
0
0
0
0
0
0
0
0
0
0
0
0
0
0
0
0
0
0
0
0
0
0
0
0
0
0
0
0
0
0
0
0
0
0
0
0
0
0
0
0
0
0
0
0
0
0
0
0
0
0
0
0
0
0
0
0
0
0
0
0
0
0
0
0
0
0
0
0
0
0
0
0
0
0
0
0
0
0
0
0
0
0
0
0
0
0
0
0
0
0
0
0
0
0
0
0
0
0
0
0
0
0
0
0
0
0
0
0
0
0
0
0
0
0
0
0
0
0
0
0
0
0
0
0
0
0
0
0
0
0
0
0
0
0
0
0
0
0
0
0
0
0
0
0
0
0
0
0
0
0
0
0
0
0
0
0
0
0
0
0
0
0
0
0
0
0
0
0
0
0
0
0
0
0
0
0
0
0
0
0
0
0
0
0
0
0
0
0
0
0
0
0
0
0
0
0
0
0
0
0
0
0
0
0
0
0
0
0
0
0
0
0
0
0
0
0
0
0
0
0
0
0
0
0
0
0
0
0
0
0
0
0
0
0
0
0
0
0
0
0
0
0
0
0
0
0
0
0
0
0
0
0
0
0
0
0
0
0
0
0
0
0
0
0
0
0
0
0
0
0
0
0
0
0
0
0
0
0
0
0
0
0
0
0
0
0
0
0
0
0
0
0
0
0
0
0
0
0
0
0
0
0
0
0
0
0
0
0
0
0
0
0
0
0
0
0
0
0
0
0
0
0
0
0
0
0
0
0
0
0
0
0
0
0
0
0
0
0
0
0
0
0
0
0
0
0
0
0
0
0
0
0
0
0
0
0
0
0
0
0
0
0
0
0
0
0
0
0
0
0
0
0
0
0
0
0
0
0
0
0
0
0
0
0
0
0
0
0
0
0
0
0
0
0
0
0
0
0
0
0
0
0
0
0
0
0
0
0
0
0
0
0
0
0
0
0
0
0
0
0
0
0
0
0
0
0
0
0
0
0
0
0
0
0
0
0
0
0
0
0
0
0
0
0
0
0
0
0
0
0
0
0
0
0
0
0
0
0
0
0
0
0
0
0
0
0
0
0
0
0
0
0
0
0
0
0
0
0
0
0
0
0
0
0
0
0
0
0
0
0
0
0
0
0
0
0
0
0
0
0
0
0
0
0
0
0
0
0
0
0
0
0
0
0
0
0
0
0
0
0
0
0
0
0
0
0
0
0
0
0
0
0
0
0
0
0
0
0
0
0
0
0
0
0
0
0
0
0
0
0
0
0
0
0
0
0
0
0
0
0
0
0
0
0
0
0
0
0
0
0
0
0
0
0
0
0
0
0
0
0
0
0
0
0
0
0
0
0
0
0
0
0
0
0
0
0
0
0
0
0
0
0
0
0
0
0
0
0
0
0
0
0
0
0
0
0
0
0
0
0
0
0
0
0
0
0
0
0
0
0
0
0
0
0
0
0
0
0
0
0
0
0
0
0
0
0
0
0
0
0
0
0
0
0
0
0
0
0
0
0
0
0
0
0
0
0
0
0
0
0
0
0
0
0
0
0
0
0
0
0
0
0
0
0
0
0
0
0
0
0
0
0
0
0
0
0
0
0
0
0
0
0
0
0
0
0
0
0
0
0
0
0
0
0
0
0
0
0
0
0
0
0
0
0
0
0
0
0
0
0
0
0
0
0
0
0
0
0
0
0
0
0
0
0
0
0
0
0
0
0
0
0
0
0
0
0
0
0
0
0
0
0
0
0
0
0
0
0
0
0
0
0
0
0
0
0
0
0
0
0
0
0
0
0
0
0
0
0
0
0
0
0
0
0
0
0
0
0
0
0
0
0
0
0
0
0
0
0
0
0
0
0
0
0
0
0
0
0
0
0
0
0
0
0
0
0
0
0
0
0
0
0
0
0
0
0
0
0
0
0
0
0
0
0
0
0
0
0
0
0
0
0
0
0
0
0
0
0
0
0
0
0
0
0
0
0
0
0
0
0
0
0
0
0
0
0
0
0
0
0
0
0
0
0
0
0
0
0
0
0
0
0
0
0
0
0
0
0
0
0
0
0
0
0
0
0
0
0
0
0
0
0
0
0
0
0
0
0
0
0
0
0
0
0
0
0
0
0
0
0
0
0
0
0
0
0
0
0
0
0
0
0
0
0
0
0
0
0
0
0
0
0
0
0
0
0
0
0
0
0
0
0
0
0
0
0
0
0
0
0
0
0
0
0
0
0
0
0
0
0
0
0
0
0
0
0
0
0
0
0
0
0
0
0
0
0
0
0
0
0
0
0
0
0
0
0
0
0
0
0
0
0
0
0
0
0
0
0
0
0
0
0
0
0
0
0
0
0
0
0
0
0
0
0
0
0
0
0
0
0
0
0
0
0
0
0
0
0
0
0
0
0
0
0
0
0
0
0
0
0
0
0
0
0
0
0
0
0
0
0
0
0
0
0
0
0
0
0
0
0
0
0
0
0
0
0
0
0
0
0
0
0
0
0
0
0
0
0
0
0
0
0
0
0
0
0
0
0
0
0
0
0
0
0
0
0
0
0
0
0
0
0
0
0
0
0
0
0
0
0
0
0
0
0
0
0
0
0
0
0
0
0
0
0
0
0
0
0
0
0
0
0
0
0
0
0
0
0
0
0
0
0
0
0
0
0
0
0
0
0
0
0
0
0
0
0
0
0
0
0
0
0
0
0
0
0
0
0
0
0
0
0
0
0
0
0
0
0
0
0
0
0
0
0
0
0
0
0
0
0
0
0
0
0
0
0
0
0
0
0
0
0
0
0
0
0
0
0
0
0
0
0
0
0
0
0
0
0
0
0
0
0
0
0
0
0
0
0
0
0
0
0
0
0
0
0
0
0
0
0
0
0
0
0
0
0
0
0
0
0
0
0
0
0
0
0
0
0
0
0
0
0
0
0
0
0
0
0
0
0
0
0
0
0
0
0
0
0
0
0
0
0
0
0
0
0
0
0
0
0
0
0
0
0
0
0
0
0
0
0
0
0
0
0
0
0
0
0
0
0
0
0
0
0
0
0
0
0
0
0
0
0
0
0
0
0
0
0
0
0
0
0
0
0
0
0
0
0
0
0
0
0
0
0
0
0
0
0
0
0
0
0
0
0
0
0
0
0
0
0
0
0
0
0
0
0
0
0
0
0
0
0
0
0
0
0
0
0
0
0
0
0
0
0
0
0
0
0
0
0
0
0
0
0
0
0
0
0
0
0
0
0
0
0
0
0
0
0
0
0
0
0
0
0
0
0
0
0
0
0
0
0
0
0
0
0
0
0
0
0
0
0
0
0
0
0
0
0
0
0
0
0
0
0
0
0
0
0
0
0
0
0
0
0
0
0
0
0
0
0
0
0
0
0
0
0
0
0
0
0
0
0
0
0
0
0
0
0
0
0
0
0
0
0
0
0
0
0
0
0
0
0
0
0
0
0
0
0
0
0
0
0
0
0
0
0
0
0
0
0
0
0
0
0
0
0
0
0
0
0
0
0
0
0
0
0
0
0
0
0
0
0
0
0
0
0
0
0
0
0
0
0
0
0
0
0
0
0
0
0
0
0
0
0
0
0
0
0
0
0
0
0
0
0
0
0
0
0
0
0
0
0
0
0
0
0
0
0
0
0
0
0
0
0
0
0
0
0
0
0
0
0
0
0
0
0
0
0
0
0
0
0
0
0
0
0
0
0
0
0
0
0
0
0
0
0
0
0
0
0
0
0
0
0
0
0
0
0
0
0
0
0
0
0
0
0
0
0
0
0
0
0
0
0
0
0
0
0
0
0
0
0
0
0
0
0
0
0
0
0
0
0
0
0
0
0
0
0
0
0
0
0
0
0
0
0
0
0
0
0
0
0
0
0
0
0
0
0
0
0
0
0
0
0
0
0
0
0
0
0
0
0
0
0
0
0
0
0
0
0
0
0
0
0
0
0
0
0
0
0
0
0
0
0
0
0
0
0
0
0
0
0
0
0
0
0
0
0
0
0
0
0
0
0
0
0
0
0
0
0
0
0
0
0
0
0
0
0
0
0
0
0
0
0
0
0
0
0
0
0
0
0
0
0
0
0
0
0
0
0
0
0
0
0
0
0
0
0
0
0
0
0
0
0
0
0
0
0
0
0
0
0
0
0
0
0
0
0
0
0
0
0
0
0
0
0
0
0
0
0
0
0
0
0
0
0
0
0
0
0
0
0
0
0
0
0
0
0
0
0
0
0
0
0
0
0
0
0
0
0
0
0
0
0
0
0
0
0
0
0
0
0
0
0
0
0
0
0
0
0
0
0
0
0
0
0
0
0
0
0
0
0
0
0
0
0
0
0
0
0
0
0
0
0
0
0
0
0
0
0
0
0
0
0
0
0
0
0
0
0
0
0
0
0
0
0
0
0
0
0
0
0
0
0
0
0
0
0
0
0
0
0
0
0
0
0
0
0
0
0
0
0
0
0
0
0
0
0
0
0
0
0
0
0
0
0
0
0
0
0
0
0
0
0
0
0
0
0
0
0
0
0
0
0
0
0
0
0
0
0
0
0
0
0
0
0
0
0
0
0
0
0
0
0
0
0
0
0
0
0
0
0
0
0
0
0
0
0
0
0
0
0
0
0
0
0
0
0
0
0
0
0
0
0
0
0
0
0
0
0
0
0
0
0
0
0
0
0
0
0
0
0
0
0
0
0
0
0
0
0
0
0
0
0
0
0
0
0
0
0
0
0
0
0
0
0
0
0
0
0
0
0
0
0
0
0
0
0
0
0
0
0
0
0
0
0
0
0
0
0
0
0
0
0
0
0
0
0
0
0
0
0
0
0
0
0
0
0
0
0
0
0
0
0
0
0
0
0
0
0
0
0
0
0
0
0
0
0
0
0
0
0
0
0
0
0
0
0
0
0
0
0
0
0
0
0
0
0
0
0
0
0
0
0
0
0
0
0
0
0
0
0
0
0
0
0
0
0
0
0
0
0
0
0
0
0
0
0
0
0
0
0
0
0
0
0
0
0
0
0
0
0
0
0
0
0
0
0
0
0
0
0
0
0
0
0
0
0
0
0
0
0
0
0
0
0
0
0
0
0
0
0
0
0
0
0
0
0
0
0
0
0
0
0
0
0
0
0
0
0
0
0
0
0
0
0
0
0
0
0
0
0
0
0
0
0
0
0
0
0
0
0
0
0
0
0
0
0
0
0
0
0
0
0
0
0
0
0
0
0
0
0
0
0
0
0
0
0
0
0
0
0
0
0
0
0
0
0
0
0
0
0
0
0
0
0
0
0
0
0
0
0
0
0
0
0
0
0
0
0
0
0
0
0
0
0
0
0
0
0
0
0
0
0
0
0
0
0
0
0
0
0
0
0
0
0
0
0
0
0
0
0
0
0
0
0
0
0
0
0
0
0
0
0
0
0
0
0
0
0
0
0
0
0
0
0
0
0
0
0
0
0
0
0
0
0
0
0
0
0
0
0
0
0
0
0
0
0
0
0
0
0
0
0
0
0
0
0
0
0
0
0
0
0
0
0
0
0
0
0
0
0
0
0
0
0
0
0
0
0
0
0
0
0
0
0
0
0
0
0
0
0
0
0
0
0
0
0
0
0
0
0
0
0
0
0
0
0
0
0
0
0
0
0
0
0
0
0
0
0
0
0
0
0
0
0
0
0
0
0
0
0
0
0
0
0
0
0
0
0
0
0
0
0
0
0
0
0
0
0
0
0
0
0
0
0
0
0
0
0
0
0
0
0
0
0
0
0
0
0
0
0
0
0
0
0
0
0
0
0
0
0
0
0
0
0
0
0
0
0
0
0
0
0
0
0
0
0
0
0
0
0
0
0
0
0
0
0
0
0
0
0
0
0
0
0
0
0
0
0
0
0
0
0
0
0
0
0
0
0
0
0
0
0
0
0
0
0
0
0
0
0
0
0
0
0
0
0
0
0
0
0
0
0
0
0
0
0
0
0
0
0
0
0
0
0
0
0
0
0
0
0
0
0
0
0
0
0
0
0
0
0
0
0
0
0
0
0
0
0
0
0
0
0
0
0
0
0
0
0
0
0
0
0
0
0
0
0
0
0
0
0
0
0
0
0
0
0
0
0
0
0
0
0
0
0
0
0
0
0
0
0
0
0
0
0
0
0
0
0
0
0
0
0
0
0
0
0
0
0
0
0
0
0
0
0
0
0
0
0
0
0
0
0
0
0
0
0
0
0
0
0
0
0
0
0
0
0
0
0
0
0
0
0
0
0
0
0
0
0
0
0
0
0
0
0
0
0
0
0
0
0
0
0
0
0
0
0
0
0
0
0
0
0
0
0
0
0
0
0
0
0
0
0
0
0
0
0
0
0
0
0
0
0
0
0
0
0
0
0
0
0
0
0
0
0
0
0
0
0
0
0
0
0
0
0
0
0
0
0
0
0
0
0
0
0
0
0
0
0
0
0
0
0
0
0
0
0
0
0
0
0
0
0
0
0
0
0
0
0
0
0
0
0
0
0
0
0
0
0
0
0
0
0
0
0
0
0
0
0
0
0
0
0
0
0
0
0
0
0
0
0
0
0
0
0
0
0
0
0
0
0
0
0
0
0
0
0
0
0
0
0
0
0
0
0
0
0
0
0
0
0
0
0
0
0
0
0
0
0
0
0
0
0
0
0
0
0
0
0
0
0
0
0
0
0
0
0
0
0
0
0
0
0
0
0
0
0
0
0
0
0
0
0
0
0
0
0
0
0
0
0
0
0
0
0
0
0
0
0
0
0
0
0
0
0
0
0
0
0
0
0
0
0
0
0
0
0
0
0
0
0
0
0
0
0
0
0
0
0
0
0
0
0
0
0
0
0
0
0
0
0
0
0
0
0
0
0
0
0
0
0
0
0
0
0
0
0
0
0
0
0
0
0
0
0
0
0
0
0
0
0
0
0
0
0
0
0
0
0
0
0
0
0
0
0
0
0
0
0
0
0
0
0
0
0
0
0
0
0
0
0
0
0
0
0
0
0
0
0
0
0
0
0
0
0
0
0
0
0
0
0
0
0
0
0
0
0
0
0
0
0
0
0
0
0
0
0
0
0
0
0
0
0
0
0
0
0
0
0
0
0
0
0
0
0
0
0
0
0
0
0
0
0
0
0
0
0
0
0
0
0
0
0
0
0
0
0
0
0
0
0
0
0
0
0
0
0
0
0
0
0
0
0
0
0
0
0
0
0
0
0
0
0
0
0
0
0
0
0
0
0
0
0
0
0
0
0
0
0
0
0
0
0
0
0
0
0
0
0
0
0
0
0
0
0
0
0
0
0
0
0
0
0
0
0
0
0
0
0
0
0
0
0
0
0
0
0
0
0
0
0
0
0
0
0
0
0
0
0
0
0
0
0
0
0
0
0
0
0
0
0
0
0
0
0
0
0
0
0
0
0
0
0
0
0
0
0
0
0
0
0
0
0
0
0
0
0
0
0
0
0
0
0
0
0
0
0
0
0
0
0
0
0
0
0
0
0
0
0
0
0
0
0
0
0
0
0
0
0
0
0
0
0
0
0
0
0
0
0
0
0
0
0
0
0
0
0
0
0
0
0
0
0
0
0
0
0
0
0
0
0
0
0
0
0
0
0
0
0
0
0
0
0
0
0
0
0
0
0
0
0
0
0
0
0
0
0
0
0
0
0
0
0
0
0
0
0
0
0
0
0
0
0
0
0
0
0
0
0
0
0
0
0
0
0
0
0
0
0
0
0
0
0
0
0
0
0
0
0
0
0
0
0
0
0
0
0
0
0
0
0
0
0
0
0
0
0
0
0
0
0
0
0
0
0
0
0
0
0
0
0
0
0
0
0
0
0
0
0
0
0
0
0
0
0
0
0
0
0
0
0
0
0
0
0
0
0
0
0
0
0
0
0
0
0
0
0
0
0
0
0
0
0
0
0
0
0
0
0
0
0
0
0
0
0
0
0
0
0
0
0
0
0
0
0
0
0
0
0
0
0
0
0
0
0
0
0
0
0
0
0
0
0
0
0
0
0
0
0
0
0
0
0
0
0
0
0
0
0
0
0
0
0
0
0
0
0
0
0
0
0
0
0
0
0
0
0
0
0
0
0
0
0
0
0
0
0
0
0
0
0
0
0
0
0
0
0
0
0
0
0
0
0
0
0
0
0
0
0
0
0
0
0
0
0
0
0
0
0
0
0
0
0
0
0
0
0
0
0
0
0
0
0
0
0
0
0
0
0
0
0
0
0
0
0
0
0
0
0
0
0
0
0
0
0
0
0
0
0
0
0
0
0
0
0
0
0
0
0
0
0
0
0
0
0
0
0
0
0
0
0
0
0
0
0
0
0
0
0
0
0
0
0
0
0
0
0
0
0
0
0
0
0
0
0
0
0
0
0
0
0
0
0
0
0
0
0
0
0
0
0
0
0
0
0
0
0
0
0
0
0
0
0
0
0
0
0
0
0
0
0
0
0
0
0
0
0
0
0
0
0
0
0
0
0
0
0
0
0
0
0
0
0
0
0
0
0
0
0
0
0
0
0
0
0
0
0
0
0
0
0
0
0
0
0
0
0
0
0
0
0
0
0
0
0
0
0
0
0
0
0
0
0
0
0
0
0
0
0
0
0
0
0
0
0
0
0
0
0
0
0
0
0
0
0
0
0
0
0
0
0
0
0
0
0
0
0
0
0
0
0
0
0
0
0
0
0
0
0
0
0
0
0
0
0
0
0
0
0
0
0
0
0
0
0
0
0
0
0
0
0
0
0
0
0
0
0
0
0
0
0
0
0
0
0
0
0
0
0
0
0
0
0
0
0
0
0
0
0
0
0
0
0
0
0
0
0
0
0
0
0
0
0
0
0
0
0
0
0
0
0
0
0
0
0
0
0
0
0
0
0
0
0
0
0
0
0
0
0
0
0
0
0
0
0
0
0
0
0
0
0
0
0
0
0
0
0
0
0
0
0
0
0
0
0
0
0
0
0
0
0
0
0
0
0
0
0
0
0
0
0
0
0
0
0
0
0
0
0
0
0
0
0
0
0
0
0
0
0
0
0
0
0
0
0
0
0
0
0
0
0
0
0
0
0
0
0
0
0
0
0
0
0
0
0
0
0
0
0
0
0
0
0
0
0
0
0
0
0
0
0
0
0
0
0
0
0
0
0
0
0
0
0
0
0
0
0
0
0
0
0
0
0
0
0
0
0
0
0
0
0
0
0
0
0
0
0
0
0
0
0
0
0
0
0
0
0
0
0
0
0
0
0
0
0
0
0
0
0
0
0
0
0
0
0
0
0
0
0
0
0
0
0
0
0
0
0
0
0
0
0
0
0
0
0
0
0
0
0
0
0
0
0
0
0
0
0
0
0
0
0
0
0
0
0
0
0
0
0
0
0
0
0
0
0
0
0
0
0
0
0
0
0
0
0
0
0
0
0
0
0
0
0
0
0
0
0
0
0
0
0
0
0
0
0
0
0
0
0
0
0
0
0
0
0
0
0
0
0
0
0
0
0
0
0
0
0
0
0
0
0
0
0
0
0
0
0
0
0
0
0
0
0
0
0
0
0
0
0
0
0
0
0
0
0
0
0
0
0
0
0
0
0
0
0
0
0
0
0
0
0
0
0
0
0
0
0
0
0
0
0
0
0
0
0
0
0
0
0
0
0
0
0
0
0
0
0
0
0
0
0
0
0
0
0
0
0
0
0
0
0
0
0
0
0
0
0
0
0
0
0
0
0
0
0
0
0
0
0
0
0
0
0
0
0
0
0
0
0
0
0
0
0
0
0
0
0
0
0
0
0
0
0
0
0
0
0
0
0
0
0
0
0
0
0
0
0
0
0
0
0
0
0
0
0
0
0
0
0
0
0
0
0
0
0
0
0
0
0
0
0
0
0
0
0
0
0
0
0
0
0
0
0
0
0
0
0
0
0
0
0
0
0
0
0
0
0
0
0
0
0
0
0
0
0
0
0
0
0
0
0
0
0
0
0
0
0
0
0
0
0
0
0
0
0
0
0
0
0
0
0
0
0
0
0
0
0
0
0
0
0
0
0
0
0
0
0
0
0
0
0
0
0
0
0
0
0
0
0
0
0
0
0
0
0
0
0
0
0
0
0
0
0
0
0
0
0
0
0
0
0
0
0
0
0
0
0
0
0
0
0
0
0
0
0
0
0
0
0
0
0
0
0
0
0
0
0
0
0
0
0
0
0
0
0
0
0
0
0
0
0
0
0
0
0
0
0
0
0
0
0
0
0
0
0
0
0
0
0
0
0
0
0
0
0
0
0
0
0
0
0
0
0
0
0
0
0
0
0
0
0
0
0
0
0
0
0
0
0
0
0
0
0
0
0
0
0
0
0
0
0
0
0
0
0
0
0
0
0
0
0
0
0
0
0
0
0
0
0
0
0
0
0
0
0
0
0
0
0
0
0
0
0
0
0
0
0
0
0
0
0
0
0
0
0
0
0
0
0
0
0
0
0
0
0
0
0
0
0
0
0
0
0
0
0
0
0
0
0
0
0
0
0
0
0
0
0
0
0
0
0
0
0
0
0
0
0
0
0
0
0
0
0
0
0
0
0
0
0
0
0
0
0
0
0
0
0
0
0
0
0
0
0
0
0
0
0
0
0
0
0
0
0
0
0
0
0
0
0
0
0
0
0
0
0
0
0
0
0
0
0
0
0
0
0
0
0
0
0
0
0
0
0
0
0
0
0
0
0
0
0
0
0
0
0
0
0
0
0
0
0
0
0
0
0
0
0
0
0
0
0
0
0
0
0
0
0
0
0
0
0
0
0
0
0
0
0
0
0
0
0
0
0
0
0
0
0
0
0
0
0
0
0
0
0
0
0
0
0
0
0
0
0
0
0
0
0
0
0
0
0
0
0
0
0
0
0
0
0
0
0
0
0
0
0
0
0
0
0
0
0
0
0
0
0
0
0
0
0
0
0
0
0
0
0
0
0
0
0
0
0
0
0
0
0
0
0
0
0
0
0
0
0
0
0
0
0
0
0
0
0
0
0
0
0
0
0
0
0
0
0
0
0
0
0
0
0
0
0
0
0
0
0
0
0
0
0
0
0
0
0
0
0
0
0
0
0
0
0
0
0
0
0
0
0
0
0
0
0
0
0
0
0
0
0
0
0
0
0
0
0
0
0
0
0
0
0
0
0
0
0
0
0
0
0
0
0
0
0
0
0
0
0
0
0
0
0
0
0
0
0
0
0
0
0
0
0
0
0
0
0
0
0
0
0
0
0
0
0
0
0
0
0
0
0
0
0
0
0
0
0
0
0
0
0
0
0
0
0
0
0
0
0
0
0
0
0
0
0
0
0
0
0
0
0
0
0
0
0
0
0
0
0
0
0
0
0
0
0
0
0
0
0
0
0
0
0
0
0
0
0
0
0
0
0
0
0
0
0
0
0
0
0
0
0
0
0
0
0
0
0
0
0
0
0
0
0
0
0
0
0
0
0
0
0
0
0
0
0
0
0
0
0
0
0
0
0
0
0
0
0
0
0
0
0
0
0
0
0
0
0
0
0
0
0
0
0
0
0
0
0
0
0
0
0
0
0
0
0
0
0
0
0
0
0
0
0
0
0
0
0
0
0
0
0
0
0
0
0
0
0
0
0
0
0
0
0
0
0
0
0
0
0
0
0
0
0
0
0
0
0
0
0
0
0
0
0
0
0
0
0
0
0
0
0
0
0
0
0
0
0
0
0
0
0
0
0
0
0
0
0
0
0
0
0
0
0
0
0
0
0
0
0
0
0
0
0
0
0
0
0
0
0
0
0
0
0
0
0
0
0
0
0
0
0
0
0
0
0
0
0
0
0
0
0
0
0
0
0
0
0
0
0
0
0
0
0
0
0
0
0
0
0
0
0
0
0
0
0
0
0
0
0
0
0
0
0
0
0
0
0
0
0
0
0
0
0
0
0
0
0
0
0
0
0
0
0
0
0
0
0
0
0
0
0
0
0
0
0
0
0
0
0
0
0
0
0
0
0
0
0
0
0
0
0
0
0
0
0
0
0
0
0
0
0
0
0
0
0
0
0
0
0
0
0
0
0
0
0
0
0
0
0
0
0
0
0
0
0
0
0
0
0
0
0
0
0
0
0
0
0
0
0
0
0
0
0
0
0
0
0
0
0
0
0
0
0
0
0
0
0
0
0
0
0
0
0
0
0
0
0
0
0
0
0
0
0
0
0
0
0
0
0
0
0
0
0
0
0
0
0
0
0
0
0
0
0
0
0
0
0
0
0
0
0
0
0
0
0
0
0
0
0
0
0
0
0
0
0
0
0
0
0
0
0
0
0
0
0
0
0
0
0
0
0
0
0
0
0
0
0
0
0
0
0
0
0
0
0
0
0
0
0
0
0
0
0
0
0
0
0
0
0
0
0
0
