0
0
0
0
0
0
0
0
0
0
0
0
0
0
0
0
0
0
0
0
0
0
0
0
0
0
0
0
0
0
0
0
0
0
0
0
0
0
0
0
0
0
0
0
0
0
0
0
0
0
0
0
0
0
0
0
0
0
0
0
0
0
0
0
0
0
0
0
0
0
0
0
0
0
0
0
0
0
0
0
0
0
0
0
0
0
0
0
0
0
0
0
0
0
0
0
0
0
0
0
0
0
0
0
0
0
0
0
0
0
0
0
0
0
0
0
0
0
0
0
0
0
0
0
0
0
0
0
0
0
0
0
0
0
0
0
0
0
0
0
0
0
0
0
0
0
0
0
0
0
0
0
0
0
0
0
0
0
0
0
0
0
0
0
0
0
0
0
0
0
0
0
0
0
0
0
0
0
0
0
0
0
0
0
4095
4095
0
0
0
0
0
0
4095
4092
0
0
0
0
0
0
4092
4091
0
0
0
0
0
0
4091
4091
0
0
0
0
0
0
4091
4092
0
0
0
0
0
0
4092
4094
0
0
0
0
0
0
4094
4095
0
0
0
0
0
0
1
4095
0
0
0
0
0
0
0
4093
0
0
0
0
0
0
4093
4090
0
0
0
0
0
0
4088
4087
0
0
0
0
0
0
4086
4090
0
0
0
0
0
0
4088
0
0
0
0
0
0
0
0
5
0
0
0
0
0
0
7
7
0
0
0
0
0
0
9
1
0
0
0
0
0
0
0
4084
0
0
0
0
0
0
4084
4076
0
0
0
0
0
0
4075
4083
0
0
0
0
0
0
4080
1
0
0
0
0
0
0
1
16
0
0
0
0
0
0
17
19
0
0
0
0
0
0
21
5
0
0
0
0
0
0
7
4078
0
0
0
0
0
0
4077
4063
0
0
0
0
0
0
4061
4068
0
0
0
0
0
0
4067
0
0
0
0
0
0
0
4094
28
0
0
0
0
0
0
29
37
0
0
0
0
0
0
41
16
0
0
0
0
0
0
19
4073
0
0
0
0
0
0
4072
4045
0
0
0
0
0
0
4042
4051
0
0
0
0
0
0
4046
4090
0
0
0
0
0
0
4088
39
0
0
0
0
0
0
43
60
0
0
0
0
0
0
64
33
0
0
0
0
0
0
37
4071
0
0
0
0
0
0
4073
4024
0
0
0
0
0
0
4021
4024
0
0
0
0
0
0
4019
4077
0
0
0
0
0
0
4077
52
0
0
0
0
0
0
53
88
0
0
0
0
0
0
93
59
0
0
0
0
0
0
64
4076
0
0
0
0
0
0
4076
4003
0
0
0
0
0
0
3999
3993
0
0
0
0
0
0
3986
4059
0
0
0
0
0
0
4055
60
0
0
0
0
0
0
61
120
0
0
0
0
0
0
125
91
0
0
0
0
0
0
97
4085
0
0
0
0
0
0
4088
3982
0
0
0
0
0
0
3979
3954
0
0
0
0
0
0
3947
4030
0
0
0
0
0
0
4024
61
0
0
0
0
0
0
62
150
0
0
0
0
0
0
157
132
0
0
0
0
0
0
139
9
0
0
0
0
0
0
13
3966
0
0
0
0
0
0
3962
3913
0
0
0
0
0
0
3904
3992
0
0
0
0
0
0
3983
57
0
0
0
0
0
0
55
184
0
0
0
0
0
0
189
178
0
0
0
0
0
0
187
38
0
0
0
0
0
0
44
3955
0
0
0
0
0
0
3953
3868
0
0
0
0
0
0
3860
3945
0
0
0
0
0
0
3935
41
0
0
0
0
0
0
38
211
0
0
0
0
0
0
216
232
0
0
0
0
0
0
243
79
0
0
0
0
0
0
87
3951
0
0
0
0
0
0
3952
3821
0
0
0
0
0
0
3813
3887
0
0
0
0
0
0
3875
13
0
0
0
0
0
0
8
234
0
0
0
0
0
0
238
289
0
0
0
0
0
0
302
132
0
0
0
0
0
0
141
3960
0
0
0
0
0
0
3961
3779
0
0
0
0
0
0
3770
3823
0
0
0
0
0
0
3810
4071
0
0
0
0
0
0
4061
250
0
0
0
0
0
0
254
353
0
0
0
0
0
0
364
194
0
0
0
0
0
0
208
3979
0
0
0
0
0
0
3982
3738
0
0
0
0
0
0
3729
3750
0
0
0
0
0
0
3736
4016
0
0
0
0
0
0
4005
254
0
0
0
0
0
0
257
413
0
0
0
0
0
0
426
268
0
0
0
0
0
0
285
4014
0
0
0
0
0
0
4021
3705
0
0
0
0
0
0
3698
3673
0
0
0
0
0
0
3657
3949
0
0
0
0
0
0
3935
246
0
0
0
0
0
0
245
471
0
0
0
0
0
0
484
355
0
0
0
0
0
0
373
4065
0
0
0
0
0
0
4074
3686
0
0
0
0
0
0
3680
3593
0
0
0
0
0
0
3575
3867
0
0
0
0
0
0
3850
222
0
0
0
0
0
0
219
526
0
0
0
0
0
0
536
449
0
0
0
0
0
0
469
36
0
0
0
0
0
0
48
3675
0
0
0
0
0
0
3673
3512
0
0
0
0
0
0
3494
3771
0
0
0
0
0
0
3752
182
0
0
0
0
0
0
174
568
0
0
0
0
0
0
580
547
0
0
0
0
0
0
570
121
0
0
0
0
0
0
137
3684
0
0
0
0
0
0
3683
3436
0
0
0
0
0
0
3417
3663
0
0
0
0
0
0
3641
120
0
0
0
0
0
0
108
600
0
0
0
0
0
0
609
650
0
0
0
0
0
0
674
221
0
0
0
0
0
0
242
3709
0
0
0
0
0
0
3711
3366
0
0
0
0
0
0
3348
3546
0
0
0
0
0
0
3521
38
0
0
0
0
0
0
25
614
0
0
0
0
0
0
622
754
0
0
0
0
0
0
776
337
0
0
0
0
0
0
361
3756
0
0
0
0
0
0
3763
3307
0
0
0
0
0
0
3289
3423
0
0
0
0
0
0
3396
4036
0
0
0
0
0
0
4017
612
0
0
0
0
0
0
615
851
0
0
0
0
0
0
876
470
0
0
0
0
0
0
497
3825
0
0
0
0
0
0
3837
3263
0
0
0
0
0
0
3247
3294
0
0
0
0
0
0
3265
3914
0
0
0
0
0
0
3892
587
0
0
0
0
0
0
587
942
0
0
0
0
0
0
966
612
0
0
0
0
0
0
643
3918
0
0
0
0
0
0
3932
3235
0
0
0
0
0
0
3223
3165
0
0
0
0
0
0
3134
3774
0
0
0
0
0
0
3747
538
0
0
0
0
0
0
533
1021
0
0
0
0
0
0
1044
764
0
0
0
0
0
0
798
4033
0
0
0
0
0
0
4054
3231
0
0
0
0
0
0
3222
3040
0
0
0
0
0
0
3011
3621
0
0
0
0
0
0
3588
464
0
0
0
0
0
0
453
1085
0
0
0
0
0
0
1104
921
0
0
0
0
0
0
956
76
0
0
0
0
0
0
103
3250
0
0
0
0
0
0
3247
2924
0
0
0
0
0
0
2893
3449
0
0
0
0
0
0
3413
361
0
0
0
0
0
0
346
1127
0
0
0
0
0
0
1143
1079
0
0
0
0
0
0
1116
239
0
0
0
0
0
0
269
3298
0
0
0
0
0
0
3299
2822
0
0
0
0
0
0
2792
3267
0
0
0
0
0
0
3226
230
0
0
0
0
0
0
210
1143
0
0
0
0
0
0
1156
1233
0
0
0
0
0
0
1273
420
0
0
0
0
0
0
456
3376
0
0
0
0
0
0
3382
2735
0
0
0
0
0
0
2709
3077
0
0
0
0
0
0
3035
74
0
0
0
0
0
0
48
1133
0
0
0
0
0
0
1140
1379
0
0
0
0
0
0
1418
618
0
0
0
0
0
0
661
3483
0
0
0
0
0
0
3497
2673
0
0
0
0
0
0
2649
2888
0
0
0
0
0
0
2844
3989
0
0
0
0
0
0
3955
1091
0
0
0
0
0
0
1093
1511
0
0
0
0
0
0
1548
830
0
0
0
0
0
0
874
3622
0
0
0
0
0
0
3643
2637
0
0
0
0
0
0
2619
2701
0
0
0
0
0
0
2654
3784
0
0
0
0
0
0
3744
1018
0
0
0
0
0
0
1011
1624
0
0
0
0
0
0
1659
1052
0
0
0
0
0
0
1102
3794
0
0
0
0
0
0
3821
2634
0
0
0
0
0
0
2618
2519
0
0
0
0
0
0
2471
3556
0
0
0
0
0
0
3511
907
0
0
0
0
0
0
896
1712
0
0
0
0
0
0
1745
1277
0
0
0
0
0
0
1330
3996
0
0
0
0
0
0
4027
2662
0
0
0
0
0
0
2653
2354
0
0
0
0
0
0
2307
3312
0
0
0
0
0
0
3260
761
0
0
0
0
0
0
744
1773
0
0
0
0
0
0
1801
1502
0
0
0
0
0
0
1556
126
0
0
0
0
0
0
167
2729
0
0
0
0
0
0
2727
2208
0
0
0
0
0
0
2164
3059
0
0
0
0
0
0
3001
581
0
0
0
0
0
0
554
1799
0
0
0
0
0
0
1821
1719
0
0
0
0
0
0
1775
380
0
0
0
0
0
0
429
2835
0
0
0
0
0
0
2840
2085
0
0
0
0
0
0
2045
2794
0
0
0
0
0
0
2735
364
0
0
0
0
0
0
331
1789
0
0
0
0
0
0
1804
1925
0
0
0
0
0
0
1979
654
0
0
0
0
0
0
709
2980
0
0
0
0
0
0
2995
1999
0
0
0
0
0
0
1959
2530
0
0
0
0
0
0
2467
116
0
0
0
0
0
0
75
1736
0
0
0
0
0
0
1744
2107
0
0
0
0
0
0
2161
942
0
0
0
0
0
0
1002
3166
0
0
0
0
0
0
3188
1943
0
0
0
0
0
0
1911
2271
0
0
0
0
0
0
2209
3936
0
0
0
0
0
0
3885
1641
0
0
0
0
0
0
1641
2266
0
0
0
0
0
0
2317
1243
0
0
0
0
0
0
1307
3390
0
0
0
0
0
0
3423
1929
0
0
0
0
0
0
1905
2027
0
0
0
0
0
0
1962
3634
0
0
0
0
0
0
3576
1501
0
0
0
0
0
0
1492
2393
0
0
0
0
0
0
2439
1546
0
0
0
0
0
0
1617
3655
0
0
0
0
0
0
3696
1960
0
0
0
0
0
0
1942
1799
0
0
0
0
0
0
1737
3313
0
0
0
0
0
0
3247
1317
0
0
0
0
0
0
1297
2480
0
0
0
0
0
0
2522
1846
0
0
0
0
0
0
1918
3949
0
0
0
0
0
0
4000
2037
0
0
0
0
0
0
2029
1599
0
0
0
0
0
0
1539
2977
0
0
0
0
0
0
2905
1088
0
0
0
0
0
0
1061
2526
0
0
0
0
0
0
2561
2136
0
0
0
0
0
0
2209
179
0
0
0
0
0
0
240
2163
0
0
0
0
0
0
2164
1432
0
0
0
0
0
0
1375
2634
0
0
0
0
0
0
2559
817
0
0
0
0
0
0
777
2523
0
0
0
0
0
0
2550
2408
0
0
0
0
0
0
2481
532
0
0
0
0
0
0
597
2338
0
0
0
0
0
0
2351
1303
0
0
0
0
0
0
1252
2289
0
0
0
0
0
0
2210
506
0
0
0
0
0
0
457
2472
0
0
0
0
0
0
2490
2655
0
0
0
0
0
0
2727
901
0
0
0
0
0
0
974
2563
0
0
0
0
0
0
2587
1220
0
0
0
0
0
0
1175
1956
0
0
0
0
0
0
1873
160
0
0
0
0
0
0
102
2367
0
0
0
0
0
0
2374
2869
0
0
0
0
0
0
2935
1282
0
0
0
0
0
0
1362
2836
0
0
0
0
0
0
2870
1184
0
0
0
0
0
0
1147
1635
0
0
0
0
0
0
1553
3882
0
0
0
0
0
0
3813
2207
0
0
0
0
0
0
2203
3044
0
0
0
0
0
0
3108
1666
0
0
0
0
0
0
1752
3154
0
0
0
0
0
0
3200
1206
0
0
0
0
0
0
1177
1340
0
0
0
0
0
0
1258
3482
0
0
0
0
0
0
3407
1994
0
0
0
0
0
0
1978
3170
0
0
0
0
0
0
3228
2047
0
0
0
0
0
0
2134
3514
0
0
0
0
0
0
2795
3549
0
0
0
0
0
0
3526
1853
0
0
0
0
0
0
1774
2825
0
0
0
0
0
0
2744
1759
0
0
0
0
0
0
1730
3275
0
0
0
0
0
0
3269
2432
0
0
0
0
0
0
2472
3159
0
0
0
0
0
0
3218
3676
0
0
0
0
0
0
3672
1629
0
0
0
0
0
0
1555
2403
0
0
0
0
0
0
2313
1441
0
0
0
0
0
0
2174
1026
0
0
0
0
0
0
1021
2000
0
0
0
0
0
0
2039
3823
0
0
0
0
0
0
3892
3842
0
0
0
0
0
0
3847
1425
0
0
0
0
0
0
1410
1962
0
0
0
0
0
0
1919
1827
0
0
0
0
0
0
1781
994
0
0
0
0
0
0
970
2318
0
0
0
0
0
0
2354
169
0
0
0
0
0
0
249
4093
0
0
0
0
0
0
16
1299
0
0
0
0
0
0
1292
1547
0
0
0
0
0
0
1499
1423
0
0
0
0
0
0
1366
892
0
0
0
0
0
0
856
2596
0
0
0
0
0
0
2629
629
0
0
0
0
0
0
715
3628
0
0
0
0
0
0
3676
3494
0
0
0
0
0
0
3496
1928
0
0
0
0
0
0
1880
739
0
0
0
0
0
0
674
759
0
0
0
0
0
0
708
2852
0
0
0
0
0
0
2828
1882
0
0
0
0
0
0
1906
1748
0
0
0
0
0
0
1786
2711
0
0
0
0
0
0
2723
1801
0
0
0
0
0
0
1753
243
0
0
0
0
0
0
164
502
0
0
0
0
0
0
496
3013
0
0
0
0
0
0
3032
2316
0
0
0
0
0
0
2369
2156
0
0
0
0
0
0
2208
2772
0
0
0
0
0
0
2797
1467
0
0
0
0
0
0
1421
3850
0
0
0
0
0
0
3764
988
0
0
0
0
0
0
948
871
0
0
0
0
0
0
883
1984
0
0
0
0
0
0
2039
2846
0
0
0
0
0
0
2908
2867
0
0
0
0
0
0
2905
1151
0
0
0
0
0
0
1165
3338
0
0
0
0
0
0
3291
615
0
0
0
0
0
0
585
927
0
0
0
0
0
0
927
2405
0
0
0
0
0
0
2461
3331
0
0
0
0
0
0
3405
3064
0
0
0
0
0
0
3115
916
0
0
0
0
0
0
937
2838
0
0
0
0
0
0
2789
215
0
0
0
0
0
0
172
915
0
0
0
0
0
0
904
2793
0
0
0
0
0
0
2847
3838
0
0
0
0
0
0
3923
3325
0
0
0
0
0
0
3389
739
0
0
0
0
0
0
765
2347
0
0
0
0
0
0
3069
3622
0
0
0
0
0
0
3565
862
0
0
0
0
0
0
1614
2924
0
0
0
0
0
0
2921
315
0
0
0
0
0
0
358
2927
0
0
0
0
0
0
2946
2906
0
0
0
0
0
0
2894
1906
0
0
0
0
0
0
1845
1296
0
0
0
0
0
0
1229
1489
0
0
0
0
0
0
1449
3219
0
0
0
0
0
0
3210
847
0
0
0
0
0
0
899
3313
0
0
0
0
0
0
3346
2864
0
0
0
0
0
0
2862
1465
0
0
0
0
0
0
1402
773
0
0
0
0
0
0
695
1262
0
0
0
0
0
0
1209
3456
0
0
0
0
0
0
3441
1377
0
0
0
0
0
0
1432
3752
0
0
0
0
0
0
3799
2895
0
0
0
0
0
0
2905
1063
0
0
0
0
0
0
1002
230
0
0
0
0
0
0
172
1716
0
0
0
0
0
0
1656
1365
0
0
0
0
0
0
1342
1114
0
0
0
0
0
0
1172
383
0
0
0
0
0
0
445
2970
0
0
0
0
0
0
2993
681
0
0
0
0
0
0
680
3750
0
0
0
0
0
0
3700
1357
0
0
0
0
0
0
1281
1466
0
0
0
0
0
0
1433
2377
0
0
0
0
0
0
2420
2743
0
0
0
0
0
0
2818
2372
0
0
0
0
0
0
2410
624
0
0
0
0
0
0
630
3159
0
0
0
0
0
0
3102
912
0
0
0
0
0
0
874
1476
0
0
0
0
0
0
1480
2809
0
0
0
0
0
0
2877
3300
0
0
0
0
0
0
3383
2625
0
0
0
0
0
0
2679
391
0
0
0
0
0
0
404
2605
0
0
0
0
0
0
2542
439
0
0
0
0
0
0
146
1457
0
0
0
0
0
0
1447
3246
0
0
0
0
0
0
3256
3892
0
0
0
0
0
0
3936
2200
0
0
0
0
0
0
2262
2489
0
0
0
0
0
0
2510
2848
0
0
0
0
0
0
2783
3774
0
0
0
0
0
0
3707
1327
0
0
0
0
0
0
1306
3605
0
0
0
0
0
0
3610
380
0
0
0
0
0
0
435
2592
0
0
0
0
0
0
2669
2400
0
0
0
0
0
0
2435
2344
0
0
0
0
0
0
2277
3216
0
0
0
0
0
0
3140
1125
0
0
0
0
0
0
1862
3662
0
0
0
0
0
0
3658
997
0
0
0
0
0
0
1056
3067
0
0
0
0
0
0
3106
2408
0
0
0
0
0
0
2404
1129
0
0
0
0
0
0
1058
798
0
0
0
0
0
0
711
1623
0
0
0
0
0
0
2339
1616
0
0
0
0
0
0
1613
788
0
0
0
0
0
0
854
3810
0
0
0
0
0
0
3864
2446
0
0
0
0
0
0
2457
688
0
0
0
0
0
0
675
182
0
0
0
0
0
0
134
2021
0
0
0
0
0
0
1954
1779
0
0
0
0
0
0
1758
1337
0
0
0
0
0
0
1405
260
0
0
0
0
0
0
329
2597
0
0
0
0
0
0
2621
330
0
0
0
0
0
0
324
3673
0
0
0
0
0
0
3616
1604
0
0
0
0
0
0
1522
1853
0
0
0
0
0
0
1821
1851
0
0
0
0
0
0
1918
843
0
0
0
0
0
0
923
2824
0
0
0
0
0
0
2865
40
0
0
0
0
0
0
42
3076
0
0
0
0
0
0
2977
1101
0
0
0
0
0
0
1059
1829
0
0
0
0
0
0
1833
3068
0
0
0
0
0
0
3138
3280
0
0
0
0
0
0
3371
1577
0
0
0
0
0
0
1653
2325
0
0
0
0
0
0
2337
3239
0
0
0
0
0
0
3169
334
0
0
0
0
0
0
277
1772
0
0
0
0
0
0
1759
3508
0
0
0
0
0
0
3521
3915
0
0
0
0
0
0
3966
1974
0
0
0
0
0
0
2042
2185
0
0
0
0
0
0
2206
2685
0
0
0
0
0
0
2614
3863
0
0
0
0
0
0
3792
1600
0
0
0
0
0
0
1576
3860
0
0
0
0
0
0
3867
437
0
0
0
0
0
0
498
2413
0
0
0
0
0
0
2498
2127
0
0
0
0
0
0
2160
2169
0
0
0
0
0
0
2101
3264
0
0
0
0
0
0
3182
1352
0
0
0
0
0
0
1311
45
0
0
0
0
0
0
43
1044
0
0
0
0
0
0
1111
2909
0
0
0
0
0
0
2979
2168
0
0
0
0
0
0
2165
954
0
0
0
0
0
0
881
812
0
0
0
0
0
0
753
2556
0
0
0
0
0
0
2501
1842
0
0
0
0
0
0
1830
883
0
0
0
0
0
0
954
3720
0
0
0
0
0
0
3779
2244
0
0
0
0
0
0
2257
521
0
0
0
0
0
0
506
167
0
0
0
0
0
0
114
2161
0
0
0
0
0
0
2090
1966
0
0
0
0
0
0
1945
1439
0
0
0
0
0
0
1509
207
0
0
0
0
0
0
280
2434
0
0
0
0
0
0
2460
180
0
0
0
0
0
0
173
3640
0
0
0
0
0
0
3581
1705
0
0
0
0
0
0
1621
2009
0
0
0
0
0
0
1975
1947
0
0
0
0
0
0
2017
817
0
0
0
0
0
0
900
2701
0
0
0
0
0
0
2745
4008
0
0
0
0
0
0
4011
3032
0
0
0
0
0
0
2966
1195
0
0
0
0
0
0
1123
1949
0
0
0
0
0
0
1950
3153
0
0
0
0
0
0
3226
3275
0
0
0
0
0
0
3335
1514
0
0
0
0
0
0
1570
2227
0
0
0
0
0
0
2238
3196
0
0
0
0
0
0
3126
374
0
0
0
0
0
0
315
1857
0
0
0
0
0
0
1842
3576
0
0
0
0
0
0
3588
3921
0
0
0
0
0
0
3974
1922
0
0
0
0
0
0
1993
2117
0
0
0
0
0
0
2141
2650
0
0
0
0
0
0
2579
3882
0
0
0
0
0
0
3808
1651
0
0
0
0
0
0
1621
3902
0
0
0
0
0
0
3906
445
0
0
0
0
0
0
506
2389
0
0
0
0
0
0
2476
2092
0
0
0
0
0
0
2129
2150
0
0
0
0
0
0
2082
3267
0
0
0
0
0
0
3184
1369
0
0
0
0
0
0
1325
59
0
0
0
0
0
0
53
1048
0
0
0
0
0
0
1112
2906
0
0
0
0
0
0
2980
2168
0
0
0
0
0
0
2169
958
0
0
0
0
0
0
888
811
0
0
0
0
0
0
751
2543
0
0
0
0
0
0
2487
1823
0
0
0
0
0
0
1807
873
0
0
0
0
0
0
940
3734
0
0
0
0
0
0
3793
2278
0
0
0
0
0
0
2295
554
0
0
0
0
0
0
544
171
0
0
0
0
0
0
118
2123
0
0
0
0
0
0
2053
1913
0
0
0
0
0
0
1887
1406
0
0
0
0
0
0
1473
227
0
0
0
0
0
0
299
2498
0
0
0
0
0
0
2530
245
0
0
0
0
0
0
243
3655
0
0
0
0
0
0
3598
1653
0
0
0
0
0
0
1565
1922
0
0
0
0
0
0
1880
1888
0
0
0
0
0
0
1951
834
0
0
0
0
0
0
916
2790
0
0
0
0
0
0
2837
11
0
0
0
0
0
0
20
3067
0
0
0
0
0
0
2974
1107
0
0
0
0
0
0
1058
1827
0
0
0
0
0
0
1824
3061
0
0
0
0
0
0
3126
3282
0
0
0
0
0
0
3373
1601
0
0
0
0
0
0
1683
2362
0
0
0
0
0
0
2383
3260
0
0
0
0
0
0
3195
310
0
0
0
0
0
0
250
1705
0
0
0
0
0
0
1684
3443
0
0
0
0
0
0
3449
3909
0
0
0
0
0
0
3959
2046
0
0
0
0
0
0
2120
2293
0
0
0
0
0
0
2322
2747
0
0
0
0
0
0
2684
3825
0
0
0
0
0
0
3753
1474
0
0
0
0
0
0
1438
3731
0
0
0
0
0
0
3728
407
0
0
0
0
0
0
462
2519
0
0
0
0
0
0
2608
2303
0
0
0
0
0
0
2345
2288
0
0
0
0
0
0
2228
3227
0
0
0
0
0
0
3148
1173
0
0
0
0
0
0
1124
3942
0
0
0
0
0
0
3687
1006
0
0
0
0
0
0
1063
3061
0
0
0
0
0
0
3107
2408
0
0
0
0
0
0
2416
1140
0
0
0
0
0
0
1078
796
0
0
0
0
0
0
709
1588
0
0
0
0
0
0
1520
3831
0
0
0
0
0
0
1537
760
0
0
0
0
0
0
818
3847
0
0
0
0
0
0
3905
2544
0
0
0
0
0
0
2567
781
0
0
0
0
0
0
781
190
0
0
0
0
0
0
145
1916
0
0
0
0
0
0
1843
1621
0
0
0
0
0
0
1587
1246
0
0
0
0
0
0
1301
319
0
0
0
0
0
0
388
2783
0
0
0
0
0
0
2820
520
0
0
0
0
0
0
528
3717
0
0
0
0
0
0
3668
1450
0
0
0
0
0
0
1362
1596
0
0
0
0
0
0
1546
1676
0
0
0
0
0
0
2502
2720
0
0
0
0
0
0
2806
2308
0
0
0
0
0
0
2361
572
0
0
0
0
0
0
595
3147
0
0
0
0
0
0
3094
918
0
0
0
0
0
0
874
1475
0
0
0
0
0
0
1463
2796
0
0
0
0
0
0
2851
3304
0
0
0
0
0
0
3387
2671
0
0
0
0
0
0
2738
463
0
0
0
0
0
0
493
2643
0
0
0
0
0
0
2591
390
0
0
0
0
0
0
334
1300
0
0
0
0
0
0
1304
3127
0
0
0
0
0
0
3120
3881
0
0
0
0
0
0
3924
2336
0
0
0
0
0
0
2411
2693
0
0
0
0
0
0
2733
2968
0
0
0
0
0
0
2917
3699
0
0
0
0
0
0
3632
1089
0
0
0
0
0
0
1048
3359
0
0
0
0
0
0
3345
324
0
0
0
0
0
0
369
2791
0
0
0
0
0
0
2847
2752
0
0
0
0
0
0
2754
1819
0
0
0
0
0
0
1767
1316
0
0
0
0
0
0
1243
1563
0
0
0
0
0
0
1509
3281
0
0
0
0
0
0
3256
862
0
0
0
0
0
0
908
3303
0
0
0
0
0
0
3347
2867
0
0
0
0
0
0
2883
1481
0
0
0
0
0
0
1434
771
0
0
0
0
0
0
692
1207
0
0
0
0
0
0
1138
3368
0
0
0
0
0
0
3333
1329
0
0
0
0
0
0
1373
3808
0
0
0
0
0
0
3863
3047
0
0
0
0
0
0
3078
1208
0
0
0
0
0
0
1168
243
0
0
0
0
0
0
156
805
0
0
0
0
0
0
725
3385
0
0
0
0
0
0
1066
972
0
0
0
0
0
0
1013
473
0
0
0
0
0
0
2360
2485
0
0
0
0
0
0
2526
1217
0
0
0
0
0
0
1239
3786
0
0
0
0
0
0
3750
1089
0
0
0
0
0
0
1058
1048
0
0
0
0
0
0
1041
2084
0
0
0
0
0
0
2127
2825
0
0
0
0
0
0
2893
2781
0
0
0
0
0
0
2836
1080
0
0
0
0
0
0
1114
3319
0
0
0
0
0
0
3281
629
0
0
0
0
0
0
587
925
0
0
0
0
0
0
906
2387
0
0
0
0
0
0
2425
3335
0
0
0
0
0
0
3408
3126
0
0
0
0
0
0
3194
1016
0
0
0
0
0
0
1058
2891
0
0
0
0
0
0
2856
149
0
0
0
0
0
0
100
742
0
0
0
0
0
0
708
2628
0
0
0
0
0
0
2657
3823
0
0
0
0
0
0
3932
3537
0
0
0
0
0
0
3563
1037
0
0
0
0
0
0
1037
1764
0
0
0
0
0
0
1724
1927
0
0
0
0
0
0
1869
1278
0
0
0
0
0
0
1232
2562
0
0
0
0
0
0
2585
220
0
0
0
0
0
0
299
3950
0
0
0
0
0
0
3987
1103
0
0
0
0
0
0
1117
1437
0
0
0
0
0
0
1404
1445
0
0
0
0
0
0
1381
990
0
0
0
0
0
0
962
2699
0
0
0
0
0
0
2657
664
0
0
0
0
0
0
693
3638
0
0
0
0
0
0
3677
3494
0
0
0
0
0
0
3520
1949
0
0
0
0
0
0
1919
735
0
0
0
0
0
0
638
662
0
0
0
0
0
0
647
2725
0
0
0
0
0
0
2724
1799
0
0
0
0
0
0
1831
1820
0
0
0
0
0
0
1867
2902
0
0
0
0
0
0
2939
1983
0
0
0
0
0
0
1961
257
0
0
0
0
0
0
189
298
0
0
0
0
0
0
275
2708
0
0
0
0
0
0
2696
2137
0
0
0
0
0
0
2166
2268
0
0
0
0
0
0
2320
3136
0
0
0
0
0
0
3186
1837
0
0
0
0
0
0
1824
3937
0
0
0
0
0
0
3865
4007
0
0
0
0
0
0
3974
2628
0
0
0
0
0
0
2609
2422
0
0
0
0
0
0
2206
2739
0
0
0
0
0
0
2795
3440
0
0
0
0
0
0
3445
1769
0
0
0
0
0
0
1716
2806
0
0
0
0
0
0
2730
1773
0
0
0
0
0
0
1731
3273
0
0
0
0
0
0
3243
2408
0
0
0
0
0
0
2429
3163
0
0
0
0
0
0
3223
3753
0
0
0
0
0
0
3766
1746
0
0
0
0
0
0
1699
2467
0
0
0
0
0
0
2631
1332
0
0
0
0
0
0
1285
3064
0
0
0
0
0
0
3079
2566
0
0
0
0
0
0
2629
219
0
0
0
0
0
0
285
1827
0
0
0
0
0
0
1852
1000
0
0
0
0
0
0
965
2415
0
0
0
0
0
0
2342
928
0
0
0
0
0
0
875
2839
0
0
0
0
0
0
2844
2682
0
0
0
0
0
0
2737
587
0
0
0
0
0
0
655
2185
0
0
0
0
0
0
2215
1088
0
0
0
0
0
0
1059
2170
0
0
0
0
0
0
2103
532
0
0
0
0
0
0
476
2577
0
0
0
0
0
0
2572
2741
0
0
0
0
0
0
2790
921
0
0
0
0
0
0
989
2550
0
0
0
0
0
0
2588
1222
0
0
0
0
0
0
1202
1978
0
0
0
0
0
0
1917
154
0
0
0
0
0
0
97
2291
0
0
0
0
0
0
2276
2749
0
0
0
0
0
0
2786
1215
0
0
0
0
0
0
1280
2918
0
0
0
0
0
0
2958
1397
0
0
0
0
0
0
1388
1838
0
0
0
0
0
0
1784
3898
0
0
0
0
0
0
3840
1980
0
0
0
0
0
0
1959
2703
0
0
0
0
0
0
2732
1465
0
0
0
0
0
0
1525
3279
0
0
0
0
0
0
3326
1611
0
0
0
0
0
0
1609
1749
0
0
0
0
0
0
1703
3577
0
0
0
0
0
0
3520
1659
0
0
0
0
0
0
1630
2612
0
0
0
0
0
0
2635
1668
0
0
0
0
0
0
1724
3628
0
0
0
0
0
0
3675
1851
0
0
0
0
0
0
1857
1713
0
0
0
0
0
0
1675
3291
0
0
0
0
0
0
3234
1331
0
0
0
0
0
0
1299
2479
0
0
0
0
0
0
2493
1825
0
0
0
0
0
0
1873
3956
0
0
0
0
0
0
4005
2114
0
0
0
0
0
0
2128
1723
0
0
0
0
0
0
1690
3042
0
0
0
0
0
0
2989
1006
0
0
0
0
0
0
969
2311
0
0
0
0
0
0
2317
1931
0
0
0
0
0
0
1976
163
0
0
0
0
0
0
213
2394
0
0
0
0
0
0
2414
1777
0
0
0
0
0
0
1751
2837
0
0
0
0
0
0
2788
690
0
0
0
0
0
0
651
2115
0
0
0
0
0
0
2113
1992
0
0
0
0
0
0
2031
436
0
0
0
0
0
0
485
2680
0
0
0
0
0
0
2704
1872
0
0
0
0
0
0
1855
2673
0
0
0
0
0
0
2627
390
0
0
0
0
0
0
349
1896
0
0
0
0
0
0
1887
2010
0
0
0
0
0
0
2041
674
0
0
0
0
0
0
721
2967
0
0
0
0
0
0
2994
1998
0
0
0
0
0
0
1988
2553
0
0
0
0
0
0
2512
112
0
0
0
0
0
0
70
1660
0
0
0
0
0
0
1647
1986
0
0
0
0
0
0
2011
877
0
0
0
0
0
0
922
3247
0
0
0
0
0
0
3278
2154
0
0
0
0
0
0
2151
2475
0
0
0
0
0
0
2440
3953
0
0
0
0
0
0
3911
1413
0
0
0
0
0
0
1396
1926
0
0
0
0
0
0
1945
1041
0
0
0
0
0
0
1082
3515
0
0
0
0
0
0
3549
2334
0
0
0
0
0
0
2337
2437
0
0
0
0
0
0
2407
3729
0
0
0
0
0
0
3688
1165
0
0
0
0
0
0
1144
1831
0
0
0
0
0
0
1844
1168
0
0
0
0
0
0
1204
3768
0
0
0
0
0
0
3803
2530
0
0
0
0
0
0
2537
2436
0
0
0
0
0
0
2413
3536
0
0
0
0
0
0
3499
921
0
0
0
0
0
0
896
1712
0
0
0
0
0
0
1717
1257
0
0
0
0
0
0
1287
3998
0
0
0
0
0
0
4034
2737
0
0
0
0
0
0
2749
2471
0
0
0
0
0
0
2453
3376
0
0
0
0
0
0
3343
685
0
0
0
0
0
0
657
1568
0
0
0
0
0
0
1570
1307
0
0
0
0
0
0
1333
108
0
0
0
0
0
0
143
2948
0
0
0
0
0
0
2964
2537
0
0
0
0
0
0
2524
3250
0
0
0
0
0
0
3220
462
0
0
0
0
0
0
433
1409
0
0
0
0
0
0
1405
1325
0
0
0
0
0
0
1348
288
0
0
0
0
0
0
320
3156
0
0
0
0
0
0
3176
2628
0
0
0
0
0
0
2618
3157
0
0
0
0
0
0
3130
254
0
0
0
0
0
0
228
1240
0
0
0
0
0
0
1231
1311
0
0
0
0
0
0
1328
439
0
0
0
0
0
0
469
3362
0
0
0
0
0
0
3382
2738
0
0
0
0
0
0
2736
3100
0
0
0
0
0
0
3076
70
0
0
0
0
0
0
43
1064
0
0
0
0
0
0
1051
1270
0
0
0
0
0
0
1283
559
0
0
0
0
0
0
586
3555
0
0
0
0
0
0
3578
2866
0
0
0
0
0
0
2866
3072
0
0
0
0
0
0
3050
4004
0
0
0
0
0
0
3979
887
0
0
0
0
0
0
872
1204
0
0
0
0
0
0
1212
649
0
0
0
0
0
0
672
3736
0
0
0
0
0
0
3757
3005
0
0
0
0
0
0
3007
3070
0
0
0
0
0
0
3054
3869
0
0
0
0
0
0
3844
713
0
0
0
0
0
0
698
1119
0
0
0
0
0
0
1123
711
0
0
0
0
0
0
732
3896
0
0
0
0
0
0
3918
3147
0
0
0
0
0
0
3156
3094
0
0
0
0
0
0
3083
3759
0
0
0
0
0
0
3737
549
0
0
0
0
0
0
533
1020
0
0
0
0
0
0
1019
745
0
0
0
0
0
0
762
4038
0
0
0
0
0
0
4058
3293
0
0
0
0
0
0
3304
3141
0
0
0
0
0
0
3134
3674
0
0
0
0
0
0
3655
398
0
0
0
0
0
0
380
909
0
0
0
0
0
0
908
756
0
0
0
0
0
0
769
62
0
0
0
0
0
0
81
3437
0
0
0
0
0
0
3447
3202
0
0
0
0
0
0
3200
3614
0
0
0
0
0
0
3598
261
0
0
0
0
0
0
241
794
0
0
0
0
0
0
788
744
0
0
0
0
0
0
751
159
0
0
0
0
0
0
177
3574
0
0
0
0
0
0
3585
3280
0
0
0
0
0
0
3279
3578
0
0
0
0
0
0
3564
138
0
0
0
0
0
0
123
676
0
0
0
0
0
0
668
712
0
0
0
0
0
0
720
235
0
0
0
0
0
0
252
3700
0
0
0
0
0
0
3712
3367
0
0
0
0
0
0
3367
3561
0
0
0
0
0
0
3552
35
0
0
0
0
0
0
22
561
0
0
0
0
0
0
551
665
0
0
0
0
0
0
669
291
0
0
0
0
0
0
304
3813
0
0
0
0
0
0
3826
3457
0
0
0
0
0
0
3463
3567
0
0
0
0
0
0
3559
4048
0
0
0
0
0
0
4034
448
0
0
0
0
0
0
440
609
0
0
0
0
0
0
608
325
0
0
0
0
0
0
334
3913
0
0
0
0
0
0
3926
3550
0
0
0
0
0
0
3558
3587
0
0
0
0
0
0
3582
3983
0
0
0
0
0
0
3971
347
0
0
0
0
0
0
336
541
0
0
0
0
0
0
541
341
0
0
0
0
0
0
349
3998
0
0
0
0
0
0
4009
3643
0
0
0
0
0
0
3649
3621
0
0
0
0
0
0
3619
3935
0
0
0
0
0
0
3925
255
0
0
0
0
0
0
246
472
0
0
0
0
0
0
467
341
0
0
0
0
0
0
348
4068
0
0
0
0
0
0
4077
3731
0
0
0
0
0
0
3737
3665
0
0
0
0
0
0
3665
3906
0
0
0
0
0
0
3899
174
0
0
0
0
0
0
167
399
0
0
0
0
0
0
393
327
0
0
0
0
0
0
331
26
0
0
0
0
0
0
33
3812
0
0
0
0
0
0
3820
3715
0
0
0
0
0
0
3717
3891
0
0
0
0
0
0
3885
107
0
0
0
0
0
0
99
326
0
0
0
0
0
0
322
303
0
0
0
0
0
0
304
63
0
0
0
0
0
0
69
3883
0
0
0
0
0
0
3890
3769
0
0
0
0
0
0
3770
3888
0
0
0
0
0
0
3886
52
0
0
0
0
0
0
45
260
0
0
0
0
0
0
255
272
0
0
0
0
0
0
270
88
0
0
0
0
0
0
94
3947
0
0
0
0
0
0
3951
3823
0
0
0
0
0
0
3826
3898
0
0
0
0
0
0
3895
11
0
0
0
0
0
0
5
198
0
0
0
0
0
0
194
234
0
0
0
0
0
0
234
99
0
0
0
0
0
0
104
3996
0
0
0
0
0
0
4002
3875
0
0
0
0
0
0
3881
3915
0
0
0
0
0
0
3915
4078
0
0
0
0
0
0
4073
145
0
0
0
0
0
0
141
195
0
0
0
0
0
0
192
102
0
0
0
0
0
0
105
4036
0
0
0
0
0
0
4042
3926
0
0
0
0
0
0
3929
3940
0
0
0
0
0
0
3940
4061
0
0
0
0
0
0
4057
101
0
0
0
0
0
0
95
155
0
0
0
0
0
0
153
95
0
0
0
0
0
0
97
4067
0
0
0
0
0
0
4070
3968
0
0
0
0
0
0
3971
3964
0
0
0
0
0
0
3969
4051
0
0
0
0
0
0
4050
65
0
0
0
0
0
0
61
119
0
0
0
0
0
0
116
84
0
0
0
0
0
0
84
4088
0
0
0
0
0
0
4090
4007
0
0
0
0
0
0
4010
3993
0
0
0
0
0
0
3993
4050
0
0
0
0
0
0
4050
37
0
0
0
0
0
0
35
85
0
0
0
0
0
0
82
68
0
0
0
0
0
0
66
2
0
0
0
0
0
0
5
4037
0
0
0
0
0
0
4039
4019
0
0
0
0
0
0
4022
4055
0
0
0
0
0
0
4054
16
0
0
0
0
0
0
16
56
0
0
0
0
0
0
52
49
0
0
0
0
0
0
50
10
0
0
0
0
0
0
9
4061
0
0
0
0
0
0
4062
4043
0
0
0
0
0
0
4045
4062
0
0
0
0
0
0
4063
5
0
0
0
0
0
0
3
33
0
0
0
0
0
0
30
33
0
0
0
0
0
0
30
7
0
0
0
0
0
0
9
4075
0
0
0
0
0
0
4078
4062
0
0
0
0
0
0
4065
4072
0
0
0
0
0
0
4074
4095
0
0
0
0
0
0
4093
16
0
0
0
0
0
0
15
18
0
0
0
0
0
0
17
6
0
0
0
0
0
0
5
4086
0
0
0
0
0
0
4086
4078
0
0
0
0
0
0
4079
4081
0
0
0
0
0
0
4083
4094
0
0
0
0
0
0
4093
5
0
0
0
0
0
0
6
6
0
0
0
0
0
0
6
2
0
0
0
0
0
0
1
4091
0
0
0
0
0
0
4091
4088
0
0
0
0
0
0
4089
4090
0
0
0
0
0
0
4090
4092
0
0
0
0
0
0
4090
4095
0
0
0
0
0
0
4094
4095
0
0
0
0
0
0
4095
4095
0
0
0
0
0
0
4095
4092
0
0
0
0
0
0
4092
4091
0
0
0
0
0
0
4091
4091
0
0
0
0
0
0
4091
4092
0
0
0
0
0
0
4092
4094
0
0
0
0
0
0
4094
4095
0
0
0
0
0
0
4095
0
0
0
0
0
0
0
0
0
0
0
0
0
0
0
0
0
0
0
0
0
0
0
0
0
0
0
0
0
0
0
0
0
0
0
0
0
0
0
0
0
0
0
0
0
0
0
0
0
0
0
0
0
0
0
0
0
0
0
0
0
0
0
0
0
0
0
0
0
0
0
0
0
0
0
0
0
0
0
0
0
0
0
0
0
0
0
0
0
0
0
0
0
0
0
0
0
0
0
0
0
0
0
0
0
0
0
0
0
0
0
0
0
0
0
0
0
0
0
0
0
0
0
0
0
0
0
0
0
0
0
0
0
0
0
0
0
0
0
0
0
0
0
0
0
0
0
0
0
0
0
0
0
0
0
0
0
0
0
0
0
0
0
0
0
0
0
0
0
0
0
0
0
0
0
0
0
0
0
0
0
0
0
0
0
0
0
0
0
0
0
0
0
0
0
0
0
0
0
0
0
0
0
0
0
0
0
0
0
0
0
0
0
0
0
0
0
0
0
0
0
0
0
0
0
0
0
0
0
0
0
0
0
0
0
0
0
0
0
0
0
0
0
0
0
0
0
0
0
0
0
0
0
0
0
0
0
0
0
0
0
0
0
0
0
0
0
0
0
0
0
0
0
0
0
0
0
0
0
0
0
0
0
0
0
0
0
0
0
0
0
0
0
0
0
0
0
0
0
0
0
0
0
0
0
0
0
0
0
0
0
0
0
0
0
0
0
0
0
0
0
0
0
0
0
0
0
0
0
0
0
0
0
0
0
0
0
0
0
0
0
0
0
0
0
0
0
0
0
0
0
0
0
0
0
0
0
0
0
0
0
0
0
0
0
0
0
0
0
0
0
0
0
0
0
0
0
0
0
0
0
0
0
0
0
0
0
0
0
0
0
0
0
0
0
0
0
0
0
0
0
0
0
0
0
0
0
0
0
0
0
0
0
0
0
0
0
0
0
0
0
0
0
0
0
0
0
0
0
0
0
0
0
0
0
0
0
0
0
0
0
0
0
0
0
0
0
0
0
0
0
0
0
0
0
0
0
0
0
0
0
0
0
0
0
0
0
0
0
0
0
0
0
0
0
0
0
0
0
0
0
0
0
0
0
0
0
0
0
0
0
0
0
0
0
0
0
0
0
0
0
0
0
0
0
0
0
0
0
0
0
0
0
0
0
0
0
0
0
0
0
0
0
0
0
0
0
0
0
0
0
0
0
0
0
0
0
0
0
0
0
0
0
0
0
0
0
0
0
0
0
0
0
0
0
0
0
0
0
0
0
0
0
0
0
0
0
0
0
0
0
0
0
0
0
0
0
0
0
0
0
0
0
0
0
0
0
0
0
0
0
0
0
0
0
0
0
0
0
0
0
0
0
0
0
0
0
0
0
0
0
0
0
0
0
0
0
0
0
0
0
0
0
0
0
0
0
0
0
0
0
0
0
0
0
0
0
0
0
0
0
0
0
0
0
0
0
0
0
0
0
0
0
0
0
0
0
0
0
0
0
0
0
0
0
0
0
0
0
0
0
0
0
0
0
0
0
0
0
0
0
0
0
0
0
0
0
0
0
0
0
0
0
0
0
0
0
0
0
0
0
0
0
0
0
0
0
0
0
0
0
0
0
0
0
0
0
0
0
0
0
0
0
0
0
0
0
0
0
0
0
0
0
0
0
0
0
0
0
0
0
0
0
0
0
0
0
0
0
0
0
0
0
0
0
0
0
0
0
0
0
0
0
0
0
0
0
0
0
0
0
0
0
0
0
0
0
0
0
0
0
0
0
0
0
0
0
0
0
0
0
0
0
0
0
0
0
0
0
0
0
0
0
0
0
0
0
0
0
0
0
0
0
0
0
0
0
0
0
0
0
0
0
0
0
0
0
0
0
0
0
0
0
0
0
0
0
0
0
0
0
0
0
0
0
0
0
0
0
0
0
0
0
0
0
0
0
0
0
0
0
0
0
0
0
0
0
0
0
0
0
0
0
0
0
0
0
0
0
0
0
0
0
0
0
0
0
0
0
0
0
0
0
0
0
0
0
0
0
0
0
0
0
0
0
0
0
0
0
0
0
0
0
0
0
0
0
0
0
0
0
0
0
0
0
0
0
0
0
0
0
0
0
0
0
0
0
0
0
0
0
0
0
0
0
0
0
0
0
0
0
0
0
0
0
0
0
0
0
0
0
0
0
0
0
0
0
0
0
0
0
0
0
0
0
0
0
0
0
0
0
0
0
0
0
0
0
0
0
0
0
0
0
0
0
0
0
0
0
0
0
0
0
0
0
0
0
0
0
0
0
0
0
0
0
0
0
0
0
0
0
0
0
0
0
0
0
0
0
0
0
0
0
0
0
0
0
0
0
0
0
0
0
0
0
0
0
0
0
0
0
0
0
0
0
0
0
0
0
0
0
0
0
0
0
0
0
0
0
0
0
0
0
0
0
0
0
0
0
0
0
0
0
0
0
0
0
0
0
0
0
0
0
0
0
0
0
0
0
0
0
0
0
0
0
0
0
0
0
0
0
0
0
0
0
0
0
0
0
0
0
0
0
0
0
0
0
0
0
0
0
0
0
0
0
0
0
0
0
0
0
0
0
0
0
0
0
0
0
0
0
0
0
0
0
0
0
0
0
0
0
0
0
0
0
0
0
0
0
0
0
0
0
0
0
0
0
0
0
0
0
0
0
0
0
0
0
0
0
0
0
0
0
0
0
0
0
0
0
0
0
0
0
0
0
0
0
0
0
0
0
0
0
0
0
0
0
0
0
0
0
0
0
0
0
0
0
0
0
0
0
0
0
0
0
0
0
0
0
0
0
0
0
0
0
0
0
0
0
0
0
0
0
0
0
0
0
0
0
0
0
0
0
0
0
0
0
0
0
0
0
0
0
0
0
0
0
0
0
0
0
0
0
0
0
0
0
0
0
0
0
0
0
0
0
0
0
0
0
0
0
0
0
0
0
0
0
0
0
0
0
0
0
0
0
0
0
0
0
0
0
0
0
0
0
0
0
0
0
0
0
0
0
0
0
0
0
0
0
0
0
0
0
0
0
0
0
0
0
0
0
0
0
0
0
0
0
0
0
0
0
0
0
0
0
0
0
0
0
0
0
0
0
0
0
0
0
0
0
0
0
0
0
0
0
0
0
0
0
0
0
0
0
0
0
0
0
0
0
0
0
0
0
0
0
0
0
0
0
0
0
0
0
0
0
0
0
0
0
0
0
0
0
0
0
0
0
0
0
0
0
0
0
0
0
0
0
0
0
0
0
0
0
0
0
0
0
0
0
0
0
0
0
0
0
0
0
0
0
0
0
0
0
0
0
0
0
0
0
0
0
0
0
0
0
0
0
0
0
0
0
0
0
0
0
0
0
0
0
0
0
0
0
0
0
0
0
0
0
0
0
0
0
0
0
0
0
0
0
0
0
0
0
0
0
0
0
0
0
0
0
0
0
0
0
0
0
0
0
0
0
0
0
0
0
0
0
0
0
0
0
0
0
0
0
0
0
0
0
0
0
0
0
0
0
0
0
0
0
0
0
0
0
0
0
0
0
0
0
0
0
0
0
0
0
0
0
0
0
0
0
0
0
0
0
0
0
0
0
0
0
0
0
0
0
0
0
0
0
0
0
0
0
0
0
0
0
0
0
0
0
0
0
0
0
0
0
0
0
0
0
0
0
0
0
0
0
0
0
0
0
0
0
0
0
0
0
0
0
0
0
0
0
0
0
0
0
0
0
0
0
0
0
0
0
0
0
0
0
0
0
0
0
0
0
0
0
0
0
0
0
0
0
0
0
0
0
0
0
0
0
0
0
0
0
0
0
0
0
0
0
0
0
0
0
0
0
0
0
0
0
0
0
0
0
0
0
0
0
0
0
0
0
0
0
0
0
0
0
0
0
0
0
0
0
0
0
0
0
0
0
0
0
0
0
0
0
0
0
0
0
0
0
0
0
0
0
0
0
0
0
0
0
0
0
0
0
0
0
0
0
0
0
0
0
0
0
0
0
0
0
0
0
0
0
0
0
0
0
0
0
0
0
0
0
0
0
0
0
0
0
0
0
0
0
0
0
0
0
0
0
0
0
0
0
0
0
0
0
0
0
0
0
0
0
0
0
0
0
0
0
0
0
0
0
0
0
0
0
0
0
0
0
0
0
0
0
0
0
0
0
0
0
0
0
0
0
0
0
0
0
0
0
0
0
0
0
0
0
0
0
0
0
0
0
0
0
0
0
0
0
0
0
0
0
0
0
0
0
0
0
0
0
0
0
0
0
0
0
0
0
0
0
0
0
0
0
0
0
0
0
0
0
0
0
0
0
0
0
0
0
0
0
0
0
0
0
0
0
0
0
0
0
0
0
0
0
0
0
0
0
0
0
0
0
0
0
0
0
0
0
0
0
0
0
0
0
0
0
0
0
0
0
0
0
0
0
0
0
0
0
0
0
0
0
0
0
0
0
0
0
0
0
0
0
0
0
0
0
0
0
0
0
0
0
0
0
0
0
0
0
0
0
0
0
0
0
0
0
0
0
0
0
0
0
0
0
0
0
0
0
0
0
0
0
0
0
0
0
0
0
0
0
0
0
0
0
0
0
0
0
0
0
0
0
0
0
0
0
0
0
0
0
0
0
0
0
0
0
0
0
0
0
0
0
0
0
0
0
0
0
0
0
0
0
0
0
0
0
0
0
0
0
0
0
0
0
0
0
0
0
0
0
0
0
0
0
0
0
0
0
0
0
0
0
0
0
0
0
0
0
0
0
0
0
0
0
0
0
0
0
0
0
0
0
0
0
0
0
0
0
0
0
0
0
0
0
0
0
0
0
0
0
0
0
0
0
0
0
0
0
0
0
0
0
0
0
0
0
0
0
0
0
0
0
0
0
0
0
0
0
0
0
0
0
0
0
0
0
0
0
0
0
0
0
0
0
0
0
0
0
0
0
0
0
0
0
0
0
0
0
0
0
0
0
0
0
0
0
0
0
0
0
0
0
0
0
0
0
0
0
0
0
0
0
0
0
0
0
0
0
0
0
0
0
0
0
0
0
0
0
0
0
0
0
0
0
0
0
0
0
0
0
0
0
0
0
0
0
0
0
0
0
0
0
0
0
0
0
0
0
0
0
0
0
0
0
0
0
0
0
0
0
0
0
0
0
0
0
0
0
0
0
0
0
0
0
0
0
0
0
0
0
0
0
0
0
0
0
0
0
0
0
0
0
0
0
0
0
0
0
0
0
0
0
0
0
0
0
0
0
0
0
0
0
0
0
0
0
0
0
0
0
0
0
0
0
0
0
0
0
0
0
0
0
0
0
0
0
0
0
0
0
0
0
0
0
0
0
0
0
0
0
0
0
0
0
0
0
0
0
0
0
0
0
0
0
0
0
0
0
0
0
0
0
0
0
0
0
0
0
0
0
0
0
0
0
0
0
0
0
0
0
0
0
0
0
0
0
0
0
0
0
0
0
0
0
0
0
0
0
0
0
0
0
0
0
0
0
0
0
0
0
0
0
0
0
0
0
0
0
0
0
0
0
0
0
0
0
0
0
0
0
0
0
0
0
0
0
0
0
0
0
0
0
0
0
0
0
0
0
0
0
0
0
0
0
0
0
0
0
0
0
0
0
0
0
0
0
0
0
0
0
0
0
0
0
0
0
0
0
0
0
0
0
0
0
0
0
0
0
0
0
0
0
0
0
0
0
0
0
0
0
0
0
0
0
0
0
0
0
0
0
0
0
0
0
0
0
0
0
0
0
0
0
0
0
0
0
0
0
0
0
0
0
0
0
0
0
0
0
0
0
0
0
0
0
0
0
0
0
0
0
0
0
0
0
0
0
0
0
0
0
0
0
0
0
0
0
0
0
0
0
0
0
0
0
0
0
0
0
0
0
0
0
0
0
0
0
0
0
0
0
0
0
0
0
0
0
0
0
0
0
0
0
0
0
0
0
0
0
0
0
0
0
0
0
0
0
0
0
0
0
0
0
0
0
0
0
0
0
0
0
0
0
0
0
0
0
0
0
0
0
0
0
0
0
0
0
0
0
0
0
0
0
0
0
0
0
0
0
0
0
0
0
0
0
0
0
0
0
0
0
0
0
0
0
0
0
0
0
0
0
0
0
0
0
0
0
0
0
0
0
0
0
0
0
0
0
0
0
0
0
0
0
0
0
0
0
0
0
0
0
0
0
0
0
0
0
0
0
0
0
0
0
0
0
0
0
0
0
0
0
0
0
0
0
0
0
0
0
0
0
0
0
0
0
0
0
0
0
0
0
0
0
0
0
0
0
0
0
0
0
0
0
0
0
0
0
0
0
0
0
0
0
0
0
0
0
0
0
0
0
0
0
0
0
0
0
0
0
0
0
0
0
0
0
0
0
0
0
0
0
0
0
0
0
0
0
0
0
0
0
0
0
0
0
0
0
0
0
0
0
0
0
0
0
0
0
0
0
0
0
0
0
0
0
0
0
0
0
0
0
0
0
0
0
0
0
0
0
0
0
0
0
0
0
0
0
0
0
0
0
0
0
0
0
0
0
0
0
0
0
0
0
0
0
0
0
0
0
0
0
0
0
0
0
0
0
0
0
0
0
0
0
0
0
0
0
0
0
0
0
0
0
0
0
0
0
0
0
0
0
0
0
0
0
0
0
0
0
0
0
0
0
0
0
0
0
0
0
0
0
0
0
0
0
0
0
0
0
0
0
0
0
0
0
0
0
0
0
0
0
0
0
0
0
0
0
0
0
0
0
0
0
0
0
0
0
0
0
0
0
0
0
0
0
0
0
0
0
0
0
0
0
0
0
0
0
0
0
0
0
0
0
0
0
0
0
0
0
0
0
0
0
0
0
0
0
0
0
0
0
0
0
0
0
0
0
0
0
0
0
0
0
0
0
0
0
0
0
0
0
0
0
0
0
0
0
0
0
0
0
0
0
0
0
0
0
0
0
0
0
0
0
0
0
0
0
0
0
0
0
0
0
0
0
0
0
0
0
0
0
0
0
0
0
0
0
0
0
0
0
0
0
0
0
0
0
0
0
0
0
0
0
0
0
0
0
0
0
0
0
0
0
0
0
0
0
0
0
0
0
0
0
0
0
0
0
0
0
0
0
0
0
0
0
0
0
0
0
0
0
0
0
0
0
0
0
0
0
0
0
0
0
0
0
0
0
0
0
0
0
0
0
0
0
0
0
0
0
0
0
0
0
0
0
0
0
0
0
0
0
0
0
0
0
0
0
0
0
0
0
0
0
0
0
0
0
0
0
0
0
0
0
0
0
0
0
0
0
0
0
0
0
0
0
0
0
0
0
0
0
0
0
0
0
0
0
0
0
0
0
0
0
0
0
0
0
0
0
0
0
0
0
0
0
0
0
0
0
0
0
0
0
0
0
0
0
0
0
0
0
0
0
0
0
0
0
0
0
0
0
0
0
0
0
0
0
0
0
0
0
0
0
0
0
0
0
0
0
0
0
0
0
0
0
0
0
0
0
0
0
0
0
0
0
0
0
0
0
0
0
0
0
0
0
0
0
0
0
0
0
0
0
0
0
0
0
0
0
0
0
0
0
0
0
0
0
0
0
0
0
0
0
0
0
0
0
0
0
0
0
0
0
0
0
0
0
0
0
0
0
0
0
0
0
0
0
0
0
0
0
0
0
0
0
0
0
0
0
0
0
0
0
0
0
0
0
0
0
0
0
0
0
0
0
0
0
0
0
0
0
0
0
0
0
0
0
0
0
0
0
0
0
0
0
0
0
0
0
0
0
0
0
0
0
0
0
0
0
0
0
0
0
0
0
0
0
0
0
0
0
0
0
0
0
0
0
0
0
0
0
0
0
0
0
0
0
0
0
0
0
0
0
0
0
0
0
0
0
0
0
0
0
0
0
0
0
0
0
0
0
0
0
0
0
0
0
0
0
0
0
0
0
0
0
0
0
0
0
0
0
0
0
0
0
0
0
0
0
0
0
0
0
0
0
0
0
0
0
0
0
0
0
0
0
0
0
0
0
0
0
0
0
0
0
0
0
0
0
0
0
0
0
0
0
0
0
0
0
0
0
0
0
0
0
0
0
0
0
0
0
0
0
0
0
0
0
0
0
0
0
0
0
0
0
0
0
0
0
0
0
0
0
0
0
0
0
0
0
0
0
0
0
0
0
0
0
0
0
0
0
0
0
0
0
0
0
0
0
0
0
0
0
0
0
0
0
0
0
0
0
0
0
0
0
0
0
0
0
0
0
0
0
0
0
0
0
0
0
0
0
0
0
0
0
0
0
0
0
0
0
0
0
0
0
0
0
0
0
0
0
0
0
0
0
0
0
0
0
0
0
0
0
0
0
0
0
0
0
0
0
0
0
0
0
0
0
0
0
0
0
0
0
0
0
0
0
0
0
0
0
0
0
0
0
0
0
0
0
0
0
0
0
0
0
0
0
0
0
0
0
0
0
0
0
0
0
0
0
0
0
0
0
0
0
0
0
0
0
0
0
0
0
0
0
0
0
0
0
0
0
0
0
0
0
0
0
0
0
0
0
0
0
0
0
0
0
0
0
0
0
0
0
0
0
0
0
0
0
0
0
0
0
0
0
0
0
0
0
0
0
0
0
0
0
0
0
0
0
0
0
0
0
0
0
0
0
0
0
0
0
0
0
0
0
0
0
0
0
0
0
0
0
0
0
0
0
0
0
0
0
0
0
0
0
0
0
0
0
0
0
0
0
0
0
0
0
0
0
0
0
0
0
0
0
0
0
0
0
0
0
0
0
0
0
0
0
0
0
0
0
0
0
0
0
0
0
0
0
0
0
0
0
0
0
0
0
0
0
0
0
0
0
0
0
0
0
0
0
0
0
0
0
0
0
0
0
0
0
0
0
0
0
0
0
0
0
0
0
0
0
0
0
0
0
0
0
0
0
0
0
0
0
0
0
0
0
0
0
0
0
0
0
0
0
0
0
0
0
0
0
0
0
0
0
0
0
0
0
0
0
0
0
0
0
0
0
0
0
0
0
0
0
0
0
0
0
0
0
0
0
0
0
0
0
0
0
0
0
0
0
0
0
0
0
0
0
0
0
0
0
0
0
0
0
0
0
0
0
0
0
0
0
0
0
0
0
0
0
0
0
0
0
0
0
0
0
0
0
0
0
0
0
0
0
0
0
0
0
0
0
0
0
0
0
0
0
0
0
0
0
0
0
0
0
0
0
0
0
0
0
0
0
0
0
0
0
0
0
0
0
0
0
0
0
0
0
0
0
0
0
0
0
0
0
0
0
0
0
0
0
0
0
0
0
0
0
0
0
0
0
0
0
0
0
0
0
0
0
0
0
0
0
0
0
0
0
0
0
0
0
0
0
0
0
0
0
0
0
0
0
0
0
0
0
0
0
0
0
0
0
0
0
0
0
0
0
0
0
0
0
0
0
0
0
0
0
0
0
0
0
0
0
0
0
0
0
0
0
0
0
0
0
0
0
0
0
0
0
0
0
0
0
0
0
0
0
0
0
0
0
0
0
0
0
0
0
0
0
0
0
0
0
0
0
0
0
0
0
0
0
0
0
0
0
0
0
0
0
0
0
0
0
0
0
0
0
0
0
0
0
0
0
0
0
0
0
0
0
0
0
0
0
0
0
0
0
0
0
0
0
0
0
0
0
0
0
0
0
0
0
0
0
0
0
0
0
0
0
0
0
0
0
0
0
0
0
0
0
0
0
0
0
0
0
0
0
0
0
0
0
0
0
0
0
0
0
0
0
0
0
0
0
0
0
0
0
0
0
0
0
0
0
0
0
0
0
0
0
0
0
0
0
0
0
0
0
0
0
0
0
0
0
0
0
0
0
0
0
0
0
0
0
0
0
0
0
0
0
0
0
0
0
0
0
0
0
0
0
0
0
0
0
0
0
0
0
0
0
0
0
0
0
0
0
0
0
0
0
0
0
0
0
0
0
0
0
0
0
0
0
0
0
0
0
0
0
0
0
0
0
0
0
0
0
0
0
0
0
0
0
0
0
0
0
0
0
0
0
0
0
0
0
0
0
0
0
0
0
0
0
0
0
0
0
0
0
0
0
0
0
0
0
0
0
0
0
0
0
0
0
0
0
0
0
0
0
0
0
0
0
0
0
0
0
0
0
0
0
0
0
0
0
0
0
0
0
0
0
0
0
0
0
0
0
0
0
0
0
0
0
0
0
0
0
0
0
0
0
0
0
0
0
0
0
0
0
0
0
0
0
0
0
0
0
0
0
0
0
0
0
0
0
0
0
0
0
0
0
0
0
0
0
0
0
0
0
0
0
0
0
0
0
0
0
0
0
0
0
0
0
0
0
0
0
0
0
0
0
0
0
0
0
0
0
0
0
0
0
0
0
0
0
0
0
0
0
0
0
0
0
0
0
0
0
0
0
0
0
0
0
0
0
0
0
0
0
0
0
0
0
0
0
0
0
0
0
0
0
0
0
0
0
0
0
0
0
0
0
0
0
0
0
0
0
0
0
0
0
0
0
0
0
0
0
0
0
0
0
0
0
0
0
0
0
0
0
0
0
0
0
0
0
0
0
0
0
0
0
0
0
0
0
0
0
0
0
0
0
0
0
0
0
0
0
0
0
0
0
0
0
0
0
0
0
0
0
0
0
0
0
0
0
0
0
0
0
0
0
0
0
0
0
0
0
0
0
0
0
0
0
0
0
0
0
0
0
0
0
0
0
0
0
0
0
0
0
0
0
0
0
0
0
0
0
0
0
0
0
0
0
0
0
0
0
0
0
0
0
0
0
0
0
0
0
0
0
0
0
0
0
0
0
0
0
0
0
0
0
0
0
0
0
0
0
0
0
0
0
0
0
0
0
0
0
0
0
0
0
0
0
0
0
0
0
0
0
0
0
0
0
0
0
0
0
0
0
0
0
0
0
0
0
0
0
0
0
0
0
0
0
0
0
0
0
0
0
0
0
0
0
0
0
0
0
0
0
0
0
0
0
0
0
0
0
0
0
0
0
0
0
0
0
0
0
0
0
0
0
0
0
0
0
0
0
0
0
0
0
0
0
0
0
0
0
0
0
0
0
0
0
0
0
0
0
0
0
0
0
0
0
0
0
0
0
0
0
0
0
0
0
0
0
0
0
0
0
0
0
0
0
0
0
0
0
0
0
0
0
0
0
0
0
0
0
0
0
0
0
0
0
0
0
0
0
0
0
0
0
0
0
0
0
0
0
0
0
0
0
0
0
0
0
0
0
0
0
0
0
0
0
0
0
0
0
0
0
0
0
0
0
0
0
0
0
0
0
0
0
0
0
0
0
0
0
0
0
0
0
0
0
0
0
0
0
0
0
0
0
0
0
0
0
0
0
0
0
0
0
0
0
0
0
0
0
0
0
0
0
0
0
0
0
0
0
0
0
0
0
0
0
0
0
0
0
0
0
0
0
0
0
0
0
0
0
0
0
0
0
0
0
0
0
0
0
0
0
0
0
0
0
0
0
0
0
0
0
0
0
0
0
0
0
0
0
0
0
0
0
0
0
0
0
0
0
0
0
0
0
0
0
0
0
0
0
0
0
0
0
0
0
0
0
0
0
0
0
0
0
0
0
0
0
0
0
0
0
0
0
0
0
0
0
0
0
0
0
0
0
0
0
0
0
0
0
0
0
0
0
0
0
0
0
0
0
0
0
0
0
0
0
0
0
0
0
0
0
0
0
0
0
0
0
0
0
0
0
0
0
0
0
0
0
0
0
0
0
0
0
0
0
0
0
0
0
0
0
0
0
0
0
0
0
0
0
0
0
0
0
0
0
0
0
0
0
0
0
0
0
0
0
0
0
0
0
0
0
0
0
0
0
0
0
0
0
0
0
0
0
0
0
0
0
0
0
0
0
0
0
0
0
0
0
0
0
0
0
0
0
0
0
0
0
0
0
0
0
0
0
0
0
0
0
0
0
0
0
0
0
0
0
0
0
0
0
0
0
0
0
0
0
0
0
0
0
0
0
0
0
0
0
0
0
0
0
0
0
0
0
0
0
0
0
0
0
0
0
0
0
0
0
0
0
0
0
0
0
0
0
0
0
0
0
0
0
0
0
0
0
0
0
0
0
0
0
0
0
0
0
0
0
0
0
0
0
0
0
0
0
0
0
0
0
0
0
0
0
0
0
0
0
0
0
0
0
0
0
0
0
0
0
0
0
0
0
0
0
0
0
0
0
0
0
0
0
0
0
0
0
0
0
0
0
0
0
0
0
0
0
0
0
0
0
0
0
0
0
0
0
0
0
0
0
0
0
0
0
0
0
0
0
0
0
0
0
0
0
0
0
0
0
0
0
0
0
0
0
0
0
0
0
0
0
0
0
0
0
0
0
0
0
0
0
0
0
0
0
0
0
0
0
0
0
0
0
0
0
0
0
0
0
0
0
0
0
0
0
0
0
0
0
0
0
0
0
0
0
0
0
0
0
0
0
0
0
0
0
0
0
0
0
0
0
0
0
0
0
0
0
0
0
0
0
0
0
0
0
0
0
0
0
0
0
0
0
0
0
0
0
0
0
0
0
0
0
0
0
0
0
0
0
0
0
0
0
0
0
0
0
0
0
0
0
0
0
0
0
0
0
0
0
0
0
0
0
0
0
0
0
0
0
0
0
0
0
0
0
0
0
0
0
0
0
0
0
0
0
0
0
0
0
0
0
0
0
0
0
0
0
0
0
0
0
0
0
0
0
0
0
0
0
0
0
0
0
0
0
0
0
0
0
0
0
0
0
0
0
0
0
0
0
0
0
0
0
0
0
0
0
0
0
0
0
0
0
0
0
0
0
0
0
0
0
0
0
0
0
0
0
0
0
0
0
0
0
0
0
0
0
0
0
0
0
0
0
0
0
0
0
0
0
0
0
0
0
0
0
0
0
0
0
0
0
0
0
0
0
0
0
0
0
0
0
0
0
0
0
0
0
0
0
0
0
0
0
0
0
0
0
0
0
0
0
0
0
0
0
0
0
0
0
0
0
0
0
0
0
0
0
0
0
0
0
0
0
0
0
0
0
0
0
0
0
0
0
0
0
0
0
0
0
0
0
0
0
0
0
0
0
0
0
0
0
0
0
0
0
0
0
0
0
0
0
0
0
0
0
0
0
0
0
0
0
0
0
0
0
0
0
0
0
0
0
0
0
0
0
0
0
0
0
0
0
0
0
0
0
0
0
0
0
0
0
0
0
0
0
0
0
0
0
0
0
0
0
0
0
0
0
0
0
0
0
0
0
0
0
0
0
0
0
0
0
0
0
0
0
0
0
0
0
0
0
0
0
0
0
0
0
0
0
0
0
0
0
0
0
0
0
0
0
0
0
0
0
0
0
0
0
0
0
0
0
0
0
0
0
0
0
0
0
0
0
0
0
0
0
0
0
0
0
0
0
0
0
0
0
0
0
0
0
0
0
0
0
0
0
0
0
0
0
0
0
0
0
0
0
0
0
0
0
0
0
0
0
0
0
0
0
0
0
0
0
0
0
0
0
0
0
0
0
0
0
0
0
0
0
0
0
0
0
0
0
0
0
0
0
0
0
0
0
0
0
0
0
0
0
0
0
0
0
0
0
0
0
0
0
0
0
0
0
0
0
0
0
0
0
0
0
0
0
0
0
0
0
0
0
0
0
0
0
0
0
0
0
0
0
0
0
0
0
0
0
0
0
0
0
0
0
0
0
0
0
0
0
0
0
0
0
0
0
0
0
0
0
0
0
0
0
0
0
0
0
0
0
0
0
0
0
0
0
0
0
0
0
0
0
0
0
0
0
0
0
0
0
0
0
0
0
0
0
0
0
0
0
0
0
0
0
0
0
0
0
0
0
0
0
0
0
0
0
0
0
0
0
0
0
0
0
0
0
0
0
0
0
0
0
0
0
0
0
0
0
0
0
0
0
0
0
0
0
0
0
0
0
0
0
0
0
0
0
0
0
0
0
0
0
0
0
0
0
0
0
0
0
0
0
0
0
0
0
0
0
0
0
0
0
0
0
0
0
0
0
0
0
0
0
0
0
0
0
0
0
0
0
0
0
0
0
0
0
0
0
0
0
0
0
0
0
0
0
0
0
0
0
0
0
0
0
0
0
0
0
0
0
0
0
0
0
0
0
0
0
0
0
0
0
0
0
0
0
0
0
0
0
0
0
0
0
0
0
0
0
0
0
0
0
0
0
0
0
0
0
0
0
0
0
0
0
0
0
0
0
0
0
0
0
0
0
0
0
0
0
0
0
0
0
0
0
0
0
0
0
0
0
0
0
0
0
0
0
0
0
0
0
0
0
0
0
0
0
0
0
0
0
0
0
0
0
0
0
0
0
0
0
0
0
0
0
0
0
0
0
0
0
0
0
0
0
0
0
0
0
0
0
0
0
0
0
0
0
0
0
0
0
0
0
0
0
0
0
0
0
0
0
0
0
0
0
0
0
0
0
0
0
0
0
0
0
0
0
0
0
0
0
0
0
0
0
0
0
0
0
0
0
0
0
0
0
0
0
0
0
0
0
0
0
0
0
0
0
0
0
0
0
0
0
0
0
0
0
0
0
0
0
0
0
0
0
0
0
0
0
0
0
0
0
0
0
0
0
0
0
0
0
0
0
0
0
0
0
0
0
0
0
0
0
0
0
0
0
0
0
0
0
0
0
0
0
0
0
0
0
0
0
0
0
0
0
0
0
0
0
0
0
0
0
0
0
0
0
0
0
0
0
0
0
0
0
0
0
0
0
0
0
0
0
0
0
0
0
0
0
0
0
0
0
0
0
0
0
0
0
0
0
0
0
0
0
0
0
0
0
0
0
0
0
0
0
0
0
0
0
0
0
0
0
0
0
0
0
0
0
0
0
0
0
0
0
0
0
0
0
0
0
0
0
0
0
0
0
0
0
0
0
0
0
0
0
0
0
0
0
0
0
0
0
0
0
0
0
0
0
0
0
0
0
0
0
0
0
0
0
0
0
0
0
0
0
0
0
0
0
0
0
0
0
0
0
0
0
0
0
0
0
0
0
0
0
0
0
0
0
0
0
0
0
0
0
0
0
0
0
0
0
0
0
0
0
0
0
0
0
0
0
0
0
0
0
0
0
0
0
0
0
0
0
0
0
0
0
0
0
0
0
0
0
0
0
0
0
0
0
0
0
0
0
0
0
0
0
0
0
0
0
0
0
0
0
0
0
0
0
0
0
0
0
0
0
0
0
0
0
0
0
0
0
0
0
0
0
0
0
0
0
0
0
0
0
0
0
0
0
0
0
0
0
0
0
0
0
0
0
0
0
0
0
0
0
0
0
0
0
0
0
0
0
0
0
0
0
0
0
0
0
0
0
0
0
0
0
0
0
0
0
0
0
0
0
0
0
0
0
0
0
0
0
0
0
0
0
0
0
0
0
0
0
0
0
0
0
0
0
0
0
0
0
0
0
0
0
0
0
0
0
0
0
0
0
0
0
0
0
0
0
0
0
0
0
0
0
0
0
0
0
0
0
0
0
0
0
0
0
0
0
0
0
0
0
0
0
0
0
0
0
0
0
0
0
0
0
0
0
0
0
0
0
0
0
0
0
0
0
0
0
0
0
0
0
0
0
0
0
0
0
0
0
0
0
0
0
0
0
0
0
0
0
0
0
0
0
0
0
0
0
0
0
0
0
0
0
0
0
0
0
0
0
0
0
0
0
0
0
0
0
0
0
0
0
0
0
0
0
0
0
0
0
0
0
0
0
0
0
0
0
0
0
0
0
0
0
0
0
0
0
0
0
0
0
0
0
0
0
0
0
0
0
0
0
0
0
0
0
0
0
0
0
0
0
0
0
0
0
0
0
0
0
0
0
0
0
0
0
0
0
0
0
0
0
0
0
0
0
0
0
0
0
0
0
0
0
0
0
0
0
0
0
0
0
0
0
0
0
0
0
0
0
0
0
0
0
0
0
0
0
0
0
0
0
0
0
0
0
0
0
0
0
0
0
0
0
0
0
0
0
0
0
0
0
0
0
0
0
0
0
0
0
0
0
0
0
0
0
0
0
0
0
0
0
0
0
0
0
0
0
0
0
0
0
0
0
0
0
0
0
0
0
0
0
0
0
0
0
0
0
0
0
0
0
0
0
0
0
0
0
0
0
0
0
0
0
0
0
0
0
0
0
0
0
0
0
0
0
0
0
0
0
0
0
0
0
0
0
0
0
0
0
0
0
0
0
0
0
0
0
0
0
0
0
0
0
0
0
0
0
0
0
0
0
0
0
0
0
0
0
0
0
0
0
0
0
0
0
0
0
0
0
0
0
0
0
0
0
0
0
0
0
0
0
0
0
0
0
0
0
0
0
0
0
0
0
0
0
0
0
0
0
0
0
0
0
0
0
0
0
0
0
0
0
0
0
0
0
0
0
0
0
0
0
0
0
0
0
0
0
0
0
0
0
0
0
0
0
0
0
0
0
0
0
0
0
0
0
0
0
0
0
0
0
0
0
0
0
0
0
0
0
0
0
0
0
0
0
0
0
0
0
0
0
0
0
0
0
0
0
0
0
0
0
0
0
0
0
0
0
0
0
0
0
0
0
0
0
0
0
0
0
0
0
0
0
0
0
0
0
0
0
0
0
0
0
0
0
0
0
0
0
0
0
0
0
0
0
0
0
0
0
0
0
0
0
0
0
0
0
0
0
0
0
0
0
0
0
0
0
0
0
0
0
0
0
0
0
0
0
0
0
0
0
0
0
0
0
0
0
0
0
0
0
0
0
0
0
0
0
0
0
0
0
0
0
0
0
0
0
0
0
0
0
0
0
0
0
0
0
0
0
0
0
0
0
0
0
0
0
0
0
0
0
0
0
0
0
0
0
0
0
0
0
0
0
0
0
0
0
0
0
0
0
0
0
0
0
0
0
0
0
0
0
0
0
0
0
0
0
0
0
0
0
0
0
0
0
0
0
0
0
0
0
0
0
0
0
0
0
0
0
0
0
0
0
0
0
0
0
0
0
0
0
0
0
0
0
0
0
0
0
0
0
0
0
0
0
0
0
0
0
0
0
0
0
0
0
0
0
0
0
0
0
0
0
0
0
0
0
0
0
0
0
0
0
0
0
0
0
0
0
0
0
0
0
0
0
0
0
0
0
0
0
0
0
0
0
0
0
0
0
0
0
0
0
0
0
0
0
0
0
0
0
0
0
0
0
0
0
0
0
0
0
0
0
0
0
0
0
0
0
0
0
0
0
0
0
0
0
0
0
0
0
0
0
0
0
0
0
0
0
0
0
0
0
0
0
0
0
0
0
0
0
0
0
0
0
0
0
0
0
0
0
0
0
0
0
0
0
0
0
0
0
0
0
0
0
0
0
0
0
0
0
0
0
0
0
0
0
0
0
0
0
0
0
0
0
0
0
0
0
0
0
0
0
0
0
0
0
0
0
0
0
0
0
0
0
0
0
0
0
0
0
0
0
0
0
0
0
0
0
0
0
0
0
0
0
0
0
0
0
0
0
0
0
0
0
0
0
0
0
0
0
0
0
0
0
0
0
0
0
0
0
0
0
0
0
0
0
0
0
0
0
0
0
0
0
0
0
0
0
0
0
0
0
0
0
0
0
0
0
0
0
0
0
0
0
0
0
0
0
0
0
0
0
0
0
0
0
0
0
0
0
0
0
0
0
0
0
0
0
0
0
0
0
0
0
0
0
0
0
0
0
0
0
0
0
0
0
0
0
0
0
0
0
0
0
0
0
0
0
0
0
0
0
0
0
0
0
