0
4095
0
0
0
0
0
0
4095
0
0
0
0
0
0
0
0
4095
0
0
0
0
0
0
4095
0
0
0
0
0
0
0
4095
4095
0
0
0
0
0
0
0
0
0
0
0
0
0
0
4095
4095
0
0
0
0
0
0
0
0
0
0
0
0
0
0
4095
4095
0
0
0
0
0
0
0
0
0
0
0
0
0
0
4095
4095
0
0
0
0
0
0
0
0
0
0
0
0
0
0
4095
4095
0
0
0
0
0
0
0
0
0
0
0
0
0
0
4095
4095
0
0
0
0
0
0
0
0
0
0
0
0
0
0
4095
4095
0
0
0
0
0
0
0
0
0
0
0
0
0
0
4095
4095
0
0
0
0
0
0
0
0
0
0
0
0
0
0
4095
4095
0
0
0
0
0
0
0
0
0
0
0
0
0
0
4095
4095
0
0
0
0
0
0
4091
4091
0
0
0
0
0
0
4092
4093
0
0
0
0
0
0
4092
4092
0
0
0
0
0
0
4092
4092
0
0
0
0
0
0
4092
4092
0
0
0
0
0
0
4092
4092
0
0
0
0
0
0
4093
4093
0
0
0
0
0
0
4092
4093
0
0
0
0
0
0
4093
4092
0
0
0
0
0
0
4093
4093
0
0
0
0
0
0
4093
4091
0
0
0
0
0
0
4093
4091
0
0
0
0
0
0
4092
4089
0
0
0
0
0
0
4094
4091
0
0
0
0
0
0
4092
4090
0
0
0
0
0
0
4092
4091
0
0
0
0
0
0
4088
4087
0
0
0
0
0
0
4090
4088
0
0
0
0
0
0
4087
4085
0
0
0
0
0
0
4089
4088
0
0
0
0
0
0
4088
4087
0
0
0
0
0
0
4086
4086
0
0
0
0
0
0
4086
4086
0
0
0
0
0
0
4084
4086
0
0
0
0
0
0
4083
4086
0
0
0
0
0
0
4083
4087
0
0
0
0
0
0
4080
4086
0
0
0
0
0
0
4081
4086
0
0
0
0
0
0
4081
4088
0
0
0
0
0
0
4080
4090
0
0
0
0
0
0
4079
4089
0
0
0
0
0
0
4079
4091
0
0
0
0
0
0
4085
4095
0
0
0
0
0
0
4082
0
0
0
0
0
0
0
4085
2
0
0
0
0
0
0
4086
5
0
0
0
0
0
0
4085
5
0
0
0
0
0
0
4091
10
0
0
0
0
0
0
4093
12
0
0
0
0
0
0
4095
15
0
0
0
0
0
0
1
15
0
0
0
0
0
0
5
17
0
0
0
0
0
0
10
20
0
0
0
0
0
0
14
22
0
0
0
0
0
0
16
23
0
0
0
0
0
0
20
23
0
0
0
0
0
0
25
24
0
0
0
0
0
0
26
23
0
0
0
0
0
0
29
21
0
0
0
0
0
0
32
21
0
0
0
0
0
0
35
20
0
0
0
0
0
0
35
16
0
0
0
0
0
0
37
15
0
0
0
0
0
0
37
10
0
0
0
0
0
0
35
7
0
0
0
0
0
0
33
0
0
0
0
0
0
0
33
4092
0
0
0
0
0
0
28
4085
0
0
0
0
0
0
25
4081
0
0
0
0
0
0
20
4074
0
0
0
0
0
0
15
4070
0
0
0
0
0
0
9
4064
0
0
0
0
0
0
1
4055
0
0
0
0
0
0
4091
4049
0
0
0
0
0
0
4084
4047
0
0
0
0
0
0
4075
4039
0
0
0
0
0
0
4068
4036
0
0
0
0
0
0
4057
4031
0
0
0
0
0
0
4050
4030
0
0
0
0
0
0
4042
4027
0
0
0
0
0
0
4034
4026
0
0
0
0
0
0
4028
4026
0
0
0
0
0
0
4020
4027
0
0
0
0
0
0
4016
4031
0
0
0
0
0
0
4012
4035
0
0
0
0
0
0
4008
4039
0
0
0
0
0
0
4007
4047
0
0
0
0
0
0
4004
4052
0
0
0
0
0
0
4007
4062
0
0
0
0
0
0
4009
4070
0
0
0
0
0
0
4014
4080
0
0
0
0
0
0
4019
4092
0
0
0
0
0
0
4025
6
0
0
0
0
0
0
4034
18
0
0
0
0
0
0
4042
29
0
0
0
0
0
0
4056
42
0
0
0
0
0
0
4065
51
0
0
0
0
0
0
4082
65
0
0
0
0
0
0
4095
75
0
0
0
0
0
0
13
84
0
0
0
0
0
0
29
93
0
0
0
0
0
0
43
100
0
0
0
0
0
0
59
106
0
0
0
0
0
0
75
111
0
0
0
0
0
0
86
111
0
0
0
0
0
0
102
114
0
0
0
0
0
0
114
115
0
0
0
0
0
0
120
106
0
0
0
0
0
0
133
105
0
0
0
0
0
0
137
96
0
0
0
0
0
0
143
88
0
0
0
0
0
0
145
75
0
0
0
0
0
0
145
64
0
0
0
0
0
0
143
49
0
0
0
0
0
0
139
34
0
0
0
0
0
0
131
17
0
0
0
0
0
0
120
4093
0
0
0
0
0
0
110
4076
0
0
0
0
0
0
94
4056
0
0
0
0
0
0
77
4037
0
0
0
0
0
0
59
4019
0
0
0
0
0
0
38
3999
0
0
0
0
0
0
16
3981
0
0
0
0
0
0
4090
3967
0
0
0
0
0
0
4063
3950
0
0
0
0
0
0
4042
3937
0
0
0
0
0
0
4016
3926
0
0
0
0
0
0
3993
3918
0
0
0
0
0
0
3969
3911
0
0
0
0
0
0
3949
3907
0
0
0
0
0
0
3929
3908
0
0
0
0
0
0
3910
3909
0
0
0
0
0
0
3897
3917
0
0
0
0
0
0
3883
3924
0
0
0
0
0
0
3874
3936
0
0
0
0
0
0
3868
3952
0
0
0
0
0
0
3865
3969
0
0
0
0
0
0
3864
3987
0
0
0
0
0
0
3869
4012
0
0
0
0
0
0
3875
4034
0
0
0
0
0
0
3890
4060
0
0
0
0
0
0
3908
4091
0
0
0
0
0
0
3923
19
0
0
0
0
0
0
3948
47
0
0
0
0
0
0
3975
78
0
0
0
0
0
0
4000
104
0
0
0
0
0
0
4032
132
0
0
0
0
0
0
4063
158
0
0
0
0
0
0
3
181
0
0
0
0
0
0
33
201
0
0
0
0
0
0
70
220
0
0
0
0
0
0
104
232
0
0
0
0
0
0
139
246
0
0
0
0
0
0
170
255
0
0
0
0
0
0
202
258
0
0
0
0
0
0
230
260
0
0
0
0
0
0
252
253
0
0
0
0
0
0
273
243
0
0
0
0
0
0
291
230
0
0
0
0
0
0
304
217
0
0
0
0
0
0
311
192
0
0
0
0
0
0
313
167
0
0
0
0
0
0
313
138
0
0
0
0
0
0
306
108
0
0
0
0
0
0
295
76
0
0
0
0
0
0
274
36
0
0
0
0
0
0
254
4095
0
0
0
0
0
0
225
4059
0
0
0
0
0
0
194
4018
0
0
0
0
0
0
158
3981
0
0
0
0
0
0
119
3942
0
0
0
0
0
0
79
3906
0
0
0
0
0
0
36
3873
0
0
0
0
0
0
4084
3840
0
0
0
0
0
0
4038
3812
0
0
0
0
0
0
3993
3790
0
0
0
0
0
0
3945
3769
0
0
0
0
0
0
3901
3755
0
0
0
0
0
0
3859
3745
0
0
0
0
0
0
3819
3743
0
0
0
0
0
0
3780
3740
0
0
0
0
0
0
3751
3751
0
0
0
0
0
0
3720
3759
0
0
0
0
0
0
3701
3780
0
0
0
0
0
0
3685
3805
0
0
0
0
0
0
3674
3832
0
0
0
0
0
0
3671
3864
0
0
0
0
0
0
3677
3906
0
0
0
0
0
0
3683
3942
0
0
0
0
0
0
3705
3991
0
0
0
0
0
0
3725
4038
0
0
0
0
0
0
3754
4084
0
0
0
0
0
0
3794
41
0
0
0
0
0
0
3833
91
0
0
0
0
0
0
3880
140
0
0
0
0
0
0
3931
190
0
0
0
0
0
0
3984
234
0
0
0
0
0
0
4043
280
0
0
0
0
0
0
6
320
0
0
0
0
0
0
63
353
0
0
0
0
0
0
125
385
0
0
0
0
0
0
182
407
0
0
0
0
0
0
242
428
0
0
0
0
0
0
295
439
0
0
0
0
0
0
346
444
0
0
0
0
0
0
393
443
0
0
0
0
0
0
430
430
0
0
0
0
0
0
467
416
0
0
0
0
0
0
491
392
0
0
0
0
0
0
511
359
0
0
0
0
0
0
523
325
0
0
0
0
0
0
525
280
0
0
0
0
0
0
523
233
0
0
0
0
0
0
507
182
0
0
0
0
0
0
487
123
0
0
0
0
0
0
455
65
0
0
0
0
0
0
419
5
0
0
0
0
0
0
369
4034
0
0
0
0
0
0
320
3974
0
0
0
0
0
0
260
3912
0
0
0
0
0
0
196
3849
0
0
0
0
0
0
131
3795
0
0
0
0
0
0
57
3739
0
0
0
0
0
0
4083
3692
0
0
0
0
0
0
4007
3647
0
0
0
0
0
0
3935
3612
0
0
0
0
0
0
3860
3584
0
0
0
0
0
0
3790
3559
0
0
0
0
0
0
3722
3546
0
0
0
0
0
0
3663
3542
0
0
0
0
0
0
3604
3544
0
0
0
0
0
0
3559
3558
0
0
0
0
0
0
3518
3580
0
0
0
0
0
0
3485
3607
0
0
0
0
0
0
3463
3645
0
0
0
0
0
0
3450
3693
0
0
0
0
0
0
3445
3743
0
0
0
0
0
0
3453
3802
0
0
0
0
0
0
3470
3866
0
0
0
0
0
0
3498
3937
0
0
0
0
0
0
3535
4007
0
0
0
0
0
0
3583
4084
0
0
0
0
0
0
3637
62
0
0
0
0
0
0
3701
137
0
0
0
0
0
0
3773
213
0
0
0
0
0
0
3850
286
0
0
0
0
0
0
3931
354
0
0
0
0
0
0
4019
418
0
0
0
0
0
0
5
474
0
0
0
0
0
0
100
527
0
0
0
0
0
0
187
573
0
0
0
0
0
0
272
603
0
0
0
0
0
0
358
632
0
0
0
0
0
0
434
645
0
0
0
0
0
0
511
653
0
0
0
0
0
0
573
648
0
0
0
0
0
0
630
629
0
0
0
0
0
0
680
607
0
0
0
0
0
0
716
570
0
0
0
0
0
0
741
526
0
0
0
0
0
0
759
470
0
0
0
0
0
0
761
407
0
0
0
0
0
0
752
337
0
0
0
0
0
0
731
263
0
0
0
0
0
0
698
180
0
0
0
0
0
0
653
95
0
0
0
0
0
0
595
4
0
0
0
0
0
0
530
4013
0
0
0
0
0
0
458
3927
0
0
0
0
0
0
370
3836
0
0
0
0
0
0
280
3752
0
0
0
0
0
0
183
3670
0
0
0
0
0
0
85
3597
0
0
0
0
0
0
4077
3529
0
0
0
0
0
0
3973
3471
0
0
0
0
0
0
3871
3421
0
0
0
0
0
0
3770
3384
0
0
0
0
0
0
3672
3351
0
0
0
0
0
0
3581
3336
0
0
0
0
0
0
3497
3330
0
0
0
0
0
0
3419
3334
0
0
0
0
0
0
3355
3354
0
0
0
0
0
0
3299
3382
0
0
0
0
0
0
3258
3426
0
0
0
0
0
0
3228
3479
0
0
0
0
0
0
3211
3542
0
0
0
0
0
0
3208
3615
0
0
0
0
0
0
3220
3699
0
0
0
0
0
0
3245
3786
0
0
0
0
0
0
3283
3878
0
0
0
0
0
0
3336
3977
0
0
0
0
0
0
3402
4079
0
0
0
0
0
0
3475
85
0
0
0
0
0
0
3565
186
0
0
0
0
0
0
3663
289
0
0
0
0
0
0
3765
385
0
0
0
0
0
0
3875
475
0
0
0
0
0
0
3991
560
0
0
0
0
0
0
11
636
0
0
0
0
0
0
130
702
0
0
0
0
0
0
250
761
0
0
0
0
0
0
363
804
0
0
0
0
0
0
472
836
0
0
0
0
0
0
576
856
0
0
0
0
0
0
672
862
0
0
0
0
0
0
757
854
0
0
0
0
0
0
832
831
0
0
0
0
0
0
896
800
0
0
0
0
0
0
939
748
0
0
0
0
0
0
973
688
0
0
0
0
0
0
993
618
0
0
0
0
0
0
992
532
0
0
0
0
0
0
981
440
0
0
0
0
0
0
951
342
0
0
0
0
0
0
906
235
0
0
0
0
0
0
846
124
0
0
0
0
0
0
775
9
0
0
0
0
0
0
687
3991
0
0
0
0
0
0
587
3874
0
0
0
0
0
0
481
3766
0
0
0
0
0
0
362
3655
0
0
0
0
0
0
240
3556
0
0
0
0
0
0
109
3459
0
0
0
0
0
0
4072
3374
0
0
0
0
0
0
3940
3298
0
0
0
0
0
0
3811
3237
0
0
0
0
0
0
3680
3189
0
0
0
0
0
0
3557
3150
0
0
0
0
0
0
3446
3134
0
0
0
0
0
0
3336
3124
0
0
0
0
0
0
3244
3134
0
0
0
0
0
0
3162
3161
0
0
0
0
0
0
3090
3197
0
0
0
0
0
0
3043
3256
0
0
0
0
0
0
3005
3322
0
0
0
0
0
0
2984
3401
0
0
0
0
0
0
2986
3497
0
0
0
0
0
0
3001
3600
0
0
0
0
0
0
3032
3708
0
0
0
0
0
0
3083
3824
0
0
0
0
0
0
3151
3950
0
0
0
0
0
0
3232
4075
0
0
0
0
0
0
3330
108
0
0
0
0
0
0
3437
233
0
0
0
0
0
0
3561
359
0
0
0
0
0
0
3687
475
0
0
0
0
0
0
3825
589
0
0
0
0
0
0
3966
691
0
0
0
0
0
0
20
787
0
0
0
0
0
0
161
866
0
0
0
0
0
0
305
933
0
0
0
0
0
0
448
987
0
0
0
0
0
0
581
1028
0
0
0
0
0
0
707
1048
0
0
0
0
0
0
822
1055
0
0
0
0
0
0
926
1043
0
0
0
0
0
0
1013
1012
0
0
0
0
0
0
1093
974
0
0
0
0
0
0
1142
910
0
0
0
0
0
0
1183
837
0
0
0
0
0
0
1201
747
0
0
0
0
0
0
1204
646
0
0
0
0
0
0
1186
532
0
0
0
0
0
0
1150
413
0
0
0
0
0
0
1093
285
0
0
0
0
0
0
1021
150
0
0
0
0
0
0
932
13
0
0
0
0
0
0
826
3972
0
0
0
0
0
0
705
3832
0
0
0
0
0
0
575
3702
0
0
0
0
0
0
432
3569
0
0
0
0
0
0
285
3449
0
0
0
0
0
0
131
3338
0
0
0
0
0
0
4070
3238
0
0
0
0
0
0
3913
3149
0
0
0
0
0
0
3757
3077
0
0
0
0
0
0
3604
3021
0
0
0
0
0
0
3458
2977
0
0
0
0
0
0
3324
2955
0
0
0
0
0
0
3200
2948
0
0
0
0
0
0
3089
2963
0
0
0
0
0
0
2993
2994
0
0
0
0
0
0
2915
3040
0
0
0
0
0
0
2856
3108
0
0
0
0
0
0
2814
3187
0
0
0
0
0
0
2797
3286
0
0
0
0
0
0
2792
3390
0
0
0
0
0
0
2814
3514
0
0
0
0
0
0
2857
3646
0
0
0
0
0
0
2913
3781
0
0
0
0
0
0
2994
3926
0
0
0
0
0
0
3092
4073
0
0
0
0
0
0
3204
125
0
0
0
0
0
0
3331
271
0
0
0
0
0
0
3473
414
0
0
0
0
0
0
3624
551
0
0
0
0
0
0
3784
683
0
0
0
0
0
0
3947
801
0
0
0
0
0
0
20
907
0
0
0
0
0
0
187
999
0
0
0
0
0
0
352
1076
0
0
0
0
0
0
513
1135
0
0
0
0
0
0
669
1179
0
0
0
0
0
0
813
1206
0
0
0
0
0
0
942
1207
0
0
0
0
0
0
1061
1196
0
0
0
0
0
0
1160
1159
0
0
0
0
0
0
1243
1111
0
0
0
0
0
0
1305
1039
0
0
0
0
0
0
1347
952
0
0
0
0
0
0
1369
853
0
0
0
0
0
0
1367
732
0
0
0
0
0
0
1349
608
0
0
0
0
0
0
1302
469
0
0
0
0
0
0
1239
322
0
0
0
0
0
0
1155
171
0
0
0
0
0
0
1054
17
0
0
0
0
0
0
930
3953
0
0
0
0
0
0
796
3801
0
0
0
0
0
0
646
3649
0
0
0
0
0
0
487
3504
0
0
0
0
0
0
321
3370
0
0
0
0
0
0
149
3246
0
0
0
0
0
0
4065
3132
0
0
0
0
0
0
3890
3035
0
0
0
0
0
0
3716
2955
0
0
0
0
0
0
3545
2895
0
0
0
0
0
0
3386
2849
0
0
0
0
0
0
3235
2825
0
0
0
0
0
0
3099
2820
0
0
0
0
0
0
2976
2834
0
0
0
0
0
0
2870
2872
0
0
0
0
0
0
2785
2925
0
0
0
0
0
0
2720
2998
0
0
0
0
0
0
2678
3090
0
0
0
0
0
0
2657
3199
0
0
0
0
0
0
2656
3319
0
0
0
0
0
0
2679
3453
0
0
0
0
0
0
2725
3598
0
0
0
0
0
0
2793
3749
0
0
0
0
0
0
2884
3909
0
0
0
0
0
0
2991
4071
0
0
0
0
0
0
3116
138
0
0
0
0
0
0
3256
297
0
0
0
0
0
0
3412
452
0
0
0
0
0
0
3580
605
0
0
0
0
0
0
3753
745
0
0
0
0
0
0
3933
872
0
0
0
0
0
0
23
991
0
0
0
0
0
0
204
1088
0
0
0
0
0
0
386
1173
0
0
0
0
0
0
561
1235
0
0
0
0
0
0
727
1283
0
0
0
0
0
0
879
1304
0
0
0
0
0
0
1023
1310
0
0
0
0
0
0
1148
1295
0
0
0
0
0
0
1255
1255
0
0
0
0
0
0
1344
1201
0
0
0
0
0
0
1408
1120
0
0
0
0
0
0
1456
1030
0
0
0
0
0
0
1475
916
0
0
0
0
0
0
1474
791
0
0
0
0
0
0
1450
653
0
0
0
0
0
0
1400
504
0
0
0
0
0
0
1331
346
0
0
0
0
0
0
1240
186
0
0
0
0
0
0
1127
15
0
0
0
0
0
0
998
3946
0
0
0
0
0
0
851
3779
0
0
0
0
0
0
691
3619
0
0
0
0
0
0
519
3464
0
0
0
0
0
0
345
3324
0
0
0
0
0
0
156
3191
0
0
0
0
0
0
4066
3073
0
0
0
0
0
0
3878
2971
0
0
0
0
0
0
3692
2885
0
0
0
0
0
0
3514
2823
0
0
0
0
0
0
3345
2776
0
0
0
0
0
0
3186
2751
0
0
0
0
0
0
3042
2748
0
0
0
0
0
0
2913
2764
0
0
0
0
0
0
2805
2807
0
0
0
0
0
0
2713
2860
0
0
0
0
0
0
2651
2944
0
0
0
0
0
0
2604
3037
0
0
0
0
0
0
2584
3153
0
0
0
0
0
0
2585
3280
0
0
0
0
0
0
2614
3422
0
0
0
0
0
0
2664
3576
0
0
0
0
0
0
2733
3734
0
0
0
0
0
0
2829
3900
0
0
0
0
0
0
2941
4067
0
0
0
0
0
0
3074
143
0
0
0
0
0
0
3223
309
0
0
0
0
0
0
3385
473
0
0
0
0
0
0
3559
629
0
0
0
0
0
0
3742
773
0
0
0
0
0
0
3929
908
0
0
0
0
0
0
21
1025
0
0
0
0
0
0
214
1128
0
0
0
0
0
0
398
1213
0
0
0
0
0
0
579
1276
0
0
0
0
0
0
750
1325
0
0
0
0
0
0
909
1347
0
0
0
0
0
0
1054
1351
0
0
0
0
0
0
1182
1330
0
0
0
0
0
0
1295
1293
0
0
0
0
0
0
1379
1229
0
0
0
0
0
0
1449
1153
0
0
0
0
0
0
1492
1056
0
0
0
0
0
0
1512
939
0
0
0
0
0
0
1508
810
0
0
0
0
0
0
1480
666
0
0
0
0
0
0
1433
517
0
0
0
0
0
0
1357
354
0
0
0
0
0
0
1263
186
0
0
0
0
0
0
1149
19
0
0
0
0
0
0
1014
3943
0
0
0
0
0
0
865
3775
0
0
0
0
0
0
702
3612
0
0
0
0
0
0
530
3458
0
0
0
0
0
0
345
3312
0
0
0
0
0
0
161
3181
0
0
0
0
0
0
4066
3063
0
0
0
0
0
0
3874
2960
0
0
0
0
0
0
3688
2874
0
0
0
0
0
0
3508
2811
0
0
0
0
0
0
3337
2764
0
0
0
0
0
0
3181
2744
0
0
0
0
0
0
3037
2742
0
0
0
0
0
0
2909
2760
0
0
0
0
0
0
2802
2802
0
0
0
0
0
0
2713
2861
0
0
0
0
0
0
2647
2940
0
0
0
0
0
0
2604
3038
0
0
0
0
0
0
2585
3152
0
0
0
0
0
0
2591
3284
0
0
0
0
0
0
2613
3423
0
0
0
0
0
0
2667
3576
0
0
0
0
0
0
2739
3735
0
0
0
0
0
0
2835
3900
0
0
0
0
0
0
2949
4068
0
0
0
0
0
0
3084
144
0
0
0
0
0
0
3230
307
0
0
0
0
0
0
3391
468
0
0
0
0
0
0
3566
622
0
0
0
0
0
0
3744
763
0
0
0
0
0
0
3930
894
0
0
0
0
0
0
24
1013
0
0
0
0
0
0
207
1110
0
0
0
0
0
0
392
1192
0
0
0
0
0
0
570
1256
0
0
0
0
0
0
737
1299
0
0
0
0
0
0
892
1322
0
0
0
0
0
0
1034
1323
0
0
0
0
0
0
1158
1305
0
0
0
0
0
0
1263
1263
0
0
0
0
0
0
1352
1206
0
0
0
0
0
0
1413
1126
0
0
0
0
0
0
1455
1029
0
0
0
0
0
0
1473
915
0
0
0
0
0
0
1468
787
0
0
0
0
0
0
1443
650
0
0
0
0
0
0
1390
500
0
0
0
0
0
0
1318
344
0
0
0
0
0
0
1224
181
0
0
0
0
0
0
1112
16
0
0
0
0
0
0
982
3948
0
0
0
0
0
0
836
3784
0
0
0
0
0
0
679
3630
0
0
0
0
0
0
508
3479
0
0
0
0
0
0
334
3340
0
0
0
0
0
0
153
3214
0
0
0
0
0
0
4066
3102
0
0
0
0
0
0
3883
3003
0
0
0
0
0
0
3706
2924
0
0
0
0
0
0
3533
2864
0
0
0
0
0
0
3371
2823
0
0
0
0
0
0
3222
2802
0
0
0
0
0
0
3083
2800
0
0
0
0
0
0
2963
2820
0
0
0
0
0
0
2860
2861
0
0
0
0
0
0
2776
2917
0
0
0
0
0
0
2717
2995
0
0
0
0
0
0
2677
3089
0
0
0
0
0
0
2656
3198
0
0
0
0
0
0
2664
3322
0
0
0
0
0
0
2693
3459
0
0
0
0
0
0
2740
3601
0
0
0
0
0
0
2812
3755
0
0
0
0
0
0
2904
3912
0
0
0
0
0
0
3013
4072
0
0
0
0
0
0
3140
134
0
0
0
0
0
0
3278
288
0
0
0
0
0
0
3434
440
0
0
0
0
0
0
3596
584
0
0
0
0
0
0
3765
717
0
0
0
0
0
0
3941
841
0
0
0
0
0
0
20
949
0
0
0
0
0
0
194
1039
0
0
0
0
0
0
365
1117
0
0
0
0
0
0
531
1171
0
0
0
0
0
0
688
1214
0
0
0
0
0
0
829
1231
0
0
0
0
0
0
964
1235
0
0
0
0
0
0
1077
1212
0
0
0
0
0
0
1179
1177
0
0
0
0
0
0
1254
1118
0
0
0
0
0
0
1313
1047
0
0
0
0
0
0
1349
953
0
0
0
0
0
0
1366
849
0
0
0
0
0
0
1357
728
0
0
0
0
0
0
1333
598
0
0
0
0
0
0
1286
463
0
0
0
0
0
0
1215
316
0
0
0
0
0
0
1128
166
0
0
0
0
0
0
1025
17
0
0
0
0
0
0
903
3959
0
0
0
0
0
0
767
3811
0
0
0
0
0
0
623
3669
0
0
0
0
0
0
468
3532
0
0
0
0
0
0
305
3405
0
0
0
0
0
0
140
3289
0
0
0
0
0
0
4070
3189
0
0
0
0
0
0
3902
3099
0
0
0
0
0
0
3740
3030
0
0
0
0
0
0
3580
2972
0
0
0
0
0
0
3436
2936
0
0
0
0
0
0
3302
2921
0
0
0
0
0
0
3176
2921
0
0
0
0
0
0
3066
2936
0
0
0
0
0
0
2978
2979
0
0
0
0
0
0
2901
3028
0
0
0
0
0
0
2848
3101
0
0
0
0
0
0
2816
3188
0
0
0
0
0
0
2799
3287
0
0
0
0
0
0
2807
3401
0
0
0
0
0
0
2830
3519
0
0
0
0
0
0
2881
3656
0
0
0
0
0
0
2942
3789
0
0
0
0
0
0
3027
3930
0
0
0
0
0
0
3125
4072
0
0
0
0
0
0
3239
121
0
0
0
0
0
0
3366
258
0
0
0
0
0
0
3505
394
0
0
0
0
0
0
3648
519
0
0
0
0
0
0
3803
641
0
0
0
0
0
0
3957
747
0
0
0
0
0
0
18
843
0
0
0
0
0
0
174
925
0
0
0
0
0
0
324
989
0
0
0
0
0
0
472
1040
0
0
0
0
0
0
609
1076
0
0
0
0
0
0
733
1088
0
0
0
0
0
0
851
1090
0
0
0
0
0
0
948
1069
0
0
0
0
0
0
1036
1034
0
0
0
0
0
0
1102
985
0
0
0
0
0
0
1154
916
0
0
0
0
0
0
1184
836
0
0
0
0
0
0
1197
743
0
0
0
0
0
0
1190
640
0
0
0
0
0
0
1167
525
0
0
0
0
0
0
1121
402
0
0
0
0
0
0
1062
276
0
0
0
0
0
0
982
144
0
0
0
0
0
0
893
14
0
0
0
0
0
0
784
3976
0
0
0
0
0
0
667
3848
0
0
0
0
0
0
538
3724
0
0
0
0
0
0
405
3605
0
0
0
0
0
0
265
3500
0
0
0
0
0
0
119
3397
0
0
0
0
0
0
4073
3311
0
0
0
0
0
0
3929
3235
0
0
0
0
0
0
3790
3176
0
0
0
0
0
0
3653
3132
0
0
0
0
0
0
3528
3100
0
0
0
0
0
0
3413
3085
0
0
0
0
0
0
3309
3089
0
0
0
0
0
0
3214
3104
0
0
0
0
0
0
3138
3139
0
0
0
0
0
0
3077
3186
0
0
0
0
0
0
3032
3247
0
0
0
0
0
0
3003
3321
0
0
0
0
0
0
2991
3405
0
0
0
0
0
0
3000
3504
0
0
0
0
0
0
3021
3609
0
0
0
0
0
0
3061
3717
0
0
0
0
0
0
3117
3833
0
0
0
0
0
0
3192
3956
0
0
0
0
0
0
3275
4075
0
0
0
0
0
0
3372
99
0
0
0
0
0
0
3480
217
0
0
0
0
0
0
3598
331
0
0
0
0
0
0
3720
437
0
0
0
0
0
0
3848
534
0
0
0
0
0
0
3979
625
0
0
0
0
0
0
16
705
0
0
0
0
0
0
146
772
0
0
0
0
0
0
270
825
0
0
0
0
0
0
392
865
0
0
0
0
0
0
504
893
0
0
0
0
0
0
609
903
0
0
0
0
0
0
706
902
0
0
0
0
0
0
789
887
0
0
0
0
0
0
857
856
0
0
0
0
0
0
911
812
0
0
0
0
0
0
951
757
0
0
0
0
0
0
975
687
0
0
0
0
0
0
985
611
0
0
0
0
0
0
978
524
0
0
0
0
0
0
958
431
0
0
0
0
0
0
918
328
0
0
0
0
0
0
867
224
0
0
0
0
0
0
805
119
0
0
0
0
0
0
727
11
0
0
0
0
0
0
638
3996
0
0
0
0
0
0
544
3895
0
0
0
0
0
0
436
3791
0
0
0
0
0
0
327
3698
0
0
0
0
0
0
213
3608
0
0
0
0
0
0
96
3530
0
0
0
0
0
0
4076
3461
0
0
0
0
0
0
3961
3402
0
0
0
0
0
0
3847
3353
0
0
0
0
0
0
3740
3318
0
0
0
0
0
0
3637
3293
0
0
0
0
0
0
3546
3284
0
0
0
0
0
0
3463
3288
0
0
0
0
0
0
3390
3302
0
0
0
0
0
0
3330
3329
0
0
0
0
0
0
3281
3368
0
0
0
0
0
0
3247
3417
0
0
0
0
0
0
3228
3480
0
0
0
0
0
0
3217
3548
0
0
0
0
0
0
3225
3624
0
0
0
0
0
0
3244
3708
0
0
0
0
0
0
3279
3797
0
0
0
0
0
0
3324
3889
0
0
0
0
0
0
3383
3983
0
0
0
0
0
0
3451
4081
0
0
0
0
0
0
3526
78
0
0
0
0
0
0
3612
168
0
0
0
0
0
0
3705
260
0
0
0
0
0
0
3799
339
0
0
0
0
0
0
3903
418
0
0
0
0
0
0
4003
486
0
0
0
0
0
0
10
547
0
0
0
0
0
0
110
597
0
0
0
0
0
0
209
641
0
0
0
0
0
0
302
668
0
0
0
0
0
0
389
688
0
0
0
0
0
0
469
696
0
0
0
0
0
0
543
695
0
0
0
0
0
0
605
679
0
0
0
0
0
0
658
657
0
0
0
0
0
0
700
623
0
0
0
0
0
0
728
578
0
0
0
0
0
0
744
525
0
0
0
0
0
0
749
465
0
0
0
0
0
0
743
397
0
0
0
0
0
0
728
327
0
0
0
0
0
0
694
248
0
0
0
0
0
0
656
170
0
0
0
0
0
0
606
88
0
0
0
0
0
0
549
7
0
0
0
0
0
0
480
4021
0
0
0
0
0
0
408
3943
0
0
0
0
0
0
328
3869
0
0
0
0
0
0
246
3798
0
0
0
0
0
0
159
3732
0
0
0
0
0
0
70
3671
0
0
0
0
0
0
4080
3622
0
0
0
0
0
0
3993
3578
0
0
0
0
0
0
3910
3542
0
0
0
0
0
0
3831
3520
0
0
0
0
0
0
3757
3502
0
0
0
0
0
0
3692
3499
0
0
0
0
0
0
3626
3497
0
0
0
0
0
0
3576
3512
0
0
0
0
0
0
3532
3533
0
0
0
0
0
0
3498
3562
0
0
0
0
0
0
3474
3599
0
0
0
0
0
0
3461
3646
0
0
0
0
0
0
3457
3697
0
0
0
0
0
0
3463
3752
0
0
0
0
0
0
3479
3816
0
0
0
0
0
0
3503
3879
0
0
0
0
0
0
3538
3945
0
0
0
0
0
0
3579
4013
0
0
0
0
0
0
3630
4082
0
0
0
0
0
0
3687
56
0
0
0
0
0
0
3746
118
0
0
0
0
0
0
3816
184
0
0
0
0
0
0
3883
239
0
0
0
0
0
0
3956
296
0
0
0
0
0
0
4028
344
0
0
0
0
0
0
2
383
0
0
0
0
0
0
78
421
0
0
0
0
0
0
144
449
0
0
0
0
0
0
213
469
0
0
0
0
0
0
273
483
0
0
0
0
0
0
330
490
0
0
0
0
0
0
376
482
0
0
0
0
0
0
422
476
0
0
0
0
0
0
455
453
0
0
0
0
0
0
485
431
0
0
0
0
0
0
503
399
0
0
0
0
0
0
515
363
0
0
0
0
0
0
513
317
0
0
0
0
0
0
512
274
0
0
0
0
0
0
497
222
0
0
0
0
0
0
477
170
0
0
0
0
0
0
447
114
0
0
0
0
0
0
414
61
0
0
0
0
0
0
371
3
0
0
0
0
0
0
327
4047
0
0
0
0
0
0
272
3988
0
0
0
0
0
0
221
3942
0
0
0
0
0
0
162
3892
0
0
0
0
0
0
104
3850
0
0
0
0
0
0
47
3812
0
0
0
0
0
0
4084
3778
0
0
0
0
0
0
4028
3750
0
0
0
0
0
0
3972
3728
0
0
0
0
0
0
3917
3711
0
0
0
0
0
0
3871
3703
0
0
0
0
0
0
3826
3699
0
0
0
0
0
0
3787
3703
0
0
0
0
0
0
3753
3711
0
0
0
0
0
0
3725
3726
0
0
0
0
0
0
3705
3748
0
0
0
0
0
0
3691
3772
0
0
0
0
0
0
3683
3803
0
0
0
0
0
0
3681
3835
0
0
0
0
0
0
3687
3873
0
0
0
0
0
0
3699
3915
0
0
0
0
0
0
3715
3956
0
0
0
0
0
0
3739
3997
0
0
0
0
0
0
3766
4042
0
0
0
0
0
0
3799
4085
0
0
0
0
0
0
3835
32
0
0
0
0
0
0
3876
73
0
0
0
0
0
0
3919
115
0
0
0
0
0
0
3961
150
0
0
0
0
0
0
4006
179
0
0
0
0
0
0
4054
212
0
0
0
0
0
0
2
238
0
0
0
0
0
0
47
259
0
0
0
0
0
0
87
273
0
0
0
0
0
0
129
288
0
0
0
0
0
0
164
291
0
0
0
0
0
0
198
294
0
0
0
0
0
0
227
291
0
0
0
0
0
0
254
286
0
0
0
0
0
0
272
272
0
0
0
0
0
0
290
257
0
0
0
0
0
0
301
238
0
0
0
0
0
0
307
215
0
0
0
0
0
0
306
189
0
0
0
0
0
0
300
161
0
0
0
0
0
0
293
129
0
0
0
0
0
0
280
100
0
0
0
0
0
0
262
65
0
0
0
0
0
0
242
35
0
0
0
0
0
0
213
1
0
0
0
0
0
0
186
4065
0
0
0
0
0
0
156
4034
0
0
0
0
0
0
124
4005
0
0
0
0
0
0
92
3977
0
0
0
0
0
0
59
3955
0
0
0
0
0
0
24
3933
0
0
0
0
0
0
4087
3914
0
0
0
0
0
0
4056
3902
0
0
0
0
0
0
4025
3889
0
0
0
0
0
0
3996
3881
0
0
0
0
0
0
3970
3877
0
0
0
0
0
0
3946
3876
0
0
0
0
0
0
3925
3877
0
0
0
0
0
0
3909
3885
0
0
0
0
0
0
3892
3894
0
0
0
0
0
0
3883
3905
0
0
0
0
0
0
3874
3920
0
0
0
0
0
0
3872
3936
0
0
0
0
0
0
3873
3956
0
0
0
0
0
0
3877
3976
0
0
0
0
0
0
3883
3997
0
0
0
0
0
0
3894
4020
0
0
0
0
0
0
3906
4042
0
0
0
0
0
0
3922
4065
0
0
0
0
0
0
3941
4090
0
0
0
0
0
0
3959
14
0
0
0
0
0
0
3981
36
0
0
0
0
0
0
4003
56
0
0
0
0
0
0
4025
73
0
0
0
0
0
0
4050
91
0
0
0
0
0
0
4073
104
0
0
0
0
0
0
4093
114
0
0
0
0
0
0
21
125
0
0
0
0
0
0
41
132
0
0
0
0
0
0
63
139
0
0
0
0
0
0
77
141
0
0
0
0
0
0
94
140
0
0
0
0
0
0
107
137
0
0
0
0
0
0
120
134
0
0
0
0
0
0
127
125
0
0
0
0
0
0
135
119
0
0
0
0
0
0
138
108
0
0
0
0
0
0
141
99
0
0
0
0
0
0
139
84
0
0
0
0
0
0
136
71
0
0
0
0
0
0
131
58
0
0
0
0
0
0
123
41
0
0
0
0
0
0
115
28
0
0
0
0
0
0
104
11
0
0
0
0
0
0
93
4095
0
0
0
0
0
0
80
4080
0
0
0
0
0
0
64
4066
0
0
0
0
0
0
52
4054
0
0
0
0
0
0
38
4044
0
0
0
0
0
0
21
4033
0
0
0
0
0
0
6
4024
0
0
0
0
0
0
4090
4018
0
0
0
0
0
0
4079
4013
0
0
0
0
0
0
4065
4010
0
0
0
0
0
0
4053
4006
0
0
0
0
0
0
4044
4006
0
0
0
0
0
0
4035
4007
0
0
0
0
0
0
4024
4007
0
0
0
0
0
0
4021
4012
0
0
0
0
0
0
4016
4015
0
0
0
0
0
0
4014
4023
0
0
0
0
0
0
4010
4028
0
0
0
0
0
0
4009
4032
0
0
0
0
0
0
4013
4044
0
0
0
0
0
0
4013
4049
0
0
0
0
0
0
4015
4057
0
0
0
0
0
0
4022
4067
0
0
0
0
0
0
4025
4072
0
0
0
0
0
0
4033
4083
0
0
0
0
0
0
4041
4090
0
0
0
0
0
0
4047
1
0
0
0
0
0
0
4055
8
0
0
0
0
0
0
4063
16
0
0
0
0
0
0
4071
21
0
0
0
0
0
0
4079
26
0
0
0
0
0
0
4086
31
0
0
0
0
0
0
4092
32
0
0
0
0
0
0
2
34
0
0
0
0
0
0
11
39
0
0
0
0
0
0
13
38
0
0
0
0
0
0
19
36
0
0
0
0
0
0
26
39
0
0
0
0
0
0
27
37
0
0
0
0
0
0
27
31
0
0
0
0
0
0
33
32
0
0
0
0
0
0
33
27
0
0
0
0
0
0
33
26
0
0
0
0
0
0
32
21
0
0
0
0
0
0
33
19
0
0
0
0
0
0
29
13
0
0
0
0
0
0
28
8
0
0
0
0
0
0
28
7
0
0
0
0
0
0
23
5
0
0
0
0
0
0
21
4095
0
0
0
0
0
0
18
4092
0
0
0
0
0
0
13
4088
0
0
0
0
0
0
11
4086
0
0
0
0
0
0
8
4086
0
0
0
0
0
0
4
4082
0
0
0
0
0
0
1
4081
0
0
0
0
0
0
4094
4079
0
0
0
0
0
0
4092
4078
0
0
0
0
0
0
4089
4078
0
0
0
0
0
0
4090
4080
0
0
0
0
0
0
4085
4077
0
0
0
0
0
0
4087
4082
0
0
0
0
0
0
4079
4076
0
0
0
0
0
0
4083
4080
0
0
0
0
0
0
4082
4082
0
0
0
0
0
0
4081
4080
0
0
0
0
0
0
4083
4084
0
0
0
0
0
0
4081
4082
0
0
0
0
0
0
4085
4088
0
0
0
0
0
0
4082
4085
0
0
0
0
0
0
4086
4089
0
0
0
0
0
0
4084
4088
0
0
0
0
0
0
4087
4090
0
0
0
0
0
0
4087
4091
0
0
0
0
0
0
4087
4090
0
0
0
0
0
0
4089
4092
0
0
0
0
0
0
4087
4091
0
0
0
0
0
0
4089
4093
0
0
0
0
0
0
4091
4093
0
0
0
0
0
0
4093
4094
0
0
0
0
0
0
4092
4095
0
0
0
0
0
0
4092
4095
0
0
0
0
0
0
4092
4093
0
0
0
0
0
0
4092
4093
0
0
0
0
0
0
4092
4093
0
0
0
0
0
0
4092
4093
0
0
0
0
0
0
4092
4091
0
0
0
0
0
0
4093
4093
0
0
0
0
0
0
4091
4091
0
0
0
0
0
0
4092
4092
0
0
0
0
0
0
4092
4092
0
0
0
0
0
0
4092
4092
0
0
0
0
0
0
4092
4092
0
0
0
0
0
0
4092
4092
0
0
0
0
0
0
1
1
0
0
0
0
0
0
4095
4095
0
0
0
0
0
0
0
4095
0
0
0
0
0
0
0
0
0
0
0
0
0
0
4095
4095
0
0
0
0
0
0
0
0
0
0
0
0
0
0
4095
4095
0
0
0
0
0
0
0
0
0
0
0
0
0
0
4095
4095
0
0
0
0
0
0
4095
4095
0
0
0
0
0
0
0
0
0
0
0
0
0
0
4095
4095
0
0
0
0
0
0
0
0
0
0
0
0
0
0
4095
4095
0
0
0
0
0
0
0
0
0
0
0
0
0
0
4095
4095
0
0
0
0
0
0
0
0
0
0
0
0
0
0
4095
4095
0
0
0
0
0
0
0
0
0
0
0
0
0
0
4095
4095
0
0
0
0
0
0
0
0
0
0
0
0
0
0
4095
4095
0
0
0
0
0
0
0
0
0
0
0
0
0
0
4095
4095
0
0
0
0
0
0
0
0
0
0
0
0
0
0
4095
4095
0
0
0
0
0
0
0
0
0
0
0
0
0
0
4095
4095
0
0
0
0
0
0
0
0
0
0
0
0
0
0
4095
4095
0
0
0
0
0
0
0
0
0
0
0
0
0
0
4095
4095
0
0
0
0
0
0
0
0
0
0
0
0
0
0
4095
4095
0
0
0
0
0
0
0
0
0
0
0
0
0
0
4095
4095
0
0
0
0
0
0
0
0
0
0
0
0
0
0
4095
4095
0
0
0
0
0
0
0
0
0
0
0
0
0
0
4095
4095
0
0
0
0
0
0
0
0
0
0
0
0
0
0
4095
4095
0
0
0
0
0
0
0
0
0
0
0
0
0
0
4095
4095
0
0
0
0
0
0
0
0
0
0
0
0
0
0
4095
4095
0
0
0
0
0
0
0
0
0
0
0
0
0
0
4095
4095
0
0
0
0
0
0
0
0
0
0
0
0
0
0
4095
4095
0
0
0
0
0
0
0
0
0
0
0
0
0
0
4095
4095
0
0
0
0
0
0
0
0
0
0
0
0
0
0
4095
4095
0
0
0
0
0
0
0
0
0
0
0
0
0
0
4095
4095
0
0
0
0
0
0
0
0
0
0
0
0
0
0
4095
4095
0
0
0
0
0
0
0
0
0
0
0
0
0
0
4095
4095
0
0
0
0
0
0
0
0
0
0
0
0
0
0
4095
4095
0
0
0
0
0
0
0
0
0
0
0
0
0
0
4095
4095
0
0
0
0
0
0
0
0
0
0
0
0
0
0
4095
4095
0
0
0
0
0
0
0
0
0
0
0
0
0
0
4095
4095
0
0
0
0
0
0
0
0
0
0
0
0
0
0
4095
4095
0
0
0
0
0
0
0
0
0
0
0
0
0
0
4095
4095
0
0
0
0
0
0
0
0
0
0
0
0
0
0
4095
4095
0
0
0
0
0
0
0
0
0
0
0
0
0
0
4095
4095
0
0
0
0
0
0
0
0
0
0
0
0
0
0
4095
4095
0
0
0
0
0
0
0
0
0
0
0
0
0
0
4095
4095
0
0
0
0
0
0
0
0
0
0
0
0
0
0
4095
4095
0
0
0
0
0
0
0
0
0
0
0
0
0
0
4095
4095
0
0
0
0
0
0
0
0
0
0
0
0
0
0
4095
4095
0
0
0
0
0
0
0
0
0
0
0
0
0
0
4095
4095
0
0
0
0
0
0
0
0
0
0
0
0
0
0
4095
4095
0
0
0
0
0
0
0
0
0
0
0
0
0
0
4095
4095
0
0
0
0
0
0
0
0
0
0
0
0
0
0
4095
4095
0
0
0
0
0
0
0
0
0
0
0
0
0
0
4095
4095
0
0
0
0
0
0
0
0
0
0
0
0
0
0
4095
4095
0
0
0
0
0
0
0
0
0
0
0
0
0
0
4095
4095
0
0
0
0
0
0
0
0
0
0
0
0
0
0
4095
4095
0
0
0
0
0
0
0
0
0
0
0
0
0
0
4095
4095
0
0
0
0
0
0
0
0
0
0
0
0
0
0
4095
4095
0
0
0
0
0
0
0
0
0
0
0
0
0
0
4095
4095
0
0
0
0
0
0
0
0
0
0
0
0
0
0
4095
4095
0
0
0
0
0
0
0
0
0
0
0
0
0
0
4095
4095
0
0
0
0
0
0
0
0
0
0
0
0
0
0
4095
4095
0
0
0
0
0
0
0
0
0
0
0
0
0
0
4095
4095
0
0
0
0
0
0
0
0
0
0
0
0
0
0
4095
4095
0
0
0
0
0
0
0
0
0
0
0
0
0
0
4095
4095
0
0
0
0
0
0
0
0
0
0
0
0
0
0
4095
4095
0
0
0
0
0
0
0
0
0
0
0
0
0
0
4095
4095
0
0
0
0
0
0
0
0
0
0
0
0
0
0
4095
4095
0
0
0
0
0
0
0
0
0
0
0
0
0
0
4095
4095
0
0
0
0
0
0
0
0
0
0
0
0
0
0
4095
4095
0
0
0
0
0
0
0
0
0
0
0
0
0
0
4095
4095
0
0
0
0
0
0
0
0
0
0
0
0
0
0
4095
4095
0
0
0
0
0
0
0
0
0
0
0
0
0
0
4095
4095
0
0
0
0
0
0
0
0
0
0
0
0
0
0
4095
4095
0
0
0
0
0
0
0
0
0
0
0
0
0
0
4095
4095
0
0
0
0
0
0
0
0
0
0
0
0
0
0
4095
4095
0
0
0
0
0
0
0
0
0
0
0
0
0
0
4095
4095
0
0
0
0
0
0
0
0
0
0
0
0
0
0
4095
4095
0
0
0
0
0
0
0
0
0
0
0
0
0
0
4095
4095
0
0
0
0
0
0
0
0
0
0
0
0
0
0
4095
4095
0
0
0
0
0
0
0
0
0
0
0
0
0
0
4095
4095
0
0
0
0
0
0
0
0
0
0
0
0
0
0
4095
4095
0
0
0
0
0
0
0
0
0
0
0
0
0
0
4095
4095
0
0
0
0
0
0
0
0
0
0
0
0
0
0
4095
4095
0
0
0
0
0
0
0
0
0
0
0
0
0
0
4095
4095
0
0
0
0
0
0
0
0
0
0
0
0
0
0
4095
4095
0
0
0
0
0
0
0
0
0
0
0
0
0
0
4095
4095
0
0
0
0
0
0
0
0
0
0
0
0
0
0
4095
4095
0
0
0
0
0
0
0
0
0
0
0
0
0
0
4095
4095
0
0
0
0
0
0
0
0
0
0
0
0
0
0
4095
4095
0
0
0
0
0
0
0
0
0
0
0
0
0
0
4095
4095
0
0
0
0
0
0
0
0
0
0
0
0
0
0
4095
4095
0
0
0
0
0
0
0
0
0
0
0
0
0
0
4095
4095
0
0
0
0
0
0
0
0
0
0
0
0
0
0
4095
4095
0
0
0
0
0
0
0
0
0
0
0
0
0
0
4095
4095
0
0
0
0
0
0
0
0
0
0
0
0
0
0
4095
4095
0
0
0
0
0
0
0
0
0
0
0
0
0
0
4095
4095
0
0
0
0
0
0
0
0
0
0
0
0
0
0
4095
4095
0
0
0
0
0
0
0
0
0
0
0
0
0
0
4095
4095
0
0
0
0
0
0
0
0
0
0
0
0
0
0
4095
4095
0
0
0
0
0
0
0
0
0
0
0
0
0
0
4095
4095
0
0
0
0
0
0
0
0
0
0
0
0
0
0
4095
4095
0
0
0
0
0
0
0
0
0
0
0
0
0
0
4095
4095
0
0
0
0
0
0
0
0
0
0
0
0
0
0
4095
4095
0
0
0
0
0
0
0
0
0
0
0
0
0
0
4095
4095
0
0
0
0
0
0
0
0
0
0
0
0
0
0
4095
4095
0
0
0
0
0
0
0
0
0
0
0
0
0
0
4095
4095
0
0
0
0
0
0
0
0
0
0
0
0
0
0
4095
4095
0
0
0
0
0
0
0
0
0
0
0
0
0
0
4095
4095
0
0
0
0
0
0
0
0
0
0
0
0
0
0
4095
4095
0
0
0
0
0
0
0
0
0
0
0
0
0
0
4095
4095
0
0
0
0
0
0
0
0
0
0
0
0
0
0
4095
4095
0
0
0
0
0
0
0
0
0
0
0
0
0
0
4095
4095
0
0
0
0
0
0
0
0
0
0
0
0
0
0
4095
4095
0
0
0
0
0
0
0
0
0
0
0
0
0
0
4095
4095
0
0
0
0
0
0
0
0
0
0
0
0
0
0
4095
4095
0
0
0
0
0
0
0
0
0
0
0
0
0
0
4095
4095
0
0
0
0
0
0
0
0
0
0
0
0
0
0
4095
4095
0
0
0
0
0
0
0
0
0
0
0
0
0
0
4095
4095
0
0
0
0
0
0
0
0
0
0
0
0
0
0
4095
4095
0
0
0
0
0
0
0
0
0
0
0
0
0
0
4095
4095
0
0
0
0
0
0
0
0
0
0
0
0
0
0
4095
4095
0
0
0
0
0
0
0
0
0
0
0
0
0
0
4095
4095
0
0
0
0
0
0
0
0
0
0
0
0
0
0
4095
4095
0
0
0
0
0
0
0
0
0
0
0
0
0
0
4095
4095
0
0
0
0
0
0
0
0
0
0
0
0
0
0
4095
4095
0
0
0
0
0
0
0
0
0
0
0
0
0
0
4095
4095
0
0
0
0
0
0
0
0
0
0
0
0
0
0
4095
4095
0
0
0
0
0
0
0
0
0
0
0
0
0
0
4095
4095
0
0
0
0
0
0
0
0
0
0
0
0
0
0
4095
4095
0
0
0
0
0
0
0
0
0
0
0
0
0
0
4095
4095
0
0
0
0
0
0
0
0
0
0
0
0
0
0
4095
4095
0
0
0
0
0
0
0
0
0
0
0
0
0
0
4095
4095
0
0
0
0
0
0
0
0
0
0
0
0
0
0
4095
4095
0
0
0
0
0
0
0
0
0
0
0
0
0
0
4095
4095
0
0
0
0
0
0
0
0
0
0
0
0
0
0
4095
4095
0
0
0
0
0
0
0
0
0
0
0
0
0
0
4095
4095
0
0
0
0
0
0
0
0
0
0
0
0
0
0
4095
4095
0
0
0
0
0
0
0
0
0
0
0
0
0
0
4095
4095
0
0
0
0
0
0
0
0
0
0
0
0
0
0
4095
4095
0
0
0
0
0
0
0
0
0
0
0
0
0
0
4095
4095
0
0
0
0
0
0
0
0
0
0
0
0
0
0
4095
4095
0
0
0
0
0
0
0
0
0
0
0
0
0
0
4095
4095
0
0
0
0
0
0
0
0
0
0
0
0
0
0
4095
4095
0
0
0
0
0
0
0
0
0
0
0
0
0
0
4095
4095
0
0
0
0
0
0
0
0
0
0
0
0
0
0
4095
4095
0
0
0
0
0
0
0
0
0
0
0
0
0
0
4095
4095
0
0
0
0
0
0
0
0
0
0
0
0
0
0
4095
4095
0
0
0
0
0
0
0
0
0
0
0
0
0
0
4095
4095
0
0
0
0
0
0
0
0
0
0
0
0
0
0
4095
4095
0
0
0
0
0
0
0
0
0
0
0
0
0
0
4095
4095
0
0
0
0
0
0
0
0
0
0
0
0
0
0
4095
4095
0
0
0
0
0
0
0
0
0
0
0
0
0
0
4095
4095
0
0
0
0
0
0
0
0
0
0
0
0
0
0
4095
4095
0
0
0
0
0
0
0
0
0
0
0
0
0
0
4095
4095
0
0
0
0
0
0
0
0
0
0
0
0
0
0
4095
4095
0
0
0
0
0
0
0
0
0
0
0
0
0
0
4095
4095
0
0
0
0
0
0
0
0
0
0
0
0
0
0
4095
4095
0
0
0
0
0
0
0
0
0
0
0
0
0
0
4095
4095
0
0
0
0
0
0
0
0
0
0
0
0
0
0
4095
4095
0
0
0
0
0
0
0
0
0
0
0
0
0
0
4095
4095
0
0
0
0
0
0
0
0
0
0
0
0
0
0
4095
4095
0
0
0
0
0
0
0
0
0
0
0
0
0
0
4095
4095
0
0
0
0
0
0
0
0
0
0
0
0
0
0
4095
4095
0
0
0
0
0
0
0
0
0
0
0
0
0
0
4095
4095
0
0
0
0
0
0
0
0
0
0
0
0
0
0
4095
4095
0
0
0
0
0
0
0
0
0
0
0
0
0
0
4095
4095
0
0
0
0
0
0
0
0
0
0
0
0
0
0
4095
4095
0
0
0
0
0
0
0
0
0
0
0
0
0
0
4095
4095
0
0
0
0
0
0
0
0
0
0
0
0
0
0
4095
4095
0
0
0
0
0
0
0
0
0
0
0
0
0
0
4095
4095
0
0
0
0
0
0
0
0
0
0
0
0
0
0
4095
4095
0
0
0
0
0
0
0
0
0
0
0
0
0
0
4095
4095
0
0
0
0
0
0
0
0
0
0
0
0
0
0
4095
4095
0
0
0
0
0
0
0
0
0
0
0
0
0
0
4095
4095
0
0
0
0
0
0
0
0
0
0
0
0
0
0
4095
4095
0
0
0
0
0
0
0
0
0
0
0
0
0
0
4095
4095
0
0
0
0
0
0
0
0
0
0
0
0
0
0
4095
4095
0
0
0
0
0
0
0
0
0
0
0
0
0
0
4095
4095
0
0
0
0
0
0
0
0
0
0
0
0
0
0
4095
4095
0
0
0
0
0
0
0
0
0
0
0
0
0
0
4095
4095
0
0
0
0
0
0
0
0
0
0
0
0
0
0
4095
4095
0
0
0
0
0
0
0
0
0
0
0
0
0
0
4095
4095
0
0
0
0
0
0
0
0
0
0
0
0
0
0
4095
4095
0
0
0
0
0
0
0
0
0
0
0
0
0
0
4095
4095
0
0
0
0
0
0
0
0
0
0
0
0
0
0
4095
4095
0
0
0
0
0
0
0
0
0
0
0
0
0
0
4095
4095
0
0
0
0
0
0
0
0
0
0
0
0
0
0
4095
4095
0
0
0
0
0
0
0
0
0
0
0
0
0
0
4095
4095
0
0
0
0
0
0
0
0
0
0
0
0
0
0
4095
4095
0
0
0
0
0
0
0
0
0
0
0
0
0
0
4095
4095
0
0
0
0
0
0
0
0
0
0
0
0
0
0
4095
4095
0
0
0
0
0
0
0
0
0
0
0
0
0
0
4095
4095
0
0
0
0
0
0
0
0
0
0
0
0
0
0
4095
4095
0
0
0
0
0
0
0
0
0
0
0
0
0
0
4095
4095
0
0
0
0
0
0
0
0
0
0
0
0
0
0
4095
4095
0
0
0
0
0
0
0
0
0
0
0
0
0
0
4095
4095
0
0
0
0
0
0
0
0
0
0
0
0
0
0
4095
4095
0
0
0
0
0
0
0
0
0
0
0
0
0
0
4095
4095
0
0
0
0
0
0
0
0
0
0
0
0
0
0
4095
4095
0
0
0
0
0
0
0
0
0
0
0
0
0
0
4095
4095
0
0
0
0
0
0
0
0
0
0
0
0
0
0
4095
4095
0
0
0
0
0
0
0
0
0
0
0
0
0
0
4095
4095
0
0
0
0
0
0
0
0
0
0
0
0
0
0
4095
4095
0
0
0
0
0
0
0
0
0
0
0
0
0
0
4095
4095
0
0
0
0
0
0
0
0
0
0
0
0
0
0
4095
4095
0
0
0
0
0
0
0
0
0
0
0
0
0
0
4095
4095
0
0
0
0
0
0
0
0
0
0
0
0
0
0
4095
4095
0
0
0
0
0
0
0
0
0
0
0
0
0
0
4095
4095
0
0
0
0
0
0
0
0
0
0
0
0
0
0
4095
4095
0
0
0
0
0
0
0
0
0
0
0
0
0
0
4095
4095
0
0
0
0
0
0
0
0
0
0
0
0
0
0
4095
4095
0
0
0
0
0
0
0
0
0
0
0
0
0
0
4095
4095
0
0
0
0
0
0
0
0
0
0
0
0
0
0
4095
4095
0
0
0
0
0
0
0
0
0
0
0
0
0
0
4095
4095
0
0
0
0
0
0
0
0
0
0
0
0
0
0
4095
4095
0
0
0
0
0
0
0
0
0
0
0
0
0
0
4095
4095
0
0
0
0
0
0
0
0
0
0
0
0
0
0
4095
4095
0
0
0
0
0
0
0
0
0
0
0
0
0
0
4095
4095
0
0
0
0
0
0
0
0
0
0
0
0
0
0
4095
4095
0
0
0
0
0
0
0
0
0
0
0
0
0
0
4095
4095
0
0
0
0
0
0
0
0
0
0
0
0
0
0
4095
4095
0
0
0
0
0
0
0
0
0
0
0
0
0
0
4095
4095
0
0
0
0
0
0
0
0
0
0
0
0
0
0
4095
4095
0
0
0
0
0
0
0
0
0
0
0
0
0
0
4095
4095
0
0
0
0
0
0
0
0
0
0
0
0
0
0
4095
4095
0
0
0
0
0
0
0
0
0
0
0
0
0
0
4095
4095
0
0
0
0
0
0
0
0
0
0
0
0
0
0
4095
4095
0
0
0
0
0
0
0
0
0
0
0
0
0
0
4095
4095
0
0
0
0
0
0
0
0
0
0
0
0
0
0
4095
4095
0
0
0
0
0
0
0
0
0
0
0
0
0
0
4095
4095
0
0
0
0
0
0
0
0
0
0
0
0
0
0
4095
4095
0
0
0
0
0
0
0
0
0
0
0
0
0
0
4095
4095
0
0
0
0
0
0
0
0
0
0
0
0
0
0
4095
4095
0
0
0
0
0
0
0
0
0
0
0
0
0
0
4095
4095
0
0
0
0
0
0
0
0
0
0
0
0
0
0
4095
4095
0
0
0
0
0
0
0
0
0
0
0
0
0
0
4095
4095
0
0
0
0
0
0
0
0
0
0
0
0
0
0
4095
4095
0
0
0
0
0
0
0
0
0
0
0
0
0
0
4095
4095
0
0
0
0
0
0
0
0
0
0
0
0
0
0
4095
4095
0
0
0
0
0
0
0
0
0
0
0
0
0
0
4095
4095
0
0
0
0
0
0
0
0
0
0
0
0
0
0
4095
4095
0
0
0
0
0
0
0
0
0
0
0
0
0
0
4095
4095
0
0
0
0
0
0
0
0
0
0
0
0
0
0
4095
4095
0
0
0
0
0
0
0
0
0
0
0
0
0
0
4095
4095
0
0
0
0
0
0
0
0
0
0
0
0
0
0
4095
4095
0
0
0
0
0
0
0
0
0
0
0
0
0
0
4095
4095
0
0
0
0
0
0
0
0
0
0
0
0
0
0
4095
4095
0
0
0
0
0
0
0
0
0
0
0
0
0
0
4095
4095
0
0
0
0
0
0
0
0
0
0
0
0
0
0
4095
4095
0
0
0
0
0
0
0
0
0
0
0
0
0
0
4095
4095
0
0
0
0
0
0
0
0
0
0
0
0
0
0
4095
4095
0
0
0
0
0
0
0
0
0
0
0
0
0
0
4095
4095
0
0
0
0
0
0
0
0
0
0
0
0
0
0
4095
4095
0
0
0
0
0
0
0
0
0
0
0
0
0
0
4095
4095
0
0
0
0
0
0
0
0
0
0
0
0
0
0
4095
4095
0
0
0
0
0
0
0
0
0
0
0
0
0
0
4095
4095
0
0
0
0
0
0
0
0
0
0
0
0
0
0
4095
4095
0
0
0
0
0
0
0
0
0
0
0
0
0
0
4095
4095
0
0
0
0
0
0
0
0
0
0
0
0
0
0
4095
4095
0
0
0
0
0
0
0
0
0
0
0
0
0
0
4095
4095
0
0
0
0
0
0
0
0
0
0
0
0
0
0
4095
4095
0
0
0
0
0
0
0
0
0
0
0
0
0
0
4095
4095
0
0
0
0
0
0
0
0
0
0
0
0
0
0
4095
4095
0
0
0
0
0
0
0
0
0
0
0
0
0
0
4095
4095
0
0
0
0
0
0
0
0
0
0
0
0
0
0
4095
4095
0
0
0
0
0
0
0
0
0
0
0
0
0
0
4095
4095
0
0
0
0
0
0
0
0
0
0
0
0
0
0
4095
4095
0
0
0
0
0
0
0
0
0
0
0
0
0
0
4095
4095
0
0
0
0
0
0
0
0
0
0
0
0
0
0
4095
4095
0
0
0
0
0
0
0
0
0
0
0
0
0
0
4095
4095
0
0
0
0
0
0
0
0
0
0
0
0
0
0
4095
4095
0
0
0
0
0
0
0
0
0
0
0
0
0
0
4095
4095
0
0
0
0
0
0
0
0
0
0
0
0
0
0
4095
4095
0
0
0
0
0
0
0
0
0
0
0
0
0
0
4095
4095
0
0
0
0
0
0
0
0
0
0
0
0
0
0
4095
4095
0
0
0
0
0
0
0
0
0
0
0
0
0
0
4095
4095
0
0
0
0
0
0
0
0
0
0
0
0
0
0
4095
4095
0
0
0
0
0
0
0
0
0
0
0
0
0
0
4095
4095
0
0
0
0
0
0
0
0
0
0
0
0
0
0
4095
4095
0
0
0
0
0
0
0
0
0
0
0
0
0
0
4095
4095
0
0
0
0
0
0
0
0
0
0
0
0
0
0
4095
4095
0
0
0
0
0
0
0
0
0
0
0
0
0
0
4095
4095
0
0
0
0
0
0
0
0
0
0
0
0
0
0
4095
4095
0
0
0
0
0
0
0
0
0
0
0
0
0
0
4095
4095
0
0
0
0
0
0
0
0
0
0
0
0
0
0
4095
4095
0
0
0
0
0
0
0
0
0
0
0
0
0
0
4095
4095
0
0
0
0
0
0
0
0
0
0
0
0
0
0
4095
4095
0
0
0
0
0
0
0
0
0
0
0
0
0
0
4095
4095
0
0
0
0
0
0
0
0
0
0
0
0
0
0
4095
4095
0
0
0
0
0
0
0
0
0
0
0
0
0
0
4095
4095
0
0
0
0
0
0
0
0
0
0
0
0
0
0
4095
4095
0
0
0
0
0
0
0
0
0
0
0
0
0
0
4095
4095
0
0
0
0
0
0
0
0
0
0
0
0
0
0
4095
4095
0
0
0
0
0
0
0
0
0
0
0
0
0
0
4095
4095
0
0
0
0
0
0
0
0
0
0
0
0
0
0
4095
4095
0
0
0
0
0
0
0
0
0
0
0
0
0
0
4095
4095
0
0
0
0
0
0
0
0
0
0
0
0
0
0
4095
4095
0
0
0
0
0
0
0
0
0
0
0
0
0
0
4095
4095
0
0
0
0
0
0
0
0
0
0
0
0
0
0
4095
4095
0
0
0
0
0
0
0
0
0
0
0
0
0
0
4095
4095
0
0
0
0
0
0
0
0
0
0
0
0
0
0
4095
4095
0
0
0
0
0
0
0
0
0
0
0
0
0
0
4095
4095
0
0
0
0
0
0
0
0
0
0
0
0
0
0
4095
4095
0
0
0
0
0
0
0
0
0
0
0
0
0
0
4095
4095
0
0
0
0
0
0
0
0
0
0
0
0
0
0
4095
4095
0
0
0
0
0
0
0
0
0
0
0
0
0
0
4095
4095
0
0
0
0
0
0
0
0
0
0
0
0
0
0
4095
4095
0
0
0
0
0
0
0
0
0
0
0
0
0
0
4095
4095
0
0
0
0
0
0
0
0
0
0
0
0
0
0
4095
4095
0
0
0
0
0
0
0
0
0
0
0
0
0
0
4095
4095
0
0
0
0
0
0
0
0
0
0
0
0
0
0
4095
4095
0
0
0
0
0
0
0
0
0
0
0
0
0
0
4095
4095
0
0
0
0
0
0
0
0
0
0
0
0
0
0
4095
4095
0
0
0
0
0
0
0
0
0
0
0
0
0
0
4095
4095
0
0
0
0
0
0
0
0
0
0
0
0
0
0
4095
4095
0
0
0
0
0
0
0
0
0
0
0
0
0
0
4095
4095
0
0
0
0
0
0
0
0
0
0
0
0
0
0
4095
4095
0
0
0
0
0
0
0
0
0
0
0
0
0
0
4095
4095
0
0
0
0
0
0
0
0
0
0
0
0
0
0
4095
4095
0
0
0
0
0
0
0
0
0
0
0
0
0
0
4095
4095
0
0
0
0
0
0
0
0
0
0
0
0
0
0
4095
4095
0
0
0
0
0
0
0
0
0
0
0
0
0
0
4095
4095
0
0
0
0
0
0
0
0
0
0
0
0
0
0
4095
4095
0
0
0
0
0
0
0
0
0
0
0
0
0
0
4095
4095
0
0
0
0
0
0
0
0
0
0
0
0
0
0
4095
4095
0
0
0
0
0
0
0
0
0
0
0
0
0
0
4095
4095
0
0
0
0
0
0
0
0
0
0
0
0
0
0
4095
4095
0
0
0
0
0
0
0
0
0
0
0
0
0
0
4095
4095
0
0
0
0
0
0
0
0
0
0
0
0
0
0
4095
4095
0
0
0
0
0
0
0
0
0
0
0
0
0
0
4095
4095
0
0
0
0
0
0
0
0
0
0
0
0
0
0
4095
4095
0
0
0
0
0
0
0
0
0
0
0
0
0
0
4095
4095
0
0
0
0
0
0
0
0
0
0
0
0
0
0
4095
4095
0
0
0
0
0
0
0
0
0
0
0
0
0
0
4095
4095
0
0
0
0
0
0
0
0
0
0
0
0
0
0
4095
4095
0
0
0
0
0
0
0
0
0
0
0
0
0
0
4095
4095
0
0
0
0
0
0
0
0
0
0
0
0
0
0
4095
4095
0
0
0
0
0
0
0
0
0
0
0
0
0
0
4095
4095
0
0
0
0
0
0
0
0
0
0
0
0
0
0
4095
4095
0
0
0
0
0
0
0
0
0
0
0
0
0
0
4095
4095
0
0
0
0
0
0
0
0
0
0
0
0
0
0
4095
4095
0
0
0
0
0
0
0
0
0
0
0
0
0
0
4095
4095
0
0
0
0
0
0
0
0
0
0
0
0
0
0
4095
4095
0
0
0
0
0
0
0
0
0
0
0
0
0
0
4095
4095
0
0
0
0
0
0
0
0
0
0
0
0
0
0
4095
4095
0
0
0
0
0
0
0
0
0
0
0
0
0
0
4095
4095
0
0
0
0
0
0
0
0
0
0
0
0
0
0
4095
4095
0
0
0
0
0
0
0
0
0
0
0
0
0
0
4095
4095
0
0
0
0
0
0
0
0
0
0
0
0
0
0
4095
4095
0
0
0
0
0
0
0
0
0
0
0
0
0
0
4095
4095
0
0
0
0
0
0
0
0
0
0
0
0
0
0
4095
4095
0
0
0
0
0
0
0
0
0
0
0
0
0
0
4095
4095
0
0
0
0
0
0
0
0
0
0
0
0
0
0
4095
4095
0
0
0
0
0
0
0
0
0
0
0
0
0
0
4095
4095
0
0
0
0
0
0
0
0
0
0
0
0
0
0
4095
4095
0
0
0
0
0
0
0
0
0
0
0
0
0
0
4095
4095
0
0
0
0
0
0
0
0
0
0
0
0
0
0
4095
4095
0
0
0
0
0
0
0
0
0
0
0
0
0
0
4095
4095
0
0
0
0
0
0
0
0
0
0
0
0
0
0
4095
4095
0
0
0
0
0
0
0
0
0
0
0
0
0
0
4095
4095
0
0
0
0
0
0
0
0
0
0
0
0
0
0
4095
4095
0
0
0
0
0
0
0
0
0
0
0
0
0
0
4095
4095
0
0
0
0
0
0
0
0
0
0
0
0
0
0
4095
4095
0
0
0
0
0
0
0
0
0
0
0
0
0
0
4095
4095
0
0
0
0
0
0
0
0
0
0
0
0
0
0
4095
4095
0
0
0
0
0
0
0
0
0
0
0
0
0
0
4095
4095
0
0
0
0
0
0
0
0
0
0
0
0
0
0
4095
4095
0
0
0
0
0
0
0
0
0
0
0
0
0
0
4095
4095
0
0
0
0
0
0
0
0
0
0
0
0
0
0
4095
4095
0
0
0
0
0
0
0
0
0
0
0
0
0
0
4095
4095
0
0
0
0
0
0
0
0
0
0
0
0
0
0
4095
4095
0
0
0
0
0
0
0
0
0
0
0
0
0
0
4095
4095
0
0
0
0
0
0
0
0
0
0
0
0
0
0
4095
4095
0
0
0
0
0
0
0
0
0
0
0
0
0
0
4095
4095
0
0
0
0
0
0
0
0
0
0
0
0
0
0
4095
4095
0
0
0
0
0
0
0
0
0
0
0
0
0
0
4095
4095
0
0
0
0
0
0
0
0
0
0
0
0
0
0
4095
4095
0
0
0
0
0
0
0
0
0
0
0
0
0
0
4095
4095
0
0
0
0
0
0
0
0
0
0
0
0
0
0
4095
4095
0
0
0
0
0
0
0
0
0
0
0
0
0
0
4095
4095
0
0
0
0
0
0
0
0
0
0
0
0
0
0
4095
4095
0
0
0
0
0
0
0
0
0
0
0
0
0
0
4095
4095
0
0
0
0
0
0
0
0
0
0
0
0
0
0
4095
4095
0
0
0
0
0
0
0
0
0
0
0
0
0
0
4095
4095
0
0
0
0
0
0
0
0
0
0
0
0
0
0
4095
4095
0
0
0
0
0
0
0
0
0
0
0
0
0
0
4095
4095
0
0
0
0
0
0
0
0
0
0
0
0
0
0
4095
4095
0
0
0
0
0
0
0
0
0
0
0
0
0
0
4095
4095
0
0
0
0
0
0
0
0
0
0
0
0
0
0
4095
4095
0
0
0
0
0
0
0
0
0
0
0
0
0
0
4095
4095
0
0
0
0
0
0
0
0
0
0
0
0
0
0
4095
4095
0
0
0
0
0
0
0
0
0
0
0
0
0
0
4095
4095
0
0
0
0
0
0
0
0
0
0
0
0
0
0
4095
4095
0
0
0
0
0
0
0
0
0
0
0
0
0
0
4095
4095
0
0
0
0
0
0
0
0
0
0
0
0
0
0
4095
4095
0
0
0
0
0
0
0
0
0
0
0
0
0
0
4095
4095
0
0
0
0
0
0
0
0
0
0
0
0
0
0
4095
4095
0
0
0
0
0
0
0
0
0
0
0
0
0
0
4095
4095
0
0
0
0
0
0
0
0
0
0
0
0
0
0
4095
4095
0
0
0
0
0
0
0
0
0
0
0
0
0
0
4095
4095
0
0
0
0
0
0
0
0
0
0
0
0
0
0
4095
4095
0
0
0
0
0
0
0
0
0
0
0
0
0
0
4095
4095
0
0
0
0
0
0
0
0
0
0
0
0
0
0
4095
4095
0
0
0
0
0
0
0
0
0
0
0
0
0
0
4095
4095
0
0
0
0
0
0
0
0
0
0
0
0
0
0
4095
4095
0
0
0
0
0
0
0
0
0
0
0
0
0
0
4095
4095
0
0
0
0
0
0
0
0
0
0
0
0
0
0
4095
4095
0
0
0
0
0
0
0
0
0
0
0
0
0
0
4095
4095
0
0
0
0
0
0
0
0
0
0
0
0
0
0
4095
4095
0
0
0
0
0
0
0
0
0
0
0
0
0
0
4095
4095
0
0
0
0
0
0
0
0
0
0
0
0
0
0
4095
4095
0
0
0
0
0
0
0
0
0
0
0
0
0
0
4095
4095
0
0
0
0
0
0
0
0
0
0
0
0
0
0
4095
4095
0
0
0
0
0
0
0
0
0
0
0
0
0
0
4095
4095
0
0
0
0
0
0
0
0
0
0
0
0
0
0
4095
4095
0
0
0
0
0
0
0
0
0
0
0
0
0
0
4095
4095
0
0
0
0
0
0
0
0
0
0
0
0
0
0
4095
4095
0
0
0
0
0
0
0
0
0
0
0
0
0
0
4095
4095
0
0
0
0
0
0
0
0
0
0
0
0
0
0
4095
4095
0
0
0
0
0
0
0
0
0
0
0
0
0
0
4095
4095
0
0
0
0
0
0
0
0
0
0
0
0
0
0
4095
4095
0
0
0
0
0
0
0
0
0
0
0
0
0
0
4095
4095
0
0
0
0
0
0
0
0
0
0
0
0
0
0
4095
4095
0
0
0
0
0
0
0
0
0
0
0
0
0
0
4095
4095
0
0
0
0
0
0
0
0
0
0
0
0
0
0
4095
4095
0
0
0
0
0
0
0
0
0
0
0
0
0
0
4095
4095
0
0
0
0
0
0
0
0
0
0
0
0
0
0
4095
4095
0
0
0
0
0
0
0
0
0
0
0
0
0
0
4095
4095
0
0
0
0
0
0
0
0
0
0
0
0
0
0
4095
4095
0
0
0
0
0
0
0
0
0
0
0
0
0
0
4095
4095
0
0
0
0
0
0
0
0
0
0
0
0
0
0
4095
4095
0
0
0
0
0
0
0
0
0
0
0
0
0
0
4095
4095
0
0
0
0
0
0
0
0
0
0
0
0
0
0
4095
4095
0
0
0
0
0
0
0
0
0
0
0
0
0
0
4095
4095
0
0
0
0
0
0
0
0
0
0
0
0
0
0
4095
4095
0
0
0
0
0
0
0
0
0
0
0
0
0
0
4095
4095
0
0
0
0
0
0
0
0
0
0
0
0
0
0
4095
4095
0
0
0
0
0
0
0
0
0
0
0
0
0
0
4095
4095
0
0
0
0
0
0
0
0
0
0
0
0
0
0
4095
4095
0
0
0
0
0
0
0
0
0
0
0
0
0
0
4095
4095
0
0
0
0
0
0
0
0
0
0
0
0
0
0
4095
4095
0
0
0
0
0
0
0
0
0
0
0
0
0
0
4095
4095
0
0
0
0
0
0
0
0
0
0
0
0
0
0
4095
4095
0
0
0
0
0
0
0
0
0
0
0
0
0
0
4095
4095
0
0
0
0
0
0
0
0
0
0
0
0
0
0
4095
4095
0
0
0
0
0
0
0
0
0
0
0
0
0
0
4095
4095
0
0
0
0
0
0
0
0
0
0
0
0
0
0
4095
4095
0
0
0
0
0
0
0
0
0
0
0
0
0
0
4095
4095
0
0
0
0
0
0
0
0
0
0
0
0
0
0
4095
4095
0
0
0
0
0
0
0
0
0
0
0
0
0
0
4095
4095
0
0
0
0
0
0
0
0
0
0
0
0
0
0
4095
4095
0
0
0
0
0
0
0
0
0
0
0
0
0
0
4095
4095
0
0
0
0
0
0
0
0
0
0
0
0
0
0
4095
4095
0
0
0
0
0
0
0
0
0
0
0
0
0
0
4095
4095
0
0
0
0
0
0
0
0
0
0
0
0
0
0
4095
4095
0
0
0
0
0
0
0
0
0
0
0
0
0
0
4095
4095
0
0
0
0
0
0
0
0
0
0
0
0
0
0
4095
4095
0
0
0
0
0
0
0
0
0
0
0
0
0
0
4095
4095
0
0
0
0
0
0
0
0
0
0
0
0
0
0
4095
4095
0
0
0
0
0
0
0
0
0
0
0
0
0
0
4095
4095
0
0
0
0
0
0
0
0
0
0
0
0
0
0
4095
4095
0
0
0
0
0
0
0
0
0
0
0
0
0
0
4095
4095
0
0
0
0
0
0
0
0
0
0
0
0
0
0
4095
4095
0
0
0
0
0
0
0
0
0
0
0
0
0
0
4095
4095
0
0
0
0
0
0
0
0
0
0
0
0
0
0
4095
4095
0
0
0
0
0
0
0
0
0
0
0
0
0
0
4095
4095
0
0
0
0
0
0
0
0
0
0
0
0
0
0
4095
4095
0
0
0
0
0
0
0
0
0
0
0
0
0
0
4095
4095
0
0
0
0
0
0
0
0
0
0
0
0
0
0
4095
4095
0
0
0
0
0
0
0
0
0
0
0
0
0
0
4095
4095
0
0
0
0
0
0
0
0
0
0
0
0
0
0
4095
4095
0
0
0
0
0
0
0
0
0
0
0
0
0
0
4095
4095
0
0
0
0
0
0
0
0
0
0
0
0
0
0
4095
4095
0
0
0
0
0
0
0
0
0
0
0
0
0
0
4095
4095
0
0
0
0
0
0
0
0
0
0
0
0
0
0
4095
4095
0
0
0
0
0
0
0
0
0
0
0
0
0
0
4095
4095
0
0
0
0
0
0
0
0
0
0
0
0
0
0
4095
4095
0
0
0
0
0
0
0
0
0
0
0
0
0
0
4095
4095
0
0
0
0
0
0
0
0
0
0
0
0
0
0
4095
4095
0
0
0
0
0
0
0
0
0
0
0
0
0
0
4095
4095
0
0
0
0
0
0
0
0
0
0
0
0
0
0
4095
4095
0
0
0
0
0
0
0
0
0
0
0
0
0
0
4095
4095
0
0
0
0
0
0
0
0
0
0
0
0
0
0
4095
4095
0
0
0
0
0
0
0
0
0
0
0
0
0
0
4095
4095
0
0
0
0
0
0
0
0
0
0
0
0
0
0
4095
4095
0
0
0
0
0
0
0
0
0
0
0
0
0
0
4095
4095
0
0
0
0
0
0
0
0
0
0
0
0
0
0
4095
4095
0
0
0
0
0
0
0
0
0
0
0
0
0
0
4095
4095
0
0
0
0
0
0
0
0
0
0
0
0
0
0
4095
4095
0
0
0
0
0
0
0
0
0
0
0
0
0
0
4095
4095
0
0
0
0
0
0
0
0
0
0
0
0
0
0
4095
4095
0
0
0
0
0
0
0
0
0
0
0
0
0
0
4095
4095
0
0
0
0
0
0
0
0
0
0
0
0
0
0
4095
4095
0
0
0
0
0
0
0
0
0
0
0
0
0
0
4095
4095
0
0
0
0
0
0
0
0
0
0
0
0
0
0
