0
4095
0
0
0
0
0
0
0
4095
0
0
0
0
0
0
0
4095
0
0
0
0
0
0
0
4095
0
0
0
0
0
0
0
4095
0
0
0
0
0
0
0
4095
0
0
0
0
0
0
0
4095
0
0
0
0
0
0
0
4095
0
0
0
0
0
0
0
4095
0
0
0
0
0
0
0
4095
0
0
0
0
0
0
0
4095
0
0
0
0
0
0
0
4095
0
0
0
0
0
0
0
4095
0
0
0
0
0
0
0
4095
0
0
0
0
0
0
0
4095
0
0
0
0
0
0
0
4095
0
0
0
0
0
0
0
4095
0
0
0
0
0
0
0
4095
0
0
0
0
0
0
0
4095
0
0
0
0
0
0
0
4095
0
0
0
0
0
0
0
4095
0
0
0
0
0
0
0
4095
0
0
0
0
0
0
0
4095
0
0
0
0
0
0
0
4095
0
0
0
0
0
0
4090
4094
0
0
0
0
0
0
36
4048
0
0
0
0
0
0
96
3994
0
0
0
0
0
0
114
3981
0
0
0
0
0
0
105
3992
0
0
0
0
0
0
81
4009
0
0
0
0
0
0
101
3982
0
0
0
0
0
0
165
3926
0
0
0
0
0
0
178
3925
0
0
0
0
0
0
116
3986
0
0
0
0
0
0
60
4023
0
0
0
0
0
0
127
3946
0
0
0
0
0
0
250
3841
0
0
0
0
0
0
262
3857
0
0
0
0
0
0
103
4012
0
0
0
0
0
0
4069
7
0
0
0
0
0
0
86
3966
0
0
0
0
0
0
337
3750
0
0
0
0
0
0
365
3774
0
0
0
0
0
0
77
4054
0
0
0
0
0
0
3952
116
0
0
0
0
0
0
25
4005
0
0
0
0
0
0
415
3666
0
0
0
0
0
0
470
3691
0
0
0
0
0
0
40
19
0
0
0
0
0
0
3775
279
0
0
0
0
0
0
4042
4051
0
0
0
0
0
0
528
3547
0
0
0
0
0
0
605
3587
0
0
0
0
0
0
4076
102
0
0
0
0
0
0
3582
454
0
0
0
0
0
0
3969
4085
0
0
0
0
0
0
697
3370
0
0
0
0
0
0
812
3415
0
0
0
0
0
0
4065
145
0
0
0
0
0
0
3382
638
0
0
0
0
0
0
3881
35
0
0
0
0
0
0
872
3185
0
0
0
0
0
0
1041
3228
0
0
0
0
0
0
4029
219
0
0
0
0
0
0
3124
878
0
0
0
0
0
0
3752
112
0
0
0
0
0
0
1059
2990
0
0
0
0
0
0
1255
3059
0
0
0
0
0
0
3951
336
0
0
0
0
0
0
2818
1158
0
0
0
0
0
0
3624
184
0
0
0
0
0
0
1274
2761
0
0
0
0
0
0
1539
2828
0
0
0
0
0
0
3896
437
0
0
0
0
0
0
2495
1457
0
0
0
0
0
0
3465
280
0
0
0
0
0
0
1499
2525
0
0
0
0
0
0
1815
2607
0
0
0
0
0
0
3826
554
0
0
0
0
0
0
2154
1769
0
0
0
0
0
0
3327
350
0
0
0
0
0
0
1780
2226
0
0
0
0
0
0
2171
2311
0
0
0
0
0
0
3799
632
0
0
0
0
0
0
1823
2067
0
0
0
0
0
0
3209
392
0
0
0
0
0
0
2121
1872
0
0
0
0
0
0
2566
1986
0
0
0
0
0
0
3748
743
0
0
0
0
0
0
1418
2442
0
0
0
0
0
0
3018
506
0
0
0
0
0
0
2401
1577
0
0
0
0
0
0
2914
1709
0
0
0
0
0
0
3650
903
0
0
0
0
0
0
961
2864
0
0
0
0
0
0
2807
628
0
0
0
0
0
0
2735
1220
0
0
0
0
0
0
3358
1339
0
0
0
0
0
0
3616
1002
0
0
0
0
0
0
538
3252
0
0
0
0
0
0
2630
714
0
0
0
0
0
0
3112
827
0
0
0
0
0
0
3798
984
0
0
0
0
0
0
3522
1171
0
0
0
0
0
0
11
3743
0
0
0
0
0
0
2357
893
0
0
0
0
0
0
3423
495
0
0
0
0
0
0
112
659
0
0
0
0
0
0
3391
1377
0
0
0
0
0
0
3546
162
0
0
0
0
0
0
2103
1042
0
0
0
0
0
0
3806
90
0
0
0
0
0
0
597
263
0
0
0
0
0
0
3310
1536
0
0
0
0
0
0
3010
655
0
0
0
0
0
0
1866
1171
0
0
0
0
0
0
135
3737
0
0
0
0
0
0
1138
3917
0
0
0
0
0
0
3220
1708
0
0
0
0
0
0
2433
1185
0
0
0
0
0
0
1620
1303
0
0
0
0
0
0
585
3263
0
0
0
0
0
0
1686
3466
0
0
0
0
0
0
3150
1863
0
0
0
0
0
0
1860
1712
0
0
0
0
0
0
1361
1445
0
0
0
0
0
0
1035
2789
0
0
0
0
0
0
2246
3012
0
0
0
0
0
0
3042
2063
0
0
0
0
0
0
1211
2311
0
0
0
0
0
0
1063
1621
0
0
0
0
0
0
1487
2313
0
0
0
0
0
0
2811
2555
0
0
0
0
0
0
2915
2285
0
0
0
0
0
0
538
2933
0
0
0
0
0
0
741
1814
0
0
0
0
0
0
1959
1810
0
0
0
0
0
0
3421
2058
0
0
0
0
0
0
2810
2487
0
0
0
0
0
0
3960
3551
0
0
0
0
0
0
453
1968
0
0
0
0
0
0
1587
2650
0
0
0
0
0
0
4078
1518
0
0
0
0
0
0
1649
3468
0
0
0
0
0
0
3260
103
0
0
0
0
0
0
207
2143
0
0
0
0
0
0
3247
826
0
0
0
0
0
0
3384
2426
0
0
0
0
0
0
1369
4053
0
0
0
0
0
0
3781
3321
0
0
0
0
0
0
376
1651
0
0
0
0
0
0
1395
2402
0
0
0
0
0
0
3457
2308
0
0
0
0
0
0
1988
3402
0
0
0
0
0
0
785
2419
0
0
0
0
0
0
2713
3547
0
0
0
0
0
0
3849
137
0
0
0
0
0
0
2420
3713
0
0
0
0
0
0
901
636
0
0
0
0
0
0
3128
3894
0
0
0
0
0
0
716
869
0
0
0
0
0
0
2930
825
0
0
0
0
0
0
589
1543
0
0
0
0
0
0
1909
3716
0
0
0
0
0
0
3765
3228
0
0
0
0
0
0
2082
3876
0
0
0
0
0
0
282
3472
0
0
0
0
0
0
3902
2500
0
0
0
0
0
0
2246
3513
0
0
0
0
0
0
1553
1244
0
0
0
0
0
0
1986
3821
0
0
0
0
0
0
69
3619
0
0
0
0
0
0
724
1730
0
0
0
0
0
0
1684
84
0
0
0
0
0
0
776
1961
0
0
0
0
0
0
1367
174
0
0
0
0
0
0
682
2971
0
0
0
0
0
0
1371
1222
0
0
0
0
0
0
1537
355
0
0
0
0
0
0
3937
2828
0
0
0
0
0
0
939
437
0
0
0
0
0
0
341
3772
0
0
0
0
0
0
2122
613
0
0
0
0
0
0
554
1535
0
0
0
0
0
0
3059
3638
0
0
0
0
0
0
3521
1765
0
0
0
0
0
0
967
3110
0
0
0
0
0
0
2177
681
0
0
0
0
0
0
411
1807
0
0
0
0
0
0
1761
753
0
0
0
0
0
0
3123
1988
0
0
0
0
0
0
2600
1289
0
0
0
0
0
0
3028
4079
0
0
0
0
0
0
3913
2375
0
0
0
0
0
0
858
1585
0
0
0
0
0
0
261
475
0
0
0
0
0
0
3274
578
0
0
0
0
0
0
2659
450
0
0
0
0
0
0
3779
2640
0
0
0
0
0
0
3476
2965
0
0
0
0
0
0
3948
706
0
0
0
0
0
0
3692
109
0
0
0
0
0
0
3508
3852
0
0
0
0
0
0
3530
3022
0
0
0
0
0
0
2538
3832
0
0
0
0
0
0
3458
1013
0
0
0
0
0
0
266
3497
0
0
0
0
0
0
241
3181
0
0
0
0
0
0
3368
3320
0
0
0
0
0
0
1569
627
0
0
0
0
0
0
3030
1256
0
0
0
0
0
0
964
2760
0
0
0
0
0
0
1113
2472
0
0
0
0
0
0
3203
3624
0
0
0
0
0
0
594
1530
0
0
0
0
0
0
2565
1534
0
0
0
0
0
0
1646
2037
0
0
0
0
0
0
1982
1765
0
0
0
0
0
0
3039
3928
0
0
0
0
0
0
3717
2425
0
0
0
0
0
0
2126
1784
0
0
0
0
0
0
2359
1283
0
0
0
0
0
0
2883
1028
0
0
0
0
0
0
2893
123
0
0
0
0
0
0
2719
3347
0
0
0
0
0
0
1662
2059
0
0
0
0
0
0
3060
540
0
0
0
0
0
0
3774
305
0
0
0
0
0
0
2719
441
0
0
0
0
0
0
1704
188
0
0
0
0
0
0
1189
2340
0
0
0
0
0
0
3763
3893
0
0
0
0
0
0
563
3682
0
0
0
0
0
0
2546
756
0
0
0
0
0
0
1599
3813
0
0
0
0
0
0
736
2597
0
0
0
0
0
0
1228
2217
0
0
0
0
0
0
1490
2925
0
0
0
0
0
0
3496
4068
0
0
0
0
0
0
571
666
0
0
0
0
0
0
995
2165
0
0
0
0
0
0
1959
1441
0
0
0
0
0
0
2840
1757
0
0
0
0
0
0
3385
229
0
0
0
0
0
0
3905
1359
0
0
0
0
0
0
579
2388
0
0
0
0
0
0
1915
1946
0
0
0
0
0
0
3773
1000
0
0
0
0
0
0
2182
1299
0
0
0
0
0
0
2857
2327
0
0
0
0
0
0
182
2648
0
0
0
0
0
0
2646
1171
0
0
0
0
0
0
3401
1635
0
0
0
0
0
0
2021
1611
0
0
0
0
0
0
2191
3112
0
0
0
0
0
0
3808
2919
0
0
0
0
0
0
1345
2123
0
0
0
0
0
0
237
879
0
0
0
0
0
0
1333
2493
0
0
0
0
0
0
1126
2
0
0
0
0
0
0
1667
843
0
0
0
0
0
0
2049
1375
0
0
0
0
0
0
2520
2916
0
0
0
0
0
0
1160
2812
0
0
0
0
0
0
792
284
0
0
0
0
0
0
1219
1090
0
0
0
0
0
0
3168
228
0
0
0
0
0
0
3498
2114
0
0
0
0
0
0
107
908
0
0
0
0
0
0
1139
3373
0
0
0
0
0
0
3694
1021
0
0
0
0
0
0
1886
3697
0
0
0
0
0
0
1852
4021
0
0
0
0
0
0
2504
3961
0
0
0
0
0
0
1048
3398
0
0
0
0
0
0
3461
3540
0
0
0
0
0
0
3913
2411
0
0
0
0
0
0
540
1212
0
0
0
0
0
0
3570
2243
0
0
0
0
0
0
3863
1022
0
0
0
0
0
0
2765
4091
0
0
0
0
0
0
105
2166
0
0
0
0
0
0
1927
4001
0
0
0
0
0
0
2490
3465
0
0
0
0
0
0
644
4079
0
0
0
0
0
0
3860
494
0
0
0
0
0
0
2173
3224
0
0
0
0
0
0
593
2295
0
0
0
0
0
0
712
2040
0
0
0
0
0
0
3842
4086
0
0
0
0
0
0
3699
393
0
0
0
0
0
0
3343
2505
0
0
0
0
0
0
1216
1941
0
0
0
0
0
0
3907
3284
0
0
0
0
0
0
3907
71
0
0
0
0
0
0
401
3570
0
0
0
0
0
0
2408
3108
0
0
0
0
0
0
2357
643
0
0
0
0
0
0
3409
3981
0
0
0
0
0
0
1035
2458
0
0
0
0
0
0
2474
1381
0
0
0
0
0
0
3445
2074
0
0
0
0
0
0
1978
4050
0
0
0
0
0
0
1300
2684
0
0
0
0
0
0
1359
3213
0
0
0
0
0
0
3424
1565
0
0
0
0
0
0
138
2439
0
0
0
0
0
0
2263
3871
0
0
0
0
0
0
566
3663
0
0
0
0
0
0
2200
2100
0
0
0
0
0
0
3981
573
0
0
0
0
0
0
1627
1125
0
0
0
0
0
0
3422
3131
0
0
0
0
0
0
3139
3922
0
0
0
0
0
0
3881
755
0
0
0
0
0
0
2801
1800
0
0
0
0
0
0
2652
30
0
0
0
0
0
0
2204
408
0
0
0
0
0
0
3451
75
0
0
0
0
0
0
2485
1890
0
0
0
0
0
0
4061
360
0
0
0
0
0
0
2360
449
0
0
0
0
0
0
2363
225
0
0
0
0
0
0
3340
129
0
0
0
0
0
0
3
0
0
0
0
0
0
0
3945
4062
0
0
0
0
0
0
108
2539
0
0
0
0
0
0
3499
3582
0
0
0
0
0
0
1726
1821
0
0
0
0
0
0
2717
1225
0
0
0
0
0
0
2795
895
0
0
0
0
0
0
111
115
0
0
0
0
0
0
2345
2987
0
0
0
0
0
0
1828
1710
0
0
0
0
0
0
3046
4066
0
0
0
0
0
0
3309
3248
0
0
0
0
0
0
788
3763
0
0
0
0
0
0
3423
2207
0
0
0
0
0
0
913
3086
0
0
0
0
0
0
1325
1623
0
0
0
0
0
0
1122
1051
0
0
0
0
0
0
858
3635
0
0
0
0
0
0
1665
3854
0
0
0
0
0
0
421
3700
0
0
0
0
0
0
1165
1970
0
0
0
0
0
0
507
1478
0
0
0
0
0
0
2536
1709
0
0
0
0
0
0
2416
3257
0
0
0
0
0
0
1446
2921
0
0
0
0
0
0
168
2890
0
0
0
0
0
0
3398
2620
0
0
0
0
0
0
3182
1027
0
0
0
0
0
0
3873
2164
0
0
0
0
0
0
1298
3201
0
0
0
0
0
0
1413
1274
0
0
0
0
0
0
2955
2886
0
0
0
0
0
0
3362
851
0
0
0
0
0
0
592
1501
0
0
0
0
0
0
455
3758
0
0
0
0
0
0
512
2106
0
0
0
0
0
0
651
904
0
0
0
0
0
0
4008
168
0
0
0
0
0
0
3220
3166
0
0
0
0
0
0
322
4020
0
0
0
0
0
0
690
1898
0
0
0
0
0
0
242
1142
0
0
0
0
0
0
1106
3058
0
0
0
0
0
0
4012
2520
0
0
0
0
0
0
3392
1226
0
0
0
0
0
0
3920
2699
0
0
0
0
0
0
74
947
0
0
0
0
0
0
1712
2414
0
0
0
0
0
0
1159
1104
0
0
0
0
0
0
3276
1466
0
0
0
0
0
0
190
2005
0
0
0
0
0
0
3802
1153
0
0
0
0
0
0
1880
2554
0
0
0
0
0
0
1020
1880
0
0
0
0
0
0
560
201
0
0
0
0
0
0
2629
3675
0
0
0
0
0
0
2623
1982
0
0
0
0
0
0
1099
1166
0
0
0
0
0
0
3267
1007
0
0
0
0
0
0
2477
2652
0
0
0
0
0
0
3712
116
0
0
0
0
0
0
2970
887
0
0
0
0
0
0
1566
370
0
0
0
0
0
0
2348
1841
0
0
0
0
0
0
3260
2067
0
0
0
0
0
0
4068
3670
0
0
0
0
0
0
2682
637
0
0
0
0
0
0
3887
2542
0
0
0
0
0
0
1564
2750
0
0
0
0
0
0
1682
3799
0
0
0
0
0
0
1220
2418
0
0
0
0
0
0
940
2200
0
0
0
0
0
0
2427
3520
0
0
0
0
0
0
1397
3014
0
0
0
0
0
0
2980
2560
0
0
0
0
0
0
13
3552
0
0
0
0
0
0
1975
1054
0
0
0
0
0
0
2697
3209
0
0
0
0
0
0
2911
1648
0
0
0
0
0
0
2764
2875
0
0
0
0
0
0
3859
3764
0
0
0
0
0
0
1610
1279
0
0
0
0
0
0
2548
3833
0
0
0
0
0
0
3550
1128
0
0
0
0
0
0
1957
3865
0
0
0
0
0
0
3143
334
0
0
0
0
0
0
196
2551
0
0
0
0
0
0
2979
3375
0
0
0
0
0
0
3409
1355
0
0
0
0
0
0
1827
4091
0
0
0
0
0
0
2055
1352
0
0
0
0
0
0
3977
2736
0
0
0
0
0
0
3259
3057
0
0
0
0
0
0
3105
2264
0
0
0
0
0
0
1640
271
0
0
0
0
0
0
607
2825
0
0
0
0
0
0
3644
2944
0
0
0
0
0
0
2610
3663
0
0
0
0
0
0
3666
1806
0
0
0
0
0
0
823
1152
0
0
0
0
0
0
1
3385
0
0
0
0
0
0
2958
3498
0
0
0
0
0
0
3037
3210
0
0
0
0
0
0
4008
1556
0
0
0
0
0
0
723
1340
0
0
0
0
0
0
3389
4042
0
0
0
0
0
0
2667
3673
0
0
0
0
0
0
3406
2813
0
0
0
0
0
0
445
1117
0
0
0
0
0
0
630
1515
0
0
0
0
0
0
3731
3163
0
0
0
0
0
0
2395
3839
0
0
0
0
0
0
514
1514
0
0
0
0
0
0
922
731
0
0
0
0
0
0
2552
3288
0
0
0
0
0
0
3178
3670
0
0
0
0
0
0
2802
3774
0
0
0
0
0
0
912
1092
0
0
0
0
0
0
1879
3707
0
0
0
0
0
0
2504
3408
0
0
0
0
0
0
2576
375
0
0
0
0
0
0
2592
3888
0
0
0
0
0
0
1745
10
0
0
0
0
0
0
2334
3334
0
0
0
0
0
0
2184
4036
0
0
0
0
0
0
2094
823
0
0
0
0
0
0
1566
637
0
0
0
0
0
0
2058
3773
0
0
0
0
0
0
3962
2032
0
0
0
0
0
0
2107
84
0
0
0
0
0
0
3094
4094
0
0
0
0
0
0
1333
784
0
0
0
0
0
0
4091
1985
0
0
0
0
0
0
239
1728
0
0
0
0
0
0
3821
2745
0
0
0
0
0
0
3578
3078
0
0
0
0
0
0
120
2047
0
0
0
0
0
0
1115
772
0
0
0
0
0
0
3023
2680
0
0
0
0
0
0
1689
363
0
0
0
0
0
0
3787
3295
0
0
0
0
0
0
1482
564
0
0
0
0
0
0
1975
2
0
0
0
0
0
0
762
940
0
0
0
0
0
0
1389
730
0
0
0
0
0
0
1151
1346
0
0
0
0
0
0
1016
955
0
0
0
0
0
0
3522
2480
0
0
0
0
0
0
904
848
0
0
0
0
0
0
1549
786
0
0
0
0
0
0
733
1735
0
0
0
0
0
0
2999
2696
0
0
0
0
0
0
3699
2289
0
0
0
0
0
0
3706
2376
0
0
0
0
0
0
1481
895
0
0
0
0
0
0
2197
622
0
0
0
0
0
0
2866
2771
0
0
0
0
0
0
827
866
0
0
0
0
0
0
3980
2146
0
0
0
0
0
0
2508
16
0
0
0
0
0
0
1954
846
0
0
0
0
0
0
709
1038
0
0
0
0
0
0
998
683
0
0
0
0
0
0
2206
89
0
0
0
0
0
0
2474
86
0
0
0
0
0
0
1780
645
0
0
0
0
0
0
585
1117
0
0
0
0
0
0
3560
2207
0
0
0
0
0
0
2395
4031
0
0
0
0
0
0
204
2437
0
0
0
0
0
0
421
2128
0
0
0
0
0
0
1569
138
0
0
0
0
0
0
2907
3142
0
0
0
0
0
0
3130
3349
0
0
0
0
0
0
2729
3931
0
0
0
0
0
0
532
2018
0
0
0
0
0
0
1934
3713
0
0
0
0
0
0
3146
2904
0
0
0
0
0
0
1280
1046
0
0
0
0
0
0
2764
3918
0
0
0
0
0
0
571
1783
0
0
0
0
0
0
1914
3709
0
0
0
0
0
0
3571
2160
0
0
0
0
0
0
1422
925
0
0
0
0
0
0
16
2681
0
0
0
0
0
0
466
1882
0
0
0
0
0
0
1316
311
0
0
0
0
0
0
3634
2092
0
0
0
0
0
0
3442
3096
0
0
0
0
0
0
4088
2719
0
0
0
0
0
0
168
2360
0
0
0
0
0
0
1223
392
0
0
0
0
0
0
3295
2741
0
0
0
0
0
0
3457
3086
0
0
0
0
0
0
2717
3998
0
0
0
0
0
0
141
2384
0
0
0
0
0
0
1754
3835
0
0
0
0
0
0
3298
2737
0
0
0
0
0
0
1525
843
0
0
0
0
0
0
2725
3991
0
0
0
0
0
0
337
2007
0
0
0
0
0
0
1759
3830
0
0
0
0
0
0
3624
2096
0
0
0
0
0
0
1528
840
0
0
0
0
0
0
4082
2728
0
0
0
0
0
0
339
2005
0
0
0
0
0
0
1223
394
0
0
0
0
0
0
3600
2122
0
0
0
0
0
0
3432
3103
0
0
0
0
0
0
3
2704
0
0
0
0
0
0
209
2324
0
0
0
0
0
0
1240
391
0
0
0
0
0
0
3221
2819
0
0
0
0
0
0
3366
3154
0
0
0
0
0
0
2776
3920
0
0
0
0
0
0
316
2224
0
0
0
0
0
0
1831
3795
0
0
0
0
0
0
3156
2883
0
0
0
0
0
0
1365
960
0
0
0
0
0
0
2840
3840
0
0
0
0
0
0
661
1707
0
0
0
0
0
0
1913
3738
0
0
0
0
0
0
3403
2330
0
0
0
0
0
0
1239
1064
0
0
0
0
0
0
108
2548
0
0
0
0
0
0
798
1585
0
0
0
0
0
0
1418
288
0
0
0
0
0
0
3250
2489
0
0
0
0
0
0
3005
3440
0
0
0
0
0
0
146
2483
0
0
0
0
0
0
806
1773
0
0
0
0
0
0
1516
229
0
0
0
0
0
0
2787
3275
0
0
0
0
0
0
2825
3587
0
0
0
0
0
0
2914
3687
0
0
0
0
0
0
1011
1587
0
0
0
0
0
0
2126
3640
0
0
0
0
0
0
2599
3472
0
0
0
0
0
0
668
1526
0
0
0
0
0
0
2969
3596
0
0
0
0
0
0
1460
977
0
0
0
0
0
0
2246
3572
0
0
0
0
0
0
2712
3053
0
0
0
0
0
0
413
1735
0
0
0
0
0
0
268
2255
0
0
0
0
0
0
1734
724
0
0
0
0
0
0
1835
60
0
0
0
0
0
0
2521
3256
0
0
0
0
0
0
2104
71
0
0
0
0
0
0
344
2135
0
0
0
0
0
0
3036
3587
0
0
0
0
0
0
1989
4067
0
0
0
0
0
0
1573
282
0
0
0
0
0
0
1794
327
0
0
0
0
0
0
1871
229
0
0
0
0
0
0
3348
3302
0
0
0
0
0
0
1333
722
0
0
0
0
0
0
1298
572
0
0
0
0
0
0
599
1036
0
0
0
0
0
0
1924
121
0
0
0
0
0
0
1766
799
0
0
0
0
0
0
1494
637
0
0
0
0
0
0
2774
3253
0
0
0
0
0
0
239
1329
0
0
0
0
0
0
1896
268
0
0
0
0
0
0
2183
414
0
0
0
0
0
0
3515
2474
0
0
0
0
0
0
2469
3577
0
0
0
0
0
0
2182
3585
0
0
0
0
0
0
1962
140
0
0
0
0
0
0
164
2835
0
0
0
0
0
0
3720
2353
0
0
0
0
0
0
1956
4055
0
0
0
0
0
0
1807
3883
0
0
0
0
0
0
3457
2939
0
0
0
0
0
0
653
2386
0
0
0
0
0
0
190
2232
0
0
0
0
0
0
1590
346
0
0
0
0
0
0
1434
3959
0
0
0
0
0
0
3507
2817
0
0
0
0
0
0
1659
1505
0
0
0
0
0
0
408
2109
0
0
0
0
0
0
86
1972
0
0
0
0
0
0
982
228
0
0
0
0
0
0
2008
3809
0
0
0
0
0
0
2204
1001
0
0
0
0
0
0
2279
300
0
0
0
0
0
0
3828
2348
0
0
0
0
0
0
2004
3246
0
0
0
0
0
0
1226
914
0
0
0
0
0
0
3683
3696
0
0
0
0
0
0
2624
3740
0
0
0
0
0
0
3886
2333
0
0
0
0
0
0
286
1178
0
0
0
0
0
0
1539
531
0
0
0
0
0
0
594
2307
0
0
0
0
0
0
2958
3522
0
0
0
0
0
0
3471
2688
0
0
0
0
0
0
3873
1590
0
0
0
0
0
0
2188
3889
0
0
0
0
0
0
314
3129
0
0
0
0
0
0
3680
2931
0
0
0
0
0
0
2219
4041
0
0
0
0
0
0
3556
1812
0
0
0
0
0
0
1182
690
0
0
0
0
0
0
1081
2418
0
0
0
0
0
0
3233
3476
0
0
0
0
0
0
1827
361
0
0
0
0
0
0
2601
2639
0
0
0
0
0
0
1365
414
0
0
0
0
0
0
1578
1964
0
0
0
0
0
0
3577
3264
0
0
0
0
0
0
1258
959
0
0
0
0
0
0
1977
3152
0
0
0
0
0
0
1404
277
0
0
0
0
0
0
2234
1362
0
0
0
0
0
0
3846
3123
0
0
0
0
0
0
759
1485
0
0
0
0
0
0
1351
3660
0
0
0
0
0
0
1531
47
0
0
0
0
0
0
2951
701
0
0
0
0
0
0
75
2940
0
0
0
0
0
0
217
2054
0
0
0
0
0
0
1592
2800
0
0
0
0
0
0
1654
3912
0
0
0
0
0
0
426
3209
0
0
0
0
0
0
437
2719
0
0
0
0
0
0
1717
107
0
0
0
0
0
0
929
3340
0
0
0
0
0
0
3328
2081
0
0
0
0
0
0
1182
2514
0
0
0
0
0
0
2285
1052
0
0
0
0
0
0
1150
707
0
0
0
0
0
0
1157
3016
0
0
0
0
0
0
3440
1858
0
0
0
0
0
0
2438
1339
0
0
0
0
0
0
2621
863
0
0
0
0
0
0
834
1062
0
0
0
0
0
0
469
3570
0
0
0
0
0
0
3719
1467
0
0
0
0
0
0
3282
554
0
0
0
0
0
0
3102
542
0
0
0
0
0
0
530
3519
0
0
0
0
0
0
878
1590
0
0
0
0
0
0
1080
3811
0
0
0
0
0
0
3590
2959
0
0
0
0
0
0
278
638
0
0
0
0
0
0
2626
1466
0
0
0
0
0
0
2028
241
0
0
0
0
0
0
87
556
0
0
0
0
0
0
975
1316
0
0
0
0
0
0
3
1053
0
0
0
0
0
0
912
3543
0
0
0
0
0
0
912
1200
0
0
0
0
0
0
1312
3283
0
0
0
0
0
0
1660
690
0
0
0
0
0
0
2326
2927
0
0
0
0
0
0
198
193
0
0
0
0
0
0
2087
328
0
0
0
0
0
0
2570
1759
0
0
0
0
0
0
1092
1374
0
0
0
0
0
0
2580
3043
0
0
0
0
0
0
2251
2243
0
0
0
0
0
0
1775
312
0
0
0
0
0
0
1833
2336
0
0
0
0
0
0
1620
1103
0
0
0
0
0
0
2522
3254
0
0
0
0
0
0
3170
1036
0
0
0
0
0
0
733
1194
0
0
0
0
0
0
1209
2859
0
0
0
0
0
0
2427
363
0
0
0
0
0
0
1182
747
0
0
0
0
0
0
2456
1786
0
0
0
0
0
0
1206
617
0
0
0
0
0
0
1337
2595
0
0
0
0
0
0
4031
2956
0
0
0
0
0
0
1607
504
0
0
0
0
0
0
940
3498
0
0
0
0
0
0
326
1342
0
0
0
0
0
0
804
3296
0
0
0
0
0
0
818
2145
0
0
0
0
0
0
493
1697
0
0
0
0
0
0
225
153
0
0
0
0
0
0
1086
161
0
0
0
0
0
0
953
3009
0
0
0
0
0
0
3780
3474
0
0
0
0
0
0
934
1440
0
0
0
0
0
0
3404
1242
0
0
0
0
0
0
219
867
0
0
0
0
0
0
3194
711
0
0
0
0
0
0
670
2565
0
0
0
0
0
0
2421
185
0
0
0
0
0
0
1410
966
0
0
0
0
0
0
1557
1284
0
0
0
0
0
0
3514
126
0
0
0
0
0
0
432
3734
0
0
0
0
0
0
955
3210
0
0
0
0
0
0
3929
2811
0
0
0
0
0
0
1684
841
0
0
0
0
0
0
2453
938
0
0
0
0
0
0
72
8
0
0
0
0
0
0
3284
814
0
0
0
0
0
0
2644
9
0
0
0
0
0
0
1814
810
0
0
0
0
0
0
3548
3644
0
0
0
0
0
0
1070
3116
0
0
0
0
0
0
2398
2228
0
0
0
0
0
0
3327
3374
0
0
0
0
0
0
1762
668
0
0
0
0
0
0
1329
2057
0
0
0
0
0
0
30
426
0
0
0
0
0
0
1304
3562
0
0
0
0
0
0
1237
1140
0
0
0
0
0
0
3456
2867
0
0
0
0
0
0
2174
624
0
0
0
0
0
0
155
349
0
0
0
0
0
0
1090
3983
0
0
0
0
0
0
40
2359
0
0
0
0
0
0
981
1150
0
0
0
0
0
0
1588
2165
0
0
0
0
0
0
2616
2117
0
0
0
0
0
0
1725
2182
0
0
0
0
0
0
2378
2996
0
0
0
0
0
0
1895
1320
0
0
0
0
0
0
2098
992
0
0
0
0
0
0
1635
2121
0
0
0
0
0
0
3271
674
0
0
0
0
0
0
3024
2744
0
0
0
0
0
0
1879
1274
0
0
0
0
0
0
57
3004
0
0
0
0
0
0
542
3543
0
0
0
0
0
0
315
3876
0
0
0
0
0
0
1115
330
0
0
0
0
0
0
883
1758
0
0
0
0
0
0
131
2842
0
0
0
0
0
0
3710
45
0
0
0
0
0
0
3454
1023
0
0
0
0
0
0
623
904
0
0
0
0
0
0
1908
3809
0
0
0
0
0
0
3413
2330
0
0
0
0
0
0
1240
3664
0
0
0
0
0
0
3244
3624
0
0
0
0
0
0
970
1323
0
0
0
0
0
0
2234
3525
0
0
0
0
0
0
3989
1826
0
0
0
0
0
0
2795
2131
0
0
0
0
0
0
2561
423
0
0
0
0
0
0
1950
308
0
0
0
0
0
0
324
1611
0
0
0
0
0
0
987
1429
0
0
0
0
0
0
213
59
0
0
0
0
0
0
3889
1022
0
0
0
0
0
0
1971
3578
0
0
0
0
0
0
1787
131
0
0
0
0
0
0
3405
3295
0
0
0
0
0
0
2427
2691
0
0
0
0
0
0
3857
2605
0
0
0
0
0
0
3660
3942
0
0
0
0
0
0
2124
3682
0
0
0
0
0
0
860
3212
0
0
0
0
0
0
2353
2906
0
0
0
0
0
0
3872
2336
0
0
0
0
0
0
3594
3851
0
0
0
0
0
0
3738
1474
0
0
0
0
0
0
678
3078
0
0
0
0
0
0
4006
1388
0
0
0
0
0
0
1120
1591
0
0
0
0
0
0
1993
1503
0
0
0
0
0
0
832
134
0
0
0
0
0
0
2645
1033
0
0
0
0
0
0
3398
2034
0
0
0
0
0
0
2511
440
0
0
0
0
0
0
272
3231
0
0
0
0
0
0
328
488
0
0
0
0
0
0
2276
1234
0
0
0
0
0
0
500
923
0
0
0
0
0
0
2713
426
0
0
0
0
0
0
3684
3961
0
0
0
0
0
0
3351
1383
0
0
0
0
0
0
2456
905
0
0
0
0
0
0
1468
32
0
0
0
0
0
0
3198
136
0
0
0
0
0
0
2940
650
0
0
0
0
0
0
2445
2119
0
0
0
0
0
0
2616
596
0
0
0
0
0
0
2514
3161
0
0
0
0
0
0
3690
3935
0
0
0
0
0
0
2245
1388
0
0
0
0
0
0
1544
2851
0
0
0
0
0
0
2792
277
0
0
0
0
0
0
3525
2229
0
0
0
0
0
0
51
3673
0
0
0
0
0
0
1503
2171
0
0
0
0
0
0
617
3610
0
0
0
0
0
0
2928
4091
0
0
0
0
0
0
418
1319
0
0
0
0
0
0
495
3422
0
0
0
0
0
0
763
2954
0
0
0
0
0
0
3784
275
0
0
0
0
0
0
3074
3800
0
0
0
0
0
0
2571
3195
0
0
0
0
0
0
977
3128
0
0
0
0
0
0
3816
3880
0
0
0
0
0
0
2938
960
0
0
0
0
0
0
1097
1798
0
0
0
0
0
0
3571
2274
0
0
0
0
0
0
3141
1021
0
0
0
0
0
0
3101
545
0
0
0
0
0
0
2032
1559
0
0
0
0
0
0
1228
1524
0
0
0
0
0
0
1445
784
0
0
0
0
0
0
3595
753
0
0
0
0
0
0
520
3190
0
0
0
0
0
0
1170
2263
0
0
0
0
0
0
3859
2811
0
0
0
0
0
0
2398
4002
0
0
0
0
0
0
3055
1442
0
0
0
0
0
0
3911
3935
0
0
0
0
0
0
3880
3469
0
0
0
0
0
0
3986
2546
0
0
0
0
0
0
3084
3378
0
0
0
0
0
0
3478
1200
0
0
0
0
0
0
3116
667
0
0
0
0
0
0
3024
73
0
0
0
0
0
0
4068
2329
0
0
0
0
0
0
3997
2536
0
0
0
0
0
0
3867
986
0
0
0
0
0
0
2447
1373
0
0
0
0
0
0
2179
762
0
0
0
0
0
0
129
2036
0
0
0
0
0
0
842
1666
0
0
0
0
0
0
219
714
0
0
0
0
0
0
1811
2047
0
0
0
0
0
0
1370
1418
0
0
0
0
0
0
291
1742
0
0
0
0
0
0
1775
800
0
0
0
0
0
0
681
427
0
0
0
0
0
0
1205
2694
0
0
0
0
0
0
572
2071
0
0
0
0
0
0
415
1493
0
0
0
0
0
0
2636
8
0
0
0
0
0
0
1063
211
0
0
0
0
0
0
571
3361
0
0
0
0
0
0
3894
2696
0
0
0
0
0
0
583
1198
0
0
0
0
0
0
3534
3275
0
0
0
0
0
0
1481
4058
0
0
0
0
0
0
2891
1219
0
0
0
0
0
0
3092
3360
0
0
0
0
0
0
1051
763
0
0
0
0
0
0
248
2529
0
0
0
0
0
0
157
1545
0
0
0
0
0
0
3178
468
0
0
0
0
0
0
3525
2840
0
0
0
0
0
0
1988
3726
0
0
0
0
0
0
1647
1219
0
0
0
0
0
0
1670
207
0
0
0
0
0
0
2870
822
0
0
0
0
0
0
3545
2708
0
0
0
0
0
0
2256
3347
0
0
0
0
0
0
2888
60
0
0
0
0
0
0
2098
4034
0
0
0
0
0
0
2496
1242
0
0
0
0
0
0
2823
3301
0
0
0
0
0
0
2438
3057
0
0
0
0
0
0
3641
3462
0
0
0
0
0
0
2471
3814
0
0
0
0
0
0
1910
1859
0
0
0
0
0
0
2114
3880
0
0
0
0
0
0
2546
2837
0
0
0
0
0
0
313
2751
0
0
0
0
0
0
2834
3596
0
0
0
0
0
0
1387
2412
0
0
0
0
0
0
1451
324
0
0
0
0
0
0
2667
2608
0
0
0
0
0
0
1066
2058
0
0
0
0
0
0
3173
3397
0
0
0
0
0
0
863
2968
0
0
0
0
0
0
781
874
0
0
0
0
0
0
2766
2403
0
0
0
0
0
0
1778
1397
0
0
0
0
0
0
3529
3179
0
0
0
0
0
0
374
3488
0
0
0
0
0
0
151
1387
0
0
0
0
0
0
2888
2182
0
0
0
0
0
0
2484
745
0
0
0
0
0
0
3849
2993
0
0
0
0
0
0
3970
4018
0
0
0
0
0
0
3607
1915
0
0
0
0
0
0
2953
2017
0
0
0
0
0
0
3133
147
0
0
0
0
0
0
54
2818
0
0
0
0
0
0
3500
421
0
0
0
0
0
0
3007
2406
0
0
0
0
0
0
3049
1826
0
0
0
0
0
0
3780
3646
0
0
0
0
0
0
353
2638
0
0
0
0
0
0
3066
880
0
0
0
0
0
0
2463
2847
0
0
0
0
0
0
3165
1624
0
0
0
0
0
0
302
3076
0
0
0
0
0
0
631
2483
0
0
0
0
0
0
2601
1372
0
0
0
0
0
0
1875
3333
0
0
0
0
0
0
3224
1475
0
0
0
0
0
0
890
2528
0
0
0
0
0
0
934
2286
0
0
0
0
0
0
2244
1752
0
0
0
0
0
0
1406
3707
0
0
0
0
0
0
3360
1258
0
0
0
0
0
0
1496
1970
0
0
0
0
0
0
1208
2123
0
0
0
0
0
0
1838
2180
0
0
0
0
0
0
907
20
0
0
0
0
0
0
3431
1109
0
0
0
0
0
0
3177
191
0
0
0
0
0
0
1444
1990
0
0
0
0
0
0
1068
2821
0
0
0
0
0
0
398
444
0
0
0
0
0
0
1315
3411
0
0
0
0
0
0
3642
3860
0
0
0
0
0
0
3357
40
0
0
0
0
0
0
680
3229
0
0
0
0
0
0
4034
680
0
0
0
0
0
0
1367
3285
0
0
0
0
0
0
1035
2812
0
0
0
0
0
0
3589
3990
0
0
0
0
0
0
2578
1375
0
0
0
0
0
0
3645
993
0
0
0
0
0
0
3936
610
0
0
0
0
0
0
1506
2375
0
0
0
0
0
0
2850
685
0
0
0
0
0
0
2279
1692
0
0
0
0
0
0
2758
1787
0
0
0
0
0
0
4011
477
0
0
0
0
0
0
1673
2230
0
0
0
0
0
0
3035
580
0
0
0
0
0
0
1855
2129
0
0
0
0
0
0
2371
2107
0
0
0
0
0
0
4003
422
0
0
0
0
0
0
2071
1861
0
0
0
0
0
0
3211
474
0
0
0
0
0
0
1615
2384
0
0
0
0
0
0
2043
2373
0
0
0
0
0
0
4070
302
0
0
0
0
0
0
2439
1520
0
0
0
0
0
0
3389
364
0
0
0
0
0
0
1376
2641
0
0
0
0
0
0
1717
2646
0
0
0
0
0
0
4085
239
0
0
0
0
0
0
2738
1245
0
0
0
0
0
0
3520
296
0
0
0
0
0
0
1132
2898
0
0
0
0
0
0
1416
2897
0
0
0
0
0
0
9
175
0
0
0
0
0
0
3014
992
0
0
0
0
0
0
3633
239
0
0
0
0
0
0
894
3149
0
0
0
0
0
0
1119
3143
0
0
0
0
0
0
38
103
0
0
0
0
0
0
3293
730
0
0
0
0
0
0
3790
129
0
0
0
0
0
0
759
3293
0
0
0
0
0
0
945
3278
0
0
0
0
0
0
105
6
0
0
0
0
0
0
3536
507
0
0
0
0
0
0
3896
68
0
0
0
0
0
0
596
3466
0
0
0
0
0
0
739
3447
0
0
0
0
0
0
139
4037
0
0
0
0
0
0
3752
306
0
0
0
0
0
0
4004
4094
0
0
0
0
0
0
468
3604
0
0
0
0
0
0
560
3602
0
0
0
0
0
0
120
4030
0
0
0
0
0
0
3886
184
0
0
0
0
0
0
4058
4072
0
0
0
0
0
0
327
3751
0
0
0
0
0
0
400
3732
0
0
0
0
0
0
151
3979
0
0
0
0
0
0
4036
42
0
0
0
0
0
0
45
4009
0
0
0
0
0
0
281
3803
0
0
0
0
0
0
324
3792
0
0
0
0
0
0
168
3945
0
0
0
0
0
0
47
4039
0
0
0
0
0
0
98
3977
0
0
0
0
0
0
208
3880
0
0
0
0
0
0
233
3869
0
0
0
0
0
0
178
3924
0
0
0
0
0
0
124
3968
0
0
0
0
0
0
139
3949
0
0
0
0
0
0
174
3919
0
0
0
0
0
0
172
3925
0
0
0
0
0
0
147
3952
0
0
0
0
0
0
110
3981
0
0
0
0
0
0
124
3964
0
0
0
0
0
0
160
3933
0
0
0
0
0
0
160
3937
0
0
0
0
0
0
137
3961
0
0
0
0
0
0
109
3990
0
0
0
0
0
0
82
4016
0
0
0
0
0
0
60
4037
0
0
0
0
0
0
43
4054
0
0
0
0
0
0
30
4066
0
0
0
0
0
0
21
4075
0
0
0
0
0
0
14
4082
0
0
0
0
0
0
9
4086
0
0
0
0
0
0
6
4089
0
0
0
0
0
0
4
4091
0
0
0
0
0
0
2
4093
0
0
0
0
0
0
1
4094
0
0
0
0
0
0
1
4094
0
0
0
0
0
0
0
4095
0
0
0
0
0
0
0
4095
0
0
0
0
0
0
0
4095
0
0
0
0
0
0
0
4095
0
0
0
0
0
0
0
4095
0
0
0
0
0
0
0
4095
0
0
0
0
0
0
0
4095
0
0
0
0
0
0
0
4095
0
0
0
0
0
0
0
4095
0
0
0
0
0
0
0
4095
0
0
0
0
0
0
0
4095
0
0
0
0
0
0
0
4095
0
0
0
0
0
0
0
4095
0
0
0
0
0
0
0
4095
0
0
0
0
0
0
0
4095
0
0
0
0
0
0
0
4095
0
0
0
0
0
0
0
4095
0
0
0
0
0
0
0
4095
0
0
0
0
0
0
0
4095
0
0
0
0
0
0
0
4095
0
0
0
0
0
0
0
4095
0
0
0
0
0
0
0
4095
0
0
0
0
0
0
0
4095
0
0
0
0
0
0
0
4095
0
0
0
0
0
0
0
4095
0
0
0
0
0
0
0
4095
0
0
0
0
0
0
0
4095
0
0
0
0
0
0
0
4095
0
0
0
0
0
0
0
4095
0
0
0
0
0
0
0
4095
0
0
0
0
0
0
0
4095
0
0
0
0
0
0
0
4095
0
0
0
0
0
0
0
4095
0
0
0
0
0
0
0
4095
0
0
0
0
0
0
0
4095
0
0
0
0
0
0
0
4095
0
0
0
0
0
0
0
4095
0
0
0
0
0
0
0
4095
0
0
0
0
0
0
0
4095
0
0
0
0
0
0
0
4095
0
0
0
0
0
0
0
4095
0
0
0
0
0
0
0
4095
0
0
0
0
0
0
0
4095
0
0
0
0
0
0
0
4095
0
0
0
0
0
0
0
4095
0
0
0
0
0
0
0
4095
0
0
0
0
0
0
0
4095
0
0
0
0
0
0
0
4095
0
0
0
0
0
0
0
4095
0
0
0
0
0
0
0
4095
0
0
0
0
0
0
0
4095
0
0
0
0
0
0
0
4095
0
0
0
0
0
0
0
4095
0
0
0
0
0
0
0
4095
0
0
0
0
0
0
0
4095
0
0
0
0
0
0
0
4095
0
0
0
0
0
0
0
4095
0
0
0
0
0
0
0
4095
0
0
0
0
0
0
0
4095
0
0
0
0
0
0
0
4095
0
0
0
0
0
0
0
4095
0
0
0
0
0
0
0
4095
0
0
0
0
0
0
0
4095
0
0
0
0
0
0
0
4095
0
0
0
0
0
0
0
4095
0
0
0
0
0
0
0
4095
0
0
0
0
0
0
0
4095
0
0
0
0
0
0
0
4095
0
0
0
0
0
0
0
4095
0
0
0
0
0
0
0
4095
0
0
0
0
0
0
0
4095
0
0
0
0
0
0
0
4095
0
0
0
0
0
0
0
4095
0
0
0
0
0
0
0
4095
0
0
0
0
0
0
0
4095
0
0
0
0
0
0
0
4095
0
0
0
0
0
0
0
4095
0
0
0
0
0
0
0
4095
0
0
0
0
0
0
0
4095
0
0
0
0
0
0
0
4095
0
0
0
0
0
0
0
4095
0
0
0
0
0
0
0
4095
0
0
0
0
0
0
0
4095
0
0
0
0
0
0
0
4095
0
0
0
0
0
0
0
4095
0
0
0
0
0
0
0
4095
0
0
0
0
0
0
0
4095
0
0
0
0
0
0
0
4095
0
0
0
0
0
0
0
4095
0
0
0
0
0
0
0
4095
0
0
0
0
0
0
0
4095
0
0
0
0
0
0
0
4095
0
0
0
0
0
0
0
4095
0
0
0
0
0
0
0
4095
0
0
0
0
0
0
0
4095
0
0
0
0
0
0
0
4095
0
0
0
0
0
0
0
4095
0
0
0
0
0
0
0
4095
0
0
0
0
0
0
0
4095
0
0
0
0
0
0
0
4095
0
0
0
0
0
0
0
4095
0
0
0
0
0
0
0
4095
0
0
0
0
0
0
0
4095
0
0
0
0
0
0
0
4095
0
0
0
0
0
0
0
4095
0
0
0
0
0
0
0
4095
0
0
0
0
0
0
0
4095
0
0
0
0
0
0
0
4095
0
0
0
0
0
0
0
4095
0
0
0
0
0
0
0
4095
0
0
0
0
0
0
0
4095
0
0
0
0
0
0
0
4095
0
0
0
0
0
0
0
4095
0
0
0
0
0
0
0
4095
0
0
0
0
0
0
0
4095
0
0
0
0
0
0
0
4095
0
0
0
0
0
0
0
4095
0
0
0
0
0
0
0
4095
0
0
0
0
0
0
0
4095
0
0
0
0
0
0
0
4095
0
0
0
0
0
0
0
4095
0
0
0
0
0
0
0
4095
0
0
0
0
0
0
0
4095
0
0
0
0
0
0
0
4095
0
0
0
0
0
0
0
4095
0
0
0
0
0
0
0
4095
0
0
0
0
0
0
0
4095
0
0
0
0
0
0
0
4095
0
0
0
0
0
0
0
4095
0
0
0
0
0
0
0
4095
0
0
0
0
0
0
0
4095
0
0
0
0
0
0
0
4095
0
0
0
0
0
0
0
4095
0
0
0
0
0
0
0
4095
0
0
0
0
0
0
0
4095
0
0
0
0
0
0
0
4095
0
0
0
0
0
0
0
4095
0
0
0
0
0
0
0
4095
0
0
0
0
0
0
0
4095
0
0
0
0
0
0
0
4095
0
0
0
0
0
0
0
4095
0
0
0
0
0
0
0
4095
0
0
0
0
0
0
0
4095
0
0
0
0
0
0
0
4095
0
0
0
0
0
0
0
4095
0
0
0
0
0
0
0
4095
0
0
0
0
0
0
0
4095
0
0
0
0
0
0
0
4095
0
0
0
0
0
0
0
4095
0
0
0
0
0
0
0
4095
0
0
0
0
0
0
0
4095
0
0
0
0
0
0
0
4095
0
0
0
0
0
0
0
4095
0
0
0
0
0
0
0
4095
0
0
0
0
0
0
0
4095
0
0
0
0
0
0
0
4095
0
0
0
0
0
0
0
4095
0
0
0
0
0
0
0
4095
0
0
0
0
0
0
0
4095
0
0
0
0
0
0
0
4095
0
0
0
0
0
0
0
4095
0
0
0
0
0
0
0
4095
0
0
0
0
0
0
0
4095
0
0
0
0
0
0
0
4095
0
0
0
0
0
0
0
4095
0
0
0
0
0
0
0
4095
0
0
0
0
0
0
0
4095
0
0
0
0
0
0
0
4095
0
0
0
0
0
0
0
4095
0
0
0
0
0
0
0
4095
0
0
0
0
0
0
0
4095
0
0
0
0
0
0
0
4095
0
0
0
0
0
0
0
4095
0
0
0
0
0
0
0
4095
0
0
0
0
0
0
0
4095
0
0
0
0
0
0
0
4095
0
0
0
0
0
0
0
4095
0
0
0
0
0
0
0
4095
0
0
0
0
0
0
0
4095
0
0
0
0
0
0
0
4095
0
0
0
0
0
0
0
4095
0
0
0
0
0
0
0
4095
0
0
0
0
0
0
0
4095
0
0
0
0
0
0
0
4095
0
0
0
0
0
0
0
4095
0
0
0
0
0
0
0
4095
0
0
0
0
0
0
0
4095
0
0
0
0
0
0
0
4095
0
0
0
0
0
0
0
4095
0
0
0
0
0
0
0
4095
0
0
0
0
0
0
0
4095
0
0
0
0
0
0
0
4095
0
0
0
0
0
0
0
4095
0
0
0
0
0
0
0
4095
0
0
0
0
0
0
0
4095
0
0
0
0
0
0
0
4095
0
0
0
0
0
0
0
4095
0
0
0
0
0
0
0
4095
0
0
0
0
0
0
0
4095
0
0
0
0
0
0
0
4095
0
0
0
0
0
0
0
4095
0
0
0
0
0
0
0
4095
0
0
0
0
0
0
0
4095
0
0
0
0
0
0
0
4095
0
0
0
0
0
0
0
4095
0
0
0
0
0
0
0
4095
0
0
0
0
0
0
0
4095
0
0
0
0
0
0
0
4095
0
0
0
0
0
0
0
4095
0
0
0
0
0
0
0
4095
0
0
0
0
0
0
0
4095
0
0
0
0
0
0
0
4095
0
0
0
0
0
0
0
4095
0
0
0
0
0
0
0
4095
0
0
0
0
0
0
0
4095
0
0
0
0
0
0
0
4095
0
0
0
0
0
0
0
4095
0
0
0
0
0
0
0
4095
0
0
0
0
0
0
0
4095
0
0
0
0
0
0
0
4095
0
0
0
0
0
0
0
4095
0
0
0
0
0
0
0
4095
0
0
0
0
0
0
0
4095
0
0
0
0
0
0
0
4095
0
0
0
0
0
0
0
4095
0
0
0
0
0
0
0
4095
0
0
0
0
0
0
0
4095
0
0
0
0
0
0
0
4095
0
0
0
0
0
0
0
4095
0
0
0
0
0
0
0
4095
0
0
0
0
0
0
0
4095
0
0
0
0
0
0
0
4095
0
0
0
0
0
0
0
4095
0
0
0
0
0
0
0
4095
0
0
0
0
0
0
0
4095
0
0
0
0
0
0
0
4095
0
0
0
0
0
0
0
4095
0
0
0
0
0
0
0
4095
0
0
0
0
0
0
0
4095
0
0
0
0
0
0
0
4095
0
0
0
0
0
0
0
4095
0
0
0
0
0
0
0
4095
0
0
0
0
0
0
0
4095
0
0
0
0
0
0
0
4095
0
0
0
0
0
0
0
4095
0
0
0
0
0
0
0
4095
0
0
0
0
0
0
0
4095
0
0
0
0
0
0
0
4095
0
0
0
0
0
0
0
4095
0
0
0
0
0
0
0
4095
0
0
0
0
0
0
0
4095
0
0
0
0
0
0
0
4095
0
0
0
0
0
0
0
4095
0
0
0
0
0
0
0
4095
0
0
0
0
0
0
0
4095
0
0
0
0
0
0
0
4095
0
0
0
0
0
0
0
4095
0
0
0
0
0
0
0
4095
0
0
0
0
0
0
0
4095
0
0
0
0
0
0
0
4095
0
0
0
0
0
0
0
4095
0
0
0
0
0
0
0
4095
0
0
0
0
0
0
0
4095
0
0
0
0
0
0
0
4095
0
0
0
0
0
0
0
4095
0
0
0
0
0
0
0
4095
0
0
0
0
0
0
0
4095
0
0
0
0
0
0
0
4095
0
0
0
0
0
0
0
4095
0
0
0
0
0
0
0
4095
0
0
0
0
0
0
0
4095
0
0
0
0
0
0
0
4095
0
0
0
0
0
0
0
4095
0
0
0
0
0
0
0
4095
0
0
0
0
0
0
0
4095
0
0
0
0
0
0
0
4095
0
0
0
0
0
0
0
4095
0
0
0
0
0
0
0
4095
0
0
0
0
0
0
0
4095
0
0
0
0
0
0
0
4095
0
0
0
0
0
0
0
4095
0
0
0
0
0
0
0
4095
0
0
0
0
0
0
0
4095
0
0
0
0
0
0
0
4095
0
0
0
0
0
0
0
4095
0
0
0
0
0
0
0
4095
0
0
0
0
0
0
0
4095
0
0
0
0
0
0
0
4095
0
0
0
0
0
0
0
4095
0
0
0
0
0
0
0
4095
0
0
0
0
0
0
0
4095
0
0
0
0
0
0
0
4095
0
0
0
0
0
0
0
4095
0
0
0
0
0
0
0
4095
0
0
0
0
0
0
0
4095
0
0
0
0
0
0
0
4095
0
0
0
0
0
0
0
4095
0
0
0
0
0
0
0
4095
0
0
0
0
0
0
0
4095
0
0
0
0
0
0
0
4095
0
0
0
0
0
0
0
4095
0
0
0
0
0
0
0
4095
0
0
0
0
0
0
0
4095
0
0
0
0
0
0
0
4095
0
0
0
0
0
0
0
4095
0
0
0
0
0
0
0
4095
0
0
0
0
0
0
0
4095
0
0
0
0
0
0
0
4095
0
0
0
0
0
0
0
4095
0
0
0
0
0
0
0
4095
0
0
0
0
0
0
0
4095
0
0
0
0
0
0
0
4095
0
0
0
0
0
0
0
4095
0
0
0
0
0
0
0
4095
0
0
0
0
0
0
0
4095
0
0
0
0
0
0
0
4095
0
0
0
0
0
0
0
4095
0
0
0
0
0
0
0
4095
0
0
0
0
0
0
0
4095
0
0
0
0
0
0
0
4095
0
0
0
0
0
0
0
4095
0
0
0
0
0
0
0
4095
0
0
0
0
0
0
0
4095
0
0
0
0
0
0
0
4095
0
0
0
0
0
0
0
4095
0
0
0
0
0
0
0
4095
0
0
0
0
0
0
0
4095
0
0
0
0
0
0
0
4095
0
0
0
0
0
0
0
4095
0
0
0
0
0
0
0
4095
0
0
0
0
0
0
0
4095
0
0
0
0
0
0
0
4095
0
0
0
0
0
0
0
4095
0
0
0
0
0
0
0
4095
0
0
0
0
0
0
0
4095
0
0
0
0
0
0
0
4095
0
0
0
0
0
0
0
4095
0
0
0
0
0
0
0
4095
0
0
0
0
0
0
0
4095
0
0
0
0
0
0
0
4095
0
0
0
0
0
0
0
4095
0
0
0
0
0
0
0
4095
0
0
0
0
0
0
0
4095
0
0
0
0
0
0
0
4095
0
0
0
0
0
0
0
4095
0
0
0
0
0
0
0
4095
0
0
0
0
0
0
0
4095
0
0
0
0
0
0
0
4095
0
0
0
0
0
0
0
4095
0
0
0
0
0
0
0
4095
0
0
0
0
0
0
0
4095
0
0
0
0
0
0
0
4095
0
0
0
0
0
0
0
4095
0
0
0
0
0
0
0
4095
0
0
0
0
0
0
0
4095
0
0
0
0
0
0
0
4095
0
0
0
0
0
0
0
4095
0
0
0
0
0
0
0
4095
0
0
0
0
0
0
0
4095
0
0
0
0
0
0
0
4095
0
0
0
0
0
0
0
4095
0
0
0
0
0
0
0
4095
0
0
0
0
0
0
0
4095
0
0
0
0
0
0
0
4095
0
0
0
0
0
0
0
4095
0
0
0
0
0
0
0
4095
0
0
0
0
0
0
0
4095
0
0
0
0
0
0
0
4095
0
0
0
0
0
0
0
4095
0
0
0
0
0
0
0
4095
0
0
0
0
0
0
0
4095
0
0
0
0
0
0
0
4095
0
0
0
0
0
0
0
4095
0
0
0
0
0
0
0
4095
0
0
0
0
0
0
0
4095
0
0
0
0
0
0
0
4095
0
0
0
0
0
0
0
4095
0
0
0
0
0
0
0
4095
0
0
0
0
0
0
0
4095
0
0
0
0
0
0
0
4095
0
0
0
0
0
0
0
4095
0
0
0
0
0
0
0
4095
0
0
0
0
0
0
0
4095
0
0
0
0
0
0
0
4095
0
0
0
0
0
0
0
4095
0
0
0
0
0
0
0
4095
0
0
0
0
0
0
0
4095
0
0
0
0
0
0
0
4095
0
0
0
0
0
0
0
4095
0
0
0
0
0
0
0
4095
0
0
0
0
0
0
0
4095
0
0
0
0
0
0
0
4095
0
0
0
0
0
0
0
4095
0
0
0
0
0
0
0
4095
0
0
0
0
0
0
0
4095
0
0
0
0
0
0
0
4095
0
0
0
0
0
0
0
4095
0
0
0
0
0
0
0
4095
0
0
0
0
0
0
0
4095
0
0
0
0
0
0
0
4095
0
0
0
0
0
0
0
4095
0
0
0
0
0
0
0
4095
0
0
0
0
0
0
0
4095
0
0
0
0
0
0
0
4095
0
0
0
0
0
0
0
4095
0
0
0
0
0
0
0
4095
0
0
0
0
0
0
0
4095
0
0
0
0
0
0
0
4095
0
0
0
0
0
0
0
4095
0
0
0
0
0
0
0
4095
0
0
0
0
0
0
0
4095
0
0
0
0
0
0
0
4095
0
0
0
0
0
0
0
4095
0
0
0
0
0
0
0
4095
0
0
0
0
0
0
0
4095
0
0
0
0
0
0
0
4095
0
0
0
0
0
0
0
4095
0
0
0
0
0
0
0
4095
0
0
0
0
0
0
0
4095
0
0
0
0
0
0
0
4095
0
0
0
0
0
0
0
4095
0
0
0
0
0
0
0
4095
0
0
0
0
0
0
0
4095
0
0
0
0
0
0
0
4095
0
0
0
0
0
0
0
4095
0
0
0
0
0
0
0
4095
0
0
0
0
0
0
0
4095
0
0
0
0
0
0
0
4095
0
0
0
0
0
0
0
4095
0
0
0
0
0
0
0
4095
0
0
0
0
0
0
0
4095
0
0
0
0
0
0
0
4095
0
0
0
0
0
0
0
4095
0
0
0
0
0
0
0
4095
0
0
0
0
0
0
0
4095
0
0
0
0
0
0
0
4095
0
0
0
0
0
0
0
4095
0
0
0
0
0
0
0
4095
0
0
0
0
0
0
0
4095
0
0
0
0
0
0
0
4095
0
0
0
0
0
0
0
4095
0
0
0
0
0
0
0
4095
0
0
0
0
0
0
0
4095
0
0
0
0
0
0
0
4095
0
0
0
0
0
0
0
4095
0
0
0
0
0
0
0
4095
0
0
0
0
0
0
0
4095
0
0
0
0
0
0
0
4095
0
0
0
0
0
0
0
4095
0
0
0
0
0
0
0
4095
0
0
0
0
0
0
0
4095
0
0
0
0
0
0
0
4095
0
0
0
0
0
0
0
4095
0
0
0
0
0
0
0
4095
0
0
0
0
0
0
0
4095
0
0
0
0
0
0
0
4095
0
0
0
0
0
0
0
4095
0
0
0
0
0
0
0
4095
0
0
0
0
0
0
0
4095
0
0
0
0
0
0
0
4095
0
0
0
0
0
0
0
4095
0
0
0
0
0
0
0
4095
0
0
0
0
0
0
0
4095
0
0
0
0
0
0
0
4095
0
0
0
0
0
0
0
4095
0
0
0
0
0
0
0
4095
0
0
0
0
0
0
0
4095
0
0
0
0
0
0
0
4095
0
0
0
0
0
0
0
4095
0
0
0
0
0
0
0
4095
0
0
0
0
0
0
0
4095
0
0
0
0
0
0
0
4095
0
0
0
0
0
0
0
4095
0
0
0
0
0
0
0
4095
0
0
0
0
0
0
0
4095
0
0
0
0
0
0
0
4095
0
0
0
0
0
0
0
4095
0
0
0
0
0
0
0
4095
0
0
0
0
0
0
0
4095
0
0
0
0
0
0
0
4095
0
0
0
0
0
0
0
4095
0
0
0
0
0
0
0
4095
0
0
0
0
0
0
0
4095
0
0
0
0
0
0
0
4095
0
0
0
0
0
0
0
4095
0
0
0
0
0
0
0
4095
0
0
0
0
0
0
0
4095
0
0
0
0
0
0
0
4095
0
0
0
0
0
0
0
4095
0
0
0
0
0
0
0
4095
0
0
0
0
0
0
0
4095
0
0
0
0
0
0
0
4095
0
0
0
0
0
0
0
4095
0
0
0
0
0
0
0
4095
0
0
0
0
0
0
0
4095
0
0
0
0
0
0
0
4095
0
0
0
0
0
0
0
4095
0
0
0
0
0
0
0
4095
0
0
0
0
0
0
0
4095
0
0
0
0
0
0
0
4095
0
0
0
0
0
0
0
4095
0
0
0
0
0
0
0
4095
0
0
0
0
0
0
0
4095
0
0
0
0
0
0
0
4095
0
0
0
0
0
0
0
4095
0
0
0
0
0
0
0
4095
0
0
0
0
0
0
0
4095
0
0
0
0
0
0
0
4095
0
0
0
0
0
0
0
4095
0
0
0
0
0
0
0
4095
0
0
0
0
0
0
0
4095
0
0
0
0
0
0
0
4095
0
0
0
0
0
0
0
4095
0
0
0
0
0
0
0
4095
0
0
0
0
0
0
0
4095
0
0
0
0
0
0
0
4095
0
0
0
0
0
0
0
4095
0
0
0
0
0
0
0
4095
0
0
0
0
0
0
0
4095
0
0
0
0
0
0
0
4095
0
0
0
0
0
0
0
4095
0
0
0
0
0
0
0
4095
0
0
0
0
0
0
0
4095
0
0
0
0
0
0
0
4095
0
0
0
0
0
0
0
4095
0
0
0
0
0
0
0
4095
0
0
0
0
0
0
0
4095
0
0
0
0
0
0
0
4095
0
0
0
0
0
0
0
4095
0
0
0
0
0
0
0
4095
0
0
0
0
0
0
0
4095
0
0
0
0
0
0
0
4095
0
0
0
0
0
0
0
4095
0
0
0
0
0
0
0
4095
0
0
0
0
0
0
0
4095
0
0
0
0
0
0
0
4095
0
0
0
0
0
0
0
4095
0
0
0
0
0
0
0
4095
0
0
0
0
0
0
0
4095
0
0
0
0
0
0
0
4095
0
0
0
0
0
0
0
4095
0
0
0
0
0
0
0
4095
0
0
0
0
0
0
0
4095
0
0
0
0
0
0
0
4095
0
0
0
0
0
0
0
4095
0
0
0
0
0
0
0
4095
0
0
0
0
0
0
0
4095
0
0
0
0
0
0
0
4095
0
0
0
0
0
0
0
4095
0
0
0
0
0
0
0
4095
0
0
0
0
0
0
0
4095
0
0
0
0
0
0
0
4095
0
0
0
0
0
0
0
4095
0
0
0
0
0
0
0
4095
0
0
0
0
0
0
0
4095
0
0
0
0
0
0
0
4095
0
0
0
0
0
0
0
4095
0
0
0
0
0
0
0
4095
0
0
0
0
0
0
0
4095
0
0
0
0
0
0
0
4095
0
0
0
0
0
0
0
4095
0
0
0
0
0
0
0
4095
0
0
0
0
0
0
0
4095
0
0
0
0
0
0
0
4095
0
0
0
0
0
0
0
4095
0
0
0
0
0
0
0
4095
0
0
0
0
0
0
0
4095
0
0
0
0
0
0
0
4095
0
0
0
0
0
0
0
4095
0
0
0
0
0
0
0
4095
0
0
0
0
0
0
0
4095
0
0
0
0
0
0
0
4095
0
0
0
0
0
0
0
4095
0
0
0
0
0
0
0
4095
0
0
0
0
0
0
0
4095
0
0
0
0
0
0
0
4095
0
0
0
0
0
0
0
4095
0
0
0
0
0
0
0
4095
0
0
0
0
0
0
0
4095
0
0
0
0
0
0
0
4095
0
0
0
0
0
0
0
4095
0
0
0
0
0
0
0
4095
0
0
0
0
0
0
0
4095
0
0
0
0
0
0
0
4095
0
0
0
0
0
0
0
4095
0
0
0
0
0
0
0
4095
0
0
0
0
0
0
0
4095
0
0
0
0
0
0
0
4095
0
0
0
0
0
0
0
4095
0
0
0
0
0
0
0
4095
0
0
0
0
0
0
0
4095
0
0
0
0
0
0
0
4095
0
0
0
0
0
0
0
4095
0
0
0
0
0
0
0
4095
0
0
0
0
0
0
0
4095
0
0
0
0
0
0
0
4095
0
0
0
0
0
0
0
4095
0
0
0
0
0
0
0
4095
0
0
0
0
0
0
0
4095
0
0
0
0
0
0
0
4095
0
0
0
0
0
0
0
4095
0
0
0
0
0
0
0
4095
0
0
0
0
0
0
0
4095
0
0
0
0
0
0
0
4095
0
0
0
0
0
0
0
4095
0
0
0
0
0
0
0
4095
0
0
0
0
0
0
0
4095
0
0
0
0
0
0
0
4095
0
0
0
0
0
0
0
4095
0
0
0
0
0
0
0
4095
0
0
0
0
0
0
0
4095
0
0
0
0
0
0
0
4095
0
0
0
0
0
0
0
4095
0
0
0
0
0
0
0
4095
0
0
0
0
0
0
0
4095
0
0
0
0
0
0
0
4095
0
0
0
0
0
0
0
4095
0
0
0
0
0
0
0
4095
0
0
0
0
0
0
0
4095
0
0
0
0
0
0
0
4095
0
0
0
0
0
0
0
4095
0
0
0
0
0
0
0
4095
0
0
0
0
0
0
0
4095
0
0
0
0
0
0
0
4095
0
0
0
0
0
0
0
4095
0
0
0
0
0
0
0
4095
0
0
0
0
0
0
0
4095
0
0
0
0
0
0
0
4095
0
0
0
0
0
0
0
4095
0
0
0
0
0
0
0
4095
0
0
0
0
0
0
0
4095
0
0
0
0
0
0
0
4095
0
0
0
0
0
0
0
4095
0
0
0
0
0
0
0
4095
0
0
0
0
0
0
0
4095
0
0
0
0
0
0
0
4095
0
0
0
0
0
0
0
4095
0
0
0
0
0
0
0
4095
0
0
0
0
0
0
0
4095
0
0
0
0
0
0
0
4095
0
0
0
0
0
0
0
4095
0
0
0
0
0
0
0
4095
0
0
0
0
0
0
0
4095
0
0
0
0
0
0
0
4095
0
0
0
0
0
0
0
4095
0
0
0
0
0
0
0
4095
0
0
0
0
0
0
0
4095
0
0
0
0
0
0
0
4095
0
0
0
0
0
0
0
4095
0
0
0
0
0
0
0
4095
0
0
0
0
0
0
0
4095
0
0
0
0
0
0
0
4095
0
0
0
0
0
0
0
4095
0
0
0
0
0
0
0
4095
0
0
0
0
0
0
0
4095
0
0
0
0
0
0
0
4095
0
0
0
0
0
0
0
4095
0
0
0
0
0
0
0
4095
0
0
0
0
0
0
0
4095
0
0
0
0
0
0
0
4095
0
0
0
0
0
0
0
4095
0
0
0
0
0
0
0
4095
0
0
0
0
0
0
0
4095
0
0
0
0
0
0
0
4095
0
0
0
0
0
0
0
4095
0
0
0
0
0
0
0
4095
0
0
0
0
0
0
0
4095
0
0
0
0
0
0
0
4095
0
0
0
0
0
0
0
4095
0
0
0
0
0
0
0
4095
0
0
0
0
0
0
0
4095
0
0
0
0
0
0
0
4095
0
0
0
0
0
0
0
4095
0
0
0
0
0
0
0
4095
0
0
0
0
0
0
0
4095
0
0
0
0
0
0
0
4095
0
0
0
0
0
0
0
4095
0
0
0
0
0
0
0
4095
0
0
0
0
0
0
0
4095
0
0
0
0
0
0
0
4095
0
0
0
0
0
0
0
4095
0
0
0
0
0
0
0
4095
0
0
0
0
0
0
0
4095
0
0
0
0
0
0
0
4095
0
0
0
0
0
0
0
4095
0
0
0
0
0
0
0
4095
0
0
0
0
0
0
0
4095
0
0
0
0
0
0
0
4095
0
0
0
0
0
0
0
4095
0
0
0
0
0
0
0
4095
0
0
0
0
0
0
0
4095
0
0
0
0
0
0
0
4095
0
0
0
0
0
0
0
4095
0
0
0
0
0
0
0
4095
0
0
0
0
0
0
0
4095
0
0
0
0
0
0
0
4095
0
0
0
0
0
0
0
4095
0
0
0
0
0
0
0
4095
0
0
0
0
0
0
0
4095
0
0
0
0
0
0
0
4095
0
0
0
0
0
0
0
4095
0
0
0
0
0
0
0
4095
0
0
0
0
0
0
0
4095
0
0
0
0
0
0
0
4095
0
0
0
0
0
0
0
4095
0
0
0
0
0
0
0
4095
0
0
0
0
0
0
0
4095
0
0
0
0
0
0
0
4095
0
0
0
0
0
0
0
4095
0
0
0
0
0
0
0
4095
0
0
0
0
0
0
0
4095
0
0
0
0
0
0
0
4095
0
0
0
0
0
0
0
4095
0
0
0
0
0
0
0
4095
0
0
0
0
0
0
0
4095
0
0
0
0
0
0
0
4095
0
0
0
0
0
0
0
4095
0
0
0
0
0
0
0
4095
0
0
0
0
0
0
0
4095
0
0
0
0
0
0
0
4095
0
0
0
0
0
0
0
4095
0
0
0
0
0
0
0
4095
0
0
0
0
0
0
0
4095
0
0
0
0
0
0
0
4095
0
0
0
0
0
0
0
4095
0
0
0
0
0
0
0
4095
0
0
0
0
0
0
0
4095
0
0
0
0
0
0
0
4095
0
0
0
0
0
0
0
4095
0
0
0
0
0
0
0
4095
0
0
0
0
0
0
0
4095
0
0
0
0
0
0
0
4095
0
0
0
0
0
0
0
4095
0
0
0
0
0
0
0
4095
0
0
0
0
0
0
0
4095
0
0
0
0
0
0
0
4095
0
0
0
0
0
0
0
4095
0
0
0
0
0
0
0
4095
0
0
0
0
0
0
0
4095
0
0
0
0
0
0
0
4095
0
0
0
0
0
0
0
4095
0
0
0
0
0
0
0
4095
0
0
0
0
0
0
0
4095
0
0
0
0
0
0
0
4095
0
0
0
0
0
0
0
4095
0
0
0
0
0
0
0
4095
0
0
0
0
0
0
0
4095
0
0
0
0
0
0
0
4095
0
0
0
0
0
0
0
4095
0
0
0
0
0
0
0
4095
0
0
0
0
0
0
0
4095
0
0
0
0
0
0
0
4095
0
0
0
0
0
0
0
4095
0
0
0
0
0
0
0
4095
0
0
0
0
0
0
0
4095
0
0
0
0
0
0
0
4095
0
0
0
0
0
0
0
4095
0
0
0
0
0
0
0
4095
0
0
0
0
0
0
0
4095
0
0
0
0
0
0
0
4095
0
0
0
0
0
0
0
4095
0
0
0
0
0
0
0
4095
0
0
0
0
0
0
0
4095
0
0
0
0
0
0
0
4095
0
0
0
0
0
0
0
4095
0
0
0
0
0
0
0
4095
0
0
0
0
0
0
0
4095
0
0
0
0
0
0
0
4095
0
0
0
0
0
0
0
4095
0
0
0
0
0
0
0
4095
0
0
0
0
0
0
0
4095
0
0
0
0
0
0
0
4095
0
0
0
0
0
0
0
4095
0
0
0
0
0
0
0
4095
0
0
0
0
0
0
0
4095
0
0
0
0
0
0
0
4095
0
0
0
0
0
0
0
4095
0
0
0
0
0
0
0
4095
0
0
0
0
0
0
0
4095
0
0
0
0
0
0
0
4095
0
0
0
0
0
0
0
4095
0
0
0
0
0
0
0
4095
0
0
0
0
0
0
0
4095
0
0
0
0
0
0
0
4095
0
0
0
0
0
0
0
4095
0
0
0
0
0
0
0
4095
0
0
0
0
0
0
0
4095
0
0
0
0
0
0
0
4095
0
0
0
0
0
0
0
4095
0
0
0
0
0
0
0
4095
0
0
0
0
0
0
0
4095
0
0
0
0
0
0
0
4095
0
0
0
0
0
0
0
4095
0
0
0
0
0
0
0
4095
0
0
0
0
0
0
0
4095
0
0
0
0
0
0
0
4095
0
0
0
0
0
0
0
4095
0
0
0
0
0
0
0
4095
0
0
0
0
0
0
0
4095
0
0
0
0
0
0
0
4095
0
0
0
0
0
0
0
4095
0
0
0
0
0
0
0
4095
0
0
0
0
0
0
0
4095
0
0
0
0
0
0
0
4095
0
0
0
0
0
0
0
4095
0
0
0
0
0
0
0
4095
0
0
0
0
0
0
0
4095
0
0
0
0
0
0
0
4095
0
0
0
0
0
0
0
4095
0
0
0
0
0
0
0
4095
0
0
0
0
0
0
0
4095
0
0
0
0
0
0
0
4095
0
0
0
0
0
0
0
4095
0
0
0
0
0
0
0
4095
0
0
0
0
0
0
0
4095
0
0
0
0
0
0
0
4095
0
0
0
0
0
0
0
4095
0
0
0
0
0
0
0
4095
0
0
0
0
0
0
0
4095
0
0
0
0
0
0
0
4095
0
0
0
0
0
0
0
4095
0
0
0
0
0
0
0
4095
0
0
0
0
0
0
0
4095
0
0
0
0
0
0
0
4095
0
0
0
0
0
0
0
4095
0
0
0
0
0
0
0
4095
0
0
0
0
0
0
0
4095
0
0
0
0
0
0
0
4095
0
0
0
0
0
0
0
4095
0
0
0
0
0
0
0
4095
0
0
0
0
0
0
0
4095
0
0
0
0
0
0
0
4095
0
0
0
0
0
0
0
4095
0
0
0
0
0
0
0
4095
0
0
0
0
0
0
0
4095
0
0
0
0
0
0
0
4095
0
0
0
0
0
0
0
4095
0
0
0
0
0
0
0
4095
0
0
0
0
0
0
0
4095
0
0
0
0
0
0
0
4095
0
0
0
0
0
0
0
4095
0
0
0
0
0
0
0
4095
0
0
0
0
0
0
0
4095
0
0
0
0
0
0
0
4095
0
0
0
0
0
0
0
4095
0
0
0
0
0
0
0
4095
0
0
0
0
0
0
0
4095
0
0
0
0
0
0
0
4095
0
0
0
0
0
0
0
4095
0
0
0
0
0
0
0
4095
0
0
0
0
0
0
0
4095
0
0
0
0
0
0
0
4095
0
0
0
0
0
0
0
4095
0
0
0
0
0
0
0
4095
0
0
0
0
0
0
0
4095
0
0
0
0
0
0
0
4095
0
0
0
0
0
0
0
4095
0
0
0
0
0
0
0
4095
0
0
0
0
0
0
0
4095
0
0
0
0
0
0
0
4095
0
0
0
0
0
0
0
4095
0
0
0
0
0
0
0
4095
0
0
0
0
0
0
0
4095
0
0
0
0
0
0
0
4095
0
0
0
0
0
0
0
4095
0
0
0
0
0
0
0
4095
0
0
0
0
0
0
0
4095
0
0
0
0
0
0
0
4095
0
0
0
0
0
0
0
4095
0
0
0
0
0
0
0
4095
0
0
0
0
0
0
0
4095
0
0
0
0
0
0
0
4095
0
0
0
0
0
0
0
4095
0
0
0
0
0
0
0
4095
0
0
0
0
0
0
0
4095
0
0
0
0
0
0
0
4095
0
0
0
0
0
0
0
4095
0
0
0
0
0
0
0
4095
0
0
0
0
0
0
0
4095
0
0
0
0
0
0
0
4095
0
0
0
0
0
0
0
4095
0
0
0
0
0
0
0
4095
0
0
0
0
0
0
0
4095
0
0
0
0
0
0
0
4095
0
0
0
0
0
0
0
4095
0
0
0
0
0
0
0
4095
0
0
0
0
0
0
0
4095
0
0
0
0
0
0
0
4095
0
0
0
0
0
0
0
4095
0
0
0
0
0
0
0
4095
0
0
0
0
0
0
0
4095
0
0
0
0
0
0
0
4095
0
0
0
0
0
0
0
4095
0
0
0
0
0
0
0
4095
0
0
0
0
0
0
0
4095
0
0
0
0
0
0
0
4095
0
0
0
0
0
0
0
4095
0
0
0
0
0
0
0
4095
0
0
0
0
0
0
0
4095
0
0
0
0
0
0
0
4095
0
0
0
0
0
0
0
4095
0
0
0
0
0
0
0
4095
0
0
0
0
0
0
0
4095
0
0
0
0
0
0
0
4095
0
0
0
0
0
0
0
4095
0
0
0
0
0
0
0
4095
0
0
0
0
0
0
0
4095
0
0
0
0
0
0
0
4095
0
0
0
0
0
0
0
4095
0
0
0
0
0
0
0
4095
0
0
0
0
0
0
0
4095
0
0
0
0
0
0
0
4095
0
0
0
0
0
0
0
4095
0
0
0
0
0
0
0
4095
0
0
0
0
0
0
0
4095
0
0
0
0
0
0
0
4095
0
0
0
0
0
0
0
4095
0
0
0
0
0
0
0
4095
0
0
0
0
0
0
0
4095
0
0
0
0
0
0
0
4095
0
0
0
0
0
0
0
4095
0
0
0
0
0
0
0
4095
0
0
0
0
0
0
0
4095
0
0
0
0
0
0
0
4095
0
0
0
0
0
0
0
4095
0
0
0
0
0
0
0
4095
0
0
0
0
0
0
0
4095
0
0
0
0
0
0
0
4095
0
0
0
0
0
0
0
4095
0
0
0
0
0
0
0
4095
0
0
0
0
0
0
0
4095
0
0
0
0
0
0
0
4095
0
0
0
0
0
0
0
4095
0
0
0
0
0
0
0
4095
0
0
0
0
0
0
0
4095
0
0
0
0
0
0
0
4095
0
0
0
0
0
0
0
4095
0
0
0
0
0
0
0
4095
0
0
0
0
0
0
0
4095
0
0
0
0
0
0
0
4095
0
0
0
0
0
0
0
4095
0
0
0
0
0
0
0
4095
0
0
0
0
0
0
0
4095
0
0
0
0
0
0
0
4095
0
0
0
0
0
0
0
4095
0
0
0
0
0
0
0
4095
0
0
0
0
0
0
0
4095
0
0
0
0
0
0
0
4095
0
0
0
0
0
0
0
4095
0
0
0
0
0
0
0
4095
0
0
0
0
0
0
0
4095
0
0
0
0
0
0
0
4095
0
0
0
0
0
0
0
4095
0
0
0
0
0
0
0
4095
0
0
0
0
0
0
0
4095
0
0
0
0
0
0
0
4095
0
0
0
0
0
0
0
4095
0
0
0
0
0
0
0
4095
0
0
0
0
0
0
0
4095
0
0
0
0
0
0
0
4095
0
0
0
0
0
0
0
4095
0
0
0
0
0
0
0
4095
0
0
0
0
0
0
0
4095
0
0
0
0
0
0
0
4095
0
0
0
0
0
0
0
4095
0
0
0
0
0
0
0
4095
0
0
0
0
0
0
0
4095
0
0
0
0
0
0
