0
0
0
0
0
0
0
0
0
0
0
0
0
0
0
0
0
0
0
0
0
0
0
0
0
0
0
0
0
0
0
0
0
0
0
0
0
0
0
0
0
0
0
0
0
0
0
0
0
0
0
0
0
0
0
0
0
0
0
0
0
0
0
0
0
0
0
0
0
0
0
0
0
0
0
0
0
0
0
0
0
0
0
0
0
0
0
0
0
0
0
0
0
0
0
0
0
0
0
0
0
0
0
0
0
0
0
0
0
0
0
0
0
0
0
0
0
0
0
0
0
0
0
0
0
0
0
0
0
0
0
0
0
0
0
0
0
0
0
0
0
0
0
0
0
0
0
0
0
0
0
0
0
0
0
0
0
0
0
0
0
0
0
0
0
0
0
0
0
0
0
0
0
0
0
0
0
0
0
0
0
0
0
0
4092
4092
0
0
0
0
0
0
0
4094
0
0
0
0
0
0
4094
4095
0
0
0
0
0
0
4092
4092
0
0
0
0
0
0
0
4095
0
0
0
0
0
0
4092
4093
0
0
0
0
0
0
4094
4092
0
0
0
0
0
0
4095
0
0
0
0
0
0
0
4090
4091
0
0
0
0
0
0
1
4095
0
0
0
0
0
0
4093
4095
0
0
0
0
0
0
4090
4089
0
0
0
0
0
0
4
3
0
0
0
0
0
0
4087
4089
0
0
0
0
0
0
0
4091
0
0
0
0
0
0
3
5
0
0
0
0
0
0
4082
4082
0
0
0
0
0
0
10
5
0
0
0
0
0
0
4088
4095
0
0
0
0
0
0
4089
4082
0
0
0
0
0
0
13
15
0
0
0
0
0
0
4075
4081
0
0
0
0
0
0
8
4093
0
0
0
0
0
0
2
12
0
0
0
0
0
0
4072
4069
0
0
0
0
0
0
25
18
0
0
0
0
0
0
4077
4090
0
0
0
0
0
0
4091
4077
0
0
0
0
0
0
22
27
0
0
0
0
0
0
4058
4064
0
0
0
0
0
0
25
8
0
0
0
0
0
0
4092
16
0
0
0
0
0
0
4066
4054
0
0
0
0
0
0
44
38
0
0
0
0
0
0
4054
4076
0
0
0
0
0
0
6
4076
0
0
0
0
0
0
28
43
0
0
0
0
0
0
4036
4040
0
0
0
0
0
0
51
27
0
0
0
0
0
0
4075
11
0
0
0
0
0
0
4063
4040
0
0
0
0
0
0
64
63
0
0
0
0
0
0
4026
4052
0
0
0
0
0
0
29
4086
0
0
0
0
0
0
24
55
0
0
0
0
0
0
4017
4013
0
0
0
0
0
0
83
57
0
0
0
0
0
0
4046
4092
0
0
0
0
0
0
4073
4032
0
0
0
0
0
0
80
92
0
0
0
0
0
0
3990
4016
0
0
0
0
0
0
65
12
0
0
0
0
0
0
7
58
0
0
0
0
0
0
4006
3984
0
0
0
0
0
0
119
95
0
0
0
0
0
0
4003
4061
0
0
0
0
0
0
3
4037
0
0
0
0
0
0
87
119
0
0
0
0
0
0
3954
3973
0
0
0
0
0
0
112
50
0
0
0
0
0
0
4070
47
0
0
0
0
0
0
4008
3963
0
0
0
0
0
0
153
141
0
0
0
0
0
0
3951
4016
0
0
0
0
0
0
47
4057
0
0
0
0
0
0
76
135
0
0
0
0
0
0
3924
3925
0
0
0
0
0
0
169
103
0
0
0
0
0
0
4016
16
0
0
0
0
0
0
4031
3954
0
0
0
0
0
0
176
187
0
0
0
0
0
0
3894
3957
0
0
0
0
0
0
108
1
0
0
0
0
0
0
45
137
0
0
0
0
0
0
3909
3883
0
0
0
0
0
0
226
169
0
0
0
0
0
0
3946
4061
0
0
0
0
0
0
4074
3963
0
0
0
0
0
0
182
226
0
0
0
0
0
0
3837
3888
0
0
0
0
0
0
185
63
0
0
0
0
0
0
4083
115
0
0
0
0
0
0
3914
3849
0
0
0
0
0
0
278
239
0
0
0
0
0
0
3865
3988
0
0
0
0
0
0
45
3995
0
0
0
0
0
0
164
251
0
0
0
0
0
0
3794
3816
0
0
0
0
0
0
270
145
0
0
0
0
0
0
4001
67
0
0
0
0
0
0
3948
3836
0
0
0
0
0
0
313
310
0
0
0
0
0
0
3777
3898
0
0
0
0
0
0
140
4059
0
0
0
0
0
0
115
252
0
0
0
0
0
0
3771
3751
0
0
0
0
0
0
355
242
0
0
0
0
0
0
3896
4086
0
0
0
0
0
0
4012
3850
0
0
0
0
0
0
322
367
0
0
0
0
0
0
3696
3797
0
0
0
0
0
0
253
53
0
0
0
0
0
0
32
222
0
0
0
0
0
0
3776
3702
0
0
0
0
0
0
432
346
0
0
0
0
0
0
3777
3981
0
0
0
0
0
0
16
3896
0
0
0
0
0
0
297
405
0
0
0
0
0
0
3630
3693
0
0
0
0
0
0
375
169
0
0
0
0
0
0
4013
156
0
0
0
0
0
0
3821
3679
0
0
0
0
0
0
484
447
0
0
0
0
0
0
3653
3854
0
0
0
0
0
0
146
3981
0
0
0
0
0
0
231
409
0
0
0
0
0
0
3592
3598
0
0
0
0
0
0
498
306
0
0
0
0
0
0
3870
53
0
0
0
0
0
0
3909
3695
0
0
0
0
0
0
502
533
0
0
0
0
0
0
3536
3712
0
0
0
0
0
0
301
7
0
0
0
0
0
0
121
372
0
0
0
0
0
0
3596
3527
0
0
0
0
0
0
606
449
0
0
0
0
0
0
3705
4008
0
0
0
0
0
0
4041
3753
0
0
0
0
0
0
474
588
0
0
0
0
0
0
3441
3570
0
0
0
0
0
0
471
165
0
0
0
0
0
0
4066
291
0
0
0
0
0
0
3649
3488
0
0
0
0
0
0
684
590
0
0
0
0
0
0
3535
3838
0
0
0
0
0
0
116
3860
0
0
0
0
0
0
397
604
0
0
0
0
0
0
3383
3437
0
0
0
0
0
0
638
344
0
0
0
0
0
0
3877
160
0
0
0
0
0
0
3755
3499
0
0
0
0
0
0
720
712
0
0
0
0
0
0
3374
3650
0
0
0
0
0
0
319
4015
0
0
0
0
0
0
261
567
0
0
0
0
0
0
3375
3332
0
0
0
0
0
0
789
536
0
0
0
0
0
0
3662
4077
0
0
0
0
0
0
3918
3564
0
0
0
0
0
0
697
795
0
0
0
0
0
0
3239
3458
0
0
0
0
0
0
541
116
0
0
0
0
0
0
71
473
0
0
0
0
0
0
3428
3270
0
0
0
0
0
0
904
725
0
0
0
0
0
0
3437
3862
0
0
0
0
0
0
35
3688
0
0
0
0
0
0
610
830
0
0
0
0
0
0
3149
3279
0
0
0
0
0
0
763
345
0
0
0
0
0
0
3931
315
0
0
0
0
0
0
3549
3266
0
0
0
0
0
0
966
891
0
0
0
0
0
0
3223
3622
0
0
0
0
0
0
291
3876
0
0
0
0
0
0
454
801
0
0
0
0
0
0
3120
3132
0
0
0
0
0
0
966
592
0
0
0
0
0
0
3662
103
0
0
0
0
0
0
3741
3330
0
0
0
0
0
0
958
1014
0
0
0
0
0
0
3037
3374
0
0
0
0
0
0
571
18
0
0
0
0
0
0
229
701
0
0
0
0
0
0
3164
3036
0
0
0
0
0
0
1127
837
0
0
0
0
0
0
3375
3935
0
0
0
0
0
0
3997
3468
0
0
0
0
0
0
872
1079
0
0
0
0
0
0
2904
3138
0
0
0
0
0
0
856
300
0
0
0
0
0
0
4044
526
0
0
0
0
0
0
3293
3007
0
0
0
0
0
0
1227
1057
0
0
0
0
0
0
3099
3641
0
0
0
0
0
0
209
3680
0
0
0
0
0
0
702
1068
0
0
0
0
0
0
2842
2939
0
0
0
0
0
0
1119
603
0
0
0
0
0
0
3715
278
0
0
0
0
0
0
3506
3060
0
0
0
0
0
0
1247
1231
0
0
0
0
0
0
2852
3330
0
0
0
0
0
0
550
3959
0
0
0
0
0
0
447
971
0
0
0
0
0
0
2868
2798
0
0
0
0
0
0
1340
912
0
0
0
0
0
0
3365
4067
0
0
0
0
0
0
3798
3201
0
0
0
0
0
0
1173
1336
0
0
0
0
0
0
2664
3030
0
0
0
0
0
0
901
196
0
0
0
0
0
0
119
785
0
0
0
0
0
0
2992
2733
0
0
0
0
0
0
1491
1195
0
0
0
0
0
0
3017
3714
0
0
0
0
0
0
61
3432
0
0
0
0
0
0
998
1355
0
0
0
0
0
0
2558
2770
0
0
0
0
0
0
1238
562
0
0
0
0
0
0
3831
511
0
0
0
0
0
0
3218
2763
0
0
0
0
0
0
1549
1429
0
0
0
0
0
0
2702
3340
0
0
0
0
0
0
465
3744
0
0
0
0
0
0
722
1273
0
0
0
0
0
0
2551
2570
0
0
0
0
0
0
1526
936
0
0
0
0
0
0
3414
163
0
0
0
0
0
0
3539
2897
0
0
0
0
0
0
1501
1587
0
0
0
0
0
0
2447
2972
0
0
0
0
0
0
890
29
0
0
0
0
0
0
358
1087
0
0
0
0
0
0
2658
2458
0
0
0
0
0
0
1739
1292
0
0
0
0
0
0
2991
3851
0
0
0
0
0
0
3943
3134
0
0
0
0
0
0
1334
1649
0
0
0
0
0
0
2282
2639
0
0
0
0
0
0
1301
456
0
0
0
0
0
0
4015
797
0
0
0
0
0
0
2882
2452
0
0
0
0
0
0
1852
1596
0
0
0
0
0
0
2598
3412
0
0
0
0
0
0
313
3473
0
0
0
0
0
0
1050
1597
0
0
0
0
0
0
2228
2373
0
0
0
0
0
0
1668
899
0
0
0
0
0
0
3532
415
0
0
0
0
0
0
3224
2564
0
0
0
0
0
0
1842
1817
0
0
0
0
0
0
2267
2970
0
0
0
0
0
0
808
3896
0
0
0
0
0
0
657
1424
0
0
0
0
0
0
2302
2199
0
0
0
0
0
0
1956
1330
0
0
0
0
0
0
3033
4055
0
0
0
0
0
0
3666
2800
0
0
0
0
0
0
1698
1933
0
0
0
0
0
0
2029
2560
0
0
0
0
0
0
1300
282
0
0
0
0
0
0
173
1129
0
0
0
0
0
0
2514
2143
0
0
0
0
0
0
2134
1711
0
0
0
0
0
0
2556
3551
0
0
0
0
0
0
88
3151
0
0
0
0
0
0
1418
1926
0
0
0
0
0
0
1915
2218
0
0
0
0
0
0
1752
796
0
0
0
0
0
0
3724
723
0
0
0
0
0
0
2859
2219
0
0
0
0
0
0
2179
2009
0
0
0
0
0
0
2140
3038
0
0
0
0
0
0
653
3606
0
0
0
0
0
0
1010
1780
0
0
0
0
0
0
1943
1971
0
0
0
0
0
0
2124
1303
0
0
0
0
0
0
3149
226
0
0
0
0
0
0
3327
2435
0
0
0
0
0
0
2075
2195
0
0
0
0
0
0
1821
2547
0
0
0
0
0
0
1226
41
0
0
0
0
0
0
492
1494
0
0
0
0
0
0
2125
1851
0
0
0
0
0
0
2381
1767
0
0
0
0
0
0
2587
3763
0
0
0
0
0
0
3889
2787
0
0
0
0
0
0
1816
2242
0
0
0
0
0
0
1633
2120
0
0
0
0
0
0
1765
618
0
0
0
0
0
0
3988
1080
0
0
0
0
0
0
2461
1878
0
0
0
0
0
0
2495
2149
0
0
0
0
0
0
2082
3178
0
0
0
0
0
0
422
3262
0
0
0
0
0
0
1409
2141
0
0
0
0
0
0
1597
1791
0
0
0
0
0
0
2229
1203
0
0
0
0
0
0
3343
552
0
0
0
0
0
0
2937
2060
0
0
0
0
0
0
2448
2415
0
0
0
0
0
0
1672
2605
0
0
0
0
0
0
1071
3832
0
0
0
0
0
0
869
1881
0
0
0
0
0
0
1733
1597
0
0
0
0
0
0
2575
1752
0
0
0
0
0
0
2700
4043
0
0
0
0
0
0
3533
2397
0
0
0
0
0
0
2225
2532
0
0
0
0
0
0
1396
2091
0
0
0
0
0
0
1698
370
0
0
0
0
0
0
226
1470
0
0
0
0
0
0
2041
1558
0
0
0
0
0
0
2772
2221
0
0
0
0
0
0
2101
3392
0
0
0
0
0
0
115
2875
0
0
0
0
0
0
1834
2488
0
0
0
0
0
0
1285
1675
0
0
0
0
0
0
2257
1025
0
0
0
0
0
0
3618
930
0
0
0
0
0
0
2510
1688
0
0
0
0
0
0
2794
2576
0
0
0
0
0
0
1594
2742
0
0
0
0
0
0
834
3470
0
0
0
0
0
0
1289
2269
0
0
0
0
0
0
1355
1393
0
0
0
0
0
0
2700
1656
0
0
0
0
0
0
2894
287
0
0
0
0
0
0
3121
1992
0
0
0
0
0
0
2627
2777
0
0
0
0
0
0
1223
2139
0
0
0
0
0
0
1548
52
0
0
0
0
0
0
620
1882
0
0
0
0
0
0
1618
1276
0
0
0
0
0
0
2990
2220
0
0
0
0
0
0
2205
3679
0
0
0
0
0
0
3839
2458
0
0
0
0
0
0
2271
2804
0
0
0
0
0
0
1021
1629
0
0
0
0
0
0
2201
771
0
0
0
0
0
0
3962
1343
0
0
0
0
0
0
2064
1341
0
0
0
0
0
0
3097
2665
0
0
0
0
0
0
1600
2959
0
0
0
0
0
0
521
3064
0
0
0
0
0
0
1740
2644
0
0
0
0
0
0
1014
1254
0
0
0
0
0
0
2745
1481
0
0
0
0
0
0
3171
681
0
0
0
0
0
0
2674
1596
0
0
0
0
0
0
3002
2961
0
0
0
0
0
0
1127
2272
0
0
0
0
0
0
1311
3774
0
0
0
0
0
0
1060
2298
0
0
0
0
0
0
1213
1048
0
0
0
0
0
0
3139
2134
0
0
0
0
0
0
2397
4031
0
0
0
0
0
0
3411
2031
0
0
0
0
0
0
2700
3072
0
0
0
0
0
0
824
1666
0
0
0
0
0
0
2056
448
0
0
0
0
0
0
273
1778
0
0
0
0
0
0
1615
1033
0
0
0
0
0
0
3341
2677
0
0
0
0
0
0
1696
3251
0
0
0
0
0
0
139
2629
0
0
0
0
0
0
2201
2986
0
0
0
0
0
0
726
1194
0
0
0
0
0
0
2701
1226
0
0
0
0
0
0
3523
1111
0
0
0
0
0
0
2203
1223
0
0
0
0
0
0
3331
3071
0
0
0
0
0
0
1117
2484
0
0
0
0
0
0
995
3353
0
0
0
0
0
0
1532
2696
0
0
0
0
0
0
845
890
0
0
0
0
0
0
3201
1964
0
0
0
0
0
0
2674
340
0
0
0
0
0
0
2946
1613
0
0
0
0
0
0
3100
3277
0
0
0
0
0
0
710
1791
0
0
0
0
0
0
1823
63
0
0
0
0
0
0
729
2214
0
0
0
0
0
0
1188
786
0
0
0
0
0
0
3507
2602
0
0
0
0
0
0
1881
3608
0
0
0
0
0
0
3795
2181
0
0
0
0
0
0
2654
3277
0
0
0
0
0
0
507
1218
0
0
0
0
0
0
2566
900
0
0
0
0
0
0
3940
1564
0
0
0
0
0
0
1732
893
0
0
0
0
0
0
3597
3096
0
0
0
0
0
0
1201
2779
0
0
0
0
0
0
606
2902
0
0
0
0
0
0
2013
3060
0
0
0
0
0
0
534
812
0
0
0
0
0
0
3170
1711
0
0
0
0
0
0
3029
784
0
0
0
0
0
0
2459
1218
0
0
0
0
0
0
3453
3405
0
0
0
0
0
0
684
2001
0
0
0
0
0
0
1506
3727
0
0
0
0
0
0
1216
2633
0
0
0
0
0
0
797
608
0
0
0
0
0
0
3589
2441
0
0
0
0
0
0
2155
4023
0
0
0
0
0
0
3316
1741
0
0
0
0
0
0
3076
3500
0
0
0
0
0
0
374
1332
0
0
0
0
0
0
2338
510
0
0
0
0
0
0
311
2019
0
0
0
0
0
0
1284
624
0
0
0
0
0
0
3785
3032
0
0
0
0
0
0
1378
3139
0
0
0
0
0
0
158
2439
0
0
0
0
0
0
2486
3371
0
0
0
0
0
0
296
824
0
0
0
0
0
0
3044
1383
0
0
0
0
0
0
3451
1251
0
0
0
0
0
0
1969
867
0
0
0
0
0
0
3741
3447
0
0
0
0
0
0
755
2290
0
0
0
0
0
0
1116
3265
0
0
0
0
0
0
1713
3016
0
0
0
0
0
0
463
514
0
0
0
0
0
0
3572
2191
0
0
0
0
0
0
2510
380
0
0
0
0
0
0
2815
1329
0
0
0
0
0
0
3450
3647
0
0
0
0
0
0
330
1533
0
0
0
0
0
0
2023
70
0
0
0
0
0
0
810
2456
0
0
0
0
0
0
873
430
0
0
0
0
0
0
3883
2880
0
0
0
0
0
0
1647
3556
0
0
0
0
0
0
3765
1982
0
0
0
0
0
0
2927
3614
0
0
0
0
0
0
143
927
0
0
0
0
0
0
2825
990
0
0
0
0
0
0
3923
1718
0
0
0
0
0
0
1502
580
0
0
0
0
0
0
3948
3397
0
0
0
0
0
0
923
2651
0
0
0
0
0
0
663
2788
0
0
0
0
0
0
2203
3346
0
0
0
0
0
0
205
510
0
0
0
0
0
0
3460
1867
0
0
0
0
0
0
2933
856
0
0
0
0
0
0
2313
962
0
0
0
0
0
0
3757
3704
0
0
0
0
0
0
389
1819
0
0
0
0
0
0
1634
3695
0
0
0
0
0
0
1318
2854
0
0
0
0
0
0
521
317
0
0
0
0
0
0
3883
2640
0
0
0
0
0
0
1999
4016
0
0
0
0
0
0
3254
1553
0
0
0
0
0
0
3320
3776
0
0
0
0
0
0
86
1119
0
0
0
0
0
0
2517
549
0
0
0
0
0
0
334
2171
0
0
0
0
0
0
1077
368
0
0
0
0
0
0
4062
3255
0
0
0
0
0
0
1183
3070
0
0
0
0
0
0
170
2321
0
0
0
0
0
0
2658
3605
0
0
0
0
0
0
35
600
0
0
0
0
0
0
3250
1475
0
0
0
0
0
0
3408
1333
0
0
0
0
0
0
1830
657
0
0
0
0
0
0
3980
3668
0
0
0
0
0
0
545
2176
0
0
0
0
0
0
1184
3212
0
0
0
0
0
0
1819
3199
0
0
0
0
0
0
246
301
0
0
0
0
0
0
3784
2321
0
0
0
0
0
0
2418
402
0
0
0
0
0
0
2743
1173
0
0
0
0
0
0
3643
3850
0
0
0
0
0
0
127
1395
0
0
0
0
0
0
2132
73
0
0
0
0
0
0
851
2583
0
0
0
0
0
0
708
242
0
0
0
0
0
0
4078
3024
0
0
0
0
0
0
1526
3529
0
0
0
0
0
0
3750
1880
0
0
0
0
0
0
3064
3783
0
0
0
0
0
0
4057
782
0
0
0
0
0
0
2952
1035
0
0
0
0
0
0
3917
1794
0
0
0
0
0
0
1391
429
0
0
0
0
0
0
16
3538
0
0
0
0
0
0
794
2593
0
0
0
0
0
0
689
2737
0
0
0
0
0
0
2287
3475
0
0
0
0
0
0
59
375
0
0
0
0
0
0
3586
1935
0
0
0
0
0
0
2892
886
0
0
0
0
0
0
2252
854
0
0
0
0
0
0
3881
3826
0
0
0
0
0
0
268
1745
0
0
0
0
0
0
1686
3683
0
0
0
0
0
0
1359
2941
0
0
0
0
0
0
418
209
0
0
0
0
0
0
3992
2713
0
0
0
0
0
0
1941
4014
0
0
0
0
0
0
3232
1488
0
0
0
0
0
0
3401
3869
0
0
0
0
0
0
4086
1048
0
0
0
0
0
0
2574
560
0
0
0
0
0
0
342
2217
0
0
0
0
0
0
1011
290
0
0
0
0
0
0
47
3318
0
0
0
0
0
0
1128
3050
0
0
0
0
0
0
173
2289
0
0
0
0
0
0
2704
3667
0
0
0
0
0
0
4065
543
0
0
0
0
0
0
3300
1498
0
0
0
0
0
0
3399
1353
0
0
0
0
0
0
1801
613
0
0
0
0
0
0
4029
3712
0
0
0
0
0
0
506
2156
0
0
0
0
0
0
1197
3205
0
0
0
0
0
0
1834
3228
0
0
0
0
0
0
215
270
0
0
0
0
0
0
3810
2336
0
0
0
0
0
0
2408
404
0
0
0
0
0
0
2736
1160
0
0
0
0
0
0
3657
3864
0
0
0
0
0
0
114
1387
0
0
0
0
0
0
2137
73
0
0
0
0
0
0
852
2585
0
0
0
0
0
0
707
243
0
0
0
0
0
0
4075
3021
0
0
0
0
0
0
1531
3531
0
0
0
0
0
0
3751
1887
0
0
0
0
0
0
3054
3769
0
0
0
0
0
0
4076
799
0
0
0
0
0
0
2936
1029
0
0
0
0
0
0
3918
1782
0
0
0
0
0
0
1412
459
0
0
0
0
0
0
4076
3506
0
0
0
0
0
0
825
2607
0
0
0
0
0
0
683
2752
0
0
0
0
0
0
2261
3434
0
0
0
0
0
0
110
424
0
0
0
0
0
0
3537
1908
0
0
0
0
0
0
2909
872
0
0
0
0
0
0
2280
906
0
0
0
0
0
0
3818
3763
0
0
0
0
0
0
335
1786
0
0
0
0
0
0
1656
3692
0
0
0
0
0
0
1332
2883
0
0
0
0
0
0
492
289
0
0
0
0
0
0
3908
2656
0
0
0
0
0
0
1989
4016
0
0
0
0
0
0
3254
1550
0
0
0
0
0
0
3319
3776
0
0
0
0
0
0
91
1125
0
0
0
0
0
0
2508
546
0
0
0
0
0
0
332
2157
0
0
0
0
0
0
1100
399
0
0
0
0
0
0
4023
3222
0
0
0
0
0
0
1216
3081
0
0
0
0
0
0
167
2346
0
0
0
0
0
0
2616
3548
0
0
0
0
0
0
107
663
0
0
0
0
0
0
3188
1447
0
0
0
0
0
0
3423
1305
0
0
0
0
0
0
1883
739
0
0
0
0
0
0
3880
3575
0
0
0
0
0
0
642
2229
0
0
0
0
0
0
1149
3238
0
0
0
0
0
0
1761
3098
0
0
0
0
0
0
373
427
0
0
0
0
0
0
3651
2238
0
0
0
0
0
0
2480
387
0
0
0
0
0
0
2795
1288
0
0
0
0
0
0
3493
3691
0
0
0
0
0
0
296
1511
0
0
0
0
0
0
2037
69
0
0
0
0
0
0
810
2461
0
0
0
0
0
0
873
430
0
0
0
0
0
0
3873
2871
0
0
0
0
0
0
1661
3560
0
0
0
0
0
0
3768
2002
0
0
0
0
0
0
2893
3570
0
0
0
0
0
0
200
974
0
0
0
0
0
0
2776
973
0
0
0
0
0
0
3928
1683
0
0
0
0
0
0
1563
665
0
0
0
0
0
0
3843
3305
0
0
0
0
0
0
1016
2694
0
0
0
0
0
0
643
2833
0
0
0
0
0
0
2124
3227
0
0
0
0
0
0
354
648
0
0
0
0
0
0
3317
1789
0
0
0
0
0
0
2983
818
0
0
0
0
0
0
2397
1110
0
0
0
0
0
0
3569
3517
0
0
0
0
0
0
584
1939
0
0
0
0
0
0
1545
3718
0
0
0
0
0
0
1241
2686
0
0
0
0
0
0
741
550
0
0
0
0
0
0
3634
2469
0
0
0
0
0
0
2138
4021
0
0
0
0
0
0
3314
1733
0
0
0
0
0
0
3078
3501
0
0
0
0
0
0
386
1343
0
0
0
0
0
0
2321
505
0
0
0
0
0
0
307
1993
0
0
0
0
0
0
1328
682
0
0
0
0
0
0
3711
2971
0
0
0
0
0
0
1443
3162
0
0
0
0
0
0
154
2484
0
0
0
0
0
0
2407
3262
0
0
0
0
0
0
431
943
0
0
0
0
0
0
2925
1326
0
0
0
0
0
0
3478
1196
0
0
0
0
0
0
2069
1021
0
0
0
0
0
0
3549
3267
0
0
0
0
0
0
939
2390
0
0
0
0
0
0
1050
3314
0
0
0
0
0
0
1605
2825
0
0
0
0
0
0
706
756
0
0
0
0
0
0
3321
2035
0
0
0
0
0
0
2627
350
0
0
0
0
0
0
2916
1547
0
0
0
0
0
0
3168
3346
0
0
0
0
0
0
654
1754
0
0
0
0
0
0
1844
63
0
0
0
0
0
0
733
2225
0
0
0
0
0
0
1186
786
0
0
0
0
0
0
3492
2588
0
0
0
0
0
0
1902
3613
0
0
0
0
0
0
3801
2211
0
0
0
0
0
0
2599
3208
0
0
0
0
0
0
597
1293
0
0
0
0
0
0
2489
871
0
0
0
0
0
0
3945
1507
0
0
0
0
0
0
1829
1025
0
0
0
0
0
0
3436
2954
0
0
0
0
0
0
1345
2844
0
0
0
0
0
0
572
2969
0
0
0
0
0
0
1892
2873
0
0
0
0
0
0
766
1029
0
0
0
0
0
0
2949
1590
0
0
0
0
0
0
3108
724
0
0
0
0
0
0
2588
1448
0
0
0
0
0
0
3161
3115
0
0
0
0
0
0
988
2188
0
0
0
0
0
0
1365
3762
0
0
0
0
0
0
1096
2371
0
0
0
0
0
0
1136
970
0
0
0
0
0
0
3201
2174
0
0
0
0
0
0
2374
4031
0
0
0
0
0
0
3409
2020
0
0
0
0
0
0
2702
3072
0
0
0
0
0
0
843
1683
0
0
0
0
0
0
2033
443
0
0
0
0
0
0
267
1743
0
0
0
0
0
0
1678
1113
0
0
0
0
0
0
3239
2593
0
0
0
0
0
0
1782
3281
0
0
0
0
0
0
134
2694
0
0
0
0
0
0
2091
2835
0
0
0
0
0
0
912
1357
0
0
0
0
0
0
2537
1150
0
0
0
0
0
0
3561
1034
0
0
0
0
0
0
2343
1435
0
0
0
0
0
0
3067
2823
0
0
0
0
0
0
1369
2622
0
0
0
0
0
0
905
3420
0
0
0
0
0
0
1383
2433
0
0
0
0
0
0
1179
1221
0
0
0
0
0
0
2854
1749
0
0
0
0
0
0
2835
300
0
0
0
0
0
0
3084
1912
0
0
0
0
0
0
2710
2863
0
0
0
0
0
0
1152
2094
0
0
0
0
0
0
1574
54
0
0
0
0
0
0
623
1896
0
0
0
0
0
0
1616
1277
0
0
0
0
0
0
2970
2201
0
0
0
0
0
0
2231
3684
0
0
0
0
0
0
3846
2497
0
0
0
0
0
0
2203
2719
0
0
0
0
0
0
1135
1724
0
0
0
0
0
0
2105
736
0
0
0
0
0
0
3966
1271
0
0
0
0
0
0
2184
1507
0
0
0
0
0
0
2892
2486
0
0
0
0
0
0
1781
3042
0
0
0
0
0
0
481
3149
0
0
0
0
0
0
1587
2410
0
0
0
0
0
0
1306
1527
0
0
0
0
0
0
2467
1329
0
0
0
0
0
0
3270
606
0
0
0
0
0
0
2837
1885
0
0
0
0
0
0
2635
2596
0
0
0
0
0
0
1508
2507
0
0
0
0
0
0
1133
3817
0
0
0
0
0
0
908
1967
0
0
0
0
0
0
1643
1505
0
0
0
0
0
0
2650
1801
0
0
0
0
0
0
2670
4042
0
0
0
0
0
0
3528
2382
0
0
0
0
0
0
2226
2531
0
0
0
0
0
0
1417
2109
0
0
0
0
0
0
1671
363
0
0
0
0
0
0
219
1430
0
0
0
0
0
0
2113
1650
0
0
0
0
0
0
2651
2121
0
0
0
0
0
0
2203
3429
0
0
0
0
0
0
108
2950
0
0
0
0
0
0
1706
2312
0
0
0
0
0
0
1504
1866
0
0
0
0
0
0
2063
934
0
0
0
0
0
0
3660
840
0
0
0
0
0
0
2674
1939
0
0
0
0
0
0
2483
2286
0
0
0
0
0
0
1892
2906
0
0
0
0
0
0
731
3552
0
0
0
0
0
0
1114
1960
0
0
0
0
0
0
1747
1782
0
0
0
0
0
0
2293
1404
0
0
0
0
0
0
3083
241
0
0
0
0
0
0
3285
2346
0
0
0
0
0
0
2169
2290
0
0
0
0
0
0
1744
2496
0
0
0
0
0
0
1257
43
0
0
0
0
0
0
497
1510
0
0
0
0
0
0
2123
1854
0
0
0
0
0
0
2360
1748
0
0
0
0
0
0
2616
3770
0
0
0
0
0
0
3898
2830
0
0
0
0
0
0
1741
2148
0
0
0
0
0
0
1758
2223
0
0
0
0
0
0
1658
579
0
0
0
0
0
0
3994
1000
0
0
0
0
0
0
2594
2062
0
0
0
0
0
0
2268
1949
0
0
0
0
0
0
2282
3270
0
0
0
0
0
0
375
3355
0
0
0
0
0
0
1239
1881
0
0
0
0
0
0
1920
2093
0
0
0
0
0
0
1919
1034
0
0
0
0
0
0
3454
470
0
0
0
0
0
0
3119
2382
0
0
0
0
0
0
2039
2008
0
0
0
0
0
0
2095
2868
0
0
0
0
0
0
875
3881
0
0
0
0
0
0
700
1514
0
0
0
0
0
0
2209
2104
0
0
0
0
0
0
2035
1382
0
0
0
0
0
0
3002
4053
0
0
0
0
0
0
3661
2784
0
0
0
0
0
0
1701
1933
0
0
0
0
0
0
2051
2581
0
0
0
0
0
0
1272
276
0
0
0
0
0
0
166
1087
0
0
0
0
0
0
2590
2240
0
0
0
0
0
0
2008
1606
0
0
0
0
0
0
2664
3592
0
0
0
0
0
0
83
3232
0
0
0
0
0
0
1286
1742
0
0
0
0
0
0
2145
2419
0
0
0
0
0
0
1547
700
0
0
0
0
0
0
3770
628
0
0
0
0
0
0
3032
2483
0
0
0
0
0
0
1853
1705
0
0
0
0
0
0
2453
3208
0
0
0
0
0
0
543
3690
0
0
0
0
0
0
826
1454
0
0
0
0
0
0
2356
2383
0
0
0
0
0
0
1696
1038
0
0
0
0
0
0
3347
176
0
0
0
0
0
0
3498
2805
0
0
0
0
0
0
1593
1683
0
0
0
0
0
0
2369
2921
0
0
0
0
0
0
919
30
0
0
0
0
0
0
361
1102
0
0
0
0
0
0
2655
2459
0
0
0
0
0
0
1717
1271
0
0
0
0
0
0
3021
3858
0
0
0
0
0
0
3951
3177
0
0
0
0
0
0
1259
1552
0
0
0
0
0
0
2407
2743
0
0
0
0
0
0
1195
418
0
0
0
0
0
0
4022
719
0
0
0
0
0
0
3017
2637
0
0
0
0
0
0
1624
1395
0
0
0
0
0
0
2799
3506
0
0
0
0
0
0
268
3567
0
0
0
0
0
0
880
1336
0
0
0
0
0
0
2550
2673
0
0
0
0
0
0
1360
732
0
0
0
0
0
0
3640
331
0
0
0
0
0
0
3406
2887
0
0
0
0
0
0
1435
1413
0
0
0
0
0
0
2689
3232
0
0
0
0
0
0
613
3944
0
0
0
0
0
0
487
1058
0
0
0
0
0
0
2778
2705
0
0
0
0
0
0
1415
960
0
0
0
0
0
0
3335
4065
0
0
0
0
0
0
3794
3187
0
0
0
0
0
0
1175
1335
0
0
0
0
0
0
2686
3051
0
0
0
0
0
0
875
189
0
0
0
0
0
0
112
745
0
0
0
0
0
0
3064
2825
0
0
0
0
0
0
1370
1095
0
0
0
0
0
0
3121
3752
0
0
0
0
0
0
55
3508
0
0
0
0
0
0
869
1178
0
0
0
0
0
0
2776
2962
0
0
0
0
0
0
1043
472
0
0
0
0
0
0
3875
421
0
0
0
0
0
0
3382
3013
0
0
0
0
0
0
1239
1140
0
0
0
0
0
0
2998
3503
0
0
0
0
0
0
360
3825
0
0
0
0
0
0
548
963
0
0
0
0
0
0
2942
2960
0
0
0
0
0
0
1118
683
0
0
0
0
0
0
3603
116
0
0
0
0
0
0
3703
3249
0
0
0
0
0
0
1042
1100
0
0
0
0
0
0
2967
3329
0
0
0
0
0
0
598
19
0
0
0
0
0
0
233
714
0
0
0
0
0
0
3163
3037
0
0
0
0
0
0
1107
818
0
0
0
0
0
0
3402
3942
0
0
0
0
0
0
4002
3506
0
0
0
0
0
0
805
992
0
0
0
0
0
0
3017
3233
0
0
0
0
0
0
759
264
0
0
0
0
0
0
4048
454
0
0
0
0
0
0
3413
3173
0
0
0
0
0
0
1022
878
0
0
0
0
0
0
3280
3725
0
0
0
0
0
0
168
3764
0
0
0
0
0
0
547
833
0
0
0
0
0
0
3134
3211
0
0
0
0
0
0
842
452
0
0
0
0
0
0
3814
204
0
0
0
0
0
0
3671
3350
0
0
0
0
0
0
881
866
0
0
0
0
0
0
3235
3568
0
0
0
0
0
0
373
4003
0
0
0
0
0
0
295
641
0
0
0
0
0
0
3298
3254
0
0
0
0
0
0
853
578
0
0
0
0
0
0
3639
4076
0
0
0
0
0
0
3914
3550
0
0
0
0
0
0
699
794
0
0
0
0
0
0
3257
3474
0
0
0
0
0
0
517
111
0
0
0
0
0
0
66
438
0
0
0
0
0
0
3489
3348
0
0
0
0
0
0
802
640
0
0
0
0
0
0
3526
3894
0
0
0
0
0
0
32
3754
0
0
0
0
0
0
502
680
0
0
0
0
0
0
3334
3441
0
0
0
0
0
0
598
271
0
0
0
0
0
0
3968
239
0
0
0
0
0
0
3688
3479
0
0
0
0
0
0
701
644
0
0
0
0
0
0
3475
3760
0
0
0
0
0
0
201
3942
0
0
0
0
0
0
304
537
0
0
0
0
0
0
3452
3462
0
0
0
0
0
0
619
377
0
0
0
0
0
0
3822
63
0
0
0
0
0
0
3879
3629
0
0
0
0
0
0
569
600
0
0
0
0
0
0
3481
3678
0
0
0
0
0
0
323
9
0
0
0
0
0
0
125
384
0
0
0
0
0
0
3593
3526
0
0
0
0
0
0
590
436
0
0
0
0
0
0
3726
4013
0
0
0
0
0
0
4046
3783
0
0
0
0
0
0
421
520
0
0
0
0
0
0
3530
3643
0
0
0
0
0
0
395
136
0
0
0
0
0
0
4070
233
0
0
0
0
0
0
3744
3620
0
0
0
0
0
0
523
449
0
0
0
0
0
0
3679
3906
0
0
0
0
0
0
84
3927
0
0
0
0
0
0
274
417
0
0
0
0
0
0
3614
3653
0
0
0
0
0
0
419
225
0
0
0
0
0
0
3954
98
0
0
0
0
0
0
3886
3729
0
0
0
0
0
0
429
420
0
0
0
0
0
0
3676
3838
0
0
0
0
0
0
180
4050
0
0
0
0
0
0
140
306
0
0
0
0
0
0
3715
3694
0
0
0
0
0
0
402
272
0
0
0
0
0
0
3879
4085
0
0
0
0
0
0
4011
3841
0
0
0
0
0
0
323
367
0
0
0
0
0
0
3708
3808
0
0
0
0
0
0
235
49
0
0
0
0
0
0
28
197
0
0
0
0
0
0
3821
3757
0
0
0
0
0
0
356
284
0
0
0
0
0
0
3842
4005
0
0
0
0
0
0
13
3945
0
0
0
0
0
0
217
294
0
0
0
0
0
0
3765
3812
0
0
0
0
0
0
256
115
0
0
0
0
0
0
4041
101
0
0
0
0
0
0
3923
3834
0
0
0
0
0
0
293
268
0
0
0
0
0
0
3838
3956
0
0
0
0
0
0
82
4032
0
0
0
0
0
0
123
217
0
0
0
0
0
0
3835
3839
0
0
0
0
0
0
247
150
0
0
0
0
0
0
3986
23
0
0
0
0
0
0
4009
3912
0
0
0
0
0
0
220
231
0
0
0
0
0
0
3858
3934
0
0
0
0
0
0
122
3
0
0
0
0
0
0
45
142
0
0
0
0
0
0
3907
3882
0
0
0
0
0
0
215
157
0
0
0
0
0
0
3960
4064
0
0
0
0
0
0
4077
3983
0
0
0
0
0
0
149
184
0
0
0
0
0
0
3895
3935
0
0
0
0
0
0
136
46
0
0
0
0
0
0
4086
79
0
0
0
0
0
0
3975
3932
0
0
0
0
0
0
172
147
0
0
0
0
0
0
3957
4032
0
0
0
0
0
0
26
4039
0
0
0
0
0
0
87
132
0
0
0
0
0
0
3942
3955
0
0
0
0
0
0
128
67
0
0
0
0
0
0
4051
29
0
0
0
0
0
0
4031
3983
0
0
0
0
0
0
125
123
0
0
0
0
0
0
3971
4019
0
0
0
0
0
0
51
4082
0
0
0
0
0
0
37
84
0
0
0
0
0
0
3990
3984
0
0
0
0
0
0
108
72
0
0
0
0
0
0
4035
4091
0
0
0
0
0
0
4073
4029
0
0
0
0
0
0
81
92
0
0
0
0
0
0
3996
4022
0
0
0
0
0
0
55
10
0
0
0
0
0
0
5
44
0
0
0
0
0
0
4030
4014
0
0
0
0
0
0
80
63
0
0
0
0
0
0
4037
4074
0
0
0
0
0
0
1
4062
0
0
0
0
0
0
45
61
0
0
0
0
0
0
4025
4036
0
0
0
0
0
0
50
21
0
0
0
0
0
0
4082
18
0
0
0
0
0
0
4061
4044
0
0
0
0
0
0
52
47
0
0
0
0
0
0
4048
4069
0
0
0
0
0
0
12
4083
0
0
0
0
0
0
18
33
0
0
0
0
0
0
4052
4052
0
0
0
0
0
0
35
20
0
0
0
0
0
0
4077
0
0
0
0
0
0
0
4082
4068
0
0
0
0
0
0
28
29
0
0
0
0
0
0
4063
4073
0
0
0
0
0
0
14
4094
0
0
0
0
0
0
3
15
0
0
0
0
0
0
4073
4071
0
0
0
0
0
0
21
14
0
0
0
0
0
0
4080
4090
0
0
0
0
0
0
4091
4083
0
0
0
0
0
0
11
14
0
0
0
0
0
0
4078
4081
0
0
0
0
0
0
8
1
0
0
0
0
0
0
4093
3
0
0
0
0
0
0
4085
4082
0
0
0
0
0
0
9
6
0
0
0
0
0
0
4086
4090
0
0
0
0
0
0
0
4091
0
0
0
0
0
0
1
3
0
0
0
0
0
0
4088
4089
0
0
0
0
0
0
1
4095
0
0
0
0
0
0
4092
4095
0
0
0
0
0
0
4092
4091
0
0
0
0
0
0
1
0
0
0
0
0
0
0
4093
4092
0
0
0
0
0
0
4094
4093
0
0
0
0
0
0
4094
4095
0
0
0
0
0
0
4092
4091
0
0
0
0
0
0
0
4095
0
0
0
0
0
0
4093
4094
0
0
0
0
0
0
4094
4092
0
0
0
0
0
0
0
0
0
0
0
0
0
0
4095
0
0
0
0
0
0
0
4095
4095
0
0
0
0
0
0
0
4095
0
0
0
0
0
0
0
0
0
0
0
0
0
0
4095
0
0
0
0
0
0
0
0
0
0
0
0
0
0
0
0
0
0
0
0
0
0
0
0
0
0
0
0
0
0
0
0
0
0
0
0
0
0
0
0
0
0
0
0
0
0
0
0
0
0
0
0
0
0
0
0
0
0
0
0
0
0
0
0
0
0
0
0
0
0
0
0
0
0
0
0
0
0
0
0
0
0
0
0
0
0
0
0
0
0
0
0
0
0
0
0
0
0
0
0
0
0
0
0
0
0
0
0
0
0
0
0
0
0
0
0
0
0
0
0
0
0
0
0
0
0
0
0
0
0
0
0
0
0
0
0
0
0
0
0
0
0
0
0
0
0
0
0
0
0
0
0
0
0
0
0
0
0
0
0
0
0
0
0
0
0
0
0
0
0
0
0
0
0
0
0
0
0
0
0
0
0
0
0
0
0
0
0
0
0
0
0
0
0
0
0
0
0
0
0
0
0
0
0
0
0
0
0
0
0
0
0
0
0
0
0
0
0
0
0
0
0
0
0
0
0
0
0
0
0
0
0
0
0
0
0
0
0
0
0
0
0
0
0
0
0
0
0
0
0
0
0
0
0
0
0
0
0
0
0
0
0
0
0
0
0
0
0
0
0
0
0
0
0
0
0
0
0
0
0
0
0
0
0
0
0
0
0
0
0
0
0
0
0
0
0
0
0
0
0
0
0
0
0
0
0
0
0
0
0
0
0
0
0
0
0
0
0
0
0
0
0
0
0
0
0
0
0
0
0
0
0
0
0
0
0
0
0
0
0
0
0
0
0
0
0
0
0
0
0
0
0
0
0
0
0
0
0
0
0
0
0
0
0
0
0
0
0
0
0
0
0
0
0
0
0
0
0
0
0
0
0
0
0
0
0
0
0
0
0
0
0
0
0
0
0
0
0
0
0
0
0
0
0
0
0
0
0
0
0
0
0
0
0
0
0
0
0
0
0
0
0
0
0
0
0
0
0
0
0
0
0
0
0
0
0
0
0
0
0
0
0
0
0
0
0
0
0
0
0
0
0
0
0
0
0
0
0
0
0
0
0
0
0
0
0
0
0
0
0
0
0
0
0
0
0
0
0
0
0
0
0
0
0
0
0
0
0
0
0
0
0
0
0
0
0
0
0
0
0
0
0
0
0
0
0
0
0
0
0
0
0
0
0
0
0
0
0
0
0
0
0
0
0
0
0
0
0
0
0
0
0
0
0
0
0
0
0
0
0
0
0
0
0
0
0
0
0
0
0
0
0
0
0
0
0
0
0
0
0
0
0
0
0
0
0
0
0
0
0
0
0
0
0
0
0
0
0
0
0
0
0
0
0
0
0
0
0
0
0
0
0
0
0
0
0
0
0
0
0
0
0
0
0
0
0
0
0
0
0
0
0
0
0
0
0
0
0
0
0
0
0
0
0
0
0
0
0
0
0
0
0
0
0
0
0
0
0
0
0
0
0
0
0
0
0
0
0
0
0
0
0
0
0
0
0
0
0
0
0
0
0
0
0
0
0
0
0
0
0
0
0
0
0
0
0
0
0
0
0
0
0
0
0
0
0
0
0
0
0
0
0
0
0
0
0
0
0
0
0
0
0
0
0
0
0
0
0
0
0
0
0
0
0
0
0
0
0
0
0
0
0
0
0
0
0
0
0
0
0
0
0
0
0
0
0
0
0
0
0
0
0
0
0
0
0
0
0
0
0
0
0
0
0
0
0
0
0
0
0
0
0
0
0
0
0
0
0
0
0
0
0
0
0
0
0
0
0
0
0
0
0
0
0
0
0
0
0
0
0
0
0
0
0
0
0
0
0
0
0
0
0
0
0
0
0
0
0
0
0
0
0
0
0
0
0
0
0
0
0
0
0
0
0
0
0
0
0
0
0
0
0
0
0
0
0
0
0
0
0
0
0
0
0
0
0
0
0
0
0
0
0
0
0
0
0
0
0
0
0
0
0
0
0
0
0
0
0
0
0
0
0
0
0
0
0
0
0
0
0
0
0
0
0
0
0
0
0
0
0
0
0
0
0
0
0
0
0
0
0
0
0
0
0
0
0
0
0
0
0
0
0
0
0
0
0
0
0
0
0
0
0
0
0
0
0
0
0
0
0
0
0
0
0
0
0
0
0
0
0
0
0
0
0
0
0
0
0
0
0
0
0
0
0
0
0
0
0
0
0
0
0
0
0
0
0
0
0
0
0
0
0
0
0
0
0
0
0
0
0
0
0
0
0
0
0
0
0
0
0
0
0
0
0
0
0
0
0
0
0
0
0
0
0
0
0
0
0
0
0
0
0
0
0
0
0
0
0
0
0
0
0
0
0
0
0
0
0
0
0
0
0
0
0
0
0
0
0
0
0
0
0
0
0
0
0
0
0
0
0
0
0
0
0
0
0
0
0
0
0
0
0
0
0
0
0
0
0
0
0
0
0
0
0
0
0
0
0
0
0
0
0
0
0
0
0
0
0
0
0
0
0
0
0
0
0
0
0
0
0
0
0
0
0
0
0
0
0
0
0
0
0
0
0
0
0
0
0
0
0
0
0
0
0
0
0
0
0
0
0
0
0
0
0
0
0
0
0
0
0
0
0
0
0
0
0
0
0
0
0
0
0
0
0
0
0
0
0
0
0
0
0
0
0
0
0
0
0
0
0
0
0
0
0
0
0
0
0
0
0
0
0
0
0
0
0
0
0
0
0
0
0
0
0
0
0
0
0
0
0
0
0
0
0
0
0
0
0
0
0
0
0
0
0
0
0
0
0
0
0
0
0
0
0
0
0
0
0
0
0
0
0
0
0
0
0
0
0
0
0
0
0
0
0
0
0
0
0
0
0
0
0
0
0
0
0
0
0
0
0
0
0
0
0
0
0
0
0
0
0
0
0
0
0
0
0
0
0
0
0
0
0
0
0
0
0
0
0
0
0
0
0
0
0
0
0
0
0
0
0
0
0
0
0
0
0
0
0
0
0
0
0
0
0
0
0
0
0
0
0
0
0
0
0
0
0
0
0
0
0
0
0
0
0
0
0
0
0
0
0
0
0
0
0
0
0
0
0
0
0
0
0
0
0
0
0
0
0
0
0
0
0
0
0
0
0
0
0
0
0
0
0
0
0
0
0
0
0
0
0
0
0
0
0
0
0
0
0
0
0
0
0
0
0
0
0
0
0
0
0
0
0
0
0
0
0
0
0
0
0
0
0
0
0
0
0
0
0
0
0
0
0
0
0
0
0
0
0
0
0
0
0
0
0
0
0
0
0
0
0
0
0
0
0
0
0
0
0
0
0
0
0
0
0
0
0
0
0
0
0
0
0
0
0
0
0
0
0
0
0
0
0
0
0
0
0
0
0
0
0
0
0
0
0
0
0
0
0
0
0
0
0
0
0
0
0
0
0
0
0
0
0
0
0
0
0
0
0
0
0
0
0
0
0
0
0
0
0
0
0
0
0
0
0
0
0
0
0
0
0
0
0
0
0
0
0
0
0
0
0
0
0
0
0
0
0
0
0
0
0
0
0
0
0
0
0
0
0
0
0
0
0
0
0
0
0
0
0
0
0
0
0
0
0
0
0
0
0
0
0
0
0
0
0
0
0
0
0
0
0
0
0
0
0
0
0
0
0
0
0
0
0
0
0
0
0
0
0
0
0
0
0
0
0
0
0
0
0
0
0
0
0
0
0
0
0
0
0
0
0
0
0
0
0
0
0
0
0
0
0
0
0
0
0
0
0
0
0
0
0
0
0
0
0
0
0
0
0
0
0
0
0
0
0
0
0
0
0
0
0
0
0
0
0
0
0
0
0
0
0
0
0
0
0
0
0
0
0
0
0
0
0
0
0
0
0
0
0
0
0
0
0
0
0
0
0
0
0
0
0
0
0
0
0
0
0
0
0
0
0
0
0
0
0
0
0
0
0
0
0
0
0
0
0
0
0
0
0
0
0
0
0
0
0
0
0
0
0
0
0
0
0
0
0
0
0
0
0
0
0
0
0
0
0
0
0
0
0
0
0
0
0
0
0
0
0
0
0
0
0
0
0
0
0
0
0
0
0
0
0
0
0
0
0
0
0
0
0
0
0
0
0
0
0
0
0
0
0
0
0
0
0
0
0
0
0
0
0
0
0
0
0
0
0
0
0
0
0
0
0
0
0
0
0
0
0
0
0
0
0
0
0
0
0
0
0
0
0
0
0
0
0
0
0
0
0
0
0
0
0
0
0
0
0
0
0
0
0
0
0
0
0
0
0
0
0
0
0
0
0
0
0
0
0
0
0
0
0
0
0
0
0
0
0
0
0
0
0
0
0
0
0
0
0
0
0
0
0
0
0
0
0
0
0
0
0
0
0
0
0
0
0
0
0
0
0
0
0
0
0
0
0
0
0
0
0
0
0
0
0
0
0
0
0
0
0
0
0
0
0
0
0
0
0
0
0
0
0
0
0
0
0
0
0
0
0
0
0
0
0
0
0
0
0
0
0
0
0
0
0
0
0
0
0
0
0
0
0
0
0
0
0
0
0
0
0
0
0
0
0
0
0
0
0
0
0
0
0
0
0
0
0
0
0
0
0
0
0
0
0
0
0
0
0
0
0
0
0
0
0
0
0
0
0
0
0
0
0
0
0
0
0
0
0
0
0
0
0
0
0
0
0
0
0
0
0
0
0
0
0
0
0
0
0
0
0
0
0
0
0
0
0
0
0
0
0
0
0
0
0
0
0
0
0
0
0
0
0
0
0
0
0
0
0
0
0
0
0
0
0
0
0
0
0
0
0
0
0
0
0
0
0
0
0
0
0
0
0
0
0
0
0
0
0
0
0
0
0
0
0
0
0
0
0
0
0
0
0
0
0
0
0
0
0
0
0
0
0
0
0
0
0
0
0
0
0
0
0
0
0
0
0
0
0
0
0
0
0
0
0
0
0
0
0
0
0
0
0
0
0
0
0
0
0
0
0
0
0
0
0
0
0
0
0
0
0
0
0
0
0
0
0
0
0
0
0
0
0
0
0
0
0
0
0
0
0
0
0
0
0
0
0
0
0
0
0
0
0
0
0
0
0
0
0
0
0
0
0
0
0
0
0
0
0
0
0
0
0
0
0
0
0
0
0
0
0
0
0
0
0
0
0
0
0
0
0
0
0
0
0
0
0
0
0
0
0
0
0
0
0
0
0
0
0
0
0
0
0
0
0
0
0
0
0
0
0
0
0
0
0
0
0
0
0
0
0
0
0
0
0
0
0
0
0
0
0
0
0
0
0
0
0
0
0
0
0
0
0
0
0
0
0
0
0
0
0
0
0
0
0
0
0
0
0
0
0
0
0
0
0
0
0
0
0
0
0
0
0
0
0
0
0
0
0
0
0
0
0
0
0
0
0
0
0
0
0
0
0
0
0
0
0
0
0
0
0
0
0
0
0
0
0
0
0
0
0
0
0
0
0
0
0
0
0
0
0
0
0
0
0
0
0
0
0
0
0
0
0
0
0
0
0
0
0
0
0
0
0
0
0
0
0
0
0
0
0
0
0
0
0
0
0
0
0
0
0
0
0
0
0
0
0
0
0
0
0
0
0
0
0
0
0
0
0
0
0
0
0
0
0
0
0
0
0
0
0
0
0
0
0
0
0
0
0
0
0
0
0
0
0
0
0
0
0
0
0
0
0
0
0
0
0
0
0
0
0
0
0
0
0
0
0
0
0
0
0
0
0
0
0
0
0
0
0
0
0
0
0
0
0
0
0
0
0
0
0
0
0
0
0
0
0
0
0
0
0
0
0
0
0
0
0
0
0
0
0
0
0
0
0
0
0
0
0
0
0
0
0
0
0
0
0
0
0
0
0
0
0
0
0
0
0
0
0
0
0
0
0
0
0
0
0
0
0
0
0
0
0
0
0
0
0
0
0
0
0
0
0
0
0
0
0
0
0
0
0
0
0
0
0
0
0
0
0
0
0
0
0
0
0
0
0
0
0
0
0
0
0
0
0
0
0
0
0
0
0
0
0
0
0
0
0
0
0
0
0
0
0
0
0
0
0
0
0
0
0
0
0
0
0
0
0
0
0
0
0
0
0
0
0
0
0
0
0
0
0
0
0
0
0
0
0
0
0
0
0
0
0
0
0
0
0
0
0
0
0
0
0
0
0
0
0
0
0
0
0
0
0
0
0
0
0
0
0
0
0
0
0
0
0
0
0
0
0
0
0
0
0
0
0
0
0
0
0
0
0
0
0
0
0
0
0
0
0
0
0
0
0
0
0
0
0
0
0
0
0
0
0
0
0
0
0
0
0
0
0
0
0
0
0
0
0
0
0
0
0
0
0
0
0
0
0
0
0
0
0
0
0
0
0
0
0
0
0
0
0
0
0
0
0
0
0
0
0
0
0
0
0
0
0
0
0
0
0
0
0
0
0
0
0
0
0
0
0
0
0
0
0
0
0
0
0
0
0
0
0
0
0
0
0
0
0
0
0
0
0
0
0
0
0
0
0
0
0
0
0
0
0
0
0
0
0
0
0
0
0
0
0
0
0
0
0
0
0
0
0
0
0
0
0
0
0
0
0
0
0
0
0
0
0
0
0
0
0
0
0
0
0
0
0
0
0
0
0
0
0
0
0
0
0
0
0
0
0
0
0
0
0
0
0
0
0
0
0
0
0
0
0
0
0
0
0
0
0
0
0
0
0
0
0
0
0
0
0
0
0
0
0
0
0
0
0
0
0
0
0
0
0
0
0
0
0
0
0
0
0
0
0
0
0
0
0
0
0
0
0
0
0
0
0
0
0
0
0
0
0
0
0
0
0
0
0
0
0
0
0
0
0
0
0
0
0
0
0
0
0
0
0
0
0
0
0
0
0
0
0
0
0
0
0
0
0
0
0
0
0
0
0
0
0
0
0
0
0
0
0
0
0
0
0
0
0
0
0
0
0
0
0
0
0
0
0
0
0
0
0
0
0
0
0
0
0
0
0
0
0
0
0
0
0
0
0
0
0
0
0
0
0
0
0
0
0
0
0
0
0
0
0
0
0
0
0
0
0
0
0
0
0
0
0
0
0
0
0
0
0
0
0
0
0
0
0
0
0
0
0
0
0
0
0
0
0
0
0
0
0
0
0
0
0
0
0
0
0
0
0
0
0
0
0
0
0
0
0
0
0
0
0
0
0
0
0
0
0
0
0
0
0
0
0
0
0
0
0
0
0
0
0
0
0
0
0
0
0
0
0
0
0
0
0
0
0
0
0
0
0
0
0
0
0
0
0
0
0
0
0
0
0
0
0
0
0
0
0
0
0
0
0
0
0
0
0
0
0
0
0
0
0
0
0
0
0
0
0
0
0
0
0
0
0
0
0
0
0
0
0
0
0
0
0
0
0
0
0
0
0
0
0
0
0
0
0
0
0
0
0
0
0
0
0
0
0
0
0
0
0
0
0
0
0
0
0
0
0
0
0
0
0
0
0
0
0
0
0
0
0
0
0
0
0
0
0
0
0
0
0
0
0
0
0
0
0
0
0
0
0
0
0
0
0
0
0
0
0
0
0
0
0
0
0
0
0
0
0
0
0
0
0
0
0
0
0
0
0
0
0
0
0
0
0
0
0
0
0
0
0
0
0
0
0
0
0
0
0
0
0
0
0
0
0
0
0
0
0
0
0
0
0
0
0
0
0
0
0
0
0
0
0
0
0
0
0
0
0
0
0
0
0
0
0
0
0
0
0
0
0
0
0
0
0
0
0
0
0
0
0
0
0
0
0
0
0
0
0
0
0
0
0
0
0
0
0
0
0
0
0
0
0
0
0
0
0
0
0
0
0
0
0
0
0
0
0
0
0
0
0
0
0
0
0
0
0
0
0
0
0
0
0
0
0
0
0
0
0
0
0
0
0
0
0
0
0
0
0
0
0
0
0
0
0
0
0
0
0
0
0
0
0
0
0
0
0
0
0
0
0
0
0
0
0
0
0
0
0
0
0
0
0
0
0
0
0
0
0
0
0
0
0
0
0
0
0
0
0
0
0
0
0
0
0
0
0
0
0
0
0
0
0
0
0
0
0
0
0
0
0
0
0
0
0
0
0
0
0
0
0
0
0
0
0
0
0
0
0
0
0
0
0
0
0
0
0
0
0
0
0
0
0
0
0
0
0
0
0
0
0
0
0
0
0
0
0
0
0
0
0
0
0
0
0
0
0
0
0
0
0
0
0
0
0
0
0
0
0
0
0
0
0
0
0
0
0
0
0
0
0
0
0
0
0
0
0
0
0
0
0
0
0
0
0
0
0
0
0
0
0
0
0
0
0
0
0
0
0
0
0
0
0
0
0
0
0
0
0
0
0
0
0
0
0
0
0
0
0
0
0
0
0
0
0
0
0
0
0
0
0
0
0
0
0
0
0
0
0
0
0
0
0
0
0
0
0
0
0
0
0
0
0
0
0
0
0
0
0
0
0
0
0
0
0
0
0
0
0
0
0
0
0
0
0
0
0
0
0
0
0
0
0
0
0
0
0
0
0
0
0
0
0
0
0
0
0
0
0
0
0
0
0
0
0
0
0
0
0
0
0
0
0
0
0
0
0
0
0
0
0
0
0
0
0
0
0
0
0
0
0
0
0
0
0
0
0
0
0
0
0
0
0
0
0
0
0
0
0
0
0
0
0
0
0
0
0
0
0
0
0
0
0
0
0
0
0
0
0
0
0
0
0
0
0
0
0
0
0
0
0
0
0
0
0
0
0
0
0
0
0
0
0
0
0
0
0
0
0
0
0
0
0
0
0
0
0
0
0
0
0
0
0
0
0
0
0
0
0
0
0
0
0
0
0
0
0
0
0
0
0
0
0
0
0
0
0
0
0
0
0
0
0
0
0
0
0
0
0
0
0
0
0
0
0
0
0
0
0
0
0
0
0
0
0
0
0
0
0
0
0
0
0
0
0
0
0
0
0
0
0
0
0
0
0
0
0
0
0
0
0
0
0
0
0
0
0
0
0
0
0
0
0
0
0
0
0
0
0
0
0
0
0
0
0
0
0
0
0
0
0
0
0
0
0
0
0
0
0
0
0
0
0
0
0
0
0
0
0
0
0
0
0
0
0
0
0
0
0
0
0
0
0
0
0
0
0
0
0
0
0
0
0
0
0
0
0
0
0
0
0
0
0
0
0
0
0
0
0
0
0
0
0
0
0
0
0
0
0
0
0
0
0
0
0
0
0
0
0
0
0
0
0
0
0
0
0
0
0
0
0
0
0
0
0
0
0
0
0
0
0
0
0
0
0
0
0
0
0
0
0
0
0
0
0
0
0
0
0
0
0
0
0
0
0
0
0
0
0
0
0
0
0
0
0
0
0
0
0
0
0
0
0
0
0
0
0
0
0
0
0
0
0
0
0
0
0
0
0
0
0
0
0
0
0
0
0
0
0
0
0
0
0
0
0
0
0
0
0
0
0
0
0
0
0
0
0
0
0
0
0
0
0
0
0
0
0
0
0
0
0
0
0
0
0
0
0
0
0
0
0
0
0
0
0
0
0
0
0
0
0
0
0
0
0
0
0
0
0
0
0
0
0
0
0
0
0
0
0
0
0
0
0
0
0
0
0
0
0
0
0
0
0
0
0
0
0
0
0
0
0
0
0
0
0
0
0
0
0
0
0
0
0
0
0
0
0
0
0
0
0
0
0
0
0
0
0
0
0
0
0
0
0
0
0
0
0
0
0
0
0
0
0
0
0
0
0
0
0
0
0
0
0
0
0
0
0
0
0
0
0
0
0
0
0
0
0
0
0
0
0
0
0
0
0
0
0
0
0
0
0
0
0
0
0
0
0
0
0
0
0
0
0
0
0
0
0
0
0
0
0
0
0
0
0
0
0
0
0
0
0
0
0
0
0
0
0
0
0
0
0
0
0
0
0
0
0
0
0
0
0
0
0
0
0
0
0
0
0
0
0
0
0
0
0
0
0
0
0
0
0
0
0
0
0
0
0
0
0
0
0
0
0
0
0
0
0
0
0
0
0
0
0
0
0
0
0
0
0
0
0
0
0
0
0
0
0
0
0
0
0
0
0
0
0
0
0
0
0
0
0
0
0
0
0
0
0
0
0
0
0
0
0
0
0
0
0
0
0
0
0
0
0
0
0
0
0
0
0
0
0
0
0
0
0
0
0
0
0
0
0
0
0
0
0
0
0
0
0
0
0
0
0
0
0
0
0
0
0
0
0
0
0
0
0
0
0
0
0
0
0
0
0
0
0
0
0
0
0
0
0
0
0
0
0
0
0
0
0
0
0
0
0
0
0
0
0
0
0
0
0
0
0
0
0
0
0
0
0
0
0
0
0
0
0
0
0
0
0
0
0
0
0
0
0
0
0
0
0
0
0
0
0
0
0
0
0
0
0
0
0
0
0
0
0
0
0
0
0
0
0
0
0
0
0
0
0
0
0
0
0
0
0
0
0
0
0
0
0
0
0
0
0
0
0
0
0
0
0
0
0
0
0
0
0
0
0
0
0
0
0
0
0
0
0
0
0
0
0
0
0
0
0
0
0
0
0
0
0
0
0
0
0
0
0
0
0
0
0
0
0
0
0
0
0
0
0
0
0
0
0
0
0
0
0
0
0
0
0
0
0
0
0
0
0
0
0
0
0
0
0
0
0
0
0
0
0
0
0
0
0
0
0
0
0
0
0
0
0
0
0
0
0
0
0
0
0
0
0
0
0
0
0
0
0
0
0
0
0
0
0
0
0
0
0
0
0
0
0
0
0
0
0
0
0
0
0
0
0
0
0
0
0
0
0
0
0
0
0
0
0
0
0
0
0
0
0
0
0
0
0
0
0
0
0
0
0
0
0
0
0
0
0
0
0
0
0
0
0
0
0
0
0
0
0
0
0
0
0
0
0
0
0
0
0
0
0
0
0
0
0
0
0
0
0
0
0
0
0
0
0
0
0
0
0
0
0
0
0
0
0
0
0
0
0
0
0
0
0
0
0
0
0
0
0
0
0
0
0
0
0
0
0
0
0
0
0
0
0
0
0
0
0
0
0
0
0
0
0
0
0
0
0
0
0
0
0
0
0
0
0
0
0
0
0
0
0
0
0
0
0
0
0
0
0
0
0
0
0
0
0
0
0
0
0
0
0
0
0
0
0
0
0
0
0
0
0
0
0
0
0
0
0
0
0
0
0
0
0
0
0
0
0
0
0
0
0
0
0
0
0
0
0
0
0
0
0
0
0
0
0
0
0
0
0
0
0
0
0
0
0
0
0
0
0
0
0
0
0
0
0
0
0
0
0
0
0
0
0
0
0
0
0
0
0
0
0
0
0
0
0
0
0
0
0
0
0
0
0
0
0
0
0
0
0
0
0
0
0
0
0
0
0
0
0
0
0
0
0
0
0
0
0
0
0
0
0
0
0
0
0
0
0
0
0
0
0
0
0
0
0
0
0
0
0
0
0
0
0
0
0
0
0
0
0
0
0
0
0
0
0
0
0
0
0
0
0
0
0
0
0
0
0
0
0
0
0
0
0
0
0
0
0
0
0
0
0
0
0
0
0
0
0
0
0
0
0
0
0
0
0
0
0
0
0
0
0
0
0
0
0
0
0
0
0
0
0
0
0
0
0
0
0
0
0
0
0
0
0
0
0
0
0
0
0
0
0
0
0
0
0
0
0
0
0
0
0
0
0
0
0
0
0
0
0
0
0
0
0
0
0
0
0
0
0
0
0
0
0
0
0
0
0
0
0
0
0
0
0
0
0
0
0
0
0
0
0
0
0
0
0
0
0
0
0
0
0
0
0
0
0
0
0
0
0
0
0
0
0
0
0
0
0
0
0
0
0
0
0
0
0
0
0
0
0
0
0
0
0
0
0
0
0
0
0
0
0
0
0
0
0
0
0
0
0
0
0
0
0
0
0
0
0
0
0
0
0
0
0
0
0
0
0
0
0
0
0
0
0
0
0
0
0
0
0
0
0
0
0
0
0
0
0
0
0
0
0
0
0
0
0
0
0
0
0
0
0
0
0
0
0
0
0
0
0
0
0
0
0
0
0
0
0
0
0
0
0
0
0
0
0
0
0
0
0
0
0
0
0
0
0
0
0
0
0
0
0
0
0
0
0
0
0
0
0
0
0
0
0
0
0
0
0
0
0
0
0
0
0
0
0
0
0
0
0
0
0
0
0
0
0
0
0
0
0
0
0
0
0
0
0
0
0
0
0
0
0
0
0
0
0
0
0
0
0
0
0
0
0
0
0
0
0
0
0
0
0
0
0
0
0
0
0
0
0
0
0
0
0
0
0
0
0
0
0
0
0
0
0
0
0
0
0
0
0
0
0
0
0
0
0
0
0
0
0
0
0
0
0
0
0
0
0
0
0
0
0
0
0
0
0
0
0
0
0
0
0
0
0
0
0
0
0
0
0
0
0
0
0
0
0
0
0
0
0
0
0
0
0
0
0
0
0
0
0
0
0
0
0
0
0
0
0
0
0
0
0
0
0
0
0
0
0
0
0
0
0
0
0
0
0
0
0
0
0
0
0
0
0
0
0
0
0
0
0
0
0
0
0
0
0
0
0
0
0
0
0
0
0
0
0
0
0
0
0
0
0
0
0
0
0
0
0
0
0
0
0
0
0
0
0
0
0
0
0
0
0
0
0
0
0
0
0
0
0
0
0
0
0
0
0
0
0
0
0
0
0
0
0
0
0
0
0
0
0
0
0
0
0
0
0
0
0
0
0
0
0
0
0
0
0
0
0
0
0
0
0
0
0
0
0
0
0
0
0
0
0
0
0
0
0
0
0
0
0
0
0
0
0
0
0
0
0
0
0
0
0
0
0
0
0
0
0
0
0
0
0
0
0
0
0
0
0
0
0
0
0
0
0
0
0
0
0
0
0
0
0
0
0
0
0
0
0
0
0
0
0
0
0
0
0
0
0
0
0
0
0
0
0
0
0
0
0
0
0
0
0
0
0
0
0
0
0
0
0
0
0
0
0
0
0
0
0
0
0
0
0
0
0
0
0
0
0
0
0
0
0
0
0
0
0
0
0
0
0
0
0
0
0
0
0
0
0
0
0
0
0
0
0
0
0
0
0
0
0
0
0
0
0
0
0
0
0
0
0
0
0
0
0
0
0
0
0
0
0
0
0
0
0
0
0
0
0
0
0
0
0
0
0
0
0
0
0
0
0
0
0
0
0
0
0
0
0
0
0
0
0
0
0
0
0
0
0
0
0
0
0
0
0
0
0
0
0
0
0
0
0
0
0
0
0
0
0
0
0
0
0
0
0
0
0
0
0
0
0
0
0
0
0
0
0
0
0
0
0
0
0
0
0
0
0
0
0
0
0
0
0
0
0
0
0
0
0
0
0
0
0
0
0
0
0
0
0
0
0
0
0
0
0
0
0
0
0
0
0
0
0
0
0
0
0
0
0
0
0
0
0
0
0
0
0
0
0
0
0
0
0
0
0
0
0
0
0
0
0
0
0
0
0
0
0
0
0
0
0
0
0
0
0
0
0
0
0
0
0
0
0
0
0
0
0
0
0
0
0
0
0
0
0
0
0
0
0
0
0
0
0
0
0
0
0
0
0
0
0
0
0
0
0
0
0
0
0
0
0
0
0
0
0
0
0
0
0
0
0
0
0
0
0
0
0
0
0
0
0
0
0
0
0
0
0
0
0
0
0
0
0
0
0
0
0
0
0
0
0
0
0
0
0
0
0
0
0
0
0
0
0
0
0
0
0
0
0
0
0
0
0
0
0
0
0
0
0
0
0
0
0
0
0
0
0
0
0
0
0
0
0
0
0
0
0
0
0
0
0
0
0
0
0
0
0
0
0
0
0
0
0
0
0
0
0
0
0
0
0
0
0
0
0
0
0
0
0
0
0
0
0
0
0
0
0
0
0
0
0
0
0
0
0
0
0
0
0
0
0
0
0
0
0
0
0
0
0
0
0
0
0
0
0
0
0
0
0
0
0
0
0
0
0
0
0
0
0
0
0
0
0
0
0
0
0
0
0
0
0
0
0
0
0
0
0
0
0
0
0
0
0
0
0
0
0
0
0
0
0
0
0
0
0
0
0
0
0
0
0
0
0
0
0
0
0
0
0
0
0
0
0
0
0
0
0
0
0
0
0
0
0
0
0
0
0
0
0
0
0
0
0
0
0
0
0
0
0
0
0
0
0
0
0
0
0
0
0
0
0
0
0
0
0
0
0
0
0
0
0
0
0
0
0
0
0
0
0
0
0
0
0
0
0
0
0
0
0
0
0
0
0
0
0
0
0
0
0
0
0
0
0
0
0
0
0
0
0
0
0
0
0
0
0
0
0
0
0
0
0
0
0
0
0
0
0
0
0
0
0
0
0
0
0
0
0
0
0
0
0
0
0
0
0
0
0
0
0
0
0
0
0
0
0
0
0
0
0
0
0
0
0
0
0
0
0
0
0
0
0
0
0
0
0
0
0
0
0
0
0
0
0
0
0
0
0
0
0
0
0
0
0
0
0
0
0
0
0
0
0
0
0
0
0
0
0
0
0
0
0
0
0
0
0
0
0
0
0
0
0
0
0
0
0
0
0
0
0
0
0
0
0
0
0
0
0
0
0
0
0
0
0
0
0
0
0
0
0
0
0
0
0
0
0
0
0
0
0
0
0
0
0
0
0
0
0
0
0
0
0
0
0
0
0
0
0
0
0
0
0
0
0
0
0
0
0
0
0
0
0
0
0
0
0
0
0
0
0
0
0
0
0
0
0
0
0
0
0
0
0
0
0
0
0
0
0
0
0
0
0
0
0
0
0
0
0
0
0
0
0
0
0
0
0
0
0
0
0
0
0
0
0
0
0
0
0
0
0
0
0
0
0
0
0
0
0
0
0
0
0
0
0
0
0
0
0
0
0
0
0
0
0
0
0
0
0
0
0
0
0
0
0
0
0
0
0
0
0
0
0
0
0
0
0
0
0
0
0
0
0
0
0
0
0
0
0
0
0
0
0
0
0
0
0
0
0
0
0
0
0
0
0
0
0
0
0
0
0
0
0
0
0
0
0
0
0
0
0
0
0
0
0
0
0
0
0
0
0
0
0
0
0
0
0
0
0
0
0
0
0
0
0
0
0
0
0
0
0
0
0
0
0
0
0
0
0
0
0
0
0
0
0
0
0
0
0
0
0
0
0
0
0
0
0
0
0
0
0
0
0
0
0
0
0
0
0
0
0
0
0
0
0
0
0
0
0
0
0
0
0
0
0
0
0
0
0
0
0
0
0
0
0
0
0
0
0
0
0
0
0
0
0
0
0
0
0
0
0
0
0
0
0
0
0
0
0
0
0
0
0
0
0
0
0
0
0
0
0
0
0
0
0
0
0
0
0
0
0
0
0
0
0
0
0
0
0
0
0
0
0
0
0
0
0
0
0
0
0
0
0
0
0
0
0
0
0
0
0
0
0
0
0
0
0
0
0
0
0
0
0
0
0
0
0
0
0
0
0
0
0
0
0
0
0
0
0
0
0
0
0
0
0
0
0
0
0
0
0
0
0
0
0
0
0
0
0
0
0
0
0
0
0
0
0
0
0
0
0
0
0
0
0
0
0
0
0
0
0
0
0
0
0
0
0
0
0
0
0
0
0
0
0
0
0
0
0
0
0
0
0
0
0
0
0
0
0
0
0
0
0
0
0
0
0
0
0
0
0
0
0
0
0
0
0
0
0
0
0
0
0
0
0
0
0
0
0
0
0
0
0
0
0
0
0
0
0
0
0
0
0
0
0
0
0
0
0
0
0
0
0
0
0
0
0
0
0
0
0
0
0
0
0
0
0
0
0
0
0
0
0
0
0
0
0
0
0
0
0
0
0
0
0
0
0
0
0
0
0
0
0
0
0
0
0
0
0
0
0
0
0
0
0
0
0
0
0
0
0
0
0
0
0
0
0
0
0
0
0
0
0
0
0
0
0
0
0
0
0
0
0
0
0
0
0
0
0
0
0
0
0
0
0
0
0
0
0
0
0
0
0
0
0
0
0
0
0
0
0
0
0
0
0
0
0
0
0
0
0
0
0
0
0
0
0
0
0
0
0
0
0
0
0
0
0
0
0
0
0
0
0
0
0
0
0
0
0
0
0
0
0
0
0
0
0
0
0
0
0
0
0
0
0
0
0
0
0
0
0
0
0
0
0
0
0
0
0
0
0
0
0
0
0
0
0
0
0
0
0
0
0
0
0
0
0
0
0
0
0
0
0
0
0
0
0
0
0
0
0
0
0
0
0
0
0
0
0
0
0
0
0
0
0
0
0
0
0
0
0
0
0
0
0
0
0
0
0
0
0
0
0
0
0
0
0
0
0
0
0
0
0
0
0
0
0
0
0
0
0
0
0
0
0
0
0
0
0
0
0
0
0
0
0
0
0
0
0
0
0
0
0
0
0
0
0
0
0
0
0
0
0
0
0
0
0
0
0
0
0
0
0
0
0
0
0
0
0
0
0
0
0
0
0
0
0
0
0
0
0
0
0
0
0
0
0
0
0
0
0
0
0
0
0
0
0
0
0
0
0
0
0
0
0
0
0
0
0
0
0
0
0
0
0
0
0
0
0
0
0
0
0
0
0
0
0
0
0
0
0
0
0
0
0
0
0
0
0
0
0
0
0
0
0
0
0
0
0
0
0
0
0
0
0
0
0
0
0
0
0
0
0
0
0
0
0
0
0
0
0
0
0
0
0
0
0
0
0
0
0
0
0
0
0
0
0
0
0
0
0
0
0
0
0
0
0
0
0
0
0
0
0
0
0
0
0
0
0
0
0
0
0
0
0
0
0
0
0
0
0
0
0
0
0
0
0
0
0
0
0
0
0
0
0
0
0
0
0
0
0
0
0
0
0
0
0
0
0
0
0
0
0
0
0
0
0
0
0
0
0
0
0
0
0
0
0
0
0
0
0
0
0
0
0
0
0
0
0
0
0
0
0
0
0
0
0
0
0
0
0
0
0
0
0
0
0
0
0
0
0
0
0
0
0
0
0
0
0
0
0
0
0
0
0
0
0
0
0
0
0
0
0
0
0
0
0
0
0
0
0
0
0
0
0
0
0
0
0
0
0
0
0
0
0
0
0
0
0
0
0
0
0
0
0
0
0
0
0
0
0
0
0
0
0
0
0
0
0
0
0
0
0
0
0
0
0
0
0
0
0
0
0
0
0
0
0
0
0
0
0
0
0
0
0
0
0
0
0
0
0
0
0
0
0
0
0
0
0
0
0
0
0
0
0
0
0
0
0
0
0
0
0
0
0
0
0
0
0
0
0
0
0
0
0
0
0
0
0
0
0
0
0
0
0
0
0
0
0
0
0
0
0
0
0
0
0
0
0
0
0
0
0
0
0
0
0
0
0
0
0
0
0
0
0
0
0
0
0
0
0
0
0
0
0
0
0
0
0
0
0
0
0
0
0
0
0
0
0
0
0
0
0
0
0
0
0
0
0
0
0
0
0
0
0
0
0
0
0
0
0
0
0
0
0
0
0
0
0
0
0
0
0
0
0
0
0
0
0
0
0
0
0
0
0
0
0
0
0
0
0
0
0
0
0
0
0
0
0
0
0
0
0
0
0
0
0
0
0
0
0
0
0
0
0
0
0
0
0
0
0
0
0
0
0
0
0
0
0
0
0
0
0
0
0
0
0
0
0
0
0
0
0
0
0
0
0
0
