0
0
0
0
0
0
0
0
0
0
0
0
0
0
0
0
0
0
0
0
0
0
0
0
0
0
0
0
0
0
0
0
0
0
0
0
0
0
0
0
0
0
0
0
0
0
0
0
0
0
0
0
0
0
0
0
0
0
0
0
0
0
0
0
0
0
0
0
0
0
0
0
0
0
0
0
0
0
0
0
0
0
0
0
0
0
0
0
0
0
0
0
0
0
0
0
0
0
0
0
0
0
0
0
0
0
0
0
0
0
0
0
0
0
0
0
0
0
0
0
0
0
0
0
0
0
0
0
0
0
0
0
0
0
0
0
0
0
0
0
0
0
0
0
0
0
0
0
0
0
0
0
0
0
0
0
0
0
0
0
0
0
0
0
0
0
0
0
0
0
0
0
0
0
0
0
0
0
0
0
0
0
0
0
4094
4093
0
0
0
0
0
0
4094
4095
0
0
0
0
0
0
4094
4093
0
0
0
0
0
0
4094
4094
0
0
0
0
0
0
4094
4094
0
0
0
0
0
0
4094
4094
0
0
0
0
0
0
4093
4093
0
0
0
0
0
0
0
0
0
0
0
0
0
0
4092
4093
0
0
0
0
0
0
4095
4095
0
0
0
0
0
0
4090
4092
0
0
0
0
0
0
1
4095
0
0
0
0
0
0
4089
4092
0
0
0
0
0
0
2
4095
0
0
0
0
0
0
4088
4093
0
0
0
0
0
0
3
4093
0
0
0
0
0
0
4087
0
0
0
0
0
0
0
4
4091
0
0
0
0
0
0
4087
1
0
0
0
0
0
0
3
4088
0
0
0
0
0
0
4087
4
0
0
0
0
0
0
2
4084
0
0
0
0
0
0
4090
9
0
0
0
0
0
0
0
4081
0
0
0
0
0
0
4092
12
0
0
0
0
0
0
4091
4076
0
0
0
0
0
0
2
17
0
0
0
0
0
0
4087
4073
0
0
0
0
0
0
6
19
0
0
0
0
0
0
4081
4070
0
0
0
0
0
0
14
21
0
0
0
0
0
0
4074
4070
0
0
0
0
0
0
21
22
0
0
0
0
0
0
4067
4072
0
0
0
0
0
0
28
18
0
0
0
0
0
0
4062
4076
0
0
0
0
0
0
33
13
0
0
0
0
0
0
4056
4081
0
0
0
0
0
0
37
5
0
0
0
0
0
0
4053
4092
0
0
0
0
0
0
38
4091
0
0
0
0
0
0
4054
6
0
0
0
0
0
0
35
4078
0
0
0
0
0
0
4057
19
0
0
0
0
0
0
30
4065
0
0
0
0
0
0
4065
33
0
0
0
0
0
0
20
4051
0
0
0
0
0
0
4075
46
0
0
0
0
0
0
8
4038
0
0
0
0
0
0
4091
60
0
0
0
0
0
0
4086
4026
0
0
0
0
0
0
12
69
0
0
0
0
0
0
4069
4018
0
0
0
0
0
0
31
75
0
0
0
0
0
0
4050
4017
0
0
0
0
0
0
51
74
0
0
0
0
0
0
4030
4018
0
0
0
0
0
0
69
70
0
0
0
0
0
0
4012
4025
0
0
0
0
0
0
85
59
0
0
0
0
0
0
4001
4041
0
0
0
0
0
0
96
41
0
0
0
0
0
0
3991
4060
0
0
0
0
0
0
101
17
0
0
0
0
0
0
3988
4085
0
0
0
0
0
0
102
4088
0
0
0
0
0
0
3993
20
0
0
0
0
0
0
91
4057
0
0
0
0
0
0
4006
51
0
0
0
0
0
0
76
4025
0
0
0
0
0
0
4027
81
0
0
0
0
0
0
52
3995
0
0
0
0
0
0
4055
111
0
0
0
0
0
0
21
3969
0
0
0
0
0
0
4088
135
0
0
0
0
0
0
4080
3945
0
0
0
0
0
0
29
152
0
0
0
0
0
0
4041
3932
0
0
0
0
0
0
70
161
0
0
0
0
0
0
4002
3930
0
0
0
0
0
0
107
158
0
0
0
0
0
0
3965
3939
0
0
0
0
0
0
142
144
0
0
0
0
0
0
3933
3957
0
0
0
0
0
0
171
119
0
0
0
0
0
0
3908
3989
0
0
0
0
0
0
190
83
0
0
0
0
0
0
3896
4030
0
0
0
0
0
0
197
37
0
0
0
0
0
0
3894
4078
0
0
0
0
0
0
192
4081
0
0
0
0
0
0
3907
37
0
0
0
0
0
0
172
4024
0
0
0
0
0
0
3933
95
0
0
0
0
0
0
139
3968
0
0
0
0
0
0
3972
149
0
0
0
0
0
0
95
3916
0
0
0
0
0
0
4024
199
0
0
0
0
0
0
38
3871
0
0
0
0
0
0
4083
238
0
0
0
0
0
0
4072
3838
0
0
0
0
0
0
52
265
0
0
0
0
0
0
4005
3818
0
0
0
0
0
0
120
276
0
0
0
0
0
0
3938
3816
0
0
0
0
0
0
184
268
0
0
0
0
0
0
3878
3832
0
0
0
0
0
0
239
242
0
0
0
0
0
0
3827
3868
0
0
0
0
0
0
283
198
0
0
0
0
0
0
3792
3922
0
0
0
0
0
0
312
138
0
0
0
0
0
0
3773
3989
0
0
0
0
0
0
321
63
0
0
0
0
0
0
3773
4069
0
0
0
0
0
0
308
4073
0
0
0
0
0
0
3795
60
0
0
0
0
0
0
275
3985
0
0
0
0
0
0
3841
150
0
0
0
0
0
0
220
3898
0
0
0
0
0
0
3904
233
0
0
0
0
0
0
148
3819
0
0
0
0
0
0
3985
308
0
0
0
0
0
0
60
3750
0
0
0
0
0
0
4077
366
0
0
0
0
0
0
4059
3702
0
0
0
0
0
0
81
404
0
0
0
0
0
0
3959
3677
0
0
0
0
0
0
181
416
0
0
0
0
0
0
3860
3676
0
0
0
0
0
0
275
404
0
0
0
0
0
0
3773
3705
0
0
0
0
0
0
356
362
0
0
0
0
0
0
3700
3759
0
0
0
0
0
0
419
294
0
0
0
0
0
0
3649
3841
0
0
0
0
0
0
459
202
0
0
0
0
0
0
3624
3941
0
0
0
0
0
0
468
92
0
0
0
0
0
0
3628
4059
0
0
0
0
0
0
448
4066
0
0
0
0
0
0
3665
89
0
0
0
0
0
0
396
3937
0
0
0
0
0
0
3730
215
0
0
0
0
0
0
317
3814
0
0
0
0
0
0
3824
335
0
0
0
0
0
0
211
3703
0
0
0
0
0
0
3938
438
0
0
0
0
0
0
87
3609
0
0
0
0
0
0
4070
517
0
0
0
0
0
0
4046
3543
0
0
0
0
0
0
114
566
0
0
0
0
0
0
3905
3510
0
0
0
0
0
0
253
582
0
0
0
0
0
0
3770
3515
0
0
0
0
0
0
383
561
0
0
0
0
0
0
3650
3557
0
0
0
0
0
0
492
500
0
0
0
0
0
0
3551
3633
0
0
0
0
0
0
575
403
0
0
0
0
0
0
3484
3747
0
0
0
0
0
0
626
278
0
0
0
0
0
0
3454
3886
0
0
0
0
0
0
637
126
0
0
0
0
0
0
3463
4045
0
0
0
0
0
0
606
4056
0
0
0
0
0
0
3515
120
0
0
0
0
0
0
535
3885
0
0
0
0
0
0
3605
288
0
0
0
0
0
0
426
3720
0
0
0
0
0
0
3730
446
0
0
0
0
0
0
283
3572
0
0
0
0
0
0
3888
584
0
0
0
0
0
0
117
3451
0
0
0
0
0
0
4063
686
0
0
0
0
0
0
4032
3368
0
0
0
0
0
0
151
749
0
0
0
0
0
0
3846
3326
0
0
0
0
0
0
334
767
0
0
0
0
0
0
3669
3334
0
0
0
0
0
0
501
734
0
0
0
0
0
0
3514
3392
0
0
0
0
0
0
644
652
0
0
0
0
0
0
3389
3495
0
0
0
0
0
0
748
525
0
0
0
0
0
0
3305
3643
0
0
0
0
0
0
812
360
0
0
0
0
0
0
3266
3824
0
0
0
0
0
0
822
165
0
0
0
0
0
0
3282
4030
0
0
0
0
0
0
780
4047
0
0
0
0
0
0
3350
153
0
0
0
0
0
0
686
3827
0
0
0
0
0
0
3471
372
0
0
0
0
0
0
545
3618
0
0
0
0
0
0
3632
570
0
0
0
0
0
0
362
3430
0
0
0
0
0
0
3830
740
0
0
0
0
0
0
149
3280
0
0
0
0
0
0
4054
869
0
0
0
0
0
0
4016
3176
0
0
0
0
0
0
191
947
0
0
0
0
0
0
3783
3127
0
0
0
0
0
0
420
965
0
0
0
0
0
0
3560
3139
0
0
0
0
0
0
630
921
0
0
0
0
0
0
3368
3214
0
0
0
0
0
0
806
818
0
0
0
0
0
0
3214
3346
0
0
0
0
0
0
934
656
0
0
0
0
0
0
3110
3531
0
0
0
0
0
0
1009
448
0
0
0
0
0
0
3068
3760
0
0
0
0
0
0
1020
205
0
0
0
0
0
0
3090
4016
0
0
0
0
0
0
964
4036
0
0
0
0
0
0
3177
190
0
0
0
0
0
0
847
3766
0
0
0
0
0
0
3326
457
0
0
0
0
0
0
669
3507
0
0
0
0
0
0
3527
699
0
0
0
0
0
0
445
3282
0
0
0
0
0
0
3772
907
0
0
0
0
0
0
185
3100
0
0
0
0
0
0
4045
1061
0
0
0
0
0
0
3999
2975
0
0
0
0
0
0
232
1151
0
0
0
0
0
0
3715
2918
0
0
0
0
0
0
511
1172
0
0
0
0
0
0
3449
2936
0
0
0
0
0
0
763
1117
0
0
0
0
0
0
3215
3028
0
0
0
0
0
0
973
988
0
0
0
0
0
0
3032
3192
0
0
0
0
0
0
1127
793
0
0
0
0
0
0
2908
3417
0
0
0
0
0
0
1213
541
0
0
0
0
0
0
2861
3692
0
0
0
0
0
0
1224
247
0
0
0
0
0
0
2889
4000
0
0
0
0
0
0
1156
4024
0
0
0
0
0
0
2996
227
0
0
0
0
0
0
1012
3702
0
0
0
0
0
0
3177
544
0
0
0
0
0
0
800
3397
0
0
0
0
0
0
3419
834
0
0
0
0
0
0
529
3128
0
0
0
0
0
0
3712
1078
0
0
0
0
0
0
218
2913
0
0
0
0
0
0
4037
1259
0
0
0
0
0
0
3981
2769
0
0
0
0
0
0
275
1363
0
0
0
0
0
0
3648
2705
0
0
0
0
0
0
603
1384
0
0
0
0
0
0
3333
2728
0
0
0
0
0
0
899
1316
0
0
0
0
0
0
3061
2841
0
0
0
0
0
0
1145
1163
0
0
0
0
0
0
2846
3034
0
0
0
0
0
0
1323
930
0
0
0
0
0
0
2705
3301
0
0
0
0
0
0
1422
633
0
0
0
0
0
0
2652
3623
0
0
0
0
0
0
1432
289
0
0
0
0
0
0
2688
3984
0
0
0
0
0
0
1350
4014
0
0
0
0
0
0
2816
266
0
0
0
0
0
0
1179
3639
0
0
0
0
0
0
3026
634
0
0
0
0
0
0
930
3284
0
0
0
0
0
0
3310
968
0
0
0
0
0
0
615
2973
0
0
0
0
0
0
3650
1249
0
0
0
0
0
0
254
2726
0
0
0
0
0
0
4026
1456
0
0
0
0
0
0
3964
2562
0
0
0
0
0
0
318
1575
0
0
0
0
0
0
3579
2492
0
0
0
0
0
0
695
1596
0
0
0
0
0
0
3218
2522
0
0
0
0
0
0
1036
1516
0
0
0
0
0
0
2905
2653
0
0
0
0
0
0
1315
1335
0
0
0
0
0
0
2662
2878
0
0
0
0
0
0
1517
1067
0
0
0
0
0
0
2503
3185
0
0
0
0
0
0
1627
726
0
0
0
0
0
0
2444
3556
0
0
0
0
0
0
1635
330
0
0
0
0
0
0
2488
3969
0
0
0
0
0
0
1540
4002
0
0
0
0
0
0
2637
302
0
0
0
0
0
0
1343
3576
0
0
0
0
0
0
2879
720
0
0
0
0
0
0
1057
3173
0
0
0
0
0
0
3203
1099
0
0
0
0
0
0
698
2823
0
0
0
0
0
0
3590
1415
0
0
0
0
0
0
288
2545
0
0
0
0
0
0
4017
1649
0
0
0
0
0
0
3949
2362
0
0
0
0
0
0
360
1780
0
0
0
0
0
0
3513
2284
0
0
0
0
0
0
785
1800
0
0
0
0
0
0
3107
2321
0
0
0
0
0
0
1166
1707
0
0
0
0
0
0
2756
2472
0
0
0
0
0
0
1481
1503
0
0
0
0
0
0
2484
2726
0
0
0
0
0
0
1704
1200
0
0
0
0
0
0
2310
3074
0
0
0
0
0
0
1825
813
0
0
0
0
0
0
2245
3491
0
0
0
0
0
0
1832
371
0
0
0
0
0
0
2297
3954
0
0
0
0
0
0
1722
3993
0
0
0
0
0
0
2465
337
0
0
0
0
0
0
1501
3516
0
0
0
0
0
0
2738
803
0
0
0
0
0
0
1179
3068
0
0
0
0
0
0
3102
1226
0
0
0
0
0
0
779
2678
0
0
0
0
0
0
3533
1575
0
0
0
0
0
0
321
2372
0
0
0
0
0
0
4008
1831
0
0
0
0
0
0
3932
2170
0
0
0
0
0
0
399
1974
0
0
0
0
0
0
3450
2088
0
0
0
0
0
0
871
1996
0
0
0
0
0
0
3001
2132
0
0
0
0
0
0
1290
1888
0
0
0
0
0
0
2616
2301
0
0
0
0
0
0
1634
1660
0
0
0
0
0
0
2317
2585
0
0
0
0
0
0
1880
1322
0
0
0
0
0
0
2127
2970
0
0
0
0
0
0
2011
897
0
0
0
0
0
0
2059
3430
0
0
0
0
0
0
2015
408
0
0
0
0
0
0
2119
3938
0
0
0
0
0
0
1892
3982
0
0
0
0
0
0
2306
371
0
0
0
0
0
0
1645
3459
0
0
0
0
0
0
2607
881
0
0
0
0
0
0
1293
2971
0
0
0
0
0
0
3008
1342
0
0
0
0
0
0
852
2546
0
0
0
0
0
0
3482
1723
0
0
0
0
0
0
351
2213
0
0
0
0
0
0
3999
1999
0
0
0
0
0
0
3919
1996
0
0
0
0
0
0
436
2153
0
0
0
0
0
0
3392
1907
0
0
0
0
0
0
947
2174
0
0
0
0
0
0
2905
1958
0
0
0
0
0
0
1404
2056
0
0
0
0
0
0
2487
2144
0
0
0
0
0
0
1776
1804
0
0
0
0
0
0
2166
2455
0
0
0
0
0
0
2042
1436
0
0
0
0
0
0
1961
2874
0
0
0
0
0
0
2180
974
0
0
0
0
0
0
1891
3375
0
0
0
0
0
0
2182
442
0
0
0
0
0
0
1957
3926
0
0
0
0
0
0
2046
3974
0
0
0
0
0
0
2161
400
0
0
0
0
0
0
1776
3408
0
0
0
0
0
0
2489
951
0
0
0
0
0
0
1394
2883
0
0
0
0
0
0
2922
1445
0
0
0
0
0
0
918
2426
0
0
0
0
0
0
3434
1854
0
0
0
0
0
0
378
2070
0
0
0
0
0
0
3993
2151
0
0
0
0
0
0
3906
1839
0
0
0
0
0
0
468
2313
0
0
0
0
0
0
3342
1748
0
0
0
0
0
0
1016
2333
0
0
0
0
0
0
2819
1804
0
0
0
0
0
0
1505
2202
0
0
0
0
0
0
2372
2004
0
0
0
0
0
0
1900
1932
0
0
0
0
0
0
2032
2340
0
0
0
0
0
0
2182
1535
0
0
0
0
0
0
1816
2791
0
0
0
0
0
0
2326
1039
0
0
0
0
0
0
1741
3325
0
0
0
0
0
0
2327
472
0
0
0
0
0
0
1816
3915
0
0
0
0
0
0
2179
3965
0
0
0
0
0
0
2036
426
0
0
0
0
0
0
1892
3366
0
0
0
0
0
0
2387
1010
0
0
0
0
0
0
1483
2806
0
0
0
0
0
0
2849
1534
0
0
0
0
0
0
975
2324
0
0
0
0
0
0
3394
1968
0
0
0
0
0
0
401
1948
0
0
0
0
0
0
3985
2278
0
0
0
0
0
0
3895
1706
0
0
0
0
0
0
496
2450
0
0
0
0
0
0
3298
1612
0
0
0
0
0
0
1074
2465
0
0
0
0
0
0
2747
1674
0
0
0
0
0
0
1588
2326
0
0
0
0
0
0
2278
1888
0
0
0
0
0
0
2005
2037
0
0
0
0
0
0
1919
2246
0
0
0
0
0
0
2298
1617
0
0
0
0
0
0
1694
2721
0
0
0
0
0
0
2451
1095
0
0
0
0
0
0
1619
3285
0
0
0
0
0
0
2448
498
0
0
0
0
0
0
1700
3905
0
0
0
0
0
0
2289
3960
0
0
0
0
0
0
1934
448
0
0
0
0
0
0
1985
3329
0
0
0
0
0
0
2305
1059
0
0
0
0
0
0
1554
2745
0
0
0
0
0
0
2790
1609
0
0
0
0
0
0
1022
2241
0
0
0
0
0
0
3361
2059
0
0
0
0
0
0
420
1850
0
0
0
0
0
0
3980
2382
0
0
0
0
0
0
3886
1598
0
0
0
0
0
0
517
2557
0
0
0
0
0
0
3263
1502
0
0
0
0
0
0
1120
2573
0
0
0
0
0
0
2690
1571
0
0
0
0
0
0
1656
2425
0
0
0
0
0
0
2201
1797
0
0
0
0
0
0
2089
2123
0
0
0
0
0
0
1831
2170
0
0
0
0
0
0
2391
1683
0
0
0
0
0
0
1601
2668
0
0
0
0
0
0
2547
1137
0
0
0
0
0
0
1525
3255
0
0
0
0
0
0
2540
516
0
0
0
0
0
0
1610
3898
0
0
0
0
0
0
2375
3956
0
0
0
0
0
0
1855
463
0
0
0
0
0
0
2056
3303
0
0
0
0
0
0
2242
1097
0
0
0
0
0
0
1608
2699
0
0
0
0
0
0
2744
1663
0
0
0
0
0
0
1058
2180
0
0
0
0
0
0
3336
2126
0
0
0
0
0
0
435
1778
0
0
0
0
0
0
3977
2458
0
0
0
0
0
0
3879
1521
0
0
0
0
0
0
532
2636
0
0
0
0
0
0
3238
1425
0
0
0
0
0
0
1154
2649
0
0
0
0
0
0
2649
1497
0
0
0
0
0
0
1702
2494
0
0
0
0
0
0
2149
1733
0
0
0
0
0
0
2146
2181
0
0
0
0
0
0
1770
2118
0
0
0
0
0
0
2454
1727
0
0
0
0
0
0
1535
2630
0
0
0
0
0
0
2612
1167
0
0
0
0
0
0
1460
3234
0
0
0
0
0
0
2602
529
0
0
0
0
0
0
1551
3894
0
0
0
0
0
0
2430
3953
0
0
0
0
0
0
1803
474
0
0
0
0
0
0
2103
3287
0
0
0
0
0
0
2200
1120
0
0
0
0
0
0
1644
2669
0
0
0
0
0
0
2717
1698
0
0
0
0
0
0
1079
2141
0
0
0
0
0
0
3321
2169
0
0
0
0
0
0
444
1733
0
0
0
0
0
0
3974
2504
0
0
0
0
0
0
3876
1474
0
0
0
0
0
0
542
2683
0
0
0
0
0
0
3224
1379
0
0
0
0
0
0
1173
2695
0
0
0
0
0
0
2626
1456
0
0
0
0
0
0
1729
2532
0
0
0
0
0
0
2120
1698
0
0
0
0
0
0
2176
2213
0
0
0
0
0
0
1737
2091
0
0
0
0
0
0
2488
1752
0
0
0
0
0
0
1500
2609
0
0
0
0
0
0
2644
1181
0
0
0
0
0
0
1428
3223
0
0
0
0
0
0
2633
535
0
0
0
0
0
0
1523
3891
0
0
0
0
0
0
2456
3951
0
0
0
0
0
0
1781
478
0
0
0
0
0
0
2123
3277
0
0
0
0
0
0
2182
1131
0
0
0
0
0
0
1658
2656
0
0
0
0
0
0
2705
1711
0
0
0
0
0
0
1087
2127
0
0
0
0
0
0
3315
2183
0
0
0
0
0
0
448
1718
0
0
0
0
0
0
3973
2519
0
0
0
0
0
0
3875
1460
0
0
0
0
0
0
544
2696
0
0
0
0
0
0
3220
1367
0
0
0
0
0
0
1177
2704
0
0
0
0
0
0
2620
1444
0
0
0
0
0
0
1735
2543
0
0
0
0
0
0
2114
1689
0
0
0
0
0
0
2182
2218
0
0
0
0
0
0
1733
2087
0
0
0
0
0
0
2492
1754
0
0
0
0
0
0
1499
2608
0
0
0
0
0
0
2646
1182
0
0
0
0
0
0
1429
3223
0
0
0
0
0
0
2631
534
0
0
0
0
0
0
1525
3891
0
0
0
0
0
0
2452
3952
0
0
0
0
0
0
1785
477
0
0
0
0
0
0
2118
3281
0
0
0
0
0
0
2189
1126
0
0
0
0
0
0
1652
2663
0
0
0
0
0
0
2711
1705
0
0
0
0
0
0
1084
2136
0
0
0
0
0
0
3319
2173
0
0
0
0
0
0
444
1730
0
0
0
0
0
0
3974
2505
0
0
0
0
0
0
3876
1476
0
0
0
0
0
0
539
2678
0
0
0
0
0
0
3227
1387
0
0
0
0
0
0
1168
2683
0
0
0
0
0
0
2634
1467
0
0
0
0
0
0
1718
2518
0
0
0
0
0
0
2133
1712
0
0
0
0
0
0
2159
2196
0
0
0
0
0
0
1758
2107
0
0
0
0
0
0
2464
1736
0
0
0
0
0
0
1528
2625
0
0
0
0
0
0
2613
1169
0
0
0
0
0
0
1461
3234
0
0
0
0
0
0
2598
530
0
0
0
0
0
0
1560
3893
0
0
0
0
0
0
2417
3954
0
0
0
0
0
0
1818
469
0
0
0
0
0
0
2086
3292
0
0
0
0
0
0
2218
1108
0
0
0
0
0
0
1626
2686
0
0
0
0
0
0
2733
1676
0
0
0
0
0
0
1065
2170
0
0
0
0
0
0
3332
2135
0
0
0
0
0
0
437
1773
0
0
0
0
0
0
3976
2458
0
0
0
0
0
0
3882
1527
0
0
0
0
0
0
530
2626
0
0
0
0
0
0
3244
1440
0
0
0
0
0
0
1143
2628
0
0
0
0
0
0
2665
1522
0
0
0
0
0
0
1681
2464
0
0
0
0
0
0
2177
1765
0
0
0
0
0
0
2112
2146
0
0
0
0
0
0
1811
2153
0
0
0
0
0
0
2406
1694
0
0
0
0
0
0
1589
2660
0
0
0
0
0
0
2551
1140
0
0
0
0
0
0
1527
3255
0
0
0
0
0
0
2533
516
0
0
0
0
0
0
1625
3897
0
0
0
0
0
0
2355
3959
0
0
0
0
0
0
1880
457
0
0
0
0
0
0
2030
3315
0
0
0
0
0
0
2269
1077
0
0
0
0
0
0
1581
2725
0
0
0
0
0
0
2771
1628
0
0
0
0
0
0
1035
2225
0
0
0
0
0
0
3354
2071
0
0
0
0
0
0
424
1844
0
0
0
0
0
0
3980
2382
0
0
0
0
0
0
3887
1607
0
0
0
0
0
0
512
2542
0
0
0
0
0
0
3272
1526
0
0
0
0
0
0
1106
2542
0
0
0
0
0
0
2711
1607
0
0
0
0
0
0
1625
2381
0
0
0
0
0
0
2242
1844
0
0
0
0
0
0
2038
2072
0
0
0
0
0
0
1891
2220
0
0
0
0
0
0
2320
1634
0
0
0
0
0
0
1681
2712
0
0
0
0
0
0
2457
1097
0
0
0
0
0
0
1622
3285
0
0
0
0
0
0
2436
496
0
0
0
0
0
0
1719
3905
0
0
0
0
0
0
2263
3964
0
0
0
0
0
0
1965
437
0
0
0
0
0
0
1949
3346
0
0
0
0
0
0
2342
1034
0
0
0
0
0
0
1517
2782
0
0
0
0
0
0
2826
1559
0
0
0
0
0
0
991
2304
0
0
0
0
0
0
3385
1983
0
0
0
0
0
0
406
1941
0
0
0
0
0
0
3985
2279
0
0
0
0
0
0
3898
1716
0
0
0
0
0
0
489
2428
0
0
0
0
0
0
3309
1642
0
0
0
0
0
0
1055
2426
0
0
0
0
0
0
2775
1722
0
0
0
0
0
0
1549
2271
0
0
0
0
0
0
2329
1950
0
0
0
0
0
0
1941
1974
0
0
0
0
0
0
1998
2312
0
0
0
0
0
0
2208
1555
0
0
0
0
0
0
1797
2779
0
0
0
0
0
0
2335
1043
0
0
0
0
0
0
1745
3324
0
0
0
0
0
0
2314
472
0
0
0
0
0
0
1840
3915
0
0
0
0
0
0
2146
3970
0
0
0
0
0
0
2076
415
0
0
0
0
0
0
1847
3386
0
0
0
0
0
0
2435
978
0
0
0
0
0
0
1436
2853
0
0
0
0
0
0
2895
1475
0
0
0
0
0
0
937
2402
0
0
0
0
0
0
3424
1873
0
0
0
0
0
0
384
2061
0
0
0
0
0
0
3989
2149
0
0
0
0
0
0
3909
1852
0
0
0
0
0
0
461
2289
0
0
0
0
0
0
3355
1784
0
0
0
0
0
0
993
2284
0
0
0
0
0
0
2853
1862
0
0
0
0
0
0
1456
2135
0
0
0
0
0
0
2435
2079
0
0
0
0
0
0
1824
1855
0
0
0
0
0
0
2126
2420
0
0
0
0
0
0
2071
1460
0
0
0
0
0
0
1942
2862
0
0
0
0
0
0
2188
979
0
0
0
0
0
0
1893
3373
0
0
0
0
0
0
2165
441
0
0
0
0
0
0
1985
3926
0
0
0
0
0
0
2006
3978
0
0
0
0
0
0
2208
387
0
0
0
0
0
0
1725
3434
0
0
0
0
0
0
2544
913
0
0
0
0
0
0
1339
2936
0
0
0
0
0
0
2975
1373
0
0
0
0
0
0
872
2518
0
0
0
0
0
0
3469
1744
0
0
0
0
0
0
358
2202
0
0
0
0
0
0
3996
1999
0
0
0
0
0
0
3923
2009
0
0
0
0
0
0
427
2126
0
0
0
0
0
0
3408
1949
0
0
0
0
0
0
920
2119
0
0
0
0
0
0
2944
2025
0
0
0
0
0
0
1349
1979
0
0
0
0
0
0
2557
2227
0
0
0
0
0
0
1688
1716
0
0
0
0
0
0
2272
2544
0
0
0
0
0
0
1916
1350
0
0
0
0
0
0
2106
2956
0
0
0
0
0
0
2019
904
0
0
0
0
0
0
2063
3430
0
0
0
0
0
0
1997
407
0
0
0
0
0
0
2149
3938
0
0
0
0
0
0
1849
3988
0
0
0
0
0
0
2356
355
0
0
0
0
0
0
1587
3486
0
0
0
0
0
0
2670
839
0
0
0
0
0
0
1231
3030
0
0
0
0
0
0
3066
1261
0
0
0
0
0
0
801
2648
0
0
0
0
0
0
3522
1599
0
0
0
0
0
0
327
2360
0
0
0
0
0
0
4004
1829
0
0
0
0
0
0
3937
2185
0
0
0
0
0
0
391
1945
0
0
0
0
0
0
3468
2133
0
0
0
0
0
0
840
1936
0
0
0
0
0
0
3045
2204
0
0
0
0
0
0
1231
1805
0
0
0
0
0
0
2693
2391
0
0
0
0
0
0
1537
1564
0
0
0
0
0
0
2436
2683
0
0
0
0
0
0
1742
1227
0
0
0
0
0
0
2285
3057
0
0
0
0
0
0
1836
820
0
0
0
0
0
0
2251
3490
0
0
0
0
0
0
1811
370
0
0
0
0
0
0
2332
3954
0
0
0
0
0
0
1675
3999
0
0
0
0
0
0
2521
321
0
0
0
0
0
0
1436
3544
0
0
0
0
0
0
2806
758
0
0
0
0
0
0
1111
3133
0
0
0
0
0
0
3165
1138
0
0
0
0
0
0
724
2790
0
0
0
0
0
0
3577
1440
0
0
0
0
0
0
295
2532
0
0
0
0
0
0
4012
1648
0
0
0
0
0
0
3953
2377
0
0
0
0
0
0
351
1748
0
0
0
0
0
0
3530
2332
0
0
0
0
0
0
755
1738
0
0
0
0
0
0
3152
2399
0
0
0
0
0
0
1102
1617
0
0
0
0
0
0
2840
2569
0
0
0
0
0
0
1375
1399
0
0
0
0
0
0
2612
2832
0
0
0
0
0
0
1557
1097
0
0
0
0
0
0
2480
3169
0
0
0
0
0
0
1637
731
0
0
0
0
0
0
2449
3555
0
0
0
0
0
0
1615
329
0
0
0
0
0
0
2524
3967
0
0
0
0
0
0
1490
4009
0
0
0
0
0
0
2695
286
0
0
0
0
0
0
1276
3606
0
0
0
0
0
0
2950
672
0
0
0
0
0
0
986
3242
0
0
0
0
0
0
3271
1009
0
0
0
0
0
0
640
2940
0
0
0
0
0
0
3637
1275
0
0
0
0
0
0
261
2713
0
0
0
0
0
0
4021
1455
0
0
0
0
0
0
3970
2579
0
0
0
0
0
0
309
1541
0
0
0
0
0
0
3598
2542
0
0
0
0
0
0
664
1529
0
0
0
0
0
0
3267
2603
0
0
0
0
0
0
969
1423
0
0
0
0
0
0
2992
2754
0
0
0
0
0
0
1206
1227
0
0
0
0
0
0
2794
2987
0
0
0
0
0
0
1363
960
0
0
0
0
0
0
2681
3284
0
0
0
0
0
0
1433
641
0
0
0
0
0
0
2656
3622
0
0
0
0
0
0
1409
287
0
0
0
0
0
0
2723
3984
0
0
0
0
0
0
1299
4020
0
0
0
0
0
0
2876
248
0
0
0
0
0
0
1110
3670
0
0
0
0
0
0
3099
583
0
0
0
0
0
0
855
3355
0
0
0
0
0
0
3381
875
0
0
0
0
0
0
556
3093
0
0
0
0
0
0
3697
1103
0
0
0
0
0
0
226
2900
0
0
0
0
0
0
4031
1256
0
0
0
0
0
0
3987
2785
0
0
0
0
0
0
266
1330
0
0
0
0
0
0
3667
2756
0
0
0
0
0
0
571
1318
0
0
0
0
0
0
3381
2810
0
0
0
0
0
0
832
1222
0
0
0
0
0
0
3147
2943
0
0
0
0
0
0
1034
1054
0
0
0
0
0
0
2979
3144
0
0
0
0
0
0
1167
822
0
0
0
0
0
0
2884
3401
0
0
0
0
0
0
1225
548
0
0
0
0
0
0
2866
3691
0
0
0
0
0
0
1202
245
0
0
0
0
0
0
2927
4000
0
0
0
0
0
0
1107
4031
0
0
0
0
0
0
3058
211
0
0
0
0
0
0
943
3733
0
0
0
0
0
0
3249
494
0
0
0
0
0
0
726
3466
0
0
0
0
0
0
3488
740
0
0
0
0
0
0
471
3247
0
0
0
0
0
0
3757
932
0
0
0
0
0
0
190
3085
0
0
0
0
0
0
4040
1060
0
0
0
0
0
0
4004
2990
0
0
0
0
0
0
224
1120
0
0
0
0
0
0
3734
2968
0
0
0
0
0
0
479
1106
0
0
0
0
0
0
3495
3017
0
0
0
0
0
0
697
1025
0
0
0
0
0
0
3302
3130
0
0
0
0
0
0
865
881
0
0
0
0
0
0
3163
3301
0
0
0
0
0
0
972
685
0
0
0
0
0
0
3086
3515
0
0
0
0
0
0
1019
455
0
0
0
0
0
0
3073
3758
0
0
0
0
0
0
997
203
0
0
0
0
0
0
3125
4016
0
0
0
0
0
0
917
4042
0
0
0
0
0
0
3236
173
0
0
0
0
0
0
779
3797
0
0
0
0
0
0
3396
407
0
0
0
0
0
0
598
3578
0
0
0
0
0
0
3594
609
0
0
0
0
0
0
387
3398
0
0
0
0
0
0
3817
766
0
0
0
0
0
0
156
3266
0
0
0
0
0
0
4050
869
0
0
0
0
0
0
4020
3191
0
0
0
0
0
0
182
913
0
0
0
0
0
0
3801
3176
0
0
0
0
0
0
390
900
0
0
0
0
0
0
3607
3216
0
0
0
0
0
0
565
832
0
0
0
0
0
0
3453
3313
0
0
0
0
0
0
700
714
0
0
0
0
0
0
3340
3451
0
0
0
0
0
0
787
555
0
0
0
0
0
0
3280
3627
0
0
0
0
0
0
820
367
0
0
0
0
0
0
3272
3824
0
0
0
0
0
0
801
164
0
0
0
0
0
0
3316
4031
0
0
0
0
0
0
733
4053
0
0
0
0
0
0
3407
138
0
0
0
0
0
0
622
3856
0
0
0
0
0
0
3538
325
0
0
0
0
0
0
477
3683
0
0
0
0
0
0
3697
483
0
0
0
0
0
0
307
3541
0
0
0
0
0
0
3874
605
0
0
0
0
0
0
124
3440
0
0
0
0
0
0
4059
686
0
0
0
0
0
0
4036
3382
0
0
0
0
0
0
141
719
0
0
0
0
0
0
3863
3371
0
0
0
0
0
0
306
706
0
0
0
0
0
0
3712
3406
0
0
0
0
0
0
443
652
0
0
0
0
0
0
3592
3482
0
0
0
0
0
0
544
555
0
0
0
0
0
0
3507
3594
0
0
0
0
0
0
611
431
0
0
0
0
0
0
3461
3731
0
0
0
0
0
0
634
284
0
0
0
0
0
0
3458
3885
0
0
0
0
0
0
617
124
0
0
0
0
0
0
3494
4044
0
0
0
0
0
0
563
4063
0
0
0
0
0
0
3566
104
0
0
0
0
0
0
476
3912
0
0
0
0
0
0
3668
248
0
0
0
0
0
0
362
3780
0
0
0
0
0
0
3791
367
0
0
0
0
0
0
233
3675
0
0
0
0
0
0
3928
459
0
0
0
0
0
0
92
3599
0
0
0
0
0
0
4067
516
0
0
0
0
0
0
4051
3558
0
0
0
0
0
0
105
540
0
0
0
0
0
0
3920
3551
0
0
0
0
0
0
227
529
0
0
0
0
0
0
3809
3581
0
0
0
0
0
0
329
485
0
0
0
0
0
0
3720
3640
0
0
0
0
0
0
403
412
0
0
0
0
0
0
3659
3723
0
0
0
0
0
0
450
317
0
0
0
0
0
0
3628
3827
0
0
0
0
0
0
465
207
0
0
0
0
0
0
3628
3939
0
0
0
0
0
0
450
91
0
0
0
0
0
0
3656
4057
0
0
0
0
0
0
409
4070
0
0
0
0
0
0
3711
75
0
0
0
0
0
0
345
3962
0
0
0
0
0
0
3786
177
0
0
0
0
0
0
261
3869
0
0
0
0
0
0
3877
264
0
0
0
0
0
0
167
3794
0
0
0
0
0
0
3973
326
0
0
0
0
0
0
66
3742
0
0
0
0
0
0
4074
366
0
0
0
0
0
0
4062
3713
0
0
0
0
0
0
74
381
0
0
0
0
0
0
3972
3712
0
0
0
0
0
0
159
370
0
0
0
0
0
0
3894
3734
0
0
0
0
0
0
228
337
0
0
0
0
0
0
3835
3777
0
0
0
0
0
0
279
285
0
0
0
0
0
0
3794
3838
0
0
0
0
0
0
310
219
0
0
0
0
0
0
3773
3909
0
0
0
0
0
0
319
141
0
0
0
0
0
0
3775
3990
0
0
0
0
0
0
306
61
0
0
0
0
0
0
3797
4069
0
0
0
0
0
0
275
4078
0
0
0
0
0
0
3836
49
0
0
0
0
0
0
231
4006
0
0
0
0
0
0
3889
119
0
0
0
0
0
0
173
3944
0
0
0
0
0
0
3950
173
0
0
0
0
0
0
110
3895
0
0
0
0
0
0
4016
214
0
0
0
0
0
0
42
3863
0
0
0
0
0
0
4082
238
0
0
0
0
0
0
4074
3847
0
0
0
0
0
0
46
245
0
0
0
0
0
0
4015
3847
0
0
0
0
0
0
101
236
0
0
0
0
0
0
3968
3865
0
0
0
0
0
0
145
214
0
0
0
0
0
0
3929
3894
0
0
0
0
0
0
175
178
0
0
0
0
0
0
3906
3933
0
0
0
0
0
0
192
135
0
0
0
0
0
0
3894
3979
0
0
0
0
0
0
196
87
0
0
0
0
0
0
3899
4029
0
0
0
0
0
0
187
38
0
0
0
0
0
0
3913
4078
0
0
0
0
0
0
165
4084
0
0
0
0
0
0
3938
28
0
0
0
0
0
0
137
4041
0
0
0
0
0
0
3971
68
0
0
0
0
0
0
101
4005
0
0
0
0
0
0
4009
100
0
0
0
0
0
0
63
3979
0
0
0
0
0
0
4047
123
0
0
0
0
0
0
23
3961
0
0
0
0
0
0
4086
135
0
0
0
0
0
0
4083
3955
0
0
0
0
0
0
27
138
0
0
0
0
0
0
4051
3956
0
0
0
0
0
0
55
130
0
0
0
0
0
0
4023
3967
0
0
0
0
0
0
77
116
0
0
0
0
0
0
4005
3986
0
0
0
0
0
0
92
95
0
0
0
0
0
0
3995
4009
0
0
0
0
0
0
100
70
0
0
0
0
0
0
3989
4033
0
0
0
0
0
0
101
43
0
0
0
0
0
0
3993
4060
0
0
0
0
0
0
94
18
0
0
0
0
0
0
4003
4086
0
0
0
0
0
0
82
4089
0
0
0
0
0
0
4016
12
0
0
0
0
0
0
65
4068
0
0
0
0
0
0
4033
31
0
0
0
0
0
0
48
4052
0
0
0
0
0
0
4054
46
0
0
0
0
0
0
28
4040
0
0
0
0
0
0
4072
55
0
0
0
0
0
0
10
4035
0
0
0
0
0
0
4090
58
0
0
0
0
0
0
4088
4032
0
0
0
0
0
0
11
59
0
0
0
0
0
0
4073
4033
0
0
0
0
0
0
22
54
0
0
0
0
0
0
4064
4040
0
0
0
0
0
0
30
46
0
0
0
0
0
0
4058
4050
0
0
0
0
0
0
34
36
0
0
0
0
0
0
4055
4060
0
0
0
0
0
0
36
25
0
0
0
0
0
0
4054
4070
0
0
0
0
0
0
35
15
0
0
0
0
0
0
4057
4081
0
0
0
0
0
0
32
6
0
0
0
0
0
0
4062
4090
0
0
0
0
0
0
24
4093
0
0
0
0
0
0
4068
3
0
0
0
0
0
0
18
4085
0
0
0
0
0
0
4075
8
0
0
0
0
0
0
12
4081
0
0
0
0
0
0
4080
11
0
0
0
0
0
0
7
4079
0
0
0
0
0
0
4088
13
0
0
0
0
0
0
1
4078
0
0
0
0
0
0
4092
12
0
0
0
0
0
0
4092
4079
0
0
0
0
0
0
0
12
0
0
0
0
0
0
4089
4081
0
0
0
0
0
0
1
8
0
0
0
0
0
0
4087
4082
0
0
0
0
0
0
3
6
0
0
0
0
0
0
4087
4085
0
0
0
0
0
0
4
4
0
0
0
0
0
0
4087
4088
0
0
0
0
0
0
2
1
0
0
0
0
0
0
4089
4091
0
0
0
0
0
0
2
1
0
0
0
0
0
0
4090
4092
0
0
0
0
0
0
0
4094
0
0
0
0
0
0
4091
4093
0
0
0
0
0
0
0
4094
0
0
0
0
0
0
4092
4094
0
0
0
0
0
0
0
4094
0
0
0
0
0
0
4093
4094
0
0
0
0
0
0
4095
4094
0
0
0
0
0
0
4093
4094
0
0
0
0
0
0
4095
4094
0
0
0
0
0
0
4094
4095
0
0
0
0
0
0
4094
4093
0
0
0
0
0
0
4094
4095
0
0
0
0
0
0
4095
0
0
0
0
0
0
0
4095
0
0
0
0
0
0
0
0
0
0
0
0
0
0
0
0
4095
0
0
0
0
0
0
0
0
0
0
0
0
0
0
4095
0
0
0
0
0
0
0
0
0
0
0
0
0
0
0
0
0
0
0
0
0
0
0
0
0
0
0
0
0
0
0
0
0
0
0
0
0
0
0
0
0
0
0
0
0
0
0
0
0
0
0
0
0
0
0
0
0
0
0
0
0
0
0
0
0
0
0
0
0
0
0
0
0
0
0
0
0
0
0
0
0
0
0
0
0
0
0
0
0
0
0
0
0
0
0
0
0
0
0
0
0
0
0
0
0
0
0
0
0
0
0
0
0
0
0
0
0
0
0
0
0
0
0
0
0
0
0
0
0
0
0
0
0
0
0
0
0
0
0
0
0
0
0
0
0
0
0
0
0
0
0
0
0
0
0
0
0
0
0
0
0
0
0
0
0
0
0
0
0
0
0
0
0
0
0
0
0
0
0
0
0
0
0
0
0
0
0
0
0
0
0
0
0
0
0
0
0
0
0
0
0
0
0
0
0
0
0
0
0
0
0
0
0
0
0
0
0
0
0
0
0
0
0
0
0
0
0
0
0
0
0
0
0
0
0
0
0
0
0
0
0
0
0
0
0
0
0
0
0
0
0
0
0
0
0
0
0
0
0
0
0
0
0
0
0
0
0
0
0
0
0
0
0
0
0
0
0
0
0
0
0
0
0
0
0
0
0
0
0
0
0
0
0
0
0
0
0
0
0
0
0
0
0
0
0
0
0
0
0
0
0
0
0
0
0
0
0
0
0
0
0
0
0
0
0
0
0
0
0
0
0
0
0
0
0
0
0
0
0
0
0
0
0
0
0
0
0
0
0
0
0
0
0
0
0
0
0
0
0
0
0
0
0
0
0
0
0
0
0
0
0
0
0
0
0
0
0
0
0
0
0
0
0
0
0
0
0
0
0
0
0
0
0
0
0
0
0
0
0
0
0
0
0
0
0
0
0
0
0
0
0
0
0
0
0
0
0
0
0
0
0
0
0
0
0
0
0
0
0
0
0
0
0
0
0
0
0
0
0
0
0
0
0
0
0
0
0
0
0
0
0
0
0
0
0
0
0
0
0
0
0
0
0
0
0
0
0
0
0
0
0
0
0
0
0
0
0
0
0
0
0
0
0
0
0
0
0
0
0
0
0
0
0
0
0
0
0
0
0
0
0
0
0
0
0
0
0
0
0
0
0
0
0
0
0
0
0
0
0
0
0
0
0
0
0
0
0
0
0
0
0
0
0
0
0
0
0
0
0
0
0
0
0
0
0
0
0
0
0
0
0
0
0
0
0
0
0
0
0
0
0
0
0
0
0
0
0
0
0
0
0
0
0
0
0
0
0
0
0
0
0
0
0
0
0
0
0
0
0
0
0
0
0
0
0
0
0
0
0
0
0
0
0
0
0
0
0
0
0
0
0
0
0
0
0
0
0
0
0
0
0
0
0
0
0
0
0
0
0
0
0
0
0
0
0
0
0
0
0
0
0
0
0
0
0
0
0
0
0
0
0
0
0
0
0
0
0
0
0
0
0
0
0
0
0
0
0
0
0
0
0
0
0
0
0
0
0
0
0
0
0
0
0
0
0
0
0
0
0
0
0
0
0
0
0
0
0
0
0
0
0
0
0
0
0
0
0
0
0
0
0
0
0
0
0
0
0
0
0
0
0
0
0
0
0
0
0
0
0
0
0
0
0
0
0
0
0
0
0
0
0
0
0
0
0
0
0
0
0
0
0
0
0
0
0
0
0
0
0
0
0
0
0
0
0
0
0
0
0
0
0
0
0
0
0
0
0
0
0
0
0
0
0
0
0
0
0
0
0
0
0
0
0
0
0
0
0
0
0
0
0
0
0
0
0
0
0
0
0
0
0
0
0
0
0
0
0
0
0
0
0
0
0
0
0
0
0
0
0
0
0
0
0
0
0
0
0
0
0
0
0
0
0
0
0
0
0
0
0
0
0
0
0
0
0
0
0
0
0
0
0
0
0
0
0
0
0
0
0
0
0
0
0
0
0
0
0
0
0
0
0
0
0
0
0
0
0
0
0
0
0
0
0
0
0
0
0
0
0
0
0
0
0
0
0
0
0
0
0
0
0
0
0
0
0
0
0
0
0
0
0
0
0
0
0
0
0
0
0
0
0
0
0
0
0
0
0
0
0
0
0
0
0
0
0
0
0
0
0
0
0
0
0
0
0
0
0
0
0
0
0
0
0
0
0
0
0
0
0
0
0
0
0
0
0
0
0
0
0
0
0
0
0
0
0
0
0
0
0
0
0
0
0
0
0
0
0
0
0
0
0
0
0
0
0
0
0
0
0
0
0
0
0
0
0
0
0
0
0
0
0
0
0
0
0
0
0
0
0
0
0
0
0
0
0
0
0
0
0
0
0
0
0
0
0
0
0
0
0
0
0
0
0
0
0
0
0
0
0
0
0
0
0
0
0
0
0
0
0
0
0
0
0
0
0
0
0
0
0
0
0
0
0
0
0
0
0
0
0
0
0
0
0
0
0
0
0
0
0
0
0
0
0
0
0
0
0
0
0
0
0
0
0
0
0
0
0
0
0
0
0
0
0
0
0
0
0
0
0
0
0
0
0
0
0
0
0
0
0
0
0
0
0
0
0
0
0
0
0
0
0
0
0
0
0
0
0
0
0
0
0
0
0
0
0
0
0
0
0
0
0
0
0
0
0
0
0
0
0
0
0
0
0
0
0
0
0
0
0
0
0
0
0
0
0
0
0
0
0
0
0
0
0
0
0
0
0
0
0
0
0
0
0
0
0
0
0
0
0
0
0
0
0
0
0
0
0
0
0
0
0
0
0
0
0
0
0
0
0
0
0
0
0
0
0
0
0
0
0
0
0
0
0
0
0
0
0
0
0
0
0
0
0
0
0
0
0
0
0
0
0
0
0
0
0
0
0
0
0
0
0
0
0
0
0
0
0
0
0
0
0
0
0
0
0
0
0
0
0
0
0
0
0
0
0
0
0
0
0
0
0
0
0
0
0
0
0
0
0
0
0
0
0
0
0
0
0
0
0
0
0
0
0
0
0
0
0
0
0
0
0
0
0
0
0
0
0
0
0
0
0
0
0
0
0
0
0
0
0
0
0
0
0
0
0
0
0
0
0
0
0
0
0
0
0
0
0
0
0
0
0
0
0
0
0
0
0
0
0
0
0
0
0
0
0
0
0
0
0
0
0
0
0
0
0
0
0
0
0
0
0
0
0
0
0
0
0
0
0
0
0
0
0
0
0
0
0
0
0
0
0
0
0
0
0
0
0
0
0
0
0
0
0
0
0
0
0
0
0
0
0
0
0
0
0
0
0
0
0
0
0
0
0
0
0
0
0
0
0
0
0
0
0
0
0
0
0
0
0
0
0
0
0
0
0
0
0
0
0
0
0
0
0
0
0
0
0
0
0
0
0
0
0
0
0
0
0
0
0
0
0
0
0
0
0
0
0
0
0
0
0
0
0
0
0
0
0
0
0
0
0
0
0
0
0
0
0
0
0
0
0
0
0
0
0
0
0
0
0
0
0
0
0
0
0
0
0
0
0
0
0
0
0
0
0
0
0
0
0
0
0
0
0
0
0
0
0
0
0
0
0
0
0
0
0
0
0
0
0
0
0
0
0
0
0
0
0
0
0
0
0
0
0
0
0
0
0
0
0
0
0
0
0
0
0
0
0
0
0
0
0
0
0
0
0
0
0
0
0
0
0
0
0
0
0
0
0
0
0
0
0
0
0
0
0
0
0
0
0
0
0
0
0
0
0
0
0
0
0
0
0
0
0
0
0
0
0
0
0
0
0
0
0
0
0
0
0
0
0
0
0
0
0
0
0
0
0
0
0
0
0
0
0
0
0
0
0
0
0
0
0
0
0
0
0
0
0
0
0
0
0
0
0
0
0
0
0
0
0
0
0
0
0
0
0
0
0
0
0
0
0
0
0
0
0
0
0
0
0
0
0
0
0
0
0
0
0
0
0
0
0
0
0
0
0
0
0
0
0
0
0
0
0
0
0
0
0
0
0
0
0
0
0
0
0
0
0
0
0
0
0
0
0
0
0
0
0
0
0
0
0
0
0
0
0
0
0
0
0
0
0
0
0
0
0
0
0
0
0
0
0
0
0
0
0
0
0
0
0
0
0
0
0
0
0
0
0
0
0
0
0
0
0
0
0
0
0
0
0
0
0
0
0
0
0
0
0
0
0
0
0
0
0
0
0
0
0
0
0
0
0
0
0
0
0
0
0
0
0
0
0
0
0
0
0
0
0
0
0
0
0
0
0
0
0
0
0
0
0
0
0
0
0
0
0
0
0
0
0
0
0
0
0
0
0
0
0
0
0
0
0
0
0
0
0
0
0
0
0
0
0
0
0
0
0
0
0
0
0
0
0
0
0
0
0
0
0
0
0
0
0
0
0
0
0
0
0
0
0
0
0
0
0
0
0
0
0
0
0
0
0
0
0
0
0
0
0
0
0
0
0
0
0
0
0
0
0
0
0
0
0
0
0
0
0
0
0
0
0
0
0
0
0
0
0
0
0
0
0
0
0
0
0
0
0
0
0
0
0
0
0
0
0
0
0
0
0
0
0
0
0
0
0
0
0
0
0
0
0
0
0
0
0
0
0
0
0
0
0
0
0
0
0
0
0
0
0
0
0
0
0
0
0
0
0
0
0
0
0
0
0
0
0
0
0
0
0
0
0
0
0
0
0
0
0
0
0
0
0
0
0
0
0
0
0
0
0
0
0
0
0
0
0
0
0
0
0
0
0
0
0
0
0
0
0
0
0
0
0
0
0
0
0
0
0
0
0
0
0
0
0
0
0
0
0
0
0
0
0
0
0
0
0
0
0
0
0
0
0
0
0
0
0
0
0
0
0
0
0
0
0
0
0
0
0
0
0
0
0
0
0
0
0
0
0
0
0
0
0
0
0
0
0
0
0
0
0
0
0
0
0
0
0
0
0
0
0
0
0
0
0
0
0
0
0
0
0
0
0
0
0
0
0
0
0
0
0
0
0
0
0
0
0
0
0
0
0
0
0
0
0
0
0
0
0
0
0
0
0
0
0
0
0
0
0
0
0
0
0
0
0
0
0
0
0
0
0
0
0
0
0
0
0
0
0
0
0
0
0
0
0
0
0
0
0
0
0
0
0
0
0
0
0
0
0
0
0
0
0
0
0
0
0
0
0
0
0
0
0
0
0
0
0
0
0
0
0
0
0
0
0
0
0
0
0
0
0
0
0
0
0
0
0
0
0
0
0
0
0
0
0
0
0
0
0
0
0
0
0
0
0
0
0
0
0
0
0
0
0
0
0
0
0
0
0
0
0
0
0
0
0
0
0
0
0
0
0
0
0
0
0
0
0
0
0
0
0
0
0
0
0
0
0
0
0
0
0
0
0
0
0
0
0
0
0
0
0
0
0
0
0
0
0
0
0
0
0
0
0
0
0
0
0
0
0
0
0
0
0
0
0
0
0
0
0
0
0
0
0
0
0
0
0
0
0
0
0
0
0
0
0
0
0
0
0
0
0
0
0
0
0
0
0
0
0
0
0
0
0
0
0
0
0
0
0
0
0
0
0
0
0
0
0
0
0
0
0
0
0
0
0
0
0
0
0
0
0
0
0
0
0
0
0
0
0
0
0
0
0
0
0
0
0
0
0
0
0
0
0
0
0
0
0
0
0
0
0
0
0
0
0
0
0
0
0
0
0
0
0
0
0
0
0
0
0
0
0
0
0
0
0
0
0
0
0
0
0
0
0
0
0
0
0
0
0
0
0
0
0
0
0
0
0
0
0
0
0
0
0
0
0
0
0
0
0
0
0
0
0
0
0
0
0
0
0
0
0
0
0
0
0
0
0
0
0
0
0
0
0
0
0
0
0
0
0
0
0
0
0
0
0
0
0
0
0
0
0
0
0
0
0
0
0
0
0
0
0
0
0
0
0
0
0
0
0
0
0
0
0
0
0
0
0
0
0
0
0
0
0
0
0
0
0
0
0
0
0
0
0
0
0
0
0
0
0
0
0
0
0
0
0
0
0
0
0
0
0
0
0
0
0
0
0
0
0
0
0
0
0
0
0
0
0
0
0
0
0
0
0
0
0
0
0
0
0
0
0
0
0
0
0
0
0
0
0
0
0
0
0
0
0
0
0
0
0
0
0
0
0
0
0
0
0
0
0
0
0
0
0
0
0
0
0
0
0
0
0
0
0
0
0
0
0
0
0
0
0
0
0
0
0
0
0
0
0
0
0
0
0
0
0
0
0
0
0
0
0
0
0
0
0
0
0
0
0
0
0
0
0
0
0
0
0
0
0
0
0
0
0
0
0
0
0
0
0
0
0
0
0
0
0
0
0
0
0
0
0
0
0
0
0
0
0
0
0
0
0
0
0
0
0
0
0
0
0
0
0
0
0
0
0
0
0
0
0
0
0
0
0
0
0
0
0
0
0
0
0
0
0
0
0
0
0
0
0
0
0
0
0
0
0
0
0
0
0
0
0
0
0
0
0
0
0
0
0
0
0
0
0
0
0
0
0
0
0
0
0
0
0
0
0
0
0
0
0
0
0
0
0
0
0
0
0
0
0
0
0
0
0
0
0
0
0
0
0
0
0
0
0
0
0
0
0
0
0
0
0
0
0
0
0
0
0
0
0
0
0
0
0
0
0
0
0
0
0
0
0
0
0
0
0
0
0
0
0
0
0
0
0
0
0
0
0
0
0
0
0
0
0
0
0
0
0
0
0
0
0
0
0
0
0
0
0
0
0
0
0
0
0
0
0
0
0
0
0
0
0
0
0
0
0
0
0
0
0
0
0
0
0
0
0
0
0
0
0
0
0
0
0
0
0
0
0
0
0
0
0
0
0
0
0
0
0
0
0
0
0
0
0
0
0
0
0
0
0
0
0
0
0
0
0
0
0
0
0
0
0
0
0
0
0
0
0
0
0
0
0
0
0
0
0
0
0
0
0
0
0
0
0
0
0
0
0
0
0
0
0
0
0
0
0
0
0
0
0
0
0
0
0
0
0
0
0
0
0
0
0
0
0
0
0
0
0
0
0
0
0
0
0
0
0
0
0
0
0
0
0
0
0
0
0
0
0
0
0
0
0
0
0
0
0
0
0
0
0
0
0
0
0
0
0
0
0
0
0
0
0
0
0
0
0
0
0
0
0
0
0
0
0
0
0
0
0
0
0
0
0
0
0
0
0
0
0
0
0
0
0
0
0
0
0
0
0
0
0
0
0
0
0
0
0
0
0
0
0
0
0
0
0
0
0
0
0
0
0
0
0
0
0
0
0
0
0
0
0
0
0
0
0
0
0
0
0
0
0
0
0
0
0
0
0
0
0
0
0
0
0
0
0
0
0
0
0
0
0
0
0
0
0
0
0
0
0
0
0
0
0
0
0
0
0
0
0
0
0
0
0
0
0
0
0
0
0
0
0
0
0
0
0
0
0
0
0
0
0
0
0
0
0
0
0
0
0
0
0
0
0
0
0
0
0
0
0
0
0
0
0
0
0
0
0
0
0
0
0
0
0
0
0
0
0
0
0
0
0
0
0
0
0
0
0
0
0
0
0
0
0
0
0
0
0
0
0
0
0
0
0
0
0
0
0
0
0
0
0
0
0
0
0
0
0
0
0
0
0
0
0
0
0
0
0
0
0
0
0
0
0
0
0
0
0
0
0
0
0
0
0
0
0
0
0
0
0
0
0
0
0
0
0
0
0
0
0
0
0
0
0
0
0
0
0
0
0
0
0
0
0
0
0
0
0
0
0
0
0
0
0
0
0
0
0
0
0
0
0
0
0
0
0
0
0
0
0
0
0
0
0
0
0
0
0
0
0
0
0
0
0
0
0
0
0
0
0
0
0
0
0
0
0
0
0
0
0
0
0
0
0
0
0
0
0
0
0
0
0
0
0
0
0
0
0
0
0
0
0
0
0
0
0
0
0
0
0
0
0
0
0
0
0
0
0
0
0
0
0
0
0
0
0
0
0
0
0
0
0
0
0
0
0
0
0
0
0
0
0
0
0
0
0
0
0
0
0
0
0
0
0
0
0
0
0
0
0
0
0
0
0
0
0
0
0
0
0
0
0
0
0
0
0
0
0
0
0
0
0
0
0
0
0
0
0
0
0
0
0
0
0
0
0
0
0
0
0
0
0
0
0
0
0
0
0
0
0
0
0
0
0
0
0
0
0
0
0
0
0
0
0
0
0
0
0
0
0
0
0
0
0
0
0
0
0
0
0
0
0
0
0
0
0
0
0
0
0
0
0
0
0
0
0
0
0
0
0
0
0
0
0
0
0
0
0
0
0
0
0
0
0
0
0
0
0
0
0
0
0
0
0
0
0
0
0
0
0
0
0
0
0
0
0
0
0
0
0
0
0
0
0
0
0
0
0
0
0
0
0
0
0
0
0
0
0
0
0
0
0
0
0
0
0
0
0
0
0
0
0
0
0
0
0
0
0
0
0
0
0
0
0
0
0
0
0
0
0
0
0
0
0
0
0
0
0
0
0
0
0
0
0
0
0
0
0
0
0
0
0
0
0
0
0
0
0
0
0
0
0
0
0
0
0
0
0
0
0
0
0
0
0
0
0
0
0
0
0
0
0
0
0
0
0
0
0
0
0
0
0
0
0
0
0
0
0
0
0
0
0
0
0
0
0
0
0
0
0
0
0
0
0
0
0
0
0
0
0
0
0
0
0
0
0
0
0
0
0
0
0
0
0
0
0
0
0
0
0
0
0
0
0
0
0
0
0
0
0
0
0
0
0
0
0
0
0
0
0
0
0
0
0
0
0
0
0
0
0
0
0
0
0
0
0
0
0
0
0
0
0
0
0
0
0
0
0
0
0
0
0
0
0
0
0
0
0
0
0
0
0
0
0
0
0
0
0
0
0
0
0
0
0
0
0
0
0
0
0
0
0
0
0
0
0
0
0
0
0
0
0
0
0
0
0
0
0
0
0
0
0
0
0
0
0
0
0
0
0
0
0
0
0
0
0
0
0
0
0
0
0
0
0
0
0
0
0
0
0
0
0
0
0
0
0
0
0
0
0
0
0
0
0
0
0
0
0
0
0
0
0
0
0
0
0
0
0
0
0
0
0
0
0
0
0
0
0
0
0
0
0
0
0
0
0
0
0
0
0
0
0
0
0
0
0
0
0
0
0
0
0
0
0
0
0
0
0
0
0
0
0
0
0
0
0
0
0
0
0
0
0
0
0
0
0
0
0
0
0
0
0
0
0
0
0
0
0
0
0
0
0
0
0
0
0
0
0
0
0
0
0
0
0
0
0
0
0
0
0
0
0
0
0
0
0
0
0
0
0
0
0
0
0
0
0
0
0
0
0
0
0
0
0
0
0
0
0
0
0
0
0
0
0
0
0
0
0
0
0
0
0
0
0
0
0
0
0
0
0
0
0
0
0
0
0
0
0
0
0
0
0
0
0
0
0
0
0
0
0
0
0
0
0
0
0
0
0
0
0
0
0
0
0
0
0
0
0
0
0
0
0
0
0
0
0
0
0
0
0
0
0
0
0
0
0
0
0
0
0
0
0
0
0
0
0
0
0
0
0
0
0
0
0
0
0
0
0
0
0
0
0
0
0
0
0
0
0
0
0
0
0
0
0
0
0
0
0
0
0
0
0
0
0
0
0
0
0
0
0
0
0
0
0
0
0
0
0
0
0
0
0
0
0
0
0
0
0
0
0
0
0
0
0
0
0
0
0
0
0
0
0
0
0
0
0
0
0
0
0
0
0
0
0
0
0
0
0
0
0
0
0
0
0
0
0
0
0
0
0
0
0
0
0
0
0
0
0
0
0
0
0
0
0
0
0
0
0
0
0
0
0
0
0
0
0
0
0
0
0
0
0
0
0
0
0
0
0
0
0
0
0
0
0
0
0
0
0
0
0
0
0
0
0
0
0
0
0
0
0
0
0
0
0
0
0
0
0
0
0
0
0
0
0
0
0
0
0
0
0
0
0
0
0
0
0
0
0
0
0
0
0
0
0
0
0
0
0
0
0
0
0
0
0
0
0
0
0
0
0
0
0
0
0
0
0
0
0
0
0
0
0
0
0
0
0
0
0
0
0
0
0
0
0
0
0
0
0
0
0
0
0
0
0
0
0
0
0
0
0
0
0
0
0
0
0
0
0
0
0
0
0
0
0
0
0
0
0
0
0
0
0
0
0
0
0
0
0
0
0
0
0
0
0
0
0
0
0
0
0
0
0
0
0
0
0
0
0
0
0
0
0
0
0
0
0
0
0
0
0
0
0
0
0
0
0
0
0
0
0
0
0
0
0
0
0
0
0
0
0
0
0
0
0
0
0
0
0
0
0
0
0
0
0
0
0
0
0
0
0
0
0
0
0
0
0
0
0
0
0
0
0
0
0
0
0
0
0
0
0
0
0
0
0
0
0
0
0
0
0
0
0
0
0
0
0
0
0
0
0
0
0
0
0
0
0
0
0
0
0
0
0
0
0
0
0
0
0
0
0
0
0
0
0
0
0
0
0
0
0
0
0
0
0
0
0
0
0
0
0
0
0
0
0
0
0
0
0
0
0
0
0
0
0
0
0
0
0
0
0
0
0
0
0
0
0
0
0
0
0
0
0
0
0
0
0
0
0
0
0
0
0
0
0
0
0
0
0
0
0
0
0
0
0
0
0
0
0
0
0
0
0
0
0
0
0
0
0
0
0
0
0
0
0
0
0
0
0
0
0
0
0
0
0
0
0
0
0
0
0
0
0
0
0
0
0
0
0
0
0
0
0
0
0
0
0
0
0
0
0
0
0
0
0
0
0
0
0
0
0
0
0
0
0
0
0
0
0
0
0
0
0
0
0
0
0
0
0
0
0
0
0
0
0
0
0
0
0
0
0
0
0
0
0
0
0
0
0
0
0
0
0
0
0
0
0
0
0
0
0
0
0
0
0
0
0
0
0
0
0
0
0
0
0
0
0
0
0
0
0
0
0
0
0
0
0
0
0
0
0
0
0
0
0
0
0
0
0
0
0
0
0
0
0
0
0
0
0
0
0
0
0
0
0
0
0
0
0
0
0
0
0
0
0
0
0
0
0
0
0
0
0
0
0
0
0
0
0
0
0
0
0
0
0
0
0
0
0
0
0
0
0
0
0
0
0
0
0
0
0
0
0
0
0
0
0
0
0
0
0
0
0
0
0
0
0
0
0
0
0
0
0
0
0
0
0
0
0
0
0
0
0
0
0
0
0
0
0
0
0
0
0
0
0
0
0
0
0
0
0
0
0
0
0
0
0
0
0
0
0
0
0
0
0
0
0
0
0
0
0
0
0
0
0
0
0
0
0
0
0
0
0
0
0
0
0
0
0
0
0
0
0
0
0
0
0
0
0
0
0
0
0
0
0
0
0
0
0
0
0
0
0
0
0
0
0
0
0
0
0
0
0
0
0
0
0
0
0
0
0
0
0
0
0
0
0
0
0
0
0
0
0
0
0
0
0
0
0
0
0
0
0
0
0
0
0
0
0
0
0
0
0
0
0
0
0
0
0
0
0
0
0
0
0
0
0
0
0
0
0
0
0
0
0
0
0
0
0
0
0
0
0
0
0
0
0
0
0
0
0
0
0
0
0
0
0
0
0
0
0
0
0
0
0
0
0
0
0
0
0
0
0
0
0
0
0
0
0
0
0
0
0
0
0
0
0
0
0
0
0
0
0
0
0
0
0
0
0
0
0
0
0
0
0
0
0
0
0
0
0
0
0
0
0
0
0
0
0
0
0
0
0
0
0
0
0
0
0
0
0
0
0
0
0
0
0
0
0
0
0
0
0
0
0
0
0
0
0
0
0
0
0
0
0
0
0
0
0
0
0
0
0
0
0
0
0
0
0
0
0
0
0
0
0
0
0
0
0
0
0
0
0
0
0
0
0
0
0
0
0
0
0
0
0
0
0
0
0
0
0
0
0
0
0
0
0
0
0
0
0
0
0
0
0
0
0
0
0
0
0
0
0
0
0
0
0
0
0
0
0
0
0
0
0
0
0
0
0
0
0
0
0
0
0
0
0
0
0
0
0
0
0
0
0
0
0
0
0
0
0
0
0
0
0
0
0
0
0
0
0
0
0
0
0
0
0
0
0
0
0
0
0
0
0
0
0
0
0
0
0
0
0
0
0
0
0
0
0
0
0
0
0
0
0
0
0
0
0
0
0
0
0
0
0
0
0
0
0
0
0
0
0
0
0
0
0
0
0
0
0
0
0
0
0
0
0
0
0
0
0
0
0
0
0
0
0
0
0
0
0
0
0
0
0
0
0
0
0
0
0
0
0
0
0
0
0
0
0
0
0
0
0
0
0
0
0
0
0
0
0
0
0
0
0
0
0
0
0
0
0
0
0
0
0
0
0
0
0
0
0
0
0
0
0
0
0
0
0
0
0
0
0
0
0
0
0
0
0
0
0
0
0
0
0
0
0
0
0
0
0
0
0
0
0
0
0
0
0
0
0
0
0
0
0
0
0
0
0
0
0
0
0
0
0
0
0
0
0
0
0
0
0
0
0
0
0
0
0
0
0
0
0
0
0
0
0
0
0
0
0
0
0
0
0
0
0
0
0
0
0
0
0
0
0
0
0
0
0
0
0
0
0
0
0
0
0
0
0
0
0
0
0
0
0
0
0
0
0
0
0
0
0
0
0
0
0
0
0
0
0
0
0
0
0
0
0
0
0
0
0
0
0
0
0
0
0
0
0
0
0
0
0
0
0
0
0
0
0
0
0
0
0
0
0
0
0
0
0
0
0
0
0
0
0
0
0
0
0
0
0
0
0
0
0
0
0
0
0
0
0
0
0
0
0
0
0
0
0
0
0
0
0
0
0
0
0
0
0
0
0
0
0
0
0
0
0
0
0
0
0
0
0
0
0
0
0
0
0
0
0
0
0
0
0
0
0
0
0
0
0
0
0
0
0
0
0
0
0
0
0
0
0
0
0
0
0
0
0
0
0
0
0
0
0
0
0
0
0
0
0
0
0
0
0
0
0
0
0
0
0
0
0
0
0
0
0
0
0
0
0
0
0
0
0
0
0
0
0
0
0
0
0
0
0
0
0
0
0
0
0
0
0
0
0
0
0
0
0
0
0
0
0
0
0
0
0
0
0
0
0
0
0
0
0
0
0
0
0
0
0
0
0
0
0
0
0
0
0
0
0
0
0
0
0
0
0
0
0
0
0
0
0
0
0
0
0
0
0
0
0
0
0
0
0
0
0
0
0
0
0
0
0
0
0
0
0
0
0
0
0
0
0
0
0
0
0
0
0
0
0
0
0
0
0
0
0
0
0
0
0
0
0
0
0
0
0
0
0
0
0
0
0
0
0
0
0
0
0
0
0
0
0
0
0
0
0
0
0
0
0
0
0
0
0
0
0
0
0
0
0
0
0
0
0
0
0
0
0
0
0
0
0
0
0
0
0
0
0
0
0
0
0
0
0
0
0
0
0
0
0
0
0
0
0
0
0
0
0
0
0
0
0
0
0
0
0
0
0
0
0
0
0
0
0
0
0
0
0
0
0
0
0
0
0
0
0
0
0
0
0
0
0
0
0
0
0
0
0
0
0
0
0
0
0
0
0
0
0
0
0
0
0
0
0
0
0
0
0
0
0
0
0
0
0
0
0
0
0
0
0
0
0
0
0
0
0
0
0
0
0
0
0
0
0
0
0
0
0
0
0
0
0
0
0
0
0
0
0
0
0
0
0
0
0
0
0
0
0
0
0
0
0
0
0
0
0
0
0
0
0
0
0
0
0
0
0
0
0
0
0
0
0
0
0
0
0
0
0
0
0
0
0
0
0
0
0
0
0
0
0
0
0
0
0
0
0
0
0
0
0
0
0
0
0
0
0
0
0
0
0
0
0
0
0
0
0
0
0
0
0
0
0
0
0
0
0
0
0
0
0
0
0
0
0
0
0
0
0
0
0
0
0
0
0
0
0
0
0
0
0
0
0
0
0
0
0
0
0
0
0
0
0
0
0
0
0
0
0
0
0
0
0
0
0
0
0
0
0
0
0
0
0
0
0
0
0
0
0
0
0
0
0
0
0
0
0
0
0
0
0
0
0
0
0
0
0
0
0
0
0
0
0
0
0
0
0
0
0
0
0
0
0
0
0
0
0
0
0
0
0
0
0
0
0
0
0
0
0
0
0
0
0
0
0
0
0
0
0
0
0
0
0
0
0
0
0
0
0
0
0
0
0
0
0
0
0
0
0
0
0
0
0
0
0
0
0
0
0
0
0
0
0
0
0
0
0
0
0
0
0
0
0
0
0
0
0
0
0
0
0
0
0
0
0
0
0
0
0
0
0
0
0
0
0
0
0
0
0
0
0
0
0
0
0
0
0
0
0
0
0
0
0
0
0
0
0
0
0
0
0
0
0
0
0
0
0
0
0
0
0
0
0
0
0
0
0
0
0
0
0
0
0
0
0
0
0
0
0
0
0
0
0
0
0
0
0
0
0
0
0
0
0
0
0
0
0
0
0
0
0
0
0
0
0
0
0
0
0
0
0
0
0
0
0
0
0
0
0
0
0
0
0
0
0
0
0
0
0
0
0
0
0
0
0
0
0
0
0
0
0
0
0
0
0
0
0
0
0
0
0
0
0
0
0
0
0
0
0
0
0
0
0
0
0
0
0
0
0
0
0
0
0
0
0
0
0
0
0
0
0
0
0
0
0
0
0
0
0
0
0
0
0
0
0
0
0
0
0
0
0
0
0
0
0
0
0
0
0
0
0
0
0
0
0
0
0
0
0
0
0
0
0
0
0
0
0
0
0
0
0
0
0
0
0
0
0
0
0
0
0
0
0
0
0
0
0
0
0
0
0
0
0
0
0
0
0
0
0
0
0
0
0
0
0
0
0
0
0
0
0
0
0
0
0
0
0
0
0
0
0
0
0
0
0
0
0
0
0
0
0
0
0
0
0
0
0
0
0
0
0
0
0
0
0
0
0
0
0
0
0
0
0
0
0
0
0
0
0
0
0
0
0
0
0
0
0
0
0
0
0
0
0
0
0
0
0
0
0
0
0
0
0
0
0
0
0
0
0
0
0
0
0
0
0
0
0
0
0
0
0
0
0
0
0
0
0
0
0
0
0
0
0
0
0
0
0
0
0
0
0
0
0
0
0
0
0
0
0
0
0
0
0
0
0
0
0
0
0
0
0
0
0
0
0
0
0
0
0
0
0
0
0
0
0
0
0
0
0
0
0
0
0
0
0
0
0
0
0
0
0
0
0
0
0
0
0
0
0
0
0
0
0
0
0
0
0
0
0
0
0
0
0
0
0
0
0
0
0
0
0
0
0
0
0
0
0
0
0
0
0
0
0
0
0
0
0
0
0
0
0
0
0
0
0
0
0
0
0
0
0
0
0
0
0
0
0
0
0
0
0
0
0
0
0
0
0
0
0
0
0
0
0
0
0
0
0
0
0
0
0
0
0
0
0
0
0
0
0
0
0
0
0
0
0
0
0
0
0
0
0
0
0
0
0
0
0
0
0
0
0
0
0
0
0
0
0
0
0
0
0
0
0
0
0
0
0
0
0
0
0
0
0
0
0
0
0
0
0
0
0
0
0
0
0
0
0
0
0
0
0
0
0
0
0
0
0
0
0
0
0
0
0
0
0
0
0
0
0
0
0
0
0
0
0
0
0
0
0
0
0
0
0
0
0
0
0
0
0
0
0
0
0
0
0
0
0
0
0
0
0
0
0
0
0
0
0
0
0
0
0
0
0
0
0
0
0
0
0
0
0
0
0
0
0
0
0
0
0
0
0
0
0
0
0
0
0
0
0
0
0
0
0
0
0
0
0
0
0
0
0
0
0
0
0
0
0
0
0
0
0
0
0
0
0
0
0
0
0
0
0
0
0
0
0
0
0
0
0
0
0
0
0
0
0
0
0
0
0
0
0
0
0
0
0
0
0
0
0
0
0
0
0
0
0
0
0
0
0
0
0
0
0
0
0
0
0
0
0
0
0
0
0
0
0
0
0
0
0
0
0
0
0
0
0
0
0
0
0
0
0
0
0
0
0
0
0
0
0
0
0
0
0
0
0
0
0
0
0
0
0
0
0
0
0
0
0
0
0
0
0
0
0
0
0
0
0
0
0
0
0
0
0
0
0
0
0
0
0
0
0
0
0
0
0
0
0
0
0
0
0
0
0
0
0
0
0
0
0
0
0
0
0
0
0
0
0
0
0
0
0
0
0
0
0
0
0
0
0
0
0
0
0
0
0
0
0
0
0
0
0
0
0
0
0
0
0
0
0
0
0
0
0
0
0
0
0
0
0
0
0
0
0
0
0
0
0
0
0
0
0
0
0
0
0
0
0
0
0
0
0
0
0
0
0
0
0
0
0
0
0
0
0
0
0
0
0
0
0
0
0
0
0
0
0
0
0
0
0
0
0
0
0
0
0
0
0
0
0
0
0
0
0
0
0
0
0
0
0
0
0
0
0
0
0
0
0
0
0
0
0
0
0
0
0
0
0
0
0
0
0
0
0
0
0
0
0
0
0
0
0
0
0
0
0
0
0
0
0
0
0
0
0
0
0
0
0
0
0
0
0
0
0
0
0
0
0
0
0
0
0
0
0
0
0
0
0
0
0
0
0
0
0
0
0
0
0
0
0
0
0
0
0
0
0
0
0
0
0
0
0
0
0
0
0
0
0
0
0
0
0
0
0
0
0
0
0
0
0
0
0
0
0
0
0
0
0
0
0
0
0
0
0
0
0
0
0
0
0
0
0
0
0
0
0
0
0
0
0
0
0
0
0
0
0
0
0
0
0
0
0
0
0
0
0
0
0
0
0
0
0
0
0
0
0
0
0
0
0
0
0
0
0
0
0
0
0
0
0
0
0
0
0
0
0
0
0
0
0
0
0
0
0
0
0
0
0
0
0
0
0
0
0
0
0
0
0
0
0
0
0
0
0
0
0
0
0
0
0
0
0
0
0
0
0
0
0
0
0
0
0
0
0
0
0
0
0
0
0
0
0
0
0
0
0
0
0
0
0
0
0
0
0
0
0
0
0
0
0
0
0
0
0
0
0
0
0
0
0
0
0
0
0
0
0
0
0
0
0
0
0
0
0
0
0
0
0
0
0
0
0
0
0
0
0
0
0
0
0
0
0
0
0
0
0
0
0
0
0
0
0
0
0
0
0
0
0
0
0
0
0
0
0
0
0
0
0
0
0
0
0
0
0
0
0
0
0
0
0
0
0
0
0
0
0
0
0
0
0
0
0
0
0
0
0
0
0
0
0
0
0
0
0
0
0
0
0
0
0
0
0
0
0
0
0
0
0
0
0
0
0
0
0
0
0
0
0
0
0
0
0
0
0
0
0
0
0
0
0
0
0
0
0
0
0
0
0
0
0
0
0
0
0
0
0
0
0
0
0
0
0
0
0
0
0
0
0
0
0
0
0
0
0
0
0
0
0
0
0
0
0
0
0
0
0
0
0
0
0
0
0
0
0
0
0
0
0
0
0
0
0
0
0
0
0
0
0
0
0
0
0
0
0
0
0
0
0
0
0
0
0
0
0
0
0
0
0
0
0
0
0
0
0
0
0
0
0
0
0
0
0
0
0
0
0
0
0
0
0
0
0
0
0
0
0
